NaN
NaN
NaN
NaN
NaN
NaN
NaN
NaN
NaN
NaN
NaN
NaN
NaN
NaN
NaN
NaN
NaN
NaN
NaN
NaN
NaN
NaN
NaN
NaN
NaN
NaN
53.0
3.0
NaN
NaN
15.0
3.0
0.0
0.0
0.0
0.0
0.0
94.0
41.0
0.0
0.0
5.0
0.0
0.0
0.0
0.0
0.0
0.0
0.0
0.0
0.0
13.0
64.0
0.0
0.0
28.0
10.0
0.0
0.0
0.0
23.0
0.0
0.0
18.0
66.0
0.0
3.0
0.0
0.0
145.0
0.0
0.0
25.0
127.0
140.0
0.0
0.0
0.0
0.0
51.0
56.0
97.0
84.0
0.0
0.0
0.0
51.0
0.0
0.0
0.0
0.0
0.0
25.0
18.0
0.0
13.0
76.0
0.0
0.0
0.0
76.0
0.0
0.0
0.0
0.0
51.0
0.0
25.0
0.0
0.0
0.0
292.0
0.0
0.0
0.0
0.0
0.0
41.0
152.0
0.0
3.0
0.0
0.0
76.0
13.0
0.0
0.0
0.0
0.0
0.0
0.0
0.0
13.0
13.0
0.0
0.0
13.0
140.0
NaN
NaN
0.0
0.0
351.0
0.0
0.0
0.0
51.0
0.0
0.0
0.0
0.0
224.0
0.0
0.0
64.0
0.0
0.0
0.0
0.0
51.0
0.0
0.0
13.0
13.0
38.0
0.0
0.0
0.0
0.0
25.0
132.0
0.0
13.0
0.0
0.0
71.0
0.0
0.0
13.0
0.0
0.0
0.0
0.0
0.0
13.0
0.0
0.0
254.0
122.0
0.0
0.0
81.0
18.0
0.0
0.0
38.0
163.0
183.0
0.0
0.0
13.0
18.0
0.0
0.0
0.0
0.0
0.0
0.0
66.0
0.0
0.0
0.0
0.0
0.0
254.0
0.0
0.0
0.0
0.0
107.0
86.0
0.0
20.0
0.0
0.0
0.0
0.0
0.0
0.0
0.0
0.0
0.0
0.0
0.0
0.0
0.0
0.0
0.0
0.0
188.0
20.0
0.0
13.0
58.0
20.0
46.0
15.0
0.0
0.0
0.0
0.0
0.0
46.0
0.0
66.0
30.0
122.0
0.0
0.0
0.0
0.0
28.0
0.0
0.0
145.0
0.0
0.0
56.0
239.0
13.0
0.0
0.0
0.0
0.0
0.0
0.0
51.0
38.0
25.0
0.0
8.0
0.0
0.0
0.0
18.0
0.0
48.0
0.0
0.0
0.0
0.0
0.0
71.0
0.0
0.0
0.0
0.0
0.0
0.0
0.0
0.0
58.0
0.0
46.0
8.0
0.0
25.0
0.0
0.0
71.0
0.0
0.0
0.0
269.0
84.0
0.0
0.0
0.0
0.0
76.0
0.0
0.0
0.0
0.0
0.0
0.0
0.0
0.0
23.0
0.0
3.0
0.0
0.0
99.0
371.0
0.0
170.0
0.0
64.0
0.0
3.0
10.0
0.0
0.0
107.0
0.0
0.0
130.0
0.0
36.0
28.0
0.0
0.0
135.0
0.0
79.0
0.0
0.0
0.0
0.0
53.0
0.0
0.0
437.0
28.0
3.0
30.0
91.0
0.0
0.0
30.0
0.0
0.0
30.0
30.0
234.0
41.0
0.0
5.0
3.0
0.0
0.0
0.0
0.0
0.0
0.0
0.0
0.0
0.0
0.0
81.0
0.0
0.0
0.0
0.0
0.0
0.0
191.0
279.0
30.0
0.0
0.0
0.0
0.0
0.0
0.0
0.0
0.0
0.0
0.0
0.0
0.0
0.0
147.0
38.0
10.0
0.0
0.0
0.0
25.0
0.0
0.0
28.0
48.0
79.0
0.0
0.0
0.0
0.0
51.0
0.0
25.0
13.0
0.0
145.0
0.0
0.0
0.0
0.0
152.0
0.0
0.0
38.0
64.0
0.0
0.0
0.0
25.0
127.0
13.0
0.0
13.0
25.0
249.0
25.0
25.0
25.0
25.0
0.0
152.0
0.0
13.0
0.0
0.0
0.0
0.0
0.0
0.0
0.0
0.0
0.0
114.0
0.0
0.0
0.0
0.0
0.0
51.0
51.0
0.0
0.0
18.0
13.0
0.0
0.0
0.0
0.0
0.0
0.0
0.0
0.0
0.0
0.0
0.0
0.0
0.0
0.0
18.0
25.0
0.0
0.0
51.0
13.0
76.0
0.0
0.0
0.0
0.0
0.0
51.0
51.0
0.0
0.0
25.0
13.0
0.0
76.0
0.0
51.0
0.0
25.0
13.0
0.0
13.0
51.0
127.0
0.0
76.0
0.0
0.0
81.0
51.0
0.0
25.0
0.0
0.0
102.0
76.0
0.0
51.0
0.0
152.0
102.0
0.0
0.0
0.0
0.0
0.0
0.0
0.0
0.0
0.0
0.0
0.0
0.0
0.0
0.0
0.0
0.0
0.0
127.0
10.0
23.0
0.0
183.0
0.0
0.0
0.0
0.0
0.0
0.0
0.0
0.0
0.0
0.0
0.0
0.0
0.0
38.0
0.0
13.0
0.0
0.0
66.0
20.0
0.0
0.0
0.0
0.0
0.0
0.0
0.0
8.0
0.0
0.0
0.0
0.0
0.0
0.0
28.0
0.0
97.0
0.0
13.0
142.0
0.0
51.0
0.0
0.0
0.0
0.0
0.0
0.0
0.0
0.0
0.0
0.0
0.0
8.0
229.0
122.0
0.0
0.0
8.0
0.0
0.0
0.0
0.0
0.0
0.0
23.0
0.0
0.0
0.0
0.0
0.0
0.0
0.0
46.0
0.0
0.0
114.0
0.0
0.0
0.0
0.0
0.0
0.0
0.0
0.0
0.0
0.0
53.0
0.0
0.0
0.0
0.0
0.0
0.0
0.0
0.0
0.0
0.0
0.0
122.0
0.0
0.0
0.0
0.0
0.0
0.0
0.0
48.0
23.0
86.0
33.0
0.0
0.0
180.0
0.0
0.0
99.0
0.0
18.0
0.0
0.0
0.0
NaN
NaN
0.0
0.0
0.0
0.0
0.0
0.0
5.0
0.0
0.0
76.0
0.0
0.0
0.0
0.0
0.0
15.0
0.0
0.0
0.0
0.0
241.0
25.0
0.0
0.0
8.0
0.0
0.0
0.0
0.0
46.0
0.0
0.0
0.0
28.0
0.0
0.0
0.0
91.0
0.0
0.0
33.0
0.0
0.0
0.0
0.0
48.0
20.0
193.0
0.0
0.0
0.0
0.0
0.0
0.0
56.0
269.0
25.0
28.0
0.0
0.0
147.0
0.0
0.0
0.0
122.0
71.0
8.0
0.0
0.0
127.0
61.0
0.0
0.0
20.0
8.0
0.0
0.0
0.0
0.0
0.0
0.0
0.0
13.0
0.0
15.0
0.0
0.0
8.0
0.0
0.0
0.0
89.0
0.0
0.0
71.0
0.0
0.0
0.0
18.0
0.0
0.0
0.0
0.0
25.0
0.0
28.0
0.0
0.0
0.0
0.0
0.0
0.0
0.0
0.0
0.0
51.0
13.0
0.0
0.0
0.0
0.0
0.0
0.0
0.0
5.0
5.0
0.0
0.0
0.0
0.0
25.0
25.0
0.0
13.0
13.0
20.0
18.0
0.0
0.0
0.0
20.0
8.0
25.0
10.0
25.0
0.0
0.0
0.0
43.0
0.0
0.0
0.0
0.0
0.0
13.0
0.0
0.0
0.0
13.0
0.0
0.0
13.0
76.0
0.0
0.0
0.0
76.0
0.0
0.0
152.0
13.0
0.0
0.0
0.0
102.0
25.0
0.0
51.0
0.0
0.0
0.0
89.0
0.0
0.0
0.0
0.0
0.0
25.0
36.0
0.0
0.0
0.0
0.0
18.0
0.0
64.0
0.0
25.0
51.0
127.0
76.0
0.0
0.0
0.0
0.0
0.0
0.0
0.0
51.0
0.0
0.0
0.0
0.0
0.0
0.0
0.0
0.0
0.0
0.0
0.0
0.0
152.0
0.0
0.0
0.0
0.0
5.0
38.0
0.0
0.0
0.0
0.0
0.0
0.0
0.0
15.0
0.0
5.0
351.0
43.0
0.0
0.0
0.0
0.0
20.0
0.0
15.0
0.0
0.0
0.0
249.0
28.0
102.0
0.0
0.0
13.0
0.0
43.0
0.0
0.0
0.0
0.0
81.0
0.0
89.0
0.0
122.0
0.0
56.0
30.0
0.0
15.0
0.0
0.0
0.0
0.0
0.0
0.0
0.0
254.0
36.0
0.0
0.0
69.0
13.0
0.0
10.0
8.0
10.0
0.0
0.0
0.0
0.0
38.0
0.0
0.0
0.0
0.0
38.0
0.0
0.0
0.0
0.0
0.0
51.0
0.0
0.0
0.0
163.0
0.0
0.0
229.0
0.0
0.0
76.0
51.0
28.0
0.0
0.0
0.0
8.0
0.0
28.0
0.0
15.0
196.0
0.0
84.0
64.0
0.0
0.0
0.0
0.0
0.0
102.0
51.0
0.0
20.0
13.0
0.0
0.0
0.0
0.0
0.0
0.0
0.0
0.0
0.0
0.0
0.0
0.0
0.0
0.0
0.0
0.0
0.0
81.0
0.0
104.0
0.0
0.0
254.0
0.0
0.0
0.0
0.0
0.0
114.0
241.0
0.0
81.0
41.0
0.0
178.0
0.0
89.0
51.0
43.0
0.0
0.0
0.0
0.0
0.0
0.0
0.0
0.0
13.0
5.0
3.0
0.0
0.0
0.0
0.0
46.0
0.0
33.0
0.0
0.0
0.0
0.0
0.0
0.0
0.0
0.0
0.0
0.0
10.0
0.0
61.0
0.0
0.0
0.0
51.0
0.0
0.0
0.0
0.0
0.0
0.0
0.0
0.0
0.0
0.0
0.0
0.0
0.0
3.0
0.0
0.0
89.0
0.0
0.0
30.0
15.0
0.0
0.0
0.0
0.0
46.0
8.0
0.0
0.0
0.0
0.0
15.0
3.0
23.0
0.0
0.0
0.0
51.0
0.0
124.0
5.0
0.0
0.0
0.0
0.0
86.0
0.0
0.0
0.0
25.0
127.0
0.0
51.0
13.0
0.0
25.0
13.0
13.0
0.0
0.0
0.0
0.0
13.0
5.0
13.0
0.0
64.0
0.0
0.0
13.0
5.0
30.0
0.0
0.0
0.0
0.0
0.0
38.0
13.0
0.0
13.0
33.0
0.0
0.0
13.0
76.0
0.0
0.0
102.0
0.0
0.0
25.0
25.0
13.0
0.0
0.0
51.0
0.0
0.0
0.0
0.0
25.0
0.0
0.0
0.0
0.0
0.0
259.0
0.0
0.0
25.0
0.0
0.0
38.0
51.0
13.0
0.0
0.0
0.0
0.0
0.0
0.0
0.0
0.0
0.0
51.0
0.0
0.0
0.0
51.0
0.0
0.0
51.0
0.0
0.0
0.0
0.0
0.0
0.0
25.0
3.0
3.0
147.0
0.0
0.0
13.0
0.0
0.0
0.0
0.0
0.0
25.0
0.0
0.0
0.0
0.0
56.0
0.0
0.0
0.0
0.0
0.0
0.0
0.0
13.0
0.0
0.0
0.0
0.0
0.0
0.0
0.0
0.0
0.0
0.0
0.0
122.0
0.0
0.0
0.0
213.0
5.0
0.0
0.0
0.0
0.0
13.0
0.0
0.0
0.0
0.0
25.0
0.0
0.0
0.0
0.0
0.0
0.0
0.0
13.0
41.0
0.0
117.0
0.0
25.0
0.0
0.0
0.0
0.0
0.0
0.0
0.0
0.0
0.0
23.0
89.0
0.0
0.0
48.0
84.0
28.0
0.0
0.0
0.0
0.0
28.0
0.0
0.0
28.0
0.0
0.0
107.0
0.0
0.0
0.0
0.0
0.0
76.0
0.0
0.0
0.0
0.0
81.0
0.0
0.0
0.0
0.0
140.0
0.0
38.0
89.0
0.0
0.0
0.0
89.0
5.0
0.0
0.0
0.0
211.0
127.0
28.0
0.0
0.0
310.0
102.0
13.0
0.0
25.0
5.0
86.0
3.0
3.0
3.0
0.0
0.0
0.0
0.0
0.0
36.0
0.0
0.0
0.0
0.0
0.0
0.0
0.0
127.0
0.0
0.0
0.0
0.0
0.0
0.0
249.0
0.0
0.0
0.0
0.0
0.0
0.0
0.0
0.0
0.0
0.0
0.0
0.0
0.0
0.0
0.0
0.0
0.0
13.0
0.0
0.0
0.0
0.0
0.0
0.0
0.0
0.0
66.0
0.0
0.0
0.0
0.0
0.0
0.0
0.0
0.0
196.0
0.0
20.0
0.0
0.0
0.0
0.0
0.0
94.0
0.0
25.0
0.0
0.0
264.0
0.0
0.0
0.0
145.0
193.0
10.0
81.0
13.0
10.0
0.0
0.0
0.0
0.0
0.0
0.0
0.0
28.0
0.0
0.0
0.0
0.0
0.0
0.0
0.0
0.0
0.0
0.0
0.0
0.0
0.0
0.0
28.0
13.0
0.0
0.0
0.0
36.0
356.0
165.0
0.0
0.0
0.0
0.0
8.0
0.0
0.0
0.0
127.0
76.0
0.0
0.0
0.0
0.0
127.0
0.0
0.0
0.0
0.0
46.0
97.0
0.0
43.0
0.0
81.0
30.0
0.0
0.0
0.0
0.0
0.0
51.0
0.0
0.0
127.0
76.0
15.0
25.0
0.0
0.0
0.0
0.0
25.0
127.0
0.0
0.0
13.0
13.0
0.0
13.0
5.0
0.0
0.0
0.0
76.0
66.0
102.0
5.0
0.0
0.0
0.0
0.0
104.0
0.0
8.0
0.0
76.0
76.0
0.0
0.0
0.0
0.0
0.0
0.0
0.0
0.0
0.0
0.0
0.0
0.0
0.0
0.0
0.0
25.0
13.0
0.0
0.0
0.0
25.0
76.0
0.0
0.0
127.0
51.0
79.0
51.0
102.0
13.0
0.0
0.0
0.0
13.0
25.0
0.0
0.0
25.0
25.0
25.0
0.0
0.0
25.0
0.0
13.0
25.0
102.0
25.0
51.0
0.0
0.0
25.0
0.0
102.0
203.0
0.0
0.0
102.0
178.0
51.0
25.0
13.0
0.0
0.0
0.0
38.0
3.0
0.0
0.0
0.0
0.0
0.0
38.0
114.0
51.0
0.0
0.0
0.0
0.0
0.0
0.0
0.0
0.0
0.0
0.0
0.0
0.0
0.0
0.0
102.0
0.0
0.0
0.0
0.0
0.0
114.0
0.0
0.0
0.0
0.0
0.0
0.0
0.0
0.0
0.0
0.0
0.0
13.0
0.0
33.0
53.0
122.0
0.0
0.0
5.0
0.0
0.0
38.0
122.0
0.0
3.0
0.0
84.0
0.0
0.0
0.0
0.0
0.0
0.0
18.0
28.0
0.0
0.0
0.0
0.0
5.0
0.0
5.0
0.0
0.0
0.0
20.0
0.0
0.0
15.0
0.0
0.0
66.0
0.0
0.0
51.0
66.0
0.0
0.0
0.0
0.0
0.0
0.0
25.0
0.0
74.0
0.0
0.0
203.0
0.0
0.0
0.0
0.0
0.0
0.0
94.0
0.0
0.0
0.0
10.0
152.0
0.0
0.0
0.0
132.0
15.0
13.0
0.0
0.0
0.0
183.0
0.0
0.0
107.0
0.0
0.0
0.0
91.0
0.0
81.0
117.0
0.0
0.0
267.0
206.0
0.0
0.0
0.0
0.0
0.0
0.0
69.0
0.0
213.0
30.0
0.0
0.0
0.0
0.0
64.0
0.0
0.0
5.0
13.0
13.0
102.0
0.0
0.0
0.0
0.0
18.0
0.0
0.0
0.0
58.0
33.0
10.0
107.0
0.0
0.0
376.0
0.0
0.0
0.0
0.0
0.0
102.0
122.0
0.0
0.0
0.0
5.0
0.0
188.0
5.0
0.0
185.0
23.0
0.0
10.0
0.0
0.0
0.0
0.0
155.0
58.0
0.0
0.0
142.0
0.0
0.0
165.0
38.0
0.0
0.0
0.0
0.0
107.0
3.0
0.0
0.0
81.0
0.0
0.0
0.0
0.0
0.0
71.0
0.0
0.0
0.0
0.0
0.0
0.0
10.0
0.0
0.0
0.0
0.0
86.0
203.0
41.0
8.0
0.0
41.0
51.0
0.0
0.0
0.0
0.0
0.0
0.0
0.0
3.0
0.0
0.0
38.0
91.0
18.0
0.0
0.0
71.0
0.0
3.0
0.0
61.0
5.0
0.0
0.0
0.0
0.0
53.0
8.0
30.0
28.0
0.0
216.0
25.0
13.0
38.0
13.0
38.0
23.0
25.0
13.0
0.0
13.0
0.0
0.0
0.0
0.0
0.0
25.0
13.0
13.0
51.0
25.0
76.0
25.0
0.0
51.0
13.0
0.0
0.0
25.0
76.0
0.0
0.0
0.0
0.0
76.0
20.0
30.0
102.0
0.0
0.0
0.0
0.0
0.0
51.0
0.0
38.0
0.0
25.0
64.0
89.0
0.0
0.0
38.0
0.0
137.0
0.0
0.0
25.0
0.0
0.0
0.0
0.0
25.0
0.0
0.0
0.0
0.0
13.0
0.0
13.0
0.0
89.0
0.0
76.0
127.0
0.0
13.0
0.0
76.0
0.0
25.0
0.0
13.0
0.0
0.0
0.0
25.0
51.0
0.0
0.0
25.0
13.0
38.0
25.0
0.0
13.0
0.0
25.0
216.0
25.0
0.0
0.0
0.0
0.0
127.0
0.0
0.0
10.0
0.0
0.0
0.0
0.0
0.0
76.0
0.0
0.0
0.0
0.0
0.0
0.0
0.0
0.0
0.0
0.0
8.0
15.0
48.0
8.0
0.0
0.0
48.0
15.0
0.0
0.0
0.0
0.0
0.0
0.0
0.0
0.0
0.0
0.0
0.0
0.0
0.0
0.0
0.0
25.0
48.0
0.0
0.0
104.0
5.0
0.0
0.0
0.0
0.0
0.0
0.0
0.0
0.0
0.0
0.0
3.0
61.0
0.0
112.0
0.0
0.0
0.0
5.0
0.0
0.0
0.0
15.0
0.0
51.0
8.0
0.0
0.0
0.0
0.0
0.0
0.0
15.0
64.0
0.0
0.0
23.0
25.0
53.0
0.0
0.0
0.0
0.0
0.0
102.0
5.0
0.0
119.0
0.0
3.0
0.0
0.0
28.0
28.0
0.0
0.0
0.0
0.0
0.0
61.0
0.0
0.0
0.0
495.0
0.0
0.0
0.0
71.0
89.0
0.0
0.0
13.0
0.0
69.0
0.0
0.0
0.0
0.0
0.0
0.0
221.0
0.0
0.0
0.0
0.0
0.0
0.0
0.0
0.0
0.0
0.0
0.0
0.0
0.0
0.0
0.0
0.0
79.0
8.0
0.0
0.0
0.0
445.0
130.0
10.0
0.0
0.0
0.0
56.0
112.0
61.0
0.0
0.0
0.0
10.0
0.0
178.0
0.0
0.0
18.0
71.0
0.0
0.0
0.0
0.0
112.0
315.0
0.0
0.0
0.0
0.0
140.0
0.0
0.0
99.0
0.0
0.0
0.0
0.0
0.0
0.0
0.0
0.0
0.0
104.0
3.0
48.0
0.0
0.0
0.0
0.0
0.0
0.0
13.0
191.0
33.0
0.0
8.0
0.0
46.0
38.0
81.0
84.0
0.0
0.0
43.0
18.0
0.0
0.0
0.0
0.0
8.0
25.0
0.0
0.0
0.0
41.0
13.0
297.0
18.0
25.0
0.0
0.0
0.0
0.0
104.0
28.0
0.0
43.0
99.0
23.0
0.0
0.0
0.0
0.0
0.0
28.0
0.0
58.0
33.0
0.0
76.0
5.0
0.0
0.0
0.0
13.0
0.0
13.0
58.0
0.0
5.0
107.0
51.0
0.0
38.0
13.0
13.0
0.0
0.0
0.0
114.0
257.0
0.0
25.0
0.0
25.0
102.0
0.0
0.0
122.0
0.0
0.0
0.0
0.0
0.0
0.0
0.0
0.0
0.0
13.0
0.0
18.0
152.0
127.0
25.0
0.0
0.0
28.0
20.0
0.0
0.0
0.0
51.0
0.0
0.0
0.0
0.0
0.0
0.0
0.0
76.0
0.0
0.0
76.0
13.0
64.0
25.0
0.0
0.0
0.0
13.0
0.0
0.0
0.0
0.0
0.0
25.0
