-14.1896551724
-8.69615384615
-8.92333333333
7.02857142857
16.7333333333
22.3392857143
NaN
NaN
NaN
NaN
-3.28333333333
NaN
NaN
NaN
NaN
NaN
NaN
21.3633333333
26.9214285714
23.89
NaN
NaN
NaN
NaN
-9.43793103448
-8.74642857143
-4.81935483871
5.20333333333
NaN
NaN
NaN
NaN
NaN
NaN
NaN
NaN
NaN
NaN
NaN
NaN
NaN
NaN
NaN
NaN
NaN
NaN
NaN
NaN
NaN
NaN
NaN
NaN
NaN
NaN
NaN
NaN
NaN
NaN
NaN
NaN
NaN
NaN
NaN
NaN
NaN
NaN
NaN
NaN
NaN
NaN
NaN
NaN
NaN
NaN
NaN
NaN
NaN
NaN
NaN
NaN
NaN
NaN
NaN
NaN
NaN
NaN
NaN
NaN
NaN
NaN
NaN
NaN
14.375862069
7.66451612903
-0.6
-11.6903225806
-4.78709677419
-5.18571428571
6.64193548387
7.72666666667
17.5258064516
22.5733333333
25.7967741935
26.3066666667
16.8433333333
12.7366666667
-7.46
-10.3290322581
-14.61
-5.82692307692
-6.06129032258
5.73
13.2935483871
24.2033333333
27.1483870968
20.1433333333
15.78
14.9451612903
2.85666666667
-1.03548387097
-7.75806451613
-11.1892857143
-5.45806451613
3.28666666667
17.0451612903
21.97
28.0387096774
21.45
18.0133333333
11.5709677419
2.74
-4.93
-7.80344827586
-4.43103448276
-2.36129032258
12.8333333333
20.6806451613
21.4185185185
25.3612903226
26.5967741935
22.4933333333
9.46451612903
1.40666666667
-6.88387096774
-14.2612903226
1.275
5.06774193548
17.3517241379
21.4258064516
23.0866666667
24.9214285714
21.3451612903
16.8266666667
13.3516129032
0.406896551724
-13.3516129032
-17.9580645161
-11.5892857143
0.0225806451613
10.43
19.1548387097
24.5533333333
25.4258064516
24.6935483871
19.2965517241
12.9870967742
-3.61666666667
-10.3483870968
-15.9612903226
-16.1321428571
-1.59677419355
3.06896551724
14.8533333333
NaN
26.65
24.6483870968
21.56
12.4666666667
0.683333333333
-0.687096774194
-11.1806451613
-7.50344827586
-2.98275862069
16.9166666667
23.3387096774
24.15
27.55
22.2666666667
18.7833333333
13.35
5.06666666667
-7.83870967742
-5.72413793103
-4.25925925926
7.43548387097
14.1724137931
20.6290322581
21.9827586207
26.15
27.8387096774
20.7931034483
8.57142857143
NaN
NaN
NaN
NaN
NaN
NaN
NaN
NaN
NaN
NaN
18.3103448276
11.7096774194
-1.05172413793
-5.01666666667
-5.24137931034
-3.75
-1.71666666667
NaN
15.8064516129
23.3166666667
26.3387096774
NaN
16.3666666667
12.9166666667
0.5
-16.4833333333
-5.93548387097
1.77777777778
-0.483870967742
14.8166666667
18.2580645161
23.5
28.5
28.7068965517
14.35
8.17741935484
NaN
-12.3548387097
-9.14516129032
-9.24074074074
1.95161290323
12.9333333333
20.5
19.9
27.1290322581
23.0
13.8214285714
11.564516129
-10.0666666667
-6.59677419355
-1.96774193548
-8.28846153846
6.3
11.0333333333
18.2857142857
NaN
NaN
NaN
NaN
NaN
-2.7
-2.0
-1.74193548387
-0.5
1.86666666667
16.8
21.2741935484
25.7833333333
24.2096774194
22.064516129
21.75
10.9838709677
7.06666666667
-1.38709677419
-9.36206896552
-5.55172413793
4.15517241379
NaN
23.65
30.4137931034
28.1129032258
25.2068965517
18.45
13.7142857143
0.706896551724
-6.18333333333
-6.83333333333
-12.3571428571
-3.46666666667
12.1666666667
19.85
23.1551724138
28.5967741935
26.1166666667
19.1206896552
12.0833333333
1.95
-7.55
-3.0
-4.68518518519
3.81666666667
11.125
17.6612903226
24.7068965517
24.8166666667
25.1129032258
23.0333333333
11.8275862069
0.827586206897
-9.91935483871
-9.93103448276
1.30434782609
1.75
12.72
18.2580645161
23.5535714286
25.9677419355
28.0806451613
19.0666666667
8.3064516129
-0.775862068966
-4.20967741935
-2.71666666667
-2.58928571429
6.79032258065
11.95
19.0666666667
22.5333333333
22.9838709677
23.3064516129
17.5666666667
11.5862068966
0.803571428571
-10.1666666667
-10.5483870968
-7.03703703704
3.32258064516
11.3333333333
19.3064516129
21.5666666667
21.9137931034
22.6612903226
16.8333333333
11.1129032258
-2.66666666667
-3.38333333333
-15.15
-14.75
2.87931034483
12.3928571429
19.2580645161
21.8035714286
25.6612903226
24.4838709677
22.7166666667
12.4838709677
2.38333333333
-4.40322580645
-9.24193548387
NaN
0.896551724138
7.84482758621
NaN
24.8275862069
25.4032258065
24.1774193548
19.4827586207
11.0967741935
-4.18333333333
-11.0483870968
-16.2096774194
-5.93103448276
-4.96774193548
7.33333333333
15.0483870968
23.3793103448
25.0967741935
27.564516129
17.0517241379
9.46774193548
-6.0
-12.7903225806
-13.5967741935
-5.45833333333
-2.59677419355
8.25862068966
17.8064516129
24.3166666667
26.064516129
26.4838709677
22.25
10.5
2.33333333333
1.33870967742
-11.2096774194
-0.75
-0.693548387097
15.5166666667
21.0161290323
20.3448275862
27.0483870968
29.6333333333
22.45
11.564516129
1.43333333333
-6.32258064516
-9.95161290323
-2.73214285714
1.06451612903
12.9
17.0483870968
21.55
23.8548387097
25.4516129032
17.9333333333
12.3709677419
7.06666666667
0.532258064516
-9.48387096774
-4.05172413793
6.29032258065
11.3833333333
18.4516129032
20.0333333333
26.064516129
NaN
19.4
13.0
-2.13333333333
-12.4677419355
-3.06451612903
-11.5357142857
1.62903225806
11.1333333333
20.8548387097
22.7833333333
26.6612903226
29.4677419355
22.2166666667
10.7387096774
5.98333333333
-4.70967741935
-7.14516129032
-0.732142857143
-6.04838709677
6.16666666667
16.7903225806
22.6666666667
27.5322580645
22.2258064516
19.0666666667
5.03225806452
1.88333333333
-2.72580645161
-8.61290322581
-9.42857142857
-1.08064516129
11.8166666667
18.9516129032
22.5666666667
27.7903225806
28.8870967742
18.5333333333
14.7580645161
-4.85
-3.62903225806
-12.6774193548
-4.79310344828
3.20967741935
12.9833333333
14.5096774194
20.0166666667
24.8709677419
21.2032258065
20.1433333333
10.6290322581
5.53333333333
-4.25806451613
-11.2903225806
-4.82142857143
0.333333333333
13.9166666667
16.8032258065
21.35
25.8225806452
24.1225806452
19.9
12.5
1.64333333333
-4.17741935484
-0.983870967742
NaN
-0.806451612903
16.0033333333
18.7903225806
22.6
27.3064516129
27.1612903226
18.8333333333
8.71428571429
0.137931034483
-3.38620689655
-5.09677419355
-11.34
4.05
10.7166666667
18.8833333333
23.2
29.9677419355
23.935483871
19.0535714286
12.3064516129
1.01666666667
NaN
-7.8275862069
-8.89655172414
0.725806451613
11.75
18.5967741935
21.1071428571
25.4444444444
26.0483870968
19.75
12.9137931034
2.67857142857
-11.8
-9.91935483871
-9.51851851852
-4.20967741935
8.76666666667
17.6451612903
22.4333333333
23.2096774194
23.5967741935
25.25
5.87096774194
7.95
-13.5666666667
NaN
-8.83928571429
3.0
14.4107142857
15.4032258065
22.25
24.7741935484
23.935483871
16.95
14.564516129
-0.983333333333
-9.48387096774
-9.03225806452
-8.07142857143
-4.90322580645
8.24137931034
16.9
21.5833333333
26.9333333333
27.1129032258
23.8166666667
13.9838709677
0.35
-0.793103448276
-3.14516129032
-1.34482758621
6.63793103448
11.1346153846
17.2413793103
23.224137931
27.2258064516
26.6129032258
22.4
7.8064516129
-1.12068965517
-10.0322580645
NaN
-4.03846153846
-6.03846153846
1.98333333333
19.8870967742
22.6
23.65
25.7741935484
22.1833333333
10.4193548387
-1.13333333333
-12.8870967742
-7.75
-14.0535714286
-4.32258064516
6.74137931034
18.4838709677
19.7068965517
25.0161290323
24.1774193548
19.3103448276
13.0483870968
-3.5
-4.08064516129
-5.46666666667
-9.85714285714
4.11666666667
12.6724137931
18.85
24.9107142857
26.3548387097
24.8709677419
19.6666666667
13.6129032258
3.13333333333
-3.14285714286
-5.61290322581
1.20689655172
5.82258064516
13.1
20.5333333333
24.3333333333
24.935483871
24.2903225806
19.5833333333
8.71666666667
8.21666666667
-8.71666666667
-6.32258064516
-3.64
2.3064516129
11.6333333333
20.6129032258
23.1833333333
28.8548387097
25.9516129032
20.8333333333
13.1071428571
