NaN
NaN
NaN
NaN
NaN
NaN
NaN
NaN
NaN
NaN
NaN
NaN
NaN
NaN
NaN
NaN
NaN
NaN
NaN
NaN
NaN
NaN
NaN
NaN
NaN
NaN
NaN
NaN
NaN
0.0
46.0
0.0
25.0
0.0
0.0
0.0
46.0
0.0
0.0
18.0
10.0
0.0
0.0
23.0
0.0
0.0
142.0
0.0
0.0
3.0
130.0
0.0
33.0
86.0
0.0
0.0
33.0
0.0
104.0
3.0
43.0
0.0
33.0
0.0
102.0
74.0
23.0
0.0
0.0
0.0
0.0
0.0
3.0
46.0
0.0
0.0
0.0
0.0
0.0
0.0
0.0
0.0
5.0
28.0
46.0
0.0
122.0
0.0
25.0
18.0
0.0
0.0
69.0
178.0
267.0
5.0
0.0
0.0
0.0
5.0
0.0
0.0
0.0
0.0
13.0
0.0
0.0
0.0
8.0
0.0
41.0
0.0
76.0
0.0
10.0
0.0
0.0
0.0
0.0
0.0
0.0
0.0
0.0
0.0
0.0
0.0
56.0
0.0
0.0
0.0
0.0
0.0
0.0
0.0
0.0
0.0
81.0
28.0
0.0
0.0
58.0
0.0
23.0
0.0
58.0
0.0
0.0
0.0
0.0
0.0
84.0
0.0
0.0
0.0
0.0
0.0
0.0
0.0
0.0
53.0
5.0
3.0
119.0
36.0
157.0
0.0
0.0
10.0
114.0
5.0
0.0
23.0
15.0
0.0
13.0
0.0
56.0
5.0
0.0
5.0
18.0
0.0
0.0
0.0
66.0
5.0
0.0
0.0
0.0
18.0
0.0
43.0
94.0
0.0
25.0
0.0
0.0
10.0
43.0
41.0
0.0
0.0
102.0
0.0
0.0
0.0
0.0
64.0
191.0
18.0
0.0
114.0
53.0
0.0
0.0
89.0
10.0
0.0
0.0
0.0
71.0
0.0
25.0
20.0
46.0
0.0
0.0
0.0
13.0
23.0
0.0
0.0
0.0
3.0
58.0
13.0
53.0
0.0
0.0
0.0
41.0
81.0
8.0
13.0
0.0
0.0
64.0
130.0
18.0
0.0
0.0
0.0
10.0
0.0
0.0
13.0
0.0
0.0
79.0
64.0
0.0
0.0
0.0
0.0
178.0
0.0
0.0
84.0
38.0
5.0
8.0
0.0
0.0
0.0
0.0
18.0
36.0
0.0
0.0
46.0
0.0
84.0
51.0
0.0
0.0
102.0
76.0
13.0
0.0
0.0
0.0
0.0
0.0
0.0
142.0
0.0
0.0
3.0
0.0
0.0
15.0
165.0
0.0
25.0
157.0
0.0
91.0
0.0
0.0
0.0
0.0
0.0
0.0
0.0
0.0
0.0
0.0
0.0
76.0
20.0
0.0
0.0
102.0
28.0
13.0
81.0
51.0
356.0
0.0
13.0
13.0
0.0
94.0
137.0
0.0
94.0
5.0
66.0
58.0
0.0
0.0
0.0
0.0
18.0
23.0
0.0
216.0
3.0
0.0
8.0
51.0
13.0
20.0
0.0
0.0
33.0
51.0
0.0
0.0
0.0
0.0
0.0
0.0
0.0
0.0
0.0
0.0
0.0
0.0
0.0
23.0
3.0
3.0
0.0
0.0
0.0
0.0
0.0
0.0
15.0
69.0
0.0
0.0
0.0
0.0
0.0
0.0
0.0
0.0
0.0
41.0
152.0
0.0
0.0
0.0
0.0
0.0
0.0
124.0
5.0
0.0
0.0
0.0
0.0
191.0
147.0
0.0
33.0
76.0
0.0
0.0
127.0
0.0
122.0
41.0
191.0
0.0
0.0
0.0
287.0
0.0
89.0
0.0
20.0
0.0
0.0
23.0
58.0
84.0
53.0
0.0
0.0
0.0
46.0
0.0
0.0
0.0
10.0
0.0
51.0
38.0
0.0
0.0
43.0
3.0
0.0
28.0
0.0
0.0
23.0
48.0
0.0
0.0
0.0
137.0
109.0
0.0
5.0
173.0
5.0
0.0
0.0
0.0
13.0
10.0
0.0
0.0
25.0
0.0
0.0
0.0
0.0
0.0
0.0
0.0
0.0
69.0
328.0
13.0
0.0
0.0
0.0
3.0
0.0
0.0
3.0
279.0
23.0
0.0
0.0
0.0
0.0
13.0
168.0
0.0
0.0
0.0
64.0
0.0
0.0
15.0
0.0
58.0
69.0
107.0
38.0
0.0
0.0
71.0
163.0
15.0
25.0
3.0
193.0
3.0
0.0
0.0
0.0
84.0
61.0
152.0
241.0
119.0
0.0
272.0
13.0
0.0
0.0
0.0
0.0
0.0
0.0
0.0
79.0
10.0
61.0
33.0
0.0
8.0
25.0
178.0
292.0
0.0
3.0
5.0
23.0
74.0
10.0
0.0
0.0
5.0
36.0
0.0
0.0
0.0
152.0
25.0
0.0
3.0
0.0
30.0
97.0
13.0
28.0
3.0
3.0
8.0
0.0
0.0
0.0
5.0
5.0
0.0
5.0
3.0
0.0
33.0
0.0
0.0
0.0
0.0
10.0
124.0
53.0
38.0
5.0
30.0
33.0
30.0
8.0
0.0
0.0
0.0
0.0
0.0
8.0
5.0
0.0
43.0
5.0
0.0
3.0
0.0
0.0
18.0
0.0
30.0
43.0
0.0
30.0
8.0
5.0
13.0
5.0
0.0
0.0
0.0
0.0
13.0
0.0
0.0
5.0
38.0
76.0
0.0
0.0
0.0
76.0
183.0
25.0
0.0
140.0
0.0
13.0
15.0
0.0
36.0
0.0
0.0
79.0
0.0
0.0
0.0
25.0
119.0
0.0
0.0
46.0
76.0
51.0
84.0
0.0
0.0
0.0
0.0
0.0
0.0
0.0
18.0
0.0
84.0
0.0
0.0
8.0
8.0
0.0
0.0
0.0
0.0
0.0
0.0
0.0
13.0
152.0
76.0
0.0
0.0
0.0
0.0
13.0
91.0
0.0
0.0
0.0
64.0
25.0
0.0
25.0
13.0
0.0
0.0
53.0
104.0
0.0
0.0
0.0
0.0
0.0
0.0
112.0
104.0
30.0
0.0
0.0
0.0
170.0
104.0
0.0
0.0
0.0
64.0
0.0
0.0
147.0
0.0
0.0
0.0
0.0
0.0
0.0
0.0
0.0
0.0
0.0
0.0
0.0
0.0
8.0
0.0
0.0
0.0
0.0
0.0
0.0
0.0
0.0
3.0
0.0
0.0
0.0
0.0
173.0
239.0
41.0
53.0
147.0
10.0
0.0
5.0
0.0
53.0
23.0
0.0
0.0
0.0
28.0
18.0
0.0
0.0
3.0
51.0
18.0
0.0
175.0
99.0
0.0
51.0
130.0
20.0
33.0
0.0
33.0
0.0
0.0
0.0
0.0
0.0
76.0
0.0
0.0
0.0
0.0
0.0
0.0
0.0
229.0
61.0
0.0
0.0
0.0
0.0
0.0
0.0
0.0
3.0
0.0
0.0
0.0
0.0
231.0
0.0
0.0
25.0
0.0
0.0
292.0
18.0
0.0
0.0
0.0
0.0
0.0
0.0
117.0
20.0
0.0
76.0
0.0
3.0
5.0
5.0
0.0
0.0
188.0
0.0
13.0
307.0
0.0
0.0
0.0
0.0
193.0
0.0
56.0
0.0
20.0
0.0
122.0
241.0
0.0
8.0
8.0
61.0
0.0
0.0
0.0
0.0
0.0
0.0
0.0
0.0
0.0
0.0
61.0
119.0
79.0
0.0
0.0
61.0
0.0
0.0
0.0
104.0
0.0
0.0
0.0
0.0
523.0
0.0
152.0
8.0
191.0
15.0
0.0
3.0
3.0
8.0
0.0
20.0
0.0
0.0
0.0
0.0
20.0
0.0
0.0
0.0
23.0
0.0
0.0
0.0
10.0
0.0
0.0
0.0
0.0
48.0
0.0
25.0
0.0
0.0
46.0
0.0
0.0
0.0
0.0
3.0
0.0
0.0
0.0
0.0
25.0
0.0
0.0
0.0
0.0
3.0
0.0
0.0
3.0
10.0
0.0
8.0
0.0
0.0
0.0
0.0
0.0
0.0
61.0
0.0
28.0
38.0
76.0
0.0
53.0
168.0
81.0
0.0
0.0
61.0
102.0
0.0
5.0
8.0
0.0
0.0
0.0
38.0
104.0
0.0
0.0
3.0
10.0
130.0
13.0
8.0
97.0
30.0
0.0
0.0
23.0
8.0
0.0
0.0
0.0
0.0
76.0
25.0
13.0
0.0
0.0
5.0
3.0
0.0
0.0
30.0
36.0
0.0
0.0
NaN
NaN
NaN
NaN
NaN
NaN
NaN
NaN
NaN
NaN
NaN
NaN
NaN
NaN
NaN
NaN
NaN
NaN
NaN
NaN
NaN
NaN
NaN
NaN
NaN
NaN
NaN
0.0
13.0
0.0
10.0
28.0
0.0
0.0
0.0
0.0
0.0
51.0
25.0
0.0
36.0
51.0
5.0
0.0
25.0
15.0
305.0
0.0
0.0
0.0
13.0
20.0
0.0
0.0
0.0
0.0
0.0
152.0
0.0
0.0
0.0
0.0
13.0
0.0
0.0
0.0
127.0
0.0
0.0
74.0
0.0
0.0
56.0
0.0
0.0
0.0
10.0
36.0
3.0
64.0
206.0
107.0
102.0
0.0
0.0
0.0
0.0
0.0
8.0
58.0
8.0
0.0
0.0
0.0
0.0
180.0
0.0
0.0
0.0
0.0
0.0
61.0
0.0
23.0
5.0
0.0
0.0
107.0
0.0
0.0
0.0
107.0
165.0
0.0
0.0
0.0
0.0
0.0
0.0
0.0
0.0
0.0
0.0
5.0
0.0
0.0
0.0
28.0
0.0
0.0
0.0
0.0
0.0
25.0
0.0
0.0
127.0
0.0
0.0
0.0
10.0
5.0
0.0
0.0
0.0
0.0
0.0
0.0
0.0
18.0
122.0
51.0
0.0
0.0
48.0
0.0
0.0
0.0
13.0
0.0
0.0
0.0
13.0
0.0
0.0
269.0
18.0
0.0
0.0
0.0
0.0
0.0
0.0
18.0
58.0
5.0
0.0
216.0
76.0
0.0
5.0
0.0
28.0
3.0
10.0
0.0
3.0
0.0
41.0
0.0
18.0
0.0
0.0
0.0
64.0
0.0
0.0
0.0
0.0
0.0
0.0
8.0
0.0
0.0
0.0
0.0
0.0
0.0
0.0
0.0
10.0
157.0
0.0
0.0
5.0
0.0
0.0
0.0
0.0
0.0
0.0
366.0
0.0
0.0
0.0
0.0
0.0
305.0
0.0
0.0
25.0
0.0
0.0
0.0
18.0
0.0
56.0
48.0
0.0
97.0
0.0
0.0
117.0
0.0
102.0
0.0
0.0
0.0
56.0
28.0
226.0
5.0
0.0
206.0
3.0
0.0
38.0
25.0
140.0
3.0
5.0
0.0
3.0
51.0
38.0
0.0
0.0
0.0
0.0
0.0
0.0
71.0
0.0
0.0
0.0
0.0
3.0
0.0
0.0
0.0
0.0
0.0
0.0
0.0
0.0
0.0
0.0
0.0
0.0
0.0
0.0
102.0
0.0
0.0
5.0
0.0
20.0
8.0
0.0
0.0
30.0
13.0
8.0
0.0
0.0
0.0
30.0
33.0
0.0
0.0
0.0
0.0
0.0
0.0
0.0
0.0
0.0
0.0
0.0
8.0
0.0
10.0
3.0
30.0
81.0
8.0
0.0
0.0
0.0
0.0
0.0
5.0
102.0
13.0
13.0
20.0
109.0
0.0
36.0
0.0
0.0
0.0
0.0
117.0
13.0
0.0
0.0
0.0
0.0
0.0
58.0
13.0
0.0
0.0
51.0
0.0
64.0
0.0
76.0
25.0
64.0
8.0
135.0
0.0
0.0
0.0
64.0
0.0
25.0
119.0
0.0
0.0
0.0
8.0
25.0
38.0
5.0
0.0
114.0
0.0
76.0
0.0
0.0
0.0
38.0
61.0
51.0
0.0
0.0
58.0
25.0
0.0
76.0
23.0
0.0
0.0
66.0
0.0
15.0
0.0
0.0
25.0
0.0
0.0
18.0
38.0
0.0
0.0
0.0
0.0
0.0
122.0
38.0
0.0
0.0
46.0
8.0
0.0
20.0
213.0
251.0
0.0
71.0
38.0
0.0
0.0
0.0
0.0
0.0
0.0
8.0
0.0
183.0
0.0
0.0
0.0
0.0
0.0
38.0
38.0
0.0
18.0
0.0
0.0
157.0
0.0
0.0
74.0
0.0
25.0
8.0
0.0
0.0
0.0
0.0
0.0
41.0
201.0
0.0
0.0
0.0
0.0
0.0
71.0
0.0
91.0
51.0
20.0
5.0
3.0
0.0
71.0
0.0
0.0
0.0
0.0
13.0
28.0
0.0
0.0
0.0
0.0
69.0
10.0
0.0
18.0
51.0
76.0
0.0
137.0
10.0
64.0
0.0
0.0
0.0
10.0
91.0
0.0
0.0
0.0
0.0
0.0
0.0
0.0
0.0
0.0
0.0
8.0
142.0
30.0
0.0
91.0
135.0
20.0
25.0
180.0
25.0
0.0
0.0
0.0
0.0
0.0
0.0
122.0
66.0
51.0
0.0
69.0
91.0
3.0
0.0
48.0
259.0
8.0
0.0
0.0
191.0
183.0
0.0
0.0
0.0
0.0
30.0
0.0
0.0
58.0
13.0
127.0
0.0
0.0
0.0
0.0
20.0
43.0
36.0
0.0
0.0
0.0
36.0
0.0
0.0
5.0
0.0
0.0
0.0
0.0
0.0
0.0
0.0
0.0
3.0
30.0
0.0
0.0
0.0
15.0
10.0
0.0
0.0
0.0
8.0
132.0
246.0
119.0
0.0
0.0
3.0
97.0
0.0
0.0
18.0
8.0
0.0
0.0
0.0
51.0
0.0
8.0
0.0
0.0
23.0
0.0
43.0
3.0
0.0
51.0
0.0
25.0
0.0
163.0
0.0
0.0
18.0
5.0
0.0
0.0
0.0
0.0
0.0
0.0
8.0
124.0
53.0
8.0
503.0
30.0
0.0
102.0
8.0
0.0
76.0
3.0
191.0
41.0
0.0
0.0
170.0
0.0
0.0
18.0
0.0
0.0
0.0
191.0
23.0
3.0
3.0
188.0
356.0
8.0
0.0
0.0
0.0
0.0
0.0
0.0
0.0
0.0
132.0
117.0
0.0
0.0
51.0
0.0
3.0
0.0
0.0
0.0
30.0
0.0
23.0
0.0
0.0
0.0
0.0
13.0
0.0
64.0
0.0
0.0
5.0
0.0
168.0
241.0
0.0
0.0
0.0
0.0
0.0
0.0
0.0
33.0
81.0
3.0
0.0
0.0
0.0
104.0
46.0
0.0
0.0
0.0
15.0
0.0
0.0
5.0
0.0
0.0
0.0
0.0
0.0
51.0
127.0
0.0
0.0
0.0
43.0
36.0
0.0
20.0
0.0
0.0
81.0
64.0
43.0
0.0
3.0
0.0
0.0
0.0
107.0
0.0
0.0
13.0
25.0
0.0
13.0
13.0
0.0
76.0
66.0
0.0
15.0
13.0
0.0
0.0
165.0
51.0
8.0
8.0
25.0
36.0
0.0
0.0
0.0
0.0
5.0
0.0
8.0
0.0
0.0
13.0
8.0
13.0
0.0
64.0
13.0
0.0
0.0
0.0
13.0
38.0
15.0
0.0
0.0
0.0
0.0
0.0
0.0
0.0
0.0
0.0
0.0
30.0
0.0
28.0
0.0
18.0
8.0
0.0
13.0
0.0
25.0
25.0
51.0
0.0
89.0
0.0
13.0
0.0
140.0
5.0
3.0
3.0
0.0
28.0
76.0
15.0
112.0
0.0
13.0
3.0
64.0
0.0
0.0
0.0
3.0
0.0
0.0
0.0
30.0
20.0
0.0
0.0
0.0
0.0
0.0
0.0
8.0
91.0
5.0
53.0
0.0
5.0
0.0
69.0
0.0
5.0
0.0
0.0
0.0
0.0
0.0
0.0
0.0
0.0
0.0
191.0
5.0
0.0
0.0
41.0
89.0
0.0
0.0
0.0
0.0
0.0
0.0
0.0
13.0
0.0
0.0
0.0
0.0
0.0
0.0
71.0
38.0
38.0
0.0
0.0
48.0
122.0
36.0
0.0
0.0
0.0
0.0
0.0
0.0
0.0
0.0
0.0
0.0
43.0
5.0
20.0
0.0
0.0
0.0
5.0
0.0
0.0
0.0
0.0
0.0
25.0
25.0
0.0
46.0
13.0
0.0
0.0
0.0
10.0
33.0
84.0
0.0
5.0
89.0
0.0
0.0
0.0
0.0
0.0
0.0
0.0
0.0
0.0
0.0
361.0
196.0
5.0
0.0
0.0
0.0
0.0
157.0
0.0
0.0
0.0
206.0
0.0
0.0
0.0
0.0
74.0
0.0
0.0
0.0
13.0
0.0
122.0
0.0
0.0
0.0
0.0
0.0
0.0
38.0
33.0
0.0
0.0
0.0
0.0
0.0
282.0
48.0
0.0
0.0
0.0
20.0
0.0
0.0
0.0
704.0
384.0
10.0
0.0
0.0
0.0
48.0
0.0
0.0
3.0
0.0
107.0
142.0
0.0
0.0
0.0
79.0
0.0
33.0
41.0
13.0
0.0
0.0
0.0
0.0
0.0
0.0
0.0
0.0
84.0
0.0
3.0
0.0
25.0
0.0
109.0
0.0
10.0
206.0
112.0
0.0
0.0
0.0
0.0
91.0
33.0
338.0
279.0
0.0
13.0
15.0
0.0
66.0
0.0
10.0
99.0
89.0
64.0
0.0
0.0
0.0
10.0
246.0
0.0
5.0
86.0
71.0
0.0
0.0
10.0
30.0
15.0
0.0
3.0
3.0
0.0
43.0
0.0
20.0
66.0
8.0
13.0
15.0
76.0
0.0
0.0
51.0
13.0
0.0
13.0
76.0
0.0
58.0
0.0
38.0
102.0
36.0
89.0
8.0
10.0
130.0
76.0
13.0
33.0
25.0
0.0
38.0
25.0
8.0
58.0
13.0
0.0
0.0
0.0
0.0
0.0
30.0
0.0
5.0
0.0
0.0
25.0
64.0
13.0
25.0
0.0
0.0
8.0
64.0
13.0
0.0
0.0
25.0
0.0
20.0
25.0
0.0
0.0
0.0
0.0
0.0
0.0
0.0
0.0
0.0
13.0
30.0
3.0
0.0
30.0
13.0
0.0
58.0
20.0
0.0
0.0
8.0
18.0
0.0
18.0
0.0
0.0
0.0
3.0
0.0
10.0
76.0
15.0
0.0
25.0
0.0
0.0
0.0
0.0
25.0
0.0
0.0
0.0
0.0
94.0
76.0
0.0
0.0
0.0
0.0
13.0
0.0
3.0
38.0
0.0
0.0
76.0
127.0
0.0
25.0
178.0
0.0
0.0
0.0
0.0
0.0
0.0
0.0
0.0
0.0
20.0
0.0
0.0
0.0
10.0
0.0
0.0
0.0
13.0
10.0
0.0
0.0
0.0
64.0
0.0
0.0
0.0
0.0
0.0
0.0
0.0
0.0
33.0
0.0
86.0
36.0
135.0
38.0
33.0
0.0
0.0
0.0
25.0
0.0
0.0
0.0
10.0
20.0
0.0
0.0
0.0
0.0
99.0
0.0
3.0
0.0
0.0
0.0
0.0
104.0
0.0
30.0
10.0
38.0
15.0
79.0
3.0
0.0
36.0
0.0
13.0
0.0
5.0
0.0
0.0
0.0
330.0
0.0
0.0
5.0
20.0
20.0
0.0
0.0
41.0
3.0
0.0
0.0
0.0
0.0
38.0
0.0
0.0
15.0
0.0
0.0
0.0
0.0
0.0
0.0
3.0
0.0
91.0
0.0
0.0
5.0
0.0
81.0
86.0
3.0
0.0
36.0
0.0
0.0
0.0
0.0
0.0
69.0
0.0
94.0
185.0
0.0
13.0
0.0
577.0
71.0
0.0
0.0
0.0
0.0
0.0
152.0
36.0
8.0
132.0
157.0
0.0
58.0
0.0
8.0
0.0
0.0
51.0
0.0
0.0
0.0
0.0
0.0
0.0
0.0
191.0
147.0
38.0
0.0
0.0
264.0
20.0
0.0
8.0
0.0
33.0
0.0
0.0
30.0
102.0
0.0
0.0
91.0
0.0
20.0
36.0
46.0
0.0
0.0
5.0
3.0
0.0
5.0
264.0
0.0
0.0
0.0
46.0
107.0
0.0
0.0
28.0
0.0
0.0
69.0
8.0
173.0
28.0
0.0
0.0
0.0
97.0
36.0
0.0
0.0
0.0
0.0
213.0
218.0
89.0
13.0
8.0
0.0
0.0
66.0
0.0
0.0
0.0
0.0
8.0
28.0
0.0
51.0
0.0
18.0
0.0
0.0
0.0
0.0
0.0
0.0
0.0
0.0
0.0
46.0
0.0
0.0
0.0
0.0
0.0
33.0
0.0
0.0
0.0
0.0
3.0
30.0
23.0
0.0
0.0
43.0
0.0
51.0
102.0
201.0
127.0
0.0
0.0
0.0
56.0
279.0
127.0
0.0
203.0
0.0
127.0
76.0
229.0
0.0
76.0
5.0
18.0
8.0
0.0
0.0
10.0
8.0
0.0
38.0
76.0
0.0
13.0
8.0
0.0
71.0
91.0
64.0
3.0
0.0
0.0
3.0
0.0
66.0
25.0
13.0
20.0
8.0
8.0
0.0
20.0
0.0
0.0
0.0
152.0
3.0
0.0
41.0
13.0
10.0
0.0
0.0
13.0
3.0
0.0
0.0
0.0
0.0
0.0
8.0
0.0
13.0
41.0
0.0
3.0
3.0
0.0
0.0
0.0
0.0
13.0
0.0
0.0
8.0
33.0
33.0
15.0
0.0
0.0
0.0
0.0
18.0
0.0
0.0
8.0
41.0
38.0
20.0
3.0
0.0
8.0
10.0
10.0
15.0
25.0
36.0
76.0
0.0
0.0
0.0
0.0
25.0
0.0
0.0
0.0
0.0
0.0
0.0
0.0
0.0
0.0
13.0
0.0
0.0
0.0
56.0
13.0
0.0
0.0
25.0
0.0
0.0
0.0
0.0
5.0
0.0
0.0
0.0
0.0
0.0
0.0
0.0
0.0
0.0
0.0
0.0
114.0
10.0
0.0
0.0
0.0
0.0
20.0
0.0
8.0
0.0
0.0
43.0
0.0
0.0
130.0
0.0
0.0
0.0
0.0
94.0
71.0
8.0
0.0
10.0
30.0
0.0
0.0
0.0
0.0
0.0
0.0
0.0
0.0
56.0
0.0
0.0
0.0
3.0
0.0
18.0
3.0
0.0
0.0
0.0
0.0
0.0
25.0
3.0
13.0
0.0
15.0
58.0
36.0
0.0
0.0
0.0
0.0
0.0
8.0
0.0
0.0
0.0
104.0
3.0
0.0
0.0
0.0
97.0
0.0
0.0
3.0
0.0
0.0
0.0
165.0
8.0
0.0
18.0
76.0
38.0
152.0
218.0
36.0
3.0
401.0
617.0
8.0
0.0
36.0
0.0
411.0
46.0
0.0
0.0
0.0
0.0
25.0
0.0
0.0
241.0
0.0
0.0
0.0
0.0
0.0
0.0
36.0
102.0
0.0
0.0
0.0
0.0
0.0
0.0
0.0
20.0
0.0
0.0
0.0
0.0
0.0
0.0
10.0
0.0
0.0
0.0
0.0
51.0
5.0
0.0
18.0
0.0
8.0
5.0
5.0
0.0
0.0
0.0
0.0
0.0
132.0
8.0
0.0
0.0
0.0
0.0
0.0
0.0
0.0
124.0
406.0
447.0
198.0
0.0
5.0
0.0
0.0
0.0
102.0
216.0
8.0
0.0
8.0
43.0
79.0
3.0
0.0
53.0
0.0
8.0
0.0
46.0
46.0
25.0
0.0
0.0
0.0
0.0
13.0
53.0
0.0
0.0
0.0
0.0
0.0
0.0
18.0
10.0
0.0
0.0
0.0
0.0
0.0
0.0
114.0
107.0
0.0
0.0
0.0
0.0
64.0
114.0
64.0
0.0
0.0
0.0
0.0
0.0
0.0
0.0
0.0
0.0
0.0
0.0
0.0
0.0
20.0
150.0
13.0
0.0
0.0
0.0
8.0
211.0
15.0
99.0
0.0
145.0
30.0
0.0
8.0
0.0
3.0
0.0
8.0
0.0
15.0
0.0
8.0
43.0
13.0
0.0
0.0
0.0
0.0
25.0
0.0
0.0
33.0
140.0
0.0
0.0
66.0
3.0
71.0
0.0
0.0
84.0
30.0
127.0
13.0
0.0
8.0
0.0
81.0
0.0
0.0
56.0
0.0
0.0
58.0
76.0
0.0
0.0
0.0
13.0
127.0
0.0
0.0
0.0
38.0
0.0
0.0
0.0
0.0
0.0
0.0
102.0
8.0
0.0
25.0
0.0
0.0
0.0
0.0
13.0
20.0
36.0
58.0
15.0
13.0
25.0
20.0
13.0
38.0
0.0
0.0
8.0
0.0
3.0
25.0
0.0
8.0
8.0
0.0
0.0
0.0
5.0
8.0
0.0
0.0
13.0
114.0
76.0
0.0
147.0
0.0
0.0
25.0
0.0
8.0
20.0
0.0
0.0
13.0
8.0
0.0
0.0
5.0
0.0
0.0
0.0
0.0
38.0
53.0
25.0
0.0
0.0
33.0
0.0
0.0
0.0
0.0
0.0
0.0
0.0
0.0
0.0
0.0
0.0
0.0
0.0
0.0
0.0
0.0
0.0
0.0
0.0
0.0
0.0
0.0
0.0
0.0
0.0
0.0
0.0
0.0
66.0
0.0
0.0
0.0
0.0
18.0
0.0
191.0
0.0
0.0
0.0
36.0
0.0
5.0
0.0
28.0
20.0
0.0
0.0
0.0
0.0
81.0
0.0
0.0
0.0
0.0
NaN
NaN
18.0
0.0
64.0
0.0
0.0
3.0
25.0
30.0
0.0
58.0
0.0
5.0
0.0
43.0
3.0
13.0
43.0
23.0
0.0
0.0
3.0
18.0
0.0
58.0
10.0
0.0
51.0
0.0
10.0
0.0
0.0
0.0
0.0
0.0
0.0
0.0
236.0
0.0
0.0
0.0
5.0
119.0
104.0
0.0
0.0
160.0
5.0
64.0
20.0
0.0
5.0
69.0
3.0
0.0
36.0
58.0
58.0
0.0
0.0
0.0
0.0
41.0
20.0
0.0
69.0
0.0
0.0
0.0
0.0
0.0
0.0
8.0
0.0
0.0
20.0
25.0
10.0
0.0
0.0
173.0
0.0
0.0
0.0
0.0
84.0
0.0
0.0
0.0
0.0
241.0
0.0
0.0
0.0
8.0
28.0
0.0
8.0
61.0
23.0
5.0
0.0
64.0
0.0
5.0
3.0
10.0
13.0
0.0
61.0
5.0
0.0
0.0
0.0
66.0
335.0
0.0
0.0
249.0
28.0
0.0
25.0
0.0
0.0
0.0
0.0
0.0
0.0
0.0
0.0
13.0
0.0
0.0
0.0
0.0
0.0
0.0
0.0
15.0
160.0
8.0
0.0
0.0
0.0
0.0
0.0
389.0
61.0
229.0
38.0
0.0
8.0
0.0
0.0
0.0
0.0
0.0
0.0
0.0
0.0
0.0
178.0
117.0
157.0
8.0
0.0
0.0
0.0
0.0
0.0
0.0
0.0
0.0
0.0
0.0
46.0
0.0
0.0
74.0
10.0
5.0
15.0
0.0
0.0
0.0
0.0
5.0
147.0
15.0
3.0
3.0
0.0
51.0
0.0
3.0
33.0
5.0
0.0
28.0
51.0
13.0
20.0
18.0
81.0
8.0
0.0
0.0
0.0
0.0
0.0
0.0
0.0
13.0
0.0
46.0
20.0
20.0
30.0
69.0
3.0
25.0
0.0
41.0
0.0
0.0
5.0
74.0
43.0
0.0
0.0
0.0
0.0
61.0
48.0
41.0
0.0
0.0
0.0
0.0
0.0
43.0
13.0
0.0
48.0
0.0
66.0
5.0
10.0
5.0
15.0
10.0
0.0
33.0
0.0
0.0
13.0
0.0
5.0
41.0
13.0
38.0
5.0
0.0
0.0
0.0
58.0
38.0
5.0
0.0
8.0
0.0
18.0
0.0
0.0
0.0
0.0
56.0
20.0
5.0
8.0
0.0
0.0
0.0
0.0
0.0
0.0
0.0
0.0
0.0
0.0
13.0
0.0
0.0
3.0
0.0
56.0
279.0
0.0
0.0
0.0
0.0
0.0
0.0
0.0
0.0
216.0
13.0
0.0
0.0
0.0
0.0
5.0
0.0
0.0
0.0
0.0
0.0
0.0
0.0
0.0
0.0
0.0
229.0
38.0
0.0
13.0
0.0
0.0
5.0
0.0
0.0
0.0
0.0
0.0
0.0
0.0
0.0
0.0
173.0
0.0
0.0
0.0
0.0
0.0
0.0
0.0
36.0
0.0
0.0
119.0
36.0
15.0
71.0
0.0
0.0
0.0
0.0
84.0
0.0
0.0
0.0
0.0
43.0
0.0
84.0
43.0
0.0
28.0
0.0
5.0
0.0
79.0
89.0
0.0
5.0
0.0
0.0
0.0
0.0
0.0
53.0
0.0
30.0
0.0
0.0
0.0
15.0
282.0
0.0
28.0
0.0
0.0
0.0
112.0
69.0
5.0
0.0
28.0
0.0
0.0
0.0
0.0
0.0
107.0
0.0
0.0
0.0
13.0
0.0
89.0
41.0
0.0
0.0
312.0
8.0
0.0
0.0
71.0
0.0
0.0
0.0
0.0
5.0
0.0
25.0
0.0
0.0
0.0
0.0
25.0
165.0
0.0
0.0
0.0
8.0
91.0
8.0
0.0
0.0
0.0
36.0
0.0
0.0
5.0
0.0
0.0
18.0
10.0
5.0
0.0
0.0
0.0
18.0
0.0
0.0
0.0
0.0
53.0
58.0
20.0
74.0
3.0
3.0
51.0
0.0
0.0
114.0
0.0
3.0
135.0
0.0
25.0
0.0
3.0
124.0
0.0
302.0
0.0
15.0
0.0
5.0
13.0
0.0
241.0
36.0
0.0
0.0
3.0
0.0
0.0
0.0
30.0
0.0
10.0
25.0
239.0
272.0
0.0
0.0
0.0
74.0
5.0
36.0
0.0
0.0
0.0
36.0
36.0
0.0
0.0
0.0
0.0
239.0
18.0
10.0
38.0
0.0
0.0
8.0
0.0
135.0
13.0
20.0
0.0
0.0
0.0
33.0
135.0
160.0
13.0
8.0
0.0
0.0
0.0
71.0
0.0
41.0
3.0
51.0
102.0
15.0
0.0
0.0
13.0
18.0
33.0
0.0
0.0
135.0
64.0
0.0
0.0
0.0
0.0
5.0
0.0
13.0
0.0
208.0
178.0
25.0
3.0
10.0
0.0
71.0
20.0
0.0
5.0
0.0
64.0
114.0
114.0
13.0
25.0
13.0
0.0
0.0
0.0
0.0
13.0
13.0
3.0
76.0
51.0
0.0
0.0
0.0
0.0
0.0
76.0
5.0
81.0
43.0
0.0
91.0
0.0
0.0
0.0
3.0
3.0
0.0
20.0
25.0
135.0
13.0
13.0
38.0
0.0
0.0
0.0
0.0
3.0
0.0
0.0
64.0
30.0
51.0
51.0
18.0
30.0
13.0
36.0
5.0
0.0
8.0
18.0
71.0
25.0
0.0
0.0
0.0
0.0
0.0
152.0
0.0
86.0
0.0
203.0
69.0
25.0
3.0
0.0
18.0
46.0
18.0
0.0
13.0
0.0
0.0
8.0
18.0
0.0
127.0
38.0
0.0
0.0
0.0
0.0
0.0
0.0
0.0
0.0
0.0
0.0
0.0
0.0
0.0
0.0
0.0
0.0
0.0
0.0
18.0
33.0
41.0
5.0
0.0
0.0
0.0
0.0
0.0
8.0
76.0
25.0
0.0
0.0
241.0
0.0
0.0
20.0
0.0
18.0
5.0
0.0
0.0
0.0
0.0
0.0
203.0
0.0
41.0
0.0
0.0
119.0
94.0
0.0
28.0
0.0
43.0
0.0
0.0
0.0
0.0
0.0
0.0
0.0
0.0
155.0
0.0
30.0
99.0
0.0
0.0
109.0
191.0
135.0
208.0
132.0
0.0
0.0
23.0
5.0
15.0
0.0
8.0
0.0
0.0
0.0
5.0
5.0
114.0
5.0
0.0
0.0
0.0
0.0
0.0
0.0
64.0
0.0
58.0
74.0
3.0
3.0
0.0
0.0
0.0
0.0
5.0
0.0
0.0
0.0
104.0
5.0
318.0
41.0
58.0
64.0
0.0
0.0
0.0
155.0
533.0
0.0
0.0
0.0
381.0
41.0
13.0
0.0
61.0
10.0
43.0
3.0
0.0
10.0
0.0
0.0
0.0
18.0
23.0
0.0
0.0
36.0
0.0
0.0
185.0
79.0
0.0
74.0
0.0
0.0
0.0
0.0
445.0
18.0
0.0
3.0
61.0
0.0
15.0
0.0
0.0
0.0
0.0
3.0
66.0
0.0
0.0
0.0
0.0
13.0
30.0
3.0
0.0
0.0
0.0
0.0
0.0
5.0
168.0
28.0
0.0
0.0
0.0
0.0
0.0
25.0
0.0
0.0
0.0
0.0
0.0
71.0
0.0
0.0
3.0
394.0
274.0
15.0
0.0
69.0
46.0
15.0
43.0
0.0
0.0
58.0
0.0
0.0
0.0
0.0
0.0
0.0
3.0
76.0
0.0
0.0
0.0
150.0
0.0
15.0
76.0
0.0
0.0
58.0
0.0
0.0
0.0
0.0
0.0
0.0
0.0
76.0
155.0
20.0
8.0
5.0
3.0
0.0
0.0
0.0
74.0
79.0
0.0
0.0
0.0
0.0
0.0
0.0
0.0
69.0
25.0
20.0
0.0
0.0
20.0
0.0
0.0
53.0
64.0
13.0
109.0
25.0
0.0
3.0
119.0
36.0
8.0
20.0
0.0
0.0
0.0
8.0
0.0
0.0
0.0
0.0
0.0
119.0
94.0
15.0
0.0
0.0
0.0
5.0
0.0
38.0
5.0
0.0
84.0
0.0
0.0
0.0
8.0
0.0
89.0
0.0
0.0
13.0
0.0
0.0
13.0
0.0
0.0
51.0
13.0
0.0
0.0
5.0
41.0
89.0
0.0
0.0
0.0
33.0
0.0
8.0
38.0
191.0
0.0
0.0
0.0
0.0
20.0
0.0
0.0
0.0
0.0
25.0
0.0
0.0
0.0
0.0
0.0
0.0
0.0
0.0
0.0
8.0
10.0
0.0
0.0
0.0
0.0
0.0
0.0
0.0
0.0
0.0
0.0
0.0
0.0
0.0
0.0
0.0
10.0
13.0
0.0
51.0
0.0
165.0
38.0
8.0
0.0
0.0
81.0
0.0
0.0
8.0
0.0
0.0
0.0
5.0
0.0
127.0
0.0
25.0
0.0
25.0
13.0
0.0
5.0
0.0
0.0
84.0
33.0
0.0
0.0
0.0
0.0
0.0
0.0
8.0
8.0
3.0
0.0
10.0
25.0
13.0
5.0
0.0
0.0
318.0
15.0
0.0
0.0
5.0
8.0
0.0
0.0
0.0
0.0
0.0
0.0
61.0
8.0
0.0
218.0
0.0
0.0
0.0
0.0
33.0
0.0
0.0
30.0
0.0
0.0
36.0
0.0
0.0
41.0
279.0
15.0
0.0
0.0
0.0
18.0
0.0
30.0
0.0
0.0
0.0
0.0
0.0
28.0
244.0
0.0
0.0
0.0
0.0
97.0
3.0
0.0
0.0
33.0
23.0
0.0
0.0
0.0
0.0
3.0
0.0
155.0
94.0
46.0
94.0
0.0
0.0
38.0
0.0
0.0
0.0
0.0
15.0
0.0
0.0
0.0
0.0
0.0
145.0
58.0
0.0
0.0
20.0
229.0
25.0
5.0
0.0
155.0
0.0
0.0
0.0
15.0
0.0
8.0
3.0
0.0
28.0
48.0
0.0
0.0
0.0
0.0
0.0
0.0
3.0
0.0
117.0
91.0
0.0
0.0
160.0
8.0
0.0
5.0
30.0
15.0
0.0
3.0
0.0
64.0
0.0
0.0
0.0
188.0
0.0
23.0
51.0
0.0
3.0
0.0
0.0
203.0
20.0
36.0
5.0
0.0
102.0
0.0
0.0
NaN
NaN
0.0
0.0
0.0
5.0
58.0
0.0
53.0
10.0
0.0
0.0
0.0
53.0
3.0
51.0
0.0
0.0
0.0
36.0
0.0
0.0
0.0
124.0
8.0
102.0
508.0
467.0
23.0
0.0
0.0
0.0
0.0
0.0
0.0
23.0
5.0
89.0
147.0
157.0
114.0
0.0
0.0
64.0
10.0
0.0
0.0
5.0
13.0
0.0
0.0
0.0
0.0
0.0
0.0
0.0
79.0
13.0
0.0
0.0
0.0
0.0
10.0
0.0
0.0
0.0
0.0
10.0
97.0
0.0
0.0
5.0
58.0
0.0
23.0
0.0
104.0
58.0
0.0
0.0
0.0
20.0
25.0
0.0
0.0
8.0
0.0
58.0
0.0
0.0
173.0
30.0
10.0
0.0
0.0
0.0
81.0
15.0
5.0
0.0
61.0
5.0
0.0
0.0
0.0
0.0
0.0
51.0
91.0
0.0
5.0
0.0
0.0
38.0
61.0
3.0
127.0
25.0
51.0
0.0
0.0
41.0
0.0
18.0
18.0
0.0
0.0
8.0
8.0
0.0
10.0
38.0
3.0
0.0
0.0
58.0
89.0
13.0
25.0
20.0
20.0
165.0
312.0
5.0
10.0
0.0
89.0
8.0
0.0
69.0
81.0
0.0
0.0
0.0
0.0
8.0
84.0
25.0
20.0
38.0
0.0
25.0
0.0
0.0
38.0
0.0
0.0
0.0
0.0
64.0
25.0
25.0
0.0
0.0
0.0
0.0
0.0
0.0
0.0
13.0
53.0
0.0
51.0
0.0
0.0
13.0
0.0
58.0
86.0
0.0
0.0
64.0
76.0
8.0
46.0
0.0
0.0
0.0
0.0
0.0
0.0
0.0
0.0
0.0
0.0
0.0
127.0
0.0
0.0
0.0
0.0
0.0
0.0
0.0
8.0
0.0
0.0
0.0
0.0
0.0
0.0
0.0
30.0
0.0
0.0
0.0
0.0
0.0
0.0
0.0
0.0
5.0
25.0
0.0
3.0
0.0
0.0
0.0
119.0
36.0
0.0
0.0
0.0
0.0
0.0
0.0
25.0
119.0
0.0
0.0
76.0
0.0
41.0
56.0
130.0
0.0
114.0
244.0
41.0
0.0
5.0
3.0
0.0
0.0
0.0
0.0
0.0
0.0
61.0
0.0
0.0
0.0
0.0
0.0
18.0
36.0
0.0
0.0
147.0
51.0
0.0
0.0
0.0
0.0
0.0
0.0
20.0
0.0
0.0
0.0
0.0
0.0
0.0
0.0
0.0
51.0
856.0
0.0
0.0
0.0
0.0
0.0
23.0
0.0
99.0
0.0
0.0
0.0
5.0
58.0
74.0
25.0
0.0
0.0
0.0
0.0
0.0
0.0
0.0
0.0
0.0
0.0
0.0
0.0
86.0
15.0
0.0
0.0
0.0
0.0
58.0
0.0
0.0
0.0
0.0
0.0
0.0
0.0
0.0
0.0
107.0
86.0
38.0
0.0
5.0
0.0
64.0
43.0
0.0
0.0
0.0
58.0
0.0
0.0
0.0
0.0
0.0
0.0
0.0
30.0
264.0
0.0
5.0
25.0
0.0
3.0
38.0
58.0
13.0
0.0
0.0
15.0
36.0
84.0
5.0
0.0
0.0
30.0
0.0
0.0
0.0
0.0
127.0
0.0
20.0
0.0
0.0
64.0
246.0
5.0
0.0
0.0
0.0
0.0
8.0
15.0
28.0
5.0
0.0
15.0
0.0
0.0
36.0
0.0
0.0
0.0
48.0
30.0
0.0
0.0
0.0
0.0
0.0
48.0
0.0
0.0
0.0
25.0
3.0
89.0
3.0
0.0
0.0
53.0
8.0
0.0
15.0
0.0
0.0
20.0
0.0
0.0
0.0
0.0
0.0
0.0
0.0
76.0
114.0
0.0
0.0
0.0
0.0
0.0
0.0
0.0
51.0
0.0
0.0
0.0
0.0
0.0
0.0
0.0
0.0
0.0
0.0
0.0
0.0
69.0
0.0
0.0
13.0
0.0
0.0
0.0
0.0
0.0
0.0
8.0
0.0
0.0
0.0
0.0
41.0
178.0
104.0
0.0
23.0
0.0
13.0
0.0
20.0
8.0
25.0
109.0
0.0
64.0
0.0
0.0
8.0
76.0
89.0
0.0
43.0
0.0
25.0
0.0
38.0
0.0
0.0
0.0
0.0
15.0
0.0
5.0
13.0
0.0
28.0
30.0
0.0
0.0
191.0
10.0
0.0
0.0
0.0
0.0
8.0
46.0
13.0
3.0
0.0
0.0
0.0
0.0
0.0
0.0
5.0
30.0
0.0
0.0
84.0
64.0
5.0
0.0
51.0
0.0
0.0
0.0
0.0
0.0
13.0
0.0
20.0
0.0
0.0
5.0
28.0
53.0
76.0
56.0
0.0
0.0
0.0
43.0
0.0
5.0
0.0
0.0
0.0
8.0
0.0
3.0
0.0
145.0
0.0
25.0
0.0
0.0
15.0
0.0
0.0
0.0
0.0
25.0
3.0
0.0
140.0
56.0
0.0
0.0
0.0
0.0
15.0
150.0
30.0
0.0
36.0
0.0
0.0
0.0
239.0
119.0
0.0
0.0
5.0
0.0
5.0
25.0
8.0
0.0
0.0
0.0
0.0
0.0
0.0
25.0
3.0
61.0
0.0
0.0
0.0
0.0
0.0
0.0
0.0
0.0
0.0
216.0
38.0
0.0
8.0
41.0
0.0
0.0
0.0
51.0
8.0
0.0
0.0
0.0
0.0
10.0
23.0
0.0
0.0
0.0
147.0
91.0
5.0
69.0
0.0
0.0
0.0
0.0
0.0
0.0
97.0
13.0
0.0
0.0
0.0
0.0
3.0
0.0
0.0
0.0
0.0
28.0
15.0
262.0
91.0
0.0
0.0
0.0
0.0
137.0
13.0
5.0
150.0
107.0
38.0
0.0
0.0
0.0
8.0
0.0
0.0
15.0
0.0
0.0
0.0
0.0
0.0
10.0
0.0
312.0
10.0
51.0
10.0
0.0
0.0
0.0
0.0
64.0
41.0
0.0
38.0
0.0
0.0
0.0
0.0
0.0
0.0
0.0
0.0
0.0
0.0
28.0
5.0
0.0
0.0
94.0
0.0
185.0
117.0
0.0
124.0
18.0
56.0
0.0
74.0
20.0
53.0
25.0
71.0
8.0
526.0
15.0
0.0
8.0
20.0
0.0
198.0
28.0
0.0
0.0
0.0
10.0
18.0
203.0
23.0
0.0
0.0
71.0
3.0
0.0
0.0
5.0
30.0
41.0
0.0
0.0
127.0
18.0
0.0
0.0
0.0
0.0
0.0
99.0
0.0
0.0
0.0
0.0
0.0
0.0
0.0
38.0
198.0
0.0
0.0
0.0
0.0
20.0
0.0
0.0
0.0
0.0
38.0
20.0
0.0
84.0
0.0
0.0
0.0
0.0
0.0
0.0
0.0
0.0
0.0
5.0
0.0
0.0
0.0
0.0
23.0
8.0
0.0
0.0
0.0
5.0
8.0
89.0
74.0
13.0
0.0
79.0
0.0
140.0
99.0
41.0
15.0
13.0
51.0
25.0
5.0
0.0
0.0
89.0
0.0
0.0
18.0
3.0
208.0
38.0
0.0
8.0
5.0
0.0
18.0
0.0
0.0
0.0
0.0
0.0
0.0
0.0
0.0
3.0
216.0
89.0
5.0
0.0
0.0
20.0
5.0
0.0
0.0
25.0
0.0
0.0
8.0
0.0
0.0
20.0
8.0
0.0
0.0
5.0
0.0
0.0
0.0
0.0
0.0
13.0
64.0
0.0
58.0
102.0
0.0
0.0
173.0
0.0
0.0
0.0
0.0
0.0
10.0
10.0
30.0
0.0
0.0
150.0
0.0
0.0
13.0
8.0
99.0
5.0
0.0
0.0
76.0
0.0
25.0
0.0
0.0
0.0
13.0
0.0
51.0
69.0
0.0
0.0
0.0
0.0
76.0
25.0
25.0
51.0
0.0
0.0
0.0
5.0
0.0
0.0
0.0
76.0
25.0
71.0
0.0
38.0
0.0
0.0
0.0
0.0
0.0
203.0
191.0
51.0
8.0
76.0
3.0
0.0
0.0
0.0
33.0
76.0
0.0
76.0
25.0
0.0
0.0
0.0
0.0
0.0
0.0
0.0
13.0
229.0
0.0
64.0
13.0
0.0
0.0
51.0
51.0
0.0
0.0
0.0
66.0
140.0
64.0
0.0
0.0
0.0
0.0
36.0
0.0
0.0
0.0
150.0
0.0
0.0
0.0
8.0
28.0
5.0
0.0
0.0
0.0
0.0
10.0
0.0
15.0
18.0
0.0
0.0
0.0
0.0
0.0
5.0
109.0
58.0
0.0
0.0
0.0
0.0
0.0
0.0
0.0
0.0
20.0
137.0
0.0
86.0
41.0
295.0
102.0
0.0
15.0
23.0
0.0
0.0
0.0
0.0
0.0
0.0
33.0
0.0
0.0
81.0
0.0
0.0
422.0
0.0
0.0
0.0
0.0
0.0
58.0
0.0
0.0
264.0
3.0
0.0
0.0
0.0
0.0
25.0
56.0
191.0
0.0
0.0
0.0
61.0
76.0
183.0
132.0
5.0
0.0
0.0
0.0
0.0
0.0
10.0
13.0
0.0
51.0
58.0
0.0
0.0
76.0
0.0
0.0
119.0
0.0
0.0
0.0
0.0
30.0
13.0
48.0
46.0
30.0
0.0
0.0
41.0
0.0
0.0
0.0
0.0
91.0
66.0
25.0
0.0
0.0
81.0
74.0
8.0
36.0
8.0
173.0
20.0
43.0
15.0
20.0
3.0
38.0
66.0
86.0
10.0
0.0
0.0
43.0
0.0
0.0
0.0
0.0
0.0
66.0
0.0
0.0
0.0
41.0
46.0
0.0
28.0
0.0
3.0
0.0
0.0
0.0
140.0
0.0
0.0
0.0
3.0
74.0
23.0
135.0
13.0
25.0
76.0
25.0
0.0
15.0
0.0
0.0
38.0
0.0
5.0
3.0
0.0
0.0
28.0
188.0
0.0
10.0
36.0
0.0
0.0
0.0
0.0
0.0
13.0
104.0
0.0
5.0
0.0
0.0
0.0
0.0
0.0
0.0
0.0
0.0
0.0
58.0
5.0
0.0
0.0
74.0
46.0
0.0
0.0
0.0
25.0
0.0
157.0
8.0
0.0
25.0
20.0
0.0
13.0
0.0
79.0
0.0
0.0
25.0
0.0
0.0
0.0
8.0
0.0
107.0
64.0
0.0
0.0
13.0
0.0
0.0
0.0
0.0
64.0
0.0
0.0
25.0
33.0
64.0
61.0
114.0
0.0
132.0
0.0
0.0
13.0
0.0
13.0
64.0
76.0
160.0
5.0
76.0
0.0
0.0
20.0
15.0
0.0
0.0
0.0
0.0
0.0
0.0
0.0
13.0
109.0
0.0
13.0
51.0
0.0
0.0
0.0
0.0
0.0
51.0
0.0
102.0
5.0
0.0
0.0
51.0
102.0
0.0
152.0
25.0
0.0
0.0
0.0
8.0
51.0
0.0
0.0
0.0
127.0
0.0
38.0
0.0
5.0
20.0
0.0
102.0
0.0
8.0
8.0
0.0
25.0
0.0
0.0
76.0
69.0
0.0
0.0
51.0
432.0
0.0
5.0
0.0
0.0
0.0
0.0
0.0
0.0
25.0
0.0
0.0
0.0
0.0
0.0
0.0
0.0
0.0
0.0
0.0
102.0
76.0
0.0
0.0
0.0
8.0
0.0
0.0
0.0
0.0
8.0
0.0
0.0
0.0
0.0
0.0
0.0
0.0
0.0
0.0
0.0
36.0
0.0
0.0
0.0
140.0
53.0
0.0
0.0
48.0
NaN
NaN
0.0
0.0
0.0
0.0
3.0
5.0
0.0
0.0
0.0
0.0
0.0
0.0
0.0
0.0
0.0
51.0
0.0
0.0
0.0
20.0
8.0
46.0
5.0
0.0
0.0
0.0
0.0
86.0
79.0
0.0
66.0
0.0
0.0
33.0
0.0
0.0
0.0
10.0
0.0
8.0
48.0
0.0
3.0
10.0
0.0
0.0
0.0
0.0
8.0
48.0
0.0
0.0
41.0
0.0
0.0
5.0
165.0
0.0
0.0
0.0
0.0
0.0
0.0
13.0
0.0
38.0
142.0
0.0
0.0
0.0
0.0
0.0
0.0
0.0
0.0
74.0
5.0
135.0
5.0
0.0
20.0
28.0
226.0
0.0
0.0
0.0
30.0
0.0
0.0
112.0
0.0
0.0
0.0
0.0
51.0
28.0
8.0
137.0
102.0
0.0
51.0
15.0
0.0
0.0
0.0
112.0
8.0
0.0
0.0
0.0
224.0
79.0
3.0
470.0
0.0
236.0
5.0
0.0
0.0
0.0
0.0
58.0
5.0
0.0
0.0
15.0
239.0
0.0
20.0
0.0
0.0
185.0
36.0
0.0
0.0
25.0
36.0
0.0
0.0
5.0
69.0
0.0
91.0
0.0
5.0
0.0
0.0
3.0
56.0
94.0
102.0
0.0
8.0
48.0
142.0
168.0
25.0
168.0
0.0
8.0
30.0
43.0
0.0
74.0
0.0
122.0
23.0
61.0
20.0
0.0
0.0
0.0
127.0
81.0
41.0
0.0
18.0
8.0
0.0
69.0
3.0
0.0
25.0
18.0
0.0
30.0
0.0
13.0
8.0
25.0
0.0
13.0
20.0
0.0
0.0
43.0
152.0
0.0
13.0
0.0
0.0
0.0
0.0
0.0
109.0
0.0
0.0
0.0
51.0
107.0
0.0
NaN
NaN
0.0
0.0
13.0
25.0
0.0
0.0
0.0
25.0
127.0
102.0
13.0
25.0
13.0
0.0
8.0
0.0
41.0
0.0
38.0
0.0
64.0
0.0
0.0
0.0
8.0
25.0
20.0
0.0
13.0
8.0
13.0
0.0
0.0
13.0
0.0
0.0
51.0
38.0
0.0
0.0
0.0
8.0
0.0
13.0
25.0
0.0
76.0
13.0
0.0
8.0
0.0
0.0
0.0
8.0
64.0
0.0
25.0
51.0
5.0
13.0
0.0
38.0
13.0
0.0
0.0
0.0
0.0
76.0
0.0
0.0
0.0
33.0
5.0
0.0
38.0
30.0
46.0
5.0
0.0
0.0
0.0
0.0
0.0
25.0
127.0
119.0
0.0
0.0
20.0
0.0
0.0
64.0
8.0
0.0
0.0
0.0
25.0
0.0
0.0
0.0
0.0
0.0
0.0
178.0
25.0
0.0
0.0
56.0
76.0
0.0
0.0
0.0
0.0
0.0
0.0
89.0
0.0
0.0
0.0
5.0
152.0
30.0
46.0
0.0
0.0
38.0
163.0
102.0
13.0
0.0
0.0
0.0
5.0
0.0
0.0
0.0
0.0
5.0
8.0
3.0
13.0
8.0
8.0
0.0
0.0
0.0
0.0
0.0
0.0
0.0
0.0
0.0
0.0
5.0
53.0
28.0
0.0
0.0
10.0
0.0
0.0
0.0
25.0
5.0
3.0
0.0
13.0
69.0
5.0
18.0
13.0
0.0
3.0
0.0
0.0
0.0
0.0
0.0
0.0
0.0
0.0
0.0
15.0
0.0
0.0
0.0
0.0
0.0
23.0
0.0
18.0
119.0
3.0
41.0
13.0
0.0
0.0
0.0
0.0
23.0
335.0
48.0
15.0
0.0
0.0
0.0
0.0
0.0
5.0
61.0
56.0
25.0
0.0
28.0
5.0
56.0
0.0
0.0
0.0
0.0
0.0
20.0
0.0
0.0
0.0
0.0
0.0
0.0
216.0
0.0
0.0
0.0
0.0
3.0
140.0
8.0
23.0
30.0
0.0
0.0
0.0
13.0
79.0
216.0
0.0
51.0
10.0
124.0
0.0
157.0
262.0
0.0
15.0
51.0
0.0
0.0
165.0
411.0
20.0
8.0
0.0
0.0
386.0
0.0
175.0
0.0
0.0
25.0
25.0
0.0
20.0
30.0
279.0
0.0
0.0
0.0
0.0
0.0
38.0
28.0
25.0
76.0
0.0
0.0
0.0
25.0
0.0
0.0
0.0
0.0
0.0
58.0
241.0
5.0
0.0
0.0
0.0
0.0
0.0
0.0
13.0
119.0
0.0
0.0
0.0
0.0
0.0
0.0
155.0
58.0
13.0
0.0
0.0
0.0
56.0
30.0
310.0
0.0
33.0
15.0
135.0
79.0
3.0
0.0
0.0
30.0
236.0
28.0
30.0
0.0
0.0
48.0
287.0
0.0
0.0
0.0
0.0
0.0
0.0
0.0
0.0
0.0
0.0
0.0
5.0
13.0
0.0
38.0
25.0
38.0
203.0
20.0
0.0
0.0
0.0
5.0
0.0
64.0
76.0
25.0
20.0
0.0
5.0
13.0
76.0
38.0
76.0
0.0
0.0
0.0
102.0
89.0
124.0
86.0
0.0
310.0
74.0
38.0
13.0
0.0
0.0
5.0
0.0
13.0
0.0
43.0
53.0
0.0
13.0
0.0
0.0
0.0
13.0
0.0
13.0
76.0
0.0
0.0
38.0
0.0
0.0
0.0
0.0
127.0
0.0
0.0
203.0
76.0
64.0
38.0
38.0
20.0
38.0
0.0
0.0
51.0
203.0
0.0
13.0
13.0
51.0
76.0
13.0
51.0
0.0
102.0
25.0
0.0
25.0
25.0
51.0
13.0
0.0
127.0
0.0
0.0
305.0
51.0
0.0
0.0
13.0
13.0
0.0
0.0
38.0
0.0
0.0
0.0
0.0
0.0
25.0
0.0
0.0
76.0
51.0
152.0
0.0
0.0
0.0
0.0
76.0
13.0
76.0
13.0
25.0
0.0
0.0
76.0
0.0
0.0
0.0
0.0
0.0
13.0
13.0
0.0
0.0
0.0
0.0
0.0
13.0
0.0
0.0
0.0
13.0
13.0
0.0
51.0
0.0
64.0
38.0
0.0
0.0
0.0
69.0
3.0
0.0
0.0
0.0
81.0
0.0
36.0
0.0
0.0
0.0
0.0
0.0
0.0
124.0
0.0
0.0
0.0
0.0
229.0
30.0
0.0
61.0
0.0
0.0
0.0
127.0
399.0
3.0
0.0
0.0
0.0
0.0
0.0
0.0
140.0
417.0
33.0
0.0
0.0
0.0
0.0
0.0
43.0
102.0
3.0
0.0
0.0
0.0
0.0
0.0
0.0
0.0
97.0
36.0
5.0
0.0
0.0
0.0
0.0
0.0
53.0
20.0
0.0
0.0
0.0
0.0
0.0
0.0
0.0
0.0
229.0
89.0
8.0
132.0
0.0
56.0
447.0
246.0
0.0
8.0
272.0
58.0
0.0
0.0
0.0
13.0
0.0
0.0
0.0
18.0
10.0
8.0
0.0
0.0
0.0
5.0
13.0
0.0
53.0
0.0
0.0
0.0
0.0
8.0
0.0
0.0
107.0
20.0
28.0
53.0
0.0
5.0
0.0
25.0
0.0
0.0
0.0
0.0
147.0
64.0
38.0
0.0
36.0
5.0
160.0
0.0
0.0
0.0
109.0
30.0
0.0
0.0
0.0
99.0
0.0
84.0
0.0
0.0
0.0
0.0
0.0
0.0
0.0
157.0
20.0
0.0
69.0
5.0
0.0
0.0
0.0
0.0
94.0
0.0
0.0
86.0
0.0
13.0
0.0
0.0
0.0
0.0
0.0
0.0
0.0
175.0
0.0
0.0
0.0
0.0
0.0
0.0
0.0
0.0
0.0
0.0
0.0
221.0
137.0
0.0
56.0
5.0
0.0
119.0
15.0
112.0
15.0
0.0
0.0
0.0
0.0
3.0
0.0
0.0
0.0
140.0
15.0
64.0
0.0
0.0
20.0
0.0
53.0
53.0
76.0
48.0
0.0
15.0
5.0
0.0
0.0
0.0
8.0
3.0
25.0
0.0
0.0
30.0
117.0
358.0
137.0
140.0
25.0
13.0
38.0
0.0
51.0
0.0
43.0
94.0
58.0
127.0
0.0
0.0
25.0
0.0
64.0
25.0
0.0
13.0
127.0
0.0
0.0
127.0
51.0
51.0
13.0
13.0
0.0
0.0
76.0
0.0
0.0
0.0
0.0
64.0
13.0
0.0
25.0
76.0
25.0
0.0
0.0
0.0
13.0
0.0
0.0
0.0
0.0
0.0
0.0
0.0
51.0
102.0
0.0
0.0
0.0
25.0
38.0
0.0
13.0
25.0
0.0
0.0
25.0
0.0
0.0
0.0
13.0
0.0
0.0
0.0
0.0
0.0
0.0
25.0
0.0
0.0
0.0
0.0
0.0
25.0
0.0
0.0
0.0
0.0
0.0
13.0
13.0
0.0
0.0
259.0
89.0
51.0
0.0
0.0
0.0
0.0
0.0
5.0
0.0
5.0
13.0
0.0
38.0
0.0
13.0
13.0
0.0
0.0
0.0
0.0
13.0
0.0
0.0
0.0
0.0
51.0
203.0
0.0
10.0
0.0
0.0
0.0
0.0
0.0
0.0
0.0
0.0
8.0
0.0
0.0
0.0
0.0
0.0
0.0
0.0
0.0
0.0
23.0
38.0
13.0
0.0
0.0
0.0
0.0
0.0
0.0
0.0
84.0
51.0
0.0
0.0
33.0
114.0
0.0
0.0
0.0
25.0
15.0
0.0
0.0
0.0
18.0
25.0
0.0
0.0
0.0
0.0
0.0
0.0
5.0
0.0
15.0
13.0
0.0
0.0
0.0
0.0
46.0
135.0
5.0
0.0
0.0
0.0
0.0
0.0
0.0
20.0
0.0
0.0
0.0
0.0
0.0
0.0
33.0
0.0
0.0
0.0
0.0
43.0
0.0
0.0
0.0
0.0
0.0
0.0
0.0
0.0
91.0
41.0
0.0
8.0
132.0
0.0
10.0
18.0
33.0
36.0
546.0
36.0
0.0
66.0
41.0
0.0
0.0
0.0
0.0
15.0
191.0
3.0
0.0
41.0
10.0
74.0
3.0
0.0
0.0
168.0
18.0
23.0
0.0
0.0
0.0
0.0
165.0
56.0
168.0
15.0
0.0
0.0
0.0
0.0
18.0
0.0
0.0
8.0
198.0
0.0
160.0
0.0
117.0
8.0
0.0
0.0
0.0
0.0
8.0
180.0
41.0
0.0
0.0
112.0
0.0
0.0
94.0
0.0
74.0
5.0
5.0
0.0
0.0
0.0
0.0
10.0
18.0
0.0
84.0
28.0
0.0
0.0
8.0
5.0
0.0
0.0
3.0
0.0
84.0
0.0
0.0
0.0
0.0
0.0
0.0
0.0
53.0
0.0
0.0
150.0
48.0
10.0
30.0
30.0
572.0
0.0
0.0
0.0
0.0
0.0
0.0
0.0
0.0
0.0
94.0
0.0
0.0
94.0
124.0
15.0
3.0
56.0
0.0
0.0
0.0
0.0
102.0
109.0
0.0
0.0
43.0
0.0
0.0
10.0
8.0
0.0
0.0
0.0
43.0
0.0
0.0
0.0
142.0
0.0
0.0
0.0
64.0
0.0
0.0
0.0
0.0
0.0
0.0
0.0
0.0
0.0
0.0
0.0
0.0
0.0
0.0
0.0
38.0
51.0
5.0
0.0
0.0
0.0
0.0
0.0
76.0
0.0
5.0
152.0
51.0
8.0
76.0
13.0
76.0
0.0
0.0
51.0
0.0
25.0
51.0
0.0
0.0
13.0
8.0
147.0
0.0
0.0
13.0
0.0
0.0
13.0
0.0
145.0
119.0
13.0
0.0
0.0
0.0
0.0
127.0
0.0
0.0
152.0
76.0
0.0
0.0
0.0
0.0
178.0
0.0
51.0
0.0
0.0
0.0
0.0
0.0
0.0
76.0
13.0
0.0
51.0
10.0
13.0
0.0
0.0
13.0
0.0
10.0
38.0
51.0
38.0
0.0
0.0
0.0
0.0
38.0
0.0
0.0
0.0
102.0
13.0
0.0
0.0
0.0
25.0
51.0
0.0
0.0
0.0
0.0
8.0
0.0
5.0
102.0
0.0
0.0
0.0
0.0
0.0
13.0
0.0
0.0
0.0
0.0
0.0
25.0
25.0
0.0
0.0
0.0
0.0
0.0
0.0
0.0
0.0
0.0
0.0
0.0
0.0
0.0
0.0
51.0
0.0
0.0
0.0
20.0
13.0
0.0
0.0
0.0
8.0
51.0
0.0
64.0
25.0
25.0
0.0
0.0
178.0
0.0
38.0
0.0
140.0
0.0
0.0
51.0
51.0
0.0
0.0
0.0
58.0
0.0
0.0
0.0
0.0
0.0
53.0
0.0
0.0
0.0
0.0
10.0
13.0
10.0
0.0
0.0
0.0
0.0
20.0
0.0
0.0
0.0
0.0
97.0
0.0
0.0
0.0
56.0
0.0
46.0
0.0
0.0
0.0
18.0
5.0
0.0
0.0
51.0
28.0
0.0
53.0
41.0
0.0
0.0
0.0
38.0
0.0
0.0
0.0
0.0
0.0
0.0
13.0
97.0
10.0
64.0
71.0
94.0
5.0
0.0
0.0
0.0
0.0
163.0
305.0
0.0
0.0
0.0
0.0
18.0
155.0
18.0
0.0
0.0
0.0
0.0
0.0
18.0
89.0
13.0
10.0
203.0
3.0
0.0
0.0
0.0
0.0
36.0
0.0
79.0
5.0
0.0
0.0
0.0
0.0
13.0
0.0
0.0
0.0
8.0
25.0
0.0
0.0
0.0
0.0
0.0
0.0
0.0
5.0
NaN
0.0
0.0
0.0
0.0
0.0
0.0
61.0
0.0
0.0
0.0
64.0
3.0
3.0
8.0
8.0
0.0
0.0
NaN
NaN
NaN
NaN
NaN
NaN
NaN
NaN
NaN
NaN
NaN
NaN
NaN
NaN
NaN
NaN
NaN
