0.0
0.0
0.0
0.0
0.0
0.0
0.0
0.0
25.0
0.0
0.0
0.0
0.0
0.0
0.0
0.0
0.0
0.0
51.0
0.0
0.0
0.0
0.0
0.0
0.0
0.0
0.0
0.0
25.0
38.0
0.0
0.0
18.0
0.0
0.0
0.0
38.0
5.0
5.0
0.0
0.0
0.0
145.0
5.0
8.0
0.0
0.0
0.0
0.0
0.0
0.0
18.0
0.0
20.0
23.0
0.0
0.0
38.0
5.0
0.0
0.0
5.0
0.0
0.0
13.0
33.0
30.0
0.0
0.0
0.0
0.0
0.0
0.0
0.0
0.0
0.0
0.0
0.0
0.0
0.0
0.0
0.0
0.0
0.0
0.0
0.0
0.0
0.0
0.0
104.0
338.0
23.0
0.0
0.0
79.0
97.0
48.0
0.0
0.0
0.0
5.0
23.0
0.0
8.0
0.0
20.0
10.0
30.0
0.0
0.0
0.0
152.0
0.0
10.0
0.0
0.0
8.0
3.0
0.0
0.0
0.0
0.0
0.0
23.0
48.0
18.0
0.0
0.0
0.0
0.0
38.0
0.0
0.0
13.0
0.0
38.0
0.0
0.0
3.0
13.0
0.0
13.0
0.0
0.0
0.0
41.0
3.0
0.0
0.0
0.0
0.0
0.0
10.0
0.0
0.0
0.0
0.0
0.0
104.0
112.0
0.0
3.0
132.0
8.0
0.0
0.0
0.0
0.0
0.0
0.0
0.0
0.0
0.0
0.0
30.0
0.0
5.0
0.0
0.0
0.0
25.0
0.0
15.0
0.0
0.0
97.0
0.0
74.0
51.0
0.0
0.0
0.0
0.0
0.0
0.0
30.0
0.0
0.0
0.0
0.0
0.0
0.0
0.0
0.0
0.0
0.0
0.0
3.0
0.0
0.0
0.0
0.0
0.0
0.0
15.0
3.0
0.0
0.0
0.0
0.0
0.0
8.0
0.0
3.0
3.0
0.0
5.0
0.0
3.0
0.0
0.0
3.0
0.0
0.0
0.0
0.0
0.0
3.0
0.0
0.0
0.0
0.0
0.0
0.0
0.0
0.0
0.0
0.0
38.0
0.0
0.0
0.0
114.0
25.0
0.0
0.0
0.0
0.0
0.0
0.0
0.0
0.0
0.0
0.0
0.0
0.0
0.0
0.0
0.0
0.0
0.0
0.0
0.0
0.0
0.0
0.0
0.0
13.0
0.0
0.0
0.0
0.0
102.0
13.0
13.0
0.0
51.0
0.0
0.0
0.0
0.0
0.0
13.0
0.0
51.0
0.0
0.0
13.0
25.0
0.0
0.0
0.0
0.0
38.0
0.0
0.0
0.0
0.0
0.0
0.0
0.0
0.0
0.0
0.0
0.0
0.0
0.0
0.0
0.0
0.0
13.0
13.0
13.0
0.0
0.0
0.0
0.0
0.0
0.0
0.0
0.0
25.0
0.0
0.0
0.0
0.0
0.0
0.0
0.0
0.0
0.0
0.0
0.0
0.0
25.0
0.0
0.0
0.0
0.0
0.0
0.0
0.0
0.0
0.0
0.0
0.0
0.0
0.0
76.0
0.0
0.0
0.0
0.0
0.0
13.0
25.0
0.0
229.0
0.0
0.0
0.0
0.0
0.0
0.0
0.0
0.0
0.0
0.0
0.0
0.0
25.0
0.0
0.0
0.0
25.0
0.0
33.0
0.0
0.0
0.0
0.0
0.0
0.0
0.0
0.0
5.0
0.0
0.0
0.0
119.0
107.0
46.0
33.0
20.0
0.0
0.0
0.0
0.0
76.0
0.0
0.0
94.0
61.0
0.0
0.0
0.0
0.0
0.0
0.0
48.0
0.0
0.0
0.0
0.0
30.0
13.0
0.0
0.0
0.0
0.0
0.0
274.0
51.0
0.0
0.0
0.0
0.0
8.0
3.0
0.0
0.0
0.0
0.0
257.0
3.0
0.0
0.0
51.0
0.0
104.0
5.0
97.0
3.0
76.0
0.0
0.0
33.0
58.0
0.0
15.0
0.0
10.0
30.0
3.0
30.0
71.0
0.0
0.0
0.0
28.0
0.0
0.0
0.0
18.0
5.0
0.0
0.0
3.0
3.0
5.0
0.0
5.0
0.0
15.0
0.0
0.0
46.0
23.0
43.0
18.0
0.0
0.0
18.0
312.0
5.0
0.0
0.0
0.0
0.0
0.0
0.0
48.0
0.0
165.0
0.0
0.0
0.0
20.0
0.0
0.0
5.0
0.0
33.0
0.0
0.0
20.0
18.0
8.0
0.0
94.0
8.0
0.0
28.0
0.0
0.0
0.0
25.0
0.0
30.0
0.0
0.0
25.0
13.0
0.0
8.0
0.0
0.0
8.0
0.0
0.0
99.0
25.0
0.0
0.0
0.0
0.0
0.0
33.0
0.0
0.0
0.0
0.0
0.0
3.0
25.0
0.0
5.0
36.0
25.0
13.0
0.0
178.0
25.0
0.0
38.0
0.0
0.0
10.0
0.0
0.0
102.0
25.0
38.0
0.0
0.0
0.0
0.0
0.0
0.0
0.0
0.0
0.0
0.0
0.0
0.0
0.0
152.0
25.0
0.0
0.0
0.0
0.0
0.0
0.0
0.0
0.0
0.0
0.0
0.0
0.0
0.0
0.0
0.0
0.0
0.0
0.0
0.0
0.0
178.0
25.0
25.0
0.0
0.0
0.0
0.0
0.0
0.0
0.0
0.0
51.0
0.0
0.0
0.0
0.0
0.0
0.0
0.0
0.0
0.0
25.0
0.0
0.0
0.0
0.0
0.0
0.0
0.0
0.0
0.0
0.0
0.0
0.0
0.0
0.0
0.0
0.0
25.0
0.0
13.0
13.0
0.0
0.0
0.0
0.0
0.0
0.0
13.0
0.0
0.0
0.0
13.0
0.0
0.0
0.0
0.0
0.0
0.0
0.0
10.0
13.0
0.0
0.0
0.0
51.0
25.0
38.0
0.0
0.0
0.0
38.0
76.0
0.0
0.0
0.0
0.0
64.0
25.0
25.0
25.0
0.0
0.0
0.0
0.0
0.0
0.0
0.0
0.0
0.0
0.0
13.0
0.0
0.0
0.0
0.0
0.0
13.0
0.0
25.0
0.0
0.0
0.0
0.0
0.0
0.0
0.0
0.0
0.0
0.0
0.0
0.0
0.0
0.0
0.0
0.0
0.0
0.0
0.0
76.0
76.0
0.0
0.0
0.0
0.0
0.0
0.0
0.0
25.0
13.0
0.0
0.0
0.0
0.0
0.0
102.0
25.0
0.0
0.0
0.0
0.0
0.0
0.0
0.0
0.0
0.0
0.0
0.0
97.0
0.0
0.0
0.0
0.0
0.0
0.0
33.0
30.0
0.0
0.0
13.0
0.0
0.0
0.0
0.0
0.0
0.0
0.0
0.0
64.0
0.0
0.0
0.0
0.0
5.0
0.0
0.0
0.0
0.0
0.0
0.0
5.0
0.0
25.0
170.0
10.0
0.0
0.0
28.0
140.0
8.0
0.0
13.0
0.0
5.0
8.0
0.0
38.0
15.0
0.0
8.0
51.0
0.0
0.0
51.0
0.0
0.0
0.0
0.0
8.0
0.0
0.0
25.0
0.0
0.0
0.0
0.0
0.0
0.0
0.0
0.0
0.0
94.0
0.0
0.0
0.0
64.0
0.0
0.0
0.0
0.0
0.0
0.0
79.0
8.0
160.0
0.0
81.0
0.0
0.0
0.0
0.0
0.0
0.0
13.0
15.0
0.0
196.0
0.0
0.0
0.0
28.0
0.0
15.0
0.0
0.0
0.0
0.0
0.0
0.0
8.0
13.0
79.0
0.0
0.0
0.0
0.0
0.0
0.0
0.0
0.0
0.0
23.0
13.0
0.0
0.0
0.0
0.0
13.0
8.0
0.0
157.0
28.0
13.0
18.0
0.0
0.0
36.0
0.0
0.0
0.0
0.0
0.0
3.0
3.0
5.0
0.0
0.0
0.0
0.0
0.0
0.0
0.0
0.0
0.0
0.0
3.0
3.0
0.0
10.0
0.0
0.0
0.0
0.0
0.0
0.0
0.0
18.0
0.0
18.0
0.0
0.0
0.0
0.0
0.0
51.0
0.0
0.0
0.0
0.0
0.0
20.0
0.0
33.0
71.0
5.0
0.0
0.0
0.0
25.0
51.0
0.0
0.0
25.0
0.0
0.0
13.0
0.0
0.0
0.0
0.0
0.0
0.0
0.0
13.0
102.0
0.0
0.0
0.0
0.0
0.0
0.0
0.0
0.0
0.0
0.0
0.0
0.0
0.0
25.0
0.0
25.0
0.0
0.0
13.0
13.0
38.0
0.0
0.0
0.0
0.0
0.0
0.0
0.0
0.0
0.0
0.0
0.0
0.0
0.0
0.0
0.0
0.0
64.0
0.0
0.0
0.0
0.0
13.0
0.0
0.0
0.0
0.0
0.0
0.0
0.0
0.0
0.0
13.0
0.0
0.0
0.0
25.0
0.0
0.0
0.0
0.0
38.0
0.0
0.0
0.0
0.0
0.0
51.0
25.0
0.0
0.0
0.0
0.0
13.0
0.0
0.0
0.0
0.0
0.0
0.0
0.0
0.0
0.0
0.0
13.0
0.0
0.0
0.0
64.0
0.0
0.0
0.0
38.0
0.0
0.0
76.0
38.0
0.0
0.0
13.0
13.0
0.0
0.0
0.0
0.0
0.0
0.0
0.0
0.0
0.0
0.0
25.0
0.0
0.0
13.0
0.0
13.0
0.0
0.0
0.0
0.0
0.0
0.0
0.0
0.0
64.0
51.0
0.0
0.0
0.0
13.0
0.0
0.0
0.0
0.0
0.0
0.0
0.0
0.0
0.0
0.0
0.0
0.0
0.0
0.0
0.0
0.0
0.0
38.0
13.0
0.0
0.0
0.0
0.0
0.0
0.0
0.0
0.0
0.0
0.0
0.0
0.0
0.0
0.0
0.0
0.0
0.0
0.0
0.0
25.0
0.0
0.0
0.0
0.0
0.0
0.0
0.0
0.0
0.0
0.0
0.0
0.0
0.0
0.0
0.0
0.0
0.0
0.0
0.0
0.0
0.0
0.0
0.0
0.0
0.0
0.0
0.0
0.0
0.0
38.0
0.0
38.0
13.0
0.0
0.0
0.0
0.0
0.0
13.0
0.0
0.0
0.0
0.0
102.0
25.0
0.0
0.0
0.0
0.0
25.0
0.0
0.0
0.0
25.0
0.0
0.0
0.0
0.0
0.0
0.0
13.0
0.0
0.0
0.0
0.0
13.0
0.0
0.0
0.0
0.0
25.0
0.0
0.0
25.0
64.0
0.0
0.0
0.0
0.0
0.0
0.0
0.0
0.0
0.0
0.0
0.0
0.0
0.0
0.0
0.0
0.0
0.0
0.0
13.0
25.0
0.0
13.0
0.0
0.0
0.0
0.0
0.0
0.0
0.0
0.0
0.0
0.0
0.0
0.0
0.0
0.0
25.0
13.0
13.0
0.0
0.0
0.0
13.0
13.0
25.0
25.0
0.0
0.0
13.0
0.0
0.0
13.0
25.0
0.0
13.0
13.0
0.0
0.0
0.0
0.0
0.0
0.0
0.0
0.0
0.0
0.0
0.0
0.0
0.0
0.0
0.0
25.0
0.0
0.0
0.0
0.0
25.0
0.0
0.0
0.0
0.0
0.0
0.0
0.0
0.0
0.0
0.0
0.0
0.0
0.0
0.0
0.0
64.0
25.0
0.0
0.0
0.0
0.0
0.0
0.0
0.0
0.0
25.0
0.0
0.0
0.0
0.0
76.0
38.0
0.0
0.0
0.0
0.0
13.0
127.0
0.0
0.0
0.0
0.0
0.0
NaN
NaN
NaN
NaN
NaN
NaN
NaN
NaN
NaN
NaN
NaN
NaN
NaN
NaN
NaN
NaN
NaN
NaN
NaN
NaN
NaN
NaN
NaN
NaN
NaN
NaN
NaN
NaN
NaN
NaN
NaN
NaN
NaN
NaN
0.0
0.0
0.0
0.0
0.0
0.0
0.0
0.0
0.0
0.0
102.0
0.0
0.0
0.0
0.0
25.0
51.0
0.0
0.0
25.0
25.0
216.0
76.0
25.0
0.0
0.0
0.0
0.0
0.0
0.0
0.0
0.0
0.0
0.0
13.0
25.0
0.0
0.0
25.0
0.0
0.0
13.0
13.0
0.0
0.0
0.0
0.0
0.0
51.0
0.0
0.0
51.0
0.0
0.0
0.0
13.0
76.0
0.0
0.0
0.0
0.0
102.0
0.0
0.0
0.0
0.0
0.0
0.0
0.0
0.0
0.0
0.0
0.0
0.0
0.0
0.0
0.0
0.0
0.0
76.0
0.0
0.0
0.0
0.0
0.0
0.0
0.0
0.0
0.0
0.0
0.0
0.0
0.0
0.0
0.0
0.0
0.0
0.0
0.0
0.0
51.0
0.0
0.0
0.0
0.0
0.0
25.0
0.0
0.0
25.0
0.0
0.0
25.0
0.0
0.0
0.0
0.0
0.0
0.0
0.0
0.0
0.0
25.0
0.0
0.0
25.0
0.0
0.0
13.0
25.0
0.0
0.0
0.0
0.0
0.0
0.0
0.0
0.0
0.0
0.0
0.0
0.0
0.0
0.0
0.0
0.0
0.0
0.0
0.0
0.0
0.0
0.0
0.0
0.0
0.0
25.0
254.0
0.0
0.0
0.0
0.0
0.0
0.0
0.0
0.0
0.0
0.0
51.0
0.0
0.0
0.0
0.0
0.0
0.0
0.0
0.0
0.0
0.0
0.0
0.0
0.0
0.0
0.0
0.0
0.0
0.0
0.0
0.0
0.0
0.0
0.0
0.0
0.0
0.0
0.0
0.0
0.0
76.0
0.0
0.0
0.0
0.0
0.0
0.0
0.0
0.0
0.0
0.0
0.0
0.0
0.0
0.0
0.0
0.0
0.0
0.0
0.0
0.0
13.0
0.0
13.0
13.0
25.0
25.0
25.0
25.0
0.0
25.0
25.0
0.0
0.0
0.0
0.0
0.0
0.0
0.0
0.0
0.0
0.0
0.0
0.0
0.0
25.0
0.0
0.0
0.0
0.0
0.0
0.0
0.0
102.0
51.0
0.0
0.0
0.0
0.0
25.0
0.0
0.0
0.0
0.0
0.0
0.0
38.0
0.0
25.0
0.0
0.0
0.0
0.0
0.0
0.0
0.0
0.0
0.0
0.0
0.0
0.0
0.0
0.0
0.0
0.0
0.0
0.0
0.0
0.0
25.0
0.0
0.0
0.0
25.0
0.0
0.0
0.0
13.0
0.0
0.0
25.0
0.0
13.0
0.0
0.0
0.0
13.0
25.0
76.0
0.0
0.0
0.0
0.0
0.0
0.0
0.0
0.0
0.0
0.0
0.0
0.0
152.0
0.0
0.0
0.0
0.0
38.0
0.0
0.0
0.0
0.0
0.0
0.0
25.0
13.0
0.0
0.0
0.0
0.0
0.0
0.0
0.0
0.0
0.0
0.0
0.0
0.0
0.0
0.0
0.0
0.0
0.0
0.0
NaN
NaN
NaN
NaN
NaN
NaN
NaN
NaN
NaN
NaN
NaN
NaN
NaN
NaN
NaN
NaN
NaN
NaN
NaN
NaN
0.0
0.0
0.0
0.0
0.0
0.0
0.0
0.0
0.0
0.0
0.0
0.0
0.0
0.0
0.0
0.0
0.0
0.0
0.0
0.0
0.0
0.0
0.0
51.0
0.0
0.0
0.0
0.0
0.0
0.0
0.0
0.0
102.0
0.0
0.0
76.0
0.0
0.0
0.0
0.0
0.0
0.0
0.0
0.0
0.0
0.0
0.0
0.0
0.0
0.0
0.0
0.0
0.0
0.0
152.0
152.0
0.0
0.0
0.0
0.0
0.0
0.0
0.0
0.0
0.0
0.0
64.0
0.0
25.0
0.0
0.0
0.0
0.0
0.0
0.0
0.0
0.0
0.0
0.0
0.0
0.0
0.0
0.0
0.0
13.0
0.0
0.0
0.0
0.0
13.0
13.0
0.0
0.0
0.0
0.0
0.0
0.0
0.0
0.0
0.0
0.0
64.0
0.0
0.0
25.0
0.0
0.0
0.0
0.0
0.0
0.0
0.0
0.0
0.0
0.0
0.0
0.0
0.0
0.0
13.0
0.0
0.0
0.0
0.0
0.0
0.0
0.0
0.0
0.0
0.0
25.0
0.0
0.0
0.0
0.0
0.0
51.0
0.0
0.0
0.0
0.0
0.0
0.0
0.0
0.0
0.0
0.0
0.0
51.0
0.0
38.0
0.0
0.0
0.0
0.0
0.0
0.0
0.0
0.0
0.0
0.0
0.0
0.0
0.0
0.0
0.0
0.0
0.0
13.0
0.0
0.0
0.0
0.0
0.0
0.0
0.0
64.0
13.0
0.0
0.0
0.0
0.0
0.0
0.0
0.0
0.0
0.0
0.0
0.0
25.0
0.0
0.0
76.0
0.0
0.0
0.0
13.0
0.0
0.0
0.0
0.0
0.0
0.0
0.0
0.0
0.0
0.0
38.0
127.0
0.0
0.0
0.0
51.0
0.0
0.0
0.0
0.0
0.0
0.0
0.0
0.0
0.0
0.0
0.0
0.0
0.0
0.0
0.0
0.0
0.0
0.0
0.0
0.0
0.0
0.0
25.0
0.0
0.0
0.0
0.0
0.0
0.0
0.0
0.0
0.0
0.0
0.0
0.0
0.0
0.0
0.0
0.0
0.0
0.0
28.0
0.0
0.0
0.0
0.0
0.0
0.0
0.0
25.0
0.0
0.0
0.0
0.0
147.0
102.0
0.0
178.0
3.0
0.0
0.0
48.0
0.0
94.0
28.0
0.0
0.0
0.0
0.0
64.0
25.0
0.0
0.0
0.0
0.0
25.0
0.0
0.0
3.0
0.0
0.0
0.0
0.0
0.0
0.0
0.0
0.0
0.0
0.0
86.0
51.0
0.0
0.0
0.0
0.0
0.0
0.0
0.0
0.0
0.0
10.0
0.0
102.0
0.0
0.0
0.0
0.0
0.0
76.0
0.0
0.0
0.0
51.0
0.0
0.0
0.0
13.0
8.0
0.0
0.0
8.0
0.0
0.0
0.0
5.0
0.0
0.0
0.0
0.0
0.0
8.0
5.0
8.0
5.0
3.0
0.0
0.0
104.0
259.0
76.0
51.0
0.0
0.0
152.0
38.0
5.0
13.0
25.0
0.0
0.0
0.0
0.0
0.0
0.0
0.0
102.0
8.0
0.0
0.0
5.0
0.0
5.0
0.0
0.0
0.0
0.0
0.0
0.0
0.0
0.0
0.0
0.0
0.0
0.0
0.0
25.0
0.0
25.0
51.0
25.0
0.0
0.0
0.0
0.0
0.0
203.0
38.0
0.0
25.0
0.0
0.0
0.0
0.0
0.0
0.0
0.0
0.0
102.0
0.0
25.0
25.0
51.0
0.0
25.0
0.0
0.0
0.0
0.0
51.0
0.0
0.0
0.0
0.0
0.0
0.0
0.0
0.0
0.0
25.0
0.0
0.0
0.0
0.0
0.0
0.0
0.0
0.0
0.0
0.0
0.0
0.0
0.0
0.0
0.0
0.0
0.0
0.0
0.0
0.0
0.0
0.0
0.0
0.0
0.0
25.0
13.0
64.0
0.0
13.0
13.0
0.0
0.0
13.0
0.0
0.0
0.0
0.0
0.0
25.0
51.0
0.0
13.0
25.0
0.0
0.0
0.0
0.0
0.0
0.0
0.0
0.0
0.0
0.0
0.0
0.0
0.0
0.0
0.0
25.0
0.0
127.0
25.0
0.0
0.0
0.0
0.0
0.0
0.0
25.0
0.0
0.0
13.0
0.0
0.0
0.0
0.0
25.0
0.0
0.0
0.0
0.0
0.0
0.0
0.0
0.0
0.0
0.0
0.0
0.0
0.0
0.0
0.0
0.0
0.0
0.0
0.0
0.0
0.0
0.0
0.0
0.0
0.0
0.0
0.0
0.0
0.0
0.0
0.0
0.0
0.0
0.0
0.0
0.0
51.0
0.0
0.0
0.0
25.0
0.0
0.0
0.0
0.0
0.0
0.0
0.0
0.0
0.0
0.0
0.0
0.0
0.0
0.0
0.0
0.0
0.0
0.0
0.0
0.0
0.0
0.0
0.0
0.0
0.0
0.0
0.0
64.0
0.0
0.0
0.0
0.0
0.0
0.0
0.0
0.0
0.0
89.0
0.0
0.0
0.0
0.0
25.0
0.0
38.0
0.0
0.0
0.0
0.0
0.0
0.0
0.0
0.0
0.0
0.0
0.0
0.0
0.0
0.0
76.0
0.0
0.0
0.0
0.0
0.0
25.0
0.0
8.0
0.0
5.0
107.0
140.0
3.0
0.0
0.0
0.0
0.0
0.0
0.0
0.0
0.0
28.0
8.0
0.0
0.0
206.0
18.0
0.0
0.0
168.0
0.0
0.0
0.0
5.0
0.0
5.0
0.0
0.0
264.0
0.0
0.0
0.0
0.0
10.0
69.0
0.0
0.0
0.0
0.0
0.0
0.0
0.0
0.0
0.0
0.0
89.0
0.0
99.0
86.0
69.0
74.0
0.0
0.0
0.0
38.0
0.0
0.0
0.0
0.0
0.0
0.0
8.0
0.0
122.0
310.0
0.0
0.0
0.0
0.0
0.0
0.0
61.0
0.0
33.0
0.0
0.0
0.0
0.0
0.0
0.0
0.0
0.0
0.0
0.0
0.0
0.0
0.0
0.0
0.0
0.0
0.0
0.0
0.0
0.0
185.0
38.0
0.0
5.0
104.0
74.0
28.0
0.0
0.0
0.0
0.0
0.0
0.0
0.0
0.0
13.0
18.0
30.0
0.0
0.0
0.0
20.0
81.0
0.0
0.0
0.0
0.0
0.0
0.0
0.0
0.0
0.0
0.0
0.0
0.0
0.0
0.0
51.0
64.0
0.0
0.0
13.0
0.0
0.0
0.0
0.0
0.0
0.0
0.0
0.0
0.0
0.0
0.0
13.0
13.0
0.0
0.0
0.0
0.0
0.0
0.0
0.0
0.0
0.0
0.0
0.0
0.0
0.0
0.0
0.0
0.0
0.0
0.0
0.0
0.0
0.0
0.0
0.0
0.0
0.0
0.0
0.0
0.0
0.0
0.0
51.0
64.0
0.0
0.0
0.0
0.0
13.0
0.0
0.0
0.0
0.0
0.0
38.0
127.0
0.0
0.0
13.0
0.0
0.0
0.0
0.0
13.0
0.0
0.0
0.0
0.0
38.0
13.0
0.0
0.0
89.0
13.0
0.0
38.0
38.0
0.0
0.0
13.0
0.0
25.0
0.0
0.0
13.0
25.0
25.0
0.0
0.0
0.0
0.0
0.0
76.0
0.0
0.0
0.0
0.0
0.0
0.0
127.0
0.0
0.0
38.0
0.0
0.0
64.0
0.0
0.0
25.0
25.0
13.0
0.0
0.0
0.0
0.0
0.0
0.0
0.0
0.0
0.0
0.0
0.0
0.0
0.0
0.0
0.0
0.0
0.0
0.0
0.0
0.0
0.0
38.0
0.0
0.0
0.0
0.0
0.0
0.0
0.0
0.0
0.0
0.0
0.0
0.0
0.0
0.0
0.0
13.0
0.0
0.0
0.0
0.0
0.0
0.0
25.0
0.0
0.0
0.0
0.0
0.0
0.0
0.0
0.0
0.0
0.0
0.0
0.0
0.0
0.0
0.0
0.0
0.0
0.0
0.0
0.0
0.0
0.0
51.0
0.0
0.0
0.0
10.0
3.0
3.0
0.0
36.0
0.0
0.0
64.0
0.0
0.0
0.0
0.0
112.0
0.0
23.0
5.0
0.0
0.0
8.0
3.0
0.0
0.0
0.0
8.0
3.0
0.0
0.0
0.0
0.0
0.0
0.0
51.0
10.0
13.0
25.0
0.0
0.0
0.0
0.0
23.0
3.0
0.0
0.0
8.0
5.0
0.0
0.0
5.0
0.0
0.0
0.0
241.0
114.0
0.0
0.0
3.0
0.0
0.0
5.0
0.0
13.0
5.0
0.0
3.0
18.0
25.0
0.0
0.0
0.0
0.0
23.0
25.0
0.0
226.0
0.0
0.0
3.0
0.0
64.0
0.0
3.0
0.0
0.0
0.0
0.0
0.0
48.0
51.0
0.0
0.0
0.0
0.0
0.0
3.0
0.0
0.0
30.0
206.0
0.0
23.0
0.0
0.0
0.0
0.0
13.0
13.0
79.0
18.0
56.0
198.0
0.0
150.0
0.0
8.0
142.0
0.0
193.0
8.0
193.0
0.0
0.0
0.0
5.0
0.0
0.0
0.0
0.0
0.0
5.0
0.0
13.0
0.0
119.0
0.0
0.0
0.0
0.0
0.0
69.0
0.0
0.0
0.0
0.0
135.0
0.0
0.0
76.0
0.0
0.0
0.0
0.0
20.0
0.0
0.0
0.0
0.0
0.0
0.0
0.0
0.0
0.0
0.0
104.0
0.0
79.0
13.0
0.0
0.0
0.0
0.0
8.0
0.0
8.0
69.0
0.0
122.0
0.0
0.0
0.0
0.0
0.0
0.0
0.0
0.0
0.0
18.0
0.0
0.0
0.0
76.0
229.0
51.0
0.0
0.0
0.0
0.0
0.0
0.0
0.0
0.0
0.0
0.0
0.0
0.0
0.0
0.0
0.0
0.0
13.0
0.0
0.0
0.0
0.0
0.0
0.0
0.0
0.0
0.0
0.0
0.0
25.0
0.0
0.0
0.0
0.0
0.0
0.0
25.0
0.0
0.0
0.0
0.0
0.0
13.0
0.0
0.0
0.0
0.0
0.0
0.0
0.0
0.0
0.0
0.0
0.0
0.0
0.0
0.0
13.0
0.0
0.0
0.0
0.0
0.0
0.0
0.0
0.0
0.0
0.0
0.0
0.0
89.0
0.0
0.0
0.0
0.0
13.0
0.0
0.0
0.0
0.0
0.0
0.0
0.0
0.0
0.0
13.0
25.0
0.0
0.0
0.0
0.0
0.0
0.0
0.0
0.0
0.0
0.0
0.0
0.0
0.0
0.0
0.0
114.0
0.0
13.0
0.0
0.0
0.0
0.0
13.0
13.0
13.0
0.0
0.0
0.0
0.0
0.0
0.0
0.0
0.0
0.0
0.0
0.0
0.0
0.0
0.0
0.0
0.0
0.0
0.0
0.0
0.0
0.0
0.0
13.0
0.0
0.0
64.0
0.0
0.0
0.0
0.0
0.0
0.0
0.0
0.0
0.0
0.0
0.0
38.0
127.0
76.0
0.0
0.0
0.0
0.0
0.0
0.0
0.0
0.0
0.0
0.0
0.0
0.0
0.0
0.0
0.0
0.0
0.0
13.0
79.0
0.0
25.0
13.0
0.0
0.0
0.0
0.0
0.0
0.0
0.0
0.0
0.0
0.0
0.0
0.0
0.0
0.0
0.0
0.0
18.0
0.0
0.0
0.0
0.0
13.0
0.0
0.0
0.0
0.0
0.0
0.0
0.0
0.0
0.0
0.0
0.0
0.0
0.0
18.0
0.0
0.0
5.0
18.0
0.0
30.0
0.0
0.0
0.0
0.0
0.0
0.0
0.0
8.0
0.0
0.0
0.0
0.0
0.0
5.0
0.0
165.0
0.0
25.0
0.0
89.0
69.0
0.0
0.0
107.0
0.0
0.0
0.0
0.0
66.0
10.0
5.0
41.0
0.0
0.0
0.0
0.0
0.0
0.0
0.0
10.0
0.0
0.0
0.0
30.0
25.0
25.0
23.0
23.0
0.0
119.0
0.0
117.0
0.0
0.0
0.0
0.0
0.0
0.0
0.0
0.0
8.0
246.0
10.0
0.0
0.0
0.0
43.0
0.0
79.0
0.0
18.0
114.0
0.0
127.0
0.0
0.0
0.0
71.0
0.0
89.0
0.0
0.0
30.0
0.0
0.0
0.0
0.0
0.0
0.0
0.0
3.0
3.0
0.0
0.0
0.0
3.0
0.0
0.0
5.0
0.0
0.0
0.0
0.0
0.0
0.0
0.0
112.0
102.0
0.0
0.0
23.0
0.0
0.0
0.0
0.0
0.0
0.0
0.0
0.0
10.0
23.0
28.0
0.0
0.0
0.0
0.0
0.0
0.0
18.0
0.0
0.0
0.0
0.0
0.0
0.0
0.0
0.0
0.0
0.0
0.0
0.0
0.0
0.0
8.0
0.0
0.0
0.0
0.0
0.0
0.0
0.0
0.0
0.0
0.0
0.0
0.0
0.0
0.0
0.0
102.0
0.0
0.0
0.0
0.0
0.0
0.0
0.0
0.0
13.0
13.0
0.0
0.0
13.0
13.0
0.0
0.0
0.0
0.0
0.0
0.0
0.0
0.0
0.0
0.0
13.0
0.0
0.0
0.0
76.0
0.0
0.0
13.0
0.0
0.0
0.0
0.0
0.0
13.0
0.0
0.0
0.0
0.0
0.0
0.0
0.0
0.0
0.0
0.0
64.0
0.0
0.0
0.0
0.0
0.0
25.0
0.0
0.0
0.0
0.0
0.0
0.0
0.0
0.0
0.0
0.0
0.0
0.0
0.0
0.0
0.0
0.0
0.0
0.0
0.0
0.0
0.0
0.0
0.0
76.0
0.0
0.0
0.0
0.0
0.0
0.0
0.0
0.0
0.0
10.0
0.0
0.0
0.0
0.0
0.0
64.0
89.0
25.0
13.0
0.0
0.0
0.0
0.0
0.0
38.0
30.0
13.0
0.0
0.0
0.0
0.0
0.0
0.0
0.0
0.0
30.0
18.0
0.0
0.0
0.0
0.0
0.0
0.0
0.0
0.0
0.0
0.0
0.0
0.0
0.0
0.0
0.0
0.0
0.0
262.0
0.0
0.0
43.0
0.0
0.0
0.0
0.0
145.0
0.0
81.0
84.0
56.0
0.0
0.0
23.0
0.0
0.0
0.0
0.0
0.0
0.0
0.0
287.0
43.0
0.0
0.0
246.0
434.0
0.0
0.0
130.0
0.0
0.0
0.0
0.0
0.0
0.0
8.0
69.0
79.0
0.0
0.0
0.0
0.0
18.0
0.0
244.0
18.0
0.0
0.0
0.0
0.0
41.0
0.0
18.0
84.0
28.0
0.0
5.0
8.0
18.0
23.0
0.0
5.0
5.0
0.0
0.0
0.0
0.0
61.0
0.0
3.0
23.0
0.0
168.0
0.0
43.0
0.0
0.0
267.0
28.0
94.0
89.0
28.0
18.0
41.0
8.0
43.0
38.0
33.0
8.0
8.0
0.0
0.0
0.0
0.0
3.0
0.0
0.0
0.0
0.0
0.0
43.0
3.0
0.0
0.0
0.0
0.0
224.0
157.0
8.0
20.0
23.0
0.0
0.0
0.0
0.0
43.0
0.0
0.0
0.0
0.0
0.0
109.0
0.0
0.0
0.0
76.0
51.0
0.0
0.0
25.0
0.0
0.0
0.0
0.0
0.0
0.0
0.0
0.0
0.0
0.0
0.0
0.0
0.0
0.0
0.0
0.0
0.0
0.0
0.0
0.0
25.0
0.0
0.0
0.0
0.0
0.0
0.0
0.0
0.0
0.0
0.0
25.0
13.0
0.0
0.0
0.0
38.0
0.0
25.0
0.0
25.0
0.0
0.0
0.0
0.0
0.0
0.0
0.0
38.0
25.0
0.0
0.0
0.0
25.0
25.0
0.0
0.0
0.0
0.0
0.0
0.0
0.0
0.0
0.0
0.0
0.0
0.0
25.0
25.0
0.0
0.0
13.0
0.0
0.0
0.0
0.0
0.0
0.0
0.0
0.0
0.0
0.0
0.0
0.0
0.0
0.0
0.0
0.0
0.0
13.0
0.0
0.0
25.0
13.0
0.0
0.0
0.0
0.0
0.0
0.0
0.0
0.0
0.0
0.0
0.0
0.0
0.0
0.0
0.0
0.0
0.0
0.0
0.0
0.0
0.0
0.0
0.0
0.0
0.0
25.0
0.0
0.0
0.0
0.0
0.0
0.0
0.0
0.0
0.0
0.0
0.0
0.0
76.0
0.0
13.0
0.0
0.0
0.0
0.0
38.0
51.0
0.0
0.0
0.0
0.0
13.0
0.0
0.0
0.0
0.0
0.0
0.0
0.0
0.0
0.0
0.0
0.0
0.0
0.0
0.0
0.0
0.0
0.0
0.0
0.0
0.0
0.0
0.0
0.0
0.0
25.0
0.0
0.0
0.0
0.0
0.0
0.0
13.0
0.0
0.0
0.0
13.0
0.0
0.0
0.0
0.0
0.0
0.0
0.0
5.0
0.0
0.0
0.0
0.0
0.0
0.0
0.0
0.0
0.0
0.0
0.0
0.0
0.0
0.0
0.0
0.0
0.0
0.0
0.0
0.0
0.0
33.0
18.0
0.0
0.0
8.0
0.0
0.0
0.0
0.0
130.0
0.0
127.0
0.0
152.0
46.0
10.0
0.0
0.0
0.0
0.0
0.0
23.0
46.0
81.0
3.0
0.0
0.0
0.0
3.0
0.0
0.0
0.0
0.0
0.0
0.0
48.0
38.0
0.0
5.0
0.0
38.0
10.0
0.0
0.0
0.0
226.0
0.0
0.0
3.0
0.0
15.0
0.0
0.0
43.0
8.0
13.0
0.0
0.0
0.0
18.0
0.0
5.0
0.0
0.0
8.0
0.0
18.0
0.0
41.0
0.0
0.0
0.0
76.0
102.0
51.0
0.0
0.0
0.0
0.0
0.0
0.0
8.0
0.0
0.0
0.0
0.0
0.0
160.0
0.0
485.0
8.0
10.0
10.0
0.0
5.0
0.0
71.0
5.0
130.0
18.0
127.0
191.0
56.0
3.0
20.0
13.0
0.0
0.0
13.0
18.0
8.0
28.0
94.0
15.0
53.0
0.0
0.0
0.0
0.0
0.0
79.0
0.0
0.0
0.0
0.0
0.0
0.0
0.0
0.0
0.0
0.0
0.0
0.0
0.0
0.0
0.0
0.0
0.0
0.0
0.0
51.0
3.0
0.0
112.0
84.0
20.0
0.0
0.0
0.0
0.0
0.0
0.0
0.0
25.0
48.0
0.0
0.0
74.0
0.0
102.0
0.0
102.0
25.0
0.0
25.0
0.0
0.0
64.0
0.0
0.0
0.0
0.0
0.0
0.0
64.0
0.0
0.0
0.0
13.0
0.0
0.0
0.0
13.0
13.0
0.0
0.0
13.0
0.0
0.0
0.0
0.0
0.0
165.0
25.0
0.0
13.0
25.0
0.0
0.0
25.0
0.0
13.0
127.0
114.0
38.0
0.0
0.0
0.0
0.0
0.0
0.0
0.0
0.0
0.0
25.0
102.0
13.0
0.0
0.0
89.0
0.0
0.0
13.0
0.0
0.0
152.0
13.0
0.0
13.0
0.0
0.0
0.0
0.0
0.0
0.0
0.0
0.0
0.0
0.0
0.0
0.0
0.0
0.0
0.0
38.0
0.0
0.0
0.0
0.0
0.0
0.0
127.0
114.0
0.0
0.0
0.0
0.0
13.0
13.0
0.0
0.0
0.0
0.0
0.0
0.0
13.0
0.0
0.0
0.0
0.0
0.0
0.0
0.0
0.0
0.0
0.0
38.0
0.0
0.0
0.0
0.0
0.0
0.0
0.0
0.0
0.0
0.0
0.0
13.0
0.0
0.0
0.0
0.0
0.0
0.0
0.0
0.0
0.0
0.0
0.0
0.0
0.0
0.0
25.0
38.0
13.0
0.0
0.0
64.0
0.0
0.0
25.0
127.0
13.0
0.0
0.0
0.0
0.0
0.0
0.0
0.0
0.0
0.0
0.0
0.0
0.0
0.0
0.0
0.0
0.0
0.0
0.0
0.0
0.0
0.0
13.0
0.0
0.0
0.0
0.0
0.0
0.0
0.0
0.0
0.0
0.0
8.0
0.0
0.0
0.0
15.0
0.0
0.0
0.0
0.0
3.0
0.0
0.0
0.0
0.0
0.0
0.0
0.0
0.0
0.0
0.0
8.0
0.0
0.0
8.0
33.0
0.0
8.0
0.0
0.0
163.0
51.0
33.0
0.0
0.0
74.0
30.0
23.0
0.0
302.0
38.0
0.0
0.0
0.0
28.0
3.0
0.0
0.0
0.0
0.0
0.0
5.0
13.0
13.0
8.0
3.0
0.0
51.0
0.0
10.0
0.0
0.0
0.0
30.0
18.0
0.0
0.0
246.0
284.0
46.0
41.0
10.0
0.0
0.0
0.0
0.0
0.0
0.0
122.0
81.0
3.0
25.0
43.0
3.0
20.0
0.0
0.0
0.0
36.0
10.0
0.0
8.0
0.0
0.0
23.0
15.0
0.0
0.0
46.0
0.0
0.0
211.0
0.0
20.0
3.0
0.0
0.0
0.0
0.0
23.0
25.0
0.0
46.0
15.0
0.0
0.0
18.0
0.0
0.0
0.0
0.0
56.0
3.0
0.0
0.0
0.0
20.0
0.0
213.0
142.0
0.0
0.0
0.0
0.0
0.0
0.0
0.0
0.0
0.0
3.0
0.0
0.0
0.0
69.0
0.0
361.0
41.0
0.0
0.0
0.0
0.0
0.0
13.0
152.0
36.0
5.0
8.0
0.0
0.0
51.0
41.0
0.0
15.0
0.0
0.0
0.0
0.0
0.0
0.0
0.0
8.0
0.0
0.0
0.0
0.0
0.0
3.0
15.0
8.0
5.0
0.0
0.0
0.0
0.0
0.0
0.0
25.0
76.0
0.0
13.0
0.0
0.0
38.0
0.0
0.0
0.0
0.0
0.0
0.0
0.0
0.0
0.0
0.0
0.0
28.0
13.0
0.0
51.0
76.0
38.0
25.0
13.0
0.0
0.0
0.0
0.0
0.0
0.0
0.0
51.0
0.0
13.0
0.0
0.0
0.0
0.0
0.0
0.0
0.0
13.0
38.0
0.0
0.0
0.0
25.0
0.0
0.0
0.0
0.0
0.0
0.0
0.0
0.0
0.0
0.0
0.0
0.0
0.0
0.0
0.0
0.0
0.0
0.0
0.0
0.0
0.0
0.0
