510.0
530.0
906.0
138.0
160.0
128.0
178.0
144.0
54.0
120.0
312.0
622.0
982.0
922.0
630.0
572.0
654.0
2.0
140.0
126.0
96.0
190.0
104.0
1038.0
108.0
770.0
884.0
400.0
100.0
94.0
190.0
58.0
266.0
240.0
154.0
530.0
518.0
1588.0
302.0
454.0
102.0
398.0
162.0
114.0
36.0
220.0
188.0
826.0
690.0
92.0
414.0
822.0
496.0
208.0
142.0
168.0
172.0
158.0
452.0
676.0
626.0
416.0
456.0
428.0
58.0
202.0
140.0
198.0
112.0
200.0
134.0
362.0
456.0
1514.0
142.0
620.0
122.0
112.0
120.0
100.0
118.0
284.0
160.0
352.0
822.0
1016.0
666.0
108.0
304.0
22.0
176.0
188.0
68.0
676.0
42.0
350.0
226.0
548.0
964.0
160.0
122.0
98.0
226.0
166.0
72.0
164.0
20.0
352.0
624.0
330.0
584.0
310.0
380.0
146.0
216.0
262.0
86.0
324.0
312.0
156.0
762.0
670.0
206.0
72.0
102.0
192.0
160.0
126.0
160.0
148.0
452.0
858.0
1182.0
1092.0
576.0
344.0
650.0
186.0
310.0
108.0
118.0
18.0
74.0
358.0
172.0
826.0
610.0
486.0
254.0
78.0
184.0
60.0
42.0
278.0
136.0
210.0
836.0
1376.0
822.0
590.0
104.0
160.0
188.0
250.0
100.0
38.0
122.0
402.0
826.0
760.0
638.0
164.0
228.0
92.0
230.0
116.0
206.0
586.0
338.0
292.0
1464.0
604.0
1718.0
14.0
564.0
324.0
248.0
148.0
62.0
44.0
494.0
472.0
444.0
528.0
276.0
388.0
166.0
252.0
252.0
262.0
124.0
226.0
402.0
252.0
934.0
358.0
438.0
558.0
412.0
54.0
94.0
332.0
118.0
102.0
118.0
478.0
1384.0
436.0
416.0
500.0
646.0
58.0
208.0
210.0
130.0
86.0
582.0
632.0
860.0
1164.0
212.0
282.0
122.0
34.0
144.0
216.0
62.0
130.0
200.0
472.0
952.0
552.0
774.0
270.0
0.0
120.0
242.0
68.0
82.0
74.0
94.0
294.0
190.0
1120.0
70.0
228.0
112.0
150.0
112.0
110.0
40.0
126.0
156.0
38.0
586.0
572.0
1598.0
478.0
176.0
214.0
274.0
82.0
222.0
194.0
300.0
366.0
670.0
574.0
592.0
408.0
166.0
64.0
88.0
198.0
198.0
230.0
114.0
734.0
620.0
376.0
846.0
358.0
304.0
58.0
286.0
166.0
128.0
246.0
88.0
530.0
667.0
382.0
968.0
876.0
164.0
272.0
82.0
330.0
206.0
610.0
410.0
992.0
890.0
238.0
348.0
1210.0
552.0
572.0
112.0
404.0
180.0
224.0
86.0
618.0
946.0
446.0
634.0
380.0
156.0
168.0
NaN
289.0
90.0
100.0
244.0
85.0
452.0
662.0
202.0
81.0
474.0
231.0
284.0
235.0
171.0
91.0
379.0
79.0
663.0
856.0
737.0
530.0
596.0
NaN
NaN
NaN
NaN
NaN
NaN
1168.0
1514.0
914.0
705.0
927.0
NaN
396.0
179.0
291.0
288.0
173.0
55.0
117.0
574.0
1128.0
231.0
227.0
194.0
97.0
68.0
264.0
36.0
414.0
829.0
1124.0
836.0
994.0
573.0
46.0
279.0
280.0
299.0
181.0
270.0
194.0
185.0
349.0
1239.0
755.0
175.0
544.0
35.0
227.0
268.0
125.0
106.0
148.0
874.0
410.0
2406.0
400.0
1008.0
254.0
254.0
446.0
73.0
159.0
300.0
145.0
352.0
115.0
615.0
1032.0
793.0
573.0
377.0
347.0
90.0
193.0
NaN
NaN
148.0
306.0
658.0
894.0
738.0
534.0
702.0
164.0
88.0
124.0
84.0
64.0
238.0
100.0
534.0
462.0
248.0
250.0
474.0
