NaN
NaN
NaN
NaN
NaN
NaN
NaN
NaN
NaN
NaN
NaN
NaN
NaN
NaN
NaN
NaN
NaN
NaN
NaN
91.0
91.0
201.0
124.0
0.0
0.0
0.0
0.0
0.0
452.0
8.0
20.0
5.0
0.0
104.0
0.0
0.0
0.0
0.0
20.0
188.0
76.0
0.0
0.0
0.0
0.0
0.0
0.0
38.0
0.0
3.0
97.0
0.0
0.0
28.0
99.0
0.0
0.0
30.0
0.0
0.0
0.0
5.0
53.0
0.0
33.0
41.0
58.0
0.0
23.0
0.0
30.0
0.0
0.0
51.0
117.0
0.0
84.0
3.0
36.0
3.0
0.0
0.0
0.0
0.0
0.0
46.0
8.0
28.0
0.0
0.0
0.0
84.0
8.0
0.0
0.0
0.0
0.0
0.0
0.0
0.0
0.0
0.0
0.0
0.0
0.0
0.0
0.0
0.0
0.0
0.0
0.0
0.0
0.0
145.0
41.0
66.0
10.0
0.0
0.0
0.0
5.0
0.0
0.0
8.0
3.0
0.0
0.0
0.0
0.0
0.0
10.0
0.0
0.0
0.0
0.0
0.0
0.0
25.0
81.0
51.0
0.0
0.0
18.0
0.0
0.0
38.0
48.0
0.0
0.0
0.0
0.0
0.0
20.0
3.0
0.0
3.0
28.0
51.0
0.0
0.0
0.0
0.0
43.0
0.0
0.0
0.0
0.0
0.0
0.0
0.0
0.0
0.0
5.0
25.0
0.0
0.0
0.0
0.0
0.0
0.0
15.0
8.0
0.0
33.0
15.0
13.0
20.0
15.0
25.0
0.0
0.0
0.0
5.0
0.0
5.0
18.0
8.0
8.0
0.0
8.0
30.0
5.0
0.0
0.0
0.0
13.0
18.0
3.0
0.0
30.0
0.0
76.0
8.0
0.0
0.0
0.0
0.0
0.0
23.0
0.0
0.0
0.0
0.0
0.0
10.0
0.0
0.0
0.0
23.0
10.0
0.0
0.0
0.0
0.0
64.0
8.0
3.0
0.0
23.0
3.0
20.0
61.0
0.0
10.0
0.0
3.0
0.0
0.0
0.0
0.0
20.0
0.0
0.0
0.0
18.0
0.0
0.0
23.0
0.0
0.0
5.0
5.0
0.0
8.0
5.0
0.0
0.0
0.0
0.0
0.0
0.0
18.0
15.0
0.0
0.0
0.0
0.0
0.0
0.0
0.0
0.0
0.0
0.0
64.0
130.0
0.0
0.0
0.0
51.0
3.0
0.0
23.0
0.0
0.0
0.0
0.0
0.0
0.0
91.0
23.0
10.0
0.0
0.0
0.0
0.0
0.0
0.0
41.0
15.0
15.0
0.0
0.0
8.0
0.0
0.0
15.0
66.0
0.0
0.0
0.0
165.0
0.0
97.0
15.0
48.0
13.0
79.0
51.0
0.0
0.0
0.0
0.0
0.0
0.0
0.0
0.0
0.0
0.0
0.0
0.0
0.0
0.0
0.0
0.0
0.0
0.0
0.0
0.0
0.0
0.0
0.0
0.0
0.0
0.0
0.0
0.0
0.0
41.0
3.0
3.0
0.0
0.0
0.0
3.0
0.0
0.0
0.0
0.0
0.0
0.0
224.0
0.0
8.0
0.0
0.0
0.0
0.0
15.0
0.0
0.0
81.0
0.0
0.0
94.0
0.0
28.0
38.0
318.0
0.0
0.0
97.0
0.0
25.0
0.0
0.0
0.0
NaN
NaN
NaN
NaN
NaN
NaN
NaN
NaN
NaN
NaN
NaN
NaN
NaN
NaN
NaN
NaN
NaN
NaN
NaN
NaN
NaN
NaN
NaN
NaN
NaN
NaN
0.0
0.0
0.0
0.0
3.0
0.0
366.0
36.0
0.0
216.0
15.0
0.0
0.0
102.0
170.0
0.0
0.0
3.0
0.0
13.0
0.0
0.0
15.0
0.0
0.0
0.0
0.0
25.0
5.0
0.0
23.0
10.0
0.0
10.0
10.0
0.0
0.0
0.0
5.0
0.0
10.0
0.0
0.0
0.0
0.0
0.0
0.0
0.0
0.0
0.0
15.0
18.0
0.0
46.0
0.0
0.0
0.0
0.0
0.0
0.0
5.0
0.0
0.0
0.0
0.0
0.0
0.0
0.0
0.0
0.0
30.0
0.0
0.0
0.0
0.0
0.0
18.0
91.0
10.0
0.0
0.0
46.0
5.0
0.0
0.0
5.0
10.0
15.0
28.0
0.0
0.0
0.0
0.0
0.0
0.0
0.0
0.0
3.0
0.0
5.0
3.0
0.0
0.0
0.0
0.0
0.0
447.0
20.0
0.0
0.0
0.0
0.0
0.0
0.0
0.0
0.0
0.0
0.0
0.0
0.0
5.0
0.0
0.0
30.0
0.0
0.0
0.0
0.0
0.0
74.0
33.0
0.0
56.0
0.0
0.0
0.0
0.0
0.0
0.0
0.0
0.0
0.0
0.0
0.0
0.0
0.0
28.0
0.0
0.0
18.0
0.0
0.0
0.0
0.0
0.0
0.0
0.0
0.0
0.0
0.0
0.0
0.0
3.0
74.0
10.0
15.0
0.0
0.0
0.0
0.0
58.0
0.0
10.0
0.0
5.0
30.0
84.0
15.0
0.0
0.0
0.0
0.0
28.0
10.0
0.0
33.0
46.0
0.0
0.0
0.0
0.0
0.0
0.0
0.0
51.0
0.0
0.0
0.0
0.0
20.0
0.0
0.0
0.0
0.0
0.0
0.0
0.0
0.0
0.0
0.0
0.0
0.0
0.0
0.0
0.0
0.0
10.0
8.0
46.0
0.0
0.0
0.0
0.0
0.0
0.0
0.0
0.0
0.0
0.0
0.0
0.0
0.0
0.0
0.0
0.0
43.0
18.0
0.0
0.0
0.0
0.0
0.0
0.0
0.0
15.0
0.0
0.0
46.0
0.0
0.0
0.0
0.0
170.0
38.0
0.0
0.0
0.0
0.0
0.0
0.0
0.0
3.0
122.0
74.0
0.0
0.0
10.0
0.0
0.0
0.0
196.0
3.0
0.0
0.0
0.0
0.0
0.0
0.0
0.0
76.0
28.0
0.0
0.0
23.0
28.0
5.0
0.0
13.0
0.0
0.0
0.0
0.0
0.0
0.0
0.0
28.0
0.0
48.0
15.0
0.0
18.0
0.0
5.0
155.0
5.0
0.0
0.0
20.0
0.0
18.0
18.0
25.0
43.0
10.0
104.0
3.0
0.0
0.0
38.0
48.0
0.0
0.0
0.0
0.0
0.0
18.0
33.0
0.0
0.0
0.0
0.0
0.0
0.0
0.0
0.0
0.0
0.0
0.0
0.0
0.0
0.0
0.0
0.0
0.0
0.0
0.0
0.0
0.0
0.0
NaN
0.0
NaN
NaN
NaN
NaN
0.0
0.0
0.0
0.0
0.0
30.0
0.0
51.0
0.0
0.0
0.0
0.0
64.0
71.0
38.0
43.0
13.0
0.0
0.0
0.0
30.0
81.0
160.0
5.0
23.0
46.0
18.0
0.0
79.0
5.0
0.0
0.0
8.0
3.0
0.0
10.0
0.0
0.0
15.0
0.0
0.0
0.0
0.0
0.0
10.0
99.0
0.0
0.0
0.0
0.0
0.0
0.0
5.0
0.0
0.0
0.0
0.0
0.0
0.0
18.0
0.0
0.0
0.0
0.0
0.0
0.0
0.0
0.0
0.0
0.0
0.0
0.0
0.0
0.0
20.0
0.0
0.0
137.0
0.0
99.0
10.0
13.0
10.0
0.0
0.0
15.0
48.0
3.0
0.0
0.0
0.0
0.0
0.0
0.0
0.0
86.0
20.0
0.0
10.0
3.0
0.0
0.0
0.0
8.0
0.0
0.0
8.0
0.0
0.0
18.0
0.0
0.0
15.0
30.0
0.0
0.0
0.0
0.0
0.0
0.0
0.0
15.0
0.0
18.0
23.0
0.0
0.0
30.0
0.0
13.0
0.0
41.0
0.0
43.0
94.0
0.0
18.0
0.0
0.0
18.0
13.0
5.0
0.0
0.0
0.0
0.0
0.0
58.0
0.0
0.0
0.0
0.0
5.0
23.0
5.0
5.0
0.0
0.0
0.0
0.0
0.0
18.0
0.0
5.0
0.0
0.0
0.0
0.0
28.0
0.0
0.0
0.0
20.0
0.0
15.0
23.0
0.0
8.0
15.0
0.0
0.0
0.0
0.0
0.0
0.0
0.0
0.0
0.0
0.0
0.0
0.0
0.0
0.0
0.0
0.0
0.0
0.0
0.0
0.0
0.0
0.0
0.0
104.0
3.0
NaN
74.0
58.0
0.0
0.0
10.0
5.0
0.0
10.0
71.0
66.0
13.0
0.0
0.0
0.0
25.0
0.0
0.0
0.0
0.0
5.0
38.0
0.0
0.0
0.0
0.0
0.0
0.0
0.0
0.0
0.0
0.0
0.0
0.0
0.0
13.0
0.0
30.0
0.0
104.0
0.0
0.0
0.0
0.0
0.0
0.0
0.0
0.0
0.0
43.0
53.0
8.0
0.0
0.0
0.0
13.0
0.0
0.0
0.0
0.0
0.0
0.0
0.0
0.0
0.0
0.0
0.0
25.0
64.0
74.0
0.0
0.0
0.0
0.0
0.0
13.0
8.0
0.0
0.0
0.0
0.0
0.0
0.0
0.0
0.0
0.0
0.0
0.0
137.0
30.0
0.0
0.0
51.0
236.0
168.0
0.0
0.0
13.0
0.0
0.0
10.0
0.0
0.0
0.0
0.0
109.0
43.0
0.0
0.0
0.0
102.0
38.0
0.0
0.0
0.0
0.0
0.0
0.0
0.0
20.0
8.0
48.0
102.0
8.0
3.0
0.0
0.0
0.0
145.0
0.0
0.0
0.0
0.0
56.0
0.0
10.0
20.0
102.0
0.0
0.0
0.0
18.0
23.0
38.0
5.0
0.0
8.0
15.0
5.0
0.0
0.0
0.0
0.0
0.0
0.0
5.0
0.0
0.0
0.0
0.0
0.0
0.0
0.0
0.0
0.0
0.0
0.0
0.0
0.0
25.0
3.0
0.0
0.0
0.0
0.0
13.0
0.0
0.0
0.0
0.0
0.0
0.0
188.0
41.0
0.0
0.0
25.0
0.0
0.0
0.0
0.0
0.0
61.0
0.0
0.0
0.0
0.0
0.0
0.0
0.0
0.0
0.0
0.0
0.0
48.0
38.0
0.0
48.0
38.0
30.0
165.0
0.0
0.0
0.0
20.0
0.0
5.0
0.0
0.0
0.0
0.0
0.0
0.0
0.0
0.0
0.0
41.0
5.0
20.0
36.0
18.0
0.0
20.0
142.0
3.0
0.0
10.0
0.0
20.0
18.0
203.0
18.0
18.0
36.0
5.0
0.0
0.0
18.0
20.0
69.0
0.0
0.0
28.0
13.0
0.0
0.0
0.0
51.0
5.0
0.0
0.0
0.0
41.0
0.0
10.0
3.0
15.0
53.0
5.0
8.0
0.0
0.0
0.0
0.0
66.0
0.0
53.0
30.0
23.0
5.0
3.0
0.0
0.0
0.0
0.0
0.0
0.0
28.0
5.0
0.0
10.0
0.0
3.0
0.0
0.0
15.0
142.0
0.0
0.0
76.0
28.0
0.0
0.0
5.0
0.0
0.0
3.0
0.0
0.0
0.0
0.0
0.0
0.0
0.0
0.0
0.0
0.0
30.0
5.0
0.0
0.0
0.0
0.0
0.0
0.0
0.0
0.0
0.0
0.0
0.0
8.0
0.0
0.0
0.0
0.0
0.0
0.0
0.0
0.0
0.0
0.0
0.0
0.0
5.0
0.0
0.0
28.0
3.0
43.0
0.0
15.0
43.0
0.0
8.0
5.0
0.0
0.0
13.0
0.0
64.0
0.0
0.0
0.0
23.0
46.0
0.0
13.0
0.0
0.0
5.0
0.0
18.0
23.0
46.0
0.0
0.0
0.0
0.0
0.0
0.0
0.0
0.0
0.0
0.0
0.0
0.0
43.0
5.0
10.0
0.0
0.0
0.0
0.0
0.0
41.0
0.0
0.0
0.0
0.0
0.0
0.0
0.0
5.0
160.0
58.0
0.0
0.0
8.0
0.0
8.0
107.0
20.0
3.0
0.0
0.0
0.0
0.0
0.0
0.0
0.0
208.0
0.0
109.0
0.0
0.0
0.0
0.0
0.0
13.0
89.0
0.0
0.0
0.0
0.0
0.0
46.0
107.0
0.0
0.0
8.0
0.0
0.0
0.0
0.0
0.0
25.0
41.0
76.0
38.0
0.0
0.0
0.0
0.0
0.0
224.0
183.0
0.0
89.0
0.0
0.0
0.0
48.0
0.0
0.0
0.0
46.0
0.0
0.0
76.0
58.0
0.0
0.0
8.0
0.0
0.0
0.0
0.0
0.0
0.0
NaN
NaN
NaN
NaN
NaN
NaN
NaN
NaN
NaN
NaN
NaN
NaN
NaN
NaN
NaN
NaN
NaN
NaN
NaN
NaN
NaN
NaN
36.0
30.0
0.0
0.0
8.0
10.0
0.0
0.0
0.0
0.0
0.0
0.0
0.0
0.0
0.0
10.0
0.0
3.0
0.0
18.0
0.0
0.0
0.0
0.0
0.0
0.0
0.0
20.0
0.0
0.0
28.0
0.0
0.0
99.0
5.0
3.0
0.0
0.0
61.0
259.0
0.0
53.0
3.0
3.0
0.0
41.0
0.0
0.0
0.0
18.0
0.0
3.0
0.0
0.0
0.0
0.0
0.0
33.0
0.0
0.0
5.0
20.0
0.0
3.0
0.0
0.0
122.0
0.0
0.0
0.0
8.0
5.0
0.0
0.0
0.0
0.0
0.0
0.0
140.0
15.0
0.0
13.0
28.0
0.0
0.0
23.0
3.0
0.0
0.0
10.0
0.0
71.0
0.0
89.0
18.0
10.0
0.0
0.0
0.0
41.0
0.0
5.0
0.0
18.0
0.0
0.0
18.0
13.0
10.0
41.0
8.0
5.0
3.0
0.0
0.0
36.0
208.0
10.0
5.0
0.0
0.0
0.0
0.0
0.0
0.0
0.0
0.0
23.0
0.0
0.0
0.0
0.0
0.0
0.0
0.0
0.0
0.0
0.0
0.0
81.0
58.0
0.0
0.0
0.0
0.0
3.0
8.0
0.0
0.0
0.0
36.0
0.0
0.0
28.0
69.0
13.0
36.0
20.0
0.0
0.0
0.0
0.0
23.0
8.0
0.0
0.0
0.0
13.0
0.0
0.0
8.0
0.0
0.0
0.0
10.0
3.0
0.0
0.0
0.0
0.0
0.0
0.0
0.0
0.0
0.0
0.0
0.0
0.0
0.0
0.0
0.0
0.0
0.0
0.0
64.0
0.0
18.0
23.0
25.0
0.0
0.0
0.0
0.0
0.0
76.0
5.0
0.0
0.0
0.0
0.0
0.0
0.0
0.0
5.0
0.0
0.0
0.0
0.0
0.0
0.0
0.0
0.0
0.0
0.0
0.0
0.0
0.0
0.0
5.0
0.0
0.0
0.0
33.0
0.0
0.0
0.0
0.0
0.0
0.0
0.0
0.0
157.0
43.0
5.0
0.0
0.0
0.0
0.0
0.0
0.0
5.0
0.0
51.0
56.0
5.0
0.0
0.0
23.0
0.0
0.0
0.0
0.0
0.0
0.0
69.0
0.0
0.0
0.0
0.0
0.0
0.0
0.0
0.0
0.0
0.0
0.0
0.0
0.0
0.0
0.0
0.0
0.0
25.0
25.0
91.0
86.0
53.0
0.0
0.0
0.0
0.0
0.0
0.0
0.0
290.0
0.0
0.0
0.0
0.0
0.0
0.0
0.0
165.0
0.0
0.0
0.0
0.0
0.0
0.0
147.0
0.0
0.0
0.0
0.0
0.0
0.0
0.0
10.0
84.0
160.0
8.0
53.0
0.0
0.0
0.0
325.0
3.0
23.0
0.0
3.0
5.0
0.0
0.0
20.0
0.0
0.0
20.0
0.0
10.0
3.0
0.0
0.0
0.0
0.0
NaN
NaN
NaN
NaN
NaN
NaN
NaN
NaN
NaN
NaN
NaN
NaN
NaN
NaN
NaN
NaN
NaN
NaN
NaN
NaN
NaN
NaN
NaN
NaN
NaN
NaN
NaN
5.0
23.0
0.0
0.0
0.0
56.0
69.0
64.0
5.0
0.0
0.0
23.0
0.0
0.0
0.0
0.0
3.0
81.0
0.0
0.0
0.0
15.0
41.0
5.0
0.0
351.0
71.0
33.0
0.0
3.0
0.0
0.0
18.0
5.0
0.0
0.0
0.0
0.0
107.0
46.0
0.0
28.0
18.0
0.0
0.0
53.0
0.0
0.0
0.0
23.0
0.0
0.0
0.0
0.0
3.0
0.0
23.0
61.0
15.0
99.0
0.0
8.0
0.0
0.0
0.0
0.0
0.0
0.0
0.0
0.0
0.0
0.0
0.0
0.0
0.0
0.0
91.0
5.0
3.0
0.0
15.0
0.0
0.0
18.0
0.0
0.0
20.0
25.0
20.0
0.0
5.0
0.0
0.0
0.0
0.0
0.0
30.0
28.0
33.0
23.0
0.0
0.0
56.0
0.0
36.0
0.0
0.0
0.0
0.0
5.0
0.0
18.0
0.0
13.0
3.0
8.0
8.0
0.0
0.0
0.0
28.0
23.0
0.0
20.0
8.0
0.0
0.0
0.0
0.0
3.0
10.0
0.0
0.0
0.0
0.0
0.0
15.0
10.0
79.0
41.0
8.0
0.0
0.0
0.0
0.0
0.0
0.0
0.0
0.0
0.0
0.0
61.0
8.0
0.0
18.0
23.0
0.0
0.0
0.0
0.0
0.0
0.0
46.0
13.0
0.0
112.0
5.0
0.0
0.0
10.0
5.0
0.0
0.0
0.0
0.0
0.0
0.0
0.0
0.0
3.0
0.0
0.0
0.0
0.0
0.0
0.0
0.0
0.0
0.0
0.0
0.0
0.0
0.0
0.0
0.0
0.0
0.0
25.0
0.0
36.0
15.0
10.0
5.0
3.0
0.0
0.0
0.0
0.0
0.0
71.0
5.0
0.0
0.0
0.0
0.0
0.0
0.0
0.0
61.0
5.0
0.0
0.0
0.0
0.0
0.0
0.0
0.0
0.0
0.0
0.0
0.0
0.0
0.0
36.0
124.0
53.0
0.0
0.0
0.0
0.0
0.0
0.0
0.0
0.0
0.0
0.0
20.0
0.0
0.0
23.0
15.0
0.0
0.0
0.0
0.0
0.0
0.0
0.0
8.0
0.0
0.0
0.0
46.0
38.0
0.0
0.0
0.0
0.0
0.0
0.0
23.0
183.0
28.0
81.0
0.0
0.0
0.0
0.0
8.0
0.0
0.0
0.0
0.0
0.0
5.0
66.0
41.0
36.0
0.0
0.0
0.0
0.0
0.0
23.0
0.0
0.0
0.0
56.0
254.0
15.0
0.0
0.0
0.0
0.0
0.0
0.0
0.0
0.0
23.0
0.0
0.0
0.0
0.0
0.0
97.0
0.0
0.0
69.0
0.0
0.0
0.0
0.0
0.0
0.0
0.0
0.0
0.0
18.0
38.0
0.0
3.0
0.0
0.0
0.0
13.0
76.0
0.0
0.0
25.0
0.0
53.0
0.0
0.0
0.0
0.0
0.0
0.0
0.0
0.0
0.0
NaN
0.0
0.0
0.0
0.0
0.0
0.0
NaN
0.0
0.0
0.0
0.0
287.0
0.0
0.0
0.0
475.0
5.0
46.0
0.0
38.0
28.0
826.0
74.0
0.0
0.0
0.0
0.0
3.0
30.0
58.0
145.0
30.0
10.0
0.0
0.0
0.0
13.0
0.0
0.0
0.0
0.0
0.0
84.0
30.0
23.0
145.0
0.0
0.0
10.0
0.0
208.0
36.0
38.0
25.0
3.0
0.0
0.0
5.0
0.0
0.0
0.0
5.0
0.0
0.0
0.0
0.0
0.0
0.0
0.0
0.0
0.0
0.0
0.0
0.0
0.0
0.0
0.0
0.0
0.0
0.0
0.0
0.0
0.0
0.0
0.0
81.0
0.0
0.0
41.0
58.0
25.0
5.0
64.0
0.0
0.0
5.0
18.0
0.0
79.0
20.0
0.0
5.0
3.0
0.0
0.0
33.0
0.0
0.0
0.0
0.0
0.0
0.0
0.0
3.0
15.0
0.0
0.0
0.0
0.0
0.0
61.0
0.0
0.0
66.0
43.0
5.0
3.0
0.0
0.0
0.0
0.0
0.0
0.0
0.0
0.0
0.0
0.0
137.0
51.0
0.0
15.0
5.0
3.0
8.0
10.0
8.0
8.0
0.0
0.0
76.0
0.0
0.0
0.0
0.0
0.0
0.0
0.0
0.0
0.0
38.0
0.0
18.0
53.0
3.0
0.0
15.0
0.0
10.0
10.0
3.0
0.0
0.0
0.0
3.0
10.0
15.0
13.0
18.0
8.0
0.0
28.0
3.0
0.0
0.0
0.0
0.0
20.0
0.0
0.0
5.0
0.0
0.0
8.0
48.0
0.0
28.0
0.0
0.0
0.0
0.0
157.0
23.0
3.0
0.0
0.0
0.0
0.0
0.0
0.0
15.0
3.0
0.0
0.0
0.0
0.0
0.0
0.0
0.0
0.0
0.0
3.0
0.0
0.0
0.0
0.0
0.0
0.0
0.0
0.0
0.0
5.0
0.0
0.0
18.0
0.0
5.0
0.0
0.0
0.0
0.0
0.0
0.0
0.0
0.0
0.0
0.0
0.0
0.0
0.0
0.0
0.0
0.0
0.0
0.0
38.0
20.0
0.0
0.0
58.0
0.0
20.0
20.0
0.0
0.0
13.0
0.0
0.0
0.0
0.0
0.0
0.0
0.0
0.0
0.0
0.0
0.0
97.0
8.0
0.0
43.0
10.0
5.0
173.0
23.0
0.0
0.0
0.0
79.0
0.0
0.0
0.0
0.0
0.0
0.0
0.0
0.0
0.0
117.0
107.0
5.0
0.0
20.0
46.0
114.0
48.0
94.0
0.0
0.0
0.0
0.0
0.0
0.0
325.0
0.0
0.0
46.0
0.0
0.0
330.0
86.0
15.0
18.0
0.0
0.0
0.0
5.0
56.0
0.0
0.0
0.0
0.0
0.0
0.0
0.0
0.0
66.0
10.0
0.0
0.0
0.0
0.0
236.0
0.0
0.0
0.0
175.0
0.0
0.0
0.0
71.0
109.0
79.0
30.0
0.0
NaN
0.0
0.0
NaN
0.0
NaN
NaN
0.0
0.0
0.0
0.0
0.0
0.0
NaN
0.0
NaN
0.0
28.0
15.0
0.0
0.0
43.0
0.0
48.0
18.0
0.0
0.0
0.0
0.0
0.0
18.0
28.0
0.0
130.0
25.0
0.0
0.0
10.0
18.0
10.0
8.0
5.0
0.0
46.0
0.0
0.0
3.0
0.0
0.0
0.0
0.0
25.0
0.0
3.0
0.0
20.0
0.0
0.0
0.0
0.0
0.0
0.0
15.0
36.0
58.0
0.0
5.0
8.0
0.0
0.0
5.0
3.0
0.0
0.0
0.0
0.0
0.0
0.0
0.0
0.0
0.0
0.0
0.0
56.0
8.0
13.0
84.0
13.0
0.0
0.0
0.0
0.0
0.0
0.0
0.0
0.0
25.0
0.0
10.0
13.0
0.0
0.0
3.0
3.0
0.0
0.0
30.0
25.0
107.0
3.0
0.0
5.0
0.0
41.0
30.0
0.0
0.0
18.0
0.0
0.0
99.0
3.0
15.0
0.0
0.0
175.0
8.0
10.0
5.0
0.0
48.0
61.0
0.0
0.0
0.0
0.0
0.0
0.0
0.0
0.0
0.0
0.0
0.0
0.0
107.0
0.0
0.0
0.0
20.0
0.0
28.0
33.0
10.0
8.0
25.0
3.0
0.0
20.0
23.0
0.0
0.0
0.0
0.0
15.0
3.0
0.0
15.0
3.0
0.0
13.0
0.0
10.0
0.0
0.0
0.0
0.0
0.0
0.0
0.0
0.0
0.0
0.0
0.0
20.0
5.0
0.0
0.0
0.0
0.0
0.0
0.0
10.0
0.0
56.0
5.0
0.0
28.0
81.0
5.0
5.0
0.0
0.0
0.0
3.0
0.0
15.0
5.0
0.0
0.0
0.0
0.0
0.0
10.0
15.0
0.0
0.0
0.0
0.0
0.0
0.0
0.0
0.0
0.0
0.0
8.0
10.0
0.0
0.0
5.0
0.0
0.0
5.0
0.0
0.0
0.0
0.0
13.0
0.0
0.0
0.0
0.0
0.0
0.0
0.0
3.0
0.0
0.0
0.0
0.0
0.0
157.0
41.0
0.0
0.0
0.0
0.0
140.0
0.0
0.0
0.0
0.0
0.0
0.0
0.0
0.0
0.0
0.0
0.0
0.0
0.0
0.0
0.0
10.0
3.0
0.0
33.0
0.0
0.0
0.0
0.0
0.0
0.0
0.0
0.0
104.0
0.0
46.0
0.0
0.0
0.0
0.0
0.0
0.0
0.0
0.0
0.0
0.0
208.0
234.0
0.0
0.0
0.0
86.0
0.0
0.0
0.0
0.0
0.0
0.0
0.0
13.0
69.0
0.0
36.0
0.0
33.0
13.0
117.0
0.0
112.0
0.0
79.0
38.0
0.0
0.0
0.0
46.0
102.0
0.0
0.0
8.0
0.0
36.0
0.0
0.0
137.0
0.0
38.0
122.0
38.0
0.0
0.0
150.0
8.0
5.0
5.0
0.0
0.0
13.0
0.0
0.0
23.0
0.0
0.0
5.0
0.0
0.0
8.0
25.0
0.0
0.0
0.0
0.0
0.0
0.0
0.0
0.0
0.0
NaN
NaN
NaN
NaN
0.0
NaN
NaN
0.0
NaN
NaN
NaN
NaN
0.0
0.0
0.0
0.0
0.0
318.0
5.0
0.0
0.0
0.0
0.0
0.0
0.0
5.0
267.0
8.0
3.0
0.0
0.0
0.0
89.0
0.0
0.0
0.0
0.0
295.0
20.0
20.0
8.0
0.0
0.0
0.0
0.0
3.0
0.0
10.0
0.0
0.0
282.0
419.0
81.0
0.0
0.0
38.0
8.0
0.0
0.0
114.0
0.0
10.0
231.0
0.0
0.0
10.0
30.0
8.0
0.0
5.0
0.0
28.0
8.0
366.0
0.0
0.0
0.0
0.0
0.0
0.0
0.0
0.0
43.0
0.0
0.0
0.0
0.0
41.0
66.0
71.0
13.0
18.0
0.0
23.0
10.0
0.0
8.0
0.0
0.0
0.0
0.0
0.0
5.0
8.0
69.0
28.0
0.0
38.0
79.0
48.0
25.0
20.0
18.0
3.0
0.0
0.0
0.0
0.0
0.0
0.0
30.0
0.0
0.0
0.0
0.0
91.0
64.0
20.0
0.0
0.0
58.0
23.0
0.0
13.0
0.0
64.0
0.0
0.0
0.0
28.0
10.0
0.0
0.0
28.0
3.0
0.0
30.0
28.0
0.0
0.0
0.0
13.0
33.0
0.0
5.0
0.0
15.0
10.0
0.0
0.0
0.0
0.0
30.0
18.0
18.0
10.0
3.0
0.0
8.0
0.0
0.0
0.0
0.0
0.0
0.0
0.0
0.0
13.0
0.0
5.0
0.0
0.0
0.0
0.0
0.0
0.0
0.0
8.0
38.0
5.0
20.0
15.0
18.0
0.0
71.0
0.0
0.0
10.0
3.0
0.0
0.0
0.0
0.0
0.0
0.0
0.0
0.0
0.0
0.0
0.0
0.0
0.0
0.0
0.0
0.0
0.0
36.0
5.0
0.0
0.0
0.0
0.0
5.0
0.0
25.0
3.0
0.0
0.0
0.0
0.0
0.0
0.0
0.0
0.0
0.0
0.0
0.0
0.0
0.0
41.0
13.0
0.0
0.0
0.0
0.0
0.0
13.0
0.0
0.0
0.0
48.0
18.0
0.0
41.0
20.0
0.0
0.0
0.0
46.0
0.0
5.0
0.0
0.0
0.0
20.0
0.0
0.0
0.0
0.0
13.0
0.0
0.0
0.0
0.0
0.0
0.0
0.0
0.0
0.0
0.0
0.0
15.0
36.0
0.0
244.0
41.0
8.0
0.0
0.0
0.0
10.0
43.0
0.0
0.0
0.0
0.0
0.0
0.0
0.0
0.0
86.0
0.0
0.0
0.0
10.0
5.0
0.0
0.0
0.0
0.0
0.0
23.0
112.0
0.0
0.0
0.0
150.0
25.0
0.0
0.0
0.0
0.0
0.0
5.0
0.0
8.0
58.0
53.0
386.0
51.0
0.0
0.0
0.0
25.0
23.0
15.0
0.0
0.0
0.0
69.0
38.0
0.0
0.0
0.0
8.0
10.0
102.0
51.0
0.0
0.0
0.0
345.0
0.0
0.0
0.0
0.0
0.0
0.0
0.0
0.0
0.0
0.0
0.0
NaN
NaN
0.0
NaN
NaN
0.0
0.0
0.0
0.0
NaN
0.0
0.0
0.0
10.0
0.0
NaN
0.0
0.0
0.0
0.0
0.0
0.0
0.0
0.0
0.0
5.0
0.0
170.0
36.0
0.0
114.0
38.0
10.0
10.0
10.0
5.0
0.0
130.0
81.0
89.0
8.0
66.0
5.0
41.0
0.0
0.0
0.0
206.0
69.0
0.0
152.0
0.0
0.0
0.0
0.0
23.0
10.0
5.0
0.0
0.0
0.0
0.0
0.0
0.0
0.0
5.0
0.0
30.0
3.0
0.0
0.0
0.0
18.0
5.0
3.0
0.0
0.0
0.0
0.0
0.0
0.0
5.0
48.0
76.0
51.0
8.0
0.0
0.0
5.0
0.0
0.0
20.0
10.0
86.0
13.0
0.0
38.0
8.0
3.0
3.0
0.0
0.0
3.0
0.0
28.0
0.0
76.0
8.0
3.0
5.0
0.0
0.0
0.0
0.0
28.0
10.0
30.0
5.0
0.0
0.0
0.0
0.0
0.0
5.0
0.0
3.0
0.0
0.0
0.0
5.0
3.0
8.0
8.0
3.0
0.0
0.0
86.0
74.0
51.0
0.0
0.0
8.0
0.0
20.0
10.0
5.0
64.0
5.0
0.0
0.0
0.0
10.0
15.0
0.0
0.0
0.0
0.0
0.0
10.0
20.0
18.0
0.0
23.0
13.0
25.0
163.0
36.0
3.0
5.0
0.0
0.0
8.0
10.0
0.0
0.0
0.0
0.0
0.0
0.0
0.0
0.0
0.0
0.0
0.0
0.0
0.0
3.0
5.0
0.0
5.0
0.0
0.0
5.0
0.0
0.0
0.0
0.0
0.0
28.0
0.0
8.0
0.0
0.0
0.0
0.0
0.0
15.0
10.0
0.0
0.0
0.0
41.0
0.0
0.0
0.0
0.0
0.0
0.0
0.0
0.0
5.0
3.0
0.0
0.0
0.0
0.0
0.0
15.0
0.0
0.0
0.0
0.0
0.0
0.0
61.0
76.0
0.0
0.0
0.0
0.0
0.0
0.0
0.0
0.0
53.0
8.0
0.0
0.0
0.0
0.0
0.0
0.0
5.0
0.0
0.0
0.0
0.0
0.0
0.0
193.0
76.0
18.0
0.0
0.0
0.0
0.0
0.0
0.0
0.0
0.0
0.0
0.0
0.0
0.0
0.0
0.0
0.0
0.0
0.0
0.0
0.0
0.0
0.0
0.0
0.0
0.0
3.0
0.0
0.0
0.0
36.0
0.0
0.0
0.0
0.0
0.0
0.0
0.0
0.0
0.0
0.0
0.0
0.0
107.0
157.0
0.0
61.0
30.0
0.0
0.0
0.0
76.0
5.0
0.0
0.0
0.0
20.0
107.0
0.0
0.0
0.0
0.0
10.0
0.0
0.0
0.0
0.0
0.0
0.0
0.0
0.0
0.0
279.0
20.0
5.0
0.0
91.0
33.0
178.0
18.0
0.0
0.0
117.0
41.0
0.0
0.0
13.0
155.0
0.0
0.0
0.0
0.0
0.0
0.0
0.0
0.0
28.0
0.0
0.0
0.0
0.0
0.0
8.0
0.0
0.0
NaN
0.0
0.0
0.0
0.0
0.0
0.0
0.0
0.0
0.0
0.0
0.0
0.0
0.0
0.0
NaN
NaN
0.0
33.0
0.0
0.0
20.0
109.0
30.0
28.0
0.0
0.0
152.0
0.0
0.0
0.0
33.0
13.0
0.0
0.0
0.0
0.0
0.0
0.0
0.0
0.0
0.0
0.0
0.0
0.0
0.0
0.0
0.0
0.0
0.0
0.0
10.0
127.0
0.0
0.0
43.0
0.0
36.0
36.0
3.0
3.0
0.0
0.0
10.0
56.0
66.0
0.0
0.0
0.0
0.0
117.0
8.0
0.0
0.0
0.0
0.0
53.0
0.0
0.0
0.0
0.0
363.0
91.0
0.0
0.0
0.0
0.0
69.0
10.0
0.0
0.0
0.0
0.0
0.0
0.0
0.0
53.0
8.0
8.0
5.0
28.0
0.0
0.0
8.0
8.0
38.0
99.0
51.0
0.0
0.0
140.0
25.0
0.0
5.0
15.0
0.0
13.0
51.0
36.0
0.0
48.0
122.0
0.0
0.0
8.0
0.0
25.0
0.0
0.0
48.0
0.0
0.0
0.0
0.0
0.0
0.0
0.0
10.0
0.0
0.0
23.0
0.0
0.0
0.0
0.0
36.0
25.0
33.0
3.0
0.0
0.0
0.0
0.0
3.0
5.0
0.0
0.0
0.0
0.0
0.0
0.0
0.0
0.0
5.0
0.0
0.0
0.0
18.0
0.0
0.0
0.0
0.0
48.0
0.0
0.0
0.0
0.0
0.0
0.0
0.0
0.0
0.0
0.0
0.0
0.0
0.0
0.0
0.0
0.0
43.0
41.0
30.0
0.0
0.0
0.0
0.0
0.0
0.0
0.0
0.0
0.0
0.0
0.0
0.0
0.0
0.0
20.0
15.0
0.0
51.0
25.0
53.0
8.0
20.0
28.0
0.0
8.0
5.0
8.0
0.0
0.0
10.0
20.0
5.0
0.0
18.0
0.0
0.0
8.0
10.0
0.0
0.0
0.0
0.0
0.0
0.0
10.0
46.0
10.0
0.0
0.0
0.0
0.0
5.0
5.0
0.0
0.0
5.0
23.0
8.0
0.0
0.0
0.0
0.0
0.0
0.0
3.0
0.0
71.0
0.0
0.0
0.0
0.0
0.0
0.0
0.0
0.0
0.0
0.0
0.0
0.0
0.0
0.0
0.0
18.0
43.0
104.0
0.0
0.0
0.0
0.0
0.0
0.0
0.0
0.0
8.0
8.0
0.0
0.0
0.0
0.0
0.0
0.0
0.0
0.0
0.0
0.0
0.0
97.0
28.0
0.0
25.0
0.0
0.0
13.0
53.0
165.0
124.0
0.0
0.0
0.0
0.0
0.0
0.0
66.0
0.0
0.0
0.0
0.0
0.0
0.0
0.0
0.0
0.0
0.0
15.0
0.0
0.0
287.0
51.0
5.0
15.0
58.0
0.0
0.0
114.0
28.0
0.0
0.0
0.0
0.0
51.0
561.0
18.0
0.0
25.0
0.0
0.0
0.0
0.0
0.0
69.0
0.0
0.0
0.0
0.0
0.0
20.0
64.0
23.0
0.0
0.0
0.0
0.0
0.0
0.0
0.0
0.0
0.0
0.0
284.0
69.0
3.0
0.0
0.0
0.0
0.0
30.0
0.0
15.0
0.0
0.0
0.0
0.0
0.0
NaN
NaN
NaN
NaN
0.0
0.0
NaN
NaN
0.0
0.0
0.0
0.0
0.0
0.0
71.0
13.0
0.0
0.0
0.0
0.0
0.0
48.0
5.0
0.0
0.0
36.0
0.0
3.0
8.0
0.0
0.0
15.0
18.0
0.0
76.0
5.0
0.0
0.0
0.0
0.0
13.0
0.0
0.0
0.0
0.0
15.0
43.0
0.0
0.0
3.0
8.0
0.0
0.0
188.0
5.0
5.0
0.0
0.0
0.0
3.0
5.0
0.0
0.0
0.0
0.0
0.0
0.0
0.0
10.0
0.0
0.0
0.0
0.0
0.0
0.0
0.0
0.0
137.0
0.0
0.0
0.0
0.0
0.0
0.0
0.0
0.0
0.0
0.0
53.0
8.0
43.0
0.0
0.0
0.0
61.0
71.0
0.0
0.0
0.0
0.0
0.0
3.0
10.0
0.0
51.0
13.0
0.0
0.0
0.0
0.0
0.0
15.0
5.0
0.0
0.0
0.0
56.0
5.0
0.0
0.0
0.0
0.0
0.0
5.0
8.0
13.0
8.0
5.0
5.0
5.0
0.0
0.0
0.0
0.0
0.0
3.0
13.0
48.0
15.0
102.0
89.0
28.0
10.0
13.0
0.0
0.0
23.0
5.0
0.0
23.0
13.0
0.0
0.0
23.0
20.0
3.0
5.0
0.0
0.0
0.0
0.0
0.0
0.0
0.0
0.0
0.0
0.0
0.0
0.0
0.0
0.0
0.0
0.0
0.0
0.0
0.0
0.0
0.0
0.0
0.0
0.0
0.0
38.0
5.0
0.0
0.0
3.0
0.0
0.0
0.0
0.0
0.0
0.0
0.0
15.0
5.0
0.0
0.0
0.0
8.0
3.0
0.0
0.0
0.0
0.0
0.0
13.0
0.0
0.0
0.0
0.0
0.0
0.0
0.0
0.0
10.0
3.0
0.0
0.0
0.0
0.0
0.0
0.0
0.0
0.0
15.0
23.0
66.0
0.0
0.0
0.0
0.0
0.0
0.0
8.0
0.0
8.0
25.0
10.0
0.0
0.0
0.0
0.0
0.0
0.0
0.0
0.0
0.0
0.0
28.0
5.0
117.0
30.0
3.0
0.0
0.0
0.0
0.0
0.0
0.0
0.0
0.0
0.0
0.0
3.0
0.0
64.0
20.0
0.0
0.0
0.0
0.0
0.0
152.0
201.0
36.0
5.0
0.0
0.0
0.0
0.0
0.0
23.0
3.0
0.0
0.0
0.0
0.0
23.0
117.0
33.0
30.0
66.0
48.0
5.0
18.0
69.0
0.0
127.0
0.0
0.0
81.0
8.0
0.0
0.0
0.0
0.0
122.0
23.0
56.0
0.0
28.0
0.0
0.0
0.0
0.0
0.0
5.0
5.0
0.0
0.0
0.0
0.0
5.0
0.0
107.0
371.0
155.0
0.0
147.0
0.0
48.0
33.0
0.0
8.0
0.0
99.0
0.0
0.0
0.0
325.0
66.0
0.0
94.0
0.0
0.0
0.0
0.0
NaN
0.0
0.0
NaN
NaN
0.0
0.0
NaN
NaN
NaN
NaN
0.0
0.0
0.0
NaN
0.0
NaN
NaN
23.0
18.0
0.0
0.0
0.0
0.0
53.0
0.0
0.0
0.0
0.0
3.0
0.0
0.0
0.0
0.0
20.0
0.0
0.0
0.0
0.0
0.0
0.0
74.0
0.0
0.0
0.0
0.0
0.0
0.0
0.0
0.0
0.0
0.0
0.0
244.0
48.0
0.0
0.0
0.0
0.0
0.0
0.0
71.0
5.0
3.0
0.0
0.0
0.0
0.0
0.0
0.0
0.0
0.0
0.0
0.0
0.0
0.0
3.0
0.0
0.0
0.0
0.0
0.0
0.0
0.0
0.0
10.0
0.0
64.0
5.0
0.0
0.0
0.0
0.0
15.0
13.0
0.0
5.0
0.0
0.0
0.0
0.0
23.0
3.0
0.0
0.0
3.0
8.0
0.0
0.0
0.0
0.0
10.0
3.0
0.0
0.0
0.0
0.0
0.0
0.0
28.0
119.0
3.0
10.0
5.0
8.0
28.0
0.0
0.0
15.0
8.0
0.0
0.0
0.0
0.0
3.0
5.0
0.0
0.0
5.0
13.0
0.0
10.0
0.0
15.0
0.0
3.0
0.0
18.0
8.0
0.0
0.0
8.0
0.0
0.0
0.0
0.0
0.0
3.0
0.0
33.0
0.0
10.0
0.0
0.0
46.0
23.0
10.0
0.0
41.0
48.0
23.0
0.0
0.0
0.0
84.0
18.0
30.0
28.0
5.0
0.0
8.0
0.0
0.0
0.0
0.0
0.0
28.0
33.0
0.0
13.0
0.0
3.0
0.0
0.0
13.0
8.0
13.0
15.0
8.0
0.0
0.0
0.0
10.0
0.0
0.0
0.0
0.0
0.0
0.0
18.0
15.0
0.0
8.0
8.0
0.0
0.0
0.0
0.0
5.0
0.0
0.0
0.0
0.0
8.0
53.0
0.0
0.0
0.0
0.0
0.0
0.0
0.0
0.0
0.0
86.0
23.0
0.0
0.0
10.0
0.0
0.0
0.0
0.0
0.0
0.0
0.0
0.0
0.0
0.0
0.0
0.0
0.0
0.0
0.0
0.0
48.0
8.0
15.0
15.0
0.0
0.0
0.0
0.0
0.0
0.0
0.0
0.0
0.0
5.0
0.0
0.0
0.0
0.0
0.0
0.0
0.0
46.0
74.0
0.0
0.0
46.0
155.0
13.0
23.0
0.0
0.0
0.0
5.0
0.0
0.0
0.0
0.0
0.0
0.0
13.0
0.0
0.0
5.0
0.0
0.0
5.0
66.0
48.0
30.0
0.0
71.0
0.0
0.0
51.0
0.0
71.0
0.0
71.0
5.0
102.0
5.0
0.0
0.0
0.0
173.0
193.0
0.0
366.0
56.0
74.0
46.0
8.0
0.0
0.0
0.0
0.0
0.0
0.0
0.0
0.0
0.0
0.0
66.0
0.0
0.0
0.0
86.0
569.0
10.0
0.0
0.0
58.0
0.0
0.0
0.0
112.0
53.0
56.0
155.0
0.0
13.0
185.0
38.0
0.0
0.0
0.0
0.0
18.0
0.0
0.0
0.0
48.0
28.0
0.0
0.0
15.0
0.0
0.0
NaN
NaN
NaN
NaN
NaN
NaN
NaN
NaN
NaN
NaN
NaN
NaN
NaN
NaN
NaN
NaN
NaN
NaN
NaN
0.0
114.0
0.0
0.0
0.0
0.0
46.0
3.0
25.0
0.0
79.0
0.0
0.0
0.0
0.0
0.0
0.0
0.0
0.0
0.0
5.0
0.0
0.0
NaN
NaN
0.0
0.0
0.0
0.0
0.0
0.0
18.0
56.0
71.0
0.0
0.0
81.0
0.0
0.0
0.0
61.0
0.0
53.0
25.0
5.0
0.0
0.0
5.0
46.0
36.0
58.0
20.0
0.0
0.0
0.0
0.0
0.0
0.0
0.0
0.0
0.0
13.0
0.0
0.0
0.0
0.0
0.0
30.0
0.0
0.0
0.0
0.0
0.0
0.0
0.0
0.0
10.0
117.0
25.0
0.0
8.0
0.0
0.0
30.0
41.0
10.0
10.0
0.0
0.0
0.0
0.0
3.0
23.0
0.0
10.0
0.0
0.0
0.0
0.0
0.0
23.0
0.0
18.0
61.0
10.0
117.0
10.0
104.0
0.0
0.0
0.0
8.0
20.0
15.0
0.0
0.0
0.0
0.0
71.0
64.0
0.0
0.0
0.0
0.0
0.0
0.0
0.0
0.0
0.0
0.0
0.0
0.0
0.0
0.0
0.0
0.0
0.0
0.0
0.0
30.0
0.0
3.0
46.0
3.0
10.0
36.0
5.0
0.0
5.0
15.0
0.0
0.0
0.0
18.0
30.0
43.0
0.0
0.0
5.0
0.0
0.0
0.0
15.0
0.0
0.0
0.0
0.0
30.0
10.0
0.0
15.0
0.0
0.0
18.0
15.0
0.0
0.0
0.0
0.0
0.0
0.0
0.0
0.0
0.0
5.0
0.0
0.0
8.0
41.0
0.0
13.0
0.0
0.0
38.0
46.0
0.0
0.0
0.0
0.0
0.0
23.0
0.0
0.0
0.0
38.0
38.0
23.0
43.0
0.0
0.0
0.0
0.0
0.0
0.0
0.0
0.0
0.0
18.0
0.0
0.0
0.0
0.0
0.0
0.0
0.0
23.0
0.0
64.0
3.0
0.0
0.0
0.0
0.0
3.0
0.0
0.0
0.0
0.0
0.0
0.0
0.0
20.0
0.0
0.0
0.0
0.0
0.0
0.0
0.0
74.0
0.0
0.0
23.0
0.0
0.0
0.0
236.0
114.0
8.0
0.0
155.0
119.0
15.0
0.0
0.0
99.0
30.0
0.0
8.0
25.0
201.0
66.0
3.0
0.0
79.0
5.0
53.0
0.0
3.0
0.0
97.0
0.0
3.0
0.0
0.0
0.0
0.0
43.0
91.0
0.0
5.0
0.0
0.0
0.0
0.0
13.0
18.0
0.0
20.0
18.0
51.0
13.0
0.0
0.0
48.0
8.0
61.0
132.0
0.0
10.0
0.0
0.0
0.0
0.0
41.0
0.0
41.0
0.0
0.0
48.0
13.0
3.0
0.0
0.0
0.0
0.0
0.0
0.0
15.0
18.0
0.0
0.0
0.0
0.0
0.0
3.0
13.0
5.0
66.0
0.0
8.0
18.0
211.0
38.0
15.0
3.0
0.0
102.0
0.0
NaN
NaN
NaN
NaN
NaN
NaN
NaN
NaN
NaN
NaN
NaN
NaN
NaN
NaN
NaN
NaN
114.0
0.0
0.0
0.0
0.0
10.0
0.0
0.0
15.0
8.0
0.0
0.0
290.0
23.0
130.0
0.0
0.0
0.0
0.0
0.0
0.0
8.0
10.0
0.0
0.0
0.0
0.0
5.0
0.0
0.0
0.0
0.0
142.0
99.0
0.0
0.0
0.0
0.0
25.0
0.0
0.0
46.0
0.0
0.0
0.0
38.0
0.0
0.0
0.0
0.0
0.0
0.0
0.0
0.0
0.0
0.0
0.0
0.0
0.0
119.0
117.0
0.0
0.0
0.0
0.0
0.0
23.0
8.0
3.0
15.0
33.0
0.0
0.0
5.0
5.0
28.0
41.0
5.0
30.0
13.0
0.0
0.0
0.0
0.0
0.0
0.0
13.0
0.0
0.0
0.0
0.0
0.0
3.0
0.0
0.0
0.0
0.0
0.0
0.0
0.0
0.0
43.0
46.0
5.0
0.0
0.0
0.0
18.0
53.0
0.0
0.0
0.0
0.0
0.0
0.0
0.0
23.0
0.0
0.0
0.0
0.0
0.0
0.0
0.0
0.0
0.0
0.0
8.0
0.0
0.0
0.0
0.0
0.0
0.0
3.0
0.0
0.0
0.0
0.0
0.0
0.0
5.0
0.0
0.0
97.0
0.0
0.0
0.0
0.0
0.0
0.0
0.0
0.0
0.0
0.0
3.0
0.0
0.0
0.0
0.0
0.0
0.0
0.0
0.0
0.0
0.0
0.0
8.0
0.0
0.0
3.0
0.0
0.0
0.0
0.0
0.0
5.0
0.0
0.0
0.0
0.0
5.0
0.0
0.0
0.0
0.0
18.0
10.0
66.0
18.0
0.0
0.0
0.0
0.0
0.0
0.0
0.0
15.0
0.0
0.0
81.0
94.0
0.0
13.0
56.0
58.0
64.0
5.0
0.0
0.0
48.0
10.0
