96.0
6.0
16.0
18.0
150.0
180.0
0.0
150.0
40.0
0.0
24.0
72.0
32.0
0.0
0.0
0.0
0.0
18.0
30.0
60.0
86.0
2.0
0.0
36.0
50.0
10.0
6.0
0.0
16.0
0.0
10.0
70.0
4.0
0.0
8.0
38.0
34.0
14.0
180.0
30.0
10.0
86.0
0.0
6.0
44.0
0.0
0.0
40.0
0.0
0.0
20.0
0.0
0.0
12.0
8.0
254.0
90.0
3.0
3.0
2.0
0.0
16.0
2.0
0.0
0.0
0.0
6.0
0.0
2.0
0.0
0.0
0.0
0.0
8.0
0.0
0.0
0.0
10.0
0.0
4.0
0.0
0.0
30.0
0.0
0.0
0.0
0.0
0.0
0.0
0.0
0.0
0.0
10.0
0.0
0.0
0.0
0.0
0.0
0.0
0.0
0.0
2.0
0.0
68.0
0.0
0.0
0.0
6.0
10.0
60.0
62.0
40.0
0.0
0.0
40.0
100.0
26.0
0.0
0.0
0.0
120.0
34.0
0.0
0.0
78.0
0.0
57.0
0.0
0.0
0.0
180.0
133.0
6.0
4.0
0.0
0.0
0.0
0.0
0.0
60.0
249.0
0.0
0.0
0.0
0.0
0.0
0.0
0.0
0.0
0.0
0.0
14.0
0.0
0.0
0.0
0.0
0.0
0.0
72.0
117.0
0.0
18.0
40.0
42.0
24.0
14.0
10.0
10.0
0.0
0.0
77.0
0.0
0.0
0.0
0.0
0.0
0.0
0.0
0.0
0.0
28.0
2.0
19.0
0.0
0.0
80.0
0.0
0.0
15.0
4.0
31.0
0.0
0.0
244.0
46.0
0.0
0.0
16.0
17.0
4.0
14.0
0.0
0.0
5.0
0.0
0.0
0.0
7.0
157.0
0.0
0.0
0.0
0.0
0.0
0.0
0.0
0.0
0.0
0.0
127.0
0.0
0.0
0.0
0.0
34.0
0.0
0.0
0.0
0.0
12.0
12.0
0.0
12.0
41.0
0.0
0.0
22.0
98.0
0.0
2.0
147.0
0.0
64.0
7.0
149.0
0.0
0.0
0.0
0.0
10.0
7.0
0.0
0.0
0.0
0.0
0.0
3.0
5.0
173.0
20.0
40.0
120.0
0.0
0.0
0.0
310.0
87.0
0.0
5.0
100.0
146.0
4.0
3.0
0.0
0.0
0.0
3.0
0.0
2.0
5.0
0.0
0.0
30.0
262.0
7.0
3.0
0.0
48.0
4.0
0.0
0.0
38.0
0.0
182.0
6.0
0.0
0.0
3.0
0.0
0.0
135.0
0.0
0.0
45.0
2.0
0.0
60.0
73.0
40.0
0.0
27.0
0.0
0.0
0.0
7.0
102.0
0.0
48.0
0.0
0.0
0.0
23.0
7.0
0.0
0.0
20.0
0.0
0.0
32.0
0.0
34.0
0.0
0.0
0.0
0.0
0.0
0.0
0.0
0.0
0.0
0.0
0.0
0.0
0.0
0.0
6.0
0.0
149.0
0.0
0.0
0.0
176.0
0.0
0.0
2.0
0.0
0.0
105.0
4.0
0.0
0.0
100.0
0.0
23.0
4.0
10.0
10.0
165.0
2.0
6.0
0.0
6.0
27.0
0.0
0.0
16.0
60.0
30.0
16.0
0.0
50.0
4.0
0.0
0.0
50.0
10.0
25.0
0.0
95.0
35.0
2.0
0.0
0.0
0.0
26.0
160.0
27.0
12.0
0.0
25.0
0.0
0.0
0.0
4.0
0.0
0.0
4.0
5.0
230.0
4.0
2.0
0.0
100.0
0.0
0.0
14.0
145.0
5.0
10.0
360.0
60.0
2.0
4.0
40.0
10.0
35.0
70.0
30.0
0.0
0.0
20.0
0.0
0.0
55.0
25.0
0.0
0.0
0.0
4.0
0.0
0.0
2.0
0.0
0.0
2.0
0.0
0.0
20.0
0.0
73.0
0.0
0.0
50.0
0.0
0.0
14.0
0.0
14.0
40.0
0.0
24.0
3.0
0.0
19.0
10.0
30.0
10.0
63.0
7.0
0.0
0.0
0.0
0.0
0.0
0.0
0.0
0.0
0.0
26.0
0.0
3.0
0.0
25.0
0.0
25.0
10.0
26.0
135.0
0.0
NaN
150.0
NaN
0.0
0.0
0.0
0.0
0.0
0.0
80.0
0.0
62.0
3.0
0.0
0.0
0.0
0.0
36.0
0.0
0.0
14.0
0.0
140.0
100.0
9.0
0.0
0.0
20.0
0.0
156.0
5.0
0.0
0.0
0.0
0.0
0.0
0.0
0.0
180.0
0.0
0.0
185.0
15.0
0.0
0.0
0.0
60.0
69.0
0.0
0.0
0.0
100.0
210.0
7.0
2.0
30.0
6.0
0.0
0.0
9.0
0.0
16.0
0.0
40.0
0.0
8.0
0.0
180.0
47.0
0.0
0.0
0.0
0.0
4.0
25.0
0.0
0.0
0.0
17.0
92.0
14.0
0.0
0.0
17.0
0.0
0.0
7.0
5.0
40.0
100.0
0.0
9.0
0.0
0.0
0.0
0.0
0.0
0.0
0.0
53.0
7.0
0.0
63.0
0.0
0.0
0.0
0.0
0.0
0.0
116.0
0.0
0.0
140.0
0.0
0.0
22.0
0.0
120.0
208.0
40.0
10.0
0.0
6.0
113.0
0.0
25.0
0.0
0.0
190.0
0.0
0.0
0.0
0.0
20.0
0.0
0.0
20.0
28.0
0.0
0.0
0.0
260.0
0.0
0.0
8.0
0.0
7.0
0.0
0.0
0.0
