NaN
NaN
NaN
NaN
NaN
NaN
NaN
NaN
NaN
NaN
NaN
NaN
NaN
0.0
196.0
0.0
0.0
0.0
0.0
0.0
28.0
25.0
64.0
345.0
203.0
10.0
0.0
0.0
18.0
0.0
41.0
33.0
5.0
0.0
155.0
251.0
0.0
0.0
0.0
51.0
0.0
0.0
0.0
0.0
51.0
10.0
13.0
0.0
0.0
0.0
0.0
0.0
0.0
0.0
0.0
0.0
0.0
0.0
25.0
30.0
48.0
5.0
0.0
0.0
0.0
0.0
0.0
0.0
0.0
0.0
0.0
0.0
0.0
0.0
0.0
130.0
5.0
0.0
147.0
33.0
0.0
0.0
0.0
10.0
180.0
0.0
0.0
0.0
168.0
150.0
56.0
5.0
0.0
10.0
0.0
0.0
0.0
61.0
0.0
323.0
10.0
0.0
0.0
20.0
69.0
401.0
0.0
5.0
0.0
0.0
333.0
0.0
0.0
300.0
0.0
0.0
23.0
0.0
99.0
0.0
0.0
0.0
0.0
0.0
0.0
0.0
20.0
0.0
23.0
0.0
0.0
0.0
0.0
30.0
157.0
312.0
0.0
0.0
0.0
0.0
0.0
0.0
0.0
0.0
0.0
0.0
0.0
0.0
0.0
0.0
0.0
0.0
25.0
10.0
0.0
0.0
0.0
0.0
0.0
0.0
0.0
417.0
71.0
0.0
0.0
0.0
0.0
170.0
0.0
320.0
0.0
25.0
13.0
0.0
69.0
0.0
0.0
56.0
18.0
0.0
0.0
0.0
0.0
0.0
0.0
0.0
0.0
0.0
208.0
0.0
0.0
0.0
0.0
0.0
0.0
15.0
3.0
0.0
97.0
8.0
8.0
84.0
48.0
18.0
0.0
0.0
25.0
0.0
0.0
0.0
0.0
0.0
71.0
0.0
0.0
0.0
3.0
155.0
25.0
0.0
102.0
0.0
0.0
30.0
0.0
0.0
0.0
0.0
0.0
0.0
0.0
0.0
0.0
84.0
25.0
0.0
0.0
41.0
58.0
114.0
0.0
0.0
0.0
0.0
0.0
76.0
36.0
0.0
0.0
102.0
25.0
0.0
0.0
0.0
0.0
127.0
0.0
0.0
0.0
0.0
0.0
0.0
58.0
76.0
76.0
25.0
117.0
0.0
0.0
51.0
76.0
152.0
0.0
0.0
127.0
0.0
0.0
0.0
0.0
0.0
51.0
0.0
51.0
203.0
76.0
0.0
0.0
25.0
36.0
0.0
0.0
0.0
0.0
0.0
0.0
0.0
0.0
0.0
25.0
25.0
0.0
25.0
127.0
51.0
51.0
25.0
25.0
0.0
102.0
0.0
0.0
0.0
0.0
0.0
0.0
0.0
0.0
79.0
51.0
25.0
0.0
25.0
0.0
0.0
0.0
0.0
0.0
0.0
81.0
23.0
0.0
51.0
0.0
0.0
0.0
0.0
23.0
102.0
0.0
0.0
0.0
0.0
0.0
0.0
0.0
152.0
0.0
0.0
5.0
0.0
0.0
51.0
0.0
51.0
0.0
0.0
0.0
0.0
0.0
0.0
86.0
112.0
0.0
25.0
0.0
30.0
18.0
0.0
53.0
5.0
0.0
10.0
18.0
0.0
0.0
0.0
0.0
10.0
0.0
0.0
0.0
66.0
13.0
18.0
20.0
66.0
168.0
15.0
0.0
28.0
0.0
0.0
0.0
0.0
0.0
0.0
0.0
0.0
15.0
0.0
0.0
0.0
0.0
0.0
0.0
0.0
0.0
8.0
0.0
0.0
0.0
28.0
0.0
0.0
0.0
0.0
0.0
0.0
0.0
0.0
0.0
0.0
0.0
0.0
0.0
48.0
46.0
0.0
0.0
23.0
48.0
0.0
0.0
0.0
0.0
0.0
0.0
0.0
0.0
0.0
0.0
64.0
79.0
0.0
0.0
0.0
0.0
0.0
0.0
23.0
0.0
0.0
0.0
236.0
0.0
30.0
0.0
0.0
5.0
13.0
8.0
117.0
43.0
0.0
0.0
0.0
10.0
0.0
0.0
0.0
0.0
0.0
0.0
15.0
48.0
0.0
0.0
0.0
0.0
13.0
0.0
0.0
0.0
0.0
61.0
0.0
114.0
10.0
36.0
84.0
76.0
38.0
0.0
452.0
79.0
64.0
8.0
33.0
0.0
109.0
0.0
0.0
79.0
33.0
0.0
15.0
0.0
69.0
0.0
58.0
0.0
0.0
0.0
0.0
8.0
33.0
0.0
36.0
15.0
0.0
0.0
18.0
0.0
5.0
0.0
0.0
15.0
0.0
0.0
97.0
122.0
0.0
36.0
41.0
249.0
150.0
475.0
41.0
8.0
20.0
8.0
168.0
97.0
28.0
10.0
10.0
33.0
290.0
46.0
0.0
0.0
0.0
0.0
0.0
76.0
69.0
5.0
0.0
53.0
36.0
0.0
0.0
46.0
0.0
23.0
0.0
0.0
0.0
0.0
0.0
0.0
0.0
0.0
3.0
0.0
0.0
0.0
0.0
74.0
0.0
0.0
10.0
0.0
28.0
25.0
33.0
0.0
119.0
18.0
150.0
0.0
0.0
0.0
130.0
38.0
18.0
0.0
30.0
130.0
0.0
0.0
91.0
0.0
51.0
102.0
0.0
0.0
0.0
86.0
0.0
0.0
0.0
0.0
102.0
102.0
102.0
NaN
NaN
0.0
25.0
0.0
10.0
107.0
0.0
0.0
3.0
15.0
25.0
25.0
25.0
0.0
0.0
0.0
0.0
25.0
0.0
0.0
0.0
0.0
0.0
102.0
25.0
0.0
0.0
0.0
0.0
38.0
91.0
NaN
0.0
0.0
25.0
0.0
0.0
25.0
0.0
0.0
0.0
0.0
102.0
0.0
0.0
0.0
102.0
104.0
203.0
0.0
25.0
25.0
0.0
0.0
0.0
0.0
0.0
0.0
25.0
0.0
0.0
0.0
0.0
0.0
0.0
0.0
0.0
0.0
0.0
0.0
0.0
0.0
0.0
0.0
0.0
0.0
0.0
51.0
0.0
0.0
0.0
0.0
0.0
0.0
25.0
0.0
0.0
0.0
0.0
0.0
0.0
0.0
51.0
0.0
76.0
43.0
0.0
25.0
0.0
0.0
0.0
254.0
56.0
28.0
0.0
0.0
0.0
25.0
0.0
0.0
0.0
0.0
25.0
0.0
0.0
46.0
90.0
0.0
36.0
0.0
0.0
0.0
238.0
12.0
0.0
0.0
0.0
0.0
0.0
0.0
30.0
0.0
0.0
0.0
0.0
0.0
8.0
0.0
0.0
0.0
0.0
0.0
0.0
0.0
0.0
0.0
6.0
36.0
0.0
0.0
172.0
58.0
0.0
100.0
56.0
46.0
6.0
0.0
0.0
26.0
0.0
0.0
144.0
0.0
6.0
0.0
0.0
0.0
0.0
0.0
0.0
0.0
6.0
0.0
16.0
6.0
0.0
32.0
0.0
0.0
140.0
0.0
0.0
0.0
0.0
386.0
0.0
0.0
0.0
0.0
52.0
100.0
12.0
60.0
3.0
0.0
3.0
0.0
0.0
0.0
0.0
0.0
0.0
0.0
0.0
0.0
20.0
0.0
0.0
0.0
0.0
0.0
0.0
0.0
0.0
0.0
0.0
0.0
0.0
0.0
0.0
0.0
0.0
114.0
8.0
6.0
0.0
0.0
4.0
144.0
40.0
42.0
5.0
0.0
0.0
0.0
4.0
0.0
0.0
0.0
0.0
48.0
6.0
10.0
0.0
0.0
0.0
0.0
24.0
30.0
4.0
0.0
0.0
74.0
0.0
0.0
0.0
0.0
112.0
0.0
0.0
42.0
18.0
0.0
0.0
0.0
0.0
44.0
4.0
0.0
0.0
0.0
0.0
0.0
0.0
0.0
330.0
30.0
92.0
220.0
152.0
0.0
444.0
111.0
0.0
80.0
4.0
0.0
0.0
0.0
0.0
0.0
54.0
6.0
4.0
38.0
0.0
0.0
330.0
14.0
120.0
72.0
155.0
74.0
18.0
6.0
24.0
0.0
0.0
4.0
0.0
0.0
0.0
60.0
0.0
0.0
0.0
32.0
4.0
0.0
116.0
20.0
0.0
0.0
0.0
0.0
0.0
0.0
0.0
0.0
0.0
26.0
14.0
0.0
0.0
0.0
0.0
0.0
0.0
138.0
0.0
0.0
0.0
116.0
0.0
0.0
0.0
0.0
0.0
10.0
4.0
60.0
0.0
50.0
0.0
0.0
0.0
110.0
0.0
140.0
0.0
0.0
0.0
44.0
0.0
0.0
0.0
0.0
0.0
0.0
0.0
0.0
10.0
0.0
0.0
0.0
112.0
0.0
0.0
0.0
90.0
10.0
0.0
0.0
0.0
0.0
36.0
42.0
70.0
10.0
0.0
0.0
0.0
0.0
0.0
20.0
40.0
10.0
0.0
0.0
290.0
0.0
NaN
0.0
90.0
0.0
0.0
0.0
20.0
0.0
0.0
30.0
200.0
0.0
0.0
20.0
0.0
0.0
0.0
60.0
0.0
0.0
20.0
0.0
0.0
0.0
0.0
0.0
0.0
0.0
0.0
0.0
0.0
0.0
0.0
0.0
0.0
0.0
0.0
22.0
0.0
84.0
0.0
0.0
0.0
0.0
0.0
50.0
0.0
42.0
6.0
28.0
16.0
0.0
4.0
30.0
0.0
20.0
0.0
24.0
20.0
20.0
0.0
0.0
4.0
0.0
0.0
0.0
14.0
0.0
108.0
0.0
0.0
0.0
20.0
174.0
20.0
0.0
66.0
80.0
0.0
80.0
72.0
20.0
0.0
60.0
0.0
0.0
0.0
0.0
670.0
8.0
26.0
0.0
0.0
0.0
0.0
0.0
20.0
0.0
0.0
18.0
42.0
78.0
12.0
8.0
32.0
40.0
0.0
56.0
0.0
0.0
0.0
40.0
0.0
0.0
0.0
0.0
72.0
0.0
0.0
66.0
0.0
0.0
0.0
0.0
0.0
22.0
0.0
0.0
0.0
52.0
220.0
0.0
30.0
0.0
12.0
0.0
0.0
8.0
0.0
0.0
54.0
0.0
0.0
8.0
0.0
0.0
66.0
0.0
0.0
0.0
0.0
0.0
0.0
0.0
0.0
0.0
34.0
0.0
6.0
0.0
0.0
0.0
0.0
202.0
0.0
110.0
280.0
14.0
4.0
0.0
0.0
4.0
0.0
0.0
0.0
450.0
52.0
6.0
0.0
0.0
28.0
6.0
0.0
0.0
0.0
0.0
0.0
0.0
0.0
0.0
0.0
222.0
0.0
10.0
6.0
0.0
94.0
22.0
85.0
16.0
0.0
0.0
0.0
0.0
68.0
0.0
40.0
0.0
4.0
0.0
52.0
36.0
0.0
0.0
34.0
0.0
0.0
0.0
0.0
12.0
0.0
0.0
0.0
0.0
0.0
0.0
28.0
0.0
0.0
0.0
0.0
0.0
0.0
0.0
0.0
0.0
0.0
0.0
68.0
0.0
0.0
210.0
12.0
0.0
0.0
0.0
10.0
0.0
0.0
0.0
0.0
0.0
0.0
0.0
0.0
0.0
0.0
0.0
0.0
260.0
0.0
0.0
0.0
0.0
98.0
56.0
102.0
20.0
60.0
100.0
60.0
86.0
0.0
0.0
28.0
18.0
14.0
52.0
34.0
0.0
0.0
82.0
104.0
50.0
0.0
26.0
10.0
0.0
0.0
0.0
120.0
0.0
8.0
0.0
10.0
90.0
10.0
0.0
124.0
6.0
14.0
0.0
0.0
110.0
0.0
0.0
0.0
0.0
8.0
0.0
234.0
0.0
404.0
6.0
230.0
0.0
0.0
0.0
0.0
0.0
20.0
0.0
0.0
0.0
0.0
0.0
192.0
0.0
0.0
0.0
60.0
0.0
0.0
0.0
0.0
80.0
0.0
0.0
0.0
0.0
76.0
0.0
190.0
224.0
0.0
0.0
0.0
0.0
0.0
0.0
0.0
0.0
0.0
0.0
0.0
0.0
0.0
0.0
0.0
0.0
86.0
14.0
0.0
58.0
18.0
0.0
10.0
18.0
0.0
0.0
0.0
0.0
10.0
0.0
10.0
20.0
10.0
0.0
80.0
0.0
0.0
0.0
0.0
20.0
0.0
0.0
0.0
0.0
0.0
0.0
0.0
0.0
NaN
NaN
0.0
0.0
NaN
NaN
NaN
0.0
0.0
0.0
34.0
70.0
0.0
10.0
0.0
NaN
NaN
0.0
0.0
0.0
0.0
0.0
0.0
0.0
40.0
0.0
120.0
20.0
0.0
40.0
0.0
0.0
0.0
0.0
130.0
88.0
0.0
0.0
250.0
30.0
0.0
0.0
38.0
0.0
0.0
0.0
0.0
0.0
40.0
30.0
0.0
0.0
220.0
16.0
0.0
0.0
34.0
82.0
54.0
12.0
44.0
6.0
22.0
160.0
78.0
0.0
0.0
0.0
16.0
0.0
0.0
0.0
0.0
0.0
0.0
0.0
114.0
86.0
84.0
0.0
2.0
0.0
0.0
0.0
12.0
0.0
12.0
0.0
8.0
0.0
0.0
104.0
142.0
0.0
0.0
0.0
288.0
10.0
0.0
0.0
0.0
0.0
0.0
0.0
0.0
0.0
0.0
0.0
0.0
26.0
20.0
70.0
86.0
0.0
0.0
110.0
8.0
40.0
0.0
18.0
0.0
0.0
0.0
0.0
0.0
0.0
0.0
0.0
0.0
256.0
0.0
0.0
18.0
0.0
0.0
0.0
0.0
142.0
180.0
16.0
0.0
0.0
0.0
0.0
0.0
0.0
0.0
276.0
0.0
0.0
0.0
0.0
0.0
0.0
72.0
114.0
42.0
0.0
20.0
0.0
32.0
36.0
0.0
0.0
0.0
10.0
54.0
150.0
130.0
24.0
0.0
0.0
26.0
38.0
0.0
0.0
14.0
0.0
20.0
64.0
0.0
0.0
166.0
0.0
8.0
0.0
0.0
0.0
0.0
0.0
0.0
0.0
10.0
0.0
0.0
0.0
0.0
0.0
0.0
0.0
10.0
18.0
4.0
30.0
166.0
0.0
0.0
0.0
0.0
0.0
0.0
44.0
0.0
0.0
236.0
144.0
0.0
0.0
108.0
20.0
0.0
0.0
0.0
0.0
206.0
0.0
0.0
124.0
6.0
0.0
0.0
0.0
0.0
246.0
6.0
156.0
62.0
98.0
22.0
0.0
0.0
0.0
20.0
22.0
228.0
24.0
122.0
0.0
0.0
36.0
0.0
0.0
6.0
38.0
4.0
0.0
90.0
66.0
20.0
0.0
0.0
0.0
0.0
0.0
0.0
10.0
24.0
10.0
0.0
36.0
50.0
34.0
0.0
0.0
0.0
0.0
82.0
0.0
0.0
0.0
0.0
0.0
0.0
0.0
0.0
0.0
16.0
43.0
20.0
0.0
24.0
25.0
10.0
0.0
84.0
120.0
0.0
0.0
0.0
62.0
60.0
116.0
25.0
0.0
0.0
0.0
0.0
0.0
0.0
0.0
0.0
0.0
0.0
0.0
0.0
25.0
25.0
200.0
0.0
0.0
0.0
50.0
0.0
0.0
0.0
0.0
130.0
180.0
0.0
0.0
0.0
0.0
0.0
20.0
20.0
0.0
0.0
0.0
0.0
30.0
0.0
20.0
0.0
0.0
0.0
0.0
0.0
20.0
0.0
0.0
10.0
10.0
0.0
20.0
0.0
20.0
80.0
60.0
0.0
0.0
20.0
20.0
0.0
20.0
0.0
350.0
20.0
0.0
0.0
0.0
0.0
28.0
4.0
0.0
74.0
0.0
0.0
120.0
0.0
0.0
0.0
0.0
130.0
0.0
0.0
0.0
0.0
22.0
20.0
0.0
0.0
30.0
10.0
10.0
0.0
0.0
20.0
0.0
0.0
50.0
50.0
80.0
20.0
100.0
0.0
0.0
0.0
0.0
0.0
208.0
0.0
0.0
70.0
98.0
20.0
20.0
0.0
10.0
0.0
0.0
0.0
0.0
32.0
0.0
100.0
0.0
25.0
22.0
0.0
100.0
0.0
0.0
0.0
18.0
0.0
0.0
82.0
38.0
6.0
0.0
8.0
180.0
50.0
8.0
0.0
0.0
0.0
0.0
0.0
18.0
0.0
0.0
0.0
190.0
352.0
94.0
2.0
0.0
66.0
18.0
0.0
0.0
0.0
0.0
0.0
0.0
0.0
0.0
116.0
12.0
0.0
76.0
0.0
12.0
0.0
0.0
0.0
0.0
0.0
0.0
0.0
0.0
0.0
72.0
10.0
16.0
0.0
0.0
30.0
26.0
0.0
30.0
0.0
0.0
0.0
230.0
228.0
36.0
0.0
0.0
0.0
0.0
0.0
0.0
0.0
0.0
0.0
15.0
0.0
36.0
0.0
0.0
0.0
0.0
0.0
0.0
0.0
0.0
0.0
0.0
0.0
0.0
0.0
0.0
16.0
0.0
0.0
0.0
0.0
0.0
0.0
130.0
182.0
176.0
0.0
0.0
0.0
0.0
8.0
12.0
20.0
0.0
4.0
10.0
46.0
0.0
12.0
0.0
0.0
0.0
338.0
6.0
0.0
0.0
0.0
0.0
0.0
0.0
0.0
0.0
0.0
0.0
16.0
124.0
182.0
14.0
130.0
154.0
170.0
26.0
410.0
10.0
0.0
0.0
18.0
70.0
0.0
0.0
0.0
0.0
0.0
0.0
0.0
268.0
50.0
4.0
0.0
62.0
180.0
0.0
0.0
0.0
34.0
70.0
20.0
0.0
0.0
218.0
144.0
50.0
0.0
4.0
66.0
96.0
54.0
4.0
0.0
0.0
0.0
0.0
0.0
36.0
6.0
0.0
154.0
50.0
0.0
28.0
44.0
140.0
4.0
0.0
18.0
20.0
174.0
0.0
0.0
0.0
0.0
0.0
0.0
0.0
0.0
106.0
92.0
0.0
0.0
0.0
0.0
0.0
0.0
0.0
0.0
0.0
22.0
34.0
40.0
188.0
48.0
20.0
0.0
0.0
0.0
0.0
98.0
0.0
25.0
25.0
36.0
82.0
8.0
0.0
40.0
80.0
0.0
78.0
25.0
0.0
25.0
10.0
0.0
0.0
0.0
40.0
0.0
100.0
240.0
180.0
0.0
40.0
80.0
0.0
0.0
0.0
0.0
0.0
0.0
0.0
0.0
64.0
0.0
0.0
48.0
26.0
0.0
10.0
0.0
0.0
NaN
80.0
120.0
0.0
35.0
0.0
0.0
0.0
0.0
0.0
0.0
25.0
0.0
40.0
0.0
40.0
0.0
0.0
0.0
0.0
80.0
NaN
NaN
0.0
0.0
245.0
NaN
NaN
0.0
0.0
60.0
0.0
0.0
0.0
0.0
80.0
0.0
0.0
0.0
0.0
50.0
23.0
20.0
0.0
0.0
0.0
20.0
0.0
0.0
0.0
0.0
40.0
10.0
0.0
60.0
48.0
0.0
0.0
0.0
40.0
70.0
5.0
86.0
0.0
0.0
0.0
68.0
0.0
0.0
0.0
0.0
0.0
0.0
0.0
4.0
50.0
0.0
0.0
0.0
0.0
236.0
5.0
0.0
72.0
0.0
30.0
50.0
30.0
0.0
0.0
0.0
60.0
10.0
45.0
25.0
0.0
0.0
90.0
4.0
0.0
62.0
78.0
0.0
0.0
0.0
0.0
6.0
12.0
0.0
0.0
0.0
0.0
0.0
0.0
0.0
0.0
0.0
0.0
64.0
0.0
0.0
0.0
0.0
0.0
0.0
0.0
0.0
16.0
0.0
10.0
74.0
0.0
0.0
210.0
48.0
8.0
0.0
20.0
200.0
68.0
52.0
0.0
32.0
66.0
0.0
2.0
0.0
202.0
0.0
80.0
0.0
6.0
0.0
0.0
0.0
0.0
0.0
246.0
0.0
0.0
158.0
40.0
14.0
18.0
0.0
0.0
0.0
106.0
0.0
0.0
84.0
0.0
0.0
0.0
0.0
74.0
6.0
0.0
0.0
0.0
0.0
0.0
40.0
20.0
0.0
0.0
0.0
0.0
0.0
96.0
0.0
0.0
0.0
0.0
0.0
0.0
0.0
0.0
0.0
230.0
0.0
0.0
46.0
0.0
426.0
0.0
10.0
0.0
0.0
0.0
154.0
0.0
26.0
0.0
0.0
0.0
0.0
0.0
0.0
0.0
0.0
0.0
52.0
92.0
0.0
88.0
0.0
424.0
0.0
0.0
0.0
0.0
68.0
0.0
0.0
150.0
72.0
10.0
0.0
10.0
0.0
0.0
0.0
0.0
0.0
0.0
0.0
0.0
0.0
0.0
20.0
336.0
0.0
16.0
0.0
54.0
234.0
20.0
44.0
20.0
72.0
122.0
0.0
0.0
6.0
0.0
0.0
8.0
0.0
0.0
0.0
74.0
0.0
0.0
60.0
0.0
0.0
0.0
10.0
98.0
98.0
10.0
0.0
0.0
48.0
34.0
68.0
0.0
0.0
0.0
0.0
0.0
0.0
NaN
30.0
0.0
76.0
0.0
98.0
0.0
0.0
0.0
0.0
0.0
0.0
102.0
232.0
20.0
0.0
0.0
0.0
0.0
0.0
0.0
124.0
160.0
10.0
0.0
182.0
0.0
0.0
30.0
0.0
166.0
42.0
8.0
0.0
30.0
218.0
68.0
72.0
8.0
0.0
50.0
0.0
0.0
0.0
0.0
0.0
10.0
182.0
0.0
0.0
22.0
188.0
20.0
0.0
0.0
60.0
164.0
8.0
0.0
30.0
0.0
0.0
0.0
0.0
0.0
0.0
0.0
0.0
0.0
32.0
10.0
0.0
10.0
120.0
56.0
20.0
0.0
20.0
40.0
80.0
60.0
0.0
0.0
0.0
0.0
20.0
10.0
12.0
0.0
0.0
0.0
0.0
10.0
26.0
0.0
58.0
100.0
56.0
10.0
0.0
40.0
0.0
0.0
0.0
0.0
0.0
0.0
0.0
0.0
0.0
48.0
6.0
0.0
0.0
0.0
22.0
110.0
0.0
0.0
0.0
0.0
0.0
0.0
0.0
0.0
20.0
0.0
0.0
18.0
46.0
24.0
0.0
0.0
0.0
0.0
6.0
0.0
0.0
0.0
0.0
132.0
74.0
20.0
120.0
120.0
20.0
0.0
0.0
30.0
74.0
18.0
0.0
0.0
0.0
0.0
32.0
46.0
0.0
0.0
108.0
10.0
0.0
232.0
22.0
0.0
0.0
102.0
94.0
0.0
110.0
30.0
0.0
0.0
0.0
0.0
0.0
0.0
0.0
0.0
0.0
0.0
104.0
118.0
158.0
180.0
20.0
28.0
22.0
0.0
18.0
100.0
0.0
0.0
0.0
0.0
0.0
0.0
66.0
0.0
0.0
0.0
0.0
410.0
0.0
0.0
48.0
10.0
0.0
80.0
0.0
0.0
0.0
228.0
60.0
44.0
0.0
0.0
68.0
102.0
76.0
50.0
0.0
0.0
6.0
0.0
0.0
0.0
0.0
0.0
0.0
0.0
0.0
0.0
0.0
0.0
0.0
0.0
0.0
0.0
0.0
10.0
282.0
6.0
0.0
32.0
0.0
0.0
0.0
104.0
0.0
0.0
0.0
0.0
0.0
0.0
0.0
0.0
0.0
0.0
0.0
0.0
0.0
0.0
0.0
0.0
10.0
0.0
0.0
0.0
0.0
0.0
0.0
354.0
42.0
52.0
82.0
0.0
0.0
294.0
14.0
0.0
0.0
0.0
0.0
0.0
188.0
0.0
0.0
0.0
0.0
0.0
0.0
10.0
0.0
0.0
0.0
162.0
6.0
0.0
0.0
6.0
0.0
0.0
0.0
0.0
80.0
4.0
0.0
0.0
0.0
0.0
132.0
0.0
0.0
0.0
0.0
0.0
8.0
0.0
26.0
6.0
150.0
124.0
202.0
28.0
0.0
414.0
6.0
30.0
14.0
0.0
12.0
0.0
0.0
0.0
0.0
0.0
0.0
0.0
0.0
70.0
8.0
0.0
0.0
128.0
0.0
0.0
18.0
20.0
90.0
4.0
0.0
8.0
0.0
0.0
0.0
0.0
0.0
124.0
0.0
0.0
54.0
30.0
0.0
16.0
0.0
0.0
0.0
100.0
104.0
6.0
0.0
0.0
14.0
0.0
0.0
0.0
120.0
64.0
0.0
0.0
0.0
122.0
40.0
0.0
0.0
26.0
44.0
0.0
24.0
40.0
0.0
0.0
0.0
80.0
124.0
26.0
20.0
20.0
NaN
0.0
18.0
100.0
164.0
NaN
0.0
NaN
0.0
178.0
20.0
0.0
20.0
0.0
0.0
40.0
20.0
0.0
0.0
NaN
10.0
70.0
120.0
50.0
20.0
40.0
60.0
0.0
0.0
0.0
0.0
0.0
0.0
0.0
80.0
40.0
NaN
NaN
30.0
40.0
0.0
0.0
40.0
10.0
0.0
20.0
0.0
0.0
0.0
0.0
0.0
0.0
60.0
0.0
0.0
60.0
0.0
0.0
0.0
0.0
20.0
0.0
40.0
20.0
0.0
0.0
70.0
0.0
0.0
0.0
56.0
0.0
20.0
230.0
0.0
0.0
0.0
0.0
28.0
26.0
0.0
0.0
0.0
0.0
0.0
0.0
0.0
20.0
50.0
0.0
0.0
50.0
0.0
0.0
20.0
10.0
0.0
0.0
10.0
0.0
0.0
0.0
0.0
0.0
360.0
40.0
0.0
0.0
0.0
108.0
80.0
60.0
10.0
0.0
0.0
0.0
0.0
0.0
0.0
0.0
0.0
0.0
0.0
0.0
116.0
10.0
14.0
0.0
0.0
0.0
0.0
0.0
14.0
26.0
16.0
228.0
68.0
96.0
32.0
0.0
0.0
0.0
34.0
40.0
26.0
0.0
12.0
0.0
0.0
0.0
40.0
0.0
0.0
6.0
0.0
0.0
0.0
32.0
38.0
0.0
0.0
20.0
0.0
226.0
6.0
0.0
0.0
104.0
0.0
0.0
6.0
0.0
228.0
32.0
6.0
186.0
0.0
166.0
16.0
4.0
12.0
0.0
0.0
24.0
0.0
0.0
34.0
40.0
0.0
0.0
16.0
46.0
0.0
0.0
10.0
0.0
0.0
500.0
82.0
0.0
0.0
0.0
0.0
0.0
6.0
24.0
0.0
0.0
0.0
0.0
0.0
0.0
0.0
0.0
0.0
0.0
72.0
32.0
26.0
0.0
60.0
34.0
30.0
0.0
0.0
0.0
0.0
0.0
192.0
18.0
0.0
46.0
0.0
8.0
0.0
0.0
0.0
6.0
0.0
0.0
0.0
0.0
0.0
6.0
0.0
0.0
0.0
0.0
86.0
0.0
60.0
10.0
0.0
0.0
0.0
0.0
0.0
0.0
0.0
0.0
346.0
0.0
0.0
6.0
60.0
0.0
0.0
0.0
0.0
50.0
440.0
156.0
0.0
0.0
174.0
144.0
48.0
32.0
26.0
0.0
0.0
0.0
186.0
76.0
54.0
132.0
80.0
12.0
6.0
0.0
0.0
0.0
0.0
0.0
0.0
0.0
28.0
0.0
186.0
26.0
0.0
56.0
0.0
0.0
0.0
0.0
0.0
0.0
0.0
10.0
90.0
6.0
0.0
12.0
0.0
0.0
18.0
0.0
28.0
0.0
38.0
50.0
0.0
112.0
30.0
0.0
0.0
0.0
4.0
42.0
12.0
0.0
0.0
16.0
0.0
144.0
0.0
6.0
222.0
0.0
48.0
0.0
20.0
84.0
404.0
70.0
0.0
0.0
42.0
98.0
0.0
12.0
10.0
20.0
0.0
0.0
0.0
0.0
0.0
0.0
0.0
108.0
66.0
0.0
20.0
40.0
48.0
0.0
0.0
30.0
120.0
0.0
0.0
20.0
6.0
0.0
144.0
10.0
14.0
0.0
0.0
0.0
0.0
60.0
0.0
130.0
0.0
0.0
NaN
0.0
30.0
58.0
18.0
144.0
0.0
266.0
30.0
0.0
0.0
0.0
0.0
0.0
40.0
140.0
0.0
0.0
40.0
0.0
0.0
20.0
0.0
80.0
30.0
80.0
120.0
100.0
60.0
100.0
20.0
NaN
NaN
0.0
0.0
0.0
0.0
0.0
0.0
0.0
0.0
0.0
0.0
40.0
60.0
0.0
100.0
50.0
0.0
94.0
158.0
80.0
60.0
40.0
80.0
70.0
40.0
0.0
0.0
104.0
102.0
426.0
20.0
0.0
0.0
80.0
0.0
36.0
0.0
0.0
200.0
0.0
0.0
24.0
0.0
0.0
0.0
72.0
26.0
0.0
0.0
0.0
0.0
20.0
0.0
0.0
0.0
0.0
0.0
100.0
72.0
0.0
0.0
72.0
138.0
0.0
0.0
184.0
30.0
60.0
4.0
220.0
60.0
0.0
0.0
0.0
0.0
0.0
0.0
0.0
0.0
0.0
0.0
0.0
14.0
0.0
10.0
0.0
0.0
0.0
0.0
88.0
0.0
0.0
20.0
0.0
0.0
0.0
0.0
0.0
0.0
32.0
42.0
64.0
0.0
0.0
0.0
0.0
0.0
0.0
0.0
0.0
38.0
14.0
0.0
0.0
0.0
92.0
4.0
0.0
0.0
0.0
28.0
236.0
46.0
0.0
0.0
132.0
0.0
15.0
0.0
0.0
0.0
0.0
0.0
0.0
0.0
0.0
0.0
0.0
0.0
0.0
0.0
34.0
2.0
40.0
178.0
152.0
140.0
10.0
148.0
0.0
0.0
0.0
0.0
0.0
0.0
0.0
0.0
0.0
52.0
0.0
0.0
0.0
0.0
0.0
36.0
0.0
0.0
86.0
260.0
40.0
0.0
24.0
4.0
0.0
0.0
0.0
296.0
0.0
0.0
222.0
52.0
0.0
0.0
0.0
46.0
0.0
0.0
0.0
0.0
8.0
0.0
46.0
0.0
0.0
0.0
0.0
0.0
0.0
34.0
36.0
116.0
0.0
38.0
0.0
0.0
90.0
156.0
0.0
0.0
0.0
0.0
0.0
238.0
0.0
0.0
48.0
4.0
0.0
8.0
12.0
18.0
6.0
0.0
0.0
38.0
40.0
170.0
0.0
32.0
8.0
0.0
0.0
44.0
6.0
0.0
0.0
0.0
0.0
66.0
0.0
26.0
124.0
0.0
0.0
436.0
14.0
98.0
0.0
0.0
0.0
0.0
0.0
0.0
28.0
0.0
21.0
0.0
0.0
235.0
1106.0
270.0
0.0
18.0
80.0
154.0
0.0
0.0
0.0
18.0
6.0
148.0
60.0
0.0
6.0
0.0
196.0
0.0
236.0
340.0
68.0
68.0
24.0
24.0
140.0
68.0
8.0
0.0
30.0
0.0
0.0
0.0
28.0
228.0
32.0
52.0
20.0
0.0
0.0
0.0
6.0
0.0
16.0
4.0
0.0
44.0
22.0
84.0
0.0
28.0
0.0
0.0
44.0
0.0
12.0
0.0
0.0
0.0
10.0
0.0
0.0
0.0
0.0
50.0
0.0
0.0
0.0
0.0
0.0
0.0
30.0
130.0
0.0
0.0
12.0
0.0
42.0
58.0
0.0
0.0
0.0
0.0
30.0
120.0
32.0
0.0
0.0
90.0
101.0
116.0
136.0
0.0
0.0
100.0
0.0
0.0
0.0
0.0
122.0
26.0
0.0
0.0
0.0
0.0
0.0
26.0
0.0
0.0
0.0
0.0
0.0
0.0
0.0
0.0
30.0
0.0
0.0
0.0
42.0
0.0
0.0
50.0
40.0
0.0
0.0
0.0
76.0
0.0
0.0
140.0
NaN
NaN
20.0
0.0
120.0
40.0
0.0
0.0
0.0
10.0
10.0
60.0
20.0
0.0
0.0
16.0
30.0
0.0
0.0
0.0
14.0
70.0
0.0
0.0
0.0
0.0
0.0
0.0
0.0
0.0
0.0
0.0
0.0
0.0
0.0
110.0
0.0
0.0
0.0
0.0
4.0
72.0
80.0
20.0
40.0
0.0
0.0
0.0
0.0
0.0
0.0
0.0
0.0
0.0
0.0
0.0
0.0
0.0
0.0
0.0
0.0
0.0
0.0
0.0
0.0
12.0
36.0
30.0
10.0
0.0
190.0
140.0
0.0
16.0
40.0
0.0
21.0
51.0
0.0
0.0
0.0
0.0
0.0
128.0
124.0
0.0
NaN
0.0
0.0
0.0
0.0
0.0
0.0
0.0
24.0
8.0
0.0
0.0
0.0
64.0
4.0
0.0
0.0
0.0
0.0
0.0
0.0
0.0
0.0
0.0
0.0
6.0
30.0
6.0
0.0
0.0
52.0
0.0
0.0
114.0
22.0
22.0
0.0
10.0
0.0
0.0
0.0
0.0
8.0
0.0
0.0
0.0
202.0
0.0
14.0
18.0
0.0
0.0
0.0
14.0
51.0
0.0
0.0
0.0
40.0
176.0
10.0
0.0
0.0
0.0
0.0
0.0
0.0
0.0
44.0
10.0
0.0
0.0
98.0
16.0
26.0
0.0
6.0
0.0
0.0
0.0
24.0
0.0
10.0
0.0
24.0
0.0
18.0
0.0
0.0
0.0
122.0
6.0
0.0
0.0
0.0
0.0
0.0
86.0
0.0
0.0
0.0
50.0
0.0
0.0
0.0
0.0
0.0
0.0
0.0
200.0
84.0
0.0
0.0
0.0
0.0
10.0
192.0
6.0
0.0
0.0
0.0
0.0
16.0
6.0
18.0
0.0
18.0
0.0
24.0
0.0
0.0
0.0
0.0
0.0
164.0
8.0
14.0
0.0
40.0
56.0
138.0
6.0
0.0
0.0
0.0
0.0
0.0
6.0
0.0
188.0
72.0
24.0
0.0
0.0
0.0
136.0
78.0
14.0
86.0
86.0
6.0
0.0
0.0
0.0
0.0
0.0
22.0
0.0
148.0
40.0
18.0
80.0
0.0
0.0
28.0
66.0
230.0
16.0
14.0
38.0
18.0
0.0
0.0
0.0
4.0
6.0
58.0
0.0
20.0
46.0
20.0
144.0
6.0
208.0
0.0
154.0
24.0
138.0
6.0
0.0
0.0
22.0
62.0
0.0
14.0
42.0
0.0
146.0
108.0
10.0
0.0
0.0
0.0
0.0
0.0
0.0
0.0
34.0
0.0
26.0
340.0
26.0
14.0
0.0
240.0
306.0
0.0
6.0
72.0
24.0
30.0
0.0
50.0
42.0
46.0
0.0
0.0
58.0
96.0
10.0
0.0
NaN
NaN
0.0
196.0
284.0
60.0
0.0
0.0
168.0
60.0
0.0
0.0
0.0
34.0
0.0
0.0
0.0
0.0
0.0
0.0
0.0
0.0
0.0
0.0
0.0
0.0
0.0
0.0
0.0
0.0
0.0
0.0
10.0
40.0
20.0
10.0
52.0
132.0
30.0
18.0
26.0
0.0
20.0
0.0
20.0
6.0
130.0
30.0
26.0
0.0
0.0
58.0
NaN
0.0
56.0
26.0
56.0
20.0
40.0
20.0
20.0
20.0
80.0
40.0
60.0
36.0
0.0
0.0
0.0
0.0
76.0
100.0
0.0
0.0
0.0
26.0
0.0
0.0
0.0
26.0
0.0
0.0
0.0
0.0
0.0
0.0
0.0
0.0
18.0
6.0
0.0
0.0
78.0
162.0
118.0
0.0
0.0
0.0
20.0
60.0
0.0
0.0
0.0
148.0
18.0
42.0
12.0
0.0
20.0
32.0
10.0
0.0
0.0
94.0
46.0
16.0
0.0
58.0
24.0
0.0
0.0
0.0
0.0
0.0
38.0
40.0
0.0
0.0
84.0
0.0
0.0
54.0
0.0
138.0
10.0
0.0
0.0
14.0
64.0
6.0
2.0
0.0
0.0
0.0
0.0
0.0
0.0
0.0
0.0
60.0
104.0
0.0
0.0
12.0
6.0
0.0
482.0
8.0
0.0
8.0
6.0
68.0
0.0
0.0
0.0
0.0
0.0
16.0
0.0
0.0
0.0
0.0
0.0
70.0
0.0
0.0
0.0
0.0
0.0
0.0
20.0
0.0
0.0
0.0
0.0
0.0
0.0
44.0
0.0
0.0
0.0
0.0
0.0
0.0
10.0
0.0
0.0
0.0
0.0
0.0
10.0
0.0
0.0
0.0
0.0
0.0
0.0
0.0
0.0
0.0
0.0
0.0
34.0
0.0
0.0
0.0
0.0
94.0
272.0
0.0
0.0
0.0
0.0
0.0
0.0
8.0
0.0
84.0
4.0
44.0
0.0
0.0
8.0
170.0
6.0
0.0
0.0
0.0
196.0
0.0
0.0
0.0
34.0
0.0
8.0
0.0
8.0
6.0
0.0
0.0
0.0
0.0
0.0
0.0
0.0
0.0
12.0
70.0
42.0
2.0
22.0
0.0
48.0
12.0
0.0
4.0
96.0
30.0
128.0
168.0
2.0
0.0
0.0
0.0
0.0
0.0
40.0
6.0
0.0
0.0
26.0
0.0
82.0
48.0
26.0
8.0
8.0
6.0
0.0
0.0
0.0
104.0
0.0
2.0
0.0
169.0
98.0
34.0
28.0
28.0
18.0
40.0
18.0
10.0
264.0
186.0
58.0
10.0
0.0
2.0
8.0
144.0
34.0
42.0
0.0
88.0
2.0
52.0
162.0
50.0
44.0
20.0
0.0
0.0
0.0
24.0
84.0
0.0
18.0
92.0
68.0
20.0
54.0
26.0
176.0
16.0
0.0
212.0
0.0
0.0
18.0
18.0
0.0
0.0
48.0
40.0
0.0
0.0
0.0
0.0
0.0
40.0
0.0
42.0
4.0
30.0
170.0
0.0
0.0
0.0
0.0
0.0
0.0
20.0
0.0
120.0
0.0
50.0
30.0
20.0
20.0
20.0
100.0
0.0
14.0
12.0
0.0
100.0
0.0
20.0
10.0
72.0
38.0
0.0
0.0
0.0
0.0
10.0
0.0
122.0
NaN
40.0
0.0
76.0
0.0
0.0
0.0
30.0
6.0
0.0
30.0
0.0
0.0
0.0
0.0
40.0
120.0
0.0
0.0
0.0
0.0
112.0
0.0
0.0
0.0
80.0
0.0
0.0
0.0
0.0
20.0
80.0
NaN
60.0
10.0
20.0
10.0
0.0
0.0
0.0
0.0
0.0
0.0
40.0
0.0
0.0
0.0
90.0
0.0
0.0
0.0
0.0
70.0
40.0
0.0
0.0
0.0
0.0
NaN
42.0
0.0
0.0
0.0
0.0
0.0
0.0
0.0
0.0
0.0
76.0
10.0
26.0
50.0
0.0
0.0
30.0
10.0
0.0
0.0
0.0
0.0
0.0
10.0
120.0
0.0
0.0
0.0
0.0
128.0
54.0
6.0
27.0
16.0
12.0
20.0
20.0
0.0
8.0
62.0
0.0
16.0
0.0
0.0
60.0
0.0
0.0
0.0
0.0
0.0
0.0
0.0
34.0
0.0
0.0
6.0
0.0
0.0
0.0
0.0
0.0
27.0
101.0
0.0
36.0
0.0
0.0
0.0
36.0
42.0
0.0
4.0
0.0
0.0
0.0
0.0
64.0
36.0
0.0
0.0
0.0
82.0
128.0
0.0
0.0
0.0
98.0
98.0
102.0
18.0
0.0
94.0
0.0
0.0
0.0
0.0
60.0
24.0
12.0
0.0
6.0
0.0
6.0
36.0
4.0
46.0
0.0
74.0
8.0
0.0
186.0
36.0
0.0
0.0
14.0
8.0
0.0
0.0
0.0
0.0
0.0
0.0
0.0
0.0
0.0
0.0
0.0
0.0
0.0
6.0
0.0
0.0
0.0
0.0
0.0
0.0
0.0
48.0
80.0
0.0
0.0
0.0
0.0
10.0
6.0
0.0
0.0
8.0
0.0
0.0
0.0
0.0
26.0
154.0
0.0
0.0
136.0
0.0
50.0
0.0
0.0
0.0
0.0
34.0
12.0
0.0
0.0
0.0
0.0
20.0
0.0
44.0
0.0
0.0
0.0
0.0
0.0
96.0
0.0
0.0
24.0
120.0
0.0
0.0
0.0
0.0
42.0
0.0
64.0
24.0
0.0
0.0
0.0
12.0
22.0
0.0
156.0
0.0
0.0
0.0
0.0
50.0
148.0
16.0
0.0
0.0
8.0
0.0
0.0
0.0
0.0
18.0
6.0
24.0
0.0
6.0
82.0
38.0
10.0
230.0
68.0
0.0
0.0
0.0
0.0
0.0
59.0
38.0
0.0
52.0
12.0
90.0
0.0
0.0
0.0
0.0
0.0
0.0
0.0
0.0
0.0
40.0
56.0
150.0
0.0
14.0
38.0
0.0
96.0
40.0
14.0
18.0
0.0
0.0
114.0
250.0
132.0
0.0
50.0
0.0
0.0
50.0
40.0
20.0
20.0
0.0
28.0
0.0
94.0
220.0
0.0
70.0
0.0
0.0
50.0
0.0
50.0
20.0
0.0
0.0
0.0
0.0
40.0
90.0
0.0
30.0
26.0
20.0
0.0
0.0
0.0
0.0
150.0
20.0
0.0
0.0
NaN
NaN
NaN
0.0
NaN
122.0
144.0
0.0
0.0
112.0
30.0
0.0
0.0
0.0
14.0
26.0
0.0
100.0
40.0
0.0
0.0
0.0
96.0
46.0
6.0
0.0
0.0
20.0
30.0
39.0
6.0
38.0
0.0
0.0
0.0
0.0
0.0
0.0
88.0
90.0
80.0
0.0
0.0
0.0
0.0
10.0
0.0
0.0
0.0
0.0
48.0
60.0
56.0
32.0
0.0
0.0
0.0
0.0
88.0
176.0
0.0
120.0
40.0
30.0
0.0
0.0
0.0
0.0
0.0
0.0
0.0
0.0
0.0
74.0
22.0
14.0
118.0
6.0
0.0
0.0
20.0
18.0
0.0
10.0
0.0
0.0
22.0
178.0
0.0
0.0
20.0
0.0
0.0
0.0
70.0
10.0
26.0
42.0
58.0
10.0
0.0
30.0
20.0
0.0
0.0
66.0
60.0
0.0
0.0
23.0
68.0
8.0
68.0
0.0
0.0
48.0
126.0
10.0
0.0
0.0
0.0
0.0
0.0
0.0
0.0
0.0
0.0
0.0
0.0
0.0
156.0
0.0
0.0
0.0
0.0
8.0
3.0
0.0
118.0
6.0
0.0
0.0
265.0
172.0
0.0
74.0
34.0
0.0
0.0
0.0
0.0
0.0
0.0
0.0
0.0
0.0
0.0
0.0
0.0
102.0
146.0
6.0
10.0
0.0
16.0
16.0
0.0
0.0
0.0
0.0
0.0
174.0
0.0
0.0
6.0
0.0
0.0
10.0
0.0
128.0
88.0
6.0
0.0
26.0
0.0
22.0
4.0
30.0
0.0
0.0
0.0
6.0
0.0
0.0
0.0
786.0
0.0
0.0
0.0
0.0
0.0
134.0
6.0
8.0
16.0
40.0
86.0
30.0
0.0
42.0
0.0
0.0
0.0
0.0
0.0
0.0
0.0
378.0
0.0
0.0
0.0
0.0
52.0
4.0
0.0
0.0
0.0
0.0
0.0
0.0
152.0
16.0
0.0
56.0
0.0
92.0
200.0
172.0
20.0
0.0
0.0
0.0
0.0
0.0
0.0
231.0
NaN
0.0
0.0
0.0
0.0
0.0
0.0
0.0
0.0
196.0
0.0
0.0
0.0
0.0
0.0
0.0
0.0
618.0
22.0
6.0
0.0
42.0
32.0
0.0
46.0
26.0
219.0
0.0
10.0
0.0
0.0
20.0
112.0
10.0
20.0
0.0
158.0
18.0
0.0
0.0
28.0
318.0
138.0
82.0
20.0
28.0
0.0
44.0
0.0
180.0
146.0
102.0
6.0
0.0
14.0
0.0
0.0
8.0
0.0
0.0
22.0
42.0
0.0
0.0
0.0
0.0
0.0
4.0
170.0
292.0
16.0
28.0
0.0
40.0
12.0
24.0
20.0
0.0
0.0
0.0
36.0
0.0
0.0
0.0
0.0
20.0
116.0
10.0
44.0
0.0
68.0
76.0
12.0
0.0
0.0
0.0
50.0
66.0
160.0
0.0
0.0
0.0
0.0
0.0
0.0
0.0
0.0
10.0
0.0
52.0
20.0
76.0
34.0
0.0
10.0
66.0
10.0
100.0
70.0
10.0
0.0
10.0
160.0
162.0
118.0
0.0
0.0
20.0
0.0
0.0
40.0
40.0
0.0
16.0
10.0
0.0
80.0
0.0
0.0
34.0
0.0
0.0
0.0
0.0
20.0
0.0
6.0
10.0
30.0
0.0
0.0
10.0
NaN
0.0
10.0
20.0
20.0
0.0
0.0
0.0
0.0
0.0
0.0
0.0
0.0
0.0
0.0
50.0
0.0
20.0
220.0
120.0
40.0
0.0
64.0
46.0
0.0
0.0
0.0
50.0
0.0
50.0
0.0
0.0
0.0
66.0
44.0
50.0
0.0
22.0
88.0
20.0
30.0
20.0
0.0
0.0
0.0
0.0
0.0
0.0
0.0
58.0
38.0
0.0
12.0
0.0
30.0
50.0
6.0
0.0
96.0
170.0
20.0
0.0
0.0
0.0
26.0
0.0
0.0
72.0
42.0
64.0
10.0
160.0
272.0
8.0
0.0
0.0
0.0
116.0
66.0
0.0
0.0
0.0
160.0
78.0
12.0
0.0
28.0
0.0
0.0
0.0
66.0
8.0
18.0
8.0
88.0
0.0
0.0
0.0
54.0
16.0
0.0
40.0
0.0
0.0
0.0
0.0
0.0
0.0
0.0
48.0
10.0
0.0
0.0
0.0
0.0
0.0
0.0
64.0
196.0
66.0
0.0
196.0
0.0
8.0
0.0
0.0
0.0
0.0
0.0
0.0
0.0
0.0
0.0
0.0
56.0
92.0
6.0
0.0
0.0
245.0
12.0
0.0
0.0
0.0
0.0
10.0
18.0
0.0
0.0
0.0
0.0
0.0
0.0
0.0
0.0
8.0
0.0
640.0
460.0
32.0
54.0
52.0
0.0
0.0
0.0
0.0
156.0
0.0
0.0
0.0
0.0
0.0
0.0
0.0
14.0
0.0
10.0
0.0
0.0
0.0
0.0
0.0
0.0
168.0
0.0
0.0
0.0
114.0
6.0
100.0
0.0
0.0
0.0
34.0
0.0
0.0
0.0
0.0
0.0
8.0
138.0
10.0
182.0
6.0
0.0
24.0
0.0
0.0
0.0
0.0
0.0
0.0
0.0
0.0
0.0
0.0
0.0
0.0
0.0
104.0
0.0
0.0
0.0
20.0
0.0
0.0
0.0
0.0
0.0
0.0
6.0
10.0
0.0
0.0
0.0
64.0
42.0
0.0
104.0
0.0
0.0
20.0
34.0
16.0
0.0
0.0
54.0
8.0
298.0
82.0
40.0
16.0
36.0
0.0
0.0
42.0
0.0
32.0
26.0
0.0
58.0
50.0
0.0
0.0
44.0
0.0
0.0
0.0
8.0
0.0
86.0
96.0
192.0
0.0
0.0
0.0
8.0
0.0
0.0
0.0
0.0
26.0
0.0
20.0
10.0
20.0
0.0
0.0
8.0
0.0
0.0
238.0
62.0
0.0
0.0
58.0
104.0
50.0
0.0
0.0
34.0
15.0
20.0
0.0
14.0
120.0
90.0
0.0
0.0
52.0
100.0
200.0
90.0
64.0
0.0
10.0
0.0
0.0
0.0
54.0
0.0
16.0
25.0
20.0
70.0
0.0
0.0
60.0
0.0
0.0
0.0
0.0
0.0
0.0
0.0
52.0
76.0
0.0
0.0
0.0
0.0
18.0
NaN
0.0
0.0
0.0
22.0
16.0
10.0
4.0
14.0
80.0
140.0
20.0
100.0
40.0
0.0
120.0
40.0
0.0
30.0
168.0
60.0
0.0
0.0
0.0
0.0
0.0
0.0
0.0
0.0
0.0
0.0
80.0
0.0
0.0
20.0
50.0
20.0
20.0
20.0
0.0
10.0
32.0
86.0
0.0
0.0
52.0
40.0
40.0
0.0
0.0
0.0
30.0
24.0
10.0
0.0
58.0
0.0
NaN
NaN
0.0
0.0
0.0
0.0
NaN
0.0
0.0
42.0
238.0
0.0
0.0
0.0
210.0
324.0
NaN
0.0
10.0
82.0
76.0
24.0
96.0
78.0
42.0
0.0
0.0
0.0
82.0
0.0
0.0
170.0
0.0
8.0
6.0
0.0
0.0
18.0
28.0
0.0
0.0
20.0
0.0
0.0
0.0
0.0
112.0
0.0
0.0
0.0
0.0
0.0
64.0
0.0
0.0
0.0
0.0
0.0
58.0
68.0
22.0
0.0
0.0
0.0
32.0
0.0
42.0
28.0
0.0
0.0
0.0
0.0
0.0
0.0
0.0
0.0
0.0
184.0
32.0
2.0
18.0
8.0
0.0
92.0
18.0
8.0
0.0
0.0
0.0
0.0
0.0
0.0
0.0
0.0
10.0
0.0
0.0
12.0
250.0
0.0
46.0
10.0
212.0
238.0
126.0
8.0
52.0
132.0
NaN
0.0
0.0
0.0
72.0
0.0
0.0
120.0
0.0
0.0
0.0
0.0
222.0
22.0
0.0
114.0
0.0
12.0
0.0
0.0
160.0
20.0
0.0
32.0
0.0
46.0
30.0
0.0
146.0
24.0
0.0
42.0
0.0
0.0
0.0
0.0
0.0
24.0
0.0
70.0
310.0
140.0
0.0
8.0
0.0
0.0
62.0
0.0
0.0
300.0
42.0
24.0
48.0
104.0
12.0
0.0
0.0
0.0
0.0
0.0
0.0
40.0
106.0
0.0
32.0
264.0
10.0
0.0
0.0
0.0
48.0
0.0
30.0
20.0
0.0
0.0
0.0
0.0
0.0
0.0
0.0
0.0
122.0
0.0
0.0
22.0
10.0
0.0
122.0
46.0
56.0
0.0
93.0
10.0
92.0
0.0
0.0
8.0
0.0
0.0
6.0
0.0
0.0
0.0
0.0
0.0
80.0
124.0
0.0
62.0
66.0
62.0
0.0
0.0
12.0
130.0
64.0
446.0
0.0
0.0
40.0
150.0
0.0
0.0
0.0
20.0
0.0
108.0
14.0
26.0
8.0
6.0
0.0
0.0
0.0
8.0
0.0
8.0
0.0
20.0
0.0
0.0
0.0
0.0
20.0
86.0
0.0
0.0
0.0
0.0
16.0
0.0
20.0
0.0
60.0
0.0
0.0
0.0
NaN
0.0
0.0
0.0
0.0
10.0
170.0
174.0
20.0
0.0
36.0
288.0
172.0
0.0
0.0
50.0
0.0
20.0
20.0
0.0
20.0
10.0
20.0
20.0
10.0
0.0
0.0
0.0
0.0
134.0
14.0
40.0
40.0
0.0
0.0
40.0
40.0
0.0
0.0
0.0
0.0
0.0
0.0
0.0
0.0
0.0
0.0
0.0
10.0
0.0
20.0
40.0
20.0
0.0
10.0
20.0
30.0
20.0
0.0
10.0
160.0
160.0
100.0
0.0
0.0
0.0
0.0
0.0
0.0
0.0
0.0
60.0
0.0
0.0
10.0
10.0
0.0
0.0
0.0
0.0
20.0
40.0
32.0
52.0
0.0
0.0
10.0
20.0
0.0
0.0
12.0
0.0
0.0
0.0
0.0
26.0
0.0
0.0
60.0
74.0
70.0
0.0
0.0
0.0
0.0
0.0
62.0
174.0
0.0
0.0
0.0
0.0
4.0
54.0
0.0
18.0
8.0
168.0
6.0
0.0
0.0
0.0
104.0
42.0
0.0
0.0
14.0
16.0
0.0
0.0
0.0
16.0
60.0
20.0
0.0
0.0
0.0
0.0
0.0
0.0
0.0
0.0
108.0
0.0
0.0
0.0
38.0
0.0
0.0
0.0
0.0
12.0
70.0
0.0
16.0
30.0
0.0
0.0
110.0
28.0
0.0
0.0
0.0
12.0
50.0
36.0
8.0
58.0
24.0
0.0
0.0
0.0
0.0
34.0
0.0
0.0
14.0
70.0
162.0
858.0
4.0
0.0
0.0
0.0
110.0
34.0
0.0
0.0
0.0
0.0
0.0
0.0
0.0
0.0
0.0
28.0
0.0
0.0
20.0
0.0
66.0
0.0
0.0
28.0
0.0
0.0
0.0
102.0
0.0
0.0
0.0
0.0
0.0
0.0
56.0
0.0
86.0
0.0
188.0
14.0
0.0
10.0
0.0
0.0
8.0
6.0
10.0
0.0
0.0
0.0
18.0
0.0
0.0
0.0
0.0
130.0
0.0
0.0
0.0
0.0
0.0
0.0
0.0
8.0
10.0
0.0
0.0
96.0
6.0
80.0
28.0
56.0
112.0
0.0
0.0
40.0
0.0
0.0
0.0
104.0
30.0
0.0
0.0
10.0
0.0
0.0
0.0
200.0
114.0
0.0
0.0
78.0
0.0
0.0
0.0
0.0
0.0
14.0
30.0
0.0
0.0
8.0
0.0
0.0
0.0
0.0
30.0
68.0
40.0
0.0
0.0
0.0
0.0
0.0
26.0
22.0
46.0
16.0
42.0
0.0
0.0
64.0
0.0
0.0
0.0
0.0
26.0
0.0
16.0
90.0
20.0
20.0
0.0
0.0
0.0
0.0
NaN
0.0
0.0
0.0
NaN
0.0
0.0
0.0
NaN
NaN
0.0
0.0
0.0
0.0
0.0
20.0
142.0
0.0
0.0
0.0
0.0
0.0
0.0
12.0
0.0
0.0
28.0
10.0
10.0
0.0
0.0
0.0
0.0
16.0
6.0
8.0
0.0
0.0
0.0
0.0
0.0
0.0
0.0
58.0
0.0
0.0
0.0
0.0
0.0
0.0
0.0
29.0
0.0
0.0
154.0
212.0
10.0
106.0
10.0
0.0
0.0
0.0
0.0
0.0
0.0
86.0
44.0
0.0
0.0
0.0
0.0
0.0
0.0
0.0
8.0
286.0
8.0
0.0
18.0
18.0
0.0
32.0
104.0
62.0
0.0
0.0
8.0
0.0
30.0
70.0
0.0
70.0
80.0
152.0
32.0
0.0
78.0
0.0
0.0
0.0
0.0
0.0
10.0
0.0
0.0
0.0
0.0
0.0
30.0
30.0
0.0
0.0
0.0
30.0
0.0
158.0
0.0
0.0
0.0
0.0
28.0
0.0
82.0
38.0
112.0
0.0
0.0
12.0
60.0
40.0
0.0
0.0
0.0
0.0
72.0
10.0
8.0
0.0
0.0
0.0
0.0
0.0
0.0
0.0
0.0
0.0
0.0
0.0
8.0
10.0
NaN
NaN
NaN
20.0
0.0
120.0
40.0
0.0
0.0
0.0
10.0
0.0
0.0
40.0
186.0
0.0
0.0
0.0
48.0
162.0
84.0
90.0
0.0
30.0
0.0
0.0
0.0
0.0
0.0
0.0
0.0
0.0
0.0
0.0
150.0
160.0
40.0
40.0
30.0
20.0
0.0
0.0
0.0
0.0
0.0
32.0
0.0
0.0
0.0
0.0
0.0
0.0
0.0
0.0
0.0
0.0
10.0
54.0
0.0
0.0
0.0
0.0
0.0
42.0
84.0
102.0
0.0
0.0
0.0
0.0
0.0
0.0
0.0
12.0
0.0
0.0
0.0
30.0
32.0
26.0
0.0
0.0
0.0
0.0
0.0
0.0
0.0
0.0
0.0
0.0
0.0
0.0
36.0
0.0
80.0
0.0
20.0
0.0
0.0
0.0
44.0
40.0
50.0
0.0
0.0
0.0
0.0
90.0
0.0
264.0
0.0
0.0
0.0
0.0
50.0
282.0
0.0
0.0
0.0
0.0
0.0
0.0
0.0
0.0
0.0
0.0
0.0
0.0
60.0
136.0
10.0
0.0
0.0
104.0
0.0
28.0
4.0
0.0
0.0
14.0
0.0
0.0
162.0
28.0
12.0
0.0
6.0
320.0
18.0
0.0
0.0
14.0
NaN
NaN
0.0
0.0
0.0
8.0
0.0
0.0
0.0
0.0
0.0
0.0
0.0
0.0
0.0
0.0
0.0
0.0
0.0
0.0
0.0
0.0
0.0
40.0
164.0
54.0
10.0
6.0
8.0
0.0
0.0
0.0
38.0
0.0
48.0
82.0
6.0
0.0
80.0
0.0
0.0
98.0
0.0
0.0
16.0
0.0
0.0
68.0
128.0
0.0
42.0
0.0
6.0
166.0
0.0
0.0
22.0
0.0
0.0
0.0
8.0
166.0
90.0
92.0
6.0
0.0
0.0
0.0
0.0
16.0
88.0
0.0
32.0
232.0
0.0
0.0
0.0
0.0
0.0
0.0
0.0
0.0
0.0
0.0
0.0
0.0
0.0
0.0
0.0
0.0
0.0
0.0
0.0
0.0
0.0
0.0
18.0
58.0
0.0
0.0
0.0
0.0
0.0
0.0
0.0
0.0
58.0
0.0
0.0
30.0
12.0
94.0
12.0
0.0
0.0
0.0
0.0
0.0
0.0
0.0
0.0
0.0
0.0
80.0
0.0
322.0
10.0
10.0
0.0
0.0
0.0
0.0
0.0
40.0
26.0
14.0
0.0
0.0
0.0
0.0
34.0
8.0
0.0
14.0
12.0
0.0
48.0
96.0
110.0
10.0
10.0
68.0
70.0
108.0
10.0
0.0
0.0
84.0
18.0
0.0
10.0
346.0
168.0
0.0
10.0
20.0
20.0
0.0
0.0
42.0
0.0
8.0
20.0
40.0
0.0
0.0
20.0
10.0
182.0
0.0
0.0
46.0
0.0
56.0
0.0
0.0
0.0
0.0
10.0
20.0
20.0
40.0
0.0
0.0
NaN
106.0
0.0
0.0
0.0
0.0
0.0
25.0
25.0
20.0
10.0
20.0
0.0
NaN
0.0
0.0
0.0
0.0
0.0
0.0
0.0
0.0
20.0
0.0
20.0
0.0
0.0
50.0
0.0
0.0
0.0
12.0
0.0
0.0
56.0
110.0
6.0
40.0
0.0
0.0
0.0
72.0
0.0
40.0
76.0
0.0
0.0
40.0
0.0
0.0
0.0
0.0
0.0
0.0
25.0
0.0
46.0
102.0
26.0
0.0
45.0
70.0
30.0
30.0
0.0
0.0
0.0
0.0
10.0
16.0
0.0
0.0
78.0
0.0
0.0
0.0
42.0
25.0
0.0
10.0
30.0
20.0
100.0
50.0
30.0
0.0
0.0
0.0
0.0
0.0
0.0
6.0
0.0
0.0
0.0
0.0
0.0
20.0
10.0
0.0
0.0
0.0
0.0
12.0
0.0
0.0
0.0
0.0
0.0
0.0
0.0
0.0
26.0
20.0
0.0
0.0
0.0
0.0
10.0
0.0
18.0
232.0
258.0
0.0
194.0
12.0
0.0
16.0
140.0
0.0
26.0
124.0
26.0
16.0
26.0
44.0
0.0
0.0
186.0
16.0
14.0
0.0
44.0
0.0
0.0
0.0
0.0
126.0
86.0
116.0
10.0
0.0
0.0
0.0
0.0
0.0
0.0
0.0
20.0
556.0
28.0
38.0
94.0
0.0
0.0
0.0
0.0
0.0
0.0
0.0
0.0
0.0
26.0
0.0
452.0
0.0
124.0
32.0
6.0
0.0
6.0
176.0
58.0
0.0
0.0
0.0
0.0
328.0
110.0
92.0
6.0
24.0
0.0
94.0
6.0
0.0
0.0
0.0
0.0
0.0
0.0
0.0
24.0
0.0
0.0
0.0
0.0
22.0
224.0
0.0
0.0
0.0
10.0
18.0
148.0
0.0
0.0
0.0
144.0
8.0
0.0
0.0
36.0
0.0
0.0
0.0
0.0
0.0
10.0
42.0
90.0
0.0
0.0
0.0
0.0
0.0
0.0
0.0
66.0
0.0
0.0
0.0
0.0
0.0
0.0
12.0
10.0
24.0
0.0
0.0
12.0
18.0
0.0
134.0
0.0
0.0
0.0
192.0
0.0
0.0
0.0
0.0
0.0
0.0
0.0
0.0
0.0
0.0
148.0
122.0
110.0
44.0
0.0
192.0
0.0
772.0
316.0
166.0
0.0
0.0
0.0
0.0
0.0
334.0
302.0
80.0
70.0
0.0
48.0
550.0
10.0
10.0
0.0
0.0
60.0
0.0
0.0
0.0
0.0
0.0
0.0
22.0
16.0
0.0
0.0
0.0
0.0
0.0
0.0
94.0
330.0
6.0
0.0
4.0
35.0
28.0
26.0
0.0
0.0
0.0
0.0
86.0
8.0
0.0
0.0
0.0
0.0
26.0
0.0
76.0
308.0
10.0
0.0
20.0
10.0
0.0
60.0
20.0
0.0
0.0
48.0
0.0
60.0
30.0
0.0
0.0
20.0
40.0
0.0
0.0
0.0
20.0
16.0
52.0
22.0
0.0
32.0
12.0
0.0
22.0
0.0
90.0
10.0
0.0
0.0
86.0
0.0
0.0
26.0
212.0
40.0
0.0
20.0
0.0
0.0
22.0
194.0
0.0
120.0
40.0
0.0
0.0
4.0
0.0
0.0
52.0
24.0
14.0
64.0
10.0
0.0
0.0
0.0
65.0
80.0
30.0
0.0
0.0
0.0
20.0
30.0
10.0
0.0
0.0
0.0
72.0
34.0
0.0
80.0
50.0
0.0
40.0
0.0
0.0
0.0
40.0
0.0
0.0
0.0
90.0
0.0
0.0
0.0
0.0
0.0
0.0
40.0
40.0
20.0
20.0
0.0
50.0
0.0
0.0
0.0
295.0
78.0
40.0
0.0
0.0
0.0
182.0
12.0
12.0
0.0
0.0
0.0
0.0
120.0
30.0
0.0
0.0
24.0
0.0
0.0
0.0
64.0
14.0
0.0
0.0
0.0
0.0
20.0
0.0
22.0
0.0
0.0
80.0
68.0
0.0
0.0
126.0
12.0
39.0
0.0
0.0
0.0
0.0
0.0
38.0
0.0
0.0
0.0
0.0
0.0
36.0
62.0
12.0
0.0
20.0
74.0
6.0
0.0
0.0
0.0
60.0
24.0
26.0
0.0
0.0
0.0
44.0
0.0
0.0
22.0
24.0
202.0
142.0
0.0
84.0
0.0
0.0
68.0
112.0
8.0
36.0
0.0
0.0
84.0
158.0
68.0
0.0
100.0
0.0
0.0
0.0
0.0
0.0
38.0
18.0
0.0
0.0
0.0
38.0
8.0
0.0
0.0
22.0
0.0
0.0
0.0
0.0
8.0
16.0
0.0
0.0
0.0
0.0
0.0
0.0
0.0
102.0
0.0
0.0
20.0
90.0
94.0
0.0
0.0
0.0
0.0
0.0
0.0
0.0
0.0
0.0
36.0
82.0
22.0
20.0
0.0
38.0
0.0
160.0
0.0
0.0
0.0
0.0
0.0
48.0
0.0
0.0
0.0
0.0
0.0
8.0
0.0
0.0
0.0
0.0
18.0
0.0
200.0
0.0
0.0
0.0
0.0
0.0
0.0
50.0
0.0
0.0
0.0
0.0
0.0
0.0
14.0
62.0
290.0
0.0
0.0
326.0
134.0
8.0
0.0
0.0
268.0
186.0
8.0
0.0
10.0
0.0
0.0
14.0
0.0
0.0
14.0
12.0
0.0
6.0
0.0
0.0
10.0
98.0
0.0
0.0
142.0
24.0
10.0
18.0
0.0
0.0
0.0
0.0
18.0
0.0
178.0
6.0
0.0
0.0
12.0
22.0
6.0
0.0
0.0
6.0
122.0
70.0
0.0
0.0
0.0
40.0
0.0
6.0
0.0
0.0
22.0
0.0
0.0
0.0
96.0
0.0
12.0
0.0
0.0
0.0
14.0
8.0
112.0
32.0
0.0
0.0
0.0
111.0
46.0
22.0
0.0
20.0
226.0
104.0
0.0
0.0
26.0
0.0
0.0
0.0
0.0
18.0
24.0
27.0
100.0
20.0
0.0
130.0
40.0
0.0
0.0
0.0
114.0
6.0
20.0
50.0
22.0
0.0
36.0
8.0
0.0
68.0
8.0
20.0
0.0
96.0
74.0
20.0
80.0
0.0
0.0
0.0
30.0
0.0
0.0
0.0
0.0
0.0
0.0
0.0
0.0
10.0
0.0
0.0
36.0
0.0
96.0
24.0
0.0
0.0
0.0
0.0
170.0
110.0
0.0
0.0
104.0
122.0
132.0
30.0
134.0
50.0
12.0
0.0
0.0
12.0
0.0
25.0
0.0
0.0
15.0
35.0
80.0
20.0
0.0
50.0
22.0
0.0
10.0
0.0
0.0
26.0
38.0
0.0
0.0
0.0
0.0
0.0
0.0
0.0
0.0
0.0
0.0
0.0
0.0
54.0
6.0
0.0
0.0
0.0
26.0
110.0
38.0
16.0
6.0
0.0
0.0
0.0
0.0
0.0
0.0
22.0
0.0
6.0
24.0
36.0
22.0
0.0
0.0
0.0
116.0
280.0
100.0
140.0
20.0
20.0
20.0
0.0
0.0
46.0
56.0
42.0
24.0
NaN
0.0
0.0
0.0
0.0
0.0
4.0
44.0
0.0
6.0
64.0
40.0
26.0
0.0
0.0
0.0
0.0
0.0
100.0
0.0
0.0
0.0
0.0
10.0
78.0
0.0
232.0
0.0
0.0
22.0
0.0
0.0
0.0
0.0
0.0
0.0
0.0
0.0
0.0
0.0
32.0
54.0
248.0
14.0
6.0
0.0
0.0
0.0
8.0
0.0
82.0
34.0
0.0
0.0
0.0
0.0
0.0
0.0
0.0
0.0
0.0
0.0
0.0
0.0
40.0
12.0
0.0
0.0
26.0
0.0
28.0
8.0
0.0
4.0
0.0
0.0
0.0
0.0
0.0
0.0
0.0
0.0
126.0
134.0
0.0
18.0
0.0
0.0
0.0
0.0
0.0
0.0
0.0
12.0
0.0
0.0
0.0
0.0
0.0
0.0
112.0
10.0
0.0
0.0
114.0
10.0
0.0
290.0
136.0
0.0
0.0
0.0
0.0
0.0
0.0
0.0
6.0
0.0
0.0
0.0
10.0
10.0
42.0
8.0
20.0
0.0
0.0
0.0
0.0
16.0
0.0
0.0
0.0
0.0
0.0
0.0
10.0
268.0
214.0
18.0
0.0
318.0
18.0
0.0
0.0
0.0
0.0
0.0
0.0
26.0
0.0
0.0
0.0
214.0
0.0
6.0
0.0
16.0
0.0
0.0
40.0
0.0
0.0
0.0
30.0
0.0
0.0
0.0
0.0
78.0
12.0
26.0
0.0
0.0
0.0
0.0
0.0
38.0
24.0
0.0
0.0
0.0
0.0
8.0
10.0
4.0
0.0
0.0
6.0
14.0
0.0
0.0
0.0
86.0
6.0
16.0
0.0
0.0
0.0
54.0
94.0
0.0
0.0
0.0
0.0
0.0
184.0
44.0
0.0
10.0
0.0
14.0
0.0
22.0
50.0
6.0
0.0
0.0
0.0
0.0
6.0
4.0
0.0
0.0
0.0
0.0
0.0
0.0
82.0
30.0
88.0
56.0
8.0
24.0
90.0
44.0
10.0
0.0
4.0
46.0
82.0
6.0
0.0
0.0
20.0
8.0
0.0
0.0
0.0
132.0
6.0
0.0
0.0
8.0
124.0
0.0
0.0
0.0
60.0
0.0
268.0
0.0
0.0
0.0
0.0
0.0
0.0
0.0
0.0
10.0
0.0
100.0
36.0
NaN
NaN
58.0
10.0
0.0
0.0
0.0
0.0
0.0
0.0
82.0
80.0
40.0
0.0
130.0
20.0
40.0
40.0
NaN
0.0
80.0
100.0
0.0
40.0
120.0
60.0
20.0
0.0
0.0
30.0
0.0
0.0
0.0
140.0
106.0
46.0
26.0
50.0
0.0
0.0
0.0
0.0
0.0
0.0
4.0
60.0
32.0
6.0
0.0
0.0
0.0
0.0
0.0
0.0
24.0
25.0
NaN
0.0
0.0
66.0
0.0
0.0
0.0
0.0
0.0
0.0
0.0
20.0
0.0
0.0
134.0
20.0
20.0
40.0
20.0
0.0
80.0
20.0
0.0
0.0
20.0
0.0
0.0
0.0
0.0
0.0
0.0
0.0
0.0
0.0
0.0
0.0
39.0
10.0
0.0
0.0
0.0
0.0
0.0
0.0
0.0
0.0
9.0
0.0
0.0
86.0
62.0
0.0
10.0
12.0
18.0
12.0
0.0
126.0
0.0
0.0
0.0
66.0
34.0
0.0
18.0
0.0
0.0
132.0
120.0
0.0
0.0
0.0
0.0
0.0
0.0
0.0
0.0
0.0
0.0
0.0
0.0
0.0
0.0
0.0
72.0
0.0
0.0
0.0
12.0
0.0
0.0
0.0
16.0
168.0
26.0
0.0
0.0
0.0
68.0
86.0
42.0
144.0
6.0
0.0
0.0
0.0
28.0
52.0
8.0
58.0
4.0
0.0
0.0
0.0
0.0
0.0
0.0
0.0
0.0
0.0
124.0
10.0
0.0
0.0
6.0
0.0
0.0
0.0
0.0
0.0
0.0
10.0
0.0
38.0
72.0
100.0
0.0
8.0
108.0
0.0
6.0
0.0
0.0
0.0
0.0
76.0
6.0
0.0
0.0
0.0
0.0
0.0
0.0
0.0
0.0
12.0
74.0
0.0
8.0
0.0
20.0
0.0
0.0
0.0
0.0
20.0
0.0
20.0
72.0
0.0
0.0
78.0
170.0
0.0
0.0
238.0
6.0
28.0
42.0
0.0
64.0
68.0
0.0
0.0
0.0
0.0
0.0
4.0
0.0
0.0
0.0
8.0
20.0
80.0
8.0
0.0
0.0
0.0
0.0
0.0
0.0
0.0
0.0
0.0
168.0
72.0
0.0
0.0
0.0
0.0
0.0
0.0
0.0
0.0
0.0
0.0
0.0
0.0
0.0
26.0
0.0
0.0
40.0
0.0
0.0
0.0
0.0
10.0
290.0
12.0
0.0
30.0
88.0
0.0
10.0
6.0
0.0
36.0
0.0
0.0
0.0
0.0
106.0
0.0
0.0
34.0
0.0
0.0
0.0
0.0
63.0
22.0
214.0
8.0
0.0
6.0
0.0
0.0
0.0
0.0
0.0
132.0
344.0
24.0
0.0
0.0
0.0
0.0
0.0
0.0
30.0
0.0
8.0
0.0
62.0
20.0
0.0
0.0
0.0
58.0
12.0
0.0
0.0
54.0
0.0
72.0
40.0
0.0
0.0
129.0
0.0
0.0
0.0
26.0
52.0
132.0
6.0
0.0
0.0
22.0
0.0
0.0
10.0
0.0
182.0
50.0
8.0
0.0
0.0
26.0
20.0
0.0
20.0
25.0
180.0
0.0
40.0
100.0
50.0
68.0
0.0
0.0
6.0
2.0
30.0
100.0
0.0
0.0
0.0
0.0
28.0
46.0
6.0
110.0
160.0
70.0
0.0
20.0
0.0
40.0
40.0
120.0
20.0
0.0
0.0
0.0
0.0
0.0
0.0
0.0
0.0
0.0
20.0
0.0
30.0
20.0
0.0
30.0
0.0
0.0
0.0
30.0
100.0
0.0
0.0
50.0
0.0
30.0
0.0
0.0
80.0
0.0
0.0
0.0
16.0
12.0
140.0
0.0
22.0
0.0
0.0
NaN
22.0
0.0
0.0
0.0
0.0
0.0
0.0
0.0
34.0
0.0
0.0
0.0
32.0
8.0
76.0
0.0
0.0
0.0
30.0
16.0
0.0
0.0
0.0
14.0
0.0
82.0
10.0
26.0
6.0
0.0
0.0
0.0
0.0
30.0
54.0
24.0
8.0
68.0
24.0
0.0
0.0
8.0
0.0
0.0
0.0
0.0
0.0
24.0
0.0
22.0
412.0
50.0
0.0
0.0
0.0
0.0
0.0
0.0
0.0
0.0
0.0
112.0
0.0
0.0
0.0
0.0
0.0
38.0
116.0
202.0
40.0
14.0
12.0
0.0
0.0
0.0
94.0
338.0
94.0
10.0
0.0
0.0
16.0
130.0
40.0
0.0
0.0
0.0
0.0
0.0
10.0
6.0
66.0
6.0
0.0
0.0
102.0
0.0
0.0
0.0
4.0
0.0
502.0
212.0
116.0
12.0
8.0
50.0
60.0
6.0
0.0
22.0
0.0
0.0
0.0
518.0
0.0
158.0
0.0
36.0
0.0
0.0
0.0
194.0
44.0
0.0
0.0
0.0
0.0
668.0
430.0
0.0
0.0
0.0
0.0
48.0
10.0
0.0
0.0
0.0
0.0
0.0
6.0
0.0
0.0
0.0
0.0
0.0
598.0
46.0
8.0
68.0
362.0
312.0
6.0
0.0
0.0
24.0
8.0
0.0
22.0
8.0
0.0
0.0
0.0
0.0
0.0
8.0
0.0
0.0
0.0
0.0
0.0
0.0
96.0
0.0
0.0
0.0
28.0
0.0
0.0
16.0
0.0
0.0
6.0
96.0
0.0
0.0
0.0
0.0
0.0
200.0
6.0
80.0
82.0
18.0
0.0
216.0
266.0
16.0
0.0
0.0
0.0
230.0
0.0
450.0
14.0
0.0
0.0
0.0
0.0
0.0
0.0
0.0
0.0
0.0
66.0
0.0
14.0
86.0
74.0
54.0
34.0
0.0
0.0
0.0
0.0
0.0
18.0
0.0
0.0
0.0
0.0
0.0
0.0
0.0
86.0
6.0
0.0
34.0
6.0
0.0
0.0
0.0
0.0
0.0
22.0
0.0
28.0
0.0
0.0
8.0
14.0
194.0
0.0
0.0
0.0
60.0
38.0
0.0
20.0
10.0
80.0
30.0
30.0
60.0
40.0
0.0
0.0
110.0
32.0
14.0
0.0
0.0
10.0
0.0
0.0
0.0
30.0
60.0
80.0
40.0
0.0
0.0
0.0
160.0
40.0
150.0
30.0
0.0
200.0
96.0
40.0
0.0
40.0
40.0
40.0
60.0
120.0
100.0
60.0
100.0
0.0
60.0
40.0
0.0
