NaN
NaN
NaN
NaN
NaN
NaN
NaN
NaN
NaN
NaN
NaN
NaN
381.0
259.0
0.0
0.0
5.0
5.0
0.0
0.0
0.0
0.0
150.0
43.0
0.0
0.0
0.0
23.0
0.0
0.0
0.0
0.0
0.0
0.0
0.0
0.0
0.0
0.0
0.0
0.0
0.0
0.0
0.0
0.0
15.0
51.0
0.0
0.0
0.0
0.0
0.0
0.0
0.0
0.0
0.0
0.0
0.0
0.0
0.0
211.0
0.0
0.0
0.0
0.0
0.0
0.0
23.0
0.0
0.0
0.0
0.0
0.0
168.0
79.0
0.0
58.0
30.0
0.0
0.0
0.0
0.0
99.0
155.0
0.0
18.0
0.0
15.0
0.0
0.0
0.0
0.0
0.0
0.0
5.0
0.0
0.0
0.0
3.0
0.0
0.0
0.0
0.0
0.0
0.0
0.0
0.0
0.0
0.0
0.0
0.0
0.0
0.0
0.0
0.0
0.0
25.0
94.0
0.0
56.0
97.0
10.0
0.0
23.0
13.0
0.0
0.0
0.0
0.0
0.0
0.0
0.0
0.0
0.0
0.0
0.0
0.0
0.0
0.0
NaN
NaN
0.0
25.0
0.0
0.0
0.0
0.0
NaN
0.0
0.0
0.0
0.0
0.0
0.0
15.0
0.0
20.0
30.0
0.0
0.0
5.0
0.0
0.0
0.0
0.0
5.0
0.0
0.0
10.0
20.0
0.0
0.0
0.0
0.0
15.0
25.0
0.0
8.0
5.0
0.0
0.0
0.0
0.0
5.0
0.0
0.0
0.0
0.0
5.0
8.0
0.0
0.0
0.0
0.0
0.0
0.0
20.0
0.0
0.0
46.0
10.0
10.0
0.0
0.0
3.0
0.0
0.0
0.0
0.0
0.0
5.0
5.0
36.0
10.0
0.0
0.0
0.0
0.0
0.0
0.0
0.0
0.0
0.0
0.0
8.0
20.0
0.0
0.0
0.0
0.0
0.0
5.0
0.0
0.0
0.0
0.0
0.0
0.0
0.0
0.0
0.0
0.0
0.0
0.0
0.0
0.0
0.0
0.0
0.0
3.0
0.0
0.0
15.0
0.0
15.0
15.0
15.0
5.0
0.0
0.0
0.0
0.0
0.0
3.0
0.0
0.0
0.0
13.0
61.0
36.0
0.0
0.0
0.0
0.0
76.0
152.0
0.0
0.0
0.0
0.0
0.0
0.0
0.0
0.0
0.0
0.0
36.0
0.0
0.0
0.0
0.0
305.0
132.0
25.0
0.0
0.0
0.0
0.0
46.0
0.0
0.0
0.0
0.0
150.0
0.0
0.0
0.0
10.0
0.0
0.0
25.0
0.0
0.0
46.0
0.0
0.0
0.0
0.0
3.0
10.0
18.0
0.0
0.0
0.0
0.0
0.0
25.0
0.0
0.0
0.0
0.0
0.0
18.0
0.0
0.0
0.0
0.0
0.0
0.0
305.0
198.0
0.0
0.0
0.0
0.0
28.0
30.0
0.0
0.0
107.0
0.0
3.0
0.0
0.0
89.0
0.0
8.0
5.0
0.0
0.0
3.0
3.0
102.0
0.0
36.0
109.0
0.0
18.0
5.0
0.0
0.0
89.0
0.0
0.0
160.0
0.0
15.0
64.0
0.0
0.0
112.0
0.0
43.0
0.0
0.0
5.0
0.0
5.0
18.0
69.0
3.0
0.0
226.0
20.0
81.0
5.0
0.0
0.0
0.0
0.0
0.0
0.0
0.0
0.0
0.0
0.0
0.0
0.0
0.0
3.0
3.0
0.0
3.0
0.0
79.0
3.0
0.0
0.0
0.0
13.0
10.0
0.0
0.0
0.0
0.0
0.0
0.0
0.0
NaN
0.0
0.0
NaN
NaN
0.0
0.0
0.0
0.0
0.0
0.0
0.0
58.0
3.0
335.0
5.0
0.0
0.0
0.0
41.0
0.0
0.0
0.0
0.0
0.0
36.0
0.0
0.0
0.0
33.0
64.0
287.0
0.0
13.0
0.0
0.0
89.0
0.0
0.0
0.0
0.0
0.0
15.0
0.0
0.0
53.0
5.0
137.0
0.0
0.0
0.0
0.0
0.0
0.0
0.0
3.0
0.0
0.0
0.0
152.0
0.0
0.0
0.0
0.0
76.0
51.0
30.0
0.0
0.0
0.0
0.0
0.0
0.0
0.0
NaN
0.0
0.0
0.0
0.0
NaN
0.0
0.0
0.0
0.0
13.0
5.0
0.0
3.0
0.0
0.0
0.0
0.0
0.0
0.0
10.0
0.0
0.0
0.0
0.0
0.0
0.0
0.0
0.0
10.0
8.0
5.0
8.0
0.0
10.0
8.0
25.0
0.0
8.0
5.0
0.0
18.0
0.0
0.0
0.0
0.0
20.0
0.0
0.0
0.0
0.0
15.0
25.0
5.0
20.0
15.0
10.0
3.0
0.0
0.0
0.0
0.0
15.0
10.0
0.0
0.0
0.0
58.0
10.0
5.0
10.0
0.0
0.0
0.0
0.0
0.0
0.0
15.0
0.0
0.0
0.0
0.0
0.0
0.0
0.0
0.0
0.0
0.0
0.0
0.0
15.0
0.0
5.0
5.0
46.0
20.0
0.0
0.0
0.0
0.0
0.0
0.0
0.0
3.0
0.0
25.0
0.0
5.0
0.0
0.0
5.0
0.0
46.0
132.0
23.0
10.0
0.0
0.0
0.0
0.0
0.0
64.0
36.0
0.0
0.0
0.0
0.0
0.0
0.0
0.0
0.0
0.0
0.0
38.0
104.0
28.0
0.0
0.0
0.0
0.0
36.0
0.0
0.0
0.0
0.0
20.0
0.0
3.0
0.0
0.0
0.0
0.0
0.0
114.0
0.0
0.0
0.0
0.0
0.0
0.0
38.0
0.0
0.0
0.0
15.0
0.0
0.0
0.0
0.0
0.0
5.0
0.0
0.0
15.0
0.0
0.0
0.0
0.0
0.0
25.0
0.0
0.0
0.0
0.0
0.0
0.0
23.0
25.0
0.0
10.0
0.0
0.0
13.0
0.0
97.0
0.0
0.0
0.0
0.0
0.0
0.0
0.0
0.0
117.0
0.0
0.0
0.0
0.0
0.0
0.0
0.0
8.0
64.0
30.0
0.0
5.0
165.0
18.0
0.0
0.0
0.0
0.0
0.0
0.0
0.0
130.0
5.0
0.0
0.0
23.0
5.0
0.0
0.0
0.0
0.0
0.0
0.0
0.0
53.0
112.0
0.0
0.0
69.0
0.0
0.0
0.0
0.0
43.0
58.0
0.0
0.0
10.0
0.0
0.0
0.0
0.0
0.0
0.0
0.0
0.0
0.0
66.0
0.0
0.0
25.0
0.0
0.0
208.0
0.0
0.0
0.0
28.0
0.0
0.0
18.0
0.0
0.0
0.0
0.0
170.0
58.0
0.0
0.0
0.0
0.0
0.0
0.0
0.0
0.0
0.0
0.0
124.0
140.0
0.0
38.0
0.0
61.0
51.0
0.0
36.0
3.0
0.0
0.0
0.0
0.0
0.0
10.0
15.0
13.0
0.0
0.0
0.0
0.0
0.0
140.0
28.0
0.0
0.0
109.0
5.0
0.0
0.0
0.0
0.0
0.0
5.0
0.0
0.0
0.0
0.0
0.0
25.0
0.0
0.0
0.0
0.0
0.0
0.0
38.0
0.0
0.0
0.0
0.0
0.0
0.0
0.0
0.0
8.0
76.0
25.0
0.0
0.0
0.0
0.0
0.0
0.0
0.0
0.0
10.0
0.0
0.0
0.0
3.0
0.0
0.0
0.0
0.0
0.0
5.0
0.0
10.0
0.0
0.0
0.0
0.0
0.0
13.0
10.0
8.0
3.0
0.0
0.0
23.0
0.0
0.0
0.0
0.0
0.0
0.0
0.0
0.0
0.0
0.0
0.0
0.0
0.0
5.0
0.0
0.0
0.0
3.0
30.0
10.0
41.0
0.0
3.0
0.0
0.0
0.0
0.0
117.0
28.0
0.0
5.0
3.0
0.0
0.0
0.0
0.0
0.0
0.0
0.0
10.0
0.0
0.0
0.0
76.0
13.0
0.0
0.0
3.0
0.0
0.0
0.0
0.0
0.0
0.0
0.0
0.0
0.0
0.0
0.0
0.0
0.0
0.0
0.0
0.0
18.0
3.0
33.0
0.0
0.0
0.0
0.0
0.0
0.0
15.0
0.0
0.0
0.0
3.0
0.0
0.0
0.0
0.0
0.0
0.0
0.0
0.0
0.0
0.0
8.0
0.0
8.0
36.0
0.0
0.0
10.0
46.0
0.0
0.0
36.0
0.0
0.0
0.0
0.0
0.0
0.0
0.0
0.0
18.0
0.0
0.0
0.0
0.0
0.0
0.0
0.0
0.0
3.0
0.0
0.0
0.0
0.0
0.0
0.0
0.0
20.0
0.0
0.0
0.0
0.0
0.0
0.0
0.0
0.0
0.0
0.0
3.0
0.0
0.0
46.0
36.0
74.0
38.0
0.0
0.0
0.0
0.0
0.0
0.0
0.0
0.0
0.0
0.0
0.0
0.0
56.0
107.0
0.0
0.0
0.0
0.0
0.0
0.0
0.0
0.0
0.0
0.0
0.0
0.0
0.0
0.0
0.0
274.0
33.0
0.0
0.0
36.0
0.0
0.0
0.0
0.0
13.0
0.0
0.0
109.0
36.0
0.0
0.0
0.0
112.0
23.0
0.0
0.0
0.0
0.0
23.0
221.0
NaN
NaN
5.0
122.0
NaN
NaN
0.0
0.0
0.0
25.0
3.0
0.0
0.0
0.0
0.0
0.0
84.0
0.0
0.0
13.0
0.0
36.0
0.0
0.0
0.0
0.0
0.0
0.0
61.0
0.0
0.0
0.0
0.0
0.0
0.0
0.0
0.0
0.0
25.0
0.0
0.0
64.0
0.0
3.0
0.0
0.0
0.0
0.0
0.0
3.0
0.0
0.0
23.0
3.0
246.0
0.0
0.0
142.0
30.0
0.0
0.0
0.0
0.0
0.0
157.0
0.0
0.0
0.0
0.0
0.0
8.0
0.0
0.0
23.0
0.0
0.0
191.0
0.0
18.0
5.0
218.0
76.0
0.0
0.0
0.0
0.0
0.0
0.0
0.0
36.0
0.0
196.0
0.0
0.0
0.0
0.0
0.0
8.0
64.0
0.0
36.0
376.0
0.0
0.0
0.0
0.0
0.0
0.0
0.0
191.0
53.0
0.0
0.0
0.0
0.0
0.0
0.0
0.0
132.0
0.0
0.0
0.0
0.0
0.0
0.0
0.0
0.0
0.0
0.0
0.0
0.0
0.0
5.0
89.0
0.0
0.0
0.0
0.0
0.0
0.0
66.0
97.0
53.0
0.0
36.0
0.0
0.0
0.0
0.0
0.0
15.0
13.0
3.0
0.0
0.0
0.0
0.0
61.0
86.0
104.0
0.0
0.0
10.0
3.0
0.0
0.0
0.0
0.0
0.0
0.0
0.0
0.0
0.0
0.0
0.0
5.0
79.0
0.0
0.0
0.0
0.0
0.0
5.0
0.0
76.0
0.0
0.0
0.0
0.0
0.0
0.0
3.0
0.0
15.0
10.0
15.0
0.0
0.0
0.0
0.0
0.0
0.0
3.0
0.0
3.0
0.0
0.0
0.0
0.0
0.0
0.0
0.0
0.0
56.0
25.0
23.0
0.0
0.0
0.0
0.0
0.0
25.0
0.0
20.0
157.0
10.0
8.0
20.0
3.0
0.0
0.0
8.0
8.0
0.0
38.0
0.0
0.0
0.0
8.0
8.0
3.0
102.0
3.0
0.0
13.0
0.0
0.0
0.0
0.0
0.0
0.0
0.0
0.0
0.0
0.0
0.0
0.0
0.0
0.0
3.0
20.0
8.0
0.0
0.0
0.0
3.0
13.0
0.0
0.0
0.0
0.0
38.0
10.0
13.0
0.0
36.0
0.0
0.0
10.0
8.0
0.0
0.0
0.0
0.0
0.0
0.0
0.0
10.0
0.0
36.0
41.0
0.0
0.0
0.0
0.0
0.0
0.0
0.0
0.0
0.0
3.0
41.0
0.0
0.0
0.0
0.0
0.0
0.0
23.0
140.0
74.0
0.0
0.0
0.0
0.0
15.0
107.0
25.0
0.0
0.0
0.0
0.0
0.0
18.0
0.0
46.0
0.0
23.0
0.0
198.0
48.0
0.0
0.0
0.0
0.0
0.0
0.0
86.0
157.0
211.0
0.0
28.0
0.0
0.0
0.0
0.0
30.0
38.0
0.0
0.0
0.0
0.0
33.0
0.0
94.0
0.0
0.0
0.0
0.0
0.0
0.0
0.0
0.0
25.0
56.0
0.0
0.0
0.0
0.0
3.0
0.0
0.0
0.0
0.0
0.0
0.0
0.0
0.0
0.0
0.0
33.0
33.0
0.0
0.0
25.0
0.0
0.0
104.0
107.0
0.0
0.0
107.0
0.0
0.0
0.0
0.0
0.0
18.0
0.0
0.0
13.0
0.0
0.0
76.0
0.0
36.0
0.0
0.0
13.0
0.0
0.0
61.0
5.0
0.0
0.0
0.0
0.0
0.0
0.0
0.0
0.0
0.0
0.0
0.0
0.0
74.0
0.0
3.0
0.0
0.0
15.0
112.0
137.0
0.0
0.0
0.0
0.0
0.0
0.0
66.0
51.0
13.0
8.0
20.0
0.0
0.0
0.0
10.0
0.0
5.0
0.0
152.0
104.0
10.0
0.0
0.0
0.0
0.0
0.0
28.0
10.0
38.0
5.0
0.0
0.0
0.0
0.0
0.0
0.0
0.0
15.0
15.0
20.0
20.0
0.0
0.0
0.0
0.0
0.0
0.0
0.0
0.0
0.0
38.0
0.0
0.0
0.0
0.0
0.0
0.0
0.0
5.0
0.0
0.0
3.0
0.0
0.0
20.0
0.0
0.0
0.0
0.0
0.0
0.0
0.0
0.0
0.0
0.0
0.0
0.0
0.0
0.0
0.0
0.0
0.0
20.0
3.0
0.0
0.0
13.0
10.0
0.0
8.0
74.0
0.0
0.0
0.0
0.0
0.0
0.0
0.0
0.0
0.0
0.0
5.0
5.0
0.0
0.0
3.0
0.0
5.0
97.0
0.0
0.0
0.0
0.0
20.0
10.0
0.0
0.0
10.0
3.0
3.0
10.0
5.0
8.0
56.0
203.0
3.0
0.0
0.0
3.0
0.0
0.0
0.0
0.0
3.0
10.0
0.0
3.0
8.0
0.0
0.0
0.0
25.0
13.0
0.0
102.0
5.0
0.0
0.0
10.0
0.0
0.0
0.0
5.0
0.0
0.0
10.0
25.0
0.0
0.0
0.0
0.0
0.0
0.0
0.0
3.0
5.0
0.0
0.0
0.0
0.0
0.0
0.0
0.0
0.0
0.0
0.0
0.0
0.0
0.0
51.0
165.0
51.0
0.0
0.0
0.0
NaN
203.0
53.0
0.0
0.0
0.0
0.0
0.0
0.0
0.0
0.0
3.0
0.0
0.0
0.0
0.0
0.0
0.0
0.0
33.0
3.0
43.0
8.0
46.0
0.0
0.0
0.0
23.0
0.0
0.0
0.0
86.0
124.0
8.0
5.0
107.0
10.0
0.0
0.0
0.0
0.0
0.0
0.0
0.0
0.0
0.0
0.0
0.0
3.0
0.0
0.0
10.0
41.0
3.0
13.0
109.0
0.0
58.0
71.0
5.0
0.0
0.0
0.0
13.0
3.0
0.0
0.0
0.0
23.0
0.0
99.0
0.0
0.0
0.0
0.0
168.0
10.0
0.0
0.0
0.0
0.0
0.0
0.0
0.0
0.0
109.0
0.0
3.0
292.0
0.0
0.0
0.0
10.0
140.0
3.0
3.0
0.0
0.0
0.0
0.0
0.0
0.0
0.0
0.0
15.0
0.0
51.0
0.0
0.0
0.0
0.0
0.0
163.0
498.0
51.0
5.0
36.0
18.0
5.0
3.0
0.0
8.0
0.0
0.0
0.0
0.0
0.0
0.0
0.0
0.0
0.0
0.0
0.0
0.0
226.0
0.0
5.0
152.0
64.0
0.0
NaN
0.0
NaN
0.0
25.0
0.0
5.0
76.0
0.0
94.0
41.0
114.0
152.0
3.0
0.0
0.0
122.0
0.0
0.0
0.0
61.0
0.0
8.0
61.0
30.0
0.0
0.0
3.0
8.0
33.0
0.0
0.0
0.0
0.0
0.0
20.0
137.0
61.0
0.0
0.0
0.0
0.0
0.0
0.0
0.0
0.0
0.0
46.0
3.0
0.0
0.0
0.0
5.0
0.0
0.0
0.0
38.0
0.0
0.0
0.0
0.0
3.0
264.0
0.0
0.0
0.0
0.0
0.0
0.0
0.0
0.0
0.0
0.0
23.0
0.0
0.0
0.0
0.0
0.0
0.0
0.0
0.0
0.0
0.0
0.0
0.0
0.0
0.0
0.0
0.0
0.0
0.0
0.0
0.0
0.0
0.0
0.0
0.0
0.0
0.0
0.0
0.0
0.0
0.0
0.0
0.0
36.0
127.0
5.0
0.0
0.0
25.0
0.0
0.0
0.0
0.0
0.0
0.0
0.0
0.0
0.0
127.0
0.0
3.0
8.0
0.0
0.0
25.0
10.0
0.0
0.0
0.0
0.0
0.0
0.0
0.0
0.0
0.0
0.0
0.0
0.0
51.0
0.0
0.0
5.0
5.0
0.0
0.0
0.0
25.0
3.0
13.0
8.0
5.0
0.0
0.0
0.0
0.0
13.0
0.0
0.0
0.0
10.0
5.0
20.0
8.0
0.0
0.0
0.0
10.0
0.0
0.0
3.0
23.0
0.0
0.0
0.0
0.0
0.0
0.0
0.0
20.0
0.0
5.0
0.0
0.0
5.0
51.0
61.0
0.0
10.0
0.0
0.0
0.0
0.0
0.0
0.0
25.0
38.0
38.0
0.0
102.0
178.0
0.0
0.0
5.0
0.0
3.0
25.0
0.0
0.0
0.0
0.0
0.0
15.0
0.0
0.0
0.0
0.0
13.0
0.0
0.0
0.0
5.0
0.0
5.0
0.0
15.0
0.0
0.0
0.0
0.0
0.0
0.0
0.0
0.0
0.0
0.0
0.0
0.0
0.0
0.0
0.0
0.0
0.0
0.0
0.0
226.0
58.0
0.0
28.0
10.0
0.0
0.0
0.0
0.0
0.0
0.0
0.0
0.0
0.0
0.0
0.0
0.0
0.0
0.0
0.0
0.0
0.0
0.0
0.0
0.0
0.0
41.0
0.0
28.0
0.0
0.0
0.0
0.0
0.0
0.0
0.0
0.0
0.0
0.0
0.0
10.0
0.0
0.0
0.0
0.0
0.0
15.0
71.0
0.0
0.0
64.0
23.0
5.0
33.0
28.0
0.0
15.0
23.0
310.0
0.0
0.0
41.0
0.0
0.0
0.0
0.0
0.0
10.0
0.0
203.0
20.0
0.0
0.0
0.0
0.0
0.0
0.0
0.0
0.0
0.0
0.0
0.0
0.0
5.0
0.0
0.0
5.0
3.0
0.0
135.0
71.0
0.0
0.0
0.0
0.0
0.0
0.0
0.0
0.0
0.0
0.0
0.0
0.0
0.0
0.0
0.0
0.0
0.0
0.0
0.0
3.0
0.0
0.0
8.0
3.0
0.0
0.0
0.0
13.0
0.0
0.0
0.0
0.0
0.0
13.0
25.0
0.0
0.0
0.0
0.0
0.0
10.0
102.0
0.0
23.0
0.0
0.0
0.0
0.0
0.0
0.0
0.0
0.0
0.0
13.0
0.0
0.0
0.0
0.0
0.0
0.0
0.0
0.0
0.0
0.0
0.0
0.0
0.0
0.0
0.0
0.0
0.0
0.0
0.0
0.0
0.0
0.0
0.0
0.0
0.0
0.0
0.0
0.0
0.0
36.0
0.0
0.0
0.0
0.0
0.0
0.0
0.0
0.0
0.0
0.0
0.0
8.0
8.0
0.0
3.0
0.0
0.0
0.0
0.0
0.0
0.0
30.0
0.0
0.0
0.0
0.0
0.0
0.0
0.0
0.0
0.0
0.0
3.0
0.0
0.0
0.0
0.0
0.0
0.0
0.0
0.0
0.0
3.0
0.0
3.0
0.0
8.0
0.0
15.0
0.0
3.0
0.0
0.0
0.0
0.0
28.0
36.0
0.0
25.0
0.0
0.0
25.0
76.0
51.0
5.0
0.0
0.0
8.0
0.0
0.0
0.0
0.0
3.0
0.0
8.0
0.0
0.0
3.0
0.0
51.0
0.0
0.0
0.0
8.0
10.0
0.0
0.0
0.0
0.0
0.0
0.0
0.0
0.0
0.0
0.0
0.0
10.0
3.0
5.0
0.0
0.0
0.0
51.0
0.0
10.0
0.0
10.0
0.0
0.0
0.0
0.0
0.0
0.0
NaN
0.0
0.0
10.0
5.0
41.0
0.0
0.0
0.0
0.0
0.0
0.0
15.0
10.0
0.0
0.0
0.0
25.0
0.0
10.0
5.0
0.0
0.0
0.0
0.0
10.0
152.0
3.0
0.0
0.0
0.0
0.0
0.0
0.0
0.0
0.0
0.0
0.0
0.0
0.0
0.0
0.0
3.0
0.0
0.0
0.0
0.0
0.0
3.0
0.0
0.0
0.0
0.0
0.0
0.0
0.0
0.0
0.0
0.0
0.0
0.0
0.0
0.0
0.0
0.0
5.0
0.0
0.0
0.0
0.0
0.0
0.0
0.0
0.0
0.0
0.0
0.0
0.0
0.0
0.0
0.0
5.0
0.0
0.0
0.0
0.0
0.0
0.0
0.0
0.0
0.0
0.0
0.0
3.0
38.0
224.0
191.0
0.0
0.0
0.0
0.0
0.0
0.0
0.0
0.0
8.0
0.0
0.0
46.0
122.0
71.0
0.0
0.0
0.0
0.0
0.0
0.0
0.0
0.0
18.0
0.0
0.0
0.0
0.0
23.0
0.0
64.0
97.0
0.0
0.0
0.0
8.0
130.0
0.0
450.0
0.0
15.0
15.0
79.0
201.0
0.0
15.0
0.0
0.0
0.0
0.0
0.0
0.0
0.0
64.0
0.0
30.0
86.0
0.0
28.0
0.0
0.0
0.0
0.0
23.0
15.0
0.0
193.0
8.0
51.0
61.0
0.0
0.0
0.0
0.0
0.0
0.0
0.0
0.0
0.0
0.0
0.0
0.0
0.0
0.0
0.0
79.0
170.0
0.0
0.0
23.0
0.0
124.0
0.0
38.0
0.0
0.0
86.0
0.0
15.0
5.0
0.0
0.0
0.0
3.0
0.0
0.0
0.0
13.0
64.0
0.0
18.0
0.0
NaN
0.0
0.0
0.0
NaN
0.0
NaN
0.0
0.0
0.0
152.0
10.0
0.0
25.0
434.0
0.0
0.0
0.0
13.0
0.0
0.0
0.0
0.0
0.0
0.0
0.0
58.0
25.0
0.0
69.0
127.0
0.0
0.0
0.0
0.0
0.0
0.0
0.0
0.0
0.0
38.0
0.0
0.0
0.0
5.0
0.0
13.0
0.0
0.0
0.0
0.0
0.0
114.0
10.0
0.0
0.0
0.0
0.0
0.0
0.0
0.0
0.0
0.0
0.0
0.0
0.0
0.0
0.0
0.0
0.0
0.0
0.0
0.0
8.0
0.0
0.0
0.0
0.0
0.0
0.0
0.0
0.0
0.0
33.0
0.0
0.0
38.0
NaN
0.0
0.0
0.0
0.0
0.0
0.0
0.0
3.0
5.0
5.0
25.0
0.0
0.0
5.0
51.0
0.0
89.0
56.0
0.0
25.0
25.0
0.0
0.0
0.0
0.0
3.0
25.0
0.0
0.0
0.0
0.0
13.0
0.0
0.0
0.0
0.0
25.0
0.0
0.0
0.0
0.0
20.0
0.0
0.0
3.0
56.0
10.0
0.0
0.0
0.0
0.0
0.0
3.0
0.0
0.0
0.0
0.0
0.0
0.0
0.0
0.0
0.0
0.0
8.0
10.0
0.0
0.0
0.0
0.0
0.0
13.0
0.0
0.0
0.0
5.0
0.0
0.0
0.0
0.0
0.0
0.0
0.0
5.0
0.0
0.0
0.0
0.0
3.0
0.0
25.0
0.0
0.0
8.0
0.0
38.0
13.0
0.0
5.0
0.0
0.0
0.0
0.0
0.0
0.0
0.0
0.0
0.0
0.0
0.0
0.0
0.0
0.0
0.0
0.0
0.0
0.0
0.0
0.0
0.0
36.0
0.0
0.0
0.0
0.0
0.0
0.0
0.0
0.0
0.0
43.0
28.0
0.0
5.0
0.0
0.0
168.0
3.0
0.0
109.0
5.0
3.0
10.0
0.0
0.0
0.0
0.0
0.0
0.0
0.0
0.0
0.0
0.0
0.0
0.0
0.0
0.0
0.0
0.0
0.0
0.0
0.0
0.0
0.0
0.0
0.0
0.0
0.0
0.0
18.0
0.0
119.0
0.0
0.0
0.0
0.0
0.0
0.0
0.0
0.0
3.0
0.0
0.0
0.0
30.0
378.0
160.0
0.0
0.0
0.0
0.0
25.0
150.0
0.0
0.0
0.0
0.0
53.0
0.0
0.0
0.0
5.0
8.0
3.0
0.0
53.0
0.0
0.0
3.0
0.0
0.0
142.0
0.0
0.0
0.0
91.0
0.0
25.0
13.0
0.0
0.0
0.0
0.0
0.0
0.0
0.0
99.0
36.0
0.0
0.0
76.0
122.0
10.0
0.0
229.0
76.0
0.0
0.0
0.0
56.0
61.0
0.0
0.0
0.0
0.0
168.0
43.0
0.0
0.0
0.0
46.0
0.0
0.0
10.0
0.0
20.0
0.0
0.0
0.0
0.0
0.0
0.0
0.0
0.0
0.0
0.0
36.0
8.0
0.0
102.0
25.0
0.0
0.0
0.0
0.0
0.0
8.0
0.0
0.0
107.0
5.0
0.0
0.0
0.0
25.0
0.0
0.0
0.0
0.0
0.0
0.0
0.0
0.0
0.0
0.0
94.0
124.0
351.0
28.0
28.0
0.0
0.0
38.0
0.0
0.0
0.0
0.0
0.0
0.0
0.0
140.0
0.0
30.0
0.0
0.0
0.0
15.0
3.0
0.0
38.0
28.0
0.0
0.0
0.0
0.0
28.0
8.0
20.0
8.0
0.0
0.0
0.0
0.0
0.0
0.0
13.0
0.0
0.0
38.0
25.0
0.0
8.0
0.0
3.0
0.0
0.0
0.0
0.0
0.0
84.0
0.0
0.0
0.0
0.0
0.0
0.0
0.0
127.0
127.0
0.0
0.0
0.0
0.0
0.0
3.0
0.0
0.0
10.0
51.0
0.0
0.0
76.0
51.0
25.0
0.0
0.0
0.0
0.0
3.0
0.0
0.0
0.0
0.0
0.0
0.0
0.0
0.0
18.0
0.0
0.0
0.0
0.0
0.0
8.0
140.0
3.0
13.0
0.0
0.0
5.0
18.0
0.0
0.0
140.0
0.0
0.0
0.0
0.0
0.0
0.0
0.0
5.0
0.0
25.0
0.0
0.0
0.0
0.0
0.0
0.0
0.0
0.0
10.0
0.0
0.0
3.0
5.0
0.0
0.0
0.0
10.0
8.0
0.0
3.0
5.0
13.0
0.0
0.0
0.0
5.0
5.0
0.0
0.0
183.0
0.0
0.0
0.0
81.0
0.0
5.0
23.0
5.0
0.0
0.0
0.0
0.0
0.0
0.0
0.0
33.0
0.0
30.0
0.0
0.0
0.0
25.0
51.0
0.0
0.0
0.0
0.0
0.0
NaN
NaN
0.0
0.0
0.0
102.0
0.0
0.0
0.0
0.0
0.0
5.0
10.0
51.0
0.0
0.0
0.0
102.0
102.0
0.0
76.0
0.0
25.0
0.0
25.0
3.0
11.0
0.0
0.0
0.0
0.0
3.0
0.0
0.0
0.0
0.0
0.0
0.0
0.0
0.0
0.0
0.0
0.0
0.0
0.0
0.0
0.0
0.0
53.0
0.0
0.0
0.0
0.0
0.0
23.0
0.0
0.0
0.0
0.0
0.0
0.0
72.0
0.0
0.0
0.0
0.0
0.0
0.0
0.0
0.0
0.0
0.0
0.0
0.0
0.0
0.0
0.0
0.0
0.0
0.0
0.0
0.0
0.0
0.0
0.0
63.0
0.0
0.0
0.0
0.0
0.0
0.0
0.0
0.0
0.0
0.0
0.0
0.0
0.0
0.0
0.0
0.0
0.0
0.0
0.0
0.0
0.0
107.0
0.0
0.0
0.0
0.0
0.0
0.0
0.0
0.0
0.0
0.0
0.0
0.0
0.0
0.0
0.0
0.0
0.0
6.0
0.0
0.0
0.0
0.0
0.0
0.0
38.0
0.0
0.0
3.0
0.0
0.0
0.0
0.0
0.0
0.0
0.0
2.0
0.0
0.0
0.0
0.0
0.0
0.0
0.0
0.0
0.0
0.0
0.0
0.0
0.0
0.0
0.0
0.0
0.0
0.0
0.0
0.0
0.0
0.0
50.0
170.0
40.0
0.0
0.0
0.0
120.0
223.0
0.0
0.0
0.0
0.0
0.0
116.0
0.0
0.0
0.0
14.0
12.0
0.0
0.0
4.0
0.0
183.0
141.0
64.0
22.0
0.0
23.0
0.0
40.0
0.0
61.0
32.0
0.0
0.0
0.0
34.0
0.0
0.0
0.0
4.0
0.0
0.0
0.0
0.0
0.0
0.0
0.0
0.0
0.0
0.0
0.0
0.0
103.0
0.0
0.0
0.0
0.0
0.0
0.0
7.0
14.0
0.0
0.0
0.0
0.0
0.0
0.0
34.0
3.0
0.0
81.0
4.0
83.0
483.0
0.0
0.0
0.0
21.0
0.0
0.0
0.0
0.0
0.0
0.0
0.0
0.0
0.0
0.0
0.0
0.0
0.0
0.0
181.0
0.0
0.0
0.0
0.0
0.0
44.0
172.0
0.0
0.0
0.0
0.0
310.0
71.0
0.0
0.0
0.0
0.0
0.0
0.0
0.0
0.0
0.0
0.0
0.0
0.0
0.0
0.0
0.0
0.0
0.0
0.0
383.0
82.0
2.0
2.0
2.0
62.0
63.0
0.0
235.0
3.0
0.0
0.0
0.0
12.0
0.0
0.0
NaN
NaN
0.0
0.0
0.0
5.0
NaN
0.0
0.0
0.0
0.0
153.0
24.0
7.0
0.0
0.0
2.0
0.0
0.0
52.0
0.0
0.0
0.0
0.0
0.0
0.0
0.0
0.0
0.0
0.0
0.0
0.0
0.0
0.0
3.0
0.0
0.0
0.0
0.0
0.0
0.0
0.0
0.0
0.0
0.0
0.0
0.0
0.0
0.0
0.0
0.0
0.0
0.0
0.0
0.0
0.0
0.0
0.0
0.0
0.0
13.0
0.0
0.0
4.0
0.0
0.0
0.0
0.0
0.0
0.0
0.0
4.0
23.0
5.0
0.0
4.0
3.0
0.0
0.0
0.0
0.0
0.0
24.0
2.0
21.0
65.0
22.0
0.0
2.0
0.0
0.0
0.0
0.0
14.0
2.0
2.0
0.0
0.0
0.0
23.0
0.0
0.0
0.0
53.0
0.0
0.0
0.0
0.0
0.0
3.0
0.0
0.0
0.0
12.0
0.0
0.0
0.0
0.0
12.0
0.0
0.0
0.0
0.0
0.0
0.0
23.0
0.0
21.0
0.0
0.0
0.0
0.0
0.0
0.0
0.0
0.0
0.0
0.0
2.0
44.0
0.0
0.0
0.0
0.0
0.0
0.0
0.0
0.0
0.0
2.0
0.0
0.0
8.0
0.0
0.0
0.0
93.0
0.0
0.0
0.0
0.0
0.0
2.0
2.0
0.0
0.0
0.0
0.0
0.0
0.0
16.0
0.0
32.0
94.0
0.0
0.0
0.0
0.0
0.0
0.0
0.0
0.0
0.0
0.0
0.0
0.0
0.0
0.0
0.0
0.0
0.0
0.0
0.0
0.0
0.0
0.0
0.0
0.0
0.0
0.0
0.0
0.0
0.0
0.0
12.0
0.0
0.0
44.0
0.0
0.0
11.0
92.0
0.0
0.0
0.0
43.0
120.0
64.0
108.0
0.0
0.0
0.0
0.0
0.0
3.0
0.0
0.0
0.0
0.0
0.0
3.0
13.0
11.0
0.0
0.0
0.0
2.0
3.0
175.0
0.0
23.0
0.0
13.0
0.0
0.0
23.0
0.0
13.0
53.0
0.0
0.0
0.0
0.0
0.0
0.0
52.0
0.0
0.0
0.0
0.0
0.0
0.0
0.0
251.0
21.0
0.0
0.0
134.0
0.0
0.0
0.0
0.0
0.0
0.0
0.0
0.0
0.0
90.0
255.0
0.0
0.0
0.0
0.0
0.0
148.0
0.0
0.0
2.0
0.0
22.0
303.0
0.0
0.0
0.0
22.0
0.0
0.0
0.0
12.0
0.0
41.0
16.0
0.0
0.0
0.0
24.0
94.0
181.0
0.0
0.0
14.0
3.0
0.0
23.0
0.0
20.0
23.0
22.0
0.0
0.0
0.0
102.0
0.0
0.0
0.0
37.0
0.0
0.0
0.0
0.0
24.0
0.0
0.0
0.0
0.0
0.0
0.0
0.0
0.0
0.0
12.0
0.0
4.0
0.0
0.0
0.0
7.0
0.0
0.0
0.0
0.0
212.0
95.0
0.0
0.0
71.0
0.0
32.0
0.0
0.0
24.0
0.0
0.0
61.0
163.0
0.0
0.0
0.0
0.0
0.0
76.0
0.0
0.0
0.0
0.0
0.0
0.0
0.0
0.0
0.0
0.0
62.0
24.0
0.0
0.0
0.0
2.0
0.0
0.0
0.0
0.0
0.0
0.0
0.0
0.0
0.0
0.0
0.0
3.0
0.0
0.0
0.0
0.0
0.0
27.0
12.0
0.0
0.0
0.0
0.0
0.0
0.0
0.0
0.0
0.0
0.0
120.0
120.0
0.0
0.0
0.0
3.0
0.0
0.0
4.0
0.0
0.0
0.0
2.0
0.0
0.0
2.0
0.0
0.0
2.0
6.0
33.0
30.0
0.0
0.0
0.0
0.0
12.0
2.0
0.0
12.0
0.0
0.0
0.0
16.0
0.0
0.0
0.0
0.0
0.0
0.0
10.0
12.0
0.0
10.0
0.0
0.0
0.0
0.0
0.0
12.0
0.0
0.0
11.0
0.0
0.0
0.0
0.0
0.0
0.0
0.0
0.0
0.0
0.0
0.0
2.0
0.0
0.0
2.0
0.0
0.0
0.0
43.0
0.0
0.0
0.0
0.0
0.0
34.0
40.0
33.0
0.0
0.0
0.0
0.0
0.0
0.0
0.0
0.0
13.0
0.0
2.0
33.0
0.0
20.0
125.0
68.0
15.0
0.0
0.0
0.0
0.0
3.0
0.0
0.0
0.0
0.0
0.0
31.0
0.0
0.0
0.0
0.0
3.0
0.0
12.0
0.0
0.0
0.0
10.0
NaN
NaN
0.0
0.0
0.0
0.0
0.0
0.0
0.0
0.0
0.0
0.0
40.0
0.0
0.0
0.0
0.0
0.0
0.0
0.0
0.0
0.0
0.0
0.0
0.0
0.0
4.0
0.0
4.0
3.0
0.0
0.0
0.0
0.0
0.0
3.0
0.0
0.0
0.0
0.0
0.0
0.0
0.0
104.0
10.0
0.0
0.0
0.0
0.0
81.0
0.0
2.0
24.0
0.0
24.0
0.0
0.0
0.0
0.0
0.0
0.0
0.0
0.0
0.0
93.0
0.0
0.0
0.0
0.0
23.0
0.0
0.0
0.0
2.0
43.0
0.0
52.0
0.0
0.0
0.0
0.0
56.0
32.0
133.0
22.0
0.0
96.0
0.0
0.0
0.0
0.0
82.0
70.0
0.0
167.0
0.0
0.0
0.0
0.0
0.0
0.0
0.0
7.0
0.0
0.0
0.0
0.0
3.0
0.0
0.0
0.0
0.0
0.0
0.0
0.0
0.0
0.0
0.0
0.0
0.0
0.0
62.0
22.0
0.0
0.0
0.0
0.0
0.0
0.0
0.0
0.0
0.0
4.0
0.0
0.0
0.0
0.0
0.0
0.0
0.0
0.0
43.0
0.0
185.0
0.0
0.0
134.0
0.0
0.0
0.0
92.0
21.0
0.0
0.0
0.0
0.0
0.0
0.0
0.0
13.0
0.0
4.0
10.0
0.0
0.0
0.0
3.0
0.0
41.0
12.0
0.0
0.0
0.0
22.0
44.0
12.0
0.0
0.0
2.0
0.0
0.0
33.0
0.0
33.0
203.0
0.0
21.0
3.0
52.0
0.0
0.0
0.0
0.0
11.0
0.0
73.0
0.0
0.0
0.0
12.0
0.0
0.0
0.0
0.0
0.0
0.0
0.0
48.0
0.0
0.0
0.0
0.0
0.0
0.0
0.0
0.0
0.0
0.0
11.0
0.0
0.0
4.0
14.0
0.0
0.0
0.0
0.0
0.0
13.0
0.0
0.0
0.0
10.0
4.0
50.0
10.0
3.0
12.0
0.0
0.0
0.0
3.0
4.0
24.0
13.0
10.0
0.0
0.0
0.0
0.0
0.0
24.0
0.0
0.0
0.0
53.0
0.0
0.0
0.0
5.0
0.0
0.0
0.0
0.0
0.0
2.0
0.0
0.0
0.0
0.0
0.0
0.0
4.0
0.0
0.0
0.0
0.0
0.0
0.0
0.0
52.0
10.0
0.0
3.0
0.0
0.0
0.0
0.0
0.0
2.0
0.0
42.0
2.0
0.0
0.0
0.0
4.0
42.0
0.0
0.0
0.0
34.0
0.0
52.0
43.0
0.0
0.0
0.0
13.0
12.0
22.0
NaN
0.0
0.0
0.0
0.0
0.0
0.0
0.0
0.0
0.0
0.0
64.0
0.0
0.0
0.0
0.0
0.0
0.0
0.0
0.0
0.0
0.0
0.0
0.0
0.0
0.0
0.0
0.0
0.0
0.0
0.0
0.0
0.0
0.0
0.0
0.0
0.0
0.0
0.0
74.0
0.0
3.0
0.0
0.0
0.0
0.0
0.0
0.0
0.0
0.0
0.0
2.0
0.0
0.0
0.0
0.0
0.0
0.0
0.0
0.0
0.0
0.0
0.0
0.0
0.0
0.0
110.0
53.0
0.0
0.0
0.0
0.0
0.0
0.0
0.0
0.0
0.0
0.0
0.0
21.0
0.0
0.0
0.0
120.0
200.0
0.0
0.0
0.0
0.0
0.0
0.0
0.0
0.0
0.0
0.0
14.0
0.0
0.0
84.0
0.0
0.0
0.0
0.0
0.0
50.0
0.0
61.0
0.0
0.0
12.0
22.0
0.0
0.0
0.0
0.0
0.0
0.0
0.0
0.0
0.0
0.0
0.0
24.0
241.0
21.0
13.0
0.0
0.0
13.0
220.0
0.0
0.0
0.0
62.0
0.0
0.0
0.0
0.0
384.0
190.0
0.0
0.0
34.0
0.0
0.0
0.0
0.0
0.0
0.0
0.0
0.0
40.0
0.0
0.0
60.0
0.0
4.0
0.0
0.0
222.0
162.0
0.0
30.0
0.0
0.0
0.0
0.0
0.0
22.0
0.0
0.0
0.0
0.0
0.0
0.0
0.0
0.0
82.0
0.0
0.0
0.0
0.0
0.0
42.0
0.0
0.0
64.0
0.0
0.0
0.0
0.0
0.0
0.0
0.0
0.0
0.0
0.0
0.0
0.0
0.0
0.0
0.0
0.0
30.0
0.0
0.0
0.0
0.0
0.0
0.0
11.0
0.0
74.0
0.0
0.0
30.0
0.0
20.0
30.0
74.0
252.0
24.0
0.0
0.0
0.0
0.0
0.0
0.0
0.0
NaN
NaN
10.0
0.0
10.0
11.0
10.0
0.0
0.0
0.0
0.0
0.0
0.0
0.0
0.0
13.0
0.0
0.0
0.0
0.0
23.0
0.0
0.0
0.0
342.0
114.0
0.0
0.0
NaN
NaN
150.0
0.0
0.0
0.0
0.0
0.0
80.0
0.0
0.0
0.0
0.0
0.0
0.0
0.0
0.0
0.0
0.0
0.0
0.0
0.0
0.0
0.0
0.0
0.0
0.0
81.0
0.0
0.0
0.0
0.0
0.0
0.0
0.0
0.0
0.0
0.0
90.0
NaN
NaN
13.0
10.0
0.0
0.0
0.0
0.0
0.0
0.0
0.0
0.0
0.0
0.0
10.0
0.0
0.0
0.0
0.0
NaN
NaN
10.0
10.0
5.0
23.0
0.0
0.0
0.0
0.0
0.0
10.0
4.0
70.0
0.0
0.0
0.0
0.0
0.0
0.0
0.0
40.0
0.0
0.0
0.0
0.0
0.0
0.0
3.0
0.0
0.0
13.0
NaN
NaN
0.0
23.0
0.0
2.0
0.0
3.0
30.0
0.0
6.0
0.0
2.0
0.0
0.0
0.0
0.0
0.0
0.0
0.0
10.0
0.0
0.0
NaN
NaN
0.0
0.0
50.0
0.0
0.0
3.0
0.0
3.0
2.0
0.0
0.0
0.0
13.0
0.0
NaN
NaN
0.0
0.0
0.0
0.0
0.0
0.0
0.0
0.0
70.0
0.0
0.0
0.0
0.0
0.0
10.0
0.0
0.0
0.0
0.0
0.0
0.0
0.0
0.0
0.0
0.0
0.0
0.0
0.0
3.0
0.0
0.0
0.0
0.0
0.0
0.0
0.0
0.0
0.0
0.0
0.0
0.0
0.0
0.0
0.0
0.0
0.0
0.0
0.0
0.0
0.0
0.0
10.0
30.0
NaN
0.0
0.0
0.0
0.0
30.0
0.0
0.0
0.0
0.0
0.0
0.0
0.0
3.0
0.0
0.0
0.0
0.0
0.0
0.0
87.0
0.0
91.0
2.0
0.0
0.0
0.0
0.0
11.0
0.0
0.0
0.0
0.0
0.0
13.0
0.0
0.0
0.0
0.0
0.0
53.0
NaN
3.0
0.0
72.0
154.0
21.0
0.0
11.0
0.0
2.0
0.0
0.0
0.0
0.0
71.0
32.0
NaN
NaN
0.0
0.0
23.0
0.0
21.0
0.0
84.0
70.0
0.0
51.0
4.0
13.0
0.0
0.0
0.0
0.0
0.0
0.0
0.0
0.0
0.0
0.0
0.0
0.0
20.0
33.0
0.0
0.0
80.0
11.0
10.0
0.0
0.0
0.0
0.0
0.0
0.0
0.0
30.0
0.0
20.0
0.0
0.0
0.0
0.0
40.0
212.0
41.0
0.0
0.0
0.0
0.0
23.0
0.0
10.0
180.0
131.0
2.0
0.0
360.0
44.0
0.0
0.0
0.0
14.0
260.0
0.0
0.0
0.0
0.0
0.0
0.0
0.0
0.0
0.0
0.0
10.0
0.0
40.0
141.0
33.0
0.0
10.0
0.0
0.0
0.0
20.0
0.0
0.0
0.0
0.0
0.0
50.0
150.0
0.0
30.0
11.0
4.0
0.0
0.0
10.0
52.0
4.0
0.0
0.0
0.0
2.0
0.0
13.0
12.0
0.0
0.0
120.0
0.0
0.0
0.0
0.0
0.0
0.0
0.0
12.0
0.0
0.0
0.0
0.0
0.0
132.0
0.0
0.0
0.0
0.0
0.0
0.0
0.0
0.0
0.0
55.0
0.0
10.0
0.0
0.0
10.0
30.0
0.0
0.0
20.0
120.0
0.0
0.0
0.0
0.0
0.0
22.0
NaN
NaN
0.0
0.0
30.0
0.0
0.0
3.0
0.0
0.0
0.0
0.0
0.0
0.0
0.0
30.0
0.0
0.0
3.0
0.0
0.0
10.0
0.0
3.0
0.0
3.0
0.0
0.0
0.0
0.0
34.0
0.0
0.0
0.0
40.0
0.0
0.0
50.0
10.0
20.0
0.0
0.0
20.0
0.0
0.0
53.0
0.0
0.0
0.0
0.0
0.0
0.0
0.0
0.0
0.0
0.0
0.0
0.0
0.0
0.0
3.0
0.0
0.0
0.0
0.0
0.0
53.0
10.0
0.0
0.0
3.0
0.0
0.0
0.0
100.0
0.0
0.0
0.0
0.0
2.0
0.0
0.0
0.0
0.0
0.0
0.0
2.0
0.0
0.0
0.0
93.0
0.0
40.0
0.0
0.0
0.0
0.0
0.0
0.0
2.0
0.0
0.0
0.0
0.0
0.0
0.0
0.0
10.0
0.0
0.0
120.0
0.0
0.0
0.0
0.0
0.0
0.0
0.0
0.0
0.0
0.0
0.0
0.0
0.0
0.0
0.0
100.0
10.0
0.0
0.0
0.0
0.0
0.0
0.0
0.0
0.0
0.0
0.0
0.0
0.0
0.0
0.0
0.0
0.0
20.0
0.0
20.0
20.0
0.0
0.0
0.0
0.0
283.0
0.0
0.0
32.0
23.0
0.0
53.0
0.0
110.0
0.0
0.0
400.0
0.0
0.0
0.0
120.0
302.0
0.0
0.0
20.0
0.0
0.0
162.0
0.0
0.0
20.0
0.0
0.0
0.0
0.0
0.0
0.0
0.0
0.0
0.0
3.0
0.0
0.0
0.0
0.0
0.0
4.0
0.0
0.0
10.0
0.0
0.0
0.0
132.0
0.0
0.0
0.0
0.0
0.0
0.0
0.0
47.0
35.0
0.0
0.0
0.0
53.0
43.0
0.0
0.0
0.0
0.0
204.0
0.0
0.0
0.0
0.0
0.0
0.0
0.0
190.0
110.0
0.0
0.0
0.0
0.0
0.0
240.0
10.0
43.0
0.0
0.0
0.0
0.0
194.0
0.0
3.0
0.0
0.0
0.0
0.0
0.0
50.0
0.0
30.0
80.0
0.0
0.0
0.0
83.0
0.0
0.0
0.0
0.0
20.0
0.0
0.0
10.0
0.0
0.0
0.0
0.0
0.0
0.0
0.0
0.0
0.0
0.0
0.0
30.0
0.0
12.0
0.0
0.0
0.0
0.0
0.0
0.0
0.0
0.0
0.0
111.0
40.0
30.0
0.0
0.0
0.0
0.0
0.0
0.0
0.0
0.0
0.0
0.0
0.0
150.0
0.0
0.0
0.0
22.0
10.0
0.0
0.0
NaN
NaN
10.0
0.0
NaN
NaN
0.0
0.0
0.0
0.0
14.0
20.0
20.0
0.0
0.0
30.0
0.0
0.0
0.0
0.0
0.0
0.0
0.0
0.0
0.0
0.0
0.0
0.0
0.0
0.0
0.0
0.0
0.0
0.0
0.0
0.0
60.0
0.0
0.0
10.0
0.0
0.0
0.0
0.0
NaN
NaN
100.0
0.0
0.0
0.0
0.0
0.0
0.0
40.0
0.0
40.0
0.0
0.0
0.0
20.0
0.0
0.0
0.0
0.0
0.0
0.0
0.0
0.0
0.0
30.0
0.0
0.0
0.0
0.0
0.0
0.0
0.0
23.0
0.0
0.0
0.0
0.0
0.0
0.0
0.0
0.0
0.0
0.0
0.0
0.0
0.0
0.0
0.0
0.0
0.0
0.0
0.0
20.0
0.0
0.0
0.0
0.0
0.0
0.0
0.0
0.0
0.0
0.0
0.0
0.0
0.0
0.0
0.0
0.0
0.0
0.0
84.0
0.0
50.0
0.0
0.0
0.0
0.0
0.0
0.0
0.0
0.0
0.0
0.0
0.0
50.0
0.0
0.0
0.0
0.0
0.0
0.0
0.0
0.0
0.0
0.0
0.0
0.0
0.0
0.0
20.0
0.0
0.0
0.0
0.0
0.0
0.0
23.0
22.0
250.0
30.0
90.0
0.0
30.0
0.0
0.0
0.0
0.0
0.0
50.0
0.0
0.0
0.0
0.0
0.0
0.0
0.0
13.0
0.0
100.0
0.0
10.0
0.0
0.0
0.0
0.0
0.0
0.0
20.0
0.0
0.0
0.0
0.0
30.0
0.0
0.0
0.0
0.0
0.0
0.0
0.0
0.0
0.0
0.0
0.0
0.0
0.0
0.0
0.0
0.0
0.0
0.0
0.0
0.0
0.0
0.0
0.0
0.0
12.0
0.0
0.0
0.0
0.0
0.0
0.0
0.0
12.0
0.0
0.0
0.0
0.0
0.0
0.0
0.0
0.0
12.0
20.0
0.0
63.0
0.0
0.0
0.0
0.0
73.0
0.0
0.0
0.0
0.0
0.0
0.0
83.0
0.0
0.0
0.0
60.0
NaN
55.0
32.0
0.0
32.0
0.0
0.0
0.0
0.0
163.0
0.0
0.0
0.0
0.0
0.0
53.0
0.0
0.0
0.0
NaN
42.0
12.0
0.0
0.0
33.0
0.0
0.0
0.0
0.0
312.0
32.0
0.0
0.0
0.0
0.0
34.0
0.0
0.0
140.0
62.0
0.0
10.0
40.0
0.0
0.0
0.0
0.0
414.0
0.0
0.0
40.0
0.0
0.0
0.0
0.0
0.0
0.0
0.0
0.0
350.0
0.0
0.0
13.0
0.0
0.0
52.0
0.0
0.0
30.0
3.0
142.0
20.0
0.0
0.0
750.0
0.0
0.0
0.0
0.0
0.0
0.0
0.0
0.0
0.0
0.0
0.0
0.0
0.0
0.0
80.0
0.0
0.0
0.0
0.0
0.0
0.0
0.0
0.0
0.0
0.0
0.0
50.0
13.0
0.0
0.0
0.0
30.0
30.0
0.0
0.0
0.0
0.0
0.0
0.0
52.0
0.0
0.0
0.0
50.0
0.0
0.0
0.0
30.0
0.0
0.0
150.0
0.0
0.0
0.0
30.0
0.0
0.0
0.0
0.0
0.0
0.0
0.0
0.0
0.0
0.0
20.0
0.0
40.0
0.0
0.0
0.0
20.0
0.0
0.0
0.0
0.0
0.0
0.0
10.0
0.0
0.0
0.0
0.0
0.0
0.0
0.0
0.0
0.0
0.0
0.0
0.0
72.0
0.0
0.0
0.0
0.0
0.0
0.0
0.0
0.0
0.0
10.0
0.0
0.0
0.0
0.0
0.0
0.0
0.0
0.0
0.0
0.0
0.0
0.0
40.0
0.0
0.0
40.0
10.0
0.0
0.0
0.0
10.0
0.0
0.0
3.0
0.0
10.0
0.0
0.0
0.0
0.0
0.0
0.0
0.0
0.0
0.0
10.0
0.0
10.0
10.0
0.0
0.0
0.0
0.0
0.0
0.0
0.0
0.0
0.0
0.0
30.0
10.0
0.0
0.0
0.0
10.0
0.0
0.0
0.0
NaN
12.0
0.0
0.0
10.0
0.0
0.0
0.0
80.0
0.0
0.0
0.0
0.0
0.0
0.0
4.0
0.0
0.0
0.0
0.0
3.0
0.0
20.0
0.0
50.0
0.0
0.0
0.0
10.0
0.0
0.0
0.0
0.0
0.0
0.0
0.0
0.0
0.0
0.0
0.0
0.0
0.0
0.0
13.0
0.0
40.0
0.0
3.0
0.0
0.0
0.0
0.0
0.0
0.0
0.0
0.0
0.0
0.0
0.0
0.0
0.0
0.0
34.0
40.0
0.0
0.0
30.0
0.0
0.0
0.0
0.0
0.0
0.0
0.0
0.0
0.0
0.0
0.0
0.0
0.0
0.0
0.0
0.0
0.0
0.0
0.0
0.0
0.0
0.0
0.0
10.0
0.0
0.0
30.0
0.0
0.0
0.0
90.0
0.0
0.0
54.0
0.0
0.0
0.0
0.0
74.0
232.0
0.0
20.0
0.0
0.0
30.0
0.0
40.0
0.0
0.0
0.0
3.0
0.0
0.0
0.0
0.0
0.0
0.0
0.0
0.0
0.0
0.0
0.0
20.0
0.0
80.0
0.0
0.0
0.0
0.0
0.0
0.0
0.0
0.0
0.0
0.0
0.0
0.0
124.0
0.0
0.0
54.0
0.0
0.0
0.0
0.0
13.0
0.0
0.0
0.0
0.0
80.0
0.0
0.0
23.0
0.0
0.0
0.0
NaN
60.0
420.0
0.0
0.0
4.0
0.0
0.0
132.0
0.0
0.0
0.0
0.0
0.0
0.0
0.0
0.0
0.0
0.0
0.0
0.0
0.0
0.0
20.0
0.0
0.0
134.0
0.0
0.0
0.0
0.0
0.0
0.0
120.0
0.0
0.0
0.0
0.0
41.0
0.0
0.0
0.0
0.0
20.0
0.0
0.0
30.0
0.0
0.0
0.0
0.0
0.0
0.0
13.0
0.0
0.0
0.0
0.0
0.0
0.0
0.0
0.0
0.0
0.0
0.0
0.0
0.0
0.0
NaN
NaN
0.0
0.0
0.0
0.0
0.0
0.0
132.0
0.0
0.0
0.0
0.0
0.0
0.0
0.0
0.0
13.0
0.0
0.0
0.0
0.0
50.0
0.0
0.0
0.0
0.0
0.0
0.0
0.0
0.0
0.0
0.0
0.0
0.0
110.0
0.0
4.0
0.0
13.0
0.0
0.0
0.0
0.0
0.0
0.0
150.0
0.0
0.0
0.0
0.0
0.0
0.0
0.0
0.0
0.0
0.0
0.0
0.0
0.0
3.0
0.0
0.0
0.0
0.0
NaN
NaN
0.0
0.0
0.0
10.0
0.0
0.0
0.0
3.0
20.0
0.0
10.0
0.0
32.0
0.0
0.0
0.0
0.0
0.0
0.0
10.0
20.0
0.0
0.0
0.0
0.0
10.0
3.0
0.0
0.0
0.0
0.0
0.0
0.0
13.0
0.0
0.0
20.0
30.0
23.0
0.0
120.0
0.0
12.0
22.0
0.0
120.0
0.0
0.0
0.0
0.0
10.0
NaN
NaN
0.0
0.0
NaN
NaN
0.0
0.0
10.0
0.0
NaN
NaN
0.0
20.0
0.0
0.0
0.0
0.0
50.0
0.0
0.0
0.0
0.0
0.0
40.0
0.0
0.0
0.0
0.0
0.0
0.0
0.0
30.0
3.0
0.0
0.0
0.0
10.0
0.0
0.0
0.0
0.0
0.0
0.0
0.0
0.0
0.0
0.0
20.0
10.0
0.0
0.0
0.0
0.0
0.0
0.0
0.0
0.0
0.0
0.0
3.0
0.0
0.0
0.0
0.0
10.0
0.0
0.0
0.0
0.0
0.0
0.0
0.0
0.0
0.0
0.0
0.0
0.0
3.0
0.0
0.0
3.0
40.0
0.0
40.0
0.0
0.0
0.0
40.0
NaN
NaN
0.0
0.0
0.0
0.0
0.0
0.0
0.0
0.0
0.0
2.0
0.0
0.0
0.0
0.0
0.0
13.0
NaN
NaN
0.0
0.0
0.0
0.0
0.0
0.0
0.0
0.0
0.0
40.0
0.0
0.0
2.0
0.0
0.0
0.0
0.0
0.0
0.0
0.0
0.0
0.0
150.0
0.0
32.0
0.0
0.0
0.0
10.0
NaN
NaN
0.0
0.0
0.0
0.0
0.0
0.0
0.0
0.0
0.0
16.0
0.0
212.0
0.0
0.0
0.0
0.0
NaN
NaN
0.0
0.0
0.0
0.0
62.0
0.0
0.0
0.0
0.0
0.0
0.0
25.0
42.0
10.0
0.0
80.0
0.0
0.0
0.0
0.0
0.0
12.0
0.0
0.0
50.0
30.0
0.0
0.0
140.0
0.0
0.0
0.0
0.0
0.0
0.0
0.0
0.0
0.0
0.0
0.0
0.0
0.0
10.0
0.0
0.0
0.0
2.0
0.0
3.0
0.0
180.0
34.0
12.0
0.0
0.0
0.0
0.0
0.0
0.0
0.0
0.0
0.0
0.0
0.0
0.0
0.0
342.0
0.0
0.0
20.0
0.0
0.0
0.0
22.0
0.0
13.0
150.0
0.0
0.0
0.0
0.0
0.0
0.0
0.0
0.0
0.0
50.0
0.0
50.0
NaN
30.0
0.0
0.0
0.0
0.0
0.0
0.0
0.0
20.0
0.0
0.0
0.0
0.0
0.0
0.0
0.0
0.0
0.0
0.0
0.0
0.0
0.0
0.0
NaN
NaN
0.0
0.0
20.0
0.0
0.0
0.0
0.0
0.0
0.0
0.0
10.0
0.0
0.0
0.0
0.0
0.0
0.0
0.0
0.0
0.0
64.0
0.0
0.0
0.0
0.0
0.0
40.0
0.0
30.0
0.0
0.0
0.0
32.0
0.0
50.0
0.0
0.0
40.0
0.0
30.0
0.0
30.0
0.0
20.0
0.0
0.0
20.0
0.0
0.0
0.0
0.0
0.0
0.0
0.0
0.0
0.0
0.0
0.0
0.0
0.0
0.0
0.0
10.0
90.0
0.0
0.0
0.0
0.0
0.0
0.0
0.0
0.0
0.0
0.0
0.0
0.0
0.0
0.0
0.0
10.0
20.0
0.0
80.0
0.0
0.0
0.0
0.0
0.0
0.0
10.0
0.0
0.0
0.0
30.0
0.0
0.0
20.0
20.0
0.0
0.0
10.0
0.0
0.0
0.0
0.0
0.0
40.0
0.0
NaN
NaN
0.0
0.0
10.0
0.0
0.0
30.0
20.0
0.0
0.0
0.0
0.0
0.0
0.0
0.0
0.0
0.0
0.0
20.0
0.0
0.0
0.0
0.0
0.0
0.0
30.0
0.0
0.0
0.0
0.0
20.0
0.0
0.0
0.0
30.0
0.0
0.0
0.0
0.0
50.0
0.0
0.0
0.0
0.0
0.0
0.0
0.0
0.0
160.0
0.0
10.0
NaN
NaN
0.0
0.0
0.0
0.0
50.0
10.0
0.0
0.0
0.0
0.0
0.0
0.0
0.0
0.0
0.0
0.0
2.0
0.0
0.0
0.0
4.0
0.0
20.0
0.0
30.0
0.0
0.0
10.0
0.0
0.0
0.0
0.0
0.0
0.0
0.0
0.0
0.0
20.0
NaN
NaN
0.0
NaN
NaN
0.0
0.0
0.0
0.0
0.0
0.0
20.0
10.0
0.0
0.0
0.0
0.0
0.0
0.0
0.0
0.0
NaN
NaN
0.0
0.0
0.0
0.0
53.0
0.0
0.0
0.0
0.0
0.0
0.0
0.0
0.0
0.0
0.0
NaN
NaN
0.0
30.0
0.0
0.0
NaN
NaN
0.0
70.0
0.0
40.0
10.0
0.0
0.0
0.0
10.0
10.0
NaN
0.0
0.0
0.0
0.0
0.0
0.0
0.0
0.0
0.0
4.0
4.0
0.0
360.0
0.0
0.0
0.0
84.0
92.0
0.0
0.0
0.0
0.0
0.0
0.0
0.0
0.0
42.0
20.0
0.0
2.0
60.0
0.0
0.0
0.0
0.0
3.0
0.0
0.0
0.0
0.0
0.0
0.0
40.0
33.0
0.0
0.0
0.0
0.0
0.0
0.0
0.0
0.0
13.0
0.0
10.0
0.0
0.0
0.0
0.0
30.0
0.0
0.0
0.0
50.0
0.0
30.0
0.0
12.0
0.0
0.0
0.0
0.0
0.0
0.0
0.0
0.0
0.0
30.0
0.0
0.0
0.0
0.0
0.0
0.0
0.0
30.0
20.0
0.0
0.0
60.0
0.0
0.0
33.0
0.0
0.0
0.0
0.0
0.0
0.0
0.0
0.0
0.0
12.0
0.0
0.0
0.0
0.0
0.0
0.0
0.0
0.0
0.0
0.0
0.0
0.0
0.0
10.0
0.0
0.0
0.0
0.0
0.0
10.0
0.0
40.0
0.0
0.0
0.0
0.0
0.0
0.0
0.0
0.0
0.0
0.0
0.0
20.0
0.0
0.0
0.0
0.0
0.0
0.0
0.0
0.0
0.0
0.0
0.0
0.0
0.0
0.0
0.0
0.0
40.0
90.0
0.0
20.0
50.0
21.0
10.0
0.0
0.0
0.0
0.0
0.0
20.0
30.0
0.0
0.0
0.0
0.0
0.0
NaN
70.0
80.0
0.0
0.0
0.0
0.0
0.0
0.0
20.0
23.0
0.0
3.0
0.0
0.0
3.0
0.0
0.0
30.0
2.0
0.0
0.0
0.0
0.0
0.0
0.0
0.0
0.0
0.0
40.0
0.0
0.0
3.0
0.0
0.0
20.0
0.0
0.0
0.0
0.0
0.0
0.0
0.0
NaN
NaN
0.0
0.0
0.0
10.0
10.0
0.0
0.0
10.0
0.0
0.0
0.0
0.0
0.0
0.0
0.0
0.0
0.0
0.0
0.0
0.0
NaN
NaN
0.0
0.0
0.0
0.0
0.0
50.0
20.0
0.0
0.0
0.0
0.0
0.0
NaN
0.0
30.0
0.0
2.0
0.0
0.0
120.0
0.0
0.0
40.0
0.0
0.0
40.0
3.0
0.0
0.0
0.0
0.0
0.0
0.0
0.0
0.0
0.0
0.0
0.0
0.0
4.0
180.0
0.0
0.0
2.0
0.0
0.0
0.0
0.0
0.0
0.0
0.0
0.0
0.0
0.0
0.0
0.0
0.0
0.0
NaN
NaN
0.0
0.0
0.0
0.0
0.0
0.0
92.0
0.0
0.0
0.0
0.0
0.0
172.0
24.0
0.0
0.0
10.0
0.0
NaN
NaN
NaN
0.0
0.0
0.0
0.0
0.0
0.0
30.0
0.0
0.0
0.0
0.0
0.0
0.0
0.0
0.0
0.0
0.0
0.0
12.0
0.0
20.0
0.0
0.0
0.0
33.0
155.0
0.0
0.0
0.0
0.0
12.0
30.0
112.0
20.0
0.0
0.0
20.0
12.0
0.0
120.0
0.0
182.0
0.0
0.0
0.0
0.0
0.0
0.0
0.0
52.0
610.0
0.0
0.0
0.0
0.0
130.0
292.0
62.0
0.0
0.0
130.0
0.0
0.0
0.0
0.0
63.0
123.0
0.0
0.0
0.0
0.0
40.0
43.0
0.0
10.0
0.0
0.0
0.0
20.0
0.0
0.0
0.0
0.0
0.0
3.0
0.0
0.0
0.0
40.0
0.0
0.0
0.0
0.0
0.0
0.0
0.0
0.0
0.0
0.0
0.0
163.0
0.0
0.0
0.0
0.0
0.0
0.0
0.0
0.0
0.0
0.0
0.0
30.0
0.0
0.0
0.0
0.0
0.0
0.0
0.0
0.0
10.0
0.0
0.0
0.0
180.0
0.0
3.0
280.0
0.0
0.0
0.0
0.0
0.0
231.0
60.0
0.0
0.0
NaN
NaN
0.0
23.0
0.0
0.0
0.0
0.0
90.0
0.0
0.0
10.0
0.0
NaN
NaN
0.0
0.0
0.0
0.0
0.0
0.0
10.0
30.0
0.0
0.0
0.0
0.0
0.0
0.0
0.0
80.0
10.0
40.0
0.0
0.0
0.0
70.0
NaN
NaN
0.0
0.0
10.0
10.0
0.0
30.0
0.0
0.0
0.0
0.0
0.0
20.0
0.0
0.0
0.0
0.0
0.0
0.0
52.0
0.0
0.0
0.0
40.0
0.0
0.0
0.0
60.0
20.0
0.0
0.0
0.0
0.0
NaN
NaN
0.0
10.0
NaN
NaN
40.0
10.0
0.0
0.0
0.0
NaN
NaN
0.0
0.0
0.0
0.0
0.0
0.0
0.0
0.0
0.0
0.0
0.0
0.0
0.0
0.0
0.0
0.0
0.0
0.0
0.0
0.0
0.0
0.0
0.0
0.0
0.0
0.0
0.0
0.0
0.0
0.0
0.0
0.0
0.0
30.0
0.0
20.0
0.0
0.0
0.0
20.0
0.0
10.0
0.0
50.0
0.0
0.0
0.0
0.0
0.0
0.0
0.0
0.0
0.0
0.0
0.0
0.0
0.0
0.0
0.0
0.0
0.0
0.0
0.0
0.0
0.0
10.0
0.0
110.0
20.0
30.0
30.0
0.0
0.0
0.0
0.0
0.0
0.0
0.0
0.0
0.0
0.0
0.0
20.0
0.0
0.0
0.0
0.0
30.0
0.0
10.0
0.0
0.0
0.0
0.0
0.0
310.0
20.0
0.0
10.0
0.0
0.0
0.0
0.0
0.0
10.0
32.0
0.0
0.0
10.0
0.0
0.0
0.0
0.0
0.0
12.0
4.0
0.0
110.0
0.0
0.0
30.0
10.0
3.0
0.0
0.0
0.0
0.0
0.0
0.0
0.0
0.0
0.0
0.0
0.0
0.0
0.0
0.0
0.0
0.0
0.0
0.0
60.0
NaN
NaN
0.0
12.0
10.0
0.0
0.0
20.0
0.0
0.0
0.0
0.0
110.0
21.0
0.0
0.0
0.0
50.0
40.0
0.0
163.0
0.0
0.0
4.0
0.0
0.0
40.0
20.0
140.0
150.0
0.0
0.0
20.0
0.0
0.0
20.0
0.0
0.0
0.0
0.0
120.0
0.0
0.0
0.0
160.0
0.0
0.0
0.0
0.0
0.0
82.0
0.0
31.0
53.0
0.0
0.0
12.0
0.0
0.0
0.0
0.0
0.0
0.0
0.0
0.0
0.0
10.0
50.0
0.0
0.0
0.0
0.0
0.0
63.0
0.0
0.0
3.0
0.0
22.0
33.0
43.0
0.0
0.0
0.0
0.0
22.0
220.0
0.0
0.0
NaN
NaN
0.0
0.0
0.0
3.0
0.0
NaN
NaN
0.0
0.0
0.0
0.0
0.0
20.0
NaN
NaN
0.0
0.0
0.0
0.0
0.0
0.0
0.0
0.0
0.0
170.0
0.0
0.0
0.0
0.0
0.0
0.0
0.0
0.0
0.0
0.0
0.0
0.0
0.0
0.0
0.0
20.0
0.0
20.0
0.0
0.0
0.0
10.0
0.0
0.0
0.0
0.0
0.0
0.0
0.0
0.0
0.0
0.0
0.0
0.0
0.0
40.0
20.0
0.0
0.0
0.0
0.0
20.0
52.0
0.0
0.0
0.0
0.0
0.0
62.0
0.0
0.0
0.0
80.0
0.0
0.0
0.0
23.0
0.0
0.0
0.0
0.0
0.0
0.0
10.0
0.0
0.0
10.0
0.0
0.0
0.0
0.0
0.0
0.0
0.0
0.0
NaN
NaN
0.0
10.0
0.0
NaN
NaN
0.0
13.0
13.0
0.0
30.0
10.0
0.0
80.0
10.0
10.0
10.0
62.0
0.0
0.0
0.0
0.0
0.0
0.0
0.0
60.0
0.0
0.0
0.0
0.0
20.0
0.0
0.0
0.0
0.0
0.0
0.0
0.0
0.0
0.0
0.0
0.0
0.0
33.0
0.0
60.0
0.0
0.0
0.0
0.0
0.0
0.0
0.0
0.0
0.0
0.0
0.0
0.0
0.0
0.0
0.0
0.0
0.0
0.0
0.0
0.0
0.0
0.0
0.0
0.0
0.0
0.0
0.0
0.0
0.0
0.0
0.0
0.0
0.0
0.0
0.0
0.0
0.0
0.0
0.0
0.0
30.0
0.0
10.0
0.0
0.0
0.0
30.0
0.0
0.0
0.0
0.0
0.0
0.0
0.0
0.0
0.0
0.0
0.0
0.0
0.0
0.0
0.0
0.0
0.0
0.0
0.0
0.0
0.0
0.0
0.0
0.0
0.0
0.0
0.0
50.0
0.0
0.0
0.0
0.0
0.0
0.0
0.0
0.0
0.0
0.0
0.0
0.0
0.0
0.0
253.0
50.0
0.0
0.0
0.0
0.0
0.0
0.0
0.0
0.0
40.0
180.0
350.0
0.0
0.0
0.0
0.0
50.0
0.0
0.0
0.0
10.0
0.0
0.0
0.0
0.0
0.0
0.0
0.0
10.0
0.0
0.0
0.0
0.0
0.0
0.0
0.0
0.0
0.0
0.0
0.0
142.0
0.0
0.0
0.0
0.0
200.0
0.0
0.0
NaN
NaN
0.0
0.0
0.0
20.0
0.0
52.0
20.0
30.0
10.0
80.0
0.0
0.0
110.0
30.0
40.0
20.0
180.0
80.0
100.0
90.0
0.0
0.0
20.0
0.0
0.0
0.0
0.0
0.0
0.0
60.0
0.0
202.0
0.0
0.0
0.0
60.0
0.0
10.0
60.0
0.0
0.0
0.0
0.0
22.0
0.0
12.0
11.0
45.0
0.0
0.0
0.0
2.0
42.0
0.0
0.0
13.0
12.0
0.0
0.0
0.0
NaN
0.0
0.0
0.0
0.0
NaN
33.0
0.0
0.0
34.0
0.0
10.0
0.0
0.0
0.0
10.0
0.0
3.0
0.0
0.0
0.0
0.0
0.0
0.0
0.0
0.0
0.0
0.0
0.0
22.0
13.0
0.0
0.0
40.0
0.0
21.0
0.0
0.0
0.0
0.0
0.0
125.0
0.0
0.0
0.0
0.0
10.0
0.0
0.0
0.0
13.0
0.0
12.0
20.0
4.0
0.0
0.0
0.0
0.0
0.0
0.0
0.0
0.0
0.0
0.0
0.0
10.0
0.0
0.0
0.0
0.0
34.0
0.0
0.0
0.0
0.0
50.0
0.0
0.0
0.0
0.0
0.0
0.0
0.0
0.0
0.0
0.0
0.0
0.0
0.0
0.0
0.0
0.0
0.0
2.0
0.0
24.0
0.0
3.0
0.0
0.0
0.0
0.0
0.0
0.0
0.0
0.0
0.0
0.0
13.0
0.0
13.0
2.0
2.0
0.0
10.0
0.0
73.0
0.0
0.0
0.0
0.0
4.0
0.0
0.0
0.0
0.0
0.0
0.0
0.0
0.0
NaN
NaN
3.0
0.0
0.0
0.0
3.0
0.0
0.0
0.0
0.0
0.0
0.0
2.0
0.0
0.0
0.0
2.0
0.0
0.0
12.0
0.0
0.0
0.0
12.0
0.0
0.0
0.0
0.0
0.0
23.0
0.0
0.0
0.0
0.0
10.0
0.0
0.0
0.0
0.0
0.0
0.0
13.0
0.0
0.0
0.0
0.0
0.0
0.0
0.0
0.0
0.0
0.0
0.0
0.0
0.0
0.0
0.0
0.0
0.0
0.0
0.0
0.0
0.0
0.0
0.0
53.0
0.0
0.0
0.0
0.0
0.0
0.0
23.0
40.0
0.0
0.0
0.0
0.0
0.0
0.0
0.0
0.0
0.0
0.0
0.0
0.0
0.0
0.0
0.0
0.0
0.0
0.0
0.0
0.0
0.0
0.0
0.0
0.0
0.0
0.0
0.0
0.0
0.0
0.0
0.0
0.0
0.0
0.0
0.0
0.0
0.0
2.0
0.0
90.0
31.0
0.0
11.0
0.0
11.0
0.0
0.0
0.0
0.0
0.0
0.0
0.0
0.0
0.0
0.0
0.0
0.0
0.0
0.0
0.0
81.0
4.0
50.0
43.0
0.0
121.0
0.0
0.0
10.0
11.0
4.0
0.0
11.0
0.0
0.0
32.0
0.0
NaN
71.0
0.0
162.0
0.0
0.0
0.0
353.0
0.0
0.0
0.0
0.0
0.0
0.0
261.0
0.0
0.0
10.0
0.0
104.0
0.0
61.0
0.0
0.0
64.0
0.0
0.0
20.0
0.0
0.0
0.0
0.0
0.0
74.0
0.0
0.0
0.0
4.0
0.0
0.0
0.0
83.0
0.0
0.0
0.0
0.0
124.0
13.0
0.0
0.0
0.0
0.0
22.0
41.0
0.0
0.0
0.0
0.0
0.0
21.0
0.0
0.0
124.0
0.0
0.0
0.0
0.0
0.0
0.0
91.0
30.0
0.0
0.0
0.0
0.0
0.0
0.0
80.0
0.0
0.0
93.0
0.0
0.0
0.0
0.0
0.0
101.0
60.0
0.0
0.0
0.0
0.0
0.0
0.0
0.0
0.0
0.0
0.0
0.0
0.0
0.0
0.0
342.0
0.0
0.0
0.0
0.0
0.0
0.0
0.0
0.0
NaN
NaN
NaN
NaN
0.0
0.0
0.0
NaN
NaN
0.0
0.0
0.0
0.0
0.0
0.0
0.0
0.0
0.0
0.0
0.0
0.0
0.0
0.0
0.0
0.0
0.0
0.0
40.0
54.0
50.0
0.0
0.0
0.0
NaN
NaN
0.0
0.0
0.0
10.0
0.0
0.0
0.0
32.0
0.0
0.0
0.0
0.0
0.0
20.0
31.0
0.0
0.0
0.0
10.0
0.0
3.0
0.0
0.0
0.0
0.0
0.0
22.0
0.0
0.0
0.0
0.0
0.0
0.0
0.0
0.0
0.0
0.0
0.0
0.0
0.0
43.0
42.0
0.0
0.0
0.0
0.0
0.0
0.0
0.0
10.0
0.0
30.0
82.0
0.0
0.0
NaN
0.0
0.0
33.0
63.0
114.0
0.0
0.0
0.0
0.0
0.0
0.0
0.0
0.0
0.0
12.0
0.0
0.0
0.0
0.0
0.0
0.0
0.0
0.0
0.0
0.0
0.0
40.0
0.0
0.0
0.0
0.0
20.0
0.0
10.0
10.0
3.0
0.0
0.0
0.0
0.0
3.0
0.0
33.0
0.0
0.0
0.0
0.0
2.0
0.0
0.0
3.0
0.0
0.0
0.0
0.0
0.0
0.0
0.0
0.0
0.0
0.0
93.0
50.0
0.0
0.0
0.0
0.0
10.0
0.0
0.0
NaN
NaN
0.0
0.0
0.0
83.0
0.0
0.0
0.0
20.0
0.0
104.0
0.0
0.0
0.0
0.0
0.0
0.0
0.0
0.0
0.0
0.0
22.0
0.0
0.0
0.0
0.0
0.0
0.0
0.0
0.0
0.0
10.0
0.0
0.0
0.0
0.0
0.0
0.0
0.0
0.0
0.0
33.0
0.0
0.0
0.0
0.0
103.0
220.0
0.0
0.0
132.0
0.0
0.0
0.0
0.0
0.0
NaN
NaN
0.0
0.0
0.0
0.0
0.0
0.0
0.0
0.0
0.0
2.0
3.0
43.0
0.0
0.0
51.0
0.0
0.0
0.0
0.0
0.0
0.0
0.0
0.0
0.0
0.0
0.0
70.0
0.0
73.0
0.0
0.0
412.0
0.0
0.0
0.0
0.0
0.0
52.0
0.0
0.0
0.0
80.0
0.0
0.0
0.0
3.0
0.0
0.0
40.0
0.0
0.0
0.0
0.0
0.0
245.0
0.0
0.0
0.0
0.0
0.0
13.0
113.0
0.0
0.0
0.0
32.0
0.0
193.0
0.0
0.0
0.0
0.0
0.0
0.0
0.0
0.0
0.0
60.0
0.0
0.0
0.0
0.0
302.0
0.0
0.0
0.0
0.0
294.0
0.0
0.0
54.0
0.0
0.0
0.0
0.0
0.0
0.0
0.0
173.0
0.0
0.0
0.0
0.0
0.0
0.0
120.0
0.0
0.0
0.0
0.0
0.0
0.0
0.0
0.0
0.0
0.0
0.0
NaN
NaN
10.0
136.0
0.0
0.0
0.0
0.0
0.0
0.0
13.0
0.0
0.0
0.0
0.0
0.0
0.0
0.0
0.0
0.0
0.0
0.0
0.0
0.0
0.0
0.0
104.0
0.0
0.0
0.0
0.0
52.0
NaN
NaN
0.0
0.0
0.0
0.0
0.0
0.0
71.0
0.0
10.0
0.0
70.0
0.0
310.0
0.0
0.0
0.0
0.0
0.0
NaN
NaN
60.0
0.0
0.0
0.0
0.0
0.0
30.0
0.0
0.0
0.0
0.0
0.0
0.0
NaN
NaN
0.0
20.0
0.0
NaN
NaN
0.0
60.0
0.0
0.0
0.0
0.0
0.0
NaN
50.0
0.0
0.0
0.0
0.0
70.0
0.0
0.0
0.0
0.0
0.0
0.0
0.0
0.0
0.0
0.0
0.0
30.0
0.0
0.0
0.0
0.0
0.0
20.0
0.0
0.0
0.0
0.0
0.0
0.0
10.0
NaN
0.0
0.0
0.0
0.0
10.0
0.0
50.0
40.0
10.0
0.0
0.0
0.0
0.0
0.0
0.0
0.0
0.0
0.0
0.0
3.0
0.0
0.0
0.0
0.0
0.0
0.0
0.0
0.0
0.0
0.0
0.0
160.0
0.0
0.0
0.0
0.0
10.0
0.0
33.0
0.0
20.0
0.0
0.0
0.0
NaN
NaN
0.0
0.0
0.0
0.0
0.0
0.0
0.0
0.0
0.0
0.0
0.0
0.0
0.0
0.0
0.0
0.0
0.0
0.0
0.0
40.0
30.0
20.0
10.0
30.0
0.0
0.0
0.0
0.0
0.0
10.0
0.0
0.0
0.0
0.0
NaN
NaN
0.0
0.0
12.0
0.0
0.0
0.0
0.0
0.0
0.0
0.0
0.0
0.0
0.0
0.0
62.0
0.0
0.0
0.0
0.0
90.0
0.0
0.0
0.0
0.0
123.0
170.0
0.0
0.0
0.0
0.0
0.0
0.0
0.0
0.0
0.0
0.0
0.0
0.0
0.0
0.0
0.0
0.0
0.0
0.0
190.0
0.0
102.0
0.0
71.0
63.0
0.0
0.0
0.0
0.0
0.0
0.0
0.0
0.0
0.0
0.0
83.0
170.0
0.0
0.0
0.0
0.0
0.0
252.0
0.0
0.0
0.0
0.0
0.0
0.0
0.0
23.0
0.0
0.0
0.0
0.0
333.0
0.0
0.0
0.0
50.0
0.0
3.0
0.0
0.0
212.0
0.0
0.0
0.0
0.0
13.0
0.0
340.0
100.0
0.0
0.0
0.0
161.0
43.0
0.0
0.0
0.0
0.0
82.0
0.0
0.0
0.0
534.0
0.0
0.0
0.0
0.0
0.0
0.0
0.0
0.0
0.0
0.0
0.0
0.0
0.0
0.0
55.0
0.0
0.0
73.0
0.0
0.0
0.0
0.0
0.0
0.0
0.0
0.0
0.0
0.0
113.0
4.0
152.0
0.0
0.0
0.0
0.0
0.0
0.0
0.0
0.0
0.0
0.0
0.0
24.0
0.0
0.0
302.0
0.0
0.0
0.0
21.0
10.0
22.0
0.0
0.0
0.0
0.0
0.0
0.0
0.0
0.0
0.0
32.0
0.0
63.0
0.0
0.0
0.0
62.0
0.0
0.0
0.0
0.0
NaN
NaN
0.0
0.0
0.0
0.0
0.0
0.0
0.0
0.0
0.0
0.0
0.0
20.0
0.0
0.0
0.0
0.0
0.0
NaN
NaN
0.0
0.0
20.0
0.0
0.0
0.0
0.0
0.0
0.0
10.0
0.0
0.0
0.0
0.0
0.0
0.0
0.0
0.0
0.0
0.0
0.0
0.0
32.0
0.0
0.0
30.0
0.0
NaN
0.0
0.0
0.0
0.0
0.0
0.0
0.0
0.0
0.0
70.0
0.0
0.0
0.0
0.0
0.0
0.0
10.0
0.0
0.0
0.0
0.0
0.0
0.0
0.0
0.0
30.0
0.0
0.0
0.0
0.0
0.0
0.0
0.0
50.0
0.0
0.0
0.0
10.0
0.0
0.0
0.0
0.0
0.0
0.0
0.0
NaN
NaN
NaN
0.0
0.0
0.0
0.0
0.0
0.0
24.0
0.0
0.0
0.0
0.0
0.0
0.0
0.0
0.0
0.0
30.0
133.0
0.0
23.0
0.0
0.0
0.0
0.0
0.0
0.0
0.0
0.0
23.0
13.0
0.0
0.0
0.0
14.0
50.0
10.0
0.0
0.0
0.0
14.0
0.0
0.0
0.0
50.0
0.0
0.0
0.0
0.0
0.0
0.0
0.0
0.0
0.0
23.0
13.0
0.0
0.0
0.0
0.0
0.0
0.0
0.0
0.0
0.0
0.0
0.0
0.0
0.0
0.0
43.0
0.0
0.0
102.0
31.0
0.0
41.0
134.0
4.0
2.0
0.0
0.0
55.0
0.0
0.0
503.0
0.0
0.0
23.0
0.0
0.0
0.0
0.0
0.0
0.0
0.0
0.0
0.0
0.0
0.0
0.0
0.0
81.0
0.0
0.0
0.0
0.0
0.0
33.0
0.0
0.0
0.0
0.0
0.0
0.0
0.0
0.0
0.0
0.0
0.0
0.0
0.0
0.0
0.0
262.0
0.0
43.0
0.0
12.0
24.0
460.0
0.0
0.0
0.0
0.0
0.0
0.0
13.0
0.0
10.0
0.0
0.0
0.0
0.0
33.0
0.0
0.0
0.0
0.0
0.0
102.0
0.0
0.0
0.0
0.0
0.0
0.0
0.0
0.0
0.0
0.0
102.0
0.0
0.0
41.0
12.0
0.0
0.0
0.0
0.0
0.0
0.0
0.0
61.0
NaN
NaN
0.0
0.0
0.0
0.0
13.0
0.0
0.0
0.0
332.0
0.0
32.0
0.0
262.0
0.0
0.0
0.0
0.0
0.0
0.0
0.0
0.0
0.0
60.0
0.0
0.0
0.0
0.0
0.0
0.0
0.0
22.0
0.0
23.0
100.0
0.0
0.0
0.0
0.0
0.0
0.0
22.0
40.0
0.0
0.0
0.0
0.0
0.0
0.0
3.0
0.0
0.0
0.0
43.0
0.0
0.0
0.0
0.0
0.0
0.0
0.0
0.0
0.0
0.0
0.0
30.0
0.0
0.0
0.0
0.0
0.0
30.0
0.0
0.0
0.0
0.0
0.0
0.0
0.0
0.0
0.0
0.0
0.0
0.0
0.0
0.0
0.0
3.0
0.0
0.0
12.0
10.0
0.0
0.0
0.0
23.0
0.0
0.0
74.0
22.0
30.0
23.0
40.0
0.0
10.0
0.0
10.0
0.0
20.0
20.0
20.0
0.0
0.0
0.0
10.0
10.0
10.0
43.0
0.0
0.0
0.0
0.0
0.0
0.0
0.0
0.0
0.0
0.0
0.0
0.0
0.0
0.0
10.0
0.0
0.0
0.0
0.0
0.0
100.0
0.0
NaN
NaN
0.0
0.0
0.0
0.0
0.0
0.0
0.0
80.0
20.0
40.0
23.0
23.0
0.0
0.0
0.0
0.0
0.0
0.0
0.0
0.0
0.0
0.0
20.0
0.0
0.0
0.0
0.0
0.0
0.0
0.0
0.0
40.0
0.0
0.0
0.0
0.0
0.0
0.0
0.0
0.0
0.0
0.0
0.0
0.0
0.0
0.0
22.0
0.0
0.0
0.0
0.0
0.0
0.0
324.0
0.0
0.0
0.0
0.0
0.0
0.0
0.0
0.0
0.0
0.0
0.0
0.0
0.0
0.0
0.0
0.0
0.0
0.0
0.0
0.0
0.0
0.0
0.0
102.0
0.0
0.0
0.0
143.0
0.0
0.0
22.0
0.0
0.0
22.0
23.0
0.0
0.0
0.0
0.0
0.0
0.0
0.0
0.0
0.0
153.0
0.0
0.0
0.0
0.0
41.0
0.0
0.0
0.0
0.0
0.0
0.0
0.0
0.0
223.0
0.0
0.0
0.0
174.0
0.0
0.0
30.0
80.0
0.0
0.0
73.0
0.0
NaN
NaN
0.0
87.0
0.0
84.0
41.0
0.0
0.0
0.0
0.0
0.0
0.0
0.0
0.0
0.0
0.0
0.0
0.0
0.0
0.0
0.0
0.0
151.0
0.0
0.0
10.0
0.0
0.0
0.0
0.0
0.0
44.0
0.0
0.0
0.0
0.0
0.0
0.0
0.0
0.0
84.0
0.0
0.0
0.0
0.0
0.0
0.0
0.0
0.0
0.0
0.0
0.0
0.0
20.0
11.0
51.0
0.0
0.0
0.0
0.0
51.0
0.0
22.0
0.0
0.0
4.0
0.0
0.0
0.0
0.0
0.0
0.0
0.0
0.0
0.0
0.0
0.0
0.0
0.0
0.0
30.0
63.0
0.0
0.0
11.0
0.0
0.0
174.0
0.0
0.0
0.0
21.0
0.0
20.0
0.0
0.0
0.0
0.0
52.0
0.0
0.0
0.0
NaN
NaN
121.0
0.0
0.0
0.0
0.0
202.0
0.0
0.0
50.0
0.0
0.0
0.0
NaN
NaN
0.0
0.0
0.0
0.0
0.0
0.0
0.0
0.0
0.0
93.0
0.0
0.0
0.0
0.0
0.0
0.0
0.0
0.0
0.0
0.0
70.0
0.0
0.0
0.0
0.0
0.0
0.0
21.0
0.0
0.0
0.0
0.0
0.0
0.0
0.0
0.0
0.0
0.0
0.0
0.0
0.0
0.0
0.0
0.0
0.0
52.0
38.0
0.0
0.0
0.0
10.0
0.0
0.0
0.0
0.0
0.0
0.0
0.0
NaN
NaN
0.0
0.0
0.0
0.0
0.0
0.0
0.0
0.0
3.0
0.0
0.0
0.0
0.0
0.0
33.0
0.0
0.0
0.0
0.0
0.0
0.0
0.0
0.0
3.0
0.0
30.0
0.0
10.0
0.0
0.0
0.0
30.0
0.0
0.0
0.0
23.0
0.0
0.0
0.0
0.0
0.0
0.0
0.0
0.0
0.0
0.0
0.0
0.0
0.0
0.0
0.0
0.0
0.0
20.0
10.0
0.0
0.0
0.0
0.0
0.0
0.0
0.0
0.0
0.0
0.0
50.0
40.0
0.0
0.0
0.0
60.0
0.0
0.0
0.0
0.0
0.0
0.0
0.0
0.0
230.0
0.0
0.0
0.0
0.0
0.0
0.0
0.0
40.0
0.0
0.0
0.0
0.0
0.0
0.0
0.0
0.0
0.0
0.0
0.0
0.0
0.0
0.0
0.0
2.0
0.0
280.0
0.0
0.0
0.0
0.0
0.0
0.0
0.0
0.0
0.0
0.0
0.0
0.0
0.0
0.0
0.0
0.0
0.0
0.0
0.0
0.0
0.0
0.0
0.0
0.0
0.0
0.0
0.0
0.0
0.0
92.0
NaN
NaN
0.0
0.0
0.0
0.0
NaN
NaN
0.0
0.0
NaN
NaN
0.0
0.0
0.0
95.0
0.0
0.0
222.0
0.0
32.0
0.0
0.0
0.0
0.0
NaN
NaN
0.0
12.0
0.0
13.0
0.0
10.0
111.0
0.0
362.0
0.0
0.0
12.0
0.0
0.0
0.0
0.0
0.0
0.0
0.0
0.0
0.0
0.0
92.0
0.0
0.0
160.0
0.0
0.0
0.0
195.0
20.0
0.0
0.0
0.0
13.0
0.0
0.0
0.0
331.0
0.0
0.0
0.0
52.0
0.0
0.0
152.0
0.0
0.0
0.0
24.0
0.0
0.0
0.0
0.0
20.0
0.0
0.0
0.0
0.0
0.0
0.0
0.0
0.0
0.0
0.0
0.0
0.0
181.0
0.0
93.0
0.0
0.0
0.0
0.0
0.0
0.0
250.0
81.0
121.0
0.0
0.0
0.0
0.0
111.0
0.0
0.0
0.0
0.0
0.0
0.0
0.0
0.0
0.0
0.0
23.0
0.0
184.0
0.0
63.0
0.0
171.0
0.0
0.0
102.0
NaN
NaN
0.0
0.0
0.0
0.0
0.0
0.0
0.0
0.0
0.0
0.0
0.0
21.0
0.0
203.0
0.0
0.0
0.0
0.0
0.0
0.0
0.0
0.0
0.0
0.0
11.0
0.0
0.0
71.0
0.0
0.0
0.0
0.0
0.0
0.0
0.0
0.0
0.0
0.0
0.0
0.0
0.0
0.0
0.0
40.0
0.0
0.0
0.0
0.0
0.0
0.0
0.0
0.0
0.0
0.0
0.0
0.0
0.0
0.0
0.0
0.0
0.0
0.0
0.0
0.0
0.0
0.0
0.0
0.0
0.0
0.0
0.0
0.0
40.0
10.0
0.0
0.0
0.0
0.0
12.0
0.0
0.0
0.0
0.0
0.0
0.0
0.0
0.0
0.0
0.0
0.0
70.0
0.0
0.0
0.0
0.0
0.0
NaN
NaN
0.0
0.0
0.0
0.0
0.0
40.0
0.0
0.0
0.0
21.0
13.0
23.0
0.0
22.0
0.0
0.0
0.0
14.0
0.0
0.0
2.0
0.0
0.0
2.0
0.0
53.0
24.0
0.0
0.0
0.0
0.0
NaN
NaN
0.0
0.0
0.0
0.0
0.0
0.0
0.0
0.0
0.0
0.0
0.0
40.0
0.0
0.0
0.0
0.0
0.0
0.0
0.0
0.0
0.0
2.0
0.0
0.0
3.0
0.0
0.0
0.0
0.0
0.0
0.0
0.0
0.0
183.0
60.0
0.0
0.0
0.0
0.0
0.0
0.0
0.0
0.0
0.0
0.0
0.0
0.0
0.0
0.0
42.0
0.0
0.0
0.0
0.0
53.0
0.0
0.0
0.0
0.0
0.0
143.0
40.0
0.0
10.0
0.0
0.0
0.0
182.0
20.0
0.0
0.0
0.0
54.0
30.0
0.0
0.0
30.0
0.0
0.0
0.0
14.0
0.0
0.0
0.0
0.0
0.0
0.0
0.0
0.0
4.0
0.0
0.0
0.0
0.0
0.0
0.0
0.0
23.0
0.0
0.0
11.0
0.0
0.0
21.0
0.0
34.0
0.0
0.0
0.0
NaN
NaN
0.0
0.0
0.0
0.0
0.0
0.0
0.0
0.0
2.0
0.0
2.0
0.0
0.0
0.0
0.0
40.0
0.0
0.0
0.0
80.0
0.0
0.0
0.0
0.0
0.0
0.0
0.0
150.0
151.0
21.0
62.0
72.0
0.0
0.0
0.0
0.0
0.0
72.0
NaN
NaN
0.0
53.0
0.0
44.0
0.0
0.0
0.0
0.0
190.0
0.0
0.0
0.0
400.0
0.0
120.0
0.0
0.0
0.0
21.0
20.0
0.0
0.0
0.0
34.0
0.0
0.0
0.0
0.0
0.0
0.0
0.0
0.0
10.0
20.0
0.0
0.0
0.0
0.0
0.0
0.0
0.0
0.0
10.0
40.0
0.0
0.0
0.0
0.0
12.0
0.0
11.0
0.0
0.0
0.0
0.0
0.0
0.0
0.0
0.0
92.0
81.0
0.0
0.0
0.0
0.0
0.0
0.0
10.0
0.0
101.0
0.0
0.0
144.0
70.0
0.0
291.0
574.0
0.0
0.0
11.0
0.0
0.0
0.0
0.0
0.0
0.0
0.0
0.0
14.0
92.0
0.0
134.0
2.0
0.0
0.0
0.0
0.0
0.0
0.0
0.0
0.0
0.0
0.0
0.0
0.0
0.0
0.0
0.0
0.0
0.0
0.0
0.0
0.0
0.0
0.0
0.0
0.0
0.0
0.0
0.0
0.0
0.0
0.0
0.0
0.0
44.0
0.0
0.0
311.0
21.0
0.0
0.0
240.0
113.0
0.0
0.0
132.0
122.0
200.0
0.0
50.0
32.0
14.0
0.0
0.0
0.0
10.0
20.0
0.0
0.0
150.0
0.0
0.0
0.0
0.0
0.0
0.0
0.0
0.0
150.0
0.0
0.0
0.0
0.0
4.0
0.0
50.0
43.0
0.0
33.0
0.0
0.0
0.0
0.0
0.0
44.0
0.0
80.0
83.0
0.0
63.0
0.0
0.0
0.0
0.0
0.0
0.0
3.0
0.0
0.0
0.0
0.0
0.0
0.0
40.0
0.0
0.0
0.0
0.0
0.0
0.0
0.0
0.0
0.0
0.0
0.0
0.0
20.0
0.0
10.0
0.0
0.0
0.0
0.0
0.0
0.0
0.0
0.0
0.0
0.0
0.0
0.0
0.0
4.0
0.0
0.0
0.0
0.0
3.0
0.0
0.0
0.0
0.0
0.0
0.0
23.0
0.0
0.0
22.0
0.0
0.0
0.0
0.0
0.0
30.0
0.0
0.0
22.0
0.0
0.0
0.0
0.0
0.0
0.0
0.0
0.0
0.0
0.0
0.0
0.0
3.0
0.0
0.0
20.0
0.0
0.0
0.0
0.0
0.0
0.0
0.0
0.0
40.0
0.0
0.0
0.0
0.0
0.0
0.0
0.0
0.0
0.0
280.0
0.0
0.0
0.0
32.0
0.0
0.0
0.0
0.0
23.0
0.0
0.0
0.0
43.0
0.0
0.0
0.0
0.0
0.0
0.0
0.0
0.0
0.0
0.0
0.0
0.0
0.0
0.0
0.0
0.0
0.0
164.0
0.0
0.0
0.0
0.0
NaN
NaN
0.0
91.0
0.0
14.0
0.0
10.0
0.0
0.0
78.0
0.0
0.0
34.0
0.0
0.0
72.0
60.0
0.0
0.0
0.0
52.0
0.0
0.0
21.0
0.0
0.0
0.0
0.0
0.0
0.0
0.0
0.0
0.0
11.0
0.0
0.0
0.0
4.0
314.0
NaN
NaN
0.0
0.0
8.0
0.0
0.0
0.0
4.0
0.0
60.0
0.0
435.0
0.0
0.0
0.0
0.0
0.0
21.0
0.0
142.0
0.0
0.0
0.0
0.0
0.0
0.0
0.0
142.0
0.0
0.0
243.0
2.0
2.0
82.0
0.0
0.0
0.0
0.0
0.0
0.0
94.0
0.0
0.0
0.0
0.0
0.0
0.0
0.0
0.0
930.0
0.0
0.0
0.0
0.0
0.0
0.0
22.0
0.0
0.0
13.0
0.0
0.0
0.0
0.0
0.0
0.0
0.0
0.0
0.0
0.0
0.0
0.0
0.0
0.0
33.0
0.0
0.0
0.0
0.0
0.0
0.0
0.0
0.0
0.0
NaN
NaN
0.0
0.0
0.0
0.0
0.0
0.0
0.0
0.0
0.0
0.0
0.0
0.0
162.0
0.0
0.0
0.0
0.0
0.0
0.0
0.0
0.0
0.0
0.0
0.0
33.0
80.0
0.0
0.0
0.0
0.0
0.0
0.0
0.0
0.0
30.0
0.0
0.0
0.0
0.0
0.0
0.0
0.0
0.0
0.0
10.0
0.0
0.0
0.0
0.0
0.0
0.0
80.0
12.0
0.0
0.0
0.0
0.0
0.0
33.0
0.0
0.0
0.0
0.0
0.0
0.0
0.0
0.0
0.0
0.0
0.0
0.0
0.0
0.0
0.0
20.0
0.0
0.0
40.0
0.0
20.0
23.0
32.0
0.0
0.0
0.0
0.0
360.0
0.0
0.0
0.0
0.0
0.0
10.0
0.0
0.0
0.0
23.0
0.0
0.0
0.0
0.0
0.0
43.0
0.0
44.0
0.0
0.0
0.0
32.0
30.0
0.0
0.0
0.0
0.0
0.0
0.0
0.0
0.0
0.0
0.0
0.0
0.0
0.0
0.0
0.0
0.0
23.0
0.0
83.0
0.0
0.0
23.0
0.0
43.0
0.0
0.0
22.0
100.0
0.0
20.0
0.0
0.0
0.0
0.0
12.0
0.0
0.0
0.0
0.0
0.0
0.0
0.0
0.0
0.0
12.0
0.0
0.0
2.0
0.0
0.0
0.0
0.0
0.0
0.0
0.0
0.0
0.0
0.0
0.0
0.0
0.0
0.0
0.0
0.0
13.0
2.0
0.0
0.0
0.0
42.0
0.0
10.0
84.0
0.0
0.0
0.0
0.0
43.0
142.0
22.0
0.0
0.0
0.0
0.0
0.0
0.0
0.0
0.0
0.0
0.0
20.0
0.0
0.0
0.0
0.0
0.0
0.0
0.0
0.0
20.0
0.0
0.0
0.0
0.0
0.0
21.0
10.0
0.0
103.0
0.0
0.0
0.0
0.0
0.0
0.0
0.0
0.0
0.0
0.0
0.0
52.0
0.0
50.0
0.0
0.0
0.0
60.0
0.0
0.0
0.0
160.0
0.0
0.0
0.0
0.0
0.0
0.0
0.0
0.0
0.0
0.0
0.0
0.0
0.0
70.0
0.0
0.0
0.0
0.0
0.0
0.0
0.0
0.0
0.0
0.0
0.0
0.0
0.0
21.0
0.0
0.0
0.0
NaN
NaN
0.0
0.0
0.0
0.0
0.0
0.0
0.0
0.0
0.0
0.0
0.0
0.0
54.0
0.0
0.0
0.0
0.0
0.0
0.0
0.0
0.0
0.0
0.0
250.0
250.0
0.0
80.0
0.0
0.0
0.0
0.0
0.0
0.0
0.0
0.0
0.0
0.0
0.0
0.0
394.0
124.0
0.0
0.0
0.0
0.0
21.0
0.0
0.0
0.0
32.0
0.0
0.0
0.0
0.0
0.0
0.0
0.0
371.0
0.0
0.0
42.0
0.0
20.0
42.0
0.0
0.0
352.0
0.0
0.0
0.0
0.0
0.0
0.0
102.0
0.0
0.0
33.0
22.0
0.0
0.0
0.0
0.0
32.0
0.0
0.0
131.0
0.0
0.0
0.0
42.0
0.0
0.0
0.0
0.0
0.0
0.0
0.0
0.0
0.0
140.0
0.0
0.0
32.0
0.0
0.0
0.0
34.0
0.0
0.0
0.0
0.0
0.0
0.0
0.0
0.0
40.0
0.0
0.0
0.0
0.0
0.0
0.0
0.0
0.0
0.0
0.0
0.0
0.0
34.0
0.0
0.0
0.0
0.0
0.0
0.0
0.0
0.0
0.0
14.0
23.0
10.0
0.0
0.0
0.0
0.0
0.0
20.0
0.0
0.0
0.0
0.0
140.0
33.0
0.0
0.0
0.0
2.0
21.0
0.0
0.0
0.0
0.0
0.0
0.0
0.0
0.0
0.0
0.0
20.0
0.0
10.0
0.0
0.0
0.0
0.0
0.0
0.0
0.0
0.0
0.0
0.0
0.0
0.0
0.0
0.0
0.0
0.0
0.0
0.0
0.0
NaN
NaN
32.0
23.0
0.0
0.0
0.0
0.0
0.0
0.0
0.0
0.0
23.0
0.0
3.0
0.0
0.0
0.0
0.0
0.0
0.0
13.0
12.0
0.0
0.0
0.0
0.0
0.0
0.0
0.0
22.0
0.0
0.0
0.0
0.0
0.0
0.0
0.0
0.0
40.0
0.0
0.0
0.0
0.0
20.0
0.0
0.0
0.0
0.0
42.0
0.0
0.0
0.0
0.0
23.0
0.0
0.0
0.0
0.0
0.0
0.0
0.0
0.0
0.0
0.0
0.0
0.0
0.0
0.0
0.0
0.0
0.0
0.0
0.0
10.0
0.0
0.0
0.0
100.0
120.0
0.0
0.0
0.0
0.0
0.0
0.0
0.0
0.0
0.0
0.0
0.0
0.0
70.0
0.0
0.0
0.0
0.0
0.0
0.0
0.0
0.0
0.0
270.0
0.0
0.0
0.0
0.0
0.0
0.0
0.0
0.0
0.0
0.0
62.0
0.0
0.0
0.0
0.0
0.0
0.0
0.0
40.0
0.0
140.0
0.0
0.0
0.0
0.0
NaN
NaN
0.0
0.0
0.0
0.0
NaN
NaN
0.0
0.0
0.0
0.0
0.0
0.0
252.0
0.0
0.0
52.0
0.0
20.0
0.0
0.0
0.0
20.0
0.0
0.0
0.0
0.0
0.0
0.0
0.0
0.0
32.0
142.0
0.0
0.0
0.0
0.0
0.0
0.0
0.0
0.0
0.0
0.0
0.0
160.0
0.0
0.0
0.0
0.0
0.0
0.0
40.0
30.0
0.0
0.0
0.0
0.0
0.0
0.0
0.0
0.0
0.0
0.0
0.0
0.0
53.0
152.0
0.0
0.0
0.0
0.0
0.0
0.0
10.0
0.0
0.0
0.0
0.0
0.0
0.0
0.0
0.0
0.0
0.0
0.0
0.0
0.0
0.0
93.0
0.0
0.0
0.0
0.0
0.0
0.0
260.0
0.0
0.0
0.0
0.0
28.0
10.0
0.0
0.0
0.0
0.0
0.0
0.0
0.0
260.0
0.0
52.0
0.0
0.0
0.0
22.0
82.0
0.0
0.0
0.0
52.0
0.0
0.0
52.0
0.0
0.0
0.0
0.0
0.0
0.0
0.0
0.0
0.0
0.0
0.0
0.0
0.0
0.0
0.0
24.0
0.0
0.0
0.0
0.0
0.0
0.0
0.0
0.0
0.0
0.0
0.0
0.0
0.0
0.0
20.0
0.0
140.0
10.0
0.0
10.0
0.0
0.0
0.0
0.0
0.0
100.0
0.0
0.0
0.0
0.0
0.0
0.0
0.0
0.0
0.0
0.0
0.0
0.0
0.0
0.0
0.0
0.0
0.0
0.0
0.0
42.0
0.0
0.0
0.0
0.0
0.0
0.0
0.0
0.0
0.0
0.0
0.0
0.0
0.0
30.0
0.0
0.0
0.0
0.0
50.0
0.0
0.0
0.0
0.0
0.0
0.0
0.0
0.0
0.0
0.0
0.0
10.0
0.0
260.0
50.0
80.0
0.0
50.0
100.0
0.0
0.0
0.0
0.0
0.0
20.0
2.0
102.0
0.0
0.0
150.0
0.0
200.0
0.0
0.0
0.0
0.0
90.0
70.0
0.0
0.0
0.0
53.0
10.0
40.0
0.0
0.0
0.0
42.0
0.0
0.0
0.0
0.0
0.0
0.0
0.0
0.0
0.0
0.0
42.0
0.0
0.0
0.0
23.0
0.0
0.0
0.0
0.0
33.0
23.0
0.0
0.0
0.0
0.0
0.0
0.0
0.0
0.0
