0.0
0.0
76.0
0.0
0.0
0.0
0.0
6.0
0.0
20.0
0.0
0.0
208.0
8.0
0.0
0.0
0.0
0.0
282.0
0.0
0.0
0.0
0.0
0.0
0.0
0.0
0.0
0.0
20.0
0.0
0.0
102.0
62.0
0.0
0.0
0.0
0.0
100.0
0.0
0.0
0.0
0.0
0.0
8.0
140.0
0.0
0.0
0.0
17.0
0.0
0.0
84.0
0.0
0.0
0.0
0.0
0.0
0.0
0.0
0.0
112.0
0.0
112.0
12.0
0.0
0.0
0.0
0.0
0.0
0.0
6.0
0.0
0.0
0.0
0.0
0.0
0.0
21.0
82.0
0.0
62.0
0.0
82.0
0.0
16.0
7.0
0.0
0.0
108.0
0.0
40.0
56.0
28.0
4.0
0.0
0.0
21.0
85.0
36.0
19.0
7.0
0.0
18.0
18.0
0.0
0.0
3.0
0.0
26.0
0.0
42.0
21.0
25.0
74.0
80.0
101.0
2.0
101.0
76.0
20.0
11.0
0.0
0.0
0.0
NaN
120.0
115.0
68.0
22.0
134.0
134.0
0.0
0.0
6.0
0.0
0.0
2.0
0.0
0.0
16.0
25.0
40.0
20.0
0.0
0.0
0.0
0.0
154.0
0.0
0.0
48.0
76.0
14.0
0.0
50.0
6.0
0.0
0.0
0.0
36.0
55.0
24.0
2.0
32.0
86.0
4.0
0.0
122.0
46.0
0.0
0.0
82.0
5.0
2.0
4.0
0.0
72.0
0.0
0.0
0.0
0.0
0.0
0.0
0.0
0.0
0.0
0.0
30.0
90.0
10.0
0.0
0.0
30.0
0.0
10.0
0.0
0.0
30.0
0.0
0.0
215.0
34.0
16.0
NaN
0.0
0.0
NaN
NaN
0.0
0.0
20.0
0.0
0.0
0.0
34.0
20.0
0.0
10.0
0.0
NaN
50.0
NaN
0.0
40.0
0.0
40.0
NaN
0.0
10.0
NaN
30.0
0.0
0.0
90.0
NaN
0.0
0.0
20.0
70.0
140.0
40.0
0.0
50.0
0.0
0.0
0.0
0.0
0.0
0.0
0.0
0.0
20.0
NaN
0.0
0.0
10.0
10.0
0.0
0.0
0.0
0.0
20.0
NaN
0.0
0.0
0.0
0.0
0.0
70.0
30.0
NaN
0.0
35.0
0.0
0.0
0.0
70.0
10.0
25.0
0.0
20.0
35.0
0.0
0.0
0.0
0.0
0.0
80.0
60.0
NaN
10.0
30.0
NaN
0.0
10.0
0.0
10.0
120.0
0.0
10.0
0.0
70.0
10.0
50.0
0.0
0.0
0.0
0.0
0.0
0.0
0.0
0.0
0.0
90.0
10.0
2.0
10.0
0.0
0.0
230.0
0.0
0.0
0.0
40.0
86.0
0.0
0.0
0.0
5.0
0.0
0.0
0.0
0.0
0.0
0.0
0.0
5.0
0.0
0.0
0.0
0.0
12.0
0.0
0.0
0.0
0.0
0.0
0.0
0.0
0.0
0.0
0.0
0.0
0.0
0.0
0.0
130.0
80.0
0.0
40.0
0.0
0.0
0.0
45.0
0.0
0.0
0.0
0.0
0.0
0.0
0.0
0.0
0.0
0.0
0.0
260.0
5.0
0.0
70.0
0.0
50.0
0.0
0.0
0.0
0.0
0.0
0.0
65.0
100.0
0.0
35.0
5.0
0.0
0.0
0.0
50.0
0.0
0.0
0.0
0.0
0.0
80.0
0.0
0.0
40.0
100.0
20.0
0.0
0.0
60.0
40.0
10.0
130.0
NaN
0.0
0.0
40.0
0.0
0.0
60.0
240.0
90.0
30.0
30.0
10.0
15.0
65.0
0.0
0.0
10.0
40.0
131.0
30.0
0.0
0.0
0.0
0.0
0.0
0.0
NaN
0.0
0.0
0.0
100.0
10.0
0.0
65.0
70.0
5.0
110.0
0.0
0.0
0.0
20.0
50.0
0.0
0.0
0.0
125.0
50.0
0.0
75.0
50.0
50.0
0.0
0.0
0.0
105.0
120.0
0.0
0.0
0.0
20.0
20.0
65.0
10.0
10.0
15.0
35.0
0.0
50.0
75.0
130.0
75.0
45.0
15.0
70.0
0.0
0.0
10.0
0.0
20.0
50.0
150.0
10.0
10.0
70.0
160.0
160.0
0.0
130.0
10.0
0.0
0.0
20.0
0.0
0.0
10.0
75.0
0.0
0.0
0.0
0.0
0.0
25.0
0.0
40.0
0.0
10.0
0.0
0.0
0.0
20.0
0.0
0.0
10.0
100.0
40.0
10.0
0.0
50.0
30.0
60.0
120.0
0.0
50.0
0.0
0.0
20.0
0.0
10.0
0.0
30.0
20.0
110.0
70.0
120.0
40.0
0.0
0.0
0.0
170.0
40.0
0.0
0.0
0.0
20.0
120.0
0.0
10.0
0.0
0.0
0.0
30.0
60.0
20.0
90.0
0.0
20.0
50.0
0.0
0.0
0.0
0.0
20.0
0.0
0.0
0.0
20.0
NaN
0.0
0.0
0.0
0.0
0.0
50.0
30.0
20.0
40.0
70.0
40.0
NaN
0.0
20.0
0.0
0.0
20.0
10.0
30.0
0.0
180.0
100.0
NaN
0.0
0.0
50.0
30.0
0.0
40.0
50.0
0.0
30.0
10.0
0.0
0.0
0.0
0.0
0.0
0.0
20.0
10.0
10.0
NaN
NaN
NaN
NaN
0.0
20.0
NaN
0.0
0.0
0.0
0.0
70.0
30.0
0.0
NaN
35.0
0.0
0.0
0.0
10.0
70.0
25.0
0.0
NaN
35.0
0.0
NaN
0.0
0.0
NaN
NaN
60.0
0.0
10.0
30.0
0.0
10.0
0.0
0.0
10.0
120.0
NaN
0.0
0.0
0.0
10.0
50.0
0.0
10.0
124.0
0.0
44.0
100.0
0.0
160.0
10.0
0.0
0.0
80.0
101.0
0.0
10.0
0.0
0.0
0.0
0.0
0.0
188.0
0.0
0.0
0.0
0.0
100.0
10.0
0.0
0.0
20.0
50.0
19.0
NaN
10.0
120.0
0.0
0.0
0.0
0.0
0.0
140.0
0.0
0.0
0.0
0.0
0.0
10.0
NaN
50.0
0.0
300.0
110.0
202.0
30.0
0.0
0.0
0.0
0.0
0.0
0.0
0.0
0.0
0.0
0.0
0.0
0.0
0.0
0.0
0.0
0.0
0.0
0.0
0.0
0.0
0.0
0.0
0.0
0.0
0.0
0.0
0.0
0.0
0.0
0.0
0.0
0.0
0.0
0.0
110.0
0.0
0.0
0.0
0.0
30.0
10.0
0.0
72.0
0.0
0.0
20.0
0.0
50.0
0.0
0.0
0.0
0.0
0.0
30.0
0.0
0.0
0.0
0.0
90.0
0.0
160.0
0.0
0.0
0.0
0.0
40.0
36.0
170.0
60.0
150.0
260.0
0.0
0.0
0.0
0.0
0.0
20.0
20.0
70.0
0.0
0.0
0.0
20.0
0.0
0.0
0.0
0.0
0.0
0.0
0.0
0.0
160.0
50.0
0.0
0.0
40.0
0.0
0.0
0.0
0.0
0.0
10.0
0.0
0.0
90.0
20.0
90.0
20.0
0.0
120.0
10.0
0.0
0.0
140.0
110.0
20.0
30.0
10.0
90.0
30.0
60.0
0.0
0.0
10.0
0.0
0.0
0.0
0.0
0.0
0.0
40.0
60.0
20.0
0.0
10.0
50.0
20.0
50.0
50.0
30.0
20.0
30.0
10.0
50.0
50.0
180.0
60.0
100.0
50.0
110.0
50.0
0.0
50.0
80.0
0.0
40.0
0.0
240.0
50.0
90.0
90.0
0.0
70.0
20.0
0.0
0.0
50.0
240.0
30.0
0.0
30.0
0.0
0.0
0.0
0.0
0.0
220.0
0.0
10.0
10.0
440.0
10.0
0.0
0.0
30.0
130.0
20.0
60.0
30.0
0.0
60.0
80.0
0.0
0.0
30.0
70.0
30.0
0.0
0.0
0.0
40.0
10.0
90.0
90.0
40.0
0.0
0.0
80.0
10.0
0.0
0.0
0.0
110.0
40.0
20.0
10.0
80.0
10.0
0.0
0.0
0.0
0.0
0.0
10.0
0.0
120.0
0.0
0.0
0.0
0.0
20.0
0.0
10.0
20.0
0.0
40.0
70.0
40.0
30.0
0.0
0.0
20.0
0.0
0.0
270.0
0.0
20.0
10.0
20.0
0.0
0.0
0.0
30.0
0.0
0.0
0.0
0.0
0.0
20.0
0.0
0.0
60.0
30.0
0.0
0.0
0.0
0.0
0.0
0.0
0.0
0.0
10.0
130.0
10.0
0.0
10.0
0.0
0.0
0.0
50.0
10.0
0.0
30.0
150.0
50.0
40.0
10.0
0.0
0.0
0.0
140.0
50.0
60.0
0.0
10.0
60.0
10.0
70.0
20.0
0.0
0.0
90.0
0.0
0.0
0.0
0.0
0.0
0.0
0.0
0.0
0.0
0.0
0.0
0.0
0.0
30.0
0.0
10.0
90.0
0.0
0.0
70.0
10.0
20.0
0.0
60.0
10.0
120.0
240.0
30.0
10.0
70.0
0.0
0.0
0.0
0.0
0.0
0.0
0.0
0.0
0.0
0.0
0.0
200.0
60.0
10.0
0.0
20.0
0.0
0.0
0.0
60.0
20.0
0.0
40.0
10.0
0.0
0.0
0.0
10.0
50.0
10.0
10.0
NaN
50.0
NaN
0.0
10.0
NaN
0.0
190.0
10.0
100.0
0.0
0.0
0.0
0.0
0.0
0.0
0.0
260.0
0.0
0.0
0.0
0.0
0.0
50.0
20.0
0.0
0.0
10.0
250.0
10.0
0.0
50.0
0.0
0.0
0.0
0.0
0.0
0.0
0.0
270.0
0.0
0.0
0.0
0.0
50.0
10.0
0.0
0.0
0.0
0.0
0.0
0.0
100.0
30.0
0.0
10.0
0.0
0.0
40.0
0.0
0.0
0.0
0.0
0.0
0.0
0.0
0.0
20.0
0.0
0.0
0.0
0.0
0.0
0.0
0.0
170.0
0.0
100.0
0.0
0.0
110.0
30.0
0.0
10.0
0.0
200.0
30.0
0.0
0.0
0.0
30.0
0.0
100.0
60.0
60.0
10.0
20.0
0.0
0.0
20.0
170.0
70.0
60.0
30.0
50.0
50.0
0.0
0.0
40.0
160.0
190.0
80.0
0.0
60.0
10.0
40.0
20.0
120.0
30.0
90.0
0.0
0.0
20.0
0.0
0.0
20.0
0.0
0.0
70.0
10.0
0.0
10.0
0.0
0.0
0.0
20.0
NaN
NaN
50.0
50.0
0.0
10.0
0.0
30.0
20.0
0.0
0.0
0.0
110.0
0.0
0.0
0.0
0.0
230.0
30.0
30.0
30.0
10.0
120.0
60.0
20.0
80.0
0.0
0.0
0.0
100.0
110.0
10.0
0.0
20.0
10.0
0.0
0.0
40.0
30.0
20.0
0.0
40.0
0.0
70.0
10.0
0.0
0.0
50.0
110.0
90.0
120.0
20.0
60.0
20.0
220.0
90.0
20.0
0.0
0.0
10.0
30.0
10.0
150.0
60.0
0.0
40.0
70.0
0.0
150.0
10.0
40.0
0.0
20.0
10.0
40.0
20.0
0.0
0.0
0.0
NaN
140.0
70.0
160.0
20.0
20.0
20.0
10.0
140.0
120.0
0.0
0.0
0.0
0.0
0.0
0.0
0.0
0.0
0.0
20.0
10.0
20.0
20.0
220.0
20.0
40.0
0.0
20.0
30.0
10.0
0.0
20.0
50.0
20.0
80.0
70.0
60.0
30.0
60.0
80.0
NaN
NaN
0.0
190.0
30.0
0.0
10.0
0.0
0.0
0.0
0.0
0.0
0.0
0.0
0.0
0.0
10.0
0.0
30.0
60.0
100.0
20.0
0.0
70.0
190.0
40.0
0.0
0.0
30.0
20.0
0.0
0.0
30.0
10.0
0.0
40.0
550.0
80.0
0.0
0.0
0.0
0.0
90.0
130.0
60.0
0.0
0.0
90.0
150.0
110.0
80.0
0.0
0.0
0.0
0.0
10.0
0.0
10.0
0.0
60.0
10.0
0.0
0.0
30.0
0.0
0.0
20.0
0.0
0.0
0.0
0.0
10.0
0.0
0.0
170.0
40.0
0.0
0.0
0.0
0.0
0.0
0.0
50.0
160.0
125.0
50.0
0.0
120.0
60.0
0.0
0.0
0.0
20.0
0.0
0.0
0.0
0.0
0.0
0.0
0.0
10.0
0.0
0.0
0.0
40.0
0.0
0.0
0.0
0.0
0.0
0.0
0.0
0.0
0.0
0.0
0.0
0.0
0.0
180.0
0.0
0.0
0.0
30.0
120.0
230.0
20.0
10.0
0.0
0.0
0.0
0.0
60.0
0.0
0.0
0.0
0.0
40.0
0.0
0.0
60.0
0.0
60.0
0.0
0.0
30.0
0.0
0.0
0.0
330.0
0.0
10.0
0.0
0.0
0.0
20.0
0.0
0.0
0.0
0.0
10.0
60.0
0.0
0.0
0.0
0.0
20.0
0.0
110.0
10.0
0.0
0.0
0.0
0.0
0.0
10.0
0.0
0.0
0.0
0.0
0.0
0.0
0.0
0.0
0.0
110.0
0.0
0.0
0.0
0.0
0.0
40.0
30.0
0.0
0.0
20.0
190.0
80.0
60.0
0.0
10.0
70.0
30.0
0.0
150.0
40.0
20.0
0.0
60.0
130.0
70.0
0.0
120.0
200.0
160.0
10.0
20.0
60.0
120.0
10.0
0.0
60.0
10.0
20.0
80.0
0.0
30.0
60.0
0.0
0.0
60.0
10.0
20.0
0.0
0.0
0.0
20.0
150.0
210.0
0.0
0.0
0.0
0.0
0.0
20.0
0.0
0.0
0.0
10.0
10.0
20.0
0.0
0.0
0.0
0.0
0.0
0.0
90.0
50.0
0.0
0.0
0.0
100.0
0.0
0.0
0.0
NaN
20.0
110.0
0.0
10.0
50.0
NaN
0.0
0.0
40.0
50.0
180.0
90.0
20.0
0.0
0.0
0.0
0.0
0.0
20.0
0.0
360.0
80.0
20.0
150.0
0.0
0.0
40.0
0.0
0.0
0.0
90.0
0.0
0.0
0.0
0.0
10.0
0.0
0.0
0.0
0.0
40.0
130.0
0.0
0.0
0.0
20.0
NaN
20.0
0.0
0.0
NaN
110.0
0.0
100.0
400.0
360.0
40.0
50.0
0.0
0.0
50.0
50.0
100.0
50.0
20.0
0.0
0.0
10.0
0.0
0.0
0.0
0.0
20.0
0.0
20.0
0.0
20.0
0.0
20.0
0.0
0.0
0.0
0.0
160.0
20.0
0.0
30.0
10.0
50.0
0.0
10.0
0.0
40.0
20.0
30.0
30.0
40.0
0.0
0.0
0.0
0.0
0.0
30.0
100.0
20.0
30.0
90.0
20.0
80.0
50.0
0.0
10.0
0.0
20.0
0.0
0.0
0.0
0.0
0.0
0.0
50.0
0.0
20.0
NaN
0.0
0.0
0.0
0.0
0.0
NaN
20.0
0.0
0.0
0.0
0.0
NaN
0.0
0.0
270.0
0.0
0.0
0.0
0.0
30.0
210.0
0.0
0.0
0.0
10.0
110.0
30.0
40.0
0.0
0.0
0.0
0.0
0.0
20.0
0.0
60.0
60.0
0.0
0.0
0.0
0.0
0.0
80.0
20.0
0.0
0.0
0.0
20.0
0.0
0.0
0.0
NaN
0.0
0.0
0.0
0.0
0.0
10.0
0.0
0.0
0.0
0.0
0.0
0.0
80.0
0.0
0.0
0.0
0.0
10.0
30.0
10.0
10.0
0.0
0.0
0.0
0.0
0.0
0.0
0.0
0.0
0.0
120.0
140.0
10.0
80.0
40.0
0.0
0.0
0.0
0.0
0.0
0.0
0.0
60.0
0.0
52.0
120.0
8.0
0.0
0.0
0.0
0.0
220.0
4.0
46.0
0.0
0.0
0.0
0.0
0.0
60.0
0.0
165.0
5.0
0.0
0.0
0.0
0.0
6.0
0.0
10.0
306.0
225.0
65.0
46.0
10.0
0.0
70.0
5.0
0.0
0.0
26.0
0.0
138.0
38.0
66.0
0.0
0.0
0.0
0.0
0.0
62.0
62.0
285.0
0.0
0.0
378.0
21.0
0.0
5.0
0.0
20.0
10.0
72.0
19.0
82.0
0.0
0.0
0.0
0.0
0.0
0.0
0.0
26.0
0.0
0.0
14.0
36.0
10.0
23.0
146.0
56.0
20.0
28.0
12.0
62.0
4.0
0.0
30.0
0.0
4.0
10.0
10.0
0.0
0.0
0.0
0.0
60.0
234.0
20.0
8.0
78.0
0.0
0.0
42.0
118.0
118.0
18.0
300.0
24.0
154.0
NaN
52.0
0.0
0.0
0.0
0.0
0.0
172.0
22.0
29.0
4.0
0.0
0.0
0.0
0.0
42.0
0.0
31.0
10.0
130.0
NaN
20.0
0.0
0.0
0.0
70.0
30.0
0.0
0.0
0.0
20.0
20.0
20.0
0.0
0.0
80.0
0.0
10.0
60.0
30.0
30.0
20.0
0.0
0.0
62.0
32.0
40.0
100.0
40.0
190.0
86.0
26.0
26.0
30.0
0.0
0.0
30.0
0.0
50.0
174.0
20.0
30.0
0.0
30.0
30.0
0.0
0.0
60.0
NaN
0.0
40.0
0.0
20.0
30.0
120.0
110.0
80.0
20.0
0.0
0.0
0.0
0.0
10.0
0.0
0.0
0.0
0.0
0.0
0.0
30.0
0.0
60.0
30.0
40.0
10.0
50.0
0.0
0.0
90.0
110.0
20.0
0.0
0.0
0.0
0.0
0.0
0.0
0.0
0.0
50.0
20.0
0.0
0.0
0.0
0.0
10.0
0.0
0.0
0.0
0.0
NaN
NaN
0.0
0.0
30.0
50.0
0.0
0.0
0.0
0.0
0.0
0.0
0.0
0.0
0.0
0.0
20.0
80.0
40.0
0.0
0.0
0.0
0.0
10.0
45.0
130.0
0.0
0.0
0.0
0.0
6.0
2.0
0.0
10.0
0.0
306.0
64.0
0.0
0.0
0.0
86.0
0.0
0.0
0.0
0.0
43.0
0.0
0.0
0.0
25.0
40.0
0.0
0.0
0.0
0.0
0.0
0.0
0.0
0.0
0.0
148.0
3.0
21.0
0.0
31.0
0.0
0.0
0.0
0.0
140.0
170.0
10.0
0.0
58.0
0.0
0.0
130.0
91.0
0.0
0.0
0.0
20.0
70.0
52.0
0.0
161.0
21.0
0.0
0.0
0.0
0.0
131.0
0.0
0.0
30.0
20.0
100.0
194.0
62.0
0.0
0.0
0.0
220.0
0.0
0.0
0.0
0.0
0.0
0.0
10.0
0.0
0.0
0.0
0.0
80.0
20.0
42.0
0.0
240.0
0.0
0.0
40.0
10.0
0.0
0.0
43.0
0.0
60.0
0.0
0.0
0.0
0.0
10.0
0.0
0.0
45.0
140.0
10.0
0.0
0.0
0.0
35.0
0.0
0.0
40.0
26.0
0.0
20.0
240.0
0.0
0.0
0.0
4.0
40.0
0.0
0.0
0.0
20.0
0.0
0.0
0.0
0.0
0.0
0.0
20.0
175.0
6.0
0.0
20.0
40.0
0.0
180.0
160.0
0.0
0.0
0.0
10.0
0.0
100.0
130.0
20.0
4.0
0.0
250.0
0.0
0.0
0.0
4.0
0.0
0.0
0.0
148.0
0.0
0.0
92.0
62.0
290.0
60.0
10.0
0.0
30.0
10.0
40.0
40.0
0.0
0.0
50.0
30.0
0.0
28.0
0.0
20.0
0.0
0.0
20.0
145.0
164.0
0.0
0.0
40.0
70.0
0.0
0.0
0.0
0.0
0.0
20.0
20.0
0.0
10.0
10.0
0.0
32.0
11.0
68.0
25.0
20.0
0.0
0.0
0.0
45.0
25.0
20.0
16.0
60.0
10.0
0.0
0.0
0.0
80.0
30.0
0.0
0.0
0.0
0.0
0.0
20.0
260.0
10.0
30.0
0.0
0.0
15.0
0.0
0.0
0.0
NaN
0.0
0.0
20.0
NaN
0.0
0.0
0.0
0.0
0.0
0.0
0.0
0.0
5.0
10.0
30.0
0.0
0.0
30.0
60.0
80.0
60.0
0.0
140.0
40.0
10.0
70.0
0.0
0.0
40.0
50.0
50.0
30.0
40.0
0.0
NaN
NaN
20.0
30.0
0.0
0.0
50.0
110.0
60.0
50.0
0.0
NaN
60.0
10.0
20.0
0.0
0.0
30.0
NaN
0.0
0.0
0.0
0.0
30.0
10.0
0.0
50.0
0.0
0.0
20.0
10.0
0.0
0.0
100.0
0.0
0.0
0.0
0.0
0.0
0.0
0.0
0.0
0.0
0.0
70.0
60.0
0.0
0.0
0.0
0.0
0.0
0.0
0.0
0.0
0.0
0.0
0.0
0.0
20.0
0.0
0.0
20.0
0.0
NaN
NaN
NaN
0.0
30.0
0.0
0.0
150.0
0.0
NaN
0.0
0.0
NaN
0.0
0.0
NaN
0.0
0.0
0.0
NaN
0.0
55.0
21.0
0.0
0.0
0.0
0.0
0.0
0.0
72.0
59.0
0.0
20.0
0.0
0.0
25.0
0.0
0.0
0.0
0.0
0.0
10.0
155.0
35.0
10.0
20.0
10.0
145.0
15.0
0.0
0.0
20.0
30.0
10.0
20.0
91.0
80.0
0.0
200.0
0.0
0.0
60.0
121.0
10.0
0.0
0.0
0.0
0.0
0.0
0.0
0.0
10.0
85.0
290.0
10.0
35.0
0.0
0.0
155.0
0.0
0.0
0.0
0.0
0.0
120.0
0.0
0.0
0.0
0.0
20.0
20.0
61.0
0.0
0.0
0.0
0.0
0.0
0.0
0.0
0.0
0.0
10.0
280.0
18.0
0.0
0.0
168.0
290.0
0.0
10.0
0.0
0.0
20.0
70.0
0.0
0.0
10.0
20.0
0.0
0.0
0.0
0.0
260.0
0.0
0.0
0.0
0.0
0.0
0.0
520.0
10.0
0.0
10.0
120.0
0.0
0.0
0.0
0.0
0.0
0.0
20.0
0.0
80.0
130.0
0.0
0.0
0.0
10.0
0.0
0.0
0.0
0.0
18.0
4.0
0.0
0.0
0.0
0.0
65.0
110.0
0.0
0.0
0.0
0.0
0.0
0.0
40.0
0.0
0.0
130.0
100.0
20.0
0.0
0.0
0.0
0.0
15.0
30.0
0.0
0.0
0.0
0.0
0.0
40.0
0.0
10.0
25.0
0.0
0.0
0.0
0.0
0.0
0.0
0.0
0.0
60.0
4.0
100.0
360.0
340.0
4.0
0.0
0.0
0.0
0.0
0.0
0.0
0.0
70.0
101.0
0.0
0.0
0.0
0.0
0.0
0.0
0.0
60.0
146.0
10.0
4.0
0.0
0.0
43.0
20.0
0.0
30.0
10.0
0.0
10.0
0.0
120.0
125.0
50.0
40.0
20.0
0.0
80.0
15.0
NaN
10.0
0.0
NaN
30.0
40.0
80.0
80.0
0.0
0.0
0.0
10.0
105.0
50.0
50.0
20.0
0.0
40.0
40.0
0.0
0.0
10.0
0.0
NaN
0.0
0.0
0.0
10.0
0.0
0.0
30.0
NaN
10.0
90.0
60.0
120.0
120.0
0.0
NaN
0.0
0.0
0.0
0.0
10.0
0.0
0.0
20.0
20.0
0.0
0.0
20.0
0.0
0.0
0.0
0.0
0.0
40.0
10.0
NaN
0.0
0.0
0.0
0.0
0.0
0.0
0.0
0.0
0.0
0.0
0.0
10.0
41.0
42.0
0.0
0.0
0.0
0.0
0.0
0.0
0.0
10.0
0.0
0.0
0.0
0.0
30.0
10.0
0.0
40.0
0.0
0.0
0.0
0.0
0.0
20.0
10.0
0.0
0.0
0.0
0.0
40.0
0.0
20.0
370.0
0.0
0.0
0.0
20.0
NaN
20.0
10.0
0.0
0.0
0.0
0.0
0.0
0.0
0.0
0.0
0.0
0.0
115.0
200.0
30.0
0.0
0.0
30.0
0.0
70.0
70.0
0.0
0.0
30.0
0.0
0.0
90.0
10.0
0.0
0.0
0.0
120.0
10.0
0.0
0.0
0.0
185.0
53.0
0.0
0.0
0.0
24.0
0.0
0.0
0.0
0.0
0.0
0.0
0.0
0.0
0.0
0.0
0.0
0.0
0.0
0.0
0.0
0.0
0.0
35.0
10.0
94.0
10.0
0.0
5.0
0.0
0.0
0.0
35.0
25.0
NaN
NaN
28.0
20.0
0.0
0.0
0.0
0.0
55.0
15.0
140.0
15.0
0.0
10.0
0.0
0.0
80.0
15.0
0.0
78.0
0.0
0.0
98.0
0.0
0.0
0.0
0.0
20.0
267.0
28.0
NaN
0.0
0.0
0.0
0.0
165.0
20.0
10.0
35.0
50.0
0.0
0.0
0.0
0.0
0.0
0.0
0.0
0.0
42.0
0.0
0.0
15.0
0.0
0.0
0.0
60.0
220.0
0.0
NaN
0.0
0.0
10.0
70.0
10.0
0.0
0.0
0.0
0.0
10.0
60.0
0.0
0.0
60.0
0.0
0.0
26.0
4.0
49.0
60.0
0.0
0.0
0.0
30.0
0.0
0.0
0.0
0.0
10.0
10.0
40.0
5.0
310.0
18.0
52.0
0.0
0.0
0.0
0.0
0.0
15.0
110.0
134.0
41.0
0.0
0.0
0.0
184.0
44.0
0.0
10.0
30.0
10.0
10.0
55.0
48.0
64.0
40.0
24.0
150.0
64.0
56.0
20.0
0.0
70.0
14.0
NaN
40.0
175.0
105.0
40.0
70.0
40.0
120.0
0.0
10.0
20.0
0.0
0.0
100.0
40.0
70.0
0.0
40.0
50.0
380.0
0.0
0.0
NaN
0.0
20.0
20.0
0.0
0.0
30.0
NaN
10.0
20.0
380.0
340.0
60.0
90.0
NaN
20.0
40.0
0.0
0.0
0.0
0.0
20.0
0.0
0.0
NaN
0.0
20.0
0.0
0.0
0.0
20.0
20.0
10.0
0.0
0.0
30.0
0.0
0.0
0.0
20.0
30.0
0.0
0.0
0.0
10.0
0.0
0.0
20.0
0.0
NaN
40.0
10.0
0.0
0.0
55.0
70.0
20.0
30.0
30.0
0.0
30.0
20.0
0.0
40.0
0.0
0.0
0.0
50.0
0.0
0.0
30.0
0.0
70.0
20.0
0.0
20.0
0.0
0.0
0.0
30.0
0.0
0.0
0.0
0.0
0.0
100.0
10.0
0.0
0.0
30.0
20.0
0.0
20.0
30.0
90.0
130.0
0.0
0.0
0.0
10.0
10.0
0.0
0.0
0.0
0.0
0.0
0.0
0.0
0.0
0.0
10.0
60.0
0.0
20.0
0.0
NaN
40.0
NaN
0.0
0.0
0.0
0.0
0.0
0.0
10.0
0.0
0.0
0.0
0.0
0.0
10.0
0.0
0.0
0.0
4.0
264.0
0.0
100.0
16.0
0.0
10.0
50.0
13.0
0.0
124.0
12.0
20.0
55.0
40.0
20.0
0.0
90.0
111.0
0.0
25.0
0.0
315.0
0.0
40.0
135.0
20.0
10.0
20.0
5.0
0.0
0.0
0.0
0.0
5.0
0.0
0.0
20.0
0.0
25.0
0.0
0.0
35.0
0.0
0.0
0.0
10.0
165.0
0.0
0.0
35.0
20.0
0.0
10.0
15.0
45.0
25.0
2.0
0.0
0.0
110.0
40.0
110.0
3.0
0.0
0.0
260.0
0.0
0.0
0.0
80.0
0.0
0.0
0.0
10.0
0.0
0.0
80.0
40.0
10.0
0.0
0.0
0.0
0.0
0.0
90.0
0.0
3.0
0.0
0.0
0.0
0.0
0.0
16.0
50.0
0.0
0.0
0.0
10.0
20.0
0.0
80.0
0.0
0.0
10.0
450.0
20.0
0.0
0.0
0.0
0.0
0.0
0.0
0.0
0.0
0.0
20.0
270.0
50.0
0.0
0.0
75.0
5.0
290.0
35.0
130.0
10.0
0.0
0.0
0.0
0.0
0.0
0.0
0.0
105.0
10.0
55.0
245.0
55.0
20.0
0.0
0.0
50.0
30.0
10.0
0.0
0.0
75.0
20.0
25.0
0.0
0.0
0.0
0.0
0.0
0.0
0.0
0.0
270.0
10.0
10.0
10.0
0.0
100.0
100.0
0.0
0.0
0.0
0.0
NaN
90.0
30.0
30.0
NaN
10.0
50.0
0.0
35.0
325.0
30.0
50.0
60.0
90.0
80.0
50.0
0.0
0.0
0.0
0.0
0.0
0.0
0.0
0.0
0.0
0.0
0.0
0.0
NaN
30.0
60.0
0.0
80.0
NaN
0.0
90.0
0.0
10.0
80.0
0.0
0.0
0.0
0.0
0.0
NaN
0.0
0.0
0.0
30.0
60.0
0.0
30.0
40.0
10.0
30.0
40.0
0.0
30.0
60.0
NaN
0.0
30.0
110.0
0.0
30.0
40.0
10.0
60.0
60.0
170.0
70.0
20.0
90.0
64.0
230.0
140.0
40.0
50.0
50.0
140.0
120.0
40.0
20.0
110.0
20.0
30.0
0.0
80.0
50.0
100.0
140.0
60.0
0.0
0.0
70.0
80.0
0.0
0.0
80.0
0.0
10.0
0.0
0.0
0.0
20.0
10.0
NaN
NaN
30.0
40.0
40.0
0.0
0.0
0.0
30.0
120.0
70.0
30.0
0.0
0.0
50.0
0.0
0.0
10.0
0.0
0.0
10.0
50.0
20.0
80.0
0.0
20.0
NaN
10.0
0.0
40.0
NaN
42.0
10.0
0.0
0.0
0.0
0.0
30.0
0.0
0.0
10.0
NaN
0.0
0.0
10.0
30.0
100.0
0.0
0.0
0.0
0.0
0.0
40.0
10.0
10.0
10.0
0.0
0.0
0.0
40.0
10.0
0.0
0.0
30.0
0.0
0.0
NaN
0.0
0.0
0.0
0.0
0.0
0.0
0.0
NaN
NaN
0.0
NaN
40.0
80.0
170.0
0.0
30.0
0.0
0.0
10.0
20.0
0.0
20.0
10.0
0.0
110.0
80.0
0.0
0.0
20.0
0.0
0.0
0.0
0.0
0.0
10.0
0.0
0.0
0.0
0.0
20.0
30.0
0.0
0.0
0.0
0.0
0.0
0.0
0.0
0.0
0.0
0.0
0.0
0.0
0.0
0.0
0.0
0.0
100.0
0.0
0.0
180.0
80.0
80.0
0.0
420.0
110.0
0.0
0.0
0.0
0.0
0.0
0.0
0.0
0.0
80.0
10.0
0.0
70.0
0.0
280.0
0.0
0.0
0.0
0.0
0.0
10.0
0.0
45.0
0.0
20.0
0.0
0.0
0.0
0.0
0.0
0.0
0.0
0.0
0.0
0.0
0.0
0.0
0.0
10.0
0.0
0.0
0.0
0.0
0.0
0.0
0.0
0.0
20.0
0.0
170.0
0.0
0.0
110.0
20.0
30.0
0.0
0.0
210.0
225.0
45.0
35.0
0.0
0.0
0.0
0.0
0.0
0.0
40.0
40.0
0.0
0.0
0.0
0.0
10.0
0.0
0.0
0.0
0.0
60.0
0.0
0.0
0.0
0.0
0.0
0.0
150.0
0.0
40.0
65.0
0.0
10.0
10.0
0.0
65.0
0.0
0.0
115.0
65.0
0.0
0.0
10.0
0.0
137.0
30.0
0.0
0.0
0.0
90.0
0.0
20.0
0.0
45.0
0.0
0.0
0.0
0.0
20.0
20.0
30.0
140.0
90.0
NaN
0.0
0.0
160.0
NaN
0.0
0.0
0.0
200.0
NaN
10.0
0.0
0.0
0.0
0.0
0.0
0.0
0.0
20.0
110.0
5.0
15.0
30.0
30.0
10.0
0.0
0.0
0.0
NaN
0.0
10.0
20.0
0.0
10.0
NaN
10.0
0.0
0.0
0.0
10.0
0.0
30.0
10.0
40.0
40.0
20.0
0.0
0.0
0.0
0.0
20.0
50.0
40.0
0.0
0.0
0.0
0.0
0.0
0.0
0.0
20.0
0.0
0.0
20.0
50.0
0.0
0.0
0.0
20.0
30.0
0.0
0.0
0.0
10.0
NaN
30.0
50.0
10.0
20.0
20.0
30.0
30.0
100.0
50.0
30.0
0.0
50.0
50.0
30.0
0.0
0.0
60.0
60.0
10.0
30.0
0.0
0.0
30.0
150.0
0.0
0.0
0.0
0.0
0.0
0.0
0.0
0.0
0.0
0.0
0.0
0.0
20.0
20.0
0.0
0.0
0.0
0.0
NaN
NaN
0.0
0.0
0.0
0.0
0.0
0.0
0.0
0.0
0.0
NaN
NaN
10.0
10.0
0.0
0.0
10.0
0.0
NaN
NaN
15.0
35.0
20.0
30.0
0.0
0.0
0.0
20.0
0.0
40.0
0.0
0.0
20.0
0.0
0.0
10.0
20.0
0.0
NaN
0.0
390.0
65.0
NaN
80.0
0.0
0.0
0.0
0.0
0.0
0.0
0.0
0.0
0.0
0.0
0.0
60.0
0.0
250.0
0.0
0.0
0.0
0.0
0.0
0.0
0.0
0.0
0.0
0.0
0.0
0.0
0.0
0.0
30.0
20.0
20.0
20.0
0.0
0.0
0.0
50.0
0.0
140.0
40.0
0.0
0.0
0.0
0.0
0.0
0.0
0.0
0.0
0.0
0.0
0.0
0.0
0.0
0.0
0.0
0.0
20.0
0.0
250.0
0.0
0.0
50.0
0.0
0.0
0.0
0.0
20.0
0.0
0.0
0.0
160.0
130.0
10.0
10.0
0.0
0.0
0.0
0.0
0.0
0.0
0.0
0.0
0.0
125.0
480.0
0.0
0.0
0.0
0.0
35.0
0.0
0.0
0.0
10.0
0.0
0.0
0.0
0.0
0.0
0.0
0.0
0.0
0.0
0.0
NaN
NaN
0.0
0.0
0.0
0.0
NaN
0.0
20.0
0.0
0.0
0.0
130.0
NaN
0.0
60.0
0.0
0.0
0.0
0.0
0.0
40.0
200.0
10.0
0.0
250.0
0.0
0.0
0.0
0.0
0.0
0.0
0.0
NaN
0.0
0.0
0.0
0.0
20.0
370.0
0.0
60.0
0.0
0.0
NaN
0.0
0.0
0.0
40.0
10.0
0.0
0.0
0.0
0.0
NaN
NaN
0.0
0.0
0.0
0.0
0.0
30.0
250.0
0.0
0.0
0.0
0.0
80.0
10.0
0.0
0.0
0.0
0.0
310.0
0.0
0.0
40.0
0.0
80.0
10.0
0.0
0.0
0.0
0.0
80.0
0.0
0.0
0.0
0.0
0.0
0.0
80.0
0.0
0.0
50.0
0.0
20.0
12.0
0.0
0.0
0.0
0.0
0.0
0.0
40.0
10.0
0.0
0.0
0.0
0.0
0.0
0.0
10.0
0.0
50.0
10.0
10.0
6.0
56.0
30.0
8.0
10.0
60.0
10.0
NaN
0.0
116.0
8.0
22.0
0.0
0.0
70.0
30.0
110.0
40.0
0.0
0.0
10.0
0.0
10.0
0.0
0.0
10.0
50.0
105.0
0.0
0.0
0.0
60.0
0.0
0.0
0.0
0.0
0.0
0.0
0.0
0.0
0.0
20.0
60.0
260.0
0.0
0.0
0.0
60.0
0.0
0.0
30.0
90.0
70.0
80.0
230.0
40.0
70.0
0.0
60.0
110.0
20.0
70.0
30.0
80.0
20.0
0.0
50.0
100.0
0.0
10.0
NaN
10.0
0.0
0.0
NaN
20.0
0.0
0.0
0.0
30.0
20.0
10.0
0.0
0.0
0.0
NaN
0.0
20.0
0.0
0.0
0.0
10.0
0.0
0.0
0.0
150.0
0.0
0.0
0.0
30.0
40.0
10.0
0.0
0.0
0.0
0.0
0.0
0.0
0.0
0.0
80.0
50.0
10.0
20.0
30.0
80.0
0.0
30.0
0.0
0.0
0.0
0.0
0.0
0.0
0.0
0.0
0.0
0.0
NaN
NaN
0.0
0.0
30.0
0.0
0.0
0.0
0.0
0.0
0.0
0.0
0.0
0.0
0.0
0.0
0.0
0.0
0.0
0.0
12.0
140.0
0.0
0.0
10.0
0.0
0.0
0.0
0.0
0.0
134.0
0.0
0.0
0.0
0.0
0.0
0.0
0.0
0.0
0.0
0.0
0.0
0.0
0.0
0.0
0.0
0.0
0.0
0.0
0.0
36.0
12.0
20.0
0.0
0.0
0.0
0.0
0.0
0.0
0.0
3.0
30.0
250.0
5.0
0.0
0.0
0.0
39.0
152.0
204.0
0.0
0.0
0.0
0.0
0.0
38.0
106.0
144.0
0.0
0.0
0.0
0.0
0.0
0.0
0.0
0.0
0.0
206.0
14.0
210.0
12.0
0.0
0.0
0.0
0.0
0.0
0.0
0.0
0.0
82.0
0.0
0.0
212.0
26.0
0.0
0.0
246.0
0.0
630.0
8.0
0.0
0.0
0.0
64.0
116.0
4.0
0.0
0.0
0.0
0.0
0.0
0.0
0.0
0.0
28.0
0.0
0.0
0.0
0.0
40.0
0.0
0.0
0.0
8.0
0.0
0.0
922.0
0.0
0.0
31.0
60.0
75.0
18.0
108.0
0.0
2.0
42.0
2.0
10.0
92.0
6.0
0.0
86.0
2.0
0.0
0.0
70.0
3.0
0.0
0.0
0.0
2.0
0.0
6.0
0.0
0.0
0.0
0.0
0.0
0.0
0.0
0.0
40.0
70.0
0.0
0.0
20.0
6.0
0.0
0.0
122.0
0.0
0.0
0.0
0.0
0.0
0.0
20.0
0.0
0.0
90.0
0.0
0.0
0.0
0.0
25.0
335.0
30.0
10.0
56.0
40.0
10.0
50.0
0.0
0.0
30.0
100.0
14.0
0.0
30.0
299.0
0.0
0.0
48.0
10.0
0.0
0.0
18.0
28.0
184.0
14.0
12.0
0.0
10.0
0.0
0.0
0.0
62.0
0.0
30.0
216.0
70.0
0.0
0.0
0.0
0.0
0.0
0.0
0.0
0.0
22.0
0.0
10.0
0.0
0.0
0.0
0.0
60.0
18.0
4.0
0.0
34.0
10.0
60.0
100.0
18.0
54.0
0.0
0.0
0.0
14.0
140.0
22.0
112.0
12.0
0.0
0.0
10.0
35.0
0.0
0.0
0.0
20.0
0.0
50.0
0.0
0.0
0.0
22.0
0.0
30.0
350.0
0.0
30.0
50.0
0.0
NaN
0.0
0.0
0.0
5.0
70.0
NaN
NaN
0.0
20.0
54.0
0.0
0.0
24.0
82.0
60.0
0.0
10.0
0.0
0.0
0.0
0.0
125.0
0.0
0.0
30.0
120.0
0.0
0.0
0.0
0.0
0.0
0.0
0.0
NaN
0.0
40.0
80.0
0.0
NaN
0.0
0.0
20.0
0.0
80.0
0.0
0.0
100.0
0.0
0.0
0.0
0.0
0.0
0.0
20.0
0.0
0.0
0.0
NaN
10.0
0.0
13.0
2.0
0.0
35.0
20.0
0.0
0.0
0.0
0.0
0.0
0.0
15.0
0.0
0.0
0.0
0.0
20.0
0.0
0.0
0.0
0.0
40.0
0.0
0.0
0.0
0.0
0.0
0.0
0.0
84.0
90.0
0.0
0.0
0.0
0.0
0.0
0.0
188.0
30.0
0.0
30.0
50.0
20.0
0.0
0.0
0.0
0.0
0.0
0.0
0.0
0.0
0.0
0.0
400.0
0.0
0.0
0.0
0.0
0.0
0.0
0.0
0.0
0.0
0.0
102.0
0.0
0.0
24.0
0.0
0.0
NaN
NaN
116.0
99.0
140.0
116.0
0.0
6.0
0.0
66.0
210.0
18.0
0.0
0.0
0.0
0.0
114.0
50.0
6.0
0.0
0.0
0.0
0.0
0.0
0.0
180.0
8.0
0.0
0.0
0.0
0.0
0.0
0.0
10.0
234.0
126.0
20.0
66.0
0.0
8.0
30.0
6.0
0.0
10.0
NaN
NaN
NaN
0.0
370.0
8.0
NaN
0.0
10.0
6.0
0.0
0.0
210.0
0.0
0.0
0.0
0.0
0.0
10.0
0.0
0.0
0.0
0.0
0.0
140.0
195.0
34.0
65.0
0.0
0.0
20.0
20.0
0.0
0.0
0.0
0.0
0.0
0.0
0.0
6.0
0.0
538.0
34.0
30.0
0.0
0.0
0.0
156.0
0.0
20.0
0.0
10.0
0.0
0.0
0.0
0.0
152.0
22.0
10.0
30.0
0.0
0.0
0.0
380.0
8.0
0.0
10.0
57.0
0.0
0.0
0.0
0.0
0.0
0.0
14.0
20.0
0.0
0.0
0.0
0.0
0.0
0.0
790.0
0.0
22.0
0.0
241.0
0.0
10.0
0.0
0.0
0.0
110.0
25.0
64.0
40.0
0.0
0.0
0.0
0.0
0.0
0.0
0.0
0.0
24.0
10.0
15.0
0.0
0.0
0.0
16.0
152.0
122.0
0.0
0.0
20.0
65.0
54.0
8.0
142.0
0.0
0.0
NaN
NaN
70.0
0.0
0.0
20.0
38.0
0.0
0.0
0.0
0.0
0.0
0.0
0.0
0.0
80.0
70.0
0.0
110.0
30.0
20.0
340.0
50.0
70.0
10.0
0.0
24.0
NaN
50.0
30.0
20.0
30.0
20.0
30.0
40.0
20.0
250.0
20.0
0.0
0.0
0.0
30.0
0.0
20.0
40.0
80.0
90.0
10.0
20.0
0.0
0.0
0.0
0.0
0.0
0.0
10.0
10.0
20.0
0.0
0.0
0.0
0.0
20.0
0.0
10.0
10.0
0.0
50.0
20.0
30.0
20.0
20.0
20.0
20.0
50.0
0.0
70.0
10.0
20.0
60.0
170.0
NaN
0.0
0.0
0.0
0.0
30.0
0.0
0.0
30.0
20.0
0.0
30.0
0.0
30.0
20.0
NaN
6.0
30.0
NaN
30.0
120.0
30.0
0.0
60.0
180.0
0.0
10.0
10.0
10.0
20.0
0.0
NaN
NaN
0.0
0.0
0.0
0.0
0.0
0.0
0.0
0.0
0.0
0.0
100.0
0.0
20.0
0.0
0.0
0.0
0.0
0.0
0.0
0.0
0.0
0.0
10.0
30.0
0.0
0.0
NaN
0.0
30.0
20.0
0.0
0.0
0.0
0.0
0.0
0.0
0.0
0.0
28.0
0.0
10.0
10.0
0.0
30.0
0.0
0.0
0.0
0.0
0.0
0.0
0.0
0.0
0.0
0.0
20.0
70.0
0.0
20.0
64.0
0.0
10.0
0.0
0.0
0.0
134.0
0.0
0.0
0.0
70.0
250.0
0.0
0.0
55.0
64.0
160.0
18.0
0.0
0.0
0.0
20.0
124.0
118.0
0.0
0.0
0.0
0.0
0.0
0.0
40.0
10.0
0.0
0.0
0.0
60.0
0.0
0.0
8.0
0.0
0.0
510.0
NaN
0.0
0.0
0.0
0.0
0.0
0.0
0.0
78.0
26.0
0.0
0.0
0.0
0.0
0.0
12.0
0.0
0.0
20.0
0.0
0.0
0.0
0.0
0.0
105.0
0.0
0.0
0.0
10.0
6.0
0.0
10.0
0.0
0.0
0.0
0.0
0.0
0.0
0.0
0.0
0.0
0.0
0.0
0.0
0.0
15.0
0.0
0.0
15.0
0.0
0.0
0.0
0.0
0.0
0.0
8.0
15.0
4.0
155.0
50.0
0.0
0.0
0.0
0.0
16.0
52.0
258.0
0.0
0.0
80.0
10.0
0.0
0.0
140.0
0.0
0.0
0.0
70.0
0.0
236.0
76.0
0.0
216.0
6.0
0.0
0.0
0.0
0.0
6.0
125.0
30.0
40.0
50.0
10.0
10.0
184.0
210.0
0.0
0.0
0.0
0.0
0.0
0.0
10.0
50.0
350.0
30.0
0.0
0.0
0.0
0.0
0.0
80.0
0.0
122.0
20.0
247.0
74.0
0.0
40.0
0.0
14.0
10.0
80.0
60.0
26.0
70.0
0.0
0.0
0.0
10.0
40.0
110.0
10.0
0.0
NaN
0.0
0.0
0.0
56.0
20.0
0.0
26.0
0.0
15.0
0.0
0.0
0.0
0.0
0.0
48.0
0.0
0.0
0.0
0.0
66.0
15.0
4.0
100.0
30.0
140.0
20.0
12.0
4.0
0.0
NaN
10.0
14.0
0.0
0.0
0.0
0.0
0.0
80.0
0.0
120.0
0.0
10.0
24.0
45.0
38.0
156.0
0.0
20.0
30.0
250.0
0.0
0.0
0.0
150.0
80.0
30.0
NaN
0.0
10.0
0.0
0.0
10.0
0.0
10.0
0.0
NaN
20.0
NaN
20.0
0.0
50.0
20.0
120.0
140.0
50.0
0.0
NaN
NaN
0.0
0.0
0.0
0.0
0.0
0.0
0.0
0.0
0.0
40.0
NaN
0.0
120.0
20.0
NaN
0.0
0.0
0.0
0.0
0.0
0.0
10.0
0.0
0.0
0.0
10.0
0.0
0.0
NaN
NaN
NaN
0.0
0.0
0.0
20.0
NaN
40.0
20.0
10.0
20.0
20.0
20.0
30.0
30.0
0.0
40.0
10.0
90.0
0.0
0.0
0.0
0.0
0.0
0.0
40.0
0.0
0.0
0.0
100.0
NaN
10.0
10.0
0.0
0.0
0.0
0.0
20.0
16.0
0.0
20.0
10.0
0.0
20.0
0.0
0.0
30.0
230.0
0.0
0.0
0.0
50.0
0.0
0.0
0.0
0.0
88.0
10.0
0.0
0.0
0.0
0.0
0.0
30.0
0.0
0.0
42.0
106.0
20.0
4.0
120.0
20.0
0.0
0.0
0.0
20.0
8.0
0.0
60.0
0.0
84.0
12.0
135.0
32.0
20.0
0.0
0.0
0.0
0.0
4.0
0.0
0.0
0.0
0.0
62.0
0.0
0.0
0.0
213.0
225.0
20.0
6.0
0.0
0.0
80.0
22.0
0.0
0.0
8.0
0.0
0.0
160.0
6.0
0.0
122.0
6.0
30.0
6.0
0.0
0.0
0.0
0.0
0.0
10.0
6.0
0.0
115.0
6.0
0.0
0.0
0.0
0.0
0.0
0.0
0.0
0.0
0.0
0.0
8.0
0.0
0.0
0.0
0.0
0.0
0.0
0.0
0.0
8.0
0.0
0.0
0.0
6.0
180.0
0.0
0.0
0.0
68.0
NaN
174.0
60.0
0.0
0.0
115.0
0.0
0.0
36.0
0.0
0.0
0.0
0.0
0.0
0.0
0.0
0.0
12.0
134.0
0.0
250.0
0.0
4.0
44.0
0.0
74.0
60.0
0.0
0.0
0.0
0.0
0.0
0.0
0.0
0.0
0.0
0.0
0.0
0.0
0.0
0.0
0.0
0.0
0.0
0.0
14.0
0.0
0.0
0.0
0.0
0.0
0.0
0.0
0.0
35.0
110.0
0.0
76.0
6.0
0.0
0.0
0.0
10.0
0.0
0.0
32.0
0.0
20.0
0.0
95.0
5.0
0.0
44.0
15.0
0.0
0.0
0.0
30.0
58.0
0.0
0.0
0.0
0.0
180.0
67.0
8.0
35.0
14.0
0.0
0.0
85.0
20.0
70.0
0.0
0.0
10.0
60.0
100.0
30.0
0.0
36.0
20.0
34.0
0.0
0.0
0.0
92.0
10.0
0.0
0.0
50.0
0.0
40.0
60.0
25.0
12.0
0.0
10.0
10.0
NaN
0.0
60.0
0.0
20.0
30.0
40.0
60.0
35.0
0.0
90.0
30.0
70.0
0.0
15.0
20.0
0.0
0.0
0.0
0.0
0.0
20.0
125.0
0.0
0.0
30.0
10.0
10.0
0.0
20.0
20.0
0.0
0.0
10.0
0.0
0.0
0.0
0.0
0.0
