0.0
0.0
NaN
0.0
0.0
0.0
0.0
0.0
0.0
NaN
0.0
0.0
NaN
NaN
NaN
0.0
0.0
0.0
28.0
0.0
0.0
51.0
137.0
0.0
56.0
0.0
0.0
0.0
0.0
0.0
15.0
0.0
173.0
0.0
0.0
0.0
46.0
269.0
23.0
66.0
0.0
8.0
99.0
0.0
0.0
0.0
25.0
23.0
0.0
0.0
0.0
0.0
8.0
0.0
5.0
0.0
3.0
0.0
0.0
5.0
0.0
0.0
0.0
69.0
8.0
0.0
0.0
0.0
102.0
5.0
0.0
0.0
0.0
0.0
10.0
0.0
0.0
48.0
0.0
15.0
0.0
0.0
0.0
0.0
10.0
15.0
13.0
3.0
0.0
0.0
279.0
208.0
10.0
0.0
0.0
0.0
0.0
196.0
3.0
5.0
0.0
0.0
8.0
0.0
0.0
13.0
0.0
28.0
0.0
0.0
0.0
0.0
23.0
168.0
208.0
38.0
3.0
0.0
18.0
114.0
15.0
0.0
0.0
0.0
119.0
18.0
30.0
0.0
0.0
102.0
287.0
0.0
0.0
5.0
0.0
0.0
0.0
0.0
0.0
0.0
0.0
71.0
0.0
0.0
0.0
0.0
0.0
140.0
165.0
8.0
0.0
0.0
5.0
46.0
107.0
20.0
0.0
84.0
130.0
0.0
30.0
10.0
46.0
0.0
323.0
0.0
0.0
394.0
5.0
0.0
0.0
10.0
0.0
5.0
0.0
0.0
0.0
0.0
56.0
76.0
0.0
61.0
0.0
246.0
0.0
0.0
25.0
28.0
10.0
0.0
0.0
0.0
0.0
0.0
0.0
0.0
0.0
15.0
0.0
0.0
0.0
0.0
74.0
0.0
0.0
152.0
5.0
0.0
0.0
0.0
0.0
112.0
0.0
46.0
0.0
56.0
274.0
0.0
0.0
0.0
0.0
46.0
56.0
0.0
0.0
0.0
0.0
0.0
66.0
0.0
0.0
0.0
0.0
0.0
18.0
10.0
0.0
0.0
0.0
0.0
0.0
0.0
0.0
61.0
5.0
53.0
0.0
61.0
0.0
104.0
0.0
0.0
8.0
74.0
0.0
0.0
56.0
0.0
81.0
216.0
51.0
0.0
0.0
0.0
0.0
0.0
0.0
0.0
0.0
0.0
23.0
8.0
25.0
0.0
338.0
201.0
38.0
137.0
0.0
0.0
0.0
0.0
41.0
76.0
0.0
0.0
0.0
0.0
0.0
15.0
0.0
0.0
0.0
0.0
0.0
8.0
0.0
0.0
0.0
0.0
376.0
69.0
3.0
0.0
51.0
56.0
38.0
8.0
0.0
0.0
0.0
20.0
20.0
46.0
74.0
8.0
0.0
0.0
0.0
15.0
41.0
124.0
3.0
43.0
0.0
0.0
0.0
0.0
0.0
81.0
10.0
137.0
36.0
5.0
0.0
15.0
0.0
38.0
0.0
3.0
69.0
0.0
8.0
0.0
0.0
99.0
84.0
0.0
0.0
18.0
23.0
18.0
0.0
0.0
0.0
0.0
18.0
0.0
64.0
0.0
0.0
0.0
56.0
25.0
0.0
0.0
0.0
5.0
0.0
0.0
0.0
0.0
0.0
0.0
152.0
0.0
0.0
36.0
0.0
0.0
0.0
0.0
0.0
0.0
0.0
0.0
0.0
0.0
0.0
0.0
8.0
64.0
173.0
0.0
0.0
86.0
267.0
0.0
0.0
20.0
0.0
132.0
0.0
0.0
0.0
5.0
0.0
0.0
0.0
0.0
0.0
0.0
0.0
0.0
0.0
0.0
157.0
0.0
0.0
0.0
0.0
13.0
13.0
0.0
0.0
0.0
0.0
0.0
0.0
0.0
0.0
84.0
0.0
0.0
0.0
0.0
5.0
0.0
0.0
0.0
0.0
0.0
0.0
241.0
46.0
5.0
0.0
18.0
76.0
33.0
0.0
0.0
0.0
0.0
0.0
0.0
0.0
76.0
15.0
117.0
NaN
0.0
0.0
0.0
0.0
0.0
0.0
0.0
0.0
107.0
0.0
10.0
0.0
0.0
13.0
41.0
0.0
0.0
0.0
0.0
0.0
0.0
3.0
0.0
0.0
175.0
246.0
81.0
33.0
74.0
0.0
0.0
0.0
0.0
0.0
3.0
0.0
0.0
5.0
0.0
15.0
81.0
13.0
0.0
0.0
0.0
0.0
0.0
117.0
0.0
0.0
122.0
0.0
0.0
38.0
81.0
5.0
0.0
0.0
0.0
5.0
36.0
117.0
8.0
0.0
0.0
102.0
13.0
0.0
0.0
107.0
0.0
0.0
0.0
NaN
0.0
97.0
249.0
0.0
76.0
0.0
0.0
211.0
86.0
0.0
0.0
13.0
0.0
102.0
0.0
0.0
10.0
0.0
0.0
20.0
30.0
20.0
30.0
25.0
36.0
0.0
0.0
0.0
102.0
33.0
0.0
20.0
0.0
30.0
124.0
0.0
0.0
0.0
0.0
231.0
10.0
0.0
0.0
0.0
41.0
0.0
0.0
0.0
0.0
0.0
61.0
0.0
0.0
0.0
46.0
0.0
0.0
0.0
0.0
0.0
15.0
0.0
46.0
36.0
0.0
5.0
185.0
0.0
0.0
0.0
0.0
0.0
41.0
0.0
3.0
28.0
295.0
0.0
3.0
0.0
0.0
0.0
0.0
0.0
0.0
0.0
0.0
0.0
28.0
30.0
41.0
0.0
46.0
109.0
0.0
137.0
0.0
0.0
0.0
0.0
0.0
5.0
152.0
107.0
66.0
10.0
201.0
10.0
0.0
25.0
0.0
0.0
0.0
0.0
0.0
15.0
0.0
150.0
0.0
0.0
0.0
0.0
0.0
0.0
5.0
58.0
23.0
0.0
0.0
0.0
0.0
3.0
173.0
137.0
0.0
0.0
51.0
0.0
58.0
76.0
0.0
48.0
236.0
0.0
64.0
254.0
0.0
0.0
66.0
104.0
0.0
0.0
0.0
0.0
0.0
25.0
0.0
28.0
33.0
5.0
0.0
18.0
0.0
0.0
86.0
0.0
0.0
53.0
0.0
0.0
0.0
0.0
0.0
0.0
0.0
0.0
0.0
74.0
8.0
135.0
15.0
20.0
33.0
0.0
117.0
10.0
0.0
0.0
10.0
41.0
10.0
0.0
0.0
107.0
20.0
0.0
8.0
5.0
53.0
0.0
0.0
0.0
0.0
71.0
0.0
0.0
0.0
0.0
0.0
5.0
0.0
0.0
0.0
20.0
0.0
0.0
0.0
282.0
28.0
0.0
8.0
5.0
0.0
104.0
61.0
0.0
0.0
30.0
0.0
58.0
0.0
0.0
0.0
127.0
0.0
0.0
0.0
66.0
0.0
0.0
0.0
0.0
241.0
30.0
0.0
0.0
0.0
0.0
152.0
0.0
0.0
76.0
0.0
0.0
0.0
0.0
5.0
0.0
41.0
56.0
0.0
0.0
0.0
0.0
0.0
307.0
15.0
0.0
23.0
84.0
0.0
5.0
0.0
38.0
0.0
30.0
51.0
10.0
5.0
0.0
0.0
36.0
0.0
0.0
71.0
23.0
0.0
5.0
41.0
0.0
0.0
0.0
13.0
0.0
0.0
10.0
0.0
0.0
38.0
5.0
211.0
0.0
8.0
46.0
0.0
0.0
0.0
0.0
0.0
0.0
20.0
0.0
0.0
0.0
0.0
10.0
127.0
0.0
0.0
0.0
112.0
0.0
0.0
0.0
0.0
0.0
0.0
0.0
0.0
185.0
38.0
28.0
0.0
20.0
15.0
0.0
0.0
249.0
10.0
0.0
79.0
38.0
0.0
0.0
0.0
0.0
0.0
0.0
0.0
157.0
20.0
0.0
0.0
0.0
86.0
152.0
0.0
0.0
15.0
41.0
0.0
0.0
25.0
356.0
0.0
0.0
38.0
0.0
0.0
0.0
0.0
28.0
51.0
0.0
0.0
0.0
0.0
0.0
10.0
48.0
0.0
30.0
0.0
0.0
13.0
0.0
38.0
15.0
43.0
46.0
0.0
0.0
0.0
20.0
97.0
0.0
41.0
0.0
0.0
0.0
0.0
20.0
28.0
41.0
46.0
0.0
20.0
0.0
0.0
0.0
0.0
0.0
0.0
10.0
58.0
10.0
0.0
0.0
0.0
18.0
0.0
56.0
0.0
0.0
5.0
0.0
104.0
97.0
0.0
0.0
0.0
91.0
30.0
173.0
71.0
0.0
0.0
41.0
46.0
0.0
0.0
0.0
25.0
10.0
168.0
0.0
0.0
0.0
0.0
25.0
0.0
46.0
0.0
0.0
0.0
46.0
330.0
0.0
0.0
102.0
0.0
114.0
0.0
0.0
0.0
0.0
66.0
15.0
36.0
0.0
97.0
427.0
0.0
0.0
0.0
0.0
0.0
0.0
0.0
0.0
0.0
0.0
0.0
0.0
0.0
0.0
178.0
8.0
0.0
0.0
0.0
69.0
0.0
0.0
0.0
0.0
0.0
0.0
0.0
48.0
0.0
0.0
135.0
0.0
0.0
0.0
0.0
0.0
0.0
0.0
0.0
0.0
0.0
15.0
0.0
0.0
0.0
0.0
0.0
0.0
0.0
0.0
0.0
3.0
0.0
0.0
0.0
3.0
201.0
81.0
0.0
0.0
25.0
10.0
137.0
165.0
69.0
71.0
0.0
0.0
56.0
97.0
0.0
0.0
94.0
0.0
0.0
0.0
0.0
0.0
0.0
0.0
0.0
0.0
0.0
0.0
0.0
0.0
0.0
0.0
0.0
107.0
0.0
0.0
0.0
0.0
0.0
36.0
0.0
84.0
0.0
0.0
0.0
0.0
0.0
0.0
0.0
23.0
3.0
104.0
0.0
0.0
0.0
282.0
0.0
0.0
48.0
0.0
0.0
0.0
0.0
0.0
0.0
0.0
0.0
0.0
0.0
0.0
0.0
0.0
13.0
0.0
0.0
30.0
0.0
0.0
0.0
104.0
0.0
0.0
0.0
0.0
0.0
46.0
0.0
0.0
43.0
0.0
0.0
94.0
0.0
5.0
0.0
0.0
0.0
0.0
13.0
18.0
0.0
10.0
0.0
0.0
455.0
13.0
41.0
0.0
0.0
18.0
0.0
89.0
15.0
104.0
0.0
0.0
13.0
25.0
279.0
20.0
0.0
0.0
0.0
0.0
97.0
0.0
0.0
0.0
0.0
0.0
0.0
0.0
5.0
18.0
8.0
0.0
191.0
41.0
0.0
0.0
56.0
58.0
91.0
0.0
0.0
0.0
0.0
0.0
0.0
0.0
0.0
0.0
10.0
15.0
46.0
0.0
0.0
0.0
0.0
0.0
0.0
168.0
66.0
0.0
170.0
0.0
41.0
0.0
0.0
0.0
0.0
0.0
0.0
5.0
0.0
43.0
0.0
0.0
0.0
0.0
41.0
157.0
0.0
15.0
81.0
0.0
117.0
0.0
0.0
5.0
36.0
0.0
0.0
290.0
5.0
0.0
0.0
33.0
173.0
15.0
15.0
5.0
0.0
0.0
15.0
0.0
0.0
0.0
0.0
86.0
107.0
0.0
0.0
15.0
41.0
0.0
0.0
56.0
41.0
0.0
0.0
5.0
30.0
0.0
0.0
0.0
38.0
99.0
183.0
0.0
25.0
48.0
0.0
0.0
25.0
20.0
51.0
0.0
0.0
15.0
0.0
122.0
5.0
5.0
5.0
0.0
10.0
5.0
0.0
15.0
5.0
0.0
0.0
25.0
46.0
0.0
48.0
56.0
20.0
0.0
0.0
81.0
41.0
0.0
94.0
5.0
0.0
295.0
0.0
0.0
0.0
0.0
25.0
86.0
20.0
25.0
97.0
5.0
8.0
165.0
0.0
10.0
0.0
0.0
10.0
61.0
0.0
112.0
43.0
0.0
0.0
25.0
0.0
41.0
0.0
97.0
48.0
0.0
0.0
51.0
3.0
0.0
97.0
0.0
0.0
0.0
287.0
5.0
0.0
0.0
0.0
0.0
0.0
0.0
0.0
0.0
0.0
0.0
0.0
0.0
0.0
79.0
0.0
0.0
0.0
0.0
0.0
165.0
86.0
0.0
0.0
25.0
58.0
5.0
0.0
0.0
0.0
76.0
0.0
0.0
0.0
28.0
114.0
38.0
0.0
0.0
0.0
86.0
13.0
0.0
0.0
0.0
30.0
53.0
102.0
356.0
38.0
20.0
3.0
0.0
0.0
0.0
0.0
0.0
0.0
0.0
0.0
30.0
18.0
5.0
51.0
0.0
0.0
0.0
0.0
3.0
0.0
0.0
155.0
94.0
15.0
0.0
0.0
13.0
3.0
0.0
0.0
48.0
0.0
0.0
5.0
0.0
0.0
0.0
0.0
0.0
86.0
0.0
147.0
0.0
0.0
0.0
0.0
76.0
0.0
89.0
13.0
0.0
0.0
0.0
36.0
363.0
0.0
0.0
0.0
0.0
0.0
0.0
0.0
0.0
0.0
0.0
0.0
0.0
0.0
0.0
74.0
0.0
0.0
102.0
165.0
0.0
0.0
10.0
0.0
0.0
0.0
0.0
61.0
41.0
0.0
0.0
0.0
0.0
0.0
0.0
51.0
53.0
5.0
89.0
69.0
10.0
76.0
0.0
0.0
119.0
0.0
0.0
0.0
0.0
0.0
0.0
0.0
0.0
0.0
84.0
0.0
8.0
396.0
0.0
0.0
0.0
0.0
0.0
0.0
0.0
0.0
0.0
10.0
104.0
168.0
5.0
28.0
18.0
0.0
0.0
0.0
0.0
0.0
15.0
74.0
0.0
10.0
0.0
38.0
0.0
0.0
0.0
0.0
76.0
0.0
0.0
0.0
0.0
0.0
0.0
0.0
5.0
13.0
13.0
0.0
0.0
0.0
5.0
0.0
0.0
142.0
33.0
13.0
0.0
0.0
41.0
0.0
0.0
20.0
0.0
23.0
0.0
0.0
36.0
0.0
0.0
36.0
0.0
0.0
0.0
8.0
0.0
0.0
0.0
25.0
0.0
20.0
15.0
0.0
46.0
0.0
0.0
15.0
0.0
0.0
46.0
0.0
0.0
66.0
30.0
0.0
46.0
20.0
10.0
97.0
284.0
0.0
0.0
51.0
0.0
0.0
0.0
0.0
30.0
0.0
0.0
0.0
0.0
0.0
0.0
5.0
0.0
0.0
30.0
0.0
0.0
0.0
0.0
5.0
0.0
0.0
10.0
0.0
0.0
0.0
46.0
0.0
0.0
58.0
5.0
0.0
0.0
0.0
0.0
10.0
10.0
0.0
0.0
0.0
15.0
277.0
5.0
25.0
0.0
0.0
0.0
0.0
0.0
170.0
0.0
0.0
0.0
0.0
0.0
0.0
0.0
180.0
140.0
15.0
51.0
0.0
0.0
5.0
0.0
15.0
0.0
386.0
0.0
0.0
0.0
0.0
0.0
145.0
0.0
69.0
0.0
0.0
173.0
0.0
94.0
23.0
0.0
20.0
0.0
0.0
0.0
0.0
0.0
66.0
0.0
0.0
0.0
0.0
0.0
0.0
0.0
28.0
84.0
8.0
244.0
10.0
0.0
0.0
0.0
0.0
0.0
0.0
0.0
0.0
0.0
0.0
0.0
0.0
165.0
0.0
0.0
0.0
0.0
0.0
0.0
0.0
0.0
0.0
211.0
0.0
0.0
0.0
0.0
0.0
33.0
0.0
0.0
0.0
51.0
0.0
0.0
8.0
0.0
201.0
0.0
0.0
0.0
0.0
0.0
25.0
0.0
0.0
0.0
0.0
0.0
0.0
0.0
0.0
0.0
53.0
5.0
64.0
0.0
0.0
0.0
0.0
0.0
0.0
0.0
0.0
104.0
36.0
0.0
0.0
30.0
0.0
0.0
8.0
3.0
0.0
0.0
0.0
0.0
155.0
0.0
0.0
76.0
0.0
0.0
0.0
0.0
0.0
0.0
0.0
0.0
0.0
20.0
0.0
0.0
0.0
38.0
0.0
91.0
5.0
0.0
5.0
8.0
76.0
0.0
0.0
0.0
0.0
117.0
3.0
0.0
0.0
53.0
0.0
310.0
0.0
0.0
53.0
0.0
124.0
0.0
0.0
0.0
0.0
0.0
13.0
0.0
89.0
0.0
0.0
163.0
8.0
0.0
0.0
0.0
0.0
0.0
0.0
10.0
0.0
0.0
198.0
97.0
0.0
0.0
53.0
36.0
0.0
36.0
84.0
15.0
0.0
0.0
53.0
0.0
140.0
74.0
66.0
23.0
33.0
208.0
15.0
13.0
0.0
8.0
0.0
0.0
193.0
51.0
8.0
5.0
0.0
0.0
0.0
8.0
20.0
0.0
0.0
0.0
0.0
13.0
0.0
0.0
0.0
0.0
0.0
0.0
0.0
0.0
0.0
0.0
0.0
0.0
0.0
45.0
0.0
3.0
112.0
31.0
2.0
82.0
40.0
4.0
0.0
0.0
3.0
142.0
84.0
0.0
0.0
8.0
26.0
0.0
90.0
0.0
60.0
30.0
30.0
10.0
0.0
120.0
128.0
0.0
0.0
0.0
200.0
150.0
0.0
90.0
20.0
0.0
0.0
80.0
118.0
86.0
0.0
0.0
0.0
0.0
50.0
140.0
170.0
0.0
0.0
120.0
0.0
0.0
0.0
0.0
0.0
52.0
0.0
78.0
0.0
0.0
0.0
10.0
8.0
10.0
272.0
20.0
0.0
114.0
0.0
26.0
200.0
0.0
0.0
100.0
0.0
0.0
136.0
0.0
0.0
0.0
30.0
298.0
138.0
68.0
0.0
0.0
0.0
0.0
0.0
0.0
0.0
0.0
4.0
0.0
30.0
0.0
0.0
0.0
0.0
0.0
0.0
0.0
0.0
0.0
0.0
0.0
0.0
0.0
0.0
0.0
0.0
10.0
0.0
0.0
0.0
0.0
0.0
0.0
10.0
0.0
0.0
0.0
0.0
0.0
0.0
0.0
0.0
0.0
0.0
192.0
0.0
0.0
0.0
0.0
0.0
23.0
200.0
22.0
0.0
0.0
0.0
102.0
24.0
0.0
0.0
0.0
60.0
63.0
0.0
0.0
0.0
0.0
68.0
0.0
0.0
0.0
62.0
108.0
0.0
0.0
0.0
0.0
0.0
0.0
0.0
214.0
186.0
0.0
0.0
0.0
0.0
0.0
0.0
0.0
0.0
0.0
0.0
0.0
0.0
0.0
0.0
12.0
0.0
0.0
80.0
0.0
0.0
10.0
24.0
30.0
78.0
66.0
0.0
64.0
0.0
0.0
46.0
0.0
0.0
0.0
0.0
0.0
0.0
0.0
0.0
0.0
0.0
34.0
0.0
0.0
0.0
66.0
0.0
94.0
10.0
14.0
0.0
0.0
0.0
80.0
60.0
0.0
0.0
6.0
120.0
116.0
90.0
0.0
0.0
0.0
0.0
0.0
0.0
0.0
90.0
0.0
0.0
0.0
0.0
0.0
0.0
0.0
0.0
0.0
0.0
0.0
0.0
0.0
0.0
0.0
69.0
0.0
20.0
0.0
0.0
0.0
0.0
0.0
21.0
0.0
90.0
0.0
0.0
40.0
140.0
0.0
98.0
20.0
20.0
0.0
90.0
82.0
0.0
0.0
0.0
0.0
104.0
0.0
0.0
0.0
0.0
0.0
0.0
20.0
16.0
8.0
0.0
135.0
0.0
0.0
0.0
90.0
170.0
0.0
0.0
17.0
80.0
0.0
0.0
0.0
0.0
26.0
28.0
0.0
0.0
28.0
0.0
0.0
16.0
234.0
136.0
0.0
0.0
64.0
0.0
0.0
0.0
12.0
0.0
12.0
172.0
0.0
0.0
0.0
10.0
0.0
88.0
0.0
0.0
54.0
28.0
0.0
14.0
40.0
6.0
20.0
0.0
0.0
0.0
0.0
8.0
42.0
14.0
84.0
0.0
0.0
0.0
26.0
8.0
18.0
0.0
18.0
0.0
0.0
78.0
72.0
24.0
0.0
0.0
0.0
0.0
0.0
0.0
0.0
12.0
8.0
18.0
0.0
0.0
0.0
0.0
0.0
0.0
220.0
66.0
0.0
0.0
268.0
0.0
0.0
0.0
0.0
0.0
172.0
0.0
0.0
0.0
68.0
0.0
0.0
0.0
16.0
0.0
78.0
90.0
0.0
0.0
0.0
22.0
0.0
0.0
0.0
0.0
56.0
10.0
0.0
46.0
0.0
0.0
0.0
20.0
0.0
0.0
0.0
120.0
90.0
0.0
0.0
0.0
0.0
4.0
215.0
77.0
60.0
0.0
0.0
0.0
0.0
34.0
0.0
0.0
0.0
0.0
0.0
182.0
0.0
0.0
0.0
158.0
0.0
0.0
40.0
60.0
0.0
0.0
295.0
307.0
0.0
0.0
11.0
14.0
10.0
26.0
28.0
0.0
0.0
30.0
0.0
0.0
40.0
0.0
0.0
0.0
0.0
0.0
0.0
0.0
0.0
0.0
0.0
0.0
0.0
0.0
20.0
0.0
92.0
0.0
18.0
104.0
0.0
0.0
42.0
0.0
10.0
68.0
0.0
0.0
0.0
0.0
82.0
0.0
0.0
0.0
138.0
4.0
0.0
0.0
0.0
0.0
0.0
0.0
0.0
0.0
0.0
48.0
0.0
0.0
0.0
32.0
10.0
134.0
6.0
70.0
194.0
0.0
40.0
10.0
100.0
0.0
0.0
20.0
0.0
0.0
0.0
140.0
14.0
30.0
0.0
0.0
0.0
0.0
0.0
14.0
0.0
0.0
0.0
4.0
160.0
142.0
0.0
0.0
18.0
0.0
0.0
250.0
0.0
0.0
0.0
0.0
0.0
0.0
0.0
0.0
318.0
0.0
0.0
118.0
0.0
0.0
0.0
0.0
0.0
90.0
0.0
0.0
0.0
226.0
270.0
0.0
0.0
0.0
44.0
0.0
0.0
0.0
0.0
0.0
34.0
0.0
40.0
46.0
0.0
64.0
106.0
0.0
0.0
0.0
0.0
0.0
0.0
0.0
0.0
0.0
40.0
20.0
12.0
0.0
0.0
0.0
52.0
0.0
0.0
20.0
0.0
0.0
0.0
16.0
0.0
0.0
0.0
0.0
0.0
17.0
0.0
0.0
0.0
0.0
0.0
0.0
0.0
0.0
0.0
0.0
0.0
0.0
0.0
0.0
58.0
288.0
0.0
0.0
0.0
0.0
8.0
0.0
168.0
0.0
0.0
44.0
0.0
12.0
0.0
60.0
64.0
0.0
0.0
20.0
0.0
22.0
0.0
10.0
43.0
0.0
0.0
0.0
0.0
50.0
22.0
0.0
58.0
0.0
118.0
0.0
0.0
0.0
0.0
16.0
0.0
0.0
0.0
128.0
0.0
0.0
0.0
0.0
36.0
0.0
171.0
342.0
0.0
0.0
0.0
70.0
0.0
0.0
0.0
0.0
0.0
0.0
0.0
0.0
0.0
0.0
18.0
0.0
0.0
0.0
82.0
72.0
442.0
50.0
10.0
50.0
10.0
0.0
0.0
180.0
0.0
0.0
18.0
0.0
20.0
0.0
68.0
94.0
0.0
0.0
70.0
0.0
0.0
0.0
0.0
100.0
0.0
0.0
0.0
0.0
0.0
0.0
0.0
0.0
33.0
12.0
20.0
170.0
0.0
0.0
0.0
46.0
0.0
68.0
0.0
0.0
0.0
12.0
0.0
20.0
42.0
98.0
12.0
60.0
234.0
22.0
36.0
0.0
0.0
50.0
0.0
0.0
0.0
44.0
22.0
61.0
0.0
40.0
0.0
36.0
50.0
0.0
0.0
0.0
60.0
0.0
0.0
0.0
0.0
0.0
66.0
86.0
202.0
152.0
0.0
0.0
0.0
0.0
0.0
0.0
0.0
0.0
0.0
0.0
0.0
0.0
42.0
0.0
0.0
20.0
351.0
0.0
0.0
10.0
0.0
0.0
40.0
0.0
0.0
0.0
0.0
30.0
0.0
0.0
0.0
0.0
0.0
0.0
0.0
0.0
0.0
0.0
0.0
0.0
0.0
0.0
0.0
0.0
0.0
0.0
0.0
20.0
0.0
20.0
0.0
0.0
0.0
0.0
0.0
6.0
0.0
0.0
32.0
6.0
0.0
0.0
4.0
110.0
0.0
0.0
0.0
0.0
0.0
0.0
30.0
0.0
0.0
72.0
0.0
74.0
0.0
0.0
20.0
16.0
0.0
0.0
70.0
0.0
0.0
96.0
546.0
68.0
0.0
86.0
100.0
0.0
0.0
0.0
0.0
0.0
0.0
0.0
0.0
72.0
48.0
0.0
0.0
0.0
170.0
106.0
10.0
10.0
130.0
0.0
238.0
16.0
0.0
0.0
0.0
0.0
0.0
0.0
0.0
0.0
54.0
38.0
12.0
0.0
422.0
86.0
0.0
0.0
0.0
0.0
0.0
0.0
10.0
12.0
10.0
0.0
14.0
0.0
0.0
40.0
0.0
0.0
0.0
82.0
184.0
0.0
0.0
0.0
0.0
0.0
0.0
0.0
0.0
0.0
0.0
0.0
224.0
100.0
38.0
0.0
0.0
0.0
0.0
44.0
20.0
0.0
30.0
0.0
26.0
0.0
0.0
200.0
14.0
0.0
0.0
32.0
180.0
156.0
0.0
0.0
0.0
0.0
0.0
180.0
0.0
0.0
58.0
0.0
36.0
0.0
0.0
0.0
0.0
0.0
68.0
86.0
0.0
22.0
0.0
0.0
0.0
16.0
0.0
6.0
60.0
0.0
0.0
238.0
204.0
28.0
0.0
0.0
12.0
20.0
18.0
310.0
67.0
0.0
0.0
0.0
91.0
0.0
0.0
0.0
0.0
0.0
0.0
0.0
0.0
72.0
0.0
8.0
62.0
0.0
0.0
0.0
0.0
0.0
0.0
0.0
0.0
0.0
0.0
0.0
36.0
226.0
0.0
0.0
364.0
96.0
8.0
122.0
0.0
0.0
0.0
0.0
0.0
0.0
304.0
0.0
0.0
18.0
144.0
0.0
0.0
12.0
38.0
0.0
0.0
0.0
126.0
98.0
0.0
0.0
196.0
0.0
16.0
0.0
0.0
0.0
16.0
34.0
23.0
232.0
0.0
10.0
0.0
0.0
0.0
80.0
38.0
0.0
0.0
0.0
0.0
0.0
128.0
0.0
16.0
10.0
10.0
0.0
0.0
12.0
568.0
20.0
14.0
0.0
0.0
0.0
0.0
0.0
0.0
12.0
66.0
0.0
50.0
158.0
14.0
66.0
0.0
0.0
0.0
84.0
0.0
0.0
0.0
0.0
26.0
0.0
0.0
14.0
0.0
10.0
88.0
40.0
0.0
0.0
20.0
0.0
0.0
20.0
314.0
0.0
0.0
0.0
0.0
29.0
128.0
30.0
18.0
0.0
102.0
10.0
0.0
30.0
0.0
0.0
0.0
0.0
0.0
0.0
24.0
26.0
40.0
0.0
40.0
0.0
0.0
20.0
0.0
0.0
24.0
0.0
0.0
0.0
8.0
60.0
0.0
0.0
26.0
0.0
0.0
0.0
0.0
0.0
0.0
20.0
48.0
6.0
0.0
0.0
0.0
0.0
0.0
0.0
0.0
0.0
0.0
0.0
0.0
0.0
0.0
48.0
20.0
0.0
16.0
0.0
2.0
0.0
0.0
0.0
320.0
192.0
0.0
0.0
0.0
0.0
50.0
0.0
0.0
144.0
186.0
12.0
0.0
238.0
0.0
20.0
0.0
0.0
26.0
0.0
0.0
0.0
28.0
0.0
0.0
16.0
0.0
0.0
0.0
0.0
0.0
14.0
0.0
10.0
0.0
80.0
0.0
16.0
0.0
0.0
0.0
0.0
0.0
0.0
34.0
0.0
0.0
12.0
98.0
0.0
48.0
0.0
58.0
184.0
0.0
0.0
0.0
40.0
31.0
54.0
0.0
0.0
0.0
104.0
0.0
0.0
86.0
0.0
0.0
0.0
0.0
0.0
110.0
54.0
0.0
0.0
0.0
42.0
60.0
0.0
0.0
0.0
0.0
0.0
52.0
0.0
0.0
0.0
8.0
216.0
172.0
10.0
6.0
14.0
40.0
14.0
0.0
0.0
0.0
0.0
0.0
0.0
0.0
8.0
20.0
8.0
680.0
90.0
28.0
22.0
0.0
0.0
0.0
242.0
160.0
52.0
22.0
0.0
86.0
14.0
0.0
0.0
36.0
18.0
16.0
28.0
160.0
0.0
0.0
16.0
0.0
50.0
384.0
0.0
0.0
0.0
18.0
0.0
0.0
26.0
60.0
78.0
0.0
0.0
102.0
0.0
0.0
0.0
0.0
42.0
0.0
0.0
0.0
54.0
0.0
0.0
0.0
152.0
0.0
74.0
26.0
0.0
0.0
0.0
0.0
0.0
10.0
0.0
183.0
28.0
0.0
0.0
0.0
0.0
0.0
72.0
0.0
0.0
0.0
110.0
196.0
34.0
100.0
0.0
0.0
250.0
370.0
0.0
0.0
0.0
0.0
0.0
0.0
0.0
20.0
8.0
0.0
0.0
30.0
30.0
0.0
228.0
20.0
54.0
80.0
20.0
488.0
134.0
0.0
162.0
300.0
46.0
192.0
124.0
0.0
0.0
0.0
0.0
0.0
68.0
0.0
42.0
0.0
66.0
30.0
8.0
0.0
0.0
192.0
0.0
0.0
0.0
0.0
56.0
26.0
10.0
12.0
6.0
110.0
20.0
0.0
0.0
0.0
0.0
0.0
0.0
0.0
34.0
0.0
11.0
110.0
20.0
2.0
52.0
186.0
20.0
0.0
40.0
114.0
366.0
0.0
0.0
0.0
0.0
0.0
0.0
0.0
0.0
96.0
76.0
0.0
0.0
0.0
16.0
0.0
0.0
0.0
0.0
10.0
50.0
22.0
8.0
28.0
80.0
32.0
0.0
0.0
0.0
0.0
108.0
10.0
0.0
0.0
0.0
26.0
10.0
0.0
0.0
0.0
0.0
48.0
0.0
0.0
0.0
0.0
0.0
0.0
10.0
0.0
0.0
0.0
0.0
0.0
0.0
26.0
86.0
18.0
0.0
0.0
0.0
46.0
56.0
0.0
0.0
40.0
40.0
0.0
20.0
280.0
0.0
0.0
0.0
16.0
0.0
14.0
0.0
0.0
20.0
0.0
0.0
20.0
0.0
0.0
0.0
0.0
0.0
28.0
60.0
0.0
0.0
0.0
0.0
2.0
30.0
56.0
136.0
0.0
0.0
110.0
0.0
94.0
0.0
0.0
0.0
0.0
0.0
0.0
0.0
0.0
0.0
0.0
0.0
0.0
14.0
0.0
0.0
0.0
0.0
0.0
0.0
0.0
0.0
0.0
0.0
42.0
0.0
0.0
70.0
0.0
36.0
0.0
0.0
50.0
0.0
56.0
8.0
80.0
0.0
0.0
56.0
0.0
0.0
0.0
0.0
75.0
0.0
0.0
0.0
66.0
0.0
0.0
0.0
0.0
142.0
68.0
0.0
0.0
222.0
10.0
0.0
0.0
0.0
0.0
0.0
0.0
46.0
18.0
76.0
0.0
0.0
6.0
62.0
0.0
0.0
322.0
0.0
0.0
0.0
0.0
0.0
0.0
0.0
0.0
0.0
0.0
0.0
14.0
0.0
0.0
8.0
16.0
74.0
206.0
0.0
0.0
8.0
0.0
0.0
0.0
0.0
0.0
0.0
0.0
16.0
92.0
0.0
18.0
116.0
38.0
0.0
0.0
0.0
0.0
408.0
42.0
18.0
94.0
0.0
0.0
0.0
74.0
58.0
0.0
0.0
0.0
34.0
0.0
0.0
0.0
0.0
50.0
0.0
0.0
98.0
28.0
182.0
312.0
30.0
88.0
18.0
24.0
0.0
0.0
0.0
22.0
24.0
0.0
24.0
0.0
0.0
0.0
0.0
0.0
0.0
0.0
0.0
170.0
0.0
0.0
0.0
0.0
0.0
44.0
154.0
0.0
0.0
0.0
0.0
0.0
0.0
0.0
0.0
160.0
106.0
0.0
130.0
16.0
0.0
86.0
20.0
0.0
0.0
0.0
0.0
10.0
0.0
0.0
0.0
12.0
10.0
0.0
0.0
0.0
0.0
0.0
106.0
0.0
0.0
122.0
12.0
68.0
272.0
0.0
54.0
22.0
0.0
0.0
0.0
108.0
14.0
0.0
0.0
70.0
50.0
0.0
0.0
0.0
0.0
0.0
0.0
0.0
152.0
10.0
0.0
92.0
0.0
0.0
164.0
0.0
26.0
44.0
118.0
0.0
74.0
86.0
6.0
0.0
0.0
34.0
0.0
0.0
0.0
0.0
0.0
214.0
62.0
0.0
0.0
34.0
0.0
32.0
98.0
0.0
26.0
0.0
0.0
0.0
54.0
0.0
0.0
0.0
0.0
0.0
0.0
0.0
0.0
16.0
0.0
34.0
128.0
50.0
204.0
220.0
14.0
0.0
0.0
0.0
0.0
10.0
64.0
142.0
0.0
2.0
0.0
0.0
0.0
0.0
0.0
32.0
78.0
172.0
0.0
0.0
0.0
8.0
0.0
64.0
98.0
22.0
0.0
128.0
118.0
8.0
32.0
10.0
0.0
50.0
0.0
16.0
0.0
0.0
0.0
0.0
170.0
80.0
0.0
0.0
16.0
20.0
0.0
0.0
128.0
62.0
38.0
0.0
34.0
40.0
0.0
0.0
0.0
0.0
0.0
0.0
0.0
0.0
10.0
24.0
0.0
0.0
354.0
48.0
20.0
0.0
4.0
36.0
0.0
0.0
0.0
0.0
0.0
0.0
0.0
80.0
6.0
6.0
0.0
0.0
0.0
0.0
26.0
14.0
0.0
590.0
44.0
12.0
0.0
0.0
96.0
0.0
0.0
0.0
0.0
0.0
0.0
0.0
0.0
60.0
54.0
0.0
0.0
0.0
0.0
58.0
0.0
0.0
0.0
0.0
0.0
0.0
0.0
18.0
0.0
0.0
0.0
22.0
10.0
52.0
36.0
22.0
20.0
0.0
0.0
6.0
0.0
0.0
0.0
172.0
76.0
0.0
100.0
30.0
0.0
0.0
0.0
0.0
86.0
14.0
0.0
0.0
0.0
0.0
70.0
52.0
4.0
0.0
0.0
44.0
0.0
104.0
168.0
14.0
0.0
0.0
70.0
62.0
0.0
0.0
0.0
20.0
77.0
2.0
0.0
0.0
20.0
50.0
0.0
0.0
50.0
0.0
82.0
140.0
234.0
152.0
10.0
12.0
0.0
70.0
276.0
0.0
8.0
0.0
0.0
0.0
91.0
0.0
0.0
0.0
0.0
118.0
6.0
0.0
72.0
24.0
0.0
86.0
0.0
10.0
0.0
104.0
94.0
0.0
0.0
0.0
14.0
20.0
10.0
76.0
0.0
0.0
0.0
0.0
0.0
0.0
0.0
0.0
0.0
0.0
48.0
0.0
0.0
0.0
0.0
0.0
0.0
50.0
0.0
220.0
18.0
0.0
0.0
0.0
0.0
0.0
0.0
126.0
30.0
2.0
0.0
0.0
0.0
0.0
0.0
0.0
0.0
0.0
0.0
0.0
0.0
0.0
0.0
0.0
24.0
0.0
0.0
0.0
0.0
0.0
0.0
0.0
32.0
0.0
214.0
0.0
0.0
0.0
0.0
0.0
182.0
0.0
520.0
0.0
0.0
48.0
0.0
0.0
0.0
0.0
0.0
20.0
0.0
26.0
30.0
102.0
0.0
0.0
0.0
0.0
0.0
68.0
0.0
20.0
44.0
0.0
0.0
0.0
0.0
0.0
0.0
0.0
0.0
0.0
30.0
10.0
0.0
0.0
0.0
0.0
0.0
124.0
12.0
26.0
0.0
0.0
294.0
0.0
0.0
0.0
20.0
0.0
0.0
0.0
0.0
0.0
0.0
0.0
38.0
156.0
346.0
30.0
24.0
144.0
0.0
0.0
18.0
206.0
160.0
34.0
0.0
0.0
0.0
0.0
0.0
0.0
0.0
14.0
150.0
0.0
22.0
60.0
0.0
20.0
0.0
0.0
0.0
6.0
142.0
92.0
260.0
42.0
0.0
0.0
12.0
0.0
74.0
70.0
0.0
0.0
0.0
78.0
90.0
0.0
0.0
0.0
152.0
8.0
0.0
16.0
6.0
0.0
0.0
0.0
130.0
0.0
0.0
0.0
10.0
0.0
80.0
10.0
106.0
0.0
20.0
10.0
0.0
110.0
364.0
60.0
0.0
36.0
0.0
0.0
2.0
0.0
0.0
40.0
86.0
0.0
0.0
0.0
20.0
0.0
108.0
0.0
0.0
0.0
30.0
10.0
0.0
0.0
20.0
12.0
0.0
0.0
26.0
0.0
0.0
0.0
60.0
30.0
0.0
0.0
0.0
8.0
0.0
0.0
14.0
0.0
0.0
46.0
10.0
50.0
0.0
0.0
28.0
6.0
0.0
0.0
0.0
56.0
0.0
76.0
0.0
0.0
0.0
0.0
0.0
80.0
0.0
112.0
268.0
0.0
0.0
84.0
0.0
62.0
10.0
0.0
0.0
0.0
0.0
40.0
0.0
120.0
273.0
0.0
0.0
0.0
0.0
0.0
98.0
0.0
0.0
0.0
0.0
0.0
0.0
0.0
60.0
0.0
12.0
74.0
0.0
12.0
0.0
0.0
72.0
40.0
0.0
0.0
0.0
0.0
0.0
0.0
0.0
0.0
0.0
0.0
0.0
0.0
280.0
358.0
38.0
0.0
0.0
0.0
0.0
0.0
0.0
48.0
90.0
82.0
236.0
100.0
6.0
0.0
0.0
0.0
0.0
96.0
136.0
0.0
0.0
0.0
66.0
8.0
44.0
0.0
0.0
28.0
146.0
0.0
0.0
18.0
234.0
60.0
0.0
210.0
6.0
0.0
0.0
0.0
0.0
0.0
0.0
0.0
0.0
0.0
158.0
72.0
0.0
20.0
0.0
0.0
270.0
40.0
6.0
0.0
0.0
0.0
0.0
0.0
0.0
14.0
0.0
12.0
0.0
10.0
0.0
0.0
0.0
0.0
0.0
0.0
0.0
164.0
0.0
0.0
0.0
0.0
64.0
406.0
0.0
0.0
230.0
0.0
0.0
0.0
0.0
0.0
0.0
0.0
34.0
106.0
16.0
0.0
0.0
0.0
112.0
0.0
4.0
0.0
8.0
0.0
108.0
8.0
0.0
30.0
0.0
0.0
0.0
0.0
0.0
260.0
20.0
0.0
0.0
0.0
0.0
90.0
0.0
0.0
0.0
0.0
56.0
18.0
0.0
0.0
28.0
50.0
68.0
142.0
130.0
0.0
0.0
0.0
10.0
0.0
0.0
0.0
46.0
48.0
0.0
0.0
0.0
0.0
24.0
10.0
72.0
0.0
0.0
84.0
0.0
0.0
18.0
0.0
0.0
0.0
NaN
160.0
58.0
NaN
22.0
8.0
0.0
20.0
0.0
0.0
0.0
0.0
0.0
3.0
0.0
0.0
4.0
0.0
0.0
NaN
0.0
0.0
0.0
22.0
58.0
12.0
0.0
0.0
10.0
26.0
0.0
0.0
0.0
0.0
0.0
0.0
0.0
0.0
0.0
0.0
48.0
6.0
80.0
0.0
0.0
0.0
26.0
14.0
10.0
0.0
0.0
0.0
0.0
92.0
0.0
0.0
144.0
0.0
38.0
0.0
0.0
82.0
200.0
NaN
0.0
0.0
0.0
36.0
0.0
0.0
14.0
0.0
0.0
0.0
0.0
0.0
0.0
0.0
0.0
0.0
36.0
20.0
12.0
0.0
0.0
16.0
0.0
118.0
66.0
20.0
0.0
0.0
0.0
0.0
50.0
0.0
NaN
0.0
0.0
0.0
0.0
70.0
0.0
90.0
8.0
0.0
134.0
20.0
0.0
0.0
90.0
0.0
0.0
80.0
80.0
0.0
0.0
20.0
46.0
0.0
66.0
0.0
0.0
0.0
0.0
0.0
0.0
38.0
0.0
12.0
40.0
64.0
14.0
0.0
0.0
0.0
20.0
56.0
30.0
0.0
20.0
0.0
0.0
0.0
58.0
0.0
0.0
0.0
0.0
30.0
0.0
0.0
0.0
28.0
0.0
0.0
6.0
2.0
110.0
0.0
36.0
0.0
14.0
NaN
26.0
24.0
24.0
340.0
80.0
0.0
NaN
0.0
0.0
0.0
0.0
0.0
240.0
20.0
0.0
16.0
0.0
0.0
0.0
108.0
156.0
0.0
0.0
0.0
NaN
36.0
0.0
0.0
0.0
0.0
0.0
0.0
0.0
0.0
0.0
24.0
128.0
10.0
0.0
72.0
10.0
0.0
30.0
30.0
80.0
26.0
0.0
0.0
0.0
0.0
0.0
0.0
20.0
6.0
6.0
0.0
0.0
80.0
0.0
0.0
10.0
0.0
0.0
0.0
0.0
0.0
8.0
16.0
0.0
10.0
0.0
0.0
0.0
50.0
162.0
84.0
0.0
0.0
0.0
16.0
0.0
16.0
0.0
0.0
0.0
0.0
0.0
0.0
28.0
62.0
0.0
0.0
0.0
0.0
42.0
86.0
10.0
0.0
0.0
10.0
176.0
0.0
0.0
0.0
0.0
28.0
0.0
20.0
0.0
0.0
0.0
0.0
64.0
118.0
6.0
0.0
94.0
160.0
0.0
0.0
0.0
0.0
44.0
148.0
0.0
0.0
0.0
0.0
70.0
10.0
0.0
0.0
8.0
0.0
0.0
10.0
10.0
0.0
0.0
0.0
278.0
0.0
0.0
38.0
0.0
336.0
20.0
0.0
0.0
0.0
0.0
0.0
0.0
0.0
0.0
0.0
0.0
0.0
NaN
NaN
0.0
16.0
0.0
0.0
0.0
0.0
0.0
0.0
0.0
0.0
0.0
0.0
0.0
0.0
26.0
0.0
178.0
0.0
0.0
96.0
0.0
0.0
0.0
0.0
0.0
162.0
34.0
92.0
0.0
0.0
254.0
84.0
0.0
32.0
0.0
NaN
NaN
825.0
10.0
4.0
0.0
98.0
0.0
0.0
0.0
0.0
0.0
0.0
0.0
0.0
0.0
0.0
0.0
0.0
0.0
0.0
32.0
0.0
88.0
94.0
0.0
0.0
90.0
54.0
0.0
0.0
96.0
26.0
0.0
0.0
16.0
36.0
44.0
0.0
106.0
0.0
6.0
68.0
0.0
0.0
98.0
0.0
0.0
0.0
0.0
346.0
0.0
0.0
0.0
0.0
0.0
0.0
0.0
0.0
0.0
0.0
124.0
66.0
102.0
24.0
12.0
12.0
38.0
0.0
250.0
6.0
66.0
0.0
56.0
0.0
20.0
12.0
0.0
0.0
0.0
66.0
0.0
0.0
0.0
0.0
10.0
0.0
0.0
0.0
142.0
0.0
0.0
0.0
0.0
0.0
12.0
0.0
0.0
20.0
64.0
0.0
70.0
0.0
18.0
14.0
4.0
0.0
0.0
28.0
0.0
114.0
0.0
0.0
0.0
30.0
20.0
6.0
0.0
0.0
10.0
0.0
52.0
38.0
30.0
10.0
0.0
0.0
0.0
0.0
0.0
0.0
0.0
18.0
0.0
0.0
0.0
16.0
2.0
84.0
138.0
0.0
0.0
0.0
0.0
10.0
50.0
50.0
0.0
0.0
0.0
0.0
28.0
34.0
0.0
66.0
0.0
0.0
0.0
0.0
10.0
0.0
0.0
0.0
0.0
0.0
0.0
0.0
26.0
18.0
18.0
62.0
0.0
50.0
0.0
0.0
0.0
0.0
0.0
0.0
0.0
0.0
0.0
0.0
0.0
108.0
0.0
58.0
88.0
68.0
20.0
0.0
38.0
2.0
24.0
2.0
0.0
60.0
40.0
0.0
0.0
0.0
0.0
0.0
0.0
10.0
0.0
0.0
16.0
0.0
0.0
10.0
0.0
0.0
0.0
42.0
66.0
136.0
72.0
6.0
4.0
18.0
8.0
0.0
0.0
8.0
4.0
0.0
0.0
8.0
50.0
20.0
0.0
0.0
0.0
0.0
0.0
0.0
0.0
0.0
0.0
74.0
0.0
0.0
30.0
58.0
6.0
8.0
0.0
0.0
0.0
0.0
0.0
0.0
0.0
20.0
46.0
0.0
38.0
418.0
210.0
38.0
188.0
8.0
0.0
0.0
0.0
8.0
0.0
0.0
NaN
NaN
60.0
0.0
0.0
0.0
0.0
0.0
138.0
0.0
0.0
280.0
4.0
120.0
0.0
0.0
6.0
370.0
0.0
0.0
60.0
0.0
4.0
4.0
40.0
118.0
0.0
28.0
54.0
0.0
10.0
0.0
0.0
56.0
0.0
18.0
8.0
0.0
0.0
0.0
0.0
0.0
0.0
68.0
224.0
14.0
16.0
0.0
0.0
40.0
84.0
0.0
0.0
0.0
0.0
10.0
16.0
90.0
0.0
NaN
NaN
8.0
12.0
128.0
194.0
0.0
0.0
16.0
22.0
224.0
98.0
16.0
0.0
0.0
0.0
0.0
50.0
144.0
0.0
0.0
0.0
0.0
12.0
204.0
0.0
40.0
0.0
0.0
184.0
0.0
0.0
0.0
0.0
0.0
0.0
0.0
0.0
50.0
0.0
0.0
0.0
0.0
0.0
252.0
258.0
10.0
0.0
0.0
182.0
8.0
0.0
0.0
10.0
36.0
0.0
NaN
NaN
0.0
0.0
0.0
230.0
320.0
40.0
0.0
0.0
0.0
160.0
90.0
26.0
0.0
0.0
16.0
0.0
0.0
0.0
60.0
124.0
52.0
8.0
102.0
10.0
0.0
0.0
8.0
0.0
0.0
0.0
0.0
0.0
28.0
70.0
6.0
100.0
0.0
0.0
90.0
8.0
4.0
0.0
12.0
8.0
10.0
52.0
0.0
0.0
12.0
6.0
0.0
0.0
8.0
14.0
0.0
0.0
0.0
200.0
20.0
0.0
22.0
8.0
0.0
98.0
0.0
0.0
0.0
0.0
0.0
110.0
120.0
0.0
0.0
20.0
20.0
20.0
30.0
0.0
0.0
0.0
0.0
0.0
0.0
0.0
0.0
14.0
0.0
0.0
0.0
0.0
0.0
154.0
146.0
0.0
0.0
4.0
0.0
0.0
0.0
62.0
0.0
0.0
0.0
0.0
0.0
12.0
0.0
20.0
90.0
0.0
0.0
0.0
4.0
22.0
0.0
10.0
100.0
0.0
30.0
0.0
68.0
0.0
0.0
0.0
0.0
0.0
0.0
0.0
100.0
20.0
0.0
10.0
30.0
16.0
4.0
NaN
0.0
190.0
0.0
0.0
0.0
0.0
0.0
0.0
0.0
0.0
0.0
0.0
0.0
0.0
0.0
0.0
0.0
0.0
0.0
0.0
0.0
90.0
245.0
10.0
0.0
0.0
0.0
0.0
0.0
0.0
0.0
0.0
0.0
0.0
0.0
0.0
0.0
0.0
0.0
0.0
0.0
0.0
0.0
0.0
0.0
0.0
60.0
10.0
6.0
0.0
NaN
NaN
140.0
0.0
26.0
0.0
404.0
38.0
22.0
0.0
0.0
0.0
0.0
0.0
0.0
0.0
0.0
0.0
0.0
0.0
0.0
0.0
0.0
0.0
6.0
130.0
0.0
0.0
0.0
72.0
52.0
84.0
0.0
0.0
0.0
0.0
0.0
0.0
0.0
0.0
0.0
0.0
0.0
34.0
0.0
0.0
186.0
0.0
0.0
20.0
0.0
0.0
0.0
66.0
NaN
20.0
12.0
0.0
42.0
48.0
176.0
0.0
60.0
10.0
30.0
0.0
100.0
38.0
136.0
16.0
110.0
176.0
84.0
0.0
74.0
6.0
0.0
0.0
0.0
0.0
0.0
0.0
0.0
0.0
0.0
10.0
0.0
0.0
NaN
110.0
160.0
0.0
43.0
0.0
0.0
56.0
36.0
0.0
0.0
0.0
0.0
0.0
0.0
160.0
0.0
0.0
0.0
410.0
0.0
0.0
0.0
48.0
64.0
0.0
0.0
0.0
0.0
14.0
0.0
0.0
0.0
0.0
0.0
0.0
0.0
0.0
100.0
0.0
36.0
0.0
0.0
0.0
0.0
62.0
0.0
0.0
0.0
0.0
0.0
0.0
34.0
16.0
0.0
0.0
0.0
0.0
30.0
0.0
0.0
0.0
0.0
0.0
72.0
28.0
NaN
NaN
0.0
0.0
0.0
0.0
0.0
0.0
0.0
272.0
40.0
0.0
14.0
194.0
70.0
0.0
0.0
0.0
0.0
26.0
192.0
76.0
0.0
16.0
54.0
0.0
0.0
0.0
20.0
22.0
142.0
20.0
16.0
96.0
0.0
0.0
0.0
70.0
308.0
24.0
0.0
0.0
0.0
0.0
0.0
0.0
0.0
0.0
28.0
4.0
0.0
74.0
0.0
120.0
28.0
84.0
0.0
0.0
46.0
0.0
0.0
38.0
0.0
0.0
20.0
192.0
30.0
NaN
0.0
0.0
NaN
0.0
0.0
0.0
0.0
0.0
0.0
0.0
4.0
206.0
14.0
10.0
0.0
0.0
0.0
20.0
6.0
270.0
0.0
0.0
0.0
470.0
0.0
18.0
0.0
0.0
20.0
0.0
0.0
0.0
16.0
82.0
4.0
0.0
24.0
0.0
0.0
150.0
20.0
0.0
20.0
0.0
64.0
NaN
0.0
0.0
44.0
0.0
0.0
0.0
0.0
0.0
0.0
14.0
0.0
0.0
0.0
50.0
0.0
0.0
0.0
10.0
0.0
0.0
10.0
26.0
20.0
0.0
0.0
0.0
44.0
22.0
0.0
80.0
0.0
4.0
12.0
30.0
0.0
0.0
0.0
10.0
0.0
48.0
52.0
76.0
0.0
70.0
0.0
0.0
0.0
40.0
0.0
14.0
0.0
190.0
140.0
0.0
14.0
30.0
0.0
0.0
0.0
80.0
20.0
0.0
96.0
0.0
0.0
0.0
0.0
0.0
16.0
0.0
0.0
0.0
0.0
0.0
0.0
0.0
0.0
NaN
0.0
0.0
0.0
0.0
0.0
0.0
0.0
0.0
0.0
0.0
0.0
0.0
0.0
0.0
80.0
0.0
236.0
54.0
0.0
0.0
0.0
0.0
0.0
0.0
4.0
160.0
6.0
0.0
0.0
40.0
8.0
0.0
0.0
0.0
0.0
18.0
22.0
6.0
0.0
10.0
0.0
0.0
66.0
0.0
0.0
74.0
8.0
0.0
36.0
102.0
115.0
94.0
0.0
0.0
0.0
0.0
0.0
0.0
0.0
0.0
0.0
NaN
0.0
0.0
0.0
80.0
0.0
56.0
186.0
8.0
20.0
136.0
72.0
0.0
0.0
0.0
0.0
14.0
0.0
0.0
64.0
0.0
0.0
0.0
8.0
0.0
32.0
0.0
0.0
0.0
0.0
0.0
0.0
0.0
0.0
0.0
0.0
0.0
0.0
0.0
0.0
0.0
0.0
0.0
0.0
184.0
0.0
0.0
46.0
20.0
0.0
71.0
30.0
22.0
10.0
0.0
0.0
0.0
0.0
0.0
0.0
0.0
24.0
10.0
10.0
0.0
60.0
12.0
4.0
14.0
26.0
0.0
190.0
0.0
0.0
72.0
52.0
42.0
52.0
38.0
56.0
0.0
0.0
0.0
0.0
0.0
0.0
0.0
0.0
NaN
0.0
0.0
0.0
NaN
0.0
0.0
0.0
0.0
110.0
20.0
0.0
14.0
0.0
0.0
50.0
0.0
0.0
120.0
242.0
84.0
32.0
20.0
92.0
0.0
0.0
0.0
0.0
0.0
28.0
70.0
12.0
0.0
0.0
0.0
14.0
0.0
0.0
60.0
0.0
58.0
0.0
10.0
86.0
0.0
80.0
48.0
6.0
92.0
0.0
0.0
0.0
0.0
32.0
0.0
0.0
0.0
300.0
70.0
0.0
0.0
142.0
0.0
0.0
0.0
0.0
143.0
0.0
0.0
0.0
0.0
0.0
130.0
20.0
50.0
0.0
0.0
0.0
60.0
352.0
178.0
10.0
NaN
40.0
80.0
0.0
0.0
0.0
62.0
92.0
0.0
24.0
160.0
34.0
90.0
62.0
18.0
60.0
0.0
NaN
68.0
0.0
0.0
20.0
0.0
0.0
26.0
82.0
0.0
0.0
0.0
0.0
0.0
16.0
44.0
12.0
0.0
24.0
0.0
0.0
0.0
20.0
0.0
0.0
0.0
0.0
0.0
0.0
0.0
0.0
16.0
50.0
0.0
20.0
70.0
40.0
0.0
48.0
0.0
0.0
20.0
42.0
0.0
0.0
160.0
0.0
0.0
0.0
0.0
0.0
20.0
0.0
0.0
0.0
0.0
92.0
10.0
0.0
0.0
0.0
30.0
0.0
30.0
0.0
60.0
70.0
18.0
20.0
66.0
0.0
0.0
0.0
0.0
20.0
20.0
0.0
0.0
14.0
2.0
30.0
0.0
14.0
0.0
0.0
40.0
0.0
0.0
NaN
0.0
20.0
10.0
0.0
16.0
0.0
0.0
0.0
0.0
0.0
0.0
60.0
20.0
0.0
0.0
0.0
0.0
0.0
0.0
32.0
0.0
0.0
0.0
10.0
0.0
0.0
0.0
0.0
0.0
0.0
0.0
0.0
0.0
70.0
10.0
NaN
140.0
0.0
0.0
40.0
0.0
0.0
0.0
8.0
36.0
0.0
0.0
20.0
0.0
50.0
10.0
0.0
88.0
64.0
52.0
0.0
6.0
0.0
0.0
10.0
0.0
0.0
0.0
18.0
8.0
0.0
0.0
48.0
0.0
0.0
0.0
0.0
0.0
0.0
0.0
0.0
0.0
0.0
0.0
22.0
0.0
72.0
158.0
10.0
0.0
62.0
212.0
122.0
90.0
0.0
0.0
108.0
176.0
12.0
0.0
0.0
0.0
0.0
0.0
0.0
20.0
0.0
0.0
0.0
0.0
8.0
50.0
10.0
0.0
0.0
NaN
0.0
26.0
10.0
NaN
0.0
0.0
0.0
0.0
0.0
230.0
70.0
0.0
0.0
0.0
6.0
6.0
121.0
38.0
4.0
20.0
146.0
6.0
12.0
0.0
0.0
0.0
0.0
0.0
0.0
0.0
0.0
0.0
0.0
0.0
126.0
0.0
0.0
8.0
26.0
36.0
0.0
0.0
0.0
0.0
0.0
0.0
0.0
0.0
10.0
0.0
0.0
0.0
20.0
0.0
0.0
0.0
4.0
192.0
0.0
0.0
0.0
0.0
0.0
46.0
0.0
114.0
0.0
8.0
0.0
0.0
0.0
0.0
0.0
4.0
0.0
0.0
4.0
0.0
0.0
0.0
102.0
54.0
6.0
22.0
0.0
0.0
0.0
0.0
6.0
0.0
52.0
12.0
12.0
216.0
0.0
0.0
0.0
0.0
0.0
0.0
10.0
134.0
0.0
0.0
8.0
8.0
20.0
66.0
58.0
14.0
0.0
0.0
0.0
0.0
262.0
0.0
0.0
0.0
0.0
0.0
0.0
0.0
0.0
40.0
84.0
0.0
0.0
46.0
12.0
0.0
0.0
0.0
48.0
8.0
NaN
0.0
0.0
308.0
22.0
32.0
0.0
40.0
284.0
44.0
0.0
0.0
0.0
0.0
0.0
0.0
0.0
0.0
0.0
156.0
18.0
12.0
0.0
0.0
100.0
0.0
148.0
140.0
78.0
0.0
34.0
0.0
40.0
154.0
128.0
120.0
16.0
24.0
10.0
4.0
0.0
26.0
0.0
0.0
0.0
0.0
100.0
0.0
22.0
0.0
0.0
124.0
0.0
0.0
0.0
4.0
0.0
0.0
0.0
26.0
0.0
0.0
0.0
0.0
32.0
0.0
0.0
0.0
40.0
0.0
0.0
0.0
0.0
0.0
140.0
20.0
0.0
0.0
0.0
0.0
50.0
0.0
0.0
0.0
60.0
0.0
0.0
0.0
0.0
8.0
24.0
124.0
10.0
0.0
0.0
20.0
0.0
98.0
2.0
0.0
0.0
26.0
46.0
0.0
30.0
42.0
0.0
0.0
0.0
140.0
0.0
0.0
6.0
0.0
110.0
0.0
0.0
0.0
0.0
0.0
20.0
0.0
0.0
10.0
46.0
10.0
140.0
70.0
0.0
0.0
0.0
0.0
0.0
224.0
16.0
10.0
10.0
0.0
16.0
0.0
0.0
0.0
0.0
0.0
0.0
0.0
0.0
0.0
0.0
63.0
84.0
68.0
0.0
0.0
0.0
26.0
68.0
0.0
56.0
0.0
0.0
58.0
0.0
0.0
0.0
0.0
0.0
0.0
0.0
62.0
0.0
16.0
106.0
160.0
36.0
0.0
0.0
0.0
0.0
30.0
142.0
48.0
0.0
0.0
98.0
6.0
40.0
0.0
0.0
0.0
128.0
0.0
0.0
0.0
46.0
168.0
0.0
0.0
0.0
0.0
0.0
0.0
0.0
0.0
24.0
80.0
160.0
4.0
26.0
20.0
68.0
18.0
10.0
0.0
0.0
0.0
43.0
261.0
32.0
0.0
160.0
2.0
0.0
0.0
0.0
0.0
0.0
0.0
0.0
10.0
0.0
0.0
0.0
NaN
82.0
0.0
26.0
0.0
0.0
32.0
114.0
56.0
0.0
22.0
0.0
0.0
0.0
0.0
30.0
0.0
0.0
0.0
192.0
34.0
22.0
0.0
0.0
18.0
0.0
0.0
82.0
22.0
92.0
0.0
0.0
0.0
0.0
0.0
0.0
122.0
0.0
0.0
0.0
0.0
0.0
0.0
40.0
0.0
0.0
0.0
36.0
78.0
0.0
312.0
8.0
0.0
0.0
0.0
0.0
0.0
0.0
NaN
0.0
0.0
0.0
0.0
36.0
78.0
0.0
0.0
0.0
0.0
0.0
0.0
140.0
136.0
0.0
40.0
0.0
0.0
68.0
0.0
0.0
0.0
0.0
0.0
0.0
0.0
0.0
0.0
0.0
0.0
0.0
0.0
0.0
0.0
0.0
94.0
0.0
30.0
0.0
8.0
0.0
0.0
0.0
0.0
0.0
72.0
0.0
0.0
0.0
0.0
30.0
0.0
0.0
54.0
36.0
20.0
8.0
8.0
0.0
250.0
0.0
72.0
20.0
0.0
16.0
162.0
0.0
0.0
20.0
8.0
250.0
46.0
104.0
106.0
102.0
22.0
0.0
0.0
30.0
244.0
0.0
0.0
0.0
0.0
0.0
0.0
10.0
0.0
62.0
68.0
0.0
0.0
0.0
0.0
0.0
0.0
42.0
180.0
10.0
60.0
0.0
86.0
0.0
20.0
0.0
0.0
0.0
0.0
50.0
0.0
0.0
0.0
0.0
14.0
74.0
8.0
18.0
0.0
34.0
32.0
0.0
0.0
0.0
0.0
0.0
150.0
0.0
0.0
0.0
0.0
0.0
0.0
0.0
0.0
20.0
30.0
0.0
40.0
0.0
20.0
130.0
0.0
0.0
160.0
192.0
62.0
172.0
30.0
0.0
0.0
32.0
222.0
34.0
0.0
0.0
0.0
10.0
0.0
50.0
0.0
0.0
0.0
14.0
0.0
140.0
40.0
0.0
10.0
0.0
54.0
20.0
0.0
8.0
0.0
0.0
0.0
50.0
0.0
0.0
50.0
20.0
0.0
30.0
0.0
0.0
0.0
0.0
0.0
0.0
0.0
16.0
0.0
0.0
0.0
0.0
0.0
30.0
30.0
150.0
30.0
NaN
0.0
12.0
130.0
0.0
11.0
0.0
0.0
40.0
0.0
0.0
0.0
30.0
130.0
56.0
100.0
110.0
0.0
74.0
0.0
0.0
0.0
0.0
0.0
0.0
0.0
0.0
0.0
0.0
0.0
28.0
0.0
0.0
152.0
0.0
104.0
58.0
26.0
0.0
172.0
50.0
0.0
0.0
0.0
30.0
0.0
0.0
0.0
18.0
6.0
0.0
326.0
100.0
6.0
0.0
0.0
0.0
36.0
99.0
30.0
22.0
0.0
94.0
56.0
300.0
54.0
0.0
0.0
0.0
0.0
0.0
0.0
24.0
0.0
122.0
20.0
0.0
0.0
76.0
NaN
0.0
0.0
0.0
0.0
0.0
0.0
16.0
0.0
0.0
34.0
136.0
0.0
0.0
0.0
0.0
0.0
0.0
24.0
0.0
154.0
0.0
0.0
0.0
122.0
60.0
0.0
0.0
38.0
23.0
18.0
0.0
0.0
0.0
0.0
0.0
0.0
22.0
0.0
0.0
64.0
52.0
0.0
0.0
0.0
0.0
0.0
0.0
0.0
0.0
0.0
0.0
0.0
0.0
38.0
0.0
0.0
0.0
0.0
150.0
8.0
0.0
270.0
0.0
0.0
124.0
0.0
0.0
24.0
0.0
0.0
0.0
0.0
0.0
28.0
100.0
0.0
60.0
0.0
0.0
128.0
0.0
0.0
0.0
0.0
14.0
0.0
