NaN
-7.04516129032
-18.8677419355
-13.7310344828
-5.6
-0.713333333333
4.32258064516
7.71
12.1290322581
9.71851851852
8.23
2.54193548387
-2.66333333333
-11.6129032258
-14.1285714286
-14.2142857143
-11.6903225806
-0.766666666667
2.3
12.9833333333
13.4774193548
12.1838709677
8.58666666667
4.34193548387
-2.1724137931
-10.1258064516
-8.17419354839
-13.8357142857
-7.95161290323
-0.31
5.41290322581
10.2766666667
14.0129032258
11.3096774194
7.76666666667
1.28387096774
-1.05333333333
-4.65483870968
-12.2741935484
-16.5142857143
-8.18
-1.01
3.86
9.30333333333
11.0612903226
11.9
7.90666666667
5.97307692308
-4.30666666667
-9.75483870968
-9.28387096774
-14.4551724138
-12.1741935484
-0.12
3.12903225806
11.5633333333
12.8322580645
10.5322580645
7.36
0.87
-5.06
-11.7193548387
-18.4516129032
-13.15
-8.09677419355
-0.406666666667
3.49677419355
8.55333333333
10.3483870968
11.0709677419
6.92666666667
1.5935483871
-0.903448275862
-9.18064516129
-12.9483870968
-10.6785714286
-3.96774193548
1.66666666667
NaN
11.6928571429
15.4709677419
14.2774193548
9.19655172414
3.64333333333
-2.22666666667
-10.5161290323
-16.4096774194
-13.7321428571
-7.78709677419
-0.0866666666667
8.21034482759
11.5
15.6032258065
13.5225806452
9.68
4.03666666667
-0.76
-6.10344827586
-9.48064516129
-8.28275862069
-2.31612903226
-0.923333333333
6.9064516129
12.2379310345
14.2903225806
12.3096774194
7.31724137931
NaN
-3.07407407407
-5.58387096774
-10.4967741935
-12.7392857143
-6.57741935484
NaN
6.24838709677
11.1266666667
14.1033333333
11.31
7.07666666667
4.07931034483
-4.74827586207
NaN
-17.0433333333
-17.6428571429
-14.4419354839
-1.39333333333
5.71034482759
11.0
11.7290322581
11.7322580645
8.24
4.65806451613
-2.02692307692
-4.87307692308
-17.6896551724
-21.825
-10.5225806452
-0.443333333333
6.71935483871
10.4928571429
12.5
12.5322580645
11.3766666667
2.22258064516
-0.593333333333
-1.25666666667
-12.5548387097
-10.6827586207
-5.5064516129
-3.02857142857
5.03225806452
9.41724137931
13.6
14.08
9.60689655172
4.34838709677
-0.93
-7.59677419355
-8.81290322581
-7.825
-8.23870967742
1.71333333333
5.21935483871
10.9793103448
13.6838709677
11.564516129
9.23
4.90357142857
