NaN
NaN
NaN
NaN
NaN
NaN
NaN
NaN
NaN
NaN
NaN
NaN
NaN
NaN
NaN
NaN
NaN
NaN
NaN
NaN
9.0
12.0
13.0
12.5
11.0
15.5
10.0
10.5
11.0
15.0
14.0
8.0
5.0
6.5
4.0
6.0
13.0
14.5
1.5
0.0
10.0
2.5
4.5
0.0
11.0
13.0
12.5
8.5
12.0
8.5
2.0
9.5
6.5
7.5
3.0
-3.0
-0.5
3.5
6.0
4.0
6.5
1.0
-3.0
-4.0
3.0
-6.0
-7.0
0.0
NaN
1.0
-1.0
-0.5
-5.0
-3.0
-10.0
-3.0
2.0
-9.0
-1.5
-20.0
-20.5
-11.0
-1.0
-1.5
-12.5
-13.0
-12.5
-8.5
-2.0
-1.5
6.5
9.0
-3.5
-4.0
2.0
-4.0
-13.0
-10.5
-2.5
NaN
2.0
1.5
-8.5
6.5
11.5
-4.0
-6.0
-10.0
-12.0
-13.0
-9.0
-16.0
-21.0
-20.0
-15.5
-6.0
-15.0
-13.0
-14.5
-10.5
-1.5
-4.0
-1.5
-3.0
3.0
0.5
7.5
7.0
7.0
7.5
3.0
-6.0
0.0
-1.0
1.0
-5.0
4.0
5.0
-0.5
-1.5
-12.0
-3.0
-7.5
-10.0
-1.0
-5.0
-7.0
-4.0
-3.0
-2.0
-3.0
-4.0
-3.5
-4.5
1.0
4.0
4.0
-11.0
-9.0
-7.5
-3.5
0.5
2.0
2.0
5.0
5.0
3.0
3.0
4.0
5.5
5.0
8.5
8.5
1.0
9.5
3.0
8.0
10.0
6.5
14.5
13.0
14.0
9.0
3.0
4.5
4.5
9.0
13.0
5.0
12.0
16.5
13.5
12.0
12.0
15.5
14.0
15.0
22.0
22.0
20.0
27.5
9.0
11.0
16.0
7.0
14.0
9.0
17.0
17.0
8.5
13.0
10.5
12.0
10.0
10.5
11.0
18.0
20.5
NaN
26.0
NaN
29.0
19.0
10.5
14.5
14.5
17.5
11.0
13.0
15.5
20.0
21.5
18.5
14.5
12.0
19.5
25.0
25.0
19.0
21.5
22.5
22.0
26.5
27.0
29.5
29.0
28.5
29.0
31.0
27.0
18.0
30.5
32.0
32.0
29.5
NaN
30.0
26.0
19.0
17.0
16.5
19.5
27.0
26.5
21.0
24.5
33.5
32.5
31.0
34.0
33.0
26.5
29.5
29.0
25.5
28.0
31.0
24.0
25.0
26.0
24.5
31.0
32.0
35.0
35.5
33.5
27.5
30.5
32.5
29.0
32.0
30.0
28.5
31.5
26.0
27.5
28.5
33.5
24.5
21.0
25.5
25.5
25.0
27.0
27.0
33.5
33.5
33.5
28.0
29.0
30.5
32.0
32.5
30.5
28.0
23.0
28.0
28.5
29.0
28.5
23.5
22.0
20.0
23.0
26.5
21.5
23.5
25.5
28.0
30.0
29.0
29.5
30.0
27.5
22.5
27.0
24.5
25.0
21.5
26.0
27.5
29.0
23.0
22.5
22.0
27.0
34.0
32.0
30.5
23.5
18.0
24.5
26.5
23.0
22.5
27.0
24.0
18.0
19.0
21.0
19.5
21.5
22.5
16.0
17.0
24.5
27.0
27.5
29.5
28.5
27.0
12.5
11.5
14.0
13.0
15.5
15.0
10.5
17.0
15.0
NaN
12.0
15.0
9.5
10.0
10.0
8.5
8.0
7.0
8.0
6.0
6.0
5.5
12.0
19.0
13.0
12.5
9.5
17.0
8.5
9.0
13.5
11.0
8.5
5.0
3.5
9.0
12.0
15.5
7.5
7.5
15.5
1.5
-1.0
6.0
8.5
6.5
-3.5
-5.0
-5.0
-6.5
-1.0
0.0
15.0
15.0
4.0
2.0
-1.5
-3.0
-2.5
-1.0
-2.5
-7.5
-2.5
-0.5
-1.5
-1.0
-10.0
-10.5
-11.0
-8.0
-2.5
0.5
-1.0
-1.5
-4.0
-4.0
1.5
3.0
2.0
1.0
-1.0
-2.0
-0.5
-0.5
-9.5
-10.0
-5.5
-3.5
-1.0
-4.5
-0.5
-9.0
-10.0
-5.0
-1.5
1.5
5.5
4.5
9.0
-3.0
-14.5
-10.5
0.0
3.5
0.5
NaN
-1.5
-0.5
3.0
3.5
-0.5
-8.0
7.5
10.0
-2.0
-1.0
-0.5
-1.0
4.0
2.0
2.5
3.0
-6.5
-5.5
-6.0
-9.0
-6.5
-5.0
-4.0
-1.5
1.5
5.5
-7.5
-9.5
-13.5
-5.0
-2.0
1.0
2.5
3.0
-4.0
-9.5
-11.0
-7.0
-7.5
-1.0
-2.5
-5.0
3.0
2.5
2.0
0.5
3.0
7.0
11.0
12.0
12.5
4.5
1.5
-3.0
0.0
-0.5
-5.0
-2.5
NaN
NaN
NaN
NaN
NaN
NaN
NaN
NaN
NaN
NaN
NaN
NaN
