0.0
0.0
69.0
0.0
0.0
48.0
13.0
53.0
20.0
320.0
20.0
13.0
0.0
0.0
0.0
0.0
18.0
8.0
3.0
0.0
0.0
0.0
0.0
0.0
25.0
0.0
0.0
0.0
0.0
0.0
5.0
79.0
0.0
0.0
0.0
0.0
56.0
0.0
0.0
0.0
0.0
0.0
3.0
0.0
0.0
0.0
0.0
0.0
0.0
0.0
0.0
0.0
0.0
0.0
0.0
0.0
3.0
323.0
0.0
10.0
0.0
69.0
5.0
41.0
10.0
0.0
0.0
0.0
84.0
0.0
114.0
109.0
0.0
0.0
23.0
46.0
18.0
5.0
5.0
0.0
46.0
10.0
0.0
33.0
71.0
13.0
10.0
43.0
89.0
0.0
0.0
0.0
0.0
0.0
0.0
0.0
0.0
0.0
89.0
119.0
28.0
0.0
0.0
0.0
0.0
51.0
0.0
43.0
41.0
0.0
0.0
0.0
0.0
30.0
165.0
0.0
0.0
193.0
3.0
43.0
0.0
0.0
0.0
0.0
51.0
89.0
61.0
0.0
0.0
0.0
0.0
0.0
0.0
61.0
0.0
8.0
5.0
3.0
170.0
43.0
5.0
15.0
135.0
0.0
0.0
0.0
0.0
0.0
61.0
43.0
5.0
0.0
0.0
0.0
0.0
0.0
0.0
0.0
0.0
0.0
0.0
0.0
0.0
0.0
0.0
0.0
41.0
0.0
0.0
0.0
419.0
0.0
0.0
0.0
0.0
0.0
0.0
0.0
0.0
0.0
97.0
0.0
0.0
0.0
0.0
0.0
0.0
191.0
8.0
13.0
0.0
0.0
0.0
0.0
0.0
0.0
0.0
0.0
0.0
0.0
0.0
0.0
69.0
0.0
0.0
8.0
3.0
0.0
0.0
0.0
0.0
0.0
0.0
0.0
0.0
0.0
0.0
0.0
0.0
0.0
0.0
0.0
0.0
0.0
0.0
0.0
0.0
0.0
0.0
23.0
33.0
0.0
28.0
0.0
53.0
28.0
0.0
0.0
0.0
0.0
10.0
64.0
8.0
28.0
0.0
0.0
0.0
0.0
0.0
0.0
0.0
0.0
0.0
5.0
25.0
0.0
0.0
0.0
0.0
0.0
0.0
0.0
0.0
0.0
74.0
33.0
0.0
0.0
0.0
0.0
0.0
0.0
0.0
0.0
0.0
155.0
0.0
0.0
0.0
0.0
0.0
0.0
0.0
0.0
0.0
5.0
0.0
0.0
0.0
18.0
56.0
30.0
41.0
0.0
0.0
0.0
0.0
0.0
30.0
135.0
0.0
30.0
0.0
0.0
91.0
0.0
0.0
0.0
0.0
0.0
0.0
0.0
0.0
0.0
28.0
13.0
5.0
0.0
0.0
0.0
0.0
216.0
0.0
23.0
0.0
0.0
0.0
0.0
0.0
0.0
0.0
0.0
0.0
0.0
0.0
0.0
0.0
36.0
0.0
0.0
30.0
25.0
3.0
43.0
0.0
33.0
178.0
0.0
0.0
0.0
0.0
0.0
10.0
43.0
0.0
30.0
41.0
28.0
15.0
0.0
0.0
20.0
0.0
0.0
20.0
0.0
0.0
30.0
0.0
0.0
36.0
0.0
0.0
0.0
41.0
23.0
0.0
0.0
0.0
0.0
0.0
0.0
18.0
0.0
25.0
0.0
0.0
3.0
0.0
0.0
0.0
0.0
0.0
3.0
8.0
20.0
0.0
0.0
0.0
0.0
0.0
8.0
38.0
5.0
43.0
20.0
0.0
0.0
0.0
13.0
0.0
5.0
0.0
0.0
140.0
0.0
0.0
0.0
5.0
0.0
0.0
20.0
0.0
13.0
20.0
10.0
33.0
30.0
0.0
18.0
13.0
15.0
0.0
15.0
3.0
5.0
8.0
0.0
0.0
157.0
89.0
15.0
0.0
23.0
0.0
13.0
0.0
0.0
0.0
0.0
0.0
0.0
0.0
0.0
0.0
0.0
0.0
0.0
0.0
NaN
NaN
NaN
NaN
NaN
5.0
0.0
10.0
0.0
25.0
0.0
0.0
20.0
23.0
38.0
25.0
0.0
38.0
0.0
0.0
0.0
0.0
0.0
0.0
18.0
13.0
0.0
0.0
0.0
20.0
28.0
38.0
0.0
0.0
28.0
5.0
124.0
69.0
0.0
0.0
0.0
94.0
46.0
20.0
0.0
0.0
18.0
28.0
0.0
51.0
185.0
191.0
71.0
5.0
66.0
5.0
13.0
0.0
0.0
399.0
41.0
38.0
0.0
0.0
0.0
0.0
0.0
0.0
0.0
38.0
107.0
460.0
15.0
0.0
249.0
30.0
107.0
8.0
0.0
0.0
0.0
5.0
0.0
0.0
79.0
48.0
0.0
8.0
114.0
30.0
0.0
0.0
0.0
0.0
0.0
0.0
0.0
64.0
0.0
0.0
48.0
0.0
0.0
0.0
5.0
28.0
119.0
0.0
0.0
0.0
0.0
0.0
71.0
0.0
10.0
107.0
114.0
0.0
53.0
18.0
0.0
0.0
0.0
13.0
0.0
0.0
0.0
41.0
0.0
0.0
0.0
0.0
79.0
0.0
0.0
23.0
160.0
18.0
175.0
18.0
0.0
0.0
0.0
0.0
0.0
0.0
0.0
0.0
0.0
0.0
0.0
0.0
0.0
NaN
NaN
NaN
NaN
NaN
NaN
NaN
NaN
NaN
NaN
NaN
NaN
NaN
NaN
NaN
0.0
0.0
0.0
0.0
86.0
0.0
0.0
8.0
25.0
20.0
0.0
0.0
0.0
0.0
0.0
0.0
0.0
0.0
0.0
0.0
0.0
0.0
0.0
0.0
0.0
0.0
0.0
0.0
0.0
0.0
0.0
0.0
0.0
0.0
0.0
0.0
124.0
38.0
0.0
0.0
0.0
8.0
5.0
0.0
0.0
5.0
0.0
0.0
3.0
0.0
0.0
30.0
8.0
0.0
0.0
0.0
0.0
0.0
0.0
132.0
188.0
13.0
8.0
18.0
13.0
0.0
28.0
20.0
53.0
112.0
0.0
0.0
5.0
0.0
0.0
0.0
46.0
0.0
0.0
38.0
53.0
38.0
0.0
5.0
0.0
188.0
20.0
0.0
0.0
18.0
0.0
0.0
0.0
0.0
8.0
191.0
53.0
0.0
48.0
86.0
0.0
0.0
86.0
5.0
0.0
0.0
20.0
20.0
89.0
429.0
51.0
8.0
15.0
41.0
5.0
229.0
18.0
13.0
0.0
0.0
0.0
0.0
0.0
0.0
23.0
10.0
0.0
0.0
25.0
36.0
0.0
0.0
0.0
0.0
0.0
0.0
20.0
180.0
