13.0
0.0
0.0
0.0
0.0
25.0
76.0
0.0
0.0
0.0
0.0
51.0
0.0
0.0
25.0
0.0
51.0
0.0
0.0
135.0
0.0
0.0
0.0
0.0
0.0
71.0
0.0
76.0
0.0
25.0
0.0
0.0
0.0
33.0
0.0
13.0
0.0
0.0
25.0
0.0
0.0
38.0
51.0
0.0
0.0
69.0
76.0
102.0
13.0
0.0
0.0
325.0
48.0
0.0
0.0
0.0
38.0
0.0
0.0
0.0
43.0
0.0
71.0
25.0
0.0
0.0
0.0
0.0
38.0
0.0
0.0
25.0
0.0
64.0
0.0
0.0
0.0
0.0
150.0
46.0
51.0
0.0
0.0
0.0
145.0
0.0
43.0
0.0
0.0
0.0
0.0
0.0
28.0
0.0
0.0
132.0
0.0
0.0
0.0
109.0
102.0
0.0
0.0
0.0
10.0
239.0
185.0
0.0
0.0
109.0
5.0
0.0
99.0
0.0
0.0
0.0
3.0
307.0
0.0
0.0
0.0
5.0
0.0
180.0
0.0
0.0
0.0
109.0
86.0
23.0
0.0
5.0
0.0
0.0
0.0
0.0
0.0
0.0
0.0
0.0
0.0
0.0
0.0
0.0
10.0
0.0
0.0
20.0
61.0
0.0
0.0
0.0
64.0
3.0
8.0
0.0
5.0
0.0
0.0
0.0
0.0
30.0
0.0
102.0
0.0
48.0
0.0
0.0
0.0
0.0
0.0
0.0
163.0
28.0
0.0
0.0
3.0
0.0
41.0
0.0
0.0
0.0
0.0
0.0
0.0
0.0
10.0
0.0
13.0
5.0
0.0
0.0
0.0
114.0
0.0
0.0
0.0
0.0
0.0
8.0
0.0
3.0
0.0
0.0
0.0
3.0
0.0
119.0
97.0
5.0
46.0
0.0
8.0
NaN
NaN
5.0
NaN
NaN
NaN
NaN
NaN
NaN
41.0
8.0
NaN
NaN
NaN
NaN
NaN
NaN
NaN
NaN
NaN
NaN
NaN
3.0
3.0
5.0
NaN
3.0
5.0
NaN
196.0
386.0
0.0
46.0
0.0
3.0
0.0
0.0
0.0
0.0
0.0
0.0
0.0
46.0
312.0
5.0
0.0
109.0
3.0
33.0
137.0
0.0
0.0
79.0
0.0
0.0
0.0
76.0
0.0
0.0
163.0
157.0
66.0
170.0
147.0
66.0
8.0
0.0
0.0
0.0
0.0
122.0
23.0
53.0
0.0
0.0
8.0
0.0
53.0
0.0
0.0
0.0
0.0
0.0
0.0
0.0
0.0
99.0
30.0
0.0
0.0
0.0
0.0
0.0
203.0
76.0
89.0
10.0
0.0
0.0
0.0
0.0
0.0
13.0
0.0
0.0
30.0
0.0
0.0
0.0
46.0
66.0
0.0
0.0
15.0
0.0
0.0
8.0
43.0
155.0
99.0
102.0
0.0
0.0
0.0
76.0
51.0
0.0
0.0
25.0
48.0
20.0
0.0
0.0
48.0
84.0
0.0
0.0
0.0
104.0
0.0
13.0
0.0
0.0
25.0
38.0
0.0
0.0
46.0
33.0
109.0
30.0
76.0
0.0
0.0
0.0
0.0
0.0
5.0
3.0
0.0
0.0
0.0
0.0
0.0
0.0
5.0
0.0
38.0
0.0
0.0
0.0
0.0
0.0
51.0
0.0
25.0
13.0
0.0
0.0
0.0
64.0
0.0
0.0
0.0
0.0
0.0
0.0
0.0
0.0
0.0
0.0
0.0
0.0
25.0
0.0
0.0
0.0
76.0
0.0
64.0
0.0
0.0
0.0
0.0
104.0
25.0
0.0
0.0
5.0
23.0
36.0
104.0
91.0
0.0
0.0
0.0
25.0
0.0
0.0
0.0
0.0
213.0
64.0
0.0
0.0
0.0
94.0
28.0
5.0
13.0
0.0
287.0
137.0
0.0
0.0
0.0
89.0
13.0
0.0
0.0
0.0
0.0
0.0
0.0
0.0
53.0
0.0
0.0
10.0
0.0
0.0
0.0
0.0
0.0
0.0
5.0
53.0
8.0
18.0
0.0
119.0
0.0
46.0
0.0
0.0
0.0
36.0
0.0
15.0
0.0
0.0
0.0
0.0
0.0
41.0
0.0
0.0
0.0
0.0
163.0
20.0
0.0
0.0
0.0
0.0
0.0
0.0
0.0
0.0
0.0
0.0
0.0
0.0
0.0
0.0
0.0
74.0
10.0
0.0
97.0
0.0
15.0
0.0
61.0
0.0
0.0
0.0
0.0
0.0
0.0
0.0
5.0
0.0
0.0
104.0
0.0
0.0
0.0
0.0
0.0
0.0
0.0
0.0
10.0
41.0
58.0
13.0
0.0
0.0
0.0
0.0
0.0
0.0
0.0
0.0
18.0
0.0
0.0
599.0
0.0
0.0
0.0
0.0
0.0
0.0
0.0
0.0
0.0
335.0
0.0
0.0
0.0
0.0
0.0
0.0
0.0
53.0
0.0
0.0
107.0
0.0
0.0
0.0
0.0
0.0
0.0
0.0
0.0
0.0
61.0
89.0
0.0
0.0
0.0
434.0
5.0
0.0
345.0
0.0
43.0
0.0
0.0
0.0
0.0
0.0
0.0
20.0
0.0
0.0
0.0
0.0
0.0
0.0
74.0
241.0
0.0
0.0
0.0
0.0
0.0
20.0
0.0
0.0
0.0
0.0
61.0
79.0
0.0
0.0
175.0
0.0
0.0
0.0
0.0
3.0
0.0
0.0
0.0
89.0
5.0
0.0
0.0
246.0
0.0
10.0
0.0
0.0
0.0
0.0
0.0
244.0
79.0
287.0
0.0
0.0
0.0
0.0
0.0
155.0
122.0
472.0
0.0
0.0
0.0
0.0
239.0
5.0
0.0
0.0
58.0
30.0
0.0
0.0
0.0
74.0
152.0
0.0
36.0
0.0
0.0
0.0
0.0
0.0
36.0
0.0
0.0
23.0
15.0
5.0
0.0
0.0
20.0
0.0
0.0
0.0
0.0
0.0
0.0
71.0
0.0
0.0
0.0
0.0
13.0
0.0
0.0
0.0
0.0
20.0
86.0
28.0
0.0
0.0
0.0
0.0
0.0
0.0
0.0
0.0
0.0
76.0
0.0
0.0
0.0
0.0
13.0
0.0
0.0
0.0
0.0
0.0
0.0
0.0
0.0
0.0
0.0
0.0
25.0
0.0
0.0
38.0
0.0
0.0
0.0
0.0
13.0
0.0
33.0
8.0
0.0
0.0
0.0
0.0
0.0
0.0
0.0
0.0
0.0
13.0
0.0
0.0
0.0
0.0
0.0
0.0
56.0
0.0
64.0
0.0
51.0
25.0
0.0
0.0
0.0
152.0
0.0
0.0
0.0
0.0
0.0
165.0
0.0
0.0
0.0
0.0
8.0
38.0
0.0
0.0
0.0
0.0
0.0
79.0
0.0
0.0
0.0
0.0
0.0
23.0
0.0
0.0
0.0
0.0
51.0
89.0
0.0
0.0
0.0
0.0
0.0
0.0
51.0
0.0
51.0
0.0
0.0
0.0
0.0
0.0
0.0
0.0
0.0
0.0
13.0
0.0
0.0
64.0
8.0
0.0
0.0
8.0
28.0
0.0
0.0
0.0
226.0
0.0
0.0
0.0
0.0
5.0
0.0
28.0
315.0
0.0
5.0
0.0
8.0
0.0
0.0
0.0
43.0
23.0
0.0
0.0
335.0
58.0
160.0
0.0
0.0
20.0
132.0
18.0
0.0
0.0
0.0
122.0
0.0
0.0
94.0
0.0
58.0
0.0
69.0
0.0
0.0
30.0
0.0
0.0
0.0
33.0
0.0
0.0
0.0
150.0
30.0
0.0
333.0
51.0
25.0
0.0
0.0
0.0
0.0
0.0
0.0
0.0
0.0
38.0
13.0
0.0
13.0
0.0
0.0
25.0
0.0
0.0
0.0
0.0
0.0
0.0
0.0
94.0
0.0
0.0
0.0
46.0
15.0
8.0
0.0
41.0
0.0
0.0
0.0
5.0
0.0
0.0
127.0
0.0
43.0
0.0
53.0
0.0
0.0
10.0
0.0
0.0
0.0
0.0
175.0
10.0
56.0
8.0
0.0
5.0
0.0
0.0
0.0
0.0
10.0
0.0
0.0
0.0
0.0
0.0
0.0
0.0
0.0
8.0
0.0
41.0
0.0
213.0
0.0
0.0
0.0
0.0
0.0
0.0
0.0
145.0
86.0
267.0
8.0
0.0
10.0
0.0
58.0
0.0
10.0
33.0
84.0
0.0
0.0
0.0
180.0
0.0
0.0
0.0
0.0
0.0
56.0
0.0
0.0
0.0
0.0
0.0
173.0
0.0
109.0
0.0
5.0
28.0
15.0
0.0
0.0
0.0
0.0
0.0
0.0
5.0
5.0
61.0
0.0
0.0
0.0
NaN
NaN
0.0
0.0
0.0
0.0
0.0
0.0
0.0
0.0
0.0
0.0
0.0
0.0
5.0
0.0
23.0
56.0
0.0
0.0
10.0
0.0
0.0
0.0
0.0
25.0
0.0
5.0
0.0
0.0
0.0
0.0
0.0
0.0
0.0
0.0
0.0
0.0
5.0
0.0
94.0
0.0
0.0
0.0
0.0
94.0
114.0
0.0
0.0
51.0
102.0
25.0
0.0
0.0
0.0
0.0
0.0
51.0
0.0
0.0
0.0
33.0
0.0
0.0
25.0
0.0
0.0
10.0
25.0
0.0
0.0
10.0
5.0
0.0
0.0
0.0
0.0
0.0
8.0
0.0
0.0
0.0
76.0
0.0
0.0
0.0
0.0
0.0
0.0
0.0
51.0
0.0
0.0
0.0
0.0
25.0
0.0
0.0
0.0
0.0
25.0
0.0
0.0
0.0
38.0
0.0
0.0
0.0
84.0
312.0
38.0
0.0
0.0
0.0
0.0
64.0
25.0
0.0
0.0
0.0
0.0
0.0
0.0
0.0
0.0
0.0
0.0
38.0
0.0
0.0
25.0
0.0
0.0
0.0
0.0
0.0
0.0
0.0
0.0
0.0
0.0
0.0
3.0
102.0
130.0
0.0
0.0
51.0
0.0
0.0
0.0
0.0
0.0
76.0
102.0
0.0
0.0
135.0
0.0
0.0
30.0
0.0
0.0
0.0
0.0
10.0
58.0
0.0
0.0
0.0
0.0
0.0
0.0
0.0
0.0
0.0
0.0
0.0
94.0
0.0
0.0
58.0
206.0
5.0
0.0
0.0
0.0
0.0
23.0
15.0
0.0
0.0
0.0
38.0
0.0
0.0
0.0
0.0
0.0
0.0
0.0
79.0
28.0
0.0
33.0
0.0
5.0
0.0
0.0
0.0
0.0
0.0
0.0
0.0
0.0
0.0
137.0
61.0
0.0
0.0
0.0
287.0
0.0
0.0
0.0
0.0
277.0
36.0
0.0
13.0
28.0
0.0
10.0
0.0
0.0
0.0
0.0
3.0
0.0
137.0
0.0
0.0
0.0
0.0
178.0
0.0
0.0
0.0
0.0
28.0
0.0
0.0
0.0
0.0
0.0
0.0
79.0
0.0
0.0
0.0
0.0
0.0
79.0
0.0
0.0
10.0
739.0
18.0
0.0
0.0
23.0
163.0
384.0
5.0
0.0
0.0
0.0
0.0
0.0
5.0
0.0
0.0
163.0
0.0
0.0
0.0
0.0
0.0
0.0
23.0
0.0
0.0
0.0
0.0
8.0
135.0
74.0
0.0
8.0
0.0
0.0
0.0
8.0
0.0
0.0
0.0
0.0
0.0
206.0
3.0
20.0
0.0
0.0
0.0
0.0
0.0
0.0
0.0
0.0
0.0
0.0
0.0
0.0
10.0
0.0
0.0
0.0
0.0
10.0
0.0
0.0
0.0
170.0
5.0
0.0
0.0
0.0
0.0
0.0
28.0
173.0
0.0
36.0
0.0
0.0
333.0
0.0
0.0
0.0
124.0
0.0
119.0
86.0
5.0
0.0
0.0
0.0
0.0
0.0
0.0
0.0
0.0
0.0
0.0
0.0
0.0
5.0
0.0
0.0
0.0
0.0
0.0
0.0
0.0
0.0
0.0
0.0
41.0
23.0
0.0
0.0
0.0
8.0
198.0
81.0
0.0
0.0
0.0
0.0
0.0
5.0
0.0
0.0
38.0
18.0
0.0
0.0
0.0
0.0
234.0
0.0
0.0
0.0
0.0
0.0
97.0
5.0
69.0
0.0
150.0
28.0
58.0
0.0
18.0
0.0
8.0
0.0
0.0
0.0
196.0
5.0
0.0
25.0
0.0
0.0
0.0
0.0
10.0
142.0
0.0
0.0
0.0
0.0
0.0
0.0
0.0
0.0
0.0
0.0
257.0
193.0
112.0
0.0
0.0
0.0
0.0
0.0
246.0
0.0
0.0
0.0
0.0
0.0
0.0
0.0
0.0
0.0
0.0
0.0
51.0
0.0
0.0
0.0
0.0
0.0
0.0
0.0
0.0
76.0
0.0
0.0
0.0
0.0
25.0
0.0
0.0
0.0
180.0
0.0
51.0
51.0
25.0
25.0
0.0
0.0
0.0
0.0
25.0
0.0
0.0
25.0
13.0
25.0
64.0
64.0
0.0
0.0
0.0
25.0
64.0
51.0
0.0
30.0
0.0
51.0
51.0
0.0
69.0
0.0
0.0
399.0
20.0
0.0
46.0
23.0
0.0
0.0
0.0
0.0
0.0
0.0
0.0
0.0
0.0
0.0
61.0
51.0
20.0
0.0
0.0
0.0
0.0
0.0
0.0
0.0
0.0
0.0
0.0
0.0
0.0
0.0
0.0
0.0
0.0
0.0
0.0
0.0
0.0
137.0
0.0
0.0
0.0
0.0
0.0
0.0
0.0
0.0
0.0
0.0
3.0
0.0
0.0
114.0
0.0
142.0
0.0
0.0
0.0
0.0
0.0
89.0
48.0
8.0
0.0
NaN
NaN
0.0
0.0
0.0
5.0
0.0
0.0
66.0
135.0
0.0
0.0
208.0
10.0
0.0
0.0
61.0
0.0
0.0
0.0
109.0
0.0
8.0
0.0
0.0
0.0
66.0
0.0
0.0
0.0
5.0
0.0
0.0
0.0
183.0
0.0
0.0
3.0
0.0
99.0
0.0
3.0
109.0
0.0
0.0
3.0
0.0
0.0
0.0
5.0
0.0
0.0
0.0
8.0
264.0
0.0
5.0
0.0
3.0
0.0
0.0
0.0
0.0
0.0
0.0
3.0
10.0
0.0
5.0
0.0
0.0
51.0
0.0
33.0
8.0
0.0
5.0
58.0
5.0
0.0
0.0
0.0
0.0
0.0
0.0
0.0
0.0
124.0
3.0
0.0
0.0
0.0
0.0
0.0
0.0
48.0
5.0
3.0
20.0
0.0
0.0
0.0
0.0
0.0
0.0
0.0
58.0
0.0
0.0
323.0
183.0
0.0
0.0
577.0
0.0
0.0
0.0
0.0
0.0
0.0
0.0
180.0
0.0
0.0
0.0
43.0
0.0
0.0
0.0
0.0
168.0
3.0
0.0
13.0
0.0
0.0
91.0
5.0
193.0
0.0
0.0
0.0
236.0
0.0
0.0
81.0
5.0
0.0
0.0
0.0
0.0
119.0
5.0
NaN
NaN
58.0
NaN
NaN
NaN
NaN
NaN
28.0
NaN
119.0
NaN
NaN
NaN
41.0
NaN
NaN
NaN
NaN
NaN
91.0
86.0
198.0
64.0
74.0
56.0
20.0
0.0
0.0
0.0
0.0
0.0
0.0
0.0
0.0
0.0
0.0
20.0
43.0
0.0
0.0
0.0
15.0
58.0
119.0
0.0
15.0
5.0
0.0
0.0
0.0
0.0
61.0
0.0
81.0
0.0
51.0
127.0
0.0
127.0
NaN
NaN
8.0
23.0
25.0
NaN
NaN
25.0
NaN
NaN
NaN
NaN
NaN
114.0
NaN
76.0
25.0
76.0
NaN
NaN
NaN
5.0
NaN
NaN
NaN
NaN
NaN
NaN
NaN
NaN
NaN
81.0
NaN
NaN
76.0
NaN
NaN
NaN
NaN
NaN
NaN
51.0
38.0
NaN
28.0
76.0
102.0
38.0
25.0
64.0
76.0
150.0
NaN
NaN
NaN
NaN
NaN
NaN
NaN
53.0
NaN
NaN
NaN
NaN
53.0
NaN
NaN
NaN
NaN
NaN
140.0
76.0
NaN
13.0
NaN
127.0
25.0
25.0
NaN
NaN
NaN
13.0
NaN
25.0
127.0
NaN
NaN
NaN
NaN
46.0
NaN
NaN
5.0
NaN
79.0
401.0
NaN
25.0
NaN
NaN
NaN
127.0
NaN
NaN
5.0
NaN
NaN
NaN
NaN
104.0
NaN
NaN
NaN
NaN
NaN
NaN
NaN
NaN
NaN
NaN
NaN
33.0
81.0
53.0
89.0
64.0
NaN
64.0
33.0
NaN
3.0
NaN
NaN
NaN
NaN
NaN
NaN
3.0
NaN
NaN
NaN
NaN
NaN
NaN
5.0
8.0
NaN
3.0
292.0
23.0
NaN
15.0
NaN
NaN
NaN
NaN
NaN
NaN
NaN
8.0
3.0
5.0
NaN
193.0
NaN
5.0
5.0
5.0
NaN
119.0
5.0
NaN
NaN
3.0
NaN
NaN
NaN
NaN
NaN
13.0
NaN
NaN
43.0
NaN
NaN
NaN
8.0
56.0
NaN
NaN
NaN
NaN
NaN
10.0
3.0
NaN
36.0
5.0
5.0
NaN
NaN
15.0
5.0
NaN
NaN
NaN
NaN
18.0
5.0
NaN
NaN
NaN
30.0
NaN
NaN
NaN
747.0
315.0
NaN
NaN
5.0
NaN
NaN
NaN
NaN
NaN
NaN
NaN
NaN
246.0
5.0
NaN
NaN
NaN
36.0
NaN
NaN
NaN
NaN
NaN
NaN
43.0
NaN
NaN
NaN
NaN
117.0
NaN
NaN
10.0
NaN
119.0
213.0
NaN
NaN
NaN
NaN
36.0
23.0
79.0
NaN
NaN
NaN
NaN
NaN
290.0
NaN
NaN
NaN
5.0
NaN
NaN
28.0
NaN
211.0
64.0
NaN
NaN
NaN
NaN
NaN
302.0
NaN
33.0
NaN
NaN
NaN
117.0
NaN
NaN
NaN
5.0
NaN
8.0
23.0
NaN
NaN
5.0
NaN
NaN
48.0
NaN
NaN
226.0
94.0
NaN
30.0
NaN
163.0
188.0
91.0
61.0
NaN
NaN
5.0
NaN
NaN
NaN
NaN
NaN
NaN
3.0
NaN
NaN
NaN
41.0
5.0
353.0
8.0
10.0
41.0
NaN
NaN
58.0
56.0
5.0
5.0
20.0
0.0
61.0
0.0
0.0
0.0
0.0
0.0
13.0
79.0
18.0
117.0
0.0
8.0
3.0
0.0
0.0
0.0
0.0
0.0
33.0
74.0
0.0
64.0
76.0
0.0
0.0
NaN
NaN
NaN
NaN
NaN
NaN
396.0
81.0
13.0
25.0
0.0
76.0
25.0
NaN
NaN
NaN
NaN
NaN
NaN
NaN
NaN
NaN
NaN
NaN
NaN
NaN
NaN
NaN
178.0
203.0
76.0
NaN
NaN
25.0
51.0
NaN
NaN
NaN
NaN
NaN
NaN
NaN
51.0
76.0
NaN
51.0
NaN
NaN
NaN
102.0
NaN
NaN
51.0
25.0
NaN
51.0
127.0
51.0
76.0
NaN
NaN
NaN
NaN
NaN
NaN
NaN
NaN
102.0
51.0
NaN
NaN
51.0
NaN
NaN
NaN
25.0
NaN
NaN
NaN
NaN
36.0
NaN
NaN
NaN
NaN
NaN
NaN
30.0
NaN
NaN
NaN
NaN
NaN
NaN
NaN
NaN
NaN
NaN
NaN
NaN
NaN
NaN
NaN
NaN
NaN
NaN
NaN
178.0
51.0
NaN
NaN
NaN
NaN
NaN
25.0
38.0
NaN
NaN
NaN
NaN
NaN
8.0
107.0
NaN
NaN
86.0
NaN
8.0
NaN
NaN
5.0
3.0
NaN
30.0
NaN
5.0
66.0
NaN
84.0
246.0
NaN
NaN
NaN
119.0
5.0
58.0
61.0
5.0
28.0
NaN
3.0
NaN
33.0
NaN
0.0
0.0
0.0
0.0
0.0
NaN
5.0
8.0
NaN
211.0
104.0
13.0
NaN
8.0
NaN
NaN
10.0
NaN
NaN
NaN
13.0
10.0
41.0
NaN
NaN
NaN
NaN
NaN
119.0
117.0
NaN
94.0
NaN
15.0
NaN
NaN
NaN
NaN
NaN
NaN
33.0
NaN
NaN
91.0
28.0
NaN
36.0
NaN
NaN
NaN
NaN
NaN
8.0
107.0
NaN
NaN
NaN
NaN
53.0
NaN
NaN
NaN
13.0
5.0
NaN
41.0
3.0
15.0
NaN
NaN
NaN
NaN
109.0
NaN
NaN
8.0
NaN
79.0
5.0
NaN
NaN
107.0
NaN
NaN
NaN
5.0
30.0
NaN
NaN
8.0
NaN
NaN
NaN
NaN
NaN
NaN
NaN
79.0
NaN
NaN
NaN
NaN
NaN
NaN
145.0
NaN
NaN
NaN
NaN
104.0
51.0
79.0
5.0
NaN
NaN
NaN
NaN
NaN
NaN
NaN
NaN
NaN
NaN
NaN
58.0
28.0
NaN
NaN
NaN
NaN
NaN
NaN
NaN
53.0
74.0
NaN
NaN
NaN
NaN
23.0
3.0
NaN
NaN
NaN
NaN
NaN
NaN
43.0
NaN
NaN
NaN
28.0
NaN
145.0
NaN
NaN
168.0
NaN
NaN
NaN
NaN
NaN
NaN
NaN
NaN
13.0
69.0
5.0
NaN
58.0
NaN
NaN
NaN
5.0
61.0
160.0
NaN
NaN
NaN
NaN
NaN
NaN
NaN
NaN
NaN
NaN
NaN
NaN
5.0
25.0
25.0
38.0
NaN
NaN
NaN
NaN
NaN
69.0
NaN
NaN
NaN
76.0
NaN
NaN
NaN
NaN
NaN
64.0
NaN
NaN
NaN
NaN
NaN
0.0
0.0
76.0
NaN
64.0
NaN
NaN
NaN
NaN
NaN
NaN
NaN
NaN
NaN
NaN
NaN
NaN
NaN
NaN
NaN
76.0
NaN
NaN
NaN
NaN
NaN
13.0
NaN
NaN
NaN
NaN
NaN
NaN
NaN
13.0
NaN
NaN
NaN
NaN
NaN
NaN
NaN
NaN
NaN
58.0
NaN
NaN
13.0
NaN
NaN
NaN
NaN
NaN
10.0
48.0
NaN
61.0
51.0
NaN
NaN
NaN
NaN
NaN
NaN
8.0
130.0
NaN
114.0
5.0
NaN
NaN
NaN
89.0
10.0
13.0
NaN
NaN
NaN
NaN
NaN
NaN
NaN
99.0
20.0
NaN
NaN
5.0
NaN
8.0
NaN
5.0
74.0
NaN
3.0
NaN
NaN
5.0
10.0
NaN
10.0
175.0
NaN
NaN
66.0
5.0
NaN
198.0
NaN
NaN
NaN
NaN
3.0
130.0
NaN
NaN
66.0
8.0
3.0
145.0
NaN
NaN
41.0
36.0
NaN
NaN
NaN
81.0
NaN
NaN
NaN
5.0
NaN
3.0
NaN
NaN
307.0
NaN
NaN
203.0
99.0
5.0
3.0
NaN
NaN
NaN
155.0
3.0
NaN
142.0
NaN
NaN
NaN
66.0
NaN
NaN
NaN
NaN
NaN
NaN
91.0
NaN
30.0
NaN
NaN
221.0
NaN
NaN
NaN
NaN
NaN
30.0
91.0
104.0
3.0
180.0
NaN
NaN
NaN
NaN
NaN
NaN
NaN
124.0
373.0
NaN
NaN
NaN
NaN
5.0
NaN
5.0
NaN
NaN
NaN
36.0
53.0
NaN
NaN
5.0
NaN
NaN
NaN
NaN
NaN
5.0
NaN
NaN
NaN
NaN
NaN
NaN
NaN
NaN
NaN
NaN
NaN
NaN
NaN
160.0
NaN
NaN
NaN
5.0
61.0
NaN
3.0
NaN
69.0
NaN
NaN
NaN
NaN
NaN
76.0
NaN
NaN
28.0
79.0
5.0
NaN
43.0
8.0
10.0
NaN
48.0
NaN
28.0
NaN
NaN
NaN
NaN
NaN
NaN
NaN
NaN
NaN
NaN
142.0
NaN
NaN
NaN
NaN
NaN
NaN
NaN
NaN
NaN
NaN
66.0
5.0
8.0
NaN
NaN
NaN
218.0
NaN
36.0
NaN
NaN
NaN
NaN
NaN
NaN
NaN
NaN
NaN
30.0
NaN
NaN
NaN
NaN
NaN
NaN
NaN
NaN
NaN
NaN
NaN
145.0
NaN
NaN
NaN
127.0
NaN
NaN
NaN
NaN
36.0
NaN
NaN
NaN
3.0
NaN
NaN
NaN
NaN
5.0
81.0
NaN
NaN
193.0
NaN
NaN
NaN
NaN
NaN
NaN
211.0
81.0
NaN
10.0
5.0
NaN
NaN
NaN
NaN
NaN
196.0
15.0
NaN
28.0
NaN
NaN
30.0
38.0
15.0
NaN
NaN
NaN
NaN
NaN
NaN
114.0
NaN
NaN
NaN
NaN
NaN
NaN
NaN
NaN
NaN
38.0
NaN
NaN
0.0
0.0
0.0
18.0
0.0
0.0
0.0
8.0
0.0
81.0
20.0
5.0
0.0
0.0
0.0
0.0
5.0
0.0
0.0
0.0
0.0
0.0
0.0
3.0
0.0
0.0
142.0
0.0
0.0
0.0
0.0
0.0
0.0
114.0
28.0
0.0
0.0
0.0
15.0
104.0
13.0
0.0
0.0
0.0
15.0
48.0
0.0
0.0
NaN
NaN
0.0
0.0
0.0
0.0
76.0
NaN
NaN
NaN
0.0
0.0
0.0
76.0
0.0
0.0
0.0
0.0
0.0
NaN
0.0
13.0
0.0
0.0
76.0
0.0
0.0
0.0
0.0
38.0
25.0
102.0
0.0
0.0
0.0
114.0
0.0
51.0
0.0
51.0
0.0
0.0
0.0
114.0
0.0
0.0
0.0
178.0
0.0
566.0
0.0
0.0
295.0
0.0
117.0
0.0
0.0
0.0
0.0
0.0
0.0
0.0
0.0
25.0
0.0
0.0
0.0
549.0
76.0
0.0
0.0
0.0
0.0
0.0
0.0
0.0
10.0
0.0
0.0
0.0
0.0
0.0
0.0
0.0
51.0
0.0
58.0
86.0
0.0
0.0
0.0
0.0
51.0
0.0
0.0
0.0
104.0
0.0
0.0
64.0
0.0
0.0
0.0
0.0
137.0
8.0
0.0
0.0
0.0
277.0
0.0
79.0
0.0
0.0
0.0
0.0
8.0
0.0
10.0
0.0
0.0
0.0
0.0
0.0
0.0
0.0
0.0
0.0
0.0
0.0
0.0
0.0
0.0
0.0
28.0
18.0
0.0
0.0
0.0
20.0
23.0
5.0
28.0
48.0
0.0
10.0
0.0
0.0
0.0
0.0
5.0
94.0
18.0
0.0
0.0
0.0
0.0
0.0
0.0
79.0
74.0
0.0
0.0
0.0
94.0
185.0
0.0
0.0
0.0
5.0
0.0
61.0
0.0
64.0
0.0
0.0
0.0
5.0
61.0
69.0
0.0
10.0
38.0
0.0
0.0
0.0
0.0
5.0
28.0
0.0
3.0
0.0
5.0
3.0
132.0
23.0
5.0
5.0
0.0
0.0
0.0
284.0
89.0
5.0
0.0
0.0
18.0
0.0
3.0
89.0
0.0
0.0
0.0
0.0
0.0
41.0
NaN
NaN
0.0
0.0
0.0
0.0
0.0
0.0
0.0
74.0
0.0
0.0
0.0
0.0
0.0
0.0
0.0
132.0
0.0
0.0
0.0
0.0
0.0
0.0
0.0
267.0
76.0
0.0
0.0
0.0
0.0
0.0
0.0
109.0
0.0
361.0
0.0
0.0
0.0
0.0
0.0
71.0
0.0
0.0
89.0
0.0
64.0
0.0
0.0
0.0
0.0
53.0
0.0
0.0
0.0
51.0
0.0
0.0
0.0
0.0
0.0
0.0
81.0
76.0
0.0
0.0
0.0
0.0
0.0
23.0
0.0
0.0
76.0
0.0
0.0
0.0
0.0
0.0
0.0
0.0
0.0
0.0
0.0
76.0
0.0
0.0
0.0
0.0
64.0
0.0
0.0
0.0
432.0
0.0
0.0
0.0
89.0
0.0
0.0
0.0
356.0
64.0
0.0
0.0
0.0
0.0
0.0
0.0
0.0
0.0
193.0
0.0
0.0
135.0
0.0
0.0
76.0
0.0
0.0
0.0
0.0
0.0
0.0
0.0
0.0
0.0
0.0
0.0
0.0
0.0
318.0
0.0
0.0
0.0
104.0
0.0
0.0
0.0
0.0
5.0
0.0
74.0
0.0
0.0
0.0
0.0
0.0
0.0
36.0
0.0
0.0
20.0
84.0
0.0
0.0
0.0
0.0
0.0
99.0
0.0
28.0
0.0
0.0
15.0
0.0
8.0
0.0
0.0
0.0
0.0
0.0
0.0
0.0
0.0
0.0
0.0
0.0
0.0
0.0
66.0
0.0
38.0
0.0
0.0
46.0
0.0
0.0
5.0
8.0
0.0
0.0
0.0
0.0
13.0
0.0
0.0
0.0
0.0
41.0
0.0
0.0
0.0
122.0
0.0
0.0
0.0
53.0
3.0
53.0
0.0
3.0
0.0
0.0
0.0
0.0
0.0
0.0
0.0
0.0
25.0
0.0
0.0
0.0
0.0
0.0
18.0
28.0
86.0
3.0
5.0
170.0
0.0
0.0
0.0
0.0
48.0
53.0
142.0
0.0
0.0
0.0
3.0
0.0
0.0
0.0
0.0
0.0
0.0
0.0
0.0
3.0
0.0
0.0
5.0
0.0
0.0
10.0
102.0
0.0
0.0
0.0
0.0
0.0
0.0
0.0
0.0
0.0
0.0
417.0
5.0
3.0
107.0
0.0
0.0
0.0
0.0
0.0
0.0
41.0
0.0
0.0
0.0
0.0
0.0
163.0
0.0
0.0
0.0
0.0
0.0
0.0
41.0
56.0
10.0
61.0
0.0
8.0
66.0
23.0
0.0
0.0
0.0
0.0
0.0
124.0
0.0
0.0
15.0
0.0
165.0
0.0
0.0
185.0
0.0
0.0
218.0
38.0
20.0
5.0
0.0
0.0
0.0
51.0
0.0
0.0
0.0
66.0
8.0
0.0
0.0
0.0
0.0
0.0
262.0
124.0
5.0
0.0
0.0
0.0
0.0
0.0
86.0
0.0
0.0
5.0
0.0
0.0
53.0
3.0
0.0
0.0
0.0
53.0
51.0
3.0
0.0
3.0
0.0
71.0
0.0
0.0
0.0
3.0
0.0
0.0
0.0
0.0
0.0
0.0
0.0
0.0
0.0
0.0
0.0
0.0
117.0
262.0
10.0
0.0
0.0
33.0
94.0
97.0
216.0
0.0
0.0
0.0
135.0
0.0
0.0
51.0
13.0
0.0
0.0
0.0
0.0
0.0
0.0
117.0
0.0
0.0
86.0
0.0
119.0
0.0
25.0
0.0
0.0
0.0
0.0
213.0
0.0
84.0
0.0
0.0
201.0
0.0
0.0
0.0
0.0
0.0
0.0
30.0
0.0
13.0
0.0
0.0
0.0
0.0
13.0
0.0
0.0
0.0
165.0
0.0
0.0
0.0
51.0
0.0
0.0
0.0
0.0
102.0
0.0
13.0
0.0
0.0
38.0
0.0
0.0
0.0
0.0
0.0
25.0
0.0
0.0
36.0
0.0
41.0
0.0
0.0
0.0
0.0
140.0
0.0
0.0
64.0
0.0
76.0
0.0
0.0
51.0
0.0
0.0
0.0
0.0
38.0
0.0
0.0
0.0
0.0
0.0
0.0
0.0
0.0
51.0
0.0
0.0
0.0
25.0
0.0
0.0
0.0
76.0
0.0
0.0
0.0
0.0
0.0
0.0
0.0
0.0
0.0
0.0
0.0
0.0
NaN
0.0
0.0
0.0
0.0
0.0
0.0
0.0
127.0
51.0
0.0
0.0
0.0
0.0
NaN
0.0
0.0
0.0
0.0
0.0
0.0
109.0
0.0
0.0
0.0
0.0
0.0
0.0
160.0
0.0
0.0
0.0
0.0
0.0
0.0
97.0
201.0
0.0
0.0
0.0
0.0
0.0
130.0
5.0
0.0
0.0
0.0
0.0
0.0
0.0
79.0
0.0
0.0
0.0
0.0
157.0
23.0
33.0
0.0
109.0
0.0
0.0
5.0
23.0
0.0
0.0
180.0
0.0
0.0
0.0
0.0
0.0
0.0
0.0
0.0
0.0
0.0
0.0
0.0
0.0
0.0
0.0
0.0
0.0
0.0
0.0
0.0
36.0
41.0
0.0
5.0
0.0
41.0
0.0
23.0
94.0
89.0
112.0
0.0
0.0
0.0
66.0
61.0
0.0
119.0
0.0
0.0
0.0
0.0
20.0
0.0
8.0
119.0
0.0
0.0
0.0
0.0
0.0
0.0
132.0
0.0
99.0
36.0
0.0
0.0
25.0
0.0
0.0
0.0
0.0
0.0
20.0
0.0
3.0
99.0
0.0
0.0
23.0
38.0
0.0
5.0
0.0
0.0
20.0
3.0
0.0
0.0
0.0
0.0
10.0
36.0
0.0
0.0
0.0
0.0
0.0
0.0
0.0
3.0
NaN
NaN
0.0
0.0
0.0
0.0
0.0
0.0
0.0
107.0
5.0
74.0
0.0
0.0
0.0
10.0
0.0
0.0
0.0
0.0
0.0
0.0
122.0
0.0
0.0
0.0
0.0
0.0
0.0
0.0
0.0
0.0
0.0
124.0
361.0
36.0
38.0
0.0
0.0
0.0
305.0
142.0
20.0
10.0
0.0
0.0
0.0
5.0
0.0
0.0
0.0
117.0
0.0
0.0
0.0
0.0
0.0
5.0
94.0
74.0
142.0
376.0
48.0
0.0
0.0
0.0
0.0
0.0
264.0
0.0
0.0
0.0
8.0
0.0
0.0
0.0
0.0
28.0
0.0
0.0
41.0
0.0
0.0
0.0
193.0
0.0
0.0
0.0
0.0
0.0
0.0
61.0
0.0
0.0
122.0
0.0
0.0
0.0
51.0
64.0
0.0
0.0
0.0
0.0
0.0
