NaN
NaN
NaN
NaN
NaN
NaN
NaN
NaN
NaN
NaN
0.0
53.0
193.0
130.0
0.0
0.0
0.0
30.0
0.0
0.0
0.0
0.0
193.0
150.0
112.0
0.0
0.0
10.0
0.0
0.0
0.0
0.0
0.0
0.0
0.0
0.0
0.0
0.0
0.0
0.0
0.0
0.0
0.0
0.0
0.0
51.0
0.0
0.0
0.0
0.0
0.0
28.0
0.0
0.0
0.0
0.0
0.0
0.0
0.0
282.0
0.0
0.0
10.0
3.0
0.0
0.0
15.0
0.0
0.0
0.0
0.0
0.0
53.0
33.0
0.0
61.0
13.0
0.0
0.0
0.0
0.0
51.0
102.0
0.0
0.0
0.0
5.0
0.0
0.0
0.0
0.0
0.0
0.0
0.0
0.0
0.0
0.0
0.0
0.0
0.0
13.0
0.0
0.0
0.0
0.0
0.0
0.0
0.0
0.0
0.0
0.0
0.0
0.0
0.0
0.0
20.0
91.0
0.0
79.0
13.0
0.0
13.0
48.0
18.0
0.0
0.0
0.0
0.0
0.0
0.0
0.0
0.0
0.0
0.0
0.0
0.0
0.0
0.0
20.0
15.0
5.0
0.0
0.0
5.0
0.0
0.0
107.0
0.0
0.0
0.0
20.0
0.0
10.0
0.0
0.0
61.0
51.0
0.0
0.0
25.0
10.0
0.0
0.0
0.0
15.0
0.0
0.0
10.0
15.0
0.0
0.0
5.0
0.0
25.0
0.0
25.0
0.0
0.0
0.0
0.0
0.0
0.0
5.0
0.0
0.0
10.0
0.0
0.0
0.0
0.0
0.0
0.0
0.0
0.0
0.0
0.0
13.0
0.0
15.0
10.0
15.0
0.0
13.0
25.0
0.0
0.0
0.0
0.0
0.0
0.0
0.0
25.0
0.0
0.0
0.0
0.0
0.0
0.0
0.0
0.0
0.0
0.0
0.0
0.0
25.0
0.0
0.0
0.0
0.0
0.0
0.0
0.0
0.0
0.0
0.0
0.0
0.0
0.0
0.0
0.0
0.0
0.0
0.0
0.0
0.0
0.0
0.0
0.0
0.0
0.0
0.0
0.0
0.0
0.0
0.0
0.0
0.0
0.0
0.0
0.0
0.0
0.0
10.0
0.0
0.0
0.0
20.0
46.0
5.0
25.0
0.0
0.0
0.0
46.0
0.0
0.0
0.0
0.0
0.0
0.0
0.0
0.0
0.0
0.0
0.0
25.0
0.0
0.0
20.0
0.0
318.0
180.0
30.0
0.0
0.0
0.0
0.0
13.0
0.0
0.0
0.0
0.0
76.0
0.0
0.0
0.0
0.0
0.0
0.0
61.0
0.0
0.0
0.0
0.0
0.0
0.0
0.0
0.0
0.0
0.0
0.0
0.0
0.0
0.0
0.0
0.0
0.0
0.0
0.0
0.0
0.0
107.0
0.0
0.0
0.0
0.0
0.0
0.0
140.0
5.0
10.0
0.0
0.0
0.0
0.0
0.0
0.0
0.0
38.0
20.0
53.0
0.0
0.0
33.0
0.0
36.0
41.0
0.0
0.0
8.0
64.0
84.0
0.0
107.0
173.0
0.0
127.0
102.0
0.0
0.0
0.0
0.0
0.0
8.0
0.0
0.0
53.0
0.0
0.0
36.0
0.0
0.0
0.0
0.0
0.0
0.0
0.0
0.0
58.0
0.0
69.0
135.0
64.0
0.0
0.0
0.0
0.0
0.0
0.0
0.0
0.0
0.0
0.0
0.0
0.0
0.0
0.0
0.0
30.0
0.0
0.0
0.0
0.0
201.0
0.0
0.0
0.0
0.0
10.0
25.0
0.0
0.0
0.0
0.0
0.0
0.0
0.0
56.0
0.0
0.0
91.0
46.0
0.0
20.0
0.0
0.0
0.0
0.0
0.0
0.0
53.0
8.0
0.0
0.0
0.0
0.0
0.0
0.0
0.0
0.0
0.0
0.0
64.0
0.0
0.0
0.0
0.0
18.0
150.0
0.0
0.0
0.0
0.0
69.0
0.0
0.0
0.0
0.0
0.0
10.0
0.0
0.0
18.0
66.0
132.0
0.0
0.0
0.0
0.0
0.0
0.0
18.0
41.0
0.0
0.0
0.0
254.0
0.0
0.0
0.0
0.0
152.0
127.0
0.0
0.0
0.0
0.0
0.0
0.0
0.0
0.0
51.0
0.0
0.0
0.0
0.0
0.0
0.0
0.0
10.0
10.0
15.0
25.0
23.0
0.0
0.0
0.0
0.0
0.0
0.0
0.0
0.0
13.0
0.0
0.0
0.0
0.0
0.0
0.0
0.0
0.0
0.0
15.0
15.0
0.0
0.0
0.0
0.0
0.0
0.0
20.0
0.0
25.0
0.0
0.0
0.0
0.0
0.0
0.0
20.0
0.0
0.0
0.0
0.0
25.0
51.0
25.0
0.0
13.0
0.0
0.0
0.0
0.0
0.0
25.0
0.0
0.0
0.0
25.0
0.0
0.0
15.0
0.0
0.0
0.0
0.0
0.0
0.0
0.0
0.0
0.0
0.0
0.0
0.0
0.0
0.0
0.0
0.0
0.0
0.0
0.0
15.0
0.0
0.0
20.0
41.0
0.0
0.0
0.0
0.0
0.0
0.0
0.0
0.0
0.0
0.0
0.0
0.0
0.0
0.0
0.0
0.0
0.0
51.0
76.0
0.0
0.0
0.0
0.0
0.0
0.0
0.0
0.0
0.0
0.0
0.0
0.0
0.0
18.0
0.0
0.0
0.0
0.0
0.0
0.0
107.0
0.0
0.0
0.0
0.0
0.0
15.0
0.0
0.0
0.0
0.0
0.0
0.0
13.0
0.0
0.0
0.0
0.0
5.0
3.0
0.0
0.0
0.0
5.0
0.0
0.0
28.0
0.0
0.0
0.0
0.0
0.0
0.0
0.0
0.0
0.0
5.0
0.0
0.0
33.0
0.0
0.0
0.0
0.0
0.0
15.0
0.0
0.0
0.0
0.0
0.0
0.0
330.0
0.0
0.0
0.0
33.0
0.0
15.0
43.0
160.0
0.0
0.0
0.0
0.0
0.0
0.0
0.0
0.0
69.0
0.0
0.0
0.0
0.0
0.0
0.0
0.0
51.0
66.0
0.0
0.0
0.0
206.0
13.0
0.0
0.0
0.0
0.0
0.0
0.0
0.0
140.0
53.0
0.0
0.0
84.0
0.0
0.0
0.0
0.0
0.0
0.0
0.0
0.0
86.0
38.0
0.0
0.0
46.0
15.0
0.0
10.0
0.0
0.0
46.0
0.0
0.0
0.0
0.0
0.0
0.0
0.0
0.0
0.0
0.0
0.0
0.0
170.0
13.0
0.0
15.0
0.0
117.0
140.0
0.0
0.0
0.0
0.0
0.0
0.0
38.0
0.0
0.0
0.0
0.0
71.0
13.0
0.0
0.0
0.0
0.0
0.0
0.0
0.0
13.0
0.0
0.0
10.0
0.0
0.0
41.0
0.0
51.0
30.0
0.0
28.0
15.0
0.0
0.0
0.0
0.0
0.0
30.0
33.0
0.0
0.0
0.0
0.0
0.0
0.0
76.0
46.0
0.0
0.0
188.0
0.0
5.0
5.0
0.0
0.0
0.0
0.0
0.0
0.0
5.0
0.0
0.0
28.0
0.0
0.0
0.0
0.0
0.0
0.0
0.0
0.0
0.0
0.0
0.0
0.0
0.0
0.0
0.0
0.0
102.0
0.0
0.0
0.0
0.0
0.0
0.0
0.0
0.0
15.0
10.0
0.0
0.0
0.0
0.0
0.0
0.0
0.0
0.0
0.0
15.0
10.0
0.0
0.0
0.0
0.0
0.0
0.0
25.0
0.0
15.0
0.0
0.0
0.0
0.0
0.0
0.0
0.0
0.0
0.0
0.0
0.0
0.0
0.0
0.0
0.0
0.0
0.0
0.0
0.0
0.0
0.0
0.0
76.0
0.0
102.0
0.0
0.0
15.0
0.0
0.0
0.0
102.0
0.0
0.0
0.0
0.0
0.0
0.0
0.0
0.0
0.0
0.0
0.0
15.0
0.0
0.0
0.0
0.0
0.0
0.0
0.0
0.0
0.0
0.0
15.0
0.0
0.0
0.0
0.0
0.0
0.0
0.0
0.0
0.0
0.0
0.0
0.0
0.0
0.0
0.0
25.0
0.0
0.0
0.0
0.0
0.0
30.0
0.0
0.0
0.0
0.0
0.0
0.0
0.0
0.0
0.0
0.0
0.0
0.0
0.0
0.0
0.0
15.0
0.0
76.0
15.0
0.0
0.0
25.0
66.0
28.0
0.0
25.0
0.0
0.0
0.0
0.0
0.0
0.0
0.0
0.0
20.0
0.0
0.0
0.0
13.0
0.0
0.0
0.0
0.0
0.0
0.0
0.0
0.0
0.0
0.0
0.0
0.0
0.0
0.0
0.0
0.0
0.0
0.0
0.0
0.0
0.0
0.0
0.0
0.0
0.0
0.0
81.0
5.0
137.0
33.0
0.0
0.0
0.0
0.0
0.0
0.0
0.0
0.0
0.0
0.0
0.0
0.0
0.0
198.0
0.0
0.0
0.0
0.0
0.0
0.0
0.0
0.0
0.0
0.0
0.0
0.0
0.0
0.0
0.0
234.0
64.0
15.0
0.0
38.0
0.0
0.0
0.0
0.0
0.0
0.0
0.0
41.0
53.0
5.0
0.0
33.0
38.0
30.0
0.0
30.0
13.0
0.0
25.0
145.0
635.0
51.0
15.0
137.0
142.0
33.0
15.0
0.0
0.0
0.0
10.0
0.0
0.0
0.0
0.0
0.0
112.0
0.0
0.0
0.0
0.0
15.0
0.0
0.0
0.0
0.0
0.0
0.0
84.0
0.0
0.0
0.0
30.0
0.0
0.0
0.0
0.0
0.0
0.0
0.0
0.0
114.0
0.0
0.0
99.0
0.0
0.0
0.0
0.0
0.0
0.0
0.0
23.0
0.0
218.0
0.0
0.0
0.0
23.0
0.0
0.0
0.0
0.0
0.0
267.0
0.0
0.0
0.0
0.0
0.0
0.0
0.0
0.0
178.0
0.0
0.0
8.0
142.0
0.0
0.0
173.0
38.0
0.0
0.0
0.0
0.0
0.0
0.0
0.0
0.0
56.0
36.0
0.0
0.0
0.0
0.0
0.0
0.0
36.0
0.0
5.0
351.0
0.0
0.0
0.0
0.0
0.0
0.0
0.0
NaN
NaN
0.0
0.0
0.0
0.0
0.0
0.0
0.0
53.0
15.0
0.0
0.0
0.0
0.0
0.0
0.0
0.0
0.0
0.0
0.0
0.0
0.0
0.0
28.0
0.0
0.0
0.0
0.0
0.0
0.0
0.0
0.0
0.0
0.0
51.0
0.0
0.0
0.0
0.0
0.0
89.0
51.0
20.0
0.0
0.0
0.0
0.0
15.0
51.0
25.0
0.0
0.0
0.0
41.0
0.0
0.0
0.0
0.0
0.0
0.0
0.0
0.0
0.0
0.0
0.0
64.0
102.0
0.0
15.0
0.0
0.0
0.0
0.0
0.0
51.0
0.0
0.0
0.0
0.0
0.0
0.0
0.0
0.0
25.0
15.0
0.0
0.0
0.0
0.0
0.0
0.0
0.0
0.0
0.0
0.0
0.0
0.0
0.0
0.0
0.0
0.0
0.0
0.0
51.0
51.0
51.0
0.0
0.0
0.0
0.0
0.0
0.0
0.0
25.0
102.0
0.0
0.0
25.0
25.0
0.0
0.0
0.0
0.0
0.0
36.0
0.0
0.0
0.0
0.0
NaN
25.0
76.0
0.0
0.0
51.0
0.0
0.0
0.0
0.0
0.0
0.0
0.0
0.0
0.0
0.0
0.0
0.0
0.0
0.0
0.0
51.0
25.0
0.0
0.0
0.0
0.0
NaN
0.0
0.0
0.0
0.0
25.0
25.0
NaN
0.0
NaN
0.0
0.0
0.0
NaN
0.0
0.0
0.0
0.0
0.0
0.0
0.0
0.0
0.0
0.0
51.0
0.0
0.0
0.0
0.0
0.0
0.0
0.0
0.0
0.0
0.0
51.0
0.0
0.0
0.0
0.0
0.0
0.0
0.0
28.0
0.0
0.0
0.0
0.0
0.0
229.0
5.0
152.0
15.0
0.0
0.0
0.0
0.0
15.0
0.0
48.0
8.0
0.0
0.0
160.0
48.0
0.0
0.0
0.0
0.0
0.0
0.0
28.0
163.0
218.0
0.0
NaN
0.0
0.0
0.0
0.0
48.0
20.0
0.0
0.0
0.0
0.0
10.0
0.0
58.0
0.0
0.0
0.0
0.0
0.0
0.0
0.0
0.0
43.0
0.0
0.0
0.0
0.0
0.0
0.0
0.0
0.0
0.0
0.0
0.0
0.0
0.0
0.0
0.0
0.0
0.0
0.0
0.0
0.0
0.0
0.0
0.0
15.0
66.0
0.0
0.0
0.0
0.0
0.0
0.0
0.0
10.0
0.0
0.0
0.0
0.0
0.0
0.0
69.0
13.0
0.0
0.0
0.0
25.0
0.0
8.0
15.0
81.0
0.0
0.0
0.0
0.0
0.0
0.0
0.0
0.0
0.0
10.0
25.0
0.0
38.0
38.0
64.0
0.0
66.0
0.0
8.0
282.0
0.0
0.0
0.0
0.0
0.0
0.0
97.0
56.0
30.0
0.0
15.0
0.0
0.0
0.0
0.0
0.0
0.0
0.0
124.0
71.0
38.0
0.0
0.0
0.0
46.0
0.0
124.0
15.0
51.0
0.0
0.0
0.0
8.0
0.0
0.0
0.0
0.0
30.0
38.0
5.0
0.0
0.0
0.0
0.0
10.0
0.0
0.0
0.0
0.0
0.0
0.0
0.0
0.0
0.0
10.0
0.0
0.0
0.0
0.0
0.0
0.0
0.0
0.0
0.0
0.0
0.0
0.0
0.0
0.0
0.0
0.0
20.0
0.0
0.0
0.0
0.0
0.0
0.0
0.0
0.0
0.0
41.0
0.0
0.0
0.0
0.0
0.0
0.0
0.0
15.0
0.0
0.0
0.0
0.0
0.0
25.0
0.0
0.0
0.0
0.0
0.0
0.0
8.0
0.0
94.0
3.0
8.0
5.0
0.0
107.0
20.0
0.0
0.0
0.0
0.0
0.0
0.0
0.0
0.0
99.0
5.0
0.0
201.0
0.0
0.0
0.0
13.0
30.0
0.0
0.0
0.0
0.0
0.0
0.0
0.0
0.0
0.0
0.0
5.0
0.0
36.0
15.0
0.0
0.0
0.0
0.0
254.0
127.0
66.0
43.0
122.0
5.0
69.0
13.0
0.0
8.0
0.0
0.0
0.0
0.0
8.0
36.0
0.0
8.0
0.0
0.0
0.0
5.0
1867.0
8.0
23.0
160.0
150.0
5.0
18.0
0.0
41.0
15.0
0.0
8.0
0.0
99.0
0.0
112.0
140.0
368.0
20.0
0.0
0.0
0.0
94.0
0.0
0.0
0.0
56.0
8.0
127.0
58.0
86.0
30.0
0.0
66.0
0.0
10.0
0.0
0.0
0.0
0.0
0.0
94.0
307.0
23.0
0.0
5.0
0.0
0.0
0.0
0.0
0.0
0.0
0.0
48.0
5.0
0.0
0.0
0.0
28.0
8.0
0.0
0.0
56.0
5.0
8.0
5.0
0.0
0.0
137.0
0.0
0.0
0.0
0.0
0.0
0.0
0.0
0.0
0.0
0.0
25.0
0.0
18.0
0.0
0.0
0.0
0.0
0.0
0.0
0.0
0.0
0.0
0.0
8.0
0.0
0.0
0.0
0.0
0.0
0.0
0.0
0.0
0.0
0.0
0.0
0.0
0.0
0.0
0.0
0.0
0.0
0.0
0.0
66.0
122.0
15.0
0.0
0.0
25.0
38.0
0.0
0.0
0.0
0.0
0.0
0.0
0.0
0.0
152.0
0.0
15.0
20.0
0.0
0.0
25.0
0.0
0.0
0.0
0.0
0.0
0.0
0.0
0.0
0.0
0.0
0.0
0.0
30.0
36.0
0.0
0.0
20.0
102.0
0.0
0.0
0.0
15.0
0.0
0.0
15.0
0.0
0.0
0.0
0.0
0.0
0.0
0.0
0.0
0.0
15.0
20.0
30.0
10.0
0.0
0.0
20.0
25.0
0.0
0.0
10.0
25.0
0.0
0.0
0.0
0.0
0.0
0.0
0.0
30.0
0.0
10.0
0.0
0.0
0.0
25.0
97.0
0.0
30.0
0.0
10.0
0.0
0.0
0.0
0.0
15.0
41.0
61.0
0.0
30.0
51.0
0.0
0.0
0.0
0.0
0.0
10.0
0.0
0.0
0.0
0.0
0.0
25.0
0.0
0.0
10.0
0.0
41.0
15.0
0.0
0.0
20.0
0.0
0.0
0.0
46.0
15.0
0.0
0.0
0.0
0.0
0.0
0.0
0.0
0.0
0.0
0.0
0.0
0.0
0.0
0.0
0.0
0.0
0.0
0.0
229.0
23.0
0.0
23.0
0.0
0.0
0.0
0.0
0.0
0.0
0.0
0.0
0.0
0.0
0.0
0.0
0.0
0.0
0.0
0.0
0.0
0.0
0.0
0.0
0.0
0.0
61.0
0.0
0.0
0.0
0.0
0.0
0.0
0.0
0.0
0.0
0.0
0.0
0.0
0.0
15.0
0.0
0.0
0.0
0.0
0.0
0.0
0.0
0.0
46.0
20.0
0.0
0.0
25.0
56.0
0.0
157.0
8.0
91.0
13.0
0.0
94.0
0.0
0.0
0.0
0.0
0.0
89.0
0.0
269.0
69.0
23.0
10.0
8.0
0.0
0.0
0.0
0.0
0.0
0.0
0.0
0.0
0.0
0.0
0.0
0.0
0.0
38.0
0.0
20.0
18.0
0.0
0.0
0.0
0.0
0.0
0.0
0.0
0.0
0.0
0.0
0.0
23.0
8.0
152.0
10.0
0.0
0.0
0.0
0.0
0.0
0.0
0.0
0.0
84.0
0.0
15.0
277.0
0.0
0.0
0.0
0.0
0.0
0.0
20.0
8.0
15.0
0.0
0.0
0.0
0.0
0.0
5.0
18.0
0.0
0.0
0.0
0.0
0.0
0.0
0.0
0.0
0.0
0.0
10.0
0.0
0.0
0.0
0.0
10.0
0.0
0.0
0.0
0.0
0.0
0.0
0.0
0.0
10.0
0.0
0.0
0.0
0.0
0.0
0.0
0.0
0.0
0.0
0.0
0.0
15.0
0.0
0.0
0.0
28.0
8.0
0.0
0.0
0.0
0.0
0.0
0.0
0.0
0.0
0.0
0.0
0.0
0.0
0.0
0.0
0.0
0.0
0.0
0.0
0.0
20.0
0.0
0.0
0.0
0.0
0.0
0.0
0.0
0.0
0.0
0.0
0.0
0.0
0.0
0.0
0.0
0.0
0.0
0.0
0.0
0.0
0.0
0.0
0.0
0.0
0.0
15.0
0.0
10.0
0.0
0.0
0.0
10.0
0.0
0.0
61.0
10.0
0.0
20.0
0.0
0.0
15.0
76.0
0.0
0.0
0.0
0.0
71.0
0.0
0.0
0.0
0.0
0.0
0.0
20.0
0.0
20.0
0.0
0.0
41.0
0.0
0.0
15.0
30.0
0.0
0.0
0.0
0.0
0.0
0.0
0.0
0.0
0.0
0.0
0.0
0.0
20.0
15.0
0.0
0.0
0.0
56.0
0.0
0.0
10.0
10.0
25.0
0.0
10.0
61.0
0.0
0.0
0.0
0.0
0.0
0.0
46.0
20.0
41.0
10.0
0.0
0.0
0.0
0.0
0.0
15.0
0.0
0.0
15.0
0.0
15.0
0.0
30.0
10.0
0.0
0.0
0.0
0.0
10.0
102.0
0.0
0.0
0.0
0.0
0.0
0.0
0.0
0.0
0.0
0.0
0.0
0.0
0.0
0.0
0.0
0.0
0.0
0.0
0.0
0.0
0.0
36.0
0.0
0.0
81.0
10.0
0.0
0.0
0.0
0.0
0.0
0.0
0.0
0.0
0.0
0.0
0.0
0.0
0.0
0.0
0.0
0.0
0.0
0.0
0.0
0.0
0.0
0.0
0.0
0.0
0.0
0.0
0.0
0.0
0.0
0.0
10.0
0.0
0.0
0.0
8.0
0.0
0.0
0.0
0.0
0.0
0.0
25.0
300.0
269.0
0.0
0.0
0.0
20.0
0.0
0.0
0.0
0.0
99.0
33.0
0.0
53.0
188.0
0.0
0.0
0.0
0.0
0.0
0.0
0.0
15.0
30.0
23.0
46.0
0.0
0.0
0.0
28.0
119.0
168.0
0.0
0.0
0.0
0.0
64.0
86.0
0.0
127.0
0.0
15.0
178.0
5.0
46.0
8.0
28.0
0.0
0.0
0.0
0.0
0.0
0.0
0.0
18.0
5.0
23.0
119.0
0.0
170.0
0.0
0.0
0.0
0.0
0.0
5.0
0.0
241.0
71.0
51.0
20.0
18.0
0.0
0.0
0.0
0.0
0.0
0.0
0.0
0.0
0.0
10.0
0.0
0.0
0.0
18.0
89.0
178.0
43.0
0.0
25.0
15.0
30.0
0.0
8.0
64.0
8.0
10.0
13.0
25.0
0.0
0.0
0.0
0.0
0.0
0.0
0.0
13.0
18.0
18.0
0.0
0.0
0.0
25.0
0.0
15.0
10.0
79.0
8.0
36.0
419.0
0.0
18.0
66.0
18.0
0.0
86.0
353.0
0.0
0.0
0.0
18.0
0.0
0.0
0.0
15.0
10.0
10.0
0.0
81.0
51.0
18.0
36.0
114.0
56.0
15.0
5.0
0.0
0.0
0.0
0.0
0.0
13.0
15.0
0.0
0.0
0.0
0.0
0.0
0.0
0.0
0.0
0.0
0.0
0.0
119.0
0.0
0.0
0.0
0.0
0.0
0.0
0.0
0.0
0.0
0.0
0.0
0.0
0.0
10.0
0.0
0.0
0.0
0.0
0.0
8.0
8.0
0.0
0.0
0.0
0.0
0.0
0.0
0.0
0.0
0.0
51.0
0.0
0.0
20.0
36.0
0.0
0.0
0.0
0.0
0.0
0.0
0.0
10.0
36.0
25.0
20.0
0.0
0.0
0.0
10.0
0.0
0.0
15.0
0.0
51.0
51.0
15.0
10.0
0.0
0.0
20.0
15.0
25.0
0.0
0.0
0.0
25.0
0.0
0.0
0.0
0.0
36.0
0.0
0.0
0.0
0.0
30.0
0.0
0.0
0.0
51.0
0.0
0.0
0.0
0.0
0.0
0.0
0.0
0.0
15.0
0.0
0.0
0.0
0.0
0.0
0.0
0.0
0.0
10.0
25.0
0.0
0.0
0.0
0.0
0.0
0.0
0.0
0.0
0.0
0.0
0.0
0.0
0.0
0.0
0.0
0.0
0.0
0.0
0.0
10.0
0.0
0.0
0.0
0.0
10.0
0.0
0.0
10.0
0.0
76.0
36.0
0.0
5.0
0.0
0.0
0.0
0.0
0.0
0.0
0.0
0.0
0.0
0.0
0.0
0.0
0.0
0.0
0.0
0.0
0.0
0.0
0.0
0.0
20.0
0.0
0.0
0.0
0.0
0.0
0.0
0.0
0.0
0.0
0.0
56.0
36.0
0.0
30.0
0.0
0.0
104.0
8.0
0.0
18.0
0.0
0.0
25.0
0.0
0.0
0.0
0.0
0.0
0.0
0.0
10.0
0.0
0.0
0.0
0.0
0.0
0.0
0.0
0.0
0.0
0.0
0.0
0.0
0.0
0.0
0.0
5.0
0.0
0.0
10.0
10.0
150.0
0.0
0.0
0.0
0.0
0.0
0.0
0.0
0.0
0.0
0.0
0.0
0.0
8.0
259.0
132.0
0.0
0.0
0.0
0.0
0.0
221.0
8.0
0.0
0.0
0.0
69.0
8.0
23.0
0.0
0.0
0.0
0.0
0.0
51.0
0.0
0.0
13.0
0.0
0.0
251.0
0.0
0.0
0.0
15.0
196.0
0.0
0.0
64.0
0.0
0.0
13.0
0.0
0.0
8.0
56.0
0.0
0.0
114.0
48.0
0.0
0.0
94.0
23.0
130.0
0.0
0.0
0.0
165.0
0.0
0.0
86.0
0.0
13.0
0.0
0.0
0.0
15.0
64.0
0.0
8.0
0.0
0.0
0.0
0.0
0.0
0.0
0.0
0.0
0.0
0.0
0.0
0.0
0.0
0.0
137.0
13.0
0.0
8.0
5.0
0.0
0.0
5.0
5.0
0.0
20.0
0.0
0.0
0.0
221.0
0.0
0.0
0.0
122.0
0.0
0.0
0.0
0.0
0.0
0.0
0.0
0.0
0.0
0.0
0.0
340.0
3.0
20.0
6.0
7.0
5.0
85.0
0.0
3.0
0.0
0.0
0.0
0.0
0.0
9.0
0.0
65.0
0.0
0.0
2.0
3.0
3.0
4.0
4.0
0.0
0.0
0.0
0.0
7.0
4.0
0.0
20.0
22.0
0.0
0.0
0.0
0.0
0.0
0.0
0.0
0.0
0.0
20.0
19.0
0.0
10.0
0.0
20.0
0.0
0.0
0.0
0.0
0.0
65.0
0.0
0.0
0.0
0.0
0.0
0.0
30.0
28.0
0.0
0.0
0.0
0.0
20.0
0.0
0.0
0.0
0.0
16.0
8.0
0.0
2.0
34.0
0.0
20.0
0.0
0.0
0.0
0.0
6.0
0.0
0.0
0.0
0.0
0.0
0.0
0.0
0.0
10.0
2.0
0.0
0.0
0.0
0.0
8.0
24.0
0.0
12.0
0.0
0.0
0.0
0.0
0.0
0.0
34.0
0.0
0.0
0.0
0.0
0.0
0.0
0.0
0.0
0.0
18.0
6.0
0.0
0.0
0.0
0.0
0.0
0.0
0.0
4.0
0.0
0.0
0.0
0.0
0.0
0.0
2.0
14.0
8.0
0.0
0.0
2.0
4.0
0.0
0.0
0.0
2.0
2.0
4.0
18.0
4.0
0.0
0.0
4.0
20.0
0.0
14.0
38.0
6.0
0.0
0.0
0.0
0.0
0.0
0.0
0.0
12.0
2.0
8.0
0.0
0.0
0.0
2.0
2.0
0.0
0.0
0.0
2.0
0.0
24.0
30.0
4.0
6.0
6.0
4.0
0.0
0.0
0.0
0.0
0.0
42.0
55.0
20.0
4.0
0.0
0.0
26.0
24.0
0.0
24.0
0.0
20.0
0.0
24.0
0.0
0.0
58.0
14.0
0.0
0.0
28.0
0.0
0.0
0.0
25.0
59.0
73.0
20.0
0.0
5.0
170.0
118.0
63.0
0.0
0.0
0.0
0.0
28.0
2.0
0.0
0.0
152.0
30.0
64.0
65.0
0.0
0.0
0.0
0.0
65.0
25.0
0.0
0.0
46.0
5.0
0.0
0.0
0.0
0.0
200.0
4.0
0.0
0.0
0.0
27.0
7.0
0.0
0.0
67.0
0.0
0.0
87.0
81.0
124.0
108.0
48.0
3.0
0.0
0.0
6.0
0.0
0.0
0.0
0.0
0.0
0.0
26.0
25.0
0.0
0.0
0.0
0.0
0.0
46.0
204.0
0.0
0.0
0.0
20.0
0.0
0.0
43.0
0.0
0.0
0.0
0.0
0.0
0.0
0.0
0.0
0.0
0.0
0.0
0.0
0.0
30.0
38.0
0.0
120.0
0.0
0.0
0.0
21.0
0.0
0.0
0.0
46.0
0.0
48.0
0.0
0.0
0.0
0.0
0.0
0.0
0.0
20.0
42.0
21.0
0.0
0.0
0.0
0.0
258.0
5.0
0.0
0.0
0.0
6.0
0.0
0.0
8.0
0.0
0.0
0.0
0.0
0.0
0.0
0.0
0.0
0.0
0.0
23.0
0.0
0.0
0.0
222.0
60.0
4.0
5.0
19.0
2.0
25.0
0.0
0.0
18.0
279.0
19.0
20.0
0.0
0.0
0.0
0.0
6.0
0.0
2.0
0.0
0.0
0.0
0.0
0.0
0.0
0.0
0.0
0.0
0.0
0.0
NaN
NaN
0.0
0.0
0.0
0.0
0.0
0.0
18.0
0.0
0.0
0.0
0.0
0.0
5.0
0.0
0.0
17.0
104.0
21.0
0.0
16.0
0.0
0.0
0.0
0.0
0.0
0.0
0.0
0.0
10.0
16.0
0.0
0.0
0.0
0.0
6.0
14.0
6.0
0.0
4.0
0.0
6.0
0.0
18.0
0.0
0.0
0.0
0.0
0.0
0.0
0.0
0.0
10.0
12.0
0.0
16.0
14.0
0.0
0.0
0.0
0.0
0.0
0.0
50.0
0.0
0.0
0.0
14.0
50.0
20.0
0.0
20.0
0.0
0.0
0.0
0.0
0.0
0.0
0.0
0.0
0.0
0.0
0.0
0.0
0.0
0.0
0.0
0.0
0.0
0.0
0.0
0.0
0.0
0.0
4.0
8.0
16.0
0.0
0.0
10.0
66.0
0.0
0.0
0.0
0.0
0.0
0.0
0.0
0.0
0.0
0.0
0.0
0.0
24.0
4.0
4.0
4.0
0.0
0.0
0.0
0.0
0.0
0.0
0.0
0.0
0.0
0.0
2.0
0.0
0.0
38.0
24.0
0.0
0.0
0.0
0.0
0.0
0.0
0.0
0.0
8.0
0.0
28.0
12.0
8.0
0.0
0.0
0.0
0.0
0.0
0.0
0.0
8.0
0.0
0.0
0.0
0.0
4.0
8.0
0.0
0.0
14.0
12.0
0.0
2.0
0.0
0.0
0.0
0.0
0.0
0.0
0.0
0.0
0.0
0.0
0.0
2.0
0.0
0.0
0.0
0.0
0.0
0.0
0.0
0.0
0.0
0.0
0.0
0.0
0.0
0.0
0.0
0.0
0.0
0.0
0.0
0.0
0.0
0.0
0.0
0.0
0.0
0.0
0.0
0.0
0.0
0.0
0.0
0.0
0.0
0.0
0.0
0.0
0.0
0.0
0.0
0.0
0.0
0.0
0.0
0.0
5.0
19.0
0.0
0.0
0.0
0.0
0.0
0.0
0.0
0.0
0.0
0.0
0.0
0.0
0.0
6.0
0.0
0.0
0.0
0.0
0.0
44.0
0.0
0.0
0.0
66.0
0.0
0.0
0.0
0.0
0.0
0.0
0.0
40.0
50.0
0.0
0.0
0.0
0.0
0.0
0.0
19.0
6.0
0.0
7.0
0.0
0.0
0.0
331.0
42.0
5.0
0.0
0.0
0.0
105.0
4.0
0.0
0.0
0.0
0.0
0.0
8.0
0.0
0.0
67.0
66.0
7.0
0.0
24.0
4.0
0.0
120.0
0.0
0.0
65.0
0.0
0.0
0.0
0.0
0.0
20.0
5.0
0.0
0.0
0.0
319.0
12.0
3.0
43.0
161.0
0.0
0.0
121.0
4.0
0.0
25.0
0.0
0.0
148.0
8.0
0.0
209.0
1000.0
0.0
0.0
0.0
0.0
0.0
0.0
0.0
80.0
23.0
0.0
0.0
39.0
0.0
258.0
4.0
0.0
0.0
22.0
23.0
0.0
0.0
0.0
0.0
0.0
63.0
6.0
4.0
0.0
25.0
48.0
0.0
26.0
5.0
7.0
0.0
0.0
0.0
0.0
0.0
0.0
24.0
26.0
24.0
0.0
0.0
0.0
0.0
0.0
0.0
69.0
8.0
0.0
0.0
0.0
0.0
0.0
165.0
22.0
0.0
0.0
0.0
0.0
22.0
0.0
0.0
0.0
0.0
0.0
0.0
0.0
0.0
0.0
0.0
0.0
0.0
0.0
6.0
16.0
20.0
18.0
0.0
0.0
0.0
0.0
0.0
0.0
0.0
0.0
0.0
0.0
0.0
0.0
0.0
0.0
0.0
0.0
0.0
0.0
4.0
8.0
0.0
0.0
0.0
0.0
2.0
0.0
6.0
0.0
2.0
0.0
0.0
0.0
0.0
0.0
0.0
6.0
2.0
0.0
4.0
0.0
0.0
0.0
0.0
8.0
0.0
4.0
0.0
0.0
0.0
0.0
0.0
0.0
2.0
0.0
0.0
0.0
4.0
6.0
0.0
4.0
4.0
0.0
0.0
0.0
0.0
0.0
0.0
2.0
0.0
0.0
0.0
0.0
0.0
0.0
0.0
0.0
0.0
6.0
0.0
0.0
0.0
0.0
10.0
8.0
0.0
0.0
0.0
6.0
4.0
38.0
0.0
0.0
0.0
0.0
0.0
0.0
0.0
0.0
0.0
0.0
0.0
0.0
0.0
0.0
0.0
0.0
0.0
0.0
0.0
0.0
0.0
0.0
0.0
24.0
4.0
0.0
0.0
0.0
0.0
0.0
0.0
0.0
0.0
0.0
0.0
0.0
0.0
0.0
0.0
0.0
0.0
0.0
0.0
0.0
0.0
66.0
81.0
0.0
42.0
0.0
0.0
0.0
0.0
0.0
0.0
0.0
0.0
0.0
0.0
0.0
0.0
4.0
0.0
0.0
46.0
0.0
0.0
0.0
0.0
0.0
20.0
0.0
8.0
40.0
0.0
0.0
8.0
3.0
0.0
0.0
0.0
101.0
5.0
0.0
0.0
0.0
0.0
0.0
0.0
0.0
0.0
0.0
0.0
0.0
0.0
0.0
0.0
0.0
0.0
0.0
0.0
0.0
0.0
3.0
107.0
82.0
32.0
0.0
0.0
0.0
298.0
0.0
0.0
0.0
0.0
0.0
0.0
124.0
0.0
22.0
2.0
0.0
7.0
7.0
0.0
4.0
80.0
45.0
59.0
0.0
243.0
0.0
0.0
0.0
0.0
0.0
106.0
3.0
0.0
0.0
8.0
3.0
0.0
0.0
62.0
0.0
0.0
0.0
0.0
0.0
0.0
0.0
0.0
5.0
27.0
0.0
0.0
47.0
47.0
0.0
0.0
0.0
3.0
0.0
0.0
0.0
43.0
0.0
0.0
0.0
0.0
0.0
0.0
165.0
0.0
22.0
20.0
0.0
4.0
419.0
0.0
0.0
0.0
70.0
0.0
0.0
0.0
0.0
0.0
0.0
0.0
28.0
0.0
8.0
0.0
0.0
6.0
0.0
0.0
87.0
0.0
0.0
0.0
0.0
318.0
221.0
0.0
0.0
0.0
0.0
129.0
63.0
0.0
0.0
0.0
0.0
0.0
0.0
0.0
0.0
7.0
0.0
0.0
0.0
0.0
0.0
0.0
4.0
0.0
0.0
280.0
67.0
0.0
26.0
0.0
86.0
0.0
0.0
186.0
8.0
0.0
0.0
0.0
0.0
22.0
0.0
4.0
141.0
0.0
0.0
0.0
42.0
0.0
0.0
0.0
0.0
0.0
6.0
60.0
0.0
0.0
0.0
21.0
0.0
0.0
NaN
0.0
0.0
0.0
0.0
0.0
0.0
0.0
0.0
0.0
0.0
0.0
0.0
0.0
0.0
0.0
0.0
0.0
0.0
0.0
0.0
0.0
0.0
0.0
0.0
0.0
0.0
0.0
0.0
0.0
0.0
0.0
0.0
0.0
0.0
0.0
0.0
0.0
4.0
0.0
0.0
6.0
0.0
0.0
4.0
2.0
4.0
0.0
0.0
0.0
0.0
0.0
0.0
12.0
0.0
2.0
6.0
6.0
0.0
0.0
0.0
0.0
4.0
2.0
18.0
6.0
20.0
6.0
0.0
0.0
0.0
0.0
0.0
0.0
6.0
4.0
6.0
0.0
0.0
0.0
8.0
0.0
0.0
0.0
6.0
0.0
0.0
0.0
0.0
0.0
NaN
0.0
0.0
0.0
0.0
0.0
0.0
0.0
0.0
4.0
0.0
0.0
0.0
0.0
0.0
0.0
14.0
4.0
2.0
4.0
0.0
0.0
0.0
0.0
0.0
0.0
0.0
0.0
0.0
0.0
30.0
12.0
0.0
0.0
0.0
0.0
0.0
0.0
0.0
0.0
0.0
0.0
0.0
24.0
0.0
0.0
28.0
20.0
12.0
0.0
0.0
0.0
0.0
4.0
0.0
0.0
0.0
0.0
0.0
0.0
NaN
NaN
0.0
0.0
49.0
0.0
9.0
0.0
NaN
0.0
0.0
0.0
40.0
0.0
0.0
0.0
59.0
21.0
41.0
6.0
0.0
0.0
0.0
0.0
0.0
0.0
0.0
0.0
0.0
0.0
0.0
0.0
61.0
0.0
0.0
0.0
0.0
0.0
453.0
141.0
0.0
7.0
0.0
0.0
0.0
0.0
0.0
0.0
0.0
0.0
0.0
86.0
87.0
0.0
0.0
0.0
0.0
0.0
8.0
20.0
0.0
0.0
0.0
0.0
69.0
189.0
5.0
243.0
26.0
7.0
0.0
0.0
0.0
0.0
0.0
0.0
0.0
0.0
124.0
83.0
0.0
0.0
0.0
0.0
0.0
24.0
0.0
0.0
0.0
0.0
0.0
121.0
6.0
0.0
0.0
20.0
0.0
0.0
0.0
0.0
0.0
0.0
0.0
0.0
0.0
0.0
0.0
0.0
0.0
0.0
0.0
0.0
22.0
0.0
0.0
0.0
20.0
0.0
0.0
0.0
0.0
144.0
86.0
0.0
0.0
68.0
0.0
0.0
0.0
5.0
27.0
0.0
7.0
47.0
108.0
3.0
0.0
0.0
0.0
0.0
60.0
0.0
0.0
0.0
0.0
0.0
0.0
0.0
0.0
0.0
0.0
82.0
41.0
0.0
0.0
0.0
0.0
0.0
0.0
0.0
0.0
0.0
4.0
0.0
0.0
0.0
0.0
0.0
0.0
0.0
0.0
0.0
0.0
18.0
78.0
6.0
0.0
0.0
0.0
0.0
0.0
0.0
0.0
0.0
0.0
31.0
148.0
62.0
0.0
0.0
0.0
0.0
0.0
0.0
0.0
0.0
0.0
0.0
0.0
0.0
0.0
0.0
0.0
0.0
0.0
2.0
12.0
10.0
0.0
0.0
0.0
0.0
0.0
0.0
0.0
0.0
0.0
0.0
0.0
6.0
4.0
0.0
2.0
0.0
0.0
0.0
0.0
0.0
0.0
8.0
0.0
0.0
0.0
0.0
0.0
16.0
0.0
0.0
0.0
0.0
0.0
0.0
0.0
0.0
0.0
0.0
0.0
0.0
0.0
0.0
0.0
0.0
0.0
0.0
0.0
0.0
0.0
10.0
0.0
0.0
0.0
0.0
0.0
6.0
18.0
16.0
0.0
0.0
0.0
0.0
0.0
0.0
0.0
0.0
14.0
0.0
0.0
20.0
6.0
140.0
80.0
20.0
0.0
0.0
0.0
0.0
0.0
0.0
0.0
0.0
0.0
0.0
0.0
NaN
0.0
0.0
0.0
0.0
0.0
0.0
0.0
0.0
0.0
0.0
0.0
0.0
0.0
0.0
0.0
0.0
0.0
0.0
0.0
0.0
0.0
0.0
0.0
2.0
0.0
0.0
0.0
0.0
0.0
0.0
0.0
0.0
0.0
0.0
0.0
0.0
0.0
3.0
0.0
0.0
0.0
0.0
0.0
0.0
0.0
0.0
0.0
0.0
0.0
0.0
5.0
0.0
0.0
0.0
125.0
0.0
0.0
0.0
0.0
0.0
60.0
0.0
21.0
0.0
11.0
42.0
0.0
0.0
0.0
44.0
0.0
32.0
0.0
0.0
0.0
126.0
6.0
0.0
0.0
0.0
31.0
0.0
0.0
0.0
0.0
46.0
45.0
0.0
102.0
0.0
0.0
0.0
18.0
44.0
0.0
22.0
0.0
0.0
0.0
0.0
0.0
0.0
86.0
25.0
0.0
NaN
0.0
0.0
0.0
0.0
0.0
0.0
41.0
0.0
0.0
0.0
0.0
0.0
0.0
12.0
0.0
0.0
0.0
0.0
0.0
0.0
0.0
0.0
0.0
0.0
0.0
0.0
79.0
3.0
0.0
0.0
0.0
0.0
0.0
0.0
0.0
0.0
0.0
0.0
0.0
0.0
0.0
0.0
0.0
0.0
0.0
0.0
0.0
0.0
22.0
0.0
0.0
38.0
0.0
0.0
0.0
3.0
0.0
0.0
0.0
0.0
0.0
0.0
0.0
0.0
121.0
19.0
0.0
2.0
3.0
0.0
7.0
0.0
0.0
41.0
6.0
0.0
0.0
0.0
27.0
3.0
0.0
0.0
0.0
0.0
0.0
0.0
22.0
0.0
40.0
NaN
149.0
24.0
49.0
81.0
0.0
0.0
0.0
0.0
48.0
0.0
65.0
0.0
0.0
0.0
5.0
0.0
0.0
0.0
0.0
0.0
4.0
0.0
47.0
0.0
0.0
0.0
0.0
0.0
0.0
0.0
0.0
0.0
0.0
20.0
0.0
0.0
12.0
0.0
0.0
0.0
0.0
0.0
0.0
0.0
0.0
0.0
0.0
0.0
0.0
32.0
40.0
32.0
16.0
0.0
0.0
0.0
0.0
0.0
0.0
0.0
0.0
0.0
0.0
0.0
0.0
0.0
0.0
0.0
0.0
0.0
24.0
0.0
0.0
0.0
4.0
0.0
0.0
0.0
0.0
0.0
0.0
0.0
0.0
8.0
14.0
0.0
0.0
2.0
0.0
0.0
0.0
0.0
0.0
0.0
0.0
8.0
0.0
0.0
0.0
0.0
0.0
0.0
0.0
0.0
0.0
0.0
12.0
0.0
0.0
0.0
0.0
0.0
0.0
10.0
0.0
4.0
0.0
0.0
22.0
8.0
10.0
0.0
0.0
0.0
4.0
4.0
18.0
0.0
0.0
0.0
0.0
0.0
0.0
0.0
0.0
0.0
0.0
32.0
0.0
0.0
0.0
0.0
0.0
0.0
0.0
0.0
0.0
0.0
0.0
18.0
0.0
0.0
0.0
0.0
0.0
0.0
0.0
0.0
0.0
0.0
0.0
0.0
0.0
0.0
36.0
30.0
0.0
0.0
0.0
0.0
0.0
0.0
0.0
0.0
0.0
0.0
11.0
18.0
0.0
0.0
0.0
0.0
0.0
0.0
0.0
0.0
0.0
0.0
0.0
0.0
0.0
0.0
100.0
109.0
5.0
0.0
0.0
0.0
0.0
0.0
0.0
0.0
0.0
0.0
0.0
8.0
0.0
2.0
6.0
68.0
14.0
0.0
0.0
0.0
0.0
0.0
0.0
0.0
0.0
0.0
0.0
106.0
20.0
0.0
88.0
0.0
0.0
0.0
0.0
0.0
43.0
4.0
62.0
18.0
18.0
22.0
4.0
0.0
0.0
0.0
0.0
0.0
0.0
0.0
0.0
0.0
0.0
0.0
20.0
270.0
0.0
65.0
3.0
0.0
18.0
0.0
0.0
0.0
0.0
375.0
0.0
0.0
0.0
0.0
85.0
165.0
16.0
0.0
24.0
18.0
0.0
0.0
0.0
0.0
5.0
0.0
2.0
0.0
8.0
0.0
28.0
25.0
0.0
0.0
0.0
187.0
21.0
28.0
5.0
0.0
0.0
0.0
0.0
0.0
4.0
0.0
0.0
0.0
0.0
0.0
0.0
0.0
0.0
279.0
0.0
0.0
0.0
0.0
0.0
279.0
0.0
0.0
5.0
28.0
0.0
0.0
0.0
0.0
0.0
40.0
0.0
0.0
0.0
48.0
0.0
40.0
0.0
0.0
0.0
0.0
0.0
0.0
0.0
0.0
0.0
0.0
0.0
0.0
87.0
0.0
0.0
21.0
0.0
149.0
0.0
0.0
NaN
NaN
21.0
0.0
0.0
0.0
0.0
0.0
0.0
226.0
185.0
4.0
0.0
0.0
0.0
0.0
0.0
0.0
0.0
0.0
0.0
0.0
0.0
0.0
70.0
21.0
0.0
0.0
0.0
44.0
24.0
0.0
0.0
0.0
340.0
0.0
0.0
65.0
224.0
24.0
0.0
0.0
0.0
0.0
18.0
10.0
12.0
24.0
0.0
0.0
6.0
0.0
0.0
0.0
0.0
0.0
0.0
0.0
0.0
0.0
0.0
0.0
0.0
NaN
NaN
0.0
0.0
0.0
0.0
0.0
0.0
0.0
0.0
0.0
82.0
107.0
69.0
4.0
6.0
0.0
0.0
0.0
0.0
0.0
0.0
0.0
0.0
0.0
0.0
0.0
0.0
0.0
0.0
0.0
0.0
8.0
6.0
6.0
4.0
4.0
12.0
0.0
0.0
0.0
0.0
0.0
4.0
4.0
24.0
0.0
0.0
0.0
0.0
0.0
0.0
0.0
8.0
0.0
0.0
0.0
0.0
0.0
0.0
6.0
0.0
0.0
6.0
4.0
0.0
0.0
6.0
0.0
0.0
4.0
4.0
0.0
4.0
2.0
0.0
8.0
0.0
0.0
0.0
0.0
0.0
0.0
0.0
0.0
2.0
0.0
NaN
14.0
0.0
0.0
12.0
0.0
4.0
0.0
0.0
0.0
0.0
0.0
0.0
0.0
0.0
0.0
8.0
4.0
0.0
0.0
0.0
0.0
0.0
0.0
0.0
0.0
4.0
0.0
0.0
0.0
0.0
0.0
0.0
0.0
0.0
0.0
0.0
0.0
0.0
0.0
0.0
0.0
0.0
0.0
0.0
0.0
0.0
0.0
0.0
0.0
0.0
0.0
0.0
0.0
0.0
0.0
0.0
0.0
10.0
0.0
0.0
0.0
0.0
0.0
0.0
0.0
0.0
0.0
0.0
0.0
60.0
41.0
0.0
0.0
0.0
0.0
0.0
0.0
0.0
0.0
0.0
0.0
0.0
0.0
0.0
0.0
0.0
0.0
0.0
8.0
0.0
69.0
20.0
67.0
3.0
0.0
0.0
0.0
0.0
0.0
0.0
0.0
0.0
0.0
0.0
40.0
4.0
0.0
0.0
0.0
0.0
48.0
48.0
20.0
0.0
290.0
26.0
0.0
18.0
0.0
22.0
0.0
0.0
0.0
0.0
0.0
0.0
19.0
24.0
0.0
0.0
0.0
80.0
5.0
0.0
0.0
86.0
81.0
0.0
62.0
7.0
8.0
3.0
0.0
0.0
83.0
0.0
6.0
0.0
0.0
0.0
0.0
0.0
0.0
0.0
39.0
0.0
0.0
23.0
0.0
19.0
0.0
0.0
0.0
0.0
0.0
0.0
0.0
4.0
0.0
0.0
0.0
0.0
0.0
0.0
38.0
43.0
121.0
0.0
3.0
0.0
3.0
0.0
3.0
13.0
315.0
149.0
5.0
3.0
160.0
43.0
6.0
0.0
0.0
0.0
186.0
26.0
0.0
18.0
0.0
0.0
0.0
0.0
0.0
7.0
5.0
0.0
27.0
63.0
121.0
20.0
19.0
0.0
0.0
0.0
0.0
0.0
20.0
0.0
3.0
0.0
0.0
60.0
160.0
0.0
23.0
12.0
8.0
0.0
0.0
0.0
65.0
26.0
0.0
0.0
0.0
41.0
0.0
0.0
29.0
0.0
20.0
40.0
0.0
0.0
0.0
0.0
0.0
8.0
0.0
30.0
21.0
0.0
0.0
0.0
0.0
187.0
0.0
0.0
12.0
0.0
0.0
0.0
0.0
0.0
41.0
0.0
0.0
21.0
0.0
0.0
10.0
0.0
0.0
0.0
0.0
30.0
0.0
0.0
0.0
0.0
0.0
18.0
0.0
4.0
0.0
6.0
4.0
0.0
0.0
8.0
2.0
0.0
0.0
0.0
0.0
0.0
0.0
26.0
14.0
0.0
0.0
0.0
0.0
NaN
0.0
0.0
0.0
0.0
0.0
0.0
0.0
8.0
0.0
0.0
0.0
0.0
16.0
0.0
0.0
18.0
0.0
0.0
0.0
0.0
NaN
0.0
0.0
14.0
0.0
0.0
0.0
0.0
0.0
0.0
0.0
0.0
0.0
0.0
0.0
0.0
0.0
0.0
0.0
0.0
0.0
0.0
0.0
0.0
20.0
10.0
4.0
0.0
0.0
0.0
0.0
0.0
10.0
2.0
0.0
0.0
0.0
0.0
0.0
4.0
0.0
0.0
0.0
0.0
0.0
0.0
0.0
16.0
36.0
0.0
10.0
0.0
0.0
0.0
0.0
0.0
0.0
0.0
0.0
0.0
0.0
0.0
0.0
0.0
NaN
0.0
0.0
20.0
34.0
0.0
0.0
0.0
0.0
0.0
0.0
0.0
0.0
0.0
0.0
0.0
0.0
0.0
0.0
0.0
46.0
16.0
0.0
0.0
0.0
0.0
NaN
0.0
0.0
0.0
0.0
0.0
0.0
0.0
0.0
0.0
0.0
0.0
10.0
0.0
10.0
2.0
0.0
0.0
103.0
146.0
0.0
0.0
20.0
5.0
25.0
0.0
0.0
4.0
121.0
4.0
125.0
100.0
0.0
0.0
0.0
141.0
161.0
0.0
0.0
0.0
21.0
0.0
4.0
0.0
0.0
0.0
0.0
0.0
0.0
0.0
0.0
0.0
0.0
0.0
0.0
0.0
0.0
0.0
0.0
0.0
0.0
0.0
0.0
21.0
0.0
0.0
0.0
0.0
60.0
0.0
0.0
0.0
0.0
0.0
0.0
0.0
0.0
0.0
0.0
0.0
0.0
45.0
24.0
0.0
0.0
0.0
0.0
106.0
0.0
0.0
0.0
0.0
0.0
0.0
0.0
9.0
141.0
0.0
0.0
0.0
22.0
3.0
390.0
120.0
100.0
127.0
0.0
0.0
0.0
161.0
0.0
18.0
0.0
0.0
0.0
0.0
0.0
NaN
0.0
0.0
0.0
25.0
0.0
41.0
18.0
0.0
0.0
0.0
0.0
19.0
0.0
0.0
5.0
0.0
0.0
0.0
3.0
0.0
0.0
0.0
0.0
24.0
0.0
0.0
0.0
0.0
0.0
101.0
0.0
0.0
0.0
0.0
0.0
0.0
0.0
0.0
0.0
2.0
3.0
0.0
0.0
0.0
0.0
0.0
0.0
0.0
0.0
0.0
0.0
0.0
NaN
0.0
0.0
0.0
0.0
0.0
0.0
0.0
163.0
NaN
NaN
0.0
0.0
0.0
0.0
0.0
0.0
0.0
0.0
0.0
0.0
0.0
0.0
29.0
21.0
0.0
0.0
0.0
0.0
0.0
0.0
0.0
0.0
0.0
0.0
0.0
0.0
0.0
0.0
0.0
0.0
0.0
0.0
0.0
0.0
0.0
0.0
0.0
121.0
0.0
0.0
0.0
18.0
14.0
0.0
0.0
0.0
0.0
0.0
0.0
0.0
0.0
0.0
18.0
0.0
0.0
0.0
60.0
0.0
85.0
0.0
0.0
0.0
0.0
0.0
0.0
0.0
32.0
0.0
0.0
0.0
0.0
22.0
0.0
0.0
16.0
0.0
0.0
0.0
0.0
0.0
0.0
0.0
0.0
0.0
0.0
0.0
0.0
0.0
0.0
0.0
0.0
0.0
0.0
0.0
12.0
0.0
0.0
0.0
0.0
0.0
0.0
0.0
0.0
0.0
0.0
0.0
0.0
0.0
0.0
0.0
0.0
0.0
0.0
26.0
0.0
24.0
0.0
0.0
0.0
0.0
0.0
0.0
0.0
0.0
0.0
0.0
0.0
0.0
0.0
0.0
0.0
0.0
0.0
0.0
0.0
0.0
0.0
0.0
0.0
0.0
0.0
18.0
4.0
4.0
0.0
0.0
0.0
0.0
14.0
6.0
42.0
60.0
14.0
0.0
36.0
2.0
0.0
0.0
0.0
0.0
0.0
0.0
0.0
0.0
0.0
0.0
0.0
0.0
0.0
0.0
0.0
40.0
12.0
4.0
0.0
0.0
0.0
0.0
0.0
0.0
0.0
0.0
0.0
0.0
0.0
46.0
0.0
0.0
0.0
0.0
0.0
0.0
0.0
0.0
0.0
0.0
0.0
0.0
0.0
0.0
0.0
0.0
0.0
115.0
0.0
0.0
0.0
0.0
0.0
0.0
0.0
0.0
0.0
0.0
0.0
0.0
0.0
0.0
6.0
0.0
0.0
0.0
0.0
0.0
0.0
0.0
0.0
0.0
66.0
0.0
0.0
0.0
0.0
0.0
0.0
0.0
24.0
0.0
0.0
0.0
23.0
0.0
83.0
29.0
0.0
0.0
34.0
0.0
0.0
5.0
0.0
0.0
0.0
0.0
0.0
0.0
0.0
0.0
0.0
0.0
0.0
0.0
0.0
0.0
0.0
0.0
0.0
0.0
0.0
0.0
49.0
2.0
0.0
0.0
0.0
0.0
3.0
184.0
3.0
0.0
0.0
0.0
122.0
300.0
6.0
0.0
21.0
0.0
22.0
0.0
48.0
0.0
0.0
0.0
21.0
0.0
0.0
0.0
0.0
0.0
0.0
0.0
20.0
0.0
0.0
0.0
24.0
0.0
67.0
0.0
0.0
0.0
0.0
0.0
0.0
0.0
0.0
0.0
0.0
0.0
5.0
65.0
25.0
0.0
119.0
0.0
0.0
0.0
27.0
23.0
0.0
0.0
0.0
0.0
0.0
0.0
0.0
0.0
0.0
0.0
0.0
84.0
30.0
260.0
0.0
0.0
0.0
0.0
0.0
163.0
0.0
0.0
0.0
103.0
0.0
0.0
0.0
0.0
0.0
0.0
0.0
0.0
0.0
0.0
0.0
5.0
0.0
23.0
0.0
0.0
0.0
0.0
0.0
0.0
0.0
0.0
0.0
0.0
0.0
0.0
42.0
0.0
0.0
0.0
120.0
0.0
0.0
100.0
0.0
0.0
NaN
5.0
3.0
0.0
62.0
0.0
0.0
0.0
0.0
0.0
0.0
0.0
0.0
0.0
0.0
0.0
0.0
0.0
0.0
207.0
165.0
0.0
0.0
0.0
0.0
0.0
0.0
46.0
0.0
0.0
0.0
0.0
0.0
0.0
0.0
0.0
21.0
0.0
0.0
0.0
