31.1774193548
29.8709677419
22.75
12.1451612903
9.1
2.11290322581
4.24193548387
-0.857142857143
6.14516129032
12.25
19.6129032258
25.1333333333
27.9032258065
26.7741935484
21.8666666667
16.9838709677
7.23333333333
-3.79032258065
4.24193548387
3.26785714286
8.03225806452
14.9333333333
18.6774193548
25.35
27.2258064516
26.1774193548
22.7833333333
16.1935483871
10.8333333333
3.77419354839
-0.333333333333
3.14285714286
8.96774193548
15.4666666667
25.1166666667
27.8333333333
29.6774193548
28.3870967742
22.75
16.3225806452
6.56666666667
3.37096774194
0.903225806452
2.75862068966
6.22580645161
12.0833333333
20.75
23.8666666667
25.6451612903
24.9677419355
22.3333333333
14.8387096774
7.0
3.22580645161
1.54838709677
-0.660714285714
4.01612903226
13.4821428571
21.1774193548
24.7666666667
28.8548387097
28.1071428571
19.8833333333
14.8387096774
8.05172413793
1.87096774194
-4.41935483871
-0.785714285714
6.95161290323
15.1
20.6129032258
27.4166666667
28.1774193548
25.3709677419
24.5517241379
17.1774193548
10.9166666667
4.48387096774
0.693548387097
0.160714285714
8.8064516129
11.25
19.8709677419
27.1206896552
28.8225806452
29.1
22.2166666667
17.0333333333
5.68333333333
0.85
-0.935483870968
0.724137931034
4.5
12.5666666667
18.55
26.2166666667
27.2419354839
28.5
22.95
16.0
5.3
2.5
-0.983870967742
3.51785714286
7.53225806452
13.15
16.0806451613
25.5666666667
27.3709677419
24.564516129
22.6166666667
16.1935483871
5.93333333333
2.68965517241
2.82258064516
5.57142857143
8.22580645161
14.9666666667
24.0
26.0166666667
28.8064516129
28.1333333333
26.1
17.2666666667
10.6666666667
6.29032258065
-0.677419354839
3.90740740741
6.22580645161
14.6833333333
22.6290322581
27.3965517241
30.9838709677
26.564516129
25.3
16.2580645161
11.3166666667
3.51612903226
0.322580645161
4.29310344828
11.5833333333
13.4137931034
21.7258064516
26.1724137931
26.3387096774
26.435483871
22.2
17.8064516129
8.05172413793
-3.24193548387
0.0322580645161
2.64285714286
5.59677419355
15.9333333333
21.4310344828
26.15
28.65
28.95
22.0166666667
15.85
12.8793103448
5.2
3.78333333333
4.35714285714
6.91071428571
14.5333333333
17.9838709677
27.3
NaN
27.9677419355
26.4166666667
14.7741935484
7.26666666667
1.23333333333
-3.1935483871
-1.05357142857
7.5
13.8666666667
18.7741935484
24.5833333333
27.8709677419
27.6774193548
22.5
15.435483871
10.3965517241
3.20967741935
-3.04838709677
2.10344827586
8.26666666667
15.3333333333
NaN
25.3275862069
27.064516129
25.1129032258
24.7166666667
15.8870967742
9.41379310345
2.25
-1.12068965517
2.0
5.0
15.6166666667
19.2903225806
29.3333333333
30.0806451613
29.15
25.7166666667
17.4193548387
10.6206896552
-0.709677419355
4.62903225806
2.30357142857
7.51612903226
16.7666666667
20.7419354839
NaN
29.2
27.9074074074
21.6730769231
13.8620689655
NaN
NaN
NaN
NaN
NaN
NaN
NaN
NaN
NaN
28.1481481481
NaN
NaN
NaN
NaN
NaN
NaN
NaN
16.36
NaN
27.0740740741
NaN
27.7307692308
NaN
NaN
NaN
NaN
NaN
NaN
NaN
NaN
NaN
25.34
26.3653846154
NaN
NaN
NaN
NaN
NaN
NaN
NaN
NaN
NaN
NaN
27.44
NaN
NaN
NaN
NaN
NaN
NaN
NaN
NaN
NaN
NaN
NaN
NaN
NaN
NaN
NaN
NaN
NaN
NaN
NaN
NaN
NaN
NaN
NaN
NaN
NaN
NaN
NaN
NaN
NaN
NaN
NaN
NaN
NaN
NaN
NaN
NaN
NaN
NaN
NaN
NaN
NaN
NaN
NaN
NaN
NaN
NaN
NaN
NaN
NaN
NaN
NaN
NaN
NaN
NaN
NaN
NaN
NaN
15.1785714286
23.6333333333
25.9821428571
28.0967741935
27.6724137931
NaN
18.2321428571
12.5892857143
8.17307692308
NaN
4.23076923077
11.7413793103
13.3620689655
22.1379310345
28.95
30.435483871
30.4166666667
25.724137931
18.9
12.55
1.58333333333
2.80357142857
7.78571428571
6.79032258065
18.1
19.9838709677
27.8666666667
29.05
27.6612903226
25.15
19.5
