66.0
51.0
0.0
0.0
0.0
0.0
102.0
58.0
0.0
0.0
0.0
0.0
10.0
0.0
13.0
13.0
13.0
0.0
5.0
0.0
0.0
122.0
152.0
25.0
10.0
61.0
3.0
0.0
0.0
0.0
0.0
15.0
0.0
0.0
0.0
0.0
0.0
102.0
38.0
137.0
13.0
81.0
3.0
0.0
0.0
0.0
0.0
0.0
0.0
0.0
10.0
5.0
0.0
0.0
203.0
183.0
0.0
3.0
0.0
0.0
0.0
3.0
18.0
36.0
3.0
0.0
0.0
51.0
13.0
0.0
0.0
0.0
79.0
10.0
0.0
102.0
3.0
0.0
3.0
5.0
69.0
20.0
0.0
13.0
20.0
0.0
25.0
3.0
0.0
0.0
20.0
0.0
0.0
0.0
0.0
165.0
0.0
0.0
0.0
0.0
188.0
5.0
0.0
0.0
43.0
3.0
97.0
0.0
0.0
36.0
74.0
0.0
0.0
0.0
86.0
15.0
0.0
0.0
0.0
0.0
13.0
0.0
0.0
28.0
0.0
46.0
3.0
0.0
0.0
0.0
0.0
0.0
0.0
0.0
0.0
66.0
0.0
3.0
0.0
0.0
0.0
3.0
0.0
0.0
20.0
NaN
NaN
23.0
8.0
0.0
0.0
30.0
23.0
0.0
0.0
0.0
10.0
41.0
0.0
0.0
0.0
0.0
0.0
0.0
0.0
0.0
0.0
0.0
0.0
0.0
0.0
66.0
0.0
43.0
0.0
0.0
0.0
0.0
0.0
0.0
0.0
0.0
81.0
0.0
0.0
198.0
0.0
269.0
0.0
381.0
0.0
0.0
0.0
0.0
8.0
0.0
152.0
104.0
0.0
0.0
0.0
0.0
41.0
0.0
0.0
0.0
0.0
0.0
0.0
0.0
0.0
0.0
10.0
193.0
0.0
0.0
0.0
0.0
109.0
20.0
152.0
0.0
0.0
8.0
0.0
0.0
0.0
0.0
0.0
254.0
53.0
0.0
0.0
0.0
0.0
0.0
38.0
25.0
13.0
0.0
0.0
8.0
211.0
269.0
0.0
0.0
0.0
66.0
3.0
8.0
0.0
86.0
33.0
0.0
3.0
8.0
0.0
3.0
0.0
81.0
0.0
0.0
0.0
0.0
8.0
74.0
13.0
0.0
5.0
0.0
0.0
3.0
127.0
3.0
0.0
0.0
0.0
0.0
0.0
224.0
137.0
104.0
8.0
0.0
3.0
0.0
0.0
10.0
0.0
0.0
0.0
0.0
10.0
102.0
173.0
18.0
3.0
0.0
5.0
0.0
25.0
0.0
0.0
30.0
10.0
0.0
0.0
0.0
0.0
86.0
23.0
84.0
0.0
0.0
0.0
51.0
3.0
0.0
137.0
193.0
3.0
5.0
0.0
8.0
0.0
33.0
3.0
0.0
10.0
127.0
0.0
0.0
0.0
0.0
0.0
8.0
5.0
0.0
10.0
0.0
13.0
5.0
0.0
10.0
178.0
30.0
3.0
0.0
0.0
20.0
0.0
0.0
0.0
0.0
0.0
0.0
5.0
178.0
66.0
0.0
0.0
0.0
0.0
0.0
10.0
0.0
10.0
0.0
0.0
0.0
0.0
84.0
0.0
0.0
0.0
0.0
0.0
46.0
3.0
0.0
3.0
0.0
15.0
0.0
0.0
0.0
330.0
41.0
0.0
3.0
0.0
3.0
0.0
13.0
38.0
0.0
5.0
20.0
8.0
3.0
0.0
0.0
0.0
0.0
0.0
69.0
0.0
0.0
122.0
13.0
5.0
51.0
0.0
10.0
5.0
8.0
3.0
0.0
0.0
0.0
5.0
0.0
0.0
180.0
3.0
0.0
0.0
163.0
41.0
3.0
0.0
0.0
0.0
36.0
20.0
53.0
0.0
0.0
0.0
0.0
0.0
28.0
33.0
0.0
119.0
61.0
61.0
23.0
0.0
3.0
0.0
0.0
5.0
0.0
18.0
33.0
0.0
0.0
0.0
5.0
15.0
38.0
0.0
15.0
0.0
0.0
0.0
0.0
0.0
0.0
0.0
0.0
5.0
18.0
5.0
18.0
0.0
178.0
0.0
0.0
3.0
178.0
0.0
0.0
25.0
0.0
0.0
5.0
0.0
5.0
5.0
0.0
0.0
0.0
0.0
86.0
127.0
0.0
0.0
0.0
69.0
0.0
71.0
0.0
0.0
0.0
0.0
0.0
3.0
0.0
0.0
0.0
0.0
0.0
0.0
0.0
0.0
0.0
0.0
0.0
48.0
53.0
0.0
0.0
384.0
0.0
0.0
0.0
15.0
25.0
196.0
86.0
0.0
0.0
0.0
58.0
0.0
0.0
0.0
0.0
0.0
0.0
0.0
0.0
0.0
0.0
0.0
0.0
0.0
3.0
0.0
8.0
0.0
0.0
0.0
0.0
0.0
0.0
0.0
0.0
0.0
0.0
0.0
5.0
5.0
0.0
0.0
0.0
0.0
0.0
0.0
0.0
157.0
3.0
0.0
0.0
0.0
61.0
38.0
0.0
0.0
0.0
0.0
0.0
0.0
0.0
76.0
3.0
0.0
0.0
0.0
10.0
81.0
0.0
18.0
0.0
0.0
0.0
25.0
0.0
13.0
8.0
0.0
0.0
0.0
0.0
0.0
0.0
0.0
13.0
53.0
157.0
0.0
0.0
0.0
0.0
0.0
0.0
0.0
0.0
0.0
25.0
0.0
0.0
0.0
0.0
0.0
122.0
53.0
56.0
33.0
10.0
0.0
0.0
0.0
0.0
152.0
0.0
5.0
0.0
15.0
8.0
0.0
0.0
0.0
0.0
119.0
33.0
28.0
0.0
0.0
0.0
91.0
0.0
0.0
0.0
30.0
0.0
0.0
0.0
0.0
0.0
0.0
0.0
0.0
0.0
0.0
0.0
25.0
132.0
180.0
25.0
0.0
25.0
0.0
38.0
97.0
13.0
132.0
5.0
0.0
0.0
0.0
0.0
0.0
0.0
0.0
0.0
0.0
0.0
0.0
13.0
25.0
53.0
5.0
56.0
196.0
0.0
0.0
3.0
0.0
0.0
0.0
53.0
142.0
86.0
5.0
97.0
218.0
0.0
0.0
0.0
0.0
0.0
0.0
8.0
0.0
5.0
10.0
0.0
5.0
0.0
10.0
3.0
3.0
3.0
46.0
0.0
0.0
0.0
13.0
0.0
0.0
0.0
13.0
38.0
38.0
0.0
5.0
0.0
5.0
0.0
0.0
0.0
5.0
0.0
0.0
0.0
0.0
0.0
0.0
0.0
3.0
10.0
0.0
145.0
99.0
5.0
0.0
0.0
36.0
86.0
0.0
0.0
0.0
36.0
3.0
3.0
0.0
0.0
8.0
0.0
0.0
13.0
0.0
41.0
0.0
0.0
0.0
18.0
0.0
0.0
13.0
0.0
0.0
0.0
0.0
38.0
0.0
0.0
18.0
0.0
5.0
0.0
0.0
0.0
0.0
0.0
0.0
0.0
0.0
0.0
0.0
41.0
61.0
0.0
0.0
0.0
86.0
36.0
5.0
0.0
0.0
0.0
0.0
5.0
0.0
0.0
0.0
0.0
48.0
56.0
0.0
3.0
81.0
41.0
33.0
0.0
13.0
0.0
0.0
0.0
20.0
53.0
0.0
76.0
51.0
8.0
0.0
0.0
61.0
18.0
15.0
0.0
0.0
0.0
0.0
0.0
3.0
0.0
13.0
132.0
0.0
5.0
0.0
0.0
221.0
33.0
25.0
0.0
168.0
0.0
0.0
94.0
13.0
0.0
0.0
20.0
43.0
0.0
36.0
3.0
0.0
0.0
0.0
0.0
5.0
0.0
0.0
0.0
0.0
0.0
0.0
0.0
0.0
0.0
0.0
107.0
20.0
0.0
132.0
0.0
0.0
0.0
0.0
0.0
61.0
112.0
0.0
0.0
0.0
71.0
0.0
0.0
0.0
0.0
0.0
0.0
132.0
86.0
0.0
0.0
33.0
0.0
0.0
0.0
0.0
0.0
0.0
33.0
0.0
0.0
0.0
41.0
0.0
10.0
10.0
0.0
0.0
0.0
0.0
0.0
0.0
13.0
10.0
0.0
0.0
0.0
0.0
0.0
25.0
0.0
0.0
69.0
183.0
0.0
0.0
0.0
3.0
0.0
290.0
0.0
0.0
0.0
0.0
0.0
0.0
0.0
0.0
211.0
20.0
0.0
0.0
15.0
0.0
0.0
0.0
0.0
71.0
0.0
0.0
97.0
0.0
0.0
0.0
0.0
0.0
0.0
0.0
0.0
0.0
79.0
0.0
0.0
0.0
0.0
0.0
0.0
0.0
0.0
0.0
0.0
13.0
165.0
0.0
38.0
13.0
0.0
0.0
323.0
434.0
5.0
53.0
0.0
0.0
0.0
28.0
23.0
0.0
0.0
51.0
0.0
0.0
0.0
0.0
33.0
3.0
28.0
64.0
137.0
193.0
0.0
0.0
0.0
0.0
0.0
0.0
71.0
0.0
41.0
0.0
0.0
0.0
0.0
28.0
5.0
13.0
0.0
0.0
0.0
0.0
0.0
0.0
0.0
109.0
28.0
0.0
0.0
0.0
0.0
69.0
28.0
0.0
0.0
51.0
104.0
0.0
0.0
0.0
0.0
0.0
0.0
0.0
3.0
0.0
66.0
0.0
0.0
0.0
53.0
15.0
0.0
0.0
97.0
25.0
0.0
0.0
0.0
0.0
0.0
30.0
15.0
0.0
0.0
302.0
5.0
0.0
0.0
48.0
0.0
38.0
13.0
0.0
0.0
5.0
51.0
0.0
8.0
0.0
0.0
168.0
3.0
0.0
165.0
8.0
0.0
0.0
76.0
203.0
38.0
0.0
0.0
41.0
0.0
0.0
0.0
15.0
0.0
0.0
0.0
0.0
38.0
61.0
127.0
0.0
0.0
99.0
10.0
0.0
0.0
0.0
0.0
0.0
0.0
0.0
0.0
3.0
3.0
0.0
0.0
0.0
0.0
0.0
0.0
0.0
0.0
0.0
0.0
0.0
0.0
0.0
0.0
5.0
3.0
0.0
8.0
8.0
0.0
0.0
0.0
0.0
0.0
13.0
3.0
0.0
0.0
208.0
0.0
0.0
3.0
61.0
3.0
0.0
13.0
8.0
10.0
20.0
8.0
0.0
0.0
0.0
0.0
0.0
0.0
0.0
18.0
0.0
0.0
152.0
0.0
5.0
0.0
0.0
0.0
0.0
0.0
0.0
0.0
0.0
13.0
0.0
0.0
0.0
0.0
0.0
0.0
0.0
0.0
0.0
46.0
13.0
8.0
5.0
0.0
20.0
79.0
0.0
13.0
30.0
0.0
0.0
0.0
0.0
0.0
91.0
0.0
38.0
69.0
0.0
30.0
0.0
74.0
20.0
36.0
69.0
13.0
0.0
0.0
0.0
0.0
0.0
0.0
64.0
191.0
0.0
5.0
25.0
0.0
38.0
0.0
0.0
0.0
0.0
0.0
0.0
0.0
0.0
99.0
0.0
0.0
0.0
18.0
5.0
0.0
5.0
0.0
0.0
46.0
0.0
0.0
5.0
615.0
15.0
0.0
0.0
28.0
0.0
0.0
0.0
0.0
0.0
107.0
0.0
0.0
0.0
0.0
0.0
0.0
0.0
0.0
0.0
0.0
5.0
0.0
5.0
0.0
0.0
0.0
0.0
61.0
15.0
0.0
0.0
0.0
0.0
0.0
0.0
89.0
0.0
0.0
0.0
0.0
287.0
43.0
51.0
5.0
0.0
0.0
0.0
0.0
0.0
0.0
0.0
48.0
0.0
0.0
46.0
0.0
41.0
432.0
0.0
41.0
0.0
0.0
0.0
0.0
0.0
0.0
0.0
0.0
145.0
0.0
0.0
277.0
0.0
0.0
0.0
51.0
30.0
528.0
0.0
0.0
0.0
0.0
0.0
0.0
0.0
0.0
0.0
0.0
132.0
0.0
30.0
0.0
0.0
51.0
0.0
0.0
0.0
0.0
8.0
109.0
8.0
0.0
28.0
0.0
0.0
0.0
8.0
0.0
0.0
0.0
0.0
0.0
0.0
0.0
94.0
15.0
0.0
0.0
28.0
0.0
3.0
89.0
10.0
10.0
107.0
0.0
0.0
0.0
0.0
0.0
0.0
0.0
0.0
135.0
30.0
10.0
41.0
25.0
36.0
10.0
0.0
86.0
84.0
48.0
89.0
36.0
0.0
3.0
10.0
0.0
33.0
3.0
0.0
48.0
0.0
368.0
0.0
0.0
25.0
10.0
124.0
69.0
20.0
0.0
3.0
0.0
0.0
0.0
0.0
18.0
5.0
0.0
0.0
0.0
0.0
0.0
20.0
0.0
0.0
127.0
0.0
0.0
0.0
25.0
61.0
53.0
0.0
0.0
0.0
8.0
0.0
NaN
0.0
10.0
51.0
51.0
0.0
0.0
0.0
0.0
0.0
0.0
0.0
0.0
0.0
NaN
5.0
0.0
0.0
0.0
0.0
5.0
23.0
0.0
0.0
0.0
13.0
102.0
183.0
0.0
0.0
76.0
0.0
0.0
0.0
0.0
0.0
0.0
0.0
0.0
0.0
5.0
0.0
0.0
0.0
0.0
0.0
0.0
0.0
0.0
0.0
0.0
18.0
3.0
3.0
8.0
0.0
0.0
25.0
0.0
0.0
0.0
8.0
5.0
0.0
0.0
0.0
0.0
0.0
0.0
0.0
0.0
0.0
0.0
0.0
0.0
33.0
38.0
3.0
0.0
0.0
142.0
86.0
5.0
0.0
18.0
3.0
0.0
0.0
203.0
20.0
0.0
117.0
0.0
0.0
0.0
0.0
33.0
15.0
0.0
0.0
0.0
0.0
66.0
18.0
84.0
335.0
0.0
0.0
13.0
137.0
81.0
0.0
0.0
0.0
0.0
33.0
0.0
0.0
0.0
0.0
0.0
0.0
0.0
28.0
0.0
117.0
122.0
203.0
0.0
0.0
79.0
0.0
0.0
0.0
8.0
279.0
0.0
0.0
0.0
3.0
0.0
0.0
28.0
0.0
0.0
0.0
0.0
0.0
0.0
231.0
368.0
0.0
0.0
0.0
18.0
0.0
0.0
0.0
0.0
0.0
0.0
0.0
33.0
137.0
0.0
0.0
33.0
30.0
46.0
0.0
94.0
94.0
0.0
0.0
0.0
71.0
0.0
0.0
3.0
0.0
0.0
5.0
84.0
0.0
0.0
0.0
0.0
0.0
97.0
0.0
0.0
0.0
0.0
0.0
0.0
0.0
0.0
0.0
0.0
0.0
0.0
0.0
183.0
23.0
216.0
10.0
43.0
0.0
0.0
0.0
61.0
10.0
0.0
0.0
0.0
0.0
0.0
0.0
41.0
0.0
0.0
0.0
0.0
0.0
0.0
173.0
8.0
0.0
0.0
0.0
0.0
0.0
0.0
0.0
0.0
0.0
0.0
0.0
0.0
0.0
0.0
0.0
0.0
0.0
0.0
0.0
0.0
0.0
3.0
0.0
0.0
10.0
0.0
0.0
0.0
0.0
170.0
53.0
0.0
0.0
0.0
0.0
0.0
8.0
43.0
13.0
0.0
5.0
0.0
0.0
0.0
0.0
107.0
5.0
0.0
0.0
0.0
10.0
0.0
0.0
0.0
0.0
0.0
51.0
0.0
0.0
33.0
0.0
0.0
86.0
48.0
188.0
0.0
0.0
0.0
0.0
41.0
0.0
0.0
0.0
0.0
0.0
114.0
46.0
51.0
10.0
0.0
28.0
10.0
13.0
0.0
3.0
36.0
0.0
86.0
10.0
10.0
0.0
10.0
5.0
107.0
5.0
0.0
0.0
0.0
0.0
0.0
0.0
8.0
0.0
0.0
36.0
5.0
0.0
5.0
0.0
0.0
0.0
61.0
5.0
0.0
320.0
5.0
0.0
5.0
18.0
8.0
8.0
0.0
23.0
0.0
0.0
20.0
10.0
15.0
13.0
0.0
0.0
0.0
0.0
0.0
51.0
107.0
0.0
5.0
10.0
0.0
0.0
0.0
0.0
0.0
0.0
0.0
28.0
30.0
0.0
0.0
0.0
25.0
117.0
0.0
0.0
23.0
0.0
5.0
3.0
3.0
51.0
0.0
0.0
69.0
0.0
0.0
0.0
51.0
84.0
10.0
3.0
0.0
0.0
0.0
0.0
23.0
168.0
30.0
38.0
0.0
0.0
8.0
0.0
0.0
61.0
0.0
0.0
0.0
0.0
0.0
0.0
0.0
10.0
0.0
0.0
28.0
0.0
25.0
224.0
0.0
0.0
3.0
0.0
0.0
0.0
0.0
0.0
0.0
0.0
0.0
0.0
0.0
0.0
0.0
61.0
0.0
157.0
23.0
0.0
10.0
71.0
0.0
3.0
0.0
0.0
0.0
279.0
5.0
0.0
0.0
0.0
0.0
0.0
0.0
0.0
0.0
0.0
0.0
0.0
0.0
0.0
0.0
41.0
0.0
124.0
23.0
5.0
0.0
15.0
160.0
0.0
0.0
0.0
0.0
0.0
0.0
5.0
18.0
0.0
28.0
13.0
0.0
33.0
0.0
0.0
0.0
0.0
0.0
41.0
58.0
61.0
66.0
0.0
0.0
0.0
0.0
0.0
0.0
5.0
41.0
69.0
0.0
0.0
0.0
0.0
0.0
0.0
0.0
8.0
15.0
0.0
0.0
0.0
0.0
0.0
0.0
0.0
310.0
18.0
0.0
10.0
51.0
0.0
66.0
33.0
0.0
0.0
10.0
0.0
0.0
0.0
0.0
353.0
0.0
13.0
0.0
0.0
0.0
0.0
127.0
13.0
0.0
0.0
0.0
8.0
53.0
8.0
0.0
0.0
5.0
239.0
0.0
0.0
0.0
0.0
43.0
279.0
0.0
0.0
0.0
0.0
0.0
0.0
0.0
0.0
0.0
3.0
66.0
46.0
427.0
0.0
0.0
0.0
0.0
0.0
0.0
0.0
0.0
0.0
38.0
0.0
0.0
0.0
23.0
0.0
0.0
234.0
81.0
0.0
10.0
0.0
0.0
0.0
0.0
0.0
0.0
307.0
23.0
0.0
0.0
0.0
193.0
5.0
0.0
0.0
0.0
119.0
0.0
0.0
0.0
0.0
84.0
3.0
10.0
0.0
64.0
51.0
0.0
0.0
0.0
107.0
0.0
124.0
0.0
117.0
0.0
0.0
10.0
0.0
0.0
41.0
0.0
0.0
10.0
0.0
0.0
0.0
0.0
15.0
0.0
183.0
18.0
0.0
3.0
0.0
0.0
0.0
0.0
23.0
91.0
0.0
0.0
0.0
0.0
0.0
0.0
0.0
30.0
170.0
5.0
0.0
0.0
15.0
0.0
0.0
0.0
0.0
0.0
13.0
8.0
20.0
15.0
3.0
130.0
48.0
0.0
0.0
0.0
18.0
79.0
5.0
0.0
0.0
0.0
0.0
0.0
178.0
0.0
5.0
0.0
0.0
0.0
320.0
5.0
0.0
0.0
8.0
13.0
0.0
38.0
56.0
86.0
38.0
41.0
0.0
76.0
0.0
0.0
0.0
3.0
10.0
30.0
91.0
13.0
147.0
3.0
0.0
0.0
0.0
0.0
0.0
0.0
0.0
18.0
13.0
0.0
0.0
5.0
0.0
0.0
0.0
15.0
3.0
15.0
0.0
0.0
NaN
NaN
NaN
NaN
0.0
NaN
0.0
0.0
0.0
38.0
30.0
0.0
0.0
56.0
0.0
0.0
0.0
0.0
0.0
124.0
18.0
0.0
13.0
124.0
0.0
0.0
8.0
112.0
152.0
0.0
0.0
0.0
20.0
0.0
36.0
38.0
0.0
213.0
0.0
0.0
0.0
10.0
0.0
0.0
0.0
0.0
102.0
0.0
0.0
NaN
0.0
28.0
0.0
122.0
0.0
0.0
0.0
0.0
NaN
0.0
0.0
0.0
86.0
76.0
0.0
0.0
0.0
0.0
0.0
0.0
0.0
0.0
0.0
0.0
0.0
23.0
0.0
0.0
0.0
0.0
0.0
0.0
0.0
25.0
0.0
0.0
13.0
56.0
0.0
0.0
0.0
0.0
0.0
0.0
0.0
13.0
0.0
3.0
38.0
38.0
5.0
0.0
53.0
0.0
0.0
15.0
8.0
0.0
0.0
0.0
0.0
0.0
107.0
0.0
0.0
30.0
3.0
0.0
0.0
0.0
3.0
0.0
0.0
94.0
0.0
0.0
0.0
0.0
152.0
5.0
0.0
23.0
0.0
0.0
0.0
0.0
0.0
239.0
0.0
0.0
0.0
0.0
20.0
0.0
0.0
0.0
0.0
206.0
43.0
0.0
0.0
0.0
0.0
0.0
0.0
0.0
0.0
0.0
0.0
0.0
305.0
0.0
0.0
0.0
0.0
0.0
0.0
0.0
0.0
0.0
61.0
0.0
0.0
0.0
0.0
0.0
0.0
0.0
564.0
0.0
0.0
89.0
0.0
0.0
71.0
0.0
0.0
0.0
51.0
257.0
0.0
36.0
0.0
15.0
0.0
15.0
0.0
0.0
0.0
0.0
0.0
0.0
0.0
0.0
0.0
0.0
38.0
0.0
0.0
0.0
0.0
0.0
0.0
0.0
0.0
71.0
0.0
0.0
411.0
0.0
41.0
0.0
244.0
46.0
79.0
0.0
8.0
0.0
0.0
0.0
0.0
0.0
0.0
33.0
0.0
0.0
0.0
58.0
0.0
188.0
109.0
0.0
0.0
0.0
0.0
0.0
46.0
155.0
0.0
0.0
0.0
0.0
25.0
10.0
8.0
0.0
0.0
0.0
0.0
0.0
0.0
30.0
41.0
0.0
0.0
23.0
127.0
0.0
5.0
0.0
0.0
0.0
0.0
0.0
0.0
0.0
0.0
0.0
0.0
157.0
0.0
97.0
0.0
0.0
0.0
0.0
0.0
0.0
0.0
0.0
0.0
0.0
0.0
0.0
10.0
0.0
0.0
46.0
10.0
0.0
0.0
0.0
25.0
0.0
0.0
0.0
64.0
36.0
76.0
0.0
0.0
0.0
36.0
0.0
0.0
41.0
0.0
86.0
0.0
0.0
0.0
0.0
0.0
20.0
124.0
3.0
0.0
97.0
38.0
0.0
0.0
0.0
99.0
137.0
0.0
3.0
38.0
36.0
5.0
0.0
0.0
3.0
0.0
25.0
13.0
8.0
0.0
91.0
152.0
0.0
10.0
28.0
0.0
36.0
0.0
13.0
0.0
15.0
3.0
0.0
0.0
0.0
97.0
0.0
0.0
0.0
0.0
0.0
0.0
102.0
0.0
33.0
25.0
25.0
0.0
0.0
18.0
0.0
0.0
0.0
0.0
0.0
5.0
259.0
0.0
20.0
51.0
0.0
0.0
0.0
0.0
0.0
0.0
239.0
0.0
0.0
NaN
0.0
25.0
8.0
3.0
3.0
0.0
41.0
0.0
38.0
0.0
8.0
0.0
0.0
310.0
107.0
0.0
23.0
0.0
28.0
0.0
0.0
0.0
0.0
0.0
0.0
145.0
97.0
0.0
84.0
5.0
0.0
0.0
0.0
58.0
41.0
8.0
0.0
0.0
0.0
0.0
0.0
28.0
0.0
0.0
279.0
0.0
38.0
5.0
0.0
79.0
0.0
0.0
0.0
0.0
0.0
127.0
0.0
51.0
0.0
127.0
0.0
0.0
99.0
5.0
0.0
61.0
0.0
0.0
0.0
0.0
0.0
0.0
0.0
0.0
132.0
33.0
0.0
0.0
0.0
102.0
3.0
48.0
3.0
0.0
0.0
0.0
38.0
5.0
28.0
3.0
33.0
0.0
0.0
0.0
0.0
0.0
0.0
0.0
0.0
0.0
0.0
0.0
0.0
160.0
71.0
86.0
0.0
112.0
0.0
0.0
0.0
0.0
38.0
0.0
0.0
0.0
0.0
3.0
0.0
38.0
0.0
0.0
0.0
0.0
5.0
51.0
290.0
86.0
10.0
0.0
0.0
0.0
0.0
191.0
18.0
0.0
102.0
84.0
0.0
0.0
0.0
0.0
0.0
0.0
0.0
0.0
0.0
23.0
0.0
102.0
0.0
0.0
0.0
0.0
0.0
0.0
0.0
102.0
0.0
0.0
5.0
0.0
0.0
0.0
0.0
0.0
58.0
76.0
99.0
0.0
0.0
NaN
NaN
18.0
0.0
0.0
10.0
0.0
0.0
262.0
0.0
25.0
20.0
0.0
0.0
0.0
0.0
0.0
8.0
0.0
0.0
23.0
0.0
0.0
0.0
0.0
0.0
0.0
10.0
0.0
0.0
0.0
0.0
0.0
107.0
0.0
0.0
0.0
0.0
8.0
0.0
0.0
0.0
0.0
5.0
0.0
0.0
0.0
0.0
122.0
5.0
18.0
25.0
0.0
0.0
236.0
36.0
13.0
0.0
0.0
0.0
0.0
340.0
0.0
10.0
0.0
0.0
5.0
3.0
0.0
0.0
18.0
3.0
0.0
18.0
0.0
0.0
61.0
178.0
43.0
18.0
0.0
0.0
0.0
81.0
38.0
0.0
0.0
152.0
13.0
0.0
20.0
0.0
0.0
122.0
117.0
0.0
41.0
3.0
0.0
127.0
56.0
0.0
0.0
0.0
0.0
97.0
0.0
0.0
0.0
0.0
0.0
20.0
25.0
0.0
0.0
0.0
0.0
10.0
5.0
0.0
76.0
71.0
51.0
0.0
46.0
18.0
0.0
0.0
264.0
0.0
0.0
137.0
8.0
0.0
20.0
10.0
0.0
20.0
0.0
0.0
0.0
8.0
13.0
0.0
0.0
25.0
15.0
46.0
0.0
0.0
104.0
0.0
3.0
0.0
0.0
0.0
0.0
0.0
0.0
0.0
0.0
3.0
0.0
0.0
0.0
0.0
58.0
0.0
5.0
18.0
0.0
0.0
0.0
0.0
10.0
46.0
0.0
0.0
0.0
38.0
86.0
0.0
0.0
0.0
10.0
36.0
0.0
0.0
0.0
0.0
0.0
0.0
61.0
13.0
0.0
0.0
0.0
0.0
18.0
64.0
0.0
3.0
0.0
33.0
0.0
0.0
0.0
0.0
0.0
38.0
0.0
48.0
0.0
28.0
0.0
38.0
30.0
97.0
13.0
23.0
231.0
0.0
244.0
157.0
5.0
0.0
0.0
0.0
0.0
0.0
0.0
0.0
0.0
0.0
0.0
5.0
36.0
117.0
142.0
10.0
48.0
168.0
10.0
8.0
0.0
0.0
25.0
18.0
3.0
0.0
0.0
0.0
0.0
8.0
25.0
5.0
0.0
0.0
5.0
33.0
0.0
0.0
0.0
0.0
279.0
38.0
0.0
0.0
61.0
28.0
3.0
10.0
0.0
0.0
8.0
102.0
3.0
66.0
86.0
25.0
3.0
30.0
38.0
41.0
0.0
0.0
0.0
38.0
0.0
0.0
0.0
0.0
51.0
28.0
51.0
74.0
0.0
56.0
5.0
13.0
0.0
10.0
117.0
8.0
15.0
0.0
0.0
0.0
0.0
0.0
25.0
0.0
0.0
51.0
43.0
61.0
0.0
0.0
5.0
0.0
102.0
137.0
53.0
0.0
0.0
13.0
33.0
0.0
0.0
0.0
0.0
0.0
46.0
0.0
0.0
0.0
0.0
0.0
3.0
0.0
38.0
18.0
0.0
0.0
0.0
0.0
0.0
0.0
3.0
0.0
0.0
0.0
28.0
102.0
208.0
25.0
0.0
0.0
0.0
28.0
0.0
0.0
0.0
0.0
0.0
0.0
0.0
0.0
0.0
0.0
0.0
0.0
0.0
0.0
0.0
0.0
25.0
0.0
0.0
178.0
3.0
0.0
0.0
0.0
0.0
0.0
0.0
0.0
0.0
0.0
0.0
61.0
0.0
0.0
0.0
127.0
0.0
0.0
0.0
0.0
0.0
0.0
0.0
0.0
0.0
0.0
0.0
127.0
5.0
0.0
0.0
33.0
229.0
3.0
0.0
0.0
0.0
0.0
0.0
0.0
0.0
61.0
5.0
0.0
224.0
0.0
0.0
0.0
0.0
0.0
0.0
0.0
0.0
193.0
0.0
0.0
0.0
0.0
13.0
20.0
0.0
0.0
0.0
0.0
0.0
0.0
0.0
25.0
267.0
279.0
91.0
97.0
3.0
86.0
0.0
0.0
5.0
0.0
0.0
0.0
10.0
0.0
0.0
0.0
0.0
267.0
318.0
5.0
0.0
51.0
3.0
0.0
15.0
0.0
0.0
147.0
91.0
48.0
23.0
97.0
5.0
0.0
0.0
0.0
0.0
81.0
10.0
0.0
0.0
0.0
107.0
20.0
0.0
0.0
198.0
5.0
5.0
13.0
0.0
0.0
66.0
244.0
0.0
0.0
0.0
0.0
86.0
117.0
5.0
0.0
51.0
36.0
64.0
0.0
0.0
5.0
0.0
0.0
0.0
0.0
76.0
10.0
30.0
18.0
0.0
0.0
0.0
0.0
0.0
0.0
8.0
0.0
102.0
0.0
91.0
3.0
0.0
0.0
66.0
3.0
114.0
0.0
0.0
8.0
38.0
3.0
10.0
5.0
0.0
102.0
3.0
3.0
0.0
13.0
18.0
0.0
0.0
0.0
0.0
0.0
0.0
5.0
30.0
0.0
198.0
30.0
0.0
28.0
0.0
0.0
0.0
46.0
0.0
0.0
18.0
295.0
5.0
0.0
0.0
30.0
3.0
0.0
0.0
0.0
0.0
0.0
91.0
0.0
0.0
18.0
0.0
0.0
23.0
0.0
56.0
3.0
0.0
0.0
0.0
0.0
38.0
66.0
13.0
135.0
3.0
71.0
20.0
10.0
0.0
127.0
18.0
5.0
0.0
8.0
8.0
10.0
127.0
3.0
0.0
0.0
10.0
0.0
0.0
0.0
127.0
56.0
3.0
0.0
0.0
0.0
10.0
13.0
0.0
0.0
20.0
5.0
0.0
152.0
28.0
0.0
127.0
38.0
0.0
178.0
137.0
3.0
0.0
3.0
191.0
5.0
0.0
0.0
0.0
0.0
33.0
3.0
0.0
0.0
0.0
8.0
23.0
3.0
0.0
20.0
3.0
0.0
0.0
0.0
0.0
0.0
0.0
0.0
0.0
13.0
10.0
15.0
0.0
0.0
10.0
3.0
20.0
76.0
124.0
25.0
107.0
0.0
0.0
0.0
0.0
0.0
0.0
122.0
30.0
0.0
0.0
0.0
0.0
0.0
0.0
0.0
0.0
0.0
10.0
0.0
0.0
0.0
0.0
0.0
0.0
0.0
0.0
97.0
0.0
0.0
0.0
5.0
137.0
0.0
5.0
13.0
0.0
0.0
193.0
84.0
0.0
0.0
0.0
51.0
10.0
0.0
0.0
0.0
0.0
0.0
0.0
18.0
5.0
0.0
0.0
0.0
18.0
0.0
0.0
0.0
0.0
0.0
0.0
10.0
0.0
0.0
0.0
3.0
0.0
0.0
0.0
330.0
3.0
203.0
38.0
0.0
0.0
0.0
13.0
0.0
0.0
0.0
0.0
157.0
3.0
0.0
0.0
0.0
97.0
0.0
0.0
10.0
25.0
0.0
0.0
0.0
28.0
0.0
112.0
51.0
13.0
0.0
13.0
3.0
0.0
0.0
0.0
41.0
0.0
25.0
8.0
0.0
0.0
46.0
66.0
30.0
0.0
0.0
28.0
0.0
0.0
0.0
0.0
30.0
0.0
25.0
0.0
0.0
0.0
0.0
28.0
13.0
0.0
3.0
3.0
163.0
66.0
79.0
3.0
0.0
3.0
0.0
0.0
10.0
38.0
38.0
0.0
0.0
25.0
5.0
0.0
10.0
269.0
23.0
0.0
38.0
33.0
0.0
0.0
38.0
18.0
0.0
0.0
20.0
99.0
0.0
0.0
0.0
0.0
15.0
8.0
3.0
0.0
38.0
13.0
13.0
0.0
30.0
0.0
0.0
0.0
28.0
0.0
25.0
0.0
23.0
51.0
0.0
0.0
0.0
0.0
0.0
0.0
43.0
5.0
8.0
3.0
0.0
0.0
3.0
0.0
46.0
0.0
13.0
3.0
0.0
0.0
0.0
5.0
0.0
0.0
33.0
0.0
0.0
0.0
0.0
0.0
0.0
102.0
0.0
0.0
127.0
66.0
3.0
0.0
0.0
0.0
0.0
23.0
51.0
3.0
3.0
140.0
0.0
8.0
8.0
0.0
0.0
0.0
91.0
0.0
107.0
38.0
0.0
0.0
0.0
33.0
147.0
81.0
20.0
0.0
0.0
5.0
0.0
0.0
0.0
0.0
8.0
5.0
188.0
0.0
0.0
3.0
0.0
0.0
0.0
74.0
0.0
0.0
0.0
41.0
175.0
0.0
5.0
66.0
30.0
142.0
10.0
0.0
0.0
61.0
5.0
0.0
0.0
0.0
183.0
5.0
0.0
0.0
0.0
0.0
0.0
0.0
0.0
0.0
0.0
0.0
0.0
0.0
0.0
0.0
43.0
10.0
0.0
0.0
0.0
20.0
10.0
0.0
0.0
0.0
0.0
0.0
3.0
18.0
0.0
81.0
46.0
8.0
150.0
0.0
0.0
0.0
0.0
0.0
0.0
0.0
0.0
0.0
0.0
0.0
0.0
0.0
3.0
8.0
0.0
0.0
0.0
0.0
0.0
0.0
0.0
157.0
127.0
86.0
8.0
38.0
3.0
66.0
170.0
86.0
3.0
0.0
0.0
0.0
224.0
3.0
5.0
0.0
173.0
0.0
0.0
224.0
51.0
0.0
0.0
0.0
0.0
0.0
0.0
0.0
0.0
0.0
0.0
0.0
0.0
0.0
0.0
0.0
0.0
0.0
0.0
5.0
18.0
43.0
0.0
0.0
0.0
0.0
0.0
0.0
0.0
76.0
323.0
51.0
0.0
0.0
41.0
79.0
0.0
0.0
10.0
0.0
0.0
0.0
0.0
0.0
71.0
84.0
5.0
8.0
5.0
0.0
0.0
0.0
36.0
0.0
0.0
66.0
0.0
0.0
0.0
0.0
0.0
0.0
0.0
13.0
0.0
318.0
5.0
0.0
76.0
0.0
0.0
114.0
0.0
102.0
3.0
3.0
0.0
0.0
10.0
0.0
0.0
0.0
0.0
0.0
183.0
3.0
36.0
0.0
0.0
76.0
0.0
168.0
28.0
20.0
38.0
0.0
43.0
41.0
3.0
0.0
0.0
0.0
5.0
0.0
76.0
0.0
0.0
0.0
0.0
0.0
0.0
0.0
8.0
0.0
30.0
5.0
91.0
0.0
0.0
0.0
267.0
3.0
8.0
0.0
8.0
0.0
0.0
0.0
0.0
0.0
0.0
0.0
0.0
0.0
0.0
56.0
51.0
109.0
0.0
0.0
0.0
10.0
23.0
48.0
66.0
0.0
0.0
18.0
0.0
0.0
0.0
0.0
0.0
0.0
36.0
5.0
0.0
0.0
0.0
28.0
112.0
13.0
0.0
10.0
66.0
0.0
13.0
5.0
0.0
102.0
97.0
0.0
28.0
117.0
23.0
10.0
3.0
3.0
86.0
13.0
5.0
0.0
5.0
36.0
46.0
3.0
3.0
0.0
0.0
127.0
18.0
3.0
0.0
18.0
56.0
0.0
0.0
51.0
0.0
0.0
0.0
15.0
25.0
0.0
0.0
28.0
41.0
0.0
127.0
0.0
5.0
13.0
3.0
0.0
13.0
0.0
13.0
5.0
20.0
5.0
81.0
38.0
0.0
8.0
5.0
13.0
0.0
0.0
0.0
0.0
0.0
3.0
3.0
0.0
0.0
0.0
0.0
0.0
0.0
0.0
0.0
13.0
46.0
61.0
41.0
0.0
0.0
254.0
0.0
0.0
0.0
0.0
8.0
0.0
20.0
0.0
229.0
290.0
0.0
41.0
41.0
0.0
0.0
0.0
0.0
33.0
0.0
28.0
13.0
0.0
0.0
81.0
0.0
23.0
8.0
38.0
25.0
0.0
0.0
41.0
0.0
5.0
51.0
3.0
0.0
8.0
201.0
8.0
0.0
0.0
0.0
0.0
0.0
0.0
0.0
0.0
10.0
0.0
0.0
0.0
122.0
10.0
0.0
0.0
0.0
0.0
0.0
117.0
142.0
13.0
368.0
368.0
10.0
0.0
0.0
0.0
0.0
20.0
51.0
3.0
0.0
8.0
610.0
8.0
0.0
3.0
0.0
130.0
0.0
3.0
8.0
0.0
213.0
107.0
3.0
163.0
0.0
0.0
0.0
0.0
0.0
0.0
0.0
0.0
0.0
0.0
0.0
107.0
3.0
0.0
0.0
0.0
0.0
71.0
0.0
0.0
0.0
0.0
10.0
0.0
0.0
0.0
0.0
107.0
0.0
76.0
81.0
0.0
15.0
0.0
0.0
244.0
0.0
234.0
0.0
38.0
117.0
119.0
86.0
20.0
0.0
0.0
0.0
0.0
71.0
0.0
0.0
76.0
343.0
23.0
0.0
18.0
20.0
257.0
0.0
0.0
0.0
30.0
0.0
0.0
13.0
0.0
0.0
0.0
0.0
76.0
107.0
0.0
231.0
5.0
0.0
0.0
0.0
10.0
0.0
71.0
15.0
0.0
0.0
0.0
25.0
0.0
432.0
8.0
0.0
0.0
0.0
0.0
0.0
0.0
0.0
0.0
0.0
0.0
0.0
0.0
0.0
0.0
0.0
0.0
61.0
0.0
0.0
13.0
0.0
0.0
0.0
0.0
132.0
25.0
5.0
0.0
0.0
0.0
0.0
0.0
218.0
0.0
20.0
56.0
23.0
30.0
15.0
0.0
0.0
208.0
3.0
0.0
0.0
0.0
0.0
0.0
0.0
0.0
0.0
23.0
0.0
3.0
229.0
0.0
0.0
0.0
76.0
5.0
3.0
8.0
0.0
0.0
10.0
122.0
0.0
0.0
38.0
56.0
8.0
0.0
0.0
0.0
0.0
127.0
61.0
0.0
0.0
0.0
71.0
0.0
0.0
3.0
8.0
8.0
8.0
0.0
0.0
0.0
0.0
0.0
0.0
0.0
0.0
0.0
5.0
0.0
0.0
0.0
5.0
20.0
64.0
5.0
0.0
0.0
0.0
18.0
0.0
15.0
18.0
0.0
102.0
0.0
0.0
13.0
0.0
0.0
5.0
0.0
0.0
0.0
8.0
3.0
0.0
51.0
25.0
0.0
18.0
33.0
0.0
13.0
0.0
20.0
5.0
0.0
0.0
10.0
0.0
0.0
13.0
0.0
0.0
18.0
0.0
5.0
71.0
64.0
3.0
0.0
23.0
5.0
3.0
3.0
8.0
8.0
0.0
0.0
0.0
0.0
0.0
36.0
10.0
10.0
3.0
38.0
3.0
0.0
5.0
13.0
3.0
3.0
8.0
0.0
0.0
0.0
0.0
23.0
0.0
0.0
48.0
3.0
3.0
0.0
3.0
0.0
0.0
0.0
0.0
0.0
13.0
0.0
15.0
0.0
71.0
0.0
0.0
0.0
0.0
3.0
64.0
0.0
0.0
8.0
0.0
0.0
0.0
0.0
173.0
3.0
0.0
25.0
0.0
20.0
89.0
0.0
86.0
13.0
53.0
0.0
0.0
0.0
0.0
3.0
46.0
0.0
61.0
0.0
0.0
112.0
0.0
76.0
4.0
0.0
46.0
0.0
0.0
0.0
0.0
0.0
6.0
0.0
0.0
0.0
0.0
0.0
0.0
30.0
8.0
280.0
230.0
123.0
4.0
0.0
0.0
0.0
0.0
0.0
0.0
12.0
0.0
26.0
16.0
0.0
0.0
2.0
0.0
0.0
0.0
0.0
8.0
0.0
0.0
0.0
48.0
26.0
0.0
0.0
0.0
0.0
6.0
52.0
0.0
0.0
0.0
0.0
0.0
0.0
190.0
6.0
14.0
0.0
4.0
0.0
102.0
0.0
0.0
0.0
0.0
0.0
0.0
0.0
0.0
0.0
0.0
0.0
108.0
0.0
30.0
0.0
0.0
0.0
NaN
NaN
0.0
0.0
24.0
6.0
18.0
0.0
4.0
22.0
0.0
52.0
133.0
130.0
2.0
0.0
0.0
50.0
0.0
2.0
0.0
4.0
0.0
86.0
0.0
2.0
0.0
0.0
0.0
0.0
0.0
0.0
0.0
0.0
0.0
0.0
0.0
16.0
0.0
0.0
218.0
30.0
8.0
0.0
10.0
110.0
76.0
46.0
148.0
0.0
0.0
85.0
0.0
385.0
0.0
0.0
10.0
0.0
210.0
0.0
135.0
0.0
0.0
0.0
0.0
0.0
20.0
2.0
0.0
86.0
12.0
4.0
4.0
0.0
4.0
0.0
2.0
60.0
0.0
0.0
104.0
304.0
0.0
68.0
218.0
320.0
68.0
168.0
4.0
24.0
14.0
0.0
342.0
26.0
252.0
0.0
0.0
2.0
138.0
262.0
34.0
0.0
0.0
0.0
0.0
0.0
128.0
0.0
0.0
88.0
0.0
0.0
0.0
10.0
0.0
0.0
0.0
0.0
0.0
NaN
NaN
NaN
6.0
0.0
4.0
0.0
6.0
0.0
0.0
0.0
0.0
0.0
32.0
18.0
0.0
22.0
226.0
6.0
0.0
108.0
0.0
0.0
0.0
0.0
8.0
236.0
20.0
0.0
0.0
12.0
2.0
0.0
70.0
0.0
6.0
26.0
22.0
0.0
0.0
96.0
22.0
0.0
0.0
0.0
120.0
0.0
0.0
97.0
0.0
0.0
46.0
11.0
320.0
138.0
3.0
0.0
0.0
100.0
0.0
20.0
5.0
0.0
0.0
11.0
0.0
0.0
0.0
13.0
0.0
0.0
5.0
0.0
0.0
0.0
0.0
0.0
0.0
15.0
60.0
8.0
0.0
0.0
0.0
8.0
4.0
0.0
0.0
80.0
0.0
10.0
NaN
NaN
0.0
0.0
36.0
150.0
68.0
10.0
0.0
0.0
0.0
0.0
13.0
0.0
0.0
0.0
25.0
20.0
5.0
0.0
0.0
0.0
0.0
0.0
0.0
0.0
0.0
0.0
0.0
0.0
0.0
0.0
13.0
0.0
6.0
42.0
4.0
0.0
0.0
6.0
0.0
0.0
6.0
0.0
0.0
0.0
0.0
0.0
0.0
0.0
6.0
0.0
70.0
25.0
6.0
0.0
0.0
0.0
0.0
95.0
80.0
70.0
0.0
0.0
48.0
0.0
0.0
6.0
0.0
0.0
20.0
