10.0
0.0
0.0
0.0
0.0
66.0
0.0
0.0
0.0
0.0
0.0
0.0
0.0
5.0
140.0
0.0
3.0
155.0
163.0
71.0
0.0
25.0
16.0
0.0
0.0
0.0
56.0
0.0
0.0
0.0
0.0
20.0
0.0
0.0
0.0
256.0
0.0
25.0
0.0
0.0
97.0
462.0
0.0
0.0
28.0
20.0
0.0
0.0
0.0
224.0
0.0
0.0
0.0
41.0
0.0
0.0
0.0
33.0
0.0
125.0
0.0
114.0
0.0
0.0
0.0
0.0
0.0
0.0
198.0
3.0
0.0
147.0
36.0
0.0
0.0
NaN
0.0
41.0
64.0
0.0
0.0
0.0
0.0
0.0
0.0
106.0
0.0
0.0
23.0
18.0
0.0
0.0
0.0
56.0
0.0
0.0
0.0
147.0
69.0
53.0
0.0
69.0
0.0
0.0
0.0
0.0
8.0
0.0
0.0
0.0
0.0
0.0
0.0
0.0
71.0
0.0
0.0
373.0
3.0
0.0
0.0
0.0
0.0
0.0
0.0
0.0
0.0
0.0
0.0
0.0
0.0
0.0
3.0
124.0
25.0
0.0
38.0
89.0
0.0
0.0
36.0
0.0
0.0
165.0
523.0
3.0
20.0
3.0
265.0
41.0
114.0
23.0
128.0
3.0
46.0
275.0
41.0
23.0
0.0
0.0
28.0
0.0
0.0
0.0
99.0
189.0
5.0
0.0
0.0
0.0
3.0
0.0
20.0
0.0
0.0
3.0
0.0
28.0
11.0
33.0
0.0
21.0
0.0
0.0
76.0
0.0
5.0
0.0
0.0
0.0
10.0
26.0
0.0
0.0
8.0
0.0
0.0
0.0
3.0
0.0
0.0
0.0
0.0
194.0
51.0
0.0
3.0
0.0
58.0
234.0
0.0
0.0
0.0
0.0
132.0
178.0
3.0
0.0
3.0
21.0
117.0
46.0
168.0
0.0
0.0
0.0
0.0
0.0
0.0
0.0
84.0
3.0
0.0
0.0
0.0
0.0
0.0
125.0
38.0
3.0
0.0
0.0
0.0
0.0
0.0
NaN
0.0
0.0
0.0
0.0
0.0
0.0
0.0
NaN
0.0
0.0
0.0
0.0
NaN
0.0
0.0
60.0
40.0
60.0
0.0
0.0
0.0
0.0
0.0
0.0
0.0
0.0
0.0
NaN
NaN
0.0
0.0
0.0
0.0
0.0
0.0
0.0
20.0
10.0
0.0
0.0
0.0
0.0
0.0
0.0
0.0
0.0
0.0
0.0
0.0
0.0
0.0
0.0
0.0
0.0
0.0
0.0
0.0
NaN
98.0
0.0
0.0
0.0
0.0
0.0
0.0
0.0
0.0
0.0
0.0
0.0
0.0
0.0
0.0
0.0
0.0
0.0
0.0
0.0
0.0
0.0
0.0
0.0
3.0
23.0
5.0
5.0
226.0
190.0
16.0
NaN
NaN
0.0
112.0
84.0
NaN
0.0
0.0
0.0
0.0
68.0
33.0
25.0
13.0
58.0
58.0
0.0
0.0
0.0
0.0
0.0
13.0
10.0
0.0
0.0
0.0
51.0
10.0
0.0
0.0
0.0
3.0
0.0
0.0
0.0
0.0
0.0
0.0
0.0
0.0
20.0
0.0
0.0
216.0
0.0
0.0
36.0
23.0
38.0
0.0
0.0
0.0
0.0
0.0
0.0
61.0
0.0
0.0
0.0
86.0
0.0
0.0
46.0
0.0
0.0
0.0
0.0
0.0
3.0
0.0
0.0
18.0
0.0
69.0
0.0
0.0
0.0
0.0
0.0
23.0
5.0
137.0
5.0
0.0
0.0
46.0
28.0
0.0
33.0
104.0
13.0
5.0
0.0
18.0
0.0
0.0
0.0
295.0
0.0
3.0
13.0
0.0
0.0
145.0
0.0
0.0
0.0
0.0
0.0
0.0
0.0
5.0
0.0
0.0
170.0
3.0
56.0
0.0
0.0
3.0
3.0
8.0
13.0
325.0
0.0
0.0
0.0
6.0
10.0
155.0
546.0
28.0
3.0
0.0
0.0
0.0
13.0
3.0
5.0
74.0
0.0
0.0
445.0
3.0
3.0
0.0
0.0
381.0
23.0
18.0
155.0
110.0
28.0
38.0
0.0
0.0
5.0
0.0
0.0
3.0
36.0
0.0
3.0
53.0
485.0
0.0
0.0
69.0
39.0
86.0
84.0
104.0
20.0
201.0
0.0
3.0
0.0
0.0
0.0
0.0
0.0
39.0
0.0
18.0
61.0
8.0
0.0
28.0
5.0
8.0
0.0
5.0
81.0
0.0
0.0
0.0
0.0
0.0
0.0
67.0
0.0
0.0
5.0
3.0
69.0
0.0
138.0
0.0
165.0
8.0
10.0
0.0
0.0
5.0
58.0
20.0
0.0
0.0
0.0
0.0
10.0
119.0
0.0
0.0
0.0
0.0
0.0
0.0
0.0
0.0
8.0
0.0
0.0
10.0
0.0
0.0
0.0
114.0
294.0
0.0
3.0
99.0
44.0
18.0
10.0
0.0
66.0
4.0
0.0
0.0
13.0
37.0
13.0
4.0
84.0
2.0
0.0
165.0
163.0
10.0
0.0
0.0
160.0
6.0
0.0
0.0
0.0
147.0
0.0
0.0
0.0
NaN
0.0
18.0
0.0
0.0
0.0
0.0
0.0
0.0
0.0
0.0
0.0
0.0
0.0
0.0
0.0
0.0
0.0
0.0
23.0
107.0
3.0
28.0
0.0
0.0
0.0
20.0
0.0
10.0
10.0
0.0
0.0
0.0
0.0
92.0
NaN
0.0
110.0
NaN
0.0
10.0
0.0
20.0
0.0
10.0
280.0
0.0
0.0
13.0
0.0
0.0
0.0
0.0
NaN
0.0
0.0
0.0
0.0
0.0
0.0
0.0
0.0
0.0
20.0
0.0
0.0
0.0
0.0
0.0
0.0
0.0
3.0
0.0
0.0
0.0
82.0
66.0
NaN
0.0
0.0
0.0
0.0
10.0
0.0
0.0
0.0
NaN
3.0
130.0
10.0
3.0
20.0
3.0
0.0
0.0
0.0
20.0
84.0
0.0
0.0
84.0
0.0
0.0
0.0
0.0
0.0
0.0
0.0
8.0
0.0
0.0
48.0
0.0
0.0
30.0
0.0
104.0
0.0
0.0
0.0
13.0
43.0
3.0
18.0
0.0
0.0
0.0
0.0
0.0
0.0
0.0
0.0
23.0
89.0
11.0
0.0
0.0
3.0
0.0
186.0
0.0
0.0
3.0
38.0
97.0
3.0
0.0
0.0
0.0
0.0
0.0
0.0
0.0
0.0
0.0
0.0
132.0
0.0
0.0
0.0
0.0
0.0
0.0
10.0
0.0
0.0
0.0
0.0
0.0
0.0
0.0
0.0
0.0
0.0
0.0
0.0
0.0
0.0
0.0
0.0
0.0
0.0
0.0
8.0
0.0
0.0
0.0
0.0
0.0
0.0
0.0
0.0
0.0
0.0
0.0
77.0
0.0
0.0
0.0
0.0
0.0
325.0
3.0
70.0
0.0
0.0
0.0
0.0
0.0
0.0
0.0
0.0
8.0
0.0
0.0
175.0
0.0
0.0
0.0
0.0
0.0
297.0
0.0
0.0
0.0
196.0
0.0
99.0
0.0
0.0
5.0
0.0
0.0
8.0
0.0
0.0
0.0
0.0
0.0
68.0
50.0
0.0
0.0
54.0
8.0
0.0
0.0
0.0
0.0
46.0
176.0
213.0
10.0
0.0
0.0
0.0
0.0
0.0
0.0
59.0
0.0
0.0
0.0
0.0
25.0
0.0
25.0
3.0
0.0
188.0
0.0
0.0
0.0
0.0
0.0
0.0
0.0
0.0
8.0
82.0
3.0
26.0
26.0
0.0
18.0
84.0
0.0
110.0
3.0
0.0
0.0
0.0
8.0
23.0
457.0
0.0
0.0
0.0
58.0
39.0
72.0
35.0
15.0
0.0
10.0
0.0
0.0
0.0
3.0
25.0
3.0
15.0
28.0
231.0
66.0
25.0
10.0
112.0
0.0
0.0
201.0
53.0
0.0
0.0
20.0
0.0
0.0
23.0
199.0
0.0
0.0
0.0
3.0
0.0
8.0
0.0
0.0
0.0
0.0
10.0
0.0
0.0
0.0
0.0
0.0
0.0
0.0
0.0
0.0
0.0
NaN
6.0
12.0
0.0
0.0
0.0
NaN
8.0
16.0
0.0
122.0
0.0
40.0
0.0
NaN
285.0
0.0
0.0
0.0
0.0
0.0
0.0
NaN
0.0
14.0
0.0
71.0
0.0
0.0
0.0
23.0
0.0
0.0
5.0
38.0
0.0
0.0
0.0
20.0
0.0
0.0
0.0
0.0
0.0
76.0
3.0
0.0
0.0
36.0
0.0
0.0
0.0
0.0
0.0
20.0
20.0
0.0
0.0
10.0
0.0
0.0
0.0
0.0
NaN
0.0
0.0
0.0
0.0
0.0
0.0
20.0
0.0
0.0
0.0
0.0
30.0
0.0
0.0
0.0
0.0
0.0
20.0
NaN
0.0
0.0
0.0
0.0
0.0
0.0
0.0
0.0
0.0
0.0
0.0
0.0
NaN
0.0
0.0
100.0
0.0
0.0
0.0
0.0
0.0
0.0
20.0
NaN
NaN
NaN
0.0
0.0
150.0
56.0
8.0
3.0
0.0
0.0
5.0
NaN
3.0
0.0
46.0
0.0
43.0
0.0
0.0
124.0
0.0
0.0
10.0
0.0
0.0
0.0
0.0
5.0
0.0
0.0
0.0
0.0
0.0
0.0
0.0
0.0
51.0
28.0
13.0
0.0
0.0
0.0
25.0
53.0
86.0
8.0
0.0
15.0
0.0
0.0
0.0
81.0
11.0
0.0
0.0
137.0
72.0
404.0
0.0
0.0
0.0
20.0
185.0
137.0
71.0
0.0
110.0
0.0
0.0
0.0
0.0
0.0
3.0
0.0
0.0
66.0
0.0
8.0
16.0
0.0
176.0
0.0
264.0
8.0
45.0
3.0
0.0
0.0
0.0
117.0
3.0
0.0
0.0
0.0
0.0
0.0
125.0
0.0
0.0
0.0
0.0
0.0
5.0
0.0
0.0
3.0
23.0
0.0
0.0
0.0
0.0
0.0
82.0
33.0
0.0
0.0
0.0
0.0
0.0
0.0
79.0
0.0
0.0
0.0
0.0
0.0
0.0
0.0
20.0
0.0
0.0
5.0
0.0
0.0
28.0
3.0
0.0
0.0
0.0
46.0
0.0
0.0
0.0
0.0
8.0
3.0
526.0
0.0
0.0
0.0
3.0
0.0
229.0
0.0
0.0
30.0
36.0
0.0
0.0
0.0
0.0
66.0
5.0
38.0
46.0
0.0
0.0
0.0
8.0
125.0
0.0
132.0
3.0
0.0
0.0
0.0
28.0
5.0
0.0
0.0
0.0
0.0
0.0
0.0
0.0
0.0
18.0
0.0
0.0
0.0
0.0
0.0
0.0
0.0
76.0
41.0
0.0
0.0
0.0
0.0
0.0
10.0
51.0
4.0
341.0
56.0
0.0
0.0
0.0
0.0
0.0
0.0
0.0
0.0
0.0
0.0
36.0
0.0
28.0
0.0
0.0
18.0
23.0
86.0
87.0
15.0
3.0
0.0
0.0
0.0
106.0
NaN
0.0
0.0
0.0
0.0
0.0
0.0
0.0
0.0
0.0
0.0
0.0
0.0
0.0
0.0
0.0
20.0
10.0
0.0
30.0
0.0
10.0
0.0
0.0
0.0
0.0
20.0
0.0
40.0
30.0
60.0
0.0
0.0
10.0
10.0
0.0
0.0
0.0
0.0
0.0
10.0
0.0
80.0
20.0
20.0
NaN
0.0
0.0
0.0
0.0
0.0
0.0
0.0
0.0
0.0
10.0
0.0
0.0
50.0
0.0
0.0
0.0
0.0
NaN
0.0
0.0
50.0
10.0
0.0
0.0
0.0
0.0
0.0
0.0
0.0
30.0
0.0
0.0
200.0
50.0
70.0
0.0
0.0
0.0
0.0
0.0
0.0
0.0
0.0
0.0
0.0
70.0
NaN
0.0
0.0
0.0
0.0
0.0
NaN
NaN
0.0
100.0
0.0
0.0
0.0
0.0
0.0
0.0
0.0
0.0
0.0
0.0
0.0
NaN
0.0
0.0
0.0
0.0
0.0
0.0
0.0
NaN
0.0
NaN
0.0
0.0
0.0
NaN
0.0
0.0
0.0
0.0
0.0
0.0
NaN
NaN
NaN
NaN
NaN
0.0
0.0
50.0
6.0
6.0
0.0
80.0
138.0
2.0
0.0
26.0
14.0
0.0
14.0
2.0
0.0
4.0
106.0
0.0
0.0
0.0
0.0
0.0
0.0
0.0
0.0
0.0
0.0
0.0
0.0
0.0
202.0
0.0
0.0
0.0
0.0
2.0
2.0
0.0
216.0
30.0
0.0
96.0
92.0
36.0
2.0
22.0
6.0
2.0
0.0
2.0
0.0
0.0
0.0
0.0
0.0
0.0
0.0
0.0
0.0
110.0
48.0
0.0
0.0
0.0
216.0
0.0
0.0
0.0
0.0
0.0
0.0
4.0
0.0
0.0
0.0
0.0
0.0
2.0
0.0
86.0
4.0
0.0
0.0
0.0
0.0
0.0
0.0
NaN
0.0
0.0
0.0
0.0
0.0
0.0
0.0
76.0
0.0
4.0
2.0
0.0
14.0
128.0
0.0
40.0
0.0
166.0
108.0
32.0
0.0
60.0
10.0
0.0
0.0
0.0
0.0
0.0
26.0
264.0
0.0
0.0
0.0
0.0
104.0
2.0
30.0
0.0
0.0
0.0
0.0
0.0
530.0
6.0
0.0
0.0
0.0
2.0
154.0
28.0
8.0
0.0
0.0
0.0
0.0
0.0
0.0
88.0
500.0
0.0
0.0
0.0
0.0
0.0
0.0
0.0
0.0
604.0
0.0
32.0
18.0
4.0
0.0
0.0
0.0
262.0
62.0
14.0
0.0
58.0
20.0
0.0
120.0
0.0
0.0
0.0
0.0
0.0
0.0
0.0
36.0
2.0
0.0
0.0
168.0
8.0
0.0
0.0
2.0
114.0
98.0
88.0
0.0
42.0
2.0
0.0
0.0
0.0
62.0
14.0
0.0
0.0
40.0
0.0
0.0
0.0
0.0
0.0
2.0
0.0
0.0
0.0
0.0
0.0
0.0
0.0
74.0
220.0
8.0
0.0
0.0
42.0
0.0
2.0
0.0
0.0
0.0
0.0
8.0
0.0
0.0
0.0
0.0
84.0
16.0
6.0
4.0
0.0
68.0
16.0
14.0
0.0
0.0
0.0
50.0
260.0
0.0
0.0
0.0
0.0
0.0
0.0
0.0
0.0
0.0
0.0
20.0
76.0
0.0
38.0
75.0
0.0
5.0
78.0
53.0
50.0
0.0
0.0
0.0
0.0
345.0
307.0
53.0
0.0
0.0
20.0
0.0
0.0
80.0
0.0
0.0
0.0
0.0
0.0
NaN
0.0
0.0
0.0
NaN
NaN
0.0
0.0
0.0
0.0
0.0
0.0
10.0
0.0
0.0
0.0
20.0
0.0
30.0
0.0
0.0
3.0
0.0
0.0
0.0
0.0
0.0
0.0
0.0
0.0
0.0
0.0
0.0
31.0
80.0
0.0
50.0
0.0
33.0
11.0
0.0
0.0
0.0
0.0
0.0
0.0
20.0
5.0
25.0
61.0
20.0
0.0
16.0
0.0
94.0
0.0
0.0
5.0
8.0
0.0
0.0
0.0
0.0
0.0
0.0
40.0
3.0
0.0
0.0
0.0
23.0
23.0
8.0
0.0
8.0
58.0
0.0
0.0
0.0
25.0
3.0
0.0
0.0
18.0
0.0
3.0
0.0
89.0
110.0
0.0
0.0
0.0
0.0
68.0
25.0
0.0
0.0
0.0
580.0
NaN
NaN
0.0
92.0
0.0
0.0
0.0
33.0
50.0
3.0
3.0
48.0
0.0
0.0
0.0
160.0
0.0
0.0
25.0
3.0
0.0
0.0
102.0
8.0
3.0
0.0
91.0
0.0
0.0
0.0
0.0
0.0
0.0
0.0
46.0
533.0
15.0
0.0
0.0
66.0
15.0
185.0
5.0
0.0
0.0
0.0
0.0
0.0
0.0
0.0
0.0
40.0
65.0
0.0
0.0
0.0
175.0
10.0
0.0
0.0
0.0
0.0
0.0
NaN
0.0
0.0
0.0
0.0
0.0
0.0
0.0
0.0
38.0
0.0
0.0
0.0
0.0
30.0
89.0
0.0
0.0
0.0
0.0
0.0
208.0
0.0
0.0
0.0
0.0
0.0
0.0
15.0
102.0
91.0
0.0
0.0
0.0
0.0
0.0
0.0
274.0
0.0
0.0
0.0
31.0
3.0
0.0
0.0
0.0
0.0
82.0
0.0
0.0
0.0
0.0
0.0
0.0
25.0
0.0
320.0
5.0
77.0
76.0
0.0
38.0
3.0
0.0
0.0
0.0
0.0
0.0
0.0
48.0
0.0
0.0
0.0
104.0
0.0
0.0
0.0
0.0
0.0
3.0
0.0
0.0
0.0
0.0
0.0
0.0
0.0
0.0
0.0
0.0
0.0
0.0
102.0
0.0
5.0
46.0
0.0
0.0
0.0
0.0
0.0
0.0
13.0
305.0
46.0
11.0
3.0
0.0
0.0
56.0
0.0
8.0
0.0
3.0
76.0
0.0
0.0
0.0
84.0
10.0
3.0
0.0
0.0
0.0
317.0
399.0
162.0
0.0
0.0
0.0
0.0
0.0
46.0
0.0
0.0
0.0
30.0
20.0
0.0
0.0
0.0
3.0
0.0
13.0
5.0
71.0
28.0
0.0
0.0
120.0
218.0
122.0
0.0
0.0
61.0
0.0
0.0
0.0
5.0
102.0
59.0
0.0
0.0
119.0
0.0
50.0
100.0
36.0
0.0
15.0
0.0
0.0
0.0
33.0
0.0
0.0
NaN
NaN
NaN
0.0
3.0
15.0
0.0
3.0
0.0
0.0
0.0
0.0
0.0
50.0
30.0
0.0
0.0
0.0
NaN
NaN
0.0
0.0
0.0
0.0
3.0
NaN
0.0
0.0
NaN
250.0
0.0
50.0
NaN
50.0
0.0
80.0
0.0
0.0
NaN
NaN
10.0
NaN
0.0
0.0
0.0
10.0
0.0
0.0
0.0
0.0
0.0
3.0
0.0
0.0
80.0
0.0
0.0
0.0
0.0
0.0
20.0
5.0
261.0
0.0
NaN
NaN
0.0
0.0
0.0
NaN
0.0
0.0
0.0
0.0
0.0
60.0
0.0
0.0
0.0
0.0
0.0
0.0
102.0
NaN
0.0
NaN
NaN
NaN
0.0
0.0
0.0
0.0
0.0
10.0
0.0
0.0
0.0
NaN
NaN
0.0
0.0
NaN
NaN
NaN
0.0
26.0
0.0
114.0
30.0
10.0
0.0
0.0
0.0
0.0
20.0
72.0
30.0
NaN
NaN
0.0
0.0
0.0
NaN
NaN
NaN
NaN
0.0
112.0
72.0
0.0
262.0
NaN
NaN
NaN
0.0
0.0
76.0
0.0
14.0
0.0
0.0
16.0
14.0
0.0
0.0
NaN
0.0
0.0
0.0
0.0
0.0
0.0
0.0
0.0
14.0
0.0
0.0
0.0
0.0
0.0
130.0
0.0
0.0
17.0
0.0
0.0
NaN
NaN
10.0
0.0
0.0
0.0
22.0
0.0
48.0
10.0
0.0
0.0
0.0
0.0
0.0
0.0
0.0
0.0
0.0
350.0
8.0
6.0
6.0
8.0
0.0
128.0
0.0
44.0
10.0
0.0
0.0
0.0
0.0
0.0
0.0
0.0
110.0
0.0
0.0
0.0
84.0
0.0
0.0
106.0
160.0
84.0
144.0
0.0
72.0
52.0
62.0
0.0
41.0
0.0
57.0
0.0
0.0
51.0
5.0
0.0
14.0
0.0
24.0
76.0
0.0
16.0
20.0
0.0
0.0
0.0
390.0
0.0
0.0
92.0
10.0
94.0
10.0
0.0
250.0
0.0
0.0
18.0
6.0
0.0
0.0
0.0
0.0
25.0
0.0
0.0
574.0
65.0
6.0
0.0
0.0
0.0
270.0
22.0
0.0
484.0
148.0
16.0
8.0
498.0
42.0
0.0
0.0
0.0
0.0
32.0
0.0
3.0
182.0
0.0
50.0
26.0
0.0
0.0
0.0
0.0
22.0
0.0
0.0
0.0
0.0
0.0
0.0
0.0
0.0
0.0
0.0
0.0
99.0
51.0
4.0
0.0
0.0
46.0
130.0
124.0
26.0
0.0
88.0
0.0
113.0
0.0
0.0
4.0
0.0
0.0
0.0
0.0
0.0
0.0
0.0
0.0
195.0
104.0
0.0
46.0
6.0
0.0
0.0
2.0
0.0
44.0
122.0
390.0
0.0
0.0
3.0
44.0
2.0
0.0
0.0
24.0
0.0
142.0
6.0
26.0
0.0
0.0
0.0
0.0
0.0
0.0
8.0
5.0
5.0
10.0
0.0
0.0
0.0
0.0
40.0
118.0
0.0
0.0
0.0
0.0
24.0
0.0
0.0
0.0
78.0
0.0
0.0
0.0
20.0
0.0
0.0
0.0
0.0
0.0
100.0
265.0
0.0
0.0
0.0
162.0
352.0
0.0
0.0
10.0
0.0
NaN
NaN
0.0
NaN
NaN
0.0
0.0
0.0
10.0
0.0
0.0
0.0
120.0
0.0
16.0
70.0
0.0
0.0
NaN
NaN
0.0
0.0
10.0
0.0
0.0
0.0
0.0
0.0
0.0
0.0
0.0
12.0
0.0
20.0
2.0
0.0
10.0
50.0
60.0
10.0
20.0
0.0
0.0
90.0
10.0
20.0
0.0
0.0
0.0
0.0
0.0
0.0
0.0
0.0
130.0
0.0
0.0
0.0
72.0
0.0
0.0
0.0
0.0
0.0
0.0
0.0
58.0
0.0
0.0
32.0
80.0
0.0
0.0
38.0
0.0
0.0
0.0
3.0
3.0
0.0
0.0
130.0
32.0
4.0
4.0
0.0
0.0
0.0
0.0
16.0
244.0
0.0
30.0
0.0
0.0
2.0
106.0
2.0
8.0
0.0
156.0
40.0
0.0
0.0
10.0
80.0
90.0
0.0
0.0
6.0
54.0
0.0
0.0
0.0
0.0
76.0
6.0
2.0
0.0
0.0
0.0
0.0
0.0
0.0
0.0
0.0
0.0
0.0
0.0
40.0
2.0
24.0
0.0
0.0
56.0
178.0
0.0
0.0
28.0
0.0
0.0
74.0
20.0
0.0
0.0
0.0
162.0
4.0
22.0
158.0
14.0
2.0
0.0
0.0
0.0
0.0
6.0
0.0
0.0
0.0
30.0
86.0
138.0
2.0
0.0
0.0
0.0
250.0
2.0
282.0
34.0
0.0
0.0
0.0
0.0
0.0
0.0
0.0
0.0
20.0
10.0
0.0
0.0
4.0
2.0
172.0
2.0
0.0
0.0
0.0
0.0
2.0
0.0
0.0
0.0
0.0
0.0
42.0
0.0
24.0
154.0
166.0
2.0
0.0
0.0
0.0
0.0
0.0
0.0
4.0
0.0
0.0
0.0
150.0
0.0
0.0
0.0
0.0
120.0
4.0
0.0
0.0
8.0
10.0
0.0
0.0
10.0
0.0
0.0
0.0
0.0
0.0
116.0
22.0
2.0
0.0
216.0
152.0
2.0
2.0
42.0
2.0
0.0
14.0
24.0
2.0
20.0
0.0
94.0
0.0
0.0
0.0
0.0
0.0
26.0
6.0
2.0
10.0
0.0
96.0
4.0
104.0
0.0
0.0
0.0
8.0
0.0
0.0
0.0
0.0
0.0
0.0
132.0
46.0
0.0
0.0
2.0
0.0
0.0
8.0
122.0
26.0
0.0
0.0
30.0
0.0
0.0
0.0
0.0
0.0
0.0
12.0
2.0
0.0
52.0
44.0
0.0
42.0
0.0
58.0
0.0
0.0
0.0
0.0
0.0
0.0
0.0
NaN
NaN
NaN
0.0
0.0
24.0
0.0
40.0
0.0
0.0
0.0
18.0
50.0
20.0
NaN
NaN
20.0
0.0
0.0
0.0
NaN
NaN
88.0
0.0
NaN
0.0
0.0
NaN
NaN
NaN
0.0
0.0
0.0
0.0
0.0
0.0
NaN
0.0
40.0
20.0
0.0
0.0
0.0
0.0
0.0
0.0
0.0
0.0
0.0
0.0
10.0
0.0
10.0
10.0
0.0
90.0
20.0
0.0
0.0
20.0
0.0
2.0
20.0
0.0
0.0
110.0
0.0
0.0
0.0
0.0
0.0
0.0
2.0
0.0
0.0
0.0
370.0
48.0
0.0
0.0
20.0
20.0
20.0
0.0
60.0
0.0
0.0
40.0
10.0
0.0
0.0
0.0
0.0
0.0
0.0
0.0
0.0
0.0
0.0
0.0
0.0
0.0
20.0
42.0
0.0
150.0
0.0
0.0
0.0
0.0
0.0
0.0
8.0
4.0
92.0
0.0
0.0
70.0
0.0
0.0
42.0
4.0
20.0
2.0
0.0
NaN
NaN
0.0
40.0
150.0
0.0
18.0
0.0
0.0
68.0
0.0
34.0
2.0
20.0
0.0
0.0
30.0
0.0
0.0
140.0
90.0
0.0
0.0
0.0
0.0
46.0
264.0
NaN
0.0
38.0
0.0
0.0
0.0
0.0
0.0
0.0
0.0
0.0
36.0
26.0
178.0
2.0
104.0
0.0
112.0
12.0
0.0
0.0
0.0
42.0
0.0
102.0
2.0
2.0
0.0
28.0
0.0
0.0
68.0
48.0
12.0
0.0
0.0
0.0
0.0
0.0
0.0
0.0
8.0
70.0
2.0
0.0
0.0
0.0
4.0
92.0
0.0
0.0
0.0
0.0
130.0
0.0
0.0
0.0
0.0
0.0
16.0
0.0
676.0
0.0
0.0
0.0
98.0
0.0
0.0
0.0
2.0
0.0
260.0
142.0
24.0
52.0
0.0
168.0
62.0
6.0
36.0
0.0
0.0
0.0
12.0
220.0
0.0
26.0
0.0
0.0
0.0
0.0
0.0
0.0
0.0
0.0
46.0
0.0
0.0
2.0
126.0
2.0
0.0
0.0
14.0
0.0
0.0
2.0
8.0
0.0
0.0
0.0
0.0
0.0
88.0
0.0
0.0
0.0
0.0
0.0
30.0
54.0
136.0
524.0
0.0
0.0
0.0
0.0
0.0
0.0
14.0
0.0
0.0
0.0
0.0
0.0
0.0
94.0
38.0
0.0
20.0
2.0
0.0
0.0
0.0
0.0
0.0
18.0
0.0
0.0
0.0
0.0
0.0
0.0
22.0
22.0
0.0
2.0
0.0
0.0
0.0
0.0
0.0
0.0
4.0
98.0
188.0
0.0
116.0
30.0
0.0
188.0
58.0
0.0
0.0
0.0
0.0
0.0
0.0
32.0
0.0
0.0
0.0
0.0
0.0
0.0
0.0
0.0
0.0
114.0
36.0
0.0
2.0
6.0
2.0
8.0
0.0
0.0
0.0
0.0
0.0
0.0
130.0
54.0
0.0
10.0
52.0
106.0
4.0
0.0
NaN
NaN
0.0
0.0
2.0
0.0
0.0
0.0
0.0
0.0
0.0
0.0
0.0
22.0
0.0
0.0
0.0
0.0
0.0
162.0
0.0
0.0
0.0
0.0
2.0
2.0
70.0
18.0
86.0
40.0
0.0
NaN
80.0
0.0
0.0
0.0
0.0
0.0
190.0
0.0
8.0
0.0
0.0
0.0
0.0
0.0
0.0
0.0
0.0
0.0
0.0
0.0
0.0
98.0
12.0
10.0
20.0
0.0
30.0
80.0
0.0
0.0
0.0
0.0
18.0
62.0
0.0
150.0
256.0
0.0
0.0
0.0
76.0
98.0
60.0
90.0
0.0
0.0
0.0
0.0
0.0
0.0
0.0
0.0
0.0
0.0
0.0
0.0
10.0
0.0
0.0
0.0
0.0
20.0
0.0
0.0
0.0
0.0
0.0
40.0
0.0
0.0
0.0
0.0
0.0
0.0
0.0
0.0
0.0
50.0
0.0
74.0
0.0
0.0
0.0
0.0
0.0
94.0
78.0
NaN
NaN
0.0
0.0
0.0
0.0
0.0
0.0
0.0
0.0
0.0
0.0
0.0
74.0
0.0
0.0
0.0
0.0
0.0
0.0
0.0
0.0
28.0
0.0
0.0
20.0
24.0
28.0
0.0
20.0
32.0
NaN
NaN
146.0
0.0
108.0
24.0
32.0
0.0
0.0
0.0
14.0
88.0
0.0
96.0
148.0
2.0
0.0
0.0
34.0
32.0
0.0
0.0
0.0
0.0
0.0
0.0
0.0
0.0
0.0
0.0
2.0
0.0
94.0
232.0
10.0
0.0
0.0
0.0
0.0
18.0
4.0
2.0
0.0
4.0
0.0
0.0
140.0
28.0
32.0
0.0
34.0
352.0
18.0
0.0
0.0
0.0
28.0
0.0
0.0
0.0
0.0
312.0
0.0
0.0
0.0
0.0
0.0
18.0
0.0
0.0
0.0
0.0
0.0
0.0
0.0
0.0
0.0
0.0
0.0
0.0
20.0
12.0
80.0
14.0
40.0
0.0
0.0
0.0
4.0
0.0
0.0
6.0
0.0
4.0
0.0
0.0
0.0
136.0
0.0
14.0
54.0
0.0
0.0
0.0
62.0
2.0
286.0
68.0
2.0
2.0
8.0
0.0
0.0
0.0
0.0
0.0
0.0
6.0
286.0
30.0
2.0
0.0
0.0
48.0
0.0
0.0
2.0
2.0
264.0
0.0
0.0
0.0
0.0
0.0
0.0
0.0
0.0
0.0
24.0
2.0
0.0
0.0
0.0
0.0
0.0
0.0
0.0
0.0
0.0
0.0
0.0
0.0
86.0
20.0
14.0
0.0
0.0
0.0
34.0
18.0
0.0
0.0
12.0
0.0
0.0
36.0
40.0
110.0
2.0
0.0
0.0
0.0
0.0
0.0
0.0
0.0
0.0
0.0
0.0
48.0
0.0
542.0
12.0
2.0
0.0
0.0
0.0
0.0
0.0
0.0
0.0
0.0
0.0
0.0
0.0
0.0
98.0
12.0
2.0
8.0
0.0
0.0
24.0
68.0
16.0
4.0
30.0
4.0
174.0
44.0
0.0
0.0
0.0
88.0
8.0
0.0
0.0
252.0
150.0
20.0
0.0
20.0
0.0
0.0
60.0
8.0
0.0
6.0
0.0
50.0
0.0
0.0
0.0
2.0
64.0
8.0
0.0
12.0
0.0
14.0
2.0
0.0
0.0
0.0
0.0
NaN
0.0
20.0
0.0
0.0
54.0
132.0
0.0
0.0
0.0
0.0
0.0
NaN
0.0
0.0
0.0
10.0
0.0
10.0
0.0
0.0
0.0
0.0
2.0
100.0
50.0
0.0
0.0
0.0
0.0
0.0
0.0
40.0
0.0
10.0
0.0
0.0
0.0
0.0
60.0
38.0
108.0
10.0
10.0
0.0
0.0
106.0
0.0
0.0
86.0
0.0
0.0
0.0
0.0
0.0
0.0
0.0
0.0
0.0
0.0
0.0
4.0
162.0
0.0
0.0
10.0
0.0
NaN
NaN
0.0
0.0
10.0
0.0
10.0
0.0
NaN
0.0
0.0
0.0
0.0
12.0
98.0
0.0
0.0
0.0
0.0
0.0
80.0
NaN
NaN
0.0
0.0
0.0
0.0
0.0
0.0
0.0
0.0
0.0
0.0
0.0
0.0
100.0
0.0
0.0
0.0
0.0
0.0
0.0
0.0
0.0
0.0
0.0
0.0
30.0
0.0
0.0
0.0
0.0
10.0
10.0
10.0
20.0
0.0
0.0
0.0
190.0
96.0
0.0
90.0
6.0
0.0
8.0
126.0
0.0
0.0
82.0
56.0
16.0
10.0
2.0
0.0
16.0
250.0
14.0
32.0
0.0
12.0
0.0
2.0
0.0
0.0
34.0
604.0
130.0
22.0
0.0
0.0
0.0
18.0
0.0
0.0
0.0
0.0
110.0
28.0
10.0
10.0
2.0
0.0
0.0
0.0
0.0
0.0
0.0
0.0
0.0
46.0
4.0
32.0
0.0
170.0
4.0
12.0
46.0
0.0
24.0
4.0
16.0
0.0
0.0
0.0
374.0
66.0
0.0
0.0
332.0
2.0
8.0
4.0
0.0
0.0
0.0
0.0
0.0
0.0
0.0
20.0
0.0
0.0
0.0
0.0
96.0
2.0
0.0
0.0
0.0
0.0
0.0
248.0
14.0
2.0
0.0
216.0
0.0
0.0
0.0
0.0
76.0
52.0
0.0
4.0
0.0
44.0
10.0
12.0
0.0
0.0
0.0
10.0
0.0
0.0
0.0
0.0
0.0
0.0
0.0
0.0
0.0
0.0
0.0
0.0
0.0
0.0
0.0
0.0
34.0
0.0
0.0
42.0
0.0
0.0
0.0
0.0
0.0
0.0
0.0
0.0
0.0
0.0
0.0
0.0
0.0
292.0
330.0
4.0
178.0
2.0
64.0
2.0
0.0
66.0
0.0
0.0
12.0
2.0
0.0
0.0
404.0
22.0
0.0
22.0
0.0
12.0
338.0
10.0
0.0
0.0
0.0
6.0
0.0
0.0
0.0
0.0
0.0
4.0
40.0
6.0
0.0
0.0
0.0
0.0
0.0
0.0
80.0
266.0
26.0
0.0
8.0
48.0
54.0
0.0
0.0
0.0
8.0
0.0
178.0
0.0
0.0
0.0
0.0
0.0
0.0
0.0
6.0
140.0
30.0
0.0
0.0
0.0
0.0
0.0
0.0
0.0
0.0
30.0
0.0
0.0
0.0
0.0
0.0
4.0
50.0
104.0
0.0
54.0
22.0
44.0
20.0
24.0
0.0
12.0
20.0
52.0
4.0
0.0
24.0
10.0
2.0
40.0
74.0
0.0
2.0
14.0
234.0
82.0
10.0
10.0
0.0
0.0
30.0
152.0
10.0
0.0
50.0
34.0
8.0
2.0
0.0
0.0
48.0
6.0
0.0
68.0
0.0
0.0
0.0
0.0
100.0
50.0
0.0
0.0
10.0
0.0
120.0
0.0
0.0
0.0
0.0
2.0
54.0
44.0
0.0
87.0
25.0
4.0
110.0
0.0
0.0
30.0
78.0
0.0
8.0
0.0
202.0
0.0
0.0
0.0
0.0
0.0
8.0
4.0
44.0
0.0
4.0
0.0
26.0
0.0
0.0
4.0
186.0
218.0
2.0
16.0
0.0
0.0
304.0
2.0
12.0
24.0
0.0
10.0
2.0
80.0
64.0
8.0
8.0
28.0
8.0
0.0
0.0
342.0
174.0
0.0
2.0
0.0
0.0
0.0
0.0
0.0
50.0
12.0
14.0
98.0
0.0
2.0
44.0
18.0
36.0
0.0
0.0
0.0
0.0
2.0
58.0
2.0
0.0
0.0
0.0
0.0
10.0
82.0
2.0
0.0
4.0
100.0
2.0
0.0
0.0
0.0
30.0
82.0
0.0
0.0
4.0
0.0
54.0
2.0
0.0
0.0
10.0
134.0
88.0
0.0
NaN
0.0
0.0
50.0
14.0
12.0
4.0
0.0
0.0
102.0
56.0
30.0
0.0
312.0
4.0
10.0
0.0
0.0
0.0
14.0
10.0
0.0
0.0
0.0
88.0
0.0
154.0
224.0
176.0
0.0
0.0
0.0
0.0
0.0
0.0
0.0
0.0
0.0
22.0
2.0
0.0
0.0
180.0
2.0
22.0
66.0
24.0
242.0
0.0
0.0
0.0
0.0
2.0
0.0
0.0
0.0
0.0
8.0
176.0
0.0
0.0
0.0
74.0
0.0
230.0
2.0
0.0
0.0
0.0
0.0
0.0
0.0
0.0
0.0
0.0
0.0
0.0
40.0
0.0
0.0
0.0
14.0
0.0
0.0
0.0
0.0
0.0
0.0
0.0
8.0
0.0
2.0
0.0
0.0
0.0
0.0
0.0
0.0
48.0
32.0
0.0
0.0
152.0
48.0
4.0
0.0
0.0
188.0
40.0
22.0
2.0
48.0
0.0
0.0
10.0
2.0
0.0
26.0
14.0
0.0
32.0
0.0
0.0
0.0
2.0
2.0
0.0
130.0
50.0
42.0
18.0
0.0
0.0
0.0
0.0
88.0
2.0
92.0
0.0
0.0
6.0
0.0
0.0
2.0
0.0
0.0
2.0
18.0
30.0
0.0
0.0
0.0
64.0
0.0
0.0
0.0
0.0
48.0
0.0
0.0
0.0
46.0
0.0
0.0
0.0
0.0
0.0
0.0
0.0
8.0
0.0
2.0
26.0
0.0
170.0
8.0
0.0
0.0
2.0
16.0
44.0
22.0
10.0
0.0
2.0
0.0
0.0
0.0
0.0
2.0
10.0
0.0
90.0
60.0
40.0
20.0
2.0
0.0
0.0
12.0
18.0
64.0
0.0
0.0
4.0
12.0
4.0
0.0
24.0
4.0
0.0
0.0
96.0
64.0
12.0
12.0
0.0
0.0
22.0
130.0
26.0
14.0
0.0
24.0
0.0
0.0
0.0
0.0
0.0
6.0
0.0
78.0
2.0
122.0
24.0
0.0
2.0
0.0
0.0
0.0
0.0
0.0
0.0
34.0
22.0
80.0
16.0
240.0
44.0
42.0
0.0
20.0
34.0
0.0
154.0
0.0
0.0
0.0
44.0
18.0
22.0
40.0
0.0
106.0
2.0
10.0
8.0
2.0
0.0
20.0
2.0
0.0
0.0
0.0
0.0
0.0
0.0
0.0
0.0
0.0
0.0
0.0
52.0
2.0
0.0
0.0
0.0
14.0
314.0
2.0
8.0
16.0
2.0
2.0
0.0
0.0
0.0
0.0
24.0
0.0
0.0
2.0
24.0
20.0
68.0
0.0
0.0
148.0
170.0
0.0
0.0
0.0
2.0
30.0
0.0
0.0
52.0
72.0
4.0
158.0
94.0
24.0
2.0
0.0
0.0
0.0
0.0
122.0
0.0
0.0
44.0
50.0
2.0
6.0
0.0
0.0
0.0
6.0
14.0
242.0
0.0
0.0
0.0
24.0
38.0
22.0
110.0
0.0
0.0
100.0
36.0
18.0
0.0
0.0
0.0
42.0
76.0
0.0
0.0
0.0
28.0
48.0
218.0
2.0
6.0
2.0
0.0
10.0
62.0
0.0
10.0
10.0
2.0
0.0
0.0
0.0
0.0
0.0
0.0
0.0
0.0
0.0
0.0
0.0
46.0
2.0
0.0
0.0
0.0
0.0
0.0
88.0
0.0
0.0
0.0
0.0
30.0
0.0
0.0
0.0
6.0
0.0
90.0
6.0
8.0
0.0
0.0
8.0
4.0
4.0
0.0
0.0
0.0
0.0
4.0
0.0
0.0
0.0
74.0
2.0
50.0
112.0
0.0
0.0
112.0
370.0
0.0
82.0
56.0
0.0
0.0
0.0
0.0
0.0
0.0
0.0
0.0
0.0
0.0
0.0
6.0
0.0
128.0
22.0
0.0
0.0
138.0
0.0
0.0
0.0
0.0
0.0
0.0
0.0
0.0
0.0
0.0
156.0
174.0
2.0
0.0
64.0
26.0
0.0
0.0
0.0
0.0
124.0
0.0
118.0
0.0
0.0
0.0
118.0
2.0
0.0
80.0
0.0
0.0
0.0
30.0
46.0
2.0
0.0
16.0
0.0
0.0
0.0
0.0
26.0
188.0
108.0
10.0
0.0
0.0
0.0
2.0
0.0
72.0
0.0
14.0
0.0
2.0
2.0
0.0
0.0
0.0
0.0
0.0
0.0
14.0
0.0
14.0
40.0
0.0
10.0
58.0
2.0
0.0
0.0
144.0
24.0
0.0
0.0
0.0
0.0
0.0
0.0
0.0
0.0
0.0
14.0
0.0
0.0
0.0
0.0
0.0
0.0
0.0
0.0
2.0
0.0
0.0
0.0
0.0
0.0
0.0
0.0
0.0
0.0
0.0
0.0
0.0
26.0
158.0
0.0
0.0
0.0
0.0
0.0
16.0
4.0
0.0
0.0
8.0
0.0
0.0
0.0
0.0
116.0
2.0
0.0
0.0
0.0
28.0
0.0
0.0
0.0
14.0
0.0
12.0
0.0
0.0
0.0
0.0
0.0
0.0
0.0
0.0
0.0
52.0
34.0
36.0
16.0
14.0
118.0
0.0
0.0
0.0
0.0
0.0
0.0
30.0
30.0
10.0
0.0
0.0
250.0
0.0
0.0
80.0
0.0
0.0
70.0
20.0
70.0
NaN
NaN
20.0
20.0
0.0
0.0
70.0
0.0
0.0
0.0
NaN
NaN
NaN
110.0
62.0
0.0
0.0
0.0
0.0
0.0
0.0
34.0
34.0
12.0
0.0
8.0
0.0
130.0
0.0
0.0
0.0
24.0
0.0
2.0
0.0
0.0
48.0
0.0
0.0
0.0
0.0
0.0
0.0
0.0
100.0
72.0
0.0
116.0
2.0
6.0
84.0
70.0
40.0
254.0
8.0
0.0
0.0
50.0
0.0
50.0
0.0
0.0
0.0
0.0
0.0
0.0
0.0
0.0
0.0
0.0
0.0
0.0
0.0
0.0
0.0
0.0
0.0
0.0
0.0
34.0
18.0
2.0
38.0
114.0
0.0
4.0
4.0
44.0
44.0
122.0
78.0
0.0
0.0
0.0
102.0
36.0
14.0
0.0
0.0
0.0
62.0
76.0
430.0
0.0
0.0
0.0
0.0
0.0
0.0
0.0
0.0
0.0
0.0
0.0
0.0
0.0
2.0
34.0
0.0
0.0
0.0
0.0
0.0
0.0
0.0
0.0
0.0
2.0
0.0
70.0
0.0
96.0
16.0
4.0
22.0
0.0
0.0
0.0
0.0
12.0
60.0
42.0
4.0
0.0
0.0
0.0
0.0
0.0
0.0
0.0
0.0
0.0
0.0
124.0
102.0
0.0
0.0
0.0
0.0
0.0
0.0
0.0
0.0
0.0
34.0
0.0
0.0
32.0
136.0
0.0
0.0
22.0
0.0
0.0
0.0
0.0
2.0
0.0
18.0
22.0
0.0
0.0
0.0
0.0
0.0
0.0
0.0
0.0
0.0
0.0
0.0
0.0
0.0
64.0
36.0
0.0
0.0
0.0
102.0
20.0
0.0
100.0
0.0
0.0
0.0
148.0
0.0
0.0
114.0
0.0
12.0
2.0
0.0
2.0
8.0
0.0
0.0
0.0
0.0
0.0
52.0
2.0
0.0
0.0
4.0
36.0
100.0
6.0
0.0
0.0
0.0
0.0
0.0
0.0
0.0
0.0
0.0
40.0
320.0
0.0
0.0
0.0
0.0
0.0
18.0
26.0
0.0
0.0
0.0
0.0
0.0
0.0
0.0
0.0
0.0
80.0
0.0
0.0
0.0
0.0
44.0
238.0
0.0
0.0
0.0
158.0
0.0
2.0
0.0
0.0
86.0
2.0
0.0
0.0
0.0
234.0
0.0
0.0
50.0
40.0
6.0
2.0
2.0
12.0
0.0
24.0
0.0
0.0
0.0
0.0
0.0
0.0
2.0
0.0
48.0
308.0
4.0
0.0
0.0
0.0
0.0
0.0
0.0
30.0
0.0
0.0
0.0
0.0
0.0
2.0
0.0
0.0
16.0
14.0
0.0
0.0
30.0
0.0
72.0
36.0
0.0
0.0
6.0
0.0
0.0
2.0
26.0
40.0
166.0
0.0
0.0
0.0
28.0
12.0
0.0
22.0
2.0
248.0
52.0
12.0
0.0
0.0
12.0
42.0
0.0
0.0
0.0
0.0
0.0
0.0
0.0
NaN
0.0
0.0
0.0
0.0
4.0
78.0
0.0
2.0
0.0
0.0
2.0
28.0
32.0
0.0
130.0
0.0
22.0
0.0
0.0
0.0
0.0
14.0
70.0
20.0
0.0
0.0
0.0
20.0
10.0
0.0
0.0
22.0
16.0
0.0
0.0
70.0
40.0
0.0
0.0
0.0
0.0
0.0
2.0
22.0
0.0
20.0
50.0
0.0
8.0
8.0
50.0
80.0
12.0
10.0
2.0
0.0
0.0
154.0
0.0
4.0
10.0
0.0
0.0
2.0
0.0
0.0
0.0
0.0
0.0
0.0
0.0
0.0
0.0
140.0
50.0
4.0
32.0
28.0
6.0
0.0
0.0
14.0
82.0
6.0
0.0
0.0
0.0
0.0
46.0
66.0
0.0
0.0
0.0
0.0
0.0
4.0
32.0
26.0
10.0
0.0
106.0
2.0
32.0
2.0
28.0
2.0
2.0
0.0
0.0
20.0
0.0
0.0
36.0
758.0
18.0
0.0
0.0
0.0
0.0
0.0
0.0
0.0
0.0
0.0
106.0
0.0
0.0
0.0
0.0
0.0
0.0
30.0
220.0
28.0
2.0
2.0
0.0
0.0
0.0
6.0
0.0
362.0
70.0
70.0
0.0
0.0
0.0
4.0
0.0
0.0
0.0
0.0
0.0
0.0
0.0
0.0
0.0
0.0
0.0
86.0
0.0
0.0
0.0
0.0
0.0
60.0
32.0
46.0
60.0
0.0
2.0
36.0
10.0
0.0
84.0
8.0
0.0
0.0
288.0
0.0
74.0
0.0
44.0
14.0
0.0
0.0
290.0
12.0
0.0
0.0
2.0
0.0
0.0
78.0
12.0
0.0
0.0
0.0
280.0
0.0
136.0
0.0
0.0
0.0
0.0
6.0
0.0
0.0
0.0
0.0
0.0
74.0
0.0
382.0
52.0
54.0
4.0
662.0
2.0
0.0
120.0
28.0
0.0
0.0
206.0
0.0
0.0
0.0
0.0
0.0
0.0
0.0
84.0
0.0
0.0
0.0
0.0
132.0
0.0
0.0
0.0
156.0
14.0
0.0
2.0
0.0
0.0
2.0
6.0
0.0
0.0
0.0
0.0
0.0
56.0
0.0
50.0
148.0
0.0
0.0
34.0
28.0
0.0
0.0
0.0
0.0
100.0
0.0
82.0
200.0
2.0
0.0
0.0
14.0
0.0
0.0
0.0
0.0
0.0
264.0
12.0
84.0
0.0
8.0
2.0
0.0
0.0
0.0
0.0
0.0
0.0
12.0
6.0
2.0
0.0
0.0
0.0
0.0
0.0
132.0
4.0
0.0
2.0
0.0
0.0
0.0
0.0
0.0
0.0
0.0
0.0
0.0
0.0
4.0
10.0
40.0
88.0
2.0
0.0
0.0
22.0
12.0
4.0
10.0
0.0
0.0
2.0
0.0
10.0
0.0
0.0
0.0
64.0
42.0
8.0
10.0
32.0
30.0
10.0
0.0
0.0
12.0
0.0
10.0
90.0
12.0
0.0
104.0
272.0
0.0
120.0
0.0
22.0
302.0
2.0
0.0
20.0
30.0
10.0
10.0
10.0
0.0
0.0
20.0
0.0
50.0
0.0
20.0
0.0
10.0
0.0
70.0
80.0
0.0
0.0
10.0
0.0
0.0
0.0
0.0
0.0
0.0
98.0
96.0
0.0
4.0
0.0
0.0
7.0
0.0
0.0
0.0
0.0
0.0
100.0
0.0
0.0
94.0
40.0
4.0
10.0
0.0
10.0
0.0
10.0
0.0
0.0
0.0
0.0
0.0
0.0
0.0
0.0
0.0
0.0
0.0
0.0
0.0
0.0
0.0
0.0
10.0
20.0
0.0
0.0
0.0
0.0
0.0
0.0
0.0
0.0
10.0
20.0
0.0
20.0
20.0
0.0
0.0
0.0
0.0
0.0
0.0
50.0
50.0
0.0
0.0
0.0
0.0
0.0
0.0
50.0
50.0
0.0
0.0
0.0
0.0
0.0
0.0
0.0
16.0
20.0
26.0
0.0
94.0
38.0
60.0
0.0
16.0
10.0
34.0
0.0
0.0
0.0
178.0
60.0
2.0
0.0
0.0
72.0
66.0
0.0
0.0
0.0
0.0
22.0
0.0
0.0
0.0
0.0
0.0
0.0
0.0
8.0
0.0
0.0
74.0
50.0
0.0
28.0
172.0
0.0
2.0
2.0
10.0
8.0
4.0
2.0
0.0
70.0
146.0
24.0
2.0
2.0
48.0
96.0
56.0
120.0
0.0
0.0
NaN
22.0
126.0
4.0
0.0
0.0
2.0
0.0
0.0
8.0
242.0
0.0
0.0
0.0
0.0
30.0
0.0
0.0
0.0
76.0
16.0
64.0
2.0
52.0
0.0
0.0
0.0
0.0
0.0
0.0
36.0
2.0
16.0
0.0
30.0
0.0
0.0
0.0
0.0
20.0
10.0
0.0
0.0
0.0
0.0
0.0
0.0
0.0
0.0
0.0
0.0
70.0
0.0
0.0
0.0
10.0
0.0
0.0
0.0
24.0
0.0
0.0
0.0
0.0
0.0
0.0
0.0
0.0
114.0
0.0
104.0
0.0
10.0
20.0
0.0
0.0
0.0
28.0
0.0
10.0
52.0
10.0
0.0
6.0
2.0
0.0
0.0
112.0
22.0
0.0
0.0
8.0
34.0
0.0
0.0
0.0
0.0
0.0
0.0
0.0
40.0
76.0
0.0
0.0
0.0
18.0
0.0
0.0
0.0
0.0
6.0
232.0
0.0
164.0
0.0
146.0
14.0
160.0
18.0
58.0
0.0
0.0
0.0
0.0
0.0
0.0
56.0
310.0
0.0
2.0
0.0
0.0
4.0
252.0
112.0
28.0
194.0
56.0
64.0
0.0
0.0
0.0
24.0
98.0
12.0
124.0
22.0
106.0
138.0
0.0
0.0
0.0
56.0
0.0
18.0
126.0
0.0
0.0
0.0
0.0
0.0
44.0
0.0
0.0
0.0
0.0
2.0
150.0
40.0
10.0
2.0
0.0
56.0
0.0
10.0
0.0
0.0
104.0
0.0
0.0
4.0
120.0
48.0
6.0
0.0
0.0
0.0
6.0
12.0
0.0
0.0
0.0
0.0
0.0
0.0
54.0
NaN
NaN
30.0
124.0
44.0
0.0
10.0
0.0
0.0
36.0
4.0
10.0
20.0
0.0
0.0
0.0
0.0
30.0
10.0
0.0
0.0
0.0
0.0
50.0
38.0
0.0
4.0
2.0
0.0
0.0
12.0
2.0
30.0
14.0
NaN
NaN
0.0
4.0
0.0
4.0
0.0
28.0
0.0
0.0
0.0
0.0
0.0
162.0
24.0
192.0
20.0
4.0
100.0
0.0
0.0
0.0
0.0
0.0
2.0
66.0
6.0
0.0
0.0
0.0
0.0
96.0
14.0
2.0
90.0
74.0
44.0
0.0
8.0
0.0
140.0
34.0
12.0
0.0
0.0
134.0
30.0
20.0
42.0
26.0
8.0
2.0
70.0
0.0
6.0
2.0
0.0
0.0
14.0
0.0
2.0
0.0
28.0
88.0
12.0
10.0
0.0
30.0
20.0
50.0
32.0
2.0
118.0
0.0
30.0
16.0
196.0
0.0
0.0
8.0
0.0
16.0
NaN
0.0
0.0
0.0
118.0
20.0
130.0
0.0
0.0
0.0
12.0
38.0
0.0
40.0
2.0
0.0
20.0
0.0
0.0
80.0
60.0
0.0
0.0
46.0
0.0
0.0
0.0
0.0
60.0
4.0
106.0
22.0
0.0
134.0
126.0
10.0
0.0
0.0
76.0
0.0
0.0
0.0
0.0
0.0
0.0
14.0
10.0
108.0
0.0
0.0
0.0
54.0
130.0
0.0
0.0
0.0
32.0
38.0
26.0
0.0
0.0
0.0
0.0
0.0
0.0
6.0
2.0
62.0
4.0
0.0
42.0
0.0
0.0
0.0
26.0
4.0
0.0
0.0
0.0
314.0
66.0
8.0
2.0
36.0
0.0
0.0
0.0
0.0
0.0
0.0
0.0
6.0
2.0
0.0
0.0
0.0
0.0
0.0
0.0
0.0
0.0
10.0
60.0
0.0
2.0
48.0
0.0
0.0
0.0
90.0
75.0
0.0
108.0
0.0
0.0
0.0
0.0
0.0
0.0
2.0
0.0
0.0
0.0
0.0
0.0
0.0
0.0
0.0
124.0
6.0
12.0
0.0
0.0
10.0
0.0
0.0
0.0
50.0
4.0
0.0
0.0
0.0
0.0
0.0
0.0
0.0
0.0
0.0
0.0
0.0
0.0
0.0
0.0
0.0
0.0
0.0
0.0
0.0
0.0
68.0
8.0
0.0
0.0
4.0
32.0
340.0
0.0
0.0
0.0
0.0
0.0
80.0
108.0
0.0
0.0
0.0
0.0
96.0
4.0
64.0
0.0
0.0
0.0
0.0
0.0
0.0
0.0
14.0
0.0
0.0
0.0
2.0
0.0
58.0
0.0
0.0
0.0
8.0
0.0
0.0
100.0
2.0
0.0
0.0
0.0
0.0
0.0
0.0
0.0
0.0
0.0
86.0
0.0
0.0
0.0
24.0
224.0
24.0
0.0
0.0
42.0
14.0
20.0
18.0
46.0
32.0
0.0
184.0
66.0
0.0
10.0
8.0
10.0
10.0
0.0
10.0
2.0
NaN
NaN
0.0
22.0
0.0
0.0
0.0
0.0
0.0
0.0
22.0
0.0
36.0
22.0
0.0
0.0
0.0
72.0
106.0
0.0
0.0
0.0
0.0
NaN
NaN
8.0
NaN
NaN
16.0
38.0
12.0
0.0
150.0
0.0
0.0
34.0
0.0
0.0
36.0
0.0
0.0
0.0
0.0
0.0
0.0
0.0
0.0
0.0
10.0
0.0
0.0
0.0
0.0
20.0
0.0
50.0
0.0
0.0
30.0
18.0
0.0
10.0
