NaN
NaN
NaN
NaN
NaN
NaN
NaN
NaN
NaN
NaN
NaN
NaN
NaN
NaN
NaN
NaN
NaN
NaN
-4.4
-1.1
-2.8
-11.1
-2.8
2.2
-0.6
6.1
11.7
6.1
-1.7
3.9
6.7
1.7
3.3
0.0
-0.6
0.6
13.9
10.0
21.1
30.0
11.1
20.0
15.0
20.0
20.6
16.7
25.6
15.0
15.6
13.3
11.7
11.7
17.2
15.6
20.6
24.4
27.2
8.9
17.2
25.0
24.4
15.0
20.0
26.1
26.1
8.9
10.0
18.3
26.1
24.4
28.3
30.0
29.4
31.7
28.3
28.3
15.0
13.3
14.4
17.2
16.1
23.3
25.0
26.1
29.4
31.7
24.4
21.1
18.9
21.7
22.8
25.0
21.7
25.0
23.9
20.0
23.9
28.3
27.8
23.9
27.8
24.4
16.7
10.6
18.9
16.7
17.2
23.3
22.8
22.2
18.9
22.8
23.9
25.6
25.6
27.8
33.3
22.8
17.8
22.8
20.0
21.1
22.2
25.6
25.6
30.0
25.6
23.9
20.6
18.9
22.8
23.9
20.0
23.9
19.4
21.7
25.6
21.7
26.1
28.9
20.0
22.2
25.0
30.6
26.1
22.8
21.7
26.1
26.1
26.7
26.7
20.0
23.3
20.0
20.6
20.0
17.8
20.0
18.9
20.0
24.4
12.8
15.6
23.3
20.0
16.7
20.6
20.6
18.3
21.1
24.4
26.1
20.6
17.8
16.1
18.3
25.0
21.7
20.6
21.7
17.8
18.9
17.8
13.9
18.3
17.2
16.1
15.6
11.7
18.9
21.7
15.0
17.8
18.3
17.2
16.7
20.6
25.6
22.8
12.2
9.4
10.6
14.4
15.6
13.9
17.2
12.2
11.1
10.6
11.7
13.3
12.2
13.3
12.2
13.9
15.0
17.2
4.4
5.0
5.0
6.1
10.0
8.9
6.7
8.9
20.6
15.0
11.7
15.6
13.9
13.3
19.4
20.0
10.6
9.4
8.3
11.7
16.1
18.3
13.9
16.1
17.8
10.6
10.0
10.0
9.4
12.2
6.1
7.8
4.4
6.1
8.3
2.2
3.3
2.2
0.6
7.2
8.9
10.0
5.0
2.2
2.2
-3.9
-7.2
-13.9
-15.6
-15.6
-17.2
-20.6
-12.8
-8.3
-7.2
-4.4
0.6
-8.3
-10.0
-15.6
-16.7
-16.7
-20.0
-24.4
-24.4
-31.1
-29.4
-16.1
-11.1
-11.7
-7.8
-6.7
-5.6
-6.7
-6.7
-6.7
-13.9
-10.0
-15.0
-11.7
-12.8
-22.8
-20.6
-9.4
-7.8
-7.8
-19.4
-20.0
-15.0
-10.0
-10.0
-13.3
-16.7
-10.0
-20.6
-23.9
-26.1
-25.0
-21.7
-16.7
-15.0
-14.4
-14.4
-17.8
-25.6
-25.0
-23.9
-20.0
-18.9
-10.0
-0.6
-3.9
-8.3
-24.4
-25.6
-23.3
-22.2
-20.6
-17.8
-20.6
-24.4
-20.0
-14.4
-22.2
-19.4
-15.0
-14.4
-13.3
-10.0
-10.0
-14.4
-12.2
-11.1
-12.8
-12.8
-9.4
-12.8
-5.0
-8.3
-4.4
0.0
-0.6
-1.1
-11.7
-11.7
-11.1
-11.7
-12.2
-14.5
-14.5
-11.0
-11.0
-11.5
-9.0
-3.0
4.5
2.0
4.5
-3.5
-9.5
-8.0
-2.0
-2.0
-4.0
-0.5
2.0
1.0
4.0
5.5
-2.0
-4.0
0.5
2.5
4.0
6.0
7.0
8.0
6.5
2.5
0.0
-1.0
4.0
4.0
5.0
4.0
2.5
4.5
10.0
6.5
4.5
-0.5
3.5
4.0
7.0
6.5
9.5
5.5
3.5
8.0
12.5
10.5
13.0
14.5
17.5
18.5
21.5
21.5
17.5
20.0
21.0
21.0
20.0
12.5
17.5
18.0
16.0
15.5
20.0
11.5
11.0
11.0
19.5
23.5
28.5
28.0
20.0
15.0
18.5
24.0
24.0
28.5
25.0
28.0
21.0
20.5
23.0
25.0
24.0
18.0
18.0
14.5
20.0
27.0
25.5
30.5
13.5
21.0
17.0
30.0
18.0
17.0
20.5
24.0
25.5
23.0
23.0
20.5
28.0
14.0
21.0
27.0
27.0
26.0
24.5
22.5
23.0
26.0
30.0
30.0
28.0
29.0
27.5
26.0
26.0
27.5
23.0
20.0
18.0
19.0
23.0
26.5
22.0
27.5
28.0
27.5
29.0
25.0
20.0
21.5
25.5
21.0
21.5
28.0
30.0
27.0
23.0
19.5
19.5
21.0
22.0
25.0
18.0
15.5
21.0
30.0
27.0
29.0
29.5
24.0
28.5
31.5
33.5
29.0
22.0
21.0
26.0
28.0
22.0
16.5
26.0
15.0
13.0
16.0
15.0
25.0
23.0
25.0
26.0
24.0
18.5
23.5
26.0
27.0
27.0
35.0
29.0
29.5
17.0
22.5
22.5
26.0
28.5
11.5
8.0
12.5
12.0
14.5
15.5
16.0
11.0
10.0
12.0
18.5
20.5
21.0
18.5
23.0
14.0
19.0
11.0
15.5
22.0
20.0
10.5
8.5
7.5
5.5
10.5
17.0
19.5
19.0
23.0
12.5
16.5
10.0
14.0
6.0
14.0
7.5
14.0
25.0
20.5
7.0
9.5
14.0
7.0
4.0
9.5
6.0
8.0
6.5
7.0
12.0
14.5
19.5
12.0
11.0
2.0
4.0
13.0
6.0
-2.0
-1.0
-4.5
-5.0
-5.0
-5.0
-6.0
-4.0
-8.0
-17.0
-21.5
-20.0
-16.0
-11.0
-12.0
-2.0
-8.0
-6.5
-18.0
-7.0
-19.0
-20.5
-17.0
-14.0
-2.0
-2.0
-18.0
-21.0
-19.0
-20.0
-14.0
-3.0
-3.0
-7.0
-5.0
0.0
-6.0
-7.0
-12.0
-8.0
-10.0
-6.0
-3.0
-12.5
-12.0
-12.0
-11.0
-17.0
-19.0
-20.0
-21.0
-25.0
-22.5
-19.5
-16.0
-16.0
-24.0
-14.0
-16.0
-13.0
-12.0
-21.0
-24.0
-27.0
-23.0
-26.0
-23.0
-24.0
-22.0
-14.0
-13.0
-7.0
-4.0
-8.0
-17.0
-23.0
-17.0
-15.0
-15.0
-21.0
-21.0
-19.0
-17.0
-21.0
-21.0
-24.0
-24.0
-22.0
-22.0
-25.0
-24.0
-19.0
-21.0
-19.5
-23.0
-21.0
-21.0
-24.0
-28.0
-25.0
-20.0
-9.0
-11.0
-12.0
-12.0
-11.0
-22.0
-18.0
-13.0
-8.0
-13.0
-17.0
-16.0
-11.0
-5.5
-6.0
3.0
-3.0
-9.0
-9.0
-17.0
1.0
3.0
-3.0
-3.0
-13.0
0.0
3.0
2.0
0.0
-3.0
-1.0
1.5
3.0
1.0
-5.5
-9.0
-10.0
-7.5
-5.5
-0.5
-1.5
-11.0
-11.5
-6.5
-3.0
-5.5
-12.0
-8.0
-7.0
-3.0
-3.0
1.0
2.0
0.0
3.0
3.0
3.0
3.5
5.5
5.0
3.5
8.0
6.5
6.0
6.0
5.0
6.5
8.0
10.0
7.0
7.0
7.5
4.5
7.0
6.0
5.0
7.0
3.0
2.0
4.0
3.0
4.0
11.0
15.0
14.0
15.5
20.0
27.5
9.5
14.0
11.5
13.5
15.0
18.0
20.0
24.0
25.0
24.0
26.5
24.0
12.0
18.0
11.5
18.0
21.5
22.0
20.5
22.0
17.0
11.5
19.5
22.5
22.5
26.0
31.5
37.0
23.5
19.5
23.0
23.5
25.0
24.0
20.0
18.0
18.0
21.0
30.0
24.0
26.0
26.5
28.0
29.0
27.0
23.5
27.5
27.0
26.0
27.0
29.0
30.0
35.0
31.0
32.0
30.0
25.0
25.0
22.0
22.0
26.0
30.5
32.0
32.0
36.0
28.0
34.0
27.0
26.5
21.0
23.5
28.0
31.0
21.0
22.5
27.0
30.0
23.0
20.0
21.0
23.0
27.0
25.0
22.0
21.0
21.5
29.0
22.5
13.5
17.5
23.0
30.0
28.0
29.5
33.0
28.0
30.0
21.5
20.0
21.5
19.5
23.0
27.0
24.5
20.5
25.5
27.0
19.0
16.5
19.0
17.0
14.0
15.5
17.0
20.5
14.5
10.5
16.0
10.5
14.0
25.0
29.0
32.5
19.5
21.5
21.5
16.5
18.5
17.5
18.5
22.0
22.0
29.0
13.0
16.5
15.5
18.0
16.5
15.0
11.0
24.5
10.5
18.5
12.5
9.0
11.0
12.0
5.0
2.0
11.0
23.0
21.0
11.5
12.0
7.0
10.5
0.5
-2.0
-3.0
1.5
2.0
4.0
13.0
8.0
9.0
6.0
6.0
1.0
-2.0
-1.0
4.0
0.0
2.0
3.0
-5.0
-7.5
-6.5
-7.0
-5.0
0.0
-2.0
2.5
3.0
8.0
11.0
5.0
3.0
4.0
4.5
4.0
-0.5
-9.0
-9.0
-8.0
-10.5
-8.0
-5.5
-3.0
-7.0
2.0
-3.0
4.0
-0.5
-2.0
-13.0
-9.5
-6.0
-12.0
-15.0
-5.0
-17.0
-2.0
-26.0
-18.0
-13.5
-2.0
3.0
4.0
2.0
-6.5
-5.0
-7.0
-3.0
-5.0
-3.5
-1.0
-6.0
-7.5
-7.0
-11.0
-17.0
-10.5
-12.0
-6.0
-21.0
-26.0
-29.5
-23.5
-22.5
-21.5
2.0
-9.5
-7.0
-2.0
-8.0
-6.0
-6.0
-8.0
-5.0
-3.0
-9.0
3.0
-1.0
-22.0
-19.0
-21.0
-23.0
-23.0
-20.0
-18.0
-16.0
-10.5
-5.5
-3.0
-4.0
-4.0
-7.0
-4.0
-1.0
-10.5
-10.0
-9.5
-14.5
-14.5
-14.5
-11.0
-8.0
-9.0
-11.0
-13.0
-12.0
-11.5
-5.5
-12.5
-9.5
-4.5
-12.0
-21.0
-22.5
-9.5
-3.0
-14.5
-17.5
-13.0
-13.5
-7.0
-5.5
-6.0
-14.5
-13.0
-8.0
-11.0
-8.0
-1.0
-8.0
-4.5
-4.5
3.5
-4.5
-0.5
-3.0
-2.0
-0.5
2.5
0.0
1.5
4.5
7.0
7.0
4.5
5.0
5.5
7.0
9.5
11.5
9.0
1.5
5.0
9.0
6.5
10.0
9.0
15.0
13.5
13.5
19.5
23.5
22.5
23.0
31.0
30.5
16.5
18.5
19.5
20.0
22.5
24.5
26.5
26.0
26.5
28.0
28.0
30.0
21.0
18.0
9.0
11.5
15.5
17.5
12.0
14.0
10.0
12.5
17.0
22.0
25.0
26.5
28.0
30.0
30.5
35.0
38.0
34.0
31.0
31.0
29.0
29.5
26.5
21.0
17.5
22.0
17.0
21.0
23.0
18.0
23.0
12.5
19.5
25.0
29.5
32.5
32.0
28.0
21.5
11.5
21.0
29.0
17.5
20.5
25.0
27.5
30.5
31.0
29.5
25.5
15.5
19.0
12.5
18.0
22.5
20.5
22.5
29.5
28.0
21.5
21.0
28.5
24.0
28.0
32.0
31.0
25.5
29.0
25.5
20.0
19.0
23.5
25.0
21.5
21.5
16.5
21.5
28.5
31.0
28.5
21.0
25.5
24.0
25.5
31.0
25.5
25.5
25.5
24.5
20.5
15.5
20.0
20.5
20.5
20.5
21.0
23.0
23.0
21.5
19.5
21.0
22.5
15.0
20.0
23.5
24.5
21.0
18.5
19.5
20.5
27.0
14.5
18.5
20.0
23.0
15.0
20.5
20.5
20.0
21.5
18.5
17.5
24.0
29.0
30.5
17.0
21.5
27.0
25.0
19.0
19.0
19.0
9.5
10.5
5.5
10.0
9.0
19.0
12.5
9.5
14.0
6.0
10.0
12.0
17.0
25.5
21.0
18.0
17.5
10.5
18.0
22.0
24.0
26.5
23.5
21.5
11.0
10.0
8.0
6.5
4.5
9.0
4.5
4.0
4.5
9.0
14.5
10.5
9.5
5.0
4.5
3.0
3.0
4.0
3.5
2.5
11.5
9.0
4.0
5.5
14.5
10.0
10.0
16.0
7.5
0.5
0.5
-4.0
1.0
2.0
1.0
-2.0
4.0
3.0
3.0
4.0
8.0
2.0
4.5
6.0
0.5
-4.0
0.0
0.0
3.5
0.0
4.0
-1.0
-8.0
-22.5
-15.0
-12.0
-8.0
-14.0
-18.0
-16.0
-10.5
-23.0
-21.0
3.0
-7.0
-4.0
-6.0
1.0
4.0
-5.0
-21.0
-21.0
-18.5
-16.0
-16.0
-23.0
-18.0
-16.0
-4.5
9.0
-5.0
-1.0
4.0
0.0
-11.0
-17.0
-16.0
-5.0
-2.5
-17.0
-12.5
-11.0
-22.0
-10.0
-3.0
-2.5
0.0
-2.5
-3.0
-6.0
-2.0
-1.0
-10.0
-2.0
2.5
2.5
4.5
0.0
-2.0
-12.0
-9.0
-15.0
-17.0
-9.5
-11.0
-17.0
-14.0
-13.0
-6.0
-4.0
-6.0
-21.0
-17.0
-24.0
-23.0
-22.5
-16.0
-5.0
4.0
5.0
6.0
7.0
3.5
8.5
2.5
5.0
7.5
1.0
-4.5
-3.0
3.0
-3.0
4.0
-5.0
2.0
5.0
-1.0
-1.0
-2.0
2.0
3.5
5.5
10.5
12.0
7.0
9.5
13.5
9.5
13.5
0.5
1.0
5.5
7.0
-3.5
1.5
9.5
13.0
7.0
10.0
6.0
13.0
12.5
13.0
3.5
13.5
4.0
5.0
8.5
13.0
7.5
6.5
10.0
15.0
4.5
8.0
12.0
0.0
10.5
23.5
23.5
9.5
9.0
10.0
13.0
13.0
8.0
16.5
17.0
14.0
19.5
16.0
14.0
10.5
9.5
16.0
21.5
15.5
12.0
14.5
18.0
19.0
9.0
12.0
6.0
16.0
18.0
20.0
21.0
9.0
15.0
21.5
24.5
25.5
29.5
27.0
15.5
7.5
14.5
19.0
21.0
22.0
25.5
17.5
19.5
22.5
20.0
25.5
27.5
21.0
23.0
23.5
21.5
20.5
22.0
19.5
22.0
24.5
17.0
12.0
19.5
23.0
16.5
18.0
21.5
22.0
15.0
21.5
24.0
22.5
25.0
27.0
24.0
18.5
24.0
30.5
31.5
24.5
29.5
33.5
32.5
38.5
33.5
24.5
29.0
26.0
26.5
31.5
31.0
21.0
22.0
22.0
25.5
26.0
28.0
21.5
24.0
27.5
24.0
18.5
21.0
24.0
27.5
31.5
30.0
22.5
20.5
24.5
26.5
27.5
29.0
23.0
27.5
29.0
25.0
27.0
31.0
34.0
28.0
25.0
25.5
26.0
29.0
32.0
28.0
28.5
28.0
32.5
31.5
25.5
28.0
28.0
28.0
29.0
29.0
NaN
30.5
18.0
23.0
24.0
17.0
21.0
25.0
23.0
24.5
32.5
32.5
29.0
28.0
26.5
23.0
21.0
18.0
20.0
26.5
29.0
24.0
22.5
20.5
20.5
19.0
21.5
13.0
7.0
9.0
5.0
6.0
7.5
9.0
16.0
8.0
9.5
12.0
14.5
15.0
12.0
14.0
16.0
14.0
10.0
5.0
6.0
13.0
16.0
8.0
5.5
10.0
-2.0
-3.0
-5.0
0.0
-2.5
0.0
5.0
-2.0
7.0
13.0
5.0
12.0
14.0
14.0
15.0
9.5
10.0
14.0
11.0
2.0
10.0
10.5
15.5
17.0
11.5
11.0
7.0
1.0
-2.0
-2.0
-4.0
-5.0
-2.0
1.0
2.0
-2.0
-2.0
-1.0
-4.0
-3.0
-2.0
3.0
-4.0
0.0
-1.0
-1.0
-3.0
2.0
-1.0
-6.0
-5.0
3.0
-6.0
-7.0
-13.0
-14.0
-15.0
-15.5
-13.5
-14.0
-1.0
2.0
-8.0
-12.0
-8.0
-10.0
-13.0
-10.0
-19.0
-23.0
-22.0
-23.0
-21.5
-24.0
-24.0
-23.0
-20.0
-26.0
-26.0
-22.0
-26.0
-32.0
-24.0
-22.0
-18.0
-15.0
1.0
-28.0
-26.0
-20.0
-18.0
-26.0
-24.0
-25.0
-23.0
-23.0
-25.0
-15.5
-5.0
-15.0
-17.0
-22.0
-19.0
-15.0
-16.0
-22.0
-23.0
-23.0
-15.0
-5.0
-16.0
NaN
-18.0
-13.0
-13.0
-13.0
-12.0
-6.0
-11.0
-4.0
-1.0
2.0
5.0
4.0
7.0
-7.0
-8.0
-6.0
-7.0
-12.0
-6.0
-8.0
-14.0
-13.0
-9.0
-8.0
-8.0
-13.0
-13.0
-13.0
-3.0
-4.0
3.0
2.0
0.0
5.0
3.0
0.0
-7.0
-8.0
-3.0
2.0
-1.0
1.0
3.0
-1.0
0.0
-5.0
0.0
5.0
4.0
4.0
-5.0
-4.0
-12.0
-7.0
-7.0
-5.0
-3.0
1.0
1.0
-1.0
1.0
12.0
8.0
13.5
19.0
13.5
10.0
13.0
7.0
8.0
10.0
14.0
24.0
26.0
18.5
9.5
15.0
18.0
21.0
15.0
18.5
23.5
27.5
29.5
16.0
9.5
3.5
9.0
8.0
11.0
8.0
16.5
15.0
21.5
23.5
13.0
10.0
11.0
14.5
13.0
17.0
19.0
23.0
23.5
20.5
25.0
27.0
26.0
NaN
13.0
7.0
16.0
19.0
19.0
23.5
25.0
22.5
18.0
15.0
16.5
18.5
25.5
19.5
26.0
27.5
25.0
25.5
24.0
13.5
21.5
21.5
21.0
24.0
27.5
23.0
21.0
22.0
25.5
21.5
21.5
21.5
23.0
28.0
30.5
29.5
29.5
27.5
21.5
23.5
24.0
25.0
28.0
30.0
28.5
24.0
24.5
29.5
24.0
17.5
24.5
28.0
25.0
25.0
21.0
23.5
26.0
26.0
28.0
27.0
28.0
24.0
29.0
28.5
26.0
26.5
28.0
26.5
31.0
31.0
22.0
21.0
20.5
21.5
27.0
26.0
27.0
31.0
24.0
26.5
30.0
28.0
27.5
26.5
24.5
17.0
21.0
18.0
13.5
13.5
14.5
24.0
18.5
20.0
16.5
20.0
22.5
30.5
19.5
14.0
16.0
27.0
30.5
30.0
34.0
18.0
18.0
10.5
10.5
15.5
14.5
20.0
21.0
12.5
20.5
24.5
22.0
16.5
18.5
24.5
14.0
5.0
6.0
4.0
5.5
5.0
9.5
14.0
8.0
4.0
4.0
14.0
14.0
8.5
6.5
5.5
15.0
20.5
22.0
13.5
10.5
6.0
1.0
2.0
4.0
12.0
13.0
20.5
17.0
20.0
19.5
15.0
8.0
4.0
7.5
10.0
8.0
-1.0
-5.0
-2.0
-3.0
5.0
-2.0
-2.0
2.0
2.0
-3.0
-6.0
-5.5
0.0
4.0
4.0
2.0
8.0
-1.0
-8.0
-15.0
-12.0
-15.0
-11.0
-14.0
-11.0
4.0
3.0
-2.0
2.0
1.0
-2.0
-2.0
4.0
-4.0
-15.0
-17.0
-8.0
-2.0
-22.0
-12.0
-5.0
-12.0
-10.0
-9.0
-4.0
2.0
-3.0
-6.0
-6.0
-5.0
-6.0
-10.0
-14.0
-1.0
-1.0
-10.5
-15.0
-11.5
-5.0
-4.0
-4.0
-9.0
-4.0
-4.0
-6.0
-4.0
-4.0
5.0
0.0
-9.0
-5.0
-4.0
-8.0
-12.0
-5.0
-15.0
-15.0
-8.0
-5.5
-4.0
-6.0
-7.0
-6.0
-19.0
-25.0
-15.0
-4.0
-3.0
-13.0
-10.0
-7.0
-9.0
-18.0
-19.0
-19.0
-25.0
-12.0
-15.0
-15.0
-7.0
-5.0
-6.0
5.0
4.0
1.0
2.0
-8.0
-14.5
-11.0
-8.0
-2.0
2.0
2.0
-4.0
-4.5
0.0
0.0
-6.0
-11.0
-4.0
-3.0
-1.0
-1.0
-3.0
-12.0
-10.0
-8.0
-8.0
-3.0
6.0
1.0
-3.0
-8.0
-5.0
0.0
-6.0
-9.0
-11.0
-7.0
-9.0
-9.0
-5.0
1.0
-1.0
-6.0
-3.0
-3.0
2.0
2.0
2.0
-2.0
-2.0
4.0
4.0
4.0
4.0
7.0
7.0
4.0
2.0
0.0
-8.0
-5.0
0.0
-1.0
-2.0
3.0
5.0
11.0
14.0
13.0
16.0
19.5
19.5
21.0
5.0
3.0
2.0
9.0
11.5
18.0
15.0
7.5
17.0
14.0
12.0
15.5
20.0
15.0
9.0
3.5
-1.0
3.5
-2.0
0.0
9.0
17.0
14.0
13.0
18.0
12.0
19.5
19.0
14.0
21.5
24.5
25.5
18.0
17.0
16.0
18.0
20.0
15.0
10.5
14.5
17.5
22.5
25.5
23.5
25.0
29.0
33.0
22.5
20.5
16.5
17.5
22.5
25.0
25.0
21.5
24.5
24.0
23.5
26.5
26.5
23.0
17.0
17.0
22.5
25.0
16.5
23.0
16.5
22.0
14.0
24.5
30.0
32.0
29.0
29.0
22.0
24.0
29.0
27.0
33.0
22.5
25.0
24.0
27.0
31.0
29.0
25.5
24.5
24.0
26.0
29.0
31.0
28.0
26.0
27.0
24.5
29.0
32.0
32.5
37.0
31.5
30.0
36.5
29.0
27.0
26.0
26.5
30.0
32.0
27.0
33.5
26.0
31.0
30.0
34.0
22.5
21.5
24.0
23.0
22.5
28.5
30.5
29.5
32.0
29.0
30.0
33.0
36.5
32.5
28.0
26.0
25.0
17.5
20.0
28.0
20.5
13.0
13.0
12.5
16.0
15.5
15.0
14.0
16.0
13.0
7.0
8.0
7.5
6.5
12.0
21.0
20.5
22.5
30.0
28.0
10.0
5.0
1.0
5.0
10.0
8.0
10.0
9.0
11.0
10.0
15.0
17.0
13.5
5.0
8.0
13.0
11.0
11.0
3.0
5.0
5.0
5.0
13.0
16.5
21.0
12.0
9.0
16.0
20.0
11.0
7.0
14.5
18.0
20.0
12.0
4.5
8.0
12.0
12.0
11.0
4.0
2.0
4.0
1.5
-2.0
0.0
0.0
-2.0
0.0
0.0
7.0
4.0
1.0
-2.0
-4.0
-5.0
-7.0
-9.0
-8.0
-4.0
-6.0
-8.0
-10.0
-13.0
-12.0
-12.0
-11.0
-10.0
-13.0
-7.0
-11.0
-23.0
-23.0
-18.0
-15.0
-11.0
-11.0
-13.0
-28.0
-25.0
-30.0
-26.0
-26.0
-25.0
-27.5
-32.0
-32.0
-17.0
-10.0
-10.0
-13.0
-18.0
-11.0
-13.0
-8.5
-3.0
2.5
1.5
4.0
3.0
0.5
-6.0
-7.0
-15.0
-17.0
-18.0
-15.0
-16.0
-14.0
-12.0
-17.0
-23.0
-20.0
-24.0
-16.0
-15.5
-6.0
0.0
-3.0
-13.0
-16.0
3.0
0.0
-4.0
0.0
4.0
0.0
0.0
1.0
-7.0
-11.0
-5.0
-4.0
0.5
4.0
4.0
1.0
-3.0
2.5
4.0
2.0
-2.0
-2.0
3.0
3.0
6.0
8.0
3.0
3.0
-3.0
1.0
2.0
-6.0
-5.5
-1.0
-5.0
-3.0
0.0
-2.0
-12.0
-10.0
-14.0
-13.0
-3.5
NaN
-12.0
-9.0
-8.0
-12.0
-17.0
-9.0
-4.0
-4.0
1.0
6.0
4.0
5.0
12.0
10.0
3.0
4.0
3.0
3.5
3.5
5.5
8.5
9.5
11.0
10.0
14.0
17.0
16.0
17.0
18.0
8.0
14.0
14.0
5.0
5.0
11.0
13.0
18.0
18.0
21.0
21.0
22.5
21.5
21.5
18.0
11.0
10.0
-1.0
-3.0
2.0
7.0
7.0
10.0
12.0
13.0
14.0
14.5
1.5
8.0
14.0
12.5
NaN
13.0
13.0
17.5
22.0
24.0
32.0
16.0
14.0
11.0
18.5
18.5
17.0
16.0
8.0
10.5
16.0
18.5
18.0
25.5
30.5
24.5
19.5
22.0
22.5
24.5
24.0
15.0
20.0
17.0
13.5
21.0
23.5
19.0
21.5
20.0
28.0
28.5
23.0
24.0
26.0
25.0
25.5
24.0
21.0
26.5
28.0
24.0
24.5
27.5
30.5
20.5
25.5
25.5
23.5
24.5
20.0
22.5
26.0
28.0
28.0
29.0
33.0
31.0
NaN
23.5
28.0
24.0
27.5
27.0
27.0
34.0
29.0
24.5
27.0
30.0
30.0
30.5
34.0
34.0
32.0
26.5
28.0
28.0
30.0
32.5
32.5
34.0
32.0
30.5
21.5
25.0
29.5
35.5
31.0
33.5
25.5
23.5
30.0
29.0
33.5
32.5
24.0
18.0
22.5
32.0
NaN
35.0
33.0
35.5
NaN
NaN
19.0
17.0
15.5
18.0
15.0
20.0
25.0
28.5
15.0
12.5
7.5
10.0
14.5
11.5
13.0
15.0
17.0
24.0
27.5
24.0
21.0
18.0
9.5
2.5
0.5
2.0
5.5
8.0
6.5
13.0
14.0
14.0
19.0
19.0
22.0
14.0
23.0
15.0
17.0
22.0
23.0
15.0
19.0
23.0
18.0
14.5
7.0
0.5
3.0
2.0
2.0
1.0
2.0
2.0
2.0
-2.0
2.0
4.0
-3.0
-9.0
-13.0
-11.0
-6.0
-14.0
-8.0
-5.0
-5.0
-4.0
-2.0
1.0
-3.0
-4.0
-5.0
-1.5
-2.0
1.5
0.0
-11.0
-10.0
-12.0
-10.0
-8.0
-2.0
0.5
1.0
5.0
5.5
1.0
-4.0
-5.0
-7.0
-7.0
-11.0
-14.0
-12.0
-10.0
-10.0
-14.5
3.0
3.0
-1.0
-1.0
3.0
-14.0
-20.0
-15.0
-2.0
0.0
-21.0
-23.0
-11.0
-7.0
-8.0
-16.0
-24.0
-28.0
-24.5
-25.0
-20.0
-18.0
-24.0
-28.0
-27.0
-22.0
-16.0
-5.0
4.0
-3.0
-4.5
0.0
-15.0
-24.0
-24.0
-22.0
-6.0
0.0
0.0
-15.0
-12.0
-8.0
-10.0
-27.0
-23.0
-12.0
-9.0
-4.0
-2.0
-7.0
-6.0
-3.0
-10.0
-10.0
-23.0
-29.0
-27.0
-26.0
-27.0
-25.0
-19.0
-18.0
-22.0
-22.0
-17.0
-22.0
-21.5
-18.0
-12.0
-13.0
-13.0
-1.0
-3.0
-10.5
-11.0
1.0
-4.5
-2.0
1.0
-5.0
-4.0
-11.0
-10.0
4.0
5.0
-2.0
-8.0
-11.0
-9.0
-5.0
-4.0
0.0
3.0
6.0
3.0
0.0
2.0
3.0
1.0
3.0
6.0
7.0
8.0
2.0
7.0
5.0
-1.0
3.0
3.0
3.0
4.0
1.0
-5.0
-1.0
2.0
5.5
11.0
11.0
5.0
5.0
3.0
3.5
0.0
3.0
14.5
13.0
12.0
7.0
18.0
15.5
11.5
4.0
18.0
21.0
18.0
10.5
13.0
13.0
16.5
16.0
9.0
11.0
19.5
26.5
18.5
18.0
19.0
21.5
28.0
18.5
15.0
16.0
21.0
27.0
23.5
12.0
20.5
9.5
8.0
15.5
17.0
22.5
24.5
26.5
15.5
19.0
24.5
24.5
28.0
21.0
13.5
16.5
19.5
19.5
23.0
16.0
18.0
10.0
17.0
8.0
15.0
22.5
22.0
25.5
22.5
17.5
17.5
17.0
18.0
22.0
19.0
25.5
12.5
15.5
20.0
24.0
25.5
15.0
16.0
20.5
13.5
18.5
17.5
15.5
12.0
15.5
21.5
23.0
27.5
26.0
26.5
30.0
28.0
28.0
27.5
25.5
23.0
27.5
29.5
25.0
22.0
27.0
24.5
22.5
18.5
22.0
22.5
25.0
33.0
23.0
22.5
24.0
27.5
23.0
21.0
25.0
26.0
27.0
24.0
27.0
25.0
25.5
28.5
27.5
25.0
22.0
17.0
16.0
17.0
15.0
12.5
19.5
19.5
12.5
17.0
18.0
20.0
20.5
19.0
19.5
20.0
24.5
26.0
21.0
20.5
18.0
16.5
26.0
21.0
22.5
18.5
24.0
16.5
19.5
12.5
6.5
12.0
12.0
15.5
17.5
19.5
22.5
19.5
17.5
20.5
17.0
8.0
4.0
8.0
11.5
4.5
4.0
6.0
9.5
17.0
4.0
5.5
6.5
9.5
13.0
16.0
14.5
7.5
9.5
3.5
1.5
-3.5
0.5
6.5
14.0
13.0
12.5
0.0
3.0
3.5
11.0
14.0
20.0
20.0
18.0
15.0
13.5
11.0
16.0
7.5
12.0
20.5
8.0
13.0
8.0
8.0
1.5
3.0
4.0
3.0
0.0
-8.0
-10.0
-10.0
-10.0
-8.0
-10.0
-3.0
0.0
5.0
4.0
-10.0
-15.0
-15.0
-13.0
-13.0
-17.0
-21.0
-22.0
-20.0
-22.0
-25.0
-23.0
-25.0
-21.0
-20.0
-17.0
-13.0
-12.0
-5.0
-1.0
NaN
-2.0
-8.0
-14.0
-12.0
-20.0
-16.0
-14.0
-15.0
-19.0
-19.0
-12.0
-15.0
1.0
5.0
2.0
-7.0
-13.5
-3.0
-3.0
-11.5
-10.0
-7.0
-7.0
-11.0
-12.5
-13.5
-11.0
-7.0
-14.0
-21.0
-5.0
5.0
2.0
5.0
5.0
4.0
3.0
3.0
1.5
1.0
2.0
-2.5
-1.5
-3.0
-10.0
-10.0
-12.0
-6.0
-7.0
-13.0
-7.0
-11.0
-11.0
-10.0
-5.5
-2.5
-2.0
-2.0
-2.0
-1.0
-8.0
-16.0
-16.0
-18.0
-16.0
-13.0
-12.0
-15.0
-13.0
-17.0
-14.5
-20.0
-21.0
-21.0
-22.0
-15.0
-16.0
-10.0
0.0
6.0
4.0
-1.0
3.0
5.0
6.0
2.0
NaN
2.0
-17.0
-7.0
-9.0
-7.0
2.0
-2.0
-1.0
4.0
8.0
8.5
2.0
0.0
-1.0
-3.0
3.0
12.0
7.5
4.0
-3.0
-1.0
5.0
14.0
14.0
7.0
9.0
10.0
10.0
4.0
7.0
9.5
10.0
17.5
13.0
14.0
21.0
21.0
-5.0
-7.5
-9.5
-5.0
-1.0
8.5
9.5
11.5
12.5
5.5
14.5
20.0
12.0
12.5
12.5
9.0
2.5
11.0
14.5
9.0
6.5
13.0
24.0
20.0
NaN
12.5
13.0
11.5
9.5
16.0
21.0
16.0
21.0
10.5
11.0
7.0
14.5
20.5
24.5
25.0
24.0
23.0
20.0
24.5
26.0
28.5
30.0
31.0
32.5
30.0
26.0
20.0
28.0
23.0
22.0
14.5
17.5
21.5
23.5
19.5
20.5
30.0
18.5
18.5
13.0
14.0
19.5
28.5
31.0
26.5
24.5
24.5
23.0
20.0
30.0
25.5
22.0
22.5
22.5
20.5
17.0
24.5
25.5
26.5
25.5
18.5
18.0
22.0
22.0
23.0
17.5
22.5
17.0
23.0
25.0
26.0
23.0
24.5
23.5
21.0
21.5
26.5
28.0
27.0
23.5
24.0
25.5
24.0
24.0
28.0
21.0
21.0
20.5
24.5
27.5
27.0
26.0
21.5
25.5
27.0
17.0
20.0
25.0
30.5
30.5
28.5
23.5
19.0
22.5
29.0
32.0
19.5
25.0
22.0
27.5
27.5
14.5
17.5
20.5
25.5
31.5
32.5
21.0
15.5
23.0
21.0
13.0
13.0
18.0
20.0
18.5
15.0
16.0
13.5
8.0
10.0
12.0
12.5
8.0
9.5
11.5
11.0
12.0
12.5
16.5
20.0
20.5
13.0
15.5
17.5
19.0
13.0
14.0
13.5
7.0
9.0
11.0
9.0
20.5
11.0
4.5
13.0
4.0
3.0
8.5
14.5
4.0
21.0
20.0
21.5
21.5
19.5
20.0
23.5
14.5
16.0
18.0
16.0
19.0
21.0
8.0
-1.0
0.0
-5.0
-4.0
0.0
2.0
7.0
6.0
0.0
-5.0
-10.0
-13.0
-11.0
-13.0
-18.0
-10.0
-11.0
-5.0
-9.0
-13.0
-11.0
-10.0
-8.0
-3.0
-7.0
-1.0
6.5
1.0
6.0
-1.0
0.0
-1.0
-2.0
4.0
-4.0
-8.0
-7.0
-8.0
-10.0
-8.0
-6.0
-11.0
-6.0
-13.0
-13.0
-3.0
-6.0
-7.0
-1.0
-1.0
-2.0
-10.0
-6.0
-1.0
-2.0
-1.0
-1.0
-5.0
-1.0
-1.0
-2.0
-1.0
2.0
-5.0
-4.0
0.0
0.0
3.0
-3.0
-7.0
-4.0
-4.0
-5.0
-4.0
3.5
6.0
4.0
-16.0
-12.0
-8.0
-9.5
-7.0
-11.0
-3.0
-7.0
-18.0
-16.0
-19.0
-14.5
-2.0
-6.0
-4.0
-2.0
1.0
1.5
-6.5
-7.0
-7.0
1.0
3.0
3.5
4.0
1.0
3.0
-2.0
1.0
1.0
-11.0
-6.0
-5.0
-6.0
-4.0
-3.0
4.0
1.0
-3.0
-4.0
-4.0
-11.0
-8.0
-9.0
-10.0
-6.0
-9.0
-5.0
0.0
6.0
11.0
14.0
-1.0
-13.0
-9.0
-2.0
-5.0
-4.0
-5.0
0.0
2.0
1.0
0.0
1.0
2.0
2.0
5.5
2.0
3.0
3.0
1.5
7.0
-6.0
-7.0
-1.0
5.0
5.5
1.0
7.0
15.0
14.5
20.0
18.0
21.0
21.0
7.0
-3.0
6.0
12.5
16.0
20.5
22.0
17.0
21.0
17.5
18.0
12.0
19.0
17.5
12.0
8.0
15.5
17.5
19.5
28.0
17.0
19.5
19.0
19.5
18.0
23.5
22.0
22.5
23.5
32.0
22.0
20.5
22.5
33.0
19.5
22.5
28.0
15.5
15.0
14.0
22.0
9.5
12.0
13.5
22.5
27.0
16.0
17.0
17.0
19.5
24.0
28.0
30.0
21.0
12.5
20.0
19.5
25.0
32.5
22.5
19.5
24.0
20.0
26.5
31.0
34.0
29.0
37.0
36.0
26.0
29.5
30.5
28.0
31.0
28.5
23.0
20.5
19.0
26.0
27.5
17.0
23.0
24.0
19.5
23.0
26.0
26.0
26.0
24.0
21.0
23.0
24.0
20.0
17.0
19.5
23.0
22.0
27.0
25.0
22.5
16.5
23.5
21.0
19.0
20.0
23.0
26.5
28.0
27.5
30.5
32.0
25.5
21.0
28.0
26.0
25.0
15.5
22.0
23.0
24.5
28.5
26.0
23.0
28.0
20.5
20.0
20.5
16.0
18.0
18.5
22.5
21.0
22.0
25.0
20.5
19.0
21.5
23.5
22.0
24.0
24.0
28.0
17.0
18.0
26.0
19.5
31.5
24.5
17.0
24.0
24.0
18.5
17.0
15.0
15.0
18.5
19.5
24.5
26.5
26.5
19.0
13.0
18.0
19.0
18.0
23.0
30.0
19.5
16.0
21.0
20.0
18.0
19.5
19.5
24.0
15.0
15.0
28.0
NaN
14.0
NaN
8.0
6.0
-3.0
7.0
12.0
24.0
14.0
11.0
10.0
6.0
10.5
9.0
1.0
2.0
-3.0
0.0
-1.0
4.0
14.0
7.0
NaN
NaN
11.5
6.0
10.0
18.0
7.0
9.0
3.0
5.0
13.0
0.0
3.0
2.0
12.5
11.0
9.0
NaN
6.0
2.0
1.0
-3.0
2.0
-5.0
-1.0
10.0
4.0
-4.0
-2.0
2.0
-1.0
4.0
2.0
1.0
6.0
-2.0
-3.0
-3.0
-1.0
0.0
0.0
3.0
2.0
3.0
5.0
-2.0
-3.0
-8.0
-8.0
-10.0
-7.0
-5.5
-6.0
-3.0
-9.0
-9.0
-6.0
-11.0
-12.0
-5.0
0.5
1.0
-1.0
-3.0
-13.0
-16.0
-12.0
-10.0
-26.0
-26.0
-22.0
NaN
-15.0
-19.0
-13.0
-13.0
-21.0
-17.0
NaN
-7.0
6.0
2.0
-10.0
-7.0
-11.0
-8.0
0.0
-15.0
-2.0
-20.0
-16.0
-7.0
-8.0
-8.0
-10.0
-19.0
-24.0
-25.0
-18.0
-24.0
-23.0
-19.0
-17.0
-18.0
-14.0
-22.0
-20.0
-12.0
-4.5
-5.0
-9.5
3.0
-3.0
2.0
2.0
-1.0
-1.0
5.0
-11.0
-11.0
-7.0
7.0
8.0
11.5
7.0
6.0
-5.0
-4.5
1.5
8.0
8.0
2.0
1.0
7.0
10.0
1.0
-9.0
-9.0
-5.5
-5.0
2.0
2.0
1.0
-1.0
-4.0
-3.0
14.0
12.0
12.0
6.0
-5.0
-3.0
-3.0
-1.0
-6.0
-4.0
6.0
15.0
16.0
17.0
12.5
11.0
18.0
14.0
0.0
5.0
13.0
22.5
13.0
8.0
7.0
15.0
16.0
4.5
7.0
11.0
5.0
5.0
5.0
12.0
7.0
8.0
12.0
16.0
23.0
27.0
21.5
8.5
6.0
8.0
12.0
13.0
11.0
11.0
17.5
23.0
22.5
23.0
11.0
21.0
16.0
8.0
22.0
28.0
18.0
22.0
23.0
24.0
25.0
24.0
28.0
22.5
23.0
28.5
28.5
32.5
31.0
31.0
27.0
28.0
31.0
34.5
36.0
36.5
36.5
23.0
28.0
23.0
28.0
23.0
14.5
21.0
19.0
25.0
30.0
30.5
27.0
36.5
26.0
22.0
31.0
31.0
26.5
28.0
29.0
24.0
26.0
21.0
25.0
29.0
29.0
24.5
27.5
28.0
24.5
26.5
21.0
17.5
23.0
24.0
26.0
22.0
25.0
24.5
26.0
24.0
23.0
26.0
29.5
36.0
25.0
30.0
29.5
31.0
35.5
30.0
28.0
32.5
27.0
23.0
18.0
21.0
27.5
34.0
36.0
20.0
23.5
31.0
29.5
24.5
24.0
27.0
30.5
31.5
22.0
17.0
23.0
24.0
24.0
21.5
17.0
24.0
24.0
22.5
16.5
18.0
19.0
24.0
28.0
26.0
25.0
23.0
27.5
22.5
22.5
29.5
20.0
17.0
19.0
13.0
9.0
19.0
21.0
24.0
22.5
23.5
17.0
7.0
9.5
8.0
18.0
14.0
17.0
NaN
7.5
7.5
NaN
9.5
20.5
21.0
15.0
14.0
7.5
10.0
12.0
20.5
22.5
23.0
23.0
14.0
17.0
19.5
25.0
26.0
15.0
8.0
8.0
8.0
12.5
11.0
9.0
11.0
4.5
4.0
2.0
2.0
-5.0
-6.0
1.0
3.5
9.0
8.0
12.0
6.0
1.0
1.0
0.0
5.0
4.0
-3.0
-2.0
8.0
-3.0
-3.5
-6.0
-6.0
-7.0
-8.0
-10.0
-6.0
-5.0
-8.0
-6.0
4.0
1.5
-2.0
-4.0
-14.0
-4.0
-5.0
-3.0
5.0
6.0
4.0
2.0
6.0
-2.0
-7.0
NaN
-12.0
-11.0
-1.0
4.0
-4.0
-12.0
-9.0
-5.0
-5.0
-1.0
-4.0
-4.0
-10.0
-5.0
-10.0
-15.0
-21.0
-16.0
-21.0
-20.0
-16.0
-18.0
-21.0
-22.0
-19.0
-14.0
-8.0
-7.0
-15.0
-24.0
-26.0
-26.0
-23.0
-15.0
0.0
2.0
-3.0
-5.0
-4.0
-12.0
-3.0
-7.0
-3.0
-2.0
-2.0
-15.0
-12.0
-8.0
1.5
4.0
-1.0
3.0
2.0
-24.0
-33.0
-32.0
-27.0
-18.0
-9.5
-8.0
-17.0
-13.0
-8.5
-4.0
-3.0
-2.0
-10.0
-21.0
-21.0
-20.0
-18.0
-15.0
-12.0
-9.0
-9.0
-9.5
3.0
2.0
-10.5
-14.0
-10.0
-20.0
-18.0
-18.0
-13.0
-10.5
-11.0
-7.5
4.0
-2.0
5.0
4.0
-4.0
-2.0
-5.0
-11.0
-8.0
-13.0
-11.0
-7.0
-9.0
-6.0
-5.0
-3.0
0.0
4.0
3.0
8.0
-1.0
-3.0
-5.5
-0.5
10.0
9.5
7.5
8.0
9.0
7.0
8.5
2.0
0.5
2.5
4.0
7.0
16.0
12.5
10.5
16.5
-2.5
7.0
13.0
18.5
16.0
22.5
27.0
15.5
13.0
15.0
12.0
11.5
14.5
8.0
13.5
18.0
23.0
16.0
11.0
8.0
24.5
17.5
22.0
26.0
25.5
29.0
27.0
28.5
28.0
26.5
25.0
24.0
28.0
17.0
15.5
21.0
20.0
19.5
13.0
9.5
18.0
22.0
14.0
16.0
19.0
22.0
21.0
20.0
23.0
23.0
23.5
19.0
14.5
19.5
24.0
19.0
15.0
10.0
19.0
22.5
26.0
29.5
24.0
27.0
30.5
23.0
22.0
23.0
23.0
22.0
23.0
15.0
21.0
25.0
28.0
31.0
32.0
26.0
26.0
32.0
29.5
27.5
34.0
24.0
24.0
22.0
25.0
22.0
24.5
26.0
28.5
28.5
28.0
29.5
32.0
34.5
33.5
30.0
30.0
31.0
26.0
27.0
19.5
17.5
23.0
30.0
30.0
34.0
33.5
28.5
21.0
20.0
24.0
27.0
29.0
33.0
32.0
34.0
33.0
17.0
22.0
26.0
28.0
24.5
27.5
17.5
20.0
26.0
29.0
33.0
29.0
27.0
20.0
23.5
14.0
18.0
19.5
19.0
22.0
25.5
22.0
23.0
27.0
18.0
18.0
14.0
12.0
8.0
11.0
15.0
22.5
26.0
25.0
24.0
29.0
10.0
15.5
17.0
21.5
8.5
18.0
18.0
11.0
21.0
24.0
18.5
NaN
26.5
4.0
1.5
11.5
10.5
9.0
8.0
14.0
19.0
15.0
19.0
14.0
15.5
18.0
7.0
4.5
3.5
2.5
11.0
15.0
17.0
20.5
22.0
18.5
23.0
15.5
13.0
3.5
3.0
3.5
3.5
-2.0
-5.5
-4.0
3.0
1.5
2.0
6.0
0.0
-1.0
-2.0
7.0
-2.0
-3.0
-5.0
-2.0
-15.0
-12.0
-10.0
5.0
7.5
1.0
-4.0
-4.0
-7.0
-4.0
-9.0
-9.0
-12.0
-3.0
2.0
1.5
-1.0
-6.5
2.0
2.0
-5.0
-15.0
-9.0
-7.0
-15.0
-19.0
-22.0
-21.0
-25.0
-27.0
-20.0
NaN
-23.0
-28.0
-29.5
-34.0
-31.0
-10.5
-2.0
3.0
-4.0
3.0
0.0
-12.0
-6.0
-5.0
-3.0
1.0
-5.5
-11.0
-19.0
-1.0
2.0
-2.0
-7.0
4.0
4.0
-10.5
-8.0
-4.5
-4.5
-1.0
-4.0
-11.0
-10.0
-8.0
-3.0
-1.0
-5.0
-3.0
-4.5
-5.5
-1.0
-18.0
-16.5
-18.0
-27.0
-24.0
-21.0
-15.0
-5.0
0.5
-5.0
-2.0
-2.0
-4.0
-17.5
-8.0
-7.5
-13.0
-23.0
-13.5
-21.5
-24.0
-16.5
-17.0
-3.5
5.0
-2.0
-1.5
-14.0
-15.5
-3.0
-6.0
-3.0
3.0
6.0
-6.0
-4.0
-8.0
-5.0
1.5
3.5
4.0
3.0
2.5
1.5
1.5
-2.0
-1.0
-3.0
3.0
-3.0
-3.0
5.0
-3.0
-6.5
-13.5
-7.0
-1.0
-4.5
-2.5
1.0
4.0
6.0
9.0
4.5
2.0
5.0
10.0
-0.5
0.0
4.5
5.5
-0.5
1.5
-1.5
4.0
7.0
5.5
5.0
6.0
3.0
13.0
19.0
20.0
27.0
22.0
28.0
22.0
19.5
7.0
3.0
-2.0
-4.0
0.0
0.5
8.5
9.0
15.0
16.5
20.5
28.0
6.0
5.0
12.0
16.5
12.5
12.0
15.0
17.5
15.0
9.5
12.0
16.5
14.0
14.0
13.0
18.0
20.5
23.0
23.0
24.0
25.0
23.0
25.0
25.0
24.5
25.0
11.0
15.5
18.5
17.5
24.0
23.0
21.5
24.5
28.5
23.5
22.0
21.5
16.5
22.0
23.0
17.5
25.5
24.0
23.5
23.5
24.0
26.0
32.0
29.0
28.5
29.5
26.5
26.0
28.5
31.0
26.0
23.5
16.5
18.0
16.0
19.5
24.0
23.5
21.5
21.5
24.5
27.5
26.0
24.0
26.0
22.5
21.0
20.0
20.0
22.0
25.5
27.5
31.0
27.5
24.5
24.5
23.5
21.0
23.0
28.5
28.0
28.0
21.0
24.0
28.0
30.0
34.0
28.5
22.5
22.0
23.0
25.0
32.0
24.0
25.0
22.0
18.5
18.0
16.5
26.5
29.5
29.0
27.0
NaN
16.0
18.0
21.0
25.0
27.5
30.0
22.5
23.0
32.0
25.0
23.5
30.0
22.0
29.0
21.0
18.5
27.5
25.5
22.0
17.0
26.5
15.5
17.5
25.0
19.5
23.0
13.0
11.0
13.5
25.0
27.5
27.5
21.5
16.0
9.0
10.0
17.5
17.5
18.0
10.0
9.0
7.0
6.0
7.0
11.0
16.0
17.0
6.0
7.0
14.5
8.0
10.0
7.5
2.0
6.0
9.5
3.0
9.5
12.0
8.0
6.0
18.5
19.0
7.0
15.0
13.0
12.0
15.0
1.0
0.0
-2.0
-2.0
-3.0
-5.5
2.5
6.0
0.0
-2.0
-9.0
-2.0
12.0
6.0
7.0
8.0
10.5
6.0
7.5
4.0
-2.0
-11.0
-11.0
-14.5
-15.0
-13.0
-14.0
-8.0
4.5
-3.5
-17.0
-17.0
-10.0
-1.5
-2.0
1.5
3.5
6.5
1.0
-4.0
-4.0
-11.0
-12.0
-8.0
-5.5
-11.0
-18.0
-21.0
-26.0
-30.0
-32.0
-16.5
-16.0
-19.0
-28.0
-16.0
-4.0
-29.0
-32.0
-27.5
-24.5
-25.5
-19.0
-20.5
-15.5
-21.0
-26.5
-22.0
-29.0
-21.0
-15.0
-12.0
-12.0
-9.5
-3.0
-1.0
-5.5
1.0
4.0
-12.0
-15.5
-4.0
-4.0
-17.0
-12.0
-8.0
-6.5
-9.0
-21.0
-15.0
-17.0
-8.0
3.5
6.0
5.0
2.5
5.0
4.0
5.5
1.0
-2.0
-13.0
-1.0
-6.0
-9.0
-19.5
-4.0
-5.5
-4.5
-2.0
-2.0
1.0
-7.0
-17.5
-11.5
-9.0
-7.5
-4.0
-11.0
-9.0
-21.5
-18.5
-13.5
-12.5
-13.0
NaN
-11.0
-9.5
1.0
3.5
-0.5
0.5
1.5
1.5
1.0
1.0
1.0
5.0
5.0
5.0
4.5
5.0
6.0
-0.5
-4.0
-10.0
-4.0
-7.0
1.0
7.5
10.0
11.0
17.0
14.5
18.0
19.5
15.0
11.0
11.5
11.0
14.0
15.0
12.5
12.0
6.0
9.5
13.0
9.0
5.5
9.0
17.0
13.0
8.0
11.0
24.5
18.0
15.0
10.5
6.0
7.5
0.5
-1.0
6.5
1.5
1.0
3.0
10.0
13.0
19.0
19.0
23.0
23.5
27.0
19.0
20.0
19.5
22.0
18.5
20.5
18.0
28.0
30.5
22.5
24.5
19.5
24.5
18.0
20.0
17.0
21.0
23.0
22.5
25.0
28.0
25.0
23.0
22.0
23.5
27.5
25.0
22.0
27.0
25.0
22.5
20.5
22.0
20.5
25.0
22.0
19.0
24.5
17.5
21.0
23.0
23.5
25.0
24.0
22.0
22.5
20.5
25.5
19.0
16.0
18.5
22.5
25.0
23.5
23.0
19.5
23.5
26.0
26.0
17.0
23.0
27.0
30.5
28.0
31.0
30.5
23.0
24.5
26.5
29.5
21.5
24.0
22.0
23.0
24.0
25.0
27.0
26.5
22.0
23.5
20.0
17.0
22.0
22.5
23.0
19.5
21.0
25.5
29.0
29.0
29.0
28.5
29.5
31.5
24.0
26.0
24.0
27.0
31.0
30.0
26.5
21.0
24.0
29.0
24.0
24.5
32.0
31.0
29.0
26.0
30.0
32.5
23.5
22.0
14.5
15.0
28.0
27.0
23.0
12.5
17.0
15.0
23.5
26.5
24.5
15.0
13.0
2.5
3.0
13.5
24.0
12.0
10.0
14.0
21.0
13.5
14.0
14.0
19.5
13.0
14.0
18.0
11.0
8.0
4.5
6.5
12.5
19.0
15.0
14.0
22.0
20.5
19.0
8.0
7.0
14.5
12.0
0.5
1.5
6.5
-1.0
0.0
1.0
-4.5
-4.5
-0.5
1.0
3.5
-10.0
-9.0
-6.0
-11.0
-12.0
-11.0
-11.0
-9.5
-11.0
-13.0
0.0
6.0
-5.5
-3.0
4.0
8.0
7.5
2.0
2.0
7.5
9.0
5.0
-2.0
-2.0
-9.0
-4.0
-7.0
-18.0
-5.0
-8.0
-10.0
-5.0
-5.0
NaN
-25.0
-21.0
-25.0
-21.0
-17.0
-15.5
-10.0
-8.0
0.0
-1.0
-1.0
-8.0
-12.0
-17.0
-5.0
1.0
-14.5
-10.0
-5.0
-2.5
5.0
-3.0
-3.0
-5.5
-2.0
-5.0
-5.0
-4.0
-2.0
-1.5
-6.0
-9.0
0.0
0.0
-6.0
-5.0
-10.0
-11.0
-10.0
-4.0
-1.5
0.0
-4.0
-8.0
NaN
0.5
-5.0
-22.5
-15.0
-3.0
1.0
-5.0
-5.0
-14.0
-15.0
-16.0
-17.0
0.0
4.0
1.0
-1.0
-1.0
6.0
3.0
-5.0
1.0
2.0
-1.5
-11.0
-15.0
-8.0
-17.0
-14.0
-7.0
-9.0
-7.0
-7.0
-6.5
-6.0
-8.5
-14.0
-17.5
-14.5
-13.0
-9.0
-5.0
4.0
6.5
5.0
1.0
5.0
6.0
1.0
6.0
1.0
1.0
0.0
1.0
-7.5
-4.0
2.5
3.5
3.0
4.5
1.0
7.0
0.0
-4.5
3.0
1.0
-4.0
2.0
7.0
9.0
1.0
-5.0
4.5
7.5
7.0
5.0
NaN
-1.0
6.5
15.0
5.0
6.0
5.0
3.0
5.0
5.0
-3.0
0.0
-3.0
2.0
7.5
15.5
5.0
7.0
16.0
6.5
-5.0
0.0
6.0
-1.0
5.5
9.0
12.0
14.5
20.5
25.5
20.0
28.0
14.5
14.5
21.0
21.5
29.0
33.0
25.0
12.0
6.5
11.5
17.0
10.0
16.0
17.0
14.0
9.0
20.5
30.5
30.0
33.5
8.0
7.0
11.0
7.0
17.0
19.0
20.5
24.0
24.0
15.5
15.5
23.0
26.0
18.0
14.5
9.5
12.0
17.0
27.0
28.0
29.5
28.5
22.0
19.0
18.0
22.0
16.0
25.0
NaN
15.5
19.5
17.5
25.5
23.0
21.0
18.0
23.5
27.0
14.0
19.0
16.0
13.0
16.0
17.0
22.0
23.0
21.0
20.5
22.0
16.0
17.5
20.5
24.0
25.5
23.5
19.5
18.5
21.0
23.0
19.0
20.0
21.0
24.0
24.5
25.0
24.0
23.0
20.0
19.0
21.0
24.0
25.5
23.0
22.0
21.0
23.5
24.0
23.0
27.0
29.0
25.5
23.0
19.0
21.5
25.0
28.5
28.5
28.5
24.5
30.0
33.5
21.5
15.0
13.0
9.0
11.5
14.0
22.0
23.5
20.5
15.0
13.0
17.0
25.5
17.0
17.0
19.0
8.0
8.5
12.0
18.0
11.0
19.0
19.5
18.0
15.0
14.0
10.5
13.0
10.5
11.0
23.0
23.0
10.5
17.5
24.5
29.5
12.0
11.0
2.0
15.0
23.0
29.5
33.0
26.0
25.0
25.0
10.5
14.0
12.5
14.0
13.0
17.0
14.0
8.0
2.5
2.5
0.5
-0.5
-1.0
-0.5
4.0
1.0
20.5
11.0
18.0
24.0
11.0
13.0
6.0
3.0
2.0
5.5
3.0
2.0
1.0
0.5
-3.5
-4.5
-2.0
5.0
-1.5
0.0
1.0
5.0
0.0
-5.0
NaN
-3.5
-1.0
0.5
-2.0
-1.0
-1.0
-1.0
-1.0
-2.0
-2.0
-3.0
-3.0
2.5
0.0
-3.0
0.0
0.0
-6.5
-9.0
-6.5
-1.0
-10.0
-9.0
-5.0
0.0
-9.0
0.0
-8.0
-9.0
-3.0
-4.0
-19.0
NaN
-17.0
-21.5
-21.0
-18.0
-19.0
-16.5
NaN
-22.5
-18.0
-22.5
-30.0
-26.0
-26.0
-31.0
-20.0
-16.0
-13.0
-15.0
-23.0
-18.0
-20.0
-26.5
-26.0
-15.5
-12.5
-13.0
-16.5
-18.0
-12.0
-11.0
-12.0
-10.5
-5.5
0.0
2.0
-7.0
-10.0
-15.0
-8.0
-7.0
-5.0
-12.5
0.0
5.5
7.0
7.0
5.5
6.0
0.5
-9.0
-5.0
-5.0
4.0
-5.0
-14.0
-10.5
-7.0
-8.0
-15.0
-15.5
-17.0
-12.5
-9.0
-9.0
-11.5
-13.0
-16.0
-14.5
-10.5
-8.5
-5.0
-0.5
8.0
11.5
8.0
7.5
10.0
7.5
11.0
5.0
7.0
0.0
-2.0
-5.0
-9.0
-4.0
-3.0
-3.5
-14.0
-7.0
4.5
-0.5
1.0
3.0
12.0
19.0
21.5
16.0
8.0
3.5
0.0
-1.0
0.0
-4.0
0.0
4.0
6.0
8.5
10.5
8.5
4.5
5.0
6.0
4.5
3.0
4.0
10.0
12.0
15.5
9.5
13.0
6.0
7.0
12.0
17.0
17.5
19.5
5.5
10.5
21.0
5.0
4.0
10.0
12.0
16.0
19.0
19.0
21.0
26.5
26.0
18.0
13.0
20.5
25.5
30.5
29.5
28.5
15.5
14.0
14.5
10.5
14.0
13.0
18.5
26.0
22.0
10.0
17.0
13.0
13.0
10.5
16.5
18.5
14.5
14.5
19.0
11.5
17.0
20.0
22.0
18.0
18.0
23.0
27.0
28.0
21.0
25.0
18.0
20.0
21.0
15.0
21.0
23.5
27.0
30.0
28.5
25.0
19.5
16.0
11.0
12.5
13.0
14.0
12.0
20.0
21.5
25.0
20.0
18.0
14.0
19.0
21.0
23.0
19.0
17.0
18.0
19.0
19.0
21.0
16.0
23.0
21.0
20.0
22.0
21.0
19.0
23.0
24.5
26.0
25.5
23.5
22.0
26.5
29.0
27.5
24.0
21.0
15.5
19.0
19.0
22.0
24.5
26.0
26.5
28.5
32.0
24.0
20.5
23.5
21.0
22.0
22.0
23.0
20.0
22.0
24.0
27.0
23.0
26.0
24.5
21.0
18.5
19.5
18.0
16.5
15.5
20.5
19.0
17.0
21.0
16.0
15.0
17.5
20.5
24.5
16.5
18.5
25.5
6.0
9.0
12.5
12.5
9.0
15.5
19.5
19.0
21.5
6.0
13.0
19.0
20.0
NaN
10.0
15.5
10.0
13.0
14.0
3.0
19.0
20.5
13.5
21.5
7.0
3.0
7.0
12.5
18.0
9.5
4.0
9.0
8.0
6.0
4.0
12.0
15.0
9.5
6.0
11.0
15.0
16.0
16.0
6.0
5.0
13.5
-2.0
-4.5
1.5
5.0
4.0
3.0
-1.0
-5.5
-3.0
-3.0
-5.5
-5.0
-2.0
-0.5
0.5
0.0
1.0
-1.0
3.5
1.0
1.0
0.5
0.0
4.0
-6.0
-18.5
-14.5
-14.0
-11.0
-7.0
-3.0
0.0
-4.5
5.0
-2.0
-8.0
-2.5
0.0
-3.0
-8.0
-9.0
-2.0
-9.0
-9.0
0.0
-3.0
-4.0
-4.0
-4.0
-2.0
-3.0
-4.0
-4.0
-1.5
NaN
-14.5
-5.0
-5.0
-16.0
-19.5
-12.0
-10.5
-6.0
-1.0
-4.0
-17.5
-17.5
-18.0
-25.0
-24.5
-27.0
-26.0
-24.0
-17.0
-26.0
-21.5
-23.0
-24.5
-25.5
-25.0
-22.0
-30.0
-27.0
-23.0
-8.0
-8.5
-8.0
-5.5
-17.0
-16.0
-10.0
-8.0
-12.0
-15.0
-12.5
-10.0
-15.0
-17.0
-19.0
-13.5
-13.5
-29.0
-28.0
-27.0
-24.0
-20.0
-15.0
-13.0
-1.0
-5.0
-2.5
-4.5
-7.0
-9.5
-13.0
-19.5
-21.0
-19.5
-15.5
-16.0
-16.0
-15.5
-10.0
-1.0
5.0
5.5
6.5
7.0
5.0
-2.0
-10.0
-9.0
-5.0
-5.0
4.0
5.0
6.5
5.0
2.0
2.0
3.5
6.0
7.0
4.0
4.5
-2.5
-2.0
3.0
6.0
-0.5
-1.0
1.0
2.5
10.0
14.0
-1.5
1.0
6.5
-1.0
3.5
2.0
8.5
2.5
11.5
13.0
21.0
21.5
13.5
11.0
14.0
19.0
26.5
13.0
11.0
13.5
18.0
19.0
17.0
6.0
5.0
5.5
6.5
9.0
11.0
13.0
15.0
19.5
14.5
11.0
13.5
18.0
27.0
18.0
20.0
23.0
21.5
20.5
22.0
21.0
18.5
15.5
28.5
19.5
18.5
5.0
17.0
23.0
22.0
23.0
20.0
22.0
26.5
22.0
19.0
19.0
22.0
23.0
18.0
21.5
24.5
22.0
22.0
21.0
18.0
19.0
23.5
24.5
24.0
14.0
17.0
15.0
18.5
16.0
21.0
23.0
25.0
25.5
26.5
28.5
28.0
19.0
21.0
18.0
23.5
20.0
19.0
19.0
21.0
22.0
24.0
20.0
20.0
21.0
21.0
23.0
27.0
22.5
16.5
18.5
24.0
22.0
22.0
26.5
25.5
17.0
21.0
26.5
24.0
25.0
23.0
22.5
24.5
26.5
30.0
30.5
24.0
24.0
29.0
29.0
23.5
23.0
25.0
25.5
17.5
19.0
21.5
23.0
23.5
24.5
21.0
23.5
32.0
22.0
24.0
20.0
23.0
24.5
28.0
24.5
27.0
25.5
25.0
13.0
17.5
20.0
14.0
13.5
15.0
19.0
19.5
12.0
20.0
20.0
24.5
25.0
28.0
25.0
21.5
18.0
21.0
25.0
21.0
20.5
25.0
27.5
28.0
24.0
22.0
11.5
21.5
29.5
20.0
17.0
22.0
16.5
17.5
12.5
12.0
10.0
9.5
10.0
12.0
17.0
14.5
10.5
13.5
18.5
24.5
12.0
12.0
4.0
10.5
18.0
14.0
14.0
9.5
13.0
15.0
15.0
5.0
2.0
7.5
11.5
19.5
15.5
10.5
8.5
4.0
5.0
5.0
0.0
-1.5
4.5
7.0
6.5
5.0
7.0
8.5
5.0
4.5
3.5
3.0
6.5
6.0
6.0
-2.0
-5.0
2.0
9.0
-6.0
-0.5
6.5
1.0
-10.0
-6.0
-4.0
-9.0
-2.5
-5.0
6.5
-2.0
-14.0
-19.5
-18.0
-16.5
-12.0
-12.0
-13.0
-21.0
-13.5
-13.5
-8.5
-7.0
-7.0
-10.0
-9.0
-4.0
2.0
4.0
5.0
5.0
5.0
0.0
0.5
0.0
-3.5
-7.0
-5.0
-10.5
-16.5
-11.0
-13.0
-19.0
-14.0
-13.0
-15.5
-13.0
-17.0
-17.5
-10.5
-8.5
-11.0
-13.5
-14.0
-12.0
-11.0
-12.5
-12.0
-13.5
-10.5
-9.0
-9.5
-13.0
-11.0
-16.0
-10.5
-10.5
-12.0
0.0
4.5
-0.5
-2.0
2.5
-8.0
-12.0
-7.5
-8.5
-5.0
-0.5
-5.0
-21.0
-19.0
-19.0
-19.0
-14.0
-16.0
-16.5
-14.0
-9.0
3.0
-4.0
5.0
2.0
-1.5
-6.0
-12.0
-9.5
-16.5
-16.5
-11.0
-4.5
-15.0
-22.0
-22.0
-18.5
-16.5
-16.0
-8.5
8.0
5.0
8.5
1.5
3.5
-2.0
-1.0
3.0
0.0
-0.5
4.0
2.0
0.5
1.0
2.0
2.0
1.0
-4.5
-6.0
-4.0
1.0
1.0
1.5
6.0
-16.0
-6.0
-3.5
1.5
-4.5
-6.5
-4.0
0.0
3.5
9.0
8.0
8.0
2.0
5.0
6.0
3.5
8.5
11.0
8.5
12.5
8.5
8.5
2.5
5.5
3.0
4.5
7.5
9.5
12.0
12.0
13.5
10.5
14.5
14.0
10.0
14.0
19.5
24.0
15.0
7.0
13.5
13.5
7.0
12.5
19.5
24.0
12.0
16.0
13.5
10.5
12.5
14.0
17.0
15.0
17.5
23.0
30.0
29.5
29.0
23.5
26.0
27.0
29.5
29.0
15.0
11.5
17.5
20.5
21.5
24.0
27.0
28.5
29.0
29.0
32.5
33.5
30.0
30.0
26.0
26.5
23.5
18.5
20.5
22.5
26.5
25.0
14.0
14.0
19.0
21.0
21.0
18.5
21.0
22.5
25.5
23.5
25.5
28.0
29.5
31.5
27.5
25.5
25.0
26.5
23.5
25.0
22.0
22.0
25.5
22.5
24.5
26.0
21.0
24.0
31.5
25.0
22.5
28.0
19.0
23.5
27.5
20.0
23.0
28.0
32.0
34.5
28.5
23.0
14.0
16.0
21.0
26.0
21.0
21.0
26.5
25.5
22.5
16.0
22.0
22.5
24.5
24.5
13.0
21.0
22.5
21.5
24.0
20.5
21.5
21.0
23.5
26.5
24.0
27.0
24.0
18.0
13.0
15.0
19.5
21.0
24.0
27.0
24.5
NaN
23.5
19.0
15.5
18.0
9.5
7.5
5.0
7.0
11.0
15.5
21.0
23.0
24.5
26.5
22.5
22.0
15.5
14.5
14.0
16.0
14.0
13.5
11.5
13.5
16.5
17.5
19.0
17.0
12.0
8.0
7.5
15.0
16.0
7.5
3.0
4.0
7.0
9.0
7.0
10.5
11.5
7.0
7.0
3.5
4.0
1.5
-0.5
1.0
-5.0
-9.0
-6.0
2.0
6.5
-4.5
-8.0
-9.0
-10.0
-12.5
-18.0
-7.0
-5.5
0.0
-1.5
-2.0
0.0
4.0
3.5
-4.0
-4.0
-6.0
-10.0
-9.5
-12.0
-14.0
-13.0
-15.5
-10.0
-11.0
-13.0
-7.0
-5.5
1.5
-18.0
-15.5
-18.5
-24.0
-21.0
-25.0
-24.0
-20.0
-14.0
-15.0
-14.5
-14.5
-11.0
-13.0
-8.0
-7.0
-10.0
-7.0
-3.0
-2.5
-3.0
-2.5
-3.5
-10.5
-10.0
-11.5
-9.0
-9.0
-12.0
-12.0
-29.0
-26.0
-15.0
-2.0
-2.5
-5.0
-3.5
4.5
4.5
-9.5
-22.0
-16.0
-18.0
-27.0
-28.0
-28.0
-27.0
-23.0
-18.0
-20.5
-22.0
-22.0
-20.5
-25.0
-25.0
-28.0
-26.0
-30.0
-33.0
-27.0
-22.0
-16.5
-0.5
5.0
3.0
3.0
2.0
-2.5
-5.0
-1.5
1.0
-6.0
-12.5
-3.0
-13.0
-2.5
-2.0
-9.0
0.5
1.0
0.0
-10.0
-16.5
-16.0
-18.0
-13.0
-8.0
-8.0
-11.0
-12.0
-12.0
-18.0
-16.0
-13.0
-9.0
-7.0
4.0
5.0
7.0
3.0
5.5
5.0
-3.0
-4.0
-4.0
-6.0
-3.0
-1.0
-4.0
-11.0
-11.0
-14.0
-4.0
-7.5
-8.0
-9.0
-1.5
-4.0
-7.0
-10.5
-4.5
1.0
1.5
-2.0
3.0
6.0
8.0
6.0
3.5
3.0
4.5
9.0
8.0
13.0
13.5
1.5
-2.0
0.0
3.0
10.0
8.0
8.0
3.0
4.0
7.0
14.0
14.0
14.0
12.5
10.0
12.0
14.0
16.0
16.0
16.0
4.0
4.0
7.0
10.0
14.0
17.0
21.5
14.0
14.0
11.0
16.0
11.5
12.0
12.0
10.0
14.0
13.5
17.0
20.5
22.5
23.0
23.0
21.0
23.0
19.0
13.0
22.5
23.0
16.0
24.0
27.0
33.0
34.0
30.5
29.0
24.0
28.5
24.5
24.0
24.0
26.5
25.0
18.0
18.0
12.0
10.5
10.0
19.0
19.0
23.5
27.0
28.0
24.5
24.5
26.0
28.5
28.5
31.0
23.0
23.0
17.0
20.5
24.0
24.0
21.0
25.5
24.5
24.0
25.0
26.0
24.0
23.5
23.0
23.5
18.0
22.5
20.0
22.0
23.5
20.0
20.0
22.0
22.0
23.5
24.5
27.5
29.0
25.0
24.0
24.0
20.5
20.0
20.0
25.0
30.0
25.0
26.0
21.0
26.0
25.0
24.5
25.0
24.0
22.0
27.0
22.5
24.0
27.0
27.0
23.0
28.0
30.5
27.0
29.0
33.5
32.5
26.0
23.0
20.5
13.5
13.5
19.0
24.0
23.5
23.0
16.0
13.5
15.0
19.0
19.5
21.0
19.0
19.0
19.5
16.0
17.5
13.5
12.5
14.0
10.0
11.0
13.0
15.0
10.0
8.5
6.0
1.0
6.0
9.5
21.0
20.0
7.5
17.5
16.5
14.0
20.5
20.0
16.0
15.0
9.0
16.0
10.5
8.0
6.5
12.0
4.0
1.0
1.0
5.0
2.0
7.0
5.0
7.0
6.0
2.0
-10.0
-7.0
-1.0
10.0
3.0
1.0
1.0
1.0
1.0
2.0
-5.0
-7.0
-5.5
-5.0
-6.0
-6.0
-3.0
-12.5
-10.0
-13.0
-14.5
-13.5
-21.0
-19.0
-15.0
-22.0
-20.0
-16.0
-10.0
-6.0
-3.5
-10.0
-11.0
-11.0
-17.0
-14.0
-5.0
-4.5
-7.0
-9.5
-7.0
-9.0
-2.0
-6.0
-13.0
-12.0
-6.0
-10.5
-20.5
-23.5
-11.0
-11.0
-27.0
-27.0
-27.0
-27.0
-27.5
-25.0
-26.0
-24.0
-27.0
-22.0
-14.0
-5.0
-12.0
-14.0
-13.0
-17.0
-23.0
-18.5
-6.0
-27.0
-28.0
-25.0
-25.0
-15.0
-6.0
-19.0
-22.0
-14.0
-0.5
0.0
-10.0
-11.0
-24.0
-21.0
-25.0
-28.0
-27.5
-24.5
-25.0
-12.0
-4.0
1.0
-8.0
-6.0
-5.0
-4.0
-3.0
-4.0
-5.0
-5.0
-4.0
-11.0
-13.0
-9.0
-6.0
-11.0
-16.0
-8.0
3.5
-12.5
0.0
-3.0
-4.5
-13.0
-12.5
0.5
3.0
-9.0
-14.0
-11.5
-11.0
-11.5
-13.5
-15.0
-11.0
-13.0
-9.0
-4.5
-1.5
1.0
-9.0
-14.0
-11.5
-13.0
-12.0
-10.0
-7.0
-1.0
4.5
7.0
4.0
4.0
1.0
1.0
4.5
7.0
3.5
2.5
-5.0
5.0
6.0
1.5
2.5
8.0
-1.0
-4.5
-10.0
-13.0
-9.0
-5.0
1.5
5.0
6.0
8.0
10.0
-1.0
10.0
18.0
16.0
15.0
12.5
12.0
10.0
11.0
13.5
13.0
8.0
13.5
10.0
6.0
8.0
10.0
14.5
16.0
21.0
16.5
20.0
17.0
13.5
23.0
22.0
15.0
12.0
8.5
9.0
25.0
21.5
18.0
4.0
9.0
8.0
6.0
14.0
17.0
13.5
16.0
18.5
21.0
22.0
24.0
25.5
28.5
29.5
25.5
26.0
25.5
24.5
24.0
28.5
29.5
28.0
28.0
28.0
27.0
23.0
28.0
22.0
22.0
19.5
15.0
23.0
23.0
20.5
20.5
25.0
24.0
22.0
28.5
26.0
27.0
22.0
11.0
14.0
18.0
23.5
24.0
18.5
23.5
21.0
26.5
28.5
30.0
28.5
25.5
25.5
28.5
29.5
28.5
29.0
20.5
25.0
26.5
25.5
29.5
30.5
28.0
29.5
19.0
23.0
24.5
28.0
28.0
30.5
31.5
29.0
30.0
30.0
29.0
32.0
35.0
30.0
15.0
22.0
25.0
21.0
25.0
25.0
17.5
16.0
19.0
22.0
21.5
25.0
24.0
27.0
28.0
31.0
26.5
29.0
24.0
30.0
26.0
26.5
24.5
16.5
22.0
24.5
28.5
18.0
21.5
24.0
18.0
25.0
28.5
27.0
16.0
20.0
16.0
17.0
12.0
16.5
11.0
10.0
20.5
25.5
18.0
27.0
29.5
27.5
26.5
17.5
17.5
20.0
19.5
25.0
29.0
20.5
21.0
20.0
12.0
13.5
8.0
6.0
11.0
8.0
4.0
2.0
9.0
13.0
18.0
21.5
8.0
6.5
2.0
1.5
5.5
-2.0
-4.0
0.0
6.0
12.0
4.0
5.0
2.0
2.0
2.0
2.0
-4.0
-4.0
3.5
9.5
8.0
3.0
-2.0
-5.0
-3.5
0.0
-5.0
-5.0
0.0
-1.0
-5.0
-5.0
-6.0
-7.0
-7.0
-7.0
-5.0
11.0
8.0
2.0
4.0
8.0
5.0
-1.0
1.0
-4.0
-6.5
-9.0
-5.0
-7.0
-7.0
-5.0
-4.5
-5.0
-1.0
4.5
5.0
14.0
8.0
2.0
10.0
0.0
-5.0
-3.0
2.0
-2.0
0.0
0.0
4.0
-1.5
1.0
-2.0
-2.5
-11.0
2.0
-8.0
-19.0
-21.0
-17.0
-16.5
-11.0
-16.0
-20.0
-25.0
-22.0
-23.0
-26.0
-20.0
-15.0
-10.0
-13.0
-15.0
-11.0
-9.0
-14.0
-14.0
-10.0
-12.0
-9.0
-15.0
-8.0
-2.0
-3.0
-2.0
-2.0
-1.0
-10.0
-15.0
-3.0
-2.0
0.0
3.0
-2.0
-4.0
-7.0
-5.0
-3.0
-6.0
-4.5
0.5
-1.0
0.0
1.5
2.0
2.5
-1.0
0.0
3.0
5.0
5.0
-2.0
-9.0
-8.5
-9.0
-6.0
-7.0
-8.0
-8.0
-6.0
-4.5
-9.0
-13.5
-17.5
-17.0
-12.0
2.5
-11.0
-9.5
-7.0
-2.0
-3.5
-2.5
1.0
3.0
-1.0
-1.0
-2.0
1.0
7.5
8.0
7.5
4.5
7.0
9.5
8.0
10.0
11.5
11.5
12.0
10.0
7.0
8.0
11.0
12.0
15.5
15.0
15.5
11.0
5.0
10.0
14.0
10.0
9.0
12.5
18.0
21.5
26.0
22.0
18.0
17.0
18.5
21.0
26.0
27.5
19.5
9.0
18.5
26.0
16.5
21.0
3.0
10.5
21.0
18.0
16.0
17.0
13.0
13.0
21.0
20.0
20.0
23.0
19.0
22.0
25.0
25.0
25.0
25.0
25.0
26.5
27.0
26.0
17.0
18.0
21.0
21.5
5.0
10.0
15.0
11.0
13.5
15.0
19.0
24.0
18.0
21.5
24.5
29.0
22.0
24.0
24.0
22.0
17.0
16.0
16.0
19.0
15.0
24.0
25.0
21.0
28.0
26.0
18.0
20.0
23.5
27.0
28.0
25.0
21.0
20.0
22.0
22.0
24.5
28.0
27.5
32.0
32.0
26.0
26.5
26.5
18.5
25.0
27.5
27.0
26.0
22.0
21.0
21.0
24.0
25.5
30.0
25.5
30.5
24.5
22.5
24.5
27.0
27.0
27.0
25.5
26.5
29.0
30.5
27.0
29.0
29.0
28.0
32.5
29.5
27.5
23.0
28.0
21.0
20.0
23.0
25.0
24.0
25.0
22.0
24.0
26.5
27.0
27.0
25.5
27.0
27.0
29.5
23.5
22.5
24.5
30.0
34.5
24.0
22.5
22.5
23.5
32.0
28.5
25.0
27.0
27.5
21.0
30.0
21.0
24.5
14.5
7.0
14.0
15.5
21.0
18.5
15.0
12.0
14.5
19.5
19.0
15.5
11.0
12.0
11.5
11.0
8.0
7.0
13.5
19.0
23.0
11.0
4.5
2.0
-1.0
5.5
5.0
6.5
5.0
4.5
6.0
10.0
14.0
18.0
22.0
21.0
7.0
4.5
18.0
17.5
15.5
5.0
10.0
3.0
6.0
6.0
3.5
0.0
-4.5
-5.5
-4.0
-3.0
-1.0
-1.0
-6.0
-6.0
2.0
-2.0
-7.0
-8.0
-10.0
-8.0
-4.0
0.0
8.0
6.5
5.0
2.0
2.0
10.0
7.0
5.0
0.0
-1.0
-3.0
0.0
-3.0
-7.5
-10.0
-6.0
-5.0
-6.5
-6.0
-1.5
2.0
-2.0
6.0
8.0
-2.0
-2.0
-5.0
-15.5
-20.0
-22.0
-21.0
-18.0
-20.0
-15.5
-17.0
-11.0
-14.0
-18.0
-22.0
-14.0
-23.0
-21.0
-23.0
-25.0
-17.0
-15.0
-23.0
-22.0
-26.0
-19.0
-21.0
-21.0
-24.0
-20.0
0.0
3.0
-3.5
-7.0
-9.0
-14.0
-14.0
-9.0
-8.0
-10.0
-15.0
-7.0
-11.0
-8.0
-3.0
-3.0
4.0
0.0
-0.5
-3.0
-16.0
-17.0
-12.0
-8.0
5.0
-3.0
-3.0
-8.0
-10.0
-9.0
3.0
-2.0
-7.0
-11.5
-11.0
-11.0
-8.0
-4.0
-4.0
-4.0
-1.0
-2.5
1.0
2.0
-1.0
-2.5
-6.0
-8.5
-10.0
-12.0
-10.0
-8.5
-4.0
-4.0
-4.0
-4.0
-4.0
-1.0
1.0
7.0
6.5
-1.0
2.0
3.0
6.5
5.0
5.0
5.0
-1.5
1.0
4.0
7.5
7.5
8.0
8.5
8.0
1.5
2.0
6.0
4.0
-1.0
6.5
10.0
15.0
16.0
14.0
13.0
8.0
13.5
17.0
8.0
8.0
5.5
12.0
13.5
13.0
11.0
11.0
12.0
16.0
20.5
25.5
20.5
13.0
20.0
23.5
24.0
25.5
24.0
15.0
12.0
10.0
10.0
12.5
12.0
11.0
5.0
9.0
15.0
16.0
18.0
16.0
15.0
12.5
16.0
20.0
14.0
13.0
11.0
18.0
19.5
23.0
22.0
24.5
29.0
15.5
16.5
15.5
11.0
20.0
18.0
21.0
25.5
26.5
23.5
24.0
18.0
20.5
23.0
17.0
15.0
18.5
20.0
21.5
22.0
25.0
21.5
26.0
27.5
23.5
21.0
18.5
10.5
17.0
15.0
21.0
21.0
18.5
23.0
18.0
20.5
23.0
20.5
22.0
21.0
17.0
24.0
25.0
26.5
27.0
22.0
24.0
19.0
16.5
20.0
18.5
24.0
29.0
29.0
29.0
29.5
28.0
22.0
21.0
26.0
31.5
32.5
23.5
18.0
22.0
23.5
25.0
29.0
30.0
18.0
18.0
22.0
24.5
21.0
19.0
20.5
21.5
24.0
25.5
19.0
20.0
24.0
28.5
29.0
28.0
23.0
24.0
28.0
30.5
26.0
25.0
21.0
20.5
24.0
25.0
19.0
16.0
15.5
15.0
17.0
21.0
19.5
12.0
18.5
19.0
13.0
11.0
10.5
16.0
20.0
23.5
25.0
15.0
8.0
20.0
24.0
24.0
21.0
20.5
15.0
15.0
11.0
13.0
16.0
5.0
4.0
5.0
8.0
11.5
5.0
7.0
15.0
18.0
16.0
15.0
7.0
7.0
5.5
15.0
8.5
4.5
5.0
4.0
5.5
18.0
11.5
6.5
13.0
23.0
11.5
15.0
11.0
6.0
11.5
13.0
13.5
1.5
5.0
9.0
11.0
4.0
6.0
20.0
19.0
5.0
1.5
12.0
16.0
8.0
6.0
6.0
1.0
-1.0
-2.0
3.0
6.0
3.0
1.0
2.0
0.5
1.0
-3.0
-2.0
-7.0
-2.0
4.0
4.5
5.0
1.5
-3.0
1.5
5.0
3.0
-1.0
-7.0
0.0
1.5
2.0
6.0
-6.0
-17.0
-14.0
-2.0
-3.0
-14.0
-20.0
-15.0
-5.0
-3.0
5.0
5.5
2.5
5.0
4.5
6.0
-0.5
-3.0
-15.0
-18.0
-16.0
-13.0
-13.0
-14.0
-2.0
-2.0
-1.0
-7.0
-23.5
-20.0
-15.0
-14.0
-20.0
-6.0
-6.0
-14.0
-18.0
-17.0
-14.0
-16.0
-9.5
-5.0
-8.0
-6.0
-3.0
-5.0
-3.0
-3.0
-5.0
1.0
-1.5
-6.0
-1.0
-6.0
-5.0
-1.0
3.0
-13.0
-14.0
-15.0
-15.0
-15.0
-11.0
-12.0
-13.5
-9.0
-5.0
-3.5
4.0
4.0
4.0
5.0
5.0
3.0
5.0
5.5
7.0
2.0
4.0
13.0
11.0
12.0
13.0
10.0
6.0
-5.0
-6.0
-0.5
-4.5
-4.5
-4.0
-5.0
-5.0
-3.5
8.0
10.5
11.0
6.0
11.0
12.0
15.0
10.0
10.5
11.0
4.0
8.0
11.0
6.0
10.5
9.5
6.0
7.5
16.0
5.0
2.0
4.0
9.0
1.0
1.0
5.5
8.0
-1.0
-3.5
2.0
10.0
16.0
9.0
14.0
22.0
23.0
18.5
20.5
16.5
18.0
18.0
17.0
14.5
15.0
20.0
22.5
24.0
20.5
18.0
14.5
21.0
18.5
14.0
18.0
15.0
4.0
2.0
14.0
15.5
17.5
18.5
12.5
17.0
21.0
24.5
21.0
17.5
20.5
15.5
20.0
20.0
20.0
22.0
19.0
17.5
15.0
12.5
19.0
19.0
22.5
24.5
22.0
29.0
17.5
12.0
9.5
11.0
22.0
22.5
19.0
17.5
13.5
18.0
21.0
18.0
17.0
22.0
22.0
21.0
21.0
21.5
17.5
20.0
24.0
27.0
29.5
24.0
18.0
22.0
25.5
28.0
22.0
25.5
28.0
27.0
26.5
28.0
27.0
29.0
28.5
28.5
20.0
17.0
20.5
15.0
21.0
25.0
27.5
28.0
25.0
27.0
28.0
28.0
31.0
33.0
30.0
28.5
26.5
20.0
25.5
28.0
23.0
25.0
20.5
24.0
27.5
29.0
29.0
19.5
20.0
21.5
22.5
19.5
20.5
21.0
23.5
21.0
23.0
25.5
30.0
29.5
25.0
30.5
25.0
18.0
20.0
10.0
17.0
13.0
12.0
13.5
15.0
16.0
17.5
20.0
26.0
18.0
20.0
15.0
21.5
20.0
19.0
26.5
25.0
30.5
18.0
11.0
11.0
8.0
6.0
9.5
16.0
21.0
10.0
15.0
26.0
23.5
21.5
15.5
13.5
5.5
6.0
2.5
2.0
8.5
16.0
23.0
19.0
20.0
12.0
11.0
8.0
16.0
18.0
18.0
23.5
16.0
9.0
18.0
14.0
17.5
21.5
11.0
8.0
4.5
10.0
13.0
13.0
7.5
4.0
-1.0
1.5
5.0
2.0
-6.0
-9.0
-9.0
-8.0
-11.0
-11.0
-13.0
-10.0
-5.0
-6.0
-9.5
-5.5
1.0
-12.0
-8.0
-11.0
-2.0
2.0
1.0
1.0
1.0
-2.5
-5.0
-6.0
-8.0
-12.0
-3.0
1.0
-18.0
-12.5
-12.0
-13.0
-16.0
-28.0
-23.0
-21.0
-23.0
-25.0
-23.0
-20.0
-24.0
-19.0
-19.0
-15.0
-19.0
-19.0
-19.0
-26.0
-19.0
-18.0
-17.0
-12.5
-8.0
-18.0
-16.0
-20.0
-5.0
0.0
1.0
3.0
2.0
3.0
-5.0
-7.0
3.5
-4.5
-6.0
-10.0
-9.5
-9.5
-9.5
-5.0
-0.5
-10.5
-8.0
-8.0
-2.0
-1.0
-5.0
-9.0
-6.0
-7.0
-4.5
-3.0
-7.0
-2.0
-10.0
-13.0
-4.0
0.0
-3.0
-1.0
-8.0
-15.5
-16.0
-22.0
-23.0
-18.0
-15.5
-17.0
-12.0
-15.0
-19.0
-14.0
-9.0
-14.0
-18.5
-8.5
-12.0
-12.0
-10.0
-15.0
-17.0
-11.0
0.0
3.5
1.0
-4.0
-4.5
-4.5
-0.5
2.0
2.0
2.0
-3.0
2.0
2.0
5.0
0.0
-1.0
3.0
3.0
4.5
3.0
4.0
-7.5
-8.5
-11.0
-8.0
-7.0
-5.0
4.0
2.0
4.0
4.0
-1.0
3.0
0.0
3.0
1.0
5.0
5.0
7.5
3.0
3.0
3.0
5.0
6.5
7.0
1.0
-6.0
0.0
5.0
15.5
12.5
4.0
1.0
7.5
13.5
20.0
22.0
18.5
25.0
28.0
21.0
18.0
11.0
17.5
17.0
21.0
20.5
10.5
14.0
19.0
21.0
17.0
19.0
24.0
29.0
29.0
20.5
22.0
22.0
23.0
19.0
8.0
11.0
14.5
17.0
14.5
20.5
24.0
22.0
21.0
22.5
20.5
14.0
18.0
18.5
19.5
21.0
20.0
17.0
23.0
25.5
27.5
27.0
22.5
20.0
18.0
16.0
18.0
18.5
17.0
18.0
20.5
22.0
26.0
30.0
28.5
26.0
23.0
20.0
14.0
20.0
25.0
16.5
17.5
24.5
25.5
24.0
26.0
26.0
29.0
30.0
29.0
26.0
19.0
20.0
25.0
24.0
29.0
23.5
30.5
28.0
32.5
29.0
29.5
29.0
19.5
24.0
19.0
26.0
27.0
30.0
27.0
26.0
19.0
25.0
29.0
34.5
29.5
31.5
34.0
33.0
25.5
21.0
26.0
25.5
23.0
30.0
29.0
24.0
30.0
26.0
25.5
28.0
28.5
28.5
29.5
33.5
30.5
28.0
27.5
29.0
32.5
23.5
18.0
22.5
30.5
24.0
27.0
28.0
27.0
21.5
17.5
19.0
14.0
19.5
18.0
15.0
17.0
19.5
21.5
23.5
16.0
22.0
24.5
18.0
17.0
9.5
12.5
19.0
24.0
23.0
28.0
28.0
19.0
26.0
21.0
15.0
16.0
7.0
7.5
12.5
18.5
20.0
18.5
11.0
17.5
14.0
13.5
6.0
6.0
8.0
15.5
10.5
11.0
5.0
5.0
-1.0
-1.5
-2.0
0.0
3.0
15.0
7.5
7.0
10.5
7.0
5.0
12.0
12.5
16.5
18.0
7.0
0.0
4.0
8.0
7.5
4.0
5.0
12.5
12.0
11.0
17.0
16.0
5.0
4.5
10.0
0.0
0.0
1.0
-0.5
-6.0
-10.0
-11.0
-9.0
-8.5
-5.0
-4.0
3.5
-4.0
-10.0
-9.0
-9.5
-6.0
2.0
4.5
-1.0
-8.0
-11.0
-10.0
-3.0
-3.0
-2.0
3.5
-4.0
-5.0
-10.0
-8.0
-12.0
-9.0
-12.0
-8.0
-4.0
-8.0
-13.0
-14.0
-15.0
-15.0
-16.0
-13.0
-7.0
0.0
0.0
-5.0
5.0
7.0
1.5
1.0
3.5
-2.0
-2.5
-5.0
-6.5
-12.0
-14.5
-10.0
-15.0
-10.0
-14.0
-22.0
-24.0
-13.0
-14.5
-18.0
-17.0
-22.0
-17.0
-20.0
-18.0
-13.0
-11.0
-13.5
-2.0
1.5
1.5
1.0
-6.5
-6.0
2.0
4.0
-2.0
4.0
1.0
3.0
4.0
5.5
2.0
-3.0
1.0
4.0
6.0
-7.0
-14.0
-13.0
-9.0
-7.0
-14.0
-14.0
-16.0
-8.0
-3.0
-13.0
-17.0
-16.0
-15.0
-12.0
-12.0
-10.0
-7.0
-8.0
-4.5
0.0
-7.0
-6.0
-10.0
-12.0
-14.0
-10.0
-5.0
-3.0
-11.0
-5.5
-2.0
6.0
5.0
1.5
-6.0
-2.0
-4.0
-6.0
-4.0
-2.5
-1.0
5.0
-5.0
-1.0
4.0
4.0
9.0
13.0
18.0
18.0
15.0
7.0
10.0
5.0
3.0
6.0
8.0
17.0
10.0
-1.0
4.0
7.0
10.0
10.0
12.0
9.0
0.0
9.0
17.0
9.0
6.5
8.0
11.0
4.5
14.0
17.0
19.0
19.0
18.5
27.0
8.0
11.0
12.0
15.5
16.0
21.0
28.0
6.5
12.0
15.0
16.0
20.0
27.0
31.0
28.0
27.0
29.0
23.0
17.0
15.0
25.0
25.5
25.0
23.0
17.0
14.5
12.0
12.0
17.0
25.0
23.0
25.0
23.5
23.0
21.0
18.0
23.0
27.0
28.5
24.5
24.0
27.0
29.5
31.0
33.0
32.5
24.0
24.0
24.0
21.0
18.0
26.5
26.0
29.5
25.0
18.0
25.0
27.0
31.0
33.0
32.0
29.5
32.0
27.5
30.5
33.0
29.5
20.0
21.0
23.5
26.0
28.0
32.0
25.5
26.0
26.0
21.5
20.5
15.0
18.0
20.0
19.5
21.0
23.0
25.0
21.5
21.0
26.5
23.5
21.0
24.0
21.0
19.0
18.0
15.0
20.5
22.5
21.0
22.0
25.5
29.5
30.0
30.5
22.5
20.0
27.0
26.5
23.0
23.0
24.5
20.5
23.5
20.5
22.0
19.5
14.0
17.0
23.0
24.0
29.0
23.5
28.0
19.0
29.5
26.0
28.5
14.5
23.0
14.0
11.5
11.0
10.5
10.5
9.5
12.0
6.5
15.5
19.5
13.5
9.0
13.0
15.0
9.5
6.0
4.5
11.0
8.5
16.5
19.5
8.0
4.5
10.0
7.0
3.0
3.5
-2.0
-0.5
0.0
-3.0
-1.5
-1.0
0.0
4.0
0.5
0.5
-1.0
-2.0
-6.0
-3.0
-3.0
3.0
0.0
0.0
0.0
3.0
2.0
10.0
-6.0
-5.0
-6.0
-6.0
-10.0
-11.0
-8.5
-8.0
0.0
6.5
4.0
2.0
6.0
3.0
6.0
-7.0
-7.0
-6.0
0.0
-1.0
7.0
3.0
1.5
-5.0
-10.0
-15.0
-10.0
-7.5
-3.0
-7.0
-3.0
3.0
5.0
2.5
1.0
4.5
-3.0
0.0
-1.0
-2.5
-2.0
-2.0
-4.0
-5.0
-8.0
-12.0
-14.0
-8.0
-3.0
-3.5
-6.5
-6.0
-7.0
-8.0
-6.0
-6.0
0.0
-2.0
-7.0
3.0
5.0
3.0
-9.0
-18.0
-20.0
-21.0
-19.0
-19.0
-15.0
-11.0
-5.0
-11.0
-13.0
-19.0
-21.0
-24.0
-20.0
-18.0
-23.0
-10.0
-6.0
-16.0
-9.0
-7.0
0.0
-5.0
-8.5
-12.0
-13.5
-14.5
-9.0
-6.0
-19.5
-17.0
-9.5
-19.0
-10.0
-12.0
-16.0
-15.0
-7.0
-9.0
-9.0
-3.5
-14.0
-17.0
-19.5
-22.0
-20.0
-16.0
-5.0
-10.0
-9.5
-21.0
-20.0
-18.0
-19.0
-15.5
-17.0
-21.0
-21.5
-17.0
-14.0
-13.0
-12.0
0.5
2.5
8.5
0.5
0.0
5.0
3.0
7.0
7.0
11.0
10.0
2.0
3.0
3.5
5.0
-3.5
4.5
2.0
9.0
-3.0
-5.0
-10.0
-5.5
-5.0
-1.0
4.0
6.0
15.0
12.0
15.0
19.0
15.0
9.5
8.0
6.0
12.0
19.0
20.0
20.0
19.0
21.5
21.5
16.0
20.0
19.5
5.0
9.5
12.0
18.5
18.5
21.0
19.5
19.0
19.5
19.0
15.0
13.5
9.0
7.0
15.0
19.5
20.5
22.0
23.0
15.5
18.0
13.5
10.0
18.0
20.5
21.0
22.0
22.0
22.0
28.5
24.5
27.0
29.5
17.0
21.0
23.0
22.5
21.5
22.0
23.0
21.0
18.0
19.0
14.0
20.5
20.0
22.0
27.0
28.5
28.5
28.0
26.0
26.5
29.0
31.0
27.0
24.5
23.0
17.0
18.5
24.0
22.0
23.0
26.5
29.0
32.0
31.5
27.0
25.0
26.0
17.0
17.0
20.0
18.0
24.0
25.5
30.5
30.0
24.0
29.5
25.5
27.0
28.5
29.0
24.5
22.5
26.5
33.0
31.0
28.5
27.5
29.5
33.0
28.5
24.0
25.5
28.0
28.0
29.5
23.5
27.5
26.5
30.0
34.0
31.5
29.5
33.0
34.0
34.0
34.5
34.0
35.5
35.5
32.0
34.0
31.0
29.0
29.5
33.5
27.0
28.0
24.0
20.5
11.0
21.5
26.5
28.0
29.5
19.0
23.0
32.0
27.0
29.0
28.5
33.0
25.0
20.0
25.0
21.5
15.0
19.0
20.5
12.5
7.5
12.0
14.0
17.5
17.5
16.5
11.0
11.0
16.5
13.0
12.0
10.0
10.0
10.0
14.5
20.5
21.5
25.0
26.0
27.0
26.0
18.0
23.5
14.5
15.0
15.0
13.5
9.0
8.0
5.5
21.5
18.0
25.0
14.0
17.5
13.0
8.0
4.5
-0.5
4.0
9.5
2.0
0.5
-1.5
-6.0
-5.0
-10.0
-9.5
-7.0
-9.5
-8.0
-13.0
-3.5
-5.0
2.0
-2.0
-3.5
3.0
7.0
2.0
2.0
1.0
-3.0
0.0
-3.0
-9.5
-14.0
-13.0
-10.0
-7.0
-7.5
-7.5
-1.0
-0.5
-2.5
-5.5
-6.0
2.0
-0.5
-6.5
-2.5
0.0
-7.0
-10.5
-16.0
-17.5
-13.0
-4.5
-5.0
-7.0
-5.0
1.0
-3.0
-1.0
5.0
3.0
-3.0
-3.0
-2.5
-5.0
-2.0
-4.0
-5.5
-11.0
-14.0
-18.0
-14.0
-16.0
-24.5
-26.0
-17.0
-13.0
-16.0
-15.0
-10.0
-10.0
-4.5
-4.0
-11.0
-14.0
-10.0
-8.0
-20.0
-20.0
-10.0
-5.0
-20.0
-17.0
-18.0
-20.0
-20.0
-22.0
-25.5
-32.0
-29.5
-24.0
-19.5
-16.0
-22.5
-19.5
-13.0
-11.5
-14.0
-4.0
-2.0
-8.5
1.5
-13.0
-2.0
-4.0
-15.0
-14.0
-8.0
1.0
-2.5
-1.5
-2.5
-0.5
0.5
-2.0
-4.0
-2.0
-0.5
-1.0
1.5
-0.5
-1.5
-5.0
-12.0
-5.0
-4.5
-1.0
0.0
7.0
7.0
-7.0
-8.5
-3.0
-4.0
-5.5
-1.5
3.0
2.5
4.0
5.0
-6.0
-4.0
1.0
2.5
7.5
7.0
0.0
6.0
1.0
0.0
6.0
9.5
6.0
9.0
8.5
16.0
16.0
16.0
7.5
1.5
-1.5
1.5
4.0
15.0
8.5
8.0
8.0
5.5
10.0
8.0
14.0
15.5
9.0
13.5
13.5
15.0
10.5
16.0
26.0
4.5
13.0
9.5
9.0
14.5
16.0
17.0
12.0
11.0
19.0
18.0
16.0
9.0
5.0
3.0
8.5
12.0
12.0
15.0
19.0
25.0
18.0
16.0
6.5
10.0
13.0
5.5
3.5
12.0
15.0
22.0
14.0
15.0
10.5
18.0
20.0
25.0
23.5
25.0
16.0
19.0
13.0
17.5
15.0
21.5
13.5
13.5
16.0
18.0
21.5
9.0
19.0
23.0
19.0
18.0
17.0
15.0
17.5
18.5
18.0
24.0
28.0
29.0
23.0
20.0
21.0
16.5
16.5
19.5
21.5
22.0
18.0
25.5
26.0
26.0
24.0
25.5
28.0
26.5
25.0
30.0
31.5
31.0
31.5
19.0
20.5
23.5
26.5
29.0
31.0
22.5
14.0
14.5
23.0
27.0
22.0
24.5
26.0
23.0
25.0
25.0
29.5
17.0
16.5
15.5
19.5
21.5
22.5
27.0
22.5
24.0
23.5
13.5
16.0
17.0
24.0
16.5
14.0
14.5
17.0
16.0
19.0
22.0
19.5
12.0
15.0
26.5
19.0
19.5
21.5
23.0
12.5
17.0
22.5
17.5
12.0
11.5
20.5
13.0
19.5
20.5
21.0
23.5
25.0
18.0
9.5
17.0
20.5
20.0
23.0
26.5
21.0
18.5
23.5
19.0
19.0
6.5
18.0
6.5
17.0
24.5
27.0
22.0
19.0
24.5
18.0
20.0
14.5
9.5
11.0
3.5
-1.0
-1.5
-0.5
0.0
0.0
1.5
3.0
10.0
4.5
7.5
9.0
7.0
9.0
3.0
5.0
7.0
7.0
8.5
9.0
10.0
11.0
7.0
1.5
2.5
8.0
-1.0
7.0
6.5
11.5
9.5
13.0
9.0
11.0
8.5
1.0
0.0
4.0
4.0
-3.0
-6.0
-3.0
-2.0
-0.5
-2.0
2.5
-5.5
-10.0
-2.5
7.0
-12.0
-11.0
-7.5
-13.0
-13.5
-10.0
-2.0
5.5
-3.0
-7.0
2.6
1.5
1.0
5.5
-13.5
7.0
0.5
-19.0
-20.5
-21.0
-17.5
-18.0
-14.5
-14.0
-11.5
-13.0
-13.0
-17.0
-20.0
-21.5
-22.0
-25.5
-18.0
-13.5
-12.0
-15.0
-17.5
-17.5
-19.0
-18.5
-24.5
-30.0
-24.0
-25.5
0.0
0.5
-15.0
-16.0
-16.0
-14.0
-1.0
1.0
2.5
-13.0
-4.0
-3.0
-6.0
-0.5
-2.5
2.0
5.0
2.0
-6.0
-15.0
-19.5
-16.5
-14.0
-4.5
0.0
2.5
2.0
1.0
-7.0
-9.5
-11.0
-14.0
-10.5
-14.5
-10.5
-7.0
-6.0
-6.0
-2.5
-7.0
-7.0
-9.0
-7.0
-5.0
-5.0
5.0
3.0
6.0
2.0
-8.5
-3.0
4.0
2.0
-3.0
-9.0
-9.5
-7.5
-9.5
-8.0
-3.5
-6.0
-6.5
-2.0
-3.5
2.0
-1.5
-3.5
-3.0
1.0
6.0
0.0
3.0
5.0
4.0
6.0
8.0
8.5
9.5
9.0
15.5
20.5
21.0
21.0
10.0
5.5
6.0
11.0
11.0
15.0
16.0
26.0
19.0
14.0
16.5
19.0
11.0
17.0
14.0
8.0
5.5
5.5
2.5
2.0
2.5
5.5
8.0
14.0
16.5
18.5
20.0
22.0
14.0
19.0
8.0
8.5
12.0
11.5
11.0
15.5
19.0
19.5
17.5
25.5
25.0
17.5
23.0
21.5
16.0
15.0
10.0
9.0
12.5
16.5
21.0
23.0
17.0
19.0
22.5
14.5
18.0
18.0
9.0
10.0
18.0
20.0
22.5
24.0
20.0
17.0
21.0
25.5
25.0
27.0
23.5
26.5
25.5
31.5
25.5
15.5
20.0
25.0
17.5
17.0
15.0
22.5
24.5
26.0
19.5
21.0
25.0
29.0
26.5
27.5
32.5
25.0
27.5
30.0
31.0
25.0
28.0
25.0
20.0
23.0
24.0
21.5
22.0
24.5
29.0
22.0
19.0
23.5
19.0
19.0
21.0
28.0
30.0
34.0
31.0
23.5
25.0
32.0
29.5
33.0
22.0
22.0
21.5
18.0
18.5
18.0
21.0
20.0
15.0
22.0
18.0
16.0
18.5
26.0
27.5
27.0
24.0
17.5
17.0
23.0
25.5
25.5
26.0
15.0
18.0
21.5
25.5
25.0
25.0
20.5
23.0
26.0
24.0
24.0
22.0
17.0
14.5
15.0
12.5
14.0
15.5
19.5
22.5
20.5
20.0
18.0
16.0
16.5
16.0
20.5
12.5
13.0
20.0
21.0
17.5
10.5
4.5
6.0
5.5
7.0
3.5
13.5
11.0
11.0
16.0
13.0
17.5
15.5
14.5
18.0
11.0
14.5
8.5
7.0
7.5
4.0
6.0
16.0
13.0
13.5
16.5
9.5
10.0
6.0
10.5
6.0
4.0
1.5
1.0
2.0
-1.0
3.0
0.0
-1.0
5.0
7.0
1.5
-2.0
-3.5
-9.5
-13.0
2.5
4.0
3.5
7.0
0.0
5.0
3.0
-6.0
-7.0
-5.0
-3.0
-6.0
-8.0
-11.0
-13.0
-12.0
-13.0
-17.0
-17.0
-14.0
-15.5
-2.0
2.5
2.5
4.5
-1.0
-1.5
-7.0
-10.5
-15.0
-16.5
-13.0
-8.5
-9.5
3.5
2.0
1.0
-0.5
0.5
1.5
-1.5
-2.0
-2.5
-0.5
-2.0
-3.0
-1.5
-4.0
-5.0
-1.0
3.0
-0.5
-4.0
0.5
-2.0
-2.0
-3.0
-6.0
-5.0
-5.0
-6.5
-10.5
-7.0
-7.0
-13.5
-15.0
-1.5
3.0
-2.0
0.5
4.5
-6.0
-3.5
-2.5
-2.0
-2.0
-8.0
-11.5
-8.0
-6.5
-4.5
-4.0
-8.5
-1.5
-1.0
-4.0
-6.0
-2.0
1.5
-15.0
-16.5
-27.0
-21.0
-12.5
-7.0
-7.0
-7.0
-8.5
-8.5
-12.0
-8.5
-15.0
-12.5
-6.5
-7.0
-7.5
-9.0
-4.0
-3.0
-2.0
1.0
0.0
1.0
0.0
1.0
-6.5
-8.5
-9.0
-9.0
-7.5
-5.5
-3.5
-3.0
-3.0
-3.0
-1.0
0.5
-0.5
-0.5
1.5
6.0
7.0
6.5
3.0
4.5
5.0
5.0
8.0
15.0
10.0
6.5
5.0
14.5
13.0
19.5
16.0
16.0
18.0
21.0
27.5
22.0
13.0
2.0
10.5
17.5
20.0
21.5
7.0
12.5
16.5
19.5
19.0
21.5
20.5
15.0
12.5
12.5
6.0
10.0
20.0
24.0
20.0
20.0
11.5
12.5
13.5
17.0
15.0
12.0
19.5
26.0
22.5
28.0
24.0
13.0
14.0
27.0
30.0
20.5
19.0
14.5
12.0
13.0
15.0
19.0
23.0
25.0
30.0
29.0
24.5
24.0
26.0
21.5
12.0
12.0
14.5
14.0
17.5
22.0
23.5
24.5
23.5
20.0
23.0
25.0
23.0
20.0
22.0
24.5
24.5
25.5
23.0
24.5
26.5
31.0
23.0
25.5
26.0
23.5
25.5
27.5
30.0
32.0
25.0
21.0
27.0
28.5
31.5
25.0
29.0
31.0
27.0
27.0
32.0
24.5
26.0
28.5
31.5
33.5
31.0
27.5
27.0
28.5
17.0
22.0
29.0
24.5
28.0
27.0
25.5
25.5
21.0
24.0
28.5
33.0
27.5
29.0
31.0
23.0
23.0
24.5
30.0
21.5
25.5
24.0
27.0
25.0
23.0
31.5
30.5
21.0
26.0
24.5
29.0
24.0
27.5
29.0
20.0
21.0
24.0
26.0
29.0
29.5
30.5
23.0
15.5
19.0
23.0
26.5
28.0
27.0
16.0
15.5
15.5
8.0
10.5
15.0
16.5
11.5
15.5
15.5
21.0
16.5
16.0
12.0
9.5
18.5
21.0
21.0
16.0
14.0
16.0
21.0
20.5
13.0
11.0
10.0
5.0
-1.0
4.5
6.0
8.5
8.0
1.0
-1.5
6.0
0.0
1.5
0.5
1.0
3.0
8.0
12.0
15.5
10.0
6.5
-0.5
-4.0
-3.0
-5.0
-4.0
-3.0
0.0
7.0
-0.5
0.0
0.5
-5.5
-5.0
-1.0
-5.5
3.0
-2.0
-1.0
5.0
4.0
6.5
1.0
10.0
7.0
5.0
-7.0
-9.5
-11.5
-11.5
-10.5
-12.5
-15.5
-12.5
-11.5
-18.0
-14.0
-10.0
-8.0
-18.0
-7.5
0.5
-2.0
-5.0
-6.5
-1.0
-3.0
-2.0
-3.0
-3.0
-11.5
-5.5
1.5
-0.5
1.5
-2.0
-4.0
-3.5
-5.5
-6.5
-6.0
-3.0
-8.0
-6.0
-5.5
-3.0
3.5
4.5
1.0
-3.0
-4.5
-7.0
-7.5
-10.0
-10.0
-24.0
-20.0
-13.0
-24.5
-15.0
-4.5
-2.0
-11.5
-10.0
-5.5
-7.0
-4.0
-3.5
-7.0
1.5
-4.0
-13.5
-6.5
-13.0
-10.0
-13.0
-18.5
-22.0
-21.0
-20.0
-20.5
-17.5
-18.5
-18.5
-19.0
-15.5
-15.0
-19.5
-19.0
-14.5
-6.5
-5.5
-10.5
-5.0
-5.0
-7.5
-9.5
-7.0
-3.0
-2.5
-5.0
-6.5
-6.5
-6.5
-6.0
-6.0
-6.0
-8.0
-17.0
-12.5
-2.5
6.5
4.5
5.5
8.0
9.5
1.5
-8.5
-11.0
-3.0
0.0
3.0
-11.0
2.5
-0.5
6.5
8.5
14.5
16.0
9.0
4.0
3.0
0.0
2.5
2.0
3.0
-4.0
-6.5
-5.5
-4.0
-5.0
-1.0
2.0
3.0
2.0
6.0
7.0
13.5
19.0
20.0
15.5
19.5
19.5
17.5
9.5
17.0
16.5
16.5
14.0
24.0
18.0
19.0
25.5
18.5
15.0
17.5
19.0
24.0
19.0
16.5
11.5
24.0
27.5
30.5
15.0
12.0
20.5
25.0
13.5
13.5
18.5
28.5
9.0
11.0
11.0
10.0
8.0
7.0
10.0
12.5
15.5
21.0
21.5
19.0
15.5
13.5
22.0
27.0
28.0
19.0
23.5
13.0
16.0
22.5
22.5
19.0
26.5
24.5
23.5
15.5
21.0
23.0
17.0
12.5
23.5
24.5
24.0
29.5
24.0
21.5
17.5
17.5
16.0
18.0
20.5
23.5
27.0
29.0
27.5
27.5
27.0
30.5
28.5
23.0
16.0
19.0
21.5
24.0
28.0
27.0
23.0
24.5
28.0
27.0
25.0
29.0
27.0
31.5
32.0
34.0
25.0
26.0
28.0
32.0
31.0
34.0
30.5
21.5
26.5
28.0
26.5
24.0
18.0
29.0
29.0
28.0
19.5
18.0
22.0
25.5
15.0
22.0
21.5
20.0
21.0
22.5
19.0
24.0
19.0
14.5
18.5
24.0
19.5
18.0
20.0
23.5
25.0
26.5
30.5
24.0
26.0
26.0
23.5
15.0
15.5
15.5
17.5
17.5
14.0
16.5
8.0
14.5
23.5
28.5
23.5
17.5
20.0
17.5
15.5
24.0
18.0
10.0
16.5
20.5
16.5
21.5
24.0
14.5
22.0
18.5
18.0
14.5
6.5
6.0
6.5
6.0
10.0
10.0
4.0
14.0
16.0
18.0
16.5
12.0
9.0
13.0
13.5
14.0
9.0
12.0
13.5
19.5
12.0
9.0
5.0
15.0
13.5
7.5
9.0
6.0
6.0
9.0
4.5
-1.0
0.5
5.0
2.5
-1.0
7.5
6.5
10.0
9.5
-1.5
1.0
1.5
-1.0
8.0
0.0
-4.5
-7.0
-3.5
-5.5
-1.0
-2.5
-17.0
-17.0
-16.0
-18.5
-12.0
-13.0
-3.0
-0.5
2.5
2.5
0.5
-4.0
-9.5
-9.0
-9.5
-10.0
NaN
-12.5
-8.5
1.0
-10.0
-10.0
-20.5
-17.5
-20.0
-13.5
-13.5
-13.5
-10.5
-12.0
-11.5
2.0
-7.0
-27.0
-27.0
-16.5
-17.0
-16.0
-13.5
-15.0
-15.5
-1.0
-6.5
-7.5
-26.0
-26.5
-11.0
-9.0
-22.0
-21.0
1.0
3.0
-9.0
-15.5
-24.0
-17.0
-5.5
-2.5
0.5
-2.0
-4.0
-4.0
-3.5
1.0
-7.5
-7.0
-8.0
-15.0
-10.0
-11.5
-16.0
-4.0
-4.5
0.0
5.0
5.0
5.0
-2.0
-0.5
-1.5
2.5
2.5
5.0
0.0
-0.5
2.0
-4.5
0.5
2.0
3.0
-4.0
-5.0
-2.0
0.0
0.5
1.5
