0.0
0.0
0.0
0.0
0.0
0.0
0.0
0.0
0.0
0.0
0.0
0.0
8.0
0.0
3.0
0.0
56.0
0.0
0.0
0.0
0.0
0.0
0.0
0.0
0.0
0.0
0.0
0.0
0.0
0.0
91.0
0.0
135.0
0.0
0.0
0.0
0.0
0.0
0.0
0.0
89.0
84.0
0.0
0.0
0.0
0.0
51.0
0.0
0.0
0.0
3.0
0.0
0.0
295.0
0.0
0.0
0.0
0.0
0.0
28.0
76.0
0.0
0.0
99.0
33.0
0.0
10.0
0.0
0.0
0.0
0.0
0.0
0.0
81.0
0.0
0.0
269.0
239.0
0.0
0.0
0.0
0.0
0.0
0.0
28.0
127.0
0.0
0.0
0.0
0.0
15.0
0.0
127.0
15.0
38.0
41.0
0.0
0.0
0.0
0.0
0.0
0.0
0.0
0.0
43.0
0.0
3.0
0.0
0.0
46.0
0.0
0.0
0.0
5.0
0.0
0.0
25.0
0.0
249.0
140.0
114.0
0.0
0.0
0.0
0.0
0.0
0.0
0.0
0.0
0.0
0.0
0.0
0.0
0.0
0.0
51.0
140.0
74.0
0.0
0.0
147.0
0.0
0.0
0.0
0.0
0.0
0.0
0.0
0.0
0.0
0.0
0.0
0.0
0.0
0.0
38.0
0.0
0.0
0.0
0.0
10.0
30.0
33.0
119.0
226.0
0.0
0.0
0.0
0.0
5.0
0.0
0.0
0.0
0.0
10.0
0.0
25.0
0.0
0.0
30.0
0.0
0.0
0.0
0.0
0.0
0.0
30.0
135.0
0.0
0.0
71.0
36.0
71.0
102.0
25.0
13.0
25.0
25.0
43.0
36.0
0.0
0.0
152.0
84.0
0.0
0.0
51.0
165.0
102.0
51.0
5.0
64.0
203.0
122.0
0.0
122.0
36.0
0.0
0.0
0.0
102.0
0.0
0.0
0.0
5.0
38.0
25.0
58.0
13.0
25.0
13.0
0.0
0.0
13.0
127.0
0.0
28.0
64.0
0.0
0.0
51.0
5.0
0.0
0.0
0.0
0.0
221.0
97.0
0.0
89.0
0.0
5.0
0.0
0.0
8.0
0.0
0.0
0.0
127.0
5.0
0.0
0.0
0.0
0.0
130.0
0.0
0.0
64.0
38.0
51.0
0.0
0.0
0.0
8.0
0.0
76.0
97.0
25.0
0.0
0.0
0.0
64.0
25.0
0.0
0.0
64.0
0.0
38.0
0.0
0.0
0.0
5.0
76.0
0.0
114.0
0.0
0.0
0.0
0.0
0.0
0.0
76.0
13.0
0.0
76.0
0.0
241.0
0.0
0.0
0.0
0.0
8.0
0.0
0.0
0.0
0.0
0.0
25.0
71.0
0.0
0.0
43.0
203.0
127.0
51.0
69.0
64.0
64.0
0.0
0.0
0.0
5.0
107.0
361.0
0.0
94.0
58.0
8.0
23.0
0.0
0.0
0.0
0.0
0.0
0.0
0.0
234.0
64.0
74.0
56.0
5.0
0.0
114.0
8.0
0.0
86.0
109.0
0.0
18.0
318.0
0.0
46.0
69.0
0.0
0.0
0.0
0.0
0.0
0.0
0.0
0.0
0.0
0.0
0.0
0.0
0.0
0.0
0.0
0.0
0.0
0.0
0.0
0.0
0.0
0.0
36.0
94.0
0.0
0.0
0.0
66.0
97.0
56.0
0.0
0.0
0.0
38.0
18.0
127.0
0.0
0.0
0.0
0.0
0.0
112.0
10.0
0.0
0.0
0.0
0.0
0.0
0.0
0.0
91.0
15.0
135.0
0.0
38.0
112.0
0.0
0.0
0.0
0.0
0.0
51.0
20.0
0.0
0.0
10.0
572.0
0.0
0.0
0.0
20.0
43.0
15.0
137.0
64.0
0.0
0.0
79.0
8.0
0.0
71.0
0.0
0.0
109.0
0.0
0.0
0.0
0.0
30.0
20.0
0.0
0.0
0.0
20.0
76.0
0.0
0.0
0.0
0.0
5.0
66.0
3.0
0.0
0.0
0.0
0.0
51.0
0.0
282.0
13.0
0.0
36.0
0.0
198.0
152.0
0.0
0.0
0.0
0.0
0.0
0.0
0.0
20.0
74.0
124.0
13.0
0.0
0.0
0.0
5.0
89.0
0.0
0.0
0.0
124.0
0.0
0.0
157.0
23.0
10.0
53.0
33.0
0.0
0.0
0.0
0.0
249.0
5.0
152.0
0.0
163.0
104.0
0.0
5.0
0.0
41.0
33.0
0.0
0.0
0.0
0.0
218.0
15.0
0.0
0.0
0.0
0.0
0.0
0.0
0.0
0.0
0.0
0.0
5.0
38.0
38.0
23.0
287.0
249.0
0.0
0.0
0.0
33.0
0.0
0.0
0.0
0.0
51.0
76.0
51.0
84.0
254.0
81.0
0.0
0.0
23.0
0.0
51.0
150.0
0.0
13.0
25.0
0.0
0.0
0.0
0.0
0.0
127.0
0.0
25.0
51.0
0.0
0.0
0.0
0.0
0.0
0.0
0.0
0.0
127.0
79.0
5.0
0.0
30.0
25.0
0.0
51.0
13.0
76.0
51.0
0.0
343.0
165.0
25.0
0.0
203.0
152.0
229.0
102.0
51.0
76.0
51.0
0.0
51.0
25.0
0.0
33.0
0.0
25.0
13.0
38.0
0.0
0.0
0.0
51.0
38.0
0.0
0.0
0.0
0.0
5.0
5.0
0.0
66.0
5.0
51.0
0.0
0.0
102.0
0.0
127.0
0.0
0.0
0.0
0.0
0.0
13.0
0.0
0.0
0.0
76.0
38.0
0.0
0.0
64.0
25.0
64.0
38.0
0.0
0.0
0.0
0.0
0.0
0.0
0.0
0.0
51.0
13.0
0.0
0.0
38.0
5.0
0.0
0.0
0.0
0.0
0.0
0.0
0.0
0.0
262.0
13.0
0.0
0.0
0.0
0.0
198.0
8.0
0.0
0.0
0.0
5.0
0.0
0.0
25.0
81.0
0.0
0.0
18.0
0.0
25.0
0.0
64.0
0.0
0.0
0.0
0.0
91.0
107.0
8.0
0.0
36.0
218.0
61.0
0.0
0.0
0.0
38.0
0.0
0.0
224.0
33.0
0.0
0.0
0.0
0.0
0.0
0.0
0.0
13.0
0.0
0.0
0.0
0.0
0.0
0.0
0.0
0.0
0.0
0.0
0.0
0.0
8.0
0.0
0.0
0.0
0.0
140.0
43.0
165.0
5.0
64.0
0.0
0.0
0.0
0.0
0.0
239.0
10.0
0.0
0.0
239.0
0.0
0.0
0.0
0.0
0.0
0.0
25.0
0.0
0.0
13.0
0.0
0.0
0.0
0.0
173.0
0.0
13.0
0.0
0.0
0.0
0.0
0.0
0.0
0.0
0.0
0.0
0.0
0.0
0.0
0.0
114.0
0.0
0.0
0.0
112.0
0.0
0.0
0.0
0.0
208.0
0.0
0.0
0.0
0.0
43.0
89.0
0.0
0.0
0.0
0.0
8.0
89.0
0.0
43.0
56.0
0.0
0.0
178.0
0.0
20.0
0.0
0.0
15.0
0.0
0.0
0.0
0.0
0.0
5.0
25.0
8.0
330.0
0.0
0.0
0.0
0.0
117.0
23.0
0.0
0.0
0.0
0.0
500.0
109.0
3.0
48.0
0.0
36.0
0.0
0.0
0.0
0.0
0.0
0.0
0.0
0.0
0.0
0.0
74.0
76.0
53.0
20.0
0.0
0.0
0.0
0.0
0.0
0.0
0.0
0.0
0.0
0.0
292.0
15.0
81.0
33.0
155.0
25.0
86.0
53.0
0.0
13.0
0.0
0.0
0.0
0.0
0.0
0.0
0.0
79.0
0.0
0.0
0.0
0.0
0.0
0.0
0.0
0.0
0.0
0.0
0.0
0.0
76.0
56.0
0.0
0.0
178.0
0.0
0.0
0.0
0.0
0.0
0.0
0.0
0.0
0.0
0.0
0.0
0.0
0.0
0.0
127.0
8.0
0.0
15.0
36.0
3.0
0.0
0.0
0.0
5.0
0.0
0.0
0.0
0.0
0.0
259.0
71.0
170.0
15.0
124.0
71.0
18.0
8.0
58.0
8.0
38.0
38.0
25.0
0.0
0.0
38.0
0.0
185.0
109.0
0.0
0.0
0.0
117.0
23.0
5.0
0.0
89.0
109.0
0.0
0.0
0.0
0.0
0.0
8.0
13.0
0.0
25.0
74.0
18.0
28.0
0.0
0.0
36.0
0.0
0.0
0.0
0.0
5.0
0.0
132.0
28.0
0.0
0.0
0.0
122.0
0.0
38.0
0.0
15.0
38.0
0.0
0.0
8.0
0.0
0.0
0.0
0.0
36.0
51.0
0.0
0.0
0.0
0.0
8.0
0.0
53.0
0.0
46.0
0.0
15.0
0.0
0.0
0.0
0.0
0.0
0.0
165.0
51.0
25.0
51.0
76.0
0.0
0.0
10.0
0.0
48.0
152.0
43.0
0.0
0.0
15.0
25.0
13.0
0.0
0.0
0.0
229.0
102.0
229.0
76.0
0.0
13.0
25.0
0.0
0.0
46.0
13.0
0.0
145.0
20.0
0.0
71.0
13.0
0.0
0.0
0.0
13.0
89.0
74.0
114.0
160.0
23.0
0.0
0.0
0.0
0.0
0.0
23.0
64.0
13.0
0.0
0.0
0.0
0.0
76.0
10.0
0.0
0.0
0.0
48.0
48.0
122.0
0.0
0.0
0.0
0.0
43.0
0.0
0.0
135.0
127.0
76.0
0.0
0.0
58.0
97.0
0.0
0.0
0.0
0.0
0.0
0.0
0.0
0.0
0.0
0.0
64.0
0.0
0.0
0.0
0.0
165.0
0.0
0.0
0.0
185.0
20.0
0.0
0.0
5.0
140.0
0.0
0.0
0.0
152.0
0.0
0.0
0.0
8.0
18.0
198.0
0.0
0.0
188.0
0.0
0.0
0.0
127.0
0.0
0.0
0.0
38.0
46.0
0.0
0.0
28.0
0.0
0.0
0.0
0.0
76.0
0.0
0.0
0.0
0.0
0.0
41.0
178.0
0.0
0.0
368.0
64.0
0.0
0.0
0.0
0.0
0.0
0.0
0.0
0.0
0.0
0.0
0.0
109.0
0.0
0.0
0.0
51.0
0.0
0.0
46.0
0.0
0.0
0.0
0.0
0.0
0.0
0.0
0.0
0.0
213.0
0.0
0.0
0.0
0.0
0.0
0.0
0.0
51.0
0.0
0.0
0.0
28.0
0.0
0.0
0.0
0.0
0.0
0.0
0.0
0.0
0.0
0.0
0.0
0.0
0.0
0.0
0.0
0.0
0.0
0.0
91.0
0.0
0.0
23.0
23.0
0.0
0.0
0.0
147.0
0.0
0.0
15.0
0.0
0.0
13.0
246.0
58.0
20.0
0.0
0.0
0.0
338.0
122.0
0.0
0.0
0.0
0.0
0.0
0.0
137.0
0.0
0.0
0.0
0.0
0.0
0.0
15.0
0.0
0.0
0.0
0.0
0.0
0.0
0.0
0.0
0.0
0.0
0.0
0.0
5.0
0.0
0.0
0.0
30.0
71.0
0.0
0.0
5.0
0.0
0.0
0.0
0.0
0.0
0.0
178.0
13.0
0.0
20.0
36.0
0.0
0.0
0.0
0.0
0.0
0.0
0.0
0.0
71.0
0.0
160.0
0.0
99.0
56.0
64.0
0.0
0.0
0.0
13.0
0.0
36.0
20.0
61.0
0.0
79.0
0.0
0.0
145.0
5.0
0.0
0.0
0.0
152.0
25.0
0.0
254.0
8.0
5.0
30.0
130.0
51.0
13.0
8.0
64.0
25.0
18.0
0.0
51.0
58.0
43.0
13.0
43.0
0.0
0.0
0.0
0.0
0.0
0.0
18.0
0.0
0.0
0.0
3.0
41.0
0.0
13.0
0.0
8.0
3.0
127.0
0.0
0.0
0.0
8.0
51.0
15.0
114.0
0.0
36.0
33.0
0.0
46.0
0.0
71.0
8.0
0.0
0.0
51.0
71.0
20.0
89.0
38.0
0.0
13.0
0.0
13.0
71.0
0.0
0.0
0.0
36.0
15.0
0.0
0.0
8.0
0.0
0.0
0.0
102.0
170.0
71.0
51.0
0.0
0.0
30.0
8.0
5.0
36.0
0.0
0.0
127.0
38.0
25.0
0.0
0.0
0.0
0.0
76.0
38.0
0.0
13.0
0.0
0.0
145.0
0.0
0.0
56.0
0.0
0.0
0.0
38.0
13.0
0.0
0.0
99.0
168.0
107.0
0.0
0.0
5.0
0.0
0.0
0.0
51.0
312.0
178.0
0.0
0.0
0.0
5.0
0.0
8.0
0.0
0.0
0.0
97.0
178.0
0.0
0.0
0.0
0.0
0.0
43.0
0.0
61.0
0.0
104.0
0.0
5.0
137.0
5.0
0.0
0.0
0.0
0.0
0.0
0.0
0.0
0.0
0.0
0.0
0.0
0.0
13.0
0.0
0.0
0.0
140.0
193.0
0.0
8.0
91.0
13.0
33.0
102.0
76.0
0.0
0.0
0.0
0.0
0.0
0.0
140.0
0.0
0.0
0.0
0.0
25.0
0.0
0.0
18.0
185.0
0.0
0.0
0.0
0.0
0.0
0.0
0.0
0.0
76.0
0.0
0.0
0.0
10.0
0.0
147.0
0.0
0.0
5.0
0.0
0.0
23.0
3.0
236.0
0.0
0.0
0.0
0.0
0.0
5.0
0.0
0.0
0.0
0.0
0.0
0.0
122.0
0.0
8.0
99.0
99.0
0.0
0.0
5.0
0.0
0.0
0.0
0.0
0.0
51.0
135.0
5.0
0.0
0.0
0.0
0.0
0.0
0.0
0.0
0.0
0.0
0.0
0.0
64.0
0.0
3.0
0.0
13.0
102.0
0.0
234.0
127.0
0.0
483.0
38.0
0.0
0.0
0.0
30.0
0.0
0.0
140.0
0.0
191.0
145.0
0.0
64.0
0.0
0.0
406.0
10.0
0.0
155.0
58.0
0.0
53.0
25.0
53.0
0.0
0.0
373.0
30.0
36.0
71.0
61.0
0.0
13.0
0.0
0.0
0.0
25.0
137.0
97.0
69.0
15.0
442.0
627.0
41.0
10.0
0.0
0.0
0.0
0.0
0.0
0.0
0.0
0.0
46.0
0.0
71.0
58.0
5.0
10.0
0.0
25.0
0.0
81.0
0.0
0.0
0.0
0.0
0.0
0.0
13.0
0.0
15.0
0.0
0.0
0.0
8.0
15.0
30.0
10.0
0.0
38.0
0.0
76.0
0.0
0.0
102.0
48.0
53.0
0.0
0.0
0.0
84.0
0.0
0.0
0.0
0.0
5.0
46.0
0.0
38.0
13.0
0.0
0.0
5.0
0.0
13.0
58.0
8.0
0.0
0.0
25.0
114.0
0.0
0.0
28.0
30.0
61.0
25.0
25.0
0.0
173.0
0.0
0.0
0.0
25.0
0.0
0.0
0.0
36.0
0.0
0.0
0.0
0.0
10.0
191.0
51.0
0.0
0.0
0.0
0.0
25.0
43.0
15.0
0.0
33.0
89.0
0.0
13.0
5.0
0.0
25.0
0.0
0.0
0.0
0.0
38.0
0.0
0.0
5.0
38.0
102.0
0.0
0.0
5.0
71.0
13.0
97.0
0.0
0.0
0.0
8.0
0.0
0.0
5.0
25.0
0.0
33.0
20.0
10.0
8.0
18.0
0.0
0.0
13.0
64.0
8.0
8.0
15.0
66.0
0.0
5.0
0.0
0.0
97.0
25.0
13.0
13.0
0.0
0.0
69.0
71.0
51.0
25.0
28.0
64.0
0.0
0.0
0.0
0.0
0.0
0.0
0.0
0.0
0.0
0.0
5.0
0.0
0.0
0.0
0.0
0.0
0.0
58.0
234.0
18.0
76.0
0.0
254.0
0.0
46.0
0.0
0.0
0.0
20.0
13.0
0.0
0.0
0.0
0.0
0.0
0.0
104.0
0.0
0.0
0.0
20.0
0.0
5.0
0.0
0.0
0.0
0.0
0.0
0.0
0.0
8.0
0.0
0.0
0.0
0.0
0.0
38.0
0.0
198.0
97.0
0.0
0.0
203.0
23.0
3.0
0.0
0.0
0.0
0.0
0.0
0.0
0.0
0.0
0.0
0.0
0.0
10.0
15.0
5.0
0.0
0.0
0.0
0.0
0.0
0.0
0.0
5.0
18.0
0.0
5.0
0.0
0.0
0.0
0.0
0.0
0.0
89.0
0.0
0.0
0.0
0.0
0.0
0.0
0.0
0.0
0.0
0.0
0.0
0.0
0.0
203.0
0.0
0.0
0.0
0.0
0.0
0.0
0.0
0.0
0.0
0.0
0.0
254.0
0.0
0.0
0.0
0.0
0.0
0.0
0.0
51.0
173.0
122.0
0.0
0.0
0.0
0.0
0.0
0.0
137.0
0.0
43.0
0.0
0.0
0.0
0.0
8.0
5.0
0.0
0.0
0.0
0.0
0.0
0.0
0.0
43.0
127.0
64.0
0.0
0.0
0.0
5.0
0.0
0.0
0.0
0.0
8.0
163.0
0.0
0.0
0.0
18.0
0.0
0.0
0.0
0.0
5.0
0.0
0.0
0.0
0.0
0.0
0.0
0.0
127.0
0.0
0.0
25.0
0.0
0.0
0.0
0.0
NaN
NaN
152.0
0.0
0.0
0.0
0.0
244.0
18.0
483.0
178.0
15.0
0.0
0.0
0.0
160.0
0.0
0.0
58.0
25.0
10.0
0.0
0.0
0.0
71.0
262.0
5.0
51.0
236.0
41.0
0.0
0.0
0.0
51.0
13.0
0.0
5.0
23.0
0.0
13.0
0.0
10.0
33.0
51.0
0.0
25.0
5.0
0.0
0.0
46.0
13.0
0.0
5.0
5.0
13.0
64.0
0.0
0.0
25.0
0.0
46.0
0.0
8.0
0.0
8.0
0.0
0.0
0.0
0.0
25.0
38.0
64.0
51.0
76.0
25.0
0.0
0.0
25.0
13.0
0.0
0.0
0.0
0.0
0.0
0.0
13.0
5.0
0.0
0.0
13.0
51.0
20.0
0.0
0.0
0.0
8.0
0.0
51.0
23.0
0.0
0.0
0.0
0.0
64.0
0.0
0.0
0.0
0.0
25.0
13.0
0.0
0.0
0.0
0.0
0.0
18.0
0.0
25.0
13.0
8.0
51.0
0.0
8.0
0.0
38.0
0.0
0.0
0.0
0.0
51.0
38.0
13.0
8.0
0.0
5.0
64.0
76.0
0.0
0.0
0.0
0.0
0.0
66.0
127.0
51.0
0.0
0.0
0.0
13.0
5.0
0.0
0.0
0.0
51.0
76.0
38.0
0.0
0.0
0.0
0.0
0.0
0.0
0.0
5.0
0.0
0.0
0.0
0.0
8.0
5.0
0.0
0.0
8.0
0.0
0.0
0.0
64.0
51.0
0.0
0.0
8.0
8.0
0.0
0.0
0.0
38.0
0.0
0.0
0.0
0.0
0.0
0.0
0.0
145.0
23.0
0.0
25.0
0.0
0.0
38.0
51.0
0.0
0.0
0.0
0.0
56.0
0.0
648.0
0.0
0.0
38.0
0.0
33.0
0.0
0.0
0.0
0.0
36.0
0.0
0.0
0.0
330.0
0.0
61.0
0.0
0.0
0.0
0.0
0.0
0.0
0.0
0.0
0.0
0.0
180.0
0.0
0.0
61.0
84.0
8.0
0.0
0.0
112.0
8.0
0.0
0.0
0.0
0.0
0.0
0.0
0.0
5.0
0.0
0.0
0.0
0.0
0.0
0.0
0.0
18.0
0.0
0.0
411.0
0.0
0.0
150.0
13.0
0.0
0.0
0.0
198.0
0.0
0.0
0.0
0.0
0.0
0.0
0.0
132.0
81.0
20.0
0.0
58.0
521.0
5.0
0.0
0.0
0.0
0.0
0.0
0.0
287.0
0.0
56.0
0.0
0.0
0.0
0.0
0.0
0.0
0.0
0.0
0.0
0.0
0.0
0.0
13.0
0.0
25.0
0.0
0.0
0.0
13.0
51.0
0.0
0.0
0.0
0.0
0.0
0.0
0.0
13.0
140.0
368.0
0.0
0.0
58.0
0.0
0.0
15.0
86.0
0.0
0.0
0.0
0.0
213.0
0.0
51.0
0.0
0.0
33.0
71.0
0.0
0.0
0.0
0.0
0.0
0.0
97.0
10.0
64.0
122.0
0.0
0.0
155.0
0.0
0.0
0.0
0.0
0.0
0.0
71.0
5.0
66.0
0.0
0.0
0.0
NaN
NaN
NaN
0.0
0.0
13.0
0.0
0.0
0.0
0.0
0.0
0.0
0.0
0.0
0.0
0.0
0.0
0.0
0.0
0.0
0.0
0.0
0.0
0.0
0.0
0.0
