NaN
NaN
NaN
NaN
NaN
NaN
NaN
NaN
NaN
NaN
NaN
NaN
5.0
NaN
5.0
NaN
0.0
10.0
NaN
NaN
NaN
20.0
0.0
NaN
NaN
NaN
NaN
NaN
NaN
NaN
15.0
0.0
130.0
8.0
0.0
0.0
0.0
0.0
0.0
53.0
5.0
0.0
0.0
155.0
0.0
0.0
0.0
0.0
0.0
0.0
0.0
0.0
0.0
69.0
0.0
0.0
0.0
0.0
0.0
5.0
10.0
0.0
340.0
20.0
8.0
0.0
0.0
0.0
0.0
0.0
208.0
0.0
0.0
0.0
0.0
0.0
0.0
30.0
0.0
130.0
0.0
0.0
0.0
74.0
0.0
0.0
0.0
0.0
0.0
20.0
46.0
13.0
0.0
0.0
0.0
0.0
0.0
0.0
0.0
0.0
0.0
5.0
0.0
0.0
0.0
0.0
0.0
0.0
81.0
56.0
0.0
0.0
0.0
0.0
0.0
0.0
0.0
0.0
0.0
109.0
320.0
23.0
257.0
0.0
0.0
0.0
0.0
0.0
0.0
0.0
0.0
0.0
0.0
0.0
236.0
99.0
127.0
0.0
0.0
3.0
0.0
0.0
0.0
5.0
0.0
0.0
0.0
0.0
0.0
0.0
0.0
0.0
0.0
0.0
0.0
8.0
0.0
0.0
0.0
0.0
0.0
262.0
23.0
236.0
20.0
3.0
3.0
0.0
0.0
0.0
0.0
0.0
0.0
0.0
0.0
0.0
0.0
0.0
0.0
58.0
0.0
0.0
0.0
0.0
10.0
0.0
51.0
41.0
41.0
0.0
0.0
20.0
18.0
0.0
25.0
0.0
0.0
0.0
10.0
10.0
8.0
0.0
213.0
79.0
0.0
0.0
25.0
279.0
307.0
330.0
292.0
89.0
127.0
3.0
3.0
117.0
46.0
0.0
0.0
46.0
318.0
0.0
0.0
0.0
5.0
0.0
76.0
13.0
5.0
15.0
3.0
0.0
18.0
0.0
10.0
3.0
5.0
3.0
15.0
5.0
0.0
0.0
0.0
0.0
0.0
3.0
69.0
165.0
0.0
0.0
0.0
30.0
0.0
0.0
33.0
0.0
0.0
0.0
132.0
0.0
43.0
0.0
0.0
5.0
20.0
0.0
0.0
38.0
0.0
3.0
25.0
30.0
8.0
5.0
5.0
152.0
178.0
25.0
0.0
0.0
0.0
193.0
51.0
0.0
0.0
0.0
5.0
58.0
64.0
0.0
0.0
46.0
30.0
33.0
53.0
112.0
23.0
0.0
0.0
0.0
0.0
97.0
0.0
102.0
0.0
23.0
145.0
0.0
0.0
20.0
0.0
5.0
0.0
0.0
0.0
0.0
279.0
66.0
36.0
0.0
0.0
114.0
30.0
3.0
10.0
51.0
13.0
0.0
0.0
0.0
0.0
86.0
89.0
122.0
0.0
56.0
0.0
8.0
5.0
0.0
0.0
0.0
38.0
36.0
89.0
23.0
170.0
43.0
112.0
0.0
3.0
0.0
0.0
15.0
0.0
66.0
56.0
0.0
58.0
33.0
0.0
0.0
3.0
36.0
0.0
0.0
0.0
5.0
0.0
0.0
0.0
0.0
0.0
0.0
107.0
165.0
0.0
0.0
0.0
0.0
0.0
0.0
0.0
0.0
0.0
0.0
104.0
0.0
0.0
0.0
150.0
114.0
66.0
0.0
0.0
0.0
122.0
76.0
0.0
0.0
0.0
0.0
0.0
0.0
0.0
0.0
0.0
142.0
36.0
0.0
0.0
0.0
0.0
0.0
0.0
0.0
0.0
147.0
0.0
0.0
0.0
0.0
0.0
28.0
0.0
130.0
5.0
0.0
3.0
0.0
0.0
0.0
0.0
0.0
0.0
0.0
41.0
0.0
0.0
0.0
0.0
38.0
0.0
0.0
0.0
0.0
572.0
0.0
0.0
0.0
0.0
0.0
30.0
0.0
0.0
0.0
0.0
0.0
119.0
0.0
0.0
0.0
0.0
0.0
0.0
0.0
0.0
0.0
0.0
0.0
0.0
0.0
0.0
0.0
0.0
0.0
46.0
0.0
0.0
0.0
0.0
0.0
0.0
43.0
0.0
0.0
64.0
15.0
0.0
0.0
0.0
0.0
18.0
3.0
0.0
0.0
0.0
211.0
0.0
0.0
216.0
0.0
0.0
0.0
0.0
0.0
0.0
0.0
0.0
122.0
0.0
38.0
0.0
0.0
0.0
0.0
0.0
0.0
38.0
0.0
0.0
0.0
0.0
165.0
236.0
0.0
0.0
0.0
0.0
0.0
0.0
0.0
0.0
0.0
0.0
0.0
0.0
0.0
0.0
48.0
71.0
178.0
0.0
0.0
0.0
8.0
0.0
0.0
0.0
13.0
203.0
36.0
127.0
0.0
607.0
8.0
0.0
0.0
0.0
0.0
5.0
122.0
3.0
0.0
10.0
0.0
0.0
0.0
0.0
0.0
66.0
0.0
0.0
53.0
0.0
0.0
0.0
0.0
0.0
0.0
0.0
0.0
58.0
3.0
97.0
3.0
89.0
0.0
0.0
0.0
0.0
0.0
102.0
0.0
0.0
79.0
51.0
13.0
218.0
97.0
114.0
3.0
5.0
140.0
0.0
3.0
13.0
5.0
0.0
10.0
0.0
61.0
0.0
84.0
0.0
0.0
0.0
25.0
10.0
0.0
3.0
0.0
5.0
56.0
0.0
0.0
20.0
0.0
216.0
0.0
5.0
155.0
43.0
5.0
140.0
102.0
0.0
0.0
0.0
3.0
0.0
64.0
0.0
292.0
15.0
0.0
30.0
13.0
76.0
30.0
5.0
8.0
0.0
0.0
0.0
0.0
0.0
0.0
0.0
0.0
30.0
18.0
0.0
0.0
0.0
0.0
0.0
0.0
25.0
0.0
0.0
0.0
10.0
58.0
0.0
0.0
0.0
0.0
0.0
335.0
36.0
0.0
10.0
0.0
28.0
13.0
0.0
0.0
79.0
0.0
5.0
84.0
0.0
0.0
0.0
0.0
0.0
0.0
5.0
0.0
38.0
43.0
0.0
0.0
99.0
25.0
23.0
0.0
0.0
0.0
8.0
0.0
157.0
142.0
43.0
0.0
0.0
0.0
0.0
0.0
0.0
0.0
76.0
0.0
0.0
0.0
0.0
0.0
0.0
0.0
0.0
0.0
0.0
0.0
173.0
25.0
0.0
13.0
0.0
0.0
0.0
175.0
104.0
0.0
107.0
0.0
0.0
15.0
0.0
3.0
64.0
0.0
0.0
102.0
305.0
0.0
0.0
0.0
0.0
0.0
0.0
0.0
0.0
0.0
20.0
0.0
0.0
0.0
0.0
3.0
0.0
0.0
0.0
0.0
0.0
3.0
0.0
0.0
0.0
0.0
0.0
5.0
3.0
0.0
0.0
0.0
0.0
0.0
0.0
94.0
0.0
0.0
0.0
0.0
33.0
0.0
0.0
0.0
0.0
46.0
0.0
0.0
0.0
0.0
0.0
0.0
0.0
0.0
0.0
71.0
0.0
13.0
43.0
0.0
0.0
0.0
0.0
0.0
0.0
48.0
0.0
0.0
0.0
0.0
0.0
23.0
97.0
0.0
0.0
0.0
0.0
97.0
3.0
28.0
0.0
0.0
0.0
284.0
30.0
74.0
5.0
0.0
0.0
71.0
18.0
0.0
0.0
0.0
0.0
0.0
0.0
0.0
0.0
20.0
315.0
13.0
0.0
0.0
0.0
3.0
0.0
0.0
0.0
0.0
0.0
0.0
0.0
48.0
0.0
0.0
0.0
300.0
0.0
0.0
0.0
46.0
48.0
0.0
0.0
0.0
0.0
0.0
0.0
0.0
38.0
0.0
0.0
0.0
0.0
0.0
0.0
0.0
0.0
0.0
0.0
0.0
0.0
23.0
0.0
0.0
0.0
0.0
81.0
0.0
0.0
0.0
0.0
0.0
0.0
0.0
0.0
0.0
0.0
0.0
0.0
0.0
48.0
0.0
0.0
0.0
0.0
0.0
0.0
0.0
0.0
0.0
0.0
0.0
0.0
0.0
0.0
13.0
30.0
41.0
0.0
216.0
76.0
0.0
0.0
3.0
20.0
5.0
8.0
0.0
10.0
38.0
13.0
0.0
239.0
38.0
0.0
0.0
0.0
363.0
46.0
8.0
0.0
0.0
20.0
0.0
0.0
0.0
0.0
0.0
97.0
0.0
0.0
8.0
10.0
0.0
5.0
13.0
0.0
0.0
0.0
0.0
0.0
8.0
13.0
0.0
64.0
13.0
0.0
91.0
0.0
348.0
8.0
0.0
0.0
3.0
3.0
0.0
193.0
0.0
3.0
0.0
0.0
0.0
114.0
0.0
13.0
20.0
0.0
8.0
0.0
28.0
66.0
0.0
0.0
0.0
0.0
0.0
0.0
0.0
0.0
0.0
0.0
119.0
3.0
0.0
183.0
0.0
0.0
0.0
0.0
0.0
152.0
3.0
0.0
0.0
0.0
3.0
46.0
18.0
51.0
0.0
0.0
246.0
13.0
0.0
0.0
0.0
0.0
0.0
0.0
3.0
8.0
0.0
51.0
104.0
5.0
0.0
23.0
0.0
0.0
0.0
0.0
33.0
3.0
0.0
20.0
5.0
99.0
3.0
0.0
25.0
20.0
0.0
3.0
0.0
0.0
0.0
0.0
0.0
64.0
3.0
0.0
15.0
3.0
0.0
66.0
76.0
0.0
0.0
41.0
3.0
0.0
0.0
0.0
56.0
69.0
5.0
28.0
0.0
0.0
18.0
51.0
3.0
0.0
0.0
0.0
0.0
127.0
0.0
0.0
0.0
15.0
0.0
0.0
97.0
0.0
94.0
135.0
0.0
56.0
0.0
43.0
0.0
0.0
0.0
91.0
0.0
0.0
0.0
0.0
300.0
0.0
0.0
0.0
0.0
58.0
0.0
0.0
0.0
91.0
0.0
0.0
20.0
25.0
0.0
0.0
0.0
0.0
0.0
0.0
0.0
0.0
0.0
0.0
0.0
0.0
33.0
0.0
0.0
5.0
0.0
188.0
66.0
13.0
0.0
0.0
0.0
3.0
86.0
0.0
0.0
0.0
3.0
0.0
0.0
0.0
0.0
0.0
0.0
0.0
15.0
0.0
0.0
0.0
0.0
0.0
0.0
61.0
0.0
132.0
157.0
0.0
0.0
71.0
5.0
168.0
0.0
0.0
0.0
46.0
61.0
71.0
0.0
0.0
0.0
0.0
0.0
0.0
0.0
0.0
0.0
0.0
0.0
23.0
3.0
0.0
0.0
0.0
0.0
0.0
0.0
0.0
0.0
0.0
0.0
0.0
0.0
53.0
0.0
0.0
3.0
0.0
0.0
0.0
86.0
56.0
0.0
0.0
0.0
0.0
0.0
3.0
206.0
13.0
0.0
0.0
0.0
0.0
0.0
0.0
0.0
0.0
0.0
0.0
0.0
0.0
5.0
0.0
3.0
0.0
0.0
0.0
0.0
0.0
0.0
0.0
0.0
0.0
0.0
0.0
0.0
0.0
0.0
0.0
0.0
0.0
0.0
5.0
0.0
0.0
51.0
5.0
0.0
0.0
0.0
0.0
0.0
0.0
0.0
0.0
13.0
46.0
0.0
0.0
0.0
0.0
0.0
0.0
0.0
0.0
0.0
0.0
0.0
0.0
28.0
0.0
107.0
0.0
81.0
203.0
333.0
38.0
0.0
8.0
18.0
0.0
0.0
0.0
33.0
84.0
5.0
0.0
0.0
48.0
0.0
0.0
0.0
53.0
51.0
0.0
0.0
0.0
0.0
0.0
0.0
137.0
23.0
0.0
0.0
0.0
0.0
0.0
0.0
28.0
0.0
0.0
0.0
0.0
0.0
0.0
15.0
0.0
0.0
0.0
58.0
13.0
36.0
0.0
5.0
3.0
0.0
28.0
8.0
0.0
0.0
272.0
0.0
0.0
0.0
28.0
46.0
155.0
46.0
0.0
89.0
3.0
0.0
0.0
0.0
0.0
0.0
8.0
3.0
56.0
51.0
0.0
0.0
3.0
5.0
0.0
0.0
91.0
414.0
0.0
0.0
0.0
122.0
0.0
0.0
5.0
0.0
107.0
0.0
0.0
234.0
229.0
81.0
30.0
0.0
0.0
0.0
0.0
0.0
0.0
13.0
0.0
0.0
8.0
15.0
0.0
0.0
0.0
0.0
384.0
20.0
0.0
30.0
0.0
112.0
249.0
0.0
0.0
112.0
457.0
0.0
0.0
0.0
0.0
0.0
0.0
3.0
58.0
23.0
0.0
0.0
180.0
165.0
0.0
0.0
0.0
284.0
333.0
0.0
122.0
79.0
0.0
0.0
0.0
0.0
0.0
0.0
122.0
114.0
0.0
0.0
5.0
0.0
0.0
36.0
0.0
0.0
3.0
8.0
15.0
0.0
0.0
10.0
0.0
0.0
0.0
0.0
0.0
0.0
0.0
0.0
0.0
0.0
0.0
0.0
0.0
0.0
0.0
0.0
0.0
0.0
0.0
0.0
244.0
13.0
99.0
0.0
18.0
0.0
0.0
0.0
0.0
368.0
0.0
0.0
0.0
0.0
0.0
0.0
20.0
0.0
0.0
0.0
330.0
0.0
0.0
0.0
0.0
0.0
0.0
0.0
0.0
33.0
0.0
185.0
0.0
0.0
0.0
18.0
0.0
0.0
0.0
0.0
0.0
0.0
0.0
122.0
0.0
0.0
0.0
33.0
0.0
0.0
0.0
0.0
0.0
0.0
0.0
0.0
0.0
0.0
66.0
0.0
0.0
0.0
132.0
36.0
0.0
0.0
0.0
0.0
8.0
0.0
46.0
0.0
0.0
0.0
160.0
0.0
0.0
0.0
147.0
0.0
0.0
0.0
0.0
0.0
8.0
0.0
0.0
0.0
0.0
173.0
46.0
28.0
0.0
0.0
0.0
0.0
0.0
3.0
0.0
0.0
0.0
0.0
0.0
0.0
84.0
0.0
376.0
0.0
0.0
0.0
0.0
0.0
201.0
8.0
0.0
5.0
0.0
3.0
0.0
0.0
3.0
48.0
183.0
20.0
175.0
0.0
10.0
0.0
0.0
0.0
0.0
46.0
38.0
3.0
0.0
224.0
719.0
69.0
71.0
0.0
0.0
0.0
0.0
0.0
0.0
0.0
0.0
124.0
0.0
15.0
147.0
3.0
0.0
112.0
114.0
0.0
142.0
0.0
0.0
0.0
0.0
0.0
0.0
0.0
0.0
0.0
0.0
0.0
0.0
0.0
0.0
5.0
18.0
0.0
61.0
15.0
51.0
30.0
0.0
71.0
58.0
0.0
0.0
0.0
0.0
102.0
0.0
0.0
0.0
0.0
109.0
81.0
0.0
10.0
10.0
0.0
0.0
5.0
0.0
191.0
18.0
0.0
0.0
0.0
0.0
30.0
0.0
0.0
0.0
81.0
0.0
147.0
8.0
0.0
137.0
0.0
18.0
0.0
170.0
0.0
0.0
0.0
30.0
0.0
0.0
277.0
0.0
5.0
0.0
0.0
0.0
0.0
0.0
0.0
18.0
0.0
48.0
25.0
13.0
38.0
15.0
20.0
15.0
0.0
89.0
0.0
0.0
0.0
0.0
30.0
0.0
0.0
0.0
0.0
18.0
13.0
0.0
3.0
89.0
3.0
13.0
0.0
0.0
0.0
79.0
36.0
0.0
0.0
0.0
0.0
104.0
117.0
307.0
0.0
0.0
23.0
0.0
0.0
0.0
0.0
5.0
0.0
236.0
58.0
0.0
0.0
0.0
117.0
0.0
0.0
0.0
0.0
183.0
208.0
20.0
46.0
0.0
10.0
127.0
3.0
0.0
0.0
0.0
0.0
0.0
0.0
0.0
0.0
0.0
0.0
0.0
0.0
0.0
0.0
71.0
0.0
155.0
282.0
0.0
79.0
0.0
28.0
0.0
208.0
0.0
0.0
0.0
254.0
99.0
0.0
0.0
0.0
0.0
0.0
0.0
10.0
0.0
0.0
0.0
0.0
46.0
0.0
0.0
5.0
0.0
0.0
0.0
0.0
0.0
0.0
0.0
13.0
0.0
0.0
0.0
152.0
0.0
25.0
0.0
0.0
0.0
124.0
0.0
0.0
0.0
0.0
0.0
0.0
0.0
0.0
0.0
58.0
41.0
0.0
13.0
36.0
18.0
0.0
0.0
0.0
0.0
0.0
3.0
0.0
0.0
0.0
0.0
0.0
0.0
0.0
0.0
0.0
0.0
0.0
41.0
0.0
0.0
0.0
0.0
0.0
79.0
0.0
0.0
0.0
0.0
0.0
0.0
0.0
5.0
8.0
0.0
0.0
0.0
0.0
0.0
0.0
0.0
246.0
0.0
0.0
0.0
0.0
0.0
0.0
0.0
0.0
0.0
0.0
48.0
183.0
3.0
234.0
0.0
0.0
3.0
0.0
0.0
0.0
236.0
0.0
0.0
0.0
0.0
0.0
0.0
0.0
0.0
61.0
0.0
0.0
0.0
0.0
0.0
10.0
3.0
10.0
0.0
13.0
0.0
0.0
0.0
0.0
0.0
0.0
0.0
0.0
124.0
15.0
0.0
0.0
3.0
0.0
0.0
0.0
0.0
0.0
0.0
0.0
0.0
483.0
0.0
0.0
0.0
56.0
0.0
0.0
0.0
0.0
0.0
0.0
0.0
538.0
30.0
84.0
0.0
0.0
0.0
0.0
76.0
0.0
38.0
0.0
155.0
81.0
0.0
0.0
3.0
0.0
0.0
33.0
64.0
0.0
0.0
0.0
0.0
165.0
132.0
64.0
0.0
132.0
3.0
0.0
0.0
0.0
25.0
0.0
0.0
0.0
8.0
0.0
25.0
0.0
150.0
5.0
0.0
25.0
51.0
0.0
0.0
61.0
13.0
0.0
0.0
0.0
0.0
178.0
0.0
0.0
0.0
124.0
191.0
0.0
0.0
0.0
5.0
0.0
0.0
0.0
0.0
0.0
0.0
46.0
0.0
0.0
0.0
5.0
15.0
0.0
76.0
25.0
0.0
0.0
0.0
0.0
0.0
0.0
13.0
8.0
0.0
0.0
76.0
20.0
0.0
0.0
0.0
0.0
0.0
8.0
43.0
33.0
0.0
0.0
0.0
0.0
0.0
0.0
0.0
18.0
0.0
0.0
0.0
3.0
0.0
0.0
0.0
0.0
23.0
18.0
178.0
0.0
51.0
0.0
0.0
0.0
0.0
51.0
0.0
8.0
51.0
0.0
76.0
3.0
0.0
127.0
0.0
8.0
94.0
10.0
0.0
0.0
0.0
0.0
0.0
272.0
0.0
0.0
5.0
0.0
0.0
20.0
0.0
0.0
3.0
173.0
216.0
216.0
0.0
0.0
5.0
0.0
0.0
0.0
51.0
25.0
25.0
0.0
0.0
0.0
0.0
0.0
0.0
51.0
0.0
25.0
0.0
0.0
5.0
18.0
10.0
0.0
76.0
38.0
33.0
0.0
0.0
38.0
124.0
10.0
0.0
0.0
0.0
0.0
0.0
41.0
56.0
3.0
15.0
10.0
0.0
0.0
0.0
3.0
0.0
0.0
13.0
0.0
178.0
91.0
89.0
0.0
0.0
97.0
48.0
0.0
152.0
25.0
0.0
0.0
127.0
0.0
208.0
465.0
8.0
0.0
124.0
3.0
99.0
0.0
0.0
0.0
3.0
5.0
0.0
0.0
0.0
13.0
0.0
0.0
0.0
3.0
41.0
0.0
0.0
3.0
13.0
0.0
0.0
0.0
38.0
0.0
0.0
0.0
0.0
0.0
0.0
0.0
3.0
0.0
0.0
0.0
58.0
0.0
0.0
5.0
23.0
5.0
0.0
0.0
0.0
0.0
0.0
160.0
0.0
0.0
13.0
10.0
0.0
0.0
140.0
5.0
0.0
132.0
13.0
3.0
0.0
38.0
0.0
0.0
0.0
0.0
30.0
0.0
15.0
0.0
0.0
0.0
0.0
0.0
0.0
0.0
0.0
3.0
0.0
0.0
0.0
442.0
0.0
5.0
8.0
0.0
130.0
0.0
3.0
48.0
0.0
0.0
0.0
0.0
0.0
38.0
0.0
0.0
0.0
8.0
183.0
0.0
0.0
3.0
163.0
28.0
43.0
132.0
13.0
241.0
0.0
0.0
0.0
18.0
0.0
0.0
0.0
0.0
119.0
0.0
0.0
0.0
5.0
23.0
38.0
0.0
0.0
64.0
0.0
53.0
13.0
0.0
0.0
0.0
0.0
0.0
0.0
18.0
0.0
0.0
18.0
0.0
0.0
0.0
137.0
0.0
0.0
0.0
0.0
0.0
0.0
0.0
0.0
0.0
0.0
0.0
0.0
0.0
109.0
0.0
0.0
0.0
0.0
0.0
5.0
0.0
0.0
0.0
0.0
0.0
71.0
0.0
0.0
0.0
0.0
0.0
0.0
0.0
3.0
5.0
0.0
18.0
0.0
15.0
74.0
0.0
0.0
0.0
0.0
206.0
33.0
3.0
0.0
0.0
64.0
3.0
0.0
5.0
8.0
8.0
33.0
109.0
0.0
0.0
48.0
168.0
25.0
25.0
0.0
0.0
25.0
13.0
0.0
20.0
15.0
0.0
0.0
0.0
0.0
18.0
18.0
23.0
18.0
38.0
20.0
38.0
71.0
0.0
8.0
13.0
0.0
0.0
0.0
0.0
0.0
25.0
3.0
3.0
5.0
102.0
0.0
5.0
51.0
0.0
13.0
5.0
8.0
208.0
5.0
0.0
0.0
64.0
589.0
0.0
0.0
8.0
51.0
0.0
51.0
25.0
5.0
3.0
0.0
0.0
0.0
0.0
0.0
0.0
0.0
30.0
3.0
0.0
0.0
36.0
102.0
127.0
5.0
15.0
0.0
0.0
0.0
0.0
0.0
0.0
0.0
0.0
20.0
122.0
0.0
0.0
0.0
5.0
0.0
0.0
0.0
13.0
13.0
20.0
0.0
0.0
117.0
0.0
0.0
0.0
8.0
0.0
0.0
71.0
8.0
3.0
0.0
0.0
0.0
0.0
20.0
0.0
0.0
0.0
8.0
0.0
0.0
64.0
0.0
18.0
394.0
74.0
58.0
0.0
56.0
0.0
0.0
86.0
0.0
3.0
0.0
0.0
18.0
20.0
56.0
0.0
0.0
0.0
0.0
0.0
51.0
33.0
69.0
8.0
0.0
0.0
0.0
0.0
0.0
0.0
0.0
0.0
0.0
0.0
0.0
36.0
91.0
36.0
0.0
102.0
25.0
0.0
0.0
5.0
152.0
282.0
0.0
0.0
0.0
13.0
0.0
18.0
8.0
5.0
0.0
0.0
5.0
0.0
0.0
0.0
0.0
0.0
0.0
0.0
0.0
0.0
0.0
0.0
94.0
0.0
3.0
0.0
0.0
58.0
0.0
66.0
0.0
0.0
0.0
0.0
0.0
302.0
0.0
0.0
91.0
508.0
0.0
0.0
0.0
48.0
23.0
282.0
0.0
0.0
28.0
51.0
0.0
0.0
0.0
394.0
0.0
0.0
0.0
0.0
0.0
0.0
0.0
0.0
0.0
371.0
0.0
0.0
0.0
0.0
0.0
0.0
0.0
10.0
0.0
0.0
0.0
0.0
0.0
0.0
0.0
0.0
0.0
0.0
0.0
48.0
0.0
41.0
0.0
0.0
0.0
0.0
0.0
0.0
0.0
0.0
0.0
0.0
328.0
0.0
0.0
0.0
20.0
38.0
0.0
0.0
0.0
5.0
15.0
5.0
0.0
0.0
0.0
0.0
20.0
422.0
0.0
104.0
0.0
0.0
56.0
0.0
0.0
0.0
328.0
10.0
94.0
64.0
274.0
0.0
0.0
0.0
0.0
0.0
0.0
0.0
0.0
0.0
0.0
0.0
0.0
0.0
0.0
0.0
0.0
0.0
0.0
0.0
0.0
0.0
0.0
0.0
43.0
0.0
0.0
0.0
0.0
23.0
251.0
18.0
0.0
0.0
0.0
0.0
23.0
135.0
0.0
0.0
0.0
0.0
0.0
20.0
0.0
76.0
97.0
8.0
0.0
0.0
0.0
86.0
46.0
0.0
0.0
0.0
89.0
0.0
20.0
5.0
0.0
61.0
0.0
5.0
0.0
0.0
178.0
5.0
8.0
0.0
0.0
0.0
0.0
3.0
160.0
117.0
0.0
0.0
13.0
3.0
0.0
20.0
0.0
5.0
0.0
25.0
251.0
135.0
117.0
0.0
0.0
20.0
0.0
185.0
0.0
0.0
0.0
13.0
0.0
46.0
10.0
64.0
5.0
0.0
0.0
0.0
3.0
0.0
0.0
10.0
0.0
0.0
0.0
25.0
10.0
0.0
3.0
10.0
0.0
0.0
104.0
13.0
0.0
257.0
64.0
0.0
64.0
0.0
5.0
25.0
0.0
0.0
10.0
0.0
0.0
8.0
0.0
0.0
0.0
0.0
38.0
10.0
18.0
0.0
8.0
5.0
13.0
89.0
20.0
0.0
0.0
3.0
0.0
0.0
0.0
0.0
0.0
48.0
97.0
0.0
33.0
18.0
25.0
64.0
0.0
0.0
0.0
0.0
0.0
0.0
0.0
10.0
0.0
0.0
0.0
0.0
3.0
0.0
0.0
0.0
0.0
0.0
0.0
0.0
0.0
0.0
0.0
0.0
0.0
0.0
0.0
0.0
0.0
0.0
165.0
157.0
15.0
28.0
0.0
178.0
51.0
0.0
0.0
0.0
0.0
0.0
0.0
0.0
0.0
119.0
0.0
0.0
15.0
0.0
0.0
0.0
28.0
89.0
58.0
0.0
0.0
89.0
20.0
0.0
0.0
18.0
0.0
3.0
0.0
0.0
0.0
0.0
0.0
5.0
0.0
0.0
28.0
81.0
0.0
0.0
0.0
330.0
0.0
8.0
0.0
0.0
23.0
3.0
0.0
0.0
10.0
81.0
0.0
0.0
0.0
0.0
0.0
104.0
262.0
119.0
0.0
0.0
170.0
0.0
0.0
0.0
0.0
0.0
0.0
0.0
51.0
0.0
0.0
0.0
0.0
272.0
0.0
0.0
0.0
0.0
0.0
0.0
38.0
8.0
20.0
0.0
0.0
10.0
0.0
0.0
74.0
130.0
0.0
25.0
0.0
18.0
0.0
0.0
0.0
0.0
0.0
0.0
0.0
0.0
0.0
0.0
0.0
38.0
0.0
0.0
0.0
0.0
0.0
0.0
0.0
0.0
8.0
310.0
130.0
0.0
0.0
84.0
0.0
0.0
0.0
30.0
0.0
0.0
0.0
0.0
0.0
23.0
13.0
0.0
0.0
69.0
0.0
0.0
0.0
0.0
0.0
79.0
109.0
0.0
0.0
89.0
23.0
0.0
86.0
38.0
0.0
10.0
0.0
0.0
0.0
0.0
0.0
180.0
18.0
381.0
3.0
0.0
43.0
10.0
0.0
0.0
0.0
81.0
0.0
0.0
0.0
0.0
94.0
0.0
0.0
0.0
0.0
0.0
0.0
0.0
18.0
23.0
28.0
0.0
5.0
76.0
0.0
0.0
117.0
0.0
0.0
0.0
0.0
0.0
5.0
0.0
175.0
28.0
5.0
5.0
0.0
0.0
0.0
0.0
0.0
89.0
30.0
0.0
15.0
0.0
0.0
51.0
28.0
0.0
0.0
0.0
218.0
124.0
193.0
23.0
76.0
20.0
0.0
13.0
0.0
0.0
15.0
76.0
107.0
0.0
25.0
89.0
150.0
0.0
0.0
0.0
8.0
41.0
0.0
0.0
18.0
43.0
0.0
0.0
48.0
41.0
23.0
20.0
43.0
5.0
8.0
0.0
30.0
0.0
0.0
0.0
0.0
10.0
0.0
0.0
5.0
0.0
0.0
0.0
15.0
127.0
3.0
46.0
41.0
0.0
0.0
0.0
0.0
10.0
18.0
0.0
0.0
0.0
25.0
51.0
23.0
25.0
114.0
48.0
500.0
254.0
10.0
15.0
56.0
33.0
0.0
0.0
0.0
84.0
0.0
0.0
0.0
0.0
71.0
0.0
0.0
0.0
0.0
0.0
221.0
15.0
3.0
130.0
0.0
127.0
0.0
0.0
23.0
20.0
0.0
5.0
0.0
25.0
53.0
0.0
0.0
8.0
0.0
130.0
0.0
0.0
25.0
3.0
142.0
38.0
0.0
84.0
8.0
0.0
102.0
25.0
0.0
8.0
25.0
5.0
91.0
0.0
0.0
46.0
13.0
0.0
0.0
0.0
0.0
315.0
8.0
0.0
30.0
8.0
0.0
30.0
5.0
91.0
0.0
41.0
0.0
104.0
94.0
8.0
3.0
0.0
0.0
0.0
0.0
0.0
0.0
0.0
0.0
0.0
0.0
0.0
0.0
0.0
0.0
61.0
56.0
20.0
399.0
56.0
0.0
0.0
43.0
0.0
0.0
0.0
0.0
0.0
0.0
0.0
173.0
51.0
8.0
5.0
15.0
33.0
0.0
5.0
0.0
86.0
0.0
0.0
0.0
25.0
0.0
20.0
13.0
0.0
0.0
36.0
0.0
198.0
58.0
0.0
0.0
0.0
0.0
0.0
0.0
0.0
0.0
0.0
8.0
0.0
0.0
0.0
0.0
3.0
0.0
0.0
0.0
0.0
23.0
5.0
0.0
76.0
8.0
3.0
0.0
0.0
0.0
0.0
8.0
0.0
0.0
0.0
3.0
8.0
0.0
0.0
20.0
3.0
8.0
0.0
0.0
0.0
0.0
0.0
0.0
104.0
0.0
264.0
0.0
0.0
46.0
0.0
0.0
0.0
0.0
0.0
13.0
41.0
0.0
0.0
0.0
0.0
0.0
0.0
0.0
10.0
0.0
124.0
0.0
0.0
0.0
0.0
0.0
0.0
15.0
0.0
0.0
0.0
0.0
28.0
107.0
0.0
0.0
0.0
295.0
13.0
0.0
0.0
0.0
0.0
91.0
0.0
0.0
0.0
0.0
0.0
0.0
0.0
0.0
0.0
0.0
0.0
0.0
0.0
0.0
0.0
0.0
0.0
0.0
0.0
3.0
28.0
3.0
0.0
0.0
3.0
0.0
0.0
109.0
495.0
0.0
0.0
0.0
13.0
267.0
353.0
0.0
0.0
0.0
79.0
0.0
0.0
0.0
3.0
0.0
0.0
8.0
0.0
0.0
0.0
0.0
0.0
89.0
38.0
25.0
46.0
0.0
0.0
0.0
0.0
53.0
0.0
13.0
0.0
155.0
0.0
0.0
0.0
0.0
0.0
0.0
104.0
5.0
114.0
104.0
0.0
38.0
0.0
0.0
0.0
0.0
0.0
0.0
51.0
46.0
0.0
48.0
33.0
15.0
0.0
0.0
76.0
0.0
0.0
0.0
86.0
104.0
66.0
0.0
0.0
0.0
196.0
188.0
0.0
0.0
0.0
0.0
0.0
0.0
0.0
0.0
0.0
0.0
0.0
0.0
0.0
10.0
97.0
79.0
53.0
13.0
0.0
0.0
142.0
0.0
0.0
0.0
0.0
0.0
0.0
0.0
0.0
0.0
447.0
0.0
48.0
56.0
0.0
0.0
91.0
25.0
0.0
0.0
0.0
0.0
18.0
38.0
13.0
122.0
0.0
0.0
0.0
0.0
0.0
0.0
0.0
0.0
152.0
81.0
0.0
0.0
69.0
173.0
0.0
0.0
8.0
13.0
0.0
8.0
8.0
33.0
0.0
0.0
51.0
18.0
0.0
0.0
165.0
25.0
0.0
5.0
0.0
0.0
51.0
119.0
18.0
0.0
5.0
0.0
0.0
0.0
0.0
0.0
0.0
0.0
0.0
0.0
102.0
15.0
13.0
0.0
0.0
51.0
0.0
0.0
51.0
0.0
0.0
0.0
0.0
0.0
152.0
0.0
0.0
109.0
18.0
0.0
0.0
5.0
0.0
0.0
0.0
0.0
30.0
0.0
0.0
64.0
10.0
71.0
91.0
0.0
0.0
0.0
41.0
0.0
0.0
56.0
10.0
20.0
0.0
0.0
5.0
196.0
0.0
0.0
0.0
0.0
0.0
15.0
142.0
193.0
193.0
20.0
0.0
0.0
5.0
0.0
0.0
0.0
3.0
0.0
18.0
0.0
38.0
61.0
8.0
0.0
0.0
0.0
18.0
0.0
0.0
36.0
0.0
0.0
13.0
0.0
0.0
0.0
0.0
0.0
0.0
0.0
0.0
135.0
0.0
193.0
114.0
38.0
114.0
0.0
0.0
0.0
0.0
0.0
0.0
135.0
0.0
0.0
0.0
0.0
137.0
0.0
0.0
33.0
8.0
0.0
0.0
0.0
0.0
0.0
0.0
0.0
0.0
0.0
0.0
18.0
0.0
0.0
0.0
0.0
0.0
25.0
0.0
0.0
71.0
0.0
0.0
0.0
320.0
0.0
0.0
0.0
20.0
0.0
0.0
48.0
20.0
41.0
0.0
0.0
3.0
0.0
33.0
0.0
0.0
0.0
0.0
41.0
0.0
0.0
0.0
0.0
0.0
0.0
33.0
0.0
0.0
0.0
0.0
0.0
0.0
0.0
5.0
0.0
0.0
0.0
0.0
0.0
0.0
0.0
0.0
0.0
48.0
140.0
0.0
0.0
0.0
5.0
0.0
0.0
0.0
5.0
0.0
30.0
0.0
0.0
0.0
0.0
0.0
0.0
0.0
0.0
0.0
8.0
3.0
0.0
58.0
0.0
0.0
23.0
0.0
0.0
0.0
0.0
0.0
0.0
0.0
0.0
0.0
38.0
0.0
0.0
3.0
23.0
0.0
0.0
38.0
76.0
0.0
0.0
43.0
0.0
0.0
0.0
0.0
132.0
38.0
0.0
0.0
0.0
0.0
0.0
0.0
112.0
157.0
0.0
0.0
0.0
0.0
13.0
114.0
3.0
0.0
0.0
0.0
0.0
0.0
0.0
0.0
0.0
0.0
0.0
0.0
112.0
5.0
3.0
0.0
0.0
0.0
0.0
10.0
18.0
0.0
0.0
0.0
0.0
0.0
0.0
0.0
0.0
41.0
3.0
0.0
15.0
0.0
89.0
3.0
79.0
5.0
8.0
0.0
3.0
0.0
0.0
0.0
0.0
8.0
8.0
36.0
38.0
0.0
5.0
0.0
3.0
13.0
0.0
0.0
0.0
0.0
0.0
0.0
0.0
0.0
0.0
0.0
0.0
0.0
20.0
20.0
8.0
0.0
0.0
89.0
25.0
10.0
0.0
5.0
0.0
5.0
0.0
64.0
3.0
0.0
0.0
0.0
0.0
0.0
0.0
13.0
0.0
0.0
0.0
20.0
0.0
28.0
71.0
0.0
0.0
0.0
132.0
0.0
3.0
254.0
0.0
0.0
0.0
0.0
0.0
8.0
38.0
33.0
89.0
0.0
74.0
13.0
0.0
0.0
0.0
282.0
5.0
0.0
0.0
0.0
8.0
0.0
0.0
64.0
20.0
135.0
8.0
0.0
0.0
0.0
0.0
0.0
0.0
0.0
13.0
10.0
0.0
0.0
147.0
5.0
0.0
0.0
168.0
10.0
0.0
168.0
0.0
0.0
86.0
114.0
53.0
0.0
0.0
0.0
38.0
236.0
76.0
437.0
28.0
3.0
25.0
8.0
0.0
25.0
0.0
10.0
0.0
0.0
0.0
206.0
0.0
13.0
25.0
0.0
0.0
0.0
0.0
0.0
117.0
0.0
0.0
117.0
0.0
5.0
20.0
0.0
0.0
0.0
122.0
0.0
0.0
13.0
0.0
0.0
13.0
117.0
0.0
0.0
0.0
0.0
0.0
0.0
84.0
0.0
0.0
0.0
0.0
0.0
25.0
NaN
NaN
NaN
NaN
NaN
NaN
NaN
NaN
NaN
NaN
NaN
NaN
NaN
NaN
NaN
NaN
