24.5
24.5
29.5
27.0
26.5
22.0
23.5
26.0
25.0
18.5
24.5
22.0
18.5
25.0
27.5
27.5
NaN
28.0
NaN
24.0
25.0
27.5
29.5
24.0
26.0
27.5
25.5
25.5
28.5
23.0
23.0
21.0
22.0
26.5
27.0
27.5
28.0
22.5
26.5
21.5
20.0
23.0
27.0
25.5
28.0
32.0
24.0
21.0
25.0
30.5
21.0
21.5
18.5
24.0
20.5
19.0
15.0
17.5
21.0
25.0
26.5
22.0
20.5
17.0
21.0
14.0
12.0
15.0
21.0
14.0
15.5
20.0
22.0
14.0
14.0
14.0
14.0
16.0
12.0
16.0
12.0
18.0
15.0
18.0
21.5
24.0
22.5
20.0
13.0
17.5
17.0
NaN
NaN
8.5
8.0
12.5
7.5
NaN
NaN
7.0
8.5
7.0
4.5
1.0
9.0
6.0
17.0
14.0
16.5
18.0
18.0
18.5
21.0
13.0
6.0
9.0
15.0
13.5
12.5
9.0
NaN
6.5
1.0
1.0
-1.0
NaN
5.0
5.0
4.0
-4.0
-5.0
-12.0
-16.0
-14.0
-12.0
-8.0
-8.0
-10.0
-8.0
-18.5
-6.0
-4.0
-5.5
-1.0
-4.0
-1.0
8.0
2.5
3.0
3.0
-3.0
-8.0
-3.0
-2.0
-1.0
-10.5
-8.0
-6.0
-14.0
-6.0
-2.0
-18.0
-13.0
-19.0
NaN
-10.0
-3.0
0.0
-5.0
-6.0
-1.5
-6.0
-7.5
-4.5
-1.0
0.5
0.0
-9.0
-1.0
1.0
NaN
-3.0
-2.5
NaN
-10.5
-4.5
0.5
0.5
1.0
-4.0
-4.5
-4.0
-6.0
-3.0
4.0
4.0
6.5
-7.0
-18.0
-11.0
-8.5
-9.5
-12.0
-10.0
-11.0
-27.5
-27.0
-24.0
-14.0
-5.0
-5.0
-4.0
-2.0
-4.5
-2.5
-8.0
-6.0
-4.0
-5.0
1.0
1.0
3.0
-6.0
-2.0
-1.0
1.0
-2.0
-6.0
NaN
-6.0
-4.0
-1.0
-1.0
0.0
1.0
3.0
0.0
-1.0
1.0
2.0
1.0
-4.5
-1.0
-2.0
-6.0
-1.0
5.0
8.0
8.0
4.5
-17.0
-8.0
-4.0
-7.0
-8.0
-0.5
4.0
3.5
0.5
5.5
8.5
6.0
11.0
10.0
4.0
4.0
3.5
2.0
4.0
-6.0
-8.0
-8.0
1.0
1.0
-2.0
3.0
7.0
14.0
16.0
18.0
21.0
23.0
18.0
10.0
9.0
15.5
14.0
16.0
20.5
18.0
21.0
31.0
26.5
10.0
15.0
24.0
14.0
17.0
20.5
24.0
14.5
29.0
14.0
11.5
20.0
19.0
20.5
24.0
27.0
20.5
22.0
32.0
24.0
28.0
16.5
28.0
24.0
20.0
33.5
17.0
15.5
16.5
16.0
19.0
8.0
16.0
NaN
20.5
16.0
17.0
24.5
27.0
26.0
27.5
29.0
24.0
18.0
19.0
16.0
26.5
27.0
24.0
21.0
24.5
21.0
26.0
28.0
32.0
26.5
31.0
34.0
30.5
27.0
28.0
31.0
28.0
32.0
26.0
23.0
22.0
20.0
23.0
21.5
21.5
24.0
20.5
23.0
26.0
26.0
27.0
30.0
25.0
24.5
27.5
27.0
17.0
17.0
22.0
21.0
24.0
29.5
25.0
18.0
23.0
27.5
21.0
24.5
24.5
27.5
27.0
28.0
30.0
32.5
32.0
30.0
27.5
27.0
31.5
23.0
22.0
27.0
24.0
29.0
31.5
26.0
26.5
26.0
NaN
21.5
23.0
22.0
19.5
22.0
19.0
24.0
24.0
22.0
17.5
20.0
24.0
20.0
21.5
24.0
25.0
23.5
17.0
21.0
18.5
23.0
25.0
22.0
20.0
25.5
20.0
22.5
20.5
18.0
16.0
19.0
20.0
29.0
25.5
25.0
19.0
17.0
16.5
17.5
21.0
27.0
18.5
17.0
19.0
21.0
20.0
15.5
20.0
16.0
14.0
9.0
20.5
21.0
6.5
8.0
4.0
6.0
1.0
7.0
11.0
16.5
16.0
9.5
10.0
12.0
10.5
8.0
4.5
4.0
1.5
4.0
0.5
2.0
9.0
10.0
4.0
12.0
14.5
7.0
16.0
12.5
9.5
7.0
3.0
4.0
5.5
9.0
0.0
0.5
8.0
13.0
11.0
6.5
12.0
7.0
1.0
0.0
2.5
-5.0
-4.0
4.0
2.5
-5.0
-1.0
3.0
0.0
1.0
-1.0
0.0
-3.0
-4.0
-5.0
-5.0
-2.0
1.0
2.0
1.5
2.5
0.5
2.0
-1.0
-5.0
-6.5
-8.0
-9.0
-9.0
-8.5
-6.5
-3.5
-4.0
-10.0
-2.5
-11.0
-14.0
-5.0
-3.0
-6.0
-6.0
-6.0
-7.0
-21.5
-15.0
-10.0
-22.0
-27.0
-26.0
-21.0
-15.5
-19.5
-15.0
-14.0
-20.0
-20.0
-16.0
-11.5
0.0
0.0
-10.0
-1.5
-10.5
-16.0
-2.5
-19.0
-14.5
-15.5
-21.0
-15.0
-14.0
-5.5
-4.5
-8.0
-24.0
-25.0
-18.0
-24.0
-22.0
NaN
-17.5
-17.5
-15.5
-25.0
-22.5
-17.5
-14.0
-4.5
-17.0
-8.5
-5.5
0.5
0.0
-2.5
-9.0
2.0
-14.0
-12.5
-12.0
-0.5
-3.0
5.0
5.0
0.0
-1.5
-9.0
-0.5
5.5
9.0
4.0
1.0
1.5
4.5
4.0
-3.5
-8.5
-9.5
-5.0
-1.5
6.0
-3.5
-1.0
-8.0
-3.5
2.0
4.0
11.0
NaN
0.0
-5.5
1.5
4.5
-4.0
-1.0
6.0
12.5
16.5
17.0
15.0
15.0
19.0
16.5
21.0
3.0
10.5
NaN
15.5
2.0
6.0
12.0
22.0
3.0
5.5
9.0
6.0
6.5
7.0
10.5
11.0
10.0
10.0
15.5
23.0
25.5
25.5
32.0
31.5
31.0
35.0
34.5
34.0
35.0
24.0
24.0
31.0
35.0
24.0
24.0
15.0
17.5
22.5
29.5
30.0
29.0
31.0
32.5
24.0
27.0
31.0
24.0
27.0
31.5
24.0
25.0
26.5
26.5
27.0
NaN
32.5
33.0
30.0
27.0
29.0
23.0
19.5
26.0
26.0
26.5
22.5
25.0
25.0
26.5
26.0
27.0
26.0
29.0
33.0
30.0
26.0
29.0
31.0
35.0
36.0
NaN
NaN
28.5
26.0
23.5
26.0
25.0
32.0
37.0
26.0
25.0
31.0
37.0
28.0
28.0
26.0
30.0
35.5
26.0
24.5
26.0
26.0
26.5
27.5
26.0
21.0
27.5
22.0
23.0
15.5
NaN
20.0
24.0
26.0
26.5
21.5
25.5
24.0
17.0
25.0
26.5
19.0
19.0
16.5
12.0
15.5
20.0
23.0
22.0
14.5
22.5
12.5
10.5
9.0
11.0
17.0
17.5
20.0
12.5
18.0
11.0
12.5
16.0
21.0
15.0
14.0
6.0
8.5
11.5
19.0
20.5
22.0
22.0
11.5
10.0
13.0
NaN
29.0
18.0
10.0
10.0
9.0
10.0
11.5
7.5
8.5
-0.5
1.0
-1.0
3.0
-1.0
-7.0
1.0
3.0
3.0
3.0
8.5
7.0
5.0
2.0
4.0
1.5
6.5
1.5
0.5
4.5
3.5
2.5
-1.5
-1.0
-4.5
-6.0
-10.0
-8.0
-7.0
-4.0
-4.0
2.0
1.5
0.0
-5.0
-13.0
-11.0
-7.0
-6.5
0.0
6.0
-5.0
-0.5
4.0
1.0
-10.0
-18.0
-19.0
-21.0
-1.5
1.0
-3.0
-18.0
-10.0
-9.5
-6.5
-4.5
-3.0
-9.0
0.0
-2.5
-8.0
-14.0
-18.0
-12.0
-16.0
-21.0
-15.0
-17.0
-15.5
-20.0
-17.0
-10.0
-6.0
-13.0
-11.5
-13.0
-27.0
-21.0
-19.0
-13.5
-11.0
-3.0
-3.0
-12.0
-6.0
-10.0
-5.0
-5.0
-8.0
NaN
-6.0
-13.0
-8.0
-7.5
-6.0
2.0
-2.5
0.5
2.0
-20.0
NaN
-30.5
-28.0
-22.0
-13.0
-10.0
-10.0
-13.0
-7.5
-3.0
-3.0
-2.0
-11.0
-14.0
-24.0
-22.0
-20.0
-14.5
-12.0
-9.5
-12.0
-15.0
-3.0
0.0
-10.0
-16.0
-13.0
-17.0
-21.0
-20.0
-15.0
-11.5
-11.0
-5.0
-1.0
-2.0
2.5
7.0
2.0
1.5
-4.0
-10.0
-9.0
-14.5
-14.0
-11.0
-7.0
NaN
-8.5
1.0
-2.0
-0.5
4.0
9.0
-1.0
0.0
0.0
-3.0
1.0
5.5
7.5
5.0
4.0
1.5
1.5
0.0
-7.0
-3.0
2.5
-2.0
3.5
6.0
5.5
9.5
3.0
3.0
6.0
12.0
14.0
18.0
21.5
18.0
11.5
14.5
10.0
12.5
14.0
11.0
10.5
16.0
19.0
18.0
19.0
-1.5
13.0
NaN
22.0
24.0
26.0
26.0
27.0
28.0
29.0
30.0
29.5
23.5
25.5
18.5
20.0
24.5
21.0
21.0
19.0
16.0
15.5
22.5
13.0
NaN
22.0
NaN
26.0
NaN
NaN
NaN
20.5
16.5
14.5
19.0
21.5
24.0
23.0
16.0
19.5
21.0
24.0
26.0
24.5
27.0
30.0
29.0
23.5
24.0
21.5
25.5
24.0
19.0
22.0
23.0
23.0
29.0
NaN
27.5
25.5
32.0
27.0
23.5
27.0
24.5
26.0
24.0
28.0
25.5
26.0
26.0
28.0
30.0
29.0
28.0
30.0
30.0
33.0
29.0
29.5
30.5
34.5
27.5
23.0
22.5
25.0
28.0
26.0
38.0
34.0
31.0
28.0
14.0
22.5
26.0
28.0
29.0
32.0
31.0
31.0
20.0
21.0
24.0
27.0
28.0
22.0
NaN
15.0
22.0
27.0
28.0
28.0
23.5
25.0
23.0
20.0
15.0
19.0
20.5
22.0
25.0
22.0
24.0
27.0
23.5
22.0
19.0
14.5
15.5
10.5
14.5
20.5
24.0
27.5
22.5
30.0
27.0
18.0
21.0
16.0
6.0
13.0
21.0
11.0
16.0
27.0
NaN
20.0
29.0
7.5
2.0
10.0
14.5
9.0
6.0
10.0
11.0
12.5
19.0
17.0
18.0
13.0
14.0
5.0
7.0
4.0
7.0
13.0
15.0
17.5
19.0
20.0
24.0
24.0
23.0
16.0
9.0
5.0
4.0
1.0
-2.0
NaN
-1.0
1.0
0.0
5.5
7.0
-0.5
-1.0
NaN
-1.5
-1.0
-3.5
-1.0
-12.0
-15.0
-12.5
1.0
8.0
-2.0
-6.0
-6.5
-12.0
-4.0
-9.0
-6.0
-17.5
0.0
3.5
2.5
NaN
NaN
14.0
NaN
14.0
7.5
8.5
11.0
15.5
12.5
10.0
10.0
15.0
12.5
9.0
10.0
3.5
5.0
9.0
5.0
9.0
14.0
5.5
6.5
14.0
24.0
5.0
9.0
12.0
16.0
18.0
NaN
2.0
0.0
1.0
3.0
-3.0
1.5
3.5
1.0
-1.0
-6.5
-2.0
7.5
13.0
8.0
9.0
11.0
6.5
6.5
9.0
8.5
-6.0
-9.0
-9.0
-12.5
-8.0
-9.5
-12.0
1.5
4.0
NaN
-9.5
-5.5
2.0
2.0
-3.0
2.0
7.5
5.0
-3.0
-2.0
-3.0
-10.0
NaN
-5.0
-2.0
-19.5
-15.0
-19.0
-24.0
-27.0
-26.0
-19.0
-20.0
-28.0
-15.0
-7.0
-21.5
-29.0
-24.0
-25.0
-24.5
-22.0
-20.0
-15.0
-19.0
-27.5
-17.0
-17.0
-26.0
-12.5
-14.5
-7.0
-8.0
-8.0
-4.5
-3.5
-2.5
3.0
-3.0
-22.5
-1.0
-2.0
-20.5
-20.5
-9.0
NaN
-19.0
-23.0
-18.0
-16.0
-12.0
1.5
8.0
7.5
2.5
7.0
4.0
7.5
3.0
-3.0
-14.0
-5.5
-4.0
-9.0
-18.0
-11.0
-7.0
-8.0
-8.5
-3.0
-2.0
-3.0
-17.0
-16.0
-13.5
-11.5
-9.0
-13.0
-4.5
-15.0
-16.0
-8.0
0.0
-6.0
-17.0
-9.5
-6.0
1.0
7.0
4.5
2.0
2.0
5.0
6.0
5.5
4.0
9.0
10.5
15.5
13.0
9.0
8.0
8.5
3.0
1.0
NaN
NaN
-3.0
6.0
3.0
12.5
17.0
22.5
20.0
20.5
23.0
10.0
12.5
13.0
15.0
16.0
13.0
NaN
3.0
7.5
8.0
13.0
5.5
NaN
14.0
17.0
2.5
NaN
22.5
26.0
NaN
17.5
12.5
15.0
0.0
-1.0
2.0
8.0
5.0
7.5
6.0
11.0
19.0
27.5
29.5
25.0
31.5
27.5
31.0
19.0
24.0
NaN
22.0
25.0
25.0
27.0
27.0
23.5
23.0
26.0
27.5
24.5
24.0
27.0
28.5
28.0
22.0
22.0
27.0
27.0
27.0
24.0
28.5
28.0
23.0
26.0
24.5
30.0
27.0
27.0
23.0
27.5
28.0
23.0
25.0
24.0
24.0
25.0
25.0
28.0
26.0
27.0
21.0
19.0
26.0
17.0
25.0
20.0
19.0
24.0
21.5
23.0
NaN
23.0
24.0
28.0
19.5
23.0
24.5
NaN
32.0
31.0
32.0
24.0
25.5
NaN
NaN
NaN
NaN
19.0
22.5
25.0
26.5
26.5
24.5
29.5
25.5
23.0
19.5
23.0
25.0
NaN
20.0
25.5
28.0
30.0
NaN
32.0
33.0
31.0
32.0
29.0
26.5
NaN
23.0
26.5
30.0
25.0
26.0
25.0
31.0
32.5
26.5
34.0
35.0
34.0
23.0
26.0
27.0
26.5
22.5
18.0
17.0
25.5
29.5
20.5
17.0
17.5
16.5
20.5
25.5
19.5
20.0
14.5
9.0
7.0
10.5
19.0
20.5
10.0
14.0
17.0
10.0
10.0
12.5
14.0
19.0
13.5
19.0
12.0
12.0
7.0
7.0
6.5
16.0
18.0
13.5
18.0
15.0
13.5
8.0
3.0
8.0
14.0
4.0
4.0
NaN
1.5
4.0
8.0
1.0
-1.0
0.0
NaN
NaN
7.0
-3.0
-10.0
-6.0
-6.0
-10.0
-14.0
-9.0
-9.0
-14.0
-9.0
1.0
-7.0
-3.0
0.5
3.0
3.0
0.0
1.5
3.0
1.5
1.5
0.0
0.0
-8.0
-12.0
-15.0
-16.0
-7.0
-3.0
-8.0
-7.0
-6.0
-12.0
-20.5
-16.0
-23.0
-22.0
-16.5
-12.0
NaN
-10.0
-3.0
-2.0
1.5
-2.0
-7.5
-22.0
-7.0
-2.0
-17.0
-10.0
-1.0
2.0
2.0
1.0
-8.0
-6.0
-4.0
-8.0
-4.0
-3.0
0.0
0.0
0.0
-1.0
1.0
1.0
-3.0
-1.0
-7.0
-3.0
NaN
-10.0
-2.0
0.0
-10.0
-15.0
-25.0
-13.0
-11.0
-24.0
-16.0
-14.0
-3.0
-4.0
-7.0
-17.0
-15.0
-16.0
-11.0
-6.5
-0.5
4.0
-1.0
-1.0
0.0
-2.0
-3.0
-4.0
1.0
-3.5
-13.0
-17.0
-4.0
-19.5
NaN
-10.0
-11.0
-5.0
-4.0
-3.5
-2.0
-4.5
-8.5
-9.5
-13.0
-9.5
-6.0
-7.0
1.0
NaN
3.5
-8.0
7.0
0.5
-2.0
2.5
4.0
2.0
3.0
2.5
-5.5
-10.0
-7.5
-4.0
-2.0
-2.0
-3.0
0.0
0.5
-7.0
-3.5
-1.5
-2.5
-3.5
6.0
5.5
4.0
-3.0
-3.0
5.5
7.5
7.0
4.0
0.5
0.0
7.0
4.0
7.0
14.0
7.0
6.5
10.0
-3.5
-1.5
-6.0
-1.5
3.5
10.0
10.0
11.0
14.0
9.5
6.5
-1.5
-2.0
-1.0
3.0
2.0
7.0
11.5
15.0
18.0
17.0
NaN
19.0
8.0
13.5
NaN
17.5
31.0
27.0
17.0
30.0
15.0
24.0
8.0
14.0
18.0
19.0
9.0
18.0
24.5
31.5
30.5
29.0
6.0
10.0
NaN
18.0
17.0
21.0
22.5
25.5
25.0
26.0
27.0
24.0
27.5
16.0
12.0
11.0
14.5
22.0
24.5
29.0
31.0
NaN
24.0
21.0
23.0
19.0
17.0
14.0
17.0
20.0
18.0
19.0
18.5
18.5
16.0
21.0
26.0
15.0
18.5
17.5
14.0
12.0
12.0
18.0
21.0
NaN
26.0
23.0
20.5
19.0
21.0
22.5
25.0
25.0
21.5
22.5
21.0
22.0
18.0
18.5
21.0
24.0
25.0
18.5
22.0
18.0
NaN
18.0
23.0
24.0
27.0
22.5
21.0
21.0
23.0
23.5
26.0
30.0
30.0
27.0
23.5
14.5
19.0
24.0
26.0
26.0
26.5
NaN
26.5
26.5
25.0
21.0
22.0
12.0
12.5
17.0
19.0
20.0
22.5
18.0
13.5
15.0
18.5
20.5
19.0
23.0
19.0
12.5
11.0
17.0
11.0
16.5
21.0
22.5
19.0
16.5
20.5
12.0
9.0
10.5
19.0
22.0
11.5
10.5
21.0
25.5
22.0
13.0
7.0
13.0
19.5
23.5
30.5
21.0
23.0
21.0
24.0
15.0
13.5
12.5
13.5
13.5
17.5
6.0
3.0
4.5
6.0
NaN
-1.0
0.5
3.0
2.0
15.0
17.5
13.0
16.0
NaN
10.0
10.5
6.5
4.0
5.5
6.0
5.5
-1.0
-2.0
-1.0
-6.0
-5.0
-2.5
-1.0
1.0
1.0
1.0
-2.0
-3.0
-6.5
-5.0
-3.0
-2.0
-1.0
-1.0
1.0
-1.0
-1.0
-4.0
-3.0
-2.5
-5.0
-4.0
0.5
-5.0
1.0
-2.0
-4.0
-11.0
-13.0
-5.0
-7.0
-11.0
-4.0
-3.0
-7.0
-4.0
-7.0
-0.5
-6.0
-3.0
-10.0
-15.0
-12.0
-16.0
-17.0
-16.0
-16.0
-22.0
-9.0
-22.0
-17.0
-21.0
-25.0
-22.0
-21.0
-29.0
-14.0
-7.0
-18.0
-19.0
-17.5
-19.0
-24.0
NaN
NaN
-13.0
-8.0
-8.5
-11.0
-15.0
-14.0
-11.0
-13.0
-10.0
-3.5
-3.0
-3.0
-3.0
-10.0
-14.0
-9.0
-10.0
-12.0
NaN
-2.0
5.0
3.0
5.0
3.5
3.0
2.0
-8.0
-6.0
-10.0
-5.0
-5.0
-18.0
-7.0
-8.0
-12.0
-15.0
-19.0
-22.0
-19.0
-11.5
-14.0
-12.5
-15.0
-20.0
-14.0
-13.5
-12.0
-7.5
-5.0
3.5
5.0
6.5
5.0
4.5
7.0
0.0
-0.5
-2.0
-2.0
-12.5
-7.0
-16.5
-13.0
-5.0
-5.0
-15.0
-11.0
-4.0
-0.5
-9.0
-6.0
2.0
4.0
7.0
5.0
4.0
9.0
6.0
2.5
7.0
4.0
5.5
5.5
5.0
11.0
13.5
13.0
11.0
8.0
6.0
9.0
9.0
9.0
10.0
10.0
14.0
14.0
NaN
9.0
10.5
15.0
18.0
19.0
18.0
NaN
5.0
18.5
14.0
13.0
7.0
12.0
9.0
14.0
23.0
24.0
26.0
29.5
24.0
24.0
20.5
24.0
29.0
18.0
NaN
10.0
8.0
12.0
10.5
8.0
13.0
NaN
19.0
NaN
11.5
15.5
11.5
14.5
11.0
17.5
16.0
15.0
15.5
15.5
16.0
19.0
21.5
24.0
18.5
19.0
19.0
24.0
28.0
30.0
29.0
21.0
11.5
20.5
14.5
20.5
23.5
24.5
28.0
28.5
29.5
26.0
19.0
15.0
15.0
13.0
13.5
18.0
16.5
25.0
25.0
24.5
24.0
NaN
NaN
17.0
21.5
24.0
20.0
17.0
19.0
18.5
22.5
23.0
22.0
25.0
NaN
NaN
NaN
25.0
24.0
21.5
22.0
21.0
24.0
19.0
20.0
27.0
28.0
25.5
20.0
19.0
18.0
19.0
19.0
23.0
24.0
27.0
27.0
31.0
27.0
19.5
22.0
22.0
22.0
24.0
25.0
25.0
23.5
24.0
NaN
26.0
26.0
29.0
24.0
19.0
19.0
22.0
17.0
19.0
21.0
17.0
14.0
24.0
12.0
15.0
17.0
18.0
19.0
18.0
15.0
23.0
15.0
6.0
11.0
12.0
14.0
17.0
14.0
19.0
17.5
14.0
12.0
19.0
23.5
21.5
9.0
15.0
7.5
12.0
16.0
3.0
6.5
14.5
10.0
17.0
17.0
1.0
2.0
10.0
15.0
6.0
4.0
9.0
7.0
8.0
5.0
3.0
11.0
16.5
7.0
4.0
NaN
15.0
15.5
8.0
2.0
7.0
1.0
-2.0
-3.5
2.0
5.0
2.0
2.0
-1.0
-2.0
-2.5
-4.5
-4.0
-4.0
-2.0
2.0
3.0
0.0
2.0
5.0
9.0
4.0
2.0
-6.0
5.0
-3.0
-12.0
-10.0
-6.0
-5.0
-2.5
-4.5
-5.5
-7.0
0.5
0.5
-5.0
-3.0
-2.0
-2.0
-9.0
-5.0
-3.0
-9.0
-13.0
-7.0
-2.0
-4.0
-4.0
-1.0
-2.0
1.0
-3.0
-5.0
-14.0
-10.0
-20.0
-19.0
-14.0
-26.0
-27.0
-21.0
-15.5
-14.0
-6.0
-8.5
-21.5
-17.0
-16.0
-25.0
-25.0
NaN
NaN
NaN
-11.0
NaN
-22.0
-22.5
-28.5
-30.0
-26.0
-24.5
-30.0
-29.5
-25.0
NaN
-12.0
-8.0
-11.0
-21.0
-15.0
-11.0
-9.0
-13.0
-22.0
-19.0
-14.5
-18.5
-17.0
-18.0
-18.0
-19.0
-28.0
-26.0
-18.5
-20.0
-17.5
-12.5
-15.0
-8.5
-4.0
-7.0
1.0
2.0
6.0
-13.0
-14.0
-20.0
-15.0
-11.0
-9.5
-11.0
-13.0
-9.0
-5.0
0.5
5.0
6.0
5.5
6.0
3.0
-11.0
-11.0
-6.0
-8.0
-1.0
6.0
3.0
5.0
-2.0
2.0
-2.0
0.0
9.0
7.0
8.0
-4.0
-1.0
3.0
4.5
3.0
-2.0
NaN
NaN
NaN
NaN
7.0
NaN
6.0
-6.0
3.0
2.0
10.0
8.0
7.0
10.0
15.5
17.0
14.0
16.0
10.0
10.0
20.0
NaN
6.0
12.0
14.0
20.0
25.0
5.0
4.0
4.0
5.0
9.0
10.5
13.0
14.0
17.0
NaN
6.0
10.0
15.5
21.0
17.0
15.0
19.0
12.0
17.5
24.0
20.0
18.0
13.5
26.5
32.5
14.0
30.0
17.5
25.0
23.0
21.0
17.0
19.5
25.0
29.0
19.5
23.0
NaN
22.0
NaN
25.0
27.0
29.0
23.5
21.5
23.5
17.0
16.0
20.5
26.0
24.0
26.0
19.0
22.5
24.0
22.0
23.0
25.0
24.5
27.5
28.5
28.0
20.5
26.0
21.5
23.0
20.0
22.0
21.0
24.0
20.0
25.0
26.0
22.0
16.0
19.0
NaN
25.5
24.0
21.0
24.0
20.0
26.0
21.0
23.0
24.0
20.5
22.5
25.0
28.0
24.0
22.5
20.5
23.0
26.0
28.0
29.0
24.0
25.0
29.0
28.5
24.0
18.0
24.0
26.5
15.0
NaN
20.0
21.5
26.0
26.0
17.0
22.0
29.0
26.0
23.0
24.0
21.0
25.0
27.0
27.0
26.0
31.0
24.0
24.0
19.0
18.5
16.0
16.5
17.0
19.0
21.0
20.5
22.0
20.0
24.0
24.0
25.5
29.0
27.0
18.0
16.0
24.0
21.5
21.0
21.0
26.0
26.0
26.5
24.0
14.0
14.0
21.0
22.0
15.0
16.0
15.0
14.0
16.0
14.0
12.5
14.0
11.0
12.0
14.0
15.5
10.0
8.0
11.0
19.0
19.5
15.0
11.0
17.0
14.0
14.0
19.0
18.0
15.0
15.0
17.0
11.0
6.0
3.5
4.0
14.0
19.0
13.0
9.5
3.0
3.0
8.0
4.0
0.5
4.0
5.0
8.0
11.0
9.0
9.5
8.0
7.0
8.0
9.0
5.0
7.0
7.0
4.0
-3.0
-3.0
1.5
-5.0
NaN
-1.0
0.0
-11.0
-2.0
0.0
-4.0
-6.0
2.0
8.0
-1.0
-1.0
-15.0
-17.0
-14.0
-7.0
-5.0
-11.0
-17.0
-12.5
-13.5
-11.0
-5.0
-5.0
-8.0
-8.0
-6.0
-2.0
2.0
2.5
2.0
-1.0
2.5
3.5
-4.5
-0.5
-7.5
-2.0
-11.0
-17.5
NaN
-16.0
-26.0
-16.0
-13.0
-17.5
-17.5
NaN
-15.0
-7.5
-6.0
-6.0
-11.0
-14.0
-8.0
-2.0
-2.0
-8.0
-10.0
-10.0
-13.0
-23.0
-17.0
-15.0
-15.0
-9.0
-4.0
NaN
-10.0
1.0
0.0
-11.0
-1.0
-8.5
-17.0
-15.0
-12.0
NaN
NaN
NaN
-22.0
-17.0
-19.0
-19.0
-13.5
-14.5
-13.5
-7.5
-6.0
-4.0
-8.0
-1.0
4.5
-7.0
-3.5
-8.0
-7.5
-17.5
-18.5
-18.0
-9.0
-15.0
-17.0
-12.0
-13.0
-15.0
-16.0
-6.0
4.0
11.0
7.0
7.0
0.0
-1.0
6.5
8.0
9.0
0.0
2.5
4.5
9.0
3.0
11.5
9.5
3.5
10.0
4.0
2.0
2.0
1.0
2.0
5.0
-13.0
-8.0
-5.5
-1.0
1.0
-3.0
-3.0
7.0
6.5
11.0
11.5
15.0
10.0
3.0
6.5
10.0
9.5
13.0
7.0
15.0
10.0
9.0
7.0
3.0
2.5
10.0
13.0
15.0
12.0
14.5
12.0
11.5
15.0
20.0
18.5
19.0
18.5
20.0
18.0
6.5
5.0
18.0
12.0
13.0
19.0
24.0
12.0
8.0
18.0
9.0
12.5
14.0
18.0
21.5
19.0
22.0
28.5
32.0
30.5
26.0
26.5
29.0
29.5
29.0
28.0
14.0
19.0
19.0
22.5
24.0
28.0
28.0
30.0
31.0
32.0
35.0
34.0
32.0
33.0
31.0
30.5
24.0
21.0
21.0
NaN
NaN
NaN
NaN
NaN
NaN
NaN
NaN
NaN
NaN
NaN
NaN
NaN
NaN
NaN
NaN
NaN
28.0
27.0
27.5
23.0
23.5
25.0
23.0
24.0
NaN
23.0
26.0
21.0
24.0
26.5
26.5
25.0
27.0
29.0
23.0
27.0
29.0
24.0
26.0
27.0
29.0
32.0
29.0
27.0
23.5
23.0
25.0
28.0
22.0
30.0
30.0
32.5
23.0
25.0
26.0
23.0
25.0
20.5
21.0
23.0
24.0
25.0
22.0
26.5
23.0
20.5
25.0
24.0
27.0
28.0
24.5
16.5
13.5
17.0
14.0
22.0
24.0
26.0
19.0
18.5
21.5
14.0
17.0
8.0
7.5
6.5
7.0
11.0
15.0
19.5
22.0
20.0
25.0
24.0
21.5
14.0
17.0
13.5
11.0
10.5
11.5
8.0
10.5
13.5
13.5
20.0
21.0
21.0
10.5
7.0
9.0
14.0
10.0
6.5
6.0
6.5
3.5
8.0
7.0
10.0
9.0
10.0
10.0
6.0
1.0
1.0
2.0
1.5
-2.0
-9.0
-5.0
2.5
-1.0
-4.5
-7.0
-5.0
-10.0
-16.0
-11.0
-7.0
-3.0
-4.0
-3.0
-4.0
1.0
4.0
5.0
-9.0
-6.5
-9.0
-7.5
-10.5
-18.0
-16.0
-14.0
-7.0
-4.5
NaN
-5.0
-5.0
-0.5
-16.0
-17.5
-20.0
-20.0
-24.5
-25.0
-28.5
-18.0
-8.0
-8.0
-15.0
-13.5
-13.0
-10.0
-9.0
-10.0
-9.5
-6.0
-5.0
-9.0
-3.0
-5.0
-8.0
-6.0
-10.0
-7.0
-4.0
-10.0
-10.0
-12.0
-26.0
-27.0
-22.0
-12.0
-4.0
-5.0
0.0
0.0
1.5
-9.0
-24.5
-17.0
-15.0
-19.0
-31.0
-28.5
-23.5
-19.0
-22.0
-21.0
-25.5
-24.0
-26.0
-24.5
-24.0
-24.0
-29.0
-30.5
-34.0
-31.0
-26.5
-17.5
-11.5
0.0
1.5
-2.0
2.0
0.0
-6.0
-5.0
-3.0
-10.0
-15.0
-11.0
-10.5
-5.0
5.0
-6.5
-0.5
4.0
1.0
-5.0
NaN
-18.0
-18.5
-17.0
-10.0
-9.0
-19.0
-13.5
-14.0
-19.0
-19.0
-18.0
-10.0
-6.0
2.0
4.0
7.0
4.0
1.0
3.5
3.5
-5.0
-5.5
-7.0
-2.0
-0.5
-5.0
-8.0
-15.0
-20.0
-14.0
-7.5
-6.0
0.0
-3.0
-3.5
-6.0
-4.0
-3.0
-4.0
0.0
0.0
2.5
4.5
6.5
7.0
2.0
-3.0
8.0
5.0
1.0
6.0
10.5
13.5
2.0
1.0
0.0
2.0
3.5
4.0
0.0
-1.0
3.5
12.0
11.0
10.0
8.5
8.0
9.5
14.0
17.5
15.0
15.0
15.0
5.0
7.0
10.0
14.5
18.0
14.0
16.0
16.5
15.0
19.0
16.0
15.0
14.0
12.5
15.5
17.5
19.0
23.0
23.5
24.0
24.5
24.0
18.0
23.0
16.5
18.0
23.0
15.0
23.0
25.0
27.0
30.0
32.0
31.0
27.0
28.0
29.0
29.0
26.0
27.0
27.5
21.0
24.0
19.0
15.0
12.5
20.0
21.0
24.0
34.0
31.0
27.5
24.5
26.5
28.0
28.0
27.0
26.5
25.0
23.0
20.0
22.5
24.5
23.0
24.0
27.0
28.0
25.5
25.0
29.0
26.5
23.5
25.0
26.0
22.5
21.5
22.5
23.5
22.0
21.5
20.0
23.5
24.5
25.0
26.5
27.0
29.0
27.0
27.5
26.5
24.0
19.0
18.5
27.0
23.0
23.5
24.0
22.5
26.0
29.0
31.0
28.5
20.5
25.0
23.0
23.0
25.5
31.5
20.0
21.5
26.5
27.0
27.5
30.0
30.5
26.5
26.0
25.0
20.5
27.0
21.0
22.0
25.0
22.0
17.0
15.0
14.5
17.5
18.0
19.0
16.0
19.0
21.0
22.0
18.0
16.0
15.5
15.0
12.5
17.5
10.0
10.0
11.0
8.5
10.5
6.0
8.5
9.5
17.0
24.0
7.0
11.0
15.5
12.0
14.0
19.0
21.5
13.0
10.5
19.0
14.0
6.0
6.5
13.5
13.0
8.5
4.0
4.5
9.5
6.0
7.5
6.0
8.5
9.5
-6.0
-3.0
-4.5
2.5
9.0
2.5
3.5
2.0
-1.0
0.0
-6.0
-7.0
-8.0
-10.5
-13.0
-3.5
-1.5
-6.5
-7.5
-13.5
-14.0
-7.0
-16.0
-16.0
-16.5
-14.5
-19.0
-14.0
-10.5
-3.0
-3.0
-7.0
-9.0
-13.0
-9.0
-6.0
-4.0
-4.0
-3.0
-6.0
-5.5
-5.0
-1.0
-1.5
-7.0
-13.0
-13.0
-8.0
-12.0
-18.0
-17.0
-13.5
-24.0
-28.0
-25.0
-30.0
-29.0
-23.0
-20.0
-19.0
-25.0
-20.0
-8.5
-5.0
-2.0
-13.0
-13.5
-15.0
-22.0
-13.0
-10.5
-14.0
-22.0
-21.5
-14.5
-14.0
NaN
NaN
-18.5
-14.5
-5.0
-3.0
-4.5
-3.0
-23.0
-16.0
-22.0
-25.0
-23.0
-25.0
-28.0
-17.0
-10.0
-7.0
-6.0
-9.0
-3.5
-5.0
-3.5
-5.0
-7.5
-4.0
-9.0
-13.0
-13.0
-14.0
-6.0
-13.0
-15.0
-8.0
-1.0
-9.0
-9.0
-3.0
-11.0
-11.0
-14.0
-5.0
3.0
-9.0
-11.0
-3.0
-7.0
-12.0
-9.0
-16.0
-12.5
-14.0
-7.0
-1.0
-4.0
-3.0
-9.0
-13.5
-11.0
-14.0
-14.0
-7.0
-8.0
-6.0
0.5
2.0
0.0
-3.0
0.0
1.0
0.0
5.0
3.0
2.5
2.0
1.0
6.5
9.0
3.0
7.5
5.0
NaN
NaN
-12.0
-11.5
-7.0
-3.0
1.0
2.5
5.0
6.0
-4.0
-1.0
7.0
8.0
8.5
5.5
9.0
7.0
9.5
11.0
9.0
9.0
10.0
14.5
2.0
4.0
8.0
10.0
11.0
20.0
11.5
16.0
10.0
6.0
16.5
22.0
9.5
6.5
4.0
3.5
9.0
17.0
14.0
9.5
9.0
10.0
17.0
12.0
16.0
17.0
17.0
19.0
22.0
24.0
25.0
27.5
28.5
28.5
19.0
27.0
27.0
21.5
25.0
23.5
26.0
29.0
29.5
29.0
28.5
22.5
28.0
20.0
22.0
18.0
21.5
21.5
24.0
25.0
26.0
26.0
24.0
21.0
27.5
29.5
27.0
25.5
25.0
17.0
14.0
19.0
24.0
18.0
18.0
16.5
22.0
24.0
29.5
29.5
29.0
26.0
25.5
28.5
28.5
27.5
23.0
24.0
24.0
25.0
26.0
26.0
29.0
29.0
25.5
24.0
23.0
24.0
27.0
25.0
29.0
27.5
24.0
28.0
24.5
29.0
30.5
28.5
NaN
NaN
NaN
NaN
NaN
26.0
NaN
NaN
NaN
22.0
21.5
22.0
22.0
23.5
25.0
28.0
28.0
26.5
23.0
21.5
23.0
25.5
25.0
18.5
18.0
21.5
23.0
21.5
19.0
25.5
20.5
18.0
22.5
25.0
20.5
28.0
18.5
18.0
23.0
22.0
13.5
10.5
14.0
25.0
17.0
21.0
28.5
25.5
27.0
24.5
15.0
11.0
10.5
22.0
25.0
19.0
18.5
18.0
17.0
20.0
23.5
5.5
14.0
16.5
17.0
3.0
6.0
7.5
13.0
16.5
10.0
2.5
3.0
-1.0
0.5
2.0
-1.0
-2.0
-2.0
5.0
3.0
8.0
5.0
4.0
4.0
-0.5
-3.0
-2.0
-1.0
-0.5
1.5
0.5
-2.5
-5.0
-7.0
-1.5
-4.0
-1.5
-4.5
-1.0
-4.5
-6.0
-3.5
-6.0
-6.0
-8.0
-9.5
NaN
NaN
4.5
1.5
0.5
5.5
-1.0
-1.0
-2.5
-2.5
-5.5
-4.0
-3.5
NaN
-4.0
-4.5
-2.5
-1.0
1.0
1.0
3.0
4.5
1.0
3.0
-0.5
-1.0
0.0
1.0
-0.5
1.0
2.0
-1.0
-6.0
-3.0
-5.0
-7.0
-15.5
-10.5
-9.5
-12.0
-12.5
-11.5
-9.0
-9.5
-7.5
-6.5
-15.0
-14.0
-14.0
-24.0
-18.0
-12.5
-8.5
-7.5
-12.5
-16.5
-15.5
-14.0
-7.0
-4.0
-7.0
-8.0
-8.0
-4.5
-3.0
-5.5
-3.5
-0.5
-3.0
-9.0
-15.5
-6.5
-7.0
-6.0
-5.0
-4.5
-3.5
-1.0
-3.5
-1.0
-2.0
-8.0
0.0
0.5
3.0
4.0
2.0
1.0
1.5
3.0
3.0
5.5
3.0
3.0
4.0
0.5
0.0
-1.5
-4.0
-9.0
-4.5
2.5
-2.0
-4.0
-12.0
-14.5
-18.0
-12.0
-8.0
-7.0
-8.0
0.5
-1.0
1.5
3.0
0.0
3.0
2.5
0.0
0.0
4.5
11.0
13.0
15.0
12.0
10.0
9.0
12.0
11.5
14.0
16.0
17.5
15.5
9.0
11.0
9.5
11.0
13.0
18.0
12.5
8.5
4.0
6.0
10.5
9.0
11.5
14.0
15.0
18.0
22.5
20.5
16.0
18.0
17.5
20.0
23.0
27.0
28.0
10.0
18.0
22.5
16.5
15.5
6.5
18.0
21.5
21.0
23.0
20.0
13.0
22.0
23.0
18.0
16.5
23.0
23.5
19.0
18.5
19.0
22.0
23.0
25.0
23.0
26.0
24.5
18.0
11.5
21.0
15.0
10.0
9.5
12.5
14.0
13.0
15.5
20.0
21.5
22.0
20.0
20.5
24.0
28.0
22.0
21.0
21.0
24.0
24.5
20.0
17.0
17.0
18.0
22.5
25.0
27.0
28.0
NaN
NaN
NaN
26.0
27.0
26.0
23.5
24.5
21.0
23.5
24.5
27.0
28.5
31.0
30.0
29.0
28.0
29.5
18.0
22.0
25.5
26.0
25.5
26.5
22.0
21.0
22.5
23.0
26.0
26.5
27.0
24.0
23.0
23.5
25.0
27.0
27.5
28.0
29.0
29.0
30.0
31.0
29.0
28.5
27.5
29.0
29.5
30.0
26.0
25.5
25.5
22.0
21.0
29.0
25.0
26.5
26.0
25.5
26.0
29.0
29.5
26.0
27.0
NaN
26.5
31.5
20.0
20.0
26.0
29.0
24.0
22.5
19.0
22.0
27.0
32.0
25.0
24.5
24.5
24.0
24.0
25.0
29.0
18.0
15.0
11.0
14.0
19.0
18.0
15.5
16.0
15.5
19.0
24.5
15.5
11.5
12.0
15.5
16.0
15.5
11.0
11.5
14.0
19.5
18.0
9.0
10.0
3.5
7.0
7.0
11.5
7.5
6.0
6.0
6.0
7.5
14.5
21.0
21.5
15.0
8.5
9.5
17.5
16.0
8.0
9.0
7.5
5.5
5.5
3.0
-3.0
-3.0
-2.0
-1.5
0.0
2.0
0.0
-0.5
-2.5
1.0
0.0
-5.0
-4.5
-4.0
-4.0
-5.0
-3.0
4.0
8.0
6.0
4.0
4.0
2.0
8.0
5.5
3.0
2.0
2.5
1.0
2.5
-5.5
-5.0
-5.0
-3.0
-5.5
-5.0
-0.5
4.0
1.0
4.0
7.0
2.0
-0.5
-6.0
-10.5
-21.0
-24.0
-20.0
-16.0
-18.0
-18.0
-17.5
-13.5
-12.0
-13.5
-21.0
-20.0
-23.5
-19.0
-17.0
-24.0
-22.0
-17.0
-22.0
-22.0
-26.0
-21.0
-25.0
-23.0
-26.0
-17.5
-9.0
0.5
-1.5
-4.0
-14.5
-18.0
-14.0
-6.0
-6.0
-8.0
-12.0
-8.0
-5.0
-6.5
-5.0
0.0
2.0
4.0
0.5
-2.5
-10.0
-15.0
-10.0
-4.0
2.0
0.0
6.0
5.0
-8.0
-7.5
-3.0
1.0
-5.0
-7.0
-9.0
-5.5
-2.0
-1.0
-1.5
2.0
-0.5
-1.0
4.0
8.0
0.0
-3.5
-0.5
-9.0
-11.0
-4.0
-6.0
-3.0
0.0
-1.0
0.0
2.0
2.5
2.5
2.0
5.0
7.0
-2.0
0.5
8.0
3.5
5.5
5.5
8.0
-1.5
2.0
7.0
12.0
8.0
11.0
13.0
12.0
9.0
1.5
-1.0
0.0
2.0
9.5
6.0
12.0
17.0
16.0
13.0
15.0
15.0
21.0
13.0
4.5
2.0
6.5
13.0
12.5
14.5
15.5
14.0
17.5
21.5
23.0
25.0
22.0
23.0
24.0
26.0
26.0
25.5
21.5
25.0
17.0
18.0
6.0
10.0
15.0
6.0
10.0
12.5
14.0
19.0
20.0
20.0
14.0
15.0
20.5
21.0
12.0
10.0
15.0
18.5
22.0
25.5
24.0
30.0
25.0
11.5
17.0
12.5
19.0
21.0
29.0
25.0
26.5
27.0
29.0
23.0
21.0
24.0
23.0
16.0
16.0
17.5
20.5
22.5
23.5
23.0
23.5
29.5
31.5
25.0
23.0
22.0
20.5
18.5
18.5
21.5
20.0
18.5
21.0
24.0
25.0
24.0
25.5
22.5
22.0
23.0
25.0
27.0
25.0
25.5
26.0
23.0
19.5
20.0
23.0
27.0
28.5
29.5
29.0
31.0
29.5
30.0
23.0
27.0
30.5
32.0
27.0
19.5
23.0
24.0
25.5
25.5
29.0
27.0
20.5
21.0
24.5
24.0
23.0
21.0
23.0
25.0
25.0
20.0
24.0
23.5
26.0
26.5
27.0
26.0
27.0
27.0
29.5
29.0
27.0
25.0
21.5
17.0
30.0
20.0
15.5
17.0
13.0
15.5
25.5
22.5
15.0
13.0
15.0
12.0
14.5
12.0
15.0
16.5
21.0
24.0
19.0
11.0
13.0
26.5
23.0
17.0
23.0
18.5
13.0
14.5
13.5
13.5
6.0
5.0
6.0
10.0
10.0
6.0
7.0
10.0
12.5
11.0
16.0
11.5
10.0
11.0
14.0
12.0
6.5
7.5
6.0
2.0
15.0
13.0
5.0
6.0
12.0
13.0
9.0
5.0
10.0
10.0
11.0
19.0
5.5
6.0
10.5
11.0
6.0
11.0
17.0
21.0
7.0
5.0
10.0
15.0
9.5
5.5
9.0
4.0
7.0
2.0
2.0
4.0
6.0
5.0
3.5
2.0
3.5
0.5
-2.0
-4.5
0.0
4.5
9.5
6.0
4.0
-1.5
-5.0
3.0
4.0
0.0
-2.0
-2.0
3.0
0.0
5.0
0.0
-15.0
-21.5
-5.0
0.5
-1.0
-23.0
-26.0
-13.0
-8.0
0.0
5.0
-10.0
4.0
2.0
2.0
-8.0
-8.0
-13.0
-15.0
-17.0
-10.0
-8.0
-20.0
-2.0
-2.0
0.0
-8.0
-22.0
-22.0
-11.0
-10.0
-14.0
-14.0
-3.5
-12.0
-25.0
-22.0
-14.0
-13.5
-11.0
-7.0
-14.0
-8.5
-5.0
-3.0
-4.0
-3.5
-4.0
-2.0
3.5
-6.5
-5.0
-6.5
-3.0
-6.0
2.0
-14.0
-16.0
-6.0
-15.0
-13.5
-9.0
-13.0
-13.5
-8.5
-6.0
-6.0
2.5
8.0
8.0
8.5
7.0
5.5
1.5
6.0
9.0
3.5
-2.0
3.5
8.0
13.0
12.5
17.0
12.0
-4.0
-5.0
0.0
-5.0
-0.5
-2.5
-6.0
-9.0
-3.5
0.0
9.5
13.0
5.0
10.5
16.0
17.0
10.5
10.0
10.0
-1.0
8.0
12.5
15.0
5.5
11.0
11.5
6.0
9.0
13.0
-1.0
4.0
11.0
3.0
2.5
4.0
8.0
8.0
-3.0
4.0
10.5
13.0
13.0
13.5
17.0
25.0
19.0
20.0
24.0
24.0
22.0
17.0
16.5
19.5
21.0
14.0
30.0
25.0
23.0
26.0
22.0
24.0
18.0
18.5
13.5
15.0
8.5
7.0
14.5
18.5
20.0
12.5
15.0
22.0
22.0
19.0
23.0
19.0
16.0
17.5
21.0
17.0
20.0
17.5
22.0
16.0
