1.1
-2.8
-3.9
-1.7
-5.6
-2.2
6.1
3.3
-3.3
-5.0
-0.6
1.7
2.2
6.7
1.7
-0.6
2.8
3.9
-7.8
-7.2
-8.3
-8.9
-9.5
-9.5
-10.6
-9.5
-10.0
-7.8
-8.3
-8.3
-7.2
-7.2
-12.2
-10.6
-5.6
-2.2
-2.2
-1.7
3.9
3.3
2.2
1.1
1.1
0.0
5.6
2.8
-1.1
3.3
5.0
11.1
-1.1
7.8
2.8
9.5
10.0
11.7
1.7
2.8
3.3
5.6
10.0
11.1
12.8
3.3
18.3
4.4
1.1
0.0
-1.1
2.2
5.0
3.9
3.9
3.9
-4.4
-5.6
4.4
4.4
5.0
4.4
5.6
5.0
3.3
8.3
15.0
20.0
6.7
3.3
4.4
NaN
25.6
24.5
NaN
27.2
28.9
21.1
24.5
23.9
21.1
25.6
30.0
32.2
31.1
17.8
15.0
21.1
NaN
26.1
15.6
14.5
18.3
23.9
18.9
21.1
18.9
25.6
26.7
31.1
32.2
26.7
31.1
25.6
21.7
17.8
21.1
25.6
16.7
18.9
21.1
26.7
28.9
30.6
26.7
27.2
28.9
26.7
26.1
26.7
28.9
29.5
31.1
31.1
32.2
28.9
24.5
25.0
27.8
28.9
27.8
27.8
27.8
27.2
26.7
23.9
27.2
27.2
21.7
23.9
27.8
30.0
29.5
27.8
21.7
20.6
26.1
26.7
24.5
24.5
26.7
29.5
21.1
21.1
23.4
23.9
23.9
23.9
25.6
26.7
26.7
26.1
27.2
27.8
