15.1290322581
13.5709677419
11.5333333333
5.52258064516
1.36666666667
-2.83870967742
-6.41612903226
-9.37857142857
-1.72903225806
2.22666666667
5.6935483871
10.3733333333
15.9677419355
13.3322580645
12.01
7.11612903226
1.26333333333
-9.93225806452
-10.5133333333
-7.66428571429
-3.66451612903
2.21333333333
9.12580645161
12.72
15.3935483871
17.624137931
13.7633333333
6.82258064516
-1.20333333333
-2.36129032258
-5.03225806452
-6.26206896552
-9.42258064516
2.52666666667
7.90322580645
11.6833333333
14.0
15.2129032258
12.9321428571
4.72903225806
1.72333333333
-8.18387096774
-10.0387096774
-6.26785714286
-1.57096774194
0.5
5.44838709677
11.7066666667
15.964516129
15.8129032258
14.9566666667
7.88387096774
1.02
-4.71290322581
-9.44
-9.18571428571
-3.54838709677
1.66
9.86451612903
13.57
14.1709677419
14.335483871
10.75
6.7935483871
0.13
-7.99677419355
-12.4935483871
-12.425
-2.55161290323
1.72
6.47096774194
12.19
15.3806451613
13.1064516129
9.35
6.91935483871
3.14666666667
-8.52258064516
-6.33225806452
-6.87931034483
-3.44516129032
1.61666666667
8.82258064516
12.5533333333
16.3709677419
13.2806451613
11.2566666667
3.44193548387
1.79
-4.90967741935
-8.29677419355
-7.99642857143
-4.72903225806
0.296666666667
8.58709677419
11.8733333333
12.9290322581
14.2322580645
13.03
5.53225806452
0.85
-1.71612903226
-10.3419354839
-6.99285714286
-2.01935483871
1.17
4.86774193548
13.4033333333
15.6516129032
14.3870967742
10.13
5.12580645161
1.98333333333
-5.22903225806
-4.91612903226
-10.025
-3.77419354839
2.12
5.1064516129
15.1
14.9709677419
12.535483871
8.90333333333
6.2
-0.816666666667
-3.3064516129
-9.94516129032
-10.5172413793
-2.27096774194
2.8
6.28387096774
12.6066666667
15.1258064516
15.1612903226
13.7766666667
7.1935483871
0.886666666667
-5.68064516129
-7.6935483871
-6.78928571429
-4.69032258065
2.18666666667
6.85161290323
11.5233333333
16.0903225806
16.0096774194
12.4433333333
6.31612903226
0.833333333333
-6.23870967742
-12.6129032258
-8.51785714286
-4.15806451613
2.62
8.70967741935
13.2733333333
16.5612903226
15.6870967742
12.9666666667
8.67741935484
2.36333333333
-4.85806451613
-10.2
-6.08928571429
-3.9935483871
0.0766666666667
5.87741935484
13.6333333333
15.1064516129
14.1580645161
13.9633333333
10.6451612903
0.0966666666667
-2.14838709677
-8.10322580645
-8.90344827586
-4.96129032258
0.29
8.76451612903
10.7766666667
15.3258064516
14.5677419355
12.94
4.55161290323
0.833333333333
-3.29677419355
-6.18387096774
-9.43928571429
0.277419354839
2.78333333333
6.94193548387
14.7533333333
16.235483871
16.7419354839
11.4366666667
7.68064516129
1.15666666667
-4.80322580645
-6.98709677419
-9.87142857143
-3.28
2.20333333333
6.00322580645
12.2266666667
14.6967741935
15.4677419355
9.16333333333
4.22258064516
1.25666666667
-3.76451612903
-5.5
-5.95
-4.47741935484
-1.00666666667
9.85806451613
14.3133333333
15.264516129
16.1548387097
9.45333333333
6.84193548387
4.31333333333
-5.66774193548
-11.4935483871
-5.73103448276
-1.63548387097
2.18333333333
6.41612903226
14.42
15.2129032258
13.1870967742
9.66333333333
4.12580645161
-3.62
-10.1290322581
-15.3612903226
-8.60357142857
-1.22258064516
2.5
8.8064516129
11.9833333333
16.564516129
14.7580645161
13.6
5.41935483871
NaN
NaN
-11.0161290323
-15.5357142857
-6.67741935484
0.983333333333
8.14516129032
12.7
15.3548387097
14.9032258065
12.1833333333
5.48387096774
0.466666666667
-4.87096774194
-10.4193548387
-13.0
-1.74193548387
1.18333333333
6.88709677419
12.41
15.0
14.8064516129
11.05
6.5
1.51666666667
-3.16129032258
-7.48387096774
-11.7692307692
-4.48387096774
2.38333333333
8.59677419355
10.9333333333
15.8548387097
17.7903225806
11.8333333333
4.09677419355
-0.0689655172414
-7.6935483871
-11.0483870968
-5.62962962963
-2.58064516129
3.33333333333
7.37096774194
14.05
16.5
15.5967741935
11.5833333333
4.61290322581
0.266666666667
-4.54838709677
-12.3548387097
-10.2857142857
-3.93548387097
-0.428571428571
10.5483870968
12.45
16.0967741935
13.064516129
11.2166666667
6.54838709677
2.36666666667
-0.145161290323
-5.03225806452
-4.96428571429
-1.58064516129
2.06666666667
6.29032258065
13.3
17.1612903226
16.5161290323
12.2333333333
7.5
1.73333333333
-8.87096774194
-11.6774193548
-3.86206896552
-6.67741935484
3.13333333333
6.62903225806
14.25
14.8225806452
16.3548387097
11.3333333333
8.01612903226
0.483333333333
-2.58064516129
-9.74193548387
-8.82142857143
-2.09677419355
3.23333333333
9.37096774194
11.4
15.5967741935
14.5
13.0833333333
7.40322580645
2.63333333333
-8.12903225806
-7.95161290323
-8.03703703704
-2.68333333333
3.23333333333
10.0
12.7833333333
16.4838709677
14.2
12.8333333333
7.03333333333
-0.35
-2.56666666667
-6.70967741935
-6.94642857143
-1.90322580645
3.73333333333
9.35483870968
14.25
17.8387096774
15.9838709677
12.45
3.45161290323
2.15517241379
-1.62903225806
-8.48387096774
-9.625
-3.45161290323
1.96666666667
8.53225806452
12.2
16.564516129
16.8548387097
12.4827586207
3.85483870968
2.77586206897
-5.20967741935
-4.46666666667
-8.19642857143
-3.91935483871
0.916666666667
8.06451612903
13.9444444444
16.0483870968
14.7741935484
11.1833333333
5.56451612903
-0.516666666667
-11.9032258065
-3.08064516129
-5.01785714286
-1.33870967742
3.25
7.27419354839
13.8
16.0967741935
15.2258064516
11.2
6.06451612903
1.4
-3.09677419355
-7.08064516129
-4.37037037037
-1.98333333333
4.43333333333
11.8709677419
14.7666666667
16.0806451613
16.3064516129
10.1
7.67741935484
-0.35
-4.17741935484
-6.12903225806
-5.41379310345
-4.11290322581
1.5
6.87096774194
10.9333333333
15.1451612903
13.15
12.15
3.96774193548
1.83333333333
-2.79032258065
-5.53225806452
-9.73214285714
-3.79032258065
2.25
7.29032258065
13.65
16.9838709677
15.7419354839
10.0333333333
4.40322580645
0.316666666667
-4.1935483871
-13.1129032258
-11.0892857143
-3.33870967742
2.28333333333
6.01612903226
13.9666666667
16.7741935484
14.05
11.4833333333
6.75806451613
3.41666666667
-2.06451612903
-5.5
-9.07142857143
-2.96774193548
0.466666666667
8.38709677419
14.9166666667
17.5322580645
18.3064516129
9.31666666667
7.82258064516
-1.73333333333
-7.25806451613
-9.6935483871
-8.06896551724
-6.22580645161
0.366666666667
7.22580645161
14.5666666667
15.0322580645
14.7903225806
11.7833333333
6.87096774194
-1.71666666667
-2.45161290323
-8.93548387097
-4.96428571429
-2.5
0.283333333333
5.14516129032
14.15
15.5967741935
14.0
11.55
5.83870967742
0.0166666666667
-2.24193548387
-3.38709677419
-2.0
-0.725806451613
2.98333333333
11.7580645161
13.45
15.8064516129
15.935483871
12.9
6.6935483871
2.03333333333
-2.33870967742
-9.58064516129
-4.32142857143
-4.67741935484
3.03333333333
9.53225806452
15.2
17.9838709677
14.2419354839
11.4
5.54838709677
2.38333333333
-3.6935483871
-8.51612903226
-5.77586206897
-0.112903225806
1.48333333333
9.16129032258
14.4
14.7258064516
14.8225806452
11.8666666667
7.03225806452
1.46666666667
-10.1935483871
-6.27419354839
-4.96428571429
-3.24193548387
2.9
9.88709677419
13.9833333333
15.5689655172
16.435483871
10.7833333333
7.33870967742
4.21666666667
-1.41666666667
-3.58064516129
-4.10714285714
-3.14516129032
1.46
5.66129032258
14.2666666667
16.8870967742
15.85
13.5833333333
5.25806451613
0.533333333333
-5.62903225806
-10.6129032258
-10.1785714286
-4.83870967742
0.866666666667
7.3064516129
12.8666666667
15.8225806452
15.9516129032
11.7333333333
4.66129032258
2.58333333333
-2.8
-12.2903225806
-7.10344827586
-0.887096774194
2.76666666667
8.96774193548
13.15
15.9032258065
14.2741935484
12.55
7.32258064516
2.21666666667
-4.81666666667
-9.11290322581
-6.98214285714
-4.96774193548
2.53333333333
6.54838709677
16.35
17.1935483871
16.8870967742
13.5
7.24193548387
1.38333333333
-6.06451612903
-1.6
-5.85714285714
-3.0
3.24137931034
9.11290322581
13.2666666667
17.2096774194
15.564516129
12.0
5.40322580645
2.22413793103
-0.435483870968
-4.33870967742
-10.8571428571
-1.79032258065
1.45
8.45161290323
13.5
14.9032258065
16.0806451613
12.7666666667
10.564516129
0.0172413793103
-3.96666666667
-5.65384615385
-7.89583333333
-4.5
3.71666666667
6.94642857143
15.3461538462
16.6206896552
13.8214285714
12.7678571429
4.86206896552
0.233333333333
-6.32258064516
-12.0806451613
-6.66071428571
-3.22580645161
3.0
7.93548387097
12.8333333333
14.2903225806
15.3387096774
11.8
5.5
3.46666666667
-4.33870967742
-7.27419354839
-6.85714285714
-0.774193548387
4.13333333333
10.1774193548
15.2833333333
17.1935483871
17.1451612903
12.0333333333
6.95161290323
0.483333333333
-6.8064516129
-9.24193548387
-8.55357142857
-4.32258064516
2.65
9.72580645161
14.2166666667
18.5967741935
16.0322580645
13.5333333333
7.25806451613
4.4
-1.11290322581
-4.51612903226
-3.08620689655
2.0
1.98333333333
10.6451612903
15.0
17.7096774194
15.1129032258
11.3
7.27419354839
-0.566666666667
-1.37096774194
-5.66129032258
-7.42857142857
-3.12903225806
1.53333333333
9.33870967742
14.4333333333
17.0483870968
14.9032258065
11.8
7.16129032258
-0.15
-6.1
-12.3709677419
-12.6428571429
-7.83870967742
1.26666666667
8.67741935484
14.5833333333
14.6774193548
15.0322580645
11.3
7.22580645161
-1.11666666667
-1.73333333333
-10.5666666667
-16.7857142857
-5.54838709677
1.83333333333
9.70967741935
13.5357142857
14.6774193548
14.6774193548
13.8666666667
6.38709677419
3.53448275862
2.12903225806
-6.13333333333
-4.91379310345
-0.774193548387
1.1
8.90322580645
13.3
16.7096774194
17.3548387097
13.7666666667
8.4
3.5
-3.93548387097
-3.74193548387
-2.64285714286
-2.48387096774
5.3
8.93103448276
14.2666666667
16.7096774194
NaN
12.3
9.98214285714
