NaN
NaN
NaN
NaN
NaN
NaN
NaN
0.0
0.0
0.0
0.0
28.0
5.0
0.0
0.0
0.0
30.0
0.0
168.0
0.0
0.0
13.0
0.0
13.0
0.0
0.0
0.0
0.0
46.0
0.0
69.0
0.0
0.0
0.0
0.0
0.0
0.0
0.0
0.0
0.0
0.0
0.0
0.0
36.0
0.0
0.0
0.0
0.0
104.0
3.0
0.0
36.0
0.0
5.0
28.0
41.0
0.0
0.0
0.0
0.0
130.0
0.0
0.0
0.0
0.0
0.0
46.0
0.0
41.0
66.0
0.0
0.0
0.0
0.0
0.0
140.0
0.0
0.0
0.0
0.0
0.0
0.0
20.0
0.0
0.0
0.0
0.0
0.0
18.0
0.0
0.0
0.0
0.0
0.0
0.0
0.0
3.0
0.0
0.0
0.0
13.0
51.0
152.0
0.0
0.0
0.0
0.0
0.0
0.0
0.0
191.0
152.0
0.0
0.0
0.0
0.0
13.0
0.0
0.0
0.0
0.0
0.0
0.0
25.0
25.0
0.0
0.0
0.0
0.0
0.0
0.0
0.0
0.0
0.0
0.0
0.0
0.0
0.0
0.0
0.0
0.0
0.0
0.0
0.0
13.0
38.0
0.0
25.0
13.0
25.0
0.0
0.0
25.0
0.0
0.0
64.0
0.0
0.0
0.0
0.0
0.0
0.0
0.0
76.0
0.0
0.0
0.0
25.0
0.0
0.0
76.0
0.0
0.0
0.0
211.0
13.0
38.0
323.0
0.0
0.0
0.0
0.0
0.0
0.0
51.0
56.0
0.0
0.0
81.0
28.0
0.0
0.0
0.0
147.0
0.0
0.0
76.0
0.0
51.0
0.0
0.0
51.0
0.0
38.0
0.0
0.0
0.0
0.0
0.0
0.0
0.0
33.0
0.0
5.0
0.0
0.0
46.0
0.0
0.0
0.0
64.0
8.0
0.0
48.0
0.0
0.0
193.0
48.0
64.0
0.0
0.0
51.0
0.0
15.0
91.0
170.0
46.0
0.0
28.0
114.0
3.0
38.0
0.0
10.0
0.0
0.0
0.0
130.0
0.0
183.0
0.0
0.0
0.0
0.0
0.0
0.0
163.0
0.0
0.0
8.0
0.0
15.0
0.0
0.0
0.0
0.0
102.0
0.0
0.0
0.0
0.0
0.0
46.0
206.0
0.0
0.0
0.0
0.0
0.0
25.0
53.0
0.0
165.0
51.0
64.0
274.0
8.0
0.0
0.0
0.0
0.0
163.0
0.0
0.0
13.0
20.0
0.0
0.0
0.0
0.0
0.0
0.0
0.0
0.0
74.0
0.0
0.0
0.0
0.0
0.0
0.0
0.0
0.0
0.0
0.0
312.0
0.0
0.0
56.0
23.0
0.0
48.0
0.0
56.0
102.0
114.0
89.0
0.0
0.0
0.0
145.0
0.0
61.0
0.0
224.0
0.0
0.0
15.0
343.0
13.0
0.0
0.0
0.0
48.0
0.0
0.0
0.0
0.0
0.0
0.0
0.0
0.0
127.0
0.0
0.0
0.0
46.0
13.0
0.0
20.0
175.0
0.0
0.0
0.0
0.0
168.0
0.0
0.0
0.0
0.0
0.0
0.0
0.0
0.0
0.0
0.0
0.0
0.0
28.0
0.0
0.0
0.0
0.0
0.0
48.0
0.0
0.0
224.0
86.0
203.0
0.0
0.0
0.0
0.0
13.0
0.0
0.0
0.0
0.0
0.0
0.0
0.0
0.0
0.0
0.0
0.0
0.0
185.0
38.0
5.0
0.0
0.0
0.0
193.0
0.0
0.0
0.0
30.0
51.0
36.0
5.0
0.0
18.0
94.0
18.0
0.0
0.0
0.0
48.0
0.0
0.0
0.0
0.0
0.0
13.0
0.0
23.0
8.0
173.0
0.0
142.0
130.0
0.0
0.0
0.0
20.0
0.0
43.0
79.0
0.0
0.0
0.0
0.0
0.0
0.0
0.0
0.0
0.0
0.0
109.0
0.0
15.0
0.0
0.0
23.0
0.0
3.0
0.0
0.0
0.0
0.0
46.0
0.0
0.0
15.0
0.0
0.0
0.0
0.0
0.0
0.0
0.0
0.0
3.0
0.0
0.0
0.0
25.0
0.0
0.0
23.0
81.0
33.0
51.0
0.0
0.0
0.0
0.0
0.0
0.0
135.0
46.0
0.0
0.0
0.0
0.0
0.0
5.0
0.0
0.0
0.0
20.0
69.0
0.0
25.0
25.0
0.0
51.0
0.0
25.0
69.0
0.0
0.0
0.0
0.0
0.0
0.0
0.0
64.0
0.0
53.0
13.0
13.0
13.0
0.0
76.0
13.0
0.0
119.0
15.0
178.0
0.0
51.0
15.0
0.0
0.0
0.0
0.0
0.0
0.0
0.0
0.0
0.0
0.0
0.0
0.0
109.0
33.0
20.0
0.0
0.0
0.0
0.0
0.0
0.0
0.0
0.0
0.0
0.0
0.0
0.0
0.0
0.0
0.0
0.0
0.0
0.0
0.0
0.0
0.0
0.0
91.0
0.0
0.0
64.0
0.0
0.0
0.0
28.0
48.0
66.0
0.0
0.0
0.0
0.0
0.0
0.0
0.0
89.0
0.0
0.0
0.0
0.0
0.0
0.0
0.0
183.0
8.0
25.0
5.0
0.0
20.0
0.0
46.0
3.0
0.0
0.0
0.0
0.0
0.0
0.0
0.0
0.0
0.0
0.0
0.0
0.0
0.0
0.0
0.0
0.0
0.0
0.0
0.0
0.0
15.0
0.0
25.0
0.0
0.0
0.0
23.0
249.0
0.0
0.0
0.0
0.0
46.0
706.0
20.0
71.0
20.0
0.0
0.0
0.0
51.0
0.0
0.0
81.0
76.0
18.0
0.0
74.0
0.0
0.0
0.0
0.0
0.0
0.0
15.0
0.0
0.0
0.0
0.0
0.0
8.0
0.0
0.0
30.0
0.0
0.0
0.0
0.0
0.0
0.0
0.0
0.0
64.0
0.0
99.0
8.0
0.0
23.0
0.0
0.0
0.0
0.0
104.0
0.0
0.0
0.0
0.0
48.0
0.0
251.0
0.0
89.0
0.0
0.0
0.0
18.0
38.0
0.0
0.0
0.0
0.0
0.0
0.0
25.0
0.0
0.0
0.0
0.0
89.0
114.0
0.0
0.0
0.0
0.0
79.0
0.0
0.0
23.0
81.0
0.0
0.0
0.0
48.0
13.0
3.0
0.0
0.0
102.0
0.0
0.0
152.0
0.0
0.0
20.0
0.0
38.0
10.0
0.0
64.0
15.0
48.0
25.0
130.0
0.0
0.0
0.0
0.0
46.0
13.0
0.0
0.0
13.0
13.0
0.0
218.0
0.0
0.0
0.0
0.0
5.0
30.0
0.0
0.0
0.0
51.0
0.0
206.0
43.0
0.0
13.0
0.0
0.0
0.0
56.0
58.0
15.0
0.0
0.0
0.0
0.0
0.0
18.0
0.0
0.0
381.0
229.0
0.0
20.0
0.0
0.0
0.0
36.0
0.0
0.0
0.0
8.0
0.0
0.0
0.0
0.0
0.0
0.0
0.0
0.0
0.0
0.0
0.0
0.0
0.0
0.0
173.0
325.0
64.0
0.0
0.0
0.0
0.0
0.0
0.0
25.0
25.0
15.0
0.0
10.0
0.0
0.0
0.0
51.0
0.0
0.0
0.0
0.0
0.0
0.0
25.0
102.0
51.0
0.0
0.0
0.0
0.0
0.0
0.0
0.0
0.0
0.0
0.0
13.0
0.0
0.0
0.0
0.0
0.0
0.0
0.0
76.0
0.0
51.0
0.0
0.0
0.0
0.0
25.0
0.0
0.0
0.0
0.0
0.0
NaN
0.0
0.0
0.0
0.0
28.0
0.0
0.0
25.0
25.0
0.0
25.0
13.0
0.0
0.0
0.0
0.0
0.0
0.0
0.0
0.0
0.0
38.0
0.0
0.0
0.0
51.0
0.0
0.0
0.0
23.0
28.0
71.0
23.0
0.0
0.0
0.0
0.0
79.0
38.0
36.0
0.0
0.0
33.0
0.0
0.0
191.0
30.0
0.0
0.0
0.0
94.0
5.0
185.0
0.0
0.0
15.0
0.0
0.0
0.0
0.0
36.0
0.0
0.0
0.0
0.0
0.0
0.0
0.0
0.0
0.0
0.0
0.0
0.0
15.0
160.0
53.0
124.0
0.0
0.0
53.0
15.0
0.0
0.0
0.0
0.0
0.0
81.0
97.0
0.0
0.0
0.0
211.0
0.0
0.0
0.0
0.0
368.0
10.0
0.0
0.0
8.0
0.0
0.0
0.0
173.0
10.0
0.0
0.0
13.0
0.0
0.0
0.0
0.0
0.0
18.0
8.0
15.0
0.0
0.0
0.0
0.0
0.0
0.0
0.0
226.0
0.0
13.0
127.0
8.0
0.0
5.0
30.0
0.0
0.0
0.0
8.0
0.0
0.0
0.0
0.0
0.0
0.0
0.0
0.0
0.0
0.0
0.0
0.0
0.0
0.0
0.0
0.0
0.0
0.0
0.0
0.0
0.0
0.0
0.0
0.0
0.0
315.0
56.0
0.0
0.0
64.0
0.0
81.0
0.0
0.0
0.0
0.0
0.0
0.0
0.0
0.0
274.0
0.0
0.0
13.0
NaN
0.0
0.0
0.0
0.0
0.0
0.0
0.0
NaN
0.0
0.0
33.0
124.0
0.0
3.0
61.0
0.0
0.0
0.0
0.0
0.0
0.0
58.0
0.0
0.0
0.0
0.0
23.0
20.0
0.0
0.0
0.0
0.0
15.0
0.0
0.0
0.0
0.0
0.0
0.0
0.0
249.0
76.0
0.0
0.0
0.0
0.0
0.0
0.0
13.0
13.0
0.0
0.0
0.0
0.0
0.0
0.0
0.0
0.0
18.0
0.0
0.0
0.0
0.0
0.0
0.0
0.0
0.0
0.0
0.0
0.0
0.0
0.0
0.0
0.0
0.0
0.0
0.0
0.0
15.0
0.0
0.0
0.0
0.0
0.0
0.0
0.0
0.0
53.0
25.0
0.0
122.0
0.0
25.0
0.0
0.0
8.0
15.0
38.0
23.0
0.0
0.0
0.0
5.0
3.0
30.0
0.0
0.0
0.0
0.0
0.0
102.0
0.0
58.0
0.0
0.0
0.0
0.0
0.0
0.0
0.0
0.0
0.0
0.0
0.0
0.0
0.0
0.0
0.0
89.0
25.0
25.0
13.0
0.0
0.0
0.0
0.0
0.0
51.0
102.0
102.0
25.0
0.0
0.0
0.0
0.0
0.0
0.0
51.0
5.0
0.0
0.0
0.0
203.0
0.0
0.0
0.0
0.0
0.0
0.0
117.0
132.0
0.0
0.0
0.0
38.0
0.0
0.0
64.0
0.0
0.0
56.0
0.0
0.0
0.0
0.0
196.0
25.0
0.0
25.0
0.0
0.0
0.0
152.0
0.0
0.0
0.0
25.0
0.0
0.0
8.0
193.0
0.0
127.0
0.0
0.0
36.0
23.0
0.0
0.0
0.0
13.0
0.0
0.0
0.0
0.0
0.0
218.0
71.0
0.0
20.0
18.0
13.0
0.0
0.0
0.0
185.0
0.0
0.0
150.0
0.0
20.0
28.0
0.0
0.0
0.0
0.0
8.0
0.0
0.0
0.0
38.0
8.0
5.0
0.0
198.0
0.0
0.0
0.0
0.0
0.0
140.0
170.0
61.0
8.0
0.0
0.0
0.0
0.0
0.0
0.0
81.0
470.0
0.0
0.0
0.0
3.0
267.0
0.0
0.0
127.0
0.0
0.0
0.0
0.0
0.0
0.0
0.0
71.0
0.0
0.0
0.0
0.0
0.0
0.0
0.0
0.0
8.0
5.0
0.0
0.0
13.0
234.0
0.0
8.0
0.0
0.0
8.0
0.0
147.0
53.0
0.0
10.0
0.0
127.0
0.0
71.0
0.0
3.0
0.0
0.0
0.0
0.0
28.0
0.0
0.0
18.0
0.0
38.0
0.0
0.0
5.0
46.0
13.0
0.0
0.0
94.0
76.0
0.0
74.0
0.0
0.0
0.0
0.0
0.0
135.0
0.0
0.0
0.0
0.0
0.0
0.0
0.0
0.0
0.0
0.0
0.0
0.0
66.0
0.0
0.0
0.0
0.0
0.0
0.0
0.0
23.0
564.0
0.0
5.0
0.0
0.0
0.0
246.0
5.0
0.0
61.0
173.0
137.0
0.0
0.0
0.0
0.0
0.0
290.0
0.0
0.0
0.0
0.0
0.0
0.0
0.0
0.0
0.0
5.0
0.0
0.0
43.0
0.0
0.0
0.0
13.0
0.0
0.0
0.0
30.0
130.0
0.0
0.0
64.0
0.0
84.0
5.0
3.0
64.0
0.0
0.0
0.0
0.0
58.0
0.0
20.0
0.0
0.0
0.0
36.0
20.0
0.0
0.0
0.0
0.0
0.0
0.0
0.0
0.0
0.0
0.0
10.0
33.0
8.0
0.0
0.0
0.0
0.0
0.0
74.0
0.0
0.0
0.0
0.0
48.0
0.0
8.0
0.0
0.0
0.0
0.0
0.0
0.0
0.0
3.0
0.0
0.0
38.0
28.0
0.0
5.0
84.0
15.0
0.0
0.0
0.0
0.0
41.0
0.0
81.0
5.0
203.0
254.0
13.0
25.0
13.0
112.0
13.0
0.0
152.0
0.0
0.0
104.0
69.0
30.0
0.0
0.0
0.0
0.0
0.0
0.0
76.0
0.0
0.0
5.0
41.0
163.0
0.0
0.0
0.0
0.0
0.0
0.0
0.0
112.0
0.0
0.0
0.0
0.0
0.0
122.0
124.0
0.0
0.0
0.0
0.0
0.0
0.0
0.0
0.0
25.0
0.0
0.0
0.0
0.0
318.0
130.0
104.0
94.0
0.0
0.0
0.0
0.0
0.0
102.0
102.0
0.0
0.0
0.0
0.0
18.0
56.0
15.0
274.0
0.0
5.0
0.0
0.0
0.0
0.0
0.0
0.0
127.0
0.0
0.0
0.0
0.0
0.0
406.0
102.0
0.0
0.0
0.0
0.0
0.0
0.0
155.0
371.0
0.0
0.0
0.0
23.0
0.0
0.0
0.0
58.0
0.0
0.0
0.0
91.0
0.0
0.0
13.0
NaN
NaN
51.0
0.0
0.0
74.0
0.0
0.0
0.0
0.0
13.0
114.0
0.0
0.0
0.0
0.0
43.0
0.0
28.0
0.0
36.0
137.0
0.0
0.0
28.0
41.0
0.0
109.0
0.0
0.0
5.0
23.0
0.0
0.0
0.0
46.0
5.0
0.0
0.0
0.0
0.0
5.0
0.0
0.0
0.0
0.0
53.0
0.0
0.0
46.0
0.0
0.0
0.0
0.0
0.0
0.0
43.0
0.0
0.0
0.0
0.0
28.0
0.0
18.0
0.0
30.0
43.0
0.0
0.0
0.0
0.0
8.0
71.0
10.0
0.0
0.0
0.0
0.0
0.0
0.0
0.0
0.0
0.0
0.0
0.0
0.0
0.0
18.0
13.0
0.0
0.0
0.0
0.0
5.0
56.0
0.0
0.0
0.0
0.0
0.0
3.0
0.0
0.0
23.0
0.0
0.0
0.0
71.0
284.0
0.0
0.0
0.0
0.0
0.0
0.0
74.0
0.0
36.0
0.0
0.0
0.0
0.0
8.0
0.0
0.0
0.0
0.0
0.0
0.0
0.0
0.0
0.0
0.0
NaN
NaN
NaN
NaN
0.0
0.0
0.0
424.0
15.0
0.0
0.0
0.0
0.0
0.0
0.0
0.0
20.0
173.0
5.0
0.0
0.0
0.0
0.0
0.0
25.0
38.0
48.0
5.0
0.0
53.0
8.0
8.0
0.0
0.0
0.0
5.0
0.0
0.0
0.0
193.0
0.0
0.0
0.0
0.0
0.0
0.0
0.0
0.0
0.0
0.0
0.0
46.0
81.0
0.0
0.0
0.0
0.0
0.0
0.0
0.0
178.0
0.0
0.0
0.0
8.0
0.0
0.0
160.0
38.0
30.0
0.0
8.0
0.0
0.0
0.0
0.0
0.0
0.0
0.0
0.0
140.0
165.0
160.0
0.0
0.0
0.0
0.0
0.0
102.0
0.0
0.0
0.0
48.0
0.0
0.0
0.0
0.0
23.0
23.0
0.0
0.0
0.0
0.0
0.0
0.0
0.0
152.0
0.0
43.0
0.0
0.0
0.0
0.0
56.0
0.0
0.0
0.0
91.0
13.0
13.0
13.0
0.0
0.0
25.0
8.0
25.0
0.0
25.0
0.0
0.0
0.0
81.0
155.0
130.0
8.0
0.0
0.0
25.0
0.0
0.0
0.0
0.0
0.0
0.0
36.0
516.0
20.0
0.0
0.0
0.0
0.0
18.0
10.0
0.0
0.0
0.0
0.0
0.0
51.0
51.0
0.0
0.0
0.0
0.0
76.0
25.0
0.0
51.0
0.0
0.0
0.0
0.0
0.0
0.0
127.0
0.0
0.0
0.0
0.0
51.0
0.0
25.0
0.0
25.0
25.0
13.0
0.0
127.0
0.0
0.0
0.0
0.0
226.0
122.0
0.0
0.0
0.0
0.0
0.0
0.0
51.0
76.0
0.0
0.0
0.0
0.0
0.0
0.0
0.0
0.0
0.0
185.0
0.0
0.0
36.0
0.0
0.0
13.0
0.0
0.0
0.0
NaN
79.0
5.0
0.0
0.0
0.0
0.0
0.0
0.0
36.0
0.0
193.0
23.0
81.0
0.0
36.0
0.0
0.0
0.0
0.0
10.0
43.0
18.0
0.0
0.0
0.0
3.0
51.0
18.0
25.0
5.0
0.0
0.0
0.0
0.0
0.0
0.0
0.0
53.0
33.0
183.0
20.0
0.0
0.0
198.0
0.0
0.0
0.0
137.0
41.0
38.0
0.0
0.0
0.0
0.0
0.0
0.0
0.0
0.0
0.0
0.0
0.0
109.0
71.0
0.0
0.0
25.0
0.0
0.0
251.0
0.0
0.0
0.0
0.0
0.0
0.0
0.0
0.0
0.0
0.0
0.0
3.0
0.0
0.0
0.0
0.0
0.0
64.0
71.0
0.0
8.0
424.0
0.0
0.0
61.0
371.0
56.0
142.0
0.0
0.0
0.0
0.0
0.0
0.0
0.0
0.0
0.0
0.0
0.0
0.0
0.0
0.0
0.0
0.0
0.0
0.0
0.0
0.0
0.0
0.0
0.0
33.0
0.0
20.0
13.0
0.0
0.0
0.0
0.0
0.0
0.0
0.0
0.0
0.0
0.0
0.0
0.0
0.0
8.0
279.0
0.0
0.0
0.0
0.0
193.0
0.0
0.0
0.0
0.0
0.0
0.0
0.0
163.0
173.0
69.0
0.0
0.0
5.0
208.0
0.0
0.0
0.0
0.0
0.0
81.0
36.0
0.0
0.0
13.0
0.0
0.0
0.0
0.0
0.0
0.0
0.0
226.0
89.0
46.0
23.0
0.0
0.0
0.0
0.0
0.0
0.0
0.0
0.0
25.0
0.0
0.0
0.0
0.0
0.0
58.0
36.0
0.0
28.0
0.0
0.0
0.0
0.0
0.0
231.0
0.0
18.0
0.0
15.0
0.0
0.0
0.0
0.0
0.0
109.0
0.0
0.0
0.0
0.0
0.0
208.0
0.0
0.0
38.0
0.0
0.0
0.0
0.0
0.0
0.0
0.0
0.0
0.0
0.0
0.0
0.0
8.0
0.0
348.0
36.0
0.0
30.0
61.0
33.0
30.0
485.0
58.0
0.0
0.0
0.0
0.0
0.0
0.0
36.0
0.0
0.0
0.0
0.0
0.0
10.0
94.0
0.0
0.0
84.0
168.0
0.0
0.0
0.0
0.0
10.0
99.0
0.0
366.0
259.0
0.0
137.0
56.0
0.0
0.0
0.0
0.0
0.0
0.0
0.0
0.0
NaN
NaN
NaN
0.0
5.0
0.0
5.0
0.0
25.0
122.0
18.0
0.0
0.0
0.0
0.0
0.0
0.0
51.0
147.0
10.0
0.0
0.0
5.0
0.0
0.0
5.0
0.0
0.0
0.0
0.0
0.0
0.0
0.0
0.0
0.0
0.0
0.0
0.0
152.0
180.0
0.0
0.0
0.0
3.0
107.0
0.0
0.0
0.0
51.0
0.0
0.0
0.0
0.0
25.0
0.0
25.0
0.0
0.0
48.0
0.0
0.0
0.0
0.0
0.0
0.0
30.0
0.0
0.0
0.0
0.0
51.0
0.0
0.0
0.0
0.0
56.0
0.0
0.0
0.0
0.0
0.0
0.0
0.0
0.0
0.0
0.0
51.0
0.0
51.0
0.0
0.0
84.0
38.0
58.0
0.0
0.0
0.0
0.0
0.0
0.0
0.0
0.0
10.0
203.0
516.0
0.0
0.0
178.0
8.0
0.0
0.0
28.0
0.0
0.0
0.0
0.0
25.0
0.0
109.0
8.0
0.0
0.0
76.0
15.0
0.0
0.0
0.0
0.0
0.0
0.0
0.0
0.0
53.0
107.0
15.0
0.0
0.0
0.0
0.0
0.0
46.0
0.0
36.0
69.0
0.0
0.0
33.0
0.0
0.0
10.0
0.0
0.0
0.0
0.0
0.0
30.0
0.0
0.0
0.0
0.0
0.0
0.0
0.0
0.0
0.0
0.0
0.0
0.0
0.0
0.0
518.0
0.0
391.0
300.0
0.0
0.0
0.0
0.0
8.0
64.0
104.0
0.0
0.0
0.0
188.0
0.0
0.0
216.0
0.0
0.0
0.0
226.0
0.0
0.0
89.0
0.0
28.0
0.0
0.0
0.0
0.0
0.0
0.0
NaN
94.0
0.0
0.0
0.0
0.0
0.0
0.0
145.0
0.0
0.0
0.0
3.0
5.0
0.0
0.0
30.0
5.0
0.0
0.0
0.0
0.0
0.0
0.0
0.0
0.0
0.0
0.0
132.0
0.0
18.0
25.0
0.0
0.0
0.0
0.0
0.0
0.0
290.0
216.0
25.0
0.0
0.0
0.0
0.0
0.0
0.0
363.0
15.0
0.0
0.0
74.0
0.0
0.0
0.0
0.0
0.0
0.0
0.0
0.0
0.0
0.0
0.0
0.0
0.0
0.0
0.0
0.0
0.0
0.0
0.0
5.0
180.0
208.0
0.0
0.0
0.0
0.0
0.0
239.0
71.0
51.0
8.0
0.0
0.0
0.0
43.0
0.0
0.0
13.0
292.0
0.0
0.0
0.0
0.0
43.0
0.0
206.0
102.0
437.0
94.0
5.0
0.0
0.0
0.0
0.0
0.0
0.0
25.0
76.0
0.0
0.0
5.0
8.0
185.0
81.0
147.0
0.0
0.0
5.0
0.0
0.0
0.0
18.0
104.0
18.0
0.0
234.0
13.0
0.0
132.0
28.0
0.0
0.0
30.0
36.0
0.0
0.0
0.0
0.0
0.0
0.0
0.0
0.0
0.0
145.0
0.0
0.0
10.0
NaN
NaN
15.0
0.0
74.0
119.0
0.0
0.0
0.0
0.0
0.0
64.0
48.0
0.0
145.0
462.0
0.0
0.0
8.0
102.0
0.0
0.0
0.0
0.0
0.0
25.0
0.0
0.0
0.0
0.0
0.0
102.0
0.0
0.0
51.0
0.0
0.0
0.0
155.0
287.0
51.0
0.0
0.0
0.0
0.0
0.0
0.0
18.0
0.0
0.0
0.0
0.0
119.0
8.0
132.0
0.0
102.0
206.0
13.0
0.0
0.0
0.0
0.0
0.0
13.0
0.0
8.0
28.0
51.0
0.0
0.0
51.0
0.0
0.0
0.0
76.0
0.0
0.0
0.0
0.0
0.0
0.0
0.0
51.0
0.0
0.0
0.0
0.0
0.0
0.0
0.0
0.0
0.0
20.0
3.0
0.0
0.0
127.0
0.0
0.0
211.0
0.0
0.0
0.0
61.0
25.0
41.0
127.0
102.0
0.0
0.0
0.0
0.0
0.0
0.0
0.0
61.0
0.0
0.0
211.0
41.0
0.0
0.0
0.0
0.0
0.0
0.0
0.0
0.0
0.0
122.0
0.0
0.0
0.0
0.0
0.0
20.0
0.0
0.0
61.0
8.0
13.0
0.0
0.0
0.0
18.0
0.0
0.0
0.0
10.0
0.0
0.0
0.0
0.0
5.0
10.0
0.0
58.0
0.0
0.0
13.0
94.0
15.0
0.0
56.0
99.0
8.0
0.0
0.0
0.0
0.0
0.0
124.0
302.0
36.0
0.0
15.0
0.0
13.0
0.0
0.0
0.0
0.0
0.0
0.0
0.0
0.0
0.0
122.0
5.0
0.0
36.0
18.0
0.0
0.0
0.0
112.0
0.0
28.0
0.0
13.0
64.0
711.0
38.0
13.0
0.0
193.0
0.0
0.0
0.0
0.0
36.0
312.0
0.0
0.0
0.0
114.0
0.0
0.0
0.0
0.0
0.0
0.0
13.0
0.0
23.0
0.0
0.0
0.0
0.0
69.0
20.0
0.0
0.0
0.0
0.0
0.0
0.0
117.0
0.0
0.0
0.0
0.0
211.0
183.0
0.0
257.0
0.0
0.0
0.0
0.0
0.0
0.0
53.0
48.0
0.0
218.0
18.0
0.0
0.0
0.0
0.0
33.0
15.0
56.0
0.0
0.0
0.0
0.0
0.0
91.0
48.0
0.0
74.0
23.0
0.0
0.0
0.0
48.0
0.0
0.0
0.0
0.0
0.0
0.0
0.0
0.0
51.0
3.0
0.0
0.0
99.0
0.0
226.0
0.0
0.0
0.0
0.0
0.0
0.0
0.0
112.0
0.0
0.0
0.0
38.0
0.0
0.0
71.0
0.0
0.0
0.0
0.0
0.0
0.0
0.0
0.0
155.0
0.0
0.0
0.0
0.0
0.0
25.0
102.0
0.0
0.0
0.0
0.0
0.0
0.0
0.0
0.0
0.0
0.0
0.0
30.0
13.0
0.0
33.0
0.0
0.0
0.0
0.0
71.0
43.0
89.0
41.0
0.0
5.0
0.0
0.0
0.0
0.0
0.0
0.0
0.0
46.0
259.0
0.0
0.0
33.0
10.0
15.0
18.0
0.0
0.0
295.0
102.0
0.0
0.0
0.0
74.0
3.0
127.0
51.0
0.0
0.0
0.0
112.0
0.0
25.0
36.0
15.0
10.0
0.0
0.0
NaN
NaN
0.0
28.0
5.0
0.0
0.0
0.0
0.0
30.0
81.0
0.0
41.0
10.0
25.0
41.0
0.0
15.0
0.0
0.0
41.0
142.0
0.0
0.0
0.0
0.0
0.0
23.0
0.0
0.0
0.0
0.0
58.0
114.0
38.0
0.0
0.0
36.0
13.0
13.0
0.0
0.0
0.0
0.0
0.0
0.0
38.0
0.0
0.0
0.0
0.0
0.0
0.0
0.0
0.0
0.0
5.0
5.0
0.0
0.0
10.0
0.0
0.0
0.0
0.0
0.0
0.0
0.0
0.0
0.0
0.0
0.0
0.0
0.0
0.0
0.0
10.0
0.0
0.0
0.0
0.0
0.0
0.0
51.0
28.0
0.0
0.0
109.0
109.0
0.0
0.0
91.0
0.0
0.0
0.0
127.0
0.0
0.0
193.0
0.0
0.0
0.0
0.0
25.0
0.0
0.0
0.0
0.0
20.0
18.0
0.0
340.0
20.0
0.0
0.0
79.0
30.0
36.0
0.0
0.0
0.0
122.0
23.0
0.0
0.0
0.0
41.0
0.0
0.0
0.0
5.0
102.0
15.0
340.0
48.0
10.0
0.0
10.0
0.0
0.0
0.0
48.0
356.0
23.0
0.0
0.0
0.0
0.0
0.0
0.0
0.0
0.0
0.0
102.0
0.0
102.0
165.0
140.0
58.0
53.0
124.0
0.0
15.0
0.0
0.0
0.0
0.0
86.0
8.0
0.0
46.0
0.0
15.0
13.0
66.0
0.0
0.0
28.0
0.0
0.0
0.0
0.0
84.0
15.0
0.0
0.0
0.0
132.0
224.0
0.0
0.0
0.0
0.0
0.0
0.0
0.0
28.0
0.0
0.0
0.0
0.0
0.0
0.0
81.0
0.0
0.0
0.0
0.0
20.0
36.0
0.0
66.0
137.0
20.0
0.0
0.0
102.0
0.0
0.0
0.0
0.0
0.0
0.0
5.0
0.0
0.0
0.0
0.0
0.0
0.0
0.0
0.0
244.0
0.0
0.0
0.0
0.0
0.0
0.0
0.0
0.0
0.0
0.0
0.0
0.0
61.0
0.0
0.0
0.0
0.0
0.0
0.0
0.0
0.0
0.0
0.0
79.0
0.0
0.0
0.0
0.0
0.0
0.0
46.0
0.0
0.0
0.0
0.0
0.0
0.0
84.0
0.0
0.0
0.0
0.0
0.0
0.0
0.0
0.0
18.0
0.0
0.0
0.0
0.0
152.0
0.0
0.0
76.0
0.0
69.0
51.0
0.0
5.0
15.0
0.0
0.0
97.0
20.0
86.0
36.0
0.0
0.0
0.0
0.0
0.0
0.0
0.0
0.0
18.0
257.0
3.0
13.0
20.0
0.0
0.0
0.0
0.0
0.0
0.0
79.0
0.0
0.0
0.0
0.0
0.0
48.0
495.0
94.0
0.0
0.0
0.0
0.0
0.0
0.0
20.0
122.0
0.0
0.0
18.0
109.0
0.0
175.0
0.0
0.0
0.0
86.0
0.0
0.0
0.0
119.0
76.0
15.0
97.0
178.0
0.0
0.0
61.0
0.0
20.0
15.0
0.0
76.0
0.0
0.0
25.0
0.0
0.0
0.0
36.0
0.0
20.0
8.0
0.0
0.0
0.0
0.0
10.0
13.0
0.0
0.0
38.0
8.0
0.0
0.0
46.0
8.0
46.0
0.0
0.0
97.0
0.0
107.0
0.0
122.0
41.0
0.0
15.0
0.0
10.0
0.0
0.0
5.0
28.0
0.0
69.0
0.0
0.0
0.0
10.0
64.0
0.0
0.0
56.0
0.0
0.0
0.0
0.0
0.0
74.0
0.0
5.0
0.0
0.0
0.0
8.0
0.0
36.0
0.0
0.0
0.0
0.0
84.0
74.0
0.0
0.0
0.0
0.0
0.0
0.0
0.0
0.0
0.0
64.0
0.0
0.0
20.0
0.0
74.0
3.0
0.0
104.0
30.0
0.0
86.0
10.0
0.0
30.0
0.0
0.0
0.0
180.0
218.0
0.0
0.0
0.0
8.0
0.0
0.0
0.0
0.0
0.0
0.0
0.0
0.0
0.0
0.0
0.0
0.0
135.0
91.0
0.0
0.0
0.0
56.0
0.0
0.0
0.0
0.0
0.0
84.0
0.0
0.0
0.0
5.0
0.0
0.0
0.0
0.0
0.0
0.0
0.0
74.0
46.0
175.0
178.0
0.0
0.0
0.0
0.0
0.0
0.0
122.0
25.0
0.0
48.0
0.0
0.0
0.0
0.0
5.0
8.0
64.0
28.0
0.0
0.0
0.0
0.0
0.0
0.0
0.0
0.0
18.0
0.0
0.0
345.0
0.0
38.0
333.0
0.0
0.0
0.0
0.0
28.0
0.0
112.0
0.0
97.0
0.0
38.0
0.0
0.0
0.0
0.0
249.0
23.0
0.0
0.0
0.0
175.0
30.0
0.0
0.0
0.0
28.0
112.0
0.0
0.0
0.0
5.0
170.0
33.0
0.0
0.0
0.0
0.0
0.0
0.0
0.0
20.0
0.0
0.0
231.0
0.0
18.0
0.0
0.0
0.0
0.0
0.0
0.0
0.0
0.0
0.0
0.0
0.0
0.0
13.0
0.0
0.0
231.0
0.0
0.0
0.0
8.0
0.0
0.0
0.0
0.0
0.0
41.0
66.0
0.0
0.0
0.0
15.0
193.0
0.0
0.0
0.0
0.0
0.0
0.0
0.0
0.0
0.0
5.0
76.0
33.0
0.0
284.0
0.0
0.0
0.0
23.0
48.0
99.0
18.0
0.0
102.0
0.0
5.0
0.0
0.0
0.0
15.0
0.0
0.0
5.0
0.0
0.0
0.0
18.0
0.0
0.0
56.0
43.0
36.0
0.0
0.0
0.0
0.0
0.0
89.0
5.0
0.0
0.0
0.0
0.0
0.0
0.0
23.0
91.0
0.0
33.0
0.0
221.0
287.0
15.0
0.0
0.0
0.0
0.0
0.0
0.0
0.0
0.0
0.0
104.0
0.0
0.0
3.0
0.0
71.0
23.0
0.0
0.0
0.0
0.0
0.0
15.0
43.0
0.0
38.0
0.0
0.0
0.0
150.0
0.0
0.0
0.0
0.0
18.0
0.0
168.0
56.0
66.0
0.0
0.0
0.0
51.0
0.0
13.0
0.0
0.0
0.0
0.0
15.0
0.0
10.0
0.0
0.0
0.0
0.0
0.0
0.0
0.0
0.0
61.0
0.0
0.0
0.0
0.0
0.0
10.0
0.0
0.0
13.0
5.0
0.0
0.0
0.0
0.0
20.0
3.0
0.0
0.0
20.0
0.0
0.0
3.0
53.0
20.0
0.0
86.0
0.0
0.0
0.0
0.0
0.0
307.0
0.0
0.0
0.0
56.0
0.0
8.0
5.0
160.0
0.0
0.0
20.0
46.0
20.0
38.0
74.0
8.0
0.0
51.0
15.0
0.0
0.0
23.0
0.0
0.0
0.0
0.0
0.0
0.0
30.0
66.0
46.0
10.0
13.0
130.0
36.0
0.0
0.0
8.0
0.0
0.0
0.0
25.0
0.0
0.0
0.0
51.0
0.0
0.0
0.0
0.0
0.0
0.0
0.0
0.0
0.0
180.0
15.0
8.0
0.0
0.0
0.0
0.0
0.0
46.0
0.0
0.0
36.0
38.0
0.0
0.0
8.0
76.0
0.0
0.0
0.0
0.0
0.0
46.0
0.0
0.0
0.0
5.0
53.0
0.0
5.0
36.0
0.0
0.0
0.0
0.0
0.0
0.0
0.0
0.0
0.0
43.0
0.0
0.0
0.0
0.0
0.0
0.0
0.0
69.0
0.0
0.0
0.0
0.0
89.0
0.0
0.0
0.0
0.0
0.0
0.0
0.0
147.0
119.0
0.0
0.0
0.0
36.0
0.0
0.0
0.0
0.0
0.0
3.0
0.0
0.0
0.0
0.0
0.0
0.0
0.0
41.0
0.0
0.0
0.0
0.0
0.0
0.0
0.0
0.0
0.0
71.0
0.0
0.0
0.0
0.0
277.0
0.0
0.0
0.0
0.0
0.0
0.0
53.0
0.0
0.0
0.0
89.0
0.0
8.0
23.0
0.0
0.0
0.0
43.0
0.0
124.0
0.0
0.0
0.0
0.0
61.0
0.0
0.0
0.0
0.0
0.0
0.0
0.0
0.0
0.0
20.0
147.0
0.0
0.0
0.0
0.0
0.0
0.0
0.0
0.0
8.0
10.0
0.0
89.0
0.0
0.0
15.0
46.0
198.0
152.0
0.0
0.0
0.0
3.0
0.0
0.0
18.0
0.0
0.0
0.0
0.0
0.0
0.0
0.0
13.0
0.0
0.0
8.0
3.0
0.0
0.0
23.0
282.0
0.0
0.0
0.0
0.0
36.0
0.0
56.0
0.0
0.0
0.0
0.0
0.0
5.0
0.0
0.0
185.0
0.0
33.0
10.0
0.0
10.0
0.0
13.0
0.0
0.0
0.0
0.0
0.0
0.0
0.0
3.0
183.0
0.0
5.0
0.0
0.0
0.0
0.0
0.0
0.0
0.0
10.0
0.0
0.0
0.0
0.0
8.0
0.0
25.0
33.0
0.0
0.0
0.0
0.0
0.0
0.0
0.0
0.0
71.0
23.0
84.0
56.0
20.0
0.0
51.0
0.0
107.0
5.0
0.0
51.0
15.0
69.0
0.0
0.0
0.0
20.0
107.0
0.0
0.0
71.0
175.0
0.0
0.0
0.0
61.0
51.0
20.0
0.0
41.0
15.0
33.0
0.0
0.0
10.0
0.0
28.0
0.0
15.0
0.0
81.0
58.0
0.0
30.0
10.0
0.0
109.0
0.0
20.0
0.0
15.0
0.0
0.0
0.0
0.0
76.0
0.0
0.0
0.0
0.0
10.0
5.0
36.0
0.0
61.0
10.0
0.0
0.0
0.0
86.0
0.0
13.0
0.0
0.0
0.0
41.0
30.0
0.0
76.0
18.0
0.0
0.0
0.0
0.0
0.0
0.0
23.0
33.0
8.0
0.0
30.0
5.0
107.0
0.0
20.0
0.0
20.0
NaN
NaN
0.0
18.0
38.0
0.0
130.0
5.0
0.0
23.0
0.0
46.0
0.0
0.0
25.0
0.0
0.0
0.0
104.0
0.0
8.0
3.0
8.0
0.0
0.0
0.0
102.0
5.0
132.0
0.0
0.0
0.0
0.0
0.0
56.0
0.0
0.0
0.0
0.0
41.0
8.0
0.0
5.0
0.0
0.0
0.0
0.0
0.0
160.0
0.0
124.0
0.0
356.0
0.0
36.0
168.0
3.0
0.0
38.0
0.0
0.0
0.0
0.0
0.0
0.0
0.0
0.0
201.0
0.0
0.0
0.0
23.0
30.0
56.0
25.0
0.0
0.0
0.0
0.0
10.0
58.0
0.0
0.0
0.0
0.0
0.0
0.0
0.0
0.0
0.0
0.0
0.0
0.0
0.0
0.0
33.0
122.0
0.0
10.0
0.0
5.0
0.0
38.0
0.0
0.0
15.0
0.0
0.0
0.0
30.0
8.0
48.0
64.0
0.0
0.0
0.0
0.0
10.0
69.0
140.0
94.0
23.0
8.0
0.0
0.0
269.0
91.0
0.0
5.0
36.0
5.0
0.0
0.0
0.0
15.0
15.0
56.0
0.0
0.0
69.0
79.0
41.0
10.0
0.0
0.0
109.0
0.0
0.0
0.0
0.0
0.0
0.0
0.0
71.0
0.0
0.0
0.0
0.0
0.0
66.0
36.0
0.0
0.0
0.0
79.0
20.0
18.0
10.0
0.0
3.0
0.0
0.0
33.0
0.0
13.0
89.0
0.0
0.0
0.0
8.0
10.0
0.0
0.0
0.0
41.0
10.0
0.0
0.0
0.0
0.0
0.0
36.0
0.0
0.0
0.0
0.0
163.0
15.0
0.0
0.0
33.0
61.0
36.0
0.0
0.0
0.0
0.0
0.0
0.0
0.0
0.0
0.0
8.0
48.0
61.0
10.0
0.0
20.0
163.0
0.0
0.0
0.0
0.0
15.0
13.0
46.0
0.0
0.0
0.0
0.0
3.0
0.0
0.0
0.0
0.0
0.0
0.0
122.0
8.0
5.0
157.0
544.0
20.0
0.0
0.0
0.0
25.0
168.0
0.0
0.0
0.0
99.0
0.0
3.0
0.0
0.0
0.0
254.0
0.0
0.0
13.0
0.0
0.0
135.0
89.0
0.0
0.0
0.0
0.0
25.0
33.0
10.0
0.0
0.0
0.0
117.0
46.0
0.0
0.0
0.0
20.0
51.0
5.0
3.0
0.0
241.0
0.0
46.0
30.0
0.0
10.0
20.0
211.0
0.0
0.0
102.0
0.0
0.0
38.0
20.0
0.0
0.0
0.0
0.0
0.0
71.0
10.0
0.0
0.0
104.0
224.0
0.0
0.0
0.0
150.0
0.0
99.0
0.0
0.0
0.0
0.0
0.0
13.0
0.0
0.0
0.0
0.0
0.0
3.0
8.0
0.0
0.0
53.0
58.0
20.0
0.0
0.0
0.0
13.0
53.0
0.0
0.0
0.0
46.0
53.0
0.0
0.0
0.0
0.0
117.0
10.0
0.0
0.0
0.0
0.0
0.0
8.0
30.0
53.0
0.0
0.0
69.0
36.0
185.0
10.0
8.0
0.0
41.0
5.0
0.0
0.0
3.0
0.0
0.0
0.0
69.0
0.0
61.0
0.0
28.0
206.0
81.0
0.0
97.0
86.0
0.0
188.0
208.0
0.0
0.0
0.0
0.0
0.0
0.0
0.0
0.0
0.0
3.0
18.0
0.0
0.0
86.0
91.0
8.0
0.0
3.0
0.0
15.0
0.0
0.0
38.0
41.0
0.0
0.0
0.0
0.0
0.0
0.0
0.0
0.0
0.0
0.0
109.0
28.0
0.0
0.0
0.0
0.0
99.0
0.0
0.0
0.0
0.0
109.0
3.0
0.0
0.0
0.0
69.0
152.0
3.0
94.0
3.0
0.0
15.0
3.0
0.0
18.0
0.0
0.0
0.0
0.0
0.0
5.0
0.0
0.0
102.0
0.0
51.0
28.0
0.0
25.0
36.0
61.0
0.0
135.0
46.0
0.0
20.0
315.0
0.0
0.0
0.0
0.0
0.0
0.0
0.0
0.0
71.0
0.0
0.0
0.0
0.0
0.0
0.0
0.0
0.0
0.0
234.0
3.0
193.0
3.0
0.0
0.0
0.0
0.0
0.0
0.0
0.0
0.0
0.0
0.0
3.0
0.0
8.0
152.0
0.0
0.0
0.0
0.0
0.0
0.0
86.0
0.0
0.0
0.0
0.0
43.0
152.0
36.0
0.0
0.0
81.0
48.0
69.0
53.0
0.0
0.0
0.0
0.0
0.0
0.0
155.0
104.0
28.0
0.0
0.0
0.0
0.0
15.0
23.0
0.0
36.0
8.0
0.0
0.0
0.0
0.0
0.0
0.0
0.0
0.0
0.0
0.0
0.0
0.0
0.0
0.0
0.0
0.0
0.0
0.0
0.0
0.0
0.0
0.0
0.0
0.0
0.0
0.0
8.0
147.0
0.0
0.0
0.0
13.0
0.0
0.0
0.0
0.0
0.0
0.0
0.0
0.0
0.0
0.0
20.0
0.0
8.0
0.0
5.0
0.0
0.0
0.0
0.0
0.0
0.0
165.0
0.0
0.0
0.0
38.0
0.0
0.0
0.0
0.0
0.0
0.0
0.0
0.0
0.0
20.0
142.0
99.0
51.0
81.0
0.0
58.0
0.0
0.0
0.0
0.0
0.0
0.0
0.0
0.0
0.0
0.0
0.0
282.0
173.0
18.0
18.0
0.0
0.0
56.0
74.0
0.0
23.0
79.0
28.0
10.0
147.0
196.0
0.0
0.0
0.0
0.0
0.0
41.0
10.0
15.0
0.0
0.0
23.0
30.0
10.0
0.0
15.0
0.0
0.0
0.0
183.0
0.0
163.0
86.0
0.0
0.0
0.0
43.0
56.0
145.0
5.0
0.0
30.0
41.0
10.0
0.0
30.0
10.0
0.0
0.0
15.0
0.0
97.0
0.0
15.0
20.0
0.0
0.0
0.0
0.0
0.0
0.0
0.0
66.0
155.0
5.0
119.0
3.0
0.0
0.0
193.0
0.0
20.0
0.0
0.0
0.0
99.0
0.0
0.0
46.0
20.0
86.0
0.0
8.0
5.0
91.0
91.0
0.0
0.0
0.0
5.0
0.0
0.0
23.0
89.0
0.0
259.0
33.0
0.0
30.0
0.0
0.0
0.0
89.0
23.0
0.0
0.0
284.0
0.0
3.0
43.0
79.0
56.0
0.0
0.0
0.0
0.0
0.0
46.0
5.0
0.0
43.0
0.0
5.0
10.0
0.0
51.0
10.0
0.0
0.0
0.0
0.0
51.0
0.0
0.0
99.0
0.0
302.0
23.0
28.0
33.0
53.0
0.0
0.0
0.0
0.0
58.0
0.0
3.0
0.0
0.0
0.0
0.0
0.0
0.0
0.0
173.0
0.0
0.0
0.0
0.0
0.0
119.0
13.0
3.0
0.0
20.0
36.0
0.0
38.0
15.0
0.0
142.0
0.0
0.0
193.0
71.0
64.0
175.0
0.0
378.0
0.0
0.0
0.0
0.0
0.0
20.0
0.0
0.0
0.0
0.0
0.0
97.0
0.0
0.0
5.0
0.0
13.0
0.0
0.0
5.0
30.0
0.0
3.0
0.0
0.0
0.0
0.0
74.0
41.0
64.0
0.0
86.0
91.0
86.0
0.0
0.0
0.0
0.0
0.0
15.0
0.0
0.0
0.0
122.0
0.0
0.0
36.0
0.0
0.0
0.0
0.0
0.0
0.0
0.0
0.0
0.0
0.0
0.0
198.0
0.0
0.0
0.0
0.0
0.0
0.0
0.0
69.0
0.0
0.0
0.0
0.0
0.0
36.0
0.0
0.0
0.0
0.0
23.0
3.0
0.0
0.0
0.0
18.0
0.0
0.0
0.0
23.0
0.0
3.0
0.0
0.0
178.0
0.0
0.0
0.0
0.0
0.0
0.0
241.0
0.0
0.0
0.0
5.0
0.0
0.0
30.0
36.0
0.0
81.0
0.0
20.0
0.0
0.0
0.0
0.0
0.0
0.0
86.0
10.0
0.0
0.0
0.0
0.0
33.0
0.0
0.0
0.0
0.0
0.0
0.0
13.0
0.0
0.0
84.0
175.0
3.0
48.0
130.0
8.0
0.0
0.0
0.0
46.0
0.0
0.0
0.0
0.0
5.0
0.0
38.0
20.0
0.0
0.0
0.0
0.0
30.0
23.0
0.0
0.0
0.0
0.0
0.0
0.0
0.0
0.0
48.0
0.0
0.0
0.0
0.0
114.0
163.0
74.0
3.0
0.0
0.0
0.0
0.0
84.0
0.0
109.0
0.0
15.0
30.0
0.0
0.0
13.0
97.0
33.0
0.0
25.0
48.0
71.0
0.0
36.0
5.0
0.0
0.0
94.0
66.0
0.0
0.0
0.0
0.0
71.0
20.0
0.0
5.0
66.0
13.0
0.0
0.0
33.0
0.0
15.0
36.0
3.0
0.0
41.0
0.0
25.0
10.0
8.0
0.0
0.0
0.0
13.0
0.0
58.0
15.0
41.0
20.0
0.0
0.0
10.0
18.0
175.0
8.0
165.0
0.0
0.0
0.0
15.0
10.0
5.0
51.0
20.0
30.0
0.0
0.0
0.0
0.0
15.0
97.0
5.0
0.0
211.0
3.0
0.0
0.0
0.0
0.0
0.0
5.0
91.0
28.0
0.0
0.0
0.0
0.0
0.0
5.0
0.0
0.0
58.0
0.0
51.0
79.0
0.0
0.0
0.0
102.0
0.0
142.0
13.0
0.0
8.0
0.0
0.0
20.0
0.0
0.0
38.0
20.0
36.0
0.0
10.0
0.0
8.0
0.0
0.0
97.0
0.0
0.0
0.0
13.0
13.0
0.0
218.0
3.0
107.0
0.0
13.0
0.0
0.0
18.0
0.0
0.0
0.0
5.0
188.0
43.0
0.0
0.0
0.0
0.0
0.0
0.0
0.0
0.0
0.0
0.0
0.0
3.0
13.0
0.0
396.0
10.0
0.0
0.0
0.0
53.0
0.0
0.0
0.0
0.0
10.0
0.0
15.0
0.0
0.0
15.0
8.0
155.0
3.0
0.0
0.0
0.0
0.0
15.0
25.0
0.0
0.0
0.0
0.0
0.0
0.0
0.0
0.0
234.0
0.0
0.0
0.0
41.0
10.0
0.0
0.0
3.0
224.0
28.0
79.0
0.0
0.0
340.0
0.0
3.0
0.0
0.0
0.0
0.0
137.0
13.0
0.0
3.0
231.0
0.0
112.0
36.0
0.0
0.0
0.0
0.0
61.0
102.0
0.0
0.0
0.0
0.0
0.0
0.0
0.0
0.0
0.0
0.0
0.0
0.0
0.0
0.0
0.0
112.0
0.0
147.0
94.0
0.0
0.0
0.0
0.0
0.0
79.0
10.0
0.0
0.0
163.0
0.0
0.0
0.0
0.0
0.0
0.0
0.0
0.0
0.0
244.0
282.0
0.0
8.0
0.0
0.0
0.0
0.0
0.0
307.0
119.0
41.0
0.0
0.0
0.0
0.0
0.0
0.0
53.0
287.0
122.0
104.0
41.0
246.0
10.0
0.0
3.0
112.0
84.0
152.0
0.0
0.0
25.0
0.0
53.0
0.0
0.0
0.0
0.0
0.0
188.0
0.0
0.0
0.0
10.0
0.0
0.0
178.0
69.0
3.0
0.0
0.0
0.0
0.0
20.0
23.0
0.0
0.0
76.0
3.0
69.0
97.0
0.0
0.0
0.0
0.0
0.0
15.0
8.0
0.0
0.0
0.0
0.0
0.0
0.0
0.0
5.0
30.0
0.0
0.0
0.0
0.0
0.0
86.0
10.0
0.0
0.0
5.0
0.0
0.0
0.0
46.0
147.0
30.0
0.0
0.0
3.0
20.0
0.0
104.0
0.0
0.0
0.0
41.0
81.0
0.0
0.0
0.0
0.0
0.0
79.0
0.0
0.0
0.0
13.0
18.0
112.0
0.0
0.0
56.0
8.0
30.0
5.0
46.0
0.0
173.0
0.0
0.0
0.0
28.0
8.0
48.0
30.0
23.0
109.0
0.0
0.0
0.0
0.0
147.0
30.0
0.0
0.0
0.0
0.0
117.0
46.0
0.0
10.0
69.0
25.0
0.0
0.0
0.0
10.0
0.0
0.0
61.0
15.0
0.0
0.0
71.0
71.0
0.0
157.0
0.0
46.0
157.0
135.0
0.0
41.0
18.0
0.0
8.0
30.0
0.0
206.0
0.0
0.0
15.0
15.0
5.0
23.0
71.0
0.0
0.0
0.0
8.0
0.0
10.0
13.0
0.0
3.0
0.0
0.0
0.0
15.0
8.0
94.0
81.0
53.0
0.0
51.0
160.0
0.0
0.0
0.0
0.0
0.0
0.0
13.0
117.0
0.0
91.0
137.0
140.0
25.0
0.0
0.0
0.0
0.0
20.0
0.0
157.0
0.0
0.0
10.0
0.0
13.0
15.0
0.0
25.0
0.0
0.0
0.0
48.0
0.0
0.0
142.0
0.0
0.0
25.0
48.0
64.0
0.0
18.0
0.0
0.0
0.0
0.0
0.0
0.0
8.0
0.0
0.0
0.0
0.0
56.0
0.0
0.0
0.0
0.0
0.0
23.0
10.0
38.0
287.0
140.0
5.0
0.0
0.0
0.0
10.0
30.0
23.0
5.0
0.0
112.0
391.0
0.0
0.0
0.0
79.0
3.0
0.0
0.0
0.0
84.0
46.0
3.0
0.0
0.0
0.0
0.0
0.0
0.0
0.0
0.0
0.0
0.0
0.0
0.0
36.0
18.0
0.0
0.0
0.0
0.0
0.0
0.0
0.0
0.0
18.0
0.0
0.0
0.0
0.0
0.0
64.0
0.0
0.0
251.0
48.0
0.0
0.0
0.0
18.0
246.0
0.0
0.0
0.0
160.0
196.0
142.0
183.0
0.0
0.0
0.0
0.0
18.0
145.0
0.0
455.0
20.0
0.0
0.0
0.0
33.0
0.0
20.0
5.0
0.0
0.0
25.0
0.0
0.0
33.0
0.0
0.0
0.0
0.0
582.0
5.0
0.0
5.0
0.0
0.0
0.0
0.0
168.0
0.0
41.0
28.0
0.0
0.0
8.0
0.0
71.0
36.0
0.0
0.0
0.0
0.0
0.0
0.0
0.0
0.0
0.0
0.0
0.0
18.0
0.0
0.0
0.0
0.0
0.0
3.0
0.0
0.0
0.0
0.0
0.0
0.0
0.0
335.0
30.0
0.0
0.0
0.0
0.0
28.0
5.0
86.0
0.0
15.0
33.0
0.0
0.0
0.0
0.0
48.0
104.0
0.0
0.0
0.0
0.0
0.0
0.0
0.0
0.0
3.0
353.0
0.0
0.0
30.0
0.0
0.0
0.0
10.0
0.0
0.0
28.0
0.0
0.0
84.0
61.0
13.0
0.0
23.0
8.0
3.0
18.0
0.0
0.0
0.0
119.0
10.0
0.0
0.0
0.0
41.0
0.0
0.0
0.0
0.0
0.0
5.0
0.0
0.0
0.0
0.0
0.0
0.0
0.0
0.0
0.0
41.0
5.0
0.0
0.0
15.0
23.0
183.0
0.0
0.0
0.0
0.0
15.0
0.0
81.0
0.0
0.0
79.0
53.0
10.0
0.0
0.0
0.0
0.0
0.0
0.0
0.0
8.0
0.0
0.0
56.0
15.0
0.0
15.0
0.0
0.0
36.0
0.0
56.0
5.0
0.0
0.0
5.0
0.0
5.0
5.0
0.0
0.0
61.0
0.0
41.0
97.0
102.0
0.0
0.0
46.0
0.0
0.0
0.0
33.0
15.0
0.0
0.0
15.0
0.0
0.0
25.0
15.0
71.0
66.0
20.0
20.0
0.0
5.0
0.0
0.0
20.0
66.0
0.0
0.0
0.0
8.0
0.0
0.0
0.0
74.0
0.0
0.0
0.0
0.0
0.0
0.0
5.0
0.0
0.0
0.0
145.0
74.0
0.0
132.0
0.0
0.0
0.0
0.0
41.0
107.0
0.0
10.0
0.0
0.0
0.0
0.0
0.0
218.0
3.0
0.0
0.0
0.0
20.0
38.0
28.0
0.0
15.0
0.0
5.0
0.0
0.0
0.0
142.0
117.0
0.0
30.0
0.0
33.0
122.0
0.0
5.0
5.0
0.0
10.0
0.0
0.0
0.0
0.0
0.0
0.0
0.0
0.0
0.0
38.0
0.0
3.0
13.0
74.0
320.0
97.0
0.0
15.0
0.0
0.0
0.0
0.0
0.0
0.0
0.0
0.0
75.0
0.0
0.0
0.0
0.0
0.0
0.0
0.0
0.0
6.0
0.0
0.0
0.0
128.0
0.0
0.0
0.0
0.0
0.0
0.0
110.0
0.0
0.0
0.0
0.0
0.0
0.0
46.0
26.0
0.0
0.0
16.0
106.0
48.0
0.0
8.0
0.0
0.0
0.0
NaN
0.0
0.0
0.0
NaN
96.0
0.0
0.0
14.0
0.0
0.0
0.0
0.0
0.0
0.0
0.0
105.0
0.0
62.0
0.0
0.0
34.0
0.0
0.0
150.0
44.0
66.0
0.0
0.0
134.0
0.0
0.0
0.0
178.0
14.0
6.0
24.0
0.0
0.0
0.0
0.0
0.0
90.0
0.0
0.0
0.0
0.0
12.0
0.0
0.0
0.0
0.0
58.0
68.0
26.0
4.0
22.0
44.0
24.0
342.0
72.0
4.0
4.0
0.0
0.0
0.0
0.0
0.0
0.0
0.0
26.0
4.0
64.0
0.0
0.0
0.0
0.0
0.0
130.0
6.0
22.0
18.0
100.0
0.0
16.0
0.0
0.0
0.0
0.0
36.0
0.0
0.0
140.0
96.0
0.0
138.0
42.0
54.0
110.0
250.0
0.0
0.0
46.0
40.0
164.0
86.0
16.0
0.0
0.0
0.0
97.0
128.0
74.0
0.0
0.0
0.0
28.0
90.0
72.0
5.0
0.0
0.0
0.0
0.0
4.0
214.0
22.0
10.0
24.0
4.0
0.0
0.0
0.0
0.0
0.0
0.0
0.0
0.0
6.0
0.0
0.0
10.0
0.0
0.0
0.0
0.0
91.0
26.0
32.0
0.0
74.0
6.0
22.0
24.0
0.0
0.0
92.0
24.0
41.0
0.0
46.0
84.0
0.0
0.0
74.0
0.0
50.0
0.0
58.0
0.0
0.0
153.0
4.0
0.0
0.0
0.0
110.0
60.0
0.0
200.0
80.0
0.0
0.0
12.0
182.0
68.0
12.0
0.0
0.0
16.0
0.0
116.0
0.0
6.0
0.0
52.0
0.0
0.0
0.0
0.0
0.0
0.0
20.0
160.0
0.0
0.0
0.0
0.0
0.0
12.0
78.0
30.0
0.0
0.0
54.0
38.0
40.0
0.0
0.0
0.0
0.0
12.0
142.0
10.0
0.0
0.0
110.0
200.0
128.0
90.0
15.0
4.0
4.0
0.0
18.0
0.0
0.0
44.0
18.0
0.0
0.0
0.0
0.0
0.0
0.0
0.0
0.0
0.0
6.0
8.0
0.0
0.0
0.0
0.0
4.0
0.0
8.0
110.0
30.0
0.0
0.0
0.0
7.0
0.0
6.0
0.0
0.0
0.0
0.0
0.0
0.0
12.0
10.0
0.0
110.0
28.0
8.0
34.0
0.0
0.0
0.0
144.0
28.0
62.0
0.0
0.0
39.0
14.0
6.0
38.0
0.0
0.0
36.0
0.0
0.0
34.0
36.0
0.0
48.0
0.0
0.0
28.0
258.0
22.0
0.0
0.0
0.0
0.0
0.0
0.0
82.0
124.0
6.0
18.0
0.0
32.0
0.0
0.0
0.0
0.0
0.0
0.0
0.0
0.0
0.0
0.0
44.0
46.0
2.0
0.0
76.0
22.0
0.0
52.0
98.0
170.0
22.0
0.0
0.0
0.0
0.0
0.0
82.0
0.0
0.0
0.0
0.0
0.0
0.0
0.0
0.0
0.0
NaN
0.0
124.0
10.0
0.0
34.0
0.0
0.0
110.0
0.0
0.0
0.0
0.0
112.0
0.0
0.0
0.0
14.0
0.0
0.0
0.0
146.0
0.0
0.0
0.0
0.0
32.0
0.0
4.0
0.0
0.0
0.0
92.0
0.0
18.0
0.0
0.0
0.0
0.0
0.0
0.0
0.0
0.0
0.0
0.0
0.0
0.0
0.0
0.0
0.0
0.0
18.0
16.0
0.0
0.0
0.0
0.0
192.0
28.0
34.0
20.0
0.0
0.0
0.0
0.0
10.0
0.0
0.0
0.0
106.0
22.0
0.0
0.0
0.0
0.0
0.0
115.0
46.0
0.0
0.0
0.0
90.0
0.0
0.0
0.0
0.0
36.0
0.0
0.0
12.0
28.0
0.0
0.0
0.0
0.0
102.0
0.0
0.0
0.0
0.0
0.0
0.0
0.0
28.0
256.0
16.0
52.0
234.0
40.0
0.0
96.0
149.0
0.0
10.0
8.0
0.0
0.0
0.0
0.0
0.0
88.0
0.0
0.0
46.0
0.0
0.0
123.0
0.0
100.0
24.0
4.0
0.0
0.0
0.0
0.0
8.0
0.0
0.0
24.0
0.0
6.0
12.0
0.0
0.0
0.0
46.0
22.0
0.0
90.0
0.0
0.0
0.0
0.0
0.0
0.0
0.0
0.0
0.0
0.0
10.0
38.0
0.0
0.0
0.0
6.0
0.0
0.0
96.0
0.0
0.0
16.0
176.0
0.0
0.0
0.0
12.0
122.0
48.0
0.0
4.0
80.0
52.0
8.0
0.0
0.0
27.0
74.0
60.0
0.0
10.0
0.0
96.0
0.0
0.0
0.0
12.0
0.0
0.0
0.0
0.0
0.0
0.0
0.0
0.0
72.0
40.0
0.0
0.0
70.0
0.0
0.0
0.0
0.0
70.0
72.0
227.0
24.0
0.0
70.0
0.0
0.0
0.0
0.0
0.0
18.0
0.0
0.0
28.0
158.0
6.0
90.0
48.0
12.0
34.0
0.0
0.0
0.0
0.0
0.0
36.0
42.0
12.0
12.0
10.0
0.0
64.0
26.0
0.0
0.0
26.0
0.0
0.0
0.0
0.0
4.0
0.0
0.0
0.0
12.0
0.0
16.0
0.0
0.0
0.0
12.0
0.0
20.0
12.0
14.0
60.0
0.0
0.0
0.0
0.0
0.0
36.0
0.0
98.0
24.0
8.0
12.0
0.0
0.0
48.0
4.0
0.0
0.0
44.0
16.0
0.0
0.0
8.0
10.0
0.0
0.0
0.0
0.0
24.0
100.0
32.0
0.0
0.0
10.0
164.0
52.0
0.0
76.0
54.0
0.0
61.0
112.0
0.0
0.0
82.0
0.0
0.0
28.0
4.0
594.0
14.0
10.0
0.0
0.0
0.0
10.0
0.0
16.0
0.0
0.0
10.0
20.0
102.0
4.0
12.0
24.0
14.0
0.0
134.0
24.0
0.0
16.0
0.0
0.0
0.0
0.0
14.0
0.0
82.0
4.0
72.0
12.0
0.0
0.0
0.0
0.0
8.0
0.0
0.0
32.0
184.0
224.0
10.0
24.0
0.0
26.0
0.0
0.0
44.0
0.0
0.0
14.0
4.0
0.0
8.0
0.0
12.0
58.0
6.0
0.0
0.0
0.0
0.0
0.0
0.0
0.0
0.0
96.0
72.0
0.0
0.0
0.0
0.0
0.0
26.0
8.0
125.0
58.0
42.0
6.0
18.0
0.0
0.0
0.0
0.0
0.0
154.0
0.0
18.0
0.0
0.0
10.0
0.0
0.0
0.0
0.0
0.0
0.0
0.0
0.0
0.0
0.0
32.0
0.0
84.0
6.0
0.0
56.0
262.0
60.0
6.0
8.0
12.0
0.0
0.0
0.0
0.0
34.0
0.0
0.0
0.0
58.0
4.0
0.0
0.0
51.0
0.0
0.0
0.0
0.0
0.0
66.0
0.0
0.0
8.0
0.0
10.0
46.0
0.0
0.0
0.0
6.0
0.0
0.0
0.0
0.0
165.0
0.0
0.0
18.0
0.0
0.0
356.0
14.0
0.0
0.0
0.0
0.0
0.0
0.0
0.0
0.0
0.0
0.0
0.0
0.0
0.0
0.0
0.0
0.0
148.0
0.0
34.0
42.0
18.0
60.0
0.0
76.0
56.0
0.0
64.0
26.0
6.0
0.0
0.0
6.0
4.0
0.0
14.0
0.0
0.0
12.0
0.0
4.0
0.0
0.0
25.0
4.0
0.0
0.0
18.0
72.0
0.0
6.0
0.0
22.0
92.0
0.0
18.0
118.0
0.0
0.0
0.0
0.0
10.0
8.0
0.0
0.0
0.0
6.0
0.0
158.0
152.0
164.0
0.0
268.0
0.0
92.0
6.0
6.0
6.0
128.0
0.0
0.0
0.0
0.0
14.0
38.0
0.0
0.0
0.0
50.0
0.0
0.0
0.0
0.0
140.0
0.0
0.0
0.0
0.0
82.0
66.0
94.0
464.0
86.0
0.0
0.0
0.0
0.0
0.0
0.0
0.0
6.0
0.0
0.0
0.0
30.0
0.0
8.0
0.0
90.0
31.0
0.0
12.0
0.0
0.0
0.0
6.0
0.0
0.0
0.0
0.0
4.0
4.0
12.0
0.0
0.0
12.0
0.0
0.0
0.0
176.0
20.0
0.0
0.0
0.0
0.0
0.0
0.0
0.0
0.0
0.0
18.0
0.0
0.0
6.0
78.0
0.0
0.0
0.0
4.0
6.0
54.0
26.0
0.0
0.0
12.0
18.0
10.0
8.0
0.0
0.0
0.0
0.0
6.0
24.0
22.0
0.0
144.0
0.0
4.0
6.0
0.0
0.0
0.0
0.0
64.0
94.0
5.0
0.0
23.0
20.0
0.0
55.0
50.0
0.0
0.0
10.0
38.0
12.0
44.0
13.0
0.0
2.0
204.0
6.0
0.0
0.0
28.0
94.0
42.0
4.0
40.0
6.0
36.0
216.0
50.0
0.0
4.0
0.0
17.0
0.0
0.0
0.0
0.0
6.0
0.0
0.0
68.0
72.0
76.0
4.0
0.0
0.0
0.0
0.0
0.0
6.0
8.0
0.0
0.0
15.0
4.0
117.0
80.0
0.0
0.0
0.0
381.0
4.0
0.0
0.0
0.0
0.0
14.0
8.0
0.0
0.0
0.0
0.0
0.0
46.0
8.0
53.0
128.0
8.0
0.0
79.0
4.0
227.0
20.0
55.0
0.0
0.0
0.0
0.0
32.0
4.0
0.0
0.0
0.0
203.0
0.0
0.0
0.0
0.0
0.0
0.0
0.0
0.0
20.0
24.0
0.0
16.0
0.0
0.0
0.0
64.0
0.0
148.0
0.0
0.0
0.0
0.0
0.0
0.0
53.0
9.0
52.0
0.0
54.0
0.0
0.0
216.0
80.0
0.0
0.0
0.0
16.0
266.0
90.0
5.0
74.0
48.0
6.0
168.0
0.0
0.0
67.0
0.0
0.0
42.0
0.0
44.0
28.0
0.0
0.0
24.0
0.0
0.0
6.0
0.0
18.0
0.0
158.0
0.0
0.0
0.0
0.0
0.0
0.0
0.0
22.0
4.0
114.0
44.0
10.0
0.0
0.0
0.0
0.0
0.0
0.0
76.0
0.0
10.0
96.0
85.0
0.0
0.0
176.0
68.0
0.0
0.0
8.0
0.0
284.0
0.0
0.0
39.0
0.0
0.0
0.0
0.0
0.0
268.0
10.0
54.0
14.0
0.0
7.0
0.0
0.0
0.0
6.0
18.0
4.0
0.0
130.0
24.0
6.0
86.0
0.0
0.0
55.0
0.0
0.0
0.0
78.0
0.0
0.0
19.0
0.0
0.0
0.0
0.0
0.0
0.0
13.0
4.0
0.0
0.0
42.0
5.0
0.0
0.0
0.0
0.0
30.0
6.0
0.0
0.0
0.0
10.0
0.0
10.0
0.0
0.0
13.0
24.0
0.0
0.0
60.0
24.0
8.0
0.0
112.0
78.0
0.0
0.0
0.0
54.0
29.0
146.0
0.0
0.0
14.0
10.0
0.0
8.0
0.0
46.0
0.0
0.0
0.0
0.0
0.0
32.0
71.0
62.0
0.0
0.0
14.0
18.0
0.0
0.0
6.0
56.0
14.0
0.0
4.0
16.0
102.0
0.0
0.0
6.0
6.0
0.0
10.0
0.0
3.0
5.0
32.0
0.0
0.0
0.0
0.0
0.0
0.0
0.0
0.0
0.0
0.0
16.0
54.0
24.0
22.0
32.0
98.0
0.0
0.0
0.0
28.0
26.0
10.0
0.0
10.0
330.0
0.0
0.0
0.0
0.0
0.0
6.0
0.0
0.0
101.0
0.0
3.0
65.0
19.0
5.0
0.0
0.0
32.0
0.0
0.0
0.0
0.0
20.0
60.0
0.0
0.0
0.0
25.0
10.0
0.0
0.0
0.0
0.0
42.0
16.0
8.0
8.0
36.0
42.0
0.0
0.0
0.0
0.0
0.0
102.0
0.0
0.0
40.0
98.0
9.0
0.0
0.0
11.0
0.0
0.0
46.0
0.0
0.0
0.0
107.0
35.0
27.0
234.0
3.0
0.0
72.0
289.0
0.0
5.0
0.0
0.0
249.0
44.0
17.0
4.0
0.0
204.0
99.0
6.0
7.0
0.0
0.0
0.0
0.0
10.0
0.0
0.0
0.0
43.0
259.0
82.0
0.0
0.0
96.0
11.0
0.0
0.0
0.0
0.0
0.0
0.0
0.0
0.0
24.0
18.0
17.0
57.0
0.0
13.0
0.0
0.0
0.0
0.0
25.0
0.0
0.0
0.0
0.0
54.0
12.0
6.0
0.0
0.0
45.0
262.0
0.0
13.0
0.0
0.0
12.0
19.0
158.0
45.0
4.0
0.0
0.0
0.0
0.0
0.0
0.0
77.0
4.0
0.0
0.0
0.0
0.0
0.0
0.0
0.0
52.0
0.0
0.0
0.0
0.0
0.0
0.0
0.0
168.0
126.0
6.0
0.0
0.0
0.0
0.0
0.0
16.0
89.0
239.0
167.0
0.0
0.0
0.0
0.0
0.0
0.0
17.0
0.0
33.0
96.0
24.0
0.0
46.0
37.0
0.0
152.0
226.0
21.0
0.0
0.0
0.0
0.0
0.0
0.0
0.0
0.0
0.0
0.0
0.0
58.0
0.0
100.0
6.0
22.0
138.0
0.0
394.0
19.0
0.0
0.0
34.0
12.0
0.0
0.0
0.0
0.0
111.0
0.0
0.0
382.0
81.0
12.0
0.0
12.0
205.0
9.0
0.0
0.0
63.0
16.0
0.0
0.0
0.0
736.0
106.0
178.0
0.0
0.0
52.0
4.0
13.0
0.0
0.0
4.0
0.0
0.0
0.0
4.0
20.0
6.0
208.0
14.0
0.0
26.0
107.0
153.0
24.0
0.0
23.0
68.0
191.0
0.0
0.0
0.0
0.0
6.0
0.0
0.0
27.0
48.0
10.0
0.0
0.0
0.0
0.0
0.0
0.0
0.0
0.0
0.0
0.0
0.0
0.0
84.0
241.0
0.0
0.0
0.0
0.0
0.0
85.0
4.0
0.0
0.0
67.0
139.0
0.0
0.0
13.0
0.0
0.0
9.0
60.0
30.0
15.0
0.0
0.0
0.0
15.0
0.0
0.0
4.0
0.0
0.0
4.0
175.0
85.0
0.0
0.0
0.0
0.0
12.0
10.0
0.0
0.0
69.0
0.0
8.0
69.0
4.0
0.0
6.0
0.0
0.0
0.0
6.0
16.0
28.0
8.0
8.0
8.0
0.0
16.0
4.0
0.0
68.0
0.0
118.0
0.0
0.0
0.0
0.0
0.0
12.0
0.0
22.0
190.0
0.0
0.0
160.0
120.0
110.0
0.0
0.0
36.0
6.0
2.0
0.0
0.0
NaN
0.0
0.0
0.0
0.0
60.0
4.0
8.0
0.0
0.0
0.0
24.0
0.0
0.0
0.0
8.0
6.0
0.0
5.0
38.0
0.0
0.0
4.0
0.0
0.0
155.0
0.0
65.0
0.0
0.0
0.0
35.0
0.0
16.0
0.0
8.0
12.0
0.0
0.0
0.0
103.0
112.0
0.0
0.0
0.0
171.0
0.0
0.0
113.0
0.0
0.0
120.0
16.0
0.0
0.0
0.0
16.0
6.0
18.0
0.0
0.0
0.0
91.0
0.0
0.0
30.0
7.0
0.0
0.0
0.0
0.0
0.0
34.0
0.0
0.0
0.0
6.0
0.0
0.0
0.0
0.0
0.0
0.0
69.0
0.0
7.0
0.0
0.0
0.0
0.0
0.0
0.0
0.0
0.0
0.0
8.0
0.0
0.0
209.0
0.0
0.0
0.0
46.0
148.0
6.0
0.0
0.0
190.0
121.0
0.0
10.0
0.0
225.0
0.0
0.0
0.0
22.0
0.0
0.0
0.0
0.0
9.0
209.0
4.0
0.0
29.0
0.0
43.0
34.0
8.0
0.0
0.0
79.0
11.0
6.0
131.0
0.0
0.0
0.0
0.0
59.0
5.0
0.0
0.0
0.0
0.0
0.0
30.0
24.0
0.0
0.0
0.0
0.0
47.0
8.0
0.0
0.0
0.0
0.0
0.0
0.0
0.0
0.0
0.0
42.0
0.0
0.0
130.0
0.0
142.0
18.0
2.0
8.0
0.0
0.0
156.0
9.0
0.0
0.0
0.0
0.0
0.0
0.0
0.0
0.0
0.0
0.0
94.0
12.0
0.0
22.0
0.0
478.0
0.0
0.0
13.0
0.0
75.0
0.0
0.0
0.0
8.0
6.0
0.0
0.0
0.0
0.0
0.0
0.0
0.0
0.0
0.0
0.0
31.0
6.0
4.0
117.0
0.0
6.0
0.0
21.0
301.0
17.0
26.0
0.0
148.0
83.0
4.0
0.0
0.0
0.0
0.0
0.0
0.0
0.0
0.0
59.0
0.0
0.0
64.0
0.0
0.0
0.0
16.0
0.0
0.0
0.0
0.0
0.0
48.0
0.0
0.0
0.0
0.0
0.0
0.0
0.0
0.0
12.0
0.0
24.0
275.0
36.0
5.0
10.0
0.0
0.0
0.0
0.0
26.0
128.0
193.0
44.0
0.0
0.0
0.0
0.0
0.0
0.0
166.0
88.0
19.0
0.0
180.0
7.0
0.0
44.0
0.0
133.0
6.0
0.0
0.0
17.0
135.0
28.0
113.0
0.0
0.0
86.0
70.0
0.0
0.0
0.0
0.0
0.0
225.0
36.0
0.0
48.0
98.0
12.0
0.0
0.0
128.0
184.0
14.0
0.0
34.0
0.0
0.0
0.0
0.0
0.0
0.0
0.0
0.0
0.0
0.0
0.0
0.0
14.0
78.0
34.0
10.0
0.0
36.0
61.0
0.0
10.0
42.0
0.0
0.0
0.0
48.0
16.0
20.0
0.0
0.0
0.0
0.0
36.0
28.0
0.0
46.0
98.0
8.0
0.0
0.0
58.0
4.0
0.0
0.0
0.0
0.0
0.0
0.0
0.0
0.0
21.0
0.0
8.0
0.0
0.0
0.0
106.0
0.0
17.0
0.0
0.0
0.0
0.0
0.0
0.0
2.0
0.0
7.0
33.0
48.0
57.0
0.0
0.0
0.0
0.0
0.0
0.0
0.0
0.0
0.0
119.0
79.0
10.0
38.0
0.0
0.0
0.0
0.0
50.0
13.0
5.0
0.0
0.0
0.0
0.0
38.0
30.0
0.0
7.0
106.0
0.0
0.0
200.0
12.0
43.0
0.0
132.0
123.0
0.0
46.0
56.0
12.0
0.0
0.0
0.0
0.0
0.0
0.0
0.0
0.0
36.0
75.0
55.0
169.0
212.0
54.0
48.0
19.0
0.0
7.0
114.0
0.0
0.0
0.0
0.0
0.0
0.0
42.0
0.0
0.0
0.0
0.0
281.0
0.0
51.0
0.0
0.0
0.0
79.0
0.0
0.0
8.0
142.0
9.0
35.0
0.0
0.0
172.0
0.0
80.0
54.0
0.0
0.0
38.0
0.0
0.0
0.0
0.0
18.0
0.0
0.0
0.0
0.0
0.0
0.0
0.0
0.0
0.0
0.0
0.0
0.0
241.0
26.0
0.0
46.0
0.0
0.0
0.0
182.0
0.0
0.0
0.0
0.0
0.0
0.0
0.0
0.0
0.0
0.0
0.0
0.0
18.0
0.0
6.0
0.0
34.0
0.0
0.0
0.0
0.0
0.0
0.0
0.0
192.0
19.0
67.0
0.0
0.0
299.0
4.0
0.0
0.0
0.0
118.0
0.0
180.0
76.0
0.0
0.0
0.0
0.0
0.0
0.0
0.0
0.0
0.0
NaN
NaN
0.0
0.0
0.0
15.0
0.0
0.0
0.0
203.0
0.0
0.0
0.0
0.0
0.0
62.0
0.0
0.0
0.0
0.0
10.0
0.0
0.0
0.0
0.0
148.0
82.0
0.0
79.0
0.0
538.0
4.0
0.0
0.0
0.0
10.0
0.0
0.0
0.0
0.0
0.0
0.0
0.0
6.0
6.0
16.0
0.0
0.0
88.0
0.0
0.0
9.0
79.0
80.0
0.0
0.0
33.0
0.0
0.0
0.0
0.0
0.0
171.0
18.0
0.0
19.0
0.0
0.0
0.0
0.0
0.0
0.0
44.0
128.0
44.0
0.0
0.0
0.0
0.0
0.0
0.0
152.0
80.0
0.0
0.0
0.0
122.0
34.0
20.0
45.0
72.0
48.0
0.0
85.0
52.0
0.0
0.0
0.0
108.0
72.0
0.0
0.0
14.0
22.0
32.0
24.0
162.0
NaN
0.0
18.0
22.0
0.0
124.0
8.0
0.0
28.0
8.0
0.0
22.0
5.0
4.0
0.0
158.0
4.0
8.0
0.0
0.0
0.0
68.0
146.0
0.0
0.0
0.0
30.0
0.0
0.0
0.0
52.0
0.0
28.0
6.0
88.0
0.0
0.0
0.0
55.0
52.0
0.0
23.0
0.0
0.0
0.0
0.0
0.0
0.0
NaN
0.0
0.0
NaN
0.0
0.0
NaN
NaN
0.0
0.0
NaN
0.0
NaN
0.0
NaN
NaN
0.0
0.0
NaN
0.0
NaN
NaN
0.0
0.0
0.0
85.0
8.0
22.0
80.0
10.0
0.0
0.0
0.0
0.0
0.0
45.0
58.0
0.0
0.0
0.0
0.0
35.0
0.0
8.0
0.0
0.0
12.0
0.0
0.0
60.0
0.0
0.0
444.0
16.0
0.0
4.0
0.0
196.0
226.0
35.0
0.0
0.0
0.0
0.0
0.0
12.0
5.0
0.0
0.0
0.0
0.0
25.0
116.0
120.0
5.0
0.0
0.0
0.0
0.0
0.0
17.0
23.0
105.0
NaN
79.0
78.0
6.0
50.0
0.0
0.0
154.0
82.0
8.0
9.0
0.0
0.0
0.0
210.0
6.0
0.0
0.0
0.0
0.0
0.0
0.0
44.0
116.0
10.0
0.0
9.0
0.0
224.0
25.0
0.0
0.0
55.0
0.0
5.0
60.0
0.0
162.0
34.0
7.0
244.0
0.0
18.0
103.0
0.0
0.0
0.0
0.0
NaN
0.0
0.0
0.0
NaN
0.0
0.0
NaN
0.0
0.0
0.0
0.0
0.0
0.0
180.0
408.0
20.0
0.0
0.0
0.0
0.0
208.0
7.0
0.0
103.0
18.0
0.0
0.0
0.0
0.0
7.0
4.0
242.0
95.0
34.0
0.0
0.0
235.0
26.0
36.0
0.0
0.0
0.0
0.0
0.0
11.0
0.0
0.0
0.0
0.0
0.0
68.0
0.0
0.0
38.0
0.0
0.0
0.0
0.0
0.0
0.0
22.0
5.0
166.0
0.0
118.0
0.0
142.0
6.0
0.0
0.0
0.0
0.0
0.0
0.0
0.0
0.0
485.0
0.0
0.0
6.0
27.0
104.0
0.0
0.0
0.0
68.0
502.0
102.0
44.0
0.0
7.0
14.0
32.0
0.0
0.0
0.0
20.0
0.0
476.0
32.0
94.0
0.0
129.0
84.0
10.0
0.0
0.0
0.0
0.0
0.0
0.0
8.0
44.0
4.0
308.0
0.0
0.0
0.0
18.0
0.0
0.0
0.0
0.0
0.0
0.0
5.0
136.0
5.0
0.0
0.0
0.0
5.0
5.0
11.0
165.0
7.0
35.0
24.0
6.0
78.0
5.0
0.0
0.0
0.0
36.0
0.0
4.0
0.0
0.0
5.0
0.0
95.0
0.0
74.0
106.0
16.0
0.0
0.0
0.0
93.0
314.0
214.0
0.0
0.0
12.0
62.0
0.0
0.0
15.0
94.0
0.0
0.0
0.0
0.0
0.0
0.0
0.0
126.0
29.0
0.0
8.0
0.0
71.0
0.0
0.0
18.0
14.0
0.0
0.0
43.0
14.0
25.0
51.0
15.0
15.0
0.0
0.0
0.0
0.0
48.0
0.0
184.0
8.0
0.0
32.0
0.0
67.0
29.0
127.0
131.0
0.0
308.0
66.0
0.0
0.0
2.0
0.0
0.0
164.0
118.0
0.0
32.0
6.0
0.0
0.0
34.0
0.0
96.0
17.0
90.0
23.0
NaN
NaN
NaN
14.0
78.0
38.0
NaN
NaN
0.0
NaN
24.0
48.0
0.0
14.0
0.0
0.0
78.0
34.0
28.0
0.0
0.0
28.0
101.0
196.0
110.0
46.0
NaN
NaN
NaN
NaN
NaN
NaN
NaN
NaN
NaN
NaN
NaN
NaN
NaN
NaN
NaN
NaN
NaN
NaN
NaN
NaN
NaN
NaN
NaN
NaN
NaN
NaN
NaN
0.0
0.0
0.0
0.0
0.0
0.0
0.0
0.0
13.0
172.0
6.0
0.0
0.0
87.0
72.0
0.0
78.0
99.0
6.0
83.0
7.0
52.0
137.0
8.0
76.0
16.0
0.0
87.0
0.0
0.0
0.0
0.0
0.0
0.0
8.0
0.0
29.0
0.0
0.0
0.0
0.0
41.0
9.0
0.0
0.0
0.0
0.0
0.0
0.0
0.0
0.0
8.0
96.0
5.0
0.0
0.0
0.0
0.0
0.0
0.0
0.0
0.0
30.0
16.0
0.0
0.0
0.0
77.0
0.0
0.0
0.0
0.0
NaN
NaN
53.0
0.0
0.0
89.0
0.0
0.0
0.0
0.0
6.0
0.0
0.0
NaN
NaN
0.0
0.0
109.0
27.0
6.0
0.0
119.0
141.0
126.0
4.0
6.0
0.0
0.0
77.0
0.0
0.0
0.0
0.0
0.0
0.0
11.0
0.0
102.0
43.0
0.0
9.0
22.0
16.0
88.0
0.0
0.0
0.0
7.0
0.0
0.0
64.0
58.0
0.0
0.0
0.0
101.0
0.0
4.0
0.0
0.0
0.0
154.0
0.0
0.0
0.0
0.0
15.0
12.0
0.0
0.0
0.0
0.0
16.0
26.0
0.0
0.0
0.0
44.0
0.0
0.0
43.0
104.0
53.0
0.0
0.0
29.0
0.0
0.0
0.0
0.0
342.0
239.0
19.0
76.0
0.0
54.0
44.0
0.0
0.0
52.0
0.0
0.0
316.0
209.0
8.0
349.0
28.0
6.0
8.0
0.0
16.0
0.0
0.0
0.0
0.0
0.0
30.0
0.0
0.0
0.0
0.0
77.0
0.0
30.0
0.0
0.0
0.0
0.0
48.0
0.0
0.0
0.0
30.0
7.0
0.0
0.0
54.0
0.0
44.0
0.0
208.0
5.0
43.0
8.0
0.0
0.0
552.0
8.0
0.0
0.0
0.0
26.0
39.0
0.0
0.0
0.0
0.0
0.0
0.0
0.0
0.0
212.0
223.0
171.0
6.0
18.0
18.0
22.0
257.0
41.0
0.0
87.0
NaN
25.0
68.0
64.0
0.0
85.0
26.0
0.0
24.0
18.0
0.0
0.0
68.0
44.0
42.0
0.0
6.0
12.0
72.0
0.0
0.0
0.0
40.0
10.0
0.0
8.0
20.0
23.0
49.0
5.0
22.0
0.0
34.0
74.0
0.0
3.0
0.0
20.0
54.0
30.0
42.0
0.0
0.0
62.0
22.0
0.0
0.0
0.0
0.0
0.0
32.0
9.0
94.0
14.0
0.0
0.0
0.0
0.0
0.0
0.0
52.0
56.0
24.0
0.0
42.0
5.0
92.0
28.0
0.0
6.0
0.0
0.0
28.0
0.0
82.0
0.0
22.0
0.0
0.0
52.0
38.0
0.0
0.0
127.0
9.0
28.0
110.0
0.0
0.0
0.0
0.0
2.0
2.0
28.0
62.0
64.0
4.0
0.0
0.0
70.0
0.0
0.0
0.0
0.0
0.0
12.0
NaN
0.0
0.0
0.0
6.0
0.0
146.0
24.0
0.0
0.0
18.0
99.0
0.0
109.0
16.0
0.0
0.0
0.0
0.0
183.0
15.0
58.0
0.0
NaN
0.0
0.0
0.0
26.0
0.0
0.0
0.0
0.0
0.0
121.0
0.0
23.0
29.0
150.0
0.0
14.0
40.0
15.0
54.0
5.0
0.0
0.0
70.0
64.0
51.0
0.0
0.0
6.0
178.0
85.0
12.0
0.0
0.0
0.0
0.0
0.0
3.0
NaN
NaN
24.0
0.0
0.0
0.0
4.0
34.0
0.0
0.0
0.0
0.0
0.0
0.0
0.0
2.0
24.0
4.0
4.0
299.0
131.0
42.0
0.0
106.0
4.0
0.0
0.0
0.0
28.0
0.0
0.0
0.0
0.0
12.0
0.0
0.0
0.0
0.0
37.0
22.0
0.0
0.0
53.0
1426.0
6.0
0.0
31.0
0.0
24.0
0.0
0.0
138.0
0.0
0.0
39.0
61.0
0.0
0.0
0.0
6.0
0.0
7.0
0.0
0.0
15.0
0.0
30.0
0.0
0.0
25.0
22.0
0.0
28.0
54.0
264.0
6.0
0.0
24.0
12.0
0.0
27.0
171.0
0.0
0.0
0.0
0.0
0.0
36.0
0.0
0.0
34.0
34.0
0.0
9.0
0.0
68.0
15.0
0.0
0.0
NaN
NaN
NaN
0.0
204.0
0.0
0.0
0.0
0.0
134.0
4.0
0.0
0.0
0.0
5.0
0.0
0.0
94.0
0.0
0.0
172.0
99.0
48.0
0.0
0.0
0.0
0.0
0.0
0.0
0.0
0.0
6.0
0.0
0.0
8.0
232.0
244.0
8.0
0.0
258.0
45.0
0.0
0.0
0.0
24.0
0.0
284.0
328.0
8.0
34.0
24.0
114.0
51.0
156.0
191.0
176.0
42.0
33.0
167.0
119.0
26.0
6.0
14.0
29.0
0.0
0.0
0.0
46.0
135.0
15.0
0.0
51.0
15.0
0.0
0.0
0.0
0.0
0.0
0.0
30.0
34.0
19.0
153.0
0.0
0.0
0.0
0.0
84.0
0.0
5.0
0.0
0.0
0.0
NaN
8.0
0.0
0.0
0.0
0.0
0.0
0.0
0.0
0.0
0.0
0.0
0.0
108.0
10.0
28.0
9.0
0.0
109.0
96.0
6.0
0.0
0.0
0.0
101.0
132.0
20.0
6.0
0.0
18.0
77.0
50.0
79.0
0.0
0.0
0.0
0.0
0.0
0.0
50.0
112.0
20.0
4.0
0.0
0.0
0.0
0.0
114.0
17.0
0.0
0.0
0.0
0.0
0.0
0.0
52.0
18.0
0.0
0.0
0.0
5.0
0.0
0.0
78.0
28.0
0.0
0.0
0.0
42.0
6.0
0.0
92.0
NaN
NaN
0.0
0.0
16.0
0.0
0.0
0.0
0.0
6.0
12.0
22.0
38.0
0.0
0.0
14.0
0.0
0.0
0.0
0.0
9.0
30.0
0.0
0.0
6.0
8.0
22.0
24.0
4.0
0.0
0.0
0.0
0.0
0.0
0.0
0.0
0.0
0.0
0.0
0.0
5.0
113.0
117.0
0.0
4.0
0.0
0.0
0.0
0.0
0.0
0.0
0.0
0.0
0.0
20.0
8.0
0.0
0.0
0.0
0.0
0.0
0.0
0.0
0.0
0.0
16.0
16.0
19.0
0.0
0.0
182.0
88.0
0.0
56.0
15.0
0.0
124.0
96.0
6.0
0.0
0.0
0.0
0.0
136.0
48.0
0.0
NaN
0.0
0.0
0.0
0.0
0.0
0.0
0.0
20.0
0.0
0.0
0.0
0.0
74.0
4.0
0.0
0.0
0.0
0.0
0.0
0.0
0.0
0.0
0.0
0.0
0.0
15.0
49.0
0.0
0.0
129.0
0.0
0.0
38.0
21.0
2.0
0.0
6.0
0.0
0.0
0.0
0.0
6.0
0.0
0.0
0.0
197.0
0.0
67.0
187.0
6.0
0.0
0.0
0.0
0.0
0.0
4.0
0.0
118.0
4.0
0.0
0.0
0.0
0.0
0.0
0.0
0.0
0.0
175.0
11.0
0.0
0.0
140.0
5.0
18.0
28.0
14.0
4.0
0.0
0.0
73.0
0.0
25.0
18.0
54.0
0.0
64.0
16.0
0.0
0.0
268.0
0.0
0.0
0.0
0.0
0.0
14.0
48.0
0.0
0.0
0.0
36.0
0.0
0.0
0.0
0.0
0.0
0.0
0.0
162.0
24.0
0.0
0.0
0.0
0.0
75.0
138.0
44.0
0.0
0.0
0.0
0.0
4.0
0.0
72.0
0.0
22.0
0.0
9.0
64.0
0.0
0.0
0.0
0.0
270.0
8.0
35.0
0.0
0.0
0.0
100.0
0.0
0.0
0.0
0.0
0.0
0.0
0.0
0.0
282.0
86.0
60.0
0.0
0.0
52.0
25.0
219.0
25.0
0.0
NaN
NaN
0.0
0.0
0.0
0.0
0.0
64.0
0.0
30.0
278.0
16.0
257.0
72.0
0.0
36.0
47.0
13.0
0.0
0.0
49.0
0.0
0.0
0.0
0.0
34.0
26.0
10.0
0.0
10.0
66.0
24.0
113.0
8.0
181.0
0.0
168.0
6.0
9.0
0.0
0.0
18.0
32.0
19.0
0.0
0.0
8.0
0.0
19.0
46.0
0.0
0.0
0.0
0.0
0.0
0.0
8.0
35.0
4.0
0.0
0.0
52.0
0.0
13.0
0.0
229.0
252.0
0.0
6.0
65.0
34.0
52.0
44.0
0.0
70.0
22.0
0.0
0.0
28.0
88.0
6.0
0.0
96.0
12.0
0.0
148.0
96.0
0.0
0.0
0.0
193.0
6.0
0.0
8.0
0.0
23.0
0.0
0.0
0.0
20.0
24.0
0.0
0.0
0.0
0.0
0.0
10.0
0.0
0.0
0.0
0.0
0.0
0.0
0.0
9.0
0.0
10.0
10.0
38.0
137.0
6.0
16.0
0.0
18.0
8.0
44.0
16.0
26.0
32.0
0.0
0.0
0.0
0.0
42.0
74.0
0.0
102.0
18.0
0.0
0.0
14.0
42.0
0.0
12.0
76.0
0.0
0.0
19.0
4.0
0.0
0.0
0.0
108.0
28.0
0.0
0.0
0.0
0.0
0.0
18.0
0.0
0.0
10.0
4.0
0.0
0.0
0.0
0.0
0.0
0.0
12.0
6.0
0.0
4.0
126.0
67.0
NaN
0.0
0.0
8.0
22.0
94.0
70.0
0.0
0.0
62.0
61.0
35.0
18.0
0.0
8.0
18.0
0.0
0.0
24.0
0.0
84.0
0.0
0.0
82.0
22.0
0.0
0.0
0.0
0.0
0.0
14.0
68.0
14.0
0.0
84.0
0.0
0.0
24.0
0.0
72.0
6.0
0.0
0.0
14.0
127.0
21.0
38.0
0.0
0.0
0.0
0.0
0.0
0.0
0.0
0.0
40.0
149.0
0.0
0.0
0.0
0.0
0.0
157.0
4.0
0.0
0.0
10.0
20.0
0.0
0.0
0.0
0.0
0.0
0.0
0.0
0.0
0.0
0.0
0.0
95.0
0.0
0.0
0.0
0.0
0.0
0.0
34.0
0.0
0.0
0.0
0.0
0.0
0.0
5.0
0.0
0.0
0.0
0.0
0.0
0.0
4.0
0.0
0.0
0.0
0.0
0.0
0.0
0.0
0.0
0.0
0.0
0.0
0.0
0.0
0.0
0.0
0.0
0.0
0.0
0.0
0.0
0.0
0.0
0.0
516.0
0.0
6.0
0.0
0.0
0.0
0.0
0.0
0.0
16.0
0.0
0.0
0.0
0.0
268.0
0.0
0.0
0.0
0.0
0.0
198.0
0.0
0.0
0.0
25.0
0.0
0.0
0.0
0.0
59.0
0.0
26.0
29.0
0.0
0.0
0.0
0.0
0.0
129.0
58.0
0.0
0.0
18.0
0.0
0.0
0.0
0.0
0.0
15.0
33.0
99.0
30.0
0.0
0.0
0.0
0.0
0.0
0.0
6.0
0.0
0.0
0.0
22.0
0.0
52.0
43.0
5.0
0.0
196.0
0.0
0.0
0.0
0.0
10.0
0.0
0.0
8.0
164.0
86.0
6.0
0.0
229.0
24.0
18.0
56.0
4.0
116.0
0.0
0.0
0.0
0.0
8.0
32.0
188.0
0.0
0.0
0.0
73.0
94.0
54.0
35.0
6.0
0.0
17.0
0.0
0.0
0.0
16.0
48.0
6.0
22.0
37.0
271.0
60.0
79.0
11.0
144.0
20.0
0.0
212.0
6.0
0.0
26.0
25.0
0.0
0.0
28.0
219.0
0.0
0.0
0.0
0.0
0.0
44.0
0.0
0.0
0.0
36.0
6.0
0.0
0.0
0.0
0.0
0.0
0.0
0.0
0.0
0.0
16.0
34.0
16.0
4.0
0.0
0.0
NaN
46.0
6.0
4.0
0.0
130.0
0.0
NaN
0.0
92.0
114.0
0.0
20.0
0.0
0.0
0.0
4.0
164.0
12.0
34.0
0.0
136.0
0.0
0.0
0.0
28.0
0.0
0.0
28.0
0.0
0.0
0.0
0.0
17.0
14.0
0.0
0.0
0.0
0.0
120.0
90.0
0.0
0.0
55.0
4.0
0.0
0.0
54.0
4.0
NaN
44.0
0.0
0.0
0.0
0.0
0.0
0.0
0.0
24.0
0.0
0.0
0.0
0.0
0.0
0.0
60.0
18.0
62.0
0.0
0.0
12.0
60.0
0.0
0.0
0.0
6.0
45.0
14.0
0.0
0.0
0.0
0.0
0.0
0.0
0.0
0.0
0.0
58.0
0.0
10.0
436.0
4.0
0.0
34.0
0.0
0.0
0.0
0.0
0.0
0.0
38.0
24.0
0.0
0.0
18.0
0.0
176.0
51.0
25.0
27.0
86.0
10.0
12.0
38.0
0.0
0.0
NaN
0.0
87.0
0.0
14.0
113.0
0.0
0.0
15.0
0.0
0.0
0.0
0.0
50.0
0.0
0.0
9.0
0.0
0.0
0.0
0.0
0.0
NaN
NaN
6.0
8.0
6.0
0.0
0.0
57.0
27.0
0.0
8.0
0.0
0.0
0.0
0.0
74.0
220.0
0.0
0.0
0.0
78.0
168.0
0.0
0.0
0.0
90.0
191.0
37.0
83.0
0.0
49.0
0.0
0.0
0.0
235.0
142.0
52.0
0.0
0.0
68.0
4.0
4.0
103.0
6.0
96.0
0.0
242.0
48.0
43.0
21.0
0.0
0.0
0.0
28.0
49.0
0.0
0.0
0.0
0.0
0.0
0.0
0.0
0.0
0.0
0.0
0.0
24.0
0.0
0.0
16.0
0.0
0.0
0.0
0.0
4.0
0.0
169.0
98.0
0.0
4.0
0.0
0.0
256.0
8.0
NaN
NaN
NaN
0.0
0.0
0.0
0.0
0.0
51.0
0.0
0.0
0.0
0.0
4.0
0.0
366.0
4.0
0.0
0.0
105.0
0.0
0.0
0.0
8.0
18.0
0.0
175.0
4.0
0.0
0.0
5.0
0.0
118.0
70.0
0.0
89.0
96.0
0.0
0.0
0.0
0.0
205.0
10.0
252.0
94.0
6.0
0.0
0.0
36.0
29.0
0.0
175.0
0.0
0.0
0.0
0.0
129.0
106.0
0.0
0.0
0.0
0.0
0.0
0.0
0.0
0.0
12.0
60.0
0.0
0.0
NaN
0.0
0.0
3.0
128.0
71.0
0.0
0.0
0.0
0.0
0.0
69.0
36.0
24.0
107.0
34.0
0.0
0.0
0.0
0.0
0.0
0.0
0.0
0.0
0.0
0.0
NaN
26.0
24.0
56.0
67.0
NaN
39.0
128.0
59.0
4.0
0.0
8.0
0.0
0.0
168.0
315.0
4.0
22.0
0.0
0.0
8.0
0.0
54.0
0.0
0.0
6.0
0.0
49.0
6.0
0.0
12.0
0.0
103.0
0.0
34.0
0.0
12.0
0.0
0.0
0.0
4.0
36.0
0.0
0.0
0.0
134.0
0.0
0.0
8.0
22.0
0.0
0.0
0.0
0.0
0.0
32.0
6.0
46.0
24.0
106.0
162.0
38.0
0.0
0.0
69.0
14.0
0.0
0.0
0.0
8.0
55.0
7.0
16.0
8.0
0.0
0.0
6.0
15.0
53.0
4.0
0.0
8.0
13.0
6.0
17.0
0.0
34.0
0.0
0.0
0.0
34.0
0.0
0.0
96.0
42.0
6.0
0.0
0.0
0.0
0.0
0.0
0.0
0.0
0.0
0.0
46.0
62.0
61.0
26.0
0.0
0.0
0.0
0.0
72.0
488.0
18.0
124.0
0.0
10.0
0.0
0.0
0.0
0.0
8.0
4.0
0.0
0.0
0.0
116.0
28.0
83.0
31.0
0.0
0.0
0.0
32.0
8.0
0.0
0.0
0.0
0.0
13.0
145.0
6.0
0.0
0.0
0.0
0.0
0.0
96.0
5.0
19.0
106.0
45.0
34.0
0.0
62.0
16.0
0.0
0.0
68.0
149.0
48.0
0.0
49.0
36.0
0.0
40.0
0.0
0.0
NaN
NaN
0.0
0.0
0.0
0.0
0.0
0.0
0.0
0.0
0.0
0.0
0.0
0.0
0.0
223.0
0.0
0.0
0.0
0.0
4.0
9.0
0.0
181.0
14.0
0.0
0.0
239.0
133.0
0.0
85.0
71.0
3.0
0.0
5.0
16.0
0.0
0.0
0.0
0.0
0.0
0.0
0.0
0.0
124.0
53.0
0.0
0.0
0.0
154.0
14.0
0.0
0.0
0.0
0.0
0.0
127.0
0.0
0.0
25.0
0.0
0.0
48.0
0.0
133.0
206.0
4.0
0.0
30.0
19.0
14.0
19.0
98.0
0.0
0.0
0.0
42.0
8.0
0.0
9.0
16.0
0.0
22.0
8.0
0.0
4.0
148.0
0.0
0.0
0.0
47.0
116.0
19.0
5.0
62.0
90.0
0.0
0.0
0.0
0.0
0.0
8.0
143.0
0.0
0.0
0.0
0.0
58.0
6.0
0.0
0.0
0.0
0.0
0.0
0.0
144.0
4.0
0.0
83.0
4.0
0.0
282.0
56.0
0.0
4.0
0.0
0.0
0.0
0.0
0.0
104.0
16.0
0.0
0.0
0.0
0.0
0.0
0.0
4.0
0.0
492.0
4.0
4.0
0.0
312.0
8.0
0.0
0.0
348.0
95.0
43.0
0.0
80.0
29.0
0.0
70.0
0.0
0.0
0.0
0.0
0.0
0.0
12.0
82.0
14.0
0.0
0.0
89.0
24.0
0.0
0.0
98.0
258.0
137.0
168.0
4.0
37.0
4.0
9.0
0.0
6.0
106.0
69.0
0.0
0.0
19.0
0.0
0.0
15.0
50.0
29.0
0.0
0.0
0.0
0.0
0.0
0.0
0.0
8.0
205.0
224.0
17.0
4.0
0.0
32.0
0.0
6.0
0.0
0.0
0.0
0.0
12.0
8.0
0.0
0.0
4.0
97.0
19.0
24.0
12.0
0.0
76.0
63.0
94.0
0.0
0.0
0.0
20.0
124.0
0.0
0.0
0.0
0.0
0.0
0.0
0.0
0.0
0.0
0.0
0.0
71.0
5.0
46.0
50.0
0.0
4.0
64.0
54.0
68.0
0.0
18.0
0.0
0.0
170.0
192.0
53.0
0.0
0.0
52.0
0.0
0.0
62.0
0.0
0.0
0.0
13.0
14.0
51.0
26.0
0.0
0.0
14.0
47.0
0.0
0.0
15.0
8.0
32.0
0.0
0.0
0.0
0.0
0.0
22.0
0.0
30.0
10.0
0.0
0.0
0.0
0.0
4.0
0.0
0.0
0.0
0.0
0.0
0.0
0.0
0.0
54.0
84.0
0.0
73.0
0.0
36.0
17.0
0.0
0.0
10.0
28.0
0.0
20.0
0.0
4.0
12.0
60.0
32.0
15.0
0.0
20.0
56.0
0.0
32.0
5.0
0.0
0.0
0.0
0.0
0.0
0.0
0.0
58.0
10.0
0.0
0.0
0.0
38.0
26.0
4.0
0.0
32.0
170.0
31.0
25.0
0.0
16.0
18.0
0.0
0.0
50.0
4.0
29.0
0.0
36.0
122.0
4.0
0.0
0.0
0.0
80.0
42.0
0.0
0.0
0.0
124.0
89.0
6.0
0.0
38.0
13.0
0.0
0.0
75.0
0.0
47.0
0.0
55.0
0.0
0.0
0.0
66.0
0.0
0.0
56.0
0.0
0.0
0.0
13.0
0.0
0.0
0.0
138.0
0.0
0.0
0.0
0.0
0.0
0.0
0.0
51.0
345.0
56.0
0.0
99.0
9.0
56.0
23.0
0.0
0.0
0.0
0.0
0.0
0.0
0.0
0.0
0.0
6.0
106.0
0.0
0.0
0.0
311.0
0.0
0.0
0.0
0.0
0.0
0.0
38.0
0.0
0.0
0.0
0.0
0.0
0.0
0.0
0.0
0.0
0.0
144.0
3.0
42.0
186.0
138.0
0.0
0.0
6.0
0.0
71.0
4.0
0.0
0.0
0.0
0.0
0.0
0.0
0.0
0.0
40.0
0.0
0.0
0.0
0.0
0.0
0.0
130.0
6.0
0.0
0.0
68.0
36.0
10.0
0.0
0.0
0.0
105.0
0.0
0.0
0.0
0.0
0.0
43.0
24.0
0.0
360.0
116.0
4.0
0.0
0.0
4.0
0.0
0.0
0.0
0.0
0.0
0.0
0.0
140.0
0.0
0.0
0.0
52.0
0.0
0.0
0.0
0.0
0.0
0.0
0.0
0.0
0.0
0.0
6.0
0.0
0.0
0.0
0.0
0.0
0.0
0.0
52.0
0.0
10.0
14.0
0.0
0.0
0.0
0.0
0.0
0.0
42.0
194.0
30.0
12.0
10.0
0.0
0.0
18.0
0.0
25.0
87.0
14.0
60.0
5.0
0.0
0.0
68.0
4.0
0.0
0.0
0.0
0.0
141.0
153.0
155.0
6.0
0.0
0.0
44.0
0.0
28.0
0.0
0.0
0.0
0.0
0.0
0.0
0.0
0.0
0.0
0.0
12.0
4.0
120.0
28.0
0.0
0.0
46.0
162.0
66.0
0.0
0.0
48.0
0.0
0.0
0.0
14.0
141.0
126.0
0.0
0.0
105.0
20.0
20.0
98.0
0.0
0.0
12.0
0.0
0.0
4.0
37.0
5.0
14.0
66.0
20.0
10.0
138.0
0.0
68.0
0.0
0.0
0.0
0.0
0.0
0.0
0.0
40.0
48.0
0.0
0.0
6.0
16.0
4.0
4.0
0.0
0.0
0.0
12.0
4.0
0.0
0.0
50.0
108.0
156.0
28.0
50.0
24.0
0.0
82.0
0.0
0.0
34.0
39.0
0.0
0.0
0.0
0.0
0.0
0.0
0.0
48.0
0.0
0.0
0.0
10.0
0.0
0.0
22.0
20.0
0.0
8.0
16.0
0.0
12.0
65.0
95.0
5.0
12.0
118.0
36.0
12.0
0.0
0.0
0.0
50.0
4.0
0.0
0.0
40.0
0.0
50.0
8.0
0.0
0.0
0.0
0.0
32.0
8.0
12.0
46.0
48.0
0.0
0.0
0.0
135.0
115.0
28.0
23.0
6.0
30.0
122.0
18.0
131.0
77.0
64.0
0.0
0.0
0.0
68.0
4.0
0.0
98.0
0.0
0.0
6.0
0.0
0.0
12.0
0.0
0.0
0.0
0.0
0.0
0.0
0.0
0.0
298.0
0.0
0.0
0.0
0.0
0.0
134.0
0.0
0.0
0.0
0.0
0.0
48.0
192.0
0.0
0.0
0.0
0.0
30.0
0.0
90.0
8.0
0.0
0.0
0.0
0.0
0.0
0.0
0.0
0.0
0.0
256.0
60.0
6.0
NaN
NaN
0.0
4.0
0.0
17.0
131.0
0.0
0.0
0.0
0.0
0.0
0.0
32.0
8.0
0.0
0.0
0.0
158.0
0.0
5.0
0.0
79.0
133.0
250.0
6.0
26.0
172.0
182.0
0.0
0.0
0.0
64.0
10.0
0.0
170.0
4.0
0.0
16.0
0.0
90.0
110.0
0.0
15.0
6.0
0.0
0.0
0.0
232.0
6.0
0.0
69.0
11.0
64.0
56.0
0.0
134.0
6.0
0.0
78.0
0.0
0.0
0.0
0.0
0.0
4.0
41.0
14.0
226.0
75.0
0.0
0.0
0.0
0.0
7.0
0.0
0.0
190.0
138.0
30.0
26.0
96.0
10.0
0.0
0.0
0.0
0.0
0.0
4.0
0.0
244.0
0.0
46.0
48.0
4.0
0.0
0.0
0.0
38.0
0.0
0.0
0.0
0.0
0.0
0.0
0.0
0.0
0.0
0.0
0.0
74.0
0.0
0.0
40.0
4.0
4.0
293.0
166.0
30.0
9.0
62.0
0.0
96.0
0.0
0.0
8.0
0.0
0.0
0.0
0.0
0.0
0.0
0.0
0.0
178.0
180.0
55.0
19.0
28.0
18.0
0.0
4.0
0.0
68.0
82.0
453.0
6.0
0.0
0.0
65.0
0.0
4.0
0.0
27.0
6.0
187.0
14.0
38.0
12.0
6.0
0.0
0.0
0.0
0.0
0.0
15.0
0.0
5.0
0.0
0.0
0.0
0.0
34.0
75.0
0.0
0.0
0.0
0.0
22.0
6.0
10.0
0.0
34.0
0.0
0.0
0.0
24.0
0.0
0.0
0.0
0.0
6.0
100.0
279.0
2.0
0.0
25.0
199.0
208.0
10.0
0.0
43.0
0.0
74.0
73.0
0.0
47.0
6.0
16.0
0.0
0.0
0.0
0.0
0.0
0.0
124.0
9.0
25.0
45.0
0.0
0.0
22.0
16.0
0.0
0.0
42.0
48.0
0.0
0.0
0.0
0.0
0.0
0.0
0.0
0.0
5.0
35.0
12.0
0.0
0.0
39.0
8.0
24.0
0.0
0.0
4.0
112.0
44.0
4.0
0.0
0.0
0.0
0.0
0.0
0.0
0.0
0.0
58.0
8.0
0.0
9.0
46.0
10.0
12.0
0.0
14.0
27.0
0.0
4.0
96.0
0.0
0.0
31.0
28.0
0.0
6.0
42.0
0.0
0.0
0.0
0.0
31.0
0.0
0.0
118.0
118.0
42.0
4.0
0.0
0.0
0.0
0.0
67.0
146.0
2.0
18.0
0.0
0.0
6.0
90.0
4.0
0.0
8.0
115.0
53.0
0.0
0.0
14.0
68.0
88.0
0.0
0.0
63.0
NaN
0.0
0.0
16.0
80.0
355.0
20.0
0.0
0.0
0.0
0.0
0.0
0.0
0.0
0.0
68.0
0.0
0.0
0.0
47.0
0.0
0.0
36.0
0.0
28.0
22.0
0.0
0.0
24.0
0.0
0.0
66.0
8.0
0.0
0.0
0.0
62.0
36.0
24.0
47.0
51.0
37.0
154.0
0.0
0.0
0.0
18.0
0.0
0.0
0.0
109.0
121.0
193.0
6.0
0.0
0.0
0.0
44.0
18.0
14.0
0.0
0.0
4.0
0.0
0.0
0.0
0.0
0.0
0.0
NaN
12.0
38.0
0.0
117.0
0.0
42.0
24.0
0.0
0.0
0.0
56.0
0.0
0.0
0.0
0.0
0.0
0.0
94.0
0.0
80.0
24.0
180.0
0.0
0.0
3.0
0.0
3.0
0.0
0.0
22.0
0.0
0.0
0.0
42.0
4.0
0.0
0.0
0.0
138.0
10.0
0.0
0.0
8.0
14.0
0.0
0.0
48.0
0.0
0.0
58.0
52.0
6.0
144.0
0.0
36.0
0.0
99.0
159.0
0.0
48.0
62.0
0.0
0.0
0.0
130.0
0.0
54.0
0.0
258.0
0.0
0.0
0.0
0.0
0.0
57.0
6.0
6.0
0.0
0.0
70.0
0.0
134.0
17.0
0.0
0.0
18.0
0.0
0.0
0.0
0.0
0.0
0.0
132.0
40.0
0.0
0.0
24.0
0.0
4.0
6.0
168.0
91.0
0.0
0.0
80.0
0.0
0.0
0.0
0.0
0.0
0.0
13.0
0.0
0.0
41.0
66.0
10.0
64.0
4.0
34.0
0.0
4.0
0.0
0.0
0.0
9.0
0.0
36.0
14.0
42.0
8.0
2.0
46.0
0.0
22.0
0.0
0.0
0.0
0.0
30.0
8.0
182.0
12.0
0.0
0.0
0.0
0.0
28.0
24.0
37.0
4.0
34.0
0.0
0.0
4.0
110.0
54.0
0.0
0.0
0.0
0.0
0.0
0.0
10.0
0.0
50.0
0.0
4.0
0.0
0.0
0.0
0.0
0.0
0.0
6.0
2.0
0.0
32.0
0.0
0.0
22.0
26.0
72.0
34.0
16.0
0.0
41.0
0.0
0.0
12.0
0.0
0.0
80.0
10.0
0.0
0.0
0.0
0.0
0.0
4.0
0.0
0.0
0.0
334.0
65.0
0.0
0.0
0.0
22.0
22.0
0.0
0.0
0.0
20.0
62.0
62.0
0.0
0.0
0.0
14.0
0.0
0.0
0.0
0.0
0.0
0.0
4.0
8.0
0.0
54.0
66.0
20.0
78.0
0.0
0.0
0.0
0.0
0.0
0.0
18.0
64.0
21.0
0.0
0.0
38.0
0.0
0.0
14.0
0.0
20.0
12.0
0.0
22.0
22.0
0.0
88.0
164.0
0.0
16.0
0.0
0.0
52.0
4.0
52.0
20.0
0.0
0.0
0.0
26.0
6.0
0.0
52.0
22.0
0.0
0.0
0.0
0.0
0.0
118.0
60.0
0.0
70.0
60.0
0.0
10.0
0.0
0.0
0.0
0.0
0.0
9.0
74.0
295.0
0.0
101.0
0.0
165.0
10.0
0.0
0.0
0.0
74.0
4.0
96.0
4.0
20.0
0.0
64.0
0.0
0.0
0.0
40.0
40.0
0.0
0.0
0.0
0.0
0.0
0.0
0.0
10.0
38.0
16.0
0.0
0.0
0.0
0.0
44.0
0.0
0.0
0.0
0.0
48.0
0.0
0.0
0.0
0.0
0.0
20.0
0.0
341.0
0.0
0.0
0.0
0.0
0.0
0.0
92.0
0.0
0.0
347.0
135.0
39.0
15.0
0.0
209.0
134.0
8.0
18.0
0.0
0.0
19.0
0.0
114.0
30.0
0.0
14.0
0.0
0.0
0.0
0.0
0.0
0.0
0.0
0.0
0.0
0.0
54.0
98.0
0.0
0.0
0.0
14.0
0.0
0.0
0.0
0.0
0.0
0.0
50.0
0.0
4.0
78.0
0.0
0.0
0.0
0.0
0.0
20.0
6.0
92.0
230.0
0.0
0.0
0.0
0.0
0.0
0.0
190.0
0.0
0.0
0.0
0.0
0.0
0.0
6.0
38.0
0.0
12.0
0.0
0.0
0.0
0.0
0.0
0.0
0.0
0.0
0.0
0.0
0.0
0.0
0.0
38.0
75.0
0.0
0.0
6.0
0.0
0.0
0.0
0.0
0.0
0.0
40.0
90.0
68.0
120.0
56.0
0.0
214.0
70.0
0.0
4.0
8.0
0.0
0.0
0.0
48.0
18.0
0.0
0.0
0.0
0.0
0.0
0.0
0.0
0.0
138.0
4.0
0.0
0.0
18.0
8.0
28.0
0.0
0.0
0.0
0.0
0.0
0.0
106.0
72.0
0.0
6.0
20.0
136.0
18.0
0.0
108.0
4.0
0.0
0.0
0.0
0.0
0.0
0.0
0.0
0.0
0.0
0.0
16.0
14.0
0.0
0.0
0.0
0.0
0.0
258.0
4.0
0.0
0.0
0.0
36.0
0.0
56.0
34.0
102.0
6.0
0.0
34.0
40.0
0.0
0.0
0.0
0.0
4.0
146.0
10.0
0.0
0.0
0.0
0.0
0.0
0.0
0.0
0.0
0.0
0.0
0.0
0.0
0.0
124.0
16.0
2.0
40.0
0.0
0.0
132.0
0.0
0.0
0.0
0.0
27.0
26.0
0.0
194.0
34.0
0.0
0.0
0.0
56.0
194.0
89.0
78.0
22.0
0.0
4.0
0.0
0.0
0.0
0.0
0.0
0.0
0.0
0.0
4.0
34.0
0.0
0.0
8.0
0.0
0.0
10.0
2.0
0.0
2.0
0.0
10.0
0.0
0.0
0.0
0.0
18.0
15.0
0.0
2.0
4.0
46.0
88.0
76.0
0.0
5.0
0.0
0.0
0.0
76.0
106.0
260.0
160.0
40.0
0.0
0.0
0.0
0.0
0.0
8.0
0.0
0.0
6.0
4.0
50.0
0.0
0.0
0.0
0.0
0.0
0.0
0.0
0.0
14.0
16.0
0.0
2.0
4.0
6.0
0.0
20.0
26.0
34.0
24.0
52.0
0.0
84.0
38.0
32.0
4.0
0.0
0.0
2.0
76.0
4.0
86.0
166.0
4.0
0.0
0.0
42.0
210.0
4.0
0.0
0.0
0.0
0.0
0.0
0.0
0.0
6.0
0.0
0.0
0.0
178.0
226.0
14.0
0.0
0.0
0.0
0.0
50.0
8.0
0.0
0.0
14.0
0.0
0.0
122.0
98.0
44.0
0.0
78.0
392.0
22.0
0.0
0.0
0.0
106.0
0.0
0.0
0.0
0.0
212.0
4.0
0.0
0.0
0.0
0.0
28.0
0.0
0.0
0.0
0.0
0.0
0.0
0.0
0.0
0.0
0.0
0.0
0.0
188.0
122.0
216.0
102.0
18.0
0.0
0.0
0.0
28.0
12.0
0.0
30.0
0.0
0.0
0.0
0.0
0.0
200.0
0.0
20.0
30.0
0.0
0.0
0.0
40.0
0.0
30.0
8.0
8.0
0.0
34.0
4.0
4.0
0.0
0.0
0.0
380.0
48.0
44.0
30.0
0.0
4.0
0.0
24.0
0.0
0.0
156.0
0.0
258.0
6.0
0.0
0.0
4.0
0.0
0.0
0.0
0.0
0.0
12.0
0.0
0.0
0.0
0.0
0.0
0.0
0.0
0.0
0.0
0.0
106.0
0.0
18.0
0.0
36.0
0.0
0.0
0.0
0.0
0.0
0.0
2.0
0.0
4.0
0.0
0.0
48.0
26.0
94.0
40.0
0.0
0.0
0.0
0.0
0.0
0.0
0.0
0.0
0.0
0.0
120.0
0.0
624.0
0.0
4.0
0.0
0.0
0.0
0.0
0.0
0.0
10.0
0.0
0.0
0.0
0.0
0.0
100.0
20.0
0.0
4.0
0.0
0.0
28.0
14.0
14.0
0.0
20.0
22.0
138.0
150.0
0.0
0.0
0.0
68.0
6.0
0.0
14.0
360.0
114.0
0.0
6.0
22.0
0.0
0.0
46.0
30.0
4.0
0.0
0.0
48.0
0.0
0.0
20.0
4.0
204.0
0.0
0.0
12.0
0.0
8.0
0.0
0.0
4.0
0.0
0.0
50.0
0.0
0.0
0.0
0.0
130.0
32.0
0.0
0.0
0.0
0.0
62.0
14.0
12.0
0.0
0.0
12.0
0.0
0.0
14.0
0.0
0.0
0.0
4.0
0.0
6.0
8.0
0.0
0.0
0.0
0.0
0.0
16.0
8.0
0.0
0.0
0.0
3.0
0.0
92.0
44.0
174.0
0.0
8.0
0.0
4.0
80.0
8.0
2.0
90.0
0.0
8.0
20.0
0.0
0.0
0.0
0.0
0.0
0.0
0.0
0.0
10.0
84.0
4.0
4.0
100.0
0.0
68.0
14.0
8.0
0.0
44.0
0.0
16.0
14.0
4.0
2.0
12.0
0.0
0.0
32.0
58.0
0.0
0.0
4.0
10.0
0.0
122.0
34.0
52.0
4.0
0.0
0.0
0.0
0.0
0.0
0.0
0.0
0.0
0.0
0.0
0.0
132.0
46.0
12.0
14.0
0.0
0.0
6.0
0.0
0.0
0.0
0.0
0.0
4.0
0.0
0.0
8.0
38.0
0.0
0.0
0.0
20.0
0.0
0.0
8.0
314.0
108.0
0.0
120.0
8.0
0.0
8.0
180.0
4.0
12.0
150.0
16.0
24.0
18.0
16.0
0.0
0.0
312.0
6.0
18.0
0.0
40.0
0.0
10.0
0.0
0.0
56.0
174.0
134.0
14.0
0.0
0.0
0.0
0.0
0.0
0.0
8.0
8.0
528.0
14.0
28.0
52.0
0.0
0.0
0.0
0.0
0.0
0.0
0.0
0.0
32.0
20.0
14.0
68.0
4.0
52.0
112.0
24.0
86.0
28.0
30.0
176.0
80.0
0.0
0.0
0.0
308.0
214.0
114.0
6.0
780.0
0.0
88.0
16.0
0.0
0.0
0.0
0.0
0.0
0.0
0.0
28.0
0.0
0.0
0.0
0.0
44.0
196.0
2.0
0.0
0.0
0.0
2.0
160.0
40.0
0.0
20.0
10.0
2.0
0.0
0.0
18.0
14.0
28.0
0.0
0.0
0.0
28.0
42.0
176.0
122.0
4.0
0.0
0.0
0.0
0.0
0.0
0.0
4.0
0.0
0.0
0.0
0.0
24.0
0.0
0.0
0.0
0.0
0.0
0.0
262.0
0.0
80.0
0.0
0.0
0.0
0.0
2.0
0.0
0.0
0.0
0.0
0.0
0.0
0.0
0.0
0.0
392.0
528.0
22.0
212.0
0.0
66.0
0.0
18.0
98.0
6.0
0.0
0.0
0.0
0.0
0.0
584.0
86.0
38.0
54.0
0.0
48.0
428.0
14.0
0.0
0.0
0.0
28.0
10.0
0.0
0.0
0.0
0.0
28.0
68.0
54.0
0.0
0.0
0.0
0.0
0.0
0.0
122.0
276.0
24.0
12.0
0.0
62.0
68.0
6.0
0.0
0.0
0.0
0.0
174.0
6.0
0.0
0.0
0.0
0.0
4.0
0.0
66.0
364.0
22.0
4.0
0.0
0.0
0.0
0.0
10.0
0.0
0.0
46.0
0.0
0.0
0.0
0.0
0.0
10.0
60.0
20.0
48.0
30.0
0.0
26.0
52.0
6.0
6.0
10.0
16.0
27.0
16.0
6.0
26.0
0.0
0.0
20.0
186.0
0.0
0.0
16.0
228.0
46.0
0.0
0.0
0.0
0.0
16.0
170.0
2.0
12.0
60.0
63.0
8.0
12.0
0.0
0.0
42.0
18.0
4.0
82.0
12.0
0.0
0.0
2.0
54.0
140.0
12.0
0.0
2.0
0.0
88.0
80.0
12.0
0.0
0.0
0.0
32.0
50.0
0.0
78.0
20.0
14.0
42.0
0.0
0.0
0.0
20.0
0.0
0.0
0.0
158.0
2.0
0.0
0.0
0.0
0.0
0.0
20.0
18.0
14.0
2.0
2.0
88.0
0.0
0.0
0.0
234.0
144.0
38.0
0.0
5.0
0.0
210.0
14.0
2.0
2.0
0.0
0.0
0.0
56.0
4.0
6.0
0.0
20.0
8.0
0.0
0.0
306.0
26.0
0.0
0.0
0.0
0.0
0.0
0.0
0.0
0.0
0.0
48.0
34.0
0.0
0.0
74.0
52.0
46.0
0.0
0.0
0.0
0.0
2.0
66.0
6.0
0.0
0.0
0.0
0.0
28.0
42.0
12.0
0.0
12.0
68.0
8.0
0.0
0.0
0.0
8.0
152.0
6.0
0.0
0.0
0.0
40.0
0.0
0.0
28.0
18.0
158.0
164.0
0.0
188.0
0.0
6.0
60.0
38.0
6.0
40.0
6.0
12.0
94.0
130.0
34.0
0.0
132.0
0.0
8.0
0.0
0.0
0.0
10.0
24.0
0.0
0.0
0.0
78.0
0.0
4.0
54.0
94.0
0.0
0.0
0.0
0.0
0.0
0.0
0.0
0.0
6.0
38.0
0.0
0.0
0.0
96.0
4.0
0.0
28.0
0.0
344.0
0.0
0.0
0.0
0.0
0.0
0.0
0.0
0.0
0.0
54.0
148.0
82.0
24.0
0.0
24.0
0.0
62.0
0.0
0.0
0.0
0.0
0.0
14.0
0.0
0.0
0.0
0.0
0.0
0.0
242.0
0.0
0.0
0.0
34.0
6.0
18.0
0.0
0.0
0.0
0.0
4.0
0.0
6.0
0.0
0.0
0.0
0.0
0.0
0.0
40.0
80.0
30.0
6.0
0.0
206.0
26.0
8.0
0.0
0.0
166.0
68.0
224.0
8.0
34.0
0.0
0.0
56.0
6.0
0.0
26.0
4.0
0.0
62.0
0.0
0.0
14.0
0.0
0.0
0.0
196.0
44.0
28.0
60.0
0.0
0.0
0.0
0.0
34.0
0.0
154.0
18.0
0.0
0.0
0.0
0.0
4.0
0.0
0.0
15.0
8.0
44.0
0.0
0.0
0.0
32.0
0.0
0.0
0.0
0.0
34.0
0.0
0.0
0.0
62.0
0.0
6.0
0.0
0.0
0.0
0.0
0.0
8.0
0.0
32.0
14.0
0.0
398.0
16.0
0.0
0.0
24.0
128.0
14.0
14.0
0.0
0.0
0.0
0.0
0.0
0.0
0.0
6.0
20.0
0.0
24.0
6.0
54.0
0.0
0.0
0.0
0.0
28.0
39.0
18.0
0.0
4.0
0.0
6.0
0.0
0.0
38.0
14.0
0.0
0.0
98.0
26.0
38.0
34.0
0.0
0.0
0.0
126.0
2.0
0.0
0.0
0.0
0.0
0.0
0.0
0.0
14.0
14.0
0.0
70.0
34.0
204.0
18.0
0.0
0.0
0.0
20.0
0.0
0.0
0.0
0.0
78.0
78.0
118.0
58.0
238.0
76.0
6.0
0.0
0.0
26.0
0.0
30.0
0.0
0.0
12.0
16.0
18.0
0.0
6.0
46.0
16.0
0.0
16.0
8.0
4.0
4.0
16.0
4.0
0.0
0.0
0.0
0.0
0.0
0.0
0.0
0.0
0.0
0.0
0.0
64.0
10.0
0.0
0.0
0.0
34.0
278.0
32.0
2.0
0.0
0.0
0.0
0.0
0.0
0.0
0.0
32.0
0.0
14.0
10.0
36.0
24.0
0.0
6.0
0.0
270.0
130.0
0.0
0.0
0.0
45.0
10.0
0.0
0.0
85.0
146.0
16.0
78.0
25.0
0.0
0.0
0.0
0.0
0.0
0.0
62.0
0.0
28.0
78.0
48.0
10.0
0.0
0.0
0.0
0.0
0.0
68.0
94.0
0.0
0.0
0.0
28.0
44.0
10.0
68.0
0.0
0.0
38.0
12.0
0.0
0.0
0.0
0.0
10.0
6.0
0.0
0.0
0.0
56.0
124.0
60.0
4.0
84.0
0.0
0.0
0.0
30.0
0.0
16.0
20.0
4.0
0.0
0.0
0.0
0.0
0.0
0.0
102.0
0.0
0.0
0.0
0.0
62.0
46.0
0.0
0.0
0.0
0.0
46.0
24.0
0.0
0.0
0.0
0.0
0.0
0.0
0.0
0.0
8.0
4.0
42.0
30.0
31.0
6.0
0.0
222.0
38.0
0.0
4.0
0.0
0.0
52.0
0.0
6.0
0.0
0.0
28.0
0.0
188.0
122.0
0.0
0.0
86.0
32.0
0.0
722.0
120.0
0.0
0.0
0.0
0.0
0.0
0.0
0.0
0.0
0.0
0.0
0.0
4.0
0.0
258.0
190.0
0.0
0.0
0.0
0.0
0.0
0.0
0.0
4.0
0.0
0.0
0.0
0.0
34.0
350.0
100.0
6.0
0.0
14.0
92.0
4.0
0.0
0.0
0.0
0.0
0.0
30.0
0.0
0.0
0.0
180.0
0.0
0.0
36.0
0.0
0.0
0.0
0.0
26.0
8.0
0.0
20.0
0.0
0.0
0.0
0.0
48.0
38.0
462.0
12.0
0.0
0.0
0.0
0.0
0.0
60.0
4.0
0.0
0.0
0.0
0.0
8.0
44.0
6.0
0.0
4.0
18.0
28.0
0.0
2.0
20.0
0.0
0.0
0.0
0.0
0.0
68.0
86.0
4.0
0.0
0.0
0.0
0.0
0.0
0.0
0.0
10.0
4.0
28.0
0.0
0.0
24.0
28.0
0.0
0.0
0.0
0.0
18.0
0.0
0.0
0.0
0.0
0.0
0.0
0.0
0.0
0.0
4.0
0.0
0.0
42.0
124.0
8.0
4.0
0.0
0.0
16.0
26.0
6.0
0.0
0.0
4.0
0.0
0.0
0.0
0.0
134.0
2.0
0.0
0.0
0.0
52.0
0.0
0.0
4.0
68.0
4.0
160.0
0.0
0.0
0.0
0.0
0.0
0.0
0.0
0.0
0.0
22.0
10.0
28.0
22.0
26.0
78.0
0.0
0.0
0.0
0.0
0.0
0.0
0.0
56.0
0.0
4.0
0.0
190.0
0.0
0.0
30.0
28.0
0.0
76.0
0.0
12.0
72.0
150.0
0.0
16.0
18.0
0.0
108.0
12.0
0.0
0.0
176.0
25.0
8.0
48.0
30.0
0.0
0.0
0.0
0.0
0.0
0.0
20.0
50.0
18.0
8.0
4.0
0.0
72.0
0.0
0.0
0.0
52.0
10.0
0.0
0.0
0.0
40.0
4.0
10.0
36.0
5.0
0.0
0.0
0.0
70.0
8.0
0.0
164.0
10.0
0.0
50.0
42.0
40.0
100.0
28.0
0.0
0.0
5.0
0.0
0.0
0.0
0.0
0.0
0.0
0.0
0.0
0.0
0.0
0.0
18.0
4.0
0.0
0.0
0.0
0.0
0.0
0.0
0.0
0.0
16.0
0.0
0.0
62.0
116.0
2.0
4.0
10.0
38.0
64.0
28.0
116.0
0.0
0.0
0.0
74.0
36.0
0.0
14.0
14.0
0.0
164.0
232.0
58.0
0.0
0.0
0.0
0.0
0.0
0.0
0.0
0.0
0.0
0.0
0.0
4.0
32.0
0.0
60.0
0.0
0.0
0.0
34.0
0.0
0.0
0.0
0.0
162.0
16.0
0.0
0.0
8.0
64.0
74.0
22.0
30.0
0.0
0.0
0.0
0.0
78.0
44.0
4.0
8.0
0.0
0.0
0.0
0.0
0.0
0.0
4.0
0.0
0.0
0.0
162.0
14.0
0.0
18.0
14.0
0.0
0.0
0.0
0.0
0.0
0.0
0.0
0.0
34.0
24.0
118.0
0.0
4.0
54.0
4.0
0.0
0.0
0.0
0.0
0.0
16.0
8.0
0.0
0.0
0.0
0.0
0.0
0.0
0.0
12.0
4.0
4.0
0.0
2.0
0.0
134.0
42.0
0.0
0.0
0.0
136.0
0.0
0.0
228.0
0.0
0.0
0.0
14.0
0.0
0.0
154.0
2.0
48.0
16.0
0.0
0.0
120.0
0.0
0.0
0.0
0.0
0.0
6.0
0.0
0.0
0.0
0.0
80.0
312.0
18.0
0.0
0.0
0.0
0.0
0.0
0.0
0.0
0.0
0.0
62.0
30.0
0.0
0.0
0.0
0.0
0.0
62.0
16.0
0.0
0.0
0.0
0.0
0.0
0.0
6.0
0.0
0.0
54.0
0.0
0.0
0.0
0.0
30.0
330.0
0.0
0.0
66.0
118.0
2.0
4.0
0.0
0.0
58.0
10.0
0.0
0.0
0.0
392.0
0.0
0.0
0.0
0.0
0.0
0.0
0.0
12.0
0.0
64.0
0.0
0.0
0.0
0.0
0.0
0.0
2.0
0.0
126.0
364.0
16.0
0.0
0.0
0.0
0.0
0.0
0.0
16.0
0.0
0.0
0.0
0.0
0.0
0.0
0.0
0.0
72.0
8.0
0.0
0.0
26.0
0.0
74.0
36.0
0.0
0.0
74.0
0.0
0.0
0.0
12.0
54.0
240.0
50.0
0.0
0.0
18.0
0.0
0.0
16.0
4.0
228.0
56.0
4.0
0.0
0.0
30.0
22.0
0.0
0.0
0.0
0.0
0.0
0.0
0.0
30.0
10.0
0.0
0.0
2.0
14.0
54.0
5.0
0.0
0.0
0.0
0.0
68.0
56.0
4.0
114.0
18.0
0.0
0.0
5.0
0.0
16.0
62.0
30.0
0.0
6.0
0.0
0.0
280.0
202.0
40.0
0.0
22.0
8.0
12.0
0.0
24.0
0.0
6.0
0.0
0.0
0.0
0.0
8.0
0.0
4.0
0.0
26.0
2.0
0.0
0.0
0.0
142.0
0.0
0.0
0.0
0.0
16.0
100.0
6.0
76.0
2.0
0.0
12.0
12.0
0.0
0.0
0.0
0.0
0.0
0.0
0.0
10.0
0.0
46.0
0.0
48.0
140.0
102.0
0.0
0.0
0.0
34.0
46.0
0.0
0.0
0.0
10.0
0.0
88.0
0.0
4.0
0.0
0.0
0.0
0.0
15.0
52.0
44.0
18.0
0.0
102.0
18.0
8.0
16.0
8.0
2.0
10.0
0.0
0.0
20.0
4.0
0.0
54.0
602.0
36.0
0.0
0.0
0.0
0.0
0.0
0.0
0.0
0.0
0.0
110.0
0.0
0.0
0.0
0.0
0.0
0.0
86.0
240.0
0.0
42.0
0.0
0.0
0.0
0.0
82.0
54.0
346.0
20.0
0.0
0.0
46.0
22.0
0.0
0.0
0.0
0.0
0.0
0.0
0.0
0.0
34.0
0.0
0.0
0.0
32.0
0.0
0.0
0.0
0.0
0.0
184.0
190.0
24.0
24.0
8.0
46.0
62.0
0.0
0.0
68.0
0.0
0.0
4.0
536.0
0.0
6.0
0.0
26.0
20.0
18.0
0.0
236.0
12.0
0.0
0.0
14.0
0.0
0.0
138.0
8.0
0.0
0.0
66.0
64.0
0.0
0.0
0.0
0.0
0.0
4.0
14.0
0.0
0.0
0.0
0.0
8.0
20.0
350.0
188.0
94.0
28.0
8.0
126.0
0.0
0.0
52.0
30.0
0.0
0.0
NaN
0.0
0.0
0.0
0.0
0.0
0.0
0.0
36.0
0.0
0.0
0.0
0.0
96.0
0.0
0.0
0.0
18.0
0.0
0.0
0.0
0.0
0.0
0.0
0.0
8.0
0.0
0.0
0.0
0.0
14.0
0.0
118.0
84.0
2.0
0.0
124.0
296.0
0.0
0.0
0.0
0.0
94.0
4.0
344.0
26.0
0.0
0.0
0.0
0.0
0.0
0.0
0.0
0.0
0.0
164.0
74.0
18.0
8.0
80.0
68.0
0.0
0.0
0.0
0.0
0.0
0.0
30.0
0.0
0.0
0.0
0.0
0.0
0.0
0.0
102.0
6.0
0.0
32.0
0.0
0.0
0.0
0.0
0.0
0.0
0.0
0.0
0.0
0.0
0.0
16.0
12.0
138.0
12.0
0.0
6.0
30.0
18.0
0.0
6.0
0.0
4.0
0.0
0.0
0.0
0.0
0.0
0.0
56.0
10.0
10.0
10.0
10.0
15.0
10.0
0.0
0.0
18.0
0.0
4.0
40.0
10.0
0.0
0.0
250.0
0.0
144.0
0.0
12.0
256.0
52.0
44.0
14.0
14.0
40.0
0.0
22.0
0.0
0.0
0.0
102.0
0.0
42.0
114.0
6.0
10.0
0.0
40.0
44.0
8.0
0.0
10.0
100.0
0.0
0.0
0.0
0.0
0.0
42.0
16.0
6.0
2.0
0.0
0.0
0.0
0.0
0.0
0.0
10.0
0.0
68.0
0.0
0.0
136.0
70.0
18.0
2.0
0.0
0.0
10.0
36.0
6.0
18.0
76.0
244.0
0.0
0.0
0.0
0.0
38.0
0.0
0.0
0.0
0.0
0.0
0.0
0.0
18.0
0.0
238.0
6.0
0.0
0.0
0.0
0.0
0.0
0.0
4.0
64.0
8.0
0.0
12.0
0.0
32.0
0.0
120.0
4.0
0.0
6.0
32.0
32.0
0.0
0.0
0.0
0.0
0.0
20.0
5.0
172.0
0.0
0.0
0.0
0.0
0.0
0.0
18.0
58.0
28.0
0.0
86.0
50.0
4.0
40.0
54.0
0.0
46.0
0.0
0.0
0.0
0.0
42.0
12.0
0.0
0.0
144.0
94.0
16.0
6.0
0.0
0.0
20.0
0.0
0.0
0.0
0.0
0.0
0.0
0.0
6.0
0.0
0.0
66.0
8.0
0.0
50.0
96.0
0.0
6.0
6.0
6.0
4.0
0.0
6.0
0.0
0.0
218.0
46.0
2.0
4.0
12.0
104.0
60.0
66.0
2.0
0.0
60.0
28.0
124.0
10.0
0.0
0.0
0.0
0.0
0.0
58.0
196.0
0.0
0.0
0.0
0.0
106.0
4.0
0.0
0.0
54.0
0.0
86.0
0.0
0.0
0.0
0.0
0.0
0.0
0.0
112.0
0.0
0.0
8.0
2.0
202.0
0.0
0.0
0.0
0.0
0.0
0.0
0.0
0.0
0.0
0.0
0.0
0.0
0.0
0.0
0.0
60.0
119.0
0.0
0.0
0.0
18.0
0.0
0.0
0.0
0.0
0.0
0.0
0.0
10.0
0.0
0.0
0.0
0.0
0.0
0.0
28.0
0.0
0.0
0.0
0.0
0.0
0.0
162.0
0.0
66.0
166.0
2.0
0.0
26.0
2.0
0.0
0.0
62.0
172.0
0.0
0.0
4.0
6.0
0.0
0.0
70.0
2.0
0.0
0.0
0.0
170.0
400.0
0.0
0.0
0.0
0.0
0.0
0.0
0.0
8.0
18.0
242.0
14.0
51.0
4.0
64.0
160.0
274.0
8.0
251.0
6.0
0.0
0.0
0.0
0.0
0.0
232.0
316.0
0.0
0.0
0.0
0.0
0.0
258.0
62.0
114.0
114.0
86.0
188.0
0.0
0.0
0.0
24.0
0.0
26.0
86.0
132.0
18.0
30.0
8.0
0.0
0.0
32.0
6.0
106.0
10.0
0.0
0.0
0.0
0.0
0.0
38.0
0.0
12.0
0.0
0.0
14.0
46.0
0.0
0.0
4.0
0.0
52.0
0.0
0.0
0.0
0.0
62.0
0.0
8.0
22.0
148.0
310.0
32.0
0.0
0.0
0.0
0.0
14.0
0.0
0.0
0.0
0.0
0.0
0.0
58.0
4.0
138.0
0.0
88.0
58.0
4.0
44.0
4.0
0.0
18.0
8.0
0.0
28.0
14.0
32.0
0.0
0.0
0.0
0.0
14.0
0.0
0.0
0.0
30.0
26.0
6.0
8.0
0.0
4.0
6.0
20.0
0.0
56.0
12.0
60.0
12.0
0.0
0.0
4.0
0.0
0.0
40.0
0.0
0.0
0.0
0.0
0.0
8.0
95.0
84.0
16.0
0.0
142.0
60.0
0.0
0.0
0.0
0.0
0.0
104.0
10.0
4.0
0.0
0.0
10.0
60.0
4.0
0.0
128.0
104.0
40.0
0.0
0.0
0.0
60.0
100.0
4.0
0.0
0.0
132.0
10.0
2.0
42.0
4.0
6.0
16.0
142.0
0.0
0.0
0.0
0.0
0.0
12.0
0.0
8.0
0.0
16.0
24.0
14.0
6.0
0.0
0.0
0.0
20.0
0.0
2.0
98.0
0.0
28.0
2.0
152.0
0.0
4.0
8.0
0.0
18.0
247.0
8.0
0.0
12.0
225.0
8.0
22.0
0.0
0.0
0.0
10.0
6.0
0.0
38.0
8.0
0.0
48.0
2.0
0.0
84.0
136.0
0.0
0.0
103.0
0.0
0.0
0.0
0.0
56.0
4.0
90.0
22.0
0.0
149.0
70.0
6.0
0.0
2.0
93.0
2.0
0.0
0.0
0.0
0.0
0.0
38.0
0.0
42.0
0.0
0.0
0.0
0.0
100.0
0.0
0.0
0.0
204.0
56.0
6.0
0.0
0.0
0.0
0.0
0.0
0.0
0.0
0.0
4.0
18.0
6.0
158.0
0.0
0.0
0.0
74.0
2.0
0.0
0.0
0.0
62.0
0.0
0.0
0.0
0.0
0.0
0.0
0.0
0.0
0.0
0.0
0.0
4.0
0.0
0.0
0.0
0.0
0.0
0.0
0.0
0.0
0.0
40.0
0.0
0.0
26.0
298.0
2.0
0.0
14.0
46.0
18.0
210.0
106.0
0.0
0.0
0.0
0.0
0.0
0.0
0.0
0.0
0.0
0.0
0.0
0.0
0.0
0.0
8.0
94.0
0.0
48.0
0.0
10.0
18.0
0.0
4.0
26.0
2.0
4.0
0.0
0.0
0.0
0.0
0.0
0.0
0.0
0.0
0.0
0.0
0.0
0.0
0.0
0.0
0.0
0.0
6.0
0.0
0.0
0.0
248.0
10.0
0.0
0.0
0.0
200.0
62.0
0.0
18.0
0.0
0.0
2.0
16.0
146.0
0.0
0.0
0.0
6.0
66.0
6.0
68.0
0.0
14.0
0.0
0.0
0.0
0.0
0.0
36.0
0.0
0.0
0.0
4.0
8.0
42.0
0.0
0.0
0.0
22.0
2.0
0.0
98.0
4.0
0.0
0.0
0.0
0.0
2.0
0.0
0.0
0.0
0.0
82.0
0.0
0.0
0.0
56.0
129.0
32.0
4.0
0.0
114.0
2.0
18.0
20.0
46.0
6.0
0.0
NaN
4.0
2.0
12.0
0.0
80.0
4.0
0.0
22.0
16.0
52.0
94.0
0.0
0.0
0.0
0.0
0.0
0.0
0.0
0.0
0.0
0.0
18.0
0.0
34.0
0.0
0.0
124.0
134.0
20.0
0.0
0.0
0.0
34.0
40.0
0.0
0.0
32.0
4.0
22.0
0.0
0.0
44.0
24.0
0.0
38.0
18.0
0.0
0.0
10.0
18.0
0.0
0.0
0.0
6.0
0.0
44.0
28.0
0.0
0.0
0.0
0.0
0.0
42.0
4.0
28.0
0.0
0.0
28.0
0.0
0.0
14.0
6.0
0.0
146.0
4.0
0.0
22.0
10.0
12.0
2.0
62.0
52.0
0.0
0.0
0.0
0.0
0.0
120.0
0.0
0.0
0.0
0.0
205.0
0.0
62.0
0.0
0.0
0.0
0.0
28.0
18.0
14.0
108.0
12.0
0.0
0.0
56.0
0.0
0.0
0.0
58.0
0.0
0.0
0.0
0.0
0.0
0.0
8.0
0.0
29.0
6.0
0.0
16.0
6.0
2.0
6.0
94.0
6.0
14.0
22.0
18.0
0.0
392.0
124.0
8.0
0.0
44.0
0.0
0.0
0.0
0.0
0.0
0.0
0.0
0.0
0.0
28.0
8.0
0.0
18.0
6.0
16.0
0.0
0.0
0.0
0.0
0.0
0.0
8.0
312.0
226.0
8.0
0.0
2.0
96.0
0.0
0.0
8.0
6.0
56.0
58.0
8.0
0.0
0.0
38.0
8.0
0.0
0.0
40.0
152.0
0.0
0.0
132.0
4.0
0.0
0.0
58.0
0.0
0.0
72.0
18.0
0.0
0.0
0.0
32.0
2.0
0.0
0.0
92.0
0.0
12.0
12.0
218.0
0.0
0.0
0.0
0.0
0.0
0.0
0.0
0.0
0.0
0.0
0.0
0.0
0.0
78.0
24.0
12.0
146.0
0.0
0.0
0.0
0.0
41.0
0.0
60.0
22.0
80.0
0.0
40.0
4.0
0.0
0.0
0.0
4.0
0.0
0.0
0.0
4.0
6.0
50.0
2.0
0.0
0.0
0.0
2.0
0.0
0.0
0.0
0.0
0.0
28.0
0.0
102.0
76.0
42.0
0.0
0.0
0.0
0.0
0.0
0.0
0.0
0.0
0.0
226.0
0.0
0.0
0.0
0.0
0.0
8.0
0.0
0.0
0.0
2.0
52.0
0.0
0.0
90.0
0.0
28.0
6.0
0.0
0.0
4.0
0.0
0.0
0.0
0.0
0.0
0.0
0.0
0.0
4.0
76.0
24.0
0.0
0.0
356.0
106.0
0.0
8.0
188.0
0.0
126.0
4.0
90.0
0.0
0.0
0.0
4.0
7.0
0.0
66.0
2.0
0.0
0.0
0.0
0.0
0.0
0.0
2.0
2.0
0.0
330.0
0.0
0.0
0.0
0.0
0.0
0.0
116.0
30.0
16.0
38.0
96.0
3.0
31.0
84.0
0.0
0.0
0.0
168.0
184.0
102.0
0.0
0.0
0.0
0.0
0.0
0.0
78.0
6.0
8.0
0.0
0.0
32.0
32.0
18.0
140.0
6.0
0.0
0.0
0.0
50.0
26.0
0.0
8.0
60.0
244.0
0.0
0.0
0.0
0.0
0.0
0.0
0.0
10.0
0.0
0.0
8.0
156.0
0.0
0.0
14.0
58.0
0.0
28.0
28.0
0.0
0.0
0.0
0.0
64.0
90.0
80.0
66.0
0.0
0.0
24.0
166.0
4.0
0.0
64.0
24.0
12.0
36.0
6.0
8.0
2.0
12.0
0.0
8.0
60.0
20.0
18.0
158.0
30.0
2.0
60.0
0.0
0.0
0.0
40.0
0.0
28.0
10.0
0.0
8.0
54.0
2.0
0.0
2.0
0.0
0.0
44.0
32.0
0.0
12.0
18.0
18.0
0.0
0.0
22.0
0.0
2.0
0.0
14.0
0.0
0.0
0.0
0.0
3.0
126.0
6.0
0.0
0.0
0.0
0.0
0.0
0.0
0.0
0.0
6.0
0.0
14.0
158.0
22.0
0.0
46.0
12.0
0.0
0.0
10.0
0.0
0.0
4.0
0.0
96.0
2.0
0.0
64.0
26.0
0.0
0.0
0.0
82.0
98.0
26.0
0.0
0.0
224.0
72.0
6.0
68.0
6.0
10.0
0.0
0.0
32.0
0.0
0.0
0.0
0.0
0.0
38.0
0.0
0.0
0.0
0.0
0.0
28.0
4.0
28.0
38.0
0.0
0.0
8.0
16.0
8.0
18.0
12.0
0.0
58.0
174.0
46.0
2.0
14.0
0.0
NaN
10.0
325.0
112.0
52.0
0.0
0.0
10.0
30.0
4.0
0.0
21.0
8.0
0.0
117.0
274.0
412.0
90.0
6.0
34.0
0.0
0.0
0.0
0.0
0.0
60.0
24.0
4.0
0.0
0.0
0.0
0.0
0.0
0.0
206.0
64.0
0.0
0.0
NaN
NaN
0.0
94.0
0.0
20.0
0.0
0.0
24.0
2.0
10.0
30.0
0.0
0.0
25.0
0.0
34.0
0.0
0.0
0.0
0.0
70.0
0.0
4.0
35.0
16.0
0.0
0.0
166.0
4.0
102.0
192.0
0.0
0.0
22.0
120.0
0.0
0.0
24.0
4.0
0.0
0.0
0.0
28.0
238.0
0.0
0.0
162.0
0.0
0.0
NaN
NaN
84.0
0.0
0.0
0.0
0.0
0.0
0.0
16.0
0.0
0.0
0.0
0.0
0.0
16.0
0.0
0.0
16.0
0.0
0.0
0.0
0.0
30.0
20.0
10.0
182.0
136.0
0.0
0.0
0.0
0.0
2.0
0.0
0.0
176.0
4.0
38.0
8.0
0.0
0.0
0.0
0.0
0.0
0.0
4.0
0.0
0.0
0.0
0.0
0.0
0.0
0.0
0.0
0.0
0.0
0.0
0.0
0.0
0.0
38.0
66.0
0.0
0.0
0.0
0.0
0.0
NaN
0.0
0.0
0.0
0.0
92.0
52.0
132.0
40.0
0.0
0.0
0.0
0.0
0.0
0.0
84.0
4.0
2.0
0.0
2.0
47.0
280.0
4.0
0.0
89.0
28.0
44.0
106.0
0.0
0.0
0.0
0.0
0.0
16.0
4.0
0.0
0.0
0.0
2.0
2.0
24.0
5.0
44.0
10.0
0.0
0.0
10.0
202.0
0.0
24.0
68.0
0.0
0.0
190.0
12.0
0.0
0.0
0.0
12.0
18.0
243.0
0.0
0.0
64.0
26.0
92.0
10.0
0.0
0.0
16.0
0.0
48.0
16.0
8.0
0.0
98.0
22.0
0.0
74.0
18.0
0.0
0.0
0.0
76.0
10.0
46.0
126.0
42.0
36.0
34.0
26.0
24.0
0.0
0.0
16.0
28.0
78.0
118.0
0.0
0.0
0.0
0.0
44.0
52.0
0.0
24.0
97.0
6.0
22.0
8.0
0.0
0.0
0.0
0.0
0.0
0.0
0.0
0.0
0.0
0.0
0.0
2.0
78.0
36.0
48.0
0.0
6.0
0.0
172.0
104.0
242.0
20.0
4.0
0.0
2.0
162.0
4.0
42.0
0.0
8.0
76.0
0.0
0.0
86.0
50.0
6.0
0.0
0.0
0.0
0.0
104.0
26.0
0.0
24.0
74.0
6.0
0.0
0.0
0.0
0.0
0.0
0.0
76.0
10.0
0.0
0.0
32.0
0.0
0.0
0.0
0.0
0.0
0.0
0.0
0.0
48.0
124.0
0.0
0.0
0.0
2.0
6.0
0.0
0.0
0.0
0.0
0.0
0.0
0.0
0.0
0.0
0.0
0.0
48.0
12.0
0.0
72.0
210.0
146.0
0.0
152.0
13.0
0.0
0.0
0.0
0.0
22.0
4.0
0.0
0.0
20.0
0.0
0.0
0.0
6.0
4.0
0.0
196.0
10.0
6.0
0.0
0.0
0.0
32.0
0.0
0.0
16.0
122.0
0.0
0.0
0.0
39.0
34.0
12.0
0.0
0.0
0.0
0.0
4.0
0.0
102.0
0.0
0.0
0.0
0.0
0.0
0.0
17.0
28.0
206.0
190.0
26.0
8.0
0.0
0.0
0.0
NaN
0.0
0.0
0.0
0.0
0.0
0.0
NaN
0.0
NaN
