0.0
NaN
NaN
0.0
NaN
NaN
0.0
60.0
50.0
40.0
4.0
4.0
0.0
0.0
0.0
16.0
0.0
0.0
8.0
0.0
0.0
0.0
0.0
0.0
0.0
0.0
210.0
218.0
0.0
0.0
0.0
8.0
0.0
0.0
0.0
0.0
6.0
0.0
0.0
0.0
0.0
0.0
0.0
6.0
0.0
0.0
0.0
0.0
0.0
0.0
0.0
0.0
0.0
0.0
0.0
0.0
0.0
0.0
0.0
0.0
0.0
23.0
2.0
0.0
0.0
0.0
0.0
0.0
0.0
0.0
0.0
0.0
8.0
0.0
0.0
0.0
0.0
0.0
0.0
0.0
0.0
25.0
25.0
0.0
0.0
0.0
0.0
0.0
0.0
0.0
38.0
0.0
11.0
0.0
5.0
0.0
0.0
0.0
0.0
0.0
0.0
0.0
0.0
0.0
11.0
0.0
0.0
10.0
0.0
55.0
15.0
0.0
0.0
7.0
11.0
0.0
0.0
0.0
0.0
0.0
0.0
0.0
0.0
11.0
8.0
0.0
0.0
0.0
0.0
6.0
6.0
34.0
2.0
0.0
0.0
0.0
0.0
0.0
32.0
20.0
2.0
0.0
0.0
0.0
0.0
0.0
0.0
0.0
0.0
32.0
0.0
0.0
142.0
0.0
0.0
106.0
78.0
24.0
0.0
0.0
0.0
0.0
16.0
0.0
0.0
0.0
0.0
2.0
0.0
0.0
0.0
0.0
0.0
0.0
0.0
0.0
0.0
0.0
0.0
0.0
0.0
10.0
0.0
0.0
0.0
0.0
0.0
0.0
0.0
0.0
0.0
0.0
4.0
0.0
0.0
32.0
0.0
0.0
0.0
0.0
0.0
0.0
0.0
0.0
0.0
0.0
0.0
0.0
6.0
0.0
0.0
0.0
0.0
0.0
0.0
0.0
8.0
0.0
0.0
38.0
0.0
0.0
0.0
254.0
NaN
NaN
0.0
0.0
0.0
10.0
0.0
62.0
0.0
10.0
50.0
0.0
8.0
2.0
0.0
0.0
0.0
0.0
0.0
0.0
52.0
0.0
0.0
0.0
0.0
0.0
66.0
0.0
0.0
0.0
0.0
0.0
16.0
0.0
0.0
0.0
0.0
54.0
0.0
40.0
27.0
0.0
10.0
0.0
0.0
0.0
0.0
116.0
0.0
6.0
84.0
0.0
0.0
0.0
0.0
0.0
245.0
4.0
0.0
0.0
0.0
0.0
0.0
12.0
0.0
0.0
0.0
58.0
0.0
0.0
0.0
0.0
0.0
0.0
0.0
0.0
0.0
114.0
0.0
0.0
0.0
0.0
0.0
0.0
0.0
0.0
0.0
0.0
0.0
0.0
0.0
0.0
0.0
0.0
8.0
48.0
0.0
0.0
0.0
14.0
0.0
0.0
0.0
0.0
0.0
0.0
70.0
102.0
0.0
0.0
42.0
