NaN
NaN
NaN
NaN
NaN
NaN
0.6
7.4
7.7
6.0
7.5
4.8
7.0
3.6
6.7
4.7
NaN
NaN
NaN
NaN
NaN
NaN
NaN
NaN
NaN
NaN
NaN
NaN
NaN
NaN
NaN
NaN
NaN
NaN
NaN
0.9
-2.1
NaN
-6.0
-8.3
NaN
0.8
6.7
-2.1
NaN
-5.9
-7.3
-4.5
1.3
7.3
-0.2
-2.3
-2.8
0.2
0.1
-0.5
NaN
-5.0
3.2
-2.6
0.5
-4.4
-12.1
-12.4
-14.0
-15.9
-11.9
-8.7
-15.4
-16.6
-10.4
-1.6
-11.3
NaN
NaN
NaN
-12.1
-3.5
-7.1
-7.6
-14.1
-13.7
0.5
1.2
-0.4
NaN
NaN
NaN
NaN
NaN
NaN
NaN
NaN
-8.1
-6.1
-5.6
-10.0
-11.4
NaN
NaN
NaN
NaN
-20.6
-14.7
-26.3
-28.3
-29.3
NaN
-17.6
-13.2
-15.1
NaN
NaN
NaN
NaN
NaN
NaN
NaN
NaN
NaN
NaN
NaN
NaN
NaN
-13.9
-11.2
-7.3
-13.3
NaN
-15.9
NaN
NaN
NaN
NaN
NaN
NaN
NaN
NaN
NaN
NaN
NaN
NaN
NaN
NaN
NaN
NaN
NaN
NaN
NaN
NaN
NaN
NaN
NaN
NaN
NaN
NaN
NaN
NaN
NaN
NaN
NaN
NaN
NaN
15.2
17.5
15.2
17.0
17.3
17.4
16.1
16.7
18.4
17.6
20.3
14.6
10.7
11.5
9.6
14.3
16.0
16.4
16.5
20.6
18.1
17.0
16.5
14.7
11.4
9.8
10.4
11.5
13.5
17.0
17.1
16.8
15.0
12.6
10.4
11.8
14.2
16.9
14.8
10.5
9.6
7.4
9.0
6.2
8.0
18.6
19.9
19.1
18.4
16.1
14.4
8.1
6.8
10.1
11.3
9.5
14.9
15.8
NaN
13.0
13.0
12.7
12.7
8.2
7.3
16.1
16.0
10.2
5.7
5.0
4.9
14.3
12.7
11.5
9.6
12.6
8.6
11.6
9.2
4.9
2.7
7.1
6.9
4.6
1.3
-2.0
4.7
9.3
11.6
12.0
8.2
6.5
3.2
0.8
3.5
7.3
6.7
4.0
-2.1
-2.1
-0.4
3.0
1.5
-1.5
-1.2
-0.1
0.5
-2.5
-4.2
NaN
NaN
5.8
4.7
5.2
-3.6
-6.2
2.2
NaN
0.1
-4.5
-7.0
-6.2
-6.3
-8.0
NaN
NaN
NaN
NaN
NaN
NaN
NaN
NaN
NaN
NaN
NaN
NaN
NaN
NaN
-8.3
2.7
-3.6
-4.7
0.7
-4.2
-11.5
-12.7
-11.3
-12.2
-8.3
-0.2
-3.4
-3.4
-2.3
-6.1
-10.7
-14.6
-17.4
-3.7
-17.1
-20.9
-22.6
-28.6
-24.4
-13.3
-11.4
-15.4
-20.2
-16.5
-16.4
-12.7
-11.9
-16.0
-3.2
-10.3
NaN
-2.8
-5.1
-13.9
-13.8
-9.2
-7.7
-6.3
-7.5
-14.5
-11.3
-0.3
-9.6
-9.7
-12.1
-19.7
-25.5
-20.2
-23.6
-27.6
-27.5
-21.5
-22.1
-17.1
-25.0
-26.9
-23.3
-21.1
-12.2
-17.8
-20.5
-12.0
-12.3
-10.5
-8.9
-10.8
-4.2
0.0
-4.2
-7.6
-11.3
-6.7
-18.3
-19.0
2.7
-7.1
-10.6
-17.2
-18.7
-19.3
-13.7
-8.4
-16.8
-21.8
NaN
-20.3
-13.3
-15.7
-7.7
-11.4
-15.8
-11.4
-10.8
-6.9
-12.9
-15.0
-18.4
-16.7
-10.8
-11.0
-14.3
-7.8
-5.7
-7.6
-10.3
-10.3
-8.9
-11.0
-9.0
-3.7
-7.0
-4.9
-6.4
-10.2
-7.8
2.0
-1.4
NaN
0.9
3.7
1.9
3.2
2.1
1.2
3.8
1.1
-1.4
-4.0
1.4
-2.9
-3.8
-3.1
-1.9
-3.4
-3.6
5.8
2.8
4.2
1.4
NaN
-0.1
5.5
3.6
2.4
4.5
7.3
5.2
3.1
3.1
4.8
3.3
2.5
3.2
1.9
1.7
2.9
5.6
3.8
7.0
5.2
0.0
-2.4
7.7
7.6
7.8
6.3
3.7
1.3
3.9
6.0
8.0
7.9
8.7
8.0
7.9
9.9
7.7
7.8
11.3
8.3
9.4
9.8
14.4
14.5
15.9
15.8
16.5
13.0
13.8
19.7
21.0
21.6
22.9
17.1
16.6
14.8
11.2
10.7
11.5
10.9
15.3
11.3
9.0
15.6
19.2
17.9
17.2
22.2
20.8
18.4
18.3
13.3
13.9
18.2
18.9
13.8
12.5
14.4
16.9
16.8
20.2
18.5
17.4
17.0
15.4
15.7
22.7
23.3
21.3
19.0
18.9
15.3
13.3
11.6
21.0
19.3
12.3
9.2
13.9
11.8
10.6
18.8
18.9
19.4
19.4
16.1
12.4
16.2
18.3
20.0
20.6
19.1
17.8
20.3
17.9
NaN
17.0
9.7
8.6
9.5
18.6
17.6
NaN
11.8
NaN
12.7
NaN
14.3
18.9
NaN
NaN
18.5
17.5
16.4
15.1
10.3
7.8
8.5
14.3
9.7
8.2
5.3
6.7
18.4
18.8
18.2
17.6
15.3
14.5
14.3
14.8
14.8
12.4
17.8
6.9
4.7
9.4
11.5
8.2
11.2
5.8
3.8
8.8
8.5
9.6
14.3
13.6
NaN
5.6
5.6
6.9
8.2
7.7
7.4
8.6
10.9
9.0
8.6
5.9
6.8
4.0
0.4
-1.4
-2.4
5.0
4.7
2.1
1.8
2.6
-0.5
-4.2
3.3
8.4
7.6
1.5
3.0
1.6
-0.5
3.8
6.2
-2.9
-5.0
-1.0
-2.8
-4.9
-0.1
-1.4
0.4
4.3
-2.8
-7.6
-2.0
4.2
6.0
-4.3
-10.7
-9.4
-11.3
-10.9
-6.0
-0.3
8.3
1.4
0.7
-5.7
-6.7
-4.5
-6.5
-9.3
-10.9
-12.4
-6.8
-2.7
-4.9
-16.7
-19.9
-20.5
-18.0
-7.8
-4.3
-6.7
-8.4
-17.9
-20.8
-14.9
0.1
1.3
-0.2
-5.0
-8.7
-3.1
-1.3
-15.3
-15.8
-10.5
-7.8
-10.1
-9.3
-4.5
-14.8
-17.7
-9.6
-5.9
-7.1
NaN
-3.7
NaN
-8.5
-18.4
-19.3
-17.7
-0.1
-2.3
-0.2
-9.7
-14.8
-9.0
-1.3
-6.2
-13.9
-14.6
-2.2
-5.6
-5.1
-4.5
-4.3
-3.8
-0.3
0.9
-3.3
-8.2
-10.0
-12.4
-14.7
-17.7
-18.8
-14.4
-11.3
-3.5
0.5
-8.7
-12.7
-18.6
-16.3
-8.8
-6.7
-8.0
-3.0
-13.5
-13.7
-17.1
-19.0
-15.7
-16.2
-10.0
-13.7
-6.9
-7.5
-10.1
-11.6
-9.7
-4.1
2.4
-1.7
-3.5
1.4
-1.8
-4.4
-7.4
-9.1
-9.1
-7.5
-9.5
-7.0
-3.5
-1.6
0.9
0.9
0.8
-2.1
-4.8
-0.7
0.9
1.3
3.0
-1.2
-1.1
-3.0
-3.2
0.8
-1.9
-5.8
-3.9
0.3
-0.4
2.2
2.4
-1.2
5.5
3.9
4.9
4.8
5.2
4.6
4.5
5.7
5.3
5.9
-0.4
-0.4
-2.4
-2.5
-3.3
-0.8
3.9
7.7
5.6
3.9
9.4
1.7
-1.4
2.0
5.7
11.2
10.1
12.1
10.5
10.3
10.7
10.8
10.9
NaN
NaN
8.9
6.1
NaN
6.8
5.8
11.7
13.5
13.6
11.3
16.1
17.0
15.1
11.4
10.4
13.6
10.7
10.0
12.2
11.9
12.5
11.1
7.2
7.3
12.9
11.6
12.6
9.5
13.8
15.3
20.9
18.5
11.7
10.7
17.4
11.7
9.5
10.3
18.2
19.4
19.2
16.1
14.5
13.5
14.4
13.1
19.7
15.5
13.5
14.2
16.8
16.2
18.1
18.6
18.1
18.0
20.1
18.1
19.8
20.2
15.2
13.0
15.5
17.7
16.1
16.0
15.4
19.5
19.4
22.3
21.5
18.4
13.4
17.4
22.1
23.5
17.4
18.6
14.1
13.7
18.0
13.8
12.8
12.9
9.4
9.2
9.6
15.5
16.9
14.5
13.4
16.2
19.2
15.0
14.1
15.3
10.3
10.3
8.9
7.2
NaN
15.2
15.0
8.5
6.1
8.2
12.0
12.1
14.7
15.4
14.5
11.6
13.7
10.7
5.8
3.2
3.5
9.7
14.5
13.2
11.7
13.5
15.4
12.9
7.6
4.7
8.1
12.8
10.1
5.1
8.8
7.9
10.7
4.9
3.6
10.3
9.8
7.1
7.0
3.0
0.2
-0.9
3.9
10.3
6.1
7.4
2.7
1.8
2.4
2.4
2.0
3.3
11.4
8.3
0.3
-3.4
-4.5
3.8
3.6
3.0
2.4
1.0
3.1
2.7
-1.5
-0.3
2.9
-0.7
-4.6
-4.6
0.6
-0.2
-0.5
6.7
7.9
0.9
1.9
2.1
3.6
6.8
6.1
7.7
2.1
1.3
-0.4
-1.4
-2.0
-4.7
-3.7
-6.0
-5.9
-3.8
0.5
-0.2
0.6
3.8
-0.5
-4.2
-4.5
-10.3
-11.1
-4.4
-13.3
-14.8
-3.8
1.4
1.2
-1.9
-1.1
4.1
5.1
1.1
-0.2
-0.4
-5.8
-6.5
-5.1
-5.0
0.4
1.5
0.4
-2.0
-8.5
-10.7
-15.5
-9.3
-9.0
-1.8
-2.1
1.1
4.6
7.4
3.8
0.6
0.5
-4.8
-12.8
-13.2
1.2
-8.4
-7.8
-9.6
-21.7
-23.8
-13.2
-4.8
-16.7
-19.3
NaN
-15.4
-19.0
-21.5
-23.7
-24.8
-21.1
-20.8
-24.6
-21.5
-9.5
-6.4
-11.2
-15.5
-22.1
-16.4
-16.3
-13.2
-17.1
-15.0
-14.6
-20.8
-23.2
-16.0
-19.7
-13.9
-8.5
-18.9
-22.3
-15.0
-10.1
-7.8
-12.9
-13.6
-14.8
-12.4
-16.5
-12.3
-18.8
-7.6
NaN
-6.1
-19.4
-24.7
-23.0
-23.0
-24.0
-11.9
0.1
-0.6
2.1
7.6
-7.6
-9.5
-8.1
-7.2
-10.1
-15.3
-17.4
-0.2
-3.4
-5.8
-0.6
-0.1
2.8
-1.0
-2.6
-2.9
-5.1
-5.5
4.1
5.2
2.3
-2.4
-6.6
-5.9
-4.7
-1.1
-2.7
-4.4
0.3
0.9
2.1
0.1
0.0
1.4
3.3
1.6
-1.0
5.0
3.8
9.6
2.8
0.2
2.3
7.7
8.7
7.3
3.5
0.1
3.4
3.2
3.9
3.9
2.0
4.1
10.8
15.0
11.8
7.5
3.7
1.6
6.0
10.6
2.8
1.9
1.8
1.0
4.5
4.3
3.5
5.7
11.4
17.4
10.0
8.6
11.1
8.4
12.8
15.4
15.9
13.6
13.1
15.6
5.9
5.3
7.1
11.4
13.0
12.0
15.3
15.5
13.0
NaN
NaN
NaN
NaN
NaN
NaN
NaN
NaN
NaN
NaN
NaN
NaN
NaN
NaN
NaN
NaN
NaN
