0.0
0.0
0.0
0.0
0.0
0.0
0.0
0.0
0.0
0.0
0.0
0.0
0.0
0.0
0.0
0.0
0.0
0.0
0.0
0.0
0.0
3.0
0.0
0.0
0.0
0.0
0.0
0.0
0.0
0.0
6.0
0.0
0.0
0.0
0.0
0.0
0.0
0.0
0.0
0.0
0.0
0.0
0.0
0.0
0.0
0.0
0.0
0.0
0.0
0.0
8.0
10.0
0.0
0.0
0.0
80.0
0.0
0.0
0.0
0.0
0.0
0.0
0.0
0.0
10.0
0.0
0.0
34.0
0.0
0.0
0.0
0.0
0.0
0.0
0.0
0.0
0.0
0.0
0.0
0.0
0.0
0.0
0.0
0.0
0.0
14.0
NaN
NaN
0.0
0.0
0.0
0.0
0.0
0.0
0.0
0.0
0.0
0.0
0.0
0.0
0.0
0.0
0.0
0.0
0.0
0.0
0.0
0.0
0.0
0.0
22.0
0.0
0.0
46.0
10.0
0.0
0.0
0.0
40.0
0.0
0.0
0.0
0.0
40.0
0.0
0.0
40.0
0.0
0.0
0.0
0.0
0.0
0.0
0.0
0.0
0.0
0.0
0.0
0.0
0.0
0.0
0.0
0.0
78.0
40.0
160.0
0.0
0.0
0.0
0.0
0.0
0.0
4.0
0.0
0.0
0.0
0.0
0.0
0.0
0.0
0.0
0.0
0.0
20.0
0.0
0.0
0.0
152.0
0.0
0.0
0.0
0.0
0.0
0.0
0.0
0.0
170.0
80.0
0.0
0.0
0.0
0.0
0.0
0.0
100.0
0.0
0.0
28.0
0.0
0.0
0.0
0.0
40.0
0.0
0.0
0.0
0.0
0.0
0.0
0.0
0.0
60.0
0.0
0.0
0.0
28.0
0.0
0.0
0.0
0.0
0.0
0.0
0.0
0.0
140.0
0.0
0.0
0.0
62.0
0.0
0.0
0.0
0.0
94.0
0.0
76.0
0.0
116.0
0.0
0.0
0.0
0.0
0.0
0.0
46.0
218.0
394.0
0.0
0.0
28.0
76.0
74.0
0.0
0.0
0.0
74.0
0.0
78.0
0.0
4.0
0.0
186.0
58.0
0.0
0.0
126.0
0.0
0.0
80.0
0.0
48.0
12.0
70.0
0.0
0.0
0.0
0.0
0.0
0.0
6.0
0.0
0.0
0.0
224.0
330.0
0.0
0.0
26.0
12.0
102.0
32.0
0.0
0.0
0.0
0.0
0.0
0.0
24.0
0.0
0.0
0.0
0.0
0.0
0.0
34.0
0.0
0.0
32.0
0.0
2.0
0.0
0.0
0.0
0.0
0.0
0.0
0.0
26.0
0.0
0.0
0.0
20.0
0.0
92.0
10.0
0.0
26.0
0.0
0.0
0.0
64.0
0.0
0.0
0.0
84.0
0.0
4.0
0.0
0.0
0.0
0.0
0.0
0.0
0.0
0.0
0.0
0.0
0.0
0.0
0.0
0.0
0.0
0.0
0.0
0.0
0.0
0.0
0.0
18.0
0.0
0.0
0.0
0.0
0.0
0.0
0.0
0.0
44.0
112.0
0.0
0.0
0.0
0.0
0.0
0.0
0.0
0.0
0.0
0.0
0.0
0.0
0.0
0.0
0.0
0.0
0.0
10.0
0.0
8.0
0.0
0.0
18.0
0.0
86.0
0.0
0.0
28.0
30.0
0.0
0.0
0.0
0.0
0.0
0.0
0.0
0.0
0.0
0.0
2.0
26.0
38.0
0.0
0.0
0.0
0.0
0.0
0.0
0.0
0.0
0.0
8.0
0.0
0.0
0.0
0.0
0.0
0.0
0.0
0.0
0.0
0.0
0.0
0.0
0.0
0.0
0.0
0.0
0.0
0.0
96.0
16.0
0.0
0.0
18.0
0.0
0.0
0.0
0.0
0.0
0.0
0.0
NaN
140.0
176.0
0.0
0.0
0.0
0.0
0.0
0.0
0.0
0.0
0.0
0.0
0.0
0.0
0.0
0.0
0.0
0.0
0.0
0.0
82.0
48.0
0.0
0.0
0.0
0.0
0.0
14.0
4.0
0.0
0.0
0.0
NaN
40.0
0.0
4.0
68.0
0.0
0.0
0.0
0.0
0.0
76.0
0.0
0.0
0.0
0.0
22.0
34.0
0.0
0.0
0.0
0.0
0.0
0.0
0.0
0.0
0.0
0.0
138.0
0.0
30.0
0.0
0.0
0.0
0.0
0.0
62.0
0.0
2.0
0.0
0.0
0.0
105.0
69.0
0.0
0.0
0.0
0.0
62.0
0.0
40.0
0.0
0.0
0.0
0.0
NaN
NaN
NaN
NaN
10.0
30.0
0.0
0.0
0.0
0.0
0.0
0.0
0.0
24.0
0.0
0.0
0.0
0.0
0.0
0.0
0.0
0.0
0.0
0.0
0.0
0.0
0.0
0.0
0.0
0.0
0.0
0.0
0.0
0.0
0.0
0.0
0.0
0.0
0.0
0.0
140.0
74.0
0.0
0.0
12.0
6.0
60.0
0.0
0.0
0.0
36.0
0.0
8.0
70.0
0.0
0.0
0.0
0.0
20.0
0.0
0.0
20.0
0.0
0.0
20.0
6.0
0.0
0.0
0.0
0.0
0.0
0.0
0.0
NaN
NaN
30.0
0.0
0.0
0.0
0.0
0.0
0.0
0.0
0.0
0.0
0.0
0.0
0.0
0.0
0.0
0.0
84.0
36.0
0.0
0.0
0.0
0.0
0.0
0.0
0.0
0.0
0.0
0.0
0.0
0.0
0.0
66.0
0.0
0.0
0.0
0.0
0.0
0.0
0.0
0.0
0.0
0.0
0.0
NaN
NaN
0.0
0.0
0.0
0.0
0.0
0.0
0.0
24.0
0.0
0.0
0.0
0.0
42.0
0.0
0.0
0.0
0.0
0.0
0.0
0.0
40.0
0.0
0.0
14.0
0.0
0.0
0.0
0.0
0.0
0.0
0.0
0.0
0.0
0.0
0.0
0.0
0.0
38.0
0.0
0.0
50.0
0.0
0.0
70.0
0.0
40.0
0.0
20.0
0.0
64.0
0.0
0.0
5.0
0.0
0.0
0.0
0.0
0.0
0.0
0.0
0.0
NaN
NaN
0.0
0.0
0.0
0.0
0.0
0.0
0.0
0.0
0.0
0.0
0.0
22.0
0.0
0.0
45.0
0.0
0.0
0.0
0.0
0.0
0.0
0.0
0.0
0.0
0.0
0.0
0.0
0.0
0.0
0.0
20.0
0.0
16.0
0.0
0.0
0.0
0.0
0.0
0.0
30.0
20.0
0.0
0.0
0.0
0.0
0.0
0.0
0.0
0.0
0.0
0.0
0.0
0.0
0.0
0.0
0.0
68.0
0.0
0.0
0.0
0.0
0.0
50.0
0.0
0.0
0.0
0.0
0.0
0.0
0.0
0.0
0.0
0.0
0.0
38.0
0.0
80.0
20.0
0.0
0.0
0.0
0.0
0.0
0.0
0.0
0.0
0.0
0.0
0.0
0.0
0.0
0.0
0.0
0.0
0.0
0.0
0.0
0.0
0.0
0.0
0.0
0.0
0.0
0.0
0.0
12.0
0.0
0.0
0.0
0.0
8.0
6.0
0.0
0.0
0.0
86.0
0.0
0.0
0.0
0.0
0.0
0.0
0.0
0.0
0.0
0.0
0.0
0.0
0.0
8.0
0.0
0.0
0.0
0.0
0.0
46.0
0.0
0.0
0.0
24.0
64.0
22.0
0.0
0.0
0.0
0.0
40.0
0.0
0.0
0.0
30.0
42.0
0.0
0.0
28.0
34.0
0.0
0.0
0.0
0.0
0.0
270.0
82.0
80.0
0.0
0.0
0.0
48.0
78.0
0.0
0.0
0.0
450.0
40.0
50.0
0.0
0.0
0.0
0.0
0.0
0.0
0.0
36.0
44.0
NaN
0.0
0.0
NaN
0.0
0.0
96.0
112.0
38.0
0.0
0.0
NaN
NaN
0.0
0.0
0.0
0.0
0.0
8.0
0.0
0.0
0.0
0.0
0.0
18.0
0.0
0.0
4.0
0.0
0.0
0.0
0.0
34.0
14.0
0.0
0.0
0.0
180.0
80.0
0.0
8.0
0.0
24.0
12.0
10.0
46.0
0.0
0.0
86.0
0.0
30.0
0.0
0.0
0.0
0.0
16.0
10.0
0.0
0.0
30.0
0.0
0.0
20.0
0.0
0.0
0.0
0.0
168.0
50.0
4.0
0.0
0.0
0.0
0.0
0.0
0.0
0.0
0.0
0.0
0.0
0.0
0.0
0.0
12.0
0.0
0.0
0.0
0.0
0.0
0.0
0.0
0.0
0.0
42.0
0.0
0.0
0.0
0.0
0.0
10.0
0.0
6.0
0.0
0.0
0.0
0.0
0.0
0.0
0.0
0.0
0.0
104.0
0.0
0.0
0.0
0.0
0.0
0.0
0.0
0.0
0.0
0.0
0.0
0.0
0.0
0.0
0.0
0.0
34.0
30.0
20.0
0.0
0.0
0.0
0.0
0.0
0.0
0.0
0.0
0.0
0.0
0.0
0.0
0.0
0.0
0.0
0.0
NaN
0.0
0.0
0.0
0.0
0.0
0.0
0.0
0.0
0.0
0.0
0.0
0.0
0.0
18.0
48.0
24.0
0.0
0.0
0.0
10.0
44.0
12.0
NaN
12.0
0.0
NaN
NaN
0.0
20.0
15.0
10.0
0.0
0.0
0.0
0.0
0.0
54.0
42.0
0.0
0.0
0.0
0.0
0.0
0.0
0.0
10.0
80.0
0.0
14.0
0.0
0.0
0.0
0.0
16.0
0.0
0.0
0.0
0.0
0.0
0.0
20.0
0.0
0.0
0.0
0.0
0.0
0.0
0.0
0.0
0.0
28.0
0.0
0.0
0.0
30.0
NaN
NaN
0.0
10.0
0.0
0.0
0.0
0.0
0.0
0.0
0.0
0.0
0.0
0.0
0.0
0.0
0.0
0.0
0.0
0.0
0.0
0.0
0.0
0.0
0.0
0.0
0.0
0.0
0.0
0.0
0.0
10.0
0.0
0.0
0.0
0.0
0.0
0.0
0.0
0.0
0.0
0.0
0.0
40.0
140.0
0.0
0.0
0.0
0.0
0.0
0.0
0.0
0.0
0.0
0.0
0.0
0.0
0.0
0.0
0.0
0.0
0.0
0.0
0.0
0.0
0.0
0.0
0.0
0.0
0.0
0.0
0.0
0.0
0.0
0.0
0.0
0.0
0.0
0.0
0.0
0.0
34.0
0.0
14.0
0.0
230.0
0.0
20.0
30.0
0.0
14.0
0.0
0.0
0.0
0.0
0.0
0.0
0.0
0.0
20.0
0.0
0.0
0.0
0.0
0.0
140.0
64.0
28.0
0.0
12.0
60.0
0.0
0.0
70.0
0.0
0.0
160.0
0.0
100.0
0.0
24.0
134.0
0.0
170.0
16.0
0.0
4.0
0.0
0.0
0.0
0.0
0.0
0.0
0.0
0.0
0.0
10.0
0.0
0.0
0.0
96.0
110.0
0.0
0.0
0.0
0.0
NaN
NaN
0.0
0.0
0.0
0.0
0.0
0.0
0.0
40.0
0.0
0.0
4.0
2.0
4.0
0.0
0.0
0.0
120.0
0.0
0.0
0.0
0.0
82.0
0.0
0.0
0.0
0.0
0.0
80.0
20.0
0.0
0.0
0.0
0.0
0.0
0.0
0.0
60.0
0.0
0.0
0.0
0.0
0.0
0.0
0.0
324.0
0.0
0.0
0.0
0.0
0.0
0.0
0.0
4.0
2.0
0.0
214.0
0.0
0.0
0.0
0.0
0.0
16.0
0.0
0.0
0.0
0.0
0.0
0.0
0.0
0.0
0.0
0.0
0.0
124.0
0.0
0.0
0.0
0.0
0.0
0.0
0.0
0.0
0.0
0.0
0.0
20.0
20.0
0.0
16.0
48.0
0.0
0.0
24.0
0.0
0.0
0.0
0.0
0.0
0.0
0.0
0.0
0.0
0.0
0.0
0.0
0.0
0.0
0.0
0.0
0.0
0.0
0.0
60.0
0.0
40.0
0.0
0.0
0.0
0.0
0.0
0.0
0.0
0.0
0.0
0.0
0.0
0.0
0.0
0.0
66.0
0.0
0.0
0.0
0.0
20.0
0.0
0.0
0.0
0.0
40.0
16.0
20.0
0.0
0.0
0.0
0.0
30.0
0.0
0.0
0.0
0.0
0.0
0.0
0.0
0.0
0.0
0.0
0.0
0.0
0.0
0.0
10.0
0.0
20.0
0.0
0.0
0.0
0.0
0.0
10.0
0.0
0.0
10.0
0.0
10.0
60.0
0.0
10.0
270.0
70.0
26.0
0.0
8.0
0.0
0.0
20.0
0.0
0.0
0.0
0.0
0.0
0.0
0.0
0.0
0.0
38.0
0.0
0.0
0.0
0.0
0.0
0.0
58.0
0.0
30.0
0.0
0.0
0.0
0.0
0.0
0.0
0.0
0.0
0.0
0.0
0.0
0.0
0.0
50.0
0.0
0.0
0.0
0.0
0.0
0.0
0.0
0.0
46.0
20.0
0.0
0.0
0.0
0.0
0.0
NaN
0.0
0.0
72.0
52.0
0.0
0.0
0.0
0.0
0.0
154.0
0.0
0.0
0.0
30.0
70.0
0.0
0.0
0.0
0.0
0.0
0.0
0.0
50.0
0.0
0.0
0.0
0.0
0.0
0.0
0.0
0.0
0.0
4.0
108.0
0.0
0.0
0.0
0.0
0.0
0.0
120.0
18.0
0.0
0.0
10.0
0.0
18.0
0.0
0.0
0.0
0.0
100.0
0.0
0.0
90.0
140.0
10.0
0.0
0.0
0.0
70.0
0.0
12.0
6.0
0.0
0.0
10.0
70.0
0.0
276.0
0.0
216.0
0.0
0.0
38.0
0.0
0.0
0.0
0.0
30.0
0.0
0.0
0.0
0.0
0.0
32.0
0.0
0.0
0.0
0.0
0.0
0.0
8.0
0.0
0.0
0.0
0.0
0.0
0.0
120.0
0.0
44.0
374.0
0.0
0.0
0.0
0.0
0.0
62.0
0.0
0.0
12.0
0.0
0.0
0.0
0.0
38.0
130.0
0.0
12.0
0.0
0.0
0.0
0.0
82.0
16.0
8.0
48.0
0.0
0.0
0.0
0.0
44.0
0.0
0.0
0.0
0.0
0.0
118.0
0.0
0.0
0.0
0.0
0.0
0.0
0.0
0.0
0.0
24.0
0.0
0.0
0.0
0.0
174.0
0.0
0.0
0.0
36.0
0.0
0.0
0.0
0.0
10.0
20.0
0.0
0.0
28.0
0.0
0.0
14.0
0.0
0.0
0.0
0.0
0.0
NaN
NaN
18.0
0.0
0.0
0.0
10.0
0.0
0.0
0.0
0.0
0.0
0.0
0.0
40.0
0.0
0.0
10.0
0.0
0.0
0.0
0.0
0.0
0.0
0.0
0.0
0.0
56.0
0.0
0.0
0.0
0.0
0.0
0.0
0.0
0.0
0.0
0.0
140.0
0.0
0.0
0.0
0.0
0.0
80.0
0.0
0.0
0.0
0.0
0.0
0.0
0.0
58.0
0.0
0.0
0.0
0.0
100.0
34.0
0.0
0.0
0.0
0.0
0.0
0.0
90.0
50.0
0.0
16.0
0.0
0.0
0.0
0.0
0.0
0.0
0.0
0.0
0.0
0.0
0.0
NaN
0.0
NaN
NaN
0.0
NaN
NaN
0.0
NaN
0.0
0.0
0.0
0.0
0.0
NaN
0.0
0.0
0.0
NaN
NaN
0.0
0.0
0.0
0.0
NaN
0.0
0.0
0.0
0.0
0.0
0.0
0.0
0.0
0.0
0.0
0.0
0.0
0.0
40.0
0.0
20.0
18.0
0.0
0.0
0.0
0.0
0.0
0.0
0.0
0.0
0.0
0.0
40.0
46.0
0.0
0.0
0.0
0.0
0.0
0.0
0.0
0.0
0.0
0.0
0.0
0.0
38.0
0.0
0.0
0.0
0.0
0.0
0.0
0.0
0.0
0.0
0.0
0.0
0.0
0.0
0.0
48.0
34.0
0.0
0.0
0.0
0.0
0.0
0.0
0.0
0.0
0.0
20.0
0.0
0.0
0.0
0.0
0.0
0.0
10.0
0.0
0.0
0.0
0.0
0.0
0.0
0.0
0.0
0.0
0.0
0.0
0.0
0.0
20.0
0.0
0.0
10.0
0.0
0.0
0.0
70.0
NaN
0.0
0.0
0.0
0.0
0.0
84.0
0.0
0.0
72.0
34.0
0.0
0.0
0.0
20.0
0.0
0.0
0.0
0.0
0.0
0.0
0.0
20.0
0.0
0.0
0.0
30.0
0.0
0.0
40.0
0.0
8.0
40.0
0.0
52.0
0.0
0.0
40.0
0.0
0.0
0.0
0.0
0.0
0.0
0.0
0.0
0.0
0.0
0.0
0.0
4.0
0.0
32.0
6.0
30.0
20.0
234.0
42.0
12.0
0.0
0.0
0.0
0.0
0.0
0.0
0.0
0.0
0.0
20.0
0.0
118.0
0.0
14.0
106.0
64.0
16.0
0.0
0.0
86.0
26.0
0.0
0.0
0.0
120.0
0.0
0.0
0.0
0.0
0.0
0.0
0.0
50.0
50.0
0.0
0.0
0.0
60.0
0.0
0.0
0.0
0.0
0.0
0.0
0.0
238.0
0.0
0.0
0.0
0.0
0.0
70.0
0.0
212.0
0.0
0.0
0.0
48.0
0.0
270.0
42.0
0.0
0.0
0.0
0.0
248.0
0.0
0.0
68.0
0.0
0.0
0.0
0.0
0.0
0.0
0.0
120.0
0.0
0.0
0.0
0.0
0.0
0.0
0.0
0.0
0.0
0.0
0.0
32.0
38.0
0.0
0.0
0.0
0.0
0.0
0.0
0.0
0.0
0.0
0.0
0.0
0.0
24.0
0.0
0.0
0.0
220.0
170.0
0.0
0.0
0.0
0.0
0.0
0.0
0.0
0.0
0.0
0.0
0.0
30.0
0.0
20.0
10.0
50.0
6.0
20.0
0.0
12.0
0.0
0.0
12.0
36.0
74.0
174.0
0.0
0.0
0.0
0.0
0.0
0.0
6.0
0.0
0.0
0.0
0.0
0.0
0.0
0.0
0.0
0.0
0.0
60.0
86.0
20.0
0.0
0.0
32.0
0.0
0.0
0.0
0.0
0.0
0.0
0.0
0.0
0.0
0.0
0.0
0.0
0.0
0.0
0.0
0.0
0.0
0.0
0.0
0.0
44.0
0.0
0.0
0.0
NaN
NaN
20.0
0.0
0.0
0.0
0.0
0.0
0.0
0.0
0.0
0.0
0.0
0.0
0.0
0.0
0.0
NaN
0.0
0.0
0.0
0.0
NaN
0.0
0.0
0.0
0.0
NaN
NaN
0.0
0.0
22.0
22.0
0.0
0.0
0.0
0.0
0.0
20.0
52.0
0.0
40.0
0.0
60.0
0.0
0.0
30.0
50.0
80.0
0.0
0.0
32.0
0.0
0.0
0.0
0.0
0.0
0.0
8.0
0.0
0.0
0.0
0.0
0.0
58.0
0.0
0.0
0.0
6.0
0.0
0.0
66.0
0.0
0.0
0.0
0.0
0.0
0.0
0.0
0.0
0.0
0.0
0.0
12.0
0.0
0.0
0.0
0.0
0.0
20.0
0.0
0.0
0.0
0.0
0.0
36.0
0.0
0.0
0.0
0.0
0.0
0.0
40.0
0.0
46.0
52.0
0.0
0.0
0.0
0.0
0.0
34.0
0.0
0.0
58.0
0.0
0.0
56.0
0.0
0.0
0.0
0.0
0.0
0.0
0.0
10.0
10.0
0.0
0.0
172.0
0.0
0.0
0.0
0.0
0.0
0.0
0.0
0.0
0.0
10.0
20.0
0.0
0.0
0.0
0.0
0.0
0.0
0.0
0.0
0.0
0.0
0.0
0.0
0.0
0.0
0.0
0.0
0.0
6.0
0.0
12.0
0.0
0.0
20.0
0.0
0.0
0.0
12.0
0.0
0.0
20.0
0.0
0.0
36.0
2.0
0.0
0.0
0.0
0.0
6.0
0.0
34.0
0.0
0.0
184.0
0.0
4.0
0.0
0.0
0.0
0.0
0.0
0.0
0.0
0.0
0.0
0.0
0.0
0.0
0.0
0.0
0.0
0.0
0.0
0.0
0.0
0.0
0.0
112.0
0.0
100.0
0.0
16.0
12.0
0.0
0.0
36.0
34.0
90.0
0.0
0.0
0.0
0.0
10.0
2.0
484.0
0.0
0.0
48.0
0.0
76.0
0.0
0.0
4.0
8.0
98.0
0.0
30.0
0.0
0.0
4.0
34.0
26.0
0.0
0.0
0.0
44.0
0.0
0.0
0.0
16.0
0.0
0.0
0.0
6.0
0.0
0.0
0.0
0.0
94.0
8.0
0.0
0.0
62.0
42.0
0.0
0.0
0.0
0.0
6.0
34.0
0.0
0.0
16.0
0.0
0.0
0.0
0.0
0.0
10.0
0.0
0.0
46.0
236.0
0.0
0.0
0.0
0.0
0.0
0.0
0.0
0.0
0.0
0.0
0.0
0.0
0.0
0.0
0.0
10.0
0.0
44.0
0.0
6.0
0.0
0.0
0.0
0.0
0.0
0.0
0.0
0.0
0.0
12.0
0.0
0.0
0.0
0.0
4.0
0.0
0.0
4.0
0.0
0.0
132.0
0.0
50.0
12.0
0.0
0.0
0.0
0.0
0.0
0.0
0.0
0.0
0.0
0.0
0.0
0.0
0.0
0.0
0.0
0.0
0.0
50.0
0.0
0.0
0.0
0.0
0.0
0.0
0.0
0.0
0.0
0.0
0.0
0.0
0.0
0.0
0.0
0.0
0.0
0.0
0.0
0.0
0.0
0.0
NaN
NaN
0.0
0.0
0.0
0.0
0.0
0.0
0.0
0.0
0.0
0.0
10.0
0.0
0.0
0.0
0.0
10.0
0.0
0.0
0.0
0.0
0.0
0.0
0.0
0.0
0.0
0.0
0.0
0.0
0.0
0.0
0.0
0.0
0.0
0.0
0.0
0.0
NaN
NaN
0.0
0.0
50.0
10.0
0.0
18.0
0.0
0.0
NaN
0.0
NaN
0.0
0.0
0.0
0.0
46.0
0.0
0.0
0.0
0.0
0.0
NaN
NaN
0.0
84.0
0.0
0.0
0.0
0.0
0.0
0.0
0.0
0.0
0.0
0.0
0.0
0.0
0.0
0.0
0.0
0.0
0.0
0.0
0.0
0.0
0.0
0.0
36.0
5.0
20.0
0.0
0.0
0.0
0.0
0.0
0.0
180.0
84.0
40.0
20.0
0.0
0.0
0.0
0.0
16.0
0.0
0.0
0.0
0.0
0.0
0.0
0.0
0.0
40.0
0.0
0.0
162.0
0.0
0.0
0.0
0.0
0.0
0.0
0.0
0.0
0.0
0.0
0.0
0.0
0.0
0.0
0.0
0.0
0.0
0.0
0.0
0.0
0.0
0.0
0.0
0.0
0.0
50.0
0.0
0.0
0.0
0.0
0.0
0.0
0.0
0.0
0.0
0.0
0.0
70.0
0.0
0.0
0.0
0.0
0.0
60.0
64.0
0.0
0.0
0.0
0.0
0.0
0.0
0.0
30.0
70.0
38.0
0.0
0.0
0.0
0.0
0.0
8.0
0.0
0.0
0.0
0.0
0.0
0.0
0.0
0.0
30.0
96.0
0.0
0.0
0.0
20.0
44.0
14.0
0.0
0.0
6.0
0.0
0.0
10.0
0.0
76.0
0.0
0.0
16.0
0.0
0.0
184.0
326.0
314.0
320.0
48.0
2.0
0.0
8.0
280.0
4.0
62.0
184.0
30.0
38.0
4.0
0.0
38.0
0.0
18.0
14.0
10.0
0.0
0.0
126.0
0.0
152.0
0.0
40.0
0.0
0.0
50.0
0.0
0.0
0.0
4.0
0.0
0.0
0.0
0.0
0.0
0.0
0.0
0.0
0.0
0.0
0.0
154.0
136.0
100.0
0.0
0.0
0.0
10.0
0.0
0.0
0.0
0.0
0.0
0.0
0.0
30.0
0.0
124.0
32.0
0.0
0.0
24.0
94.0
0.0
0.0
10.0
8.0
0.0
0.0
0.0
0.0
0.0
0.0
0.0
0.0
0.0
0.0
0.0
0.0
0.0
0.0
0.0
0.0
8.0
14.0
0.0
0.0
0.0
0.0
196.0
284.0
0.0
0.0
0.0
4.0
0.0
0.0
0.0
0.0
0.0
0.0
0.0
0.0
0.0
54.0
162.0
28.0
0.0
0.0
0.0
0.0
312.0
154.0
0.0
0.0
0.0
0.0
0.0
0.0
0.0
0.0
0.0
0.0
0.0
0.0
0.0
0.0
0.0
0.0
0.0
18.0
0.0
0.0
0.0
0.0
0.0
0.0
0.0
0.0
0.0
0.0
340.0
0.0
157.0
0.0
0.0
0.0
76.0
10.0
0.0
0.0
0.0
0.0
0.0
0.0
0.0
NaN
0.0
0.0
0.0
0.0
0.0
0.0
0.0
0.0
0.0
308.0
0.0
0.0
0.0
0.0
0.0
0.0
0.0
0.0
0.0
0.0
10.0
0.0
0.0
0.0
0.0
0.0
0.0
0.0
0.0
0.0
0.0
0.0
50.0
0.0
0.0
40.0
80.0
10.0
0.0
0.0
0.0
0.0
0.0
0.0
0.0
0.0
20.0
95.0
0.0
120.0
0.0
0.0
0.0
0.0
0.0
30.0
0.0
0.0
70.0
16.0
0.0
0.0
0.0
0.0
0.0
0.0
0.0
0.0
10.0
20.0
0.0
0.0
0.0
0.0
0.0
0.0
0.0
0.0
0.0
0.0
0.0
0.0
0.0
0.0
70.0
75.0
0.0
40.0
0.0
0.0
0.0
0.0
0.0
0.0
0.0
0.0
0.0
0.0
20.0
50.0
10.0
90.0
40.0
0.0
0.0
0.0
0.0
0.0
0.0
0.0
0.0
100.0
0.0
0.0
0.0
0.0
0.0
0.0
0.0
0.0
0.0
0.0
0.0
0.0
0.0
0.0
0.0
0.0
NaN
NaN
0.0
0.0
0.0
0.0
0.0
40.0
0.0
0.0
0.0
0.0
0.0
0.0
0.0
0.0
0.0
80.0
0.0
0.0
0.0
0.0
0.0
0.0
44.0
0.0
0.0
0.0
0.0
0.0
0.0
52.0
18.0
220.0
0.0
0.0
0.0
36.0
270.0
8.0
0.0
0.0
20.0
200.0
16.0
0.0
20.0
166.0
0.0
150.0
8.0
0.0
0.0
0.0
0.0
0.0
0.0
174.0
0.0
0.0
36.0
80.0
74.0
0.0
0.0
0.0
0.0
50.0
0.0
0.0
26.0
6.0
14.0
14.0
46.0
0.0
0.0
0.0
4.0
54.0
0.0
76.0
0.0
144.0
4.0
0.0
0.0
0.0
82.0
0.0
20.0
0.0
10.0
140.0
0.0
0.0
146.0
26.0
0.0
0.0
0.0
0.0
10.0
150.0
10.0
0.0
4.0
0.0
0.0
0.0
74.0
0.0
0.0
0.0
0.0
0.0
0.0
6.0
0.0
0.0
0.0
0.0
0.0
0.0
0.0
0.0
0.0
0.0
282.0
0.0
0.0
12.0
4.0
0.0
0.0
204.0
4.0
0.0
0.0
0.0
0.0
8.0
0.0
0.0
0.0
0.0
0.0
0.0
0.0
14.0
0.0
0.0
24.0
84.0
0.0
42.0
0.0
0.0
8.0
4.0
0.0
0.0
84.0
38.0
6.0
0.0
0.0
0.0
0.0
4.0
0.0
0.0
0.0
0.0
0.0
0.0
98.0
52.0
0.0
0.0
0.0
0.0
10.0
0.0
10.0
8.0
0.0
0.0
10.0
10.0
10.0
0.0
0.0
0.0
0.0
24.0
0.0
0.0
18.0
0.0
0.0
0.0
0.0
0.0
0.0
0.0
0.0
0.0
18.0
0.0
0.0
0.0
10.0
0.0
0.0
0.0
0.0
0.0
0.0
0.0
0.0
0.0
0.0
0.0
0.0
0.0
0.0
0.0
0.0
0.0
0.0
0.0
0.0
0.0
0.0
0.0
0.0
0.0
0.0
0.0
0.0
0.0
0.0
0.0
0.0
0.0
0.0
0.0
0.0
0.0
0.0
0.0
0.0
0.0
0.0
0.0
0.0
0.0
40.0
0.0
0.0
0.0
0.0
0.0
0.0
0.0
0.0
0.0
0.0
0.0
0.0
30.0
0.0
0.0
110.0
0.0
0.0
74.0
0.0
0.0
0.0
0.0
10.0
0.0
40.0
20.0
10.0
46.0
70.0
0.0
0.0
0.0
0.0
0.0
0.0
0.0
0.0
0.0
0.0
0.0
0.0
0.0
0.0
0.0
0.0
0.0
0.0
0.0
0.0
0.0
0.0
0.0
0.0
135.0
0.0
0.0
0.0
0.0
20.0
0.0
0.0
0.0
0.0
0.0
0.0
0.0
0.0
0.0
6.0
30.0
0.0
0.0
0.0
0.0
0.0
0.0
0.0
0.0
0.0
0.0
0.0
0.0
0.0
0.0
0.0
10.0
0.0
0.0
0.0
0.0
0.0
0.0
28.0
0.0
0.0
0.0
26.0
0.0
0.0
0.0
0.0
0.0
16.0
2.0
0.0
130.0
0.0
0.0
0.0
34.0
0.0
8.0
0.0
230.0
26.0
0.0
8.0
0.0
0.0
0.0
0.0
0.0
0.0
0.0
0.0
0.0
0.0
0.0
0.0
0.0
16.0
0.0
0.0
10.0
0.0
0.0
0.0
4.0
0.0
10.0
0.0
0.0
0.0
0.0
0.0
280.0
0.0
0.0
0.0
0.0
0.0
0.0
0.0
0.0
30.0
0.0
0.0
0.0
0.0
0.0
264.0
20.0
0.0
0.0
0.0
152.0
20.0
0.0
16.0
0.0
0.0
0.0
40.0
0.0
230.0
22.0
0.0
54.0
36.0
26.0
0.0
0.0
0.0
0.0
60.0
0.0
0.0
60.0
0.0
60.0
0.0
0.0
10.0
0.0
0.0
0.0
214.0
0.0
220.0
4.0
0.0
238.0
0.0
0.0
0.0
90.0
0.0
0.0
0.0
0.0
0.0
0.0
0.0
0.0
0.0
0.0
0.0
28.0
8.0
26.0
0.0
0.0
14.0
0.0
0.0
0.0
0.0
0.0
126.0
0.0
66.0
86.0
4.0
298.0
8.0
10.0
0.0
24.0
46.0
0.0
0.0
32.0
0.0
0.0
0.0
58.0
54.0
0.0
0.0
0.0
0.0
6.0
0.0
42.0
0.0
0.0
0.0
20.0
44.0
34.0
16.0
100.0
20.0
0.0
0.0
0.0
0.0
0.0
0.0
0.0
0.0
0.0
0.0
0.0
0.0
42.0
28.0
0.0
0.0
0.0
0.0
0.0
0.0
0.0
0.0
0.0
0.0
0.0
20.0
0.0
2.0
0.0
0.0
0.0
0.0
0.0
0.0
0.0
0.0
0.0
0.0
0.0
0.0
0.0
0.0
0.0
0.0
0.0
0.0
0.0
0.0
6.0
20.0
0.0
0.0
96.0
340.0
NaN
NaN
330.0
30.0
0.0
0.0
0.0
140.0
20.0
0.0
0.0
30.0
0.0
0.0
0.0
0.0
30.0
0.0
20.0
50.0
0.0
0.0
0.0
0.0
0.0
0.0
0.0
0.0
10.0
20.0
0.0
0.0
22.0
20.0
0.0
0.0
0.0
10.0
0.0
40.0
0.0
0.0
0.0
0.0
0.0
90.0
30.0
0.0
20.0
0.0
20.0
0.0
0.0
0.0
0.0
0.0
0.0
0.0
20.0
0.0
0.0
0.0
0.0
0.0
0.0
0.0
0.0
0.0
0.0
0.0
0.0
0.0
0.0
0.0
0.0
0.0
0.0
0.0
0.0
10.0
0.0
0.0
0.0
0.0
0.0
0.0
0.0
0.0
0.0
0.0
0.0
0.0
20.0
0.0
20.0
0.0
0.0
0.0
0.0
0.0
0.0
0.0
0.0
0.0
0.0
0.0
0.0
30.0
0.0
0.0
0.0
0.0
0.0
0.0
4.0
0.0
10.0
6.0
10.0
0.0
0.0
0.0
0.0
0.0
0.0
0.0
0.0
0.0
0.0
0.0
20.0
0.0
0.0
0.0
0.0
0.0
0.0
0.0
0.0
0.0
0.0
0.0
0.0
0.0
0.0
0.0
0.0
0.0
0.0
0.0
0.0
134.0
0.0
0.0
0.0
20.0
135.0
0.0
0.0
0.0
0.0
0.0
16.0
20.0
0.0
36.0
32.0
0.0
0.0
0.0
0.0
76.0
0.0
0.0
0.0
0.0
0.0
0.0
0.0
0.0
8.0
2.0
0.0
26.0
2.0
0.0
120.0
208.0
4.0
0.0
0.0
0.0
0.0
0.0
0.0
0.0
0.0
60.0
30.0
0.0
0.0
0.0
2.0
0.0
0.0
0.0
4.0
0.0
0.0
4.0
0.0
104.0
0.0
40.0
0.0
0.0
0.0
0.0
64.0
0.0
0.0
0.0
120.0
2.0
0.0
8.0
62.0
60.0
24.0
6.0
0.0
0.0
56.0
84.0
0.0
0.0
0.0
26.0
208.0
166.0
200.0
4.0
18.0
0.0
2.0
0.0
0.0
20.0
48.0
38.0
0.0
0.0
0.0
40.0
250.0
0.0
368.0
20.0
0.0
84.0
76.0
4.0
58.0
52.0
0.0
6.0
4.0
0.0
90.0
2.0
0.0
32.0
2.0
0.0
56.0
0.0
6.0
2.0
40.0
0.0
0.0
0.0
24.0
0.0
2.0
0.0
0.0
0.0
4.0
0.0
0.0
0.0
0.0
0.0
0.0
0.0
0.0
10.0
0.0
0.0
0.0
0.0
0.0
0.0
0.0
0.0
0.0
0.0
0.0
0.0
0.0
0.0
0.0
22.0
0.0
4.0
0.0
0.0
0.0
0.0
0.0
0.0
0.0
0.0
0.0
0.0
0.0
0.0
0.0
0.0
0.0
0.0
0.0
0.0
38.0
0.0
0.0
0.0
0.0
0.0
0.0
0.0
0.0
0.0
0.0
0.0
0.0
4.0
4.0
10.0
0.0
0.0
0.0
0.0
12.0
0.0
0.0
0.0
112.0
0.0
0.0
0.0
0.0
0.0
0.0
0.0
0.0
8.0
0.0
0.0
0.0
0.0
0.0
0.0
0.0
0.0
0.0
0.0
0.0
0.0
0.0
0.0
0.0
0.0
0.0
0.0
0.0
0.0
0.0
0.0
0.0
0.0
0.0
0.0
0.0
0.0
0.0
0.0
0.0
0.0
NaN
NaN
0.0
0.0
0.0
0.0
0.0
0.0
0.0
0.0
0.0
0.0
0.0
0.0
0.0
0.0
0.0
48.0
0.0
0.0
0.0
0.0
20.0
0.0
0.0
0.0
0.0
0.0
0.0
0.0
0.0
0.0
0.0
10.0
0.0
0.0
0.0
0.0
0.0
40.0
76.0
0.0
0.0
10.0
0.0
20.0
0.0
0.0
0.0
16.0
26.0
0.0
0.0
42.0
0.0
0.0
0.0
0.0
0.0
0.0
0.0
0.0
0.0
0.0
0.0
0.0
40.0
0.0
0.0
8.0
0.0
0.0
0.0
0.0
0.0
0.0
0.0
0.0
0.0
0.0
0.0
0.0
0.0
0.0
0.0
0.0
0.0
0.0
0.0
18.0
0.0
0.0
10.0
20.0
18.0
0.0
16.0
22.0
0.0
0.0
0.0
0.0
56.0
20.0
0.0
0.0
0.0
0.0
0.0
0.0
0.0
0.0
0.0
6.0
0.0
0.0
0.0
50.0
28.0
0.0
0.0
0.0
0.0
0.0
62.0
0.0
0.0
0.0
0.0
0.0
0.0
0.0
10.0
180.0
0.0
0.0
4.0
10.0
0.0
0.0
0.0
0.0
0.0
0.0
0.0
50.0
0.0
6.0
0.0
0.0
0.0
0.0
0.0
0.0
0.0
128.0
0.0
0.0
0.0
0.0
0.0
0.0
0.0
0.0
0.0
0.0
0.0
0.0
0.0
66.0
0.0
4.0
0.0
0.0
0.0
26.0
0.0
0.0
0.0
0.0
134.0
38.0
10.0
62.0
0.0
0.0
182.0
364.0
136.0
30.0
54.0
0.0
0.0
0.0
4.0
6.0
16.0
34.0
0.0
50.0
0.0
402.0
0.0
0.0
0.0
0.0
0.0
14.0
0.0
0.0
0.0
230.0
154.0
0.0
0.0
0.0
0.0
182.0
0.0
0.0
0.0
0.0
0.0
0.0
0.0
0.0
0.0
16.0
0.0
0.0
0.0
0.0
0.0
0.0
0.0
0.0
146.0
0.0
58.0
0.0
0.0
4.0
0.0
0.0
0.0
0.0
196.0
246.0
0.0
20.0
0.0
0.0
2.0
0.0
0.0
172.0
6.0
0.0
0.0
0.0
0.0
0.0
0.0
0.0
82.0
140.0
0.0
0.0
140.0
46.0
0.0
22.0
0.0
4.0
4.0
46.0
120.0
16.0
12.0
0.0
0.0
0.0
0.0
0.0
0.0
0.0
0.0
0.0
0.0
0.0
0.0
0.0
76.0
8.0
10.0
0.0
0.0
0.0
0.0
0.0
0.0
0.0
0.0
0.0
20.0
75.0
50.0
0.0
0.0
0.0
4.0
0.0
0.0
0.0
0.0
0.0
0.0
56.0
0.0
0.0
0.0
0.0
0.0
0.0
0.0
10.0
0.0
0.0
32.0
0.0
0.0
0.0
0.0
0.0
0.0
0.0
0.0
NaN
NaN
NaN
NaN
NaN
NaN
NaN
NaN
NaN
NaN
NaN
NaN
NaN
NaN
NaN
NaN
NaN
NaN
NaN
NaN
NaN
NaN
NaN
NaN
NaN
0.0
0.0
0.0
0.0
0.0
0.0
0.0
0.0
0.0
0.0
0.0
0.0
0.0
0.0
0.0
0.0
0.0
136.0
0.0
26.0
0.0
0.0
0.0
0.0
0.0
0.0
0.0
110.0
0.0
0.0
26.0
20.0
0.0
8.0
0.0
0.0
0.0
0.0
0.0
0.0
0.0
0.0
16.0
0.0
0.0
0.0
0.0
14.0
0.0
0.0
0.0
0.0
0.0
44.0
0.0
0.0
12.0
0.0
0.0
0.0
56.0
0.0
0.0
22.0
0.0
0.0
0.0
0.0
0.0
0.0
0.0
0.0
0.0
0.0
0.0
0.0
0.0
4.0
0.0
0.0
0.0
0.0
0.0
0.0
10.0
0.0
0.0
0.0
0.0
0.0
0.0
0.0
0.0
NaN
NaN
NaN
0.0
36.0
0.0
0.0
0.0
0.0
0.0
0.0
0.0
0.0
0.0
6.0
24.0
0.0
0.0
0.0
0.0
0.0
0.0
0.0
0.0
0.0
104.0
72.0
0.0
0.0
0.0
0.0
0.0
130.0
274.0
72.0
172.0
74.0
74.0
0.0
0.0
0.0
0.0
0.0
0.0
0.0
0.0
0.0
0.0
0.0
0.0
0.0
0.0
14.0
0.0
82.0
80.0
0.0
0.0
0.0
0.0
0.0
0.0
6.0
50.0
0.0
0.0
80.0
0.0
54.0
126.0
0.0
134.0
0.0
6.0
82.0
0.0
0.0
0.0
0.0
0.0
0.0
0.0
20.0
0.0
0.0
0.0
0.0
0.0
0.0
0.0
12.0
12.0
0.0
46.0
0.0
166.0
0.0
0.0
0.0
164.0
0.0
0.0
0.0
14.0
16.0
0.0
0.0
210.0
0.0
0.0
0.0
0.0
0.0
0.0
0.0
0.0
0.0
0.0
0.0
0.0
0.0
0.0
0.0
0.0
0.0
50.0
0.0
0.0
0.0
85.0
0.0
0.0
0.0
0.0
0.0
0.0
0.0
0.0
0.0
0.0
0.0
0.0
0.0
0.0
0.0
0.0
0.0
0.0
0.0
16.0
0.0
0.0
0.0
0.0
0.0
0.0
0.0
0.0
0.0
0.0
0.0
0.0
20.0
0.0
18.0
22.0
0.0
0.0
30.0
0.0
0.0
0.0
0.0
0.0
0.0
0.0
0.0
0.0
0.0
0.0
0.0
0.0
0.0
0.0
62.0
0.0
0.0
0.0
0.0
0.0
0.0
0.0
0.0
0.0
0.0
0.0
0.0
0.0
0.0
0.0
0.0
0.0
12.0
0.0
0.0
42.0
120.0
46.0
38.0
0.0
0.0
0.0
124.0
30.0
0.0
0.0
0.0
0.0
0.0
0.0
0.0
0.0
0.0
42.0
0.0
0.0
0.0
0.0
10.0
0.0
0.0
0.0
0.0
0.0
0.0
0.0
0.0
0.0
0.0
8.0
0.0
0.0
0.0
0.0
0.0
0.0
36.0
0.0
0.0
0.0
0.0
0.0
44.0
0.0
0.0
NaN
NaN
NaN
NaN
NaN
NaN
NaN
NaN
NaN
NaN
NaN
NaN
NaN
NaN
NaN
NaN
NaN
NaN
NaN
0.0
0.0
0.0
0.0
0.0
164.0
0.0
0.0
0.0
0.0
0.0
42.0
0.0
0.0
0.0
0.0
60.0
0.0
0.0
35.0
0.0
18.0
0.0
0.0
0.0
0.0
0.0
10.0
0.0
14.0
0.0
0.0
0.0
0.0
0.0
0.0
0.0
10.0
0.0
226.0
176.0
102.0
0.0
2.0
0.0
0.0
0.0
170.0
0.0
60.0
2.0
16.0
180.0
60.0
30.0
0.0
0.0
140.0
2.0
120.0
100.0
14.0
0.0
26.0
0.0
0.0
56.0
0.0
0.0
0.0
308.0
54.0
108.0
72.0
70.0
24.0
0.0
0.0
0.0
0.0
0.0
26.0
0.0
0.0
0.0
0.0
126.0
0.0
0.0
0.0
0.0
220.0
12.0
30.0
0.0
0.0
0.0
70.0
30.0
0.0
0.0
170.0
0.0
0.0
36.0
0.0
0.0
22.0
0.0
36.0
0.0
0.0
0.0
0.0
0.0
0.0
0.0
0.0
0.0
0.0
0.0
40.0
