NaN
NaN
NaN
NaN
NaN
NaN
NaN
NaN
NaN
NaN
NaN
NaN
0.0
0.0
0.0
25.0
0.0
0.0
94.0
0.0
0.0
0.0
79.0
89.0
10.0
0.0
0.0
10.0
0.0
0.0
130.0
13.0
0.0
0.0
132.0
84.0
51.0
142.0
74.0
0.0
0.0
0.0
30.0
64.0
5.0
0.0
0.0
0.0
10.0
0.0
0.0
0.0
0.0
48.0
79.0
0.0
165.0
0.0
13.0
0.0
36.0
0.0
0.0
0.0
0.0
0.0
84.0
8.0
15.0
36.0
0.0
23.0
5.0
8.0
0.0
0.0
112.0
25.0
0.0
0.0
0.0
0.0
0.0
33.0
25.0
0.0
0.0
132.0
15.0
0.0
41.0
0.0
66.0
48.0
0.0
0.0
0.0
0.0
51.0
0.0
81.0
0.0
165.0
23.0
155.0
0.0
0.0
38.0
0.0
8.0
0.0
0.0
0.0
0.0
25.0
127.0
0.0
127.0
0.0
0.0
0.0
0.0
64.0
66.0
0.0
0.0
10.0
0.0
0.0
0.0
0.0
0.0
0.0
91.0
84.0
0.0
25.0
0.0
25.0
102.0
127.0
152.0
0.0
64.0
13.0
0.0
0.0
25.0
0.0
0.0
25.0
38.0
76.0
8.0
114.0
51.0
0.0
0.0
0.0
25.0
0.0
0.0
0.0
152.0
0.0
0.0
15.0
8.0
0.0
13.0
38.0
13.0
41.0
25.0
0.0
0.0
0.0
8.0
0.0
0.0
8.0
5.0
0.0
0.0
0.0
0.0
0.0
0.0
0.0
0.0
0.0
10.0
0.0
0.0
0.0
5.0
0.0
178.0
36.0
64.0
0.0
0.0
0.0
0.0
0.0
0.0
0.0
51.0
0.0
51.0
0.0
127.0
0.0
0.0
0.0
51.0
51.0
0.0
25.0
33.0
25.0
13.0
0.0
25.0
0.0
0.0
0.0
0.0
0.0
13.0
76.0
76.0
13.0
0.0
0.0
10.0
5.0
0.0
0.0
0.0
25.0
0.0
0.0
0.0
0.0
51.0
25.0
0.0
51.0
0.0
0.0
0.0
25.0
8.0
0.0
0.0
0.0
0.0
0.0
0.0
0.0
0.0
25.0
0.0
0.0
15.0
0.0
0.0
76.0
13.0
0.0
0.0
0.0
0.0
0.0
0.0
0.0
0.0
0.0
0.0
0.0
0.0
5.0
0.0
0.0
0.0
0.0
0.0
0.0
25.0
0.0
0.0
0.0
56.0
28.0
43.0
0.0
3.0
0.0
15.0
15.0
0.0
0.0
43.0
104.0
3.0
43.0
13.0
0.0
0.0
0.0
0.0
13.0
203.0
0.0
23.0
0.0
0.0
0.0
0.0
13.0
0.0
0.0
86.0
173.0
5.0
0.0
0.0
79.0
8.0
0.0
0.0
0.0
127.0
15.0
196.0
3.0
30.0
0.0
0.0
5.0
0.0
0.0
0.0
343.0
0.0
0.0
0.0
0.0
0.0
0.0
119.0
91.0
23.0
0.0
0.0
0.0
0.0
25.0
0.0
0.0
0.0
81.0
216.0
18.0
51.0
0.0
8.0
13.0
0.0
23.0
23.0
3.0
0.0
0.0
0.0
0.0
91.0
0.0
178.0
13.0
46.0
0.0
102.0
0.0
0.0
0.0
0.0
15.0
0.0
0.0
0.0
0.0
0.0
25.0
38.0
0.0
69.0
25.0
0.0
0.0
0.0
5.0
0.0
0.0
0.0
0.0
0.0
18.0
89.0
46.0
23.0
0.0
0.0
127.0
152.0
0.0
13.0
25.0
25.0
0.0
5.0
38.0
0.0
0.0
104.0
8.0
0.0
69.0
81.0
51.0
0.0
0.0
51.0
0.0
0.0
81.0
0.0
0.0
0.0
0.0
58.0
0.0
0.0
0.0
0.0
0.0
3.0
0.0
46.0
76.0
0.0
119.0
23.0
0.0
99.0
0.0
61.0
69.0
18.0
0.0
0.0
0.0
0.0
0.0
8.0
0.0
0.0
0.0
0.0
0.0
0.0
0.0
0.0
0.0
0.0
0.0
36.0
0.0
0.0
0.0
0.0
0.0
0.0
0.0
168.0
10.0
13.0
0.0
0.0
0.0
0.0
0.0
0.0
0.0
0.0
51.0
56.0
0.0
0.0
0.0
0.0
0.0
25.0
0.0
8.0
0.0
178.0
0.0
178.0
25.0
8.0
25.0
20.0
0.0
0.0
38.0
0.0
0.0
0.0
0.0
0.0
102.0
0.0
102.0
51.0
38.0
0.0
0.0
0.0
0.0
0.0
0.0
8.0
8.0
51.0
13.0
0.0
0.0
0.0
0.0
15.0
13.0
10.0
10.0
0.0
0.0
0.0
0.0
0.0
13.0
0.0
178.0
0.0
0.0
0.0
13.0
25.0
127.0
0.0
0.0
51.0
25.0
0.0
5.0
0.0
0.0
25.0
152.0
13.0
38.0
51.0
25.0
0.0
NaN
0.0
0.0
8.0
0.0
0.0
0.0
0.0
0.0
76.0
51.0
0.0
0.0
0.0
13.0
10.0
56.0
0.0
0.0
0.0
0.0
51.0
0.0
0.0
127.0
51.0
0.0
0.0
0.0
0.0
0.0
51.0
127.0
25.0
0.0
0.0
0.0
0.0
0.0
0.0
25.0
25.0
0.0
0.0
0.0
0.0
8.0
325.0
152.0
0.0
0.0
0.0
76.0
0.0
0.0
3.0
10.0
0.0
0.0
0.0
0.0
38.0
13.0
0.0
0.0
48.0
15.0
33.0
0.0
0.0
0.0
0.0
0.0
8.0
0.0
0.0
0.0
0.0
0.0
0.0
0.0
0.0
0.0
0.0
10.0
76.0
0.0
0.0
53.0
25.0
3.0
0.0
0.0
0.0
0.0
0.0
0.0
0.0
0.0
0.0
0.0
0.0
0.0
0.0
0.0
36.0
183.0
13.0
0.0
33.0
0.0
20.0
130.0
56.0
0.0
0.0
0.0
0.0
145.0
208.0
0.0
0.0
0.0
0.0
0.0
0.0
0.0
0.0
15.0
0.0
0.0
0.0
0.0
0.0
0.0
0.0
109.0
0.0
0.0
0.0
0.0
0.0
5.0
15.0
61.0
76.0
0.0
36.0
81.0
0.0
0.0
0.0
0.0
0.0
196.0
351.0
0.0
0.0
0.0
8.0
0.0
0.0
74.0
28.0
0.0
0.0
0.0
30.0
3.0
5.0
74.0
0.0
0.0
3.0
51.0
3.0
94.0
76.0
99.0
0.0
0.0
79.0
0.0
163.0
0.0
0.0
0.0
168.0
23.0
0.0
0.0
0.0
0.0
0.0
0.0
0.0
236.0
5.0
15.0
0.0
0.0
0.0
0.0
0.0
0.0
196.0
0.0
0.0
0.0
0.0
0.0
0.0
0.0
0.0
5.0
43.0
0.0
0.0
0.0
30.0
64.0
23.0
89.0
3.0
0.0
58.0
3.0
3.0
8.0
13.0
0.0
0.0
0.0
0.0
0.0
0.0
28.0
18.0
183.0
56.0
0.0
0.0
0.0
0.0
38.0
0.0
56.0
41.0
0.0
66.0
51.0
51.0
0.0
8.0
0.0
0.0
25.0
51.0
0.0
0.0
0.0
0.0
51.0
64.0
51.0
94.0
28.0
0.0
51.0
76.0
0.0
0.0
8.0
0.0
0.0
0.0
0.0
15.0
0.0
8.0
25.0
0.0
0.0
76.0
51.0
0.0
38.0
0.0
335.0
0.0
0.0
13.0
0.0
152.0
0.0
0.0
0.0
20.0
5.0
10.0
25.0
76.0
10.0
38.0
0.0
51.0
13.0
0.0
0.0
8.0
0.0
0.0
0.0
0.0
13.0
13.0
25.0
13.0
13.0
102.0
13.0
64.0
0.0
8.0
0.0
89.0
0.0
25.0
0.0
25.0
38.0
25.0
0.0
203.0
0.0
0.0
0.0
0.0
15.0
0.0
5.0
0.0
13.0
76.0
0.0
0.0
0.0
0.0
0.0
0.0
0.0
0.0
0.0
13.0
38.0
13.0
0.0
76.0
38.0
13.0
38.0
38.0
0.0
13.0
0.0
0.0
0.0
5.0
0.0
76.0
76.0
0.0
0.0
76.0
0.0
25.0
229.0
0.0
0.0
13.0
0.0
0.0
0.0
0.0
51.0
15.0
51.0
0.0
0.0
0.0
203.0
229.0
0.0
0.0
0.0
0.0
0.0
0.0
0.0
51.0
0.0
0.0
0.0
25.0
0.0
5.0
0.0
0.0
0.0
0.0
8.0
0.0
0.0
0.0
0.0
0.0
25.0
0.0
0.0
0.0
0.0
0.0
0.0
0.0
0.0
0.0
0.0
0.0
0.0
0.0
0.0
0.0
66.0
81.0
0.0
56.0
69.0
0.0
0.0
0.0
5.0
0.0
0.0
5.0
0.0
0.0
0.0
0.0
0.0
0.0
0.0
0.0
0.0
0.0
0.0
0.0
0.0
0.0
25.0
445.0
0.0
0.0
0.0
13.0
97.0
0.0
8.0
0.0
33.0
51.0
0.0
0.0
0.0
0.0
0.0
58.0
20.0
0.0
0.0
0.0
0.0
495.0
0.0
3.0
38.0
0.0
33.0
107.0
0.0
0.0
0.0
3.0
0.0
0.0
0.0
0.0
0.0
0.0
0.0
5.0
221.0
0.0
0.0
218.0
0.0
64.0
0.0
0.0
43.0
0.0
0.0
0.0
8.0
89.0
86.0
152.0
25.0
0.0
3.0
3.0
0.0
43.0
30.0
0.0
30.0
8.0
0.0
0.0
0.0
0.0
0.0
30.0
0.0
5.0
33.0
51.0
0.0
5.0
10.0
43.0
0.0
0.0
0.0
69.0
15.0
0.0
264.0
3.0
0.0
0.0
0.0
10.0
74.0
81.0
30.0
0.0
0.0
43.0
28.0
10.0
0.0
0.0
0.0
20.0
0.0
0.0
46.0
0.0
79.0
132.0
3.0
23.0
0.0
3.0
0.0
0.0
0.0
0.0
150.0
36.0
0.0
147.0
0.0
0.0
15.0
112.0
13.0
0.0
127.0
0.0
43.0
18.0
0.0
0.0
86.0
13.0
25.0
15.0
13.0
89.0
0.0
8.0
0.0
0.0
58.0
0.0
0.0
0.0
0.0
20.0
0.0
0.0
0.0
0.0
0.0
0.0
25.0
0.0
0.0
0.0
36.0
25.0
0.0
0.0
0.0
0.0
25.0
0.0
0.0
0.0
0.0
25.0
0.0
0.0
13.0
13.0
0.0
0.0
0.0
8.0
13.0
51.0
76.0
0.0
127.0
0.0
0.0
0.0
0.0
76.0
13.0
0.0
51.0
0.0
0.0
0.0
152.0
8.0
0.0
51.0
0.0
51.0
51.0
38.0
0.0
25.0
0.0
51.0
0.0
38.0
13.0
38.0
0.0
76.0
102.0
0.0
51.0
0.0
127.0
51.0
0.0
0.0
0.0
0.0
8.0
38.0
8.0
0.0
0.0
0.0
0.0
0.0
0.0
NaN
51.0
0.0
0.0
51.0
25.0
0.0
0.0
0.0
0.0
51.0
0.0
0.0
0.0
25.0
114.0
13.0
10.0
0.0
56.0
0.0
0.0
0.0
0.0
0.0
0.0
0.0
15.0
0.0
0.0
10.0
5.0
13.0
0.0
0.0
0.0
0.0
0.0
0.0
0.0
8.0
76.0
0.0
0.0
51.0
0.0
0.0
0.0
0.0
0.0
0.0
127.0
163.0
0.0
0.0
28.0
53.0
0.0
76.0
0.0
0.0
0.0
0.0
0.0
0.0
0.0
0.0
0.0
0.0
0.0
0.0
0.0
0.0
0.0
89.0
53.0
13.0
25.0
0.0
0.0
0.0
0.0
0.0
0.0
0.0
0.0
0.0
28.0
23.0
0.0
0.0
0.0
58.0
127.0
8.0
5.0
0.0
0.0
0.0
5.0
71.0
0.0
0.0
25.0
170.0
94.0
0.0
0.0
0.0
13.0
236.0
25.0
58.0
5.0
28.0
0.0
13.0
15.0
246.0
13.0
0.0
0.0
0.0
0.0
0.0
3.0
0.0
0.0
0.0
0.0
0.0
0.0
3.0
30.0
0.0
0.0
0.0
0.0
13.0
0.0
58.0
71.0
13.0
8.0
10.0
0.0
0.0
64.0
221.0
0.0
28.0
0.0
0.0
0.0
18.0
0.0
8.0
0.0
0.0
104.0
91.0
107.0
43.0
8.0
0.0
0.0
0.0
0.0
0.0
61.0
0.0
13.0
15.0
0.0
23.0
0.0
48.0
0.0
0.0
0.0
0.0
0.0
0.0
213.0
0.0
15.0
0.0
0.0
41.0
0.0
0.0
0.0
0.0
51.0
5.0
25.0
114.0
142.0
51.0
41.0
28.0
18.0
0.0
0.0
71.0
0.0
13.0
0.0
79.0
23.0
0.0
0.0
0.0
56.0
0.0
0.0
147.0
0.0
0.0
30.0
114.0
0.0
0.0
0.0
0.0
69.0
0.0
0.0
0.0
25.0
13.0
51.0
51.0
20.0
0.0
13.0
25.0
8.0
13.0
13.0
8.0
0.0
0.0
0.0
0.0
132.0
0.0
0.0
13.0
0.0
0.0
0.0
5.0
25.0
38.0
0.0
0.0
13.0
76.0
127.0
25.0
0.0
0.0
0.0
51.0
0.0
64.0
0.0
0.0
0.0
0.0
0.0
0.0
0.0
0.0
0.0
89.0
0.0
13.0
102.0
0.0
56.0
38.0
0.0
0.0
13.0
0.0
0.0
102.0
0.0
10.0
0.0
0.0
0.0
0.0
0.0
0.0
0.0
0.0
51.0
86.0
0.0
0.0
102.0
0.0
76.0
127.0
25.0
13.0
38.0
0.0
38.0
25.0
25.0
20.0
51.0
5.0
0.0
0.0
0.0
0.0
0.0
0.0
0.0
0.0
0.0
38.0
13.0
51.0
0.0
0.0
25.0
33.0
0.0
64.0
0.0
0.0
15.0
76.0
0.0
0.0
0.0
0.0
0.0
102.0
38.0
64.0
0.0
0.0
0.0
5.0
0.0
13.0
20.0
0.0
0.0
0.0
0.0
0.0
0.0
0.0
0.0
38.0
0.0
0.0
15.0
8.0
0.0
0.0
0.0
0.0
0.0
0.0
0.0
76.0
0.0
89.0
10.0
76.0
25.0
0.0
51.0
0.0
0.0
0.0
5.0
0.0
51.0
13.0
127.0
0.0
0.0
51.0
0.0
0.0
10.0
15.0
15.0
0.0
28.0
0.0
0.0
38.0
0.0
13.0
25.0
102.0
33.0
28.0
0.0
0.0
0.0
0.0
0.0
0.0
0.0
38.0
3.0
0.0
91.0
0.0
15.0
3.0
0.0
0.0
20.0
0.0
5.0
48.0
25.0
30.0
0.0
5.0
38.0
0.0
30.0
145.0
0.0
5.0
0.0
467.0
127.0
0.0
0.0
48.0
46.0
0.0
0.0
0.0
0.0
0.0
0.0
0.0
3.0
13.0
0.0
0.0
0.0
71.0
0.0
0.0
0.0
0.0
0.0
41.0
43.0
53.0
94.0
8.0
43.0
94.0
10.0
0.0
0.0
5.0
0.0
0.0
0.0
8.0
122.0
0.0
0.0
0.0
18.0
0.0
10.0
0.0
0.0
0.0
122.0
0.0
0.0
18.0
0.0
10.0
0.0
25.0
46.0
5.0
0.0
30.0
0.0
0.0
0.0
0.0
0.0
41.0
0.0
419.0
61.0
23.0
30.0
71.0
13.0
145.0
15.0
10.0
0.0
0.0
0.0
0.0
5.0
102.0
36.0
0.0
0.0
112.0
81.0
0.0
3.0
0.0
0.0
0.0
0.0
140.0
0.0
15.0
38.0
0.0
36.0
0.0
36.0
183.0
18.0
79.0
13.0
0.0
0.0
0.0
0.0
0.0
0.0
5.0
0.0
0.0
20.0
124.0
38.0
53.0
46.0
3.0
0.0
0.0
0.0
0.0
0.0
0.0
0.0
8.0
3.0
41.0
0.0
0.0
0.0
0.0
0.0
0.0
0.0
41.0
13.0
0.0
0.0
38.0
13.0
0.0
0.0
0.0
0.0
13.0
0.0
0.0
0.0
8.0
0.0
0.0
61.0
102.0
25.0
41.0
0.0
25.0
8.0
0.0
0.0
38.0
64.0
10.0
46.0
25.0
20.0
0.0
25.0
127.0
0.0
0.0
0.0
0.0
0.0
0.0
0.0
33.0
13.0
38.0
76.0
0.0
8.0
0.0
0.0
102.0
0.0
102.0
5.0
8.0
0.0
0.0
10.0
0.0
0.0
51.0
0.0
152.0
76.0
0.0
30.0
8.0
51.0
0.0
5.0
3.0
13.0
0.0
0.0
0.0
0.0
0.0
0.0
8.0
51.0
10.0
0.0
8.0
0.0
0.0
13.0
13.0
0.0
25.0
0.0
0.0
25.0
0.0
0.0
0.0
0.0
0.0
211.0
25.0
18.0
0.0
61.0
10.0
10.0
0.0
0.0
0.0
0.0
0.0
0.0
0.0
0.0
64.0
152.0
0.0
0.0
0.0
0.0
0.0
8.0
10.0
0.0
0.0
203.0
0.0
152.0
25.0
0.0
0.0
127.0
89.0
0.0
0.0
0.0
0.0
0.0
0.0
0.0
0.0
0.0
0.0
0.0
0.0
8.0
0.0
0.0
0.0
0.0
0.0
25.0
97.0
76.0
0.0
0.0
0.0
152.0
0.0
0.0
0.0
0.0
0.0
0.0
0.0
15.0
0.0
0.0
0.0
18.0
0.0
0.0
0.0
0.0
0.0
15.0
0.0
0.0
0.0
3.0
0.0
0.0
0.0
124.0
0.0
25.0
0.0
0.0
5.0
142.0
8.0
86.0
0.0
38.0
287.0
15.0
0.0
38.0
25.0
0.0
36.0
25.0
71.0
0.0
0.0
0.0
25.0
13.0
51.0
216.0
102.0
0.0
117.0
41.0
0.0
0.0
0.0
71.0
0.0
0.0
0.0
0.0
0.0
0.0
0.0
0.0
8.0
290.0
3.0
0.0
0.0
94.0
25.0
0.0
0.0
0.0
8.0
0.0
0.0
0.0
0.0
0.0
0.0
0.0
10.0
0.0
0.0
0.0
30.0
33.0
8.0
28.0
15.0
0.0
0.0
0.0
0.0
38.0
191.0
13.0
0.0
0.0
0.0
0.0
0.0
0.0
61.0
0.0
13.0
15.0
0.0
0.0
8.0
5.0
0.0
5.0
30.0
183.0
0.0
165.0
0.0
0.0
23.0
0.0
0.0
0.0
0.0
0.0
28.0
0.0
3.0
0.0
13.0
58.0
290.0
41.0
0.0
155.0
74.0
5.0
0.0
0.0
43.0
8.0
0.0
0.0
208.0
10.0
0.0
5.0
5.0
0.0
3.0
0.0
0.0
0.0
0.0
20.0
25.0
0.0
0.0
0.0
10.0
0.0
0.0
0.0
15.0
46.0
3.0
8.0
0.0
48.0
107.0
5.0
0.0
0.0
5.0
0.0
0.0
5.0
175.0
23.0
30.0
0.0
117.0
102.0
0.0
8.0
132.0
3.0
0.0
0.0
0.0
0.0
0.0
277.0
15.0
25.0
99.0
0.0
18.0
0.0
0.0
0.0
0.0
0.0
0.0
104.0
140.0
30.0
0.0
0.0
0.0
0.0
0.0
10.0
0.0
81.0
76.0
13.0
25.0
0.0
0.0
0.0
0.0
0.0
0.0
15.0
51.0
0.0
0.0
18.0
203.0
0.0
114.0
0.0
0.0
0.0
0.0
0.0
25.0
0.0
76.0
51.0
13.0
8.0
0.0
38.0
15.0
13.0
0.0
152.0
10.0
0.0
38.0
102.0
0.0
0.0
0.0
0.0
0.0
15.0
8.0
5.0
10.0
0.0
0.0
51.0
76.0
25.0
0.0
0.0
0.0
0.0
25.0
5.0
0.0
30.0
0.0
8.0
152.0
13.0
0.0
25.0
0.0
0.0
0.0
76.0
13.0
0.0
0.0
0.0
51.0
0.0
51.0
254.0
0.0
0.0
102.0
0.0
25.0
0.0
0.0
46.0
0.0
0.0
0.0
0.0
56.0
0.0
0.0
0.0
25.0
5.0
102.0
13.0
5.0
5.0
0.0
0.0
20.0
20.0
10.0
38.0
38.0
13.0
0.0
0.0
0.0
8.0
8.0
13.0
127.0
0.0
5.0
201.0
170.0
0.0
0.0
69.0
8.0
305.0
0.0
0.0
0.0
0.0
0.0
0.0
0.0
0.0
81.0
0.0
0.0
0.0
28.0
0.0
239.0
64.0
3.0
0.0
0.0
206.0
84.0
0.0
0.0
0.0
20.0
0.0
0.0
0.0
61.0
38.0
20.0
38.0
10.0
3.0
0.0
0.0
0.0
0.0
41.0
0.0
0.0
66.0
10.0
0.0
114.0
56.0
0.0
0.0
8.0
30.0
23.0
0.0
0.0
0.0
0.0
0.0
0.0
0.0
0.0
0.0
0.0
0.0
0.0
0.0
0.0
0.0
46.0
0.0
0.0
8.0
3.0
0.0
0.0
8.0
117.0
18.0
0.0
53.0
0.0
0.0
0.0
0.0
0.0
58.0
140.0
0.0
213.0
53.0
0.0
0.0
0.0
0.0
0.0
0.0
0.0
0.0
48.0
0.0
33.0
69.0
20.0
0.0
0.0
0.0
51.0
0.0
56.0
5.0
97.0
142.0
0.0
0.0
76.0
0.0
61.0
15.0
5.0
0.0
0.0
53.0
0.0
0.0
0.0
0.0
147.0
3.0
0.0
0.0
0.0
0.0
0.0
150.0
30.0
0.0
0.0
8.0
0.0
0.0
0.0
0.0
0.0
0.0
0.0
0.0
0.0
0.0
198.0
15.0
13.0
8.0
13.0
0.0
5.0
10.0
122.0
43.0
0.0
28.0
0.0
25.0
147.0
25.0
3.0
0.0
76.0
135.0
0.0
0.0
0.0
0.0
5.0
0.0
107.0
46.0
20.0
89.0
13.0
0.0
0.0
8.0
0.0
0.0
3.0
0.0
0.0
0.0
135.0
3.0
0.0
0.0
0.0
0.0
5.0
13.0
97.0
124.0
114.0
38.0
8.0
0.0
0.0
8.0
15.0
0.0
0.0
25.0
0.0
0.0
0.0
0.0
0.0
0.0
0.0
0.0
13.0
0.0
13.0
0.0
25.0
0.0
0.0
30.0
15.0
5.0
0.0
0.0
0.0
0.0
0.0
0.0
102.0
0.0
8.0
51.0
18.0
0.0
0.0
76.0
38.0
64.0
8.0
5.0
15.0
13.0
0.0
0.0
8.0
0.0
48.0
0.0
0.0
109.0
15.0
64.0
0.0
30.0
30.0
0.0
33.0
8.0
0.0
38.0
13.0
8.0
64.0
5.0
140.0
0.0
0.0
8.0
5.0
8.0
58.0
51.0
0.0
0.0
53.0
0.0
10.0
41.0
0.0
10.0
0.0
30.0
0.0
0.0
0.0
28.0
25.0
13.0
25.0
51.0
0.0
8.0
3.0
0.0
76.0
51.0
5.0
13.0
0.0
13.0
0.0
0.0
0.0
0.0
51.0
38.0
13.0
8.0
0.0
0.0
89.0
25.0
13.0
0.0
51.0
140.0
56.0
0.0
0.0
36.0
13.0
0.0
0.0
38.0
0.0
76.0
25.0
25.0
5.0
89.0
0.0
0.0
0.0
38.0
254.0
25.0
0.0
0.0
0.0
0.0
0.0
0.0
28.0
61.0
0.0
25.0
3.0
0.0
0.0
0.0
10.0
0.0
0.0
46.0
0.0
0.0
0.0
0.0
140.0
64.0
140.0
0.0
8.0
25.0
0.0
102.0
102.0
0.0
25.0
0.0
0.0
0.0
0.0
13.0
0.0
0.0
0.0
0.0
0.0
0.0
0.0
0.0
51.0
0.0
0.0
0.0
0.0
18.0
69.0
0.0
0.0
0.0
41.0
13.0
0.0
0.0
71.0
28.0
51.0
56.0
0.0
0.0
13.0
0.0
0.0
0.0
0.0
5.0
0.0
0.0
0.0
0.0
10.0
10.0
0.0
0.0
0.0
0.0
0.0
15.0
0.0
0.0
51.0
51.0
0.0
61.0
81.0
0.0
0.0
0.0
0.0
0.0
0.0
71.0
0.0
0.0
0.0
3.0
231.0
36.0
NaN
0.0
0.0
0.0
0.0
0.0
130.0
0.0
5.0
10.0
5.0
5.0
41.0
177.0
0.0
0.0
0.0
0.0
0.0
8.0
122.0
0.0
0.0
0.0
12.0
0.0
0.0
0.0
12.0
0.0
0.0
0.0
94.0
0.0
0.0
4.0
9.0
30.0
0.0
0.0
56.0
36.0
0.0
74.0
13.0
0.0
0.0
4.0
39.0
0.0
152.0
72.0
0.0
3.0
0.0
12.0
12.0
0.0
0.0
20.0
32.0
26.0
0.0
64.0
116.0
58.0
0.0
0.0
0.0
50.0
0.0
105.0
0.0
0.0
192.0
0.0
18.0
0.0
142.0
8.0
0.0
0.0
253.0
40.0
2.0
163.0
4.0
0.0
0.0
0.0
0.0
0.0
10.0
0.0
20.0
0.0
0.0
0.0
0.0
45.0
0.0
4.0
0.0
0.0
0.0
0.0
0.0
0.0
0.0
20.0
6.0
4.0
114.0
26.0
0.0
72.0
16.0
0.0
28.0
15.0
0.0
0.0
0.0
0.0
2.0
0.0
0.0
0.0
0.0
2.0
0.0
55.0
2.0
0.0
0.0
6.0
34.0
93.0
178.0
0.0
0.0
0.0
18.0
10.0
130.0
112.0
10.0
0.0
0.0
25.0
18.0
0.0
0.0
10.0
0.0
40.0
0.0
0.0
49.0
10.0
0.0
0.0
0.0
0.0
0.0
10.0
120.0
45.0
23.0
25.0
0.0
10.0
14.0
18.0
0.0
0.0
50.0
49.0
125.0
0.0
0.0
0.0
0.0
80.0
60.0
44.0
12.0
26.0
28.0
290.0
4.0
0.0
0.0
8.0
0.0
0.0
0.0
0.0
12.0
38.0
20.0
0.0
2.0
98.0
130.0
60.0
0.0
0.0
0.0
0.0
0.0
0.0
0.0
0.0
8.0
0.0
0.0
0.0
0.0
0.0
22.0
0.0
197.0
3.0
44.0
0.0
0.0
0.0
0.0
0.0
0.0
10.0
6.0
0.0
0.0
0.0
0.0
4.0
30.0
20.0
0.0
0.0
16.0
77.0
10.0
4.0
0.0
0.0
0.0
0.0
7.0
0.0
0.0
0.0
0.0
0.0
0.0
6.0
2.0
0.0
0.0
0.0
0.0
0.0
0.0
0.0
40.0
0.0
80.0
25.0
0.0
0.0
0.0
80.0
5.0
7.0
0.0
12.0
60.0
0.0
0.0
0.0
5.0
20.0
0.0
0.0
200.0
50.0
0.0
0.0
30.0
0.0
40.0
0.0
0.0
0.0
106.0
21.0
10.0
4.0
6.0
0.0
0.0
0.0
0.0
0.0
0.0
0.0
0.0
0.0
0.0
0.0
0.0
0.0
0.0
10.0
0.0
0.0
0.0
0.0
0.0
0.0
0.0
0.0
102.0
43.0
0.0
30.0
189.0
83.0
10.0
0.0
0.0
0.0
0.0
0.0
14.0
0.0
0.0
0.0
0.0
0.0
0.0
177.0
5.0
90.0
160.0
18.0
46.0
14.0
2.0
24.0
0.0
34.0
190.0
12.0
0.0
14.0
145.0
126.0
0.0
0.0
6.0
4.0
65.0
0.0
0.0
0.0
219.0
100.0
0.0
0.0
8.0
370.0
0.0
79.0
0.0
0.0
0.0
0.0
0.0
30.0
0.0
300.0
344.0
0.0
20.0
2.0
0.0
11.0
55.0
130.0
2.0
0.0
0.0
20.0
0.0
4.0
0.0
104.0
0.0
0.0
62.0
10.0
2.0
60.0
10.0
0.0
0.0
0.0
66.0
3.0
2.0
15.0
0.0
0.0
30.0
0.0
0.0
0.0
0.0
0.0
0.0
0.0
42.0
3.0
20.0
214.0
0.0
0.0
8.0
10.0
0.0
10.0
0.0
248.0
103.0
124.0
0.0
0.0
26.0
40.0
0.0
0.0
5.0
88.0
0.0
0.0
14.0
8.0
0.0
0.0
0.0
165.0
54.0
0.0
0.0
0.0
0.0
0.0
0.0
0.0
10.0
19.0
0.0
88.0
5.0
6.0
41.0
133.0
5.0
40.0
70.0
34.0
101.0
213.0
10.0
0.0
0.0
0.0
63.0
6.0
0.0
0.0
0.0
0.0
32.0
2.0
10.0
0.0
0.0
0.0
0.0
30.0
10.0
3.0
4.0
0.0
0.0
0.0
0.0
0.0
0.0
0.0
0.0
50.0
0.0
0.0
0.0
0.0
60.0
0.0
0.0
8.0
0.0
0.0
0.0
195.0
220.0
39.0
0.0
15.0
0.0
40.0
16.0
0.0
0.0
10.0
24.0
27.0
0.0
22.0
0.0
80.0
40.0
24.0
40.0
142.0
13.0
0.0
0.0
6.0
66.0
16.0
4.0
10.0
8.0
0.0
4.0
0.0
70.0
0.0
50.0
8.0
46.0
34.0
0.0
0.0
0.0
30.0
72.0
50.0
30.0
0.0
8.0
0.0
0.0
3.0
7.0
16.0
0.0
0.0
0.0
0.0
40.0
0.0
0.0
0.0
20.0
0.0
0.0
0.0
30.0
0.0
0.0
114.0
0.0
0.0
2.0
30.0
110.0
100.0
4.0
0.0
0.0
28.0
40.0
0.0
10.0
15.0
0.0
0.0
0.0
0.0
0.0
0.0
6.0
4.0
0.0
0.0
0.0
0.0
0.0
100.0
0.0
8.0
0.0
0.0
0.0
0.0
10.0
20.0
0.0
230.0
50.0
40.0
4.0
0.0
0.0
54.0
28.0
4.0
40.0
110.0
15.0
0.0
0.0
0.0
0.0
0.0
0.0
0.0
0.0
267.0
150.0
110.0
65.0
0.0
80.0
0.0
160.0
0.0
25.0
85.0
0.0
0.0
0.0
0.0
0.0
0.0
0.0
0.0
0.0
0.0
178.0
71.0
0.0
0.0
0.0
0.0
0.0
8.0
14.0
2.0
54.0
2.0
173.0
80.0
0.0
50.0
0.0
0.0
0.0
12.0
46.0
2.0
0.0
7.0
4.0
80.0
20.0
10.0
21.0
0.0
18.0
74.0
0.0
0.0
0.0
94.0
10.0
35.0
0.0
0.0
0.0
0.0
0.0
30.0
2.0
54.0
2.0
0.0
0.0
60.0
2.0
4.0
59.0
0.0
2.0
59.0
6.0
130.0
190.0
0.0
0.0
0.0
0.0
20.0
480.0
116.0
0.0
0.0
0.0
12.0
60.0
18.0
0.0
0.0
35.0
0.0
0.0
0.0
80.0
150.0
0.0
0.0
0.0
0.0
0.0
0.0
0.0
0.0
0.0
112.0
2.0
0.0
0.0
0.0
0.0
0.0
0.0
120.0
0.0
40.0
0.0
0.0
0.0
84.0
4.0
0.0
0.0
0.0
166.0
24.0
0.0
0.0
164.0
210.0
32.0
187.0
112.0
0.0
18.0
40.0
0.0
10.0
180.0
37.0
5.0
0.0
17.0
13.0
0.0
0.0
0.0
0.0
54.0
0.0
0.0
0.0
0.0
0.0
115.0
0.0
52.0
0.0
188.0
4.0
0.0
18.0
0.0
4.0
0.0
52.0
0.0
26.0
122.0
0.0
6.0
22.0
0.0
0.0
20.0
26.0
50.0
6.0
0.0
0.0
3.0
30.0
0.0
2.0
372.0
4.0
0.0
3.0
0.0
142.0
0.0
0.0
18.0
0.0
3.0
5.0
10.0
38.0
142.0
22.0
18.0
8.0
35.0
0.0
0.0
132.0
21.0
66.0
222.0
98.0
50.0
10.0
0.0
20.0
0.0
0.0
0.0
0.0
3.0
0.0
0.0
5.0
28.0
0.0
50.0
12.0
50.0
10.0
0.0
0.0
10.0
10.0
10.0
0.0
0.0
0.0
77.0
34.0
36.0
0.0
0.0
0.0
51.0
75.0
0.0
10.0
11.0
0.0
0.0
0.0
40.0
35.0
5.0
0.0
0.0
5.0
0.0
112.0
13.0
0.0
10.0
10.0
60.0
0.0
0.0
10.0
0.0
0.0
10.0
0.0
0.0
0.0
0.0
0.0
3.0
0.0
0.0
0.0
0.0
10.0
0.0
0.0
0.0
0.0
100.0
55.0
10.0
0.0
35.0
30.0
4.0
35.0
0.0
0.0
80.0
60.0
30.0
22.0
5.0
0.0
100.0
25.0
0.0
20.0
40.0
11.0
0.0
0.0
0.0
0.0
0.0
0.0
0.0
0.0
0.0
0.0
0.0
10.0
0.0
0.0
0.0
0.0
10.0
2.0
26.0
0.0
0.0
20.0
10.0
0.0
0.0
18.0
0.0
0.0
0.0
20.0
10.0
0.0
0.0
0.0
0.0
32.0
3.0
0.0
0.0
0.0
0.0
0.0
20.0
30.0
0.0
38.0
13.0
0.0
51.0
57.0
0.0
0.0
25.0
215.0
0.0
75.0
130.0
0.0
0.0
0.0
0.0
0.0
0.0
0.0
0.0
0.0
0.0
0.0
0.0
42.0
135.0
181.0
106.0
96.0
16.0
110.0
0.0
80.0
20.0
0.0
0.0
0.0
0.0
0.0
0.0
0.0
0.0
3.0
80.0
0.0
0.0
0.0
0.0
0.0
0.0
0.0
0.0
0.0
54.0
44.0
184.0
60.0
15.0
175.0
35.0
4.0
4.0
0.0
0.0
0.0
0.0
0.0
0.0
0.0
0.0
0.0
0.0
0.0
0.0
0.0
0.0
0.0
0.0
80.0
182.0
5.0
4.0
0.0
0.0
0.0
0.0
178.0
44.0
36.0
62.0
4.0
7.0
18.0
30.0
0.0
0.0
70.0
0.0
6.0
0.0
0.0
0.0
0.0
0.0
50.0
0.0
0.0
0.0
0.0
0.0
172.0
0.0
27.0
250.0
146.0
0.0
17.0
0.0
0.0
4.0
0.0
0.0
0.0
40.0
100.0
0.0
0.0
24.0
0.0
0.0
0.0
0.0
0.0
4.0
0.0
0.0
0.0
82.0
0.0
0.0
146.0
2.0
0.0
91.0
0.0
2.0
0.0
0.0
246.0
0.0
0.0
52.0
2.0
132.0
54.0
110.0
0.0
0.0
38.0
0.0
0.0
50.0
0.0
0.0
73.0
6.0
0.0
0.0
0.0
0.0
40.0
20.0
54.0
12.0
2.0
130.0
2.0
8.0
0.0
62.0
58.0
22.0
0.0
0.0
64.0
3.0
14.0
52.0
0.0
112.0
55.0
12.0
150.0
16.0
0.0
26.0
183.0
26.0
10.0
4.0
113.0
0.0
6.0
0.0
0.0
0.0
0.0
14.0
0.0
0.0
0.0
26.0
6.0
10.0
0.0
0.0
0.0
57.0
130.0
40.0
0.0
14.0
5.0
0.0
0.0
0.0
171.0
30.0
0.0
4.0
0.0
18.0
24.0
15.0
0.0
25.0
20.0
26.0
10.0
0.0
90.0
105.0
4.0
0.0
24.0
0.0
20.0
0.0
0.0
6.0
0.0
0.0
10.0
0.0
0.0
85.0
3.0
0.0
0.0
50.0
40.0
4.0
10.0
0.0
0.0
0.0
0.0
0.0
5.0
90.0
36.0
24.0
0.0
0.0
50.0
20.0
2.0
0.0
0.0
116.0
32.0
0.0
0.0
0.0
35.0
30.0
0.0
20.0
0.0
5.0
20.0
0.0
0.0
0.0
80.0
0.0
15.0
0.0
15.0
64.0
0.0
12.0
0.0
0.0
0.0
14.0
12.0
31.0
16.0
0.0
0.0
0.0
0.0
0.0
6.0
50.0
22.0
0.0
0.0
17.0
0.0
4.0
0.0
0.0
0.0
94.0
22.0
0.0
10.0
22.0
30.0
70.0
20.0
0.0
198.0
65.0
0.0
48.0
10.0
0.0
17.0
0.0
10.0
0.0
0.0
0.0
15.0
38.0
10.0
0.0
0.0
30.0
0.0
56.0
9.0
0.0
0.0
6.0
16.0
0.0
3.0
4.0
0.0
30.0
62.0
10.0
20.0
20.0
6.0
0.0
55.0
60.0
0.0
0.0
0.0
18.0
0.0
0.0
0.0
0.0
70.0
122.0
10.0
14.0
51.0
5.0
90.0
152.0
10.0
0.0
22.0
0.0
0.0
32.0
0.0
0.0
262.0
60.0
20.0
0.0
15.0
0.0
16.0
0.0
0.0
0.0
60.0
10.0
0.0
0.0
0.0
0.0
20.0
0.0
0.0
0.0
84.0
194.0
70.0
0.0
0.0
0.0
19.0
0.0
0.0
196.0
22.0
0.0
0.0
0.0
0.0
0.0
0.0
0.0
0.0
0.0
0.0
NaN
42.0
93.0
0.0
0.0
0.0
0.0
0.0
11.0
0.0
8.0
0.0
0.0
24.0
36.0
30.0
18.0
48.0
0.0
90.0
0.0
24.0
10.0
39.0
0.0
66.0
0.0
0.0
95.0
12.0
12.0
98.0
20.0
0.0
0.0
100.0
26.0
0.0
0.0
0.0
160.0
3.0
0.0
0.0
0.0
0.0
0.0
16.0
0.0
113.0
0.0
0.0
0.0
0.0
0.0
0.0
0.0
0.0
0.0
0.0
0.0
65.0
36.0
0.0
0.0
0.0
0.0
0.0
0.0
58.0
0.0
0.0
32.0
0.0
0.0
0.0
0.0
72.0
6.0
24.0
22.0
0.0
282.0
0.0
0.0
0.0
0.0
0.0
0.0
0.0
0.0
70.0
0.0
0.0
0.0
0.0
0.0
0.0
102.0
0.0
76.0
0.0
0.0
23.0
0.0
0.0
64.0
122.0
38.0
6.0
58.0
0.0
0.0
0.0
4.0
32.0
8.0
4.0
2.0
11.0
0.0
0.0
0.0
0.0
0.0
17.0
35.0
2.0
0.0
0.0
70.0
67.0
0.0
0.0
12.0
395.0
22.0
3.0
0.0
0.0
0.0
0.0
0.0
54.0
18.0
0.0
105.0
272.0
55.0
13.0
2.0
60.0
34.0
8.0
0.0
0.0
0.0
0.0
0.0
0.0
0.0
0.0
0.0
0.0
0.0
105.0
10.0
0.0
0.0
0.0
55.0
0.0
0.0
0.0
0.0
0.0
0.0
28.0
0.0
0.0
0.0
35.0
13.0
0.0
0.0
20.0
120.0
35.0
25.0
10.0
0.0
30.0
30.0
20.0
10.0
0.0
0.0
80.0
30.0
15.0
30.0
3.0
10.0
14.0
61.0
39.0
8.0
85.0
34.0
5.0
0.0
5.0
2.0
0.0
130.0
30.0
2.0
50.0
61.0
5.0
20.0
290.0
280.0
90.0
0.0
210.0
60.0
0.0
0.0
10.0
10.0
40.0
0.0
0.0
0.0
0.0
100.0
10.0
0.0
0.0
45.0
0.0
0.0
70.0
45.0
0.0
0.0
0.0
40.0
35.0
120.0
20.0
0.0
52.0
0.0
0.0
0.0
0.0
35.0
0.0
0.0
0.0
82.0
0.0
68.0
10.0
0.0
0.0
0.0
0.0
20.0
0.0
0.0
0.0
0.0
0.0
10.0
0.0
0.0
0.0
0.0
0.0
0.0
7.0
0.0
0.0
80.0
20.0
0.0
0.0
0.0
0.0
0.0
0.0
0.0
100.0
0.0
0.0
21.0
38.0
38.0
0.0
0.0
147.0
0.0
0.0
60.0
0.0
146.0
100.0
0.0
0.0
0.0
0.0
0.0
0.0
0.0
0.0
24.0
0.0
0.0
0.0
0.0
17.0
0.0
0.0
0.0
0.0
0.0
0.0
0.0
52.0
107.0
2.0
0.0
0.0
0.0
0.0
0.0
0.0
0.0
0.0
0.0
236.0
240.0
50.0
0.0
0.0
0.0
0.0
0.0
0.0
0.0
0.0
101.0
53.0
6.0
13.0
28.0
213.0
0.0
28.0
0.0
0.0
42.0
0.0
0.0
16.0
195.0
0.0
0.0
0.0
0.0
0.0
0.0
5.0
0.0
0.0
0.0
0.0
40.0
60.0
6.0
0.0
36.0
208.0
66.0
40.0
78.0
0.0
600.0
17.0
0.0
0.0
0.0
0.0
0.0
0.0
6.0
0.0
0.0
60.0
2.0
0.0
0.0
0.0
0.0
0.0
0.0
0.0
0.0
0.0
22.0
20.0
10.0
33.0
26.0
0.0
0.0
0.0
0.0
0.0
0.0
96.0
70.0
0.0
0.0
6.0
46.0
0.0
0.0
38.0
6.0
0.0
0.0
42.0
2.0
20.0
160.0
54.0
20.0
0.0
0.0
0.0
10.0
0.0
2.0
0.0
0.0
415.0
16.0
80.0
7.0
142.0
11.0
231.0
160.0
0.0
0.0
0.0
6.0
0.0
0.0
0.0
30.0
15.0
50.0
3.0
29.0
0.0
0.0
0.0
164.0
125.0
0.0
0.0
16.0
6.0
86.0
60.0
82.0
60.0
10.0
18.0
16.0
242.0
254.0
0.0
0.0
0.0
0.0
0.0
0.0
0.0
0.0
0.0
0.0
0.0
0.0
32.0
22.0
38.0
38.0
0.0
0.0
0.0
0.0
0.0
75.0
200.0
0.0
10.0
8.0
0.0
0.0
0.0
80.0
10.0
0.0
0.0
10.0
0.0
0.0
0.0
0.0
0.0
0.0
20.0
5.0
25.0
8.0
0.0
120.0
15.0
30.0
22.0
30.0
35.0
0.0
0.0
100.0
45.0
30.0
0.0
0.0
110.0
14.0
40.0
0.0
30.0
20.0
0.0
75.0
0.0
10.0
130.0
0.0
0.0
60.0
0.0
0.0
0.0
5.0
0.0
100.0
20.0
0.0
0.0
13.0
20.0
15.0
0.0
0.0
0.0
0.0
0.0
0.0
0.0
0.0
0.0
0.0
50.0
115.0
0.0
0.0
0.0
5.0
21.0
65.0
0.0
0.0
90.0
20.0
0.0
50.0
75.0
0.0
0.0
0.0
0.0
0.0
0.0
0.0
0.0
0.0
28.0
35.0
85.0
70.0
0.0
0.0
0.0
80.0
5.0
0.0
0.0
50.0
40.0
0.0
10.0
0.0
0.0
0.0
45.0
18.0
135.0
84.0
18.0
0.0
0.0
0.0
90.0
0.0
0.0
50.0
110.0
430.0
60.0
0.0
0.0
0.0
0.0
0.0
0.0
0.0
0.0
0.0
0.0
0.0
0.0
0.0
55.0
4.0
0.0
30.0
110.0
0.0
10.0
0.0
6.0
0.0
30.0
49.0
140.0
80.0
0.0
20.0
0.0
55.0
0.0
0.0
0.0
0.0
0.0
0.0
15.0
0.0
26.0
0.0
0.0
34.0
0.0
20.0
0.0
0.0
0.0
0.0
0.0
0.0
0.0
0.0
20.0
172.0
2.0
0.0
0.0
6.0
150.0
21.0
4.0
140.0
156.0
60.0
80.0
40.0
12.0
0.0
120.0
96.0
22.0
6.0
0.0
0.0
2.0
65.0
8.0
0.0
0.0
138.0
0.0
2.0
0.0
0.0
0.0
0.0
0.0
2.0
0.0
0.0
0.0
0.0
0.0
0.0
20.0
186.0
179.0
0.0
0.0
0.0
26.0
14.0
0.0
8.0
7.0
0.0
18.0
271.0
8.0
0.0
2.0
0.0
0.0
0.0
40.0
0.0
0.0
0.0
0.0
38.0
50.0
0.0
58.0
70.0
0.0
0.0
0.0
0.0
0.0
12.0
42.0
138.0
12.0
0.0
26.0
0.0
0.0
0.0
0.0
17.0
0.0
0.0
0.0
0.0
60.0
0.0
0.0
37.0
6.0
40.0
0.0
0.0
67.0
0.0
0.0
0.0
30.0
112.0
30.0
24.0
0.0
2.0
0.0
52.0
32.0
6.0
54.0
230.0
16.0
4.0
250.0
29.0
18.0
8.0
5.0
14.0
5.0
11.0
5.0
0.0
3.0
47.0
136.0
7.0
14.0
0.0
0.0
0.0
0.0
0.0
0.0
140.0
0.0
76.0
142.0
14.0
0.0
28.0
55.0
68.0
0.0
0.0
0.0
0.0
14.0
234.0
45.0
21.0
58.0
10.0
0.0
0.0
0.0
0.0
0.0
0.0
0.0
105.0
0.0
17.0
14.0
0.0
0.0
0.0
0.0
2.0
0.0
0.0
0.0
16.0
3.0
0.0
190.0
0.0
10.0
10.0
0.0
0.0
10.0
0.0
0.0
0.0
55.0
36.0
25.0
0.0
38.0
0.0
0.0
0.0
0.0
110.0
15.0
0.0
30.0
20.0
0.0
0.0
40.0
25.0
0.0
55.0
10.0
0.0
160.0
30.0
0.0
80.0
45.0
8.0
0.0
0.0
0.0
0.0
170.0
50.0
52.0
0.0
35.0
255.0
36.0
35.0
8.0
0.0
20.0
10.0
0.0
0.0
20.0
55.0
0.0
130.0
0.0
30.0
0.0
0.0
0.0
0.0
0.0
0.0
28.0
0.0
0.0
0.0
0.0
10.0
10.0
10.0
60.0
8.0
40.0
5.0
150.0
10.0
0.0
0.0
20.0
80.0
70.0
30.0
6.0
0.0
0.0
60.0
0.0
0.0
0.0
20.0
0.0
0.0
0.0
0.0
0.0
0.0
70.0
30.0
0.0
0.0
0.0
3.0
0.0
0.0
0.0
5.0
20.0
0.0
10.0
0.0
10.0
95.0
5.0
0.0
0.0
0.0
0.0
0.0
0.0
10.0
0.0
40.0
0.0
0.0
0.0
0.0
0.0
48.0
70.0
0.0
10.0
0.0
0.0
0.0
0.0
0.0
0.0
0.0
0.0
0.0
0.0
0.0
140.0
0.0
0.0
0.0
0.0
0.0
0.0
0.0
0.0
0.0
0.0
50.0
80.0
0.0
0.0
0.0
0.0
0.0
0.0
0.0
6.0
8.0
0.0
0.0
32.0
82.0
3.0
0.0
0.0
0.0
0.0
0.0
34.0
132.0
19.0
0.0
6.0
5.0
0.0
23.0
16.0
0.0
57.0
23.0
6.0
0.0
0.0
45.0
0.0
46.0
15.0
0.0
8.0
0.0
90.0
36.0
0.0
0.0
40.0
8.0
0.0
0.0
11.0
30.0
110.0
0.0
101.0
0.0
175.0
62.0
0.0
0.0
165.0
0.0
6.0
0.0
0.0
0.0
0.0
234.0
624.0
9.0
159.0
138.0
90.0
11.0
0.0
0.0
0.0
10.0
48.0
34.0
87.0
40.0
0.0
0.0
0.0
0.0
11.0
20.0
72.0
24.0
28.0
178.0
10.0
8.0
0.0
0.0
10.0
0.0
3.0
46.0
0.0
0.0
0.0
162.0
0.0
119.0
0.0
0.0
0.0
0.0
0.0
4.0
0.0
20.0
250.0
0.0
0.0
0.0
0.0
0.0
56.0
0.0
5.0
30.0
0.0
2.0
43.0
0.0
0.0
0.0
0.0
0.0
10.0
40.0
6.0
30.0
3.0
0.0
0.0
0.0
30.0
6.0
4.0
12.0
143.0
117.0
14.0
0.0
53.0
21.0
12.0
4.0
0.0
0.0
2.0
42.0
34.0
0.0
0.0
0.0
214.0
290.0
9.0
22.0
0.0
0.0
0.0
0.0
26.0
26.0
28.0
0.0
0.0
0.0
0.0
0.0
0.0
0.0
0.0
0.0
0.0
0.0
0.0
27.0
55.0
112.0
0.0
10.0
2.0
0.0
16.0
6.0
4.0
123.0
0.0
0.0
36.0
117.0
176.0
0.0
0.0
40.0
46.0
0.0
0.0
40.0
118.0
100.0
0.0
0.0
0.0
40.0
68.0
10.0
10.0
40.0
0.0
0.0
0.0
50.0
0.0
0.0
0.0
2.0
40.0
37.0
3.0
20.0
12.0
40.0
80.0
0.0
50.0
20.0
90.0
0.0
0.0
0.0
12.0
55.0
0.0
10.0
42.0
61.0
50.0
10.0
60.0
0.0
120.0
20.0
0.0
0.0
10.0
0.0
55.0
15.0
10.0
5.0
0.0
50.0
0.0
0.0
30.0
10.0
0.0
0.0
0.0
0.0
0.0
10.0
15.0
150.0
5.0
0.0
50.0
50.0
0.0
5.0
70.0
20.0
0.0
0.0
10.0
5.0
20.0
10.0
0.0
0.0
30.0
60.0
30.0
0.0
0.0
0.0
200.0
200.0
0.0
0.0
35.0
10.0
0.0
0.0
5.0
0.0
0.0
0.0
0.0
0.0
8.0
2.0
0.0
0.0
0.0
40.0
2.0
0.0
20.0
0.0
0.0
0.0
0.0
0.0
10.0
0.0
0.0
0.0
0.0
40.0
0.0
0.0
12.0
12.0
26.0
0.0
4.0
NaN
28.0
0.0
0.0
6.0
0.0
5.0
0.0
0.0
0.0
0.0
0.0
0.0
24.0
123.0
78.0
8.0
0.0
0.0
0.0
0.0
0.0
97.0
19.0
14.0
0.0
2.0
10.0
0.0
0.0
0.0
0.0
34.0
32.0
23.0
4.0
20.0
11.0
0.0
0.0
0.0
0.0
0.0
0.0
0.0
0.0
17.0
153.0
145.0
3.0
2.0
0.0
0.0
0.0
0.0
10.0
7.0
0.0
0.0
0.0
0.0
0.0
48.0
12.0
29.0
30.0
0.0
44.0
7.0
0.0
0.0
16.0
0.0
36.0
170.0
184.0
5.0
9.0
0.0
80.0
55.0
10.0
36.0
36.0
14.0
2.0
0.0
33.0
0.0
40.0
90.0
0.0
44.0
6.0
0.0
0.0
0.0
0.0
16.0
97.0
6.0
0.0
0.0
0.0
14.0
0.0
10.0
220.0
250.0
10.0
0.0
0.0
40.0
100.0
10.0
0.0
16.0
10.0
0.0
0.0
16.0
0.0
6.0
0.0
0.0
6.0
10.0
26.0
80.0
0.0
0.0
10.0
28.0
26.0
6.0
0.0
30.0
0.0
6.0
0.0
0.0
12.0
6.0
0.0
0.0
0.0
20.0
30.0
36.0
20.0
0.0
0.0
0.0
0.0
0.0
50.0
10.0
0.0
130.0
0.0
0.0
20.0
160.0
10.0
0.0
0.0
0.0
6.0
0.0
0.0
0.0
0.0
5.0
0.0
0.0
0.0
10.0
26.0
0.0
2.0
0.0
10.0
26.0
2.0
0.0
0.0
0.0
0.0
50.0
0.0
0.0
0.0
0.0
0.0
0.0
0.0
30.0
0.0
0.0
0.0
4.0
0.0
50.0
0.0
20.0
40.0
10.0
0.0
0.0
10.0
30.0
80.0
0.0
0.0
230.0
160.0
0.0
60.0
0.0
NaN
30.0
15.0
120.0
0.0
0.0
0.0
20.0
0.0
5.0
0.0
0.0
0.0
14.0
143.0
43.0
80.0
105.0
125.0
65.0
12.0
0.0
0.0
0.0
0.0
0.0
0.0
0.0
0.0
0.0
0.0
0.0
10.0
3.0
0.0
0.0
0.0
7.0
0.0
279.0
0.0
0.0
140.0
36.0
6.0
6.0
0.0
0.0
0.0
0.0
0.0
0.0
0.0
80.0
42.0
0.0
83.0
0.0
0.0
20.0
44.0
0.0
0.0
0.0
0.0
0.0
0.0
0.0
96.0
27.0
4.0
2.0
13.0
0.0
0.0
0.0
52.0
2.0
0.0
60.0
0.0
195.0
0.0
0.0
4.0
86.0
0.0
0.0
40.0
0.0
38.0
32.0
92.0
2.0
14.0
42.0
40.0
22.0
0.0
0.0
0.0
15.0
18.0
4.0
6.0
0.0
0.0
0.0
0.0
0.0
0.0
0.0
0.0
0.0
0.0
4.0
35.0
5.0
210.0
0.0
30.0
0.0
4.0
16.0
0.0
0.0
62.0
65.0
0.0
0.0
175.0
48.0
58.0
36.0
44.0
32.0
0.0
0.0
8.0
0.0
820.0
20.0
2.0
0.0
150.0
14.0
0.0
0.0
0.0
0.0
10.0
0.0
245.0
32.0
0.0
46.0
8.0
2.0
2.0
0.0
0.0
0.0
94.0
3.0
16.0
170.0
86.0
27.0
8.0
68.0
40.0
46.0
161.0
22.0
2.0
0.0
12.0
0.0
12.0
44.0
0.0
0.0
0.0
56.0
4.0
0.0
15.0
0.0
40.0
19.0
38.0
0.0
0.0
0.0
76.0
4.0
84.0
12.0
40.0
4.0
0.0
0.0
109.0
268.0
64.0
40.0
20.0
12.0
6.0
0.0
0.0
0.0
0.0
22.0
0.0
0.0
6.0
24.0
0.0
58.0
0.0
0.0
2.0
0.0
0.0
136.0
0.0
4.0
70.0
16.0
46.0
20.0
20.0
6.0
26.0
2.0
58.0
30.0
100.0
30.0
0.0
20.0
14.0
46.0
70.0
110.0
0.0
0.0
0.0
0.0
0.0
0.0
0.0
0.0
0.0
172.0
160.0
36.0
0.0
30.0
0.0
102.0
10.0
76.0
0.0
0.0
46.0
0.0
0.0
0.0
0.0
10.0
0.0
0.0
0.0
0.0
0.0
4.0
0.0
0.0
0.0
0.0
0.0
0.0
6.0
0.0
0.0
20.0
10.0
70.0
36.0
30.0
0.0
32.0
10.0
10.0
0.0
0.0
0.0
0.0
20.0
20.0
0.0
40.0
10.0
240.0
30.0
40.0
0.0
0.0
72.0
10.0
0.0
20.0
16.0
76.0
20.0
10.0
0.0
36.0
56.0
60.0
0.0
20.0
0.0
26.0
40.0
0.0
0.0
0.0
0.0
0.0
0.0
0.0
0.0
0.0
0.0
0.0
0.0
0.0
0.0
0.0
0.0
78.0
112.0
20.0
0.0
0.0
0.0
0.0
0.0
0.0
0.0
0.0
24.0
0.0
0.0
0.0
0.0
0.0
0.0
0.0
0.0
0.0
0.0
0.0
0.0
0.0
0.0
0.0
0.0
126.0
16.0
40.0
0.0
0.0
0.0
0.0
0.0
0.0
0.0
0.0
0.0
0.0
0.0
0.0
0.0
0.0
0.0
10.0
0.0
0.0
0.0
62.0
0.0
16.0
0.0
0.0
0.0
48.0
20.0
50.0
35.0
30.0
15.0
0.0
0.0
0.0
0.0
16.0
10.0
20.0
0.0
40.0
31.0
10.0
0.0
0.0
0.0
0.0
0.0
0.0
0.0
30.0
172.0
10.0
0.0
0.0
0.0
61.0
0.0
2.0
0.0
0.0
64.0
240.0
8.0
40.0
0.0
0.0
0.0
39.0
40.0
0.0
0.0
167.0
8.0
0.0
0.0
61.0
0.0
0.0
80.0
0.0
0.0
0.0
0.0
0.0
0.0
134.0
0.0
40.0
28.0
0.0
0.0
0.0
0.0
102.0
0.0
0.0
0.0
0.0
31.0
0.0
2.0
100.0
46.0
15.0
11.0
20.0
0.0
730.0
28.0
111.0
3.0
0.0
282.0
19.0
20.0
8.0
4.0
0.0
5.0
19.0
0.0
0.0
0.0
187.0
64.0
10.0
0.0
20.0
2.0
0.0
0.0
0.0
0.0
0.0
45.0
0.0
14.0
20.0
84.0
150.0
115.0
49.0
170.0
10.0
6.0
35.0
0.0
0.0
0.0
0.0
0.0
28.0
14.0
6.0
0.0
0.0
0.0
8.0
140.0
0.0
256.0
5.0
0.0
102.0
3.0
6.0
0.0
0.0
0.0
3.0
0.0
45.0
39.0
16.0
0.0
0.0
0.0
0.0
0.0
7.0
12.0
60.0
14.0
200.0
50.0
0.0
38.0
0.0
30.0
74.0
35.0
46.0
28.0
0.0
4.0
0.0
0.0
13.0
74.0
130.0
4.0
0.0
0.0
0.0
0.0
0.0
0.0
0.0
14.0
80.0
0.0
20.0
25.0
0.0
0.0
26.0
80.0
47.0
0.0
0.0
36.0
0.0
4.0
0.0
13.0
0.0
2.0
0.0
0.0
0.0
10.0
0.0
8.0
4.0
0.0
70.0
36.0
16.0
0.0
0.0
0.0
42.0
38.0
38.0
NaN
12.0
10.0
22.0
0.0
0.0
0.0
NaN
31.0
0.0
16.0
0.0
0.0
NaN
NaN
52.0
10.0
56.0
36.0
70.0
20.0
0.0
10.0
80.0
26.0
16.0
22.0
22.0
0.0
4.0
80.0
0.0
6.0
26.0
2.0
0.0
0.0
0.0
46.0
0.0
4.0
106.0
158.0
0.0
14.0
62.0
0.0
0.0
0.0
0.0
208.0
0.0
36.0
56.0
40.0
0.0
0.0
10.0
0.0
0.0
94.0
16.0
0.0
0.0
16.0
0.0
20.0
8.0
26.0
6.0
6.0
0.0
52.0
62.0
0.0
152.0
4.0
84.0
24.0
4.0
40.0
20.0
20.0
26.0
20.0
0.0
0.0
6.0
0.0
82.0
0.0
50.0
6.0
0.0
0.0
0.0
30.0
0.0
50.0
16.0
10.0
0.0
70.0
66.0
80.0
20.0
0.0
20.0
30.0
0.0
0.0
0.0
0.0
0.0
0.0
38.0
60.0
80.0
40.0
106.0
70.0
0.0
0.0
42.0
30.0
0.0
0.0
128.0
0.0
0.0
0.0
0.0
0.0
0.0
0.0
120.0
48.0
0.0
10.0
10.0
0.0
0.0
0.0
0.0
30.0
32.0
19.0
14.0
0.0
5.0
0.0
0.0
0.0
0.0
0.0
0.0
0.0
0.0
0.0
0.0
12.0
4.0
8.0
128.0
56.0
52.0
0.0
0.0
0.0
0.0
0.0
37.0
0.0
0.0
0.0
20.0
0.0
10.0
158.0
0.0
26.0
0.0
8.0
0.0
0.0
0.0
0.0
0.0
0.0
0.0
0.0
0.0
0.0
0.0
0.0
2.0
70.0
14.0
0.0
0.0
NaN
90.0
0.0
34.0
8.0
25.0
256.0
40.0
0.0
70.0
8.0
16.0
0.0
0.0
0.0
54.0
0.0
0.0
0.0
0.0
18.0
0.0
62.0
10.0
0.0
98.0
10.0
116.0
0.0
23.0
0.0
0.0
0.0
13.0
0.0
0.0
0.0
60.0
0.0
0.0
0.0
0.0
0.0
0.0
0.0
330.0
6.0
198.0
50.0
170.0
4.0
8.0
0.0
0.0
0.0
170.0
200.0
327.0
0.0
0.0
0.0
0.0
0.0
0.0
0.0
0.0
21.0
32.0
176.0
19.0
108.0
15.0
0.0
0.0
0.0
65.0
178.0
2.0
54.0
52.0
0.0
0.0
20.0
0.0
0.0
6.0
25.0
24.0
10.0
3.0
240.0
20.0
0.0
66.0
31.0
4.0
109.0
24.0
0.0
20.0
170.0
8.0
0.0
20.0
0.0
36.0
0.0
2.0
0.0
0.0
0.0
0.0
0.0
76.0
204.0
124.0
10.0
30.0
0.0
0.0
10.0
115.0
0.0
0.0
0.0
54.0
0.0
5.0
14.0
4.0
16.0
82.0
45.0
58.0
20.0
78.0
10.0
0.0
5.0
57.0
146.0
38.0
0.0
0.0
0.0
35.0
0.0
60.0
88.0
0.0
0.0
10.0
10.0
0.0
125.0
5.0
0.0
0.0
4.0
0.0
0.0
200.0
NaN
15.0
50.0
0.0
0.0
0.0
4.0
8.0
0.0
0.0
4.0
2.0
0.0
0.0
0.0
40.0
60.0
166.0
0.0
20.0
0.0
0.0
38.0
180.0
0.0
0.0
86.0
20.0
6.0
20.0
40.0
0.0
10.0
40.0
0.0
70.0
0.0
0.0
0.0
0.0
0.0
156.0
NaN
0.0
10.0
10.0
10.0
0.0
0.0
10.0
0.0
22.0
12.0
20.0
0.0
10.0
0.0
0.0
0.0
60.0
50.0
10.0
0.0
0.0
30.0
46.0
0.0
16.0
0.0
0.0
10.0
0.0
6.0
0.0
0.0
20.0
20.0
0.0
20.0
NaN
NaN
0.0
0.0
0.0
0.0
0.0
20.0
0.0
0.0
0.0
0.0
0.0
6.0
36.0
10.0
0.0
0.0
122.0
0.0
0.0
0.0
0.0
0.0
20.0
0.0
12.0
100.0
120.0
0.0
10.0
0.0
0.0
0.0
0.0
0.0
6.0
0.0
16.0
0.0
0.0
0.0
110.0
0.0
0.0
0.0
0.0
0.0
0.0
80.0
10.0
10.0
0.0
0.0
0.0
0.0
16.0
16.0
0.0
NaN
0.0
16.0
74.0
0.0
0.0
0.0
0.0
0.0
0.0
0.0
0.0
0.0
0.0
0.0
0.0
4.0
38.0
0.0
0.0
0.0
8.0
49.0
28.0
5.0
0.0
0.0
0.0
32.0
4.0
46.0
0.0
0.0
0.0
0.0
42.0
393.0
272.0
0.0
4.0
0.0
0.0
212.0
0.0
0.0
30.0
5.0
28.0
0.0
70.0
0.0
30.0
14.0
0.0
100.0
104.0
118.0
4.0
0.0
0.0
0.0
10.0
0.0
8.0
198.0
0.0
0.0
0.0
0.0
62.0
5.0
0.0
0.0
18.0
45.0
2.0
0.0
2.0
0.0
0.0
162.0
0.0
0.0
48.0
0.0
34.0
425.0
4.0
0.0
0.0
0.0
0.0
0.0
21.0
10.0
46.0
0.0
0.0
0.0
0.0
0.0
0.0
35.0
0.0
72.0
0.0
16.0
0.0
0.0
268.0
0.0
121.0
0.0
614.0
8.0
0.0
8.0
0.0
8.0
0.0
0.0
96.0
157.0
45.0
0.0
0.0
0.0
0.0
41.0
10.0
71.0
4.0
0.0
0.0
0.0
20.0
0.0
95.0
4.0
0.0
0.0
0.0
0.0
0.0
0.0
0.0
10.0
0.0
60.0
0.0
2.0
0.0
18.0
0.0
0.0
0.0
0.0
0.0
0.0
170.0
12.0
210.0
10.0
0.0
0.0
20.0
0.0
2.0
0.0
48.0
0.0
36.0
28.0
10.0
56.0
40.0
44.0
0.0
0.0
0.0
12.0
0.0
0.0
0.0
4.0
2.0
30.0
9.0
0.0
94.0
120.0
73.0
0.0
0.0
0.0
0.0
0.0
0.0
19.0
112.0
4.0
60.0
20.0
0.0
42.0
90.0
14.0
0.0
12.0
30.0
110.0
80.0
60.0
36.0
20.0
150.0
510.0
0.0
0.0
40.0
20.0
0.0
0.0
20.0
50.0
20.0
0.0
76.0
0.0
80.0
0.0
56.0
36.0
0.0
6.0
56.0
0.0
6.0
30.0
126.0
10.0
0.0
0.0
0.0
0.0
0.0
0.0
0.0
0.0
10.0
0.0
0.0
10.0
20.0
86.0
56.0
0.0
10.0
0.0
0.0
20.0
120.0
0.0
0.0
0.0
0.0
10.0
60.0
30.0
30.0
0.0
50.0
116.0
0.0
0.0
16.0
0.0
0.0
0.0
20.0
26.0
0.0
30.0
10.0
26.0
10.0
230.0
30.0
10.0
0.0
0.0
6.0
10.0
70.0
0.0
0.0
10.0
26.0
0.0
0.0
50.0
60.0
120.0
0.0
30.0
0.0
0.0
86.0
136.0
0.0
90.0
0.0
0.0
0.0
0.0
0.0
0.0
0.0
110.0
30.0
0.0
0.0
20.0
0.0
0.0
0.0
0.0
0.0
0.0
0.0
0.0
0.0
220.0
10.0
88.0
0.0
0.0
46.0
10.0
0.0
0.0
30.0
50.0
0.0
0.0
70.0
0.0
0.0
0.0
0.0
0.0
0.0
10.0
0.0
0.0
0.0
10.0
50.0
0.0
0.0
0.0
0.0
0.0
0.0
0.0
0.0
40.0
50.0
20.0
0.0
0.0
0.0
133.0
0.0
4.0
30.0
2.0
14.0
98.0
4.0
0.0
12.0
0.0
0.0
0.0
0.0
0.0
8.0
18.0
8.0
96.0
192.0
0.0
22.0
0.0
10.0
0.0
78.0
316.0
90.0
10.0
0.0
0.0
0.0
42.0
0.0
18.0
4.0
5.0
24.0
0.0
0.0
0.0
0.0
84.0
116.0
28.0
50.0
15.0
2.0
168.0
165.0
0.0
0.0
2.0
0.0
0.0
0.0
0.0
188.0
35.0
0.0
70.0
34.0
3.0
169.0
0.0
0.0
139.0
0.0
48.0
94.0
48.0
0.0
18.0
255.0
2.0
0.0
0.0
0.0
260.0
118.0
0.0
14.0
0.0
0.0
0.0
10.0
12.0
74.0
0.0
0.0
0.0
0.0
0.0
0.0
15.0
0.0
0.0
0.0
0.0
268.0
4.0
0.0
0.0
0.0
0.0
10.0
0.0
0.0
94.0
4.0
14.0
16.0
0.0
0.0
0.0
120.0
4.0
52.0
62.0
0.0
0.0
0.0
0.0
0.0
0.0
6.0
0.0
56.0
0.0
2.0
14.0
44.0
6.0
0.0
0.0
0.0
16.0
0.0
140.0
0.0
0.0
110.0
0.0
180.0
40.0
155.0
104.0
2.0
0.0
0.0
22.0
52.0
0.0
150.0
66.0
87.0
34.0
29.0
4.0
0.0
0.0
0.0
14.0
20.0
20.0
86.0
24.0
4.0
0.0
0.0
0.0
0.0
160.0
6.0
2.0
2.0
35.0
20.0
45.0
118.0
192.0
20.0
42.0
42.0
0.0
0.0
34.0
0.0
0.0
82.0
0.0
120.0
0.0
0.0
0.0
0.0
0.0
0.0
60.0
0.0
38.0
2.0
40.0
30.0
130.0
26.0
0.0
0.0
0.0
0.0
0.0
0.0
0.0
0.0
116.0
3.0
10.0
110.0
20.0
10.0
62.0
10.0
0.0
0.0
0.0
0.0
160.0
90.0
50.0
40.0
50.0
10.0
0.0
0.0
0.0
66.0
0.0
6.0
0.0
0.0
158.0
10.0
0.0
0.0
0.0
0.0
0.0
6.0
10.0
0.0
0.0
30.0
40.0
0.0
0.0
130.0
0.0
0.0
50.0
6.0
0.0
0.0
120.0
10.0
0.0
0.0
0.0
22.0
46.0
0.0
0.0
56.0
10.0
36.0
0.0
0.0
160.0
56.0
0.0
0.0
60.0
80.0
10.0
0.0
4.0
0.0
0.0
0.0
0.0
0.0
0.0
2.0
0.0
0.0
0.0
0.0
0.0
29.0
20.0
103.0
0.0
15.0
20.0
30.0
25.0
0.0
95.0
0.0
6.0
16.0
0.0
0.0
0.0
0.0
30.0
30.0
0.0
0.0
0.0
225.0
0.0
0.0
0.0
0.0
0.0
0.0
0.0
0.0
0.0
0.0
0.0
0.0
0.0
0.0
0.0
0.0
140.0
0.0
0.0
269.0
NaN
80.0
0.0
0.0
25.0
40.0
0.0
0.0
11.0
0.0
0.0
0.0
20.0
110.0
20.0
0.0
0.0
0.0
15.0
18.0
105.0
4.0
0.0
0.0
0.0
0.0
80.0
20.0
10.0
0.0
0.0
0.0
0.0
18.0
40.0
16.0
57.0
0.0
0.0
22.0
37.0
33.0
0.0
0.0
0.0
0.0
0.0
6.0
0.0
0.0
90.0
6.0
0.0
0.0
0.0
0.0
0.0
0.0
76.0
0.0
92.0
2.0
63.0
67.0
2.0
0.0
2.0
12.0
0.0
0.0
0.0
0.0
0.0
0.0
0.0
20.0
171.0
6.0
5.0
14.0
20.0
83.0
0.0
0.0
0.0
0.0
0.0
0.0
0.0
0.0
0.0
36.0
125.0
0.0
32.0
0.0
0.0
0.0
0.0
110.0
4.0
0.0
31.0
0.0
60.0
0.0
0.0
6.0
0.0
0.0
0.0
24.0
0.0
0.0
NaN
14.0
0.0
92.0
6.0
0.0
0.0
2.0
0.0
0.0
110.0
140.0
0.0
60.0
3.0
4.0
0.0
0.0
0.0
0.0
0.0
0.0
0.0
0.0
0.0
0.0
22.0
60.0
75.0
33.0
0.0
0.0
0.0
90.0
4.0
0.0
0.0
17.0
242.0
30.0
0.0
28.0
10.0
0.0
32.0
6.0
16.0
88.0
66.0
28.0
4.0
0.0
0.0
0.0
0.0
0.0
0.0
92.0
12.0
22.0
0.0
0.0
0.0
22.0
113.0
8.0
82.0
38.0
30.0
29.0
6.0
0.0
10.0
30.0
5.0
32.0
30.0
10.0
5.0
35.0
0.0
0.0
0.0
60.0
40.0
0.0
0.0
5.0
0.0
5.0
0.0
0.0
0.0
0.0
0.0
149.0
6.0
80.0
70.0
0.0
10.0
70.0
0.0
25.0
28.0
0.0
0.0
40.0
0.0
0.0
100.0
0.0
40.0
10.0
5.0
0.0
30.0
0.0
30.0
0.0
10.0
45.0
0.0
0.0
40.0
0.0
40.0
0.0
60.0
0.0
30.0
0.0
0.0
0.0
0.0
0.0
0.0
0.0
115.0
0.0
0.0
15.0
0.0
40.0
60.0
10.0
0.0
50.0
20.0
0.0
0.0
30.0
10.0
20.0
0.0
20.0
0.0
20.0
300.0
0.0
0.0
10.0
0.0
8.0
96.0
10.0
0.0
0.0
0.0
145.0
45.0
0.0
20.0
0.0
0.0
0.0
80.0
0.0
20.0
60.0
0.0
0.0
0.0
0.0
0.0
0.0
10.0
28.0
12.0
0.0
0.0
20.0
100.0
25.0
5.0
0.0
5.0
0.0
0.0
0.0
0.0
0.0
0.0
0.0
0.0
0.0
30.0
0.0
0.0
0.0
0.0
0.0
0.0
0.0
128.0
85.0
258.0
58.0
12.0
2.0
10.0
0.0
0.0
0.0
39.0
0.0
90.0
200.0
0.0
0.0
0.0
26.0
6.0
0.0
0.0
0.0
0.0
73.0
0.0
0.0
40.0
0.0
178.0
0.0
0.0
0.0
0.0
40.0
10.0
0.0
0.0
12.0
0.0
0.0
0.0
0.0
0.0
0.0
33.0
64.0
0.0
138.0
0.0
90.0
4.0
0.0
0.0
0.0
0.0
0.0
0.0
0.0
0.0
18.0
53.0
10.0
0.0
0.0
0.0
0.0
0.0
0.0
8.0
0.0
28.0
0.0
0.0
0.0
4.0
166.0
62.0
27.0
19.0
2.0
44.0
5.0
0.0
0.0
0.0
0.0
0.0
0.0
42.0
4.0
0.0
136.0
79.0
6.0
0.0
0.0
0.0
240.0
48.0
22.0
27.0
32.0
5.0
0.0
193.0
13.0
68.0
0.0
46.0
0.0
0.0
8.0
0.0
92.0
4.0
0.0
0.0
0.0
0.0
0.0
0.0
210.0
9.0
8.0
134.0
0.0
0.0
0.0
90.0
6.0
0.0
136.0
68.0
91.0
14.0
0.0
40.0
82.0
0.0
0.0
84.0
46.0
154.0
82.0
20.0
0.0
0.0
78.0
16.0
0.0
190.0
4.0
114.0
32.0
0.0
5.0
3.0
0.0
0.0
0.0
8.0
342.0
64.0
16.0
0.0
0.0
0.0
0.0
0.0
0.0
6.0
47.0
28.0
49.0
12.0
4.0
74.0
26.0
2.0
30.0
197.0
0.0
5.0
0.0
0.0
0.0
0.0
14.0
0.0
86.0
10.0
0.0
0.0
0.0
0.0
0.0
0.0
40.0
10.0
0.0
0.0
100.0
0.0
0.0
0.0
0.0
0.0
0.0
0.0
0.0
0.0
20.0
5.0
0.0
0.0
0.0
0.0
0.0
70.0
10.0
30.0
60.0
0.0
20.0
0.0
94.0
30.0
0.0
0.0
0.0
15.0
0.0
12.0
60.0
0.0
9.0
0.0
0.0
0.0
0.0
0.0
0.0
0.0
0.0
0.0
0.0
0.0
0.0
0.0
0.0
0.0
0.0
5.0
0.0
0.0
0.0
0.0
0.0
0.0
0.0
0.0
20.0
10.0
0.0
0.0
0.0
10.0
0.0
0.0
20.0
100.0
0.0
0.0
0.0
30.0
0.0
0.0
0.0
0.0
0.0
0.0
0.0
0.0
0.0
0.0
0.0
0.0
22.0
0.0
0.0
0.0
0.0
0.0
24.0
43.0
4.0
0.0
0.0
0.0
0.0
50.0
65.0
0.0
0.0
0.0
0.0
0.0
0.0
0.0
194.0
19.0
0.0
42.0
144.0
0.0
18.0
0.0
26.0
148.0
334.0
28.0
0.0
0.0
0.0
0.0
0.0
0.0
17.0
0.0
68.0
216.0
0.0
12.0
0.0
3.0
67.0
0.0
0.0
18.0
246.0
0.0
40.0
80.0
31.0
0.0
146.0
40.0
27.0
18.0
3.0
0.0
0.0
25.0
0.0
5.0
196.0
10.0
0.0
0.0
0.0
10.0
15.0
0.0
152.0
0.0
0.0
64.0
18.0
0.0
0.0
0.0
61.0
28.0
42.0
0.0
22.0
0.0
0.0
30.0
0.0
31.0
0.0
19.0
23.0
0.0
180.0
21.0
0.0
10.0
262.0
166.0
0.0
0.0
0.0
0.0
0.0
0.0
0.0
32.0
0.0
0.0
0.0
0.0
39.0
4.0
9.0
10.0
86.0
20.0
64.0
20.0
6.0
44.0
14.0
18.0
4.0
0.0
2.0
0.0
0.0
46.0
20.0
48.0
0.0
0.0
8.0
173.0
141.0
55.0
0.0
0.0
0.0
4.0
0.0
58.0
19.0
0.0
0.0
0.0
12.0
20.0
0.0
55.0
20.0
10.0
10.0
30.0
40.0
55.0
0.0
102.0
2.0
0.0
0.0
0.0
0.0
167.0
4.0
4.0
0.0
0.0
0.0
0.0
4.0
60.0
5.0
10.0
0.0
0.0
109.0
46.0
0.0
0.0
8.0
0.0
0.0
48.0
70.0
5.0
0.0
0.0
0.0
0.0
0.0
0.0
0.0
0.0
20.0
40.0
0.0
0.0
0.0
20.0
0.0
0.0
15.0
50.0
10.0
150.0
30.0
0.0
15.0
5.0
0.0
0.0
10.0
0.0
0.0
10.0
15.0
140.0
0.0
0.0
0.0
7.0
12.0
0.0
0.0
0.0
15.0
20.0
30.0
0.0
0.0
0.0
45.0
2.0
0.0
0.0
0.0
0.0
0.0
12.0
0.0
0.0
0.0
0.0
0.0
0.0
0.0
0.0
10.0
0.0
2.0
20.0
0.0
0.0
0.0
0.0
NaN
10.0
0.0
20.0
35.0
0.0
0.0
0.0
5.0
0.0
0.0
0.0
0.0
0.0
40.0
0.0
0.0
0.0
0.0
0.0
10.0
0.0
78.0
20.0
4.0
0.0
0.0
10.0
0.0
150.0
0.0
0.0
180.0
0.0
0.0
6.0
0.0
0.0
4.0
0.0
0.0
180.0
0.0
0.0
0.0
0.0
0.0
0.0
0.0
0.0
0.0
0.0
28.0
0.0
110.0
70.0
25.0
20.0
10.0
0.0
0.0
0.0
142.0
6.0
0.0
152.0
20.0
0.0
0.0
12.0
0.0
0.0
0.0
12.0
52.0
0.0
0.0
0.0
32.0
0.0
82.0
0.0
0.0
0.0
142.0
20.0
0.0
0.0
0.0
0.0
0.0
0.0
0.0
12.0
0.0
0.0
4.0
0.0
0.0
114.0
133.0
120.0
0.0
0.0
0.0
65.0
128.0
145.0
0.0
0.0
0.0
0.0
85.0
0.0
0.0
0.0
26.0
4.0
0.0
0.0
204.0
6.0
22.0
38.0
14.0
55.0
6.0
0.0
0.0
4.0
0.0
96.0
0.0
0.0
225.0
0.0
20.0
0.0
0.0
62.0
0.0
28.0
30.0
0.0
0.0
0.0
0.0
106.0
94.0
0.0
23.0
22.0
100.0
44.0
72.0
5.0
0.0
4.0
0.0
0.0
0.0
92.0
31.0
0.0
210.0
30.0
0.0
0.0
0.0
210.0
0.0
0.0
0.0
0.0
126.0
38.0
0.0
0.0
0.0
0.0
18.0
3.0
0.0
0.0
0.0
144.0
20.0
102.0
118.0
24.0
0.0
0.0
0.0
0.0
0.0
0.0
0.0
0.0
34.0
24.0
38.0
14.0
0.0
0.0
28.0
30.0
0.0
40.0
56.0
0.0
6.0
0.0
0.0
8.0
0.0
0.0
0.0
117.0
35.0
81.0
88.0
0.0
0.0
0.0
0.0
5.0
6.0
37.0
0.0
0.0
170.0
20.0
4.0
0.0
0.0
0.0
0.0
0.0
0.0
59.0
62.0
49.0
24.0
2.0
0.0
96.0
2.0
NaN
NaN
0.0
30.0
64.0
0.0
0.0
0.0
0.0
12.0
56.0
44.0
70.0
53.0
0.0
0.0
0.0
4.0
0.0
86.0
38.0
6.0
0.0
0.0
0.0
0.0
20.0
NaN
0.0
0.0
20.0
10.0
0.0
40.0
50.0
20.0
0.0
15.0
10.0
0.0
20.0
0.0
10.0
10.0
30.0
50.0
30.0
0.0
60.0
20.0
0.0
0.0
10.0
25.0
15.0
0.0
0.0
0.0
0.0
0.0
0.0
0.0
0.0
30.0
40.0
0.0
20.0
20.0
20.0
5.0
0.0
0.0
40.0
50.0
20.0
10.0
0.0
0.0
150.0
25.0
0.0
110.0
20.0
5.0
0.0
0.0
0.0
0.0
5.0
2.0
20.0
10.0
0.0
0.0
0.0
0.0
30.0
10.0
50.0
0.0
0.0
100.0
8.0
0.0
10.0
0.0
35.0
10.0
75.0
0.0
0.0
0.0
0.0
360.0
10.0
50.0
0.0
0.0
70.0
10.0
50.0
100.0
0.0
0.0
0.0
15.0
4.0
0.0
0.0
20.0
0.0
70.0
30.0
140.0
0.0
0.0
20.0
0.0
0.0
0.0
0.0
0.0
0.0
0.0
0.0
0.0
102.0
60.0
10.0
0.0
0.0
0.0
0.0
0.0
0.0
0.0
0.0
0.0
0.0
10.0
70.0
5.0
0.0
0.0
0.0
5.0
0.0
0.0
104.0
58.0
0.0
0.0
0.0
0.0
0.0
15.0
80.0
0.0
90.0
0.0
0.0
0.0
0.0
0.0
70.0
88.0
7.0
0.0
0.0
0.0
0.0
4.0
0.0
0.0
0.0
0.0
0.0
0.0
12.0
0.0
97.0
89.0
17.0
73.0
9.0
0.0
0.0
84.0
42.0
90.0
70.0
3.0
0.0
0.0
0.0
164.0
0.0
0.0
0.0
38.0
0.0
0.0
0.0
18.0
86.0
44.0
0.0
0.0
40.0
20.0
4.0
0.0
0.0
0.0
0.0
0.0
0.0
5.0
0.0
0.0
0.0
0.0
245.0
28.0
0.0
30.0
0.0
0.0
18.0
0.0
0.0
43.0
0.0
21.0
55.0
78.0
10.0
0.0
39.0
0.0
0.0
4.0
66.0
0.0
16.0
0.0
0.0
193.0
16.0
0.0
36.0
0.0
0.0
19.0
0.0
0.0
8.0
0.0
0.0
70.0
59.0
0.0
34.0
6.0
0.0
0.0
0.0
0.0
0.0
0.0
0.0
0.0
0.0
7.0
0.0
0.0
0.0
0.0
0.0
0.0
0.0
78.0
5.0
0.0
22.0
50.0
0.0
60.0
0.0
0.0
14.0
0.0
0.0
0.0
0.0
2.0
281.0
0.0
8.0
26.0
0.0
0.0
10.0
44.0
2.0
16.0
98.0
4.0
38.0
155.0
2.0
13.0
0.0
0.0
3.0
0.0
23.0
12.0
24.0
0.0
5.0
28.0
23.0
63.0
15.0
0.0
38.0
136.0
5.0
0.0
51.0
0.0
0.0
0.0
54.0
70.0
32.0
30.0
0.0
106.0
15.0
34.0
24.0
70.0
26.0
30.0
0.0
199.0
63.0
0.0
0.0
0.0
31.0
84.0
12.0
0.0
0.0
0.0
50.0
0.0
40.0
25.0
180.0
10.0
0.0
20.0
210.0
10.0
10.0
0.0
80.0
0.0
60.0
80.0
11.0
130.0
10.0
0.0
0.0
0.0
40.0
45.0
20.0
30.0
30.0
10.0
60.0
10.0
10.0
8.0
68.0
0.0
10.0
0.0
0.0
85.0
50.0
20.0
0.0
0.0
5.0
0.0
10.0
0.0
0.0
30.0
50.0
30.0
0.0
20.0
5.0
0.0
0.0
0.0
0.0
0.0
0.0
10.0
0.0
0.0
50.0
5.0
0.0
0.0
15.0
60.0
10.0
20.0
50.0
20.0
NaN
30.0
0.0
15.0
65.0
0.0
0.0
0.0
200.0
60.0
0.0
75.0
0.0
0.0
0.0
0.0
0.0
5.0
5.0
10.0
15.0
5.0
0.0
55.0
5.0
0.0
0.0
0.0
0.0
0.0
0.0
0.0
0.0
0.0
0.0
0.0
50.0
130.0
0.0
0.0
140.0
0.0
0.0
70.0
30.0
0.0
0.0
0.0
0.0
0.0
0.0
0.0
0.0
0.0
0.0
0.0
0.0
0.0
0.0
0.0
0.0
0.0
0.0
60.0
50.0
0.0
92.0
120.0
10.0
0.0
10.0
0.0
0.0
0.0
0.0
10.0
0.0
0.0
0.0
0.0
30.0
10.0
0.0
0.0
0.0
0.0
0.0
0.0
0.0
0.0
0.0
0.0
34.0
21.0
0.0
0.0
0.0
4.0
160.0
210.0
40.0
0.0
50.0
20.0
40.0
0.0
0.0
0.0
0.0
0.0
0.0
0.0
0.0
12.0
0.0
0.0
23.0
2.0
18.0
12.0
92.0
217.0
33.0
2.0
0.0
0.0
0.0
0.0
0.0
0.0
0.0
0.0
0.0
0.0
0.0
0.0
7.0
2.0
5.0
2.0
0.0
0.0
0.0
0.0
0.0
12.0
0.0
20.0
0.0
10.0
0.0
0.0
0.0
0.0
59.0
18.0
12.0
2.0
0.0
0.0
0.0
5.0
244.0
0.0
5.0
38.0
0.0
0.0
0.0
7.0
40.0
110.0
52.0
18.0
4.0
6.0
12.0
57.0
212.0
6.0
18.0
22.0
13.0
0.0
0.0
0.0
0.0
29.0
30.0
103.0
11.0
0.0
0.0
0.0
56.0
45.0
27.0
0.0
0.0
0.0
3.0
0.0
0.0
7.0
0.0
0.0
32.0
30.0
0.0
16.0
110.0
0.0
280.0
6.0
0.0
106.0
0.0
76.0
0.0
0.0
0.0
0.0
0.0
0.0
0.0
0.0
0.0
0.0
0.0
0.0
0.0
0.0
0.0
0.0
0.0
12.0
0.0
0.0
114.0
150.0
123.0
7.0
0.0
0.0
0.0
0.0
0.0
0.0
0.0
0.0
0.0
0.0
95.0
44.0
40.0
58.0
26.0
4.0
NaN
NaN
0.0
0.0
84.0
0.0
0.0
0.0
0.0
0.0
NaN
NaN
0.0
40.0
2.0
26.0
67.0
0.0
2.0
0.0
0.0
74.0
65.0
8.0
12.0
10.0
0.0
158.0
66.0
110.0
90.0
5.0
0.0
0.0
0.0
28.0
5.0
0.0
10.0
30.0
0.0
10.0
0.0
0.0
0.0
0.0
0.0
0.0
10.0
0.0
0.0
90.0
0.0
0.0
10.0
10.0
5.0
0.0
0.0
60.0
60.0
10.0
20.0
0.0
10.0
40.0
20.0
40.0
60.0
70.0
10.0
70.0
0.0
0.0
30.0
0.0
90.0
0.0
10.0
0.0
80.0
20.0
180.0
90.0
0.0
0.0
10.0
30.0
5.0
0.0
10.0
0.0
90.0
0.0
190.0
120.0
20.0
0.0
0.0
50.0
50.0
20.0
25.0
30.0
20.0
130.0
0.0
10.0
0.0
50.0
0.0
70.0
280.0
0.0
80.0
40.0
0.0
10.0
0.0
0.0
5.0
40.0
0.0
50.0
0.0
0.0
0.0
30.0
0.0
0.0
15.0
0.0
30.0
0.0
0.0
15.0
0.0
0.0
20.0
20.0
30.0
10.0
0.0
0.0
10.0
0.0
70.0
30.0
0.0
0.0
95.0
10.0
0.0
10.0
0.0
0.0
0.0
0.0
5.0
10.0
60.0
0.0
0.0
180.0
0.0
60.0
0.0
0.0
0.0
0.0
0.0
0.0
0.0
0.0
140.0
0.0
0.0
20.0
20.0
0.0
0.0
0.0
75.0
0.0
30.0
126.0
0.0
20.0
0.0
0.0
0.0
0.0
0.0
0.0
0.0
6.0
0.0
0.0
0.0
0.0
0.0
0.0
2.0
0.0
0.0
0.0
0.0
0.0
0.0
0.0
50.0
70.0
0.0
0.0
0.0
188.0
0.0
0.0
80.0
36.0
0.0
0.0
0.0
0.0
30.0
2.0
0.0
0.0
0.0
215.0
35.0
9.0
0.0
11.0
0.0
0.0
0.0
0.0
0.0
0.0
0.0
0.0
0.0
0.0
0.0
0.0
0.0
10.0
0.0
0.0
0.0
0.0
0.0
324.0
2.0
0.0
26.0
38.0
2.0
11.0
0.0
12.0
0.0
45.0
0.0
38.0
184.0
10.0
0.0
0.0
0.0
70.0
35.0
102.0
70.0
0.0
6.0
4.0
8.0
5.0
0.0
0.0
0.0
0.0
28.0
0.0
0.0
0.0
41.0
0.0
0.0
5.0
0.0
0.0
0.0
0.0
0.0
0.0
0.0
6.0
0.0
0.0
0.0
10.0
0.0
4.0
0.0
0.0
0.0
3.0
0.0
0.0
130.0
0.0
8.0
0.0
8.0
162.0
44.0
0.0
0.0
0.0
0.0
28.0
37.0
0.0
0.0
0.0
12.0
30.0
5.0
0.0
50.0
0.0
100.0
0.0
0.0
0.0
55.0
6.0
0.0
0.0
2.0
248.0
6.0
0.0
0.0
0.0
4.0
38.0
84.0
52.0
14.0
12.0
0.0
36.0
8.0
16.0
4.0
0.0
0.0
0.0
88.0
10.0
4.0
8.0
0.0
16.0
16.0
4.0
0.0
0.0
0.0
0.0
30.0
0.0
35.0
9.0
0.0
0.0
0.0
5.0
135.0
NaN
40.0
0.0
30.0
0.0
0.0
0.0
0.0
0.0
60.0
72.0
48.0
72.0
214.0
120.0
20.0
0.0
0.0
0.0
0.0
65.0
50.0
5.0
0.0
0.0
0.0
15.0
0.0
0.0
30.0
0.0
10.0
10.0
60.0
20.0
15.0
NaN
0.0
40.0
5.0
0.0
10.0
10.0
0.0
100.0
80.0
70.0
50.0
0.0
0.0
0.0
28.0
0.0
60.0
30.0
0.0
0.0
0.0
0.0
70.0
30.0
0.0
0.0
0.0
0.0
0.0
0.0
45.0
0.0
100.0
70.0
0.0
40.0
60.0
10.0
0.0
10.0
30.0
0.0
20.0
0.0
40.0
80.0
0.0
105.0
0.0
0.0
0.0
0.0
0.0
20.0
30.0
0.0
0.0
0.0
80.0
0.0
0.0
10.0
10.0
0.0
0.0
0.0
20.0
60.0
90.0
0.0
0.0
0.0
10.0
0.0
0.0
0.0
0.0
60.0
10.0
0.0
0.0
6.0
0.0
0.0
10.0
0.0
0.0
0.0
0.0
0.0
0.0
0.0
0.0
0.0
0.0
120.0
40.0
65.0
0.0
0.0
0.0
0.0
51.0
55.0
0.0
0.0
0.0
25.0
0.0
0.0
0.0
0.0
0.0
0.0
0.0
0.0
0.0
0.0
0.0
20.0
110.0
90.0
40.0
224.0
10.0
0.0
110.0
26.0
0.0
0.0
0.0
0.0
0.0
0.0
0.0
0.0
0.0
0.0
0.0
5.0
0.0
30.0
79.0
0.0
0.0
0.0
0.0
0.0
10.0
2.0
0.0
0.0
0.0
0.0
2.0
0.0
0.0
0.0
0.0
0.0
34.0
0.0
0.0
0.0
0.0
0.0
0.0
0.0
13.0
0.0
0.0
46.0
40.0
0.0
66.0
21.0
10.0
0.0
0.0
0.0
60.0
10.0
0.0
118.0
30.0
115.0
128.0
33.0
2.0
14.0
3.0
5.0
32.0
17.0
0.0
0.0
0.0
100.0
221.0
5.0
0.0
20.0
0.0
0.0
0.0
0.0
0.0
10.0
0.0
0.0
58.0
180.0
110.0
0.0
52.0
12.0
0.0
0.0
4.0
18.0
0.0
0.0
0.0
0.0
22.0
0.0
0.0
0.0
0.0
0.0
0.0
88.0
4.0
26.0
0.0
25.0
2.0
6.0
4.0
26.0
0.0
0.0
72.0
70.0
116.0
112.0
16.0
2.0
0.0
0.0
2.0
24.0
0.0
0.0
20.0
20.0
0.0
35.0
0.0
0.0
0.0
9.0
140.0
16.0
4.0
0.0
61.0
68.0
0.0
12.0
190.0
156.0
8.0
34.0
43.0
0.0
6.0
2.0
0.0
210.0
100.0
20.0
2.0
0.0
0.0
30.0
10.0
0.0
0.0
86.0
0.0
0.0
104.0
5.0
4.0
0.0
2.0
28.0
73.0
8.0
0.0
58.0
64.0
28.0
65.0
9.0
12.0
83.0
100.0
6.0
22.0
0.0
0.0
4.0
66.0
20.0
0.0
0.0
0.0
0.0
18.0
18.0
4.0
0.0
0.0
143.0
84.0
18.0
8.0
10.0
0.0
0.0
0.0
0.0
0.0
0.0
0.0
0.0
0.0
0.0
6.0
0.0
10.0
10.0
28.0
24.0
10.0
4.0
15.0
164.0
10.0
0.0
0.0
60.0
10.0
0.0
NaN
NaN
NaN
10.0
0.0
0.0
27.0
0.0
0.0
0.0
0.0
0.0
144.0
206.0
0.0
0.0
0.0
0.0
24.0
0.0
0.0
10.0
10.0
0.0
0.0
0.0
0.0
0.0
0.0
0.0
0.0
76.0
21.0
10.0
30.0
0.0
20.0
0.0
34.0
0.0
110.0
100.0
50.0
0.0
0.0
0.0
110.0
140.0
0.0
10.0
20.0
0.0
20.0
0.0
10.0
0.0
0.0
0.0
0.0
100.0
150.0
0.0
42.0
10.0
10.0
0.0
22.0
NaN
30.0
0.0
10.0
0.0
0.0
10.0
0.0
0.0
0.0
20.0
40.0
20.0
60.0
15.0
0.0
20.0
0.0
0.0
NaN
20.0
0.0
0.0
0.0
50.0
20.0
10.0
0.0
0.0
0.0
0.0
0.0
0.0
0.0
0.0
130.0
292.0
0.0
0.0
10.0
0.0
0.0
0.0
0.0
0.0
0.0
0.0
0.0
0.0
0.0
0.0
40.0
0.0
183.0
2.0
0.0
10.0
0.0
0.0
30.0
5.0
0.0
0.0
0.0
0.0
0.0
50.0
NaN
0.0
0.0
14.0
0.0
0.0
123.0
0.0
79.0
0.0
0.0
0.0
0.0
0.0
0.0
0.0
0.0
0.0
0.0
0.0
0.0
0.0
0.0
0.0
0.0
0.0
0.0
0.0
0.0
0.0
0.0
0.0
0.0
0.0
0.0
0.0
12.0
0.0
0.0
0.0
0.0
0.0
0.0
0.0
0.0
0.0
0.0
18.0
80.0
11.0
62.0
68.0
6.0
74.0
310.0
26.0
3.0
0.0
0.0
10.0
2.0
224.0
0.0
24.0
0.0
0.0
4.0
6.0
30.0
40.0
0.0
256.0
198.0
2.0
174.0
40.0
10.0
8.0
10.0
6.0
0.0
0.0
0.0
0.0
17.0
10.0
8.0
0.0
160.0
290.0
16.0
0.0
20.0
3.0
11.0
90.0
12.0
161.0
4.0
2.0
10.0
2.0
0.0
0.0
0.0
34.0
0.0
4.0
0.0
0.0
0.0
0.0
0.0
20.0
4.0
219.0
0.0
0.0
0.0
28.0
40.0
33.0
46.0
44.0
20.0
0.0
36.0
48.0
4.0
290.0
14.0
2.0
10.0
0.0
217.0
48.0
0.0
4.0
75.0
8.0
0.0
0.0
0.0
0.0
0.0
30.0
2.0
0.0
0.0
0.0
2.0
14.0
0.0
0.0
0.0
0.0
6.0
0.0
0.0
0.0
0.0
10.0
22.0
12.0
NaN
NaN
24.0
5.0
14.0
0.0
0.0
0.0
164.0
6.0
0.0
4.0
22.0
3.0
0.0
0.0
86.0
110.0
85.0
80.0
43.0
34.0
0.0
0.0
80.0
0.0
220.0
218.0
0.0
10.0
0.0
86.0
2.0
20.0
13.0
131.0
6.0
0.0
NaN
6.0
NaN
NaN
NaN
0.0
0.0
0.0
0.0
0.0
NaN
NaN
0.0
0.0
110.0
60.0
0.0
0.0
0.0
0.0
0.0
0.0
0.0
10.0
NaN
NaN
20.0
10.0
5.0
70.0
0.0
20.0
0.0
0.0
0.0
136.0
NaN
0.0
20.0
10.0
50.0
0.0
0.0
0.0
0.0
0.0
NaN
0.0
0.0
0.0
0.0
NaN
NaN
0.0
0.0
0.0
0.0
75.0
60.0
0.0
0.0
30.0
15.0
0.0
0.0
0.0
0.0
30.0
30.0
30.0
20.0
60.0
0.0
0.0
60.0
90.0
210.0
120.0
10.0
50.0
40.0
55.0
0.0
70.0
10.0
0.0
0.0
NaN
NaN
0.0
0.0
0.0
30.0
0.0
0.0
0.0
40.0
30.0
0.0
0.0
0.0
0.0
0.0
0.0
55.0
NaN
0.0
20.0
0.0
0.0
0.0
0.0
NaN
0.0
0.0
0.0
0.0
10.0
0.0
20.0
0.0
0.0
0.0
0.0
0.0
0.0
10.0
0.0
8.0
0.0
35.0
NaN
0.0
20.0
0.0
0.0
0.0
0.0
42.0
40.0
0.0
0.0
0.0
0.0
0.0
0.0
0.0
0.0
0.0
NaN
0.0
0.0
0.0
0.0
0.0
0.0
0.0
0.0
0.0
0.0
0.0
0.0
0.0
0.0
0.0
0.0
10.0
0.0
0.0
58.0
14.0
0.0
10.0
262.0
8.0
4.0
18.0
30.0
40.0
2.0
0.0
0.0
36.0
0.0
0.0
0.0
0.0
8.0
128.0
19.0
16.0
70.0
0.0
0.0
0.0
93.0
0.0
100.0
38.0
0.0
0.0
6.0
0.0
41.0
42.0
70.0
241.0
4.0
0.0
0.0
20.0
0.0
58.0
0.0
44.0
0.0
224.0
90.0
15.0
42.0
36.0
0.0
177.0
7.0
2.0
60.0
18.0
30.0
4.0
0.0
0.0
0.0
0.0
0.0
166.0
68.0
0.0
0.0
0.0
95.0
94.0
80.0
8.0
26.0
8.0
0.0
52.0
124.0
0.0
0.0
2.0
0.0
0.0
0.0
0.0
0.0
0.0
8.0
80.0
176.0
10.0
0.0
0.0
70.0
113.0
87.0
20.0
0.0
0.0
28.0
0.0
0.0
84.0
10.0
8.0
6.0
0.0
5.0
0.0
0.0
34.0
0.0
24.0
0.0
0.0
0.0
0.0
0.0
326.0
6.0
4.0
4.0
0.0
0.0
0.0
0.0
0.0
0.0
6.0
110.0
28.0
0.0
50.0
10.0
0.0
0.0
71.0
12.0
16.0
10.0
8.0
12.0
0.0
4.0
80.0
15.0
0.0
0.0
3.0
3.0
196.0
6.0
0.0
0.0
0.0
25.0
0.0
0.0
0.0
0.0
0.0
92.0
115.0
0.0
8.0
2.0
24.0
0.0
10.0
0.0
0.0
0.0
0.0
0.0
62.0
14.0
0.0
0.0
0.0
0.0
0.0
0.0
0.0
0.0
0.0
0.0
3.0
38.0
286.0
0.0
0.0
0.0
100.0
0.0
0.0
55.0
0.0
0.0
50.0
150.0
10.0
0.0
10.0
20.0
0.0
5.0
10.0
0.0
0.0
10.0
25.0
0.0
0.0
80.0
30.0
0.0
0.0
0.0
70.0
50.0
0.0
0.0
10.0
0.0
10.0
105.0
10.0
0.0
70.0
0.0
30.0
0.0
0.0
10.0
0.0
50.0
20.0
0.0
0.0
0.0
0.0
0.0
0.0
30.0
60.0
60.0
0.0
0.0
10.0
120.0
0.0
0.0
10.0
0.0
0.0
70.0
0.0
0.0
55.0
0.0
20.0
0.0
10.0
40.0
0.0
0.0
35.0
0.0
0.0
0.0
0.0
0.0
25.0
0.0
30.0
30.0
0.0
10.0
10.0
40.0
200.0
0.0
0.0
30.0
120.0
40.0
0.0
30.0
0.0
0.0
50.0
0.0
0.0
NaN
0.0
80.0
NaN
10.0
0.0
0.0
0.0
0.0
0.0
20.0
0.0
0.0
0.0
10.0
0.0
60.0
0.0
20.0
170.0
45.0
0.0
0.0
0.0
0.0
0.0
0.0
0.0
10.0
0.0
0.0
0.0
0.0
0.0
70.0
0.0
0.0
0.0
0.0
0.0
0.0
0.0
0.0
0.0
NaN
0.0
0.0
0.0
0.0
150.0
0.0
NaN
0.0
0.0
0.0
0.0
0.0
0.0
235.0
80.0
57.0
0.0
0.0
25.0
0.0
0.0
0.0
0.0
0.0
0.0
0.0
0.0
0.0
0.0
0.0
0.0
0.0
26.0
0.0
0.0
54.0
0.0
0.0
48.0
190.0
37.0
0.0
0.0
14.0
332.0
0.0
0.0
27.0
20.0
0.0
90.0
0.0
0.0
0.0
102.0
36.0
14.0
5.0
0.0
0.0
0.0
0.0
0.0
0.0
0.0
14.0
0.0
0.0
48.0
0.0
0.0
190.0
0.0
0.0
NaN
2.0
0.0
0.0
0.0
0.0
0.0
18.0
0.0
66.0
54.0
10.0
4.0
44.0
72.0
16.0
2.0
0.0
20.0
146.0
15.0
30.0
0.0
0.0
0.0
0.0
0.0
0.0
0.0
0.0
134.0
0.0
0.0
0.0
0.0
0.0
0.0
0.0
0.0
0.0
0.0
0.0
0.0
0.0
0.0
2.0
28.0
30.0
0.0
33.0
0.0
0.0
73.0
0.0
38.0
82.0
40.0
107.0
0.0
0.0
0.0
0.0
46.0
4.0
0.0
0.0
0.0
70.0
18.0
2.0
22.0
2.0
0.0
54.0
14.0
2.0
0.0
0.0
0.0
0.0
112.0
40.0
10.0
15.0
0.0
0.0
0.0
0.0
0.0
2.0
0.0
290.0
6.0
0.0
23.0
16.0
294.0
18.0
14.0
0.0
0.0
9.0
0.0
74.0
165.0
2.0
0.0
10.0
0.0
20.0
22.0
44.0
10.0
36.0
48.0
96.0
6.0
0.0
2.0
16.0
0.0
0.0
20.0
0.0
40.0
132.0
30.0
36.0
0.0
0.0
0.0
10.0
190.0
12.0
0.0
18.0
18.0
0.0
2.0
NaN
NaN
0.0
10.0
10.0
0.0
0.0
0.0
0.0
0.0
0.0
NaN
20.0
0.0
0.0
0.0
0.0
NaN
NaN
25.0
60.0
0.0
NaN
NaN
