33.0
15.0
30.0
0.0
38.0
0.0
0.0
0.0
0.0
0.0
0.0
0.0
0.0
0.0
145.0
0.0
18.0
0.0
0.0
0.0
58.0
18.0
0.0
3.0
33.0
36.0
0.0
0.0
13.0
0.0
10.0
0.0
3.0
0.0
0.0
10.0
3.0
0.0
0.0
46.0
28.0
28.0
0.0
0.0
53.0
8.0
102.0
36.0
0.0
0.0
0.0
5.0
48.0
66.0
0.0
0.0
53.0
43.0
18.0
79.0
18.0
53.0
8.0
51.0
46.0
0.0
18.0
81.0
43.0
0.0
71.0
0.0
0.0
74.0
69.0
0.0
33.0
0.0
0.0
124.0
112.0
5.0
13.0
3.0
165.0
0.0
0.0
0.0
0.0
0.0
0.0
3.0
0.0
0.0
0.0
0.0
3.0
0.0
0.0
0.0
0.0
0.0
20.0
135.0
36.0
0.0
28.0
89.0
69.0
5.0
0.0
0.0
0.0
3.0
5.0
13.0
0.0
0.0
0.0
0.0
0.0
58.0
0.0
0.0
0.0
0.0
20.0
61.0
0.0
0.0
0.0
0.0
0.0
0.0
0.0
10.0
0.0
0.0
0.0
0.0
0.0
8.0
155.0
0.0
48.0
0.0
8.0
86.0
0.0
13.0
0.0
0.0
0.0
0.0
0.0
0.0
0.0
0.0
0.0
0.0
61.0
3.0
236.0
58.0
0.0
23.0
0.0
0.0
0.0
0.0
0.0
38.0
18.0
0.0
5.0
15.0
0.0
0.0
0.0
0.0
0.0
69.0
0.0
0.0
81.0
0.0
0.0
0.0
0.0
0.0
0.0
0.0
0.0
0.0
0.0
64.0
0.0
0.0
0.0
0.0
0.0
0.0
0.0
0.0
0.0
0.0
0.0
0.0
0.0
0.0
0.0
0.0
0.0
0.0
0.0
0.0
15.0
0.0
0.0
0.0
5.0
188.0
69.0
0.0
0.0
66.0
0.0
0.0
0.0
3.0
56.0
0.0
0.0
0.0
43.0
0.0
0.0
0.0
102.0
0.0
0.0
15.0
0.0
5.0
0.0
0.0
69.0
66.0
147.0
0.0
0.0
0.0
0.0
0.0
0.0
58.0
236.0
30.0
33.0
0.0
0.0
152.0
30.0
0.0
15.0
114.0
97.0
3.0
0.0
0.0
86.0
76.0
0.0
0.0
5.0
3.0
0.0
0.0
0.0
0.0
10.0
3.0
5.0
23.0
0.0
33.0
0.0
3.0
15.0
8.0
0.0
0.0
112.0
13.0
0.0
23.0
5.0
0.0
0.0
18.0
3.0
13.0
0.0
3.0
51.0
0.0
132.0
0.0
0.0
0.0
0.0
0.0
3.0
3.0
0.0
0.0
76.0
51.0
5.0
8.0
3.0
0.0
0.0
0.0
0.0
3.0
5.0
0.0
0.0
0.0
0.0
38.0
15.0
15.0
0.0
23.0
51.0
18.0
3.0
0.0
0.0
30.0
25.0
5.0
33.0
36.0
0.0
0.0
0.0
58.0
0.0
0.0
0.0
0.0
0.0
18.0
0.0
0.0
0.0
5.0
5.0
5.0
0.0
69.0
0.0
3.0
48.0
0.0
0.0
0.0
127.0
20.0
0.0
0.0
0.0
104.0
91.0
3.0
36.0
0.0
0.0
8.0
64.0
0.0
0.0
0.0
0.0
0.0
30.0
64.0
5.0
0.0
0.0
0.0
18.0
13.0
64.0
3.0
13.0
38.0
104.0
102.0
0.0
0.0
10.0
0.0
0.0
0.0
0.0
30.0
0.0
0.0
0.0
0.0
0.0
0.0
0.0
0.0
0.0
0.0
0.0
0.0
124.0
3.0
0.0
0.0
0.0
5.0
13.0
0.0
0.0
0.0
0.0
0.0
0.0
0.0
13.0
0.0
20.0
320.0
99.0
0.0
3.0
0.0
0.0
30.0
10.0
8.0
0.0
0.0
0.0
249.0
8.0
137.0
0.0
0.0
25.0
0.0
43.0
0.0
0.0
0.0
0.0
64.0
0.0
99.0
5.0
145.0
0.0
43.0
28.0
0.0
41.0
0.0
0.0
0.0
0.0
0.0
0.0
0.0
356.0
23.0
0.0
8.0
71.0
18.0
0.0
15.0
122.0
23.0
3.0
0.0
0.0
0.0
25.0
3.0
0.0
0.0
3.0
69.0
0.0
0.0
0.0
0.0
0.0
76.0
0.0
0.0
0.0
127.0
0.0
130.0
165.0
0.0
0.0
46.0
185.0
23.0
0.0
0.0
0.0
0.0
38.0
0.0
41.0
43.0
119.0
0.0
53.0
64.0
0.0
0.0
0.0
0.0
0.0
69.0
28.0
0.0
137.0
8.0
3.0
0.0
0.0
0.0
0.0
0.0
0.0
0.0
0.0
0.0
0.0
0.0
0.0
0.0
0.0
0.0
20.0
3.0
0.0
117.0
0.0
0.0
315.0
0.0
0.0
0.0
0.0
0.0
127.0
310.0
0.0
64.0
0.0
0.0
262.0
0.0
142.0
38.0
28.0
0.0
0.0
0.0
0.0
53.0
0.0
20.0
0.0
18.0
5.0
3.0
0.0
0.0
0.0
3.0
36.0
0.0
46.0
0.0
0.0
0.0
0.0
20.0
0.0
0.0
0.0
0.0
0.0
10.0
0.0
61.0
0.0
0.0
0.0
64.0
5.0
0.0
0.0
0.0
0.0
0.0
0.0
0.0
0.0
0.0
0.0
0.0
0.0
10.0
0.0
0.0
122.0
0.0
0.0
38.0
8.0
0.0
0.0
0.0
33.0
8.0
5.0
0.0
0.0
0.0
0.0
25.0
18.0
25.0
0.0
5.0
0.0
41.0
5.0
69.0
10.0
0.0
0.0
0.0
13.0
76.0
5.0
0.0
3.0
8.0
109.0
3.0
89.0
25.0
8.0
38.0
5.0
30.0
0.0
0.0
3.0
0.0
18.0
8.0
10.0
0.0
0.0
76.0
0.0
13.0
0.0
51.0
0.0
0.0
0.0
0.0
13.0
18.0
15.0
0.0
13.0
53.0
3.0
0.0
18.0
91.0
0.0
0.0
114.0
8.0
0.0
8.0
18.0
43.0
10.0
0.0
64.0
41.0
5.0
5.0
0.0
15.0
0.0
3.0
0.0
0.0
3.0
318.0
5.0
0.0
15.0
0.0
0.0
33.0
51.0
13.0
0.0
0.0
5.0
0.0
0.0
0.0
0.0
0.0
0.0
51.0
0.0
0.0
0.0
76.0
13.0
0.0
56.0
0.0
15.0
0.0
0.0
0.0
0.0
25.0
13.0
102.0
163.0
0.0
0.0
8.0
5.0
0.0
0.0
0.0
0.0
30.0
0.0
0.0
0.0
13.0
0.0
0.0
0.0
48.0
8.0
0.0
0.0
0.0
3.0
0.0
0.0
0.0
0.0
0.0
0.0
0.0
0.0
0.0
0.0
0.0
137.0
0.0
0.0
25.0
122.0
18.0
0.0
0.0
0.0
0.0
8.0
0.0
3.0
0.0
0.0
15.0
0.0
0.0
0.0
0.0
0.0
0.0
0.0
48.0
0.0
0.0
523.0
0.0
48.0
0.0
0.0
0.0
0.0
0.0
0.0
0.0
0.0
0.0
25.0
102.0
0.0
0.0
38.0
94.0
38.0
0.0
0.0
0.0
3.0
13.0
0.0
0.0
38.0
0.0
0.0
99.0
10.0
0.0
0.0
0.0
0.0
74.0
0.0
0.0
0.0
0.0
74.0
3.0
0.0
0.0
0.0
124.0
0.0
18.0
69.0
0.0
0.0
0.0
51.0
5.0
0.0
0.0
0.0
424.0
132.0
10.0
0.0
10.0
323.0
135.0
81.0
0.0
20.0
81.0
56.0
0.0
0.0
0.0
5.0
5.0
0.0
0.0
0.0
5.0
0.0
0.0
0.0
0.0
0.0
0.0
0.0
43.0
0.0
0.0
0.0
0.0
0.0
0.0
191.0
0.0
5.0
0.0
0.0
155.0
43.0
38.0
0.0
0.0
0.0
0.0
0.0
89.0
0.0
23.0
0.0
0.0
340.0
8.0
0.0
0.0
211.0
279.0
10.0
91.0
3.0
0.0
0.0
0.0
0.0
0.0
0.0
5.0
20.0
0.0
0.0
0.0
0.0
0.0
0.0
0.0
0.0
8.0
0.0
0.0
0.0
0.0
0.0
0.0
41.0
18.0
0.0
0.0
0.0
28.0
330.0
193.0
0.0
0.0
0.0
0.0
3.0
0.0
0.0
0.0
107.0
86.0
8.0
0.0
0.0
0.0
127.0
5.0
0.0
0.0
0.0
53.0
74.0
0.0
94.0
0.0
38.0
53.0
0.0
0.0
0.0
0.0
3.0
25.0
0.0
0.0
119.0
41.0
20.0
61.0
0.0
0.0
0.0
0.0
20.0
150.0
0.0
0.0
53.0
8.0
0.0
13.0
41.0
10.0
0.0
0.0
38.0
64.0
104.0
46.0
0.0
0.0
0.0
5.0
107.0
0.0
10.0
0.0
64.0
58.0
13.0
0.0
0.0
0.0
0.0
0.0
0.0
0.0
0.0
5.0
0.0
0.0
0.0
0.0
5.0
51.0
25.0
0.0
0.0
0.0
33.0
79.0
0.0
0.0
28.0
48.0
86.0
97.0
79.0
23.0
5.0
0.0
0.0
51.0
36.0
0.0
0.0
38.0
43.0
23.0
0.0
5.0
10.0
56.0
0.0
5.0
127.0
8.0
56.0
0.0
0.0
43.0
5.0
94.0
91.0
0.0
0.0
71.0
112.0
20.0
43.0
25.0
0.0
0.0
0.0
76.0
13.0
0.0
0.0
0.0
0.0
0.0
61.0
155.0
56.0
0.0
3.0
5.0
0.0
0.0
0.0
0.0
0.0
0.0
0.0
0.0
0.0
0.0
0.0
13.0
0.0
0.0
0.0
0.0
0.0
99.0
3.0
0.0
0.0
0.0
0.0
0.0
0.0
0.0
0.0
0.0
0.0
15.0
5.0
76.0
28.0
84.0
0.0
0.0
0.0
0.0
0.0
41.0
127.0
0.0
5.0
0.0
66.0
0.0
0.0
0.0
0.0
0.0
5.0
3.0
46.0
0.0
0.0
0.0
5.0
0.0
0.0
8.0
0.0
0.0
0.0
56.0
0.0
3.0
8.0
0.0
0.0
81.0
0.0
0.0
46.0
117.0
NaN
NaN
NaN
28.0
NaN
NaN
25.0
NaN
61.0
NaN
NaN
30.0
56.0
NaN
0.0
0.0
NaN
0.0
64.0
NaN
NaN
NaN
10.0
130.0
NaN
NaN
NaN
NaN
NaN
NaN
NaN
NaN
NaN
0.0
457.0
5.0
0.0
170.0
5.0
0.0
0.0
0.0
0.0
10.0
0.0
137.0
38.0
0.0
0.0
157.0
0.0
0.0
102.0
36.0
0.0
0.0
0.0
0.0
112.0
5.0
0.0
0.0
81.0
0.0
0.0
0.0
0.0
0.0
53.0
0.0
0.0
0.0
0.0
5.0
0.0
10.0
0.0
0.0
0.0
0.0
84.0
107.0
20.0
3.0
0.0
28.0
43.0
0.0
0.0
0.0
0.0
0.0
0.0
0.0
0.0
0.0
0.0
38.0
64.0
13.0
0.0
0.0
99.0
0.0
0.0
0.0
76.0
3.0
0.0
0.0
0.0
0.0
58.0
0.0
10.0
3.0
0.0
254.0
13.0
8.0
102.0
5.0
43.0
25.0
38.0
0.0
0.0
13.0
0.0
0.0
0.0
0.0
3.0
23.0
30.0
30.0
66.0
28.0
71.0
30.0
0.0
46.0
13.0
0.0
0.0
56.0
84.0
0.0
3.0
0.0
0.0
97.0
15.0
13.0
152.0
0.0
0.0
0.0
3.0
0.0
51.0
0.0
36.0
0.0
15.0
61.0
102.0
5.0
0.0
94.0
30.0
64.0
5.0
0.0
36.0
0.0
0.0
0.0
0.0
43.0
3.0
0.0
0.0
0.0
15.0
0.0
13.0
0.0
140.0
0.0
51.0
152.0
0.0
0.0
0.0
94.0
0.0
18.0
0.0
13.0
0.0
0.0
5.0
5.0
56.0
0.0
0.0
15.0
10.0
94.0
5.0
0.0
5.0
0.0
38.0
109.0
0.0
0.0
0.0
0.0
0.0
84.0
0.0
0.0
25.0
15.0
0.0
0.0
0.0
0.0
64.0
0.0
0.0
0.0
0.0
0.0
0.0
0.0
0.0
0.0
0.0
5.0
20.0
38.0
8.0
8.0
0.0
33.0
15.0
0.0
0.0
0.0
0.0
0.0
0.0
0.0
0.0
0.0
3.0
0.0
0.0
0.0
0.0
0.0
25.0
69.0
0.0
0.0
64.0
3.0
0.0
0.0
0.0
0.0
0.0
0.0
0.0
0.0
0.0
0.0
8.0
36.0
0.0
102.0
0.0
0.0
0.0
8.0
0.0
5.0
0.0
8.0
0.0
58.0
38.0
0.0
0.0
0.0
0.0
0.0
0.0
38.0
89.0
0.0
0.0
0.0
10.0
0.0
8.0
0.0
0.0
0.0
0.0
183.0
30.0
0.0
107.0
0.0
3.0
0.0
0.0
25.0
10.0
0.0
0.0
0.0
0.0
0.0
0.0
10.0
0.0
0.0
424.0
0.0
0.0
0.0
46.0
61.0
0.0
0.0
5.0
0.0
36.0
64.0
0.0
0.0
0.0
0.0
0.0
157.0
0.0
0.0
0.0
0.0
3.0
56.0
0.0
0.0
0.0
0.0
0.0
0.0
0.0
0.0
0.0
0.0
79.0
0.0
0.0
0.0
0.0
439.0
89.0
13.0
0.0
0.0
0.0
76.0
10.0
18.0
0.0
0.0
5.0
0.0
0.0
221.0
0.0
0.0
130.0
53.0
0.0
0.0
25.0
38.0
84.0
338.0
0.0
30.0
0.0
0.0
104.0
3.0
0.0
76.0
0.0
0.0
0.0
0.0
0.0
0.0
0.0
0.0
0.0
104.0
0.0
246.0
3.0
0.0
0.0
0.0
0.0
8.0
18.0
206.0
38.0
0.0
5.0
0.0
46.0
38.0
66.0
69.0
0.0
0.0
58.0
10.0
0.0
0.0
0.0
8.0
3.0
53.0
0.0
0.0
0.0
25.0
5.0
203.0
13.0
15.0
3.0
0.0
0.0
8.0
81.0
30.0
0.0
38.0
58.0
3.0
0.0
0.0
0.0
0.0
0.0
33.0
0.0
43.0
51.0
0.0
64.0
23.0
0.0
23.0
0.0
36.0
0.0
8.0
51.0
5.0
10.0
94.0
64.0
5.0
56.0
25.0
13.0
0.0
0.0
0.0
56.0
279.0
8.0
28.0
0.0
41.0
147.0
0.0
0.0
71.0
0.0
0.0
0.0
0.0
0.0
0.0
0.0
0.0
0.0
13.0
0.0
25.0
114.0
137.0
51.0
0.0
0.0
53.0
5.0
23.0
0.0
13.0
71.0
8.0
0.0
5.0
0.0
0.0
0.0
0.0
76.0
0.0
0.0
51.0
15.0
86.0
23.0
0.0
0.0
0.0
8.0
8.0
8.0
13.0
0.0
0.0
43.0
20.0
0.0
0.0
0.0
66.0
147.0
13.0
51.0
15.0
198.0
97.0
0.0
38.0
203.0
0.0
5.0
38.0
33.0
251.0
0.0
0.0
0.0
10.0
0.0
191.0
53.0
0.0
0.0
0.0
0.0
0.0
0.0
0.0
0.0
0.0
0.0
0.0
0.0
0.0
0.0
0.0
0.0
0.0
0.0
10.0
109.0
8.0
18.0
0.0
0.0
0.0
0.0
25.0
0.0
10.0
10.0
0.0
8.0
76.0
56.0
0.0
0.0
84.0
0.0
3.0
0.0
0.0
33.0
84.0
0.0
38.0
3.0
48.0
74.0
0.0
56.0
117.0
5.0
10.0
10.0
66.0
0.0
8.0
132.0
0.0
0.0
0.0
0.0
0.0
8.0
0.0
0.0
0.0
0.0
0.0
0.0
0.0
0.0
66.0
0.0
43.0
178.0
221.0
0.0
8.0
0.0
0.0
0.0
0.0
0.0
36.0
5.0
46.0
109.0
0.0
0.0
0.0
0.0
0.0
5.0
173.0
56.0
3.0
0.0
38.0
0.0
0.0
0.0
0.0
0.0
0.0
0.0
0.0
0.0
114.0
114.0
0.0
76.0
0.0
61.0
0.0
0.0
0.0
0.0
211.0
0.0
0.0
0.0
0.0
36.0
30.0
0.0
5.0
18.0
13.0
5.0
0.0
0.0
48.0
0.0
0.0
0.0
18.0
0.0
0.0
0.0
89.0
0.0
104.0
0.0
0.0
81.0
0.0
0.0
0.0
0.0
0.0
0.0
0.0
0.0
10.0
0.0
0.0
5.0
0.0
0.0
0.0
0.0
132.0
0.0
0.0
0.0
0.0
0.0
0.0
25.0
0.0
0.0
0.0
0.0
0.0
3.0
69.0
20.0
0.0
0.0
0.0
0.0
0.0
0.0
127.0
0.0
0.0
0.0
0.0
135.0
0.0
0.0
0.0
0.0
0.0
94.0
0.0
0.0
89.0
30.0
3.0
0.0
0.0
56.0
0.0
0.0
5.0
0.0
0.0
0.0
0.0
0.0
0.0
0.0
0.0
0.0
74.0
0.0
86.0
0.0
0.0
84.0
0.0
0.0
0.0
0.0
0.0
0.0
0.0
71.0
13.0
0.0
0.0
0.0
0.0
51.0
0.0
0.0
48.0
91.0
114.0
0.0
0.0
0.0
0.0
0.0
0.0
74.0
0.0
0.0
0.0
0.0
20.0
5.0
0.0
33.0
163.0
5.0
3.0
18.0
0.0
15.0
201.0
0.0
0.0
0.0
0.0
0.0
0.0
8.0
0.0
0.0
0.0
0.0
0.0
46.0
3.0
8.0
0.0
0.0
0.0
0.0
10.0
20.0
13.0
0.0
25.0
0.0
0.0
0.0
5.0
46.0
10.0
5.0
3.0
23.0
13.0
76.0
25.0
0.0
0.0
46.0
30.0
165.0
0.0
0.0
13.0
5.0
84.0
38.0
0.0
53.0
0.0
0.0
30.0
33.0
18.0
0.0
0.0
0.0
0.0
0.0
0.0
0.0
0.0
8.0
0.0
0.0
0.0
0.0
0.0
3.0
0.0
0.0
8.0
3.0
0.0
0.0
0.0
0.0
0.0
0.0
0.0
0.0
0.0
0.0
0.0
0.0
0.0
0.0
0.0
0.0
15.0
8.0
0.0
0.0
10.0
58.0
0.0
0.0
0.0
0.0
94.0
51.0
292.0
43.0
0.0
0.0
0.0
0.0
0.0
20.0
0.0
64.0
0.0
114.0
41.0
0.0
0.0
0.0
18.0
132.0
28.0
0.0
0.0
0.0
0.0
0.0
0.0
0.0
13.0
13.0
0.0
0.0
10.0
0.0
0.0
0.0
0.0
61.0
10.0
0.0
0.0
5.0
20.0
89.0
0.0
0.0
74.0
0.0
0.0
81.0
5.0
0.0
160.0
0.0
3.0
0.0
0.0
33.0
48.0
0.0
0.0
41.0
76.0
0.0
109.0
0.0
0.0
46.0
0.0
5.0
0.0
0.0
20.0
0.0
3.0
3.0
0.0
0.0
0.0
0.0
0.0
160.0
0.0
0.0
NaN
NaN
13.0
51.0
0.0
0.0
0.0
203.0
0.0
0.0
91.0
0.0
0.0
0.0
