23.4833333333
19.9333333333
12.4833333333
8.40322580645
-12.0344827586
-10.4193548387
-7.3064516129
-11.0714285714
0.435483870968
6.75
18.564516129
22.3833333333
22.1129032258
23.1451612903
13.9333333333
10.3833333333
-6.73333333333
-5.66071428571
-6.74193548387
-5.10714285714
-1.74193548387
12.7931034483
19.5666666667
24.2666666667
22.1935483871
19.7580645161
19.4666666667
6.8
2.25
-6.20967741935
-14.7419354839
-10.4827586207
-2.6935483871
8.25
20.7419354839
26.3833333333
25.0806451613
22.1206896552
16.1666666667
9.16129032258
-2.65
-8.95161290323
-9.75806451613
-13.6071428571
-7.37096774194
8.41666666667
18.4516129032
20.9333333333
25.2903225806
22.9032258065
16.5666666667
8.58620689655
-4.41666666667
-13.6833333333
-9.6
-11.1964285714
-0.620689655172
6.53571428571
16.6451612903
22.6666666667
22.4838709677
23.5666666667
18.8620689655
7.125
-4.46666666667
-15.6206896552
-14.064516129
-4.72222222222
-1.91379310345
10.1730769231
18.2586206897
21.7333333333
24.1666666667
26.7903225806
16.4666666667
3.33870967742
-6.16666666667
-8.45
-7.29032258065
-6.51785714286
0.967741935484
7.03448275862
16.4838709677
20.8
21.3387096774
21.0806451613
14.2666666667
8.58064516129
-1.34482758621
-15.0322580645
-11.3387096774
-9.42857142857
2.1935483871
8.03703703704
17.7741935484
18.6666666667
20.0333333333
20.4032258065
14.1333333333
7.96666666667
-4.63333333333
-7.8064516129
-19.1666666667
-16.3148148148
1.25806451613
9.45
17.3833333333
20.75
22.564516129
21.95
19.9166666667
10.2333333333
-1.83333333333
-9.29032258065
-12.4838709677
-9.57407407407
-3.70689655172
2.4
17.1451612903
23.3666666667
22.8103448276
21.2166666667
18.5344827586
8.33870967742
-8.08333333333
-12.6290322581
-18.8035714286
NaN
-6.26785714286
5.58620689655
12.6935483871
22.4166666667
22.9310344828
24.6724137931
14.5666666667
6.61666666667
-8.46666666667
-14.6153846154
-17.4193548387
-6.55555555556
-3.70967741935
4.5
15.3870967742
21.9827586207
24.8620689655
24.0166666667
18.5535714286
7.25806451613
-1.18965517241
-1.75806451613
NaN
-2.42
-4.29032258065
12.6
18.5161290323
NaN
23.1774193548
25.3709677419
18.3103448276
8.15
-1.70689655172
NaN
NaN
-6.125
0.709677419355
11.65
15.5967741935
20.1964285714
22.0322580645
23.0806451613
16.25
8.83870967742
1.8
-4.14516129032
-12.7741935484
-5.20689655172
2.32258064516
8.75
16.2258064516
19.8653846154
24.064516129
22.5322580645
16.9333333333
10.9838709677
-3.71666666667
-16.9677419355
-4.87096774194
-12.7857142857
-1.01612903226
9.76923076923
18.5483870968
20.1333333333
24.935483871
26.4516129032
20.0166666667
7.48387096774
1.23333333333
-8.67741935484
-12.2419354839
-5.16071428571
-8.56451612903
3.95333333333
15.7258064516
23.7333333333
27.1290322581
21.5483870968
16.75
2.54838709677
-2.48333333333
NaN
-12.7258064516
-13.5178571429
-4.75806451613
8.83333333333
19.5967741935
22.55
24.6451612903
26.4516129032
16.0833333333
11.2741935484
-5.31666666667
NaN
-17.5806451613
-5.58620689655
-1.56451612903
8.15
12.9032258065
17.9
22.9193548387
18.3548387097
16.3
7.95161290323
1.95
-10.935483871
-14.564516129
-7.42592592593
-2.04838709677
11.1333333333
15.2903225806
19.0
23.6451612903
20.8387096774
16.65
9.95161290323
NaN
-6.09677419355
-4.59677419355
-9.41071428571
-2.63333333333
12.2833333333
16.0322580645
22.0833333333
25.3064516129
24.0
16.7833333333
4.79032258065
-5.41666666667
-5.20689655172
NaN
-13.7407407407
-0.678571428571
7.68333333333
16.3064516129
20.6206896552
26.4166666667
20.435483871
15.45
10.224137931
-4.12962962963
NaN
-11.7222222222
NaN
NaN
6.61538461538
NaN
NaN
NaN
24.3965517241
17.8461538462
NaN
-0.692307692308
NaN
NaN
NaN
NaN
NaN
NaN
NaN
NaN
NaN
NaN
NaN
NaN
NaN
NaN
NaN
NaN
NaN
NaN
20.5892857143
NaN
20.9642857143
14.7413793103
11.6129032258
-4.11666666667
-11.8333333333
-13.3
NaN
NaN
7.3275862069
16.3064516129
20.7
NaN
NaN
NaN
11.5344827586
-2.3
-4.64814814815
-7.43548387097
-4.72413793103
NaN
NaN
15.2419354839
21.25
NaN
NaN
NaN
NaN
NaN
NaN
NaN
NaN
NaN
NaN
18.7333333333
21.1296296296
22.8214285714
24.9310344828
20.9666666667
7.5
NaN
-18.0892857143
-10.4821428571
NaN
NaN
4.15384615385
17.3275862069
18.6379310345
NaN
24.0714285714
17.8928571429
10.1785714286
-7.58928571429
NaN
NaN
-14.12
NaN
10.0333333333
17.7580645161
23.2307692308
NaN
NaN
NaN
NaN
NaN
NaN
-9.3064516129
-5.30357142857
NaN
NaN
NaN
NaN
NaN
