NaN
NaN
NaN
NaN
NaN
NaN
NaN
NaN
NaN
NaN
NaN
NaN
NaN
NaN
NaN
NaN
NaN
NaN
NaN
NaN
NaN
NaN
NaN
NaN
NaN
NaN
10.0
0.0
23.0
23.0
0.0
0.0
25.0
25.0
0.0
0.0
152.0
0.0
0.0
218.0
0.0
0.0
51.0
0.0
0.0
0.0
0.0
46.0
36.0
0.0
0.0
0.0
NaN
NaN
0.0
0.0
0.0
0.0
0.0
152.0
0.0
0.0
51.0
0.0
0.0
0.0
0.0
0.0
0.0
0.0
0.0
76.0
0.0
0.0
0.0
0.0
0.0
86.0
0.0
0.0
0.0
0.0
51.0
13.0
0.0
25.0
0.0
0.0
53.0
0.0
0.0
0.0
86.0
71.0
0.0
0.0
0.0
0.0
0.0
0.0
20.0
114.0
0.0
0.0
0.0
0.0
0.0
0.0
0.0
89.0
0.0
0.0
0.0
0.0
0.0
0.0
0.0
0.0
0.0
0.0
0.0
0.0
0.0
373.0
0.0
0.0
25.0
0.0
0.0
0.0
0.0
0.0
0.0
0.0
0.0
0.0
0.0
0.0
0.0
71.0
0.0
64.0
112.0
0.0
0.0
51.0
0.0
0.0
0.0
0.0
0.0
221.0
53.0
0.0
0.0
0.0
0.0
0.0
0.0
0.0
0.0
0.0
0.0
0.0
0.0
0.0
0.0
18.0
0.0
216.0
0.0
0.0
0.0
38.0
79.0
0.0
0.0
0.0
43.0
0.0
0.0
0.0
0.0
0.0
38.0
25.0
0.0
23.0
0.0
0.0
0.0
0.0
0.0
0.0
94.0
33.0
81.0
0.0
0.0
0.0
0.0
0.0
0.0
NaN
NaN
41.0
0.0
0.0
0.0
0.0
0.0
0.0
0.0
41.0
0.0
0.0
0.0
0.0
0.0
0.0
0.0
0.0
84.0
0.0
0.0
28.0
66.0
0.0
51.0
0.0
0.0
0.0
0.0
0.0
0.0
0.0
0.0
224.0
0.0
23.0
0.0
0.0
20.0
0.0
117.0
0.0
0.0
0.0
0.0
5.0
173.0
0.0
0.0
0.0
71.0
389.0
0.0
0.0
41.0
0.0
224.0
76.0
0.0
0.0
0.0
0.0
0.0
0.0
0.0
0.0
0.0
0.0
0.0
30.0
0.0
0.0
0.0
0.0
0.0
0.0
0.0
221.0
0.0
0.0
0.0
0.0
0.0
0.0
0.0
0.0
0.0
84.0
0.0
0.0
0.0
0.0
0.0
0.0
0.0
0.0
0.0
168.0
0.0
0.0
0.0
0.0
69.0
0.0
0.0
0.0
0.0
592.0
0.0
0.0
0.0
0.0
53.0
28.0
8.0
0.0
0.0
0.0
0.0
0.0
0.0
163.0
0.0
81.0
0.0
165.0
0.0
0.0
0.0
0.0
0.0
53.0
0.0
0.0
NaN
NaN
0.0
0.0
0.0
30.0
0.0
127.0
NaN
NaN
NaN
NaN
NaN
NaN
NaN
NaN
51.0
0.0
0.0
0.0
0.0
0.0
0.0
0.0
NaN
NaN
NaN
46.0
0.0
0.0
0.0
0.0
0.0
0.0
0.0
76.0
76.0
8.0
0.0
0.0
135.0
0.0
0.0
0.0
0.0
0.0
94.0
0.0
0.0
0.0
0.0
0.0
0.0
178.0
0.0
0.0
0.0
0.0
0.0
0.0
NaN
NaN
0.0
NaN
NaN
76.0
0.0
0.0
64.0
0.0
0.0
0.0
0.0
0.0
0.0
NaN
NaN
NaN
NaN
0.0
0.0
0.0
0.0
0.0
0.0
0.0
0.0
76.0
NaN
0.0
NaN
0.0
NaN
0.0
102.0
0.0
0.0
0.0
0.0
NaN
0.0
0.0
0.0
NaN
NaN
0.0
0.0
NaN
0.0
0.0
0.0
0.0
0.0
NaN
NaN
15.0
NaN
NaN
0.0
0.0
0.0
0.0
0.0
0.0
NaN
0.0
0.0
0.0
94.0
0.0
0.0
0.0
0.0
0.0
0.0
NaN
NaN
0.0
0.0
NaN
53.0
0.0
46.0
10.0
0.0
38.0
20.0
0.0
0.0
0.0
0.0
0.0
0.0
25.0
0.0
0.0
NaN
NaN
0.0
0.0
0.0
0.0
0.0
0.0
46.0
0.0
0.0
0.0
0.0
320.0
0.0
0.0
0.0
0.0
0.0
0.0
0.0
58.0
109.0
0.0
0.0
0.0
0.0
NaN
0.0
0.0
0.0
0.0
NaN
NaN
0.0
0.0
0.0
0.0
0.0
0.0
NaN
0.0
0.0
0.0
0.0
231.0
0.0
0.0
0.0
0.0
0.0
0.0
0.0
0.0
0.0
0.0
0.0
0.0
0.0
0.0
NaN
0.0
0.0
0.0
0.0
0.0
0.0
0.0
0.0
20.0
0.0
0.0
279.0
0.0
NaN
0.0
76.0
165.0
0.0
0.0
0.0
0.0
0.0
0.0
0.0
0.0
0.0
NaN
0.0
0.0
0.0
NaN
0.0
58.0
160.0
0.0
0.0
0.0
0.0
0.0
0.0
185.0
0.0
0.0
0.0
0.0
NaN
0.0
0.0
0.0
0.0
0.0
0.0
0.0
0.0
NaN
NaN
0.0
0.0
0.0
119.0
0.0
0.0
0.0
0.0
0.0
0.0
0.0
0.0
0.0
0.0
0.0
0.0
64.0
0.0
124.0
0.0
0.0
0.0
0.0
0.0
0.0
0.0
0.0
0.0
0.0
0.0
0.0
NaN
NaN
NaN
NaN
NaN
NaN
NaN
NaN
NaN
NaN
NaN
NaN
NaN
NaN
135.0
0.0
0.0
0.0
0.0
0.0
102.0
124.0
0.0
102.0
0.0
