NaN
NaN
NaN
NaN
NaN
NaN
NaN
NaN
NaN
NaN
NaN
NaN
NaN
NaN
NaN
NaN
NaN
NaN
NaN
NaN
NaN
NaN
0.0
74.0
0.0
0.0
0.0
20.0
0.0
0.0
33.0
23.0
0.0
0.0
0.0
0.0
0.0
0.0
0.0
0.0
0.0
23.0
0.0
0.0
0.0
0.0
0.0
0.0
18.0
0.0
0.0
0.0
0.0
66.0
71.0
84.0
0.0
0.0
0.0
0.0
0.0
13.0
99.0
0.0
0.0
5.0
0.0
53.0
0.0
0.0
0.0
0.0
142.0
58.0
0.0
0.0
0.0
0.0
0.0
0.0
23.0
0.0
0.0
0.0
0.0
25.0
0.0
224.0
0.0
0.0
23.0
NaN
NaN
NaN
NaN
NaN
NaN
NaN
NaN
NaN
58.0
0.0
0.0
0.0
43.0
0.0
0.0
0.0
0.0
0.0
0.0
0.0
251.0
0.0
0.0
0.0
152.0
38.0
66.0
0.0
13.0
0.0
0.0
0.0
0.0
0.0
10.0
0.0
0.0
0.0
0.0
15.0
0.0
28.0
0.0
0.0
0.0
23.0
0.0
0.0
25.0
102.0
0.0
0.0
10.0
0.0
0.0
0.0
0.0
0.0
0.0
0.0
0.0
0.0
0.0
10.0
0.0
0.0
0.0
0.0
137.0
0.0
10.0
0.0
30.0
0.0
0.0
0.0
0.0
0.0
0.0
0.0
0.0
0.0
0.0
23.0
13.0
0.0
0.0
0.0
0.0
0.0
0.0
0.0
0.0
0.0
0.0
0.0
0.0
0.0
0.0
13.0
0.0
0.0
0.0
8.0
81.0
0.0
0.0
0.0
25.0
0.0
46.0
0.0
0.0
0.0
13.0
0.0
18.0
53.0
0.0
76.0
0.0
0.0
0.0
0.0
0.0
0.0
127.0
0.0
3.0
89.0
71.0
0.0
0.0
0.0
0.0
104.0
0.0
76.0
0.0
102.0
0.0
0.0
0.0
0.0
51.0
0.0
0.0
0.0
25.0
0.0
203.0
0.0
25.0
0.0
0.0
25.0
0.0
0.0
51.0
0.0
0.0
0.0
0.0
0.0
76.0
0.0
0.0
0.0
0.0
0.0
0.0
76.0
0.0
89.0
0.0
64.0
178.0
0.0
51.0
0.0
0.0
25.0
0.0
58.0
23.0
0.0
0.0
0.0
66.0
0.0
0.0
0.0
0.0
0.0
0.0
51.0
51.0
107.0
56.0
0.0
0.0
0.0
0.0
0.0
0.0
0.0
0.0
0.0
0.0
0.0
0.0
0.0
71.0
0.0
76.0
0.0
483.0
0.0
0.0
0.0
0.0
15.0
0.0
0.0
0.0
0.0
0.0
0.0
33.0
0.0
0.0
0.0
0.0
5.0
264.0
64.0
64.0
33.0
0.0
0.0
0.0
0.0
23.0
0.0
