10.0
11.1
10.0
12.2
11.1
10.0
11.1
10.0
13.3
11.7
12.2
15.6
12.2
15.6
14.4
13.3
13.9
14.4
14.4
15.6
16.7
18.3
15.6
14.4
14.4
17.8
17.2
21.1
18.9
20.0
23.3
21.1
20.0
21.1
20.0
22.2
22.2
18.9
15.6
5.6
14.4
7.2
15.0
18.3
16.7
17.8
20.0
20.0
19.4
20.6
16.7
18.3
18.3
20.0
12.8
13.3
16.7
16.1
15.6
19.4
20.0
19.4
21.7
21.7
19.4
18.9
15.6
16.7
20.0
21.1
21.1
20.0
21.1
20.6
18.9
18.9
15.6
18.9
15.6
17.2
15.6
15.6
16.7
15.6
21.1
21.1
18.3
18.9
18.9
15.6
15.0
13.3
13.3
10.6
10.6
16.7
15.0
10.0
9.4
9.4
3.9
2.2
11.1
8.9
6.1
5.6
12.2
13.9
12.8
12.8
15.0
13.3
11.7
11.1
10.0
7.8
7.8
10.0
10.0
10.0
11.1
12.2
10.0
3.9
5.6
5.6
8.9
8.9
2.2
4.4
6.7
8.9
10.0
10.0
12.2
11.1
12.2
7.2
2.8
2.8
7.8
8.9
11.1
10.0
10.6
12.8
8.9
NaN
NaN
NaN
NaN
NaN
NaN
10.0
10.0
10.6
11.1
12.2
12.2
14.4
14.4
15.6
16.7
11.1
11.1
11.7
12.2
16.7
12.2
12.2
13.3
13.9
13.3
12.2
17.8
12.8
18.9
17.8
15.6
15.6
16.7
16.7
16.1
16.1
15.6
15.6
10.6
17.8
17.8
17.8
16.7
16.7
17.8
17.8
12.2
13.9
13.9
16.1
14.4
13.3
13.9
16.1
17.2
15.0
13.9
16.1
15.0
12.2
15.0
17.2
15.6
16.7
13.9
16.7
13.3
10.6
16.7
17.8
15.6
11.1
11.1
15.0
13.9
16.7
19.4
16.1
18.9
14.4
13.9
13.9
18.9
16.1
17.2
16.7
15.6
16.1
15.6
16.1
15.6
16.7
17.8
14.4
12.2
4.4
7.8
13.3
12.2
10.6
15.0
11.1
10.0
15.6
15.6
12.2
10.0
10.0
15.6
17.2
15.0
14.4
15.0
15.6
17.8
16.1
10.6
8.9
10.0
10.0
7.8
8.9
6.1
8.9
7.8
8.3
10.6
10.6
10.0
10.0
10.0
13.9
9.4
5.6
6.1
5.6
3.9
4.4
10.6
11.7
11.1
7.8
2.2
0.0
-1.1
0.0
1.1
2.2
1.1
2.2
2.2
1.7
-1.7
-3.3
-0.6
7.2
4.4
0.0
NaN
NaN
NaN
NaN
NaN
NaN
NaN
NaN
NaN
NaN
NaN
NaN
5.0
5.0
5.0
8.3
10.0
10.6
10.6
11.7
12.2
13.9
13.9
14.4
12.2
13.3
12.2
11.7
11.7
8.9
10.0
11.1
6.7
6.1
10.0
11.7
8.9
5.6
6.7
6.1
8.9
8.9
10.0
10.0
11.7
12.2
13.9
13.3
8.9
12.8
11.7
12.2
10.0
11.1
13.3
14.4
16.7
16.7
16.7
12.8
12.2
13.3
10.6
11.7
15.6
16.7
16.7
16.1
16.1
14.4
12.2
13.9
20.0
17.8
16.7
19.4
17.8
17.8
17.8
21.1
22.2
18.9
16.7
17.8
18.9
16.7
15.6
14.4
17.8
17.2
15.6
14.4
16.7
16.7
16.1
17.2
18.3
17.8
15.6
16.7
15.6
16.7
18.9
13.9
17.8
16.1
14.4
13.3
15.0
12.2
10.6
9.4
11.7
13.9
12.8
11.7
12.2
11.7
17.2
19.4
16.7
13.9
13.9
17.8
15.6
15.0
12.2
15.6
12.2
12.2
12.2
16.7
13.9
10.0
11.7
15.6
12.2
11.7
13.3
16.1
16.1
13.3
10.0
10.0
10.0
8.9
8.3
12.2
13.9
13.3
10.6
7.8
11.7
8.3
7.8
7.2
10.6
8.9
5.0
3.3
5.6
8.3
7.8
6.7
5.6
3.3
4.4
3.3
1.7
0.0
3.3
6.1
3.3
9.4
6.1
0.0
2.2
7.8
10.0
6.1
5.6
3.3
3.9
5.0
NaN
NaN
NaN
NaN
NaN
NaN
NaN
NaN
NaN
NaN
NaN
7.0
7.0
8.0
12.0
11.0
10.0
8.0
8.0
8.0
8.0
6.0
7.0
10.0
9.0
10.0
13.0
15.0
16.0
16.0
12.0
9.0
10.0
8.0
7.0
9.0
9.0
12.0
12.0
8.0
8.0
13.0
10.0
8.0
9.0
8.0
10.0
12.0
14.0
12.0
11.0
13.0
11.0
10.0
10.0
13.0
17.0
15.0
13.0
14.0
14.0
14.0
14.0
15.0
14.0
16.0
19.0
18.0
16.0
15.0
15.0
13.0
15.0
15.0
14.0
15.0
15.0
14.0
15.0
15.0
20.0
20.0
18.0
17.0
16.0
16.0
20.0
16.0
13.0
15.0
10.0
14.0
15.0
16.0
17.0
15.0
16.0
17.0
16.0
19.0
19.0
15.0
15.0
16.0
20.0
20.0
21.0
20.0
17.0
17.0
19.0
15.0
14.0
18.0
16.5
14.5
14.5
15.0
15.0
15.0
17.5
18.0
12.0
13.0
17.5
15.5
10.0
17.5
18.5
12.0
12.0
10.0
13.0
15.5
0.9
0.8
12.0
15.5
12.5
8.5
8.5
0.8
13.0
13.5
10.5
10.0
0.9
10.0
6.5
10.0
5.5
10.0
11.0
13.5
8.5
8.5
11.0
11.0
9.5
4.5
1.0
1.0
11.0
11.0
8.5
4.5
2.0
1.0
1.0
1.0
8.0
3.0
4.0
10.5
12.0
4.0
-1.0
7.5
7.0
4.0
5.5
-0.5
1.5
7.0
2.0
2.0
4.0
2.0
-1.0
0.0
5.0
10.5
8.5
8.0
9.5
5.5
4.5
9.0
8.0
4.0
1.0
9.0
9.5
6.0
6.0
4.5
6.5
10.5
9.0
8.0
5.0
6.0
5.5
7.5
8.5
11.5
9.0
11.0
10.5
12.0
6.0
14.5
14.5
13.5
15.5
8.5
7.0
9.0
11.0
14.0
12.5
14.5
9.0
12.0
13.5
15.5
8.5
8.0
7.0
9.5
11.0
13.0
12.0
12.5
15.5
16.0
14.5
13.0
11.0
11.5
10.5
10.5
14.5
15.0
18.5
15.5
16.0
17.0
19.5
20.5
19.5
14.5
14.0
15.5
16.5
17.5
19.0
18.5
20.5
21.0
15.0
16.5
18.5
17.0
15.5
20.5
18.5
19.0
18.5
19.5
20.0
17.0
15.0
18.5
13.0
15.0
10.5
10.0
14.0
12.0
11.5
10.0
12.5
14.0
15.0
13.5
14.5
13.0
15.0
19.0
15.5
13.0
15.5
17.0
18.5
18.0
12.0
14.5
20.0
14.5
10.5
14.5
18.0
11.0
8.5
10.5
16.0
13.5
13.5
16.5
13.0
10.0
12.0
15.5
15.5
4.5
8.5
12.0
7.5
5.0
7.5
14.0
12.5
11.0
15.5
15.0
13.5
10.5
9.5
12.5
11.0
10.5
9.5
5.5
1.5
1.0
1.0
1.5
5.0
2.0
3.0
4.0
1.0
6.0
2.5
6.5
12.0
14.0
14.0
7.0
2.5
0.5
-1.0
-1.0
2.5
2.0
2.5
2.0
7.0
5.5
4.5
6.5
5.5
6.0
4.0
4.5
3.0
4.0
7.0
4.0
2.5
4.5
5.0
5.0
7.0
10.0
6.0
3.0
6.0
10.0
11.5
12.0
13.0
7.5
9.0
9.0
7.5
11.0
12.0
6.5
9.5
8.5
8.0
8.0
11.0
12.0
5.0
5.0
3.0
4.0
9.0
9.0
12.0
10.5
5.5
8.0
10.5
10.5
8.5
8.5
11.5
13.0
14.0
16.0
16.0
13.0
10.0
13.0
11.5
12.0
13.5
10.5
13.5
15.5
12.5
14.0
15.5
13.5
12.5
15.5
13.5
13.0
15.5
18.0
16.5
17.0
16.0
19.0
17.5
18.5
18.0
16.5
17.0
18.0
17.0
18.0
19.0
17.5
17.0
19.0
20.5
18.5
18.5
18.0
19.0
20.0
20.0
20.0
18.5
16.0
15.5
17.0
14.0
18.5
15.0
14.0
15.0
17.5
16.0
15.5
17.5
18.5
17.0
16.0
18.0
21.0
17.5
12.5
18.0
20.0
19.0
19.0
17.0
15.5
18.0
18.5
16.0
14.5
15.5
17.5
13.5
15.0
8.5
12.0
13.0
7.5
10.5
9.0
7.5
12.0
12.0
10.5
12.5
10.0
5.5
9.0
5.0
1.5
5.5
4.5
13.5
13.0
9.0
5.0
4.5
4.0
6.5
8.0
10.0
2.5
3.5
8.0
4.0
1.5
1.5
-0.5
2.5
8.5
9.5
4.0
2.0
2.5
1.0
-1.0
2.5
6.0
1.5
1.5
-1.0
-0.5
2.5
6.0
-0.1
3.0
1.0
6.0
6.5
3.5
-2.0
0.0
6.0
3.0
2.0
5.0
3.0
3.5
6.0
7.0
1.0
3.5
-1.0
1.0
7.0
6.0
8.5
10.5
10.5
9.5
8.0
9.0
12.0
10.0
7.0
6.0
9.0
13.0
10.0
9.5
11.5
7.0
9.0
9.0
10.5
10.0
11.5
10.5
15.5
16.0
14.0
10.0
10.5
12.0
11.0
15.0
13.5
13.0
10.5
11.0
12.0
11.0
12.0
16.0
14.5
14.5
16.5
16.5
18.5
17.5
16.5
16.5
19.0
19.0
17.0
18.0
19.5
18.0
16.0
16.0
15.0
16.5
17.0
17.5
19.5
13.0
13.0
16.0
14.5
16.5
18.5
15.0
15.0
13.0
16.5
16.0
18.0
19.0
18.0
17.0
17.0
15.5
17.0
17.5
18.0
18.0
19.0
19.0
19.0
15.5
18.0
13.5
11.5
13.0
14.0
14.0
14.5
16.5
17.0
15.0
13.0
14.0
17.5
16.0
15.0
19.0
18.5
19.5
18.5
16.5
18.5
17.5
17.5
17.5
13.0
8.5
13.0
10.5
14.0
16.0
13.0
12.0
9.0
8.5
8.0
11.5
8.0
7.0
7.0
6.0
6.5
11.5
12.5
14.0
6.5
5.0
2.5
3.5
3.0
4.0
3.0
8.0
6.5
5.5
6.0
3.5
3.0
5.0
3.5
3.5
6.0
9.5
5.0
4.0
6.5
0.5
1.5
1.0
-0.5
1.0
-1.5
2.0
4.0
9.0
3.5
0.5
1.5
5.0
-0.5
1.5
0.5
1.0
4.0
10.0
10.5
7.0
1.5
5.5
7.0
7.0
9.0
11.0
12.5
11.0
12.0
9.5
11.0
11.5
6.0
8.0
9.0
9.5
9.0
6.0
10.0
15.5
16.5
16.5
NaN
8.0
6.5
6.0
6.0
11.0
13.5
12.0
11.0
10.0
13.5
9.0
12.5
11.0
10.0
12.0
11.0
9.0
11.0
11.5
8.0
11.5
11.5
11.5
9.5
12.0
10.5
11.5
14.5
15.5
13.5
9.5
11.5
10.5
11.5
12.0
16.5
18.0
14.5
15.0
16.5
18.0
12.0
13.0
14.5
16.5
19.0
20.0
19.0
16.5
14.5
15.0
15.0
17.5
15.5
19.0
19.0
17.5
16.0
15.5
16.0
17.0
17.5
12.5
12.5
15.0
15.0
16.0
17.0
19.5
18.0
12.0
13.0
13.0
14.0
14.0
15.0
17.0
16.5
14.0
18.0
16.0
10.5
14.5
12.5
15.0
13.5
15.5
12.5
7.5
9.0
12.5
12.5
13.5
11.5
12.5
12.0
14.0
12.5
7.0
7.0
13.0
15.0
15.0
17.5
18.5
12.5
9.0
10.5
7.0
11.5
7.0
11.0
8.0
8.0
11.0
13.0
12.5
11.0
13.5
12.0
8.5
10.0
12.0
7.0
11.0
8.5
10.0
11.5
13.0
11.5
9.0
9.5
8.5
10.0
9.5
8.0
7.0
3.0
2.0
5.0
9.0
9.0
1.0
0.5
0.0
5.0
7.0
3.0
5.0
6.5
10.5
9.5
NaN
5.0
7.0
3.5
4.0
1.0
-1.0
6.0
-1.0
-3.0
-1.0
1.0
3.0
6.0
9.0
8.5
-1.0
-1.0
3.0
8.0
7.0
6.5
8.5
7.5
5.5
8.0
3.0
3.0
4.0
8.5
8.0
7.5
5.5
7.0
9.0
10.5
9.5
8.0
8.0
6.0
7.5
9.5
8.5
13.0
14.5
16.0
18.0
16.5
14.5
13.5
12.0
15.5
16.5
17.5
19.0
14.5
12.5
16.0
12.5
11.5
12.5
13.5
17.0
15.5
17.0
19.0
11.0
11.0
12.0
16.5
15.5
12.5
16.5
18.5
17.0
17.0
19.5
19.5
18.5
19.0
19.0
18.0
20.0
15.0
16.0
15.0
16.5
17.5
17.5
19.5
20.0
20.0
21.0
18.5
17.5
19.0
19.5
19.0
19.0
20.0
21.0
13.5
12.5
16.0
14.0
15.0
18.0
19.0
18.5
20.0
19.0
19.0
20.0
14.5
15.0
16.0
15.5
16.5
20.5
20.5
19.0
19.5
18.5
18.0
15.0
20.5
21.0
21.5
22.0
16.0
17.0
17.5
20.0
18.0
13.5
13.5
10.5
10.5
9.5
12.5
13.5
12.0
13.5
17.5
11.5
7.5
7.0
10.0
13.0
12.5
14.5
11.5
14.0
13.0
13.0
17.0
16.5
9.5
9.0
9.5
9.0
8.5
3.5
3.0
10.0
13.0
14.0
8.0
5.0
3.0
9.5
8.0
2.0
-0.5
0.5
2.5
5.5
3.5
4.5
5.0
2.5
8.0
1.0
0.0
6.0
-1.0
-1.0
-3.5
7.0
1.0
-0.5
4.5
5.0
3.0
0.0
4.0
5.0
-0.5
-2.0
-0.5
-1.5
2.5
6.0
8.0
8.0
4.5
14.0
8.5
6.5
9.5
7.5
5.0
6.5
5.5
5.0
4.0
6.0
8.0
10.5
10.5
11.0
13.5
15.5
15.0
13.0
13.5
8.0
11.0
11.5
10.0
8.5
9.0
14.0
13.0
11.0
12.0
10.5
11.5
13.0
12.5
10.5
10.0
14.0
11.5
11.0
13.5
13.5
14.0
16.0
16.5
15.5
12.0
10.0
12.5
13.5
12.5
17.0
15.0
15.0
17.0
18.5
16.0
15.0
14.0
14.0
16.5
15.5
16.0
19.5
17.0
14.0
17.0
14.5
13.0
15.0
17.0
19.0
17.5
18.0
18.0
18.5
19.0
20.5
19.5
18.0
20.0
19.0
16.0
15.5
20.0
20.5
20.0
20.0
14.0
13.5
15.0
11.0
18.0
17.5
11.0
11.0
12.5
15.0
18.5
19.0
18.0
18.0
17.0
13.0
12.5
11.5
10.0
8.5
8.5
12.0
16.0
17.0
15.0
14.5
11.0
13.5
11.5
9.0
9.0
13.0
14.0
15.0
15.0
9.5
10.0
16.5
11.5
17.0
6.0
6.0
8.0
6.5
5.5
5.5
7.0
11.0
4.5
0.0
2.0
7.0
11.5
13.0
10.5
10.0
8.5
8.5
10.0
9.0
10.0
11.5
10.0
9.5
11.0
7.0
5.0
8.0
7.0
7.5
6.0
8.5
9.0
3.5
3.0
-1.0
6.0
1.5
2.0
0.0
6.0
6.5
3.0
-2.0
-1.0
13.0
10.0
17.0
10.5
6.5
10.0
8.0
7.5
6.0
4.5
7.5
5.0
4.5
4.0
7.5
8.5
9.0
11.5
7.0
4.5
9.5
10.5
7.0
9.0
6.5
6.0
9.0
8.0
9.0
11.5
13.0
9.0
8.0
8.5
7.0
9.5
9.0
14.0
11.0
10.0
8.0
8.0
9.0
13.5
13.0
8.0
8.0
9.0
11.0
13.0
16.0
14.0
16.0
16.0
14.5
16.0
17.0
16.0
13.0
12.5
15.5
14.5
13.0
16.0
17.0
18.5
16.5
14.0
14.5
14.5
19.0
16.0
17.0
14.0
11.5
14.0
19.5
17.0
15.0
13.5
18.0
14.5
15.0
14.5
13.5
15.0
15.5
17.5
19.0
19.0
17.0
17.5
17.5
13.0
12.5
17.0
19.0
16.5
17.0
16.5
16.5
15.5
14.0
13.5
14.5
14.5
15.5
15.0
16.5
17.5
18.0
11.0
12.0
11.0
14.0
14.5
14.0
18.0
15.0
18.0
18.0
19.5
13.5
11.5
8.5
7.0
8.0
10.0
14.0
13.0
13.0
15.0
14.5
17.5
11.0
12.0
18.0
13.5
10.5
9.5
9.0
10.5
14.5
13.0
10.0
9.0
10.5
8.0
9.5
7.0
6.0
9.5
11.5
7.5
4.0
4.5
7.5
8.0
9.0
5.0
4.5
10.0
9.0
4.0
3.0
6.0
11.5
11.0
9.0
9.0
8.5
0.0
0.5
4.5
3.5
3.5
-3.0
-3.0
-1.5
9.0
12.0
7.0
6.0
7.0
5.0
6.5
10.0
5.5
13.5
12.5
9.5
6.0
7.5
7.0
7.5
8.5
7.0
9.5
8.0
6.5
9.0
12.0
10.5
11.5
10.5
10.5
9.0
4.5
7.0
9.5
11.5
8.0
12.0
9.5
8.0
9.5
13.5
13.5
9.0
7.5
8.5
11.0
6.5
9.0
10.0
11.0
9.5
14.5
12.0
9.0
9.0
12.0
14.0
11.5
12.5
10.5
11.0
13.5
10.5
13.0
16.0
16.5
16.5
15.0
15.5
12.5
12.5
15.5
14.5
14.5
15.0
15.0
18.5
18.5
20.0
19.5
13.0
13.5
18.5
20.0
20.5
18.0
16.5
18.5
17.0
17.5
16.5
18.0
18.0
16.0
16.5
18.5
18.0
18.5
17.0
18.0
NaN
13.5
14.5
13.0
14.5
20.0
18.0
18.0
18.5
14.5
13.5
17.5
13.0
15.5
13.5
11.5
17.5
11.5
7.5
9.5
14.5
11.5
12.0
15.0
16.0
17.0
15.0
10.5
6.5
8.5
12.5
13.5
13.0
11.5
12.0
8.0
6.5
5.5
5.0
10.0
13.5
13.0
12.0
12.0
13.0
14.0
11.0
15.0
9.0
12.0
16.5
14.0
12.0
12.5
11.5
6.0
3.5
NaN
5.0
NaN
0.0
0.0
7.0
10.0
5.0
1.0
1.0
2.0
3.0
0.0
5.5
7.5
10.5
NaN
8.0
2.0
3.0
5.5
9.0
6.5
7.0
0.0
-0.5
1.5
-1.0
-2.5
-0.5
0.0
1.0
2.5
1.0
7.0
8.5
7.0
2.5
1.5
9.0
5.0
6.5
8.0
6.5
4.5
11.5
12.5
13.0
6.5
6.0
7.5
9.0
12.5
12.0
14.0
15.0
14.0
15.0
15.5
15.0
11.0
10.0
10.0
11.0
14.0
7.0
5.0
7.0
12.5
13.0
14.0
13.5
12.5
12.0
13.0
17.0
16.0
14.0
18.0
17.0
20.0
17.0
17.0
14.0
13.5
16.5
14.0
13.0
13.5
17.5
16.0
15.5
18.5
19.0
19.0
20.0
21.5
22.0
21.5
21.5
15.0
13.0
13.5
NaN
21.0
18.0
20.0
20.0
19.5
20.0
22.0
20.0
20.5
19.0
13.0
16.5
17.5
14.5
16.0
18.5
20.0
18.0
11.5
12.0
17.0
16.0
16.0
15.5
13.0
13.5
15.0
21.5
20.5
22.0
21.0
18.0
17.0
15.0
19.0
17.5
13.0
11.5
11.5
10.5
11.5
12.0
15.5
17.5
13.5
12.0
11.0
8.0
11.0
12.5
17.0
18.0
17.5
18.0
14.0
16.5
17.5
16.5
14.5
13.5
15.0
14.5
12.0
13.0
13.5
13.5
12.0
13.5
8.5
7.0
13.0
9.5
15.0
15.0
8.0
4.5
5.5
3.0
1.0
12.0
12.0
5.0
2.0
4.5
2.0
3.0
3.5
2.5
10.0
10.5
9.5
11.5
8.5
7.5
2.5
3.0
1.0
3.5
4.0
0.5
4.0
6.0
3.0
2.0
2.5
3.0
0.0
5.0
4.5
1.5
4.0
3.0
4.5
8.0
11.5
7.5
2.5
4.5
6.0
0.0
6.0
11.0
7.0
6.5
12.5
11.5
10.0
10.0
9.5
9.0
4.0
5.0
10.0
9.0
10.5
12.5
12.0
11.5
6.5
8.5
8.0
9.5
11.5
12.0
8.0
NaN
6.0
9.5
12.0
11.5
14.5
14.5
10.5
9.0
9.5
15.0
17.5
19.5
15.5
12.5
11.5
14.5
13.5
11.0
12.5
9.5
8.0
12.0
10.5
11.5
11.5
15.0
16.5
19.5
18.0
21.0
19.5
18.5
17.5
14.5
19.0
14.5
19.0
18.5
17.5
19.5
18.5
NaN
18.5
18.0
17.5
18.5
18.5
19.0
17.5
21.0
22.5
19.5
18.5
20.5
24.0
22.5
23.0
20.5
17.0
20.5
20.5
19.0
19.0
21.5
22.0
23.0
18.5
17.0
20.5
13.0
12.5
15.5
13.0
NaN
14.5
16.0
13.0
15.0
15.5
16.0
13.5
13.5
12.5
16.0
19.5
17.5
15.5
8.0
8.5
1.3
15.5
16.5
15.0
11.5
11.5
10.0
12.5
9.0
9.5
13.0
15.5
14.0
13.0
11.5
11.5
14.5
12.0
10.5
8.5
10.5
6.5
6.5
13.0
16.5
10.5
6.5
6.0
4.5
4.0
5.5
3.0
5.5
NaN
3.0
1.5
1.5
6.0
8.0
11.5
11.5
5.5
0.0
0.0
4.5
4.5
1.5
5.0
4.0
2.0
3.0
1.5
1.0
-2.0
0.5
1.0
2.0
3.0
0.0
7.0
3.0
2.0
2.0
-1.0
4.0
1.0
8.5
6.5
5.0
6.0
7.0
8.5
7.5
11.0
13.5
6.5
8.0
8.0
9.0
NaN
10.5
7.0
5.5
9.0
13.0
10.5
NaN
9.0
11.0
9.5
7.5
10.5
11.0
14.5
16.0
11.0
11.0
9.0
15.0
11.0
12.5
15.0
NaN
NaN
NaN
NaN
16.5
17.5
18.0
15.0
16.0
17.0
18.5
14.0
NaN
11.5
14.5
14.5
17.0
19.5
19.0
19.0
20.0
14.0
15.5
21.0
16.0
14.5
16.0
15.0
11.5
12.5
13.0
16.0
17.5
17.0
15.5
17.0
19.0
19.0
22.0
22.5
23.0
16.0
16.0
18.6
16.5
17.0
17.5
20.5
21.0
20.5
15.0
11.0
10.0
17.5
16.5
17.0
16.5
19.0
20.5
19.5
15.0
12.0
14.0
14.5
19.0
18.5
15.0
16.0
12.5
10.0
12.0
15.5
16.5
17.5
17.0
15.0
15.5
12.0
13.5
12.0
18.0
17.0
17.0
19.5
19.5
15.0
14.0
14.5
12.0
9.0
10.5
11.0
14.0
13.5
13.5
15.0
17.0
16.5
4.5
5.0
8.5
8.0
1.0
10.0
10.0
6.5
9.5
11.0
4.0
3.5
8.5
9.0
4.5
2.5
1.0
2.0
7.0
6.0
11.0
7.5
7.5
5.5
1.0
1.0
1.0
1.0
1.5
1.0
8.0
8.0
9.0
11.0
9.0
9.0
11.5
11.0
10.5
5.0
1.0
-2.0
0.0
5.0
4.0
0.5
5.0
5.5
9.0
1.0
0.0
4.0
2.0
9.0
10.0
9.0
5.0
3.5
6.0
4.0
3.5
8.5
9.0
6.5
10.0
11.5
9.5
7.0
6.5
7.0
10.0
10.5
12.0
5.0
6.0
9.5
10.0
12.0
11.0
9.0
12.0
10.0
12.0
16.0
11.5
12.0
16.5
14.5
11.5
10.0
10.0
12.5
16.5
12.0
11.0
14.5
13.5
NaN
13.0
14.5
14.5
13.5
16.0
18.5
15.0
12.0
12.5
16.0
15.5
15.5
13.0
16.0
13.0
14.0
18.0
17.5
18.0
18.5
16.5
18.0
16.5
15.5
18.0
17.0
16.5
16.0
18.5
19.0
21.0
16.0
12.5
15.0
16.0
18.0
20.5
18.0
14.0
15.5
15.0
17.0
17.0
17.0
14.5
15.0
10.0
15.0
16.5
15.5
18.5
10.0
9.0
10.0
12.0
16.5
15.0
19.0
18.5
18.5
16.5
13.0
11.0
12.5
14.0
14.0
7.5
9.5
15.0
15.0
12.5
4.0
8.5
15.0
11.0
12.0
16.0
15.5
6.0
5.0
1.0
1.0
7.0
7.0
6.0
7.5
4.0
1.5
11.0
10.5
8.5
12.0
8.0
7.0
1.5
5.0
5.5
10.5
7.5
9.5
7.5
3.0
2.5
3.0
8.0
7.0
4.0
3.5
8.0
5.5
7.0
7.5
0.0
-2.5
4.5
4.5
0.0
1.0
2.5
-1.0
-3.0
-0.5
-3.5
-1.0
-1.0
8.0
2.0
2.5
-2.0
2.0
8.0
5.5
3.0
2.0
3.0
6.0
10.5
8.5
9.5
8.0
13.0
6.0
2.0
3.5
5.5
6.5
10.0
15.0
16.5
15.5
15.0
16.0
11.0
14.0
12.5
13.5
12.0
13.5
11.0
11.0
13.0
12.0
12.0
13.0
12.0
15.5
13.5
13.5
7.5
7.5
15.5
16.0
14.0
16.5
17.0
16.0
15.0
14.0
12.0
13.5
14.0
16.5
18.0
19.5
15.5
12.0
13.0
16.5
19.0
17.5
19.0
18.0
18.5
17.5
12.5
17.0
16.0
16.5
18.0
15.0
16.5
19.0
20.0
19.5
21.5
20.0
19.0
19.0
20.5
18.5
14.5
15.0
14.0
16.0
16.5
16.0
16.5
17.0
17.0
14.0
15.0
10.0
11.5
13.5
13.5
16.5
16.0
16.0
17.0
17.5
NaN
20.5
17.5
20.5
17.0
16.5
15.0
16.5
NaN
13.5
12.5
14.5
20.0
21.5
22.0
20.0
22.5
13.5
9.5
12.5
18.0
14.5
15.0
15.0
15.0
17.0
18.5
19.5
10.0
10.5
13.0
15.0
16.5
20.0
16.5
14.5
8.5
6.0
7.0
12.5
8.0
6.0
7.0
8.0
5.0
3.0
6.0
4.0
6.0
11.5
12.0
8.5
9.0
5.5
3.5
9.5
12.5
9.5
7.0
6.0
2.0
2.0
6.5
2.5
9.0
10.0
3.5
0.5
4.0
6.0
10.5
13.0
13.0
10.5
6.5
4.0
3.0
6.0
8.0
1.0
2.0
3.0
0.0
3.0
-1.0
2.0
5.0
10.0
11.0
12.0
13.0
10.0
3.0
-0.5
8.5
10.0
6.0
NaN
7.0
10.0
9.5
9.0
1.0
1.0
7.0
4.5
2.5
6.0
10.0
10.5
10.0
8.0
10.0
12.0
16.0
14.5
12.5
10.0
10.0
8.0
10.0
13.0
13.5
13.5
10.0
8.0
13.0
14.5
9.0
6.5
5.5
4.5
7.0
11.0
11.0
9.5
12.0
10.5
12.5
9.5
12.5
12.0
13.5
12.0
12.5
11.0
11.0
13.5
12.5
12.0
14.0
13.0
13.5
15.0
12.5
14.5
17.5
15.0
15.0
14.0
10.0
11.0
13.0
12.0
14.0
17.5
14.5
13.5
13.0
12.0
13.0
13.0
16.0
13.5
13.5
13.0
15.0
15.0
17.0
16.5
15.0
14.5
9.5
9.5
11.0
11.0
14.0
15.0
15.0
13.0
10.5
13.0
16.0
16.5
18.0
19.5
17.5
14.5
12.5
11.5
15.0
12.0
10.0
9.5
15.0
11.5
12.5
17.5
18.0
14.0
10.5
15.0
9.0
6.0
NaN
14.0
16.0
15.0
18.0
14.0
8.5
9.0
13.5
12.0
4.0
5.5
9.5
10.5
13.0
10.0
4.0
1.5
4.5
8.0
9.0
3.0
2.5
4.5
8.5
9.0
12.5
10.0
9.5
8.0
5.0
5.5
7.5
7.0
2.0
1.5
-2.0
-1.0
2.0
1.0
7.0
5.5
2.0
1.0
3.5
5.0
2.0
-2.0
-3.0
3.5
3.5
11.5
12.5
11.5
5.5
3.0
3.5
6.5
8.0
9.5
5.5
1.5
2.0
5.0
3.0
1.5
NaN
8.0
3.0
5.0
NaN
NaN
12.0
7.0
4.0
3.0
6.5
5.5
4.0
7.5
5.5
3.5
4.5
5.5
6.5
6.0
8.0
10.0
14.0
11.0
9.0
10.5
12.5
13.5
13.0
9.0
12.5
16.0
14.5
17.5
14.0
12.0
10.5
12.0
15.5
14.5
15.0
13.0
13.0
13.0
12.5
18.0
16.0
15.0
20.0
20.0
19.0
20.0
17.0
17.0
17.0
17.0
16.0
16.5
15.5
16.0
13.0
14.5
17.5
17.5
16.0
16.0
14.5
15.5
15.5
18.0
19.0
18.0
16.0
15.5
16.5
16.5
16.0
17.5
14.0
15.0
13.5
16.0
15.5
17.0
19.0
19.0
18.0
18.0
19.5
18.0
21.0
20.0
19.0
20.5
20.0
13.0
14.5
15.0
20.0
20.0
20.0
22.0
18.5
16.0
16.5
18.0
13.0
14.0
18.5
13.0
14.0
12.5
11.5
13.0
15.0
10.0
9.0
12.0
17.5
19.0
9.0
6.0
10.0
7.0
6.0
6.5
7.0
7.5
11.5
10.0
11.0
12.0
10.0
8.5
3.5
2.0
7.0
6.5
2.5
6.5
5.0
7.5
13.0
7.5
1.5
-0.5
6.0
4.0
-1.0
0.0
8.0
10.5
8.0
3.0
4.0
4.5
6.5
5.0
2.5
10.0
3.5
4.0
6.5
1.0
1.0
0.5
-1.0
0.0
-2.0
-2.0
0.0
3.0
3.0
1.0
5.0
4.0
2.0
1.0
5.0
-1.0
3.0
7.0
5.0
3.0
2.5
7.0
7.5
8.0
10.0
10.0
8.5
10.0
4.0
3.0
6.0
8.0
10.0
11.0
7.0
7.0
3.0
7.5
9.5
14.5
10.0
7.0
8.0
8.0
12.0
12.0
12.0
11.0
13.0
22.0
17.0
19.0
17.0
16.0
15.5
13.5
12.0
15.5
14.0
12.0
12.5
12.5
17.0
14.0
12.5
14.5
12.0
13.5
16.0
17.5
17.5
18.5
18.0
13.5
14.5
16.0
14.5
14.0
17.0
15.0
16.0
18.0
17.5
20.0
19.0
19.5
18.0
17.5
17.5
15.5
16.5
15.5
17.5
16.5
20.0
20.0
15.5
17.0
13.0
10.5
14.0
14.0
16.0
13.5
11.5
16.0
15.0
18.5
12.0
13.0
15.0
17.5
15.0
16.5
17.5
18.0
13.5
13.0
16.5
17.5
17.5
16.5
16.0
14.0
14.0
13.5
11.5
10.0
10.5
9.0
10.0
11.0
14.5
14.5
12.0
10.0
9.5
13.5
17.0
16.0
14.5
16.0
15.0
11.0
8.5
16.5
15.0
14.5
13.5
13.0
16.0
16.5
15.0
14.0
8.0
3.0
8.5
5.0
4.5
5.0
4.0
7.0
13.5
15.5
8.5
4.5
1.0
2.0
4.0
7.5
3.5
5.0
6.5
11.5
11.0
12.0
11.5
10.5
9.0
8.5
6.0
3.5
5.0
8.5
11.0
7.0
2.5
10.5
14.5
14.5
10.5
10.5
12.0
13.0
5.5
9.0
12.5
9.0
8.5
9.0
12.5
9.0
11.5
15.5
15.0
15.5
17.5
15.0
15.0
17.0
19.0
20.0
20.5
20.0
18.5
19.0
19.5
15.0
12.0
14.0
16.0
18.5
19.0
12.5
10.5
13.0
13.5
15.0
15.0
19.0
20.0
19.0
17.5
18.0
17.0
17.0
17.5
16.5
18.5
19.0
17.5
19.5
20.0
18.5
21.0
20.0
18.0
19.5
19.0
15.0
18.5
20.0
20.5
18.5
17.0
18.5
17.0
21.0
20.5
21.0
17.0
20.0
20.5
20.5
21.5
20.0
19.0
21.0
21.0
17.0
16.0
14.5
11.5
17.0
15.5
13.5
17.5
13.0
18.5
15.5
12.0
16.5
15.0
15.0
15.0
10.0
6.0
9.0
5.5
10.0
9.0
15.0
9.0
3.5
6.5
10.5
2.0
6.5
10.0
9.5
7.0
4.0
4.0
6.0
7.0
10.0
8.0
9.0
14.0
14.5
10.5
5.5
9.0
9.5
10.0
11.5
10.0
9.0
12.0
11.0
14.0
14.5
12.0
6.0
6.0
2.0
9.0
6.5
10.0
8.5
6.0
9.0
7.0
5.5
7.5
8.0
5.5
1.5
2.0
-1.0
6.0
13.0
14.0
10.0
8.5
6.5
13.0
15.0
12.0
17.5
17.0
15.0
14.5
13.5
11.0
13.5
12.5
16.5
17.5
13.5
12.0
12.0
11.0
12.5
10.5
11.0
11.5
16.0
15.5
14.5
15.5
12.0
12.5
14.0
12.5
14.0
14.0
11.5
12.5
12.5
13.5
14.0
16.0
15.0
16.5
16.0
15.5
16.0
18.5
12.5
14.0
13.5
16.0
17.0
15.5
15.5
13.5
12.0
15.0
17.5
15.0
