0.0
0.0
0.0
0.0
0.0
0.0
3.0
10.0
0.0
13.0
0.0
0.0
0.0
0.0
0.0
0.0
15.0
0.0
41.0
0.0
0.0
0.0
0.0
38.0
51.0
0.0
0.0
25.0
0.0
61.0
76.0
3.0
41.0
3.0
0.0
15.0
0.0
13.0
0.0
0.0
104.0
0.0
0.0
20.0
0.0
0.0
0.0
0.0
0.0
0.0
0.0
0.0
10.0
0.0
30.0
0.0
0.0
0.0
0.0
0.0
20.0
5.0
15.0
0.0
8.0
0.0
0.0
8.0
8.0
0.0
0.0
0.0
0.0
5.0
0.0
0.0
0.0
28.0
0.0
69.0
0.0
3.0
0.0
0.0
0.0
0.0
0.0
0.0
0.0
0.0
5.0
0.0
0.0
0.0
0.0
3.0
0.0
0.0
0.0
0.0
0.0
25.0
0.0
0.0
41.0
0.0
8.0
13.0
3.0
0.0
0.0
0.0
0.0
0.0
0.0
0.0
0.0
0.0
0.0
0.0
0.0
0.0
0.0
0.0
0.0
0.0
0.0
0.0
0.0
0.0
0.0
10.0
0.0
0.0
0.0
10.0
0.0
0.0
0.0
0.0
0.0
0.0
0.0
0.0
0.0
0.0
81.0
0.0
0.0
25.0
25.0
3.0
0.0
0.0
0.0
0.0
0.0
0.0
0.0
0.0
183.0
5.0
0.0
0.0
0.0
0.0
18.0
0.0
0.0
0.0
0.0
0.0
0.0
0.0
0.0
0.0
0.0
0.0
0.0
0.0
0.0
0.0
0.0
0.0
0.0
0.0
33.0
0.0
0.0
0.0
0.0
0.0
0.0
0.0
3.0
3.0
0.0
0.0
0.0
0.0
0.0
142.0
0.0
0.0
0.0
0.0
0.0
0.0
13.0
0.0
0.0
0.0
0.0
0.0
0.0
0.0
0.0
0.0
0.0
0.0
0.0
109.0
0.0
28.0
0.0
0.0
0.0
0.0
0.0
0.0
0.0
0.0
38.0
0.0
0.0
0.0
10.0
137.0
0.0
0.0
0.0
5.0
0.0
43.0
0.0
401.0
0.0
0.0
51.0
0.0
0.0
0.0
180.0
69.0
0.0
0.0
0.0
0.0
0.0
20.0
0.0
117.0
13.0
0.0
0.0
79.0
5.0
23.0
13.0
25.0
0.0
5.0
41.0
0.0
0.0
0.0
0.0
0.0
0.0
25.0
0.0
28.0
0.0
86.0
10.0
0.0
0.0
0.0
0.0
51.0
0.0
0.0
0.0
0.0
0.0
114.0
0.0
0.0
0.0
0.0
0.0
0.0
0.0
0.0
5.0
0.0
10.0
0.0
38.0
0.0
36.0
0.0
0.0
0.0
10.0
23.0
20.0
0.0
0.0
0.0
0.0
5.0
0.0
5.0
0.0
0.0
0.0
0.0
48.0
107.0
5.0
0.0
0.0
38.0
NaN
NaN
30.0
61.0
5.0
3.0
86.0
0.0
0.0
15.0
0.0
28.0
0.0
0.0
0.0
20.0
0.0
300.0
0.0
0.0
0.0
0.0
0.0
0.0
0.0
0.0
51.0
20.0
8.0
91.0
0.0
30.0
41.0
10.0
48.0
51.0
0.0
5.0
46.0
0.0
0.0
0.0
3.0
0.0
0.0
46.0
0.0
20.0
5.0
97.0
0.0
3.0
51.0
15.0
0.0
0.0
0.0
0.0
20.0
0.0
0.0
0.0
0.0
0.0
36.0
0.0
0.0
0.0
0.0
15.0
28.0
18.0
0.0
0.0
66.0
56.0
3.0
0.0
0.0
25.0
0.0
0.0
41.0
48.0
25.0
0.0
0.0
0.0
43.0
5.0
30.0
15.0
13.0
0.0
0.0
0.0
23.0
0.0
0.0
8.0
0.0
0.0
0.0
0.0
0.0
0.0
51.0
0.0
0.0
15.0
0.0
0.0
0.0
0.0
0.0
0.0
0.0
0.0
0.0
0.0
0.0
0.0
5.0
0.0
0.0
0.0
0.0
0.0
0.0
0.0
0.0
0.0
0.0
0.0
10.0
36.0
5.0
0.0
0.0
10.0
0.0
20.0
30.0
0.0
0.0
0.0
0.0
0.0
0.0
0.0
0.0
0.0
0.0
64.0
0.0
0.0
0.0
0.0
5.0
71.0
0.0
0.0
0.0
0.0
0.0
20.0
25.0
0.0
0.0
0.0
0.0
0.0
0.0
0.0
0.0
0.0
5.0
0.0
0.0
0.0
0.0
0.0
0.0
38.0
0.0
0.0
0.0
0.0
0.0
0.0
0.0
0.0
0.0
97.0
10.0
0.0
0.0
0.0
150.0
0.0
0.0
0.0
0.0
0.0
0.0
8.0
102.0
56.0
18.0
0.0
0.0
0.0
0.0
0.0
0.0
0.0
20.0
18.0
0.0
0.0
0.0
0.0
5.0
0.0
112.0
165.0
0.0
0.0
0.0
10.0
10.0
0.0
0.0
0.0
0.0
0.0
0.0
0.0
3.0
33.0
0.0
155.0
33.0
0.0
0.0
0.0
0.0
0.0
3.0
0.0
0.0
15.0
15.0
0.0
0.0
33.0
0.0
10.0
18.0
43.0
0.0
0.0
0.0
0.0
102.0
36.0
0.0
0.0
0.0
0.0
61.0
0.0
0.0
5.0
38.0
0.0
53.0
0.0
0.0
0.0
0.0
30.0
109.0
0.0
0.0
69.0
0.0
3.0
0.0
5.0
0.0
23.0
0.0
0.0
0.0
0.0
0.0
0.0
0.0
0.0
0.0
0.0
0.0
107.0
61.0
0.0
0.0
23.0
0.0
0.0
0.0
0.0
0.0
8.0
0.0
8.0
0.0
0.0
0.0
81.0
89.0
0.0
0.0
206.0
0.0
0.0
0.0
0.0
0.0
0.0
0.0
15.0
0.0
0.0
0.0
10.0
3.0
0.0
0.0
0.0
0.0
3.0
0.0
0.0
0.0
0.0
0.0
0.0
0.0
0.0
0.0
0.0
0.0
0.0
0.0
0.0
0.0
0.0
0.0
41.0
0.0
0.0
71.0
0.0
0.0
0.0
0.0
0.0
51.0
0.0
30.0
0.0
0.0
15.0
0.0
0.0
5.0
0.0
0.0
0.0
28.0
0.0
0.0
48.0
0.0
0.0
0.0
0.0
0.0
0.0
36.0
0.0
0.0
0.0
0.0
0.0
0.0
0.0
0.0
5.0
0.0
0.0
0.0
0.0
0.0
0.0
0.0
5.0
0.0
0.0
0.0
0.0
10.0
28.0
15.0
10.0
61.0
18.0
3.0
30.0
0.0
15.0
0.0
0.0
0.0
0.0
0.0
0.0
71.0
0.0
0.0
0.0
0.0
0.0
0.0
33.0
0.0
74.0
3.0
0.0
0.0
0.0
36.0
30.0
3.0
0.0
0.0
0.0
0.0
0.0
0.0
0.0
0.0
0.0
0.0
0.0
0.0
0.0
0.0
0.0
0.0
0.0
18.0
0.0
0.0
0.0
0.0
0.0
0.0
10.0
0.0
0.0
0.0
0.0
0.0
0.0
8.0
0.0
15.0
0.0
0.0
0.0
0.0
48.0
58.0
0.0
51.0
69.0
0.0
0.0
0.0
0.0
0.0
0.0
8.0
5.0
0.0
18.0
0.0
0.0
0.0
0.0
0.0
0.0
0.0
0.0
0.0
28.0
15.0
0.0
13.0
0.0
147.0
0.0
0.0
0.0
0.0
0.0
0.0
0.0
71.0
15.0
0.0
0.0
0.0
0.0
0.0
0.0
NaN
NaN
0.0
0.0
0.0
0.0
10.0
0.0
117.0
15.0
25.0
NaN
0.0
0.0
0.0
0.0
0.0
0.0
0.0
0.0
0.0
0.0
0.0
0.0
NaN
0.0
0.0
0.0
0.0
0.0
0.0
0.0
33.0
0.0
0.0
25.0
0.0
0.0
0.0
0.0
0.0
0.0
0.0
5.0
0.0
0.0
5.0
0.0
0.0
0.0
15.0
97.0
20.0
99.0
0.0
3.0
112.0
0.0
10.0
15.0
0.0
0.0
0.0
0.0
221.0
43.0
114.0
51.0
79.0
0.0
0.0
0.0
25.0
0.0
8.0
0.0
43.0
0.0
0.0
0.0
53.0
99.0
0.0
0.0
340.0
0.0
28.0
0.0
0.0
0.0
0.0
33.0
0.0
0.0
147.0
5.0
15.0
0.0
0.0
0.0
0.0
0.0
0.0
0.0
0.0
0.0
0.0
0.0
8.0
0.0
0.0
3.0
0.0
46.0
3.0
0.0
0.0
94.0
0.0
0.0
0.0
0.0
0.0
0.0
3.0
0.0
0.0
0.0
64.0
0.0
0.0
0.0
0.0
43.0
76.0
0.0
0.0
0.0
0.0
0.0
0.0
69.0
25.0
0.0
193.0
89.0
0.0
0.0
0.0
0.0
0.0
0.0
0.0
0.0
216.0
0.0
0.0
0.0
0.0
8.0
0.0
0.0
0.0
0.0
0.0
155.0
15.0
0.0
0.0
0.0
0.0
0.0
10.0
81.0
102.0
0.0
0.0
0.0
8.0
0.0
0.0
0.0
0.0
86.0
25.0
0.0
0.0
0.0
0.0
0.0
0.0
0.0
0.0
0.0
66.0
127.0
0.0
15.0
0.0
0.0
13.0
0.0
0.0
15.0
5.0
0.0
0.0
0.0
5.0
10.0
3.0
0.0
0.0
76.0
0.0
0.0
10.0
3.0
0.0
0.0
15.0
0.0
0.0
152.0
56.0
0.0
13.0
10.0
69.0
38.0
79.0
23.0
18.0
43.0
41.0
0.0
0.0
0.0
0.0
10.0
112.0
0.0
33.0
0.0
0.0
0.0
0.0
0.0
0.0
0.0
0.0
0.0
0.0
20.0
0.0
0.0
0.0
3.0
0.0
53.0
23.0
0.0
0.0
0.0
0.0
0.0
0.0
18.0
5.0
0.0
0.0
0.0
0.0
0.0
0.0
0.0
18.0
0.0
10.0
0.0
112.0
0.0
0.0
0.0
0.0
0.0
18.0
0.0
0.0
0.0
0.0
0.0
0.0
20.0
0.0
0.0
0.0
0.0
3.0
5.0
0.0
0.0
20.0
15.0
33.0
0.0
0.0
0.0
30.0
0.0
0.0
0.0
0.0
20.0
0.0
0.0
0.0
0.0
0.0
0.0
0.0
0.0
0.0
91.0
43.0
0.0
3.0
13.0
58.0
0.0
69.0
0.0
0.0
0.0
0.0
0.0
0.0
0.0
0.0
56.0
0.0
3.0
0.0
0.0
10.0
0.0
0.0
0.0
0.0
155.0
33.0
66.0
0.0
0.0
0.0
0.0
0.0
0.0
58.0
0.0
0.0
5.0
0.0
0.0
0.0
0.0
0.0
0.0
0.0
0.0
0.0
0.0
0.0
0.0
0.0
0.0
0.0
43.0
0.0
0.0
0.0
0.0
0.0
0.0
97.0
0.0
0.0
0.0
0.0
0.0
0.0
0.0
0.0
0.0
0.0
0.0
0.0
0.0
0.0
0.0
0.0
0.0
66.0
61.0
48.0
5.0
0.0
0.0
0.0
0.0
5.0
3.0
0.0
0.0
8.0
0.0
5.0
3.0
30.0
0.0
0.0
5.0
0.0
0.0
0.0
0.0
0.0
46.0
3.0
0.0
0.0
0.0
0.0
38.0
0.0
0.0
0.0
0.0
0.0
10.0
38.0
0.0
51.0
25.0
0.0
8.0
0.0
18.0
58.0
0.0
0.0
0.0
0.0
0.0
0.0
0.0
0.0
0.0
0.0
0.0
0.0
0.0
0.0
0.0
521.0
0.0
0.0
0.0
0.0
79.0
18.0
97.0
5.0
0.0
0.0
0.0
5.0
0.0
0.0
0.0
0.0
0.0
0.0
0.0
0.0
0.0
51.0
28.0
20.0
432.0
89.0
76.0
8.0
15.0
0.0
0.0
0.0
0.0
0.0
0.0
53.0
13.0
0.0
0.0
23.0
5.0
5.0
0.0
0.0
0.0
13.0
15.0
97.0
13.0
0.0
0.0
20.0
0.0
0.0
102.0
0.0
0.0
30.0
23.0
0.0
0.0
0.0
0.0
0.0
38.0
18.0
0.0
79.0
0.0
0.0
0.0
0.0
0.0
0.0
0.0
0.0
0.0
0.0
0.0
38.0
0.0
0.0
0.0
0.0
0.0
0.0
76.0
15.0
10.0
0.0
0.0
0.0
0.0
0.0
0.0
0.0
0.0
0.0
0.0
0.0
0.0
10.0
0.0
0.0
0.0
0.0
0.0
0.0
0.0
0.0
25.0
0.0
20.0
0.0
0.0
0.0
0.0
0.0
0.0
0.0
0.0
114.0
13.0
0.0
0.0
0.0
0.0
8.0
30.0
5.0
0.0
0.0
0.0
0.0
0.0
0.0
0.0
41.0
5.0
0.0
36.0
0.0
0.0
0.0
0.0
18.0
0.0
5.0
3.0
0.0
0.0
20.0
0.0
0.0
0.0
0.0
0.0
38.0
25.0
0.0
15.0
0.0
0.0
10.0
33.0
20.0
0.0
0.0
5.0
5.0
20.0
10.0
15.0
79.0
86.0
0.0
0.0
0.0
0.0
0.0
0.0
0.0
5.0
0.0
51.0
0.0
5.0
0.0
0.0
0.0
8.0
0.0
0.0
0.0
0.0
0.0
0.0
28.0
0.0
0.0
0.0
0.0
0.0
0.0
0.0
0.0
0.0
0.0
0.0
0.0
0.0
0.0
0.0
0.0
0.0
38.0
0.0
0.0
13.0
0.0
0.0
0.0
0.0
0.0
0.0
0.0
0.0
0.0
23.0
0.0
0.0
0.0
0.0
10.0
0.0
0.0
0.0
0.0
0.0
0.0
0.0
0.0
0.0
0.0
0.0
0.0
0.0
0.0
NaN
NaN
0.0
0.0
0.0
0.0
0.0
0.0
0.0
0.0
30.0
157.0
28.0
0.0
0.0
0.0
0.0
0.0
0.0
0.0
0.0
0.0
13.0
0.0
0.0
0.0
10.0
0.0
0.0
0.0
0.0
0.0
0.0
0.0
0.0
0.0
66.0
33.0
36.0
0.0
0.0
0.0
0.0
0.0
0.0
0.0
0.0
8.0
20.0
8.0
0.0
48.0
0.0
0.0
51.0
69.0
0.0
0.0
180.0
41.0
0.0
13.0
0.0
0.0
33.0
0.0
3.0
0.0
41.0
0.0
91.0
23.0
0.0
5.0
41.0
23.0
127.0
0.0
0.0
0.0
0.0
0.0
0.0
5.0
0.0
0.0
109.0
0.0
0.0
0.0
0.0
109.0
384.0
30.0
0.0
0.0
0.0
0.0
0.0
25.0
3.0
0.0
107.0
0.0
0.0
0.0
0.0
0.0
8.0
0.0
3.0
0.0
38.0
8.0
41.0
0.0
13.0
0.0
0.0
279.0
142.0
0.0
0.0
0.0
0.0
0.0
185.0
28.0
64.0
5.0
13.0
0.0
18.0
36.0
0.0
28.0
71.0
38.0
0.0
173.0
94.0
46.0
0.0
51.0
0.0
0.0
8.0
0.0
18.0
300.0
0.0
0.0
53.0
0.0
0.0
0.0
0.0
0.0
41.0
0.0
38.0
0.0
0.0
0.0
0.0
0.0
41.0
0.0
10.0
0.0
0.0
0.0
0.0
0.0
0.0
64.0
86.0
0.0
0.0
0.0
0.0
0.0
0.0
0.0
0.0
0.0
33.0
173.0
0.0
0.0
0.0
0.0
0.0
64.0
0.0
0.0
0.0
8.0
0.0
53.0
0.0
0.0
20.0
0.0
0.0
0.0
0.0
0.0
0.0
0.0
0.0
0.0
0.0
0.0
0.0
0.0
0.0
0.0
0.0
0.0
0.0
64.0
0.0
0.0
0.0
0.0
13.0
0.0
0.0
0.0
0.0
0.0
0.0
0.0
0.0
0.0
0.0
0.0
0.0
0.0
0.0
0.0
0.0
0.0
8.0
25.0
18.0
0.0
0.0
0.0
0.0
0.0
0.0
104.0
0.0
0.0
0.0
0.0
28.0
0.0
0.0
20.0
8.0
0.0
0.0
0.0
0.0
0.0
0.0
0.0
0.0
5.0
36.0
0.0
0.0
0.0
8.0
33.0
0.0
0.0
0.0
0.0
0.0
0.0
15.0
0.0
0.0
0.0
0.0
0.0
0.0
0.0
10.0
5.0
0.0
0.0
0.0
0.0
18.0
13.0
3.0
0.0
56.0
0.0
0.0
0.0
0.0
46.0
0.0
0.0
56.0
0.0
0.0
0.0
0.0
0.0
0.0
0.0
10.0
0.0
0.0
0.0
0.0
0.0
0.0
3.0
8.0
3.0
0.0
0.0
0.0
0.0
0.0
0.0
0.0
0.0
0.0
0.0
0.0
0.0
0.0
0.0
3.0
18.0
0.0
10.0
0.0
0.0
0.0
0.0
0.0
0.0
0.0
0.0
0.0
0.0
0.0
0.0
0.0
0.0
0.0
NaN
0.0
0.0
0.0
0.0
0.0
0.0
NaN
0.0
0.0
0.0
0.0
0.0
0.0
0.0
0.0
0.0
0.0
0.0
0.0
0.0
0.0
0.0
0.0
0.0
0.0
66.0
20.0
5.0
0.0
0.0
0.0
0.0
0.0
0.0
0.0
0.0
0.0
0.0
0.0
0.0
0.0
0.0
0.0
0.0
0.0
0.0
0.0
0.0
0.0
0.0
0.0
41.0
0.0
25.0
0.0
0.0
0.0
0.0
23.0
0.0
0.0
0.0
0.0
0.0
0.0
0.0
0.0
0.0
0.0
0.0
0.0
0.0
102.0
292.0
0.0
NaN
0.0
0.0
0.0
127.0
0.0
3.0
74.0
142.0
NaN
0.0
48.0
0.0
0.0
0.0
0.0
0.0
0.0
79.0
0.0
30.0
376.0
122.0
0.0
0.0
0.0
0.0
0.0
0.0
0.0
20.0
13.0
0.0
99.0
0.0
10.0
0.0
0.0
180.0
48.0
0.0
0.0
13.0
0.0
0.0
0.0
5.0
218.0
0.0
0.0
33.0
0.0
64.0
0.0
0.0
0.0
0.0
0.0
0.0
0.0
0.0
0.0
0.0
0.0
0.0
10.0
13.0
3.0
0.0
0.0
0.0
0.0
0.0
0.0
5.0
81.0
3.0
74.0
8.0
89.0
0.0
0.0
0.0
79.0
0.0
18.0
13.0
5.0
0.0
0.0
0.0
0.0
0.0
0.0
0.0
0.0
0.0
0.0
0.0
0.0
0.0
0.0
0.0
0.0
8.0
0.0
0.0
0.0
0.0
0.0
0.0
30.0
58.0
0.0
0.0
0.0
0.0
5.0
0.0
0.0
0.0
0.0
0.0
0.0
NaN
0.0
0.0
0.0
NaN
0.0
64.0
NaN
3.0
NaN
0.0
0.0
41.0
20.0
8.0
NaN
10.0
0.0
0.0
5.0
0.0
0.0
0.0
0.0
0.0
10.0
0.0
0.0
0.0
0.0
0.0
0.0
5.0
0.0
0.0
0.0
0.0
0.0
0.0
0.0
13.0
114.0
23.0
0.0
0.0
0.0
0.0
30.0
8.0
13.0
8.0
0.0
0.0
0.0
0.0
0.0
51.0
0.0
0.0
0.0
0.0
0.0
0.0
43.0
46.0
0.0
0.0
15.0
0.0
38.0
0.0
0.0
0.0
0.0
0.0
25.0
0.0
0.0
0.0
0.0
0.0
0.0
30.0
28.0
64.0
0.0
0.0
0.0
0.0
0.0
0.0
0.0
0.0
0.0
0.0
0.0
0.0
0.0
0.0
0.0
0.0
0.0
0.0
20.0
0.0
0.0
8.0
18.0
0.0
0.0
18.0
10.0
18.0
0.0
0.0
0.0
0.0
10.0
13.0
0.0
0.0
0.0
0.0
0.0
0.0
0.0
0.0
41.0
10.0
0.0
0.0
51.0
13.0
0.0
5.0
0.0
0.0
0.0
0.0
0.0
0.0
0.0
0.0
0.0
0.0
0.0
0.0
0.0
0.0
0.0
0.0
0.0
0.0
0.0
0.0
0.0
0.0
61.0
81.0
8.0
0.0
0.0
0.0
0.0
0.0
0.0
0.0
0.0
0.0
NaN
0.0
0.0
0.0
0.0
0.0
0.0
0.0
0.0
0.0
0.0
0.0
18.0
13.0
0.0
0.0
0.0
0.0
0.0
0.0
0.0
0.0
0.0
0.0
0.0
0.0
8.0
0.0
58.0
0.0
0.0
0.0
13.0
0.0
0.0
0.0
NaN
0.0
0.0
0.0
0.0
0.0
0.0
0.0
264.0
10.0
0.0
0.0
0.0
3.0
0.0
46.0
48.0
0.0
0.0
3.0
0.0
0.0
0.0
0.0
8.0
0.0
0.0
0.0
0.0
46.0
122.0
0.0
0.0
41.0
0.0
3.0
38.0
66.0
0.0
0.0
0.0
0.0
0.0
0.0
0.0
0.0
0.0
0.0
0.0
112.0
0.0
0.0
0.0
0.0
10.0
0.0
5.0
0.0
0.0
0.0
0.0
165.0
0.0
30.0
0.0
0.0
33.0
10.0
61.0
5.0
0.0
259.0
0.0
0.0
0.0
10.0
150.0
0.0
8.0
0.0
0.0
0.0
0.0
43.0
5.0
0.0
0.0
0.0
0.0
0.0
0.0
15.0
0.0
0.0
30.0
8.0
0.0
8.0
0.0
0.0
8.0
287.0
0.0
36.0
13.0
0.0
0.0
5.0
0.0
0.0
0.0
38.0
0.0
69.0
5.0
0.0
127.0
56.0
0.0
51.0
0.0
173.0
0.0
0.0
48.0
3.0
0.0
0.0
0.0
0.0
0.0
0.0
0.0
41.0
5.0
33.0
3.0
3.0
0.0
0.0
0.0
0.0
0.0
0.0
0.0
33.0
0.0
0.0
8.0
0.0
23.0
5.0
0.0
0.0
0.0
0.0
0.0
33.0
0.0
0.0
23.0
0.0
0.0
0.0
18.0
0.0
0.0
0.0
0.0
0.0
0.0
0.0
0.0
0.0
0.0
0.0
0.0
0.0
0.0
0.0
0.0
0.0
0.0
NaN
NaN
NaN
NaN
NaN
NaN
NaN
NaN
0.0
0.0
0.0
NaN
NaN
0.0
0.0
0.0
5.0
0.0
0.0
36.0
8.0
0.0
0.0
0.0
0.0
0.0
0.0
51.0
0.0
28.0
0.0
0.0
25.0
0.0
0.0
0.0
0.0
0.0
0.0
0.0
0.0
0.0
13.0
0.0
0.0
0.0
0.0
0.0
15.0
0.0
38.0
0.0
0.0
0.0
0.0
0.0
0.0
0.0
0.0
0.0
0.0
53.0
66.0
0.0
0.0
0.0
0.0
0.0
0.0
0.0
0.0
0.0
0.0
0.0
0.0
0.0
8.0
0.0
0.0
0.0
0.0
0.0
0.0
36.0
5.0
58.0
20.0
0.0
0.0
0.0
0.0
0.0
0.0
0.0
0.0
0.0
15.0
0.0
0.0
0.0
0.0
0.0
0.0
0.0
0.0
0.0
0.0
0.0
0.0
0.0
0.0
0.0
0.0
0.0
0.0
0.0
0.0
0.0
0.0
0.0
0.0
0.0
0.0
0.0
0.0
0.0
0.0
0.0
0.0
20.0
5.0
0.0
0.0
0.0
0.0
0.0
0.0
0.0
15.0
0.0
30.0
13.0
23.0
0.0
0.0
0.0
23.0
84.0
0.0
0.0
0.0
33.0
109.0
0.0
72.0
51.0
0.0
9.0
38.0
0.0
68.0
34.0
11.0
0.0
0.0
0.0
0.0
0.0
0.0
118.0
0.0
0.0
0.0
0.0
0.0
0.0
0.0
0.0
0.0
0.0
0.0
0.0
0.0
0.0
0.0
0.0
0.0
0.0
0.0
0.0
0.0
0.0
0.0
0.0
0.0
0.0
0.0
0.0
0.0
0.0
0.0
0.0
0.0
0.0
0.0
5.0
2.0
0.0
0.0
0.0
0.0
0.0
0.0
0.0
0.0
0.0
114.0
0.0
5.0
18.0
20.0
15.0
42.0
30.0
0.0
0.0
0.0
2.0
3.0
10.0
0.0
3.0
0.0
0.0
6.0
2.0
0.0
0.0
0.0
0.0
168.0
24.0
0.0
0.0
194.0
2.0
0.0
0.0
0.0
0.0
0.0
0.0
0.0
0.0
76.0
10.0
0.0
0.0
0.0
0.0
88.0
0.0
0.0
NaN
0.0
0.0
0.0
6.0
45.0
4.0
106.0
20.0
50.0
24.0
32.0
50.0
40.0
0.0
0.0
0.0
33.0
56.0
0.0
2.0
0.0
0.0
0.0
0.0
15.0
0.0
0.0
NaN
NaN
135.0
2.0
0.0
0.0
0.0
15.0
0.0
5.0
0.0
15.0
0.0
8.0
0.0
38.0
0.0
0.0
2.0
0.0
0.0
0.0
9.0
0.0
5.0
0.0
0.0
5.0
51.0
0.0
136.0
48.0
158.0
76.0
13.0
0.0
0.0
2.0
0.0
76.0
8.0
0.0
0.0
36.0
0.0
28.0
14.0
0.0
20.0
0.0
0.0
0.0
0.0
0.0
24.0
48.0
0.0
0.0
NaN
0.0
0.0
0.0
15.0
0.0
169.0
6.0
NaN
0.0
NaN
0.0
NaN
0.0
0.0
NaN
0.0
173.0
0.0
0.0
0.0
150.0
0.0
0.0
4.0
0.0
0.0
0.0
0.0
0.0
0.0
20.0
8.0
0.0
0.0
0.0
0.0
0.0
0.0
12.0
0.0
22.0
0.0
0.0
26.0
0.0
0.0
0.0
0.0
0.0
0.0
48.0
0.0
0.0
40.0
0.0
0.0
0.0
10.0
10.0
2.0
56.0
16.0
0.0
0.0
0.0
5.0
12.0
0.0
2.0
0.0
0.0
0.0
0.0
0.0
10.0
10.0
0.0
11.0
0.0
0.0
2.0
0.0
0.0
0.0
24.0
0.0
0.0
0.0
0.0
0.0
0.0
0.0
0.0
0.0
0.0
0.0
0.0
24.0
0.0
0.0
0.0
0.0
20.0
2.0
0.0
0.0
0.0
2.0
0.0
38.0
10.0
0.0
0.0
0.0
0.0
0.0
0.0
0.0
0.0
0.0
0.0
60.0
0.0
0.0
0.0
0.0
0.0
22.0
0.0
2.0
0.0
0.0
0.0
0.0
2.0
0.0
0.0
10.0
0.0
0.0
0.0
0.0
0.0
0.0
98.0
8.0
40.0
0.0
0.0
11.0
0.0
0.0
0.0
0.0
13.0
41.0
0.0
52.0
0.0
0.0
0.0
0.0
0.0
0.0
0.0
18.0
0.0
0.0
0.0
0.0
0.0
0.0
0.0
0.0
0.0
0.0
0.0
0.0
0.0
0.0
NaN
24.0
0.0
0.0
0.0
NaN
0.0
0.0
NaN
0.0
0.0
0.0
0.0
0.0
0.0
0.0
0.0
0.0
0.0
NaN
NaN
0.0
0.0
NaN
NaN
52.0
0.0
0.0
10.0
0.0
0.0
0.0
0.0
46.0
NaN
5.0
0.0
0.0
0.0
0.0
0.0
0.0
12.0
0.0
0.0
0.0
68.0
92.0
NaN
18.0
0.0
0.0
0.0
NaN
162.0
2.0
0.0
10.0
0.0
0.0
44.0
32.0
12.0
0.0
0.0
0.0
0.0
14.0
38.0
0.0
0.0
3.0
62.0
62.0
10.0
0.0
0.0
0.0
0.0
0.0
0.0
0.0
0.0
0.0
0.0
0.0
0.0
84.0
0.0
174.0
0.0
18.0
0.0
0.0
0.0
25.0
0.0
0.0
106.0
0.0
30.0
0.0
0.0
0.0
0.0
10.0
40.0
0.0
0.0
0.0
49.0
0.0
0.0
0.0
31.0
0.0
0.0
0.0
0.0
0.0
50.0
140.0
14.0
0.0
NaN
44.0
0.0
0.0
0.0
0.0
24.0
0.0
0.0
10.0
0.0
2.0
18.0
12.0
0.0
28.0
0.0
0.0
0.0
0.0
30.0
90.0
0.0
0.0
0.0
0.0
38.0
96.0
10.0
0.0
0.0
0.0
0.0
74.0
80.0
8.0
0.0
0.0
0.0
36.0
0.0
0.0
0.0
0.0
92.0
30.0
12.0
40.0
138.0
4.0
0.0
0.0
NaN
NaN
NaN
10.0
0.0
0.0
0.0
NaN
NaN
0.0
0.0
0.0
NaN
0.0
12.0
46.0
0.0
0.0
0.0
0.0
NaN
0.0
0.0
0.0
0.0
0.0
76.0
0.0
0.0
18.0
0.0
8.0
0.0
0.0
0.0
0.0
0.0
0.0
0.0
0.0
0.0
0.0
0.0
0.0
28.0
0.0
0.0
0.0
0.0
19.0
0.0
0.0
4.0
0.0
0.0
0.0
0.0
0.0
36.0
6.0
0.0
0.0
0.0
0.0
6.0
0.0
0.0
32.0
NaN
58.0
0.0
0.0
48.0
0.0
0.0
0.0
0.0
2.0
0.0
0.0
0.0
0.0
0.0
0.0
0.0
0.0
0.0
0.0
0.0
0.0
0.0
0.0
0.0
0.0
0.0
0.0
0.0
0.0
40.0
0.0
0.0
30.0
0.0
30.0
0.0
0.0
0.0
4.0
0.0
0.0
30.0
30.0
30.0
0.0
0.0
0.0
0.0
0.0
0.0
0.0
0.0
58.0
0.0
0.0
0.0
24.0
84.0
5.0
0.0
0.0
0.0
0.0
20.0
0.0
0.0
0.0
0.0
0.0
14.0
0.0
0.0
0.0
12.0
0.0
0.0
0.0
0.0
0.0
16.0
0.0
0.0
0.0
0.0
0.0
0.0
29.0
0.0
0.0
148.0
0.0
0.0
54.0
6.0
0.0
38.0
4.0
0.0
0.0
0.0
0.0
12.0
0.0
12.0
0.0
0.0
0.0
0.0
0.0
0.0
0.0
0.0
0.0
0.0
8.0
0.0
0.0
0.0
0.0
0.0
0.0
0.0
0.0
0.0
0.0
0.0
0.0
0.0
0.0
NaN
0.0
0.0
0.0
0.0
0.0
0.0
0.0
0.0
0.0
0.0
0.0
0.0
0.0
0.0
0.0
0.0
0.0
46.0
44.0
2.0
0.0
0.0
0.0
0.0
0.0
0.0
0.0
0.0
0.0
0.0
0.0
0.0
0.0
0.0
20.0
0.0
12.0
41.0
0.0
47.0
0.0
24.0
0.0
32.0
42.0
0.0
0.0
27.0
0.0
0.0
0.0
0.0
0.0
0.0
0.0
42.0
0.0
0.0
0.0
0.0
0.0
0.0
80.0
12.0
0.0
NaN
NaN
0.0
8.0
0.0
0.0
0.0
0.0
0.0
0.0
48.0
0.0
50.0
0.0
0.0
53.0
40.0
126.0
10.0
0.0
92.0
0.0
0.0
0.0
0.0
0.0
0.0
90.0
0.0
2.0
0.0
34.0
40.0
NaN
NaN
4.0
10.0
0.0
0.0
146.0
23.0
0.0
0.0
0.0
0.0
2.0
0.0
0.0
0.0
0.0
0.0
0.0
0.0
0.0
0.0
234.0
NaN
18.0
0.0
60.0
18.0
16.0
4.0
26.0
0.0
0.0
0.0
20.0
48.0
0.0
0.0
0.0
0.0
0.0
0.0
12.0
0.0
0.0
0.0
22.0
190.0
136.0
0.0
0.0
30.0
0.0
116.0
0.0
0.0
120.0
0.0
46.0
0.0
0.0
0.0
46.0
36.0
0.0
0.0
40.0
0.0
0.0
0.0
0.0
0.0
40.0
222.0
0.0
0.0
0.0
0.0
0.0
0.0
0.0
0.0
0.0
0.0
0.0
0.0
0.0
0.0
0.0
0.0
0.0
0.0
0.0
0.0
0.0
0.0
0.0
0.0
0.0
0.0
0.0
0.0
0.0
0.0
NaN
0.0
0.0
0.0
0.0
50.0
0.0
0.0
0.0
20.0
0.0
0.0
32.0
0.0
NaN
14.0
24.0
0.0
104.0
6.0
2.0
0.0
0.0
68.0
62.0
26.0
0.0
0.0
0.0
0.0
0.0
52.0
22.0
0.0
8.0
0.0
44.0
0.0
0.0
0.0
0.0
0.0
0.0
0.0
0.0
0.0
0.0
0.0
0.0
36.0
0.0
0.0
0.0
0.0
0.0
62.0
0.0
0.0
0.0
0.0
0.0
0.0
0.0
0.0
0.0
0.0
0.0
0.0
0.0
0.0
0.0
0.0
0.0
0.0
0.0
0.0
0.0
0.0
0.0
0.0
0.0
19.0
0.0
0.0
0.0
0.0
0.0
2.0
28.0
0.0
0.0
0.0
0.0
0.0
0.0
60.0
0.0
0.0
0.0
0.0
0.0
0.0
122.0
0.0
0.0
56.0
0.0
0.0
0.0
2.0
8.0
0.0
0.0
0.0
0.0
0.0
0.0
12.0
0.0
12.0
0.0
0.0
0.0
0.0
0.0
0.0
0.0
0.0
0.0
0.0
38.0
0.0
0.0
0.0
0.0
0.0
0.0
0.0
0.0
0.0
90.0
8.0
20.0
0.0
0.0
0.0
0.0
15.0
0.0
0.0
0.0
68.0
0.0
88.0
0.0
0.0
0.0
0.0
0.0
0.0
0.0
0.0
62.0
0.0
0.0
0.0
NaN
NaN
0.0
0.0
0.0
82.0
20.0
0.0
0.0
0.0
0.0
0.0
0.0
0.0
0.0
0.0
0.0
0.0
0.0
0.0
0.0
0.0
0.0
0.0
0.0
0.0
0.0
0.0
0.0
0.0
0.0
0.0
50.0
0.0
4.0
0.0
0.0
0.0
0.0
0.0
26.0
20.0
0.0
78.0
13.0
0.0
4.0
0.0
0.0
0.0
0.0
0.0
18.0
630.0
0.0
62.0
0.0
0.0
0.0
0.0
52.0
8.0
34.0
10.0
26.0
0.0
0.0
0.0
0.0
0.0
0.0
0.0
0.0
0.0
0.0
0.0
0.0
0.0
0.0
0.0
0.0
29.0
0.0
0.0
0.0
NaN
0.0
0.0
0.0
76.0
12.0
46.0
0.0
0.0
12.0
2.0
130.0
94.0
0.0
6.0
0.0
80.0
0.0
0.0
10.0
0.0
0.0
0.0
0.0
0.0
0.0
0.0
0.0
144.0
8.0
22.0
0.0
18.0
0.0
0.0
0.0
0.0
0.0
0.0
0.0
0.0
18.0
80.0
0.0
0.0
26.0
0.0
32.0
2.0
0.0
0.0
0.0
6.0
0.0
0.0
0.0
10.0
0.0
0.0
0.0
0.0
0.0
0.0
0.0
0.0
38.0
0.0
0.0
NaN
NaN
0.0
0.0
0.0
0.0
0.0
0.0
46.0
8.0
0.0
0.0
0.0
30.0
71.0
10.0
164.0
118.0
8.0
2.0
0.0
57.0
3.0
0.0
0.0
0.0
0.0
0.0
138.0
2.0
0.0
62.0
0.0
0.0
0.0
22.0
0.0
0.0
0.0
0.0
0.0
0.0
0.0
0.0
0.0
130.0
0.0
0.0
0.0
0.0
0.0
20.0
20.0
4.0
0.0
0.0
0.0
0.0
0.0
10.0
10.0
0.0
0.0
10.0
0.0
0.0
0.0
0.0
0.0
0.0
0.0
0.0
0.0
0.0
12.0
0.0
0.0
0.0
0.0
12.0
0.0
0.0
0.0
0.0
0.0
0.0
0.0
76.0
0.0
0.0
0.0
0.0
12.0
0.0
0.0
0.0
0.0
0.0
0.0
13.0
0.0
22.0
0.0
0.0
NaN
0.0
0.0
0.0
0.0
0.0
22.0
22.0
0.0
0.0
0.0
0.0
0.0
0.0
0.0
0.0
0.0
0.0
0.0
56.0
0.0
10.0
0.0
0.0
0.0
0.0
0.0
0.0
0.0
0.0
0.0
0.0
0.0
0.0
16.0
0.0
0.0
30.0
28.0
0.0
40.0
18.0
0.0
71.0
0.0
4.0
0.0
0.0
0.0
0.0
0.0
44.0
0.0
0.0
0.0
0.0
0.0
0.0
0.0
0.0
41.0
0.0
0.0
0.0
0.0
68.0
0.0
0.0
0.0
0.0
0.0
0.0
0.0
0.0
0.0
18.0
0.0
0.0
0.0
0.0
0.0
108.0
0.0
0.0
80.0
0.0
0.0
0.0
0.0
0.0
0.0
40.0
0.0
0.0
0.0
0.0
0.0
2.0
0.0
0.0
0.0
0.0
0.0
0.0
0.0
0.0
0.0
0.0
10.0
0.0
0.0
0.0
24.0
0.0
0.0
0.0
10.0
20.0
0.0
70.0
10.0
14.0
0.0
0.0
0.0
0.0
0.0
0.0
32.0
12.0
32.0
10.0
0.0
4.0
12.0
0.0
0.0
0.0
0.0
0.0
197.0
4.0
66.0
103.0
96.0
30.0
22.0
36.0
0.0
58.0
0.0
0.0
0.0
0.0
0.0
0.0
0.0
0.0
0.0
30.0
0.0
0.0
52.0
70.0
6.0
0.0
29.0
68.0
6.0
0.0
0.0
0.0
0.0
0.0
0.0
14.0
0.0
8.0
0.0
190.0
208.0
19.0
0.0
0.0
0.0
8.0
2.0
0.0
0.0
21.0
140.0
311.0
0.0
12.0
0.0
0.0
0.0
0.0
40.0
0.0
0.0
0.0
77.0
8.0
0.0
0.0
183.0
22.0
118.0
38.0
8.0
112.0
26.0
8.0
0.0
0.0
0.0
0.0
22.0
96.0
0.0
0.0
0.0
0.0
32.0
0.0
0.0
0.0
0.0
0.0
0.0
0.0
0.0
0.0
0.0
50.0
110.0
14.0
0.0
0.0
0.0
0.0
0.0
0.0
0.0
0.0
180.0
0.0
0.0
0.0
0.0
0.0
0.0
20.0
34.0
0.0
0.0
0.0
0.0
0.0
0.0
0.0
0.0
0.0
278.0
40.0
0.0
70.0
22.0
26.0
NaN
32.0
30.0
0.0
20.0
36.0
0.0
0.0
0.0
0.0
0.0
0.0
0.0
30.0
0.0
0.0
0.0
0.0
0.0
0.0
0.0
0.0
0.0
0.0
168.0
98.0
0.0
0.0
0.0
2.0
0.0
0.0
0.0
0.0
0.0
0.0
0.0
0.0
0.0
0.0
36.0
0.0
0.0
0.0
0.0
0.0
35.0
59.0
0.0
0.0
16.0
14.0
0.0
0.0
0.0
0.0
0.0
0.0
0.0
NaN
0.0
50.0
22.0
0.0
2.0
0.0
8.0
0.0
0.0
0.0
0.0
2.0
0.0
0.0
0.0
12.0
0.0
16.0
0.0
58.0
0.0
0.0
0.0
28.0
0.0
10.0
0.0
0.0
0.0
0.0
0.0
60.0
NaN
NaN
0.0
12.0
0.0
0.0
0.0
6.0
0.0
0.0
0.0
2.0
0.0
0.0
24.0
0.0
0.0
0.0
24.0
8.0
0.0
0.0
0.0
0.0
48.0
0.0
0.0
8.0
0.0
0.0
0.0
0.0
0.0
9.0
0.0
0.0
12.0
12.0
6.0
0.0
0.0
0.0
0.0
0.0
0.0
4.0
0.0
10.0
50.0
0.0
0.0
0.0
0.0
0.0
0.0
10.0
0.0
0.0
0.0
0.0
74.0
122.0
64.0
0.0
0.0
0.0
0.0
104.0
0.0
0.0
0.0
20.0
0.0
0.0
0.0
0.0
0.0
0.0
0.0
108.0
0.0
0.0
0.0
0.0
0.0
0.0
0.0
0.0
0.0
0.0
0.0
0.0
0.0
0.0
0.0
0.0
0.0
34.0
0.0
0.0
0.0
0.0
0.0
0.0
0.0
0.0
0.0
0.0
0.0
0.0
0.0
0.0
52.0
0.0
14.0
0.0
0.0
0.0
24.0
2.0
0.0
0.0
0.0
0.0
0.0
260.0
140.0
0.0
86.0
16.0
0.0
0.0
16.0
10.0
50.0
0.0
80.0
137.0
0.0
23.0
0.0
0.0
14.0
4.0
0.0
0.0
0.0
0.0
0.0
0.0
0.0
0.0
0.0
0.0
12.0
0.0
0.0
0.0
0.0
44.0
12.0
0.0
0.0
0.0
0.0
0.0
80.0
0.0
0.0
20.0
0.0
0.0
116.0
0.0
0.0
0.0
0.0
0.0
0.0
0.0
126.0
0.0
0.0
0.0
0.0
0.0
98.0
38.0
38.0
0.0
0.0
100.0
270.0
136.0
0.0
0.0
0.0
0.0
28.0
46.0
0.0
0.0
0.0
0.0
0.0
0.0
0.0
16.0
0.0
46.0
124.0
0.0
0.0
0.0
10.0
0.0
0.0
110.0
0.0
0.0
0.0
0.0
20.0
0.0
26.0
339.0
NaN
10.0
32.0
0.0
0.0
0.0
0.0
0.0
0.0
0.0
0.0
116.0
14.0
0.0
0.0
38.0
78.0
6.0
0.0
0.0
0.0
0.0
250.0
24.0
NaN
0.0
0.0
0.0
0.0
144.0
166.0
NaN
52.0
0.0
0.0
0.0
0.0
0.0
0.0
0.0
NaN
NaN
0.0
0.0
0.0
0.0
0.0
24.0
0.0
0.0
0.0
0.0
82.0
0.0
0.0
0.0
0.0
0.0
0.0
0.0
0.0
0.0
0.0
NaN
0.0
NaN
0.0
0.0
0.0
0.0
0.0
0.0
0.0
0.0
0.0
0.0
0.0
0.0
0.0
0.0
0.0
12.0
3.0
0.0
0.0
0.0
78.0
10.0
0.0
0.0
0.0
22.0
14.0
NaN
42.0
0.0
22.0
6.0
42.0
6.0
0.0
0.0
0.0
0.0
0.0
10.0
0.0
0.0
0.0
10.0
2.0
12.0
0.0
0.0
88.0
12.0
0.0
20.0
0.0
0.0
0.0
0.0
0.0
0.0
0.0
0.0
0.0
0.0
24.0
0.0
0.0
0.0
0.0
0.0
0.0
0.0
0.0
66.0
14.0
0.0
32.0
30.0
0.0
2.0
0.0
0.0
0.0
0.0
0.0
26.0
0.0
0.0
0.0
0.0
0.0
0.0
0.0
76.0
100.0
36.0
10.0
0.0
40.0
14.0
0.0
10.0
8.0
0.0
60.0
28.0
6.0
0.0
0.0
0.0
0.0
0.0
0.0
0.0
0.0
22.0
0.0
16.0
0.0
0.0
0.0
0.0
0.0
40.0
10.0
0.0
0.0
0.0
0.0
0.0
0.0
0.0
0.0
0.0
10.0
0.0
0.0
0.0
0.0
0.0
2.0
0.0
0.0
0.0
0.0
0.0
0.0
0.0
0.0
0.0
0.0
0.0
0.0
36.0
0.0
30.0
0.0
30.0
12.0
0.0
0.0
0.0
0.0
0.0
0.0
0.0
0.0
0.0
0.0
8.0
0.0
0.0
76.0
22.0
28.0
0.0
0.0
0.0
0.0
0.0
0.0
0.0
0.0
0.0
0.0
0.0
46.0
54.0
0.0
192.0
20.0
0.0
0.0
0.0
0.0
0.0
10.0
0.0
0.0
0.0
0.0
0.0
4.0
0.0
0.0
0.0
0.0
6.0
8.0
72.0
0.0
0.0
98.0
24.0
36.0
4.0
0.0
0.0
0.0
0.0
0.0
6.0
0.0
0.0
4.0
6.0
0.0
0.0
0.0
120.0
62.0
4.0
0.0
0.0
6.0
0.0
0.0
0.0
0.0
0.0
54.0
78.0
0.0
0.0
10.0
24.0
6.0
16.0
4.0
12.0
0.0
0.0
0.0
0.0
0.0
0.0
2.0
34.0
10.0
0.0
40.0
0.0
0.0
38.0
30.0
0.0
136.0
62.0
52.0
12.0
8.0
0.0
0.0
14.0
8.0
16.0
0.0
36.0
0.0
0.0
0.0
0.0
0.0
0.0
0.0
0.0
0.0
0.0
240.0
22.0
0.0
120.0
52.0
0.0
0.0
0.0
0.0
4.0
0.0
3.0
50.0
0.0
0.0
22.0
34.0
12.0
0.0
0.0
0.0
0.0
0.0
0.0
84.0
20.0
6.0
0.0
0.0
22.0
4.0
0.0
12.0
8.0
208.0
12.0
0.0
0.0
6.0
66.0
0.0
0.0
0.0
0.0
12.0
0.0
30.0
0.0
34.0
82.0
8.0
0.0
0.0
0.0
0.0
0.0
0.0
0.0
0.0
26.0
0.0
0.0
0.0
0.0
0.0
0.0
0.0
0.0
33.0
4.0
0.0
0.0
290.0
174.0
154.0
4.0
0.0
0.0
0.0
0.0
0.0
0.0
160.0
0.0
0.0
0.0
0.0
0.0
0.0
0.0
0.0
53.0
0.0
0.0
0.0
14.0
0.0
0.0
18.0
0.0
0.0
0.0
NaN
0.0
0.0
0.0
0.0
0.0
0.0
0.0
0.0
0.0
0.0
180.0
80.0
28.0
0.0
0.0
0.0
0.0
0.0
0.0
10.0
8.0
0.0
0.0
0.0
0.0
0.0
0.0
0.0
18.0
10.0
4.0
0.0
0.0
6.0
0.0
32.0
0.0
0.0
0.0
0.0
0.0
0.0
0.0
0.0
0.0
0.0
0.0
0.0
0.0
0.0
20.0
0.0
68.0
0.0
0.0
0.0
0.0
0.0
46.0
0.0
0.0
18.0
0.0
0.0
0.0
0.0
0.0
0.0
0.0
0.0
0.0
12.0
0.0
6.0
30.0
22.0
0.0
0.0
0.0
0.0
0.0
0.0
0.0
0.0
0.0
0.0
20.0
0.0
0.0
16.0
0.0
0.0
40.0
3.0
0.0
0.0
14.0
0.0
0.0
0.0
10.0
24.0
0.0
0.0
66.0
0.0
0.0
0.0
0.0
0.0
0.0
18.0
30.0
0.0
0.0
0.0
0.0
0.0
53.0
16.0
16.0
0.0
0.0
0.0
0.0
10.0
0.0
0.0
0.0
0.0
30.0
0.0
0.0
0.0
0.0
0.0
0.0
NaN
NaN
0.0
0.0
0.0
0.0
NaN
0.0
0.0
0.0
0.0
0.0
0.0
0.0
NaN
0.0
0.0
0.0
0.0
NaN
0.0
0.0
0.0
0.0
0.0
0.0
0.0
0.0
0.0
0.0
0.0
0.0
0.0
112.0
14.0
6.0
0.0
13.0
0.0
0.0
0.0
72.0
66.0
12.0
0.0
0.0
0.0
0.0
0.0
0.0
0.0
10.0
0.0
0.0
0.0
0.0
0.0
90.0
58.0
NaN
6.0
0.0
0.0
0.0
0.0
0.0
84.0
42.0
308.0
0.0
0.0
0.0
0.0
0.0
0.0
46.0
0.0
0.0
0.0
0.0
50.0
38.0
14.0
0.0
0.0
260.0
0.0
0.0
40.0
0.0
0.0
0.0
0.0
0.0
0.0
54.0
0.0
0.0
24.0
0.0
0.0
0.0
53.0
0.0
0.0
120.0
0.0
0.0
0.0
61.0
36.0
0.0
0.0
8.0
0.0
0.0
58.0
54.0
0.0
0.0
0.0
0.0
0.0
0.0
0.0
0.0
0.0
0.0
16.0
242.0
0.0
0.0
0.0
236.0
108.0
0.0
0.0
0.0
0.0
0.0
0.0
0.0
0.0
280.0
0.0
0.0
0.0
0.0
0.0
0.0
0.0
546.0
100.0
70.0
8.0
6.0
0.0
30.0
0.0
0.0
0.0
0.0
0.0
0.0
0.0
0.0
0.0
0.0
0.0
0.0
0.0
0.0
0.0
260.0
110.0
14.0
0.0
0.0
228.0
24.0
0.0
0.0
0.0
0.0
0.0
0.0
0.0
18.0
0.0
0.0
0.0
0.0
0.0
0.0
0.0
0.0
0.0
0.0
30.0
34.0
0.0
0.0
0.0
0.0
50.0
0.0
0.0
0.0
0.0
0.0
0.0
0.0
0.0
0.0
0.0
0.0
60.0
74.0
0.0
0.0
0.0
0.0
0.0
0.0
64.0
0.0
0.0
0.0
0.0
0.0
0.0
0.0
0.0
0.0
0.0
0.0
0.0
0.0
0.0
0.0
0.0
0.0
0.0
0.0
0.0
0.0
0.0
0.0
0.0
0.0
0.0
62.0
2.0
0.0
50.0
0.0
0.0
0.0
0.0
0.0
0.0
0.0
0.0
78.0
0.0
0.0
0.0
0.0
36.0
NaN
0.0
0.0
4.0
4.0
0.0
0.0
6.0
4.0
18.0
0.0
0.0
0.0
2.0
0.0
0.0
18.0
0.0
0.0
0.0
0.0
0.0
0.0
0.0
42.0
32.0
0.0
0.0
5.0
6.0
0.0
24.0
NaN
0.0
2.0
0.0
20.0
0.0
0.0
0.0
0.0
20.0
0.0
0.0
0.0
10.0
74.0
0.0
10.0
0.0
0.0
0.0
34.0
0.0
0.0
0.0
0.0
2.0
0.0
0.0
12.0
90.0
0.0
0.0
0.0
0.0
0.0
0.0
48.0
0.0
0.0
0.0
0.0
16.0
0.0
0.0
0.0
48.0
0.0
22.0
0.0
0.0
0.0
0.0
0.0
14.0
0.0
20.0
0.0
14.0
0.0
0.0
0.0
0.0
0.0
0.0
0.0
0.0
0.0
0.0
0.0
0.0
0.0
0.0
0.0
0.0
18.0
4.0
25.0
30.0
0.0
0.0
4.0
124.0
0.0
0.0
32.0
12.0
134.0
0.0
0.0
0.0
20.0
350.0
0.0
0.0
0.0
0.0
32.0
0.0
0.0
0.0
0.0
0.0
44.0
0.0
0.0
52.0
0.0
62.0
66.0
54.0
0.0
0.0
0.0
0.0
0.0
0.0
0.0
0.0
0.0
0.0
0.0
0.0
0.0
40.0
20.0
40.0
6.0
0.0
0.0
0.0
0.0
0.0
0.0
90.0
0.0
116.0
77.0
0.0
0.0
0.0
0.0
0.0
0.0
0.0
0.0
14.0
0.0
0.0
0.0
0.0
0.0
188.0
0.0
0.0
80.0
0.0
68.0
8.0
32.0
200.0
12.0
0.0
0.0
0.0
0.0
0.0
0.0
0.0
0.0
208.0
23.0
0.0
0.0
8.0
22.0
0.0
0.0
568.0
20.0
0.0
0.0
0.0
40.0
70.0
22.0
0.0
0.0
0.0
22.0
0.0
0.0
200.0
94.0
0.0
0.0
0.0
0.0
0.0
0.0
100.0
NaN
0.0
0.0
0.0
0.0
0.0
0.0
0.0
0.0
58.0
0.0
0.0
0.0
0.0
0.0
24.0
0.0
0.0
0.0
70.0
42.0
0.0
18.0
0.0
0.0
0.0
68.0
60.0
0.0
0.0
0.0
0.0
38.0
0.0
0.0
0.0
0.0
0.0
12.0
0.0
0.0
0.0
14.0
124.0
0.0
30.0
0.0
0.0
0.0
88.0
0.0
32.0
71.0
0.0
0.0
66.0
52.0
0.0
0.0
0.0
0.0
0.0
0.0
0.0
0.0
0.0
0.0
0.0
0.0
0.0
0.0
0.0
16.0
0.0
0.0
0.0
36.0
164.0
0.0
0.0
0.0
50.0
0.0
0.0
0.0
0.0
0.0
0.0
0.0
0.0
0.0
0.0
6.0
0.0
0.0
12.0
0.0
24.0
8.0
0.0
50.0
0.0
0.0
0.0
0.0
0.0
0.0
0.0
20.0
80.0
38.0
0.0
12.0
6.0
80.0
0.0
0.0
0.0
0.0
0.0
2.0
0.0
0.0
0.0
0.0
0.0
0.0
0.0
0.0
0.0
0.0
0.0
0.0
0.0
0.0
0.0
0.0
60.0
0.0
0.0
0.0
0.0
0.0
0.0
0.0
0.0
0.0
0.0
0.0
0.0
0.0
16.0
0.0
0.0
6.0
0.0
0.0
0.0
20.0
0.0
0.0
0.0
0.0
0.0
4.0
2.0
50.0
20.0
0.0
0.0
4.0
0.0
4.0
0.0
0.0
80.0
6.0
0.0
0.0
0.0
4.0
34.0
0.0
30.0
32.0
26.0
30.0
42.0
0.0
0.0
NaN
NaN
0.0
0.0
0.0
0.0
0.0
70.0
0.0
16.0
0.0
0.0
0.0
0.0
0.0
0.0
0.0
0.0
0.0
0.0
0.0
0.0
14.0
6.0
60.0
56.0
0.0
0.0
0.0
0.0
0.0
0.0
0.0
0.0
30.0
0.0
0.0
0.0
0.0
0.0
0.0
0.0
0.0
0.0
0.0
0.0
0.0
0.0
0.0
0.0
0.0
0.0
0.0
0.0
0.0
0.0
0.0
30.0
0.0
0.0
0.0
0.0
26.0
10.0
40.0
0.0
0.0
0.0
0.0
0.0
0.0
0.0
20.0
10.0
3.0
0.0
0.0
0.0
58.0
0.0
0.0
14.0
16.0
0.0
0.0
0.0
14.0
0.0
0.0
0.0
0.0
0.0
10.0
16.0
0.0
34.0
166.0
8.0
0.0
0.0
64.0
34.0
14.0
0.0
0.0
80.0
8.0
0.0
0.0
24.0
88.0
0.0
0.0
0.0
0.0
30.0
16.0
0.0
0.0
0.0
200.0
40.0
160.0
134.0
38.0
0.0
0.0
0.0
0.0
0.0
59.0
0.0
0.0
410.0
0.0
222.0
22.0
4.0
82.0
26.0
0.0
54.0
0.0
0.0
0.0
120.0
0.0
0.0
72.0
36.0
0.0
0.0
0.0
0.0
0.0
0.0
0.0
0.0
0.0
0.0
0.0
0.0
6.0
18.0
0.0
92.0
0.0
0.0
0.0
0.0
0.0
NaN
0.0
0.0
0.0
88.0
4.0
20.0
0.0
22.0
60.0
16.0
0.0
0.0
0.0
0.0
18.0
0.0
12.0
0.0
0.0
90.0
0.0
8.0
10.0
0.0
0.0
0.0
42.0
38.0
24.0
8.0
8.0
0.0
0.0
0.0
0.0
26.0
0.0
0.0
0.0
0.0
0.0
0.0
0.0
0.0
0.0
0.0
0.0
0.0
0.0
136.0
NaN
0.0
0.0
0.0
0.0
10.0
0.0
0.0
0.0
0.0
0.0
0.0
0.0
0.0
0.0
0.0
40.0
0.0
12.0
0.0
0.0
40.0
0.0
0.0
0.0
0.0
0.0
0.0
0.0
28.0
0.0
0.0
0.0
0.0
0.0
0.0
40.0
0.0
0.0
0.0
0.0
0.0
0.0
0.0
124.0
0.0
0.0
0.0
72.0
0.0
0.0
0.0
0.0
0.0
0.0
60.0
0.0
0.0
0.0
0.0
0.0
0.0
0.0
0.0
0.0
NaN
0.0
0.0
0.0
0.0
0.0
0.0
18.0
15.0
0.0
4.0
0.0
20.0
22.0
44.0
0.0
0.0
0.0
0.0
0.0
0.0
14.0
0.0
0.0
0.0
0.0
0.0
0.0
10.0
0.0
0.0
0.0
0.0
0.0
0.0
0.0
0.0
0.0
0.0
0.0
0.0
16.0
10.0
0.0
0.0
0.0
0.0
16.0
0.0
18.0
0.0
0.0
0.0
0.0
80.0
10.0
30.0
0.0
0.0
0.0
0.0
0.0
0.0
14.0
0.0
0.0
0.0
0.0
0.0
25.0
20.0
0.0
30.0
0.0
0.0
30.0
0.0
26.0
42.0
0.0
0.0
0.0
0.0
0.0
0.0
6.0
0.0
0.0
0.0
0.0
0.0
0.0
0.0
0.0
0.0
0.0
0.0
0.0
0.0
0.0
0.0
0.0
20.0
0.0
0.0
0.0
0.0
20.0
0.0
0.0
24.0
4.0
0.0
22.0
100.0
0.0
0.0
0.0
0.0
0.0
84.0
36.0
0.0
0.0
18.0
42.0
0.0
32.0
0.0
0.0
0.0
0.0
0.0
0.0
0.0
0.0
0.0
0.0
0.0
6.0
3.0
0.0
0.0
0.0
0.0
0.0
0.0
52.0
192.0
432.0
26.0
0.0
0.0
0.0
0.0
0.0
0.0
0.0
0.0
0.0
0.0
0.0
0.0
0.0
0.0
16.0
0.0
0.0
58.0
0.0
0.0
0.0
0.0
0.0
0.0
22.0
0.0
82.0
100.0
220.0
18.0
0.0
0.0
0.0
0.0
16.0
0.0
0.0
0.0
0.0
54.0
0.0
56.0
0.0
100.0
0.0
0.0
0.0
0.0
0.0
0.0
96.0
0.0
0.0
0.0
70.0
0.0
0.0
0.0
0.0
0.0
0.0
0.0
0.0
74.0
0.0
0.0
18.0
0.0
0.0
0.0
0.0
12.0
156.0
0.0
14.0
0.0
0.0
0.0
0.0
0.0
0.0
44.0
0.0
0.0
254.0
0.0
0.0
14.0
0.0
0.0
40.0
60.0
0.0
0.0
0.0
0.0
0.0
0.0
NaN
0.0
0.0
0.0
0.0
22.0
0.0
0.0
0.0
0.0
0.0
NaN
NaN
41.0
32.0
38.0
0.0
51.0
14.0
0.0
0.0
0.0
20.0
0.0
0.0
0.0
0.0
0.0
12.0
158.0
20.0
8.0
0.0
16.0
0.0
0.0
0.0
6.0
60.0
0.0
0.0
0.0
60.0
82.0
24.0
0.0
0.0
0.0
0.0
34.0
0.0
0.0
0.0
56.0
0.0
0.0
0.0
0.0
0.0
0.0
0.0
0.0
0.0
0.0
0.0
0.0
26.0
0.0
0.0
26.0
12.0
32.0
0.0
48.0
0.0
4.0
0.0
0.0
0.0
0.0
0.0
0.0
2.0
0.0
0.0
0.0
0.0
0.0
0.0
14.0
0.0
2.0
0.0
8.0
18.0
4.0
0.0
8.0
0.0
26.0
0.0
0.0
0.0
6.0
0.0
12.0
0.0
0.0
0.0
0.0
0.0
4.0
0.0
0.0
0.0
0.0
0.0
0.0
0.0
0.0
0.0
0.0
0.0
40.0
18.0
0.0
0.0
12.0
12.0
12.0
22.0
0.0
18.0
0.0
60.0
60.0
0.0
0.0
0.0
0.0
0.0
0.0
0.0
0.0
0.0
0.0
0.0
30.0
30.0
0.0
0.0
0.0
0.0
0.0
2.0
4.0
0.0
0.0
4.0
0.0
40.0
0.0
0.0
0.0
30.0
8.0
0.0
0.0
0.0
0.0
0.0
4.0
0.0
16.0
0.0
0.0
0.0
0.0
6.0
4.0
22.0
0.0
16.0
6.0
4.0
4.0
18.0
4.0
0.0
0.0
0.0
0.0
0.0
2.0
0.0
0.0
0.0
0.0
0.0
4.0
3.0
5.0
0.0
0.0
0.0
0.0
0.0
0.0
3.0
0.0
0.0
0.0
0.0
0.0
30.0
2.0
0.0
0.0
0.0
0.0
0.0
0.0
0.0
0.0
0.0
0.0
0.0
14.0
0.0
0.0
8.0
0.0
0.0
0.0
10.0
0.0
0.0
0.0
0.0
0.0
0.0
0.0
0.0
0.0
0.0
0.0
0.0
0.0
32.0
0.0
0.0
0.0
0.0
0.0
0.0
0.0
0.0
0.0
0.0
0.0
0.0
0.0
0.0
0.0
0.0
0.0
0.0
10.0
0.0
0.0
0.0
0.0
0.0
0.0
0.0
0.0
0.0
0.0
0.0
24.0
26.0
0.0
386.0
0.0
32.0
39.0
0.0
0.0
24.0
0.0
0.0
0.0
0.0
0.0
0.0
0.0
0.0
0.0
18.0
0.0
0.0
0.0
0.0
0.0
0.0
58.0
0.0
0.0
0.0
0.0
0.0
146.0
0.0
16.0
8.0
0.0
0.0
0.0
36.0
8.0
12.0
0.0
0.0
0.0
0.0
0.0
0.0
0.0
0.0
18.0
0.0
6.0
22.0
10.0
0.0
8.0
0.0
0.0
0.0
50.0
0.0
128.0
0.0
0.0
0.0
0.0
0.0
0.0
28.0
0.0
0.0
0.0
0.0
0.0
0.0
0.0
0.0
86.0
244.0
534.0
0.0
0.0
0.0
0.0
0.0
0.0
0.0
22.0
0.0
0.0
0.0
0.0
28.0
254.0
15.0
0.0
0.0
0.0
0.0
40.0
132.0
0.0
0.0
58.0
0.0
0.0
0.0
0.0
0.0
36.0
2.0
0.0
NaN
NaN
50.0
114.0
26.0
0.0
4.0
0.0
0.0
0.0
0.0
0.0
32.0
4.0
18.0
52.0
0.0
0.0
34.0
0.0
4.0
0.0
0.0
16.0
30.0
0.0
0.0
0.0
10.0
10.0
0.0
48.0
0.0
0.0
106.0
4.0
0.0
0.0
14.0
0.0
0.0
0.0
0.0
0.0
0.0
0.0
0.0
0.0
0.0
0.0
66.0
206.0
0.0
4.0
5.0
0.0
0.0
39.0
36.0
0.0
0.0
16.0
0.0
0.0
9.0
92.0
0.0
0.0
2.0
0.0
0.0
0.0
0.0
50.0
0.0
0.0
0.0
26.0
0.0
66.0
0.0
0.0
0.0
18.0
0.0
68.0
12.0
0.0
0.0
0.0
0.0
0.0
0.0
0.0
0.0
0.0
0.0
0.0
0.0
0.0
0.0
0.0
0.0
0.0
0.0
0.0
0.0
56.0
20.0
28.0
0.0
27.0
0.0
0.0
0.0
12.0
0.0
0.0
42.0
0.0
0.0
38.0
2.0
0.0
0.0
0.0
70.0
22.0
0.0
0.0
0.0
0.0
0.0
0.0
10.0
0.0
68.0
14.0
0.0
16.0
0.0
22.0
0.0
0.0
8.0
2.0
0.0
0.0
0.0
12.0
0.0
0.0
0.0
0.0
56.0
6.0
27.0
0.0
60.0
26.0
0.0
0.0
0.0
0.0
0.0
0.0
0.0
0.0
0.0
0.0
0.0
0.0
0.0
0.0
0.0
0.0
0.0
0.0
0.0
0.0
0.0
0.0
0.0
0.0
0.0
0.0
0.0
0.0
30.0
0.0
250.0
50.0
0.0
0.0
0.0
0.0
16.0
0.0
0.0
0.0
0.0
0.0
0.0
0.0
0.0
0.0
0.0
0.0
60.0
20.0
0.0
0.0
0.0
0.0
0.0
0.0
0.0
0.0
0.0
0.0
0.0
0.0
0.0
0.0
0.0
0.0
0.0
0.0
30.0
0.0
0.0
50.0
0.0
18.0
107.0
0.0
2.0
8.0
0.0
0.0
0.0
0.0
0.0
0.0
0.0
0.0
0.0
0.0
0.0
0.0
0.0
0.0
58.0
0.0
0.0
0.0
0.0
0.0
0.0
0.0
0.0
0.0
0.0
0.0
0.0
0.0
0.0
0.0
2.0
0.0
0.0
48.0
18.0
0.0
0.0
0.0
0.0
20.0
72.0
0.0
21.0
0.0
0.0
0.0
0.0
0.0
56.0
22.0
58.0
0.0
0.0
34.0
0.0
0.0
310.0
4.0
0.0
0.0
30.0
0.0
70.0
0.0
0.0
33.0
6.0
20.0
0.0
0.0
0.0
0.0
0.0
0.0
0.0
112.0
6.0
6.0
0.0
10.0
0.0
0.0
0.0
0.0
0.0
0.0
40.0
110.0
0.0
0.0
0.0
20.0
22.0
14.0
0.0
0.0
0.0
0.0
0.0
0.0
0.0
0.0
0.0
83.0
0.0
0.0
0.0
0.0
0.0
0.0
0.0
0.0
264.0
0.0
0.0
0.0
32.0
138.0
0.0
0.0
95.0
0.0
0.0
0.0
0.0
0.0
0.0
0.0
0.0
0.0
18.0
0.0
0.0
49.0
0.0
0.0
0.0
0.0
0.0
0.0
20.0
196.0
8.0
0.0
0.0
0.0
0.0
4.0
0.0
0.0
0.0
38.0
0.0
0.0
0.0
26.0
0.0
0.0
0.0
0.0
0.0
22.0
40.0
10.0
0.0
0.0
0.0
0.0
0.0
0.0
45.0
0.0
4.0
15.0
0.0
0.0
0.0
0.0
0.0
0.0
0.0
0.0
0.0
170.0
26.0
0.0
16.0
50.0
0.0
0.0
0.0
26.0
24.0
0.0
0.0
0.0
0.0
0.0
0.0
0.0
0.0
0.0
0.0
280.0
73.0
25.0
10.0
0.0
0.0
0.0
0.0
0.0
0.0
0.0
0.0
9.0
40.0
0.0
0.0
0.0
0.0
0.0
0.0
8.0
0.0
0.0
0.0
0.0
10.0
0.0
0.0
0.0
0.0
0.0
6.0
0.0
0.0
0.0
130.0
0.0
0.0
0.0
0.0
0.0
0.0
0.0
0.0
0.0
0.0
0.0
0.0
0.0
0.0
18.0
0.0
0.0
0.0
22.0
18.0
4.0
16.0
50.0
0.0
0.0
56.0
0.0
0.0
0.0
10.0
0.0
12.0
0.0
0.0
0.0
0.0
0.0
0.0
0.0
0.0
0.0
0.0
0.0
0.0
0.0
0.0
NaN
0.0
0.0
0.0
0.0
0.0
0.0
0.0
0.0
2.0
0.0
0.0
0.0
0.0
0.0
0.0
0.0
0.0
0.0
6.0
8.0
22.0
0.0
0.0
0.0
0.0
0.0
0.0
35.0
0.0
0.0
0.0
0.0
0.0
0.0
0.0
0.0
0.0
0.0
0.0
0.0
0.0
0.0
0.0
0.0
0.0
30.0
0.0
0.0
0.0
0.0
0.0
0.0
100.0
5.0
0.0
0.0
0.0
0.0
0.0
0.0
0.0
0.0
0.0
0.0
0.0
0.0
0.0
0.0
78.0
0.0
0.0
0.0
0.0
0.0
48.0
92.0
20.0
92.0
20.0
0.0
0.0
0.0
0.0
3.0
0.0
0.0
6.0
0.0
0.0
30.0
134.0
0.0
0.0
6.0
0.0
0.0
0.0
0.0
22.0
0.0
0.0
0.0
28.0
106.0
0.0
0.0
53.0
0.0
0.0
0.0
0.0
0.0
0.0
0.0
8.0
0.0
0.0
0.0
12.0
0.0
0.0
0.0
14.0
277.0
16.0
30.0
30.0
0.0
0.0
0.0
0.0
60.0
0.0
0.0
234.0
0.0
0.0
0.0
0.0
136.0
14.0
0.0
0.0
0.0
8.0
0.0
0.0
0.0
0.0
0.0
0.0
0.0
0.0
0.0
32.0
144.0
28.0
25.0
0.0
112.0
24.0
44.0
0.0
0.0
0.0
0.0
0.0
22.0
124.0
16.0
0.0
0.0
0.0
0.0
34.0
0.0
0.0
0.0
0.0
0.0
0.0
0.0
0.0
6.0
0.0
0.0
0.0
0.0
0.0
26.0
4.0
72.0
4.0
320.0
0.0
0.0
0.0
80.0
0.0
0.0
0.0
0.0
0.0
34.0
0.0
12.0
16.0
0.0
18.0
4.0
0.0
0.0
0.0
0.0
66.0
6.0
0.0
0.0
12.0
0.0
6.0
0.0
0.0
6.0
114.0
0.0
0.0
0.0
0.0
177.0
0.0
0.0
0.0
0.0
34.0
0.0
0.0
0.0
0.0
0.0
50.0
0.0
0.0
26.0
0.0
0.0
0.0
72.0
0.0
20.0
0.0
0.0
0.0
0.0
0.0
0.0
0.0
0.0
14.0
0.0
18.0
0.0
0.0
0.0
0.0
0.0
4.0
0.0
20.0
10.0
8.0
0.0
2.0
10.0
0.0
24.0
26.0
0.0
0.0
0.0
4.0
10.0
4.0
0.0
0.0
0.0
0.0
0.0
0.0
0.0
4.0
2.0
0.0
0.0
5.0
0.0
6.0
0.0
42.0
0.0
10.0
0.0
0.0
0.0
0.0
0.0
8.0
6.0
0.0
0.0
4.0
0.0
32.0
0.0
0.0
0.0
0.0
0.0
0.0
16.0
0.0
0.0
0.0
0.0
0.0
0.0
0.0
6.0
0.0
0.0
12.0
32.0
0.0
12.0
0.0
NaN
0.0
22.0
0.0
NaN
0.0
0.0
0.0
0.0
0.0
0.0
0.0
0.0
0.0
82.0
0.0
0.0
0.0
0.0
0.0
0.0
0.0
0.0
10.0
0.0
22.0
33.0
0.0
14.0
20.0
0.0
0.0
0.0
0.0
0.0
0.0
0.0
0.0
0.0
0.0
0.0
2.0
0.0
0.0
0.0
18.0
0.0
0.0
0.0
0.0
0.0
0.0
148.0
0.0
8.0
18.0
0.0
36.0
0.0
0.0
0.0
0.0
0.0
0.0
0.0
0.0
0.0
0.0
0.0
0.0
0.0
0.0
0.0
0.0
0.0
0.0
0.0
60.0
20.0
4.0
0.0
0.0
0.0
0.0
4.0
0.0
232.0
5.0
0.0
0.0
0.0
0.0
0.0
0.0
0.0
6.0
0.0
44.0
102.0
14.0
0.0
0.0
0.0
0.0
0.0
0.0
0.0
0.0
0.0
6.0
80.0
170.0
90.0
9.0
0.0
0.0
30.0
0.0
0.0
0.0
0.0
0.0
0.0
0.0
0.0
0.0
0.0
0.0
0.0
0.0
164.0
NaN
0.0
0.0
0.0
0.0
44.0
0.0
0.0
0.0
0.0
0.0
0.0
0.0
46.0
0.0
0.0
0.0
0.0
48.0
0.0
0.0
208.0
36.0
0.0
14.0
138.0
0.0
0.0
0.0
0.0
0.0
98.0
0.0
12.0
16.0
14.0
14.0
20.0
146.0
204.0
6.0
0.0
4.0
0.0
0.0
0.0
0.0
0.0
0.0
0.0
122.0
188.0
0.0
0.0
0.0
100.0
10.0
20.0
46.0
26.0
0.0
0.0
14.0
14.0
0.0
0.0
0.0
0.0
0.0
0.0
0.0
0.0
0.0
52.0
0.0
0.0
0.0
0.0
10.0
0.0
0.0
0.0
0.0
46.0
0.0
0.0
0.0
6.0
0.0
0.0
0.0
0.0
24.0
0.0
0.0
0.0
16.0
2.0
0.0
0.0
0.0
0.0
0.0
0.0
0.0
0.0
0.0
0.0
12.0
0.0
20.0
2.0
0.0
0.0
0.0
0.0
2.0
0.0
0.0
26.0
10.0
0.0
0.0
0.0
0.0
0.0
0.0
0.0
0.0
0.0
0.0
0.0
0.0
0.0
0.0
0.0
0.0
NaN
0.0
0.0
NaN
0.0
0.0
0.0
NaN
0.0
0.0
0.0
0.0
0.0
0.0
16.0
16.0
0.0
0.0
0.0
0.0
0.0
12.0
0.0
0.0
28.0
22.0
0.0
0.0
0.0
0.0
0.0
0.0
0.0
0.0
10.0
0.0
0.0
0.0
28.0
0.0
0.0
0.0
0.0
0.0
20.0
0.0
0.0
0.0
0.0
0.0
0.0
0.0
0.0
0.0
0.0
0.0
0.0
0.0
30.0
8.0
6.0
70.0
70.0
60.0
0.0
0.0
0.0
0.0
0.0
0.0
0.0
0.0
0.0
0.0
0.0
0.0
0.0
0.0
0.0
0.0
0.0
0.0
0.0
0.0
0.0
0.0
0.0
0.0
41.0
0.0
16.0
0.0
8.0
0.0
0.0
0.0
0.0
0.0
0.0
0.0
78.0
0.0
0.0
0.0
0.0
0.0
0.0
0.0
0.0
0.0
0.0
0.0
0.0
0.0
0.0
0.0
0.0
0.0
0.0
0.0
0.0
0.0
0.0
0.0
0.0
0.0
0.0
32.0
32.0
0.0
0.0
0.0
0.0
0.0
0.0
0.0
30.0
0.0
0.0
0.0
0.0
0.0
0.0
0.0
0.0
0.0
10.0
0.0
0.0
0.0
0.0
26.0
250.0
0.0
0.0
0.0
0.0
0.0
42.0
20.0
0.0
0.0
0.0
0.0
28.0
18.0
0.0
140.0
0.0
0.0
0.0
14.0
0.0
0.0
0.0
0.0
0.0
0.0
10.0
8.0
0.0
0.0
0.0
0.0
0.0
92.0
156.0
12.0
14.0
0.0
0.0
0.0
0.0
0.0
0.0
0.0
18.0
20.0
190.0
134.0
8.0
0.0
0.0
0.0
46.0
0.0
14.0
195.0
12.0
0.0
0.0
0.0
0.0
156.0
6.0
16.0
90.0
6.0
0.0
8.0
234.0
4.0
10.0
0.0
0.0
0.0
78.0
0.0
0.0
0.0
0.0
0.0
0.0
0.0
16.0
64.0
60.0
8.0
0.0
0.0
0.0
0.0
0.0
0.0
0.0
0.0
80.0
0.0
0.0
22.0
0.0
50.0
68.0
48.0
0.0
0.0
0.0
144.0
42.0
8.0
0.0
0.0
0.0
0.0
0.0
84.0
52.0
84.0
6.0
0.0
0.0
0.0
0.0
0.0
0.0
0.0
0.0
0.0
0.0
0.0
0.0
NaN
NaN
0.0
0.0
0.0
0.0
0.0
0.0
0.0
16.0
NaN
0.0
8.0
NaN
NaN
NaN
0.0
0.0
0.0
0.0
18.0
0.0
6.0
0.0
0.0
0.0
0.0
0.0
0.0
52.0
0.0
14.0
0.0
0.0
54.0
0.0
0.0
0.0
0.0
6.0
34.0
0.0
26.0
38.0
0.0
0.0
0.0
54.0
4.0
0.0
0.0
0.0
0.0
0.0
0.0
22.0
0.0
0.0
0.0
0.0
0.0
0.0
0.0
0.0
14.0
26.0
8.0
NaN
0.0
0.0
0.0
0.0
0.0
2.0
0.0
0.0
0.0
0.0
0.0
0.0
150.0
0.0
45.0
30.0
0.0
0.0
0.0
0.0
0.0
0.0
0.0
0.0
0.0
0.0
24.0
2.0
34.0
0.0
0.0
4.0
0.0
0.0
0.0
20.0
0.0
2.0
NaN
0.0
0.0
0.0
0.0
0.0
0.0
0.0
0.0
0.0
34.0
0.0
0.0
0.0
0.0
0.0
0.0
0.0
0.0
0.0
0.0
0.0
0.0
26.0
0.0
0.0
0.0
24.0
8.0
0.0
0.0
0.0
0.0
0.0
6.0
0.0
0.0
0.0
0.0
0.0
0.0
0.0
0.0
0.0
0.0
0.0
0.0
0.0
0.0
20.0
60.0
24.0
0.0
0.0
0.0
0.0
0.0
0.0
10.0
2.0
14.0
0.0
0.0
0.0
0.0
14.0
12.0
14.0
18.0
0.0
0.0
0.0
14.0
48.0
0.0
0.0
0.0
26.0
36.0
0.0
32.0
8.0
0.0
0.0
0.0
36.0
0.0
0.0
0.0
0.0
0.0
0.0
0.0
0.0
0.0
0.0
0.0
0.0
0.0
0.0
0.0
0.0
0.0
0.0
0.0
0.0
0.0
0.0
0.0
4.0
2.0
0.0
0.0
0.0
122.0
0.0
6.0
0.0
0.0
0.0
0.0
0.0
0.0
10.0
100.0
30.0
0.0
0.0
52.0
0.0
0.0
22.0
0.0
16.0
0.0
0.0
0.0
0.0
0.0
0.0
7.0
20.0
4.0
0.0
0.0
0.0
0.0
0.0
0.0
20.0
2.0
22.0
0.0
0.0
0.0
40.0
42.0
4.0
0.0
0.0
0.0
0.0
32.0
134.0
0.0
150.0
70.0
4.0
0.0
114.0
0.0
76.0
0.0
18.0
0.0
0.0
0.0
0.0
0.0
0.0
0.0
0.0
30.0
0.0
0.0
180.0
136.0
144.0
0.0
0.0
0.0
0.0
44.0
10.0
0.0
0.0
0.0
254.0
0.0
0.0
148.0
262.0
44.0
0.0
0.0
0.0
0.0
0.0
0.0
4.0
0.0
14.0
0.0
0.0
0.0
20.0
0.0
0.0
0.0
0.0
0.0
0.0
0.0
0.0
200.0
17.0
0.0
0.0
0.0
0.0
0.0
38.0
0.0
0.0
0.0
14.0
0.0
0.0
0.0
0.0
40.0
0.0
14.0
0.0
0.0
0.0
0.0
110.0
16.0
8.0
0.0
0.0
0.0
0.0
16.0
0.0
0.0
0.0
164.0
0.0
0.0
0.0
0.0
0.0
10.0
0.0
0.0
0.0
0.0
0.0
0.0
0.0
0.0
0.0
0.0
0.0
0.0
0.0
0.0
16.0
4.0
0.0
0.0
0.0
0.0
0.0
0.0
0.0
0.0
0.0
0.0
0.0
20.0
0.0
0.0
79.0
14.0
30.0
0.0
0.0
0.0
16.0
0.0
10.0
NaN
0.0
44.0
0.0
0.0
0.0
0.0
0.0
0.0
0.0
0.0
0.0
0.0
12.0
0.0
0.0
0.0
0.0
0.0
0.0
0.0
20.0
0.0
0.0
0.0
0.0
0.0
0.0
26.0
14.0
0.0
0.0
4.0
22.0
26.0
0.0
0.0
0.0
16.0
12.0
0.0
0.0
0.0
0.0
0.0
0.0
0.0
0.0
0.0
0.0
0.0
0.0
0.0
0.0
0.0
0.0
0.0
0.0
0.0
0.0
96.0
0.0
0.0
0.0
0.0
0.0
0.0
0.0
0.0
0.0
0.0
0.0
0.0
0.0
0.0
30.0
0.0
18.0
96.0
76.0
0.0
0.0
0.0
0.0
0.0
0.0
0.0
0.0
0.0
60.0
0.0
0.0
0.0
0.0
0.0
104.0
0.0
0.0
0.0
0.0
0.0
0.0
0.0
14.0
0.0
0.0
0.0
0.0
0.0
0.0
0.0
4.0
12.0
0.0
0.0
0.0
0.0
0.0
28.0
0.0
0.0
0.0
0.0
0.0
0.0
0.0
0.0
0.0
0.0
4.0
6.0
0.0
0.0
0.0
46.0
0.0
0.0
0.0
58.0
46.0
0.0
0.0
0.0
0.0
0.0
0.0
0.0
0.0
0.0
0.0
0.0
0.0
0.0
0.0
8.0
0.0
0.0
0.0
2.0
0.0
0.0
0.0
0.0
0.0
0.0
0.0
0.0
0.0
0.0
0.0
0.0
0.0
0.0
0.0
0.0
0.0
0.0
15.0
2.0
0.0
0.0
0.0
0.0
0.0
0.0
6.0
0.0
0.0
0.0
0.0
0.0
0.0
0.0
0.0
0.0
0.0
20.0
0.0
0.0
0.0
0.0
8.0
0.0
0.0
0.0
0.0
0.0
0.0
14.0
0.0
0.0
0.0
0.0
0.0
0.0
0.0
0.0
0.0
6.0
0.0
0.0
8.0
0.0
0.0
0.0
0.0
0.0
0.0
0.0
24.0
0.0
0.0
0.0
54.0
0.0
0.0
0.0
0.0
0.0
0.0
30.0
10.0
0.0
0.0
144.0
4.0
0.0
0.0
12.0
0.0
8.0
270.0
138.0
22.0
0.0
0.0
30.0
30.0
0.0
14.0
204.0
172.0
0.0
6.0
28.0
6.0
0.0
18.0
0.0
96.0
10.0
0.0
52.0
254.0
0.0
3.0
0.0
0.0
0.0
0.0
0.0
0.0
0.0
18.0
0.0
0.0
30.0
60.0
60.0
88.0
12.0
0.0
24.0
44.0
10.0
0.0
0.0
0.0
0.0
0.0
0.0
0.0
0.0
0.0
0.0
0.0
10.0
0.0
0.0
0.0
0.0
0.0
0.0
6.0
0.0
0.0
0.0
0.0
0.0
0.0
80.0
60.0
0.0
0.0
0.0
0.0
0.0
0.0
0.0
6.0
2.0
0.0
0.0
0.0
0.0
0.0
30.0
0.0
0.0
0.0
96.0
0.0
0.0
0.0
0.0
0.0
0.0
0.0
0.0
0.0
0.0
0.0
0.0
10.0
0.0
22.0
0.0
0.0
0.0
0.0
0.0
0.0
0.0
0.0
20.0
18.0
12.0
18.0
0.0
50.0
60.0
0.0
0.0
0.0
0.0
0.0
0.0
0.0
56.0
16.0
0.0
0.0
2.0
0.0
0.0
0.0
0.0
0.0
0.0
0.0
16.0
4.0
0.0
0.0
0.0
0.0
0.0
0.0
0.0
0.0
0.0
0.0
0.0
30.0
0.0
0.0
2.0
18.0
16.0
0.0
0.0
0.0
0.0
0.0
0.0
0.0
0.0
0.0
0.0
0.0
0.0
0.0
0.0
0.0
0.0
0.0
0.0
0.0
0.0
0.0
0.0
0.0
0.0
0.0
0.0
0.0
0.0
12.0
0.0
0.0
0.0
2.0
0.0
0.0
0.0
22.0
22.0
0.0
0.0
50.0
36.0
0.0
0.0
0.0
0.0
0.0
0.0
10.0
0.0
0.0
0.0
0.0
0.0
0.0
0.0
0.0
0.0
0.0
20.0
0.0
22.0
28.0
40.0
24.0
0.0
0.0
6.0
0.0
0.0
0.0
0.0
0.0
0.0
0.0
0.0
0.0
0.0
0.0
0.0
0.0
0.0
10.0
0.0
0.0
0.0
0.0
0.0
0.0
0.0
0.0
0.0
30.0
30.0
0.0
0.0
50.0
5.0
130.0
16.0
0.0
0.0
0.0
0.0
0.0
0.0
0.0
0.0
0.0
0.0
0.0
0.0
0.0
0.0
0.0
5.0
50.0
0.0
0.0
0.0
0.0
0.0
26.0
0.0
0.0
134.0
40.0
50.0
56.0
12.0
0.0
0.0
0.0
0.0
0.0
0.0
0.0
0.0
138.0
156.0
100.0
0.0
0.0
0.0
8.0
0.0
4.0
0.0
0.0
0.0
60.0
0.0
0.0
76.0
0.0
0.0
0.0
18.0
174.0
58.0
0.0
6.0
0.0
0.0
14.0
0.0
4.0
0.0
250.0
0.0
0.0
0.0
8.0
0.0
100.0
14.0
0.0
0.0
0.0
0.0
0.0
0.0
0.0
14.0
20.0
0.0
0.0
0.0
22.0
152.0
12.0
0.0
0.0
0.0
0.0
0.0
0.0
6.0
0.0
0.0
0.0
0.0
0.0
0.0
0.0
30.0
0.0
10.0
0.0
0.0
72.0
6.0
0.0
0.0
0.0
0.0
0.0
0.0
180.0
44.0
6.0
0.0
0.0
8.0
NaN
NaN
0.0
2.0
0.0
0.0
0.0
0.0
0.0
0.0
0.0
0.0
42.0
0.0
0.0
0.0
94.0
50.0
4.0
0.0
0.0
0.0
0.0
0.0
0.0
0.0
0.0
0.0
0.0
124.0
0.0
22.0
0.0
0.0
0.0
0.0
0.0
0.0
0.0
0.0
0.0
0.0
70.0
3.0
26.0
0.0
14.0
24.0
24.0
100.0
46.0
94.0
8.0
0.0
22.0
0.0
0.0
110.0
0.0
0.0
0.0
0.0
0.0
0.0
0.0
0.0
70.0
0.0
0.0
0.0
0.0
0.0
0.0
0.0
0.0
8.0
0.0
0.0
0.0
0.0
0.0
0.0
68.0
30.0
0.0
20.0
0.0
0.0
40.0
0.0
0.0
40.0
0.0
0.0
0.0
0.0
0.0
4.0
0.0
0.0
0.0
20.0
0.0
0.0
18.0
5.0
16.0
20.0
0.0
92.0
55.0
0.0
5.0
0.0
0.0
0.0
0.0
0.0
0.0
0.0
4.0
0.0
0.0
0.0
0.0
5.0
0.0
0.0
0.0
40.0
42.0
0.0
0.0
12.0
0.0
0.0
0.0
4.0
0.0
0.0
0.0
0.0
2.0
2.0
0.0
0.0
0.0
0.0
0.0
0.0
0.0
0.0
0.0
0.0
0.0
0.0
0.0
10.0
30.0
0.0
16.0
0.0
0.0
0.0
0.0
0.0
0.0
0.0
0.0
0.0
16.0
0.0
40.0
8.0
0.0
0.0
60.0
0.0
0.0
12.0
0.0
0.0
0.0
0.0
0.0
0.0
0.0
0.0
0.0
0.0
0.0
0.0
0.0
0.0
0.0
0.0
30.0
0.0
0.0
0.0
0.0
0.0
0.0
0.0
0.0
0.0
0.0
0.0
25.0
0.0
0.0
0.0
2.0
14.0
0.0
0.0
20.0
40.0
0.0
0.0
0.0
0.0
20.0
8.0
36.0
62.0
0.0
0.0
0.0
0.0
0.0
0.0
0.0
0.0
0.0
0.0
0.0
50.0
0.0
0.0
0.0
0.0
0.0
0.0
0.0
0.0
16.0
34.0
0.0
0.0
0.0
0.0
0.0
0.0
0.0
6.0
0.0
0.0
0.0
0.0
0.0
0.0
78.0
0.0
7.0
0.0
2.0
0.0
6.0
0.0
2.0
4.0
0.0
0.0
0.0
0.0
0.0
0.0
0.0
0.0
0.0
6.0
0.0
28.0
0.0
0.0
0.0
0.0
0.0
60.0
0.0
0.0
0.0
0.0
178.0
0.0
0.0
0.0
92.0
128.0
182.0
10.0
0.0
34.0
0.0
0.0
0.0
0.0
0.0
36.0
0.0
0.0
0.0
58.0
160.0
0.0
0.0
0.0
0.0
36.0
22.0
104.0
154.0
0.0
0.0
0.0
0.0
0.0
0.0
62.0
0.0
0.0
0.0
0.0
0.0
246.0
68.0
18.0
0.0
0.0
0.0
74.0
34.0
0.0
0.0
0.0
0.0
0.0
0.0
180.0
0.0
128.0
40.0
0.0
0.0
0.0
0.0
0.0
0.0
140.0
230.0
0.0
0.0
52.0
14.0
230.0
28.0
0.0
0.0
34.0
10.0
0.0
0.0
0.0
0.0
0.0
125.0
80.0
56.0
NaN
NaN
12.0
0.0
0.0
180.0
0.0
0.0
0.0
266.0
12.0
0.0
0.0
0.0
0.0
0.0
0.0
0.0
0.0
0.0
60.0
352.0
78.0
0.0
0.0
0.0
20.0
8.0
0.0
0.0
16.0
210.0
54.0
0.0
176.0
126.0
30.0
0.0
0.0
0.0
120.0
26.0
0.0
0.0
0.0
0.0
0.0
0.0
0.0
0.0
144.0
0.0
0.0
0.0
54.0
0.0
0.0
0.0
0.0
0.0
0.0
0.0
0.0
NaN
0.0
0.0
0.0
0.0
0.0
0.0
0.0
0.0
6.0
0.0
0.0
0.0
0.0
0.0
0.0
0.0
0.0
0.0
NaN
NaN
0.0
0.0
6.0
2.0
0.0
0.0
0.0
0.0
0.0
0.0
0.0
0.0
0.0
0.0
0.0
0.0
0.0
40.0
0.0
0.0
0.0
0.0
0.0
0.0
0.0
0.0
0.0
8.0
0.0
0.0
6.0
0.0
0.0
0.0
6.0
0.0
22.0
0.0
28.0
34.0
18.0
0.0
2.0
0.0
0.0
0.0
24.0
0.0
0.0
0.0
0.0
0.0
0.0
14.0
0.0
0.0
0.0
0.0
38.0
0.0
0.0
46.0
8.0
0.0
0.0
0.0
0.0
0.0
8.0
0.0
0.0
0.0
2.0
0.0
0.0
0.0
0.0
0.0
0.0
NaN
NaN
NaN
0.0
0.0
36.0
0.0
0.0
52.0
56.0
0.0
0.0
10.0
0.0
0.0
0.0
0.0
0.0
0.0
0.0
0.0
0.0
0.0
0.0
0.0
0.0
0.0
0.0
0.0
0.0
0.0
0.0
0.0
0.0
0.0
6.0
0.0
30.0
0.0
0.0
0.0
0.0
0.0
0.0
0.0
0.0
0.0
0.0
0.0
0.0
0.0
0.0
0.0
4.0
0.0
0.0
0.0
0.0
0.0
0.0
0.0
0.0
0.0
0.0
0.0
0.0
0.0
0.0
0.0
0.0
0.0
0.0
0.0
0.0
0.0
38.0
64.0
0.0
0.0
0.0
0.0
0.0
0.0
202.0
8.0
0.0
0.0
0.0
0.0
0.0
20.0
0.0
0.0
0.0
0.0
0.0
0.0
92.0
0.0
24.0
0.0
0.0
0.0
0.0
0.0
36.0
18.0
3.0
0.0
0.0
0.0
0.0
8.0
42.0
0.0
10.0
0.0
0.0
0.0
16.0
210.0
94.0
164.0
58.0
4.0
0.0
0.0
40.0
4.0
10.0
94.0
32.0
0.0
2.0
118.0
0.0
0.0
0.0
0.0
0.0
0.0
216.0
0.0
0.0
220.0
6.0
192.0
0.0
0.0
0.0
0.0
40.0
84.0
210.0
0.0
0.0
0.0
0.0
50.0
0.0
22.0
16.0
0.0
0.0
0.0
0.0
0.0
0.0
0.0
0.0
0.0
0.0
58.0
0.0
0.0
0.0
0.0
10.0
10.0
340.0
6.0
0.0
0.0
0.0
0.0
28.0
60.0
6.0
0.0
0.0
72.0
2.0
70.0
0.0
0.0
0.0
0.0
0.0
0.0
0.0
0.0
0.0
0.0
54.0
0.0
6.0
12.0
0.0
0.0
0.0
22.0
4.0
0.0
0.0
0.0
0.0
0.0
0.0
0.0
18.0
12.0
28.0
60.0
0.0
0.0
0.0
0.0
0.0
0.0
0.0
0.0
0.0
0.0
0.0
28.0
0.0
160.0
70.0
0.0
30.0
0.0
0.0
0.0
0.0
10.0
0.0
0.0
0.0
0.0
0.0
0.0
0.0
0.0
0.0
122.0
0.0
0.0
0.0
0.0
0.0
0.0
0.0
14.0
8.0
0.0
0.0
0.0
0.0
22.0
8.0
14.0
0.0
0.0
0.0
0.0
0.0
0.0
50.0
2.0
0.0
38.0
0.0
0.0
0.0
26.0
0.0
0.0
0.0
82.0
0.0
0.0
0.0
0.0
0.0
0.0
0.0
0.0
0.0
0.0
0.0
18.0
0.0
0.0
0.0
0.0
0.0
0.0
0.0
0.0
0.0
0.0
0.0
0.0
0.0
0.0
0.0
0.0
0.0
0.0
0.0
0.0
0.0
0.0
0.0
0.0
0.0
0.0
0.0
0.0
0.0
0.0
10.0
0.0
0.0
0.0
0.0
0.0
0.0
0.0
0.0
0.0
0.0
0.0
0.0
0.0
0.0
0.0
0.0
0.0
0.0
0.0
0.0
10.0
0.0
0.0
45.0
30.0
18.0
120.0
0.0
0.0
0.0
0.0
0.0
0.0
0.0
0.0
0.0
4.0
0.0
0.0
34.0
0.0
0.0
0.0
0.0
0.0
24.0
0.0
0.0
0.0
0.0
0.0
2.0
30.0
0.0
2.0
12.0
0.0
0.0
0.0
0.0
0.0
0.0
0.0
0.0
0.0
0.0
0.0
0.0
0.0
0.0
0.0
0.0
0.0
10.0
0.0
0.0
0.0
0.0
0.0
34.0
0.0
0.0
0.0
0.0
0.0
0.0
0.0
0.0
0.0
0.0
0.0
0.0
0.0
0.0
0.0
0.0
0.0
0.0
0.0
0.0
0.0
0.0
0.0
0.0
0.0
0.0
0.0
0.0
20.0
118.0
2.0
0.0
0.0
0.0
0.0
0.0
96.0
14.0
0.0
24.0
98.0
16.0
0.0
76.0
26.0
26.0
8.0
0.0
20.0
0.0
0.0
0.0
0.0
0.0
0.0
0.0
0.0
0.0
0.0
20.0
136.0
0.0
0.0
0.0
236.0
150.0
28.0
40.0
82.0
0.0
0.0
0.0
0.0
0.0
0.0
0.0
0.0
0.0
98.0
0.0
0.0
0.0
30.0
10.0
0.0
0.0
0.0
0.0
0.0
340.0
180.0
34.0
14.0
0.0
0.0
34.0
0.0
194.0
0.0
206.0
0.0
134.0
0.0
0.0
0.0
52.0
230.0
0.0
18.0
0.0
68.0
40.0
10.0
0.0
22.0
62.0
26.0
0.0
0.0
58.0
8.0
44.0
24.0
112.0
0.0
0.0
118.0
0.0
0.0
0.0
0.0
0.0
0.0
0.0
0.0
0.0
0.0
0.0
0.0
40.0
6.0
0.0
14.0
0.0
0.0
0.0
0.0
16.0
0.0
0.0
0.0
0.0
52.0
46.0
14.0
8.0
74.0
62.0
0.0
10.0
6.0
0.0
0.0
0.0
0.0
156.0
0.0
0.0
0.0
0.0
0.0
0.0
0.0
0.0
0.0
0.0
0.0
250.0
40.0
0.0
10.0
0.0
0.0
0.0
0.0
0.0
0.0
26.0
0.0
20.0
0.0
34.0
0.0
4.0
0.0
74.0
14.0
30.0
16.0
0.0
0.0
0.0
0.0
0.0
0.0
0.0
0.0
0.0
0.0
0.0
0.0
0.0
0.0
0.0
0.0
0.0
0.0
0.0
0.0
0.0
0.0
0.0
0.0
0.0
0.0
20.0
0.0
0.0
0.0
20.0
0.0
0.0
0.0
0.0
20.0
20.0
24.0
0.0
0.0
0.0
0.0
0.0
34.0
0.0
0.0
0.0
0.0
0.0
0.0
36.0
0.0
0.0
0.0
0.0
0.0
0.0
0.0
65.0
30.0
0.0
0.0
0.0
0.0
0.0
0.0
0.0
10.0
62.0
0.0
0.0
0.0
0.0
0.0
0.0
0.0
0.0
0.0
6.0
10.0
6.0
8.0
0.0
0.0
0.0
0.0
0.0
20.0
40.0
0.0
0.0
0.0
0.0
0.0
12.0
0.0
0.0
0.0
0.0
0.0
0.0
0.0
0.0
0.0
0.0
0.0
0.0
0.0
0.0
0.0
0.0
0.0
0.0
0.0
0.0
0.0
0.0
0.0
0.0
0.0
0.0
0.0
0.0
0.0
0.0
0.0
0.0
0.0
0.0
0.0
20.0
0.0
0.0
0.0
0.0
0.0
0.0
0.0
0.0
0.0
0.0
0.0
0.0
0.0
0.0
0.0
0.0
0.0
40.0
0.0
30.0
0.0
0.0
0.0
0.0
0.0
0.0
0.0
0.0
0.0
0.0
0.0
0.0
0.0
0.0
0.0
0.0
0.0
0.0
0.0
0.0
0.0
0.0
0.0
0.0
16.0
0.0
0.0
0.0
4.0
0.0
0.0
0.0
0.0
0.0
0.0
0.0
0.0
0.0
0.0
42.0
0.0
12.0
0.0
38.0
0.0
40.0
0.0
0.0
56.0
388.0
64.0
0.0
0.0
0.0
0.0
0.0
18.0
10.0
0.0
20.0
0.0
60.0
0.0
0.0
0.0
0.0
0.0
0.0
250.0
112.0
12.0
0.0
0.0
0.0
0.0
0.0
26.0
0.0
100.0
30.0
0.0
0.0
0.0
8.0
0.0
0.0
20.0
20.0
0.0
0.0
0.0
0.0
100.0
66.0
90.0
30.0
18.0
44.0
0.0
40.0
94.0
66.0
0.0
0.0
0.0
0.0
0.0
0.0
0.0
20.0
18.0
0.0
0.0
306.0
0.0
0.0
0.0
92.0
0.0
24.0
0.0
0.0
0.0
0.0
0.0
0.0
0.0
0.0
0.0
0.0
0.0
0.0
0.0
0.0
