NaN
NaN
NaN
NaN
NaN
NaN
NaN
NaN
NaN
NaN
NaN
NaN
NaN
NaN
NaN
0.0
396.0
0.0
0.0
196.0
0.0
340.0
0.0
0.0
0.0
0.0
0.0
5.0
0.0
185.0
0.0
0.0
0.0
0.0
0.0
5.0
0.0
0.0
0.0
13.0
28.0
3.0
104.0
66.0
0.0
279.0
46.0
132.0
0.0
0.0
84.0
3.0
0.0
0.0
33.0
0.0
0.0
0.0
0.0
0.0
0.0
8.0
0.0
0.0
0.0
46.0
0.0
211.0
0.0
0.0
0.0
246.0
0.0
3.0
76.0
0.0
5.0
203.0
10.0
0.0
229.0
394.0
0.0
0.0
0.0
15.0
8.0
23.0
25.0
173.0
0.0
5.0
0.0
43.0
10.0
3.0
38.0
5.0
28.0
5.0
0.0
274.0
71.0
8.0
5.0
0.0
20.0
48.0
0.0
0.0
0.0
81.0
51.0
0.0
0.0
0.0
5.0
0.0
0.0
0.0
0.0
0.0
8.0
0.0
0.0
0.0
13.0
28.0
160.0
25.0
0.0
30.0
36.0
18.0
0.0
0.0
0.0
0.0
0.0
0.0
0.0
0.0
0.0
0.0
0.0
0.0
0.0
66.0
10.0
0.0
0.0
0.0
25.0
NaN
NaN
NaN
NaN
NaN
NaN
NaN
NaN
NaN
NaN
NaN
NaN
NaN
NaN
NaN
NaN
NaN
NaN
NaN
NaN
NaN
38.0
13.0
0.0
0.0
0.0
0.0
0.0
0.0
0.0
51.0
51.0
0.0
0.0
0.0
0.0
0.0
0.0
0.0
0.0
0.0
0.0
0.0
0.0
0.0
0.0
0.0
38.0
13.0
0.0
13.0
46.0
0.0
0.0
0.0
0.0
25.0
20.0
64.0
0.0
0.0
0.0
0.0
0.0
381.0
18.0
0.0
0.0
0.0
178.0
0.0
25.0
122.0
0.0
0.0
0.0
0.0
0.0
0.0
0.0
0.0
0.0
0.0
0.0
0.0
3.0
0.0
0.0
0.0
0.0
10.0
20.0
0.0
0.0
38.0
0.0
0.0
0.0
0.0
0.0
13.0
0.0
0.0
0.0
353.0
119.0
0.0
0.0
0.0
23.0
15.0
5.0
0.0
0.0
0.0
0.0
0.0
0.0
0.0
0.0
104.0
140.0
0.0
0.0
0.0
178.0
269.0
160.0
0.0
0.0
0.0
5.0
0.0
13.0
3.0
20.0
0.0
0.0
5.0
0.0
0.0
0.0
0.0
0.0
0.0
0.0
0.0
0.0
0.0
28.0
0.0
0.0
0.0
528.0
0.0
64.0
0.0
8.0
97.0
74.0
76.0
5.0
0.0
5.0
0.0
132.0
0.0
183.0
0.0
38.0
15.0
38.0
0.0
0.0
10.0
0.0
36.0
0.0
0.0
74.0
51.0
5.0
5.0
0.0
0.0
13.0
0.0
10.0
0.0
0.0
0.0
5.0
0.0
0.0
0.0
10.0
5.0
340.0
89.0
10.0
5.0
0.0
0.0
0.0
25.0
3.0
0.0
114.0
0.0
0.0
18.0
0.0
0.0
0.0
0.0
356.0
15.0
132.0
5.0
46.0
15.0
0.0
0.0
0.0
15.0
0.0
0.0
8.0
76.0
3.0
236.0
3.0
5.0
3.0
0.0
0.0
41.0
20.0
0.0
0.0
0.0
10.0
5.0
239.0
81.0
142.0
43.0
13.0
0.0
0.0
0.0
0.0
10.0
0.0
0.0
0.0
53.0
0.0
0.0
3.0
13.0
0.0
0.0
188.0
104.0
0.0
0.0
145.0
168.0
8.0
0.0
0.0
0.0
8.0
5.0
25.0
3.0
0.0
3.0
0.0
58.0
196.0
69.0
76.0
3.0
10.0
3.0
20.0
3.0
0.0
5.0
0.0
0.0
0.0
0.0
0.0
0.0
0.0
0.0
0.0
0.0
0.0
0.0
279.0
25.0
0.0
0.0
0.0
0.0
0.0
36.0
0.0
10.0
23.0
0.0
0.0
25.0
0.0
0.0
0.0
0.0
20.0
0.0
13.0
457.0
5.0
0.0
0.0
0.0
58.0
5.0
0.0
0.0
0.0
0.0
36.0
0.0
0.0
0.0
0.0
0.0
0.0
0.0
0.0
132.0
0.0
0.0
0.0
0.0
0.0
0.0
0.0
0.0
0.0
0.0
58.0
0.0
0.0
56.0
0.0
117.0
0.0
0.0
0.0
0.0
0.0
0.0
0.0
0.0
0.0
13.0
0.0
0.0
0.0
0.0
0.0
0.0
0.0
25.0
69.0
0.0
15.0
0.0
0.0
46.0
0.0
13.0
0.0
15.0
36.0
28.0
13.0
8.0
51.0
10.0
0.0
0.0
0.0
0.0
0.0
0.0
0.0
0.0
0.0
48.0
0.0
58.0
28.0
0.0
0.0
84.0
0.0
0.0
25.0
0.0
0.0
0.0
0.0
0.0
0.0
0.0
0.0
30.0
0.0
25.0
13.0
64.0
46.0
0.0
15.0
0.0
3.0
0.0
0.0
0.0
0.0
0.0
30.0
0.0
0.0
0.0
NaN
0.0
0.0
0.0
0.0
0.0
13.0
10.0
0.0
0.0
0.0
18.0
25.0
0.0
15.0
0.0
0.0
0.0
0.0
18.0
0.0
0.0
0.0
0.0
102.0
305.0
20.0
0.0
0.0
0.0
0.0
0.0
0.0
76.0
147.0
NaN
0.0
18.0
0.0
0.0
259.0
0.0
3.0
0.0
20.0
170.0
0.0
0.0
0.0
0.0
0.0
0.0
0.0
0.0
279.0
10.0
0.0
66.0
0.0
38.0
0.0
5.0
0.0
3.0
23.0
0.0
13.0
10.0
0.0
3.0
0.0
46.0
5.0
0.0
0.0
0.0
0.0
30.0
0.0
0.0
8.0
241.0
8.0
51.0
325.0
8.0
3.0
0.0
287.0
0.0
15.0
30.0
0.0
46.0
23.0
3.0
3.0
0.0
0.0
3.0
0.0
0.0
33.0
264.0
15.0
3.0
0.0
119.0
36.0
0.0
0.0
61.0
79.0
5.0
3.0
3.0
0.0
0.0
0.0
0.0
51.0
3.0
5.0
0.0
3.0
0.0
3.0
0.0
41.0
51.0
5.0
3.0
28.0
46.0
8.0
0.0
5.0
0.0
0.0
0.0
0.0
0.0
3.0
0.0
0.0
0.0
221.0
5.0
0.0
0.0
259.0
0.0
3.0
5.0
13.0
272.0
160.0
5.0
0.0
51.0
277.0
0.0
15.0
41.0
5.0
86.0
13.0
5.0
61.0
3.0
3.0
5.0
3.0
3.0
0.0
0.0
381.0
25.0
10.0
3.0
15.0
15.0
130.0
30.0
0.0
0.0
33.0
5.0
0.0
5.0
81.0
10.0
0.0
5.0
112.0
0.0
0.0
38.0
0.0
0.0
135.0
13.0
20.0
28.0
25.0
28.0
20.0
71.0
5.0
13.0
48.0
117.0
NaN
0.0
0.0
0.0
0.0
0.0
3.0
0.0
0.0
0.0
0.0
0.0
86.0
56.0
5.0
0.0
3.0
94.0
5.0
3.0
0.0
0.0
5.0
0.0
3.0
213.0
216.0
89.0
0.0
15.0
0.0
0.0
0.0
0.0
71.0
30.0
0.0
0.0
0.0
0.0
0.0
36.0
188.0
0.0
0.0
0.0
0.0
5.0
0.0
3.0
0.0
0.0
0.0
0.0
0.0
0.0
0.0
0.0
0.0
0.0
51.0
0.0
0.0
0.0
0.0
0.0
0.0
381.0
64.0
0.0
0.0
0.0
0.0
0.0
0.0
0.0
0.0
0.0
86.0
0.0
NaN
0.0
0.0
0.0
46.0
NaN
NaN
NaN
0.0
0.0
30.0
0.0
0.0
53.0
0.0
10.0
292.0
0.0
0.0
0.0
56.0
66.0
0.0
0.0
0.0
0.0
0.0
0.0
0.0
0.0
0.0
0.0
51.0
0.0
0.0
0.0
0.0
0.0
51.0
163.0
0.0
0.0
0.0
0.0
0.0
NaN
0.0
0.0
51.0
109.0
0.0
30.0
0.0
0.0
0.0
0.0
0.0
0.0
0.0
0.0
0.0
0.0
0.0
0.0
0.0
0.0
0.0
0.0
0.0
0.0
0.0
0.0
0.0
0.0
0.0
NaN
0.0
0.0
0.0
0.0
0.0
97.0
0.0
0.0
0.0
0.0
0.0
25.0
0.0
0.0
0.0
0.0
53.0
0.0
0.0
0.0
0.0
0.0
0.0
25.0
0.0
0.0
41.0
0.0
0.0
18.0
0.0
23.0
0.0
0.0
0.0
0.0
0.0
0.0
30.0
0.0
0.0
0.0
0.0
193.0
0.0
0.0
20.0
5.0
178.0
0.0
0.0
0.0
0.0
0.0
279.0
122.0
28.0
0.0
500.0
10.0
0.0
0.0
0.0
0.0
8.0
15.0
0.0
0.0
3.0
0.0
0.0
0.0
0.0
452.0
20.0
0.0
0.0
0.0
0.0
5.0
0.0
5.0
0.0
13.0
127.0
5.0
0.0
41.0
36.0
0.0
0.0
0.0
0.0
10.0
0.0
0.0
251.0
13.0
0.0
41.0
0.0
5.0
0.0
0.0
0.0
0.0
97.0
33.0
13.0
0.0
5.0
127.0
0.0
20.0
3.0
0.0
0.0
0.0
25.0
NaN
0.0
0.0
0.0
0.0
NaN
0.0
0.0
NaN
0.0
0.0
0.0
0.0
0.0
0.0
0.0
0.0
0.0
0.0
48.0
10.0
229.0
5.0
206.0
3.0
0.0
0.0
0.0
0.0
0.0
20.0
15.0
3.0
0.0
130.0
0.0
0.0
10.0
13.0
0.0
0.0
0.0
0.0
0.0
0.0
0.0
33.0
0.0
76.0
0.0
20.0
229.0
0.0
0.0
0.0
0.0
0.0
0.0
76.0
0.0
0.0
0.0
0.0
0.0
112.0
0.0
0.0
0.0
0.0
102.0
213.0
127.0
51.0
0.0
41.0
0.0
76.0
0.0
0.0
0.0
0.0
0.0
0.0
0.0
102.0
0.0
0.0
0.0
0.0
38.0
0.0
102.0
0.0
81.0
0.0
25.0
66.0
25.0
0.0
0.0
0.0
0.0
0.0
0.0
0.0
8.0
0.0
0.0
0.0
NaN
NaN
NaN
NaN
0.0
0.0
0.0
0.0
102.0
NaN
0.0
0.0
76.0
0.0
64.0
0.0
20.0
0.0
0.0
0.0
0.0
NaN
NaN
NaN
0.0
0.0
25.0
8.0
0.0
0.0
0.0
0.0
0.0
0.0
0.0
51.0
0.0
0.0
0.0
0.0
91.0
0.0
76.0
328.0
0.0
175.0
46.0
13.0
0.0
0.0
0.0
0.0
0.0
208.0
0.0
0.0
353.0
0.0
0.0
0.0
0.0
0.0
0.0
0.0
43.0
25.0
0.0
NaN
0.0
0.0
0.0
NaN
0.0
0.0
13.0
0.0
0.0
193.0
0.0
0.0
41.0
0.0
0.0
0.0
0.0
0.0
0.0
64.0
74.0
0.0
0.0
0.0
0.0
155.0
0.0
0.0
0.0
0.0
0.0
0.0
25.0
0.0
0.0
0.0
0.0
0.0
0.0
NaN
0.0
0.0
0.0
0.0
0.0
0.0
0.0
0.0
0.0
NaN
0.0
0.0
0.0
0.0
NaN
NaN
0.0
0.0
0.0
0.0
0.0
0.0
0.0
0.0
43.0
81.0
0.0
0.0
0.0
0.0
15.0
0.0
0.0
0.0
203.0
51.0
89.0
25.0
0.0
0.0
0.0
0.0
0.0
0.0
0.0
76.0
0.0
15.0
0.0
0.0
0.0
30.0
71.0
152.0
0.0
0.0
0.0
0.0
53.0
0.0
0.0
0.0
0.0
152.0
0.0
76.0
0.0
0.0
0.0
0.0
0.0
8.0
3.0
0.0
0.0
5.0
0.0
0.0
86.0
0.0
0.0
0.0
0.0
0.0
0.0
0.0
0.0
208.0
66.0
0.0
0.0
0.0
0.0
0.0
0.0
38.0
127.0
0.0
0.0
102.0
0.0
0.0
0.0
0.0
0.0
0.0
104.0
0.0
0.0
0.0
0.0
25.0
0.0
0.0
0.0
0.0
5.0
0.0
0.0
0.0
0.0
8.0
3.0
0.0
0.0
0.0
0.0
28.0
152.0
15.0
0.0
25.0
0.0
0.0
0.0
25.0
180.0
0.0
0.0
0.0
0.0
0.0
0.0
0.0
472.0
99.0
51.0
28.0
0.0
0.0
0.0
0.0
0.0
0.0
41.0
0.0
0.0
0.0
66.0
66.0
74.0
0.0
0.0
0.0
0.0
64.0
0.0
0.0
0.0
8.0
0.0
0.0
0.0
0.0
0.0
0.0
0.0
0.0
0.0
0.0
0.0
50.0
74.0
168.0
304.0
0.0
8.0
0.0
0.0
0.0
0.0
0.0
0.0
0.0
0.0
0.0
0.0
0.0
295.0
40.0
0.0
0.0
0.0
0.0
13.0
4.0
0.0
0.0
0.0
0.0
0.0
140.0
0.0
0.0
20.0
0.0
80.0
0.0
0.0
0.0
0.0
130.0
0.0
0.0
2.0
0.0
0.0
0.0
22.0
22.0
0.0
0.0
0.0
0.0
40.0
0.0
0.0
0.0
10.0
152.0
22.0
38.0
243.0
63.0
0.0
0.0
0.0
45.0
0.0
0.0
0.0
10.0
7.0
0.0
245.0
110.0
0.0
29.0
0.0
70.0
3.0
0.0
0.0
0.0
0.0
25.0
34.0
0.0
0.0
0.0
30.0
0.0
0.0
0.0
0.0
5.0
0.0
0.0
30.0
0.0
0.0
0.0
0.0
0.0
70.0
10.0
10.0
0.0
2.0
104.0
0.0
0.0
0.0
490.0
180.0
0.0
90.0
0.0
0.0
0.0
0.0
20.0
0.0
0.0
80.0
0.0
0.0
0.0
0.0
154.0
20.0
40.0
0.0
25.0
0.0
0.0
0.0
0.0
0.0
80.0
0.0
0.0
0.0
40.0
0.0
100.0
196.0
30.0
0.0
0.0
0.0
0.0
40.0
0.0
0.0
0.0
0.0
0.0
0.0
0.0
0.0
0.0
0.0
0.0
0.0
0.0
60.0
0.0
0.0
0.0
NaN
0.0
0.0
0.0
0.0
0.0
10.0
0.0
0.0
0.0
0.0
0.0
0.0
0.0
0.0
0.0
0.0
0.0
0.0
0.0
0.0
0.0
0.0
0.0
0.0
0.0
0.0
0.0
0.0
0.0
0.0
0.0
0.0
0.0
0.0
0.0
0.0
25.0
0.0
0.0
0.0
0.0
30.0
15.0
50.0
0.0
50.0
0.0
0.0
0.0
0.0
0.0
0.0
0.0
0.0
50.0
NaN
NaN
20.0
NaN
NaN
NaN
NaN
NaN
NaN
20.0
NaN
40.0
NaN
NaN
NaN
NaN
NaN
NaN
NaN
NaN
NaN
NaN
NaN
NaN
NaN
NaN
NaN
NaN
NaN
NaN
0.0
0.0
0.0
0.0
0.0
0.0
0.0
122.0
82.0
25.0
10.0
21.0
20.0
85.0
40.0
0.0
0.0
0.0
12.0
0.0
0.0
0.0
0.0
0.0
0.0
0.0
0.0
220.0
183.0
11.0
20.0
180.0
0.0
20.0
20.0
13.0
65.0
0.0
53.0
3.0
20.0
0.0
0.0
0.0
0.0
0.0
0.0
0.0
0.0
0.0
0.0
10.0
0.0
0.0
10.0
82.0
80.0
30.0
0.0
52.0
10.0
0.0
0.0
0.0
0.0
0.0
38.0
165.0
0.0
124.0
0.0
0.0
104.0
0.0
78.0
0.0
0.0
95.0
0.0
20.0
0.0
0.0
0.0
0.0
0.0
0.0
0.0
0.0
52.0
0.0
0.0
33.0
4.0
0.0
26.0
0.0
0.0
0.0
0.0
0.0
0.0
0.0
0.0
0.0
0.0
85.0
0.0
410.0
0.0
0.0
0.0
0.0
150.0
0.0
0.0
43.0
10.0
0.0
31.0
0.0
40.0
0.0
0.0
190.0
0.0
0.0
0.0
0.0
85.0
22.0
0.0
22.0
0.0
0.0
0.0
0.0
230.0
10.0
180.0
0.0
0.0
30.0
0.0
0.0
0.0
0.0
0.0
0.0
45.0
14.0
0.0
109.0
0.0
0.0
297.0
0.0
0.0
50.0
0.0
0.0
0.0
0.0
0.0
144.0
0.0
0.0
0.0
0.0
0.0
40.0
100.0
0.0
0.0
0.0
0.0
0.0
0.0
0.0
0.0
100.0
0.0
30.0
0.0
0.0
0.0
0.0
0.0
35.0
0.0
0.0
0.0
0.0
0.0
20.0
0.0
0.0
150.0
0.0
40.0
0.0
40.0
0.0
0.0
0.0
0.0
40.0
0.0
10.0
0.0
0.0
60.0
70.0
0.0
0.0
0.0
0.0
0.0
20.0
0.0
0.0
0.0
0.0
0.0
0.0
32.0
23.0
0.0
32.0
0.0
0.0
14.0
0.0
0.0
40.0
0.0
3.0
0.0
42.0
128.0
0.0
0.0
0.0
41.0
0.0
0.0
0.0
0.0
0.0
10.0
20.0
0.0
0.0
2.0
0.0
0.0
5.0
0.0
0.0
0.0
0.0
0.0
18.0
0.0
0.0
0.0
0.0
0.0
4.0
0.0
0.0
0.0
0.0
0.0
0.0
0.0
0.0
0.0
5.0
5.0
0.0
0.0
0.0
0.0
0.0
32.0
0.0
0.0
0.0
0.0
150.0
0.0
0.0
0.0
0.0
0.0
0.0
100.0
0.0
0.0
0.0
0.0
0.0
20.0
23.0
0.0
200.0
150.0
0.0
0.0
0.0
0.0
0.0
35.0
25.0
0.0
0.0
20.0
0.0
0.0
0.0
0.0
0.0
0.0
0.0
0.0
NaN
0.0
0.0
0.0
0.0
20.0
NaN
30.0
0.0
0.0
0.0
0.0
0.0
5.0
0.0
0.0
0.0
0.0
0.0
0.0
0.0
0.0
0.0
NaN
0.0
0.0
0.0
0.0
0.0
0.0
0.0
0.0
NaN
0.0
100.0
0.0
0.0
0.0
0.0
0.0
0.0
0.0
0.0
0.0
0.0
NaN
NaN
NaN
NaN
NaN
55.0
0.0
0.0
0.0
0.0
15.0
0.0
50.0
0.0
60.0
0.0
2.0
0.0
0.0
0.0
6.0
52.0
0.0
0.0
0.0
65.0
12.0
5.0
11.0
70.0
0.0
121.0
13.0
0.0
48.0
62.0
0.0
0.0
0.0
94.0
12.0
20.0
0.0
0.0
0.0
38.0
58.0
2.0
0.0
0.0
20.0
0.0
0.0
2.0
0.0
0.0
0.0
0.0
0.0
0.0
0.0
0.0
0.0
0.0
0.0
20.0
0.0
38.0
26.0
0.0
0.0
0.0
0.0
100.0
0.0
0.0
92.0
0.0
3.0
3.0
0.0
0.0
0.0
0.0
0.0
312.0
4.0
2.0
NaN
0.0
0.0
0.0
0.0
0.0
0.0
0.0
0.0
0.0
NaN
NaN
0.0
0.0
0.0
0.0
2.0
4.0
2.0
0.0
110.0
102.0
74.0
50.0
32.0
0.0
195.0
0.0
3.0
136.0
95.0
64.0
0.0
0.0
2.0
0.0
3.0
0.0
0.0
0.0
93.0
2.0
0.0
0.0
4.0
0.0
0.0
0.0
0.0
15.0
0.0
0.0
2.0
16.0
0.0
0.0
150.0
0.0
0.0
20.0
148.0
20.0
27.0
0.0
0.0
0.0
0.0
0.0
0.0
0.0
180.0
0.0
3.0
3.0
0.0
2.0
0.0
250.0
NaN
NaN
23.0
120.0
120.0
0.0
0.0
0.0
70.0
0.0
0.0
86.0
0.0
NaN
0.0
0.0
0.0
0.0
0.0
60.0
0.0
0.0
0.0
NaN
0.0
0.0
0.0
0.0
0.0
0.0
0.0
0.0
0.0
0.0
NaN
100.0
40.0
NaN
NaN
NaN
NaN
NaN
10.0
0.0
0.0
0.0
100.0
0.0
0.0
0.0
0.0
0.0
NaN
42.0
0.0
0.0
50.0
0.0
0.0
0.0
160.0
0.0
0.0
5.0
0.0
0.0
80.0
0.0
0.0
0.0
0.0
0.0
0.0
0.0
0.0
0.0
0.0
20.0
100.0
440.0
0.0
0.0
0.0
NaN
NaN
0.0
NaN
NaN
NaN
NaN
NaN
0.0
0.0
0.0
0.0
0.0
0.0
0.0
0.0
NaN
0.0
0.0
0.0
0.0
0.0
0.0
0.0
0.0
0.0
0.0
0.0
0.0
0.0
NaN
NaN
0.0
0.0
0.0
NaN
0.0
0.0
0.0
0.0
0.0
0.0
0.0
NaN
0.0
0.0
0.0
0.0
0.0
0.0
0.0
0.0
0.0
NaN
0.0
0.0
0.0
0.0
0.0
NaN
0.0
0.0
NaN
NaN
0.0
0.0
NaN
0.0
0.0
0.0
0.0
NaN
0.0
0.0
0.0
0.0
NaN
NaN
0.0
0.0
0.0
0.0
0.0
0.0
0.0
0.0
0.0
NaN
0.0
NaN
NaN
0.0
0.0
0.0
2.0
0.0
0.0
28.0
0.0
0.0
18.0
0.0
0.0
0.0
0.0
65.0
0.0
40.0
0.0
0.0
0.0
0.0
0.0
0.0
0.0
0.0
12.0
0.0
0.0
NaN
0.0
145.0
3.0
2.0
0.0
2.0
0.0
0.0
0.0
0.0
0.0
0.0
0.0
0.0
0.0
0.0
0.0
0.0
4.0
0.0
0.0
77.0
0.0
50.0
20.0
0.0
0.0
11.0
5.0
45.0
3.0
30.0
0.0
0.0
0.0
0.0
0.0
0.0
0.0
45.0
0.0
0.0
0.0
3.0
0.0
0.0
0.0
NaN
0.0
0.0
140.0
46.0
0.0
0.0
0.0
0.0
246.0
10.0
2.0
2.0
0.0
0.0
0.0
0.0
0.0
0.0
27.0
4.0
0.0
0.0
256.0
3.0
32.0
42.0
0.0
0.0
2.0
0.0
0.0
66.0
22.0
2.0
0.0
0.0
36.0
10.0
2.0
164.0
10.0
0.0
0.0
46.0
0.0
6.0
25.0
21.0
12.0
60.0
10.0
0.0
0.0
11.0
32.0
0.0
0.0
10.0
40.0
48.0
3.0
0.0
0.0
0.0
25.0
60.0
20.0
94.0
NaN
NaN
15.0
10.0
34.0
0.0
28.0
0.0
0.0
0.0
71.0
67.0
0.0
78.0
0.0
30.0
122.0
203.0
2.0
0.0
70.0
2.0
10.0
0.0
20.0
0.0
0.0
74.0
40.0
0.0
2.0
0.0
0.0
0.0
0.0
0.0
2.0
0.0
53.0
0.0
0.0
0.0
0.0
0.0
99.0
50.0
2.0
0.0
2.0
4.0
0.0
225.0
350.0
20.0
0.0
0.0
0.0
0.0
0.0
0.0
0.0
2.0
7.0
0.0
0.0
0.0
0.0
120.0
0.0
0.0
0.0
NaN
0.0
NaN
0.0
0.0
0.0
0.0
0.0
124.0
0.0
3.0
0.0
0.0
10.0
0.0
0.0
0.0
0.0
0.0
0.0
0.0
20.0
0.0
42.0
3.0
0.0
0.0
0.0
0.0
NaN
NaN
90.0
0.0
0.0
20.0
150.0
0.0
0.0
0.0
0.0
NaN
NaN
0.0
0.0
NaN
NaN
0.0
0.0
120.0
90.0
0.0
0.0
0.0
0.0
170.0
0.0
0.0
0.0
0.0
0.0
0.0
0.0
0.0
0.0
0.0
NaN
0.0
0.0
0.0
0.0
0.0
0.0
0.0
0.0
0.0
NaN
0.0
0.0
0.0
0.0
NaN
NaN
0.0
0.0
0.0
80.0
0.0
0.0
0.0
NaN
0.0
0.0
0.0
0.0
0.0
NaN
0.0
0.0
NaN
0.0
0.0
0.0
NaN
NaN
0.0
0.0
0.0
NaN
NaN
0.0
0.0
NaN
NaN
0.0
0.0
NaN
NaN
0.0
0.0
NaN
NaN
0.0
0.0
NaN
NaN
0.0
0.0
NaN
NaN
0.0
0.0
0.0
0.0
0.0
0.0
0.0
NaN
0.0
NaN
NaN
122.0
0.0
0.0
110.0
0.0
10.0
0.0
0.0
0.0
NaN
0.0
0.0
NaN
5.0
0.0
NaN
NaN
0.0
0.0
0.0
0.0
NaN
NaN
0.0
0.0
0.0
0.0
0.0
0.0
0.0
0.0
0.0
141.0
20.0
0.0
0.0
0.0
0.0
40.0
0.0
0.0
0.0
0.0
0.0
0.0
0.0
0.0
0.0
0.0
0.0
0.0
0.0
32.0
68.0
60.0
0.0
0.0
0.0
120.0
0.0
2.0
110.0
169.0
10.0
0.0
34.0
10.0
210.0
2.0
28.0
10.0
30.0
0.0
175.0
317.0
10.0
0.0
50.0
0.0
0.0
184.0
20.0
5.0
0.0
213.0
0.0
0.0
2.0
524.0
2.0
0.0
0.0
0.0
0.0
0.0
0.0
0.0
0.0
0.0
0.0
0.0
0.0
0.0
0.0
0.0
0.0
0.0
0.0
0.0
0.0
0.0
0.0
0.0
0.0
480.0
0.0
0.0
0.0
0.0
2.0
3.0
0.0
3.0
10.0
0.0
0.0
0.0
44.0
0.0
0.0
44.0
0.0
0.0
0.0
0.0
4.0
2.0
0.0
0.0
0.0
0.0
10.0
0.0
0.0
0.0
0.0
0.0
0.0
0.0
0.0
3.0
10.0
25.0
10.0
0.0
0.0
0.0
0.0
0.0
250.0
2.0
35.0
0.0
2.0
0.0
0.0
0.0
10.0
3.0
0.0
0.0
0.0
0.0
0.0
0.0
6.0
26.0
10.0
42.0
40.0
0.0
0.0
0.0
NaN
0.0
0.0
NaN
NaN
NaN
0.0
0.0
0.0
0.0
0.0
0.0
NaN
NaN
0.0
0.0
65.0
0.0
NaN
0.0
0.0
NaN
0.0
0.0
0.0
NaN
0.0
0.0
0.0
0.0
0.0
0.0
0.0
0.0
0.0
0.0
0.0
0.0
0.0
NaN
NaN
0.0
0.0
0.0
0.0
0.0
0.0
0.0
0.0
0.0
0.0
0.0
0.0
0.0
0.0
NaN
NaN
45.0
0.0
0.0
0.0
20.0
14.0
0.0
0.0
0.0
NaN
0.0
0.0
0.0
0.0
0.0
30.0
0.0
0.0
0.0
0.0
0.0
0.0
0.0
0.0
0.0
20.0
40.0
0.0
0.0
115.0
100.0
0.0
0.0
0.0
131.0
0.0
90.0
NaN
0.0
NaN
0.0
0.0
0.0
0.0
0.0
0.0
0.0
0.0
15.0
10.0
0.0
0.0
35.0
0.0
0.0
0.0
0.0
NaN
0.0
0.0
0.0
NaN
0.0
NaN
NaN
0.0
0.0
NaN
0.0
0.0
0.0
0.0
0.0
0.0
0.0
0.0
0.0
0.0
0.0
NaN
NaN
0.0
0.0
NaN
0.0
0.0
0.0
NaN
0.0
0.0
0.0
0.0
0.0
NaN
0.0
0.0
0.0
NaN
0.0
0.0
0.0
0.0
28.0
48.0
0.0
0.0
0.0
0.0
0.0
0.0
0.0
NaN
0.0
0.0
0.0
0.0
0.0
0.0
0.0
0.0
0.0
NaN
10.0
NaN
0.0
0.0
140.0
0.0
0.0
0.0
0.0
0.0
0.0
0.0
0.0
0.0
0.0
0.0
0.0
NaN
NaN
NaN
0.0
0.0
0.0
0.0
0.0
0.0
0.0
0.0
0.0
0.0
0.0
0.0
0.0
0.0
0.0
0.0
0.0
25.0
NaN
NaN
0.0
0.0
224.0
0.0
40.0
130.0
20.0
0.0
110.0
40.0
101.0
0.0
0.0
0.0
0.0
0.0
0.0
0.0
0.0
0.0
0.0
0.0
0.0
51.0
10.0
0.0
0.0
0.0
0.0
20.0
30.0
0.0
245.0
260.0
145.0
0.0
10.0
176.0
0.0
0.0
4.0
0.0
0.0
0.0
65.0
20.0
0.0
52.0
0.0
0.0
40.0
0.0
0.0
2.0
0.0
0.0
0.0
0.0
0.0
NaN
NaN
0.0
0.0
NaN
0.0
0.0
0.0
NaN
40.0
0.0
0.0
0.0
0.0
0.0
0.0
0.0
0.0
0.0
0.0
0.0
0.0
0.0
NaN
0.0
0.0
0.0
0.0
0.0
0.0
0.0
0.0
0.0
0.0
0.0
0.0
60.0
220.0
0.0
0.0
0.0
10.0
3.0
20.0
40.0
0.0
340.0
0.0
51.0
NaN
0.0
0.0
0.0
3.0
81.0
0.0
0.0
0.0
0.0
13.0
6.0
23.0
0.0
0.0
31.0
8.0
0.0
0.0
0.0
0.0
42.0
53.0
0.0
0.0
0.0
0.0
0.0
28.0
0.0
0.0
0.0
10.0
0.0
0.0
0.0
200.0
0.0
10.0
442.0
40.0
0.0
8.0
48.0
3.0
0.0
0.0
0.0
0.0
0.0
0.0
0.0
0.0
0.0
50.0
3.0
0.0
0.0
0.0
0.0
0.0
0.0
0.0
0.0
0.0
0.0
0.0
0.0
0.0
40.0
55.0
0.0
0.0
0.0
10.0
0.0
0.0
172.0
0.0
0.0
4.0
0.0
4.0
0.0
0.0
0.0
22.0
28.0
126.0
0.0
0.0
46.0
0.0
20.0
6.0
45.0
6.0
0.0
0.0
80.0
4.0
3.0
30.0
0.0
0.0
0.0
228.0
44.0
165.0
0.0
0.0
5.0
2.0
0.0
0.0
31.0
20.0
5.0
23.0
22.0
10.0
0.0
0.0
0.0
4.0
4.0
70.0
360.0
47.0
113.0
123.0
22.0
0.0
70.0
25.0
6.0
4.0
4.0
72.0
277.0
164.0
126.0
15.0
140.0
51.0
3.0
0.0
0.0
0.0
0.0
4.0
0.0
63.0
4.0
0.0
4.0
4.0
0.0
0.0
0.0
5.0
0.0
0.0
0.0
13.0
0.0
30.0
0.0
0.0
0.0
0.0
0.0
25.0
21.0
0.0
0.0
0.0
0.0
0.0
147.0
0.0
0.0
60.0
12.0
0.0
0.0
0.0
0.0
60.0
0.0
0.0
0.0
0.0
0.0
0.0
0.0
0.0
0.0
0.0
NaN
0.0
10.0
NaN
NaN
NaN
0.0
0.0
0.0
0.0
0.0
NaN
0.0
0.0
0.0
0.0
0.0
0.0
0.0
0.0
0.0
0.0
0.0
0.0
0.0
0.0
0.0
0.0
0.0
0.0
0.0
0.0
0.0
0.0
0.0
0.0
0.0
0.0
0.0
0.0
0.0
0.0
0.0
0.0
0.0
0.0
0.0
NaN
NaN
0.0
0.0
NaN
0.0
4.0
2.0
12.0
263.0
46.0
0.0
3.0
2.0
0.0
0.0
0.0
0.0
0.0
40.0
40.0
10.0
64.0
8.0
0.0
0.0
30.0
3.0
0.0
40.0
0.0
0.0
0.0
0.0
50.0
67.0
0.0
0.0
0.0
0.0
0.0
36.0
0.0
299.0
0.0
12.0
2.0
0.0
0.0
2.0
0.0
6.0
0.0
0.0
0.0
0.0
116.0
2.0
0.0
0.0
2.0
8.0
0.0
0.0
0.0
0.0
3.0
0.0
12.0
0.0
8.0
0.0
0.0
0.0
199.0
30.0
49.0
83.0
140.0
0.0
0.0
0.0
0.0
0.0
0.0
0.0
0.0
8.0
55.0
3.0
90.0
58.0
20.0
4.0
44.0
0.0
0.0
2.0
26.0
2.0
10.0
2.0
0.0
2.0
0.0
4.0
6.0
3.0
0.0
0.0
2.0
4.0
24.0
100.0
0.0
197.0
10.0
95.0
65.0
2.0
64.0
15.0
0.0
200.0
0.0
0.0
10.0
0.0
15.0
0.0
55.0
30.0
0.0
0.0
0.0
0.0
0.0
0.0
0.0
0.0
0.0
NaN
NaN
NaN
0.0
0.0
0.0
0.0
0.0
0.0
0.0
0.0
0.0
0.0
50.0
NaN
0.0
0.0
0.0
20.0
NaN
NaN
65.0
0.0
0.0
0.0
0.0
0.0
0.0
0.0
0.0
0.0
95.0
NaN
10.0
20.0
30.0
NaN
150.0
NaN
0.0
0.0
0.0
NaN
NaN
0.0
0.0
0.0
0.0
0.0
0.0
0.0
0.0
0.0
NaN
NaN
0.0
0.0
0.0
0.0
0.0
NaN
NaN
0.0
40.0
0.0
0.0
0.0
0.0
0.0
0.0
0.0
0.0
0.0
60.0
0.0
0.0
NaN
NaN
0.0
0.0
0.0
0.0
0.0
0.0
0.0
0.0
0.0
0.0
150.0
20.0
0.0
NaN
0.0
0.0
0.0
0.0
0.0
0.0
0.0
NaN
0.0
NaN
NaN
NaN
120.0
10.0
0.0
0.0
0.0
0.0
100.0
0.0
40.0
0.0
0.0
0.0
0.0
0.0
0.0
0.0
0.0
NaN
0.0
0.0
0.0
0.0
0.0
0.0
0.0
0.0
0.0
0.0
NaN
0.0
21.0
0.0
0.0
0.0
0.0
NaN
0.0
0.0
0.0
0.0
0.0
0.0
0.0
0.0
0.0
10.0
0.0
0.0
0.0
0.0
0.0
0.0
0.0
0.0
0.0
0.0
0.0
0.0
0.0
0.0
0.0
0.0
0.0
0.0
0.0
0.0
0.0
176.0
53.0
0.0
0.0
10.0
0.0
0.0
175.0
110.0
5.0
12.0
85.0
0.0
20.0
42.0
0.0
0.0
0.0
0.0
0.0
0.0
0.0
0.0
0.0
0.0
28.0
12.0
260.0
27.0
3.0
0.0
0.0
12.0
84.0
25.0
85.0
3.0
0.0
0.0
0.0
0.0
0.0
0.0
165.0
0.0
10.0
0.0
0.0
40.0
65.0
30.0
0.0
41.0
81.0
0.0
0.0
0.0
0.0
10.0
0.0
0.0
132.0
24.0
0.0
0.0
0.0
28.0
0.0
0.0
42.0
165.0
69.0
32.0
0.0
0.0
42.0
36.0
0.0
5.0
0.0
60.0
133.0
0.0
32.0
0.0
0.0
0.0
0.0
0.0
0.0
0.0
0.0
0.0
185.0
10.0
0.0
0.0
95.0
212.0
4.0
285.0
0.0
0.0
0.0
0.0
430.0
24.0
2.0
0.0
0.0
0.0
10.0
0.0
2.0
2.0
0.0
0.0
0.0
0.0
54.0
10.0
100.0
196.0
10.0
4.0
40.0
0.0
0.0
0.0
0.0
0.0
0.0
0.0
0.0
0.0
248.0
20.0
13.0
25.0
0.0
0.0
0.0
172.0
117.0
0.0
0.0
0.0
2.0
115.0
155.0
71.0
22.0
18.0
240.0
32.0
0.0
62.0
130.0
0.0
3.0
0.0
130.0
0.0
0.0
0.0
77.0
54.0
0.0
0.0
0.0
0.0
0.0
70.0
44.0
0.0
0.0
0.0
0.0
20.0
6.0
0.0
810.0
488.0
0.0
0.0
15.0
45.0
0.0
0.0
0.0
0.0
0.0
0.0
0.0
0.0
0.0
25.0
0.0
50.0
190.0
0.0
0.0
80.0
20.0
0.0
0.0
90.0
0.0
160.0
0.0
NaN
NaN
NaN
0.0
NaN
0.0
0.0
0.0
0.0
NaN
0.0
0.0
NaN
0.0
0.0
0.0
0.0
0.0
0.0
0.0
0.0
70.0
0.0
0.0
0.0
NaN
NaN
0.0
NaN
NaN
30.0
0.0
0.0
0.0
0.0
0.0
10.0
0.0
0.0
0.0
0.0
0.0
0.0
0.0
180.0
0.0
120.0
0.0
0.0
0.0
0.0
0.0
118.0
0.0
0.0
NaN
NaN
0.0
0.0
0.0
0.0
0.0
0.0
10.0
0.0
0.0
0.0
0.0
0.0
0.0
40.0
60.0
0.0
0.0
0.0
20.0
20.0
0.0
0.0
0.0
30.0
0.0
16.0
26.0
80.0
0.0
0.0
60.0
0.0
0.0
0.0
0.0
0.0
0.0
0.0
0.0
0.0
0.0
230.0
6.0
0.0
0.0
0.0
0.0
NaN
0.0
0.0
0.0
16.0
0.0
0.0
0.0
0.0
0.0
40.0
0.0
0.0
0.0
0.0
0.0
0.0
52.0
0.0
0.0
0.0
0.0
0.0
0.0
0.0
0.0
0.0
0.0
0.0
0.0
0.0
0.0
0.0
0.0
0.0
0.0
30.0
0.0
0.0
0.0
0.0
0.0
10.0
40.0
30.0
34.0
14.0
230.0
0.0
10.0
3.0
23.0
124.0
0.0
0.0
2.0
0.0
0.0
0.0
0.0
0.0
0.0
0.0
0.0
0.0
0.0
0.0
0.0
0.0
0.0
0.0
0.0
0.0
0.0
0.0
0.0
0.0
0.0
110.0
3.0
0.0
124.0
0.0
10.0
0.0
126.0
0.0
0.0
84.0
10.0
0.0
10.0
0.0
269.0
20.0
0.0
0.0
0.0
0.0
130.0
5.0
5.0
0.0
0.0
313.0
0.0
0.0
0.0
0.0
0.0
0.0
0.0
0.0
88.0
0.0
0.0
0.0
0.0
0.0
15.0
34.0
14.0
0.0
0.0
0.0
150.0
0.0
10.0
0.0
0.0
10.0
180.0
175.0
0.0
0.0
26.0
0.0
0.0
0.0
0.0
20.0
50.0
14.0
46.0
54.0
0.0
0.0
43.0
180.0
0.0
2.0
0.0
0.0
30.0
2.0
210.0
0.0
0.0
0.0
154.0
0.0
228.0
63.0
4.0
122.0
10.0
20.0
2.0
0.0
0.0
0.0
152.0
10.0
182.0
0.0
20.0
0.0
0.0
0.0
0.0
10.0
0.0
31.0
0.0
0.0
0.0
0.0
240.0
6.0
0.0
0.0
0.0
45.0
0.0
0.0
0.0
40.0
94.0
60.0
9.0
5.0
0.0
4.0
18.0
0.0
8.0
20.0
56.0
0.0
0.0
20.0
84.0
20.0
36.0
0.0
40.0
0.0
0.0
0.0
0.0
0.0
0.0
20.0
0.0
0.0
0.0
0.0
5.0
5.0
0.0
42.0
43.0
0.0
0.0
0.0
0.0
164.0
28.0
12.0
161.0
0.0
NaN
0.0
0.0
NaN
NaN
0.0
NaN
0.0
0.0
190.0
0.0
0.0
0.0
40.0
0.0
0.0
0.0
0.0
0.0
0.0
0.0
0.0
48.0
76.0
0.0
0.0
0.0
0.0
206.0
276.0
70.0
0.0
0.0
0.0
0.0
0.0
0.0
0.0
0.0
0.0
0.0
0.0
0.0
0.0
0.0
0.0
0.0
0.0
0.0
0.0
0.0
30.0
0.0
0.0
0.0
0.0
0.0
40.0
0.0
NaN
0.0
0.0
0.0
0.0
0.0
0.0
0.0
0.0
10.0
0.0
10.0
50.0
NaN
0.0
0.0
0.0
0.0
0.0
NaN
0.0
6.0
0.0
0.0
40.0
NaN
0.0
0.0
0.0
NaN
20.0
0.0
NaN
0.0
NaN
0.0
0.0
0.0
0.0
0.0
0.0
0.0
0.0
0.0
NaN
0.0
0.0
0.0
0.0
0.0
0.0
0.0
NaN
NaN
0.0
NaN
0.0
0.0
0.0
0.0
0.0
NaN
NaN
0.0
0.0
0.0
0.0
0.0
0.0
0.0
0.0
0.0
0.0
0.0
0.0
0.0
NaN
NaN
0.0
0.0
NaN
NaN
0.0
0.0
0.0
0.0
0.0
0.0
0.0
0.0
0.0
0.0
0.0
0.0
0.0
0.0
0.0
NaN
NaN
0.0
0.0
0.0
0.0
0.0
0.0
0.0
0.0
0.0
NaN
NaN
0.0
0.0
0.0
0.0
0.0
0.0
0.0
0.0
0.0
0.0
0.0
0.0
0.0
0.0
38.0
48.0
0.0
28.0
12.0
0.0
0.0
34.0
0.0
42.0
36.0
0.0
0.0
0.0
22.0
36.0
2.0
30.0
10.0
0.0
0.0
0.0
6.0
63.0
0.0
0.0
0.0
0.0
0.0
30.0
65.0
76.0
0.0
0.0
0.0
0.0
0.0
0.0
0.0
0.0
0.0
0.0
0.0
3.0
0.0
12.0
0.0
0.0
0.0
0.0
88.0
111.0
3.0
0.0
0.0
0.0
5.0
0.0
262.0
0.0
260.0
11.0
0.0
4.0
5.0
170.0
99.0
52.0
219.0
0.0
0.0
163.0
4.0
0.0
10.0
0.0
0.0
0.0
0.0
0.0
0.0
120.0
0.0
58.0
0.0
0.0
0.0
0.0
0.0
27.0
0.0
30.0
80.0
0.0
50.0
100.0
138.0
180.0
0.0
100.0
328.0
85.0
60.0
0.0
13.0
0.0
0.0
0.0
0.0
0.0
86.0
0.0
0.0
0.0
7.0
2.0
252.0
12.0
0.0
16.0
10.0
252.0
120.0
10.0
63.0
0.0
18.0
0.0
0.0
0.0
86.0
0.0
0.0
0.0
0.0
0.0
0.0
0.0
0.0
0.0
0.0
0.0
209.0
0.0
0.0
0.0
141.0
20.0
0.0
214.0
48.0
0.0
10.0
0.0
0.0
0.0
0.0
207.0
20.0
3.0
3.0
0.0
0.0
0.0
0.0
0.0
6.0
79.0
0.0
0.0
25.0
0.0
0.0
0.0
83.0
17.0
44.0
0.0
0.0
0.0
0.0
0.0
0.0
0.0
0.0
0.0
0.0
0.0
0.0
80.0
0.0
NaN
0.0
NaN
0.0
0.0
0.0
0.0
0.0
0.0
0.0
75.0
0.0
NaN
0.0
0.0
0.0
0.0
0.0
0.0
0.0
0.0
0.0
0.0
NaN
58.0
42.0
0.0
16.0
0.0
250.0
10.0
NaN
0.0
76.0
0.0
0.0
0.0
24.0
0.0
12.0
0.0
NaN
32.0
0.0
NaN
120.0
0.0
0.0
0.0
80.0
0.0
0.0
NaN
NaN
0.0
0.0
64.0
0.0
0.0
0.0
0.0
0.0
NaN
0.0
60.0
0.0
0.0
0.0
0.0
0.0
40.0
0.0
NaN
0.0
0.0
42.0
0.0
0.0
0.0
NaN
0.0
0.0
0.0
0.0
0.0
0.0
0.0
170.0
0.0
0.0
0.0
0.0
0.0
0.0
NaN
NaN
0.0
0.0
0.0
0.0
0.0
0.0
0.0
212.0
0.0
0.0
0.0
0.0
0.0
26.0
10.0
0.0
0.0
0.0
46.0
20.0
NaN
0.0
0.0
0.0
0.0
0.0
0.0
16.0
0.0
0.0
0.0
NaN
0.0
0.0
40.0
0.0
0.0
0.0
0.0
0.0
0.0
0.0
0.0
0.0
0.0
0.0
0.0
0.0
0.0
0.0
0.0
10.0
0.0
0.0
0.0
NaN
0.0
0.0
0.0
0.0
0.0
0.0
0.0
0.0
0.0
0.0
0.0
0.0
0.0
0.0
0.0
0.0
0.0
0.0
12.0
40.0
0.0
0.0
60.0
174.0
3.0
70.0
0.0
0.0
0.0
0.0
0.0
168.0
8.0
0.0
0.0
0.0
NaN
72.0
40.0
126.0
10.0
0.0
0.0
0.0
0.0
0.0
0.0
0.0
0.0
6.0
0.0
0.0
0.0
0.0
0.0
32.0
35.0
0.0
0.0
0.0
18.0
96.0
0.0
NaN
0.0
46.0
638.0
0.0
0.0
0.0
0.0
0.0
0.0
0.0
0.0
0.0
0.0
0.0
0.0
0.0
0.0
0.0
0.0
0.0
0.0
144.0
4.0
63.0
0.0
0.0
4.0
0.0
0.0
10.0
0.0
0.0
114.0
0.0
12.0
0.0
0.0
52.0
0.0
0.0
40.0
250.0
10.0
78.0
68.0
4.0
15.0
0.0
0.0
0.0
0.0
20.0
254.0
78.0
0.0
36.0
0.0
0.0
0.0
0.0
0.0
97.0
161.0
89.0
26.0
40.0
123.0
39.0
0.0
0.0
0.0
132.0
98.0
0.0
0.0
0.0
0.0
0.0
NaN
0.0
0.0
0.0
NaN
10.0
0.0
0.0
82.0
12.0
NaN
NaN
66.0
4.0
103.0
7.0
30.0
0.0
50.0
0.0
0.0
28.0
3.0
0.0
0.0
180.0
11.0
2.0
0.0
0.0
0.0
60.0
0.0
0.0
0.0
0.0
0.0
0.0
398.0
0.0
0.0
0.0
10.0
43.0
0.0
0.0
0.0
0.0
0.0
80.0
0.0
0.0
0.0
NaN
0.0
0.0
0.0
6.0
26.0
0.0
0.0
0.0
42.0
0.0
0.0
0.0
0.0
0.0
NaN
16.0
26.0
14.0
NaN
0.0
0.0
0.0
0.0
0.0
0.0
NaN
0.0
0.0
0.0
0.0
0.0
0.0
0.0
0.0
0.0
0.0
0.0
0.0
0.0
0.0
0.0
136.0
26.0
0.0
0.0
0.0
0.0
42.0
NaN
122.0
0.0
190.0
40.0
0.0
0.0
0.0
NaN
0.0
0.0
112.0
0.0
62.0
0.0
0.0
NaN
116.0
0.0
246.0
NaN
0.0
0.0
150.0
0.0
0.0
36.0
0.0
0.0
0.0
24.0
42.0
0.0
0.0
0.0
0.0
0.0
50.0
20.0
0.0
0.0
0.0
10.0
0.0
0.0
0.0
0.0
0.0
0.0
NaN
NaN
0.0
0.0
NaN
0.0
0.0
80.0
0.0
0.0
0.0
0.0
0.0
0.0
0.0
0.0
0.0
0.0
10.0
NaN
NaN
0.0
0.0
0.0
0.0
0.0
0.0
0.0
0.0
0.0
NaN
0.0
30.0
0.0
0.0
0.0
0.0
22.0
0.0
0.0
0.0
0.0
0.0
0.0
16.0
0.0
0.0
0.0
0.0
0.0
NaN
0.0
NaN
0.0
60.0
0.0
0.0
NaN
0.0
0.0
146.0
0.0
NaN
0.0
0.0
0.0
0.0
0.0
0.0
0.0
0.0
0.0
0.0
0.0
0.0
0.0
0.0
0.0
0.0
0.0
0.0
0.0
8.0
0.0
0.0
0.0
0.0
16.0
195.0
0.0
0.0
0.0
0.0
0.0
0.0
0.0
10.0
0.0
0.0
0.0
0.0
0.0
0.0
35.0
0.0
21.0
41.0
60.0
50.0
0.0
0.0
0.0
0.0
0.0
0.0
0.0
30.0
0.0
0.0
70.0
3.0
300.0
66.0
0.0
0.0
0.0
84.0
40.0
0.0
0.0
0.0
0.0
0.0
0.0
0.0
0.0
0.0
110.0
0.0
40.0
51.0
26.0
0.0
23.0
8.0
0.0
0.0
0.0
0.0
0.0
0.0
0.0
28.0
13.0
2.0
0.0
0.0
26.0
0.0
0.0
0.0
34.0
0.0
0.0
0.0
0.0
0.0
0.0
0.0
0.0
0.0
0.0
0.0
0.0
0.0
75.0
84.0
0.0
50.0
40.0
20.0
2.0
6.0
0.0
0.0
6.0
0.0
0.0
0.0
0.0
0.0
0.0
0.0
0.0
42.0
60.0
0.0
172.0
0.0
0.0
0.0
0.0
72.0
60.0
0.0
20.0
0.0
5.0
0.0
5.0
172.0
0.0
0.0
29.0
0.0
0.0
0.0
80.0
6.0
0.0
0.0
0.0
0.0
0.0
0.0
230.0
60.0
38.0
14.0
0.0
0.0
10.0
0.0
0.0
0.0
20.0
15.0
10.0
90.0
0.0
0.0
65.0
2.0
0.0
0.0
0.0
0.0
4.0
0.0
0.0
5.0
0.0
0.0
0.0
0.0
0.0
0.0
0.0
0.0
0.0
0.0
0.0
0.0
0.0
0.0
88.0
0.0
NaN
0.0
0.0
0.0
NaN
0.0
0.0
NaN
NaN
0.0
0.0
0.0
80.0
0.0
0.0
0.0
0.0
0.0
0.0
54.0
NaN
0.0
10.0
0.0
20.0
0.0
0.0
0.0
0.0
40.0
0.0
90.0
40.0
NaN
0.0
0.0
0.0
0.0
40.0
190.0
0.0
0.0
0.0
0.0
0.0
0.0
0.0
0.0
10.0
0.0
0.0
0.0
0.0
0.0
NaN
0.0
140.0
0.0
0.0
0.0
30.0
0.0
26.0
0.0
0.0
0.0
0.0
70.0
NaN
0.0
0.0
148.0
NaN
0.0
0.0
0.0
0.0
0.0
NaN
0.0
30.0
0.0
80.0
NaN
52.0
0.0
0.0
32.0
0.0
16.0
0.0
0.0
82.0
60.0
6.0
26.0
0.0
0.0
0.0
0.0
0.0
86.0
0.0
0.0
NaN
0.0
0.0
0.0
0.0
0.0
136.0
0.0
0.0
0.0
0.0
0.0
0.0
0.0
164.0
0.0
0.0
0.0
0.0
0.0
0.0
0.0
0.0
0.0
0.0
0.0
0.0
0.0
75.0
0.0
NaN
0.0
NaN
NaN
0.0
0.0
0.0
40.0
0.0
0.0
0.0
0.0
0.0
0.0
0.0
0.0
0.0
0.0
62.0
0.0
0.0
0.0
0.0
0.0
0.0
0.0
0.0
0.0
0.0
0.0
0.0
96.0
0.0
0.0
0.0
0.0
0.0
0.0
0.0
0.0
0.0
25.0
0.0
12.0
250.0
11.0
0.0
66.0
0.0
0.0
0.0
0.0
0.0
0.0
147.0
59.0
0.0
NaN
0.0
0.0
0.0
165.0
0.0
240.0
6.0
0.0
0.0
0.0
0.0
0.0
6.0
2.0
0.0
0.0
0.0
0.0
0.0
0.0
0.0
0.0
164.0
6.0
0.0
116.0
31.0
0.0
144.0
3.0
0.0
12.0
88.0
5.0
0.0
0.0
12.0
258.0
NaN
0.0
86.0
14.0
0.0
0.0
0.0
NaN
14.0
0.0
20.0
8.0
54.0
0.0
14.0
24.0
10.0
0.0
0.0
29.0
185.0
7.0
0.0
14.0
0.0
0.0
0.0
85.0
8.0
256.0
3.0
12.0
0.0
10.0
0.0
0.0
0.0
0.0
0.0
0.0
0.0
10.0
0.0
0.0
0.0
0.0
65.0
14.0
0.0
0.0
5.0
34.0
32.0
20.0
0.0
0.0
0.0
14.0
0.0
45.0
20.0
0.0
0.0
0.0
0.0
0.0
20.0
10.0
260.0
5.0
66.0
22.0
0.0
0.0
36.0
0.0
0.0
0.0
0.0
0.0
0.0
0.0
0.0
0.0
0.0
82.0
0.0
130.0
5.0
68.0
0.0
0.0
50.0
0.0
16.0
590.0
14.0
0.0
0.0
0.0
4.0
0.0
20.0
0.0
10.0
57.0
0.0
233.0
4.0
2.0
42.0
0.0
0.0
0.0
20.0
0.0
0.0
0.0
132.0
8.0
12.0
140.0
0.0
0.0
185.0
0.0
0.0
0.0
0.0
0.0
0.0
0.0
0.0
5.0
0.0
0.0
0.0
0.0
0.0
0.0
0.0
0.0
0.0
0.0
0.0
0.0
26.0
0.0
0.0
0.0
0.0
0.0
0.0
0.0
0.0
NaN
NaN
0.0
0.0
50.0
0.0
30.0
0.0
0.0
0.0
0.0
0.0
0.0
0.0
0.0
0.0
0.0
40.0
0.0
0.0
0.0
0.0
110.0
0.0
0.0
0.0
0.0
NaN
0.0
46.0
100.0
50.0
0.0
0.0
0.0
0.0
0.0
72.0
0.0
20.0
0.0
0.0
NaN
0.0
0.0
0.0
0.0
0.0
70.0
240.0
0.0
0.0
0.0
0.0
60.0
72.0
32.0
0.0
0.0
10.0
0.0
0.0
NaN
100.0
0.0
0.0
0.0
20.0
20.0
0.0
0.0
NaN
0.0
20.0
0.0
0.0
0.0
0.0
0.0
0.0
0.0
0.0
0.0
0.0
40.0
0.0
0.0
0.0
0.0
0.0
30.0
60.0
NaN
NaN
0.0
10.0
0.0
0.0
0.0
0.0
40.0
0.0
0.0
0.0
0.0
30.0
0.0
60.0
20.0
20.0
0.0
0.0
0.0
0.0
0.0
0.0
0.0
0.0
0.0
0.0
0.0
0.0
0.0
100.0
0.0
NaN
70.0
NaN
0.0
0.0
52.0
20.0
0.0
0.0
0.0
0.0
0.0
0.0
0.0
0.0
0.0
0.0
0.0
0.0
0.0
42.0
134.0
30.0
0.0
0.0
0.0
0.0
0.0
0.0
0.0
0.0
0.0
0.0
190.0
250.0
158.0
74.0
36.0
10.0
0.0
0.0
10.0
105.0
3.0
0.0
0.0
0.0
0.0
0.0
176.0
0.0
0.0
0.0
0.0
0.0
0.0
0.0
0.0
20.0
8.0
43.0
0.0
520.0
0.0
0.0
76.0
0.0
0.0
0.0
0.0
0.0
0.0
0.0
0.0
0.0
0.0
0.0
0.0
0.0
0.0
290.0
40.0
0.0
0.0
0.0
0.0
0.0
0.0
0.0
0.0
0.0
0.0
0.0
306.0
0.0
70.0
50.0
0.0
174.0
NaN
NaN
70.0
22.0
4.0
40.0
0.0
31.0
0.0
0.0
0.0
0.0
0.0
0.0
20.0
0.0
24.0
0.0
10.0
0.0
252.0
2.0
0.0
0.0
10.0
2.0
NaN
10.0
10.0
0.0
0.0
0.0
0.0
0.0
0.0
0.0
0.0
20.0
0.0
0.0
0.0
0.0
0.0
10.0
11.0
54.0
0.0
0.0
0.0
0.0
41.0
0.0
0.0
23.0
58.0
240.0
80.0
0.0
0.0
0.0
0.0
0.0
70.0
75.0
0.0
0.0
0.0
0.0
230.0
80.0
0.0
0.0
100.0
0.0
391.0
0.0
93.0
40.0
0.0
0.0
0.0
0.0
80.0
0.0
0.0
108.0
0.0
0.0
0.0
140.0
120.0
8.0
0.0
0.0
14.0
120.0
0.0
0.0
0.0
0.0
43.0
0.0
0.0
42.0
40.0
0.0
26.0
0.0
0.0
5.0
10.0
0.0
0.0
80.0
86.0
4.0
0.0
0.0
220.0
1109.0
0.0
0.0
175.0
20.0
30.0
30.0
20.0
0.0
0.0
0.0
10.0
0.0
5.0
0.0
0.0
0.0
0.0
0.0
0.0
80.0
0.0
0.0
0.0
35.0
70.0
15.0
0.0
50.0
90.0
20.0
0.0
100.0
50.0
0.0
0.0
0.0
0.0
NaN
NaN
NaN
NaN
0.0
0.0
0.0
0.0
NaN
0.0
40.0
0.0
0.0
NaN
NaN
0.0
0.0
10.0
0.0
0.0
0.0
0.0
0.0
0.0
0.0
0.0
0.0
0.0
0.0
0.0
30.0
0.0
0.0
40.0
0.0
20.0
0.0
0.0
0.0
0.0
0.0
NaN
0.0
0.0
0.0
40.0
0.0
80.0
50.0
0.0
0.0
0.0
0.0
0.0
70.0
70.0
0.0
0.0
0.0
0.0
NaN
NaN
NaN
0.0
0.0
140.0
0.0
0.0
NaN
NaN
0.0
0.0
0.0
0.0
0.0
0.0
NaN
NaN
0.0
0.0
NaN
0.0
NaN
20.0
0.0
52.0
0.0
20.0
0.0
0.0
0.0
25.0
0.0
0.0
0.0
0.0
0.0
0.0
0.0
0.0
0.0
0.0
0.0
0.0
0.0
0.0
0.0
0.0
0.0
15.0
0.0
0.0
0.0
0.0
0.0
0.0
0.0
0.0
0.0
0.0
0.0
0.0
0.0
0.0
0.0
0.0
15.0
0.0
0.0
0.0
0.0
0.0
0.0
0.0
0.0
320.0
NaN
60.0
100.0
8.0
0.0
0.0
0.0
0.0
20.0
0.0
18.0
60.0
88.0
0.0
0.0
0.0
0.0
0.0
0.0
0.0
0.0
270.0
5.0
0.0
5.0
6.0
82.0
0.0
0.0
0.0
0.0
0.0
150.0
6.0
0.0
0.0
0.0
0.0
0.0
0.0
0.0
0.0
0.0
16.0
22.0
0.0
13.0
33.0
4.0
0.0
0.0
0.0
0.0
0.0
0.0
0.0
0.0
0.0
296.0
20.0
0.0
0.0
0.0
0.0
0.0
0.0
0.0
0.0
31.0
40.0
0.0
10.0
0.0
111.0
301.0
3.0
31.0
0.0
15.0
27.0
10.0
10.0
0.0
0.0
0.0
0.0
156.0
0.0
0.0
0.0
186.0
0.0
0.0
0.0
0.0
0.0
81.0
0.0
25.0
80.0
0.0
0.0
0.0
22.0
NaN
NaN
72.0
40.0
0.0
352.0
102.0
15.0
32.0
0.0
0.0
0.0
0.0
0.0
0.0
78.0
3.0
0.0
0.0
58.0
12.0
0.0
153.0
60.0
0.0
0.0
0.0
245.0
0.0
0.0
10.0
388.0
0.0
3.0
340.0
0.0
62.0
16.0
210.0
18.0
0.0
0.0
26.0
18.0
312.0
37.0
90.0
80.0
0.0
0.0
20.0
0.0
0.0
0.0
0.0
54.0
30.0
50.0
6.0
0.0
0.0
0.0
0.0
0.0
0.0
0.0
132.0
43.0
132.0
22.0
20.0
27.0
8.0
40.0
0.0
20.0
0.0
5.0
0.0
60.0
6.0
0.0
0.0
0.0
0.0
0.0
0.0
0.0
0.0
0.0
0.0
0.0
120.0
NaN
30.0
0.0
0.0
10.0
10.0
20.0
0.0
0.0
12.0
30.0
0.0
0.0
0.0
0.0
50.0
0.0
NaN
40.0
0.0
0.0
0.0
0.0
0.0
0.0
0.0
0.0
0.0
68.0
0.0
50.0
0.0
20.0
0.0
0.0
10.0
40.0
35.0
0.0
0.0
0.0
35.0
98.0
0.0
0.0
15.0
0.0
0.0
80.0
20.0
125.0
100.0
NaN
70.0
70.0
0.0
0.0
100.0
0.0
0.0
80.0
20.0
0.0
0.0
NaN
0.0
0.0
0.0
0.0
0.0
0.0
0.0
0.0
0.0
0.0
0.0
0.0
0.0
0.0
NaN
0.0
0.0
0.0
0.0
115.0
30.0
0.0
50.0
0.0
0.0
0.0
0.0
0.0
0.0
0.0
90.0
NaN
0.0
0.0
0.0
0.0
0.0
0.0
0.0
0.0
0.0
0.0
0.0
0.0
0.0
0.0
0.0
0.0
0.0
0.0
0.0
0.0
0.0
0.0
0.0
0.0
0.0
0.0
0.0
90.0
0.0
0.0
0.0
0.0
0.0
0.0
0.0
NaN
NaN
0.0
0.0
40.0
50.0
0.0
0.0
0.0
0.0
0.0
0.0
0.0
0.0
0.0
10.0
0.0
0.0
0.0
0.0
0.0
0.0
0.0
0.0
150.0
41.0
0.0
0.0
0.0
0.0
0.0
0.0
NaN
0.0
0.0
0.0
0.0
0.0
0.0
0.0
83.0
0.0
0.0
131.0
NaN
NaN
0.0
72.0
330.0
NaN
23.0
0.0
0.0
0.0
0.0
0.0
0.0
0.0
0.0
20.0
110.0
63.0
10.0
0.0
0.0
NaN
13.0
10.0
20.0
17.0
256.0
NaN
0.0
138.0
12.0
0.0
30.0
2.0
0.0
0.0
0.0
0.0
0.0
0.0
0.0
106.0
111.0
4.0
0.0
0.0
110.0
18.0
0.0
0.0
0.0
0.0
0.0
NaN
0.0
0.0
0.0
154.0
0.0
22.0
0.0
0.0
0.0
0.0
35.0
146.0
0.0
18.0
100.0
0.0
58.0
2.0
539.0
0.0
92.0
0.0
8.0
20.0
0.0
0.0
38.0
8.0
116.0
26.0
0.0
0.0
0.0
0.0
170.0
60.0
0.0
606.0
0.0
0.0
6.0
0.0
16.0
0.0
40.0
0.0
0.0
0.0
0.0
105.0
0.0
0.0
0.0
0.0
0.0
340.0
0.0
0.0
0.0
42.0
0.0
0.0
15.0
50.0
0.0
0.0
10.0
60.0
0.0
0.0
31.0
21.0
0.0
120.0
5.0
253.0
60.0
30.0
NaN
130.0
10.0
0.0
0.0
14.0
NaN
NaN
0.0
0.0
0.0
0.0
0.0
0.0
10.0
130.0
0.0
0.0
0.0
0.0
NaN
0.0
20.0
NaN
NaN
0.0
72.0
0.0
0.0
20.0
0.0
0.0
0.0
0.0
0.0
0.0
60.0
40.0
22.0
0.0
22.0
0.0
0.0
110.0
160.0
0.0
0.0
0.0
100.0
6.0
11.0
90.0
0.0
20.0
0.0
0.0
10.0
0.0
0.0
0.0
0.0
NaN
20.0
0.0
60.0
0.0
0.0
0.0
0.0
0.0
0.0
0.0
0.0
10.0
20.0
0.0
0.0
0.0
0.0
0.0
70.0
0.0
40.0
0.0
0.0
10.0
0.0
0.0
0.0
0.0
0.0
0.0
0.0
0.0
0.0
0.0
0.0
0.0
0.0
0.0
0.0
10.0
10.0
60.0
NaN
0.0
0.0
0.0
0.0
0.0
0.0
0.0
20.0
0.0
NaN
20.0
0.0
0.0
0.0
0.0
0.0
0.0
0.0
0.0
0.0
140.0
30.0
120.0
0.0
0.0
0.0
0.0
0.0
0.0
0.0
40.0
0.0
60.0
40.0
0.0
0.0
40.0
0.0
0.0
0.0
0.0
0.0
0.0
NaN
0.0
30.0
0.0
0.0
0.0
0.0
0.0
NaN
NaN
NaN
0.0
0.0
0.0
0.0
0.0
0.0
0.0
0.0
0.0
0.0
0.0
0.0
0.0
0.0
0.0
0.0
10.0
0.0
0.0
0.0
0.0
0.0
0.0
0.0
0.0
0.0
0.0
0.0
60.0
20.0
0.0
0.0
0.0
0.0
0.0
NaN
0.0
0.0
0.0
0.0
0.0
40.0
100.0
0.0
0.0
0.0
0.0
0.0
20.0
0.0
0.0
0.0
0.0
0.0
NaN
20.0
0.0
0.0
0.0
6.0
NaN
NaN
20.0
0.0
56.0
0.0
0.0
0.0
0.0
67.0
0.0
15.0
NaN
0.0
20.0
70.0
0.0
0.0
0.0
5.0
44.0
60.0
0.0
0.0
30.0
0.0
20.0
110.0
0.0
45.0
272.0
100.0
0.0
0.0
0.0
0.0
0.0
4.0
0.0
10.0
10.0
0.0
0.0
8.0
0.0
40.0
175.0
10.0
0.0
0.0
0.0
10.0
0.0
62.0
0.0
0.0
0.0
0.0
0.0
0.0
0.0
30.0
175.0
80.0
225.0
0.0
30.0
180.0
0.0
0.0
0.0
0.0
0.0
0.0
0.0
22.0
0.0
0.0
20.0
0.0
0.0
42.0
45.0
4.0
NaN
NaN
83.0
0.0
167.0
10.0
0.0
0.0
0.0
0.0
12.0
0.0
NaN
NaN
0.0
NaN
NaN
0.0
40.0
NaN
0.0
0.0
0.0
0.0
30.0
0.0
120.0
111.0
0.0
0.0
0.0
520.0
0.0
0.0
0.0
0.0
10.0
12.0
4.0
0.0
40.0
0.0
4.0
144.0
0.0
0.0
0.0
10.0
78.0
78.0
0.0
54.0
4.0
11.0
0.0
0.0
0.0
0.0
0.0
0.0
118.0
0.0
40.0
0.0
0.0
0.0
10.0
NaN
0.0
0.0
254.0
8.0
0.0
0.0
0.0
40.0
NaN
19.0
4.0
10.0
30.0
24.0
48.0
0.0
20.0
0.0
0.0
0.0
0.0
0.0
0.0
20.0
156.0
30.0
0.0
0.0
0.0
0.0
0.0
0.0
0.0
0.0
74.0
24.0
NaN
0.0
0.0
58.0
22.0
59.0
0.0
0.0
0.0
0.0
0.0
0.0
0.0
0.0
0.0
0.0
0.0
20.0
0.0
12.0
0.0
0.0
0.0
10.0
15.0
48.0
28.0
0.0
0.0
36.0
52.0
0.0
40.0
121.0
40.0
0.0
0.0
0.0
0.0
NaN
NaN
0.0
0.0
20.0
0.0
10.0
0.0
0.0
0.0
0.0
75.0
0.0
0.0
25.0
25.0
0.0
0.0
15.0
10.0
0.0
0.0
0.0
0.0
0.0
0.0
0.0
0.0
0.0
0.0
20.0
0.0
0.0
0.0
0.0
0.0
0.0
0.0
0.0
0.0
0.0
80.0
0.0
0.0
100.0
120.0
20.0
35.0
0.0
0.0
0.0
NaN
0.0
0.0
0.0
0.0
0.0
0.0
0.0
0.0
0.0
0.0
10.0
25.0
0.0
10.0
0.0
0.0
40.0
0.0
0.0
0.0
0.0
0.0
30.0
110.0
0.0
0.0
0.0
70.0
140.0
NaN
NaN
0.0
80.0
0.0
120.0
35.0
0.0
0.0
0.0
90.0
0.0
0.0
0.0
10.0
80.0
0.0
50.0
0.0
0.0
0.0
0.0
0.0
0.0
0.0
0.0
0.0
0.0
0.0
0.0
25.0
0.0
50.0
20.0
0.0
0.0
0.0
0.0
0.0
0.0
0.0
0.0
0.0
0.0
50.0
10.0
0.0
0.0
115.0
0.0
0.0
0.0
0.0
0.0
20.0
56.0
0.0
0.0
0.0
0.0
0.0
52.0
0.0
0.0
0.0
0.0
0.0
0.0
0.0
0.0
0.0
0.0
0.0
0.0
0.0
0.0
0.0
44.0
0.0
0.0
0.0
0.0
58.0
0.0
0.0
0.0
405.0
187.0
0.0
154.0
0.0
30.0
0.0
42.0
14.0
200.0
0.0
0.0
0.0
0.0
0.0
70.0
0.0
0.0
0.0
0.0
0.0
0.0
0.0
0.0
34.0
12.0
0.0
0.0
0.0
0.0
6.0
0.0
0.0
0.0
0.0
0.0
0.0
0.0
0.0
0.0
0.0
0.0
0.0
250.0
267.0
22.0
20.0
14.0
8.0
0.0
0.0
278.0
104.0
385.0
120.0
NaN
NaN
2.0
0.0
35.0
5.0
3.0
36.0
0.0
0.0
111.0
190.0
10.0
2.0
402.0
8.0
0.0
10.0
0.0
0.0
0.0
0.0
0.0
0.0
0.0
0.0
0.0
0.0
0.0
0.0
0.0
0.0
0.0
16.0
0.0
0.0
0.0
0.0
114.0
0.0
0.0
0.0
0.0
50.0
0.0
0.0
0.0
0.0
0.0
191.0
0.0
0.0
64.0
0.0
334.0
8.0
140.0
116.0
0.0
153.0
0.0
268.0
0.0
24.0
0.0
0.0
3.0
48.0
20.0
0.0
182.0
64.0
5.0
123.0
10.0
10.0
60.0
0.0
0.0
28.0
0.0
14.0
4.0
5.0
152.0
424.0
445.0
14.0
80.0
15.0
0.0
22.0
5.0
0.0
0.0
0.0
0.0
0.0
18.0
30.0
10.0
0.0
12.0
0.0
146.0
50.0
50.0
30.0
216.0
80.0
0.0
0.0
0.0
3.0
0.0
0.0
0.0
20.0
10.0
45.0
0.0
10.0
3.0
10.0
0.0
80.0
0.0
0.0
0.0
0.0
0.0
0.0
0.0
60.0
0.0
30.0
112.0
0.0
NaN
0.0
120.0
20.0
0.0
0.0
20.0
50.0
100.0
0.0
65.0
0.0
50.0
121.0
0.0
0.0
220.0
0.0
0.0
0.0
0.0
130.0
100.0
30.0
0.0
10.0
0.0
0.0
NaN
0.0
0.0
0.0
0.0
0.0
0.0
0.0
0.0
0.0
0.0
0.0
0.0
0.0
0.0
0.0
0.0
0.0
20.0
0.0
0.0
0.0
50.0
0.0
50.0
0.0
170.0
60.0
220.0
380.0
50.0
10.0
90.0
0.0
0.0
0.0
0.0
10.0
0.0
50.0
60.0
0.0
0.0
0.0
0.0
0.0
30.0
0.0
30.0
60.0
0.0
0.0
160.0
0.0
0.0
20.0
0.0
0.0
0.0
0.0
10.0
0.0
0.0
0.0
0.0
NaN
0.0
0.0
0.0
150.0
0.0
0.0
40.0
0.0
0.0
0.0
0.0
0.0
0.0
0.0
0.0
0.0
0.0
0.0
0.0
0.0
0.0
0.0
0.0
0.0
0.0
0.0
0.0
0.0
0.0
50.0
20.0
30.0
50.0
0.0
0.0
0.0
0.0
0.0
0.0
0.0
0.0
0.0
0.0
0.0
0.0
0.0
0.0
0.0
0.0
0.0
0.0
20.0
0.0
0.0
50.0
112.0
50.0
0.0
0.0
0.0
0.0
140.0
0.0
0.0
0.0
0.0
100.0
NaN
0.0
0.0
0.0
0.0
0.0
4.0
0.0
0.0
0.0
0.0
0.0
0.0
0.0
66.0
0.0
408.0
15.0
20.0
120.0
0.0
0.0
0.0
0.0
0.0
0.0
0.0
0.0
0.0
0.0
0.0
60.0
272.0
82.0
0.0
0.0
0.0
0.0
0.0
0.0
0.0
0.0
0.0
0.0
0.0
0.0
0.0
0.0
0.0
0.0
0.0
30.0
0.0
0.0
0.0
0.0
0.0
0.0
43.0
12.0
10.0
0.0
0.0
0.0
130.0
10.0
220.0
0.0
0.0
0.0
30.0
130.0
202.0
25.0
72.0
4.0
0.0
12.0
76.0
0.0
0.0
0.0
5.0
30.0
54.0
20.0
5.0
0.0
0.0
NaN
95.0
0.0
0.0
0.0
0.0
0.0
62.0
10.0
101.0
0.0
0.0
0.0
60.0
0.0
0.0
492.0
0.0
0.0
52.0
0.0
30.0
0.0
30.0
20.0
0.0
0.0
0.0
0.0
0.0
0.0
0.0
0.0
0.0
0.0
20.0
19.0
0.0
0.0
0.0
0.0
95.0
0.0
81.0
455.0
0.0
20.0
10.0
0.0
0.0
0.0
0.0
0.0
0.0
62.0
0.0
0.0
58.0
0.0
60.0
25.0
46.0
10.0
0.0
30.0
10.0
0.0
0.0
0.0
0.0
0.0
15.0
0.0
0.0
0.0
0.0
0.0
60.0
250.0
0.0
140.0
12.0
0.0
0.0
0.0
0.0
117.0
22.0
20.0
43.0
18.0
0.0
250.0
60.0
0.0
0.0
0.0
0.0
0.0
NaN
NaN
0.0
0.0
0.0
NaN
0.0
0.0
0.0
0.0
NaN
NaN
NaN
10.0
0.0
0.0
0.0
NaN
0.0
0.0
0.0
0.0
0.0
0.0
NaN
NaN
5.0
0.0
0.0
10.0
0.0
50.0
40.0
0.0
100.0
0.0
0.0
0.0
0.0
0.0
120.0
0.0
0.0
0.0
0.0
80.0
80.0
0.0
0.0
0.0
0.0
0.0
0.0
50.0
0.0
0.0
0.0
NaN
0.0
0.0
NaN
NaN
10.0
0.0
60.0
30.0
0.0
NaN
0.0
0.0
NaN
40.0
30.0
0.0
10.0
30.0
0.0
50.0
105.0
NaN
45.0
0.0
0.0
0.0
0.0
20.0
140.0
30.0
40.0
0.0
0.0
0.0
0.0
20.0
0.0
0.0
0.0
0.0
0.0
0.0
110.0
20.0
10.0
150.0
70.0
10.0
NaN
50.0
0.0
0.0
0.0
0.0
40.0
0.0
0.0
80.0
90.0
0.0
NaN
0.0
0.0
0.0
0.0
20.0
400.0
0.0
10.0
0.0
20.0
80.0
0.0
NaN
0.0
0.0
0.0
0.0
70.0
0.0
0.0
50.0
NaN
0.0
0.0
65.0
0.0
0.0
0.0
0.0
0.0
0.0
0.0
340.0
122.0
30.0
0.0
0.0
0.0
0.0
0.0
0.0
0.0
10.0
0.0
0.0
0.0
0.0
0.0
0.0
0.0
0.0
0.0
0.0
0.0
0.0
0.0
0.0
0.0
0.0
0.0
0.0
0.0
130.0
0.0
0.0
180.0
90.0
0.0
0.0
0.0
0.0
30.0
0.0
0.0
0.0
0.0
32.0
40.0
0.0
0.0
78.0
30.0
0.0
0.0
0.0
0.0
0.0
0.0
0.0
0.0
0.0
0.0
14.0
0.0
70.0
0.0
0.0
0.0
0.0
0.0
0.0
0.0
0.0
378.0
14.0
0.0
0.0
0.0
20.0
0.0
0.0
250.0
393.0
30.0
0.0
0.0
20.0
60.0
40.0
0.0
190.0
20.0
0.0
30.0
0.0
0.0
0.0
0.0
0.0
0.0
0.0
120.0
0.0
28.0
72.0
0.0
0.0
0.0
30.0
0.0
0.0
0.0
0.0
0.0
0.0
0.0
0.0
0.0
0.0
0.0
0.0
0.0
22.0
0.0
10.0
0.0
0.0
0.0
40.0
0.0
0.0
10.0
0.0
0.0
130.0
60.0
0.0
0.0
0.0
22.0
183.0
0.0
0.0
0.0
20.0
0.0
0.0
0.0
0.0
38.0
10.0
120.0
0.0
0.0
0.0
40.0
0.0
14.0
118.0
18.0
0.0
0.0
0.0
0.0
0.0
0.0
150.0
8.0
10.0
0.0
0.0
0.0
0.0
0.0
NaN
0.0
0.0
10.0
26.0
40.0
0.0
0.0
0.0
90.0
0.0
80.0
0.0
70.0
50.0
10.0
0.0
470.0
NaN
NaN
0.0
10.0
0.0
0.0
0.0
0.0
0.0
0.0
0.0
0.0
0.0
0.0
0.0
0.0
0.0
0.0
171.0
0.0
275.0
222.0
4.0
0.0
0.0
0.0
0.0
0.0
5.0
0.0
0.0
0.0
0.0
0.0
0.0
0.0
0.0
0.0
0.0
0.0
10.0
170.0
0.0
0.0
0.0
10.0
20.0
0.0
0.0
0.0
0.0
10.0
NaN
NaN
20.0
0.0
0.0
0.0
0.0
0.0
10.0
10.0
0.0
0.0
0.0
0.0
0.0
0.0
0.0
0.0
0.0
0.0
0.0
0.0
0.0
10.0
NaN
30.0
0.0
0.0
100.0
20.0
0.0
0.0
0.0
0.0
0.0
0.0
0.0
80.0
0.0
0.0
110.0
0.0
0.0
0.0
40.0
30.0
30.0
0.0
0.0
0.0
0.0
0.0
0.0
0.0
30.0
10.0
0.0
0.0
0.0
0.0
0.0
0.0
0.0
0.0
0.0
0.0
0.0
0.0
0.0
0.0
0.0
0.0
0.0
10.0
50.0
0.0
0.0
0.0
0.0
0.0
0.0
0.0
0.0
0.0
0.0
0.0
10.0
10.0
0.0
0.0
0.0
0.0
0.0
NaN
0.0
NaN
0.0
0.0
0.0
0.0
80.0
0.0
0.0
0.0
0.0
0.0
0.0
0.0
0.0
0.0
0.0
0.0
0.0
NaN
NaN
NaN
NaN
NaN
NaN
100.0
0.0
0.0
0.0
0.0
0.0
0.0
0.0
0.0
0.0
0.0
0.0
105.0
40.0
0.0
15.0
50.0
0.0
0.0
0.0
0.0
0.0
0.0
0.0
0.0
0.0
0.0
0.0
0.0
0.0
0.0
0.0
0.0
90.0
0.0
0.0
0.0
0.0
0.0
0.0
0.0
50.0
0.0
10.0
20.0
74.0
0.0
74.0
10.0
0.0
0.0
0.0
0.0
0.0
0.0
25.0
10.0
108.0
0.0
60.0
0.0
45.0
0.0
20.0
0.0
40.0
40.0
5.0
0.0
0.0
0.0
40.0
25.0
0.0
0.0
0.0
0.0
0.0
0.0
24.0
5.0
3.0
0.0
0.0
NaN
0.0
0.0
0.0
78.0
0.0
0.0
0.0
0.0
10.0
0.0
0.0
0.0
0.0
NaN
NaN
0.0
0.0
30.0
0.0
0.0
140.0
0.0
0.0
10.0
20.0
70.0
141.0
25.0
3.0
0.0
0.0
205.0
NaN
NaN
0.0
0.0
0.0
0.0
0.0
0.0
0.0
0.0
0.0
250.0
0.0
20.0
0.0
0.0
35.0
94.0
8.0
0.0
10.0
0.0
0.0
240.0
0.0
0.0
15.0
94.0
35.0
69.0
15.0
100.0
38.0
2.0
0.0
0.0
282.0
4.0
0.0
0.0
0.0
10.0
28.0
0.0
0.0
0.0
8.0
0.0
0.0
180.0
0.0
0.0
10.0
2.0
290.0
19.0
0.0
0.0
2.0
0.0
60.0
50.0
20.0
0.0
0.0
270.0
0.0
0.0
0.0
0.0
40.0
210.0
20.0
0.0
0.0
0.0
0.0
105.0
NaN
0.0
50.0
308.0
270.0
90.0
30.0
10.0
0.0
0.0
0.0
0.0
10.0
5.0
0.0
0.0
0.0
25.0
0.0
0.0
0.0
0.0
0.0
0.0
0.0
0.0
NaN
0.0
NaN
0.0
0.0
NaN
0.0
30.0
0.0
0.0
NaN
NaN
0.0
0.0
0.0
0.0
0.0
0.0
0.0
0.0
0.0
NaN
0.0
0.0
0.0
0.0
0.0
55.0
0.0
0.0
0.0
0.0
0.0
0.0
0.0
0.0
0.0
0.0
0.0
0.0
20.0
0.0
40.0
0.0
0.0
NaN
30.0
40.0
NaN
NaN
NaN
0.0
0.0
0.0
0.0
30.0
0.0
0.0
0.0
0.0
0.0
0.0
0.0
0.0
0.0
0.0
0.0
60.0
80.0
20.0
80.0
100.0
0.0
10.0
0.0
0.0
0.0
0.0
0.0
0.0
0.0
0.0
20.0
0.0
0.0
NaN
NaN
0.0
0.0
30.0
0.0
NaN
30.0
0.0
NaN
NaN
20.0
0.0
0.0
0.0
NaN
0.0
0.0
0.0
0.0
0.0
0.0
0.0
40.0
NaN
0.0
NaN
0.0
0.0
NaN
0.0
0.0
0.0
0.0
0.0
0.0
0.0
0.0
0.0
0.0
0.0
0.0
0.0
0.0
NaN
0.0
0.0
NaN
0.0
0.0
NaN
0.0
0.0
0.0
0.0
NaN
0.0
0.0
NaN
0.0
0.0
0.0
NaN
NaN
NaN
NaN
0.0
0.0
0.0
0.0
0.0
0.0
0.0
0.0
0.0
0.0
0.0
0.0
0.0
0.0
0.0
0.0
0.0
0.0
0.0
0.0
0.0
0.0
0.0
0.0
0.0
0.0
0.0
0.0
43.0
520.0
2.0
0.0
0.0
0.0
0.0
0.0
0.0
0.0
50.0
170.0
60.0
40.0
300.0
0.0
110.0
186.0
20.0
20.0
0.0
0.0
0.0
0.0
0.0
140.0
55.0
0.0
0.0
18.0
NaN
NaN
0.0
0.0
0.0
82.0
50.0
0.0
0.0
0.0
15.0
0.0
15.0
0.0
0.0
0.0
0.0
250.0
120.0
190.0
18.0
181.0
0.0
80.0
0.0
20.0
