0.0
0.0
10.0
20.0
5.0
0.0
0.0
0.0
0.0
0.0
0.0
0.0
10.0
0.0
0.0
0.0
0.0
30.0
80.0
0.0
20.0
0.0
0.0
0.0
0.0
20.0
10.0
10.0
0.0
0.0
0.0
0.0
0.0
0.0
0.0
0.0
0.0
20.0
10.0
10.0
0.0
0.0
0.0
0.0
0.0
0.0
20.0
0.0
0.0
20.0
0.0
0.0
0.0
0.0
0.0
0.0
0.0
10.0
20.0
0.0
0.0
0.0
0.0
0.0
0.0
20.0
50.0
0.0
0.0
0.0
0.0
20.0
0.0
50.0
100.0
0.0
0.0
0.0
0.0
0.0
0.0
0.0
0.0
0.0
0.0
0.0
0.0
0.0
0.0
0.0
110.0
0.0
0.0
0.0
0.0
0.0
0.0
0.0
0.0
0.0
0.0
0.0
0.0
0.0
0.0
0.0
NaN
NaN
NaN
0.0
0.0
0.0
0.0
0.0
0.0
0.0
60.0
70.0
0.0
0.0
0.0
0.0
0.0
0.0
0.0
0.0
10.0
20.0
0.0
0.0
0.0
20.0
30.0
0.0
0.0
0.0
0.0
0.0
0.0
0.0
0.0
0.0
100.0
380.0
200.0
0.0
0.0
0.0
0.0
0.0
0.0
60.0
0.0
0.0
0.0
0.0
30.0
30.0
0.0
30.0
30.0
2.0
20.0
0.0
0.0
0.0
0.0
0.0
30.0
0.0
0.0
40.0
25.0
0.0
0.0
30.0
0.0
0.0
0.0
20.0
205.0
0.0
0.0
0.0
0.0
0.0
0.0
50.0
20.0
0.0
0.0
0.0
0.0
130.0
0.0
0.0
0.0
0.0
0.0
60.0
230.0
300.0
0.0
0.0
0.0
0.0
173.0
0.0
0.0
0.0
0.0
0.0
0.0
0.0
0.0
0.0
0.0
0.0
70.0
0.0
0.0
0.0
0.0
0.0
0.0
0.0
0.0
0.0
0.0
0.0
0.0
20.0
0.0
0.0
41.0
400.0
90.0
0.0
0.0
0.0
10.0
0.0
0.0
110.0
0.0
0.0
0.0
0.0
10.0
0.0
0.0
21.0
0.0
0.0
0.0
0.0
0.0
0.0
0.0
0.0
0.0
0.0
0.0
43.0
80.0
75.0
83.0
0.0
0.0
61.0
65.0
0.0
190.0
0.0
0.0
0.0
0.0
0.0
0.0
0.0
0.0
0.0
0.0
0.0
50.0
0.0
0.0
0.0
0.0
0.0
0.0
0.0
20.0
10.0
0.0
0.0
0.0
0.0
0.0
0.0
0.0
0.0
0.0
0.0
0.0
0.0
0.0
0.0
30.0
0.0
0.0
0.0
0.0
20.0
20.0
0.0
0.0
0.0
0.0
0.0
0.0
0.0
110.0
10.0
0.0
0.0
0.0
0.0
0.0
0.0
0.0
0.0
40.0
455.0
112.0
150.0
20.0
0.0
10.0
0.0
10.0
20.0
0.0
0.0
0.0
0.0
0.0
0.0
0.0
0.0
0.0
0.0
0.0
0.0
0.0
0.0
0.0
0.0
0.0
0.0
20.0
30.0
0.0
0.0
0.0
0.0
0.0
0.0
0.0
20.0
0.0
0.0
0.0
20.0
0.0
0.0
0.0
0.0
0.0
0.0
0.0
0.0
0.0
0.0
0.0
0.0
0.0
0.0
0.0
0.0
0.0
0.0
0.0
0.0
0.0
0.0
0.0
0.0
0.0
10.0
120.0
0.0
0.0
0.0
0.0
0.0
60.0
0.0
20.0
40.0
120.0
0.0
0.0
0.0
0.0
0.0
0.0
0.0
0.0
40.0
0.0
0.0
0.0
0.0
0.0
0.0
0.0
0.0
0.0
0.0
0.0
0.0
0.0
0.0
70.0
60.0
0.0
0.0
0.0
0.0
0.0
0.0
0.0
0.0
0.0
0.0
10.0
10.0
40.0
0.0
0.0
0.0
0.0
0.0
0.0
0.0
0.0
0.0
0.0
0.0
0.0
0.0
10.0
10.0
0.0
40.0
0.0
50.0
0.0
0.0
10.0
40.0
0.0
0.0
10.0
10.0
0.0
0.0
0.0
0.0
0.0
0.0
0.0
0.0
0.0
0.0
0.0
0.0
0.0
0.0
0.0
0.0
0.0
0.0
20.0
10.0
30.0
0.0
0.0
0.0
0.0
0.0
0.0
0.0
0.0
0.0
0.0
0.0
0.0
0.0
0.0
0.0
0.0
0.0
0.0
0.0
0.0
0.0
0.0
0.0
0.0
0.0
0.0
0.0
0.0
130.0
0.0
24.0
0.0
0.0
0.0
0.0
0.0
0.0
0.0
0.0
0.0
0.0
0.0
0.0
0.0
0.0
0.0
0.0
0.0
20.0
0.0
20.0
0.0
0.0
100.0
0.0
0.0
10.0
0.0
14.0
0.0
0.0
0.0
NaN
0.0
NaN
0.0
0.0
0.0
0.0
0.0
60.0
0.0
0.0
0.0
0.0
0.0
0.0
170.0
0.0
0.0
20.0
0.0
0.0
0.0
24.0
0.0
94.0
0.0
0.0
0.0
0.0
34.0
0.0
0.0
0.0
160.0
0.0
90.0
0.0
0.0
0.0
0.0
0.0
28.0
0.0
0.0
0.0
31.0
0.0
0.0
0.0
0.0
0.0
0.0
141.0
NaN
NaN
0.0
0.0
0.0
0.0
22.0
40.0
0.0
0.0
0.0
0.0
144.0
82.0
0.0
0.0
NaN
0.0
NaN
0.0
0.0
NaN
0.0
0.0
0.0
746.0
0.0
0.0
0.0
0.0
40.0
30.0
0.0
0.0
32.0
172.0
0.0
0.0
150.0
250.0
0.0
0.0
26.0
0.0
0.0
0.0
72.0
70.0
0.0
0.0
0.0
0.0
32.0
0.0
0.0
0.0
0.0
62.0
64.0
86.0
0.0
0.0
0.0
0.0
0.0
0.0
20.0
60.0
0.0
0.0
0.0
0.0
0.0
134.0
90.0
0.0
0.0
0.0
0.0
72.0
108.0
0.0
0.0
0.0
0.0
0.0
0.0
0.0
0.0
0.0
0.0
0.0
0.0
0.0
0.0
60.0
0.0
0.0
20.0
0.0
0.0
0.0
0.0
110.0
0.0
0.0
0.0
0.0
0.0
0.0
NaN
0.0
0.0
0.0
0.0
0.0
0.0
0.0
0.0
0.0
40.0
40.0
0.0
0.0
0.0
0.0
0.0
0.0
0.0
30.0
20.0
0.0
0.0
0.0
0.0
0.0
0.0
0.0
0.0
0.0
0.0
0.0
0.0
0.0
0.0
0.0
0.0
0.0
0.0
0.0
0.0
0.0
0.0
0.0
0.0
0.0
0.0
0.0
0.0
20.0
0.0
0.0
0.0
0.0
0.0
0.0
0.0
0.0
20.0
0.0
0.0
0.0
0.0
0.0
0.0
0.0
0.0
0.0
0.0
0.0
0.0
0.0
0.0
0.0
NaN
0.0
NaN
0.0
0.0
0.0
0.0
0.0
0.0
0.0
0.0
0.0
0.0
0.0
0.0
0.0
0.0
0.0
0.0
0.0
0.0
0.0
0.0
0.0
NaN
0.0
0.0
0.0
0.0
0.0
0.0
0.0
0.0
0.0
0.0
0.0
0.0
0.0
0.0
0.0
0.0
0.0
0.0
0.0
0.0
0.0
0.0
0.0
0.0
40.0
0.0
NaN
0.0
NaN
0.0
NaN
0.0
0.0
0.0
0.0
0.0
20.0
0.0
0.0
0.0
0.0
0.0
0.0
0.0
0.0
0.0
0.0
0.0
0.0
0.0
0.0
24.0
86.0
0.0
0.0
0.0
0.0
0.0
0.0
30.0
30.0
0.0
0.0
0.0
0.0
0.0
0.0
0.0
NaN
0.0
0.0
0.0
0.0
0.0
0.0
0.0
0.0
0.0
0.0
0.0
0.0
118.0
150.0
154.0
NaN
NaN
0.0
0.0
0.0
0.0
0.0
0.0
250.0
10.0
0.0
50.0
0.0
0.0
104.0
0.0
0.0
0.0
0.0
124.0
130.0
0.0
0.0
0.0
174.0
0.0
20.0
0.0
114.0
0.0
222.0
28.0
0.0
34.0
176.0
0.0
0.0
0.0
0.0
174.0
0.0
0.0
0.0
0.0
0.0
0.0
0.0
0.0
0.0
0.0
0.0
0.0
0.0
374.0
0.0
0.0
174.0
0.0
0.0
0.0
82.0
0.0
0.0
0.0
0.0
0.0
0.0
0.0
0.0
0.0
0.0
0.0
0.0
20.0
0.0
0.0
32.0
0.0
0.0
0.0
0.0
0.0
0.0
0.0
0.0
0.0
0.0
0.0
374.0
0.0
0.0
0.0
0.0
0.0
0.0
0.0
0.0
0.0
0.0
176.0
0.0
0.0
0.0
0.0
0.0
390.0
20.0
0.0
0.0
0.0
0.0
0.0
0.0
0.0
0.0
0.0
0.0
0.0
0.0
0.0
0.0
0.0
NaN
0.0
60.0
402.0
0.0
0.0
0.0
110.0
0.0
0.0
82.0
0.0
100.0
0.0
0.0
0.0
NaN
0.0
0.0
0.0
0.0
0.0
0.0
NaN
NaN
0.0
0.0
0.0
30.0
20.0
40.0
70.0
0.0
0.0
0.0
0.0
0.0
0.0
0.0
0.0
0.0
0.0
0.0
0.0
0.0
0.0
0.0
0.0
0.0
0.0
0.0
0.0
0.0
150.0
40.0
0.0
0.0
0.0
0.0
0.0
0.0
0.0
0.0
30.0
20.0
10.0
0.0
0.0
0.0
NaN
NaN
120.0
0.0
0.0
0.0
0.0
0.0
0.0
0.0
0.0
0.0
0.0
0.0
0.0
0.0
0.0
0.0
140.0
0.0
0.0
0.0
0.0
0.0
0.0
0.0
0.0
0.0
NaN
NaN
90.0
