NaN
443.0
817.0
498.0
916.0
763.0
878.0
393.0
389.0
1136.0
1565.0
543.0
694.0
529.0
814.0
998.0
1030.0
967.0
553.0
1612.0
477.0
678.0
862.0
515.0
662.0
828.0
638.0
884.0
421.0
316.0
717.0
1119.0
798.0
440.0
588.0
1031.0
1018.0
727.0
955.0
556.0
871.0
920.0
1235.0
671.0
1733.0
667.0
1304.0
793.0
1112.0
366.0
784.0
349.0
354.0
889.0
635.0
1402.0
1330.0
702.0
1138.0
1257.0
1930.0
388.0
558.0
508.0
600.0
626.0
328.0
870.0
934.0
618.0
590.0
1016.0
1233.0
550.0
710.0
872.0
704.0
703.0
360.0
834.0
398.0
1400.0
992.0
864.0
718.0
490.0
702.0
934.0
368.0
1032.0
1716.0
512.0
992.0
986.0
556.0
1448.0
610.0
852.0
516.0
464.0
976.0
718.0
586.0
1598.0
804.0
1014.0
700.0
550.0
1200.0
490.0
790.0
588.0
502.0
1232.0
780.0
1034.0
628.0
472.0
1268.0
1084.0
720.0
432.0
534.0
836.0
938.0
282.0
628.0
636.0
844.0
824.0
890.0
1044.0
726.0
720.0
774.0
648.0
894.0
498.0
522.0
910.0
1068.0
518.0
692.0
986.0
1126.0
1134.0
842.0
516.0
884.0
332.0
834.0
1442.0
894.0
788.0
1164.0
710.0
750.0
580.0
688.0
664.0
926.0
1050.0
700.0
1280.0
2632.0
668.0
380.0
806.0
804.0
364.0
836.0
344.0
520.0
1340.0
1116.0
660.0
782.0
768.0
1236.0
598.0
514.0
1196.0
252.0
572.0
544.0
488.0
686.0
998.0
1130.0
954.0
770.0
918.0
640.0
472.0
620.0
294.0
1000.0
1026.0
122.0
699.0
724.0
976.0
1458.0
580.0
554.0
840.0
684.0
544.0
872.0
1060.0
628.0
208.0
992.0
1040.0
978.0
850.0
716.0
422.0
850.0
1366.0
724.0
386.0
1074.0
434.0
460.0
686.0
684.0
872.0
862.0
506.0
556.0
698.0
582.0
288.0
870.0
1002.0
938.0
644.0
1324.0
896.0
1474.0
510.0
232.0
782.0
764.0
990.0
758.0
754.0
1210.0
750.0
764.0
404.0
813.0
382.0
446.0
588.0
1032.0
536.0
536.0
702.0
894.0
584.0
720.0
580.0
1138.0
336.0
380.0
902.0
580.0
1286.0
1158.0
1338.0
716.0
1290.0
1960.0
1116.0
746.0
462.0
812.0
1070.0
798.0
1444.0
1082.0
868.0
1528.0
882.0
912.0
852.0
1204.0
1056.0
810.0
454.0
740.0
974.0
250.0
874.0
446.0
666.0
446.0
450.0
1234.0
336.0
912.0
470.0
350.0
1348.0
452.0
1366.0
944.0
352.0
572.0
888.0
1488.0
330.0
214.0
260.0
554.0
1188.0
924.0
652.0
948.0
628.0
1382.0
660.0
550.0
568.0
488.0
608.0
1174.0
1790.0
544.0
994.0
1084.0
248.0
1276.0
1546.0
574.0
1444.0
772.0
316.0
1004.0
824.0
292.0
874.0
862.0
1428.0
732.0
776.0
492.0
756.0
868.0
918.0
1396.0
776.0
682.0
1042.0
536.0
652.0
880.0
592.0
1282.0
1116.0
766.0
512.0
730.0
454.0
610.0
688.0
652.0
1110.0
1310.0
974.0
1496.0
566.0
942.0
430.0
1486.0
440.0
1248.0
480.0
374.0
616.0
818.0
1156.0
592.0
618.0
394.0
1210.0
268.0
1424.0
504.0
652.0
786.0
440.0
1182.0
1146.0
782.0
1666.0
610.0
850.0
522.0
858.0
1438.0
222.0
1002.0
1324.0
978.0
888.0
757.0
1033.0
352.0
914.0
481.0
139.0
NaN
485.0
584.0
1019.0
899.0
1669.0
986.0
1353.0
NaN
333.0
993.0
730.0
953.0
675.0
1050.0
395.0
1460.0
1121.0
1132.0
1050.0
507.0
1461.0
787.0
816.0
1049.0
587.0
421.0
801.0
300.0
729.0
463.0
411.0
305.0
273.0
1024.0
1699.0
978.0
632.0
1189.0
641.0
481.0
1034.0
1076.0
618.0
845.0
902.0
707.0
578.0
927.0
719.0
745.0
1185.0
963.0
629.0
669.0
811.0
249.0
468.0
396.0
784.0
837.0
950.0
1380.0
1275.0
495.0
736.0
1070.0
1018.0
331.0
1131.0
1092.0
298.0
1109.0
1033.0
791.0
1203.0
631.0
932.0
971.0
721.0
490.0
811.0
423.0
1348.0
736.0
1043.0
999.0
752.0
776.0
745.0
615.0
529.0
239.0
611.0
383.0
1535.0
370.0
1066.0
672.0
840.0
608.0
543.0
1161.0
653.0
1642.0
652.0
506.0
388.0
538.0
1184.0
376.0
786.0
516.0
1424.0
1312.0
1008.0
748.0
1220.0
1236.0
1202.0
650.0
742.0
568.0
712.0
