10.0
0.0
8.0
0.0
224.0
28.0
0.0
23.0
5.0
0.0
0.0
145.0
61.0
0.0
28.0
74.0
51.0
99.0
15.0
0.0
0.0
0.0
0.0
0.0
0.0
0.0
30.0
56.0
0.0
5.0
0.0
0.0
0.0
0.0
0.0
0.0
0.0
0.0
0.0
0.0
191.0
0.0
20.0
0.0
0.0
0.0
0.0
0.0
0.0
0.0
13.0
0.0
0.0
0.0
0.0
0.0
0.0
0.0
0.0
0.0
0.0
0.0
0.0
0.0
0.0
0.0
0.0
0.0
0.0
0.0
0.0
0.0
0.0
0.0
0.0
0.0
0.0
0.0
0.0
5.0
3.0
0.0
10.0
0.0
0.0
36.0
0.0
15.0
25.0
0.0
0.0
0.0
0.0
0.0
8.0
0.0
0.0
0.0
0.0
0.0
0.0
5.0
0.0
0.0
23.0
33.0
0.0
0.0
48.0
272.0
56.0
0.0
0.0
41.0
0.0
0.0
97.0
74.0
8.0
0.0
0.0
284.0
351.0
282.0
0.0
0.0
5.0
0.0
8.0
0.0
0.0
0.0
0.0
0.0
5.0
0.0
18.0
0.0
0.0
0.0
0.0
193.0
38.0
15.0
3.0
0.0
0.0
0.0
0.0
0.0
0.0
0.0
0.0
0.0
53.0
0.0
10.0
0.0
0.0
0.0
5.0
0.0
0.0
0.0
0.0
358.0
43.0
84.0
0.0
5.0
0.0
0.0
0.0
0.0
0.0
0.0
0.0
8.0
112.0
0.0
66.0
0.0
56.0
0.0
15.0
0.0
71.0
211.0
74.0
0.0
0.0
46.0
104.0
97.0
0.0
0.0
0.0
0.0
0.0
0.0
0.0
0.0
0.0
0.0
0.0
79.0
25.0
0.0
221.0
0.0
0.0
0.0
0.0
0.0
66.0
0.0
0.0
84.0
0.0
0.0
119.0
0.0
0.0
0.0
5.0
15.0
0.0
0.0
0.0
0.0
0.0
0.0
0.0
0.0
0.0
0.0
0.0
13.0
61.0
0.0
0.0
0.0
0.0
0.0
0.0
0.0
0.0
0.0
0.0
0.0
0.0
0.0
3.0
0.0
0.0
0.0
0.0
0.0
5.0
0.0
0.0
0.0
0.0
69.0
155.0
36.0
0.0
0.0
0.0
0.0
0.0
0.0
8.0
8.0
0.0
8.0
0.0
0.0
0.0
0.0
0.0
0.0
0.0
0.0
13.0
0.0
0.0
0.0
0.0
0.0
0.0
0.0
46.0
0.0
0.0
0.0
0.0
0.0
0.0
0.0
3.0
0.0
0.0
36.0
30.0
74.0
5.0
0.0
0.0
0.0
0.0
0.0
15.0
0.0
0.0
20.0
10.0
0.0
76.0
46.0
0.0
0.0
0.0
0.0
0.0
46.0
0.0
5.0
15.0
0.0
0.0
0.0
0.0
0.0
0.0
81.0
0.0
0.0
0.0
10.0
0.0
175.0
8.0
0.0
104.0
5.0
23.0
0.0
5.0
0.0
0.0
0.0
0.0
0.0
0.0
0.0
0.0
0.0
8.0
0.0
0.0
8.0
0.0
0.0
0.0
0.0
0.0
58.0
0.0
0.0
25.0
0.0
0.0
0.0
0.0
8.0
0.0
0.0
0.0
0.0
10.0
119.0
0.0
43.0
0.0
30.0
513.0
41.0
0.0
0.0
28.0
0.0
0.0
18.0
51.0
8.0
0.0
0.0
46.0
23.0
0.0
51.0
135.0
0.0
0.0
0.0
18.0
0.0
97.0
0.0
0.0
0.0
71.0
0.0
30.0
0.0
0.0
102.0
0.0
10.0
122.0
0.0
0.0
0.0
8.0
0.0
69.0
0.0
0.0
13.0
0.0
0.0
0.0
18.0
0.0
0.0
0.0
0.0
0.0
0.0
0.0
0.0
0.0
0.0
0.0
0.0
0.0
0.0
0.0
0.0
0.0
33.0
0.0
0.0
117.0
0.0
0.0
0.0
8.0
43.0
15.0
3.0
5.0
0.0
0.0
0.0
0.0
0.0
0.0
18.0
0.0
5.0
0.0
0.0
0.0
0.0
0.0
0.0
5.0
0.0
0.0
0.0
0.0
0.0
25.0
0.0
0.0
0.0
0.0
0.0
0.0
0.0
66.0
0.0
0.0
0.0
0.0
0.0
0.0
0.0
0.0
0.0
0.0
0.0
0.0
0.0
0.0
0.0
86.0
0.0
36.0
3.0
0.0
0.0
193.0
8.0
0.0
15.0
0.0
43.0
0.0
0.0
0.0
0.0
0.0
64.0
0.0
0.0
0.0
0.0
0.0
0.0
0.0
0.0
0.0
0.0
0.0
0.0
109.0
5.0
0.0
0.0
0.0
0.0
3.0
0.0
0.0
0.0
3.0
0.0
0.0
0.0
0.0
0.0
0.0
0.0
0.0
5.0
89.0
25.0
33.0
0.0
58.0
25.0
0.0
0.0
0.0
3.0
46.0
64.0
0.0
0.0
5.0
0.0
0.0
0.0
0.0
20.0
0.0
0.0
0.0
0.0
23.0
0.0
5.0
0.0
0.0
0.0
0.0
0.0
5.0
0.0
0.0
8.0
0.0
5.0
0.0
0.0
0.0
0.0
0.0
0.0
94.0
0.0
0.0
0.0
0.0
0.0
25.0
0.0
130.0
417.0
0.0
0.0
13.0
15.0
0.0
0.0
3.0
0.0
0.0
13.0
8.0
0.0
0.0
0.0
8.0
0.0
0.0
28.0
0.0
0.0
0.0
0.0
5.0
0.0
18.0
0.0
0.0
0.0
97.0
0.0
3.0
0.0
0.0
0.0
0.0
0.0
3.0
0.0
0.0
0.0
18.0
0.0
0.0
5.0
0.0
43.0
0.0
0.0
0.0
0.0
46.0
0.0
0.0
0.0
0.0
0.0
0.0
0.0
0.0
0.0
0.0
0.0
0.0
41.0
0.0
25.0
0.0
0.0
0.0
0.0
0.0
0.0
0.0
0.0
0.0
0.0
0.0
0.0
0.0
5.0
15.0
155.0
5.0
3.0
0.0
0.0
0.0
0.0
0.0
23.0
5.0
0.0
0.0
3.0
10.0
0.0
0.0
0.0
15.0
8.0
0.0
0.0
0.0
0.0
0.0
0.0
74.0
51.0
10.0
0.0
0.0
5.0
8.0
0.0
0.0
0.0
0.0
13.0
0.0
0.0
0.0
0.0
0.0
18.0
0.0
0.0
0.0
0.0
0.0
0.0
0.0
0.0
0.0
0.0
0.0
0.0
0.0
0.0
0.0
0.0
0.0
0.0
0.0
3.0
0.0
0.0
0.0
0.0
0.0
0.0
3.0
0.0
71.0
0.0
0.0
0.0
5.0
0.0
0.0
0.0
23.0
0.0
0.0
0.0
0.0
13.0
18.0
91.0
0.0
15.0
0.0
0.0
25.0
0.0
0.0
0.0
0.0
0.0
0.0
3.0
0.0
0.0
122.0
0.0
0.0
28.0
81.0
0.0
0.0
0.0
0.0
3.0
8.0
94.0
185.0
43.0
41.0
53.0
0.0
0.0
0.0
0.0
0.0
3.0
0.0
0.0
5.0
15.0
0.0
0.0
0.0
0.0
0.0
0.0
0.0
0.0
0.0
0.0
0.0
0.0
0.0
0.0
20.0
0.0
25.0
3.0
0.0
0.0
0.0
3.0
0.0
43.0
0.0
0.0
0.0
0.0
0.0
0.0
157.0
48.0
546.0
0.0
13.0
0.0
0.0
0.0
0.0
0.0
0.0
0.0
0.0
0.0
0.0
0.0
5.0
33.0
0.0
43.0
0.0
0.0
0.0
0.0
5.0
8.0
0.0
0.0
15.0
8.0
0.0
0.0
8.0
107.0
5.0
0.0
0.0
13.0
0.0
0.0
0.0
13.0
0.0
0.0
0.0
0.0
0.0
0.0
0.0
0.0
0.0
0.0
0.0
0.0
8.0
3.0
0.0
0.0
0.0
0.0
0.0
0.0
0.0
0.0
0.0
0.0
0.0
38.0
36.0
0.0
10.0
33.0
0.0
0.0
0.0
38.0
0.0
15.0
0.0
0.0
0.0
0.0
0.0
0.0
0.0
0.0
0.0
0.0
0.0
0.0
66.0
3.0
0.0
5.0
0.0
8.0
3.0
0.0
0.0
0.0
0.0
0.0
0.0
0.0
53.0
0.0
89.0
36.0
25.0
0.0
0.0
0.0
5.0
0.0
0.0
0.0
20.0
28.0
0.0
0.0
20.0
43.0
0.0
671.0
175.0
20.0
0.0
3.0
0.0
0.0
15.0
0.0
3.0
5.0
0.0
69.0
0.0
0.0
0.0
0.0
23.0
0.0
0.0
0.0
0.0
0.0
25.0
0.0
53.0
0.0
0.0
0.0
0.0
0.0
0.0
0.0
0.0
0.0
0.0
0.0
38.0
0.0
0.0
0.0
0.0
0.0
0.0
0.0
15.0
0.0
0.0
74.0
0.0
0.0
18.0
0.0
5.0
0.0
20.0
0.0
0.0
0.0
0.0
0.0
0.0
0.0
0.0
0.0
0.0
0.0
676.0
0.0
0.0
0.0
0.0
0.0
5.0
99.0
0.0
0.0
0.0
0.0
0.0
0.0
0.0
0.0
3.0
3.0
8.0
3.0
0.0
0.0
0.0
0.0
490.0
163.0
58.0
112.0
0.0
0.0
0.0
8.0
10.0
0.0
13.0
0.0
33.0
0.0
193.0
79.0
15.0
0.0
0.0
5.0
15.0
0.0
0.0
0.0
10.0
0.0
0.0
5.0
0.0
43.0
20.0
0.0
0.0
0.0
0.0
0.0
0.0
0.0
0.0
0.0
0.0
0.0
0.0
0.0
0.0
0.0
0.0
0.0
74.0
0.0
10.0
13.0
0.0
0.0
0.0
15.0
23.0
46.0
0.0
0.0
0.0
79.0
0.0
0.0
0.0
0.0
0.0
0.0
0.0
0.0
0.0
0.0
0.0
5.0
81.0
0.0
0.0
0.0
0.0
0.0
5.0
18.0
0.0
0.0
109.0
170.0
0.0
0.0
0.0
94.0
0.0
0.0
0.0
0.0
0.0
0.0
0.0
15.0
0.0
0.0
0.0
0.0
0.0
20.0
15.0
0.0
0.0
0.0
0.0
8.0
0.0
0.0
0.0
180.0
0.0
0.0
333.0
378.0
206.0
30.0
0.0
0.0
803.0
0.0
0.0
3.0
0.0
10.0
107.0
20.0
66.0
8.0
23.0
0.0
0.0
3.0
0.0
0.0
0.0
0.0
0.0
0.0
0.0
0.0
0.0
0.0
0.0
0.0
0.0
66.0
0.0
0.0
0.0
0.0
0.0
3.0
0.0
0.0
0.0
43.0
58.0
51.0
76.0
0.0
30.0
41.0
0.0
0.0
0.0
0.0
117.0
0.0
0.0
56.0
0.0
0.0
0.0
0.0
0.0
0.0
18.0
28.0
0.0
0.0
0.0
28.0
0.0
0.0
0.0
0.0
0.0
0.0
0.0
5.0
0.0
0.0
20.0
0.0
0.0
0.0
5.0
0.0
0.0
0.0
10.0
0.0
0.0
0.0
0.0
0.0
0.0
0.0
0.0
0.0
0.0
0.0
0.0
0.0
0.0
0.0
0.0
0.0
0.0
0.0
0.0
0.0
0.0
0.0
0.0
0.0
0.0
0.0
0.0
0.0
0.0
0.0
0.0
0.0
0.0
0.0
18.0
0.0
0.0
0.0
0.0
15.0
0.0
0.0
0.0
0.0
0.0
0.0
0.0
74.0
0.0
0.0
0.0
0.0
0.0
0.0
0.0
0.0
30.0
0.0
0.0
0.0
0.0
0.0
0.0
0.0
0.0
0.0
0.0
0.0
8.0
58.0
8.0
0.0
0.0
0.0
0.0
0.0
0.0
0.0
0.0
33.0
15.0
53.0
0.0
20.0
66.0
0.0
0.0
0.0
0.0
0.0
79.0
0.0
0.0
0.0
0.0
0.0
0.0
0.0
0.0
0.0
0.0
0.0
0.0
234.0
193.0
0.0
0.0
0.0
0.0
0.0
0.0
0.0
0.0
0.0
3.0
0.0
0.0
18.0
119.0
0.0
0.0
0.0
0.0
0.0
0.0
0.0
0.0
0.0
0.0
0.0
0.0
0.0
0.0
0.0
53.0
0.0
0.0
0.0
0.0
0.0
0.0
0.0
5.0
0.0
0.0
0.0
89.0
0.0
0.0
0.0
0.0
48.0
180.0
0.0
0.0
0.0
0.0
0.0
0.0
0.0
3.0
0.0
112.0
0.0
10.0
3.0
0.0
0.0
58.0
0.0
0.0
0.0
0.0
0.0
0.0
0.0
0.0
0.0
0.0
0.0
0.0
0.0
0.0
0.0
33.0
0.0
0.0
0.0
0.0
0.0
0.0
0.0
0.0
0.0
0.0
10.0
0.0
0.0
0.0
0.0
0.0
0.0
0.0
0.0
0.0
0.0
0.0
5.0
0.0
0.0
0.0
0.0
61.0
15.0
0.0
0.0
0.0
3.0
196.0
0.0
0.0
0.0
3.0
0.0
0.0
0.0
0.0
0.0
3.0
0.0
0.0
0.0
0.0
8.0
0.0
0.0
46.0
10.0
0.0
0.0
0.0
0.0
0.0
0.0
0.0
0.0
0.0
0.0
0.0
0.0
0.0
0.0
0.0
0.0
25.0
66.0
0.0
0.0
0.0
0.0
36.0
0.0
0.0
5.0
107.0
0.0
36.0
0.0
8.0
0.0
0.0
0.0
0.0
0.0
0.0
0.0
0.0
0.0
0.0
18.0
0.0
0.0
0.0
0.0
0.0
137.0
180.0
3.0
0.0
28.0
0.0
8.0
89.0
0.0
173.0
18.0
0.0
0.0
0.0
124.0
295.0
0.0
0.0
0.0
0.0
0.0
3.0
86.0
0.0
56.0
0.0
0.0
0.0
0.0
0.0
0.0
0.0
0.0
150.0
23.0
0.0
74.0
0.0
0.0
0.0
5.0
0.0
13.0
13.0
0.0
0.0
0.0
0.0
23.0
0.0
0.0
58.0
0.0
0.0
58.0
0.0
64.0
0.0
0.0
0.0
0.0
109.0
0.0
8.0
0.0
3.0
NaN
NaN
NaN
NaN
NaN
0.0
20.0
0.0
3.0
0.0
0.0
0.0
0.0
0.0
0.0
0.0
0.0
0.0
0.0
25.0
239.0
0.0
0.0
23.0
0.0
64.0
5.0
0.0
3.0
0.0
10.0
30.0
0.0
0.0
0.0
0.0
53.0
0.0
0.0
5.0
15.0
0.0
0.0
0.0
0.0
0.0
0.0
0.0
0.0
0.0
0.0
0.0
0.0
0.0
0.0
0.0
0.0
0.0
5.0
0.0
0.0
0.0
0.0
0.0
0.0
249.0
0.0
0.0
0.0
8.0
0.0
0.0
0.0
104.0
0.0
0.0
0.0
0.0
0.0
0.0
43.0
0.0
0.0
0.0
0.0
0.0
0.0
0.0
0.0
0.0
0.0
0.0
0.0
290.0
66.0
28.0
221.0
0.0
66.0
132.0
0.0
8.0
0.0
0.0
0.0
0.0
0.0
0.0
0.0
0.0
0.0
NaN
NaN
0.0
18.0
NaN
NaN
0.0
132.0
NaN
NaN
0.0
0.0
0.0
8.0
234.0
0.0
0.0
0.0
721.0
8.0
5.0
3.0
0.0
3.0
124.0
69.0
0.0
0.0
0.0
0.0
0.0
0.0
0.0
97.0
0.0
0.0
15.0
8.0
0.0
0.0
0.0
142.0
0.0
0.0
0.0
0.0
0.0
81.0
0.0
0.0
NaN
NaN
0.0
0.0
13.0
66.0
0.0
579.0
0.0
5.0
0.0
0.0
0.0
8.0
36.0
86.0
0.0
0.0
0.0
8.0
0.0
0.0
0.0
0.0
0.0
0.0
0.0
0.0
0.0
0.0
0.0
43.0
0.0
0.0
13.0
NaN
NaN
NaN
0.0
0.0
0.0
0.0
0.0
0.0
15.0
0.0
0.0
0.0
0.0
0.0
0.0
0.0
