NaN
2658.0
896.0
265.0
590.0
1262.0
377.0
101.0
244.0
104.0
359.0
244.0
573.0
475.0
361.0
491.0
680.0
116.0
145.0
252.0
26.0
182.0
106.0
301.0
664.0
1164.0
801.0
1042.0
715.0
634.0
253.0
325.0
355.0
143.0
247.0
366.0
1011.0
239.0
369.0
425.0
468.0
33.0
56.0
175.0
485.0
158.0
544.0
840.0
297.0
906.0
910.0
2417.0
2195.0
300.0
250.0
310.0
137.0
394.0
465.0
381.0
91.0
1314.0
68.0
79.0
38.0
84.0
70.0
308.0
117.0
215.0
109.0
8.0
1088.0
730.0
1585.0
481.0
1143.0
89.0
265.0
491.0
166.0
132.0
53.0
251.0
372.0
467.0
611.0
643.0
1271.0
246.0
418.0
366.0
106.0
319.0
676.0
804.0
595.0
304.0
458.0
480.0
409.0
304.0
261.0
396.0
441.0
211.0
191.0
0.0
249.0
848.0
1086.0
1902.0
706.0
409.0
278.0
177.0
76.0
70.0
102.0
179.0
636.0
1045.0
580.0
703.0
720.0
411.0
0.0
75.0
206.0
101.0
279.0
60.0
588.0
606.0
986.0
585.0
766.0
903.0
137.0
80.0
88.0
184.0
136.0
6.0
302.0
812.0
984.0
120.0
284.0
260.0
178.0
75.0
58.0
219.0
276.0
838.0
372.0
1404.0
210.0
231.0
942.0
1170.0
728.0
181.0
139.0
171.0
0.0
22.0
669.0
1083.0
216.0
1712.0
811.0
220.0
229.0
279.0
198.0
184.0
400.0
821.0
907.0
625.0
1120.0
392.0
666.0
339.0
419.0
257.0
265.0
549.0
320.0
65.0
481.0
738.0
1050.0
626.0
249.0
454.0
17.0
143.0
274.0
119.0
448.0
143.0
566.0
186.0
594.0
960.0
674.0
216.0
144.0
195.0
192.0
34.0
128.0
101.0
458.0
1179.0
804.0
859.0
274.0
378.0
277.0
216.0
359.0
70.0
668.0
612.0
833.0
918.0
697.0
613.0
72.0
91.0
155.0
216.0
77.0
267.0
427.0
622.0
682.0
522.0
1777.0
276.0
595.0
623.0
170.0
352.0
138.0
108.0
287.0
540.0
558.0
836.0
905.0
369.0
814.0
54.0
240.0
168.0
98.0
0.0
362.0
328.0
419.0
831.0
1591.0
888.0
623.0
188.0
48.0
96.0
191.0
89.0
50.0
342.0
443.0
888.0
1058.0
1034.0
650.0
551.0
281.0
170.0
542.0
218.0
766.0
258.0
318.0
705.0
683.0
349.0
152.0
613.0
220.0
168.0
135.0
204.0
100.0
308.0
700.0
616.0
803.0
158.0
906.0
702.0
178.0
136.0
167.0
34.0
63.0
226.0
622.0
620.0
387.0
432.0
276.0
628.0
2.0
0.0
NaN
78.0
50.0
62.0
246.0
1492.0
566.0
1010.0
1254.0
1084.0
166.0
290.0
154.0
149.0
221.0
218.0
2034.0
534.0
632.0
1102.0
812.0
338.0
57.0
197.0
307.0
264.0
257.0
93.0
446.0
1146.0
1126.0
188.0
878.0
93.0
969.0
617.0
119.0
169.0
408.0
182.0
656.0
1072.0
704.0
220.0
406.0
403.0
211.0
277.0
186.0
78.0
335.0
191.0
162.0
790.0
428.0
772.0
156.0
93.0
171.0
312.0
149.0
168.0
124.0
593.0
440.0
1278.0
772.0
236.0
732.0
234.0
124.0
165.0
396.0
153.0
488.0
216.0
1346.0
354.0
326.0
1626.0
250.0
380.0
102.0
410.0
311.0
123.0
430.0
166.0
576.0
1686.0
280.0
206.0
130.0
188.0
1269.0
NaN
597.0
702.0
939.0
426.0
834.0
492.0
222.0
292.0
1094.0
274.0
370.0
160.0
81.0
238.0
263.0
69.0
680.0
1206.0
530.0
744.0
380.0
558.0
198.0
153.0
37.0
69.0
499.0
295.0
730.0
1348.0
986.0
680.0
492.0
372.0
57.0
274.0
375.0
343.0
953.0
401.0
346.0
642.0
390.0
NaN
NaN
428.0
6.0
71.0
282.0
96.0
43.0
593.0
1410.0
1380.0
814.0
424.0
367.0
938.0
321.0
101.0
158.0
50.0
254.0
444.0
1426.0
658.0
178.0
57.0
235.0
120.0
156.0
30.0
81.0
14.0
509.0
189.0
753.0
1314.0
469.0
537.0
35.0
704.0
331.0
25.0
128.0
26.0
295.0
320.0
287.0
1014.0
656.0
101.0
443.0
408.0
142.0
187.0
220.0
191.0
164.0
629.0
971.0
1645.0
186.0
1492.0
705.0
NaN
NaN
NaN
NaN
133.0
193.0
102.0
623.0
380.0
1866.0
575.0
129.0
508.0
232.0
174.0
121.0
NaN
159.0
470.0
893.0
535.0
476.0
NaN
NaN
1272.0
304.0
268.0
NaN
NaN
222.0
94.0
NaN
NaN
355.0
521.0
839.0
68.0
