NaN
NaN
NaN
NaN
NaN
NaN
NaN
NaN
NaN
NaN
NaN
NaN
NaN
NaN
NaN
NaN
-15.9
-8.1
0.0
-0.2
-17.9
NaN
-22.4
-21.6
-14.2
-8.7
-6.6
-5.2
2.4
6.3
-4.4
-18.3
-11.1
-11.5
-13.8
-8.6
-9.7
-15.0
-10.9
-9.8
-1.5
0.9
-0.4
-3.3
-0.6
-1.6
-13.3
-15.3
-5.5
-0.2
-6.2
-9.1
-2.5
0.1
0.1
-1.4
1.7
0.0
-0.8
-8.2
-9.1
-7.8
-5.2
0.3
3.5
1.0
3.0
3.5
6.8
5.6
4.2
NaN
-3.8
-3.7
-10.3
-9.2
-0.4
-1.0
-1.9
-2.3
-0.3
NaN
0.8
5.0
5.8
2.5
2.8
6.2
6.8
4.6
NaN
-2.1
1.2
1.1
-0.7
2.4
NaN
4.5
4.7
4.3
-1.0
-1.9
0.9
3.4
NaN
NaN
7.1
NaN
NaN
NaN
NaN
NaN
16.3
NaN
NaN
9.8
16.0
22.6
11.4
20.2
25.0
27.0
NaN
24.5
24.0
24.2
24.3
NaN
NaN
NaN
11.4
NaN
NaN
NaN
18.9
NaN
18.0
21.2
18.3
16.9
12.9
NaN
NaN
NaN
12.8
17.2
18.0
NaN
NaN
26.8
27.8
20.8
19.3
12.3
17.7
14.9
19.4
17.1
16.9
24.1
21.5
21.9
22.1
20.7
19.8
22.3
17.1
15.0
16.9
18.4
20.2
21.4
18.6
24.9
28.0
NaN
26.7
23.3
18.7
19.7
23.0
20.2
21.1
25.4
26.2
26.2
28.4
28.0
22.7
28.2
24.5
19.6
24.2
27.4
28.7
30.3
31.4
31.6
26.4
23.5
22.4
19.8
23.8
24.3
20.8
22.7
24.9
20.9
20.5
20.6
22.8
22.8
21.3
21.6
20.5
19.8
21.8
21.0
21.7
21.6
22.3
19.9
21.7
22.6
16.7
19.3
21.3
21.3
24.5
25.9
25.1
27.2
27.5
24.8
20.4
23.5
20.4
21.2
26.2
26.4
27.6
20.0
17.6
23.1
20.0
20.8
16.5
15.5
19.0
17.9
15.6
18.7
22.7
22.0
20.0
9.5
14.6
14.9
10.5
15.3
19.5
21.2
20.9
17.6
10.3
10.9
15.9
19.6
21.8
21.9
22.1
20.0
16.7
21.1
20.0
18.7
12.9
13.8
14.4
16.1
13.5
18.6
19.2
21.9
23.4
16.5
14.1
15.8
16.2
10.7
9.7
7.8
7.7
9.3
5.6
2.5
3.2
5.4
5.4
3.3
2.0
1.8
4.5
12.6
13.5
1.1
1.4
2.5
7.3
10.0
3.2
0.1
0.8
2.5
0.7
-7.4
2.8
3.8
4.7
9.5
12.5
11.5
-4.0
0.9
1.5
2.5
-7.3
-13.4
-0.6
-0.1
-1.9
-9.7
-9.4
-3.6
-3.0
-2.9
-5.4
-0.9
5.6
-3.0
-6.8
-8.1
-2.4
-9.2
-12.9
-11.8
-17.2
-18.7
-16.1
-20.9
-13.5
-8.2
-3.5
-10.1
-7.8
-9.6
-15.4
-17.8
-9.1
-6.2
-4.5
-1.1
-10.7
-19.4
-13.7
-21.0
-24.7
-15.5
-3.2
-3.8
-10.1
-17.3
-10.9
-8.6
-0.4
3.1
-0.7
3.1
0.4
-3.0
-5.2
-3.0
-3.8
-4.5
-19.1
-24.6
-20.6
-21.2
-12.2
-8.2
-16.3
-16.8
-14.4
-12.1
-5.1
-5.0
-5.7
-6.2
-10.6
-7.4
-12.1
-11.4
-11.1
-9.2
-10.4
-11.8
-14.6
-9.9
-5.6
-6.3
-11.7
-11.6
-7.4
-5.5
0.2
NaN
0.9
-3.8
-7.4
-11.6
-11.3
-15.3
-14.9
-16.6
-8.8
-14.2
-14.8
-11.1
-11.0
-5.2
0.3
-4.0
-5.8
-0.1
0.5
-6.1
-11.8
3.6
-5.0
-14.6
-7.9
0.9
0.4
0.8
-1.5
0.1
-10.0
-7.3
-6.1
-7.6
-1.0
2.2
-0.6
4.7
10.1
6.6
-1.1
4.5
1.4
0.0
7.2
11.9
8.9
4.4
7.8
7.9
6.1
4.9
11.2
-6.1
-1.2
6.2
9.4
6.9
12.4
11.6
10.8
7.0
8.4
8.1
4.5
9.3
12.6
8.4
6.6
8.2
8.4
10.8
11.6
11.2
10.1
16.3
18.1
20.1
14.2
19.2
13.8
16.5
16.9
17.0
8.1
8.9
16.1
18.9
21.6
20.9
21.0
21.6
23.5
24.0
25.8
22.9
NaN
NaN
NaN
NaN
