-2.93333333333
-9.17666666667
-11.4677419355
-8.36071428571
NaN
NaN
10.2225806452
13.8133333333
14.9580645161
14.3870967742
NaN
4.73870967742
0.153333333333
-5.73225806452
-14.1677419355
-10.0821428571
-7.43225806452
0.613333333333
8.05161290323
13.7466666667
16.1903225806
12.7677419355
11.34
NaN
1.30333333333
-7.23548387097
-13.3709677419
-11.3586206897
NaN
NaN
NaN
NaN
NaN
NaN
NaN
NaN
NaN
NaN
-13.6366666667
-12.9964285714
-8.12962962963
1.884
8.49677419355
13.1966666667
13.6290322581
15.2
9.95
5.61935483871
1.53214285714
-4.13225806452
-7.30967741935
-10.4321428571
-7.05862068966
2.10357142857
5.95806451613
11.7103448276
15.86
14.1806451613
11.4933333333
1.91290322581
-2.67
-8.65161290323
-17.2965517241
-16.4107142857
-7.79677419355
-1.46666666667
7.29032258065
12.2333333333
14.9766666667
15.2483870968
10.5275862069
2.92413793103
-1.21724137931
-8.44838709677
-18.6516129032
-13.0965517241
-4.22903225806
0.476666666667
7.58709677419
10.7533333333
14.735483871
13.3032258065
10.43
3.69032258065
-1.69
-11.8838709677
-16.3741935484
-12.6714285714
-9.8064516129
0.52
4.57419354839
14.7566666667
15.4806451613
14.7677419355
10.4866666667
5.40666666667
-2.18620689655
-10.0838709677
-9.6
-11.6178571429
-6.1
0.283333333333
NaN
NaN
NaN
NaN
8.44666666667
2.59677419355
0.593333333333
-5.19677419355
-12.8193548387
-16.3714285714
-9.05
0.51
5.5064516129
11.4433333333
13.2
12.5193548387
8.93
5.1
-3.96666666667
-11.1032258065
-11.02
-12.9407407407
NaN
1.49
4.33548387097
13.9466666667
14.5033333333
12.5903225806
9.21333333333
1.58
-2.41034482759
-12.2290322581
-18.0967741935
-12.2142857143
-6.12580645161
0.473333333333
NaN
11.1233333333
13.4741935484
13.535483871
7.37333333333
2.06451612903
-1.46666666667
-10.2862068966
-11.1935483871
-8.83928571429
-2.43548387097
2.77307692308
NaN
11.9862068966
16.5857142857
NaN
9.95517241379
3.26451612903
-2.69310344828
-8.6935483871
-14.5677419355
-13.188
-6.94285714286
0.56
8.42413793103
13.0766666667
15.5290322581
13.9793103448
10.4666666667
4.55161290323
0.21724137931
NaN
-13.5064516129
-9.3
-2.34838709677
0.366666666667
8.7064516129
12.5466666667
NaN
NaN
8.0
5.02068965517
-4.57333333333
-8.82666666667
-14.5137931034
-11.6535714286
-6.01612903226
-0.08
7.42068965517
11.6038461538
NaN
13.3206896552
7.88
4.71379310345
-5.09655172414
-13.525
-15.8225806452
-13.9807692308
NaN
NaN
NaN
NaN
NaN
12.8903225806
8.79
5.41666666667
NaN
-6.97096774194
-18.7482758621
-22.35
-10.7741935484
0.106666666667
8.49032258065
11.4464285714
14.2129032258
14.1774193548
11.5533333333
1.77419354839
-0.44
-1.0
-12.0612903226
-13.0310344828
-5.75
-2.93
6.22903225806
11.1966666667
14.3806451613
15.1967741935
9.41
3.8935483871
-0.886666666667
-9.2935483871
-8.57419354839
-9.01785714286
-9.8064516129
2.18
7.17741935484
12.33
14.2709677419
12.7903225806
10.5
6.84642857143
