NaN
NaN
NaN
NaN
NaN
NaN
NaN
NaN
NaN
NaN
NaN
NaN
NaN
NaN
8.0
0.0
0.0
0.0
0.0
0.0
0.0
5.0
3.0
0.0
3.0
0.0
8.0
0.0
0.0
0.0
0.0
0.0
0.0
58.0
8.0
94.0
0.0
0.0
0.0
0.0
0.0
0.0
0.0
0.0
10.0
0.0
0.0
0.0
0.0
0.0
0.0
30.0
13.0
0.0
5.0
0.0
0.0
0.0
10.0
25.0
0.0
0.0
15.0
69.0
20.0
0.0
0.0
13.0
0.0
71.0
8.0
5.0
3.0
0.0
224.0
97.0
0.0
8.0
0.0
38.0
0.0
0.0
0.0
0.0
0.0
0.0
0.0
0.0
3.0
0.0
3.0
3.0
0.0
117.0
185.0
102.0
0.0
15.0
295.0
3.0
112.0
25.0
15.0
0.0
0.0
0.0
28.0
0.0
0.0
0.0
0.0
0.0
0.0
74.0
122.0
196.0
0.0
0.0
343.0
25.0
109.0
0.0
NaN
NaN
NaN
NaN
NaN
NaN
NaN
NaN
NaN
NaN
NaN
NaN
NaN
97.0
8.0
28.0
206.0
0.0
0.0
36.0
86.0
102.0
3.0
3.0
0.0
0.0
0.0
0.0
3.0
25.0
259.0
0.0
0.0
0.0
0.0
0.0
0.0
0.0
0.0
71.0
36.0
0.0
0.0
0.0
0.0
0.0
0.0
117.0
0.0
0.0
0.0
0.0
0.0
0.0
0.0
0.0
0.0
0.0
0.0
0.0
0.0
0.0
0.0
0.0
0.0
15.0
36.0
218.0
71.0
0.0
102.0
0.0
254.0
10.0
394.0
81.0
3.0
0.0
0.0
53.0
30.0
0.0
0.0
0.0
79.0
0.0
0.0
0.0
0.0
0.0
0.0
23.0
51.0
0.0
0.0
0.0
0.0
0.0
38.0
0.0
0.0
0.0
3.0
0.0
0.0
0.0
0.0
76.0
0.0
0.0
0.0
0.0
25.0
0.0
8.0
0.0
0.0
0.0
0.0
0.0
0.0
0.0
13.0
38.0
41.0
0.0
0.0
124.0
53.0
0.0
10.0
0.0
0.0
0.0
0.0
0.0
0.0
0.0
0.0
51.0
0.0
8.0
0.0
0.0
0.0
0.0
0.0
10.0
0.0
0.0
53.0
0.0
0.0
0.0
0.0
0.0
0.0
0.0
0.0
0.0
51.0
0.0
0.0
0.0
0.0
0.0
0.0
0.0
0.0
0.0
0.0
0.0
234.0
0.0
0.0
51.0
0.0
0.0
160.0
0.0
64.0
15.0
0.0
0.0
0.0
0.0
0.0
0.0
0.0
25.0
107.0
64.0
3.0
13.0
0.0
61.0
0.0
79.0
3.0
0.0
0.0
0.0
71.0
0.0
0.0
0.0
0.0
5.0
10.0
30.0
0.0
36.0
160.0
30.0
264.0
5.0
94.0
23.0
0.0
10.0
0.0
0.0
0.0
198.0
43.0
64.0
56.0
25.0
0.0
15.0
15.0
3.0
0.0
0.0
30.0
20.0
0.0
8.0
107.0
25.0
15.0
25.0
25.0
0.0
0.0
102.0
0.0
0.0
0.0
15.0
107.0
0.0
0.0
66.0
NaN
NaN
NaN
NaN
NaN
NaN
NaN
NaN
NaN
NaN
NaN
NaN
NaN
NaN
NaN
NaN
NaN
NaN
NaN
NaN
NaN
NaN
NaN
NaN
NaN
NaN
NaN
NaN
NaN
NaN
NaN
0.0
8.0
5.0
30.0
0.0
0.0
36.0
0.0
0.0
30.0
0.0
0.0
246.0
13.0
3.0
0.0
0.0
0.0
20.0
0.0
0.0
0.0
0.0
0.0
0.0
0.0
0.0
0.0
0.0
0.0
0.0
46.0
0.0
58.0
20.0
312.0
0.0
0.0
0.0
8.0
0.0
0.0
0.0
0.0
0.0
41.0
244.0
28.0
124.0
0.0
0.0
25.0
0.0
0.0
0.0
0.0
0.0
0.0
0.0
0.0
3.0
3.0
61.0
0.0
13.0
0.0
0.0
0.0
81.0
0.0
25.0
188.0
0.0
25.0
0.0
0.0
147.0
58.0
0.0
0.0
20.0
0.0
0.0
0.0
58.0
0.0
0.0
10.0
51.0
0.0
0.0
13.0
0.0
0.0
0.0
0.0
0.0
0.0
135.0
0.0
0.0
97.0
0.0
0.0
0.0
0.0
33.0
76.0
0.0
0.0
0.0
165.0
0.0
0.0
0.0
0.0
36.0
25.0
3.0
8.0
0.0
0.0
0.0
0.0
0.0
0.0
5.0
3.0
0.0
91.0
312.0
3.0
366.0
315.0
3.0
3.0
20.0
0.0
0.0
3.0
0.0
0.0
0.0
109.0
0.0
3.0
58.0
0.0
33.0
20.0
8.0
76.0
10.0
0.0
0.0
0.0
0.0
0.0
0.0
0.0
51.0
97.0
38.0
0.0
0.0
89.0
145.0
23.0
91.0
23.0
0.0
0.0
0.0
0.0
0.0
79.0
3.0
0.0
117.0
0.0
0.0
97.0
0.0
0.0
3.0
28.0
0.0
0.0
0.0
0.0
137.0
20.0
13.0
20.0
46.0
8.0
10.0
0.0
0.0
3.0
48.0
0.0
0.0
0.0
NaN
NaN
NaN
NaN
NaN
NaN
0.0
13.0
142.0
76.0
0.0
0.0
0.0
0.0
28.0
0.0
81.0
8.0
0.0
0.0
28.0
0.0
0.0
0.0
3.0
127.0
99.0
0.0
0.0
0.0
8.0
53.0
3.0
30.0
0.0
74.0
15.0
94.0
64.0
0.0
5.0
8.0
0.0
0.0
0.0
8.0
112.0
10.0
28.0
3.0
0.0
0.0
0.0
0.0
0.0
0.0
0.0
0.0
0.0
0.0
0.0
297.0
28.0
3.0
104.0
5.0
0.0
0.0
0.0
0.0
0.0
127.0
183.0
5.0
0.0
0.0
0.0
48.0
36.0
0.0
0.0
0.0
38.0
43.0
0.0
94.0
81.0
0.0
0.0
145.0
114.0
0.0
0.0
0.0
109.0
0.0
0.0
0.0
0.0
13.0
0.0
0.0
0.0
0.0
0.0
0.0
0.0
0.0
0.0
0.0
0.0
0.0
15.0
102.0
5.0
0.0
0.0
64.0
0.0
0.0
0.0
0.0
0.0
0.0
0.0
0.0
0.0
25.0
5.0
0.0
0.0
0.0
0.0
0.0
0.0
0.0
8.0
0.0
0.0
0.0
0.0
0.0
0.0
0.0
0.0
0.0
25.0
0.0
0.0
25.0
0.0
0.0
74.0
0.0
3.0
0.0
23.0
13.0
3.0
0.0
3.0
0.0
23.0
0.0
0.0
0.0
81.0
56.0
3.0
5.0
0.0
0.0
0.0
3.0
0.0
36.0
0.0
3.0
94.0
0.0
0.0
0.0
0.0
119.0
3.0
0.0
0.0
0.0
170.0
25.0
23.0
157.0
150.0
81.0
310.0
203.0
0.0
20.0
51.0
10.0
0.0
99.0
36.0
122.0
36.0
3.0
0.0
3.0
33.0
3.0
0.0
0.0
0.0
157.0
28.0
0.0
56.0
0.0
0.0
3.0
0.0
3.0
0.0
5.0
117.0
3.0
3.0
3.0
0.0
48.0
48.0
307.0
163.0
0.0
0.0
0.0
0.0
0.0
0.0
0.0
0.0
5.0
0.0
0.0
0.0
0.0
0.0
0.0
0.0
0.0
66.0
NaN
NaN
NaN
NaN
NaN
NaN
NaN
NaN
NaN
NaN
NaN
NaN
NaN
NaN
NaN
NaN
NaN
NaN
NaN
NaN
NaN
NaN
NaN
NaN
NaN
NaN
NaN
NaN
NaN
NaN
NaN
NaN
NaN
NaN
NaN
NaN
NaN
NaN
NaN
NaN
NaN
NaN
193.0
269.0
69.0
36.0
0.0
3.0
0.0
0.0
0.0
0.0
3.0
48.0
61.0
3.0
3.0
56.0
48.0
0.0
0.0
97.0
64.0
8.0
3.0
3.0
0.0
0.0
48.0
0.0
0.0
3.0
0.0
0.0
48.0
0.0
0.0
0.0
84.0
0.0
0.0
0.0
10.0
290.0
0.0
137.0
119.0
0.0
0.0
0.0
0.0
0.0
0.0
0.0
0.0
0.0
0.0
0.0
0.0
0.0
112.0
38.0
3.0
0.0
0.0
0.0
0.0
0.0
79.0
0.0
0.0
0.0
20.0
0.0
0.0
127.0
8.0
114.0
38.0
0.0
0.0
147.0
3.0
28.0
0.0
0.0
0.0
25.0
384.0
295.0
0.0
0.0
10.0
538.0
3.0
0.0
0.0
20.0
5.0
0.0
0.0
18.0
3.0
0.0
104.0
3.0
0.0
10.0
0.0
0.0
0.0
0.0
0.0
0.0
0.0
0.0
0.0
0.0
0.0
0.0
0.0
3.0
0.0
56.0
0.0
0.0
0.0
58.0
5.0
5.0
0.0
0.0
15.0
0.0
147.0
20.0
0.0
0.0
671.0
282.0
0.0
0.0
0.0
107.0
0.0
0.0
0.0
3.0
20.0
0.0
18.0
89.0
0.0
25.0
3.0
0.0
135.0
74.0
0.0
490.0
5.0
15.0
91.0
3.0
0.0
33.0
0.0
51.0
81.0
0.0
0.0
3.0
0.0
0.0
0.0
8.0
23.0
0.0
3.0
36.0
28.0
0.0
0.0
0.0
0.0
0.0
0.0
114.0
0.0
3.0
0.0
0.0
0.0
0.0
41.0
229.0
0.0
0.0
0.0
0.0
0.0
0.0
0.0
0.0
0.0
0.0
28.0
23.0
5.0
0.0
0.0
0.0
0.0
36.0
3.0
8.0
28.0
157.0
23.0
58.0
5.0
69.0
46.0
0.0
8.0
0.0
74.0
0.0
43.0
0.0
152.0
102.0
13.0
10.0
117.0
0.0
0.0
NaN
NaN
NaN
NaN
NaN
NaN
NaN
NaN
NaN
NaN
NaN
NaN
NaN
NaN
NaN
NaN
NaN
NaN
NaN
NaN
NaN
NaN
NaN
NaN
NaN
NaN
NaN
NaN
NaN
NaN
NaN
NaN
NaN
NaN
NaN
NaN
NaN
NaN
NaN
0.0
0.0
0.0
0.0
0.0
107.0
8.0
18.0
0.0
41.0
33.0
33.0
0.0
99.0
0.0
0.0
3.0
0.0
0.0
0.0
0.0
0.0
0.0
33.0
0.0
3.0
0.0
8.0
0.0
0.0
277.0
33.0
0.0
0.0
0.0
0.0
147.0
86.0
0.0
0.0
0.0
0.0
0.0
0.0
36.0
10.0
0.0
0.0
64.0
0.0
264.0
0.0
0.0
0.0
0.0
0.0
109.0
0.0
0.0
0.0
0.0
0.0
13.0
66.0
0.0
0.0
0.0
43.0
3.0
0.0
0.0
0.0
5.0
13.0
3.0
0.0
0.0
8.0
3.0
0.0
0.0
0.0
0.0
0.0
0.0
33.0
3.0
0.0
25.0
117.0
0.0
8.0
0.0
0.0
69.0
323.0
64.0
0.0
0.0
0.0
10.0
25.0
0.0
0.0
0.0
25.0
0.0
0.0
0.0
0.0
0.0
0.0
0.0
5.0
155.0
8.0
10.0
251.0
3.0
0.0
0.0
0.0
0.0
15.0
3.0
74.0
107.0
0.0
58.0
36.0
5.0
36.0
0.0
112.0
20.0
3.0
0.0
0.0
0.0
8.0
38.0
0.0
0.0
3.0
0.0
41.0
13.0
0.0
0.0
0.0
0.0
46.0
0.0
0.0
216.0
20.0
0.0
0.0
69.0
0.0
0.0
0.0
61.0
0.0
3.0
0.0
0.0
0.0
69.0
0.0
18.0
3.0
0.0
20.0
0.0
15.0
8.0
8.0
3.0
0.0
0.0
0.0
0.0
3.0
0.0
0.0
20.0
20.0
0.0
0.0
0.0
0.0
0.0
0.0
5.0
3.0
0.0
351.0
69.0
33.0
0.0
3.0
46.0
0.0
0.0
3.0
0.0
0.0
0.0
0.0
0.0
3.0
20.0
0.0
28.0
15.0
69.0
0.0
0.0
0.0
10.0
0.0
66.0
71.0
0.0
33.0
0.0
0.0
0.0
0.0
0.0
112.0
20.0
0.0
0.0
NaN
NaN
NaN
NaN
NaN
NaN
NaN
NaN
NaN
NaN
NaN
NaN
NaN
NaN
NaN
NaN
NaN
NaN
NaN
NaN
NaN
NaN
NaN
NaN
NaN
NaN
NaN
NaN
NaN
NaN
NaN
NaN
NaN
NaN
NaN
NaN
NaN
NaN
NaN
NaN
NaN
0.0
0.0
0.0
0.0
0.0
0.0
0.0
0.0
0.0
0.0
0.0
0.0
191.0
97.0
0.0
0.0
10.0
0.0
0.0
0.0
0.0
0.0
0.0
0.0
3.0
23.0
33.0
0.0
0.0
0.0
0.0
0.0
0.0
0.0
0.0
0.0
0.0
0.0
0.0
0.0
18.0
8.0
0.0
0.0
0.0
0.0
0.0
0.0
0.0
0.0
51.0
0.0
0.0
0.0
0.0
71.0
201.0
3.0
0.0
0.0
0.0
3.0
18.0
0.0
81.0
20.0
3.0
5.0
0.0
0.0
0.0
0.0
0.0
0.0
0.0
0.0
0.0
0.0
0.0
0.0
0.0
97.0
0.0
5.0
51.0
0.0
132.0
0.0
0.0
3.0
0.0
262.0
53.0
0.0
0.0
0.0
25.0
0.0
0.0
0.0
0.0
0.0
64.0
3.0
3.0
81.0
0.0
0.0
0.0
130.0
0.0
193.0
5.0
13.0
132.0
25.0
3.0
0.0
0.0
46.0
3.0
0.0
3.0
0.0
218.0
13.0
51.0
0.0
0.0
274.0
5.0
0.0
0.0
0.0
0.0
0.0
0.0
0.0
15.0
15.0
56.0
5.0
0.0
0.0
0.0
3.0
91.0
3.0
0.0
5.0
18.0
0.0
0.0
0.0
0.0
3.0
0.0
0.0
46.0
84.0
0.0
3.0
373.0
0.0
0.0
13.0
3.0
0.0
0.0
5.0
13.0
0.0
3.0
0.0
0.0
5.0
0.0
0.0
3.0
0.0
8.0
86.0
0.0
0.0
43.0
66.0
185.0
140.0
0.0
0.0
0.0
0.0
0.0
0.0
0.0
8.0
18.0
135.0
0.0
8.0
0.0
0.0
196.0
0.0
0.0
10.0
0.0
0.0
0.0
0.0
0.0
0.0
0.0
0.0
0.0
0.0
0.0
0.0
0.0
0.0
43.0
30.0
41.0
33.0
0.0
0.0
0.0
122.0
0.0
142.0
36.0
41.0
0.0
NaN
NaN
NaN
NaN
NaN
NaN
NaN
NaN
NaN
NaN
NaN
NaN
NaN
NaN
NaN
NaN
NaN
NaN
NaN
NaN
NaN
NaN
NaN
NaN
0.0
0.0
0.0
0.0
0.0
0.0
0.0
0.0
127.0
81.0
0.0
0.0
0.0
0.0
0.0
0.0
0.0
0.0
0.0
23.0
0.0
0.0
0.0
0.0
0.0
0.0
0.0
0.0
0.0
61.0
241.0
64.0
5.0
0.0
0.0
0.0
38.0
61.0
71.0
15.0
0.0
0.0
0.0
0.0
0.0
71.0
0.0
0.0
0.0
0.0
0.0
0.0
0.0
0.0
366.0
20.0
424.0
36.0
0.0
0.0
0.0
0.0
0.0
25.0
5.0
56.0
5.0
0.0
76.0
0.0
3.0
86.0
0.0
0.0
0.0
257.0
91.0
53.0
0.0
5.0
0.0
3.0
0.0
0.0
0.0
51.0
10.0
15.0
165.0
33.0
5.0
0.0
257.0
0.0
0.0
0.0
0.0
0.0
0.0
0.0
15.0
0.0
0.0
0.0
0.0
0.0
0.0
0.0
0.0
0.0
0.0
0.0
0.0
0.0
10.0
0.0
168.0
25.0
0.0
66.0
152.0
130.0
224.0
130.0
0.0
124.0
53.0
28.0
216.0
25.0
23.0
0.0
0.0
0.0
56.0
0.0
0.0
0.0
0.0
0.0
343.0
0.0
0.0
10.0
13.0
0.0
0.0
0.0
0.0
0.0
0.0
188.0
3.0
0.0
8.0
3.0
102.0
0.0
0.0
0.0
0.0
0.0
5.0
0.0
0.0
0.0
0.0
0.0
0.0
30.0
0.0
38.0
0.0
262.0
0.0
0.0
0.0
28.0
10.0
5.0
0.0
0.0
3.0
0.0
114.0
10.0
165.0
0.0
0.0
3.0
0.0
0.0
8.0
15.0
33.0
168.0
0.0
8.0
20.0
61.0
0.0
30.0
0.0
0.0
0.0
0.0
0.0
0.0
0.0
30.0
0.0
0.0
5.0
244.0
20.0
15.0
0.0
0.0
0.0
0.0
61.0
5.0
0.0
0.0
8.0
3.0
28.0
0.0
13.0
0.0
0.0
33.0
0.0
0.0
81.0
0.0
0.0
33.0
0.0
46.0
38.0
56.0
0.0
23.0
0.0
0.0
0.0
175.0
20.0
0.0
0.0
0.0
5.0
NaN
NaN
NaN
NaN
NaN
NaN
NaN
NaN
NaN
NaN
NaN
NaN
NaN
NaN
NaN
NaN
NaN
NaN
NaN
NaN
NaN
NaN
NaN
NaN
NaN
NaN
NaN
NaN
NaN
NaN
NaN
NaN
NaN
NaN
NaN
0.0
0.0
0.0
0.0
0.0
0.0
0.0
13.0
28.0
5.0
0.0
0.0
0.0
25.0
20.0
25.0
0.0
0.0
0.0
51.0
0.0
112.0
0.0
0.0
0.0
0.0
0.0
160.0
38.0
66.0
152.0
0.0
0.0
0.0
0.0
0.0
0.0
0.0
0.0
0.0
0.0
3.0
0.0
0.0
5.0
0.0
20.0
0.0
0.0
0.0
147.0
0.0
0.0
10.0
30.0
5.0
287.0
15.0
0.0
0.0
0.0
163.0
142.0
10.0
3.0
0.0
0.0
0.0
0.0
0.0
0.0
0.0
0.0
0.0
0.0
0.0
132.0
0.0
15.0
0.0
318.0
234.0
0.0
0.0
0.0
0.0
0.0
0.0
0.0
0.0
20.0
0.0
0.0
15.0
86.0
0.0
0.0
0.0
0.0
71.0
0.0
0.0
3.0
99.0
0.0
0.0
84.0
3.0
0.0
0.0
10.0
3.0
173.0
0.0
0.0
0.0
0.0
0.0
0.0
20.0
0.0
0.0
0.0
0.0
0.0
25.0
0.0
0.0
0.0
0.0
277.0
0.0
0.0
89.0
64.0
0.0
0.0
0.0
38.0
3.0
0.0
0.0
0.0
0.0
0.0
0.0
0.0
0.0
178.0
8.0
0.0
140.0
0.0
0.0
0.0
25.0
33.0
64.0
152.0
5.0
0.0
0.0
23.0
132.0
8.0
0.0
0.0
61.0
10.0
30.0
0.0
0.0
0.0
5.0
20.0
147.0
0.0
10.0
0.0
0.0
0.0
0.0
135.0
20.0
0.0
25.0
0.0
0.0
0.0
0.0
0.0
51.0
0.0
0.0
0.0
0.0
0.0
0.0
152.0
5.0
28.0
0.0
0.0
0.0
0.0
0.0
0.0
0.0
0.0
0.0
25.0
33.0
5.0
58.0
25.0
15.0
0.0
0.0
0.0
13.0
163.0
0.0
18.0
43.0
0.0
3.0
0.0
38.0
71.0
0.0
0.0
0.0
0.0
0.0
0.0
0.0
64.0
89.0
127.0
0.0
NaN
NaN
NaN
NaN
NaN
NaN
NaN
NaN
NaN
NaN
NaN
NaN
NaN
NaN
NaN
NaN
NaN
NaN
NaN
NaN
NaN
NaN
NaN
NaN
NaN
NaN
NaN
NaN
NaN
NaN
NaN
NaN
NaN
NaN
NaN
NaN
0.0
0.0
79.0
79.0
5.0
0.0
0.0
0.0
206.0
0.0
0.0
0.0
0.0
0.0
76.0
81.0
15.0
15.0
119.0
10.0
0.0
0.0
0.0
0.0
0.0
0.0
0.0
0.0
0.0
81.0
28.0
0.0
0.0
0.0
0.0
15.0
117.0
0.0
0.0
0.0
56.0
3.0
0.0
0.0
3.0
193.0
0.0
0.0
0.0
0.0
61.0
119.0
10.0
0.0
0.0
0.0
0.0
107.0
13.0
8.0
69.0
43.0
41.0
193.0
48.0
0.0
0.0
0.0
23.0
0.0
0.0
0.0
0.0
0.0
0.0
0.0
0.0
0.0
0.0
0.0
0.0
0.0
56.0
0.0
0.0
0.0
61.0
30.0
48.0
5.0
0.0
0.0
0.0
0.0
76.0
0.0
0.0
10.0
0.0
292.0
36.0
0.0
36.0
0.0
0.0
0.0
0.0
0.0
0.0
48.0
0.0
0.0
0.0
0.0
0.0
0.0
0.0
0.0
0.0
8.0
0.0
0.0
0.0
38.0
0.0
0.0
0.0
142.0
53.0
0.0
36.0
5.0
0.0
23.0
0.0
163.0
15.0
0.0
249.0
0.0
0.0
5.0
0.0
51.0
0.0
150.0
0.0
8.0
25.0
15.0
3.0
3.0
0.0
0.0
0.0
0.0
0.0
295.0
10.0
36.0
25.0
0.0
0.0
51.0
0.0
0.0
0.0
10.0
36.0
3.0
0.0
0.0
0.0
0.0
0.0
0.0
0.0
0.0
13.0
0.0
64.0
0.0
137.0
3.0
0.0
0.0
0.0
0.0
0.0
0.0
0.0
0.0
61.0
0.0
0.0
0.0
0.0
0.0
0.0
0.0
0.0
0.0
0.0
0.0
0.0
0.0
183.0
0.0
53.0
33.0
0.0
51.0
0.0
0.0
0.0
0.0
0.0
41.0
89.0
109.0
46.0
10.0
69.0
0.0
84.0
15.0
8.0
13.0
155.0
0.0
25.0
53.0
117.0
0.0
0.0
0.0
0.0
5.0
46.0
NaN
NaN
NaN
NaN
NaN
NaN
NaN
NaN
NaN
NaN
NaN
NaN
NaN
NaN
NaN
NaN
NaN
NaN
NaN
NaN
NaN
NaN
NaN
NaN
NaN
NaN
NaN
NaN
NaN
NaN
NaN
NaN
NaN
NaN
NaN
NaN
13.0
0.0
0.0
5.0
0.0
5.0
5.0
3.0
0.0
0.0
0.0
0.0
0.0
0.0
5.0
28.0
5.0
36.0
0.0
0.0
124.0
0.0
0.0
0.0
0.0
64.0
0.0
0.0
102.0
0.0
127.0
140.0
10.0
0.0
0.0
0.0
0.0
0.0
0.0
0.0
0.0
0.0
0.0
0.0
0.0
69.0
25.0
0.0
0.0
0.0
0.0
0.0
0.0
0.0
0.0
0.0
0.0
0.0
0.0
0.0
0.0
170.0
8.0
0.0
36.0
0.0
0.0
0.0
0.0
91.0
10.0
0.0
0.0
64.0
216.0
58.0
274.0
0.0
5.0
0.0
0.0
0.0
0.0
28.0
0.0
218.0
0.0
0.0
0.0
0.0
0.0
13.0
0.0
0.0
0.0
99.0
0.0
0.0
0.0
102.0
0.0
0.0
0.0
0.0
0.0
0.0
0.0
0.0
0.0
0.0
0.0
30.0
28.0
0.0
0.0
0.0
0.0
0.0
28.0
114.0
61.0
0.0
0.0
0.0
0.0
0.0
0.0
0.0
0.0
0.0
0.0
0.0
0.0
38.0
0.0
0.0
0.0
0.0
0.0
0.0
0.0
86.0
0.0
0.0
0.0
0.0
0.0
193.0
76.0
0.0
0.0
0.0
234.0
0.0
0.0
0.0
0.0
30.0
10.0
69.0
89.0
0.0
0.0
0.0
0.0
0.0
0.0
0.0
0.0
0.0
0.0
0.0
0.0
122.0
30.0
0.0
0.0
0.0
0.0
0.0
0.0
20.0
0.0
0.0
0.0
0.0
10.0
117.0
36.0
20.0
0.0
0.0
0.0
0.0
0.0
0.0
0.0
0.0
157.0
0.0
0.0
23.0
18.0
0.0
0.0
0.0
0.0
15.0
58.0
0.0
0.0
0.0
0.0
0.0
0.0
0.0
23.0
23.0
0.0
0.0
0.0
5.0
3.0
3.0
43.0
84.0
30.0
58.0
147.0
89.0
46.0
137.0
279.0
69.0
114.0
76.0
10.0
102.0
13.0
5.0
3.0
0.0
0.0
NaN
NaN
NaN
NaN
NaN
NaN
NaN
NaN
NaN
NaN
NaN
NaN
NaN
NaN
NaN
NaN
NaN
NaN
NaN
NaN
NaN
NaN
NaN
NaN
NaN
NaN
NaN
NaN
NaN
NaN
NaN
NaN
NaN
NaN
25.0
0.0
10.0
0.0
112.0
0.0
0.0
0.0
0.0
0.0
69.0
0.0
0.0
0.0
0.0
0.0
0.0
0.0
81.0
0.0
0.0
0.0
0.0
0.0
NaN
NaN
15.0
0.0
0.0
0.0
NaN
NaN
5.0
104.0
15.0
0.0
0.0
0.0
0.0
0.0
0.0
10.0
0.0
0.0
10.0
10.0
0.0
0.0
0.0
124.0
0.0
0.0
0.0
0.0
0.0
0.0
0.0
0.0
0.0
0.0
5.0
0.0
0.0
3.0
0.0
0.0
0.0
3.0
5.0
0.0
0.0
0.0
0.0
0.0
109.0
102.0
0.0
69.0
0.0
257.0
33.0
3.0
18.0
0.0
0.0
0.0
NaN
NaN
86.0
0.0
112.0
0.0
0.0
0.0
0.0
0.0
0.0
0.0
102.0
0.0
0.0
0.0
10.0
3.0
79.0
NaN
69.0
38.0
0.0
51.0
0.0
3.0
0.0
0.0
74.0
3.0
0.0
0.0
8.0
0.0
127.0
NaN
0.0
20.0
130.0
0.0
56.0
58.0
0.0
0.0
0.0
25.0
0.0
480.0
0.0
0.0
56.0
0.0
3.0
0.0
84.0
0.0
99.0
64.0
0.0
0.0
0.0
53.0
224.0
38.0
0.0
0.0
71.0
0.0
0.0
163.0
18.0
0.0
3.0
0.0
330.0
284.0
18.0
8.0
0.0
99.0
0.0
0.0
0.0
0.0
33.0
23.0
0.0
41.0
254.0
0.0
30.0
135.0
0.0
0.0
15.0
20.0
0.0
0.0
8.0
0.0
0.0
0.0
0.0
0.0
0.0
0.0
0.0
3.0
0.0
0.0
0.0
8.0
41.0
0.0
94.0
0.0
0.0
8.0
97.0
0.0
160.0
5.0
0.0
0.0
0.0
0.0
0.0
0.0
15.0
0.0
81.0
94.0
0.0
0.0
102.0
20.0
69.0
0.0
173.0
18.0
0.0
206.0
28.0
25.0
13.0
0.0
NaN
NaN
NaN
NaN
NaN
NaN
NaN
NaN
NaN
NaN
NaN
NaN
NaN
NaN
NaN
NaN
NaN
NaN
NaN
NaN
NaN
NaN
NaN
NaN
NaN
NaN
NaN
NaN
NaN
NaN
NaN
NaN
NaN
NaN
NaN
NaN
NaN
NaN
NaN
8.0
0.0
0.0
0.0
0.0
38.0
46.0
0.0
0.0
0.0
0.0
0.0
0.0
0.0
0.0
0.0
0.0
0.0
0.0
0.0
0.0
0.0
0.0
0.0
8.0
91.0
30.0
0.0
58.0
127.0
325.0
36.0
0.0
0.0
0.0
0.0
0.0
13.0
0.0
0.0
0.0
0.0
0.0
0.0
0.0
0.0
0.0
178.0
0.0
0.0
0.0
0.0
51.0
0.0
0.0
64.0
0.0
0.0
0.0
33.0
0.0
23.0
0.0
13.0
0.0
10.0
0.0
0.0
36.0
0.0
0.0
0.0
3.0
8.0
0.0
0.0
0.0
0.0
0.0
0.0
0.0
0.0
0.0
0.0
0.0
0.0
0.0
8.0
0.0
0.0
82.0
0.0
0.0
0.0
0.0
0.0
168.0
80.0
51.0
60.0
170.0
0.0
2.0
0.0
158.0
0.0
130.0
0.0
0.0
20.0
0.0
382.0
0.0
0.0
0.0
0.0
0.0
52.0
0.0
3.0
0.0
0.0
0.0
0.0
96.0
70.0
0.0
3.0
0.0
0.0
0.0
0.0
388.0
0.0
0.0
0.0
156.0
0.0
0.0
0.0
4.0
18.0
98.0
3.0
0.0
0.0
4.0
3.0
0.0
350.0
336.0
16.0
0.0
186.0
129.0
0.0
0.0
16.0
322.0
294.0
12.0
0.0
0.0
0.0
0.0
0.0
144.0
30.0
0.0
118.0
124.0
0.0
14.0
120.0
64.0
84.0
34.0
0.0
0.0
0.0
0.0
2.0
0.0
0.0
60.0
0.0
0.0
2.0
0.0
0.0
0.0
0.0
0.0
0.0
30.0
160.0
0.0
2.0
0.0
0.0
0.0
0.0
0.0
0.0
0.0
0.0
54.0
0.0
0.0
0.0
0.0
0.0
0.0
0.0
150.0
14.0
0.0
0.0
NaN
10.0
0.0
0.0
78.0
22.0
90.0
0.0
0.0
2.0
32.0
14.0
0.0
12.0
0.0
2.0
64.0
26.0
0.0
0.0
66.0
4.0
3.0
NaN
NaN
NaN
NaN
NaN
NaN
NaN
NaN
NaN
NaN
NaN
NaN
NaN
NaN
NaN
NaN
NaN
NaN
NaN
NaN
NaN
NaN
0.0
0.0
0.0
0.0
0.0
0.0
0.0
0.0
0.0
0.0
0.0
0.0
0.0
0.0
0.0
0.0
0.0
0.0
0.0
0.0
0.0
0.0
0.0
0.0
0.0
0.0
0.0
NaN
0.0
NaN
0.0
290.0
18.0
0.0
0.0
4.0
0.0
12.0
0.0
12.0
46.0
0.0
0.0
50.0
12.0
0.0
0.0
240.0
60.0
12.0
0.0
0.0
76.0
0.0
24.0
40.0
0.0
6.0
4.0
2.0
0.0
28.0
0.0
0.0
38.0
0.0
0.0
6.0
10.0
128.0
162.0
0.0
0.0
0.0
0.0
28.0
4.0
0.0
0.0
0.0
336.0
8.0
2.0
0.0
0.0
0.0
32.0
0.0
0.0
24.0
616.0
4.0
0.0
0.0
0.0
0.0
0.0
0.0
0.0
0.0
0.0
0.0
0.0
0.0
2.0
0.0
0.0
0.0
0.0
0.0
0.0
0.0
0.0
0.0
60.0
12.0
0.0
0.0
32.0
0.0
18.0
0.0
0.0
0.0
0.0
0.0
0.0
384.0
36.0
0.0
146.0
0.0
0.0
20.0
84.0
2.0
0.0
0.0
44.0
0.0
0.0
0.0
0.0
18.0
22.0
0.0
0.0
0.0
34.0
0.0
108.0
0.0
0.0
0.0
0.0
0.0
0.0
0.0
0.0
0.0
0.0
158.0
0.0
0.0
0.0
0.0
0.0
0.0
0.0
0.0
0.0
0.0
28.0
0.0
0.0
0.0
0.0
0.0
0.0
0.0
0.0
2.0
2.0
0.0
90.0
45.0
0.0
48.0
18.0
0.0
88.0
0.0
0.0
120.0
3.0
0.0
10.0
0.0
2.0
0.0
0.0
48.0
0.0
NaN
NaN
138.0
0.0
170.0
200.0
0.0
0.0
0.0
0.0
45.0
10.0
0.0
22.0
0.0
12.0
30.0
28.0
4.0
54.0
0.0
0.0
0.0
NaN
NaN
NaN
NaN
NaN
NaN
NaN
NaN
NaN
NaN
NaN
NaN
NaN
NaN
NaN
NaN
NaN
0.0
0.0
0.0
0.0
0.0
0.0
41.0
0.0
0.0
0.0
50.0
2.0
22.0
20.0
2.0
0.0
0.0
140.0
43.0
0.0
0.0
0.0
0.0
0.0
0.0
0.0
0.0
0.0
0.0
54.0
0.0
12.0
7.0
2.0
0.0
0.0
93.0
44.0
108.0
0.0
12.0
0.0
0.0
3.0
2.0
96.0
0.0
0.0
0.0
50.0
184.0
0.0
2.0
70.0
0.0
0.0
10.0
0.0
46.0
20.0
16.0
0.0
33.0
0.0
0.0
162.0
0.0
0.0
0.0
0.0
0.0
0.0
0.0
0.0
0.0
44.0
0.0
12.0
0.0
32.0
66.0
46.0
0.0
0.0
2.0
0.0
0.0
68.0
0.0
4.0
0.0
0.0
0.0
0.0
2.0
0.0
0.0
4.0
26.0
6.0
0.0
0.0
0.0
140.0
0.0
22.0
0.0
0.0
0.0
16.0
4.0
0.0
0.0
150.0
0.0
0.0
0.0
0.0
76.0
18.0
30.0
30.0
152.0
28.0
36.0
0.0
0.0
0.0
0.0
0.0
0.0
70.0
30.0
0.0
0.0
28.0
402.0
0.0
24.0
284.0
4.0
88.0
0.0
12.0
20.0
4.0
0.0
0.0
30.0
0.0
20.0
0.0
0.0
8.0
40.0
8.0
0.0
80.0
0.0
24.0
0.0
0.0
0.0
66.0
20.0
0.0
0.0
0.0
0.0
56.0
46.0
14.0
0.0
40.0
3.0
0.0
0.0
46.0
0.0
4.0
0.0
0.0
0.0
0.0
5.0
0.0
0.0
18.0
36.0
26.0
0.0
0.0
0.0
0.0
29.0
104.0
2.0
0.0
0.0
0.0
0.0
0.0
0.0
0.0
0.0
0.0
0.0
6.0
54.0
14.0
0.0
0.0
0.0
6.0
0.0
0.0
0.0
0.0
18.0
0.0
4.0
0.0
50.0
7.0
0.0
60.0
26.0
17.0
8.0
2.0
242.0
0.0
0.0
3.0
0.0
35.0
18.0
16.0
2.0
24.0
0.0
0.0
0.0
22.0
10.0
0.0
0.0
0.0
0.0
0.0
0.0
0.0
0.0
0.0
0.0
0.0
0.0
0.0
0.0
0.0
0.0
0.0
12.0
0.0
0.0
10.0
0.0
0.0
0.0
0.0
0.0
0.0
0.0
40.0
0.0
0.0
0.0
0.0
0.0
190.0
38.0
0.0
22.0
208.0
0.0
0.0
0.0
0.0
0.0
0.0
54.0
0.0
0.0
0.0
0.0
0.0
0.0
0.0
0.0
0.0
0.0
0.0
0.0
0.0
30.0
200.0
0.0
0.0
265.0
0.0
52.0
78.0
0.0
0.0
58.0
12.0
86.0
86.0
0.0
0.0
0.0
20.0
0.0
0.0
0.0
0.0
0.0
0.0
0.0
0.0
0.0
0.0
NaN
0.0
0.0
0.0
0.0
61.0
130.0
20.0
0.0
10.0
160.0
142.0
0.0
0.0
0.0
0.0
0.0
0.0
0.0
86.0
134.0
0.0
212.0
0.0
0.0
12.0
0.0
18.0
10.0
5.0
0.0
0.0
0.0
0.0
0.0
0.0
0.0
0.0
0.0
0.0
0.0
NaN
0.0
0.0
0.0
0.0
4.0
0.0
0.0
0.0
0.0
0.0
24.0
0.0
0.0
0.0
90.0
0.0
0.0
0.0
0.0
0.0
40.0
0.0
0.0
0.0
0.0
0.0
0.0
0.0
0.0
15.0
7.0
19.0
0.0
0.0
34.0
2.0
0.0
0.0
0.0
0.0
8.0
0.0
162.0
170.0
30.0
0.0
0.0
0.0
0.0
0.0
0.0
0.0
40.0
0.0
0.0
350.0
0.0
0.0
0.0
0.0
0.0
0.0
10.0
0.0
10.0
0.0
0.0
48.0
0.0
0.0
68.0
0.0
56.0
NaN
NaN
2.0
10.0
0.0
0.0
0.0
0.0
0.0
0.0
14.0
2.0
0.0
0.0
0.0
0.0
0.0
0.0
10.0
0.0
0.0
0.0
210.0
22.0
24.0
0.0
2.0
0.0
0.0
24.0
0.0
0.0
0.0
0.0
0.0
0.0
16.0
0.0
0.0
0.0
0.0
40.0
228.0
0.0
0.0
34.0
236.0
4.0
0.0
0.0
0.0
34.0
0.0
0.0
0.0
0.0
0.0
0.0
2.0
0.0
0.0
2.0
70.0
2.0
136.0
212.0
30.0
10.0
20.0
14.0
0.0
0.0
4.0
2.0
62.0
166.0
150.0
0.0
0.0
138.0
0.0
0.0
0.0
0.0
0.0
0.0
0.0
290.0
88.0
26.0
2.0
132.0
0.0
60.0
0.0
0.0
0.0
14.0
200.0
0.0
2.0
0.0
0.0
0.0
176.0
0.0
18.0
0.0
0.0
0.0
96.0
6.0
0.0
0.0
44.0
2.0
8.0
4.0
46.0
0.0
0.0
10.0
2.0
74.0
20.0
0.0
0.0
0.0
0.0
2.0
4.0
0.0
0.0
2.0
0.0
0.0
24.0
22.0
0.0
0.0
16.0
14.0
0.0
0.0
0.0
72.0
302.0
32.0
16.0
6.0
0.0
0.0
0.0
NaN
NaN
NaN
NaN
NaN
NaN
NaN
NaN
NaN
NaN
NaN
NaN
NaN
NaN
NaN
NaN
NaN
NaN
NaN
NaN
NaN
NaN
NaN
NaN
NaN
NaN
NaN
NaN
NaN
NaN
NaN
NaN
0.0
0.0
0.0
0.0
0.0
0.0
0.0
0.0
36.0
38.0
0.0
182.0
30.0
0.0
0.0
0.0
334.0
166.0
0.0
0.0
0.0
0.0
0.0
0.0
44.0
0.0
0.0
0.0
0.0
212.0
0.0
0.0
94.0
8.0
36.0
72.0
12.0
0.0
54.0
242.0
54.0
0.0
0.0
0.0
0.0
52.0
0.0
20.0
0.0
110.0
112.0
0.0
0.0
0.0
0.0
0.0
0.0
0.0
0.0
0.0
0.0
0.0
0.0
0.0
0.0
0.0
0.0
66.0
0.0
0.0
0.0
80.0
0.0
0.0
0.0
0.0
0.0
0.0
26.0
28.0
0.0
0.0
0.0
0.0
0.0
0.0
0.0
0.0
68.0
0.0
0.0
0.0
0.0
0.0
2.0
0.0
0.0
0.0
6.0
24.0
42.0
0.0
416.0
16.0
0.0
16.0
0.0
0.0
0.0
0.0
12.0
0.0
16.0
4.0
0.0
0.0
118.0
0.0
0.0
0.0
0.0
42.0
0.0
294.0
0.0
0.0
0.0
4.0
206.0
0.0
0.0
72.0
10.0
0.0
0.0
0.0
0.0
0.0
22.0
80.0
0.0
0.0
0.0
30.0
4.0
0.0
0.0
0.0
96.0
140.0
20.0
2.0
244.0
178.0
104.0
22.0
0.0
0.0
136.0
0.0
0.0
4.0
0.0
0.0
0.0
90.0
296.0
42.0
30.0
0.0
190.0
0.0
0.0
0.0
0.0
56.0
254.0
38.0
0.0
2.0
0.0
0.0
0.0
0.0
0.0
224.0
8.0
0.0
20.0
0.0
0.0
4.0
0.0
0.0
0.0
0.0
22.0
0.0
0.0
0.0
6.0
0.0
0.0
0.0
24.0
14.0
0.0
0.0
24.0
8.0
0.0
0.0
0.0
78.0
0.0
0.0
0.0
0.0
0.0
0.0
0.0
0.0
0.0
0.0
0.0
0.0
2.0
0.0
0.0
0.0
0.0
0.0
2.0
6.0
0.0
12.0
0.0
0.0
0.0
0.0
0.0
40.0
0.0
0.0
0.0
88.0
76.0
0.0
42.0
250.0
0.0
0.0
24.0
60.0
4.0
4.0
0.0
38.0
0.0
0.0
120.0
30.0
2.0
0.0
62.0
14.0
0.0
118.0
4.0
0.0
0.0
42.0
84.0
40.0
0.0
0.0
0.0
0.0
230.0
4.0
0.0
18.0
10.0
0.0
0.0
0.0
0.0
0.0
96.0
0.0
90.0
4.0
0.0
4.0
0.0
46.0
0.0
0.0
16.0
66.0
18.0
138.0
42.0
0.0
62.0
0.0
0.0
0.0
0.0
0.0
0.0
0.0
0.0
0.0
0.0
0.0
84.0
14.0
18.0
0.0
0.0
112.0
18.0
0.0
414.0
12.0
0.0
0.0
0.0
0.0
0.0
0.0
0.0
0.0
4.0
0.0
0.0
74.0
0.0
0.0
0.0
0.0
10.0
0.0
184.0
428.0
0.0
0.0
102.0
132.0
4.0
0.0
0.0
0.0
26.0
0.0
152.0
56.0
0.0
398.0
0.0
4.0
6.0
0.0
0.0
0.0
0.0
0.0
0.0
36.0
6.0
14.0
22.0
2.0
0.0
14.0
0.0
0.0
0.0
36.0
0.0
2.0
0.0
6.0
136.0
18.0
0.0
4.0
4.0
0.0
0.0
0.0
8.0
0.0
84.0
152.0
74.0
0.0
24.0
4.0
8.0
0.0
134.0
26.0
28.0
0.0
0.0
2.0
134.0
0.0
0.0
0.0
0.0
0.0
0.0
0.0
2.0
94.0
4.0
10.0
0.0
0.0
40.0
NaN
NaN
NaN
NaN
NaN
NaN
NaN
NaN
NaN
NaN
NaN
NaN
NaN
NaN
NaN
NaN
0.0
0.0
0.0
0.0
0.0
0.0
0.0
0.0
0.0
0.0
0.0
0.0
0.0
0.0
0.0
0.0
128.0
58.0
28.0
2.0
4.0
0.0
0.0
74.0
2.0
0.0
26.0
0.0
0.0
0.0
0.0
0.0
0.0
154.0
0.0
30.0
4.0
0.0
10.0
0.0
0.0
0.0
0.0
0.0
8.0
12.0
16.0
0.0
76.0
2.0
0.0
0.0
0.0
2.0
36.0
4.0
0.0
0.0
34.0
28.0
38.0
0.0
0.0
0.0
0.0
4.0
0.0
12.0
10.0
0.0
0.0
0.0
12.0
0.0
0.0
22.0
4.0
98.0
22.0
0.0
0.0
0.0
12.0
0.0
0.0
0.0
0.0
0.0
0.0
0.0
0.0
0.0
30.0
2.0
16.0
2.0
0.0
28.0
0.0
0.0
6.0
0.0
0.0
0.0
0.0
6.0
0.0
0.0
0.0
2.0
0.0
0.0
0.0
0.0
20.0
192.0
0.0
266.0
202.0
0.0
0.0
0.0
0.0
0.0
2.0
0.0
2.0
2.0
2.0
0.0
0.0
4.0
0.0
8.0
0.0
0.0
0.0
2.0
148.0
8.0
0.0
0.0
0.0
0.0
110.0
12.0
20.0
0.0
16.0
64.0
112.0
2.0
0.0
14.0
162.0
304.0
4.0
34.0
0.0
24.0
0.0
74.0
4.0
4.0
0.0
0.0
0.0
0.0
0.0
24.0
220.0
0.0
0.0
56.0
12.0
6.0
4.0
26.0
22.0
0.0
0.0
2.0
38.0
86.0
34.0
0.0
94.0
18.0
80.0
2.0
6.0
30.0
0.0
0.0
250.0
0.0
74.0
0.0
8.0
4.0
32.0
0.0
0.0
0.0
0.0
0.0
4.0
0.0
26.0
0.0
0.0
0.0
0.0
0.0
6.0
148.0
200.0
0.0
0.0
78.0
6.0
6.0
22.0
0.0
0.0
20.0
2.0
12.0
0.0
142.0
2.0
212.0
66.0
50.0
60.0
60.0
50.0
0.0
NaN
NaN
0.0
NaN
NaN
NaN
