NaN
NaN
NaN
NaN
NaN
NaN
NaN
NaN
NaN
NaN
NaN
NaN
NaN
NaN
NaN
NaN
NaN
NaN
NaN
NaN
208.0
NaN
NaN
NaN
NaN
53.0
NaN
NaN
18.0
15.0
0.0
0.0
0.0
15.0
0.0
0.0
0.0
0.0
0.0
0.0
0.0
13.0
0.0
0.0
0.0
0.0
0.0
43.0
0.0
0.0
0.0
0.0
0.0
0.0
0.0
0.0
0.0
0.0
46.0
51.0
0.0
0.0
0.0
0.0
NaN
NaN
69.0
25.0
0.0
0.0
NaN
NaN
130.0
38.0
0.0
0.0
0.0
0.0
0.0
0.0
0.0
0.0
0.0
0.0
NaN
NaN
132.0
58.0
10.0
0.0
0.0
NaN
NaN
NaN
NaN
13.0
NaN
NaN
NaN
5.0
NaN
NaN
30.0
160.0
NaN
NaN
74.0
NaN
28.0
NaN
NaN
NaN
NaN
13.0
NaN
NaN
NaN
18.0
10.0
NaN
NaN
NaN
NaN
NaN
NaN
5.0
NaN
NaN
NaN
NaN
147.0
NaN
NaN
NaN
NaN
NaN
NaN
NaN
NaN
NaN
NaN
NaN
NaN
NaN
28.0
10.0
8.0
NaN
117.0
NaN
NaN
NaN
NaN
0.0
0.0
0.0
0.0
0.0
0.0
13.0
8.0
0.0
0.0
0.0
0.0
36.0
0.0
0.0
0.0
0.0
0.0
61.0
0.0
0.0
0.0
0.0
0.0
0.0
18.0
NaN
NaN
0.0
NaN
81.0
NaN
NaN
NaN
NaN
64.0
20.0
10.0
NaN
NaN
NaN
NaN
NaN
NaN
NaN
NaN
NaN
NaN
NaN
NaN
NaN
NaN
NaN
NaN
NaN
NaN
NaN
NaN
NaN
NaN
NaN
NaN
NaN
NaN
NaN
NaN
NaN
NaN
NaN
NaN
NaN
NaN
NaN
NaN
NaN
NaN
NaN
NaN
NaN
NaN
NaN
NaN
NaN
81.0
NaN
NaN
NaN
NaN
NaN
NaN
0.0
0.0
0.0
0.0
0.0
56.0
20.0
8.0
38.0
13.0
25.0
0.0
0.0
0.0
64.0
61.0
15.0
0.0
0.0
23.0
0.0
0.0
0.0
0.0
0.0
0.0
0.0
0.0
0.0
0.0
0.0
0.0
0.0
0.0
0.0
56.0
0.0
NaN
NaN
0.0
0.0
0.0
0.0
0.0
0.0
0.0
0.0
0.0
3.0
0.0
0.0
0.0
94.0
0.0
0.0
0.0
0.0
18.0
112.0
23.0
0.0
0.0
0.0
0.0
0.0
5.0
0.0
0.0
0.0
0.0
0.0
0.0
0.0
3.0
0.0
180.0
0.0
0.0
0.0
0.0
0.0
0.0
76.0
0.0
0.0
155.0
0.0
178.0
0.0
0.0
56.0
0.0
0.0
0.0
0.0
0.0
0.0
0.0
33.0
0.0
0.0
0.0
292.0
18.0
13.0
0.0
0.0
0.0
0.0
25.0
0.0
0.0
0.0
0.0
0.0
0.0
3.0
0.0
0.0
0.0
0.0
0.0
0.0
0.0
3.0
0.0
0.0
38.0
0.0
86.0
0.0
61.0
0.0
0.0
0.0
0.0
0.0
0.0
0.0
0.0
28.0
0.0
0.0
0.0
0.0
0.0
0.0
0.0
0.0
0.0
0.0
0.0
36.0
0.0
0.0
0.0
0.0
0.0
0.0
0.0
46.0
193.0
66.0
196.0
211.0
8.0
0.0
0.0
0.0
84.0
48.0
0.0
15.0
0.0
0.0
23.0
0.0
0.0
0.0
0.0
0.0
0.0
0.0
0.0
15.0
0.0
0.0
13.0
5.0
122.0
5.0
0.0
48.0
10.0
0.0
46.0
5.0
38.0
20.0
46.0
15.0
180.0
0.0
46.0
30.0
23.0
3.0
0.0
107.0
0.0
25.0
0.0
0.0
0.0
0.0
NaN
NaN
NaN
3.0
NaN
NaN
81.0
NaN
64.0
NaN
NaN
NaN
NaN
NaN
NaN
NaN
NaN
NaN
NaN
NaN
20.0
NaN
NaN
NaN
NaN
NaN
NaN
10.0
NaN
NaN
546.0
NaN
NaN
NaN
343.0
NaN
NaN
NaN
NaN
NaN
NaN
NaN
NaN
NaN
191.0
NaN
NaN
13.0
NaN
NaN
127.0
NaN
NaN
NaN
38.0
NaN
NaN
279.0
140.0
NaN
178.0
109.0
81.0
94.0
71.0
56.0
NaN
13.0
NaN
0.0
28.0
NaN
NaN
NaN
0.0
NaN
NaN
5.0
NaN
NaN
NaN
NaN
71.0
NaN
NaN
3.0
NaN
NaN
10.0
0.0
56.0
0.0
0.0
15.0
0.0
0.0
0.0
91.0
71.0
56.0
97.0
0.0
20.0
0.0
76.0
8.0
0.0
0.0
0.0
0.0
147.0
0.0
0.0
0.0
33.0
15.0
0.0
71.0
0.0
0.0
0.0
0.0
0.0
0.0
NaN
NaN
0.0
0.0
0.0
0.0
0.0
0.0
0.0
0.0
71.0
10.0
0.0
180.0
0.0
0.0
0.0
76.0
0.0
0.0
0.0
71.0
0.0
0.0
0.0
0.0
8.0
0.0
0.0
145.0
0.0
0.0
0.0
0.0
0.0
0.0
0.0
0.0
74.0
0.0
0.0
0.0
5.0
0.0
28.0
0.0
0.0
20.0
28.0
28.0
5.0
81.0
3.0
0.0
0.0
0.0
0.0
0.0
0.0
191.0
64.0
0.0
0.0
38.0
0.0
0.0
191.0
0.0
0.0
0.0
0.0
0.0
0.0
0.0
0.0
86.0
0.0
0.0
0.0
0.0
0.0
0.0
0.0
76.0
0.0
127.0
0.0
0.0
NaN
NaN
NaN
NaN
NaN
NaN
NaN
NaN
NaN
NaN
NaN
NaN
NaN
NaN
NaN
NaN
NaN
30.0
NaN
NaN
NaN
152.0
NaN
NaN
163.0
NaN
NaN
NaN
NaN
NaN
NaN
0.0
0.0
0.0
384.0
0.0
0.0
0.0
0.0
76.0
0.0
0.0
64.0
0.0
15.0
0.0
30.0
0.0
0.0
0.0
0.0
0.0
0.0
0.0
0.0
97.0
0.0
0.0
0.0
0.0
0.0
0.0
0.0
0.0
0.0
74.0
0.0
0.0
89.0
69.0
0.0
0.0
0.0
43.0
48.0
86.0
0.0
0.0
0.0
0.0
130.0
91.0
20.0
13.0
0.0
0.0
218.0
175.0
0.0
0.0
0.0
0.0
0.0
0.0
0.0
76.0
0.0
0.0
0.0
0.0
0.0
46.0
20.0
0.0
0.0
0.0
0.0
0.0
0.0
0.0
0.0
0.0
0.0
0.0
0.0
15.0
0.0
51.0
0.0
0.0
0.0
0.0
20.0
0.0
0.0
0.0
0.0
0.0
0.0
76.0
0.0
33.0
0.0
64.0
0.0
0.0
0.0
0.0
0.0
0.0
0.0
0.0
64.0
0.0
155.0
0.0
0.0
165.0
36.0
0.0
0.0
30.0
0.0
0.0
71.0
20.0
25.0
0.0
13.0
0.0
0.0
5.0
25.0
102.0
0.0
0.0
51.0
102.0
102.0
51.0
0.0
0.0
0.0
130.0
51.0
25.0
0.0
20.0
18.0
0.0
0.0
0.0
0.0
51.0
NaN
NaN
NaN
NaN
NaN
NaN
NaN
NaN
NaN
NaN
NaN
NaN
0.0
NaN
NaN
NaN
NaN
0.0
NaN
102.0
NaN
NaN
NaN
NaN
94.0
10.0
267.0
NaN
NaN
NaN
NaN
0.0
0.0
0.0
0.0
0.0
0.0
0.0
51.0
0.0
0.0
0.0
76.0
51.0
0.0
0.0
51.0
0.0
0.0
0.0
51.0
0.0
0.0
0.0
0.0
0.0
0.0
0.0
224.0
74.0
81.0
76.0
0.0
0.0
0.0
0.0
0.0
0.0
56.0
0.0
0.0
0.0
25.0
0.0
0.0
0.0
0.0
84.0
0.0
0.0
0.0
0.0
0.0
81.0
0.0
0.0
51.0
0.0
25.0
0.0
0.0
0.0
0.0
0.0
0.0
122.0
48.0
0.0
0.0
0.0
0.0
0.0
0.0
20.0
NaN
193.0
0.0
0.0
0.0
15.0
0.0
10.0
0.0
0.0
0.0
0.0
257.0
0.0
0.0
0.0
0.0
0.0
0.0
0.0
0.0
0.0
114.0
0.0
0.0
61.0
13.0
0.0
0.0
0.0
0.0
0.0
0.0
0.0
0.0
0.0
0.0
0.0
0.0
0.0
0.0
0.0
157.0
175.0
0.0
0.0
15.0
0.0
36.0
69.0
0.0
198.0
20.0
0.0
0.0
0.0
0.0
0.0
318.0
0.0
0.0
0.0
0.0
20.0
0.0
0.0
13.0
69.0
0.0
0.0
0.0
0.0
0.0
0.0
0.0
0.0
13.0
0.0
0.0
0.0
0.0
0.0
25.0
0.0
0.0
0.0
0.0
0.0
0.0
0.0
0.0
0.0
0.0
0.0
0.0
0.0
0.0
0.0
0.0
0.0
86.0
0.0
0.0
236.0
0.0
203.0
277.0
0.0
0.0
64.0
30.0
0.0
0.0
0.0
0.0
152.0
38.0
86.0
84.0
0.0
0.0
0.0
0.0
0.0
0.0
0.0
0.0
0.0
0.0
0.0
114.0
0.0
13.0
0.0
0.0
279.0
0.0
109.0
56.0
0.0
99.0
0.0
36.0
0.0
0.0
38.0
0.0
0.0
191.0
0.0
89.0
97.0
0.0
86.0
0.0
0.0
211.0
0.0
0.0
254.0
91.0
0.0
0.0
53.0
8.0
0.0
0.0
130.0
43.0
25.0
127.0
53.0
0.0
20.0
25.0
0.0
0.0
23.0
124.0
51.0
89.0
173.0
150.0
772.0
74.0
33.0
0.0
0.0
0.0
0.0
0.0
0.0
0.0
0.0
0.0
46.0
0.0
18.0
10.0
0.0
56.0
0.0
130.0
74.0
0.0
0.0
0.0
0.0
0.0
0.0
25.0
0.0
20.0
0.0
0.0
0.0
0.0
0.0
81.0
0.0
0.0
0.0
0.0
58.0
0.0
0.0
48.0
0.0
117.0
0.0
0.0
0.0
0.0
102.0
0.0
0.0
0.0
0.0
0.0
0.0
0.0
0.0
0.0
0.0
0.0
0.0
28.0
0.0
0.0
0.0
0.0
0.0
0.0
0.0
0.0
86.0
46.0
0.0
0.0
0.0
0.0
178.0
NaN
NaN
NaN
NaN
NaN
NaN
NaN
NaN
NaN
NaN
NaN
NaN
NaN
NaN
NaN
0.0
NaN
NaN
NaN
0.0
NaN
NaN
NaN
NaN
NaN
0.0
0.0
152.0
NaN
76.0
NaN
NaN
NaN
NaN
NaN
NaN
NaN
NaN
NaN
NaN
NaN
NaN
NaN
NaN
NaN
NaN
NaN
NaN
NaN
142.0
NaN
NaN
NaN
NaN
NaN
48.0
13.0
NaN
NaN
NaN
NaN
NaN
NaN
NaN
NaN
NaN
NaN
81.0
NaN
NaN
NaN
NaN
79.0
NaN
NaN
76.0
NaN
NaN
53.0
25.0
NaN
NaN
NaN
NaN
NaN
NaN
NaN
NaN
NaN
0.0
0.0
0.0
0.0
20.0
25.0
0.0
0.0
0.0
0.0
0.0
15.0
20.0
338.0
84.0
114.0
0.0
155.0
0.0
79.0
0.0
0.0
0.0
36.0
36.0
0.0
0.0
0.0
0.0
0.0
0.0
33.0
0.0
15.0
0.0
23.0
0.0
13.0
0.0
0.0
0.0
0.0
0.0
0.0
0.0
0.0
0.0
0.0
0.0
0.0
0.0
56.0
0.0
193.0
173.0
0.0
0.0
0.0
46.0
0.0
0.0
0.0
0.0
0.0
0.0
0.0
0.0
0.0
0.0
0.0
173.0
23.0
0.0
0.0
0.0
0.0
0.0
0.0
0.0
0.0
36.0
48.0
0.0
0.0
0.0
0.0
0.0
0.0
0.0
0.0
0.0
36.0
0.0
0.0
0.0
0.0
0.0
0.0
0.0
0.0
0.0
0.0
0.0
0.0
0.0
102.0
0.0
0.0
0.0
0.0
0.0
203.0
0.0
0.0
0.0
58.0
0.0
0.0
0.0
0.0
0.0
0.0
0.0
0.0
0.0
0.0
20.0
61.0
226.0
0.0
0.0
0.0
0.0
0.0
0.0
163.0
0.0
0.0
0.0
0.0
0.0
0.0
38.0
23.0
0.0
0.0
0.0
0.0
69.0
0.0
46.0
0.0
0.0
89.0
0.0
0.0
0.0
0.0
0.0
0.0
0.0
0.0
86.0
0.0
0.0
0.0
46.0
0.0
0.0
0.0
0.0
0.0
0.0
0.0
0.0
20.0
0.0
0.0
0.0
38.0
0.0
0.0
30.0
0.0
0.0
0.0
0.0
183.0
33.0
173.0
0.0
0.0
0.0
0.0
267.0
13.0
274.0
107.0
61.0
0.0
28.0
0.0
155.0
0.0
0.0
76.0
0.0
0.0
0.0
0.0
0.0
155.0
30.0
0.0
41.0
122.0
51.0
NaN
NaN
127.0
NaN
NaN
86.0
NaN
51.0
NaN
NaN
NaN
30.0
NaN
NaN
NaN
NaN
NaN
NaN
NaN
203.0
NaN
NaN
NaN
NaN
NaN
NaN
NaN
NaN
NaN
NaN
NaN
NaN
NaN
NaN
NaN
NaN
NaN
NaN
NaN
NaN
NaN
NaN
76.0
NaN
51.0
NaN
NaN
NaN
NaN
NaN
NaN
NaN
NaN
NaN
NaN
NaN
NaN
NaN
0.0
0.0
76.0
25.0
0.0
0.0
0.0
0.0
0.0
0.0
48.0
0.0
0.0
0.0
0.0
0.0
0.0
0.0
0.0
0.0
25.0
0.0
25.0
0.0
0.0
0.0
0.0
0.0
0.0
0.0
38.0
0.0
38.0
0.0
0.0
0.0
25.0
0.0
0.0
0.0
0.0
51.0
38.0
0.0
25.0
0.0
0.0
76.0
0.0
0.0
0.0
0.0
0.0
0.0
30.0
76.0
51.0
0.0
0.0
0.0
0.0
0.0
0.0
0.0
0.0
0.0
0.0
51.0
51.0
0.0
25.0
0.0
0.0
0.0
0.0
0.0
0.0
0.0
0.0
0.0
0.0
0.0
0.0
0.0
25.0
0.0
0.0
0.0
13.0
0.0
0.0
0.0
25.0
0.0
0.0
0.0
0.0
36.0
0.0
0.0
0.0
0.0
0.0
0.0
30.0
0.0
0.0
0.0
0.0
0.0
0.0
0.0
0.0
0.0
0.0
0.0
0.0
315.0
NaN
NaN
0.0
0.0
33.0
0.0
0.0
0.0
0.0
0.0
0.0
0.0
0.0
107.0
56.0
25.0
0.0
0.0
0.0
0.0
51.0
0.0
0.0
0.0
0.0
0.0
0.0
0.0
38.0
0.0
0.0
150.0
137.0
0.0
0.0
0.0
279.0
20.0
0.0
0.0
0.0
0.0
0.0
0.0
0.0
0.0
0.0
0.0
0.0
0.0
0.0
0.0
0.0
0.0
0.0
0.0
183.0
142.0
0.0
114.0
13.0
0.0
0.0
25.0
152.0
0.0
0.0
0.0
0.0
0.0
0.0
99.0
46.0
0.0
0.0
13.0
394.0
0.0
0.0
0.0
0.0
0.0
0.0
25.0
64.0
180.0
0.0
46.0
0.0
0.0
0.0
0.0
0.0
0.0
0.0
0.0
0.0
0.0
0.0
0.0
0.0
0.0
0.0
0.0
0.0
0.0
0.0
140.0
0.0
0.0
0.0
0.0
0.0
0.0
0.0
58.0
33.0
526.0
0.0
0.0
0.0
0.0
38.0
163.0
43.0
38.0
152.0
0.0
0.0
0.0
0.0
0.0
0.0
23.0
0.0
23.0
0.0
10.0
0.0
0.0
0.0
46.0
114.0
0.0
81.0
86.0
0.0
89.0
15.0
0.0
0.0
0.0
0.0
0.0
0.0
114.0
0.0
81.0
0.0
0.0
0.0
208.0
25.0
0.0
0.0
0.0
0.0
25.0
0.0
0.0
0.0
0.0
0.0
0.0
0.0
0.0
0.0
0.0
0.0
0.0
0.0
48.0
0.0
0.0
0.0
0.0
0.0
0.0
0.0
0.0
0.0
0.0
0.0
0.0
0.0
0.0
0.0
0.0
0.0
0.0
48.0
0.0
0.0
0.0
0.0
0.0
0.0
191.0
76.0
51.0
0.0
0.0
25.0
0.0
25.0
25.0
0.0
0.0
0.0
33.0
0.0
33.0
0.0
0.0
0.0
0.0
0.0
0.0
0.0
0.0
0.0
102.0
0.0
25.0
0.0
0.0
0.0
0.0
0.0
89.0
13.0
0.0
0.0
0.0
13.0
0.0
51.0
0.0
76.0
0.0
0.0
0.0
0.0
0.0
51.0
0.0
0.0
0.0
25.0
0.0
0.0
0.0
51.0
0.0
76.0
0.0
0.0
152.0
25.0
0.0
51.0
0.0
0.0
0.0
76.0
0.0
51.0
0.0
0.0
0.0
51.0
0.0
0.0
0.0
0.0
0.0
0.0
38.0
0.0
0.0
0.0
13.0
51.0
25.0
0.0
0.0
0.0
0.0
0.0
0.0
0.0
0.0
46.0
79.0
46.0
0.0
0.0
0.0
0.0
0.0
0.0
0.0
0.0
0.0
0.0
0.0
114.0
0.0
0.0
0.0
0.0
0.0
0.0
0.0
0.0
203.0
0.0
0.0
0.0
0.0
0.0
0.0
0.0
0.0
0.0
0.0
0.0
0.0
203.0
NaN
NaN
25.0
140.0
NaN
NaN
NaN
NaN
NaN
NaN
NaN
NaN
NaN
NaN
NaN
NaN
NaN
NaN
NaN
NaN
NaN
NaN
163.0
NaN
20.0
NaN
NaN
NaN
NaN
0.0
0.0
0.0
0.0
0.0
0.0
0.0
0.0
0.0
145.0
0.0
0.0
0.0
102.0
0.0
0.0
13.0
0.0
0.0
0.0
0.0
191.0
51.0
0.0
0.0
76.0
0.0
0.0
0.0
0.0
173.0
51.0
0.0
0.0
0.0
0.0
46.0
0.0
0.0
0.0
0.0
15.0
0.0
38.0
0.0
0.0
0.0
0.0
241.0
0.0
0.0
0.0
0.0
0.0
279.0
13.0
20.0
211.0
305.0
64.0
0.0
0.0
89.0
483.0
20.0
20.0
0.0
23.0
81.0
0.0
0.0
0.0
0.0
0.0
0.0
0.0
0.0
0.0
0.0
0.0
0.0
0.0
0.0
0.0
0.0
0.0
0.0
0.0
0.0
0.0
0.0
0.0
NaN
0.0
0.0
0.0
NaN
0.0
NaN
NaN
NaN
NaN
NaN
NaN
NaN
NaN
NaN
0.0
NaN
NaN
NaN
NaN
NaN
NaN
NaN
NaN
NaN
NaN
NaN
NaN
NaN
NaN
0.0
NaN
NaN
NaN
NaN
NaN
NaN
NaN
NaN
NaN
NaN
NaN
NaN
NaN
NaN
NaN
NaN
NaN
NaN
0.0
66.0
NaN
NaN
NaN
0.0
0.0
NaN
NaN
NaN
NaN
NaN
0.0
0.0
0.0
0.0
0.0
0.0
0.0
0.0
0.0
91.0
0.0
0.0
0.0
25.0
0.0
0.0
0.0
76.0
0.0
0.0
0.0
0.0
0.0
0.0
0.0
0.0
0.0
0.0
0.0
0.0
0.0
170.0
0.0
0.0
0.0
13.0
0.0
69.0
0.0
0.0
0.0
0.0
0.0
0.0
0.0
0.0
0.0
0.0
0.0
0.0
122.0
0.0
0.0
0.0
0.0
191.0
183.0
25.0
0.0
0.0
0.0
0.0
0.0
0.0
28.0
279.0
0.0
41.0
0.0
0.0
168.0
0.0
0.0
0.0
0.0
300.0
0.0
0.0
64.0
0.0
0.0
0.0
0.0
0.0
0.0
25.0
0.0
0.0
0.0
38.0
0.0
0.0
0.0
0.0
0.0
0.0
0.0
30.0
20.0
0.0
81.0
0.0
0.0
48.0
0.0
0.0
0.0
0.0
0.0
0.0
0.0
279.0
0.0
0.0
0.0
48.0
13.0
0.0
0.0
0.0
343.0
25.0
13.0
0.0
0.0
152.0
0.0
0.0
127.0
109.0
0.0
267.0
23.0
0.0
0.0
0.0
0.0
0.0
0.0
15.0
0.0
0.0
0.0
0.0
0.0
0.0
0.0
0.0
0.0
0.0
0.0
0.0
188.0
0.0
0.0
0.0
0.0
0.0
0.0
0.0
89.0
279.0
25.0
0.0
64.0
0.0
0.0
0.0
0.0
0.0
0.0
0.0
0.0
0.0
102.0
30.0
41.0
0.0
0.0
0.0
0.0
0.0
0.0
0.0
0.0
0.0
0.0
0.0
NaN
NaN
NaN
NaN
NaN
NaN
NaN
NaN
117.0
157.0
94.0
0.0
30.0
0.0
0.0
0.0
0.0
0.0
51.0
0.0
0.0
0.0
0.0
0.0
76.0
25.0
0.0
0.0
0.0
0.0
79.0
0.0
0.0
102.0
0.0
0.0
0.0
0.0
102.0
0.0
51.0
0.0
0.0
76.0
0.0
0.0
0.0
0.0
0.0
0.0
0.0
0.0
0.0
0.0
0.0
0.0
0.0
NaN
NaN
NaN
NaN
NaN
NaN
NaN
NaN
NaN
NaN
NaN
NaN
NaN
NaN
NaN
NaN
15.0
0.0
0.0
0.0
10.0
28.0
145.0
208.0
38.0
10.0
0.0
0.0
0.0
51.0
0.0
0.0
0.0
0.0
0.0
15.0
132.0
246.0
292.0
89.0
279.0
81.0
5.0
0.0
0.0
0.0
216.0
0.0
0.0
0.0
64.0
8.0
127.0
51.0
5.0
0.0
0.0
0.0
0.0
0.0
0.0
0.0
58.0
0.0
0.0
0.0
0.0
0.0
0.0
0.0
0.0
0.0
0.0
0.0
64.0
0.0
254.0
64.0
0.0
0.0
0.0
0.0
0.0
102.0
0.0
0.0
0.0
0.0
241.0
0.0
0.0
0.0
0.0
25.0
0.0
25.0
0.0
0.0
0.0
38.0
0.0
0.0
0.0
0.0
0.0
0.0
0.0
114.0
94.0
0.0
0.0
0.0
0.0
0.0
0.0
0.0
127.0
0.0
0.0
0.0
0.0
0.0
0.0
0.0
0.0
10.0
10.0
0.0
0.0
0.0
0.0
0.0
0.0
102.0
53.0
0.0
0.0
0.0
343.0
0.0
25.0
0.0
0.0
0.0
0.0
0.0
0.0
0.0
0.0
0.0
76.0
0.0
203.0
0.0
0.0
0.0
84.0
0.0
0.0
0.0
0.0
0.0
0.0
0.0
81.0
0.0
0.0
0.0
0.0
0.0
94.0
NaN
0.0
221.0
NaN
0.0
0.0
0.0
0.0
0.0
0.0
0.0
0.0
254.0
0.0
0.0
0.0
0.0
0.0
51.0
0.0
30.0
0.0
0.0
132.0
0.0
0.0
0.0
0.0
0.0
0.0
0.0
0.0
0.0
91.0
23.0
0.0
0.0
0.0
0.0
0.0
0.0
0.0
0.0
NaN
0.0
0.0
0.0
213.0
0.0
0.0
0.0
0.0
0.0
0.0
43.0
15.0
203.0
51.0
0.0
0.0
0.0
0.0
0.0
89.0
25.0
48.0
13.0
0.0
0.0
0.0
0.0
0.0
0.0
0.0
0.0
0.0
0.0
208.0
86.0
0.0
0.0
0.0
38.0
25.0
0.0
0.0
0.0
0.0
0.0
0.0
0.0
NaN
0.0
0.0
0.0
0.0
51.0
5.0
165.0
0.0
389.0
0.0
30.0
0.0
51.0
23.0
0.0
0.0
0.0
0.0
0.0
0.0
0.0
0.0
3.0
10.0
58.0
25.0
0.0
0.0
0.0
0.0
0.0
0.0
0.0
0.0
NaN
0.0
295.0
NaN
NaN
0.0
0.0
0.0
0.0
0.0
0.0
0.0
0.0
0.0
0.0
0.0
0.0
0.0
0.0
0.0
NaN
0.0
0.0
0.0
0.0
0.0
0.0
0.0
0.0
0.0
0.0
NaN
152.0
64.0
0.0
30.0
64.0
0.0
NaN
0.0
0.0
0.0
25.0
18.0
0.0
0.0
135.0
25.0
300.0
30.0
0.0
53.0
0.0
0.0
0.0
30.0
69.0
76.0
0.0
NaN
NaN
0.0
64.0
51.0
0.0
0.0
292.0
0.0
0.0
102.0
0.0
0.0
0.0
0.0
NaN
NaN
NaN
NaN
0.0
0.0
NaN
0.0
0.0
0.0
0.0
152.0
10.0
0.0
0.0
0.0
0.0
0.0
0.0
25.0
0.0
257.0
64.0
0.0
0.0
43.0
0.0
0.0
0.0
0.0
NaN
NaN
NaN
0.0
368.0
0.0
0.0
0.0
0.0
0.0
10.0
0.0
127.0
56.0
0.0
38.0
0.0
178.0
0.0
33.0
0.0
0.0
0.0
79.0
NaN
NaN
NaN
NaN
NaN
0.0
0.0
0.0
NaN
NaN
NaN
0.0
NaN
NaN
NaN
NaN
NaN
0.0
0.0
0.0
0.0
NaN
NaN
64.0
NaN
0.0
0.0
NaN
NaN
0.0
0.0
NaN
NaN
NaN
NaN
NaN
NaN
NaN
NaN
NaN
NaN
0.0
NaN
NaN
NaN
NaN
NaN
NaN
NaN
NaN
NaN
NaN
NaN
NaN
NaN
NaN
NaN
NaN
NaN
NaN
NaN
0.0
0.0
0.0
NaN
NaN
0.0
NaN
0.0
NaN
NaN
0.0
0.0
0.0
330.0
NaN
NaN
NaN
NaN
NaN
NaN
NaN
0.0
0.0
0.0
254.0
NaN
NaN
0.0
NaN
0.0
0.0
0.0
NaN
0.0
0.0
0.0
0.0
0.0
38.0
0.0
38.0
51.0
0.0
0.0
0.0
216.0
76.0
0.0
0.0
0.0
0.0
0.0
0.0
0.0
0.0
0.0
0.0
0.0
0.0
0.0
0.0
0.0
0.0
NaN
NaN
NaN
NaN
NaN
0.0
0.0
0.0
127.0
NaN
NaN
NaN
NaN
NaN
NaN
NaN
NaN
NaN
0.0
0.0
0.0
0.0
0.0
0.0
0.0
0.0
0.0
0.0
0.0
0.0
0.0
0.0
0.0
0.0
0.0
41.0
64.0
NaN
NaN
NaN
NaN
NaN
NaN
NaN
NaN
NaN
NaN
NaN
0.0
0.0
0.0
127.0
0.0
0.0
NaN
NaN
0.0
0.0
41.0
0.0
0.0
0.0
NaN
0.0
0.0
0.0
0.0
89.0
0.0
0.0
0.0
0.0
0.0
0.0
0.0
0.0
0.0
0.0
0.0
NaN
0.0
NaN
0.0
0.0
0.0
0.0
0.0
533.0
97.0
NaN
140.0
0.0
