36.0
3.0
0.0
0.0
0.0
0.0
30.0
5.0
0.0
15.0
0.0
0.0
5.0
0.0
0.0
0.0
0.0
0.0
0.0
0.0
0.0
0.0
0.0
0.0
3.0
0.0
0.0
0.0
0.0
0.0
0.0
0.0
0.0
0.0
0.0
56.0
20.0
8.0
0.0
10.0
23.0
0.0
10.0
0.0
0.0
0.0
0.0
5.0
3.0
0.0
20.0
0.0
28.0
10.0
43.0
447.0
0.0
46.0
0.0
3.0
30.0
0.0
0.0
0.0
163.0
0.0
0.0
175.0
0.0
0.0
48.0
0.0
0.0
0.0
3.0
226.0
25.0
48.0
112.0
0.0
0.0
0.0
0.0
0.0
0.0
0.0
0.0
0.0
10.0
58.0
0.0
10.0
13.0
0.0
0.0
0.0
0.0
0.0
0.0
0.0
0.0
0.0
0.0
5.0
0.0
5.0
165.0
51.0
53.0
0.0
13.0
0.0
0.0
0.0
0.0
0.0
0.0
0.0
114.0
584.0
0.0
150.0
0.0
0.0
18.0
132.0
36.0
0.0
0.0
0.0
43.0
0.0
0.0
8.0
48.0
0.0
0.0
0.0
0.0
0.0
0.0
0.0
0.0
0.0
0.0
0.0
20.0
5.0
56.0
36.0
0.0
13.0
94.0
36.0
23.0
28.0
0.0
0.0
3.0
0.0
175.0
91.0
0.0
0.0
43.0
5.0
0.0
0.0
0.0
15.0
48.0
15.0
0.0
8.0
0.0
5.0
0.0
0.0
NaN
NaN
NaN
NaN
NaN
NaN
0.0
0.0
0.0
0.0
0.0
0.0
0.0
0.0
3.0
0.0
0.0
135.0
0.0
0.0
0.0
0.0
71.0
89.0
157.0
56.0
0.0
0.0
0.0
0.0
0.0
0.0
0.0
18.0
0.0
10.0
0.0
0.0
0.0
0.0
84.0
0.0
97.0
0.0
5.0
23.0
0.0
0.0
0.0
0.0
18.0
0.0
0.0
5.0
0.0
0.0
0.0
137.0
3.0
0.0
84.0
0.0
25.0
0.0
0.0
0.0
46.0
191.0
10.0
0.0
0.0
0.0
0.0
38.0
0.0
0.0
0.0
0.0
0.0
0.0
0.0
0.0
0.0
0.0
0.0
0.0
0.0
0.0
0.0
0.0
15.0
0.0
0.0
0.0
0.0
0.0
0.0
0.0
0.0
0.0
0.0
0.0
0.0
0.0
0.0
0.0
15.0
0.0
0.0
0.0
25.0
3.0
0.0
0.0
0.0
0.0
0.0
28.0
0.0
8.0
3.0
10.0
23.0
18.0
0.0
0.0
0.0
0.0
36.0
5.0
109.0
8.0
0.0
46.0
18.0
13.0
0.0
0.0
0.0
152.0
5.0
0.0
0.0
3.0
10.0
0.0
10.0
0.0
0.0
0.0
0.0
8.0
0.0
NaN
NaN
NaN
NaN
NaN
NaN
33.0
0.0
0.0
0.0
0.0
0.0
0.0
157.0
0.0
8.0
0.0
36.0
13.0
0.0
0.0
0.0
0.0
0.0
185.0
203.0
0.0
23.0
0.0
0.0
0.0
0.0
10.0
43.0
3.0
41.0
0.0
15.0
0.0
8.0
5.0
3.0
584.0
10.0
0.0
56.0
0.0
74.0
13.0
5.0
0.0
0.0
0.0
0.0
0.0
226.0
0.0
0.0
0.0
0.0
0.0
3.0
10.0
0.0
51.0
112.0
0.0
0.0
0.0
0.0
5.0
0.0
81.0
23.0
28.0
8.0
0.0
0.0
305.0
20.0
0.0
0.0
0.0
0.0
178.0
8.0
0.0
0.0
0.0
0.0
0.0
0.0
0.0
0.0
51.0
0.0
23.0
0.0
3.0
119.0
69.0
8.0
30.0
0.0
0.0
0.0
0.0
0.0
0.0
0.0
0.0
15.0
0.0
10.0
0.0
0.0
104.0
18.0
0.0
119.0
58.0
89.0
3.0
20.0
0.0
0.0
0.0
0.0
48.0
33.0
5.0
0.0
20.0
10.0
0.0
0.0
33.0
64.0
8.0
0.0
0.0
10.0
18.0
8.0
0.0
0.0
0.0
0.0
0.0
0.0
0.0
3.0
0.0
46.0
0.0
0.0
0.0
0.0
0.0
0.0
0.0
64.0
28.0
0.0
0.0
0.0
0.0
104.0
3.0
20.0
5.0
0.0
0.0
10.0
8.0
23.0
3.0
5.0
0.0
0.0
0.0
0.0
38.0
0.0
5.0
0.0
0.0
66.0
43.0
0.0
0.0
0.0
0.0
0.0
0.0
99.0
163.0
25.0
0.0
15.0
0.0
0.0
56.0
0.0
0.0
0.0
201.0
18.0
0.0
231.0
18.0
0.0
3.0
0.0
0.0
0.0
0.0
23.0
33.0
0.0
0.0
0.0
3.0
0.0
30.0
323.0
0.0
0.0
0.0
0.0
0.0
5.0
1181.0
28.0
0.0
10.0
353.0
0.0
0.0
0.0
0.0
0.0
0.0
0.0
0.0
0.0
51.0
0.0
41.0
0.0
25.0
0.0
0.0
0.0
61.0
3.0
5.0
3.0
0.0
0.0
0.0
0.0
0.0
0.0
8.0
64.0
53.0
0.0
0.0
0.0
3.0
201.0
124.0
13.0
180.0
28.0
51.0
0.0
94.0
10.0
0.0
61.0
5.0
53.0
0.0
10.0
79.0
30.0
0.0
0.0
0.0
3.0
33.0
36.0
3.0
0.0
0.0
3.0
0.0
0.0
10.0
8.0
0.0
46.0
0.0
0.0
0.0
0.0
0.0
0.0
0.0
0.0
0.0
0.0
0.0
0.0
0.0
0.0
0.0
8.0
0.0
0.0
0.0
0.0
0.0
0.0
0.0
0.0
3.0
0.0
0.0
0.0
0.0
30.0
0.0
48.0
13.0
0.0
10.0
58.0
0.0
84.0
46.0
43.0
0.0
0.0
64.0
20.0
18.0
0.0
0.0
0.0
150.0
0.0
0.0
41.0
0.0
0.0
0.0
0.0
0.0
0.0
0.0
0.0
168.0
127.0
295.0
0.0
28.0
3.0
140.0
3.0
5.0
5.0
0.0
0.0
0.0
0.0
0.0
0.0
0.0
0.0
0.0
56.0
5.0
226.0
0.0
0.0
0.0
0.0
0.0
122.0
0.0
74.0
0.0
0.0
0.0
13.0
102.0
3.0
23.0
130.0
0.0
0.0
0.0
69.0
0.0
0.0
18.0
0.0
0.0
0.0
30.0
38.0
10.0
79.0
46.0
0.0
0.0
0.0
0.0
0.0
0.0
56.0
269.0
0.0
18.0
13.0
64.0
3.0
0.0
0.0
0.0
5.0
3.0
8.0
0.0
0.0
0.0
64.0
3.0
5.0
102.0
15.0
3.0
18.0
15.0
23.0
0.0
0.0
0.0
0.0
0.0
0.0
0.0
0.0
0.0
5.0
48.0
0.0
0.0
0.0
0.0
0.0
0.0
NaN
NaN
NaN
NaN
NaN
NaN
NaN
NaN
NaN
NaN
NaN
NaN
NaN
NaN
NaN
NaN
NaN
NaN
NaN
NaN
NaN
0.0
0.0
0.0
0.0
0.0
0.0
135.0
0.0
0.0
0.0
0.0
0.0
0.0
0.0
51.0
3.0
0.0
0.0
97.0
15.0
3.0
91.0
0.0
0.0
0.0
3.0
5.0
0.0
0.0
3.0
10.0
0.0
0.0
0.0
0.0
48.0
3.0
0.0
0.0
0.0
0.0
99.0
20.0
107.0
3.0
5.0
5.0
0.0
0.0
0.0
157.0
3.0
0.0
0.0
5.0
0.0
0.0
5.0
0.0
127.0
3.0
0.0
0.0
168.0
0.0
3.0
25.0
33.0
0.0
0.0
41.0
0.0
0.0
0.0
0.0
0.0
0.0
25.0
0.0
20.0
0.0
13.0
104.0
0.0
3.0
0.0
0.0
30.0
0.0
0.0
0.0
0.0
0.0
18.0
0.0
0.0
0.0
0.0
3.0
0.0
0.0
0.0
0.0
0.0
0.0
0.0
5.0
36.0
30.0
0.0
0.0
0.0
10.0
74.0
36.0
51.0
0.0
0.0
0.0
0.0
0.0
0.0
8.0
8.0
0.0
0.0
8.0
165.0
0.0
0.0
3.0
0.0
0.0
102.0
8.0
38.0
0.0
23.0
79.0
0.0
0.0
3.0
0.0
5.0
5.0
0.0
0.0
5.0
3.0
163.0
5.0
0.0
0.0
0.0
NaN
NaN
NaN
NaN
NaN
NaN
NaN
NaN
NaN
0.0
0.0
0.0
10.0
3.0
0.0
0.0
0.0
0.0
3.0
0.0
84.0
84.0
5.0
0.0
0.0
0.0
0.0
0.0
0.0
0.0
0.0
0.0
0.0
0.0
8.0
38.0
0.0
53.0
5.0
0.0
0.0
0.0
0.0
0.0
0.0
84.0
188.0
3.0
0.0
0.0
0.0
33.0
0.0
51.0
0.0
0.0
3.0
0.0
0.0
5.0
335.0
64.0
0.0
0.0
0.0
0.0
0.0
0.0
3.0
0.0
97.0
0.0
25.0
71.0
0.0
0.0
25.0
5.0
41.0
0.0
0.0
0.0
0.0
23.0
0.0
0.0
0.0
0.0
0.0
0.0
0.0
0.0
0.0
0.0
0.0
0.0
0.0
0.0
0.0
15.0
69.0
0.0
0.0
43.0
0.0
23.0
25.0
18.0
0.0
15.0
0.0
0.0
0.0
36.0
36.0
262.0
0.0
5.0
3.0
23.0
NaN
20.0
0.0
0.0
0.0
0.0
0.0
135.0
NaN
8.0
0.0
5.0
0.0
0.0
0.0
0.0
36.0
25.0
0.0
0.0
0.0
0.0
0.0
0.0
0.0
0.0
NaN
NaN
3.0
0.0
0.0
0.0
0.0
8.0
13.0
NaN
NaN
NaN
NaN
NaN
NaN
NaN
99.0
13.0
36.0
18.0
5.0
0.0
79.0
20.0
0.0
64.0
0.0
0.0
0.0
0.0
76.0
38.0
284.0
124.0
38.0
20.0
13.0
0.0
0.0
51.0
13.0
0.0
5.0
0.0
0.0
0.0
15.0
10.0
13.0
3.0
5.0
8.0
48.0
0.0
0.0
0.0
3.0
28.0
0.0
0.0
91.0
33.0
0.0
0.0
0.0
0.0
0.0
0.0
0.0
0.0
0.0
0.0
0.0
0.0
5.0
0.0
0.0
122.0
0.0
254.0
0.0
0.0
102.0
74.0
0.0
0.0
0.0
0.0
0.0
0.0
0.0
0.0
0.0
0.0
69.0
0.0
0.0
0.0
0.0
0.0
51.0
0.0
0.0
33.0
8.0
0.0
18.0
25.0
0.0
0.0
363.0
241.0
0.0
0.0
0.0
3.0
0.0
0.0
0.0
66.0
58.0
0.0
0.0
0.0
18.0
13.0
0.0
0.0
0.0
0.0
0.0
198.0
0.0
0.0
0.0
0.0
0.0
0.0
0.0
254.0
64.0
0.0
3.0
0.0
0.0
0.0
0.0
0.0
145.0
5.0
0.0
10.0
0.0
10.0
36.0
5.0
0.0
0.0
0.0
0.0
0.0
0.0
0.0
51.0
0.0
0.0
0.0
0.0
0.0
NaN
NaN
NaN
NaN
NaN
NaN
0.0
0.0
0.0
0.0
0.0
0.0
99.0
5.0
0.0
0.0
0.0
0.0
0.0
0.0
0.0
0.0
0.0
0.0
25.0
0.0
10.0
0.0
28.0
3.0
0.0
0.0
0.0
15.0
0.0
0.0
0.0
0.0
0.0
0.0
0.0
0.0
0.0
3.0
0.0
0.0
0.0
0.0
0.0
137.0
0.0
0.0
135.0
5.0
145.0
0.0
0.0
28.0
0.0
13.0
0.0
13.0
0.0
0.0
0.0
0.0
0.0
0.0
0.0
23.0
0.0
25.0
5.0
15.0
112.0
36.0
25.0
3.0
3.0
0.0
0.0
0.0
0.0
0.0
15.0
86.0
84.0
15.0
140.0
226.0
8.0
43.0
NaN
0.0
0.0
0.0
3.0
142.0
15.0
3.0
13.0
30.0
8.0
0.0
53.0
10.0
0.0
28.0
0.0
8.0
18.0
10.0
0.0
0.0
5.0
28.0
5.0
102.0
8.0
25.0
18.0
10.0
0.0
0.0
0.0
0.0
0.0
0.0
33.0
10.0
0.0
10.0
0.0
0.0
0.0
56.0
41.0
0.0
5.0
0.0
3.0
0.0
0.0
0.0
0.0
0.0
0.0
0.0
0.0
0.0
0.0
0.0
0.0
0.0
5.0
0.0
66.0
5.0
0.0
0.0
15.0
53.0
13.0
0.0
0.0
0.0
0.0
0.0
0.0
5.0
0.0
114.0
25.0
0.0
10.0
0.0
165.0
0.0
53.0
5.0
0.0
107.0
0.0
0.0
0.0
0.0
0.0
0.0
41.0
0.0
0.0
0.0
0.0
30.0
0.0
13.0
3.0
0.0
0.0
0.0
36.0
0.0
8.0
0.0
0.0
41.0
0.0
84.0
0.0
0.0
0.0
0.0
808.0
51.0
56.0
15.0
8.0
0.0
0.0
8.0
0.0
109.0
56.0
69.0
38.0
41.0
5.0
0.0
150.0
64.0
0.0
0.0
0.0
18.0
0.0
25.0
15.0
56.0
30.0
0.0
0.0
0.0
5.0
0.0
53.0
0.0
41.0
74.0
246.0
0.0
0.0
0.0
56.0
3.0
41.0
NaN
NaN
0.0
0.0
0.0
0.0
0.0
99.0
13.0
0.0
0.0
0.0
0.0
0.0
0.0
0.0
0.0
0.0
81.0
10.0
0.0
0.0
0.0
330.0
0.0
0.0
0.0
0.0
61.0
3.0
5.0
0.0
0.0
0.0
0.0
0.0
0.0
0.0
0.0
8.0
0.0
5.0
0.0
0.0
0.0
0.0
0.0
0.0
0.0
0.0
0.0
5.0
30.0
3.0
234.0
69.0
0.0
0.0
0.0
74.0
0.0
74.0
241.0
5.0
0.0
0.0
86.0
0.0
0.0
0.0
0.0
0.0
41.0
0.0
15.0
384.0
132.0
18.0
0.0
0.0
0.0
0.0
0.0
0.0
0.0
0.0
0.0
0.0
5.0
0.0
0.0
0.0
157.0
0.0
53.0
0.0
0.0
0.0
0.0
0.0
0.0
0.0
0.0
0.0
41.0
15.0
0.0
109.0
20.0
46.0
0.0
5.0
0.0
0.0
0.0
0.0
0.0
0.0
0.0
15.0
0.0
0.0
0.0
0.0
0.0
0.0
0.0
0.0
0.0
0.0
0.0
0.0
10.0
0.0
8.0
81.0
46.0
3.0
46.0
3.0
0.0
28.0
0.0
0.0
257.0
38.0
0.0
0.0
0.0
3.0
18.0
0.0
0.0
0.0
0.0
0.0
0.0
0.0
0.0
0.0
10.0
0.0
0.0
79.0
NaN
8.0
0.0
48.0
5.0
0.0
0.0
0.0
3.0
0.0
0.0
5.0
71.0
114.0
15.0
38.0
3.0
0.0
0.0
0.0
8.0
86.0
97.0
0.0
8.0
43.0
3.0
NaN
112.0
30.0
NaN
NaN
NaN
NaN
NaN
NaN
NaN
NaN
NaN
NaN
0.0
3.0
0.0
0.0
5.0
23.0
0.0
0.0
0.0
0.0
0.0
0.0
0.0
0.0
208.0
0.0
0.0
3.0
0.0
0.0
0.0
0.0
0.0
0.0
18.0
0.0
0.0
0.0
249.0
23.0
0.0
5.0
0.0
0.0
0.0
0.0
0.0
0.0
0.0
160.0
249.0
5.0
13.0
5.0
38.0
0.0
0.0
10.0
8.0
0.0
0.0
0.0
28.0
0.0
0.0
0.0
0.0
0.0
46.0
135.0
13.0
0.0
0.0
3.0
28.0
18.0
0.0
0.0
0.0
284.0
30.0
18.0
53.0
84.0
3.0
10.0
15.0
0.0
0.0
0.0
0.0
231.0
15.0
0.0
356.0
175.0
0.0
41.0
0.0
99.0
10.0
0.0
28.0
0.0
23.0
0.0
0.0
0.0
0.0
5.0
0.0
10.0
0.0
0.0
13.0
8.0
10.0
5.0
0.0
0.0
0.0
8.0
0.0
15.0
0.0
66.0
43.0
0.0
221.0
13.0
0.0
0.0
0.0
0.0
3.0
66.0
13.0
3.0
0.0
0.0
107.0
0.0
5.0
0.0
0.0
0.0
0.0
8.0
0.0
0.0
0.0
0.0
0.0
0.0
0.0
0.0
0.0
0.0
0.0
0.0
0.0
0.0
0.0
0.0
0.0
0.0
0.0
NaN
NaN
0.0
0.0
97.0
15.0
0.0
0.0
5.0
25.0
0.0
0.0
0.0
13.0
0.0
0.0
0.0
5.0
0.0
0.0
0.0
0.0
0.0
0.0
0.0
0.0
61.0
0.0
0.0
0.0
74.0
0.0
0.0
3.0
0.0
0.0
147.0
41.0
18.0
0.0
0.0
0.0
3.0
0.0
0.0
13.0
0.0
0.0
18.0
69.0
5.0
8.0
97.0
38.0
208.0
97.0
51.0
43.0
20.0
0.0
0.0
0.0
3.0
8.0
0.0
0.0
0.0
0.0
0.0
30.0
15.0
0.0
0.0
58.0
30.0
61.0
0.0
0.0
0.0
0.0
8.0
0.0
0.0
0.0
5.0
0.0
0.0
3.0
94.0
0.0
0.0
0.0
0.0
0.0
0.0
0.0
0.0
0.0
0.0
0.0
13.0
23.0
28.0
180.0
5.0
183.0
58.0
18.0
0.0
0.0
0.0
0.0
0.0
15.0
0.0
0.0
5.0
0.0
0.0
43.0
8.0
3.0
0.0
0.0
0.0
0.0
0.0
3.0
18.0
0.0
25.0
58.0
0.0
0.0
3.0
0.0
0.0
30.0
46.0
5.0
0.0
13.0
15.0
0.0
0.0
0.0
0.0
0.0
0.0
NaN
0.0
0.0
0.0
0.0
0.0
0.0
0.0
0.0
0.0
0.0
28.0
0.0
0.0
0.0
0.0
0.0
0.0
90.0
0.0
0.0
0.0
0.0
56.0
10.0
0.0
0.0
0.0
0.0
0.0
0.0
0.0
0.0
0.0
0.0
0.0
0.0
0.0
0.0
2.0
0.0
0.0
30.0
0.0
0.0
0.0
0.0
0.0
0.0
6.0
0.0
26.0
0.0
2.0
0.0
0.0
0.0
14.0
0.0
0.0
0.0
5.0
2.0
18.0
0.0
14.0
0.0
0.0
114.0
42.0
0.0
24.0
174.0
44.0
0.0
0.0
2.0
0.0
0.0
0.0
0.0
32.0
10.0
0.0
4.0
38.0
0.0
12.0
74.0
2.0
0.0
0.0
8.0
0.0
28.0
32.0
4.0
8.0
2.0
0.0
0.0
166.0
58.0
68.0
0.0
0.0
4.0
0.0
18.0
18.0
68.0
10.0
0.0
0.0
6.0
0.0
0.0
0.0
0.0
28.0
6.0
0.0
56.0
30.0
0.0
4.0
4.0
NaN
NaN
6.0
2.0
0.0
2.0
0.0
4.0
0.0
64.0
0.0
2.0
4.0
4.0
NaN
8.0
0.0
0.0
0.0
0.0
0.0
0.0
0.0
0.0
0.0
0.0
0.0
0.0
0.0
0.0
0.0
0.0
0.0
0.0
0.0
NaN
0.0
0.0
0.0
0.0
0.0
0.0
0.0
0.0
0.0
0.0
0.0
0.0
0.0
0.0
0.0
56.0
0.0
96.0
4.0
0.0
56.0
0.0
0.0
0.0
28.0
8.0
0.0
0.0
0.0
0.0
0.0
0.0
0.0
0.0
0.0
0.0
36.0
0.0
0.0
0.0
8.0
0.0
0.0
186.0
10.0
10.0
0.0
248.0
10.0
2.0
0.0
0.0
0.0
0.0
0.0
0.0
94.0
2.0
0.0
0.0
0.0
164.0
0.0
52.0
0.0
0.0
2.0
24.0
0.0
0.0
0.0
0.0
0.0
0.0
0.0
0.0
36.0
0.0
0.0
0.0
0.0
12.0
2.0
0.0
2.0
146.0
10.0
0.0
2.0
0.0
0.0
0.0
46.0
4.0
0.0
0.0
0.0
70.0
10.0
0.0
0.0
446.0
128.0
0.0
4.0
112.0
8.0
0.0
0.0
28.0
4.0
0.0
0.0
14.0
68.0
0.0
0.0
0.0
0.0
16.0
36.0
0.0
0.0
0.0
0.0
0.0
94.0
NaN
NaN
0.0
NaN
4.0
6.0
8.0
NaN
76.0
0.0
22.0
12.0
0.0
4.0
0.0
0.0
62.0
4.0
4.0
0.0
0.0
0.0
0.0
0.0
34.0
24.0
2.0
2.0
0.0
0.0
2.0
12.0
6.0
6.0
0.0
0.0
0.0
0.0
0.0
0.0
0.0
0.0
0.0
0.0
0.0
0.0
0.0
0.0
0.0
0.0
NaN
0.0
0.0
NaN
0.0
0.0
0.0
0.0
0.0
3.0
192.0
12.0
12.0
186.0
0.0
14.0
0.0
0.0
2.0
20.0
41.0
6.0
0.0
0.0
0.0
0.0
0.0
61.0
0.0
0.0
2.0
32.0
0.0
104.0
0.0
0.0
0.0
0.0
2.0
0.0
2.0
164.0
2.0
0.0
2.0
10.0
0.0
2.0
0.0
21.0
0.0
0.0
0.0
0.0
4.0
0.0
104.0
30.0
10.0
2.0
2.0
0.0
5.0
0.0
4.0
0.0
31.0
0.0
0.0
0.0
0.0
0.0
0.0
0.0
0.0
22.0
2.0
2.0
2.0
0.0
0.0
0.0
0.0
2.0
0.0
0.0
0.0
266.0
2.0
0.0
13.0
0.0
33.0
30.0
0.0
0.0
0.0
2.0
0.0
0.0
0.0
0.0
0.0
0.0
0.0
0.0
0.0
0.0
0.0
0.0
11.0
0.0
0.0
223.0
169.0
2.0
0.0
0.0
0.0
0.0
0.0
71.0
2.0
0.0
0.0
0.0
82.0
36.0
2.0
26.0
68.0
14.0
26.0
12.0
10.0
20.0
40.0
0.0
0.0
58.0
12.0
10.0
21.0
29.0
0.0
0.0
0.0
0.0
NaN
0.0
0.0
0.0
0.0
0.0
0.0
NaN
NaN
0.0
0.0
NaN
0.0
0.0
0.0
0.0
0.0
NaN
NaN
0.0
0.0
0.0
0.0
0.0
0.0
40.0
0.0
0.0
0.0
0.0
134.0
40.0
55.0
0.0
0.0
24.0
0.0
36.0
2.0
2.0
0.0
8.0
0.0
0.0
0.0
2.0
0.0
0.0
0.0
0.0
0.0
0.0
0.0
0.0
0.0
31.0
2.0
0.0
6.0
0.0
0.0
0.0
2.0
0.0
82.0
62.0
4.0
10.0
0.0
20.0
4.0
0.0
0.0
0.0
0.0
0.0
NaN
0.0
0.0
112.0
0.0
0.0
0.0
0.0
0.0
70.0
92.0
18.0
36.0
0.0
80.0
10.0
46.0
46.0
28.0
2.0
66.0
0.0
0.0
0.0
0.0
0.0
0.0
158.0
0.0
14.0
0.0
0.0
0.0
0.0
0.0
56.0
0.0
0.0
0.0
0.0
0.0
0.0
0.0
0.0
12.0
208.0
104.0
15.0
40.0
2.0
98.0
58.0
0.0
0.0
16.0
0.0
0.0
6.0
0.0
0.0
0.0
0.0
0.0
122.0
50.0
4.0
18.0
0.0
0.0
0.0
0.0
2.0
2.0
0.0
10.0
146.0
31.0
0.0
0.0
NaN
NaN
NaN
NaN
NaN
NaN
NaN
NaN
NaN
NaN
NaN
NaN
NaN
NaN
NaN
NaN
NaN
NaN
NaN
NaN
NaN
NaN
NaN
NaN
NaN
NaN
NaN
0.0
0.0
0.0
0.0
0.0
0.0
89.0
0.0
0.0
0.0
62.0
8.0
4.0
0.0
0.0
0.0
27.0
0.0
0.0
0.0
0.0
6.0
224.0
0.0
4.0
68.0
0.0
0.0
6.0
12.0
0.0
0.0
0.0
0.0
0.0
36.0
14.0
0.0
0.0
0.0
0.0
0.0
0.0
282.0
82.0
4.0
2.0
0.0
434.0
16.0
2.0
0.0
2.0
0.0
6.0
18.0
0.0
0.0
2.0
8.0
0.0
0.0
4.0
24.0
0.0
0.0
6.0
0.0
8.0
0.0
0.0
0.0
0.0
54.0
2.0
0.0
78.0
0.0
4.0
0.0
120.0
14.0
36.0
4.0
4.0
0.0
0.0
4.0
18.0
10.0
0.0
18.0
4.0
0.0
4.0
2.0
0.0
4.0
12.0
126.0
38.0
6.0
0.0
0.0
58.0
46.0
50.0
24.0
2.0
14.0
0.0
36.0
302.0
68.0
150.0
38.0
38.0
16.0
0.0
0.0
0.0
0.0
18.0
24.0
0.0
0.0
0.0
20.0
0.0
12.0
28.0
36.0
0.0
0.0
138.0
44.0
4.0
0.0
0.0
0.0
6.0
30.0
0.0
0.0
0.0
70.0
4.0
0.0
0.0
0.0
0.0
0.0
22.0
0.0
0.0
2.0
0.0
