-10.9034482759
-8.32258064516
-5.80689655172
-6.12580645161
10.06
18.6193548387
20.9333333333
26.1129032258
20.9903225806
16.1866666667
11.6161290323
-0.1
-12.7967741935
-15.5225806452
-12.8107142857
-6.68709677419
7.55
15.9774193548
21.6633333333
22.5774193548
23.035483871
13.04
11.5419354839
-1.66333333333
-4.97419354839
-20.3774193548
-10.4785714286
1.00322580645
4.66333333333
14.1258064516
22.89
25.8516129032
24.0870967742
19.5333333333
9.8064516129
-4.55
-9.50967741935
-11.8833333333
-13.4142857143
-2.51935483871
5.70333333333
14.1225806452
21.8366666667
25.3258064516
24.0935483871
21.8733333333
8.35806451613
-0.966666666667
-8.33870967742
-13.2806451613
-10.4071428571
1.74516129032
9.35666666667
14.7806451613
19.7733333333
22.9548387097
19.8161290323
18.44
9.74838709677
0.513333333333
-9.91290322581
-15.0516129032
-6.66428571429
-3.31290322581
12.55
16.0
17.1833333333
23.6161290323
26.2
17.8466666667
5.08709677419
0.8
-6.50322580645
-14.8096774194
-10.9214285714
-4.21612903226
6.10666666667
14.4580645161
23.9833333333
25.6451612903
24.2387096774
17.8166666667
10.3516129032
-1.0
-12.4419354839
-17.6322580645
-8.35714285714
-1.87741935484
7.55
16.9677419355
22.5566666667
21.635483871
23.735483871
18.5633333333
10.8774193548
-1.63333333333
-9.88709677419
-17.6483870968
-14.4206896552
-3.01612903226
7.39
21.0612903226
23.0533333333
22.5612903226
23.8677419355
14.9933333333
6.92903225806
-3.54666666667
-14.5903225806
-8.55806451613
-8.27142857143
4.71612903226
8.20666666667
16.9419354839
20.2366666667
23.5290322581
25.1387096774
16.81
12.0806451613
-3.51666666667
-11.0838709677
-16.2741935484
-9.225
-4.82258064516
7.38666666667
12.7935483871
22.72
27.1548387097
21.0548387097
14.22
10.6580645161
-0.143333333333
-4.81290322581
-11.2612903226
-9.65
-4.68709677419
6.91666666667
17.6870967742
21.7733333333
26.9225806452
21.2677419355
15.7766666667
11.5806451613
2.39666666667
-8.82580645161
-13.0838709677
-5.61034482759
-2.85161290323
12.0566666667
18.5258064516
23.5366666667
25.4548387097
25.3290322581
19.5
7.66774193548
-2.52
-13.8161290323
-16.3612903226
-6.66785714286
3.28387096774
14.2733333333
23.8580645161
21.69
25.0064516129
19.4225806452
15.95
12.9838709677
-0.923333333333
-13.6806451613
-15.9516129032
-9.96071428571
-1.76129032258
7.90666666667
20.1387096774
21.17
23.6129032258
22.5193548387
19.47
10.7548387097
-3.44
-12.5838709677
-16.7
-14.7428571429
-2.96129032258
4.83
12.0741935484
21.5566666667
27.0483870968
22.3451612903
18.2733333333
7.91935483871
-1.77931034483
-5.37096774194
-13.1612903226
-9.98275862069
-3.32258064516
14.7666666667
22.1612903226
22.0666666667
25.6290322581
22.3548387097
16.1833333333
7.35483870968
1.78333333333
-11.2741935484
-9.08064516129
-5.41071428571
3.37096774194
10.3166666667
18.0322580645
21.7333333333
26.3709677419
25.4032258065
17.1833333333
8.51612903226
4.93333333333
-9.27419354839
-19.7903225806
-9.91071428571
-2.77419354839
8.3
18.4032258065
18.9666666667
24.8387096774
21.7741935484
17.3333333333
10.1290322581
-1.85
-6.96774193548
-8.59677419355
-5.41071428571
-0.177419354839
8.9
14.4838709677
22.45
27.2580645161
28.3548387097
18.05
10.1612903226
1.06666666667
-15.7096774194
-11.1451612903
-2.37931034483
-2.22580645161
13.9333333333
15.8870967742
21.8666666667
25.0806451613
27.2096774194
15.5333333333
10.5967741935
-1.08333333333
-12.4677419355
-12.5
-10.375
2.01612903226
12.0166666667
19.0483870968
18.7
24.4838709677
20.4838709677
13.9833333333
10.064516129
-7.08333333333
-13.5967741935
-9.3064516129
-9.21428571429
2.17741935484
9.41666666667
19.7419354839
21.2166666667
24.2096774194
22.9193548387
15.8833333333
10.1129032258
-4.76666666667
-5.67741935484
-7.58064516129
-1.875
0.983870967742
16.1666666667
20.5166666667
24.3833333333
24.8870967742
22.3387096774
19.65
8.31935483871
2.66666666667
-5.41935483871
-14.1451612903
-10.6896551724
-0.790322580645
11.2333333333
20.935483871
27.5166666667
26.3387096774
25.2258064516
16.6333333333
8.45161290323
-1.46666666667
-9.17741935484
-9.61290322581
-13.3214285714
-4.33870967742
7.1
19.9677419355
22.2833333333
27.5161290323
24.6129032258
19.3333333333
11.0322580645
-3.35
-14.3709677419
-7.29032258065
-7.85714285714
1.20967741935
8.03333333333
17.3064516129
22.6333333333
23.7580645161
25.4677419355
18.8
10.2419354839
0.103448275862
-10.9677419355
-14.1034482759
-5.82692307692
1.25
12.8666666667
20.0483870968
23.4333333333
24.4516129032
26.6612903226
16.3833333333
6.21666666667
-4.38333333333
-7.1935483871
-7.16129032258
-5.58620689655
0.161290322581
6.12068965517
18.1935483871
19.1166666667
20.7333333333
20.9677419355
16.0172413793
10.25
-1.91666666667
-11.7258064516
-10.4032258065
-8.01785714286
0.370967741935
9.9
17.1
20.6
21.8870967742
22.1774193548
14.25
7.26666666667
-1.75
-8.08064516129
-18.6774193548
-11.7142857143
2.54838709677
9.21666666667
18.3870967742
23.8166666667
23.5322580645
22.1612903226
19.9666666667
12.1612903226
2.81034482759
-4.75806451613
-9.90322580645
-10.2678571429
0.758064516129
6.21666666667
NaN
26.3333333333
24.1774193548
25.0967741935
18.1333333333
9.5
-6.05
-11.2258064516
-16.7258064516
-9.20689655172
-5.66666666667
4.91666666667
15.3225806452
23.85
24.7903225806
25.3709677419
17.7166666667
10.0161290323
-6.11666666667
-12.8709677419
-14.0806451613
-5.92857142857
-2.56451612903
5.68333333333
13.6935483871
24.1833333333
24.8548387097
23.8548387097
20.0833333333
9.72580645161
-2.18333333333
-2.59677419355
-9.64516129032
-0.303571428571
0.822580645161
14.5833333333
19.4838709677
20.2
25.0483870968
26.7903225806
20.6166666667
11.5
0.55
-8.11290322581
-11.5322580645
-2.26785714286
3.85483870968
13.2666666667
17.5483870968
22.45
25.7258064516
23.8225806452
16.5666666667
9.25806451613
5.16666666667
-3.83870967742
-10.7741935484
-2.31034482759
5.1935483871
10.6666666667
17.9193548387
19.6
25.5967741935
24.4032258065
17.2666666667
12.3548387097
0.0666666666667
-15.3387096774
-6.1935483871
-11.8035714286
0.5
11.3
18.3225806452
22.0166666667
26.0
26.0806451613
19.9666666667
9.35483870968
5.16666666667
-5.22580645161
-8.66129032258
-3.05357142857
-5.72580645161
7.23333333333
14.5322580645
23.9166666667
27.7096774194
24.4193548387
19.8
4.33870967742
-1.43333333333
-4.70967741935
-11.2419354839
-11.9642857143
-1.48387096774
12.0333333333
20.5
24.0333333333
26.2258064516
27.9032258065
17.9
11.2903225806
-1.85
-3.66129032258
-15.8387096774
-5.0
0.935483870968
9.0
13.2741935484
20.3333333333
24.4838709677
20.064516129
19.85
10.3709677419
3.9
-9.35483870968
-12.2419354839
-5.69642857143
-0.0645161290323
13.4166666667
16.3548387097
22.3
26.1774193548
23.5
20.2666666667
12.2419354839
0.75
-5.22580645161
-3.3064516129
-8.57142857143
1.51612903226
16.0166666667
18.0806451613
25.1666666667
27.8709677419
26.0
19.7666666667
7.74193548387
0.416666666667
-4.08333333333
-9.56451612903
-12.3333333333
2.38333333333
9.7
17.9032258065
23.4833333333
27.5161290323
23.4580645161
18.2333333333
11.2741935484
-0.172413793103
-8.5
-9.73076923077
-10.5689655172
-1.09615384615
9.42307692308
14.6071428571
NaN
24.1290322581
NaN
NaN
NaN
-0.0689655172414
-14.2321428571
-13.9166666667
-8.14285714286
-0.611111111111
NaN
14.875
NaN
NaN
22.1333333333
NaN
NaN
6.36666666667
NaN
NaN
-5.05357142857
6.88888888889
13.8846153846
NaN
21.1111111111
25.9642857143
24.4193548387
16.0
14.3870967742
1.8
-9.48387096774
-13.3387096774
-7.10714285714
-1.66129032258
10.0833333333
17.2419354839
22.6833333333
28.0161290323
27.4193548387
20.7833333333
14.1967741935
2.64
-3.2
-7.04838709677
-3.18965517241
8.28333333333
11.7833333333
18.4387096774
24.3
29.0967741935
24.9032258065
18.724137931
7.51612903226
-1.62666666667
-9.83870967742
-11.3548387097
NaN
-2.10344827586
NaN
16.4814814815
NaN
NaN
26.0
21.625
9.61538461538
-1.46
NaN
-14.9285714286
-13.1
NaN
6.53846153846
NaN
NaN
25.2931034483
25.0172413793
18.7833333333
11.4166666667
NaN
NaN
NaN
NaN
NaN
NaN
NaN
NaN
NaN
NaN
NaN
NaN
NaN
NaN
NaN
NaN
NaN
NaN
NaN
NaN
NaN
NaN
NaN
NaN
NaN
NaN
NaN
NaN
NaN
