0.0
0.0
0.0
76.0
0.0
0.0
69.0
0.0
0.0
13.0
0.0
0.0
76.0
15.0
0.0
0.0
0.0
0.0
0.0
0.0
0.0
0.0
0.0
0.0
0.0
0.0
0.0
5.0
0.0
338.0
0.0
0.0
0.0
0.0
0.0
0.0
0.0
0.0
0.0
0.0
0.0
0.0
0.0
0.0
0.0
0.0
15.0
0.0
33.0
592.0
0.0
0.0
0.0
0.0
0.0
0.0
33.0
0.0
0.0
0.0
0.0
0.0
0.0
0.0
0.0
0.0
0.0
0.0
0.0
0.0
0.0
10.0
0.0
0.0
56.0
0.0
0.0
91.0
53.0
0.0
0.0
58.0
0.0
0.0
30.0
0.0
0.0
0.0
0.0
0.0
0.0
0.0
0.0
160.0
20.0
0.0
0.0
0.0
0.0
0.0
0.0
0.0
0.0
0.0
0.0
0.0
0.0
0.0
0.0
0.0
0.0
0.0
0.0
0.0
0.0
0.0
0.0
0.0
0.0
0.0
0.0
0.0
0.0
0.0
0.0
102.0
0.0
0.0
0.0
0.0
0.0
0.0
0.0
0.0
0.0
0.0
0.0
0.0
0.0
0.0
15.0
0.0
0.0
0.0
0.0
0.0
0.0
0.0
0.0
0.0
0.0
0.0
51.0
0.0
0.0
0.0
0.0
0.0
0.0
0.0
0.0
0.0
0.0
0.0
0.0
0.0
0.0
0.0
0.0
0.0
0.0
0.0
0.0
0.0
51.0
0.0
0.0
0.0
0.0
0.0
0.0
0.0
0.0
0.0
0.0
0.0
0.0
0.0
0.0
0.0
0.0
0.0
0.0
0.0
0.0
51.0
0.0
0.0
0.0
0.0
0.0
0.0
0.0
0.0
0.0
0.0
0.0
0.0
0.0
0.0
0.0
0.0
0.0
0.0
0.0
0.0
0.0
0.0
0.0
0.0
0.0
0.0
0.0
0.0
0.0
0.0
0.0
0.0
0.0
0.0
0.0
36.0
0.0
0.0
0.0
0.0
0.0
0.0
0.0
0.0
89.0
0.0
0.0
0.0
0.0
0.0
0.0
0.0
0.0
0.0
0.0
0.0
0.0
0.0
0.0
0.0
0.0
0.0
0.0
0.0
0.0
0.0
0.0
0.0
0.0
13.0
0.0
0.0
0.0
0.0
0.0
15.0
0.0
0.0
0.0
0.0
0.0
0.0
0.0
0.0
0.0
0.0
0.0
0.0
0.0
0.0
0.0
0.0
0.0
0.0
0.0
0.0
0.0
0.0
0.0
25.0
0.0
0.0
0.0
0.0
8.0
51.0
0.0
58.0
30.0
114.0
38.0
224.0
147.0
41.0
0.0
0.0
74.0
0.0
0.0
0.0
0.0
0.0
0.0
25.0
0.0
102.0
0.0
0.0
0.0
0.0
0.0
0.0
0.0
0.0
0.0
71.0
0.0
323.0
81.0
69.0
282.0
0.0
0.0
0.0
0.0
0.0
0.0
97.0
0.0
0.0
0.0
0.0
0.0
0.0
0.0
0.0
0.0
0.0
0.0
0.0
0.0
3.0
0.0
0.0
0.0
0.0
0.0
0.0
310.0
183.0
0.0
0.0
0.0
23.0
76.0
46.0
224.0
0.0
0.0
0.0
0.0
0.0
0.0
0.0
0.0
0.0
0.0
0.0
0.0
0.0
147.0
206.0
0.0
41.0
0.0
23.0
43.0
0.0
0.0
0.0
0.0
0.0
0.0
5.0
0.0
91.0
124.0
0.0
0.0
51.0
0.0
0.0
0.0
0.0
0.0
18.0
0.0
0.0
0.0
10.0
0.0
0.0
135.0
81.0
0.0
0.0
0.0
246.0
61.0
0.0
102.0
112.0
0.0
25.0
132.0
66.0
112.0
0.0
15.0
0.0
0.0
0.0
66.0
13.0
0.0
0.0
0.0
0.0
0.0
130.0
185.0
18.0
0.0
0.0
0.0
0.0
0.0
0.0
0.0
0.0
0.0
0.0
0.0
0.0
0.0
0.0
0.0
41.0
0.0
0.0
20.0
0.0
0.0
0.0
0.0
0.0
0.0
3.0
191.0
0.0
18.0
0.0
0.0
0.0
0.0
0.0
0.0
0.0
0.0
0.0
0.0
0.0
0.0
0.0
0.0
0.0
0.0
5.0
0.0
0.0
30.0
0.0
0.0
0.0
0.0
0.0
0.0
0.0
0.0
0.0
0.0
0.0
0.0
0.0
0.0
0.0
0.0
0.0
0.0
0.0
0.0
0.0
NaN
NaN
NaN
NaN
NaN
NaN
NaN
0.0
23.0
0.0
0.0
3.0
0.0
0.0
0.0
0.0
0.0
13.0
0.0
0.0
0.0
0.0
36.0
23.0
36.0
0.0
5.0
0.0
0.0
0.0
0.0
0.0
0.0
18.0
33.0
0.0
18.0
10.0
0.0
8.0
0.0
79.0
0.0
0.0
13.0
5.0
0.0
0.0
0.0
0.0
0.0
0.0
3.0
0.0
0.0
0.0
0.0
0.0
3.0
61.0
0.0
0.0
0.0
0.0
0.0
640.0
36.0
0.0
10.0
0.0
135.0
0.0
18.0
0.0
0.0
94.0
20.0
0.0
0.0
0.0
13.0
0.0
15.0
155.0
30.0
3.0
0.0
0.0
0.0
0.0
0.0
0.0
8.0
23.0
0.0
0.0
79.0
188.0
38.0
46.0
0.0
0.0
38.0
0.0
30.0
0.0
0.0
0.0
0.0
0.0
0.0
0.0
0.0
0.0
0.0
0.0
0.0
0.0
0.0
0.0
0.0
0.0
0.0
0.0
0.0
188.0
38.0
94.0
0.0
0.0
0.0
0.0
0.0
0.0
0.0
25.0
43.0
0.0
0.0
0.0
0.0
0.0
28.0
5.0
0.0
20.0
0.0
0.0
0.0
5.0
3.0
0.0
0.0
0.0
0.0
0.0
0.0
51.0
64.0
0.0
0.0
0.0
0.0
25.0
0.0
0.0
0.0
3.0
0.0
0.0
38.0
0.0
0.0
0.0
0.0
0.0
0.0
0.0
0.0
0.0
3.0
0.0
20.0
0.0
15.0
0.0
0.0
0.0
0.0
0.0
0.0
0.0
13.0
8.0
0.0
0.0
0.0
0.0
0.0
0.0
0.0
13.0
0.0
0.0
8.0
0.0
127.0
38.0
8.0
0.0
0.0
0.0
0.0
0.0
8.0
25.0
20.0
0.0
8.0
20.0
38.0
0.0
0.0
84.0
0.0
0.0
0.0
0.0
15.0
0.0
0.0
0.0
0.0
0.0
0.0
0.0
0.0
0.0
0.0
0.0
0.0
0.0
28.0
0.0
0.0
8.0
0.0
0.0
0.0
0.0
8.0
8.0
0.0
0.0
0.0
0.0
0.0
20.0
0.0
0.0
0.0
0.0
0.0
8.0
0.0
0.0
0.0
0.0
0.0
0.0
0.0
13.0
13.0
0.0
0.0
0.0
0.0
8.0
0.0
0.0
0.0
0.0
13.0
0.0
0.0
13.0
0.0
0.0
0.0
0.0
8.0
122.0
8.0
0.0
0.0
0.0
0.0
0.0
8.0
0.0
8.0
0.0
0.0
0.0
8.0
0.0
0.0
13.0
0.0
0.0
0.0
0.0
0.0
0.0
0.0
25.0
25.0
0.0
0.0
0.0
0.0
0.0
0.0
0.0
0.0
0.0
0.0
89.0
0.0
0.0
0.0
0.0
0.0
28.0
0.0
3.0
0.0
0.0
0.0
46.0
0.0
0.0
0.0
0.0
0.0
0.0
0.0
0.0
0.0
0.0
3.0
0.0
0.0
0.0
0.0
0.0
3.0
0.0
23.0
0.0
15.0
0.0
3.0
0.0
8.0
127.0
0.0
152.0
3.0
0.0
91.0
0.0
48.0
0.0
0.0
0.0
0.0
0.0
0.0
0.0
0.0
927.0
51.0
3.0
15.0
206.0
13.0
221.0
0.0
23.0
0.0
0.0
36.0
0.0
0.0
0.0
0.0
23.0
0.0
183.0
0.0
0.0
0.0
74.0
5.0
0.0
284.0
0.0
0.0
0.0
0.0
124.0
0.0
13.0
0.0
0.0
0.0
0.0
0.0
66.0
28.0
0.0
0.0
28.0
155.0
5.0
0.0
0.0
5.0
0.0
203.0
33.0
0.0
5.0
0.0
89.0
0.0
0.0
0.0
84.0
0.0
10.0
43.0
0.0
0.0
0.0
0.0
0.0
0.0
0.0
10.0
0.0
43.0
0.0
0.0
0.0
0.0
0.0
0.0
0.0
0.0
0.0
0.0
0.0
0.0
18.0
0.0
18.0
0.0
0.0
0.0
0.0
0.0
0.0
0.0
NaN
NaN
5.0
0.0
3.0
0.0
229.0
102.0
23.0
0.0
0.0
0.0
0.0
0.0
0.0
0.0
0.0
0.0
0.0
8.0
0.0
0.0
0.0
0.0
0.0
0.0
0.0
0.0
0.0
0.0
0.0
0.0
0.0
0.0
0.0
0.0
0.0
0.0
NaN
NaN
0.0
0.0
0.0
0.0
28.0
0.0
0.0
0.0
0.0
0.0
0.0
0.0
0.0
0.0
5.0
64.0
0.0
13.0
0.0
0.0
0.0
NaN
NaN
0.0
0.0
0.0
0.0
0.0
0.0
0.0
20.0
0.0
0.0
0.0
0.0
0.0
0.0
8.0
0.0
5.0
0.0
0.0
0.0
0.0
25.0
0.0
0.0
0.0
0.0
0.0
0.0
0.0
0.0
0.0
0.0
0.0
8.0
0.0
8.0
0.0
0.0
0.0
0.0
0.0
0.0
0.0
0.0
0.0
0.0
64.0
0.0
127.0
0.0
13.0
0.0
8.0
0.0
13.0
0.0
0.0
0.0
0.0
0.0
0.0
0.0
33.0
0.0
0.0
0.0
0.0
0.0
0.0
0.0
0.0
0.0
0.0
0.0
0.0
0.0
0.0
0.0
0.0
0.0
0.0
0.0
0.0
0.0
0.0
0.0
33.0
0.0
NaN
NaN
8.0
0.0
0.0
0.0
0.0
0.0
0.0
0.0
0.0
0.0
13.0
0.0
0.0
0.0
0.0
8.0
0.0
0.0
0.0
0.0
0.0
33.0
13.0
0.0
0.0
0.0
0.0
0.0
0.0
0.0
0.0
0.0
0.0
0.0
38.0
13.0
20.0
0.0
0.0
0.0
0.0
0.0
8.0
0.0
0.0
109.0
0.0
0.0
0.0
76.0
0.0
8.0
0.0
8.0
0.0
66.0
13.0
0.0
0.0
0.0
0.0
0.0
20.0
0.0
0.0
97.0
0.0
0.0
0.0
0.0
0.0
0.0
0.0
0.0
0.0
0.0
0.0
0.0
0.0
0.0
0.0
0.0
0.0
0.0
0.0
0.0
0.0
0.0
18.0
0.0
0.0
0.0
0.0
0.0
0.0
0.0
0.0
0.0
0.0
0.0
0.0
0.0
0.0
48.0
0.0
33.0
0.0
20.0
0.0
0.0
46.0
23.0
0.0
0.0
28.0
0.0
20.0
15.0
61.0
0.0
0.0
18.0
0.0
0.0
0.0
0.0
0.0
0.0
0.0
0.0
0.0
0.0
0.0
0.0
0.0
0.0
0.0
0.0
0.0
3.0
13.0
0.0
0.0
18.0
0.0
0.0
0.0
0.0
0.0
3.0
56.0
0.0
0.0
0.0
0.0
0.0
0.0
0.0
33.0
0.0
0.0
0.0
0.0
0.0
86.0
74.0
41.0
0.0
5.0
18.0
0.0
0.0
53.0
28.0
10.0
0.0
48.0
0.0
0.0
0.0
122.0
30.0
0.0
97.0
8.0
0.0
0.0
0.0
0.0
0.0
0.0
0.0
0.0
23.0
0.0
0.0
0.0
5.0
3.0
0.0
0.0
0.0
0.0
3.0
3.0
0.0
56.0
0.0
0.0
0.0
0.0
0.0
NaN
NaN
0.0
0.0
0.0
0.0
0.0
0.0
13.0
5.0
0.0
0.0
0.0
0.0
0.0
23.0
0.0
0.0
0.0
0.0
0.0
0.0
0.0
168.0
13.0
0.0
0.0
0.0
0.0
0.0
0.0
0.0
0.0
0.0
0.0
0.0
0.0
0.0
0.0
0.0
0.0
0.0
0.0
0.0
0.0
33.0
0.0
0.0
0.0
0.0
0.0
8.0
0.0
76.0
13.0
8.0
0.0
NaN
13.0
89.0
0.0
0.0
23.0
0.0
0.0
0.0
0.0
0.0
64.0
8.0
0.0
8.0
0.0
0.0
0.0
0.0
0.0
0.0
38.0
8.0
0.0
0.0
NaN
NaN
5.0
0.0
0.0
NaN
NaN
0.0
13.0
0.0
0.0
0.0
0.0
13.0
NaN
NaN
8.0
0.0
0.0
0.0
0.0
0.0
0.0
0.0
0.0
13.0
0.0
20.0
46.0
0.0
33.0
0.0
0.0
13.0
0.0
8.0
0.0
0.0
0.0
20.0
0.0
0.0
0.0
0.0
0.0
33.0
0.0
0.0
0.0
0.0
0.0
20.0
84.0
0.0
0.0
0.0
0.0
0.0
64.0
0.0
0.0
0.0
0.0
0.0
0.0
0.0
0.0
0.0
0.0
0.0
0.0
8.0
0.0
13.0
51.0
0.0
20.0
33.0
0.0
0.0
0.0
0.0
0.0
0.0
13.0
0.0
0.0
0.0
0.0
NaN
NaN
0.0
8.0
0.0
0.0
0.0
0.0
51.0
0.0
25.0
NaN
NaN
8.0
97.0
0.0
0.0
20.0
0.0
0.0
0.0
0.0
0.0
3.0
0.0
0.0
0.0
0.0
0.0
0.0
0.0
0.0
0.0
0.0
0.0
20.0
0.0
0.0
0.0
0.0
0.0
53.0
18.0
0.0
0.0
0.0
216.0
18.0
8.0
3.0
13.0
5.0
0.0
0.0
3.0
0.0
NaN
NaN
8.0
25.0
0.0
0.0
0.0
0.0
0.0
0.0
0.0
20.0
53.0
0.0
0.0
0.0
0.0
0.0
10.0
8.0
36.0
0.0
10.0
0.0
0.0
0.0
0.0
3.0
0.0
117.0
36.0
69.0
246.0
15.0
132.0
0.0
0.0
0.0
0.0
20.0
229.0
41.0
41.0
0.0
38.0
41.0
30.0
0.0
0.0
0.0
53.0
447.0
5.0
23.0
5.0
0.0
0.0
33.0
0.0
13.0
0.0
0.0
8.0
0.0
0.0
257.0
5.0
0.0
0.0
0.0
0.0
0.0
0.0
0.0
0.0
0.0
NaN
NaN
0.0
0.0
0.0
0.0
0.0
0.0
0.0
0.0
0.0
0.0
0.0
0.0
0.0
0.0
0.0
114.0
0.0
25.0
165.0
137.0
0.0
0.0
28.0
43.0
0.0
0.0
28.0
61.0
0.0
0.0
5.0
0.0
0.0
0.0
36.0
112.0
0.0
0.0
10.0
0.0
0.0
0.0
0.0
0.0
0.0
0.0
0.0
114.0
58.0
0.0
30.0
0.0
5.0
0.0
53.0
0.0
0.0
0.0
61.0
15.0
8.0
20.0
0.0
0.0
0.0
0.0
0.0
0.0
0.0
0.0
0.0
0.0
13.0
23.0
0.0
0.0
3.0
0.0
64.0
0.0
0.0
0.0
0.0
0.0
10.0
97.0
0.0
25.0
0.0
0.0
0.0
0.0
0.0
5.0
8.0
0.0
0.0
NaN
NaN
0.0
0.0
0.0
10.0
0.0
0.0
0.0
8.0
0.0
0.0
0.0
0.0
0.0
0.0
0.0
0.0
0.0
0.0
0.0
0.0
0.0
0.0
0.0
0.0
0.0
0.0
0.0
0.0
0.0
20.0
0.0
0.0
8.0
0.0
0.0
0.0
0.0
0.0
13.0
0.0
0.0
5.0
0.0
0.0
0.0
0.0
0.0
0.0
0.0
0.0
0.0
0.0
0.0
NaN
NaN
0.0
0.0
0.0
0.0
0.0
0.0
0.0
0.0
0.0
0.0
0.0
0.0
0.0
0.0
8.0
0.0
NaN
NaN
0.0
0.0
20.0
0.0
0.0
0.0
0.0
0.0
0.0
25.0
0.0
0.0
0.0
0.0
NaN
NaN
0.0
0.0
0.0
0.0
0.0
8.0
0.0
0.0
0.0
8.0
0.0
0.0
0.0
0.0
8.0
0.0
0.0
0.0
0.0
64.0
51.0
0.0
0.0
0.0
0.0
0.0
0.0
8.0
0.0
0.0
0.0
0.0
0.0
0.0
0.0
0.0
0.0
0.0
0.0
0.0
25.0
0.0
0.0
0.0
8.0
0.0
0.0
0.0
0.0
0.0
0.0
0.0
0.0
0.0
0.0
0.0
0.0
0.0
23.0
0.0
0.0
0.0
8.0
0.0
0.0
0.0
0.0
0.0
0.0
0.0
0.0
0.0
0.0
0.0
0.0
0.0
0.0
0.0
0.0
0.0
0.0
0.0
0.0
0.0
0.0
0.0
25.0
0.0
0.0
0.0
0.0
0.0
3.0
0.0
0.0
0.0
0.0
0.0
0.0
0.0
0.0
25.0
0.0
0.0
NaN
NaN
0.0
0.0
13.0
8.0
0.0
0.0
0.0
NaN
NaN
0.0
76.0
38.0
20.0
0.0
18.0
170.0
0.0
NaN
NaN
0.0
0.0
36.0
0.0
0.0
0.0
0.0
0.0
0.0
0.0
0.0
NaN
NaN
NaN
NaN
0.0
0.0
0.0
0.0
0.0
0.0
0.0
0.0
0.0
0.0
0.0
0.0
0.0
0.0
5.0
0.0
0.0
0.0
0.0
23.0
0.0
0.0
0.0
0.0
20.0
61.0
38.0
0.0
0.0
0.0
0.0
0.0
0.0
140.0
0.0
0.0
0.0
0.0
0.0
0.0
0.0
0.0
0.0
0.0
0.0
94.0
0.0
0.0
0.0
0.0
0.0
0.0
0.0
0.0
142.0
66.0
0.0
0.0
0.0
13.0
18.0
0.0
NaN
NaN
0.0
0.0
0.0
0.0
0.0
0.0
0.0
0.0
0.0
0.0
0.0
0.0
0.0
0.0
0.0
99.0
0.0
NaN
NaN
NaN
0.0
0.0
0.0
0.0
0.0
0.0
0.0
0.0
0.0
0.0
0.0
NaN
NaN
0.0
0.0
0.0
0.0
NaN
NaN
0.0
0.0
0.0
0.0
0.0
0.0
0.0
312.0
0.0
NaN
NaN
0.0
0.0
0.0
69.0
0.0
NaN
NaN
0.0
0.0
0.0
94.0
NaN
NaN
142.0
56.0
0.0
0.0
38.0
0.0
0.0
0.0
0.0
0.0
8.0
0.0
8.0
0.0
NaN
NaN
0.0
0.0
0.0
0.0
0.0
0.0
0.0
0.0
0.0
NaN
NaN
0.0
0.0
NaN
NaN
NaN
0.0
0.0
0.0
0.0
0.0
NaN
NaN
0.0
NaN
NaN
NaN
NaN
0.0
NaN
NaN
0.0
0.0
0.0
0.0
0.0
0.0
0.0
NaN
NaN
0.0
0.0
0.0
0.0
0.0
0.0
0.0
0.0
0.0
8.0
0.0
0.0
0.0
0.0
0.0
0.0
0.0
0.0
0.0
0.0
0.0
0.0
0.0
0.0
0.0
NaN
NaN
0.0
0.0
13.0
0.0
0.0
0.0
0.0
0.0
0.0
0.0
0.0
0.0
0.0
0.0
0.0
0.0
0.0
0.0
NaN
0.0
0.0
0.0
0.0
0.0
38.0
0.0
0.0
0.0
0.0
0.0
0.0
0.0
13.0
0.0
0.0
NaN
NaN
0.0
0.0
0.0
0.0
8.0
0.0
0.0
0.0
0.0
0.0
0.0
0.0
0.0
0.0
0.0
0.0
0.0
0.0
0.0
0.0
0.0
0.0
0.0
0.0
0.0
0.0
0.0
0.0
0.0
0.0
0.0
25.0
38.0
0.0
0.0
0.0
0.0
0.0
0.0
0.0
0.0
0.0
0.0
0.0
5.0
0.0
0.0
0.0
0.0
0.0
0.0
0.0
0.0
0.0
0.0
0.0
0.0
0.0
0.0
0.0
0.0
0.0
0.0
0.0
0.0
13.0
25.0
257.0
0.0
15.0
18.0
0.0
0.0
0.0
13.0
5.0
33.0
28.0
0.0
0.0
0.0
0.0
0.0
0.0
0.0
0.0
0.0
0.0
0.0
0.0
5.0
0.0
5.0
43.0
43.0
0.0
0.0
3.0
0.0
0.0
0.0
0.0
0.0
0.0
61.0
48.0
0.0
8.0
5.0
112.0
64.0
0.0
0.0
0.0
0.0
0.0
0.0
18.0
18.0
0.0
0.0
69.0
0.0
0.0
0.0
0.0
0.0
0.0
0.0
0.0
0.0
18.0
0.0
0.0
0.0
0.0
0.0
0.0
0.0
0.0
0.0
0.0
0.0
0.0
0.0
0.0
0.0
0.0
0.0
33.0
0.0
0.0
23.0
0.0
0.0
38.0
0.0
0.0
0.0
0.0
0.0
0.0
0.0
0.0
0.0
13.0
0.0
5.0
0.0
0.0
0.0
0.0
0.0
38.0
0.0
0.0
0.0
20.0
3.0
41.0
0.0
23.0
0.0
0.0
13.0
0.0
0.0
0.0
0.0
0.0
0.0
0.0
0.0
0.0
0.0
0.0
0.0
0.0
0.0
0.0
8.0
0.0
0.0
0.0
51.0
51.0
13.0
25.0
0.0
0.0
13.0
13.0
0.0
0.0
25.0
0.0
0.0
0.0
0.0
0.0
0.0
0.0
0.0
0.0
0.0
0.0
0.0
0.0
8.0
0.0
0.0
0.0
0.0
0.0
0.0
0.0
0.0
0.0
0.0
0.0
0.0
0.0
13.0
0.0
0.0
0.0
0.0
0.0
0.0
0.0
0.0
0.0
8.0
0.0
13.0
0.0
0.0
0.0
NaN
NaN
NaN
NaN
NaN
NaN
NaN
NaN
NaN
NaN
NaN
NaN
NaN
NaN
NaN
NaN
0.0
0.0
0.0
0.0
0.0
0.0
0.0
8.0
0.0
8.0
0.0
0.0
0.0
0.0
0.0
0.0
0.0
0.0
0.0
0.0
0.0
0.0
0.0
0.0
0.0
0.0
0.0
0.0
8.0
0.0
13.0
0.0
0.0
0.0
0.0
0.0
0.0
0.0
0.0
0.0
0.0
0.0
0.0
0.0
0.0
0.0
0.0
0.0
0.0
0.0
0.0
25.0
25.0
0.0
0.0
0.0
0.0
0.0
0.0
0.0
0.0
0.0
0.0
0.0
0.0
0.0
0.0
0.0
0.0
13.0
0.0
0.0
0.0
0.0
0.0
0.0
0.0
0.0
13.0
0.0
0.0
0.0
0.0
25.0
0.0
51.0
0.0
0.0
0.0
0.0
0.0
0.0
0.0
0.0
0.0
0.0
0.0
0.0
0.0
0.0
0.0
0.0
0.0
0.0
0.0
46.0
0.0
0.0
0.0
0.0
0.0
0.0
0.0
15.0
0.0
0.0
0.0
0.0
0.0
0.0
0.0
81.0
0.0
0.0
0.0
0.0
0.0
0.0
0.0
0.0
0.0
0.0
0.0
5.0
127.0
0.0
0.0
0.0
114.0
38.0
48.0
0.0
112.0
0.0
23.0
0.0
0.0
5.0
0.0
0.0
18.0
0.0
76.0
5.0
84.0
0.0
0.0
0.0
0.0
18.0
0.0
0.0
0.0
0.0
0.0
36.0
152.0
201.0
0.0
30.0
10.0
0.0
20.0
0.0
3.0
0.0
0.0
0.0
0.0
3.0
0.0
0.0
5.0
0.0
0.0
0.0
0.0
20.0
0.0
61.0
0.0
0.0
13.0
0.0
0.0
25.0
13.0
30.0
0.0
0.0
0.0
0.0
0.0
0.0
0.0
0.0
0.0
0.0
38.0
36.0
0.0
0.0
33.0
0.0
8.0
5.0
0.0
0.0
5.0
0.0
0.0
0.0
0.0
0.0
0.0
0.0
0.0
0.0
0.0
0.0
0.0
0.0
0.0
0.0
0.0
0.0
0.0
0.0
38.0
0.0
0.0
0.0
0.0
0.0
0.0
0.0
0.0
0.0
30.0
0.0
0.0
0.0
0.0
0.0
0.0
0.0
0.0
0.0
0.0
0.0
0.0
0.0
0.0
0.0
0.0
0.0
0.0
38.0
0.0
13.0
0.0
0.0
0.0
0.0
0.0
0.0
0.0
0.0
0.0
0.0
0.0
0.0
0.0
0.0
0.0
0.0
0.0
0.0
0.0
0.0
0.0
13.0
0.0
0.0
0.0
13.0
102.0
76.0
51.0
0.0
0.0
0.0
0.0
0.0
0.0
0.0
0.0
0.0
0.0
0.0
0.0
0.0
0.0
0.0
0.0
0.0
0.0
0.0
0.0
0.0
51.0
51.0
0.0
0.0
0.0
0.0
0.0
0.0
20.0
0.0
0.0
0.0
13.0
0.0
0.0
0.0
0.0
0.0
38.0
0.0
0.0
0.0
0.0
0.0
0.0
0.0
13.0
0.0
0.0
0.0
0.0
0.0
0.0
0.0
127.0
0.0
13.0
0.0
0.0
0.0
0.0
0.0
0.0
0.0
0.0
0.0
0.0
0.0
0.0
0.0
13.0
0.0
0.0
0.0
0.0
0.0
13.0
0.0
0.0
0.0
0.0
13.0
13.0
25.0
0.0
0.0
0.0
0.0
0.0
0.0
0.0
0.0
0.0
127.0
0.0
0.0
0.0
0.0
0.0
0.0
0.0
0.0
0.0
0.0
0.0
0.0
0.0
0.0
0.0
0.0
0.0
0.0
0.0
0.0
0.0
0.0
0.0
0.0
0.0
0.0
0.0
127.0
0.0
0.0
0.0
0.0
0.0
0.0
0.0
0.0
0.0
0.0
0.0
0.0
0.0
13.0
0.0
0.0
0.0
0.0
0.0
0.0
0.0
0.0
0.0
0.0
0.0
0.0
0.0
0.0
0.0
0.0
0.0
0.0
0.0
226.0
0.0
8.0
64.0
0.0
0.0
0.0
0.0
0.0
0.0
109.0
20.0
38.0
0.0
0.0
0.0
0.0
0.0
5.0
0.0
23.0
86.0
5.0
0.0
0.0
0.0
0.0
0.0
165.0
0.0
0.0
0.0
0.0
0.0
0.0
0.0
0.0
0.0
0.0
0.0
0.0
0.0
0.0
0.0
0.0
0.0
0.0
0.0
0.0
0.0
3.0
0.0
5.0
0.0
0.0
0.0
0.0
13.0
0.0
0.0
0.0
0.0
0.0
0.0
0.0
0.0
0.0
0.0
0.0
0.0
0.0
13.0
0.0
0.0
0.0
0.0
5.0
8.0
0.0
150.0
91.0
30.0
0.0
0.0
0.0
25.0
5.0
0.0
46.0
0.0
0.0
0.0
0.0
0.0
0.0
0.0
0.0
0.0
0.0
0.0
0.0
0.0
33.0
0.0
0.0
8.0
0.0
0.0
0.0
0.0
0.0
0.0
0.0
0.0
0.0
0.0
23.0
0.0
0.0
0.0
0.0
0.0
0.0
0.0
0.0
0.0
0.0
0.0
0.0
0.0
0.0
0.0
0.0
0.0
38.0
0.0
0.0
25.0
0.0
0.0
0.0
0.0
0.0
0.0
0.0
0.0
0.0
84.0
0.0
0.0
0.0
0.0
0.0
0.0
0.0
0.0
0.0
0.0
25.0
0.0
25.0
102.0
25.0
0.0
51.0
0.0
51.0
25.0
0.0
0.0
0.0
0.0
25.0
0.0
0.0
0.0
0.0
0.0
13.0
0.0
25.0
25.0
0.0
0.0
0.0
0.0
0.0
0.0
0.0
0.0
25.0
0.0
0.0
51.0
0.0
0.0
13.0
25.0
0.0
0.0
0.0
13.0
8.0
13.0
0.0
0.0
0.0
13.0
0.0
0.0
0.0
0.0
0.0
0.0
0.0
0.0
0.0
0.0
0.0
0.0
25.0
13.0
0.0
0.0
0.0
0.0
0.0
0.0
0.0
13.0
0.0
25.0
0.0
0.0
0.0
0.0
0.0
0.0
0.0
0.0
0.0
13.0
0.0
0.0
0.0
0.0
0.0
0.0
127.0
0.0
0.0
0.0
0.0
0.0
0.0
0.0
0.0
0.0
0.0
0.0
0.0
0.0
0.0
0.0
0.0
0.0
0.0
0.0
0.0
8.0
0.0
25.0
0.0
0.0
0.0
0.0
25.0
0.0
0.0
0.0
25.0
0.0
0.0
0.0
0.0
0.0
0.0
0.0
0.0
0.0
0.0
0.0
0.0
0.0
0.0
0.0
0.0
0.0
0.0
0.0
0.0
0.0
0.0
0.0
25.0
0.0
0.0
0.0
0.0
0.0
0.0
0.0
0.0
0.0
99.0
0.0
0.0
5.0
8.0
0.0
0.0
3.0
71.0
0.0
0.0
0.0
48.0
33.0
0.0
0.0
0.0
33.0
0.0
0.0
0.0
0.0
28.0
0.0
0.0
8.0
20.0
0.0
0.0
10.0
0.0
0.0
0.0
0.0
0.0
0.0
18.0
0.0
0.0
38.0
0.0
0.0
0.0
0.0
0.0
0.0
102.0
0.0
33.0
91.0
0.0
0.0
119.0
0.0
0.0
0.0
140.0
0.0
10.0
0.0
0.0
0.0
0.0
122.0
36.0
142.0
64.0
15.0
0.0
36.0
0.0
0.0
0.0
0.0
18.0
0.0
0.0
0.0
0.0
0.0
0.0
0.0
147.0
5.0
25.0
38.0
0.0
25.0
0.0
8.0
0.0
53.0
56.0
10.0
0.0
0.0
0.0
0.0
13.0
0.0
0.0
0.0
0.0
0.0
0.0
0.0
20.0
28.0
0.0
0.0
0.0
0.0
0.0
0.0
0.0
30.0
18.0
38.0
0.0
0.0
0.0
0.0
0.0
0.0
0.0
0.0
0.0
0.0
0.0
0.0
0.0
0.0
0.0
0.0
0.0
0.0
91.0
193.0
0.0
109.0
0.0
0.0
0.0
56.0
0.0
0.0
0.0
0.0
0.0
25.0
13.0
150.0
0.0
0.0
0.0
0.0
0.0
0.0
0.0
71.0
0.0
0.0
0.0
84.0
0.0
0.0
8.0
0.0
76.0
0.0
0.0
0.0
76.0
51.0
0.0
25.0
0.0
0.0
0.0
0.0
0.0
0.0
0.0
0.0
0.0
76.0
0.0
0.0
0.0
0.0
0.0
0.0
0.0
0.0
0.0
0.0
0.0
0.0
0.0
0.0
0.0
0.0
51.0
0.0
0.0
0.0
0.0
0.0
0.0
0.0
0.0
0.0
13.0
0.0
13.0
0.0
0.0
0.0
0.0
38.0
0.0
25.0
0.0
0.0
0.0
0.0
0.0
0.0
0.0
0.0
0.0
0.0
0.0
0.0
0.0
0.0
13.0
0.0
0.0
0.0
13.0
0.0
0.0
0.0
0.0
0.0
0.0
0.0
0.0
0.0
13.0
0.0
0.0
0.0
0.0
0.0
0.0
0.0
0.0
0.0
0.0
0.0
0.0
0.0
0.0
0.0
0.0
8.0
0.0
0.0
0.0
0.0
0.0
8.0
0.0
0.0
0.0
0.0
0.0
0.0
0.0
0.0
0.0
0.0
0.0
0.0
13.0
0.0
0.0
0.0
0.0
25.0
0.0
0.0
0.0
0.0
0.0
0.0
0.0
0.0
0.0
0.0
0.0
0.0
0.0
0.0
0.0
0.0
0.0
0.0
0.0
0.0
0.0
0.0
8.0
13.0
8.0
25.0
0.0
0.0
38.0
0.0
0.0
0.0
0.0
0.0
0.0
51.0
0.0
0.0
0.0
76.0
0.0
0.0
0.0
0.0
0.0
0.0
0.0
0.0
0.0
0.0
0.0
0.0
0.0
0.0
0.0
0.0
0.0
0.0
0.0
0.0
0.0
0.0
0.0
0.0
0.0
0.0
0.0
8.0
0.0
0.0
0.0
0.0
0.0
0.0
0.0
0.0
0.0
0.0
0.0
0.0
20.0
0.0
0.0
0.0
30.0
0.0
0.0
0.0
0.0
0.0
0.0
0.0
0.0
0.0
0.0
25.0
0.0
0.0
0.0
0.0
0.0
0.0
0.0
0.0
0.0
0.0
0.0
0.0
0.0
0.0
20.0
0.0
0.0
10.0
8.0
0.0
64.0
0.0
0.0
5.0
15.0
0.0
0.0
0.0
0.0
0.0
13.0
0.0
0.0
18.0
0.0
140.0
33.0
0.0
0.0
0.0
0.0
69.0
196.0
0.0
0.0
0.0
48.0
53.0
8.0
0.0
0.0
0.0
0.0
0.0
0.0
0.0
51.0
224.0
0.0
0.0
112.0
0.0
0.0
0.0
0.0
0.0
0.0
0.0
0.0
0.0
3.0
0.0
0.0
0.0
36.0
0.0
0.0
0.0
0.0
86.0
122.0
0.0
0.0
0.0
0.0
0.0
38.0
0.0
0.0
0.0
0.0
0.0
0.0
0.0
0.0
0.0
0.0
0.0
0.0
0.0
135.0
0.0
0.0
0.0
0.0
0.0
10.0
0.0
0.0
0.0
0.0
0.0
0.0
0.0
0.0
76.0
48.0
23.0
8.0
0.0
0.0
0.0
0.0
0.0
0.0
0.0
0.0
0.0
0.0
0.0
0.0
0.0
0.0
0.0
0.0
0.0
0.0
130.0
0.0
0.0
38.0
5.0
0.0
0.0
94.0
0.0
0.0
0.0
0.0
0.0
0.0
0.0
0.0
0.0
0.0
0.0
0.0
0.0
23.0
0.0
61.0
0.0
0.0
0.0
0.0
0.0
0.0
0.0
0.0
0.0
0.0
0.0
0.0
0.0
0.0
0.0
0.0
0.0
8.0
0.0
8.0
0.0
38.0
0.0
0.0
0.0
0.0
0.0
0.0
51.0
0.0
0.0
0.0
0.0
0.0
0.0
0.0
0.0
0.0
0.0
0.0
0.0
13.0
0.0
0.0
0.0
0.0
0.0
0.0
13.0
0.0
0.0
0.0
51.0
0.0
0.0
13.0
0.0
0.0
0.0
0.0
0.0
0.0
0.0
0.0
0.0
0.0
0.0
0.0
0.0
0.0
0.0
0.0
0.0
0.0
8.0
0.0
0.0
0.0
0.0
0.0
0.0
0.0
0.0
0.0
0.0
0.0
0.0
13.0
0.0
0.0
0.0
0.0
0.0
0.0
0.0
0.0
0.0
0.0
0.0
0.0
0.0
0.0
0.0
0.0
0.0
102.0
0.0
0.0
0.0
0.0
0.0
0.0
0.0
0.0
0.0
0.0
0.0
0.0
0.0
0.0
0.0
0.0
0.0
0.0
0.0
0.0
0.0
0.0
0.0
0.0
0.0
0.0
76.0
0.0
0.0
0.0
0.0
0.0
0.0
0.0
NaN
0.0
0.0
0.0
0.0
0.0
0.0
0.0
0.0
0.0
0.0
0.0
0.0
0.0
0.0
0.0
89.0
0.0
0.0
0.0
0.0
0.0
0.0
102.0
0.0
0.0
0.0
0.0
0.0
0.0
0.0
0.0
0.0
0.0
0.0
81.0
0.0
0.0
0.0
8.0
0.0
0.0
66.0
0.0
0.0
0.0
0.0
0.0
216.0
0.0
0.0
41.0
64.0
0.0
0.0
0.0
0.0
0.0
0.0
46.0
0.0
572.0
0.0
0.0
0.0
0.0
0.0
0.0
0.0
0.0
0.0
0.0
0.0
0.0
0.0
521.0
376.0
0.0
0.0
0.0
0.0
0.0
0.0
0.0
99.0
0.0
0.0
0.0
0.0
0.0
0.0
0.0
0.0
0.0
140.0
183.0
0.0
0.0
0.0
0.0
0.0
0.0
0.0
0.0
97.0
0.0
0.0
0.0
216.0
97.0
0.0
25.0
0.0
0.0
0.0
0.0
0.0
0.0
64.0
0.0
0.0
0.0
0.0
0.0
0.0
216.0
107.0
0.0
0.0
0.0
0.0
0.0
0.0
0.0
0.0
0.0
0.0
0.0
0.0
0.0
0.0
0.0
NaN
0.0
0.0
0.0
0.0
0.0
0.0
0.0
0.0
NaN
0.0
0.0
0.0
0.0
NaN
0.0
0.0
0.0
0.0
0.0
0.0
NaN
0.0
0.0
0.0
NaN
NaN
NaN
0.0
0.0
0.0
0.0
0.0
0.0
0.0
0.0
0.0
0.0
0.0
0.0
0.0
0.0
0.0
0.0
0.0
0.0
0.0
160.0
81.0
0.0
0.0
0.0
0.0
0.0
0.0
0.0
0.0
0.0
0.0
0.0
0.0
0.0
0.0
0.0
0.0
551.0
0.0
0.0
0.0
0.0
0.0
0.0
0.0
0.0
0.0
0.0
0.0
267.0
0.0
191.0
0.0
0.0
480.0
0.0
0.0
0.0
0.0
0.0
0.0
0.0
0.0
66.0
165.0
0.0
0.0
0.0
0.0
0.0
0.0
0.0
0.0
0.0
0.0
0.0
0.0
0.0
0.0
89.0
196.0
0.0
20.0
0.0
0.0
0.0
0.0
0.0
0.0
0.0
0.0
0.0
0.0
0.0
0.0
0.0
0.0
0.0
0.0
0.0
0.0
0.0
0.0
0.0
0.0
0.0
0.0
0.0
0.0
0.0
0.0
0.0
0.0
0.0
0.0
0.0
0.0
0.0
43.0
0.0
0.0
0.0
0.0
0.0
0.0
0.0
0.0
0.0
0.0
0.0
10.0
0.0
0.0
0.0
0.0
0.0
0.0
15.0
97.0
0.0
41.0
0.0
0.0
0.0
0.0
0.0
0.0
0.0
0.0
0.0
5.0
15.0
127.0
0.0
0.0
0.0
0.0
0.0
0.0
0.0
0.0
104.0
46.0
0.0
0.0
51.0
61.0
79.0
0.0
0.0
0.0
0.0
0.0
0.0
0.0
0.0
0.0
0.0
0.0
239.0
0.0
0.0
0.0
0.0
0.0
0.0
0.0
132.0
5.0
0.0
0.0
0.0
196.0
0.0
0.0
0.0
0.0
0.0
0.0
0.0
41.0
0.0
0.0
0.0
0.0
0.0
20.0
0.0
0.0
0.0
178.0
0.0
30.0
0.0
0.0
0.0
142.0
191.0
0.0
0.0
0.0
0.0
0.0
0.0
0.0
0.0
0.0
0.0
0.0
0.0
0.0
0.0
0.0
0.0
0.0
0.0
0.0
30.0
71.0
0.0
0.0
475.0
0.0
0.0
0.0
0.0
0.0
0.0
23.0
147.0
0.0
0.0
104.0
0.0
0.0
5.0
0.0
0.0
0.0
10.0
0.0
0.0
5.0
0.0
0.0
0.0
5.0
0.0
0.0
0.0
0.0
0.0
0.0
0.0
0.0
0.0
15.0
10.0
0.0
0.0
0.0
0.0
0.0
0.0
0.0
0.0
0.0
0.0
0.0
0.0
0.0
0.0
0.0
0.0
0.0
0.0
0.0
0.0
0.0
0.0
0.0
0.0
178.0
0.0
0.0
0.0
117.0
46.0
0.0
0.0
0.0
0.0
102.0
0.0
0.0
0.0
0.0
0.0
0.0
0.0
0.0
0.0
0.0
0.0
0.0
0.0
0.0
0.0
0.0
0.0
0.0
0.0
0.0
0.0
0.0
0.0
0.0
0.0
0.0
0.0
0.0
0.0
0.0
0.0
0.0
0.0
0.0
0.0
0.0
0.0
0.0
0.0
0.0
0.0
0.0
0.0
89.0
0.0
0.0
0.0
0.0
0.0
175.0
0.0
0.0
0.0
25.0
0.0
84.0
0.0
91.0
0.0
0.0
0.0
0.0
0.0
0.0
0.0
0.0
0.0
0.0
38.0
0.0
0.0
0.0
0.0
0.0
0.0
0.0
0.0
20.0
0.0
38.0
30.0
0.0
0.0
43.0
135.0
76.0
53.0
0.0
0.0
0.0
0.0
0.0
0.0
0.0
0.0
0.0
0.0
0.0
0.0
0.0
0.0
0.0
0.0
0.0
0.0
0.0
0.0
0.0
0.0
0.0
0.0
0.0
279.0
0.0
15.0
0.0
0.0
0.0
0.0
0.0
0.0
0.0
0.0
0.0
0.0
0.0
25.0
0.0
0.0
0.0
0.0
0.0
0.0
0.0
0.0
10.0
0.0
0.0
38.0
0.0
0.0
112.0
0.0
30.0
64.0
0.0
8.0
0.0
0.0
0.0
0.0
56.0
0.0
0.0
48.0
0.0
0.0
0.0
0.0
0.0
0.0
381.0
0.0
5.0
25.0
71.0
0.0
0.0
0.0
0.0
0.0
0.0
61.0
0.0
30.0
0.0
0.0
0.0
0.0
0.0
107.0
0.0
25.0
0.0
0.0
0.0
0.0
0.0
0.0
0.0
0.0
0.0
0.0
0.0
0.0
0.0
0.0
0.0
0.0
0.0
76.0
0.0
0.0
0.0
0.0
56.0
0.0
0.0
71.0
0.0
76.0
0.0
0.0
0.0
0.0
38.0
0.0
0.0
0.0
0.0
0.0
0.0
0.0
0.0
0.0
0.0
0.0
0.0
0.0
0.0
0.0
0.0
0.0
76.0
0.0
0.0
0.0
0.0
102.0
0.0
0.0
76.0
0.0
0.0
0.0
0.0
0.0
0.0
0.0
0.0
20.0
0.0
0.0
0.0
0.0
0.0
0.0
51.0
0.0
0.0
0.0
0.0
0.0
0.0
0.0
0.0
0.0
0.0
10.0
0.0
0.0
0.0
305.0
0.0
0.0
0.0
0.0
0.0
0.0
0.0
0.0
0.0
0.0
0.0
0.0
51.0
0.0
0.0
0.0
0.0
0.0
48.0
150.0
79.0
0.0
0.0
0.0
0.0
0.0
0.0
0.0
0.0
0.0
0.0
0.0
0.0
0.0
0.0
0.0
0.0
0.0
0.0
0.0
0.0
0.0
0.0
25.0
0.0
0.0
0.0
0.0
0.0
0.0
229.0
0.0
0.0
0.0
0.0
0.0
0.0
0.0
0.0
0.0
0.0
0.0
0.0
0.0
272.0
25.0
0.0
0.0
0.0
0.0
244.0
51.0
254.0
15.0
157.0
56.0
8.0
0.0
0.0
0.0
53.0
102.0
295.0
102.0
0.0
0.0
0.0
0.0
0.0
0.0
0.0
0.0
0.0
51.0
0.0
23.0
46.0
0.0
81.0
97.0
0.0
0.0
51.0
165.0
0.0
0.0
0.0
0.0
48.0
0.0
0.0
0.0
0.0
41.0
13.0
25.0
0.0
0.0
0.0
0.0
0.0
0.0
0.0
0.0
0.0
0.0
0.0
0.0
0.0
0.0
0.0
0.0
0.0
0.0
0.0
0.0
38.0
0.0
0.0
0.0
0.0
0.0
0.0
249.0
0.0
0.0
0.0
0.0
0.0
0.0
0.0
0.0
0.0
0.0
0.0
0.0
0.0
0.0
0.0
0.0
320.0
0.0
0.0
0.0
0.0
0.0
163.0
0.0
0.0
0.0
0.0
0.0
0.0
0.0
0.0
0.0
0.0
0.0
0.0
0.0
0.0
0.0
0.0
0.0
0.0
0.0
0.0
0.0
0.0
0.0
0.0
0.0
102.0
0.0
0.0
0.0
51.0
0.0
0.0
0.0
0.0
0.0
0.0
0.0
0.0
0.0
0.0
0.0
0.0
0.0
0.0
0.0
0.0
0.0
0.0
0.0
0.0
0.0
0.0
0.0
0.0
0.0
0.0
0.0
0.0
0.0
25.0
0.0
0.0
0.0
0.0
0.0
0.0
0.0
0.0
0.0
0.0
0.0
0.0
0.0
0.0
0.0
41.0
0.0
0.0
25.0
0.0
0.0
0.0
0.0
0.0
43.0
0.0
0.0
0.0
102.0
0.0
0.0
0.0
36.0
0.0
0.0
20.0
0.0
0.0
15.0
0.0
0.0
0.0
0.0
0.0
0.0
15.0
0.0
0.0
0.0
0.0
41.0
0.0
0.0
0.0
0.0
0.0
0.0
0.0
102.0
0.0
0.0
0.0
0.0
71.0
0.0
0.0
0.0
0.0
56.0
0.0
0.0
0.0
0.0
0.0
97.0
0.0
0.0
0.0
0.0
15.0
0.0
0.0
0.0
0.0
0.0
0.0
20.0
0.0
0.0
0.0
0.0
0.0
15.0
0.0
0.0
0.0
0.0
10.0
0.0
0.0
0.0
0.0
0.0
0.0
0.0
0.0
15.0
10.0
0.0
0.0
0.0
0.0
0.0
0.0
20.0
0.0
0.0
0.0
0.0
0.0
15.0
0.0
0.0
0.0
0.0
0.0
0.0
0.0
0.0
0.0
0.0
0.0
0.0
0.0
0.0
0.0
0.0
0.0
0.0
0.0
0.0
0.0
0.0
41.0
0.0
0.0
0.0
0.0
0.0
0.0
0.0
254.0
0.0
0.0
0.0
0.0
0.0
0.0
0.0
0.0
0.0
0.0
0.0
