NaN
NaN
NaN
NaN
NaN
NaN
NaN
NaN
NaN
NaN
NaN
NaN
NaN
NaN
NaN
NaN
0.0
0.0
18.0
0.0
0.0
0.0
61.0
0.0
0.0
0.0
0.0
0.0
0.0
0.0
48.0
0.0
0.0
0.0
33.0
69.0
0.0
0.0
0.0
119.0
140.0
66.0
3.0
43.0
8.0
0.0
0.0
0.0
8.0
0.0
0.0
36.0
5.0
5.0
0.0
99.0
0.0
0.0
0.0
13.0
0.0
0.0
0.0
0.0
0.0
0.0
0.0
0.0
25.0
3.0
0.0
13.0
0.0
0.0
0.0
0.0
0.0
0.0
0.0
10.0
66.0
0.0
84.0
18.0
0.0
163.0
41.0
0.0
0.0
0.0
0.0
0.0
0.0
0.0
10.0
0.0
0.0
140.0
0.0
241.0
0.0
0.0
0.0
15.0
15.0
0.0
0.0
0.0
0.0
0.0
0.0
3.0
0.0
0.0
0.0
0.0
165.0
10.0
0.0
0.0
0.0
0.0
15.0
0.0
0.0
0.0
97.0
0.0
0.0
0.0
23.0
0.0
0.0
0.0
0.0
221.0
0.0
0.0
66.0
0.0
0.0
15.0
74.0
56.0
0.0
0.0
51.0
33.0
0.0
8.0
107.0
25.0
0.0
0.0
0.0
18.0
0.0
0.0
0.0
0.0
33.0
0.0
155.0
0.0
0.0
0.0
0.0
0.0
97.0
0.0
0.0
0.0
191.0
0.0
229.0
142.0
0.0
25.0
84.0
0.0
0.0
25.0
69.0
297.0
25.0
0.0
0.0
5.0
0.0
13.0
5.0
0.0
318.0
51.0
0.0
38.0
10.0
0.0
0.0
0.0
0.0
0.0
0.0
3.0
0.0
0.0
23.0
0.0
0.0
0.0
3.0
0.0
0.0
0.0
0.0
0.0
0.0
8.0
244.0
262.0
10.0
15.0
NaN
NaN
NaN
NaN
127.0
25.0
102.0
23.0
0.0
0.0
0.0
0.0
38.0
226.0
89.0
0.0
152.0
0.0
0.0
0.0
38.0
178.0
0.0
0.0
0.0
15.0
0.0
0.0
0.0
0.0
0.0
0.0
0.0
0.0
0.0
0.0
0.0
0.0
5.0
112.0
64.0
81.0
0.0
0.0
25.0
15.0
0.0
0.0
0.0
0.0
0.0
91.0
61.0
0.0
0.0
0.0
91.0
0.0
0.0
0.0
0.0
140.0
76.0
0.0
0.0
0.0
0.0
0.0
0.0
145.0
18.0
0.0
0.0
46.0
0.0
0.0
0.0
0.0
0.0
NaN
0.0
8.0
0.0
0.0
0.0
0.0
0.0
0.0
0.0
91.0
0.0
28.0
135.0
81.0
0.0
0.0
25.0
0.0
0.0
0.0
0.0
0.0
0.0
0.0
0.0
0.0
0.0
0.0
0.0
0.0
0.0
0.0
0.0
0.0
0.0
0.0
0.0
0.0
0.0
0.0
0.0
0.0
0.0
0.0
0.0
0.0
203.0
56.0
0.0
0.0
0.0
0.0
180.0
0.0
0.0
0.0
0.0
0.0
0.0
0.0
0.0
13.0
0.0
0.0
15.0
5.0
0.0
0.0
0.0
0.0
69.0
3.0
0.0
13.0
0.0
0.0
33.0
36.0
0.0
13.0
74.0
0.0
0.0
0.0
0.0
0.0
0.0
25.0
0.0
0.0
0.0
0.0
38.0
0.0
0.0
0.0
0.0
25.0
76.0
0.0
0.0
0.0
8.0
0.0
0.0
0.0
76.0
5.0
0.0
0.0
0.0
0.0
0.0
0.0
178.0
0.0
0.0
0.0
0.0
0.0
0.0
0.0
0.0
43.0
15.0
0.0
0.0
0.0
15.0
0.0
0.0
0.0
0.0
0.0
0.0
0.0
0.0
0.0
0.0
0.0
0.0
0.0
0.0
0.0
3.0
0.0
0.0
0.0
0.0
0.0
0.0
10.0
0.0
0.0
0.0
0.0
152.0
99.0
119.0
0.0
8.0
0.0
0.0
3.0
5.0
0.0
0.0
25.0
51.0
33.0
51.0
0.0
0.0
292.0
0.0
0.0
53.0
0.0
51.0
0.0
0.0
0.0
0.0
0.0
0.0
3.0
0.0
0.0
0.0
0.0
0.0
0.0
0.0
0.0
71.0
25.0
51.0
229.0
0.0
0.0
178.0
203.0
0.0
254.0
NaN
NaN
127.0
76.0
0.0
0.0
152.0
0.0
25.0
127.0
102.0
0.0
0.0
0.0
84.0
0.0
0.0
30.0
0.0
0.0
0.0
104.0
0.0
185.0
0.0
0.0
38.0
0.0
0.0
5.0
NaN
NaN
0.0
3.0
0.0
0.0
0.0
157.0
76.0
0.0
0.0
102.0
0.0
33.0
0.0
0.0
140.0
10.0
0.0
140.0
8.0
8.0
38.0
0.0
0.0
0.0
0.0
0.0
0.0
0.0
0.0
0.0
0.0
3.0
0.0
107.0
0.0
0.0
0.0
0.0
0.0
58.0
25.0
76.0
0.0
0.0
0.0
0.0
0.0
0.0
0.0
28.0
102.0
0.0
5.0
0.0
0.0
284.0
0.0
0.0
99.0
0.0
0.0
0.0
0.0
0.0
0.0
0.0
66.0
0.0
41.0
0.0
0.0
0.0
0.0
0.0
0.0
91.0
30.0
0.0
0.0
0.0
79.0
0.0
8.0
0.0
0.0
0.0
0.0
107.0
56.0
0.0
5.0
0.0
10.0
0.0
30.0
0.0
107.0
0.0
0.0
0.0
0.0
0.0
0.0
0.0
53.0
66.0
119.0
0.0
0.0
0.0
109.0
5.0
0.0
0.0
56.0
112.0
0.0
69.0
0.0
0.0
0.0
0.0
0.0
30.0
0.0
0.0
0.0
0.0
3.0
0.0
0.0
0.0
0.0
0.0
0.0
231.0
381.0
8.0
0.0
0.0
0.0
0.0
3.0
0.0
0.0
356.0
38.0
20.0
64.0
0.0
0.0
0.0
0.0
0.0
64.0
302.0
152.0
0.0
0.0
0.0
0.0
0.0
226.0
0.0
0.0
0.0
0.0
0.0
0.0
0.0
0.0
0.0
0.0
58.0
0.0
15.0
0.0
0.0
0.0
0.0
0.0
0.0
0.0
18.0
53.0
15.0
0.0
79.0
0.0
20.0
13.0
0.0
43.0
0.0
0.0
0.0
0.0
89.0
0.0
43.0
NaN
NaN
0.0
15.0
51.0
0.0
3.0
0.0
5.0
0.0
0.0
0.0
0.0
0.0
3.0
13.0
132.0
64.0
0.0
0.0
0.0
0.0
0.0
38.0
0.0
0.0
0.0
0.0
0.0
0.0
13.0
0.0
0.0
0.0
0.0
0.0
0.0
0.0
0.0
0.0
0.0
10.0
43.0
0.0
NaN
89.0
NaN
0.0
0.0
0.0
0.0
51.0
0.0
13.0
38.0
38.0
0.0
76.0
89.0
76.0
8.0
25.0
0.0
0.0
0.0
0.0
38.0
51.0
3.0
0.0
0.0
NaN
NaN
NaN
NaN
NaN
0.0
0.0
25.0
51.0
127.0
38.0
0.0
0.0
0.0
25.0
0.0
0.0
0.0
0.0
0.0
152.0
15.0
0.0
0.0
0.0
0.0
0.0
0.0
0.0
36.0
0.0
13.0
0.0
51.0
0.0
0.0
0.0
0.0
152.0
0.0
0.0
127.0
76.0
0.0
0.0
0.0
0.0
0.0
NaN
0.0
0.0
0.0
0.0
25.0
0.0
0.0
0.0
0.0
28.0
0.0
0.0
13.0
71.0
5.0
79.0
0.0
0.0
3.0
33.0
0.0
0.0
0.0
76.0
3.0
0.0
0.0
0.0
0.0
5.0
0.0
0.0
0.0
0.0
79.0
0.0
5.0
38.0
10.0
0.0
0.0
0.0
0.0
0.0
10.0
0.0
0.0
0.0
0.0
0.0
0.0
0.0
0.0
61.0
86.0
0.0
0.0
0.0
0.0
0.0
28.0
10.0
0.0
0.0
0.0
0.0
5.0
0.0
0.0
0.0
0.0
0.0
0.0
0.0
0.0
8.0
64.0
0.0
0.0
25.0
0.0
5.0
56.0
0.0
0.0
0.0
0.0
3.0
3.0
0.0
0.0
127.0
0.0
0.0
0.0
0.0
335.0
0.0
18.0
0.0
0.0
0.0
0.0
0.0
0.0
18.0
13.0
0.0
0.0
0.0
18.0
538.0
0.0
30.0
0.0
0.0
0.0
0.0
0.0
0.0
0.0
28.0
64.0
81.0
0.0
0.0
0.0
5.0
104.0
25.0
0.0
0.0
0.0
0.0
0.0
0.0
0.0
13.0
221.0
25.0
0.0
0.0
0.0
0.0
0.0
84.0
3.0
51.0
33.0
0.0
25.0
3.0
15.0
0.0
0.0
10.0
0.0
0.0
0.0
0.0
64.0
0.0
0.0
0.0
0.0
0.0
0.0
0.0
30.0
0.0
0.0
51.0
15.0
193.0
0.0
0.0
0.0
0.0
0.0
5.0
0.0
152.0
0.0
0.0
25.0
0.0
0.0
0.0
122.0
140.0
56.0
0.0
25.0
5.0
0.0
10.0
0.0
0.0
0.0
5.0
0.0
305.0
203.0
94.0
112.0
25.0
0.0
0.0
10.0
0.0
0.0
0.0
0.0
0.0
0.0
0.0
0.0
0.0
71.0
8.0
140.0
0.0
0.0
0.0
8.0
0.0
0.0
104.0
NaN
0.0
5.0
0.0
0.0
8.0
76.0
20.0
3.0
0.0
114.0
0.0
0.0
127.0
0.0
0.0
3.0
28.0
13.0
48.0
0.0
0.0
0.0
0.0
20.0
168.0
117.0
76.0
5.0
0.0
102.0
25.0
25.0
0.0
0.0
5.0
28.0
53.0
389.0
0.0
0.0
0.0
0.0
18.0
0.0
0.0
