NaN
517.0
734.0
824.0
337.0
432.0
513.0
540.0
603.0
1101.0
976.0
938.0
1412.0
854.0
626.0
546.0
960.0
648.0
380.0
559.0
1050.0
685.0
1016.0
1838.0
692.0
1150.0
630.0
1265.0
284.0
1368.0
573.0
630.0
669.0
1217.0
346.0
946.0
357.0
205.0
35.0
300.0
592.0
1453.0
230.0
682.0
1278.0
232.0
609.0
552.0
790.0
465.0
356.0
1370.0
514.0
951.0
335.0
660.0
1360.0
1458.0
849.0
676.0
552.0
258.0
1356.0
474.0
389.0
NaN
152.0
786.0
546.0
1122.0
525.0
511.0
1372.0
533.0
295.0
1301.0
625.0
581.0
NaN
394.0
392.0
1233.0
772.0
1007.0
832.0
315.0
536.0
1073.0
550.0
597.0
854.0
819.0
967.0
1194.0
1270.0
534.0
408.0
413.0
278.0
684.0
760.0
1095.0
171.0
756.0
133.0
709.0
854.0
919.0
675.0
924.0
1288.0
512.0
478.0
422.0
411.0
717.0
504.0
949.0
382.0
1053.0
831.0
1228.0
686.0
1422.0
598.0
694.0
937.0
416.0
522.0
NaN
