0.0
0.0
0.0
10.0
0.0
0.0
0.0
0.0
0.0
0.0
0.0
220.0
42.0
0.0
0.0
145.0
180.0
0.0
0.0
0.0
0.0
0.0
0.0
10.0
380.0
0.0
0.0
192.0
0.0
0.0
0.0
0.0
0.0
0.0
44.0
0.0
100.0
0.0
141.0
0.0
80.0
0.0
0.0
0.0
NaN
NaN
0.0
0.0
0.0
0.0
0.0
0.0
24.0
NaN
0.0
36.0
184.0
0.0
140.0
0.0
0.0
0.0
0.0
0.0
0.0
25.0
0.0
40.0
10.0
0.0
60.0
480.0
506.0
50.0
0.0
0.0
196.0
0.0
0.0
0.0
170.0
5.0
70.0
350.0
5.0
0.0
300.0
90.0
10.0
NaN
260.0
15.0
35.0
65.0
135.0
150.0
178.0
5.0
0.0
25.0
50.0
20.0
0.0
30.0
168.0
142.0
28.0
38.0
0.0
0.0
0.0
0.0
0.0
10.0
0.0
0.0
0.0
10.0
0.0
0.0
18.0
0.0
20.0
NaN
0.0
28.0
0.0
0.0
0.0
0.0
5.0
0.0
0.0
0.0
85.0
60.0
0.0
20.0
0.0
0.0
0.0
0.0
80.0
0.0
0.0
34.0
10.0
0.0
30.0
0.0
0.0
0.0
0.0
NaN
175.0
10.0
0.0
20.0
20.0
0.0
0.0
70.0
0.0
0.0
40.0
0.0
20.0
0.0
0.0
80.0
80.0
0.0
0.0
0.0
0.0
0.0
92.0
0.0
0.0
0.0
0.0
0.0
0.0
0.0
20.0
0.0
0.0
0.0
0.0
0.0
0.0
0.0
170.0
0.0
0.0
0.0
0.0
0.0
0.0
0.0
100.0
0.0
0.0
20.0
0.0
60.0
246.0
96.0
26.0
0.0
0.0
60.0
60.0
76.0
86.0
0.0
70.0
0.0
NaN
0.0
0.0
0.0
90.0
0.0
0.0
0.0
20.0
0.0
0.0
0.0
0.0
0.0
0.0
0.0
0.0
0.0
0.0
0.0
0.0
0.0
0.0
0.0
60.0
30.0
80.0
0.0
0.0
0.0
0.0
0.0
0.0
0.0
0.0
0.0
0.0
0.0
0.0
0.0
0.0
0.0
0.0
0.0
0.0
0.0
0.0
0.0
0.0
30.0
60.0
25.0
0.0
134.0
20.0
0.0
NaN
NaN
0.0
90.0
36.0
0.0
0.0
0.0
0.0
0.0
30.0
10.0
0.0
32.0
0.0
0.0
0.0
0.0
0.0
0.0
0.0
28.0
0.0
0.0
0.0
0.0
128.0
5.0
0.0
0.0
0.0
0.0
0.0
0.0
0.0
0.0
0.0
0.0
12.0
72.0
0.0
0.0
0.0
60.0
0.0
0.0
0.0
0.0
38.0
0.0
170.0
0.0
0.0
0.0
0.0
70.0
0.0
0.0
0.0
20.0
150.0
20.0
120.0
10.0
20.0
20.0
40.0
100.0
30.0
8.0
0.0
32.0
0.0
0.0
0.0
0.0
0.0
0.0
0.0
0.0
0.0
80.0
230.0
0.0
0.0
62.0
10.0
0.0
64.0
212.0
0.0
0.0
0.0
84.0
0.0
70.0
108.0
114.0
0.0
0.0
0.0
0.0
0.0
60.0
20.0
0.0
0.0
0.0
0.0
270.0
0.0
0.0
0.0
0.0
10.0
2.0
0.0
0.0
0.0
0.0
0.0
0.0
90.0
110.0
0.0
0.0
0.0
0.0
214.0
80.0
75.0
0.0
0.0
0.0
90.0
350.0
0.0
50.0
0.0
0.0
86.0
0.0
30.0
0.0
0.0
0.0
0.0
0.0
0.0
0.0
0.0
130.0
40.0
10.0
0.0
0.0
0.0
0.0
0.0
5.0
0.0
0.0
10.0
0.0
80.0
10.0
0.0
0.0
80.0
140.0
32.0
20.0
200.0
25.0
0.0
0.0
0.0
0.0
0.0
150.0
0.0
260.0
160.0
115.0
40.0
5.0
0.0
46.0
168.0
58.0
22.0
10.0
0.0
50.0
0.0
0.0
0.0
0.0
5.0
20.0
0.0
62.0
112.0
32.0
94.0
20.0
51.0
0.0
152.0
66.0
120.0
24.0
0.0
0.0
0.0
96.0
38.0
108.0
66.0
NaN
100.0
124.0
0.0
0.0
0.0
0.0
0.0
0.0
0.0
0.0
118.0
52.0
128.0
NaN
0.0
0.0
64.0
0.0
190.0
0.0
0.0
60.0
54.0
44.0
NaN
80.0
0.0
NaN
0.0
0.0
0.0
84.0
62.0
0.0
NaN
NaN
10.0
NaN
170.0
0.0
0.0
40.0
NaN
120.0
0.0
NaN
0.0
0.0
0.0
0.0
0.0
40.0
0.0
0.0
60.0
220.0
0.0
60.0
170.0
150.0
50.0
0.0
70.0
40.0
0.0
0.0
0.0
0.0
0.0
0.0
0.0
220.0
30.0
NaN
40.0
0.0
0.0
NaN
90.0
0.0
0.0
60.0
0.0
0.0
25.0
90.0
40.0
0.0
40.0
0.0
80.0
30.0
160.0
20.0
80.0
0.0
200.0
200.0
0.0
NaN
20.0
30.0
0.0
0.0
80.0
100.0
0.0
30.0
70.0
140.0
180.0
0.0
0.0
NaN
NaN
0.0
0.0
0.0
0.0
0.0
0.0
0.0
30.0
0.0
20.0
0.0
NaN
20.0
0.0
0.0
0.0
10.0
0.0
66.0
40.0
0.0
0.0
0.0
0.0
80.0
80.0
NaN
55.0
30.0
0.0
0.0
0.0
110.0
0.0
20.0
0.0
40.0
40.0
0.0
0.0
0.0
0.0
0.0
60.0
50.0
0.0
0.0
NaN
20.0
0.0
0.0
0.0
NaN
190.0
0.0
10.0
0.0
70.0
10.0
30.0
0.0
0.0
0.0
0.0
0.0
0.0
0.0
0.0
0.0
254.0
20.0
10.0
30.0
0.0
0.0
110.0
0.0
0.0
0.0
28.0
220.0
20.0
0.0
0.0
0.0
0.0
10.0
0.0
0.0
0.0
0.0
0.0
0.0
0.0
0.0
0.0
0.0
0.0
82.0
0.0
0.0
0.0
0.0
0.0
0.0
0.0
0.0
0.0
0.0
0.0
30.0
0.0
140.0
120.0
0.0
0.0
0.0
0.0
0.0
0.0
0.0
0.0
0.0
0.0
0.0
0.0
0.0
0.0
0.0
0.0
0.0
110.0
0.0
0.0
90.0
0.0
100.0
10.0
0.0
10.0
0.0
0.0
0.0
0.0
20.0
0.0
40.0
0.0
0.0
0.0
0.0
60.0
120.0
0.0
0.0
0.0
0.0
120.0
0.0
0.0
40.0
30.0
0.0
15.0
110.0
120.0
75.0
0.0
240.0
0.0
0.0
0.0
0.0
0.0
0.0
26.0
90.0
360.0
60.0
70.0
0.0
0.0
20.0
50.0
0.0
70.0
50.0
500.0
30.0
15.0
0.0
0.0
0.0
0.0
0.0
100.0
10.0
0.0
0.0
80.0
0.0
30.0
56.0
70.0
10.0
190.0
0.0
0.0
0.0
10.0
0.0
0.0
0.0
0.0
350.0
215.0
60.0
130.0
60.0
50.0
20.0
20.0
10.0
240.0
30.0
10.0
0.0
0.0
0.0
50.0
250.0
10.0
0.0
70.0
46.0
0.0
84.0
180.0
180.0
150.0
100.0
40.0
80.0
0.0
20.0
40.0
0.0
20.0
50.0
45.0
10.0
10.0
70.0
320.0
150.0
10.0
120.0
30.0
0.0
0.0
35.0
0.0
0.0
20.0
70.0
5.0
0.0
0.0
0.0
0.0
70.0
10.0
16.0
56.0
40.0
0.0
0.0
0.0
0.0
0.0
0.0
56.0
40.0
110.0
70.0
0.0
0.0
50.0
16.0
120.0
50.0
170.0
40.0
0.0
30.0
20.0
110.0
30.0
0.0
30.0
0.0
220.0
50.0
40.0
0.0
0.0
0.0
150.0
90.0
30.0
0.0
0.0
60.0
70.0
90.0
50.0
NaN
40.0
90.0
0.0
60.0
60.0
0.0
20.0
30.0
32.0
0.0
0.0
0.0
0.0
NaN
0.0
0.0
0.0
60.0
36.0
0.0
0.0
0.0
10.0
10.0
60.0
170.0
80.0
70.0
90.0
40.0
NaN
0.0
NaN
0.0
0.0
20.0
0.0
30.0
0.0
80.0
NaN
NaN
0.0
0.0
50.0
20.0
30.0
20.0
50.0
120.0
NaN
60.0
0.0
0.0
0.0
0.0
0.0
0.0
0.0
0.0
0.0
150.0
50.0
90.0
650.0
0.0
0.0
40.0
30.0
0.0
0.0
0.0
0.0
0.0
0.0
310.0
0.0
0.0
0.0
10.0
30.0
60.0
30.0
10.0
30.0
0.0
0.0
NaN
0.0
20.0
60.0
0.0
90.0
0.0
0.0
NaN
0.0
0.0
0.0
0.0
0.0
0.0
10.0
0.0
0.0
0.0
0.0
0.0
0.0
0.0
20.0
0.0
40.0
45.0
0.0
170.0
10.0
0.0
0.0
95.0
90.0
0.0
0.0
0.0
0.0
0.0
0.0
0.0
170.0
0.0
0.0
0.0
35.0
50.0
10.0
0.0
0.0
10.0
30.0
NaN
20.0
10.0
70.0
0.0
0.0
0.0
0.0
80.0
470.0
0.0
0.0
0.0
0.0
0.0
100.0
50.0
40.0
0.0
120.0
50.0
0.0
100.0
40.0
0.0
0.0
0.0
0.0
0.0
0.0
0.0
0.0
0.0
0.0
0.0
0.0
0.0
0.0
0.0
0.0
0.0
0.0
0.0
0.0
0.0
0.0
0.0
0.0
0.0
0.0
0.0
0.0
0.0
0.0
0.0
0.0
0.0
0.0
0.0
0.0
0.0
0.0
0.0
0.0
100.0
10.0
0.0
0.0
0.0
0.0
0.0
0.0
0.0
0.0
0.0
10.0
10.0
0.0
0.0
0.0
0.0
60.0
0.0
10.0
0.0
0.0
0.0
0.0
0.0
90.0
5.0
0.0
0.0
65.0
0.0
0.0
0.0
0.0
0.0
50.0
140.0
120.0
0.0
0.0
0.0
50.0
0.0
0.0
0.0
0.0
0.0
0.0
0.0
0.0
10.0
100.0
0.0
0.0
0.0
0.0
0.0
0.0
0.0
20.0
15.0
30.0
0.0
60.0
30.0
40.0
35.0
50.0
80.0
0.0
20.0
0.0
125.0
120.0
40.0
0.0
0.0
40.0
0.0
20.0
0.0
0.0
0.0
0.0
0.0
0.0
0.0
0.0
0.0
22.0
10.0
40.0
0.0
40.0
150.0
10.0
16.0
20.0
60.0
74.0
10.0
10.0
20.0
85.0
194.0
100.0
120.0
110.0
90.0
NaN
0.0
60.0
40.0
0.0
0.0
0.0
310.0
60.0
170.0
20.0
40.0
100.0
50.0
0.0
0.0
0.0
80.0
20.0
20.0
0.0
0.0
20.0
0.0
20.0
20.0
190.0
90.0
110.0
250.0
70.0
0.0
40.0
20.0
120.0
180.0
0.0
50.0
200.0
0.0
0.0
120.0
0.0
0.0
50.0
100.0
60.0
0.0
0.0
0.0
60.0
20.0
NaN
70.0
20.0
0.0
0.0
150.0
120.0
20.0
0.0
0.0
70.0
60.0
0.0
10.0
70.0
0.0
0.0
0.0
0.0
0.0
0.0
48.0
0.0
50.0
0.0
0.0
0.0
0.0
0.0
10.0
0.0
20.0
0.0
20.0
60.0
0.0
50.0
0.0
0.0
30.0
0.0
0.0
274.0
0.0
40.0
0.0
NaN
100.0
0.0
150.0
0.0
0.0
0.0
0.0
0.0
0.0
40.0
20.0
0.0
370.0
40.0
0.0
0.0
12.0
0.0
0.0
0.0
0.0
0.0
0.0
68.0
40.0
0.0
30.0
0.0
0.0
0.0
24.0
10.0
0.0
0.0
194.0
20.0
20.0
0.0
0.0
0.0
0.0
80.0
30.0
44.0
15.0
10.0
95.0
10.0
95.0
28.0
0.0
30.0
130.0
0.0
0.0
0.0
0.0
0.0
0.0
0.0
0.0
0.0
0.0
0.0
0.0
0.0
70.0
0.0
10.0
0.0
0.0
10.0
44.0
0.0
20.0
0.0
75.0
50.0
70.0
390.0
10.0
100.0
100.0
0.0
0.0
0.0
0.0
0.0
0.0
0.0
0.0
0.0
0.0
0.0
60.0
50.0
20.0
0.0
15.0
0.0
0.0
0.0
0.0
0.0
0.0
40.0
0.0
0.0
0.0
0.0
5.0
60.0
0.0
0.0
0.0
150.0
210.0
0.0
15.0
0.0
0.0
560.0
30.0
5.0
0.0
0.0
0.0
0.0
0.0
0.0
0.0
285.0
10.0
0.0
0.0
0.0
0.0
70.0
60.0
0.0
60.0
14.0
140.0
10.0
0.0
10.0
0.0
0.0
0.0
0.0
0.0
0.0
30.0
340.0
0.0
5.0
0.0
0.0
170.0
10.0
0.0
0.0
0.0
0.0
0.0
5.0
330.0
10.0
20.0
5.0
0.0
0.0
15.0
0.0
0.0
0.0
0.0
0.0
0.0
0.0
0.0
130.0
5.0
0.0
0.0
0.0
0.0
0.0
0.0
75.0
0.0
9.0
0.0
0.0
230.0
10.0
0.0
0.0
0.0
970.0
20.0
0.0
0.0
25.0
45.0
0.0
96.0
140.0
40.0
0.0
50.0
5.0
0.0
0.0
NaN
20.0
350.0
0.0
220.0
35.0
5.0
0.0
50.0
228.0
190.0
240.0
0.0
15.0
0.0
114.0
0.0
90.0
76.0
226.0
10.0
0.0
40.0
0.0
0.0
0.0
8.0
0.0
55.0
30.0
0.0
0.0
0.0
0.0
0.0
40.0
20.0
380.0
30.0
60.0
5.0
36.0
10.0
NaN
0.0
0.0
0.0
0.0
40.0
0.0
0.0
0.0
0.0
290.0
10.0
90.0
40.0
0.0
320.0
222.0
20.0
40.0
0.0
0.0
0.0
90.0
110.0
0.0
0.0
20.0
40.0
0.0
0.0
60.0
0.0
20.0
0.0
50.0
0.0
130.0
30.0
0.0
0.0
70.0
30.0
100.0
40.0
25.0
100.0
30.0
50.0
130.0
20.0
50.0
0.0
0.0
30.0
0.0
150.0
50.0
30.0
20.0
40.0
0.0
60.0
0.0
30.0
10.0
10.0
NaN
10.0
20.0
0.0
0.0
0.0
20.0
150.0
60.0
0.0
20.0
0.0
0.0
0.0
50.0
80.0
0.0
0.0
0.0
0.0
0.0
0.0
0.0
0.0
0.0
40.0
30.0
30.0
NaN
220.0
NaN
NaN
0.0
140.0
20.0
0.0
0.0
NaN
40.0
20.0
0.0
60.0
40.0
0.0
140.0
80.0
0.0
0.0
0.0
80.0
0.0
0.0
110.0
0.0
0.0
0.0
0.0
0.0
0.0
0.0
20.0
14.0
6.0
0.0
32.0
50.0
120.0
20.0
0.0
40.0
264.0
15.0
0.0
0.0
0.0
NaN
0.0
0.0
40.0
5.0
0.0
64.0
230.0
140.0
20.0
0.0
0.0
0.0
55.0
180.0
5.0
0.0
0.0
NaN
NaN
20.0
26.0
10.0
0.0
0.0
0.0
10.0
0.0
20.0
0.0
24.0
10.0
0.0
0.0
50.0
16.0
0.0
24.0
0.0
0.0
0.0
0.0
90.0
0.0
0.0
85.0
60.0
0.0
0.0
0.0
0.0
0.0
0.0
0.0
220.0
30.0
0.0
30.0
50.0
4.0
0.0
0.0
0.0
0.0
0.0
0.0
0.0
0.0
0.0
0.0
15.0
10.0
0.0
0.0
0.0
140.0
10.0
0.0
0.0
0.0
0.0
0.0
0.0
0.0
0.0
0.0
0.0
0.0
20.0
50.0
0.0
20.0
20.0
115.0
130.0
10.0
245.0
200.0
0.0
0.0
0.0
0.0
90.0
15.0
0.0
0.0
0.0
0.0
0.0
0.0
280.0
0.0
34.0
0.0
20.0
150.0
0.0
0.0
0.0
350.0
10.0
0.0
0.0
100.0
10.0
20.0
0.0
0.0
0.0
0.0
0.0
20.0
0.0
0.0
0.0
0.0
0.0
0.0
190.0
0.0
0.0
0.0
0.0
20.0
20.0
0.0
0.0
0.0
0.0
0.0
0.0
0.0
0.0
0.0
0.0
60.0
10.0
0.0
0.0
10.0
0.0
0.0
20.0
0.0
0.0
0.0
60.0
160.0
10.0
0.0
20.0
70.0
10.0
0.0
100.0
64.0
10.0
130.0
222.0
50.0
30.0
10.0
160.0
130.0
110.0
10.0
130.0
20.0
110.0
10.0
20.0
10.0
0.0
0.0
15.0
0.0
80.0
68.0
0.0
0.0
80.0
40.0
10.0
0.0
0.0
0.0
112.0
66.0
340.0
0.0
0.0
0.0
10.0
0.0
0.0
0.0
200.0
130.0
20.0
0.0
30.0
30.0
0.0
0.0
0.0
10.0
0.0
200.0
50.0
20.0
0.0
30.0
110.0
40.0
0.0
0.0
40.0
100.0
30.0
0.0
60.0
20.0
60.0
10.0
0.0
30.0
70.0
70.0
110.0
NaN
0.0
90.0
0.0
0.0
0.0
50.0
0.0
30.0
140.0
80.0
40.0
0.0
0.0
70.0
0.0
0.0
0.0
60.0
0.0
0.0
0.0
10.0
0.0
0.0
0.0
0.0
0.0
55.0
40.0
0.0
10.0
0.0
0.0
0.0
40.0
0.0
0.0
180.0
NaN
0.0
50.0
30.0
320.0
180.0
20.0
0.0
0.0
60.0
60.0
110.0
20.0
0.0
0.0
0.0
0.0
0.0
0.0
0.0
0.0
30.0
0.0
20.0
0.0
30.0
0.0
60.0
0.0
0.0
0.0
40.0
NaN
0.0
0.0
50.0
40.0
50.0
0.0
0.0
0.0
30.0
0.0
20.0
NaN
50.0
0.0
0.0
0.0
0.0
0.0
100.0
80.0
0.0
10.0
185.0
NaN
120.0
90.0
70.0
20.0
0.0
50.0
0.0
0.0
0.0
20.0
0.0
0.0
0.0
0.0
40.0
0.0
0.0
0.0
0.0
0.0
40.0
90.0
20.0
0.0
0.0
0.0
10.0
40.0
0.0
0.0
210.0
20.0
0.0
0.0
0.0
90.0
200.0
0.0
0.0
0.0
20.0
270.0
5.0
50.0
13.0
0.0
0.0
0.0
0.0
20.0
0.0
20.0
145.0
0.0
0.0
0.0
0.0
0.0
NaN
NaN
0.0
0.0
0.0
30.0
0.0
0.0
0.0
30.0
0.0
0.0
0.0
0.0
0.0
55.0
0.0
0.0
0.0
0.0
0.0
20.0
110.0
0.0
0.0
0.0
0.0
55.0
10.0
15.0
10.0
0.0
0.0
0.0
0.0
0.0
0.0
0.0
0.0
0.0
130.0
140.0
32.0
65.0
40.0
0.0
30.0
0.0
0.0
10.0
0.0
0.0
50.0
0.0
0.0
180.0
40.0
0.0
0.0
0.0
50.0
50.0
0.0
35.0
10.0
100.0
140.0
10.0
0.0
20.0
10.0
5.0
0.0
0.0
0.0
40.0
0.0
0.0
10.0
0.0
0.0
10.0
0.0
20.0
60.0
50.0
120.0
0.0
0.0
0.0
0.0
35.0
75.0
0.0
15.0
0.0
0.0
10.0
0.0
5.0
255.0
0.0
120.0
5.0
0.0
0.0
0.0
0.0
0.0
0.0
80.0
310.0
240.0
10.0
50.0
0.0
0.0
35.0
5.0
0.0
60.0
60.0
0.0
100.0
80.0
70.0
0.0
0.0
0.0
0.0
10.0
125.0
85.0
135.0
0.0
10.0
130.0
5.0
0.0
0.0
0.0
80.0
30.0
20.0
40.0
0.0
0.0
0.0
0.0
0.0
0.0
0.0
0.0
40.0
15.0
5.0
5.0
85.0
60.0
40.0
85.0
45.0
70.0
60.0
0.0
85.0
0.0
0.0
0.0
0.0
10.0
0.0
0.0
20.0
0.0
0.0
0.0
60.0
260.0
NaN
NaN
70.0
50.0
20.0
0.0
0.0
180.0
35.0
150.0
80.0
90.0
70.0
70.0
80.0
0.0
0.0
60.0
0.0
180.0
10.0
30.0
10.0
30.0
0.0
0.0
0.0
40.0
0.0
0.0
0.0
260.0
30.0
30.0
50.0
0.0
20.0
50.0
0.0
0.0
0.0
0.0
0.0
0.0
20.0
0.0
10.0
0.0
0.0
0.0
150.0
30.0
30.0
120.0
0.0
0.0
NaN
NaN
0.0
50.0
30.0
280.0
100.0
20.0
0.0
60.0
0.0
30.0
70.0
0.0
0.0
210.0
60.0
60.0
40.0
80.0
0.0
0.0
0.0
75.0
25.0
0.0
90.0
80.0
130.0
40.0
120.0
160.0
130.0
0.0
0.0
0.0
0.0
0.0
50.0
0.0
30.0
0.0
10.0
0.0
0.0
50.0
0.0
110.0
0.0
0.0
100.0
220.0
0.0
0.0
150.0
110.0
0.0
40.0
0.0
0.0
0.0
0.0
0.0
0.0
0.0
30.0
0.0
0.0
0.0
20.0
0.0
20.0
0.0
0.0
0.0
0.0
40.0
70.0
0.0
0.0
20.0
20.0
0.0
0.0
0.0
0.0
0.0
0.0
0.0
0.0
0.0
0.0
20.0
130.0
NaN
0.0
0.0
0.0
0.0
5.0
30.0
80.0
0.0
0.0
0.0
0.0
0.0
20.0
0.0
15.0
0.0
360.0
40.0
0.0
0.0
0.0
80.0
10.0
0.0
5.0
0.0
25.0
0.0
0.0
0.0
20.0
80.0
10.0
0.0
0.0
0.0
0.0
0.0
0.0
0.0
0.0
225.0
0.0
0.0
0.0
40.0
0.0
10.0
0.0
0.0
180.0
45.0
20.0
10.0
30.0
0.0
0.0
140.0
10.0
75.0
0.0
0.0
40.0
0.0
75.0
210.0
30.0
10.0
0.0
0.0
0.0
0.0
480.0
10.0
0.0
70.0
35.0
240.0
270.0
10.0
0.0
0.0
0.0
150.0
35.0
0.0
0.0
0.0
0.0
0.0
30.0
0.0
0.0
0.0
0.0
40.0
10.0
55.0
0.0
10.0
0.0
0.0
30.0
0.0
0.0
0.0
220.0
0.0
0.0
0.0
0.0
0.0
0.0
0.0
0.0
0.0
0.0
110.0
5.0
0.0
5.0
0.0
120.0
0.0
0.0
0.0
0.0
0.0
10.0
10.0
0.0
0.0
0.0
0.0
50.0
10.0
0.0
0.0
30.0
15.0
0.0
0.0
15.0
15.0
0.0
0.0
170.0
0.0
0.0
40.0
50.0
0.0
10.0
290.0
0.0
0.0
10.0
30.0
15.0
150.0
220.0
0.0
0.0
5.0
325.0
10.0
0.0
0.0
15.0
0.0
0.0
0.0
130.0
0.0
0.0
70.0
40.0
310.0
55.0
10.0
0.0
10.0
0.0
NaN
NaN
0.0
0.0
0.0
50.0
70.0
0.0
0.0
0.0
0.0
0.0
10.0
250.0
260.0
0.0
0.0
70.0
10.0
20.0
0.0
0.0
0.0
20.0
10.0
15.0
10.0
30.0
0.0
0.0
70.0
50.0
60.0
30.0
0.0
0.0
20.0
0.0
60.0
10.0
30.0
10.0
80.0
30.0
0.0
0.0
0.0
70.0
40.0
0.0
0.0
0.0
0.0
0.0
140.0
80.0
100.0
100.0
0.0
0.0
100.0
0.0
0.0
0.0
50.0
0.0
0.0
10.0
240.0
70.0
0.0
0.0
0.0
0.0
0.0
20.0
50.0
20.0
30.0
100.0
60.0
140.0
300.0
200.0
180.0
100.0
0.0
100.0
40.0
0.0
150.0
0.0
0.0
80.0
80.0
60.0
100.0
40.0
0.0
40.0
0.0
40.0
60.0
0.0
0.0
160.0
250.0
NaN
NaN
30.0
300.0
0.0
0.0
0.0
0.0
0.0
150.0
160.0
0.0
0.0
0.0
20.0
120.0
250.0
0.0
100.0
0.0
0.0
30.0
0.0
0.0
0.0
80.0
40.0
0.0
0.0
0.0
0.0
0.0
0.0
15.0
0.0
0.0
190.0
120.0
0.0
0.0
0.0
0.0
0.0
0.0
0.0
0.0
30.0
20.0
0.0
0.0
0.0
0.0
0.0
0.0
0.0
NaN
120.0
0.0
40.0
0.0
0.0
0.0
40.0
0.0
0.0
0.0
0.0
20.0
30.0
40.0
110.0
0.0
0.0
0.0
20.0
0.0
50.0
20.0
0.0
0.0
0.0
0.0
0.0
0.0
140.0
60.0
0.0
60.0
10.0
0.0
0.0
0.0
0.0
0.0
0.0
0.0
120.0
360.0
100.0
0.0
10.0
0.0
120.0
120.0
0.0
0.0
0.0
100.0
10.0
0.0
25.0
20.0
0.0
260.0
0.0
0.0
10.0
60.0
80.0
0.0
0.0
0.0
0.0
0.0
0.0
0.0
20.0
140.0
210.0
0.0
10.0
0.0
0.0
60.0
10.0
0.0
0.0
0.0
40.0
160.0
0.0
0.0
0.0
0.0
50.0
0.0
70.0
0.0
0.0
0.0
0.0
0.0
0.0
0.0
0.0
0.0
50.0
300.0
80.0
0.0
0.0
20.0
25.0
0.0
50.0
0.0
0.0
20.0
24.0
0.0
90.0
90.0
10.0
0.0
0.0
0.0
0.0
80.0
10.0
0.0
80.0
0.0
0.0
10.0
290.0
0.0
10.0
10.0
60.0
0.0
0.0
0.0
0.0
0.0
0.0
20.0
0.0
100.0
70.0
0.0
0.0
0.0
20.0
0.0
0.0
0.0
0.0
60.0
70.0
0.0
0.0
0.0
0.0
250.0
40.0
0.0
0.0
0.0
10.0
0.0
20.0
40.0
0.0
0.0
40.0
40.0
10.0
0.0
20.0
0.0
0.0
10.0
0.0
0.0
0.0
0.0
0.0
10.0
245.0
10.0
60.0
90.0
10.0
0.0
0.0
0.0
0.0
0.0
0.0
10.0
0.0
0.0
110.0
410.0
40.0
20.0
0.0
0.0
0.0
0.0
0.0
0.0
0.0
100.0
85.0
0.0
0.0
0.0
0.0
0.0
0.0
0.0
50.0
110.0
20.0
10.0
0.0
20.0
20.0
85.0
165.0
40.0
0.0
0.0
40.0
0.0
10.0
130.0
0.0
115.0
45.0
200.0
70.0
10.0
15.0
0.0
0.0
0.0
0.0
30.0
25.0
0.0
0.0
0.0
0.0
0.0
30.0
0.0
30.0
30.0
0.0
80.0
0.0
240.0
10.0
70.0
0.0
0.0
0.0
30.0
70.0
80.0
0.0
0.0
0.0
60.0
40.0
0.0
0.0
0.0
0.0
0.0
50.0
30.0
20.0
0.0
0.0
0.0
0.0
0.0
0.0
0.0
0.0
10.0
10.0
0.0
0.0
100.0
150.0
150.0
250.0
350.0
60.0
60.0
40.0
20.0
50.0
0.0
0.0
35.0
0.0
130.0
0.0
0.0
0.0
0.0
0.0
70.0
140.0
60.0
0.0
80.0
0.0
0.0
50.0
0.0
40.0
0.0
0.0
20.0
0.0
30.0
130.0
80.0
0.0
100.0
100.0
30.0
0.0
150.0
150.0
150.0
0.0
40.0
0.0
0.0
0.0
0.0
0.0
0.0
0.0
50.0
250.0
0.0
0.0
0.0
0.0
20.0
0.0
0.0
0.0
100.0
20.0
200.0
0.0
0.0
0.0
0.0
0.0
0.0
0.0
10.0
0.0
0.0
0.0
70.0
20.0
90.0
10.0
0.0
0.0
0.0
0.0
0.0
0.0
30.0
0.0
0.0
0.0
20.0
50.0
70.0
20.0
0.0
0.0
0.0
0.0
0.0
20.0
40.0
0.0
0.0
0.0
0.0
0.0
70.0
0.0
60.0
200.0
0.0
0.0
0.0
15.0
65.0
100.0
50.0
0.0
0.0
0.0
0.0
0.0
0.0
0.0
0.0
0.0
0.0
50.0
210.0
20.0
0.0
0.0
20.0
0.0
120.0
55.0
0.0
0.0
30.0
0.0
0.0
160.0
0.0
0.0
0.0
20.0
110.0
40.0
0.0
0.0
10.0
120.0
50.0
0.0
0.0
0.0
6.0
0.0
0.0
0.0
0.0
0.0
0.0
0.0
0.0
0.0
0.0
0.0
0.0
0.0
0.0
0.0
0.0
0.0
0.0
0.0
67.0
0.0
755.0
22.0
0.0
0.0
0.0
0.0
82.0
72.0
74.0
18.0
4.0
10.0
0.0
0.0
6.0
24.0
14.0
38.0
20.0
23.0
10.0
0.0
0.0
520.0
23.0
0.0
0.0
0.0
200.0
142.0
0.0
0.0
0.0
0.0
27.0
326.0
3.0
0.0
0.0
0.0
0.0
0.0
212.0
38.0
0.0
245.0
0.0
0.0
0.0
0.0
0.0
0.0
0.0
0.0
0.0
42.0
0.0
30.0
20.0
0.0
0.0
0.0
23.0
0.0
0.0
0.0
0.0
0.0
72.0
33.0
42.0
0.0
0.0
0.0
0.0
0.0
63.0
8.0
0.0
242.0
0.0
0.0
50.0
0.0
85.0
213.0
40.0
0.0
0.0
155.0
0.0
0.0
0.0
0.0
10.0
0.0
68.0
8.0
183.0
14.0
65.0
3.0
0.0
0.0
0.0
0.0
0.0
113.0
58.0
20.0
0.0
0.0
6.0
110.0
90.0
8.0
20.0
71.0
0.0
25.0
137.0
110.0
120.0
32.0
76.0
135.0
40.0
55.0
30.0
0.0
105.0
65.0
40.0
0.0
323.0
200.0
40.0
40.0
40.0
300.0
20.0
30.0
0.0
0.0
50.0
40.0
40.0
100.0
30.0
40.0
NaN
NaN
0.0
0.0
0.0
0.0
NaN
0.0
0.0
50.0
0.0
180.0
0.0
200.0
720.0
300.0
150.0
15.0
NaN
0.0
100.0
0.0
50.0
0.0
0.0
0.0
0.0
0.0
150.0
100.0
0.0
0.0
0.0
0.0
0.0
0.0
50.0
0.0
0.0
100.0
0.0
0.0
0.0
0.0
100.0
0.0
0.0
0.0
0.0
0.0
0.0
150.0
80.0
100.0
300.0
0.0
0.0
0.0
150.0
50.0
50.0
NaN
250.0
0.0
150.0
100.0
130.0
50.0
140.0
0.0
50.0
130.0
0.0
0.0
80.0
40.0
130.0
80.0
0.0
90.0
0.0
0.0
0.0
NaN
0.0
0.0
20.0
0.0
0.0
160.0
10.0
0.0
0.0
160.0
100.0
50.0
40.0
100.0
70.0
50.0
0.0
30.0
0.0
20.0
0.0
0.0
0.0
0.0
0.0
10.0
0.0
0.0
0.0
0.0
50.0
80.0
20.0
40.0
0.0
0.0
40.0
70.0
0.0
0.0
0.0
0.0
0.0
0.0
30.0
70.0
50.0
0.0
0.0
0.0
0.0
NaN
0.0
50.0
120.0
235.0
20.0
90.0
30.0
0.0
15.0
40.0
210.0
0.0
100.0
0.0
20.0
75.0
70.0
0.0
0.0
170.0
25.0
10.0
0.0
0.0
0.0
0.0
0.0
0.0
0.0
93.0
150.0
0.0
0.0
0.0
0.0
0.0
0.0
50.0
18.0
240.0
80.0
0.0
0.0
25.0
0.0
0.0
0.0
0.0
0.0
0.0
0.0
0.0
10.0
15.0
120.0
47.0
10.0
68.0
95.0
0.0
23.0
30.0
55.0
10.0
0.0
0.0
0.0
0.0
25.0
5.0
55.0
0.0
115.0
0.0
110.0
25.0
0.0
0.0
0.0
0.0
70.0
0.0
0.0
40.0
0.0
0.0
0.0
0.0
0.0
20.0
0.0
0.0
0.0
30.0
85.0
230.0
12.0
0.0
0.0
520.0
0.0
0.0
0.0
30.0
0.0
0.0
10.0
0.0
0.0
0.0
175.0
100.0
0.0
0.0
0.0
0.0
0.0
0.0
0.0
50.0
10.0
0.0
0.0
0.0
0.0
0.0
170.0
20.0
18.0
0.0
0.0
70.0
34.0
0.0
90.0
0.0
0.0
0.0
270.0
0.0
0.0
0.0
0.0
0.0
0.0
0.0
0.0
0.0
0.0
0.0
170.0
10.0
20.0
0.0
0.0
20.0
145.0
55.0
120.0
10.0
0.0
0.0
0.0
0.0
20.0
33.0
15.0
120.0
15.0
43.0
230.0
15.0
40.0
15.0
0.0
93.0
15.0
0.0
0.0
0.0
115.0
0.0
NaN
0.0
0.0
0.0
0.0
0.0
0.0
0.0
55.0
195.0
0.0
0.0
0.0
0.0
155.0
85.0
0.0
10.0
0.0
0.0
150.0
80.0
10.0
90.0
130.0
80.0
65.0
0.0
140.0
400.0
15.0
0.0
50.0
100.0
0.0
150.0
0.0
0.0
0.0
100.0
0.0
100.0
0.0
0.0
40.0
50.0
0.0
0.0
NaN
50.0
50.0
40.0
0.0
45.0
40.0
60.0
0.0
40.0
40.0
20.0
150.0
80.0
0.0
0.0
117.0
0.0
0.0
20.0
100.0
115.0
35.0
200.0
190.0
20.0
0.0
145.0
200.0
150.0
100.0
0.0
0.0
0.0
308.0
0.0
50.0
10.0
0.0
170.0
160.0
450.0
50.0
0.0
250.0
350.0
100.0
80.0
0.0
0.0
200.0
250.0
200.0
50.0
0.0
0.0
20.0
140.0
0.0
50.0
120.0
0.0
180.0
70.0
0.0
0.0
40.0
0.0
0.0
0.0
160.0
0.0
0.0
0.0
0.0
0.0
0.0
50.0
80.0
0.0
80.0
140.0
140.0
0.0
0.0
20.0
320.0
500.0
90.0
50.0
0.0
0.0
90.0
130.0
0.0
83.0
0.0
0.0
0.0
20.0
20.0
80.0
0.0
40.0
100.0
0.0
0.0
100.0
100.0
140.0
0.0
0.0
0.0
20.0
0.0
10.0
0.0
0.0
10.0
130.0
0.0
0.0
50.0
0.0
70.0
0.0
0.0
0.0
0.0
0.0
23.0
0.0
20.0
35.0
0.0
0.0
0.0
65.0
20.0
0.0
40.0
60.0
0.0
0.0
45.0
60.0
0.0
0.0
0.0
0.0
0.0
0.0
90.0
5.0
0.0
50.0
20.0
40.0
200.0
0.0
105.0
0.0
0.0
40.0
40.0
0.0
83.0
30.0
0.0
125.0
50.0
20.0
0.0
60.0
10.0
0.0
0.0
0.0
0.0
30.0
0.0
0.0
0.0
0.0
18.0
40.0
0.0
0.0
0.0
0.0
0.0
0.0
20.0
160.0
0.0
0.0
0.0
0.0
15.0
0.0
0.0
0.0
55.0
0.0
0.0
10.0
260.0
40.0
0.0
170.0
0.0
0.0
0.0
0.0
0.0
0.0
140.0
140.0
5.0
205.0
0.0
0.0
24.0
0.0
290.0
0.0
0.0
0.0
0.0
0.0
240.0
0.0
200.0
0.0
0.0
0.0
10.0
0.0
0.0
0.0
0.0
0.0
10.0
22.0
5.0
0.0
0.0
0.0
15.0
0.0
0.0
0.0
0.0
0.0
0.0
0.0
0.0
55.0
0.0
125.0
5.0
5.0
190.0
0.0
20.0
0.0
0.0
385.0
300.0
35.0
0.0
0.0
0.0
0.0
0.0
0.0
0.0
25.0
35.0
0.0
10.0
0.0
0.0
20.0
20.0
0.0
0.0
20.0
110.0
13.0
2.0
0.0
0.0
0.0
3.0
220.0
0.0
170.0
25.0
0.0
25.0
30.0
23.0
110.0
0.0
0.0
0.0
235.0
10.0
0.0
20.0
0.0
120.0
5.0
20.0
10.0
0.0
140.0
0.0
0.0
0.0
60.0
0.0
10.0
0.0
0.0
0.0
20.0
70.0
90.0
200.0
40.0
0.0
0.0
100.0
20.0
60.0
0.0
0.0
50.0
170.0
10.0
10.0
30.0
0.0
0.0
0.0
0.0
0.0
NaN
80.0
50.0
50.0
50.0
0.0
0.0
0.0
0.0
NaN
NaN
10.0
0.0
50.0
0.0
0.0
140.0
60.0
0.0
15.0
0.0
0.0
0.0
90.0
60.0
50.0
80.0
30.0
0.0
0.0
0.0
0.0
0.0
0.0
0.0
0.0
0.0
0.0
0.0
0.0
0.0
0.0
0.0
0.0
15.0
20.0
50.0
0.0
0.0
0.0
150.0
100.0
30.0
0.0
25.0
240.0
310.0
20.0
65.0
70.0
160.0
200.0
75.0
80.0
100.0
150.0
25.0
0.0
0.0
50.0
80.0
0.0
0.0
60.0
40.0
50.0
70.0
0.0
0.0
0.0
100.0
0.0
0.0
10.0
0.0
0.0
0.0
0.0
0.0
0.0
0.0
0.0
0.0
100.0
0.0
0.0
0.0
0.0
0.0
65.0
90.0
0.0
0.0
0.0
0.0
0.0
0.0
0.0
0.0
45.0
0.0
0.0
35.0
35.0
10.0
0.0
20.0
0.0
280.0
300.0
40.0
55.0
50.0
100.0
0.0
0.0
0.0
20.0
185.0
170.0
0.0
0.0
0.0
0.0
0.0
20.0
10.0
0.0
55.0
0.0
170.0
195.0
60.0
60.0
0.0
0.0
0.0
0.0
0.0
50.0
0.0
0.0
0.0
0.0
0.0
45.0
0.0
180.0
0.0
0.0
0.0
0.0
0.0
0.0
0.0
0.0
0.0
0.0
0.0
0.0
0.0
0.0
70.0
30.0
0.0
0.0
0.0
0.0
0.0
0.0
0.0
100.0
75.0
0.0
0.0
0.0
0.0
0.0
20.0
20.0
0.0
0.0
0.0
0.0
0.0
0.0
0.0
0.0
0.0
0.0
10.0
70.0
10.0
0.0
10.0
0.0
0.0
0.0
10.0
0.0
0.0
0.0
0.0
100.0
30.0
5.0
0.0
0.0
0.0
0.0
0.0
0.0
0.0
10.0
0.0
0.0
0.0
200.0
0.0
0.0
0.0
10.0
20.0
0.0
0.0
0.0
0.0
0.0
45.0
0.0
0.0
0.0
0.0
0.0
0.0
0.0
0.0
0.0
0.0
0.0
0.0
0.0
0.0
0.0
0.0
0.0
0.0
0.0
0.0
20.0
40.0
0.0
50.0
0.0
0.0
0.0
0.0
10.0
15.0
125.0
0.0
0.0
0.0
10.0
0.0
0.0
0.0
0.0
0.0
0.0
5.0
0.0
0.0
10.0
0.0
50.0
155.0
5.0
25.0
0.0
0.0
45.0
40.0
0.0
0.0
120.0
10.0
0.0
0.0
0.0
0.0
20.0
60.0
0.0
0.0
0.0
30.0
0.0
80.0
90.0
0.0
10.0
0.0
0.0
10.0
5.0
0.0
0.0
0.0
0.0
75.0
0.0
0.0
0.0
150.0
40.0
20.0
0.0
0.0
0.0
155.0
30.0
0.0
0.0
0.0
0.0
0.0
90.0
5.0
0.0
0.0
60.0
30.0
0.0
45.0
15.0
0.0
0.0
0.0
0.0
0.0
25.0
0.0
0.0
0.0
0.0
0.0
0.0
0.0
20.0
0.0
55.0
0.0
0.0
25.0
195.0
30.0
0.0
0.0
55.0
15.0
120.0
0.0
10.0
0.0
45.0
0.0
0.0
40.0
0.0
120.0
40.0
0.0
0.0
0.0
100.0
0.0
0.0
0.0
15.0
20.0
135.0
0.0
0.0
0.0
0.0
0.0
0.0
0.0
0.0
10.0
30.0
0.0
60.0
0.0
20.0
278.0
250.0
50.0
0.0
0.0
100.0
0.0
0.0
140.0
100.0
250.0
40.0
350.0
450.0
250.0
300.0
350.0
0.0
25.0
100.0
180.0
150.0
100.0
100.0
150.0
150.0
0.0
50.0
20.0
0.0
0.0
0.0
850.0
0.0
0.0
0.0
0.0
30.0
0.0
0.0
0.0
0.0
0.0
80.0
25.0
45.0
20.0
0.0
0.0
10.0
0.0
0.0
0.0
100.0
0.0
0.0
0.0
100.0
100.0
40.0
0.0
0.0
0.0
0.0
0.0
30.0
0.0
0.0
100.0
0.0
0.0
20.0
50.0
0.0
50.0
0.0
0.0
0.0
0.0
0.0
0.0
0.0
0.0
0.0
0.0
0.0
15.0
15.0
0.0
0.0
100.0
0.0
0.0
0.0
0.0
0.0
0.0
0.0
0.0
0.0
0.0
10.0
0.0
0.0
10.0
0.0
40.0
90.0
0.0
0.0
0.0
0.0
0.0
0.0
0.0
0.0
105.0
0.0
0.0
0.0
0.0
0.0
0.0
0.0
0.0
0.0
0.0
0.0
0.0
0.0
0.0
0.0
0.0
0.0
0.0
0.0
40.0
0.0
10.0
5.0
0.0
0.0
0.0
0.0
0.0
0.0
20.0
460.0
45.0
0.0
0.0
0.0
0.0
65.0
40.0
280.0
0.0
0.0
0.0
0.0
0.0
0.0
15.0
35.0
0.0
0.0
0.0
0.0
0.0
0.0
0.0
0.0
0.0
0.0
125.0
115.0
10.0
0.0
15.0
0.0
0.0
0.0
0.0
0.0
0.0
85.0
0.0
0.0
100.0
25.0
0.0
0.0
40.0
0.0
115.0
0.0
0.0
0.0
0.0
50.0
20.0
0.0
0.0
0.0
0.0
0.0
0.0
0.0
0.0
0.0
65.0
0.0
0.0
0.0
0.0
10.0
0.0
0.0
0.0
0.0
0.0
0.0
120.0
0.0
0.0
205.0
0.0
110.0
0.0
175.0
0.0
45.0
25.0
0.0
35.0
20.0
0.0
0.0
20.0
0.0
0.0
0.0
0.0
0.0
0.0
0.0
0.0
13.0
0.0
0.0
0.0
0.0
0.0
0.0
0.0
0.0
0.0
0.0
0.0
0.0
40.0
0.0
0.0
5.0
0.0
15.0
10.0
40.0
0.0
0.0
0.0
0.0
0.0
30.0
0.0
0.0
30.0
0.0
0.0
0.0
0.0
170.0
410.0
70.0
30.0
35.0
20.0
10.0
60.0
0.0
0.0
30.0
10.0
0.0
0.0
20.0
140.0
0.0
0.0
30.0
20.0
0.0
0.0
30.0
140.0
160.0
70.0
10.0
15.0
0.0
0.0
0.0
0.0
60.0
0.0
70.0
390.0
290.0
0.0
0.0
0.0
0.0
0.0
0.0
70.0
0.0
0.0
0.0
0.0
0.0
0.0
0.0
0.0
50.0
40.0
25.0
0.0
120.0
15.0
30.0
80.0
30.0
100.0
20.0
0.0
0.0
10.0
110.0
80.0
230.0
30.0
0.0
0.0
20.0
60.0
0.0
0.0
0.0
30.0
85.0
0.0
220.0
0.0
50.0
100.0
50.0
80.0
150.0
40.0
50.0
110.0
100.0
180.0
150.0
0.0
0.0
40.0
20.0
100.0
20.0
0.0
30.0
20.0
0.0
0.0
90.0
50.0
30.0
30.0
0.0
0.0
20.0
0.0
110.0
150.0
0.0
50.0
50.0
100.0
0.0
40.0
0.0
0.0
0.0
20.0
40.0
0.0
0.0
20.0
50.0
0.0
30.0
0.0
0.0
40.0
0.0
150.0
0.0
20.0
140.0
0.0
50.0
0.0
0.0
0.0
50.0
30.0
0.0
0.0
10.0
210.0
0.0
70.0
20.0
0.0
15.0
100.0
0.0
0.0
0.0
0.0
0.0
0.0
0.0
50.0
80.0
0.0
0.0
30.0
60.0
0.0
0.0
0.0
0.0
140.0
0.0
0.0
0.0
0.0
0.0
0.0
70.0
20.0
90.0
0.0
0.0
0.0
30.0
20.0
10.0
105.0
20.0
10.0
80.0
100.0
0.0
0.0
40.0
20.0
0.0
0.0
0.0
0.0
0.0
0.0
20.0
490.0
65.0
10.0
0.0
0.0
0.0
0.0
0.0
0.0
0.0
0.0
80.0
0.0
0.0
0.0
0.0
0.0
40.0
70.0
130.0
90.0
120.0
270.0
10.0
0.0
0.0
35.0
235.0
20.0
0.0
0.0
0.0
0.0
110.0
50.0
10.0
0.0
0.0
0.0
0.0
0.0
0.0
120.0
0.0
0.0
0.0
0.0
0.0
0.0
60.0
35.0
185.0
35.0
20.0
15.0
15.0
20.0
10.0
0.0
0.0
10.0
35.0
15.0
60.0
0.0
140.0
0.0
85.0
0.0
30.0
20.0
0.0
10.0
0.0
0.0
0.0
0.0
0.0
0.0
0.0
10.0
0.0
0.0
0.0
20.0
10.0
30.0
15.0
0.0
0.0
0.0
40.0
0.0
0.0
0.0
0.0
0.0
0.0
15.0
0.0
0.0
5.0
15.0
125.0
0.0
0.0
0.0
15.0
210.0
0.0
130.0
10.0
10.0
0.0
0.0
70.0
0.0
130.0
0.0
0.0
0.0
0.0
0.0
0.0
220.0
0.0
0.0
100.0
140.0
0.0
0.0
180.0
0.0
0.0
0.0
0.0
20.0
0.0
0.0
0.0
10.0
0.0
0.0
55.0
15.0
40.0
0.0
200.0
100.0
10.0
0.0
0.0
0.0
200.0
20.0
25.0
20.0
0.0
0.0
0.0
0.0
0.0
0.0
0.0
0.0
0.0
5.0
0.0
20.0
220.0
45.0
15.0
0.0
0.0
0.0
0.0
30.0
0.0
0.0
0.0
0.0
10.0
0.0
0.0
0.0
0.0
20.0
0.0
0.0
80.0
0.0
0.0
0.0
0.0
0.0
0.0
0.0
15.0
60.0
0.0
0.0
0.0
20.0
165.0
60.0
0.0
10.0
70.0
130.0
10.0
130.0
200.0
250.0
50.0
150.0
300.0
150.0
0.0
0.0
50.0
20.0
10.0
20.0
0.0
0.0
150.0
0.0
0.0
150.0
250.0
150.0
50.0
200.0
0.0
0.0
150.0
100.0
150.0
50.0
0.0
115.0
210.0
150.0
NaN
NaN
200.0
150.0
100.0
50.0
0.0
100.0
0.0
0.0
0.0
50.0
0.0
0.0
0.0
150.0
100.0
100.0
0.0
100.0
0.0
50.0
0.0
0.0
0.0
0.0
20.0
40.0
NaN
0.0
0.0
0.0
0.0
50.0
0.0
0.0
100.0
0.0
50.0
0.0
50.0
50.0
40.0
NaN
150.0
150.0
0.0
50.0
0.0
50.0
200.0
200.0
410.0
150.0
0.0
0.0
0.0
NaN
0.0
150.0
0.0
0.0
0.0
50.0
0.0
80.0
100.0
140.0
0.0
50.0
150.0
100.0
50.0
0.0
0.0
50.0
250.0
0.0
0.0
0.0
0.0
50.0
0.0
50.0
120.0
0.0
0.0
0.0
0.0
0.0
0.0
0.0
0.0
0.0
0.0
200.0
130.0
100.0
0.0
0.0
0.0
0.0
0.0
0.0
0.0
0.0
0.0
100.0
30.0
10.0
0.0
20.0
0.0
30.0
5.0
0.0
0.0
0.0
110.0
0.0
0.0
0.0
20.0
40.0
0.0
10.0
20.0
0.0
20.0
0.0
0.0
0.0
0.0
0.0
0.0
0.0
10.0
0.0
0.0
20.0
0.0
0.0
30.0
30.0
0.0
0.0
0.0
0.0
10.0
10.0
20.0
0.0
0.0
50.0
260.0
0.0
150.0
260.0
55.0
85.0
60.0
0.0
0.0
0.0
40.0
80.0
10.0
0.0
0.0
0.0
0.0
0.0
0.0
130.0
0.0
0.0
0.0
0.0
100.0
0.0
0.0
0.0
0.0
0.0
200.0
30.0
0.0
0.0
0.0
0.0
0.0
0.0
0.0
170.0
20.0
10.0
0.0
0.0
0.0
0.0
0.0
0.0
0.0
30.0
0.0
0.0
0.0
0.0
0.0
100.0
10.0
0.0
0.0
0.0
0.0
30.0
0.0
0.0
0.0
0.0
0.0
0.0
0.0
0.0
0.0
0.0
0.0
0.0
0.0
0.0
0.0
0.0
0.0
70.0
0.0
0.0
0.0
0.0
0.0
0.0
90.0
140.0
25.0
110.0
0.0
0.0
0.0
0.0
0.0
0.0
20.0
120.0
0.0
0.0
220.0
0.0
0.0
0.0
270.0
10.0
0.0
0.0
50.0
40.0
470.0
100.0
0.0
130.0
0.0
0.0
0.0
0.0
0.0
0.0
190.0
110.0
40.0
0.0
10.0
110.0
295.0
110.0
70.0
0.0
0.0
0.0
0.0
0.0
0.0
20.0
150.0
110.0
0.0
0.0
0.0
50.0
10.0
60.0
20.0
165.0
30.0
310.0
40.0
15.0
50.0
10.0
15.0
80.0
115.0
100.0
135.0
65.0
0.0
0.0
0.0
20.0
50.0
60.0
30.0
10.0
20.0
0.0
0.0
10.0
130.0
0.0
0.0
20.0
0.0
20.0
20.0
0.0
0.0
10.0
0.0
165.0
50.0
0.0
0.0
0.0
30.0
35.0
0.0
90.0
70.0
155.0
95.0
20.0
10.0
10.0
15.0
10.0
0.0
0.0
0.0
0.0
0.0
0.0
80.0
30.0
200.0
0.0
40.0
35.0
20.0
140.0
60.0
0.0
0.0
100.0
200.0
150.0
130.0
250.0
250.0
200.0
200.0
300.0
0.0
0.0
0.0
0.0
0.0
50.0
0.0
0.0
50.0
40.0
20.0
100.0
0.0
100.0
150.0
150.0
200.0
100.0
0.0
0.0
100.0
0.0
0.0
0.0
0.0
0.0
0.0
0.0
0.0
50.0
30.0
130.0
100.0
300.0
100.0
50.0
0.0
0.0
0.0
0.0
80.0
0.0
50.0
0.0
0.0
60.0
80.0
0.0
0.0
80.0
140.0
10.0
0.0
0.0
0.0
50.0
150.0
50.0
0.0
100.0
60.0
170.0
200.0
50.0
0.0
0.0
230.0
180.0
0.0
0.0
0.0
0.0
0.0
20.0
0.0
50.0
0.0
0.0
120.0
180.0
150.0
100.0
0.0
0.0
0.0
0.0
15.0
105.0
20.0
0.0
0.0
140.0
0.0
150.0
NaN
0.0
70.0
360.0
20.0
0.0
0.0
90.0
0.0
10.0
0.0
0.0
20.0
90.0
0.0
0.0
50.0
0.0
0.0
40.0
30.0
20.0
80.0
115.0
15.0
10.0
100.0
40.0
0.0
0.0
0.0
30.0
0.0
0.0
75.0
0.0
75.0
30.0
15.0
0.0
55.0
15.0
0.0
0.0
0.0
15.0
0.0
0.0
0.0
0.0
90.0
0.0
0.0
0.0
70.0
80.0
40.0
0.0
0.0
0.0
35.0
10.0
0.0
0.0
10.0
0.0
0.0
160.0
0.0
20.0
200.0
40.0
55.0
0.0
0.0
0.0
0.0
0.0
10.0
30.0
40.0
0.0
185.0
40.0
0.0
0.0
0.0
0.0
0.0
0.0
0.0
0.0
0.0
0.0
80.0
0.0
0.0
0.0
0.0
0.0
0.0
0.0
0.0
0.0
0.0
0.0
0.0
30.0
40.0
0.0
0.0
10.0
30.0
40.0
0.0
50.0
0.0
0.0
80.0
0.0
0.0
70.0
0.0
0.0
0.0
0.0
0.0
0.0
0.0
0.0
0.0
20.0
0.0
35.0
10.0
0.0
40.0
0.0
180.0
130.0
0.0
0.0
0.0
0.0
0.0
0.0
0.0
0.0
0.0
0.0
NaN
0.0
0.0
0.0
0.0
0.0
0.0
0.0
90.0
0.0
0.0
0.0
15.0
0.0
0.0
0.0
0.0
70.0
100.0
10.0
50.0
0.0
0.0
0.0
0.0
0.0
0.0
0.0
NaN
30.0
60.0
0.0
140.0
10.0
50.0
30.0
20.0
0.0
0.0
0.0
50.0
20.0
0.0
0.0
0.0
30.0
180.0
75.0
45.0
60.0
50.0
0.0
0.0
90.0
40.0
15.0
0.0
0.0
10.0
70.0
70.0
35.0
10.0
10.0
40.0
0.0
20.0
0.0
100.0
85.0
20.0
10.0
0.0
40.0
0.0
100.0
50.0
10.0
30.0
35.0
10.0
0.0
0.0
100.0
60.0
0.0
200.0
20.0
70.0
90.0
250.0
0.0
200.0
50.0
50.0
0.0
50.0
NaN
0.0
0.0
0.0
0.0
0.0
0.0
180.0
0.0
0.0
30.0
100.0
120.0
50.0
50.0
50.0
50.0
20.0
0.0
0.0
0.0
0.0
50.0
0.0
0.0
50.0
100.0
0.0
50.0
50.0
0.0
0.0
60.0
180.0
50.0
0.0
190.0
90.0
310.0
50.0
NaN
NaN
50.0
150.0
50.0
50.0
NaN
NaN
250.0
30.0
0.0
30.0
0.0
0.0
0.0
0.0
0.0
NaN
250.0
100.0
100.0
50.0
300.0
0.0
150.0
300.0
200.0
150.0
0.0
0.0
0.0
30.0
0.0
0.0
0.0
0.0
150.0
NaN
NaN
0.0
0.0
0.0
0.0
50.0
100.0
50.0
150.0
0.0
0.0
100.0
250.0
50.0
0.0
0.0
0.0
0.0
0.0
0.0
0.0
0.0
0.0
NaN
0.0
30.0
0.0
0.0
100.0
0.0
0.0
0.0
150.0
0.0
50.0
30.0
0.0
10.0
170.0
50.0
80.0
0.0
50.0
0.0
0.0
0.0
0.0
0.0
0.0
0.0
140.0
70.0
10.0
110.0
0.0
120.0
40.0
50.0
0.0
0.0
0.0
0.0
0.0
0.0
0.0
NaN
60.0
0.0
0.0
0.0
120.0
10.0
0.0
0.0
0.0
80.0
220.0
80.0
20.0
0.0
0.0
30.0
0.0
0.0
0.0
140.0
0.0
0.0
140.0
30.0
0.0
30.0
20.0
0.0
0.0
40.0
10.0
0.0
0.0
0.0
190.0
20.0
0.0
30.0
370.0
10.0
140.0
10.0
0.0
0.0
0.0
0.0
0.0
0.0
0.0
0.0
0.0
0.0
0.0
0.0
0.0
0.0
170.0
0.0
60.0
10.0
0.0
0.0
0.0
45.0
0.0
0.0
30.0
0.0
0.0
0.0
175.0
290.0
50.0
0.0
0.0
130.0
0.0
0.0
0.0
0.0
100.0
0.0
0.0
0.0
0.0
0.0
110.0
10.0
0.0
0.0
150.0
30.0
0.0
0.0
160.0
0.0
0.0
0.0
0.0
0.0
0.0
0.0
0.0
0.0
0.0
0.0
0.0
0.0
0.0
0.0
0.0
0.0
170.0
0.0
0.0
0.0
200.0
10.0
0.0
0.0
40.0
0.0
0.0
0.0
0.0
20.0
0.0
0.0
0.0
0.0
0.0
0.0
0.0
0.0
0.0
0.0
100.0
290.0
5.0
0.0
60.0
225.0
0.0
0.0
310.0
150.0
200.0
20.0
70.0
25.0
60.0
70.0
35.0
230.0
10.0
240.0
60.0
90.0
20.0
0.0
0.0
0.0
0.0
40.0
0.0
0.0
260.0
40.0
25.0
10.0
70.0
0.0
0.0
20.0
10.0
10.0
20.0
30.0
10.0
0.0
80.0
0.0
0.0
0.0
140.0
95.0
120.0
240.0
0.0
0.0
100.0
0.0
0.0
100.0
30.0
320.0
250.0
60.0
50.0
40.0
0.0
130.0
10.0
0.0
0.0
0.0
0.0
100.0
0.0
0.0
130.0
190.0
50.0
0.0
130.0
0.0
0.0
0.0
0.0
0.0
0.0
0.0
70.0
70.0
100.0
400.0
0.0
50.0
0.0
30.0
100.0
50.0
50.0
0.0
0.0
30.0
70.0
0.0
0.0
0.0
0.0
160.0
140.0
0.0
0.0
20.0
200.0
0.0
50.0
300.0
150.0
100.0
100.0
0.0
NaN
NaN
100.0
0.0
100.0
NaN
0.0
100.0
150.0
0.0
0.0
300.0
500.0
0.0
0.0
0.0
100.0
300.0
200.0
250.0
300.0
50.0
0.0
50.0
90.0
0.0
50.0
100.0
0.0
0.0
100.0
150.0
30.0
0.0
70.0
0.0
0.0
0.0
0.0
0.0
40.0
NaN
50.0
0.0
20.0
0.0
0.0
0.0
0.0
0.0
0.0
80.0
0.0
0.0
250.0
130.0
0.0
50.0
0.0
0.0
0.0
80.0
80.0
0.0
30.0
0.0
0.0
0.0
10.0
10.0
90.0
0.0
10.0
10.0
40.0
30.0
80.0
0.0
0.0
60.0
100.0
10.0
0.0
0.0
40.0
0.0
0.0
30.0
0.0
0.0
0.0
0.0
0.0
10.0
0.0
0.0
0.0
40.0
130.0
0.0
20.0
20.0
80.0
0.0
0.0
10.0
140.0
20.0
10.0
40.0
30.0
80.0
165.0
50.0
10.0
50.0
0.0
120.0
0.0
0.0
30.0
10.0
60.0
0.0
10.0
30.0
0.0
0.0
230.0
30.0
0.0
10.0
0.0
370.0
500.0
20.0
10.0
0.0
0.0
0.0
0.0
0.0
140.0
20.0
0.0
0.0
0.0
0.0
0.0
0.0
10.0
10.0
0.0
0.0
0.0
70.0
80.0
0.0
0.0
30.0
0.0
0.0
0.0
120.0
10.0
210.0
20.0
0.0
0.0
20.0
20.0
0.0
0.0
0.0
0.0
0.0
90.0
10.0
40.0
20.0
0.0
0.0
0.0
0.0
0.0
280.0
230.0
200.0
0.0
0.0
0.0
0.0
0.0
0.0
0.0
0.0
0.0
0.0
0.0
0.0
0.0
0.0
40.0
10.0
0.0
0.0
0.0
10.0
0.0
0.0
0.0
0.0
20.0
40.0
80.0
0.0
0.0
0.0
0.0
0.0
0.0
0.0
0.0
0.0
0.0
0.0
0.0
0.0
0.0
185.0
70.0
50.0
55.0
0.0
0.0
0.0
0.0
0.0
0.0
0.0
200.0
10.0
15.0
10.0
0.0
0.0
0.0
0.0
0.0
0.0
0.0
0.0
0.0
0.0
0.0
0.0
0.0
0.0
0.0
0.0
0.0
0.0
0.0
0.0
0.0
70.0
60.0
20.0
40.0
0.0
0.0
0.0
170.0
10.0
0.0
0.0
0.0
0.0
20.0
300.0
190.0
20.0
0.0
0.0
0.0
0.0
0.0
100.0
10.0
0.0
15.0
0.0
0.0
30.0
10.0
15.0
120.0
20.0
0.0
150.0
10.0
0.0
10.0
30.0
0.0
30.0
0.0
0.0
0.0
0.0
0.0
10.0
45.0
0.0
25.0
40.0
0.0
0.0
20.0
200.0
100.0
60.0
20.0
70.0
0.0
80.0
20.0
50.0
0.0
140.0
0.0
0.0
390.0
0.0
0.0
120.0
50.0
100.0
100.0
50.0
0.0
200.0
0.0
100.0
0.0
50.0
0.0
150.0
250.0
NaN
NaN
50.0
0.0
0.0
0.0
90.0
0.0
120.0
60.0
0.0
0.0
0.0
200.0
0.0
0.0
0.0
0.0
10.0
110.0
170.0
50.0
50.0
100.0
50.0
50.0
100.0
0.0
0.0
150.0
0.0
80.0
140.0
0.0
0.0
0.0
0.0
0.0
0.0
0.0
0.0
0.0
0.0
0.0
10.0
50.0
0.0
40.0
0.0
30.0
0.0
40.0
100.0
0.0
20.0
50.0
50.0
20.0
150.0
0.0
0.0
0.0
30.0
70.0
0.0
0.0
50.0
230.0
50.0
0.0
0.0
0.0
20.0
130.0
20.0
80.0
30.0
0.0
100.0
0.0
0.0
0.0
0.0
0.0
0.0
40.0
50.0
0.0
0.0
0.0
0.0
0.0
0.0
0.0
0.0
0.0
0.0
0.0
NaN
NaN
15.0
0.0
0.0
NaN
NaN
0.0
0.0
0.0
0.0
0.0
0.0
0.0
0.0
0.0
0.0
0.0
40.0
90.0
0.0
0.0
310.0
160.0
70.0
160.0
20.0
0.0
0.0
0.0
0.0
10.0
10.0
0.0
0.0
0.0
0.0
0.0
0.0
0.0
10.0
0.0
40.0
100.0
20.0
0.0
0.0
0.0
0.0
0.0
0.0
0.0
0.0
0.0
0.0
0.0
0.0
0.0
0.0
0.0
0.0
0.0
0.0
0.0
0.0
90.0
0.0
30.0
0.0
0.0
0.0
0.0
30.0
400.0
50.0
120.0
60.0
10.0
0.0
0.0
0.0
15.0
0.0
0.0
0.0
0.0
0.0
0.0
0.0
0.0
0.0
0.0
0.0
0.0
40.0
0.0
0.0
0.0
0.0
0.0
0.0
0.0
0.0
0.0
0.0
0.0
0.0
0.0
20.0
0.0
0.0
0.0
0.0
0.0
35.0
90.0
30.0
0.0
0.0
0.0
0.0
270.0
20.0
0.0
0.0
50.0
0.0
0.0
0.0
0.0
0.0
110.0
20.0
15.0
0.0
0.0
0.0
0.0
0.0
0.0
590.0
25.0
20.0
0.0
0.0
0.0
0.0
0.0
70.0
0.0
240.0
0.0
0.0
0.0
0.0
0.0
0.0
0.0
0.0
30.0
0.0
0.0
0.0
0.0
0.0
0.0
50.0
0.0
70.0
0.0
0.0
0.0
0.0
0.0
70.0
0.0
0.0
480.0
35.0
0.0
250.0
10.0
0.0
0.0
0.0
75.0
0.0
0.0
20.0
0.0
0.0
0.0
0.0
0.0
10.0
0.0
15.0
30.0
0.0
80.0
20.0
30.0
30.0
0.0
20.0
70.0
20.0
10.0
10.0
0.0
0.0
0.0
20.0
210.0
0.0
0.0
0.0
0.0
510.0
60.0
50.0
20.0
20.0
10.0
0.0
60.0
20.0
30.0
220.0
170.0
150.0
50.0
0.0
20.0
60.0
50.0
100.0
300.0
130.0
0.0
15.0
190.0
10.0
40.0
120.0
150.0
150.0
80.0
130.0
80.0
0.0
110.0
0.0
0.0
0.0
0.0
0.0
0.0
150.0
50.0
0.0
80.0
30.0
50.0
50.0
0.0
50.0
115.0
90.0
0.0
0.0
120.0
0.0
0.0
NaN
0.0
0.0
10.0
90.0
20.0
20.0
80.0
20.0
0.0
20.0
50.0
0.0
160.0
0.0
0.0
0.0
190.0
50.0
10.0
150.0
0.0
0.0
0.0
150.0
0.0
0.0
0.0
50.0
120.0
30.0
NaN
40.0
35.0
60.0
450.0
500.0
350.0
0.0
50.0
40.0
50.0
0.0
50.0
100.0
0.0
50.0
290.0
150.0
150.0
100.0
80.0
0.0
0.0
30.0
80.0
0.0
0.0
180.0
50.0
0.0
0.0
0.0
0.0
0.0
0.0
0.0
20.0
170.0
0.0
40.0
270.0
50.0
50.0
0.0
0.0
0.0
0.0
0.0
0.0
0.0
0.0
0.0
0.0
0.0
0.0
0.0
0.0
0.0
0.0
90.0
10.0
50.0
90.0
70.0
20.0
0.0
40.0
0.0
0.0
0.0
10.0
150.0
20.0
0.0
0.0
0.0
0.0
0.0
0.0
0.0
60.0
210.0
80.0
100.0
0.0
0.0
0.0
0.0
0.0
0.0
0.0
0.0
0.0
0.0
10.0
0.0
0.0
0.0
0.0
30.0
130.0
10.0
30.0
0.0
50.0
10.0
50.0
130.0
50.0
30.0
20.0
0.0
0.0
0.0
40.0
20.0
0.0
10.0
0.0
50.0
20.0
0.0
0.0
0.0
0.0
0.0
0.0
0.0
0.0
0.0
0.0
0.0
0.0
0.0
0.0
0.0
10.0
0.0
280.0
40.0
10.0
0.0
0.0
0.0
0.0
0.0
10.0
0.0
0.0
50.0
40.0
30.0
0.0
140.0
0.0
0.0
0.0
0.0
0.0
200.0
110.0
190.0
20.0
0.0
0.0
0.0
0.0
160.0
0.0
0.0
210.0
0.0
0.0
0.0
0.0
240.0
300.0
0.0
0.0
0.0
0.0
0.0
60.0
220.0
10.0
0.0
0.0
0.0
0.0
0.0
0.0
0.0
0.0
0.0
0.0
40.0
0.0
0.0
0.0
0.0
0.0
0.0
0.0
0.0
30.0
20.0
140.0
100.0
60.0
0.0
0.0
0.0
0.0
0.0
120.0
20.0
0.0
0.0
0.0
0.0
90.0
0.0
0.0
0.0
80.0
50.0
0.0
0.0
0.0
0.0
140.0
NaN
NaN
10.0
20.0
110.0
60.0
100.0
0.0
20.0
10.0
0.0
10.0
20.0
40.0
120.0
60.0
0.0
0.0
0.0
0.0
0.0
60.0
290.0
10.0
130.0
80.0
0.0
60.0
205.0
40.0
10.0
15.0
120.0
100.0
50.0
20.0
0.0
0.0
140.0
140.0
10.0
0.0
0.0
0.0
20.0
40.0
20.0
0.0
0.0
120.0
10.0
0.0
140.0
40.0
0.0
10.0
10.0
70.0
120.0
50.0
10.0
25.0
0.0
0.0
0.0
0.0
0.0
0.0
40.0
50.0
20.0
240.0
50.0
240.0
20.0
270.0
300.0
100.0
110.0
70.0
20.0
0.0
0.0
10.0
70.0
0.0
40.0
60.0
0.0
0.0
10.0
0.0
0.0
10.0
90.0
70.0
0.0
10.0
0.0
0.0
0.0
0.0
0.0
130.0
120.0
290.0
0.0
0.0
150.0
60.0
80.0
80.0
30.0
0.0
0.0
350.0
300.0
70.0
150.0
40.0
50.0
60.0
100.0
0.0
0.0
0.0
0.0
0.0
0.0
20.0
0.0
0.0
0.0
0.0
40.0
0.0
100.0
100.0
300.0
50.0
150.0
50.0
30.0
0.0
0.0
30.0
70.0
50.0
130.0
150.0
0.0
40.0
40.0
0.0
190.0
60.0
20.0
0.0
40.0
0.0
20.0
20.0
20.0
20.0
0.0
0.0
150.0
50.0
0.0
0.0
0.0
70.0
0.0
50.0
40.0
0.0
100.0
50.0
20.0
0.0
0.0
0.0
10.0
100.0
0.0
0.0
0.0
0.0
0.0
0.0
40.0
40.0
40.0
0.0
0.0
0.0
0.0
220.0
70.0
0.0
0.0
50.0
250.0
170.0
80.0
40.0
0.0
0.0
20.0
10.0
0.0
0.0
0.0
0.0
20.0
0.0
0.0
0.0
0.0
0.0
0.0
0.0
0.0
0.0
0.0
