NaN
NaN
NaN
NaN
NaN
-20.0038461538
-10.5766666667
-2.73928571429
2.36551724138
NaN
14.762962963
14.9322580645
9.16071428571
2.68666666667
-2.86153846154
-7.3275862069
-13.6392857143
-22.872
NaN
NaN
2.11
7.73571428571
12.8310344828
13.9689655172
8.71428571429
5.58620689655
NaN
NaN
NaN
NaN
NaN
NaN
NaN
NaN
12.0310344828
14.6724137931
NaN
4.86774193548
-1.42592592593
NaN
NaN
-20.9535714286
NaN
-3.61153846154
0.131034482759
7.81
10.5806451613
12.7096774194
12.6482758621
2.78571428571
1.65925925926
NaN
NaN
-17.1928571429
-6.38965517241
-0.221428571429
4.75161290323
10.6724137931
15.6785714286
15.8290322581
8.16896551724
5.40769230769
-2.10344827586
NaN
NaN
NaN
NaN
NaN
NaN
8.91481481481
15.3129032258
16.2612903226
10.44
6.34193548387
-0.253571428571
-8.73793103448
-13.8444444444
-16.35
-6.66666666667
-1.58518518519
3.83333333333
10.9678571429
16.7153846154
14.8903225806
NaN
3.95333333333
NaN
NaN
NaN
-21.6730769231
-16.8766666667
-8.40344827586
-0.162068965517
NaN
12.3266666667
14.3148148148
9.95
5.43928571429
-3.52857142857
NaN
-25.2161290323
-23.3785714286
-21.5483870968
-8.97333333333
0.876666666667
6.27666666667
11.9612903226
13.93
8.78666666667
NaN
-6.97
-9.16333333333
-21.1827586207
-28.8178571429
-14.9612903226
-6.49333333333
1.22903225806
6.56071428571
13.4129032258
14.3580645161
12.3965517241
4.43870967742
0.0733333333333
-5.59333333333
-13.9225806452
-18.6142857143
-10.5384615385
-6.29642857143
2.28846153846
8.8
14.63
15.98
12.6766666667
5.83448275862
1.48620689655
-9.58571428571
-11.7107142857
-14.0785714286
-12.0774193548
-3.925
1.43103448276
8.24482758621
14.2551724138
13.7592592593
NaN
6.76666666667
