0.0
0.0
0.0
5.0
14.0
0.0
26.0
150.0
24.0
0.0
0.0
18.0
14.0
0.0
0.0
0.0
0.0
0.0
0.0
4.0
8.0
0.0
0.0
0.0
0.0
0.0
0.0
142.0
0.0
10.0
90.0
45.0
0.0
21.0
8.0
22.0
0.0
0.0
4.0
0.0
0.0
0.0
14.0
0.0
0.0
26.0
0.0
0.0
35.0
6.0
0.0
30.0
0.0
0.0
0.0
0.0
122.0
2.0
0.0
0.0
0.0
8.0
0.0
65.0
0.0
10.0
0.0
0.0
0.0
0.0
0.0
0.0
0.0
0.0
0.0
0.0
0.0
0.0
0.0
0.0
0.0
0.0
0.0
90.0
0.0
0.0
0.0
0.0
0.0
0.0
0.0
0.0
0.0
0.0
4.0
110.0
0.0
0.0
0.0
0.0
0.0
0.0
0.0
0.0
0.0
0.0
0.0
0.0
0.0
0.0
0.0
0.0
0.0
0.0
0.0
0.0
0.0
0.0
0.0
0.0
0.0
0.0
0.0
0.0
NaN
0.0
0.0
0.0
0.0
NaN
NaN
NaN
NaN
0.0
NaN
0.0
0.0
0.0
0.0
NaN
0.0
0.0
0.0
NaN
0.0
0.0
0.0
NaN
0.0
0.0
NaN
0.0
NaN
0.0
NaN
NaN
0.0
0.0
0.0
0.0
0.0
0.0
0.0
0.0
0.0
0.0
0.0
0.0
0.0
NaN
NaN
NaN
0.0
NaN
0.0
NaN
0.0
0.0
0.0
NaN
0.0
0.0
0.0
NaN
0.0
0.0
0.0
0.0
NaN
NaN
0.0
0.0
0.0
0.0
0.0
NaN
NaN
0.0
0.0
NaN
0.0
0.0
0.0
0.0
0.0
0.0
0.0
0.0
0.0
0.0
0.0
0.0
0.0
0.0
0.0
0.0
0.0
0.0
0.0
0.0
0.0
0.0
0.0
0.0
0.0
0.0
0.0
0.0
0.0
0.0
0.0
0.0
0.0
0.0
0.0
NaN
NaN
0.0
0.0
0.0
3.0
0.0
0.0
0.0
0.0
0.0
0.0
0.0
0.0
0.0
0.0
0.0
43.0
0.0
0.0
0.0
0.0
0.0
150.0
0.0
0.0
0.0
0.0
22.0
10.0
24.0
0.0
0.0
0.0
0.0
0.0
0.0
0.0
0.0
0.0
0.0
0.0
0.0
0.0
0.0
0.0
126.0
72.0
118.0
0.0
8.0
34.0
20.0
0.0
0.0
0.0
0.0
0.0
0.0
0.0
0.0
0.0
0.0
0.0
0.0
0.0
0.0
0.0
0.0
48.0
0.0
0.0
50.0
0.0
0.0
0.0
10.0
0.0
0.0
4.0
12.0
0.0
0.0
0.0
4.0
72.0
4.0
0.0
0.0
0.0
46.0
0.0
0.0
50.0
0.0
0.0
0.0
0.0
0.0
30.0
0.0
0.0
30.0
42.0
5.0
0.0
0.0
16.0
220.0
6.0
0.0
54.0
2.0
72.0
48.0
160.0
0.0
2.0
0.0
0.0
12.0
4.0
4.0
0.0
0.0
160.0
4.0
46.0
44.0
0.0
0.0
25.0
0.0
70.0
120.0
10.0
16.0
68.0
0.0
0.0
0.0
0.0
0.0
90.0
0.0
8.0
0.0
0.0
0.0
0.0
0.0
0.0
0.0
4.0
0.0
0.0
0.0
0.0
0.0
20.0
0.0
0.0
12.0
0.0
0.0
0.0
0.0
0.0
0.0
0.0
2.0
135.0
0.0
0.0
0.0
52.0
20.0
0.0
0.0
0.0
105.0
44.0
0.0
0.0
0.0
64.0
4.0
0.0
0.0
0.0
0.0
0.0
0.0
32.0
0.0
0.0
10.0
5.0
0.0
0.0
0.0
0.0
0.0
0.0
0.0
0.0
0.0
0.0
0.0
0.0
0.0
0.0
0.0
0.0
0.0
0.0
0.0
0.0
0.0
0.0
0.0
0.0
0.0
0.0
0.0
0.0
0.0
0.0
0.0
0.0
0.0
0.0
0.0
0.0
0.0
0.0
NaN
0.0
0.0
NaN
0.0
0.0
NaN
NaN
NaN
0.0
0.0
0.0
0.0
0.0
0.0
0.0
NaN
0.0
0.0
0.0
0.0
4.0
NaN
0.0
0.0
0.0
0.0
0.0
0.0
0.0
0.0
0.0
0.0
0.0
0.0
0.0
0.0
0.0
0.0
0.0
0.0
0.0
0.0
0.0
0.0
NaN
0.0
0.0
0.0
0.0
0.0
0.0
0.0
0.0
0.0
0.0
0.0
0.0
0.0
0.0
0.0
0.0
0.0
0.0
0.0
0.0
0.0
0.0
0.0
0.0
0.0
0.0
0.0
0.0
0.0
0.0
0.0
0.0
0.0
0.0
0.0
0.0
0.0
0.0
0.0
0.0
0.0
0.0
0.0
0.0
0.0
110.0
10.0
0.0
0.0
0.0
0.0
60.0
0.0
0.0
0.0
0.0
0.0
0.0
0.0
0.0
0.0
0.0
0.0
0.0
0.0
0.0
10.0
0.0
0.0
0.0
0.0
30.0
0.0
40.0
0.0
0.0
0.0
50.0
10.0
0.0
0.0
10.0
0.0
0.0
0.0
0.0
0.0
0.0
0.0
0.0
60.0
0.0
0.0
0.0
0.0
0.0
0.0
0.0
14.0
20.0
0.0
0.0
0.0
0.0
0.0
15.0
0.0
0.0
10.0
32.0
0.0
0.0
0.0
0.0
40.0
0.0
0.0
0.0
0.0
0.0
0.0
20.0
29.0
2.0
0.0
0.0
0.0
0.0
30.0
0.0
0.0
0.0
0.0
0.0
0.0
0.0
4.0
0.0
6.0
0.0
0.0
0.0
0.0
70.0
0.0
42.0
46.0
56.0
22.0
0.0
0.0
12.0
78.0
6.0
0.0
0.0
0.0
0.0
0.0
0.0
0.0
24.0
0.0
0.0
0.0
0.0
0.0
0.0
0.0
0.0
16.0
0.0
0.0
0.0
0.0
20.0
0.0
30.0
16.0
0.0
0.0
168.0
48.0
0.0
6.0
90.0
33.0
16.0
0.0
4.0
8.0
10.0
8.0
10.0
4.0
42.0
12.0
10.0
0.0
91.0
22.0
10.0
0.0
20.0
0.0
0.0
0.0
0.0
0.0
0.0
10.0
19.0
10.0
0.0
0.0
0.0
55.0
23.0
0.0
0.0
0.0
108.0
11.0
8.0
10.0
0.0
120.0
35.0
0.0
29.0
0.0
4.0
44.0
2.0
0.0
10.0
0.0
0.0
0.0
0.0
56.0
6.0
0.0
0.0
0.0
0.0
60.0
0.0
0.0
16.0
0.0
0.0
0.0
22.0
0.0
0.0
0.0
0.0
0.0
0.0
0.0
0.0
0.0
0.0
0.0
0.0
0.0
0.0
0.0
110.0
34.0
0.0
0.0
0.0
0.0
0.0
50.0
4.0
0.0
10.0
40.0
16.0
0.0
0.0
0.0
0.0
0.0
50.0
60.0
0.0
0.0
10.0
0.0
100.0
70.0
0.0
0.0
0.0
28.0
0.0
0.0
0.0
0.0
0.0
0.0
0.0
0.0
0.0
0.0
0.0
0.0
0.0
0.0
0.0
0.0
0.0
0.0
0.0
0.0
0.0
0.0
0.0
10.0
0.0
0.0
0.0
0.0
50.0
0.0
0.0
0.0
0.0
0.0
0.0
0.0
0.0
70.0
0.0
0.0
0.0
0.0
0.0
0.0
20.0
40.0
0.0
40.0
0.0
0.0
0.0
0.0
90.0
20.0
30.0
0.0
0.0
5.0
0.0
0.0
0.0
0.0
0.0
0.0
40.0
10.0
0.0
20.0
30.0
0.0
0.0
0.0
0.0
0.0
0.0
0.0
0.0
0.0
0.0
0.0
0.0
0.0
10.0
0.0
0.0
0.0
0.0
20.0
80.0
50.0
0.0
10.0
0.0
0.0
0.0
30.0
0.0
0.0
0.0
0.0
0.0
0.0
0.0
0.0
0.0
0.0
0.0
0.0
50.0
50.0
90.0
0.0
0.0
0.0
0.0
0.0
0.0
30.0
20.0
0.0
0.0
0.0
0.0
0.0
0.0
0.0
0.0
0.0
0.0
0.0
0.0
20.0
60.0
0.0
0.0
180.0
40.0
0.0
0.0
0.0
0.0
0.0
0.0
0.0
0.0
10.0
0.0
0.0
0.0
0.0
34.0
0.0
50.0
110.0
40.0
0.0
0.0
0.0
0.0
0.0
0.0
10.0
0.0
0.0
0.0
0.0
0.0
0.0
0.0
0.0
0.0
0.0
0.0
0.0
0.0
0.0
0.0
0.0
0.0
0.0
60.0
0.0
0.0
0.0
0.0
0.0
0.0
0.0
0.0
0.0
0.0
0.0
0.0
0.0
0.0
0.0
0.0
0.0
8.0
0.0
0.0
108.0
0.0
0.0
0.0
0.0
0.0
0.0
0.0
0.0
0.0
70.0
5.0
0.0
0.0
0.0
0.0
0.0
0.0
0.0
10.0
0.0
0.0
0.0
0.0
0.0
0.0
0.0
55.0
0.0
0.0
0.0
8.0
0.0
0.0
0.0
38.0
0.0
0.0
0.0
60.0
5.0
48.0
0.0
0.0
0.0
0.0
0.0
0.0
0.0
10.0
0.0
0.0
196.0
6.0
0.0
0.0
0.0
0.0
0.0
78.0
18.0
214.0
30.0
0.0
0.0
20.0
0.0
0.0
0.0
0.0
0.0
0.0
0.0
0.0
0.0
0.0
0.0
0.0
0.0
298.0
268.0
0.0
0.0
0.0
42.0
0.0
0.0
0.0
0.0
20.0
0.0
0.0
178.0
50.0
45.0
0.0
55.0
0.0
64.0
98.0
58.0
0.0
0.0
12.0
0.0
0.0
0.0
0.0
0.0
0.0
0.0
0.0
0.0
0.0
0.0
10.0
82.0
0.0
0.0
0.0
0.0
0.0
0.0
0.0
0.0
30.0
20.0
0.0
0.0
0.0
0.0
12.0
4.0
0.0
124.0
0.0
84.0
0.0
0.0
0.0
0.0
0.0
0.0
0.0
0.0
0.0
0.0
0.0
0.0
0.0
0.0
0.0
0.0
4.0
20.0
12.0
4.0
0.0
10.0
0.0
0.0
0.0
0.0
0.0
55.0
100.0
0.0
0.0
0.0
0.0
0.0
0.0
10.0
0.0
0.0
0.0
30.0
10.0
0.0
0.0
0.0
10.0
0.0
0.0
20.0
0.0
0.0
0.0
0.0
0.0
0.0
0.0
0.0
30.0
0.0
0.0
0.0
30.0
0.0
0.0
0.0
0.0
0.0
0.0
0.0
40.0
0.0
40.0
0.0
0.0
0.0
NaN
0.0
5.0
0.0
0.0
0.0
0.0
30.0
20.0
0.0
0.0
80.0
0.0
0.0
0.0
0.0
0.0
40.0
15.0
10.0
10.0
0.0
60.0
0.0
0.0
0.0
0.0
0.0
0.0
0.0
0.0
0.0
0.0
0.0
10.0
0.0
25.0
0.0
0.0
0.0
0.0
0.0
0.0
0.0
0.0
0.0
0.0
0.0
0.0
0.0
70.0
0.0
0.0
0.0
0.0
40.0
20.0
30.0
0.0
0.0
0.0
0.0
0.0
30.0
0.0
0.0
0.0
0.0
0.0
0.0
0.0
20.0
0.0
0.0
20.0
0.0
0.0
30.0
0.0
0.0
0.0
0.0
0.0
0.0
20.0
0.0
0.0
0.0
0.0
0.0
20.0
0.0
0.0
0.0
0.0
0.0
0.0
0.0
0.0
0.0
0.0
0.0
0.0
0.0
0.0
0.0
30.0
10.0
0.0
0.0
0.0
0.0
0.0
0.0
0.0
0.0
0.0
0.0
0.0
0.0
0.0
0.0
10.0
0.0
16.0
42.0
0.0
0.0
0.0
0.0
0.0
0.0
10.0
0.0
0.0
0.0
0.0
0.0
0.0
0.0
0.0
0.0
0.0
30.0
0.0
0.0
0.0
52.0
0.0
0.0
0.0
22.0
80.0
0.0
0.0
24.0
28.0
2.0
4.0
14.0
16.0
0.0
24.0
66.0
78.0
18.0
0.0
0.0
0.0
0.0
0.0
0.0
0.0
0.0
0.0
4.0
30.0
107.0
0.0
0.0
0.0
18.0
6.0
0.0
0.0
0.0
15.0
16.0
0.0
0.0
50.0
0.0
0.0
90.0
42.0
0.0
161.0
4.0
20.0
0.0
110.0
0.0
0.0
0.0
0.0
0.0
0.0
0.0
0.0
2.0
10.0
70.0
336.0
12.0
0.0
0.0
16.0
0.0
0.0
0.0
0.0
0.0
0.0
10.0
0.0
NaN
0.0
0.0
0.0
0.0
0.0
130.0
6.0
56.0
0.0
164.0
10.0
0.0
0.0
0.0
0.0
0.0
0.0
0.0
0.0
0.0
0.0
0.0
NaN
NaN
32.0
0.0
0.0
10.0
0.0
0.0
50.0
156.0
22.0
30.0
0.0
6.0
0.0
0.0
0.0
70.0
0.0
0.0
136.0
16.0
32.0
64.0
28.0
6.0
0.0
0.0
0.0
0.0
0.0
0.0
38.0
4.0
0.0
0.0
0.0
0.0
0.0
0.0
0.0
0.0
0.0
0.0
0.0
26.0
0.0
0.0
0.0
0.0
0.0
0.0
0.0
10.0
0.0
0.0
0.0
0.0
0.0
30.0
0.0
0.0
0.0
0.0
0.0
0.0
0.0
0.0
0.0
0.0
0.0
70.0
60.0
0.0
0.0
40.0
70.0
30.0
90.0
0.0
10.0
20.0
0.0
0.0
0.0
0.0
0.0
0.0
10.0
0.0
0.0
0.0
40.0
20.0
0.0
0.0
10.0
20.0
30.0
30.0
30.0
10.0
10.0
0.0
0.0
0.0
0.0
0.0
0.0
0.0
0.0
0.0
10.0
0.0
60.0
10.0
0.0
10.0
0.0
0.0
0.0
10.0
0.0
0.0
0.0
0.0
0.0
0.0
0.0
0.0
0.0
50.0
0.0
60.0
0.0
0.0
0.0
0.0
