22.0
20.5
22.0
17.5
21.0
16.5
19.0
24.0
15.5
16.0
21.0
17.0
17.0
17.0
22.0
17.5
22.0
24.0
25.0
21.0
18.5
15.0
17.0
25.0
23.5
22.0
20.5
20.5
20.0
17.5
15.0
19.5
19.0
18.0
13.5
11.0
17.0
19.0
14.0
17.0
18.0
16.0
17.0
22.0
22.0
22.0
11.0
9.5
9.0
14.5
14.0
12.0
17.0
12.0
12.0
11.5
12.0
13.0
13.0
15.0
13.0
NaN
15.0
14.0
4.0
4.0
5.0
6.5
11.0
7.0
6.0
8.0
20.0
15.0
11.0
16.0
16.0
13.0
20.0
18.0
12.0
9.0
10.0
19.0
15.0
15.5
15.0
15.0
16.0
16.0
7.0
9.0
9.0
10.0
5.0
6.0
1.0
5.0
6.5
-2.0
5.0
0.0
0.0
10.0
8.0
9.0
3.0
0.0
-2.0
-4.0
-7.0
-14.0
-15.0
-19.0
-19.0
-20.0
-14.0
-9.0
-8.0
-5.0
-2.0
-2.0
-11.0
-16.0
-18.0
-16.0
-22.0
-27.0
-27.0
-34.0
-32.0
-20.0
-13.0
-10.0
-8.0
-8.0
-7.0
-8.0
-7.0
-7.0
-15.0
-11.0
-9.0
-12.0
-14.0
-24.0
-21.0
-10.0
-8.0
-10.0
-16.0
-19.0
-13.0
-10.0
-8.0
-12.0
-14.0
-23.0
-22.0
-23.0
-30.0
-24.0
-16.0
-15.0
-16.0
-18.0
-14.0
-24.0
-23.5
-23.5
-27.0
-22.0
-16.5
-7.5
0.0
-4.5
-10.0
-26.5
-25.0
-24.0
-20.0
-18.0
-20.0
-23.5
-23.5
-21.0
-15.0
-21.0
-19.0
-14.0
-16.0
-13.0
-10.0
-12.0
-14.0
-11.0
-10.0
-12.5
-14.0
-13.5
-10.5
-6.5
-6.0
0.0
0.0
-2.0
-0.5
-12.0
-15.0
-10.0
-13.5
-13.0
-13.5
-15.0
-15.0
-12.5
-10.5
-10.0
-0.5
5.0
2.0
2.0
-6.5
-10.0
-8.0
-2.0
-6.5
-4.5
-1.0
0.0
2.0
4.0
4.0
-4.0
-4.0
0.0
3.5
3.5
4.5
5.5
10.0
2.5
0.0
-2.0
-1.0
2.0
5.0
5.0
1.0
3.0
3.0
7.5
6.0
2.5
-1.0
1.5
3.0
7.0
5.5
5.0
5.0
3.0
8.0
13.0
10.5
10.0
13.5
16.0
18.5
22.0
21.0
17.5
20.5
21.0
21.0
15.5
9.5
15.0
14.5
14.5
19.5
20.0
13.0
15.0
13.0
20.5
24.0
28.5
28.5
12.5
14.0
20.0
24.5
26.5
29.5
24.0
26.0
21.0
20.0
22.5
24.5
20.5
14.5
10.0
15.0
19.0
26.5
26.5
29.5
14.5
22.5
16.5
23.0
15.5
18.0
19.0
23.0
24.0
23.5
23.0
20.0
27.0
15.0
21.0
27.5
24.5
24.5
23.5
23.5
23.0
25.0
28.0
30.0
28.5
28.0
25.0
26.5
26.5
28.0
17.0
15.5
18.0
19.0
24.5
26.5
16.5
26.5
26.5
26.0
28.0
24.0
19.5
19.5
22.5
21.5
22.0
27.0
29.0
25.5
21.5
20.0
19.0
22.0
21.0
24.0
17.0
14.5
22.0
28.5
26.0
25.0
26.5
23.0
27.0
31.0
32.0
26.5
21.5
21.0
27.0
26.0
19.0
14.0
22.0
11.5
14.0
17.5
13.0
22.0
23.5
25.0
22.0
22.0
16.0
24.0
25.5
23.5
25.0
32.0
26.0
23.5
14.0
20.5
18.0
22.5
23.5
10.0
6.5
9.0
11.0
14.5
13.5
12.0
9.5
9.0
13.5
19.0
19.0
18.5
18.0
20.0
13.5
18.5
NaN
NaN
22.0
17.5
10.5
8.0
7.0
5.0
11.0
17.0
17.5
20.0
20.5
11.5
8.0
10.0
13.5
7.0
13.5
6.5
14.5
24.0
20.0
13.0
10.0
14.0
5.5
5.0
8.0
5.0
NaN
5.0
7.0
12.0
