1166.0
556.0
770.0
790.0
NaN
NaN
NaN
NaN
NaN
NaN
NaN
544.0
1138.0
868.0
916.0
930.0
276.0
NaN
392.0
362.0
NaN
NaN
206.0
552.0
762.0
1100.0
938.0
1324.0
NaN
NaN
NaN
NaN
NaN
675.0
NaN
730.0
742.0
392.0
1508.0
576.0
608.0
940.0
447.0
413.0
491.0
154.0
758.0
1078.0
784.0
390.0
698.0
NaN
812.0
483.0
575.0
268.0
551.0
293.0
476.0
308.0
788.0
1212.0
236.0
596.0
901.0
440.0
NaN
237.0
224.0
244.0
430.0
642.0
754.0
1052.0
880.0
1156.0
682.0
577.0
602.0
261.0
153.0
631.0
532.0
522.0
890.0
1220.0
1374.0
412.0
946.0
469.0
379.0
354.0
198.0
120.0
459.0
719.0
646.0
644.0
678.0
1178.0
607.0
807.0
NaN
590.0
618.0
406.0
631.0
622.0
490.0
1009.0
1030.0
1026.0
571.0
274.0
NaN
174.0
0.0
344.0
452.0
NaN
964.0
522.0
690.0
527.0
597.0
345.0
385.0
378.0
288.0
281.0
421.0
1077.0
656.0
1125.0
NaN
NaN
NaN
NaN
NaN
NaN
NaN
NaN
NaN
NaN
NaN
NaN
513.0
843.0
714.0
319.0
288.0
149.0
186.0
136.0
492.0
606.0
353.0
580.0
757.0
1659.0
331.0
440.0
583.0
111.0
216.0
496.0
1056.0
225.0
932.0
938.0
555.0
877.0
1202.0
848.0
570.0
656.0
238.0
687.0
492.0
464.0
441.0
961.0
793.0
708.0
1429.0
436.0
533.0
597.0
267.0
458.0
718.0
543.0
1226.0
716.0
1062.0
563.0
773.0
1054.0
311.0
566.0
114.0
408.0
720.0
753.0
577.0
898.0
1363.0
885.0
1530.0
794.0
725.0
308.0
163.0
369.0
650.0
924.0
543.0
677.0
1452.0
1217.0
704.0
702.0
928.0
1239.0
389.0
602.0
451.0
540.0
650.0
918.0
887.0
684.0
681.0
638.0
431.0
310.0
649.0
443.0
627.0
946.0
619.0
234.0
1380.0
655.0
713.0
