NaN
NaN
NaN
NaN
NaN
NaN
NaN
NaN
0.0
0.0
0.0
0.0
0.0
0.0
0.0
0.0
0.0
0.0
0.0
0.0
0.0
0.0
0.0
0.0
0.0
0.0
0.0
0.0
0.0
0.0
0.0
0.0
0.0
0.0
0.0
0.0
0.0
0.0
0.0
0.0
0.0
0.0
0.0
0.0
0.0
0.0
0.0
0.0
0.0
0.0
0.0
0.0
0.0
0.0
0.0
0.0
0.0
0.0
0.0
0.0
0.0
0.0
0.0
0.0
0.0
0.0
0.0
0.0
0.0
0.0
0.0
0.0
0.0
0.0
0.0
0.0
0.0
0.0
0.0
0.0
0.0
0.0
0.0
0.0
0.0
0.0
0.0
0.0
0.0
0.0
0.0
0.0
0.0
0.0
0.0
0.0
0.0
0.0
0.0
0.0
0.0
0.0
0.0
0.0
0.0
0.0
0.0
0.0
0.0
0.0
NaN
NaN
NaN
0.0
0.0
0.0
0.0
0.0
0.0
0.0
0.0
0.0
0.0
0.0
0.0
0.0
0.0
0.0
0.0
0.0
0.0
0.0
0.0
0.0
0.0
0.0
0.0
0.0
0.0
0.0
0.0
0.0
0.0
0.0
0.0
0.0
0.0
0.0
0.0
0.0
0.0
0.0
0.0
0.0
0.0
0.0
NaN
NaN
0.0
0.0
4.0
0.0
0.0
0.0
0.0
0.0
0.0
0.0
0.0
0.0
0.0
0.0
0.0
0.0
0.0
52.0
82.0
110.0
4.0
0.0
0.0
0.0
0.0
0.0
0.0
16.0
116.0
24.0
10.0
30.0
0.0
0.0
0.0
28.0
0.0
102.0
434.0
178.0
8.0
4.0
124.0
0.0
0.0
154.0
2.0
0.0
0.0
0.0
66.0
0.0
0.0
0.0
40.0
0.0
100.0
64.0
22.0
0.0
0.0
0.0
0.0
0.0
124.0
6.0
6.0
12.0
0.0
0.0
0.0
0.0
0.0
0.0
0.0
0.0
12.0
0.0
0.0
10.0
0.0
0.0
NaN
NaN
536.0
0.0
0.0
170.0
0.0
14.0
0.0
136.0
2.0
4.0
0.0
0.0
0.0
10.0
8.0
2.0
0.0
188.0
0.0
0.0
46.0
26.0
74.0
2.0
0.0
0.0
38.0
2.0
0.0
0.0
0.0
0.0
0.0
100.0
2.0
338.0
286.0
30.0
0.0
0.0
0.0
2.0
0.0
0.0
172.0
70.0
92.0
0.0
0.0
0.0
174.0
164.0
20.0
0.0
4.0
20.0
0.0
0.0
0.0
0.0
0.0
0.0
0.0
0.0
0.0
0.0
0.0
0.0
0.0
0.0
0.0
0.0
0.0
0.0
0.0
0.0
0.0
0.0
0.0
0.0
0.0
0.0
0.0
0.0
0.0
0.0
0.0
0.0
0.0
0.0
0.0
0.0
0.0
0.0
0.0
0.0
0.0
NaN
NaN
NaN
NaN
NaN
NaN
NaN
NaN
NaN
NaN
NaN
NaN
NaN
NaN
NaN
NaN
NaN
NaN
NaN
NaN
NaN
NaN
NaN
NaN
NaN
NaN
0.0
0.0
0.0
0.0
0.0
0.0
0.0
114.0
0.0
0.0
0.0
10.0
0.0
2.0
0.0
74.0
0.0
0.0
0.0
110.0
74.0
0.0
0.0
510.0
0.0
0.0
0.0
0.0
0.0
0.0
0.0
0.0
24.0
16.0
0.0
36.0
12.0
74.0
50.0
0.0
0.0
0.0
0.0
0.0
10.0
0.0
10.0
28.0
0.0
0.0
0.0
0.0
0.0
0.0
0.0
2.0
0.0
2.0
0.0
0.0
0.0
0.0
0.0
0.0
0.0
0.0
0.0
0.0
0.0
22.0
0.0
24.0
NaN
64.0
0.0
216.0
42.0
0.0
0.0
0.0
26.0
104.0
116.0
4.0
0.0
0.0
0.0
0.0
0.0
6.0
2.0
2.0
NaN
0.0
0.0
0.0
0.0
12.0
0.0
0.0
0.0
54.0
24.0
0.0
0.0
0.0
0.0
0.0
100.0
0.0
130.0
48.0
6.0
2.0
2.0
2.0
4.0
6.0
6.0
2.0
30.0
12.0
8.0
0.0
0.0
0.0
50.0
14.0
4.0
0.0
16.0
2.0
0.0
0.0
0.0
4.0
0.0
0.0
0.0
0.0
0.0
12.0
32.0
NaN
NaN
0.0
2.0
NaN
NaN
0.0
30.0
0.0
154.0
0.0
NaN
0.0
NaN
0.0
NaN
0.0
NaN
0.0
NaN
0.0
NaN
0.0
NaN
0.0
NaN
0.0
NaN
0.0
NaN
0.0
NaN
0.0
NaN
0.0
NaN
0.0
NaN
0.0
NaN
0.0
0.0
26.0
0.0
0.0
0.0
0.0
8.0
0.0
0.0
0.0
4.0
218.0
2.0
10.0
128.0
58.0
2.0
0.0
0.0
0.0
0.0
0.0
0.0
80.0
386.0
214.0
92.0
68.0
8.0
4.0
6.0
2.0
0.0
2.0
4.0
0.0
0.0
24.0
4.0
0.0
0.0
0.0
0.0
0.0
0.0
78.0
0.0
0.0
0.0
0.0
0.0
0.0
44.0
8.0
0.0
0.0
0.0
20.0
26.0
0.0
0.0
0.0
0.0
0.0
0.0
NaN
NaN
NaN
0.0
NaN
0.0
0.0
0.0
0.0
0.0
0.0
0.0
NaN
0.0
0.0
0.0
0.0
0.0
162.0
148.0
86.0
0.0
2.0
68.0
4.0
0.0
0.0
0.0
20.0
2.0
0.0
0.0
8.0
0.0
44.0
0.0
0.0
0.0
0.0
0.0
8.0
342.0
0.0
2.0
0.0
0.0
4.0
8.0
0.0
0.0
0.0
0.0
242.0
12.0
NaN
NaN
NaN
24.0
23.0
0.0
0.0
0.0
0.0
34.0
0.0
0.0
0.0
0.0
0.0
0.0
39.0
0.0
0.0
8.0
29.0
0.0
7.0
0.0
0.0
0.0
0.0
0.0
0.0
0.0
22.0
0.0
0.0
0.0
18.0
0.0
0.0
0.0
11.0
103.0
69.0
0.0
0.0
0.0
8.0
0.0
0.0
0.0
0.0
7.0
6.0
0.0
7.0
0.0
30.0
12.0
28.0
39.0
9.0
14.0
7.0
0.0
8.0
0.0
6.0
0.0
29.0
0.0
26.0
0.0
13.0
0.0
0.0
6.0
0.0
0.0
28.0
0.0
0.0
0.0
9.0
13.0
7.0
0.0
0.0
0.0
0.0
0.0
6.0
0.0
0.0
0.0
94.0
6.0
8.0
22.0
66.0
0.0
0.0
0.0
0.0
0.0
0.0
0.0
0.0
0.0
0.0
0.0
0.0
0.0
0.0
8.0
0.0
13.0
63.0
7.0
0.0
0.0
0.0
0.0
0.0
0.0
0.0
0.0
0.0
0.0
58.0
19.0
0.0
69.0
138.0
13.0
0.0
0.0
18.0
0.0
0.0
0.0
0.0
116.0
15.0
0.0
0.0
0.0
0.0
0.0
6.0
0.0
0.0
0.0
0.0
0.0
0.0
0.0
0.0
0.0
0.0
0.0
0.0
8.0
0.0
75.0
67.0
0.0
0.0
0.0
0.0
0.0
0.0
0.0
6.0
72.0
58.0
0.0
0.0
2.0
6.0
228.0
74.0
0.0
0.0
0.0
0.0
0.0
10.0
146.0
48.0
2.0
0.0
0.0
0.0
2.0
0.0
0.0
0.0
0.0
8.0
0.0
58.0
8.0
0.0
2.0
0.0
0.0
0.0
0.0
0.0
0.0
22.0
234.0
36.0
6.0
16.0
4.0
6.0
NaN
NaN
NaN
NaN
NaN
NaN
NaN
NaN
NaN
NaN
NaN
0.0
0.0
0.0
0.0
NaN
0.0
0.0
NaN
0.0
0.0
0.0
4.0
8.0
2.0
0.0
0.0
2.0
NaN
0.0
100.0
0.0
0.0
12.0
26.0
0.0
0.0
16.0
38.0
0.0
0.0
0.0
0.0
76.0
0.0
0.0
0.0
4.0
0.0
0.0
0.0
180.0
38.0
0.0
0.0
0.0
0.0
0.0
0.0
0.0
0.0
0.0
0.0
374.0
16.0
7.0
8.0
0.0
0.0
0.0
6.0
9.0
0.0
0.0
0.0
16.0
0.0
17.0
0.0
6.0
0.0
39.0
0.0
0.0
6.0
24.0
0.0
113.0
9.0
27.0
6.0
0.0
0.0
0.0
46.0
6.0
67.0
24.0
0.0
0.0
0.0
45.0
0.0
0.0
15.0
7.0
30.0
43.0
0.0
0.0
0.0
15.0
8.0
14.0
8.0
0.0
36.0
43.0
0.0
10.0
19.0
13.0
0.0
0.0
116.0
0.0
48.0
0.0
0.0
6.0
0.0
0.0
77.0
22.0
0.0
0.0
0.0
0.0
80.0
0.0
0.0
6.0
14.0
0.0
0.0
6.0
0.0
0.0
0.0
7.0
0.0
0.0
0.0
0.0
6.0
21.0
0.0
0.0
10.0
0.0
0.0
7.0
25.0
0.0
0.0
13.0
0.0
6.0
36.0
7.0
0.0
0.0
56.0
6.0
20.0
0.0
19.0
0.0
16.0
0.0
21.0
37.0
8.0
8.0
0.0
2.0
2.0
6.0
38.0
0.0
18.0
22.0
52.0
4.0
0.0
10.0
12.0
0.0
0.0
0.0
0.0
0.0
0.0
0.0
268.0
72.0
0.0
0.0
0.0
0.0
0.0
0.0
0.0
0.0
0.0
58.0
0.0
0.0
6.0
2.0
2.0
34.0
4.0
132.0
56.0
140.0
234.0
12.0
0.0
0.0
42.0
14.0
278.0
0.0
0.0
0.0
0.0
36.0
30.0
36.0
0.0
0.0
0.0
0.0
0.0
0.0
9.0
34.0
0.0
0.0
0.0
42.0
0.0
0.0
0.0
12.0
307.0
0.0
71.0
45.0
6.0
81.0
0.0
17.0
0.0
12.0
55.0
35.0
0.0
8.0
357.0
46.0
0.0
0.0
48.0
0.0
10.0
10.0
8.0
0.0
0.0
0.0
10.0
0.0
27.0
0.0
0.0
0.0
0.0
195.0
101.0
155.0
68.0
0.0
0.0
0.0
6.0
7.0
0.0
0.0
0.0
0.0
0.0
0.0
8.0
29.0
0.0
36.0
36.0
0.0
0.0
28.0
0.0
46.0
274.0
0.0
72.0
12.0
0.0
0.0
6.0
106.0
0.0
0.0
40.0
2.0
0.0
0.0
56.0
52.0
0.0
0.0
8.0
4.0
0.0
0.0
38.0
0.0
22.0
2.0
18.0
2.0
0.0
0.0
0.0
0.0
0.0
468.0
0.0
86.0
0.0
166.0
0.0
0.0
0.0
0.0
0.0
96.0
12.0
22.0
128.0
0.0
0.0
0.0
0.0
0.0
0.0
0.0
0.0
2.0
36.0
36.0
NaN
NaN
NaN
NaN
NaN
NaN
NaN
NaN
NaN
NaN
NaN
NaN
NaN
8.0
0.0
0.0
0.0
0.0
4.0
0.0
2.0
0.0
60.0
0.0
0.0
0.0
0.0
0.0
0.0
0.0
0.0
0.0
0.0
0.0
0.0
184.0
197.0
0.0
0.0
27.0
22.0
34.0
NaN
NaN
NaN
NaN
NaN
NaN
NaN
NaN
NaN
NaN
NaN
NaN
NaN
NaN
0.0
0.0
13.0
0.0
14.0
14.0
0.0
6.0
30.0
309.0
125.0
0.0
0.0
0.0
16.0
0.0
0.0
9.0
7.0
8.0
16.0
13.0
0.0
67.0
42.0
215.0
76.0
48.0
0.0
6.0
6.0
7.0
10.0
8.0
34.0
0.0
0.0
16.0
0.0
130.0
15.0
103.0
88.0
0.0
131.0
58.0
46.0
0.0
0.0
6.0
220.0
30.0
42.0
14.0
253.0
21.0
NaN
NaN
NaN
NaN
NaN
NaN
NaN
NaN
NaN
NaN
NaN
NaN
NaN
NaN
22.0
116.0
25.0
6.0
0.0
0.0
34.0
30.0
0.0
NaN
98.0
55.0
0.0
62.0
0.0
9.0
39.0
12.0
0.0
6.0
0.0
0.0
0.0
8.0
2.0
0.0
0.0
106.0
0.0
0.0
50.0
0.0
12.0
0.0
0.0
0.0
66.0
0.0
0.0
0.0
26.0
374.0
14.0
0.0
0.0
38.0
168.0
36.0
0.0
2.0
0.0
28.0
2.0
80.0
0.0
0.0
0.0
0.0
0.0
0.0
2.0
70.0
0.0
0.0
0.0
0.0
18.0
2.0
2.0
0.0
0.0
204.0
108.0
0.0
0.0
0.0
0.0
0.0
0.0
0.0
24.0
24.0
0.0
0.0
14.0
0.0
0.0
0.0
24.0
0.0
2.0
0.0
0.0
0.0
0.0
0.0
92.0
16.0
0.0
0.0
0.0
146.0
0.0
6.0
2.0
0.0
0.0
106.0
0.0
0.0
0.0
0.0
0.0
0.0
0.0
0.0
0.0
0.0
0.0
0.0
64.0
0.0
0.0
0.0
0.0
0.0
16.0
2.0
6.0
0.0
100.0
98.0
0.0
0.0
0.0
0.0
0.0
18.0
84.0
102.0
0.0
0.0
78.0
0.0
2.0
128.0
0.0
0.0
0.0
12.0
0.0
0.0
34.0
0.0
88.0
0.0
0.0
0.0
0.0
16.0
0.0
144.0
36.0
60.0
6.0
2.0
40.0
64.0
14.0
4.0
2.0
0.0
0.0
2.0
0.0
0.0
10.0
224.0
142.0
8.0
0.0
2.0
0.0
20.0
50.0
0.0
30.0
2.0
188.0
44.0
0.0
4.0
0.0
46.0
0.0
124.0
14.0
40.0
46.0
0.0
0.0
0.0
0.0
40.0
18.0
84.0
0.0
12.0
0.0
2.0
0.0
36.0
0.0
8.0
4.0
0.0
6.0
0.0
0.0
0.0
0.0
0.0
36.0
0.0
0.0
0.0
0.0
0.0
86.0
2.0
28.0
0.0
118.0
106.0
0.0
0.0
0.0
13.0
6.0
37.0
6.0
12.0
13.0
14.0
13.0
48.0
63.0
30.0
0.0
0.0
71.0
16.0
94.0
36.0
0.0
0.0
140.0
0.0
0.0
0.0
0.0
6.0
18.0
57.0
17.0
6.0
7.0
0.0
0.0
0.0
15.0
0.0
24.0
15.0
20.0
14.0
7.0
7.0
7.0
26.0
16.0
24.0
21.0
7.0
0.0
44.0
0.0
22.0
17.0
9.0
0.0
0.0
0.0
0.0
0.0
17.0
87.0
0.0
29.0
17.0
7.0
42.0
0.0
6.0
0.0
13.0
0.0
11.0
0.0
0.0
16.0
19.0
53.0
0.0
15.0
165.0
20.0
12.0
0.0
0.0
0.0
152.0
59.0
0.0
142.0
NaN
32.0
0.0
0.0
6.0
0.0
55.0
NaN
31.0
6.0
0.0
0.0
0.0
0.0
0.0
0.0
0.0
0.0
23.0
48.0
50.0
124.0
0.0
19.0
219.0
0.0
60.0
102.0
16.0
0.0
0.0
22.0
8.0
0.0
0.0
0.0
0.0
210.0
32.0
0.0
0.0
50.0
0.0
8.0
6.0
0.0
320.0
0.0
12.0
16.0
0.0
44.0
0.0
0.0
123.0
0.0
0.0
160.0
0.0
32.0
0.0
99.0
0.0
0.0
0.0
6.0
0.0
0.0
142.0
121.0
0.0
80.0
69.0
112.0
0.0
33.0
0.0
8.0
27.0
73.0
0.0
0.0
7.0
11.0
122.0
0.0
0.0
0.0
139.0
374.0
NaN
0.0
0.0
0.0
0.0
2.0
0.0
0.0
0.0
6.0
0.0
226.0
14.0
0.0
130.0
302.0
2.0
26.0
0.0
0.0
0.0
0.0
0.0
2.0
4.0
0.0
68.0
4.0
0.0
0.0
0.0
0.0
0.0
0.0
0.0
0.0
0.0
0.0
0.0
22.0
0.0
0.0
0.0
0.0
0.0
0.0
0.0
0.0
4.0
2.0
0.0
16.0
708.0
12.0
0.0
8.0
26.0
46.0
18.0
38.0
0.0
0.0
4.0
32.0
0.0
2.0
0.0
0.0
0.0
0.0
0.0
0.0
0.0
0.0
18.0
240.0
2.0
88.0
0.0
0.0
38.0
2.0
0.0
146.0
2.0
0.0
0.0
0.0
0.0
0.0
0.0
0.0
0.0
0.0
0.0
0.0
0.0
0.0
0.0
0.0
0.0
0.0
21.0
0.0
0.0
0.0
92.0
0.0
0.0
0.0
0.0
0.0
34.0
9.0
0.0
0.0
0.0
0.0
0.0
63.0
0.0
0.0
129.0
24.0
2.0
14.0
NaN
4.0
0.0
2.0
2.0
0.0
0.0
0.0
0.0
NaN
0.0
2.0
0.0
0.0
130.0
54.0
12.0
0.0
40.0
0.0
0.0
42.0
26.0
26.0
0.0
0.0
0.0
38.0
32.0
26.0
2.0
4.0
7.0
13.0
7.0
0.0
0.0
103.0
9.0
0.0
0.0
25.0
0.0
22.0
65.0
6.0
15.0
0.0
7.0
0.0
10.0
7.0
0.0
0.0
0.0
41.0
27.0
14.0
23.0
16.0
10.0
13.0
17.0
42.0
51.0
7.0
18.0
0.0
0.0
0.0
0.0
0.0
21.0
0.0
0.0
0.0
NaN
NaN
0.0
NaN
NaN
NaN
NaN
0.0
0.0
0.0
0.0
NaN
0.0
7.0
11.0
14.0
7.0
6.0
13.0
13.0
0.0
NaN
NaN
NaN
NaN
24.0
6.0
0.0
6.0
9.0
0.0
33.0
8.0
35.0
59.0
6.0
0.0
8.0
0.0
0.0
9.0
10.0
0.0
6.0
7.0
7.0
37.0
162.0
18.0
7.0
6.0
13.0
17.0
13.0
10.0
30.0
0.0
39.0
0.0
0.0
0.0
6.0
NaN
0.0
0.0
NaN
NaN
NaN
0.0
0.0
0.0
0.0
0.0
60.0
0.0
20.0
47.0
0.0
6.0
66.0
20.0
64.0
24.0
58.0
0.0
13.0
0.0
0.0
0.0
0.0
125.0
144.0
8.0
30.0
0.0
23.0
7.0
0.0
0.0
41.0
107.0
NaN
0.0
6.0
18.0
NaN
NaN
NaN
0.0
0.0
0.0
0.0
0.0
0.0
0.0
0.0
0.0
0.0
44.0
0.0
54.0
0.0
34.0
18.0
64.0
0.0
0.0
0.0
0.0
0.0
0.0
0.0
62.0
30.0
0.0
0.0
0.0
64.0
0.0
0.0
2.0
18.0
10.0
194.0
34.0
2.0
0.0
0.0
22.0
0.0
0.0
0.0
126.0
0.0
0.0
8.0
148.0
12.0
8.0
8.0
6.0
0.0
2.0
10.0
0.0
0.0
0.0
38.0
34.0
0.0
0.0
148.0
4.0
24.0
0.0
2.0
92.0
0.0
0.0
0.0
0.0
96.0
2.0
0.0
0.0
0.0
0.0
0.0
0.0
22.0
8.0
0.0
120.0
0.0
0.0
0.0
2.0
10.0
0.0
0.0
14.0
0.0
0.0
0.0
72.0
30.0
0.0
0.0
286.0
0.0
0.0
0.0
0.0
0.0
2.0
0.0
0.0
0.0
0.0
10.0
40.0
0.0
0.0
0.0
0.0
0.0
166.0
0.0
0.0
0.0
258.0
158.0
0.0
16.0
6.0
32.0
14.0
0.0
0.0
0.0
0.0
0.0
0.0
40.0
0.0
14.0
0.0
56.0
22.0
6.0
0.0
4.0
2.0
0.0
2.0
0.0
0.0
0.0
6.0
0.0
0.0
2.0
0.0
0.0
0.0
0.0
0.0
0.0
0.0
10.0
60.0
0.0
0.0
0.0
0.0
40.0
0.0
0.0
0.0
22.0
74.0
0.0
214.0
0.0
2.0
38.0
22.0
2.0
22.0
96.0
88.0
0.0
2.0
0.0
0.0
0.0
0.0
4.0
2.0
176.0
22.0
NaN
NaN
NaN
0.0
NaN
NaN
0.0
0.0
8.0
2.0
96.0
16.0
4.0
8.0
8.0
2.0
2.0
120.0
40.0
28.0
110.0
0.0
0.0
0.0
0.0
0.0
62.0
34.0
NaN
NaN
0.0
NaN
0.0
NaN
NaN
0.0
0.0
0.0
0.0
NaN
0.0
0.0
NaN
NaN
NaN
NaN
NaN
NaN
0.0
0.0
0.0
0.0
0.0
0.0
0.0
NaN
NaN
NaN
0.0
NaN
0.0
NaN
NaN
NaN
NaN
0.0
0.0
0.0
NaN
NaN
0.0
0.0
0.0
0.0
NaN
NaN
NaN
23.0
66.0
61.0
0.0
0.0
22.0
74.0
5.0
0.0
3.0
58.0
90.0
21.0
7.0
4.0
0.0
43.0
50.0
0.0
0.0
4.0
102.0
46.0
0.0
3.0
18.0
136.0
53.0
44.0
16.0
22.0
0.0
0.0
NaN
NaN
NaN
NaN
NaN
0.0
0.0
NaN
NaN
0.0
0.0
NaN
0.0
0.0
0.0
0.0
NaN
27.0
112.0
0.0
0.0
0.0
0.0
0.0
0.0
0.0
0.0
17.0
21.0
0.0
0.0
236.0
0.0
8.0
0.0
0.0
0.0
33.0
19.0
0.0
6.0
12.0
7.0
0.0
0.0
0.0
55.0
0.0
0.0
6.0
18.0
0.0
82.0
0.0
0.0
0.0
146.0
17.0
18.0
0.0
21.0
21.0
0.0
20.0
6.0
0.0
0.0
0.0
0.0
0.0
40.0
7.0
0.0
0.0
23.0
104.0
13.0
0.0
16.0
7.0
0.0
0.0
29.0
38.0
6.0
10.0
6.0
0.0
52.0
320.0
0.0
6.0
0.0
70.0
0.0
0.0
16.0
8.0
0.0
22.0
0.0
80.0
2.0
0.0
0.0
8.0
2.0
82.0
0.0
192.0
474.0
100.0
0.0
0.0
12.0
0.0
0.0
0.0
74.0
10.0
2.0
0.0
0.0
0.0
0.0
0.0
0.0
10.0
0.0
0.0
0.0
150.0
16.0
0.0
0.0
0.0
0.0
0.0
0.0
26.0
132.0
0.0
54.0
6.0
6.0
0.0
8.0
14.0
0.0
14.0
0.0
0.0
220.0
9.0
0.0
214.0
0.0
0.0
0.0
0.0
0.0
0.0
34.0
63.0
0.0
149.0
179.0
0.0
6.0
0.0
45.0
0.0
0.0
0.0
0.0
7.0
0.0
0.0
6.0
94.0
0.0
303.0
0.0
12.0
0.0
0.0
0.0
0.0
0.0
37.0
33.0
0.0
21.0
0.0
0.0
0.0
0.0
0.0
13.0
0.0
0.0
6.0
0.0
0.0
0.0
0.0
267.0
0.0
124.0
0.0
0.0
0.0
0.0
0.0
0.0
0.0
0.0
76.0
2.0
190.0
0.0
0.0
0.0
0.0
0.0
0.0
44.0
0.0
0.0
0.0
0.0
0.0
0.0
0.0
0.0
0.0
0.0
0.0
0.0
0.0
0.0
0.0
45.0
0.0
0.0
0.0
0.0
0.0
0.0
36.0
0.0
0.0
0.0
0.0
0.0
39.0
0.0
69.0
0.0
0.0
0.0
0.0
0.0
6.0
0.0
0.0
0.0
15.0
0.0
0.0
107.0
0.0
6.0
79.0
0.0
119.0
33.0
0.0
8.0
0.0
0.0
0.0
0.0
0.0
0.0
0.0
0.0
0.0
13.0
7.0
0.0
22.0
0.0
0.0
0.0
NaN
NaN
NaN
51.0
57.0
0.0
19.0
99.0
0.0
NaN
NaN
0.0
0.0
86.0
7.0
0.0
NaN
NaN
NaN
0.0
0.0
0.0
NaN
0.0
NaN
0.0
NaN
NaN
0.0
NaN
0.0
NaN
NaN
0.0
NaN
0.0
109.0
67.0
0.0
170.0
0.0
0.0
0.0
NaN
0.0
0.0
0.0
14.0
0.0
63.0
79.0
0.0
0.0
0.0
0.0
0.0
NaN
0.0
0.0
NaN
0.0
NaN
NaN
0.0
0.0
0.0
0.0
0.0
0.0
0.0
0.0
0.0
0.0
0.0
0.0
75.0
15.0
NaN
0.0
0.0
0.0
0.0
140.0
NaN
11.0
8.0
0.0
NaN
NaN
NaN
0.0
0.0
0.0
NaN
0.0
0.0
NaN
0.0
0.0
0.0
0.0
0.0
7.0
47.0
0.0
0.0
0.0
8.0
0.0
0.0
0.0
0.0
0.0
14.0
0.0
0.0
0.0
7.0
0.0
0.0
0.0
0.0
0.0
0.0
0.0
0.0
0.0
0.0
0.0
73.0
131.0
7.0
0.0
0.0
41.0
0.0
0.0
0.0
0.0
0.0
0.0
0.0
0.0
0.0
0.0
0.0
0.0
72.0
0.0
22.0
129.0
149.0
0.0
21.0
179.0
6.0
0.0
0.0
0.0
25.0
0.0
0.0
0.0
0.0
0.0
0.0
0.0
22.0
0.0
0.0
9.0
145.0
0.0
0.0
0.0
0.0
0.0
0.0
0.0
0.0
8.0
0.0
0.0
0.0
0.0
0.0
7.0
0.0
0.0
0.0
0.0
0.0
0.0
0.0
0.0
0.0
0.0
10.0
0.0
14.0
113.0
135.0
166.0
16.0
48.0
9.0
0.0
0.0
0.0
18.0
0.0
0.0
0.0
0.0
0.0
0.0
0.0
0.0
0.0
6.0
0.0
0.0
141.0
42.0
0.0
0.0
58.0
0.0
0.0
0.0
0.0
8.0
59.0
0.0
50.0
55.0
0.0
0.0
0.0
0.0
0.0
0.0
19.0
0.0
34.0
0.0
0.0
0.0
0.0
8.0
24.0
0.0
0.0
155.0
0.0
0.0
0.0
0.0
0.0
48.0
0.0
12.0
0.0
6.0
0.0
0.0
0.0
0.0
17.0
0.0
0.0
6.0
0.0
0.0
0.0
0.0
66.0
0.0
23.0
0.0
70.0
0.0
6.0
0.0
0.0
0.0
0.0
0.0
9.0
0.0
0.0
0.0
0.0
0.0
14.0
0.0
54.0
6.0
0.0
0.0
7.0
0.0
28.0
0.0
0.0
115.0
130.0
0.0
0.0
164.0
0.0
0.0
0.0
0.0
0.0
0.0
0.0
0.0
0.0
0.0
16.0
0.0
0.0
0.0
16.0
58.0
0.0
8.0
0.0
8.0
41.0
0.0
71.0
58.0
0.0
0.0
0.0
0.0
0.0
0.0
0.0
0.0
10.0
0.0
0.0
0.0
25.0
75.0
54.0
0.0
46.0
17.0
0.0
0.0
0.0
NaN
NaN
26.0
18.0
6.0
0.0
0.0
0.0
14.0
0.0
28.0
0.0
NaN
12.0
66.0
187.0
6.0
0.0
31.0
22.0
0.0
NaN
NaN
0.0
NaN
24.0
NaN
0.0
0.0
0.0
0.0
NaN
6.0
0.0
NaN
NaN
0.0
0.0
6.0
54.0
75.0
75.0
15.0
0.0
103.0
6.0
0.0
6.0
0.0
7.0
0.0
114.0
18.0
0.0
8.0
0.0
17.0
0.0
27.0
0.0
32.0
17.0
0.0
0.0
70.0
45.0
0.0
26.0
79.0
0.0
0.0
6.0
6.0
0.0
0.0
0.0
111.0
0.0
0.0
0.0
0.0
136.0
91.0
30.0
0.0
0.0
0.0
0.0
7.0
0.0
6.0
0.0
6.0
0.0
120.0
91.0
20.0
0.0
0.0
0.0
0.0
16.0
0.0
14.0
6.0
0.0
7.0
0.0
0.0
0.0
0.0
0.0
0.0
0.0
0.0
150.0
62.0
0.0
31.0
241.0
18.0
21.0
0.0
0.0
0.0
0.0
0.0
0.0
0.0
0.0
0.0
18.0
0.0
0.0
0.0
0.0
0.0
0.0
27.0
0.0
126.0
0.0
0.0
0.0
0.0
0.0
0.0
0.0
0.0
7.0
0.0
0.0
0.0
0.0
0.0
0.0
0.0
0.0
0.0
65.0
167.0
8.0
7.0
0.0
0.0
0.0
0.0
0.0
0.0
0.0
0.0
7.0
0.0
0.0
0.0
0.0
0.0
0.0
190.0
38.0
61.0
0.0
7.0
33.0
0.0
16.0
0.0
7.0
28.0
0.0
0.0
0.0
0.0
16.0
0.0
0.0
0.0
0.0
13.0
6.0
0.0
151.0
0.0
0.0
0.0
0.0
12.0
154.0
0.0
0.0
0.0
0.0
0.0
0.0
0.0
6.0
0.0
20.0
0.0
0.0
0.0
0.0
0.0
0.0
0.0
181.0
176.0
111.0
0.0
48.0
0.0
82.0
7.0
0.0
0.0
0.0
0.0
0.0
87.0
0.0
49.0
0.0
0.0
0.0
0.0
24.0
0.0
0.0
7.0
0.0
0.0
0.0
7.0
0.0
60.0
0.0
0.0
63.0
0.0
0.0
6.0
85.0
6.0
0.0
0.0
0.0
0.0
0.0
0.0
0.0
0.0
0.0
0.0
12.0
9.0
0.0
0.0
0.0
0.0
0.0
0.0
0.0
22.0
0.0
45.0
26.0
0.0
0.0
0.0
0.0
0.0
0.0
130.0
92.0
0.0
0.0
46.0
0.0
6.0
6.0
0.0
0.0
4.0
118.0
2.0
0.0
0.0
0.0
178.0
46.0
0.0
0.0
0.0
24.0
134.0
20.0
0.0
102.0
84.0
0.0
4.0
19.0
0.0
0.0
79.0
0.0
0.0
0.0
0.0
0.0
0.0
138.0
236.0
0.0
NaN
0.0
0.0
113.0
69.0
49.0
31.0
0.0
380.0
210.0
52.0
31.0
0.0
62.0
163.0
113.0
0.0
0.0
0.0
6.0
34.0
0.0
6.0
0.0
173.0
22.0
6.0
0.0
67.0
0.0
0.0
0.0
31.0
191.0
19.0
0.0
0.0
0.0
0.0
0.0
0.0
0.0
0.0
0.0
58.0
0.0
16.0
194.0
304.0
0.0
0.0
9.0
0.0
13.0
0.0
0.0
0.0
9.0
13.0
6.0
15.0
0.0
7.0
0.0
0.0
0.0
0.0
0.0
0.0
63.0
14.0
0.0
0.0
0.0
7.0
0.0
0.0
8.0
31.0
14.0
0.0
0.0
39.0
137.0
52.0
6.0
31.0
0.0
0.0
0.0
14.0
0.0
0.0
58.0
0.0
12.0
0.0
6.0
0.0
0.0
0.0
0.0
0.0
0.0
0.0
6.0
0.0
0.0
0.0
14.0
0.0
0.0
9.0
36.0
22.0
13.0
20.0
25.0
0.0
0.0
8.0
0.0
0.0
14.0
0.0
7.0
0.0
7.0
6.0
0.0
0.0
34.0
0.0
0.0
0.0
0.0
6.0
0.0
41.0
96.0
0.0
0.0
33.0
6.0
0.0
7.0
0.0
25.0
0.0
0.0
0.0
0.0
0.0
0.0
0.0
11.0
16.0
0.0
70.0
73.0
0.0
0.0
0.0
57.0
0.0
0.0
0.0
0.0
0.0
31.0
18.0
266.0
125.0
13.0
0.0
7.0
0.0
0.0
0.0
6.0
NaN
16.0
0.0
0.0
0.0
7.0
8.0
0.0
0.0
0.0
0.0
44.0
0.0
0.0
26.0
56.0
0.0
17.0
9.0
20.0
7.0
0.0
0.0
0.0
0.0
0.0
0.0
13.0
0.0
0.0
0.0
0.0
54.0
180.0
79.0
6.0
0.0
0.0
6.0
0.0
0.0
0.0
0.0
0.0
0.0
161.0
0.0
0.0
0.0
21.0
0.0
9.0
44.0
54.0
46.0
0.0
6.0
372.0
0.0
0.0
0.0
0.0
0.0
0.0
NaN
0.0
0.0
14.0
0.0
0.0
0.0
0.0
0.0
0.0
0.0
0.0
33.0
0.0
0.0
0.0
0.0
0.0
6.0
37.0
0.0
0.0
0.0
161.0
0.0
422.0
6.0
0.0
7.0
92.0
0.0
0.0
0.0
7.0
403.0
31.0
7.0
0.0
0.0
0.0
0.0
0.0
0.0
0.0
0.0
0.0
0.0
0.0
7.0
0.0
0.0
0.0
0.0
0.0
0.0
0.0
0.0
0.0
0.0
0.0
6.0
0.0
0.0
16.0
0.0
0.0
0.0
NaN
0.0
216.0
142.0
6.0
0.0
6.0
0.0
NaN
NaN
NaN
NaN
NaN
NaN
NaN
NaN
NaN
NaN
NaN
NaN
NaN
NaN
NaN
NaN
NaN
NaN
NaN
NaN
NaN
NaN
NaN
NaN
0.0
13.0
0.0
35.0
317.0
0.0
43.0
0.0
183.0
0.0
169.0
NaN
0.0
NaN
525.0
0.0
0.0
101.0
188.0
NaN
NaN
38.0
0.0
0.0
0.0
6.0
134.0
6.0
6.0
NaN
0.0
NaN
0.0
NaN
27.0
35.0
0.0
0.0
6.0
0.0
7.0
0.0
0.0
6.0
24.0
23.0
0.0
6.0
6.0
0.0
0.0
80.0
0.0
0.0
7.0
0.0
0.0
0.0
59.0
23.0
43.0
6.0
0.0
14.0
6.0
NaN
19.0
0.0
16.0
12.0
0.0
114.0
43.0
0.0
0.0
6.0
0.0
0.0
0.0
30.0
81.0
13.0
0.0
8.0
0.0
63.0
0.0
0.0
31.0
0.0
0.0
6.0
185.0
16.0
0.0
6.0
16.0
32.0
0.0
6.0
20.0
8.0
0.0
0.0
7.0
9.0
0.0
238.0
133.0
150.0
0.0
21.0
0.0
0.0
32.0
14.0
0.0
0.0
27.0
7.0
31.0
15.0
44.0
0.0
18.0
0.0
7.0
0.0
7.0
40.0
104.0
0.0
52.0
0.0
6.0
21.0
6.0
47.0
21.0
6.0
14.0
58.0
19.0
32.0
6.0
0.0
15.0
0.0
0.0
15.0
0.0
0.0
0.0
0.0
0.0
0.0
6.0
6.0
0.0
0.0
22.0
0.0
0.0
77.0
8.0
44.0
0.0
0.0
34.0
0.0
0.0
6.0
0.0
6.0
0.0
0.0
0.0
NaN
99.0
49.0
30.0
0.0
0.0
0.0
0.0
31.0
8.0
0.0
6.0
0.0
20.0
232.0
187.0
6.0
NaN
NaN
NaN
NaN
NaN
NaN
NaN
NaN
164.0
32.0
0.0
NaN
NaN
NaN
NaN
NaN
NaN
NaN
NaN
NaN
NaN
NaN
NaN
NaN
NaN
NaN
NaN
NaN
NaN
164.0
723.0
9.0
0.0
0.0
63.0
0.0
0.0
0.0
0.0
0.0
17.0
32.0
0.0
0.0
54.0
88.0
0.0
0.0
6.0
22.0
0.0
NaN
NaN
NaN
NaN
NaN
NaN
NaN
NaN
NaN
NaN
NaN
NaN
NaN
NaN
NaN
NaN
NaN
NaN
NaN
NaN
NaN
NaN
NaN
NaN
NaN
NaN
NaN
NaN
NaN
NaN
NaN
NaN
NaN
0.0
0.0
7.0
48.0
0.0
6.0
0.0
0.0
31.0
0.0
14.0
0.0
40.0
39.0
45.0
0.0
6.0
79.0
65.0
201.0
0.0
0.0
0.0
0.0
0.0
0.0
0.0
0.0
0.0
0.0
0.0
0.0
78.0
15.0
0.0
69.0
0.0
41.0
0.0
NaN
25.0
0.0
0.0
59.0
0.0
0.0
0.0
0.0
0.0
0.0
6.0
0.0
0.0
0.0
0.0
0.0
6.0
0.0
0.0
0.0
0.0
8.0
0.0
6.0
0.0
0.0
NaN
0.0
0.0
52.0
0.0
0.0
0.0
42.0
22.0
0.0
13.0
0.0
0.0
136.0
413.0
222.0
16.0
0.0
0.0
8.0
0.0
0.0
0.0
0.0
16.0
67.0
0.0
17.0
13.0
0.0
8.0
33.0
7.0
15.0
0.0
8.0
80.0
6.0
6.0
120.0
6.0
0.0
0.0
7.0
23.0
28.0
NaN
NaN
NaN
25.0
0.0
47.0
0.0
21.0
90.0
6.0
7.0
151.0
221.0
18.0
6.0
0.0
0.0
0.0
0.0
0.0
0.0
0.0
63.0
6.0
7.0
0.0
0.0
0.0
7.0
0.0
NaN
NaN
6.0
13.0
0.0
0.0
6.0
0.0
7.0
0.0
7.0
0.0
NaN
NaN
NaN
NaN
NaN
NaN
42.0
0.0
0.0
18.0
0.0
9.0
0.0
0.0
8.0
192.0
70.0
0.0
0.0
0.0
0.0
0.0
238.0
8.0
9.0
0.0
0.0
0.0
0.0
13.0
13.0
54.0
0.0
0.0
0.0
0.0
0.0
7.0
0.0
60.0
24.0
36.0
33.0
136.0
0.0
0.0
0.0
0.0
102.0
0.0
0.0
0.0
0.0
0.0
0.0
0.0
0.0
43.0
0.0
0.0
0.0
586.0
211.0
0.0
130.0
13.0
656.0
76.0
0.0
12.0
0.0
8.0
0.0
0.0
23.0
15.0
11.0
127.0
0.0
NaN
0.0
17.0
7.0
35.0
14.0
49.0
7.0
7.0
89.0
60.0
6.0
112.0
10.0
142.0
19.0
8.0
0.0
0.0
0.0
13.0
24.0
14.0
131.0
13.0
0.0
6.0
0.0
80.0
0.0
74.0
19.0
6.0
0.0
0.0
0.0
0.0
6.0
0.0
0.0
0.0
60.0
113.0
7.0
27.0
34.0
0.0
0.0
0.0
0.0
0.0
0.0
0.0
87.0
18.0
0.0
0.0
8.0
0.0
27.0
0.0
NaN
0.0
12.0
0.0
227.0
6.0
7.0
0.0
0.0
0.0
0.0
0.0
56.0
15.0
78.0
13.0
13.0
0.0
0.0
0.0
7.0
11.0
0.0
0.0
0.0
0.0
0.0
8.0
0.0
0.0
35.0
0.0
0.0
0.0
0.0
0.0
0.0
165.0
18.0
49.0
39.0
72.0
0.0
0.0
149.0
19.0
0.0
0.0
0.0
99.0
0.0
0.0
0.0
0.0
147.0
18.0
7.0
0.0
0.0
NaN
7.0
0.0
46.0
45.0
0.0
193.0
0.0
6.0
10.0
0.0
0.0
0.0
0.0
36.0
66.0
0.0
0.0
0.0
0.0
0.0
NaN
NaN
NaN
NaN
NaN
NaN
NaN
NaN
NaN
NaN
NaN
NaN
NaN
NaN
NaN
NaN
NaN
NaN
NaN
NaN
NaN
NaN
NaN
NaN
NaN
NaN
NaN
NaN
NaN
NaN
NaN
NaN
NaN
NaN
NaN
NaN
NaN
NaN
NaN
NaN
NaN
NaN
0.0
0.0
0.0
7.0
0.0
120.0
6.0
38.0
0.0
7.0
0.0
0.0
6.0
0.0
146.0
62.0
7.0
10.0
24.0
0.0
40.0
0.0
0.0
6.0
0.0
7.0
0.0
0.0
0.0
0.0
0.0
0.0
0.0
0.0
95.0
84.0
0.0
0.0
0.0
0.0
51.0
7.0
6.0
0.0
46.0
12.0
7.0
85.0
35.0
28.0
6.0
0.0
0.0
0.0
38.0
77.0
34.0
17.0
21.0
27.0
7.0
6.0
0.0
0.0
6.0
0.0
0.0
7.0
0.0
0.0
14.0
38.0
0.0
10.0
6.0
0.0
21.0
0.0
0.0
15.0
0.0
7.0
0.0
0.0
7.0
0.0
0.0
0.0
6.0
0.0
0.0
0.0
0.0
0.0
0.0
12.0
0.0
8.0
0.0
8.0
34.0
122.0
0.0
13.0
35.0
0.0
0.0
13.0
0.0
6.0
0.0
0.0
0.0
0.0
0.0
6.0
0.0
7.0
0.0
7.0
0.0
0.0
0.0
8.0
0.0
8.0
0.0
0.0
0.0
32.0
20.0
0.0
28.0
22.0
14.0
0.0
7.0
0.0
0.0
0.0
NaN
NaN
NaN
NaN
NaN
NaN
NaN
NaN
NaN
NaN
NaN
NaN
NaN
NaN
NaN
NaN
NaN
NaN
NaN
NaN
NaN
NaN
NaN
NaN
NaN
NaN
NaN
