12.0566666667
15.035483871
15.235483871
9.41333333333
3.11612903226
0.336666666667
-3.81935483871
-9.15483870968
-9.425
-7.82580645161
-2.97333333333
9.35806451613
13.6966666667
16.7483870968
15.5741935484
10.0066666667
6.33870967742
2.75666666667
-9.31612903226
-16.3548387097
-8.7
-5.36451612903
2.46
6.20322580645
13.98
15.0129032258
14.4225806452
9.89333333333
3.31935483871
-2.66666666667
-13.8935483871
-16.0387096774
-10.8857142857
-3.44516129032
1.34666666667
8.41612903226
11.4
16.3612903226
13.9548387097
12.1133333333
4.42580645161
1.31666666667
-7.79677419355
-14.6774193548
-15.175
-9.46451612903
-1.06
8.48387096774
11.3333333333
14.7258064516
14.8064516129
9.95
4.79032258065
-1.1
-7.03225806452
-12.0322580645
-17.6071428571
-4.01612903226
0.833333333333
6.70967741935
12.0666666667
15.0967741935
14.1290322581
11.0666666667
5.25806451613
1.13333333333
-5.83870967742
-9.6
-14.1724137931
-7.29032258065
1.55
7.45161290323
9.86666666667
15.0967741935
16.3064516129
10.4333333333
3.77419354839
-1.43333333333
-13.3870967742
-18.0967741935
-7.42857142857
-4.83870967742
1.93333333333
6.29032258065
12.0
15.7741935484
14.7096774194
10.9666666667
2.6
-0.933333333333
-6.16129032258
-17.5161290323
-12.25
-7.74193548387
NaN
NaN
NaN
14.935483871
12.8064516129
10.9
6.16129032258
0.966666666667
-3.77419354839
-10.0
-8.42857142857
-4.38709677419
0.666666666667
4.8064516129
11.9
16.4838709677
16.3870967742
12.1
5.70967741935
0.166666666667
-10.7
-14.4193548387
-6.58620689655
-9.71724137931
2.27586206897
5.83870967742
12.75
15.0967741935
16.7096774194
10.3
6.74193548387
0.0333333333333
-4.25806451613
-13.3
-9.25
-5.41034482759
1.46666666667
7.51612903226
10.25
14.8064516129
14.1935483871
12.3333333333
6.25806451613
0.48275862069
-8.74193548387
-10.935483871
-11.6071428571
NaN
2.31034482759
9.45161290323
10.8275862069
15.8387096774
13.6451612903
10.9666666667
NaN
NaN
NaN
NaN
NaN
NaN
NaN
NaN
NaN
NaN
NaN
NaN
NaN
NaN
NaN
NaN
NaN
NaN
NaN
NaN
NaN
NaN
NaN
NaN
NaN
NaN
NaN
NaN
NaN
NaN
NaN
NaN
NaN
NaN
NaN
NaN
NaN
NaN
NaN
NaN
NaN
NaN
NaN
NaN
NaN
NaN
NaN
NaN
NaN
NaN
NaN
NaN
NaN
NaN
NaN
NaN
NaN
NaN
NaN
NaN
NaN
NaN
NaN
NaN
NaN
NaN
NaN
NaN
NaN
NaN
NaN
NaN
3.53333333333
-0.333333333333
-5.77586206897
-10.6774193548
-17.1111111111
-7.96551724138
0.366666666667
6.65
12.1666666667
16.6290322581
16.0172413793
9.4
3.77419354839
-1.36666666667
-7.98333333333
-21.4677419355
-15.25
-7.6935483871
1.01666666667
5.75
13.0666666667
15.6935483871
13.9838709677
11.3833333333
5.92857142857
1.20689655172
-5.25806451613
-8.53333333333
-15.2142857143
-5.59677419355
-1.23333333333
6.91935483871
14.775862069
16.3709677419
16.8
9.11666666667
7.04838709677
-3.86666666667
-13.6451612903
-15.8870967742
-13.5178571429
-9.51612903226
-1.12068965517
5.16666666667
13.7333333333
14.6451612903
15.8
12.1833333333
4.6
-3.06666666667
-4.22413793103
-16.0806451613
-11.2962962963
-8.79310344828
-1.55
4.51666666667
13.7666666667
14.8870967742
13.4
10.4166666667
4.17741935484
-1.96551724138
-6.38333333333
-10.95
-7.64814814815
-5.46666666667
1.15
10.6833333333
12.9166666667
15.8666666667
16.2419354839
12.2666666667
5.77419354839
1.36666666667
-5.35483870968
-14.7258064516
-11.2678571429
-7.14516129032
1.05
8.25862068966
13.7833333333
16.7419354839
14.6290322581
12.5862068966
4.25806451613
2.24137931034
-6.71666666667
-13.9516129032
-10.3035714286
-2.83870967742
1.56896551724
8.24193548387
12.4
14.6451612903
14.8333333333
10.1666666667
5.61290322581
-1.2
-14.2166666667
-12.0967741935
-11.9464285714
-7.64516129032
0.160714285714
8.62903225806
12.65
14.5
15.8666666667
10.1379310345
5.09677419355
1.77777777778
-1.31034482759
-4.86666666667
-8.36538461538
-6.31666666667
1.95
5.6935483871
13.9166666667
17.5862068966
NaN
14.4166666667
4.91935483871
-0.961538461538
-6.11111111111
-15.2931034483
-16.1785714286
-8.13333333333
-2.20689655172
7.36666666667
12.1666666667
15.6612903226
16.2419354839
11.55
4.96774193548
1.23214285714
-4.98387096774
-16.5
-11.5178571429
-4.43103448276
0.866666666667
7.2037037037
11.5689655172
15.4655172414
14.3387096774
12.8166666667
6.72580645161
1.45
-9.45
-14.6034482759
-11.46
-8.8
1.23333333333
5.75806451613
16.65
18.0483870968
16.6935483871
13.4166666667
7.56666666667
0.534482758621
-7.33870967742
-6.08064516129
-11.36
-6.25
2.0
8.6
14.05
18.3461538462
15.5357142857
10.9166666667
5.20967741935
1.8275862069
-1.81666666667
NaN
NaN
NaN
NaN
NaN
NaN
NaN
NaN
NaN
NaN
NaN
NaN
NaN
NaN
NaN
NaN
NaN
NaN
NaN
NaN
NaN
NaN
NaN
NaN
NaN
NaN
NaN
NaN
NaN
NaN
NaN
NaN
NaN
NaN
NaN
NaN
NaN
NaN
NaN
NaN
NaN
NaN
NaN
NaN
NaN
NaN
NaN
NaN
NaN
NaN
NaN
NaN
NaN
NaN
NaN
NaN
NaN
NaN
NaN
NaN
NaN
NaN
NaN
NaN
NaN
NaN
NaN
NaN
NaN
NaN
NaN
NaN
NaN
NaN
NaN
NaN
NaN
NaN
NaN
NaN
NaN
NaN
NaN
NaN
NaN
NaN
NaN
NaN
NaN
NaN
NaN
NaN
NaN
NaN
NaN
NaN
NaN
NaN
NaN
0.857142857143
9.07407407407
NaN
15.8833333333
15.8548387097
14.7068965517
NaN
2.83928571429
0.448275862069
-9.0
-9.18518518519
-4.24193548387
NaN
8.59259259259
13.0740740741
17.1034482759
17.8448275862
NaN
NaN
NaN
NaN
NaN
NaN
NaN
NaN
NaN
NaN
NaN
