24.624137931
NaN
20.6580645161
17.16
9.54838709677
NaN
-4.37419354839
-7.3064516129
0.378571428571
NaN
NaN
20.0258064516
21.3566666667
24.3258064516
23.1548387097
16.8533333333
10.54
1.53448275862
-4.00967741935
-9.34516129032
-0.620833333333
2.26451612903
8.82666666667
18.9
22.7266666667
25.2733333333
20.9870967742
18.7366666667
NaN
NaN
NaN
NaN
NaN
2.31
NaN
16.2161290323
18.76
22.1709677419
21.3967741935
15.0833333333
11.4258064516
1.41666666667
-11.4451612903
-8.05806451613
-8.58571428571
-0.612903225806
9.06666666667
17.8933333333
22.5933333333
23.2193548387
24.0516129032
NaN
9.08518518519
3.88214285714
-2.54193548387
-8.0935483871
-5.825
-4.01071428571
6.7
13.4096774194
20.0137931034
25.1129032258
23.2
19.3966666667
5.34516129032
-1.99
NaN
-12.8233333333
-11.4678571429
-2.32580645161
4.23
16.7096774194
22.8133333333
21.8666666667
22.964516129
17.4071428571
8.20714285714
1.64482758621
-4.75806451613
-17.4612903226
-5.30344827586
0.851612903226
5.70666666667
13.5903225806
19.7862068966
22.835483871
19.0225806452
19.56
10.035483871
1.95
-8.06666666667
-11.0935483871
-5.275
-1.56
10.1
15.7548387097
24.5733333333
25.6838709677
23.935483871
19.7066666667
10.8580645161
1.35862068966
-6.7935483871
-4.85161290323
-8.04444444444
1.06451612903
10.1566666667
18.3064516129
22.39
24.5548387097
21.4451612903
15.95
8.02580645161
2.03
-2.47419354839
-7.84193548387
-11.225
0.0233333333333
6.96071428571
NaN
22.1
22.4677419355
21.7483870968
18.3033333333
11.3666666667
0.203333333333
-7.46451612903
-7.05161290323
-7.97586206897
-3.30322580645
9.55
13.3612903226
20.7566666667
22.3516129032
22.6225806452
17.3366666667
9.61379310345
1.25
-8.34838709677
-12.8032258065
-6.76785714286
0.341935483871
7.24
13.0769230769
21.4633333333
NaN
21.0516129032
18.7233333333
7.2
4.89333333333
-6.81290322581
-7.82903225806
-6.12857142857
6.64193548387
12.2785714286
19.2903225806
20.275862069
25.735483871
23.7387096774
15.2366666667
9.93225806452
2.61333333333
-6.28709677419
-11.2677419355
-6.61071428571
-1.8064516129
7.49
17.3483870968
21.86
25.9709677419
23.3709677419
18.58
11.875862069
4.34
-4.14516129032
-7.00322580645
-3.75714285714
5.8
7.77666666667
19.1258064516
23.9366666667
24.7548387097
22.6516129032
16.9586206897
9.43225806452
1.40666666667
-5.79677419355
-9.17419354839
-8.37857142857
-0.635483870968
4.93333333333
16.7566666667
20.9633333333
24.5290322581
21.6966666667
17.6275862069
11.2448275862
-0.358620689655
-12.775862069
-12.3258064516
-9.81071428571
-4.95483870968
5.36
15.8066666667
22.2566666667
21.7533333333
21.1733333333
16.2933333333
8.72258064516
-1.28965517241
-5.91333333333
-11.9068965517
-14.9892857143
-1.75483870968
7.43448275862
17.9612903226
20.9
24.3806451613
22.1935483871
20.65
8.55862068966
4.95666666667
-0.474193548387
-7.65862068966
-8.25517241379
1.14193548387
4.32
17.4935483871
21.28
23.9166666667
24.4666666667
18.93
10.2166666667
4.85333333333
-5.93225806452
-5.60322580645
-4.67857142857
-2.13225806452
8.24666666667
13.9966666667
20.3733333333
23.9
20.1322580645
20.24
14.0392857143
