0.0
137.0
0.0
0.0
0.0
0.0
178.0
0.0
0.0
0.0
0.0
0.0
0.0
0.0
0.0
76.0
0.0
0.0
0.0
0.0
13.0
0.0
0.0
61.0
0.0
0.0
0.0
28.0
0.0
0.0
0.0
NaN
NaN
84.0
46.0
0.0
0.0
NaN
NaN
NaN
0.0
0.0
0.0
0.0
0.0
0.0
0.0
46.0
168.0
0.0
0.0
0.0
0.0
0.0
0.0
0.0
91.0
244.0
0.0
0.0
61.0
0.0
48.0
0.0
0.0
0.0
15.0
0.0
0.0
0.0
203.0
0.0
0.0
0.0
0.0
28.0
0.0
0.0
0.0
15.0
0.0
0.0
0.0
193.0
0.0
0.0
0.0
0.0
0.0
0.0
0.0
251.0
0.0
0.0
0.0
0.0
0.0
0.0
97.0
130.0
36.0
0.0
0.0
0.0
0.0
0.0
0.0
0.0
0.0
0.0
0.0
71.0
290.0
234.0
142.0
51.0
0.0
0.0
0.0
NaN
0.0
0.0
0.0
30.0
0.0
0.0
0.0
0.0
0.0
0.0
0.0
0.0
0.0
0.0
41.0
0.0
0.0
183.0
102.0
13.0
0.0
0.0
0.0
13.0
97.0
10.0
0.0
0.0
122.0
0.0
10.0
0.0
0.0
0.0
51.0
58.0
23.0
0.0
10.0
0.0
0.0
0.0
51.0
157.0
163.0
13.0
0.0
0.0
13.0
0.0
0.0
0.0
0.0
0.0
0.0
0.0
447.0
15.0
0.0
0.0
0.0
0.0
0.0
0.0
0.0
0.0
0.0
0.0
0.0
36.0
36.0
0.0
0.0
0.0
0.0
0.0
43.0
20.0
0.0
0.0
0.0
0.0
0.0
0.0
0.0
94.0
5.0
0.0
0.0
0.0
20.0
0.0
13.0
0.0
0.0
20.0
13.0
5.0
30.0
0.0
0.0
0.0
0.0
0.0
155.0
0.0
0.0
5.0
5.0
0.0
25.0
20.0
38.0
0.0
0.0
0.0
0.0
0.0
0.0
13.0
0.0
0.0
127.0
20.0
0.0
51.0
13.0
0.0
30.0
0.0
0.0
0.0
61.0
112.0
28.0
0.0
0.0
0.0
0.0
0.0
20.0
30.0
0.0
163.0
112.0
46.0
0.0
0.0
18.0
0.0
0.0
41.0
8.0
81.0
28.0
0.0
0.0
0.0
0.0
0.0
30.0
0.0
41.0
0.0
0.0
0.0
0.0
0.0
0.0
0.0
28.0
25.0
218.0
64.0
0.0
0.0
191.0
0.0
0.0
0.0
152.0
61.0
46.0
13.0
0.0
0.0
0.0
0.0
0.0
0.0
0.0
0.0
0.0
0.0
137.0
104.0
15.0
0.0
20.0
0.0
0.0
56.0
15.0
66.0
0.0
0.0
0.0
0.0
0.0
0.0
0.0
0.0
0.0
0.0
0.0
0.0
0.0
0.0
0.0
NaN
NaN
0.0
13.0
188.0
0.0
0.0
0.0
345.0
91.0
127.0
0.0
0.0
0.0
0.0
0.0
0.0
0.0
0.0
0.0
0.0
0.0
0.0
0.0
0.0
0.0
0.0
0.0
0.0
0.0
0.0
10.0
18.0
0.0
38.0
0.0
0.0
23.0
0.0
0.0
0.0
0.0
0.0
0.0
0.0
0.0
0.0
0.0
0.0
0.0
0.0
0.0
292.0
208.0
0.0
0.0
0.0
188.0
0.0
0.0
0.0
0.0
0.0
0.0
0.0
91.0
94.0
61.0
0.0
0.0
10.0
244.0
0.0
0.0
0.0
0.0
0.0
10.0
76.0
0.0
25.0
18.0
0.0
0.0
0.0
0.0
0.0
0.0
0.0
330.0
310.0
0.0
0.0
0.0
0.0
0.0
0.0
0.0
0.0
0.0
0.0
18.0
0.0
0.0
0.0
0.0
0.0
76.0
15.0
0.0
41.0
0.0
0.0
0.0
0.0
0.0
140.0
0.0
0.0
0.0
38.0
0.0
13.0
0.0
0.0
0.0
66.0
0.0
0.0
0.0
0.0
0.0
142.0
0.0
0.0
36.0
0.0
0.0
0.0
0.0
0.0
0.0
0.0
0.0
0.0
0.0
0.0
0.0
0.0
0.0
485.0
0.0
0.0
0.0
0.0
198.0
56.0
99.0
89.0
0.0
0.0
0.0
0.0
0.0
20.0
53.0
0.0
0.0
0.0
0.0
0.0
33.0
117.0
13.0
46.0
41.0
112.0
20.0
0.0
0.0
0.0
0.0
53.0
0.0
351.0
284.0
25.0
168.0
38.0
0.0
0.0
0.0
0.0
0.0
0.0
20.0
0.0
71.0
10.0
25.0
0.0
8.0
10.0
8.0
0.0
0.0
66.0
36.0
0.0
0.0
0.0
0.0
0.0
0.0
0.0
56.0
0.0
0.0
0.0
0.0
0.0
0.0
0.0
0.0
0.0
0.0
0.0
0.0
0.0
0.0
0.0
0.0
0.0
38.0
0.0
76.0
20.0
0.0
0.0
0.0
0.0
66.0
0.0
0.0
56.0
41.0
0.0
0.0
0.0
0.0
0.0
25.0
36.0
5.0
0.0
51.0
0.0
0.0
10.0
0.0
0.0
0.0
25.0
0.0
0.0
0.0
0.0
81.0
5.0
0.0
0.0
0.0
5.0
5.0
0.0
0.0
0.0
0.0
0.0
0.0
0.0
0.0
0.0
25.0
46.0
0.0
0.0
0.0
10.0
112.0
56.0
0.0
0.0
0.0
0.0
0.0
0.0
0.0
0.0
0.0
160.0
107.0
0.0
0.0
267.0
15.0
0.0
0.0
28.0
0.0
0.0
0.0
0.0
69.0
0.0
343.0
13.0
8.0
0.0
0.0
203.0
0.0
5.0
0.0
0.0
0.0
0.0
0.0
0.0
0.0
