NaN
8.03448275862
2.26071428571
NaN
NaN
-11.2782608696
NaN
5.60333333333
12.45
19.2464285714
23.3896551724
22.18
17.57
11.5709677419
2.08
-8.14516129032
-11.05
-7.89259259259
0.954838709677
3.61923076923
13.4655172414
22.4428571429
23.9
21.4366666667
16.1566666667
9.38387096774
0.626666666667
-8.14193548387
NaN
-10.972
-3.88387096774
2.43666666667
10.0967741935
18.3689655172
22.1870967742
NaN
16.9366666667
NaN
-0.541379310345
-15.1413793103
-15.2129032258
-12.8071428571
-8.6935483871
1.84666666667
11.5222222222
20.9461538462
20.94
21.1233333333
16.6896551724
9.65862068966
-3.71428571429
NaN
-15.2064516129
-18.45
-3.9
3.94666666667
12.6344827586
20.3037037037
22.7903225806
NaN
19.53
7.52903225806
3.25333333333
-2.50967741935
-9.75333333333
-11.5965517241
-3.91034482759
0.156666666667
14.1533333333
18.26
21.5533333333
22.2967741935
17.9633333333
9.72580645161
4.20333333333
-9.53548387097
-8.23870967742
-9.24285714286
-4.77096774194
2.98333333333
12.0032258065
17.8482758621
22.6258064516
20.0333333333
17.1633333333
12.8928571429
