NaN
NaN
NaN
NaN
NaN
NaN
NaN
NaN
NaN
NaN
NaN
NaN
NaN
NaN
NaN
NaN
NaN
NaN
NaN
NaN
NaN
NaN
3.0
0.0
66.0
0.0
15.0
0.0
0.0
13.0
0.0
64.0
5.0
0.0
13.0
0.0
10.0
0.0
0.0
0.0
0.0
74.0
5.0
165.0
0.0
8.0
3.0
51.0
5.0
0.0
0.0
0.0
0.0
0.0
0.0
0.0
0.0
3.0
0.0
25.0
0.0
0.0
0.0
0.0
0.0
0.0
0.0
0.0
0.0
0.0
0.0
0.0
0.0
0.0
25.0
8.0
0.0
0.0
15.0
0.0
0.0
282.0
0.0
0.0
0.0
0.0
152.0
0.0
0.0
251.0
0.0
0.0
122.0
0.0
0.0
0.0
0.0
277.0
89.0
0.0
0.0
3.0
25.0
94.0
0.0
30.0
69.0
0.0
0.0
0.0
0.0
20.0
10.0
36.0
0.0
0.0
0.0
41.0
0.0
0.0
0.0
0.0
10.0
0.0
0.0
0.0
0.0
0.0
25.0
127.0
107.0
25.0
5.0
132.0
23.0
0.0
0.0
0.0
0.0
0.0
0.0
0.0
0.0
10.0
0.0
0.0
48.0
300.0
51.0
5.0
0.0
221.0
64.0
15.0
0.0
0.0
0.0
0.0
0.0
0.0
0.0
0.0
0.0
0.0
0.0
0.0
0.0
0.0
0.0
25.0
41.0
97.0
0.0
127.0
25.0
0.0
76.0
0.0
0.0
15.0
8.0
0.0
46.0
81.0
0.0
0.0
25.0
8.0
0.0
0.0
5.0
0.0
0.0
0.0
20.0
23.0
0.0
5.0
5.0
107.0
0.0
0.0
0.0
102.0
64.0
0.0
25.0
43.0
13.0
0.0
0.0
0.0
0.0
13.0
8.0
0.0
0.0
8.0
0.0
0.0
0.0
33.0
5.0
10.0
0.0
51.0
102.0
0.0
0.0
0.0
0.0
0.0
0.0
10.0
3.0
0.0
0.0
0.0
0.0
0.0
5.0
51.0
25.0
0.0
0.0
0.0
0.0
30.0
0.0
0.0
0.0
0.0
0.0
10.0
10.0
25.0
0.0
30.0
0.0
0.0
5.0
8.0
0.0
0.0
0.0
0.0
0.0
0.0
0.0
0.0
18.0
36.0
0.0
0.0
0.0
0.0
15.0
25.0
74.0
0.0
0.0
5.0
10.0
25.0
0.0
36.0
28.0
0.0
0.0
10.0
0.0
0.0
0.0
3.0
3.0
0.0
0.0
25.0
41.0
25.0
0.0
0.0
0.0
20.0
20.0
25.0
0.0
0.0
0.0
0.0
0.0
13.0
0.0
0.0
0.0
0.0
0.0
0.0
0.0
43.0
0.0
74.0
33.0
0.0
0.0
0.0
0.0
0.0
0.0
0.0
30.0
13.0
81.0
8.0
0.0
0.0
0.0
0.0
0.0
0.0
20.0
0.0
0.0
8.0
0.0
0.0
0.0
5.0
18.0
15.0
0.0
0.0
89.0
0.0
0.0
188.0
198.0
71.0
3.0
0.0
0.0
0.0
0.0
0.0
0.0
0.0
0.0
0.0
201.0
30.0
0.0
0.0
0.0
0.0
20.0
74.0
0.0
0.0
0.0
109.0
23.0
13.0
0.0
254.0
0.0
28.0
13.0
0.0
0.0
0.0
0.0
13.0
3.0
20.0
267.0
0.0
0.0
20.0
0.0
0.0
36.0
0.0
0.0
0.0
0.0
10.0
130.0
3.0
0.0
109.0
0.0
13.0
0.0
8.0
0.0
0.0
0.0
74.0
69.0
79.0
8.0
130.0
5.0
0.0
0.0
0.0
0.0
0.0
0.0
0.0
0.0
0.0
0.0
0.0
0.0
0.0
0.0
0.0
0.0
0.0
0.0
0.0
0.0
0.0
13.0
0.0
0.0
0.0
76.0
28.0
0.0
0.0
0.0
0.0
0.0
0.0
8.0
0.0
69.0
89.0
310.0
81.0
81.0
0.0
0.0
0.0
0.0
0.0
0.0
13.0
10.0
79.0
0.0
13.0
0.0
0.0
0.0
0.0
0.0
0.0
0.0
0.0
56.0
8.0
168.0
0.0
719.0
48.0
10.0
28.0
41.0
25.0
0.0
36.0
10.0
0.0
0.0
0.0
0.0
5.0
0.0
0.0
343.0
41.0
13.0
0.0
0.0
0.0
0.0
0.0
0.0
5.0
76.0
86.0
0.0
0.0
442.0
0.0
0.0
18.0
66.0
25.0
15.0
76.0
0.0
0.0
0.0
0.0
0.0
0.0
0.0
152.0
0.0
25.0
76.0
23.0
25.0
18.0
0.0
25.0
10.0
10.0
0.0
5.0
0.0
0.0
0.0
0.0
0.0
0.0
0.0
18.0
0.0
10.0
0.0
0.0
15.0
0.0
0.0
0.0
15.0
0.0
46.0
0.0
0.0
10.0
0.0
25.0
0.0
0.0
0.0
25.0
25.0
0.0
0.0
0.0
0.0
0.0
51.0
18.0
0.0
0.0
0.0
25.0
51.0
0.0
0.0
66.0
58.0
0.0
0.0
0.0
0.0
0.0
0.0
0.0
10.0
5.0
20.0
13.0
8.0
56.0
20.0
0.0
0.0
0.0
0.0
0.0
0.0
0.0
0.0
0.0
0.0
0.0
0.0
0.0
0.0
0.0
0.0
0.0
0.0
0.0
15.0
0.0
0.0
15.0
46.0
0.0
0.0
10.0
5.0
20.0
10.0
0.0
3.0
0.0
76.0
3.0
305.0
0.0
0.0
36.0
0.0
20.0
102.0
0.0
0.0
0.0
0.0
0.0
0.0
0.0
0.0
43.0
0.0
0.0
10.0
0.0
23.0
0.0
0.0
0.0
0.0
0.0
0.0
91.0
36.0
0.0
51.0
28.0
0.0
0.0
0.0
0.0
0.0
0.0
0.0
0.0
0.0
0.0
0.0
112.0
0.0
0.0
20.0
97.0
25.0
0.0
0.0
0.0
23.0
10.0
0.0
0.0
0.0
0.0
0.0
0.0
0.0
0.0
0.0
0.0
0.0
0.0
53.0
8.0
0.0
0.0
0.0
0.0
0.0
23.0
79.0
0.0
0.0
0.0
0.0
0.0
51.0
0.0
0.0
127.0
10.0
0.0
0.0
0.0
30.0
145.0
0.0
0.0
0.0
5.0
0.0
0.0
38.0
0.0
0.0
0.0
0.0
0.0
191.0
3.0
0.0
91.0
20.0
0.0
0.0
0.0
79.0
0.0
0.0
0.0
0.0
0.0
0.0
0.0
0.0
10.0
0.0
0.0
0.0
0.0
0.0
0.0
0.0
0.0
0.0
0.0
15.0
3.0
20.0
53.0
0.0
71.0
0.0
0.0
46.0
18.0
0.0
498.0
0.0
0.0
20.0
0.0
0.0
0.0
0.0
0.0
0.0
15.0
0.0
0.0
25.0
0.0
0.0
0.0
8.0
0.0
132.0
0.0
0.0
71.0
0.0
0.0
0.0
0.0
71.0
0.0
0.0
0.0
28.0
74.0
0.0
0.0
0.0
0.0
0.0
0.0
0.0
0.0
0.0
56.0
0.0
0.0
0.0
13.0
0.0
0.0
371.0
0.0
0.0
0.0
18.0
3.0
160.0
0.0
0.0
25.0
0.0
10.0
0.0
0.0
0.0
0.0
0.0
20.0
0.0
64.0
18.0
76.0
28.0
0.0
0.0
18.0
13.0
0.0
0.0
64.0
0.0
0.0
0.0
15.0
102.0
0.0
0.0
0.0
0.0
0.0
0.0
0.0
0.0
0.0
18.0
0.0
0.0
0.0
0.0
0.0
0.0
15.0
0.0
76.0
51.0
0.0
0.0
0.0
0.0
0.0
201.0
56.0
0.0
25.0
28.0
0.0
0.0
0.0
0.0
0.0
0.0
10.0
0.0
30.0
15.0
13.0
3.0
0.0
0.0
0.0
0.0
3.0
13.0
0.0
5.0
18.0
0.0
0.0
0.0
0.0
0.0
0.0
3.0
8.0
0.0
0.0
0.0
0.0
0.0
0.0
0.0
0.0
0.0
10.0
10.0
20.0
0.0
0.0
0.0
10.0
13.0
0.0
0.0
5.0
10.0
178.0
13.0
25.0
0.0
0.0
0.0
0.0
0.0
0.0
0.0
8.0
13.0
0.0
0.0
0.0
5.0
0.0
0.0
0.0
0.0
0.0
0.0
0.0
5.0
0.0
0.0
0.0
0.0
0.0
0.0
0.0
0.0
8.0
0.0
0.0
0.0
0.0
38.0
0.0
0.0
0.0
0.0
0.0
61.0
8.0
30.0
0.0
0.0
0.0
0.0
0.0
5.0
5.0
0.0
0.0
0.0
0.0
0.0
0.0
3.0
8.0
0.0
0.0
0.0
0.0
5.0
33.0
43.0
0.0
0.0
8.0
0.0
64.0
0.0
114.0
0.0
0.0
0.0
0.0
0.0
0.0
0.0
0.0
0.0
0.0
0.0
0.0
0.0
0.0
0.0
0.0
0.0
0.0
0.0
0.0
5.0
0.0
3.0
5.0
0.0
0.0
5.0
5.0
0.0
0.0
10.0
20.0
0.0
0.0
0.0
114.0
112.0
5.0
0.0
0.0
0.0
0.0
0.0
0.0
0.0
0.0
0.0
0.0
0.0
0.0
0.0
25.0
5.0
0.0
0.0
150.0
25.0
20.0
0.0
0.0
0.0
5.0
0.0
0.0
0.0
0.0
0.0
3.0
89.0
0.0
51.0
8.0
0.0
0.0
0.0
0.0
43.0
0.0
0.0
23.0
10.0
0.0
0.0
0.0
0.0
0.0
58.0
3.0
0.0
0.0
56.0
0.0
30.0
48.0
117.0
0.0
28.0
18.0
0.0
0.0
0.0
107.0
20.0
157.0
0.0
0.0
0.0
0.0
0.0
0.0
0.0
0.0
0.0
89.0
0.0
0.0
0.0
0.0
157.0
0.0
15.0
0.0
0.0
0.0
0.0
0.0
0.0
0.0
0.0
18.0
91.0
18.0
173.0
419.0
18.0
0.0
378.0
0.0
0.0
0.0
0.0
0.0
0.0
160.0
249.0
10.0
130.0
155.0
0.0
0.0
3.0
0.0
0.0
0.0
0.0
0.0
41.0
0.0
0.0
0.0
0.0
0.0
33.0
0.0
0.0
0.0
0.0
23.0
0.0
8.0
107.0
163.0
183.0
15.0
8.0
0.0
0.0
0.0
0.0
0.0
0.0
0.0
10.0
15.0
8.0
0.0
0.0
0.0
0.0
0.0
348.0
18.0
23.0
104.0
0.0
30.0
0.0
0.0
0.0
0.0
0.0
0.0
117.0
0.0
0.0
0.0
0.0
297.0
76.0
15.0
216.0
0.0
0.0
0.0
0.0
0.0
0.0
0.0
0.0
0.0
0.0
0.0
0.0
0.0
0.0
64.0
15.0
0.0
0.0
0.0
5.0
8.0
28.0
74.0
43.0
0.0
25.0
38.0
30.0
0.0
0.0
0.0
48.0
46.0
5.0
8.0
0.0
0.0
0.0
76.0
130.0
15.0
0.0
5.0
15.0
10.0
10.0
0.0
0.0
0.0
0.0
0.0
0.0
0.0
0.0
0.0
0.0
0.0
185.0
5.0
0.0
0.0
0.0
0.0
0.0
0.0
0.0
20.0
3.0
0.0
0.0
0.0
0.0
0.0
15.0
10.0
41.0
13.0
3.0
0.0
0.0
0.0
0.0
0.0
0.0
0.0
0.0
10.0
0.0
0.0
0.0
0.0
0.0
0.0
30.0
86.0
0.0
0.0
0.0
0.0
0.0
20.0
0.0
0.0
15.0
56.0
5.0
0.0
41.0
0.0
36.0
74.0
0.0
5.0
20.0
0.0
0.0
0.0
0.0
0.0
0.0
20.0
8.0
3.0
10.0
0.0
10.0
33.0
0.0
0.0
0.0
0.0
0.0
0.0
0.0
0.0
0.0
0.0
0.0
46.0
0.0
0.0
0.0
0.0
3.0
0.0
0.0
0.0
0.0
0.0
0.0
0.0
0.0
0.0
104.0
15.0
0.0
15.0
8.0
0.0
8.0
0.0
3.0
0.0
5.0
0.0
0.0
0.0
0.0
18.0
0.0
30.0
10.0
0.0
0.0
0.0
0.0
0.0
0.0
0.0
0.0
0.0
119.0
66.0
0.0
0.0
0.0
0.0
0.0
0.0
30.0
132.0
41.0
10.0
0.0
0.0
0.0
56.0
198.0
0.0
0.0
25.0
30.0
51.0
0.0
0.0
0.0
0.0
0.0
0.0
0.0
254.0
145.0
0.0
234.0
51.0
0.0
51.0
0.0
0.0
51.0
64.0
0.0
18.0
43.0
0.0
0.0
0.0
10.0
8.0
0.0
0.0
0.0
0.0
0.0
0.0
102.0
389.0
84.0
0.0
0.0
0.0
0.0
0.0
0.0
36.0
30.0
0.0
0.0
0.0
0.0
0.0
8.0
0.0
0.0
0.0
0.0
0.0
0.0
0.0
8.0
0.0
0.0
13.0
3.0
43.0
8.0
0.0
0.0
140.0
0.0
0.0
0.0
33.0
0.0
0.0
0.0
0.0
3.0
0.0
0.0
0.0
0.0
0.0
0.0
0.0
38.0
15.0
0.0
0.0
23.0
15.0
0.0
0.0
0.0
0.0
0.0
0.0
0.0
0.0
0.0
0.0
3.0
376.0
18.0
0.0
0.0
NaN
NaN
0.0
15.0
3.0
610.0
64.0
28.0
5.0
8.0
5.0
0.0
0.0
0.0
132.0
53.0
64.0
15.0
20.0
0.0
0.0
0.0
0.0
0.0
46.0
10.0
0.0
74.0
13.0
0.0
0.0
0.0
0.0
15.0
0.0
0.0
0.0
23.0
0.0
0.0
18.0
25.0
0.0
0.0
0.0
0.0
89.0
56.0
0.0
0.0
0.0
267.0
41.0
46.0
18.0
0.0
0.0
0.0
0.0
0.0
43.0
0.0
28.0
0.0
3.0
0.0
0.0
0.0
0.0
0.0
0.0
0.0
0.0
0.0
0.0
0.0
0.0
0.0
0.0
107.0
13.0
0.0
0.0
0.0
0.0
0.0
0.0
0.0
0.0
8.0
18.0
41.0
0.0
0.0
0.0
0.0
3.0
81.0
0.0
0.0
0.0
0.0
0.0
0.0
13.0
23.0
0.0
0.0
0.0
0.0
0.0
5.0
0.0
5.0
3.0
5.0
0.0
0.0
0.0
0.0
0.0
8.0
33.0
81.0
10.0
0.0
30.0
8.0
28.0
5.0
127.0
10.0
3.0
0.0
0.0
0.0
0.0
0.0
0.0
0.0
0.0
43.0
0.0
0.0
56.0
0.0
0.0
0.0
38.0
251.0
140.0
0.0
0.0
8.0
28.0
0.0
20.0
3.0
0.0
30.0
0.0
0.0
8.0
145.0
5.0
0.0
0.0
0.0
0.0
0.0
0.0
0.0
0.0
8.0
13.0
5.0
5.0
0.0
0.0
0.0
0.0
38.0
0.0
0.0
20.0
0.0
0.0
25.0
0.0
0.0
0.0
25.0
0.0
0.0
38.0
0.0
0.0
0.0
0.0
8.0
0.0
0.0
30.0
0.0
0.0
0.0
0.0
0.0
0.0
23.0
0.0
0.0
0.0
0.0
0.0
0.0
0.0
28.0
13.0
0.0
0.0
51.0
0.0
0.0
107.0
234.0
69.0
0.0
0.0
0.0
0.0
0.0
0.0
0.0
0.0
0.0
0.0
0.0
0.0
0.0
0.0
0.0
0.0
13.0
0.0
66.0
201.0
20.0
0.0
0.0
0.0
38.0
0.0
0.0
0.0
28.0
0.0
25.0
51.0
30.0
23.0
36.0
0.0
0.0
0.0
0.0
0.0
0.0
0.0
0.0
0.0
0.0
51.0
0.0
0.0
0.0
28.0
18.0
0.0
36.0
0.0
0.0
38.0
3.0
18.0
0.0
0.0
0.0
0.0
3.0
5.0
0.0
0.0
0.0
213.0
15.0
0.0
0.0
0.0
76.0
0.0
0.0
0.0
137.0
0.0
0.0
0.0
0.0
0.0
389.0
20.0
117.0
30.0
0.0
20.0
0.0
15.0
0.0
178.0
97.0
0.0
246.0
0.0
0.0
0.0
99.0
0.0
0.0
0.0
0.0
3.0
0.0
0.0
135.0
0.0
13.0
0.0
0.0
86.0
99.0
41.0
0.0
0.0
8.0
0.0
58.0
0.0
0.0
0.0
0.0
0.0
251.0
20.0
0.0
3.0
0.0
0.0
0.0
0.0
0.0
0.0
10.0
0.0
0.0
0.0
25.0
10.0
0.0
0.0
0.0
15.0
94.0
0.0
224.0
0.0
8.0
33.0
51.0
8.0
0.0
0.0
0.0
244.0
0.0
3.0
5.0
3.0
15.0
53.0
53.0
0.0
0.0
0.0
33.0
10.0
0.0
0.0
0.0
0.0
48.0
97.0
81.0
20.0
0.0
8.0
0.0
0.0
0.0
0.0
0.0
0.0
5.0
13.0
0.0
0.0
0.0
0.0
0.0
0.0
0.0
20.0
43.0
0.0
0.0
0.0
241.0
23.0
0.0
0.0
0.0
0.0
0.0
0.0
0.0
74.0
89.0
183.0
0.0
0.0
0.0
0.0
0.0
0.0
0.0
0.0
0.0
0.0
0.0
0.0
0.0
0.0
0.0
0.0
0.0
25.0
0.0
0.0
0.0
0.0
0.0
0.0
53.0
38.0
0.0
0.0
0.0
0.0
0.0
0.0
0.0
0.0
5.0
5.0
0.0
0.0
0.0
41.0
0.0
0.0
0.0
0.0
0.0
10.0
0.0
0.0
180.0
15.0
0.0
25.0
0.0
0.0
5.0
43.0
0.0
0.0
0.0
0.0
10.0
0.0
0.0
0.0
5.0
0.0
0.0
0.0
0.0
86.0
0.0
0.0
20.0
0.0
0.0
0.0
0.0
30.0
10.0
15.0
20.0
0.0
0.0
0.0
0.0
20.0
0.0
0.0
0.0
28.0
41.0
10.0
33.0
0.0
15.0
0.0
89.0
0.0
0.0
0.0
66.0
0.0
0.0
0.0
0.0
0.0
0.0
0.0
5.0
3.0
0.0
0.0
0.0
5.0
0.0
8.0
0.0
41.0
0.0
36.0
0.0
0.0
0.0
0.0
0.0
61.0
74.0
0.0
51.0
160.0
0.0
0.0
10.0
5.0
0.0
51.0
41.0
0.0
246.0
0.0
76.0
33.0
53.0
0.0
8.0
0.0
5.0
8.0
0.0
0.0
0.0
0.0
81.0
0.0
0.0
5.0
0.0
0.0
0.0
0.0
0.0
0.0
0.0
0.0
0.0
0.0
0.0
0.0
0.0
0.0
0.0
0.0
23.0
99.0
25.0
0.0
18.0
13.0
33.0
0.0
0.0
0.0
0.0
0.0
0.0
0.0
0.0
0.0
30.0
15.0
0.0
0.0
0.0
0.0
0.0
0.0
0.0
0.0
0.0
0.0
5.0
8.0
0.0
0.0
0.0
0.0
0.0
18.0
0.0
0.0
0.0
0.0
0.0
0.0
0.0
8.0
0.0
0.0
0.0
0.0
0.0
0.0
0.0
0.0
0.0
15.0
130.0
0.0
107.0
0.0
97.0
79.0
79.0
99.0
201.0
28.0
124.0
69.0
0.0
0.0
28.0
0.0
0.0
249.0
178.0
119.0
165.0
0.0
0.0
0.0
0.0
0.0
0.0
0.0
0.0
170.0
0.0
10.0
0.0
0.0
0.0
46.0
23.0
5.0
5.0
0.0
0.0
15.0
251.0
0.0
0.0
132.0
0.0
157.0
8.0
0.0
112.0
0.0
0.0
0.0
0.0
0.0
0.0
0.0
152.0
0.0
0.0
0.0
23.0
213.0
0.0
0.0
25.0
0.0
0.0
0.0
0.0
0.0
76.0
58.0
0.0
0.0
0.0
0.0
0.0
3.0
89.0
15.0
0.0
0.0
0.0
0.0
0.0
0.0
0.0
0.0
0.0
0.0
20.0
0.0
0.0
0.0
0.0
8.0
0.0
0.0
0.0
0.0
0.0
13.0
0.0
0.0
66.0
0.0
0.0
0.0
56.0
0.0
0.0
0.0
0.0
0.0
0.0
0.0
79.0
0.0
0.0
0.0
41.0
0.0
0.0
0.0
0.0
0.0
0.0
18.0
0.0
5.0
0.0
0.0
38.0
8.0
0.0
0.0
0.0
0.0
0.0
0.0
0.0
0.0
0.0
0.0
0.0
0.0
13.0
8.0
0.0
0.0
0.0
0.0
20.0
10.0
0.0
0.0
0.0
0.0
0.0
0.0
0.0
10.0
0.0
0.0
13.0
10.0
0.0
0.0
0.0
0.0
0.0
0.0
0.0
0.0
0.0
0.0
5.0
10.0
5.0
5.0
0.0
0.0
0.0
89.0
20.0
36.0
0.0
0.0
0.0
0.0
0.0
0.0
0.0
0.0
0.0
30.0
10.0
0.0
0.0
10.0
71.0
0.0
0.0
0.0
0.0
0.0
0.0
18.0
0.0
0.0
36.0
0.0
0.0
0.0
0.0
0.0
0.0
0.0
10.0
8.0
0.0
0.0
0.0
0.0
46.0
0.0
0.0
28.0
13.0
51.0
15.0
0.0
0.0
20.0
0.0
0.0
0.0
20.0
135.0
8.0
0.0
0.0
0.0
0.0
0.0
0.0
5.0
51.0
5.0
0.0
0.0
0.0
30.0
3.0
0.0
8.0
0.0
0.0
0.0
142.0
46.0
25.0
0.0
0.0
0.0
0.0
0.0
0.0
30.0
0.0
0.0
0.0
0.0
0.0
0.0
0.0
81.0
5.0
0.0
13.0
0.0
152.0
0.0
0.0
0.0
0.0
28.0
0.0
0.0
0.0
183.0
0.0
8.0
162.0
30.0
0.0
3.0
3.0
0.0
0.0
8.0
5.0
5.0
0.0
0.0
0.0
0.0
0.0
0.0
48.0
0.0
5.0
107.0
5.0
5.0
0.0
0.0
0.0
0.0
0.0
0.0
0.0
0.0
3.0
0.0
5.0
0.0
0.0
0.0
53.0
145.0
0.0
0.0
0.0
23.0
122.0
0.0
0.0
0.0
206.0
0.0
0.0
0.0
201.0
211.0
36.0
0.0
218.0
0.0
0.0
0.0
127.0
0.0
51.0
13.0
274.0
79.0
0.0
0.0
0.0
0.0
8.0
8.0
38.0
0.0
0.0
0.0
0.0
0.0
38.0
23.0
58.0
0.0
119.0
91.0
8.0
0.0
0.0
3.0
0.0
0.0
0.0
0.0
86.0
0.0
30.0
122.0
0.0
109.0
0.0
48.0
99.0
0.0
0.0
5.0
0.0
5.0
122.0
0.0
71.0
0.0
0.0
0.0
0.0
0.0
0.0
0.0
0.0
0.0
0.0
64.0
0.0
0.0
25.0
20.0
89.0
36.0
5.0
0.0
25.0
0.0
66.0
0.0
5.0
0.0
0.0
41.0
18.0
0.0
0.0
0.0
0.0
15.0
18.0
0.0
0.0
0.0
28.0
0.0
0.0
0.0
0.0
117.0
201.0
112.0
13.0
8.0
0.0
43.0
0.0
0.0
140.0
0.0
43.0
13.0
20.0
351.0
58.0
28.0
13.0
109.0
0.0
0.0
0.0
3.0
0.0
340.0
0.0
41.0
0.0
0.0
201.0
58.0
91.0
10.0
5.0
13.0
0.0
0.0
0.0
0.0
0.0
74.0
20.0
0.0
99.0
10.0
0.0
13.0
0.0
0.0
0.0
0.0
0.0
0.0
76.0
0.0
0.0
0.0
0.0
0.0
0.0
0.0
0.0
0.0
0.0
0.0
0.0
127.0
13.0
0.0
0.0
0.0
0.0
0.0
0.0
20.0
341.0
140.0
0.0
0.0
0.0
0.0
0.0
137.0
157.0
15.0
10.0
168.0
185.0
0.0
0.0
0.0
0.0
0.0
0.0
0.0
0.0
0.0
0.0
25.0
5.0
0.0
53.0
25.0
0.0
30.0
33.0
0.0
0.0
33.0
20.0
0.0
0.0
0.0
0.0
28.0
0.0
0.0
36.0
0.0
0.0
10.0
0.0
5.0
0.0
28.0
0.0
0.0
0.0
0.0
30.0
0.0
0.0
0.0
94.0
23.0
15.0
0.0
0.0
0.0
0.0
23.0
0.0
46.0
10.0
0.0
10.0
0.0
0.0
0.0
0.0
0.0
0.0
107.0
30.0
0.0
0.0
0.0
0.0
0.0
0.0
0.0
0.0
30.0
20.0
0.0
0.0
0.0
0.0
0.0
0.0
0.0
0.0
15.0
38.0
0.0
28.0
10.0
0.0
0.0
0.0
15.0
0.0
61.0
10.0
0.0
0.0
0.0
0.0
0.0
0.0
0.0
0.0
0.0
0.0
0.0
0.0
0.0
0.0
0.0
5.0
0.0
0.0
13.0
0.0
0.0
13.0
46.0
8.0
13.0
0.0
0.0
0.0
0.0
0.0
0.0
0.0
0.0
0.0
0.0
0.0
56.0
0.0
0.0
107.0
0.0
0.0
23.0
38.0
10.0
20.0
0.0
13.0
0.0
0.0
0.0
0.0
0.0
0.0
0.0
0.0
0.0
0.0
0.0
0.0
0.0
0.0
0.0
0.0
0.0
0.0
0.0
0.0
0.0
0.0
0.0
120.0
36.0
2.0
0.0
0.0
0.0
0.0
0.0
0.0
0.0
0.0
0.0
54.0
0.0
0.0
36.0
0.0
0.0
14.0
584.0
20.0
12.0
426.0
94.0
138.0
54.0
0.0
6.0
0.0
0.0
26.0
0.0
22.0
0.0
6.0
0.0
0.0
0.0
0.0
72.0
0.0
0.0
0.0
22.0
4.0
0.0
80.0
2.0
0.0
128.0
278.0
32.0
0.0
0.0
0.0
6.0
2.0
0.0
296.0
0.0
0.0
0.0
164.0
0.0
0.0
176.0
22.0
12.0
0.0
64.0
0.0
214.0
4.0
214.0
124.0
8.0
54.0
0.0
16.0
0.0
6.0
2.0
124.0
0.0
40.0
0.0
22.0
68.0
0.0
0.0
0.0
0.0
NaN
0.0
0.0
0.0
8.0
18.0
6.0
80.0
62.0
0.0
46.0
0.0
0.0
0.0
0.0
60.0
0.0
0.0
0.0
0.0
62.0
0.0
10.0
0.0
42.0
12.0
0.0
0.0
0.0
0.0
0.0
0.0
0.0
0.0
142.0
52.0
32.0
164.0
75.0
0.0
32.0
0.0
132.0
0.0
10.0
0.0
0.0
0.0
0.0
0.0
14.0
0.0
24.0
14.0
0.0
6.0
0.0
38.0
14.0
20.0
0.0
0.0
0.0
0.0
0.0
0.0
0.0
0.0
84.0
8.0
0.0
0.0
0.0
0.0
0.0
0.0
8.0
0.0
0.0
0.0
0.0
0.0
0.0
0.0
0.0
0.0
0.0
0.0
0.0
22.0
0.0
0.0
0.0
0.0
0.0
54.0
0.0
164.0
40.0
10.0
0.0
0.0
0.0
40.0
0.0
0.0
0.0
40.0
30.0
0.0
30.0
52.0
8.0
40.0
0.0
0.0
0.0
0.0
6.0
40.0
34.0
0.0
0.0
0.0
0.0
0.0
0.0
24.0
2.0
0.0
0.0
0.0
0.0
0.0
196.0
20.0
46.0
4.0
0.0
0.0
4.0
0.0
0.0
92.0
0.0
0.0
0.0
0.0
2.0
0.0
0.0
0.0
0.0
6.0
4.0
0.0
0.0
0.0
0.0
0.0
0.0
0.0
2.0
0.0
0.0
0.0
50.0
0.0
0.0
0.0
0.0
0.0
0.0
22.0
46.0
4.0
0.0
0.0
0.0
0.0
12.0
2.0
60.0
11.0
0.0
0.0
0.0
31.0
0.0
12.0
160.0
2.0
0.0
0.0
0.0
0.0
0.0
14.0
2.0
242.0
21.0
0.0
0.0
0.0
0.0
14.0
12.0
90.0
0.0
0.0
0.0
14.0
0.0
44.0
4.0
0.0
0.0
12.0
0.0
0.0
0.0
0.0
34.0
44.0
66.0
0.0
0.0
0.0
0.0
0.0
0.0
0.0
50.0
140.0
13.0
0.0
0.0
0.0
0.0
0.0
52.0
0.0
0.0
92.0
0.0
0.0
0.0
66.0
72.0
12.0
0.0
0.0
0.0
0.0
0.0
72.0
16.0
0.0
16.0
468.0
240.0
8.0
0.0
0.0
0.0
0.0
2.0
50.0
0.0
0.0
44.0
0.0
22.0
2.0
0.0
2.0
64.0
4.0
18.0
0.0
0.0
0.0
0.0
38.0
0.0
0.0
0.0
24.0
24.0
0.0
0.0
38.0
0.0
0.0
0.0
6.0
286.0
12.0
12.0
18.0
78.0
0.0
30.0
24.0
0.0
0.0
20.0
0.0
0.0
8.0
88.0
0.0
0.0
0.0
0.0
12.0
312.0
256.0
10.0
0.0
0.0
0.0
103.0
0.0
0.0
4.0
14.0
0.0
0.0
0.0
0.0
0.0
0.0
0.0
50.0
0.0
0.0
0.0
0.0
330.0
4.0
0.0
0.0
0.0
0.0
3.0
4.0
0.0
0.0
0.0
48.0
32.0
32.0
0.0
0.0
0.0
0.0
144.0
0.0
54.0
0.0
36.0
0.0
0.0
6.0
0.0
0.0
34.0
0.0
0.0
88.0
6.0
0.0
0.0
0.0
0.0
0.0
0.0
0.0
38.0
66.0
6.0
62.0
0.0
0.0
54.0
88.0
0.0
92.0
50.0
2.0
0.0
4.0
0.0
0.0
4.0
0.0
0.0
54.0
0.0
0.0
24.0
24.0
0.0
0.0
0.0
0.0
0.0
0.0
0.0
0.0
0.0
0.0
0.0
0.0
26.0
2.0
0.0
0.0
2.0
0.0
10.0
51.0
0.0
0.0
16.0
6.0
56.0
0.0
62.0
14.0
6.0
0.0
0.0
0.0
6.0
0.0
82.0
0.0
0.0
4.0
0.0
0.0
0.0
0.0
14.0
0.0
0.0
42.0
356.0
360.0
14.0
30.0
0.0
0.0
0.0
0.0
110.0
0.0
10.0
0.0
26.0
0.0
2.0
20.0
0.0
0.0
0.0
0.0
0.0
0.0
0.0
0.0
0.0
8.0
0.0
78.0
104.0
18.0
30.0
0.0
0.0
0.0
0.0
16.0
18.0
0.0
0.0
68.0
70.0
6.0
2.0
38.0
12.0
10.0
0.0
0.0
0.0
0.0
0.0
0.0
0.0
0.0
0.0
0.0
0.0
0.0
0.0
0.0
0.0
0.0
0.0
0.0
0.0
0.0
0.0
50.0
62.0
0.0
0.0
20.0
56.0
0.0
4.0
0.0
32.0
0.0
0.0
0.0
0.0
0.0
0.0
6.0
0.0
60.0
6.0
0.0
16.0
2.0
0.0
0.0
0.0
0.0
0.0
0.0
0.0
80.0
6.0
0.0
14.0
0.0
70.0
10.0
10.0
0.0
0.0
0.0
4.0
0.0
0.0
0.0
28.0
0.0
50.0
46.0
20.0
0.0
0.0
0.0
0.0
0.0
0.0
0.0
0.0
0.0
0.0
0.0
0.0
0.0
14.0
34.0
0.0
22.0
120.0
0.0
0.0
6.0
22.0
0.0
0.0
36.0
0.0
0.0
0.0
0.0
0.0
0.0
0.0
0.0
0.0
0.0
0.0
0.0
0.0
0.0
0.0
0.0
0.0
0.0
0.0
0.0
36.0
0.0
52.0
0.0
0.0
0.0
0.0
0.0
0.0
0.0
0.0
0.0
0.0
0.0
0.0
0.0
0.0
0.0
0.0
0.0
0.0
0.0
0.0
0.0
0.0
0.0
0.0
4.0
0.0
0.0
78.0
52.0
16.0
0.0
0.0
0.0
0.0
0.0
0.0
0.0
0.0
0.0
0.0
0.0
0.0
0.0
0.0
0.0
0.0
12.0
0.0
0.0
10.0
88.0
0.0
0.0
76.0
8.0
0.0
0.0
6.0
0.0
0.0
24.0
136.0
6.0
88.0
0.0
0.0
0.0
0.0
0.0
92.0
0.0
0.0
2.0
0.0
0.0
0.0
104.0
24.0
0.0
10.0
0.0
36.0
0.0
36.0
0.0
52.0
0.0
0.0
10.0
0.0
20.0
0.0
0.0
0.0
118.0
0.0
68.0
100.0
66.0
22.0
0.0
0.0
0.0
94.0
0.0
10.0
0.0
0.0
0.0
0.0
0.0
0.0
0.0
166.0
84.0
22.0
0.0
0.0
0.0
0.0
16.0
6.0
0.0
78.0
0.0
0.0
156.0
66.0
72.0
0.0
222.0
0.0
124.0
0.0
0.0
78.0
0.0
0.0
0.0
808.0
0.0
6.0
0.0
0.0
42.0
12.0
0.0
0.0
0.0
286.0
0.0
62.0
210.0
10.0
4.0
26.0
0.0
14.0
80.0
78.0
86.0
0.0
80.0
20.0
8.0
14.0
0.0
10.0
0.0
0.0
2.0
24.0
38.0
12.0
24.0
0.0
0.0
0.0
0.0
0.0
4.0
74.0
0.0
0.0
0.0
0.0
0.0
172.0
84.0
0.0
0.0
30.0
0.0
82.0
76.0
4.0
0.0
0.0
0.0
0.0
0.0
0.0
0.0
0.0
0.0
12.0
0.0
0.0
6.0
2.0
112.0
0.0
0.0
46.0
0.0
0.0
0.0
0.0
0.0
0.0
0.0
110.0
0.0
0.0
2.0
0.0
0.0
0.0
0.0
0.0
50.0
0.0
0.0
0.0
0.0
44.0
2.0
2.0
0.0
4.0
26.0
2.0
0.0
0.0
4.0
0.0
0.0
2.0
52.0
2.0
0.0
0.0
0.0
12.0
20.0
0.0
0.0
12.0
0.0
0.0
0.0
0.0
0.0
12.0
24.0
2.0
0.0
0.0
0.0
0.0
0.0
32.0
0.0
0.0
0.0
0.0
32.0
2.0
0.0
0.0
0.0
0.0
0.0
0.0
0.0
0.0
0.0
0.0
6.0
2.0
2.0
0.0
0.0
2.0
6.0
0.0
0.0
0.0
2.0
12.0
27.0
16.0
2.0
0.0
0.0
0.0
0.0
0.0
0.0
0.0
0.0
32.0
0.0
0.0
2.0
0.0
0.0
0.0
0.0
0.0
0.0
4.0
0.0
0.0
0.0
22.0
0.0
0.0
0.0
0.0
0.0
0.0
0.0
0.0
0.0
0.0
0.0
0.0
0.0
0.0
0.0
0.0
0.0
0.0
0.0
0.0
0.0
30.0
0.0
104.0
0.0
20.0
0.0
110.0
0.0
0.0
0.0
0.0
0.0
14.0
0.0
0.0
0.0
0.0
0.0
6.0
0.0
0.0
0.0
0.0
0.0
0.0
0.0
0.0
24.0
62.0
0.0
0.0
8.0
0.0
6.0
0.0
12.0
76.0
12.0
26.0
0.0
0.0
0.0
0.0
0.0
72.0
0.0
0.0
0.0
0.0
0.0
0.0
2.0
0.0
0.0
0.0
0.0
0.0
64.0
36.0
254.0
152.0
6.0
0.0
0.0
2.0
18.0
0.0
16.0
228.0
16.0
0.0
34.0
18.0
0.0
120.0
0.0
6.0
0.0
6.0
52.0
128.0
118.0
72.0
6.0
30.0
48.0
26.0
2.0
106.0
12.0
136.0
18.0
6.0
28.0
58.0
306.0
0.0
14.0
0.0
42.0
0.0
0.0
0.0
0.0
0.0
0.0
0.0
6.0
0.0
0.0
0.0
0.0
0.0
432.0
8.0
0.0
30.0
0.0
0.0
0.0
350.0
130.0
0.0
0.0
0.0
0.0
12.0
92.0
0.0
0.0
16.0
0.0
0.0
42.0
66.0
0.0
44.0
4.0
0.0
0.0
0.0
0.0
0.0
0.0
14.0
0.0
0.0
0.0
138.0
0.0
0.0
0.0
70.0
0.0
0.0
0.0
0.0
0.0
0.0
162.0
0.0
0.0
0.0
0.0
0.0
390.0
0.0
0.0
0.0
0.0
0.0
0.0
0.0
24.0
6.0
0.0
0.0
0.0
0.0
0.0
0.0
0.0
150.0
0.0
18.0
288.0
8.0
4.0
0.0
330.0
4.0
0.0
146.0
0.0
106.0
0.0
0.0
0.0
112.0
8.0
0.0
2.0
0.0
0.0
0.0
46.0
44.0
0.0
2.0
0.0
36.0
6.0
4.0
52.0
0.0
0.0
2.0
0.0
0.0
0.0
0.0
0.0
0.0
0.0
0.0
0.0
0.0
0.0
0.0
0.0
0.0
0.0
0.0
24.0
0.0
102.0
0.0
0.0
0.0
0.0
0.0
0.0
0.0
0.0
26.0
64.0
34.0
0.0
0.0
0.0
0.0
2.0
0.0
2.0
0.0
0.0
0.0
0.0
2.0
0.0
2.0
112.0
0.0
32.0
0.0
0.0
2.0
0.0
0.0
0.0
22.0
8.0
92.0
18.0
12.0
0.0
0.0
0.0
0.0
0.0
0.0
0.0
32.0
92.0
0.0
0.0
22.0
0.0
8.0
0.0
0.0
0.0
0.0
0.0
0.0
48.0
0.0
0.0
0.0
26.0
0.0
4.0
2.0
102.0
0.0
0.0
0.0
0.0
0.0
8.0
2.0
0.0
0.0
0.0
0.0
0.0
0.0
0.0
0.0
0.0
0.0
0.0
0.0
0.0
0.0
4.0
0.0
0.0
80.0
64.0
0.0
0.0
0.0
0.0
22.0
0.0
0.0
12.0
18.0
34.0
12.0
0.0
0.0
6.0
2.0
0.0
0.0
0.0
0.0
0.0
42.0
0.0
0.0
104.0
0.0
18.0
0.0
26.0
0.0
0.0
0.0
0.0
0.0
38.0
0.0
0.0
0.0
0.0
0.0
0.0
40.0
0.0
0.0
146.0
26.0
0.0
0.0
0.0
0.0
0.0
22.0
0.0
24.0
8.0
0.0
0.0
8.0
0.0
0.0
0.0
0.0
0.0
0.0
0.0
0.0
0.0
0.0
0.0
0.0
0.0
4.0
0.0
0.0
0.0
112.0
138.0
0.0
0.0
0.0
0.0
18.0
104.0
0.0
30.0
0.0
186.0
76.0
14.0
162.0
28.0
0.0
0.0
0.0
0.0
0.0
0.0
0.0
0.0
0.0
0.0
16.0
42.0
34.0
18.0
0.0
0.0
0.0
0.0
188.0
4.0
0.0
182.0
10.0
0.0
0.0
26.0
2.0
0.0
10.0
0.0
0.0
36.0
0.0
56.0
0.0
44.0
6.0
0.0
22.0
20.0
0.0
0.0
0.0
0.0
108.0
0.0
330.0
152.0
0.0
0.0
0.0
22.0
0.0
0.0
8.0
26.0
72.0
450.0
302.0
0.0
0.0
0.0
146.0
0.0
2.0
124.0
0.0
0.0
0.0
0.0
120.0
0.0
0.0
0.0
90.0
0.0
0.0
0.0
638.0
0.0
6.0
28.0
0.0
0.0
0.0
6.0
0.0
0.0
0.0
0.0
0.0
222.0
0.0
0.0
78.0
68.0
0.0
30.0
0.0
0.0
0.0
30.0
0.0
18.0
0.0
20.0
10.0
0.0
0.0
0.0
16.0
2.0
0.0
0.0
0.0
30.0
90.0
0.0
0.0
22.0
76.0
0.0
38.0
12.0
0.0
0.0
50.0
38.0
0.0
0.0
0.0
368.0
6.0
0.0
0.0
148.0
0.0
0.0
0.0
174.0
294.0
14.0
0.0
244.0
32.0
22.0
0.0
0.0
0.0
0.0
16.0
22.0
54.0
0.0
0.0
0.0
0.0
0.0
0.0
0.0
22.0
0.0
12.0
6.0
0.0
0.0
0.0
52.0
16.0
12.0
0.0
0.0
0.0
0.0
2.0
62.0
0.0
0.0
0.0
0.0
0.0
0.0
0.0
22.0
84.0
32.0
24.0
0.0
0.0
0.0
0.0
0.0
0.0
0.0
0.0
0.0
0.0
8.0
0.0
0.0
0.0
0.0
0.0
0.0
10.0
0.0
0.0
0.0
30.0
26.0
0.0
0.0
0.0
0.0
22.0
0.0
14.0
12.0
8.0
0.0
0.0
0.0
0.0
0.0
0.0
0.0
0.0
0.0
0.0
14.0
0.0
0.0
0.0
2.0
6.0
14.0
0.0
20.0
0.0
32.0
0.0
32.0
2.0
0.0
0.0
0.0
0.0
0.0
0.0
10.0
0.0
0.0
0.0
0.0
0.0
32.0
0.0
0.0
8.0
3.0
0.0
0.0
0.0
0.0
0.0
0.0
12.0
36.0
4.0
0.0
0.0
0.0
0.0
0.0
52.0
22.0
62.0
0.0
0.0
0.0
0.0
0.0
0.0
8.0
34.0
0.0
2.0
0.0
0.0
42.0
54.0
34.0
92.0
44.0
0.0
0.0
0.0
0.0
46.0
0.0
0.0
0.0
14.0
0.0
0.0
0.0
0.0
0.0
0.0
0.0
22.0
0.0
0.0
0.0
12.0
12.0
108.0
116.0
0.0
0.0
0.0
0.0
0.0
0.0
0.0
0.0
0.0
0.0
3.0
0.0
0.0
0.0
0.0
0.0
0.0
0.0
18.0
0.0
0.0
0.0
0.0
0.0
16.0
12.0
28.0
0.0
0.0
0.0
0.0
50.0
0.0
0.0
0.0
0.0
0.0
2.0
2.0
6.0
156.0
0.0
0.0
0.0
0.0
10.0
0.0
2.0
0.0
6.0
0.0
12.0
0.0
0.0
0.0
38.0
6.0
6.0
2.0
0.0
0.0
20.0
20.0
2.0
0.0
0.0
4.0
0.0
0.0
14.0
4.0
42.0
422.0
94.0
56.0
0.0
0.0
0.0
0.0
10.0
358.0
0.0
0.0
0.0
0.0
0.0
0.0
0.0
86.0
14.0
6.0
174.0
62.0
14.0
0.0
0.0
0.0
0.0
0.0
0.0
0.0
0.0
6.0
0.0
6.0
0.0
0.0
0.0
100.0
0.0
0.0
0.0
0.0
0.0
0.0
36.0
310.0
18.0
0.0
130.0
6.0
0.0
12.0
0.0
6.0
0.0
0.0
0.0
0.0
0.0
10.0
0.0
4.0
0.0
0.0
2.0
0.0
0.0
16.0
0.0
410.0
22.0
10.0
142.0
32.0
26.0
0.0
198.0
30.0
62.0
0.0
0.0
0.0
10.0
0.0
0.0
262.0
0.0
0.0
162.0
156.0
0.0
12.0
0.0
0.0
66.0
110.0
2.0
170.0
0.0
2.0
12.0
24.0
0.0
0.0
26.0
0.0
0.0
30.0
0.0
14.0
362.0
8.0
22.0
26.0
52.0
0.0
22.0
44.0
0.0
22.0
106.0
0.0
32.0
0.0
0.0
64.0
0.0
0.0
0.0
0.0
0.0
42.0
0.0
0.0
0.0
0.0
0.0
2.0
0.0
0.0
0.0
4.0
2.0
0.0
0.0
0.0
2.0
2.0
0.0
0.0
0.0
0.0
0.0
20.0
8.0
0.0
0.0
0.0
0.0
0.0
82.0
220.0
NaN
NaN
NaN
0.0
10.0
0.0
0.0
22.0
46.0
0.0
0.0
0.0
42.0
0.0
14.0
0.0
0.0
0.0
0.0
44.0
22.0
8.0
40.0
90.0
0.0
0.0
0.0
0.0
0.0
16.0
0.0
0.0
0.0
0.0
22.0
4.0
0.0
0.0
0.0
0.0
0.0
0.0
0.0
0.0
40.0
0.0
0.0
0.0
12.0
0.0
0.0
0.0
0.0
0.0
0.0
8.0
0.0
4.0
2.0
0.0
0.0
0.0
20.0
0.0
28.0
0.0
26.0
56.0
0.0
0.0
0.0
0.0
0.0
14.0
42.0
0.0
0.0
0.0
0.0
0.0
0.0
0.0
0.0
54.0
34.0
38.0
20.0
24.0
0.0
0.0
0.0
0.0
10.0
0.0
0.0
0.0
0.0
0.0
0.0
0.0
0.0
0.0
2.0
6.0
0.0
0.0
0.0
0.0
0.0
0.0
42.0
0.0
28.0
14.0
2.0
0.0
0.0
0.0
0.0
0.0
0.0
0.0
0.0
0.0
0.0
0.0
0.0
0.0
0.0
0.0
0.0
0.0
0.0
0.0
0.0
0.0
0.0
0.0
0.0
0.0
0.0
48.0
12.0
0.0
0.0
0.0
0.0
0.0
0.0
0.0
0.0
0.0
0.0
0.0
0.0
10.0
0.0
108.0
62.0
22.0
0.0
10.0
0.0
0.0
0.0
0.0
0.0
144.0
2.0
10.0
28.0
22.0
24.0
18.0
0.0
0.0
0.0
2.0
0.0
0.0
40.0
42.0
0.0
10.0
24.0
16.0
0.0
0.0
0.0
0.0
0.0
0.0
0.0
10.0
0.0
0.0
210.0
50.0
164.0
206.0
524.0
6.0
0.0
28.0
14.0
0.0
0.0
NaN
0.0
NaN
0.0
0.0
0.0
0.0
0.0
NaN
0.0
2.0
350.0
0.0
0.0
0.0
0.0
56.0
0.0
0.0
64.0
36.0
2.0
16.0
104.0
0.0
20.0
0.0
222.0
2.0
42.0
2.0
34.0
0.0
0.0
0.0
0.0
6.0
0.0
0.0
0.0
0.0
24.0
0.0
0.0
18.0
32.0
0.0
0.0
0.0
0.0
0.0
0.0
0.0
0.0
40.0
2.0
0.0
0.0
0.0
56.0
10.0
0.0
0.0
0.0
0.0
0.0
172.0
4.0
0.0
0.0
0.0
0.0
0.0
0.0
0.0
0.0
0.0
0.0
0.0
16.0
0.0
18.0
0.0
0.0
0.0
148.0
26.0
22.0
2.0
12.0
0.0
6.0
0.0
0.0
0.0
0.0
0.0
0.0
0.0
22.0
34.0
0.0
108.0
0.0
0.0
0.0
0.0
0.0
0.0
0.0
0.0
0.0
0.0
0.0
0.0
0.0
0.0
0.0
0.0
0.0
474.0
128.0
58.0
492.0
0.0
400.0
156.0
64.0
50.0
16.0
0.0
0.0
0.0
0.0
24.0
0.0
0.0
0.0
44.0
0.0
0.0
82.0
0.0
0.0
0.0
42.0
0.0
2.0
0.0
0.0
0.0
0.0
0.0
0.0
0.0
0.0
0.0
0.0
0.0
12.0
0.0
0.0
0.0
44.0
10.0
82.0
0.0
0.0
0.0
2.0
0.0
0.0
32.0
18.0
0.0
0.0
0.0
0.0
0.0
10.0
0.0
0.0
0.0
54.0
42.0
18.0
4.0
8.0
0.0
50.0
0.0
0.0
0.0
0.0
0.0
2.0
100.0
8.0
0.0
4.0
0.0
0.0
0.0
0.0
0.0
58.0
22.0
0.0
0.0
2.0
0.0
38.0
12.0
0.0
0.0
16.0
0.0
0.0
80.0
52.0
12.0
0.0
8.0
14.0
0.0
26.0
2.0
8.0
12.0
0.0
0.0
0.0
0.0
0.0
0.0
0.0
0.0
0.0
0.0
64.0
14.0
0.0
42.0
6.0
0.0
24.0
12.0
0.0
0.0
0.0
0.0
0.0
10.0
12.0
0.0
98.0
0.0
0.0
0.0
0.0
0.0
54.0
44.0
0.0
50.0
0.0
0.0
0.0
0.0
0.0
34.0
0.0
0.0
4.0
0.0
0.0
0.0
0.0
0.0
4.0
2.0
0.0
0.0
0.0
4.0
0.0
70.0
2.0
0.0
0.0
0.0
8.0
0.0
0.0
0.0
0.0
0.0
0.0
0.0
0.0
0.0
112.0
0.0
NaN
NaN
NaN
NaN
NaN
NaN
NaN
NaN
NaN
NaN
NaN
NaN
NaN
NaN
NaN
0.0
0.0
0.0
0.0
70.0
40.0
42.0
NaN
0.0
6.0
0.0
296.0
84.0
NaN
0.0
44.0
174.0
0.0
0.0
68.0
0.0
12.0
0.0
0.0
0.0
76.0
98.0
0.0
0.0
76.0
132.0
98.0
34.0
10.0
0.0
0.0
22.0
2.0
136.0
0.0
46.0
0.0
0.0
0.0
0.0
0.0
18.0
98.0
76.0
126.0
0.0
0.0
0.0
714.0
10.0
0.0
188.0
60.0
4.0
122.0
26.0
2.0
0.0
0.0
0.0
78.0
10.0
0.0
0.0
0.0
2.0
20.0
0.0
0.0
0.0
0.0
44.0
0.0
8.0
8.0
0.0
58.0
0.0
0.0
0.0
868.0
0.0
0.0
0.0
0.0
0.0
0.0
0.0
0.0
0.0
0.0
180.0
96.0
0.0
2.0
0.0
92.0
0.0
0.0
110.0
242.0
8.0
4.0
0.0
436.0
72.0
18.0
0.0
0.0
0.0
90.0
126.0
0.0
0.0
12.0
0.0
12.0
0.0
0.0
204.0
4.0
282.0
0.0
0.0
20.0
0.0
0.0
0.0
0.0
0.0
0.0
0.0
0.0
0.0
0.0
252.0
2.0
84.0
66.0
48.0
0.0
4.0
12.0
0.0
0.0
0.0
6.0
6.0
0.0
36.0
44.0
18.0
0.0
22.0
26.0
6.0
244.0
14.0
0.0
0.0
24.0
54.0
0.0
0.0
0.0
0.0
0.0
0.0
0.0
0.0
0.0
2.0
72.0
0.0
0.0
0.0
0.0
0.0
0.0
0.0
0.0
2.0
0.0
0.0
0.0
48.0
0.0
100.0
0.0
0.0
0.0
28.0
0.0
0.0
0.0
0.0
0.0
0.0
176.0
106.0
0.0
18.0
50.0
14.0
0.0
170.0
22.0
2.0
2.0
0.0
2.0
0.0
0.0
32.0
32.0
0.0
0.0
0.0
2.0
30.0
3.0
0.0
0.0
0.0
10.0
0.0
0.0
0.0
0.0
0.0
0.0
0.0
NaN
0.0
226.0
0.0
0.0
0.0
0.0
0.0
0.0
0.0
NaN
NaN
0.0
0.0
0.0
0.0
0.0
0.0
0.0
NaN
0.0
0.0
0.0
0.0
0.0
0.0
0.0
0.0
0.0
0.0
0.0
0.0
22.0
186.0
0.0
0.0
0.0
12.0
0.0
0.0
0.0
38.0
0.0
28.0
0.0
0.0
22.0
24.0
18.0
0.0
0.0
0.0
0.0
0.0
0.0
0.0
0.0
14.0
30.0
70.0
0.0
50.0
0.0
12.0
6.0
22.0
12.0
0.0
0.0
12.0
0.0
0.0
84.0
0.0
0.0
0.0
80.0
0.0
0.0
0.0
0.0
0.0
0.0
0.0
0.0
0.0
0.0
0.0
0.0
0.0
0.0
28.0
12.0
12.0
0.0
0.0
6.0
46.0
0.0
2.0
0.0
0.0
0.0
0.0
24.0
12.0
2.0
0.0
0.0
0.0
0.0
0.0
0.0
0.0
0.0
0.0
0.0
144.0
30.0
2.0
0.0
42.0
0.0
0.0
282.0
6.0
186.0
146.0
0.0
154.0
0.0
0.0
0.0
102.0
32.0
2.0
0.0
0.0
0.0
22.0
12.0
0.0
0.0
2.0
0.0
0.0
0.0
0.0
0.0
0.0
0.0
0.0
0.0
0.0
0.0
0.0
0.0
0.0
0.0
0.0
6.0
0.0
14.0
0.0
0.0
0.0
162.0
0.0
0.0
0.0
0.0
0.0
0.0
14.0
54.0
52.0
0.0
0.0
0.0
0.0
142.0
82.0
6.0
0.0
12.0
0.0
0.0
0.0
0.0
0.0
120.0
108.0
0.0
254.0
6.0
2.0
0.0
12.0
0.0
26.0
106.0
24.0
0.0
0.0
0.0
50.0
2.0
8.0
0.0
0.0
34.0
0.0
32.0
4.0
0.0
0.0
0.0
0.0
8.0
0.0
0.0
2.0
92.0
10.0
12.0
0.0
0.0
0.0
0.0
0.0
78.0
0.0
0.0
0.0
0.0
0.0
8.0
0.0
0.0
166.0
0.0
0.0
0.0
0.0
0.0
126.0
0.0
0.0
0.0
0.0
0.0
0.0
0.0
