-5.75
-16.1379310345
-9.25
-10.1964285714
1.31034482759
NaN
18.2419354839
18.1666666667
24.5967741935
21.0862068966
12.0333333333
9.29032258065
-12.0166666667
NaN
-3.65517241379
-10.0
3.2
8.43333333333
17.9166666667
21.25
NaN
22.8666666667
12.5
11.9333333333
-5.46666666667
NaN
-3.88888888889
-1.19565217391
0.155172413793
NaN
19.7777777778
23.6833333333
22.2068965517
18.9677419355
20.1333333333
9.70967741935
4.26666666667
NaN
-10.4642857143
NaN
1.6935483871
11.7
21.435483871
26.8333333333
25.1666666667
20.2419354839
16.3833333333
10.6666666667
NaN
-7.12903225806
-6.73333333333
-12.5192307692
NaN
10.1551724138
16.5483870968
21.2833333333
26.0185185185
NaN
16.3965517241
NaN
-1.06666666667
-9.13793103448
-6.56896551724
-8.78
2.86206896552
9.23333333333
17.0322580645
22.5333333333
NaN
NaN
19.9482758621
8.33333333333
NaN
NaN
-10.8166666667
-0.0961538461538
0.214285714286
10.5
NaN
20.8269230769
23.9642857143
27.3333333333
17.7333333333
5.65
-4.66071428571
NaN
-3.67741935484
-5.63461538462
4.5
NaN
16.1
NaN
NaN
NaN
NaN
NaN
-0.55
NaN
-10.1666666667
-6.75
3.35483870968
10.0
17.7580645161
NaN
20.5555555556
21.0
15.8620689655
10.3064516129
NaN
-4.43333333333
-16.1071428571
-14.8269230769
2.46428571429
NaN
17.8166666667
20.3571428571
NaN
21.3548387097
NaN
10.2258064516
NaN
-6.4
-9.06451612903
-5.92
-1.39655172414
NaN
17.4833333333
NaN
NaN
21.0322580645
NaN
NaN
-6.22222222222
-11.4833333333
-16.2580645161
NaN
-3.74193548387
NaN
12.8709677419
20.4655172414
NaN
NaN
14.75
NaN
-7.20689655172
NaN
-12.9833333333
-3.63043478261
NaN
7.48275862069
15.9310344828
NaN
NaN
25.0689655172
19.8275862069
8.86666666667
1.11666666667
-0.564516129032
-14.1428571429
-1.69565217391
-0.966666666667
NaN
20.8548387097
19.6896551724
24.3166666667
NaN
19.724137931
9.38333333333
-0.879310344828
-8.62903225806
-10.9838709677
NaN
0.209677419355
11.3666666667
15.1451612903
19.2333333333
21.7419354839
23.3064516129
16.8
10.8548387097
4.43333333333
-1.06451612903
-10.8548387097
-2.68965517241
2.56451612903
9.7
16.5322580645
20.2666666667
24.0
21.7903225806
18.4230769231
11.2096774194
-1.05
-14.4814814815
-1.62903225806
-9.73214285714
2.91666666667
11.15
19.2258064516
20.9
25.4838709677
27.4193548387
20.6833333333
8.04838709677
2.48333333333
-5.90322580645
-7.87096774194
-1.95833333333
-7.46774193548
5.28333333333
16.6129032258
23.2666666667
26.8269230769
22.1612903226
16.8
3.16129032258
0.616666666667
-3.58064516129
-9.43548387097
-9.30357142857
-2.77419354839
8.85
18.7096774194
22.1
25.2580645161
27.5714285714
15.95
NaN
-3.86666666667
-2.29032258065
-14.5
-2.48275862069
1.72580645161
11.4833333333
14.4032258065
18.4833333333
23.0
19.8548387097
15.95
8.03225806452
2.91666666667
-6.96774193548
-11.5322580645
-2.25
-0.314814814815
11.4
15.8064516129
17.9166666667
23.2741935484
20.1935483871
16.95
10.8870967742
1.0
-3.33870967742
-3.62903225806
-6.25
-3.09677419355
14.05
16.7903225806
21.2833333333
26.3333333333
NaN
16.4107142857
5.72580645161
NaN
NaN
-5.3064516129
-12.1538461538
0.983333333333
9.3
16.7321428571
20.4
27.05
20.2833333333
NaN
10.3666666667
-1.73333333333
-10.5333333333
NaN
NaN
0.0166666666667
6.41071428571
NaN
21.9423076923
23.2321428571
23.1851851852
17.8703703704
NaN
1.86206896552
NaN
-9.8
NaN
NaN
8.35
15.7037037037
20.3076923077
21.3928571429
21.5172413793
NaN
3.60714285714
5.58928571429
NaN
NaN
-7.31481481481
NaN
11.5344827586
14.5166666667
20.5517241379
22.1551724138
NaN
14.2307692308
13.1153846154
-2.51785714286
-10.8269230769
NaN
NaN
-5.36206896552
NaN
16.724137931
20.537037037
NaN
NaN
21.25
11.8166666667
-0.98275862069
-1.37931034483
-4.20967741935
NaN
NaN
9.03571428571
15.4107142857
NaN
NaN
22.5
19.46
NaN
-4.56896551724
-12.9482758621
-9.44444444444
NaN
-4.67857142857
2.46296296296
NaN
19.0357142857
22.462962963
NaN
20.8571428571
NaN
-4.90384615385
-14.6428571429
-5.0
NaN
NaN
5.24137931034
NaN
18.6607142857
23.0
NaN
16.6379310345
12.3666666667
-6.70689655172
-6.44642857143
NaN
NaN
NaN
11.9259259259
NaN
23.2857142857
23.9333333333
22.0967741935
NaN
12.1379310345
1.01666666667
-4.625
-7.1935483871
-1.60344827586
2.17741935484
11.6833333333
19.4166666667
23.6333333333
NaN
21.7096774194
16.9666666667
3.88333333333
5.36666666667
-10.6129032258
-6.74193548387
-4.42857142857
NaN
8.06666666667
18.1428571429
21.5166666667
24.8387096774
23.4193548387
NaN
NaN
