118.0
62.0
94.0
20.0
0.0
0.0
64.0
24.0
0.0
0.0
0.0
0.0
0.0
40.0
20.0
0.0
0.0
0.0
104.0
0.0
0.0
70.0
0.0
0.0
70.0
0.0
4.0
0.0
184.0
0.0
0.0
0.0
0.0
40.0
28.0
30.0
80.0
0.0
0.0
0.0
0.0
0.0
0.0
0.0
0.0
32.0
0.0
0.0
0.0
0.0
0.0
0.0
0.0
0.0
0.0
0.0
18.0
484.0
8.0
0.0
60.0
0.0
0.0
0.0
136.0
0.0
0.0
0.0
0.0
0.0
0.0
0.0
0.0
0.0
0.0
0.0
0.0
180.0
0.0
0.0
0.0
10.0
0.0
0.0
0.0
0.0
0.0
0.0
216.0
20.0
30.0
40.0
160.0
0.0
30.0
20.0
0.0
0.0
0.0
110.0
0.0
56.0
100.0
0.0
0.0
0.0
6.0
0.0
4.0
0.0
0.0
0.0
34.0
14.0
0.0
0.0
0.0
0.0
246.0
0.0
0.0
240.0
0.0
0.0
0.0
0.0
0.0
0.0
50.0
0.0
0.0
16.0
0.0
0.0
0.0
686.0
0.0
34.0
86.0
0.0
58.0
0.0
24.0
160.0
0.0
0.0
0.0
14.0
0.0
0.0
0.0
0.0
0.0
0.0
0.0
44.0
40.0
380.0
0.0
0.0
38.0
0.0
0.0
84.0
28.0
202.0
0.0
0.0
12.0
0.0
0.0
0.0
0.0
0.0
150.0
78.0
0.0
16.0
0.0
0.0
0.0
0.0
0.0
0.0
NaN
NaN
0.0
NaN
NaN
0.0
0.0
0.0
0.0
72.0
140.0
0.0
0.0
0.0
94.0
124.0
0.0
0.0
10.0
36.0
0.0
0.0
32.0
0.0
0.0
0.0
28.0
84.0
42.0
0.0
0.0
10.0
10.0
54.0
58.0
190.0
0.0
6.0
22.0
0.0
166.0
36.0
4.0
42.0
4.0
0.0
0.0
0.0
10.0
10.0
104.0
4.0
0.0
0.0
0.0
0.0
10.0
80.0
0.0
0.0
0.0
0.0
0.0
0.0
0.0
22.0
10.0
0.0
0.0
50.0
0.0
0.0
0.0
50.0
10.0
0.0
0.0
0.0
70.0
0.0
0.0
0.0
0.0
30.0
34.0
0.0
60.0
6.0
0.0
14.0
20.0
0.0
0.0
0.0
42.0
8.0
13.0
0.0
0.0
0.0
0.0
38.0
0.0
0.0
186.0
0.0
0.0
0.0
6.0
6.0
12.0
10.0
0.0
0.0
0.0
12.0
30.0
0.0
200.0
300.0
0.0
0.0
0.0
0.0
10.0
48.0
0.0
0.0
0.0
0.0
10.0
0.0
30.0
30.0
0.0
68.0
58.0
0.0
10.0
0.0
18.0
30.0
35.0
0.0
0.0
0.0
0.0
0.0
0.0
82.0
4.0
0.0
0.0
0.0
0.0
266.0
0.0
48.0
0.0
0.0
0.0
0.0
0.0
0.0
10.0
40.0
0.0
136.0
2.0
6.0
0.0
0.0
0.0
26.0
22.0
90.0
0.0
0.0
0.0
0.0
0.0
8.0
0.0
0.0
74.0
22.0
14.0
0.0
85.0
200.0
14.0
4.0
10.0
0.0
106.0
0.0
0.0
0.0
4.0
0.0
0.0
6.0
0.0
74.0
132.0
0.0
0.0
0.0
8.0
82.0
0.0
0.0
0.0
0.0
74.0
0.0
0.0
0.0
0.0
0.0
0.0
60.0
0.0
0.0
0.0
96.0
0.0
0.0
14.0
248.0
166.0
0.0
0.0
0.0
0.0
530.0
76.0
0.0
0.0
30.0
0.0
0.0
0.0
0.0
0.0
4.0
0.0
0.0
100.0
0.0
0.0
0.0
68.0
0.0
0.0
0.0
0.0
0.0
0.0
100.0
18.0
0.0
0.0
0.0
0.0
0.0
0.0
0.0
0.0
0.0
0.0
0.0
0.0
0.0
54.0
0.0
0.0
0.0
0.0
4.0
0.0
92.0
0.0
14.0
24.0
44.0
4.0
8.0
6.0
0.0
0.0
8.0
24.0
0.0
0.0
0.0
0.0
0.0
0.0
0.0
0.0
28.0
0.0
130.0
0.0
80.0
78.0
6.0
0.0
10.0
0.0
0.0
0.0
152.0
8.0
410.0
0.0
500.0
144.0
30.0
0.0
4.0
0.0
0.0
0.0
0.0
0.0
32.0
12.0
204.0
4.0
0.0
0.0
0.0
2.0
4.0
18.0
0.0
0.0
0.0
0.0
8.0
4.0
10.0
0.0
0.0
0.0
0.0
0.0
0.0
0.0
22.0
0.0
16.0
46.0
22.0
0.0
0.0
0.0
44.0
0.0
0.0
0.0
0.0
0.0
0.0
0.0
0.0
0.0
116.0
20.0
6.0
0.0
0.0
142.0
102.0
36.0
8.0
0.0
0.0
22.0
0.0
0.0
2.0
0.0
0.0
0.0
0.0
0.0
0.0
0.0
0.0
0.0
28.0
0.0
18.0
0.0
48.0
10.0
0.0
90.0
0.0
0.0
0.0
0.0
30.0
0.0
0.0
0.0
38.0
0.0
0.0
0.0
0.0
42.0
0.0
180.0
6.0
0.0
30.0
0.0
0.0
48.0
42.0
104.0
0.0
150.0
12.0
0.0
0.0
0.0
0.0
0.0
70.0
NaN
0.0
20.0
30.0
0.0
0.0
20.0
0.0
50.0
30.0
60.0
0.0
10.0
0.0
0.0
0.0
20.0
0.0
0.0
6.0
0.0
0.0
0.0
10.0
10.0
0.0
40.0
160.0
0.0
0.0
18.0
0.0
0.0
0.0
88.0
60.0
8.0
0.0
0.0
0.0
6.0
0.0
0.0
0.0
0.0
0.0
0.0
54.0
0.0
0.0
34.0
100.0
0.0
0.0
248.0
0.0
12.0
16.0
100.0
2.0
11.0
50.0
0.0
0.0
0.0
0.0
0.0
0.0
0.0
0.0
0.0
10.0
0.0
148.0
0.0
0.0
0.0
0.0
12.0
0.0
0.0
16.0
14.0
0.0
0.0
0.0
0.0
0.0
24.0
52.0
36.0
0.0
0.0
0.0
0.0
0.0
0.0
0.0
0.0
0.0
0.0
0.0
24.0
NaN
NaN
0.0
0.0
0.0
0.0
4.0
78.0
106.0
0.0
0.0
2.0
NaN
0.0
0.0
0.0
72.0
0.0
0.0
4.0
0.0
0.0
0.0
184.0
0.0
0.0
0.0
70.0
6.0
74.0
46.0
0.0
13.0
0.0
44.0
0.0
0.0
0.0
0.0
0.0
6.0
NaN
0.0
0.0
0.0
0.0
0.0
42.0
8.0
58.0
0.0
40.0
48.0
84.0
32.0
8.0
10.0
10.0
0.0
0.0
0.0
40.0
0.0
0.0
0.0
0.0
0.0
12.0
2.0
0.0
0.0
24.0
6.0
22.0
0.0
0.0
0.0
0.0
0.0
0.0
46.0
0.0
0.0
0.0
0.0
0.0
0.0
194.0
56.0
0.0
0.0
80.0
0.0
0.0
0.0
0.0
54.0
194.0
2.0
0.0
4.0
0.0
30.0
106.0
4.0
16.0
0.0
0.0
42.0
26.0
0.0
10.0
4.0
150.0
46.0
0.0
0.0
0.0
0.0
0.0
0.0
0.0
0.0
0.0
0.0
0.0
4.0
36.0
24.0
0.0
200.0
0.0
0.0
0.0
26.0
4.0
0.0
0.0
12.0
160.0
0.0
0.0
46.0
6.0
44.0
0.0
128.0
0.0
72.0
14.0
0.0
0.0
340.0
50.0
0.0
0.0
6.0
10.0
188.0
0.0
0.0
0.0
0.0
0.0
0.0
0.0
0.0
120.0
228.0
504.0
130.0
0.0
10.0
6.0
152.0
78.0
0.0
140.0
86.0
114.0
0.0
162.0
0.0
8.0
16.0
0.0
0.0
44.0
0.0
0.0
10.0
76.0
130.0
0.0
0.0
0.0
62.0
0.0
0.0
0.0
18.0
0.0
0.0
10.0
10.0
52.0
70.0
0.0
80.0
10.0
0.0
30.0
0.0
0.0
0.0
0.0
0.0
20.0
0.0
0.0
0.0
20.0
0.0
0.0
0.0
0.0
0.0
0.0
0.0
26.0
20.0
0.0
0.0
0.0
0.0
0.0
0.0
0.0
0.0
10.0
30.0
0.0
0.0
6.0
0.0
218.0
80.0
4.0
0.0
0.0
0.0
0.0
6.0
100.0
10.0
10.0
0.0
0.0
130.0
0.0
0.0
140.0
0.0
0.0
180.0
10.0
0.0
0.0
0.0
0.0
0.0
10.0
0.0
50.0
16.0
6.0
12.0
80.0
0.0
0.0
0.0
0.0
0.0
0.0
10.0
0.0
0.0
0.0
6.0
0.0
20.0
40.0
0.0
6.0
60.0
48.0
0.0
84.0
66.0
10.0
0.0
0.0
0.0
80.0
0.0
0.0
0.0
0.0
2.0
0.0
0.0
96.0
0.0
0.0
0.0
0.0
0.0
20.0
0.0
20.0
24.0
242.0
6.0
12.0
8.0
16.0
22.0
12.0
0.0
0.0
80.0
122.0
94.0
0.0
0.0
26.0
210.0
16.0
0.0
0.0
0.0
0.0
0.0
0.0
0.0
0.0
0.0
38.0
0.0
0.0
0.0
0.0
134.0
0.0
0.0
0.0
0.0
0.0
0.0
0.0
22.0
32.0
8.0
0.0
244.0
394.0
NaN
0.0
50.0
10.0
0.0
4.0
0.0
0.0
0.0
0.0
0.0
0.0
162.0
0.0
0.0
0.0
116.0
54.0
44.0
0.0
0.0
10.0
112.0
10.0
0.0
0.0
6.0
46.0
0.0
8.0
12.0
0.0
0.0
10.0
38.0
8.0
0.0
0.0
80.0
0.0
12.0
0.0
70.0
0.0
0.0
4.0
0.0
0.0
102.0
0.0
0.0
0.0
158.0
112.0
48.0
0.0
0.0
0.0
132.0
202.0
4.0
0.0
0.0
0.0
0.0
0.0
14.0
32.0
0.0
4.0
0.0
4.0
116.0
486.0
20.0
46.0
0.0
0.0
134.0
36.0
8.0
0.0
88.0
0.0
0.0
0.0
0.0
98.0
0.0
0.0
0.0
0.0
0.0
0.0
0.0
62.0
0.0
0.0
74.0
0.0
10.0
0.0
0.0
0.0
0.0
0.0
0.0
182.0
0.0
0.0
0.0
0.0
0.0
178.0
74.0
4.0
4.0
0.0
216.0
0.0
0.0
0.0
56.0
6.0
0.0
130.0
28.0
0.0
10.0
36.0
10.0
74.0
404.0
180.0
38.0
10.0
118.0
108.0
12.0
0.0
0.0
60.0
0.0
0.0
0.0
76.0
40.0
0.0
0.0
18.0
4.0
0.0
0.0
0.0
0.0
8.0
0.0
0.0
36.0
8.0
124.0
0.0
28.0
0.0
0.0
130.0
0.0
12.0
0.0
0.0
0.0
8.0
40.0
0.0
12.0
40.0
0.0
0.0
0.0
8.0
22.0
0.0
0.0
0.0
100.0
0.0
0.0
4.0
0.0
26.0
206.0
0.0
0.0
0.0
0.0
30.0
228.0
12.0
0.0
0.0
12.0
50.0
20.0
126.0
0.0
0.0
0.0
0.0
0.0
0.0
0.0
64.0
26.0
0.0
0.0
0.0
0.0
0.0
316.0
4.0
0.0
0.0
0.0
0.0
4.0
0.0
20.0
30.0
0.0
0.0
0.0
6.0
0.0
0.0
40.0
20.0
10.0
8.0
0.0
60.0
2.0
14.0
NaN
50.0
110.0
4.0
0.0
10.0
0.0
0.0
0.0
4.0
0.0
2.0
20.0
30.0
0.0
0.0
24.0
0.0
0.0
0.0
0.0
0.0
56.0
0.0
0.0
0.0
0.0
0.0
0.0
10.0
0.0
0.0
0.0
0.0
0.0
0.0
0.0
0.0
0.0
0.0
0.0
0.0
94.0
126.0
6.0
0.0
0.0
0.0
0.0
0.0
0.0
0.0
0.0
0.0
0.0
0.0
0.0
0.0
0.0
0.0
0.0
0.0
0.0
0.0
0.0
0.0
0.0
60.0
0.0
0.0
0.0
18.0
320.0
140.0
50.0
0.0
20.0
116.0
100.0
90.0
0.0
0.0
0.0
0.0
12.0
180.0
0.0
12.0
84.0
10.0
0.0
0.0
0.0
0.0
0.0
0.0
42.0
0.0
0.0
0.0
68.0
28.0
0.0
0.0
0.0
0.0
0.0
0.0
0.0
0.0
0.0
0.0
0.0
20.0
12.0
0.0
0.0
114.0
0.0
0.0
0.0
60.0
0.0
0.0
0.0
82.0
0.0
0.0
0.0
8.0
18.0
26.0
0.0
28.0
8.0
0.0
0.0
0.0
0.0
46.0
6.0
8.0
32.0
0.0
0.0
70.0
162.0
0.0
0.0
0.0
0.0
0.0
0.0
0.0
0.0
64.0
298.0
4.0
0.0
36.0
92.0
146.0
76.0
0.0
4.0
0.0
26.0
14.0
0.0
0.0
26.0
46.0
0.0
0.0
0.0
0.0
0.0
110.0
142.0
0.0
0.0
0.0
0.0
230.0
0.0
0.0
0.0
0.0
48.0
28.0
0.0
0.0
0.0
44.0
0.0
0.0
0.0
338.0
4.0
0.0
0.0
0.0
0.0
6.0
358.0
0.0
0.0
0.0
0.0
0.0
0.0
0.0
214.0
2.0
2.0
0.0
30.0
0.0
0.0
0.0
0.0
58.0
12.0
106.0
0.0
0.0
134.0
48.0
0.0
0.0
0.0
0.0
0.0
36.0
194.0
0.0
0.0
158.0
36.0
0.0
0.0
0.0
28.0
276.0
188.0
64.0
112.0
32.0
0.0
0.0
0.0
0.0
0.0
0.0
0.0
88.0
36.0
8.0
44.0
0.0
0.0
0.0
36.0
140.0
0.0
4.0
18.0
0.0
6.0
0.0
0.0
0.0
0.0
58.0
0.0
0.0
8.0
6.0
52.0
0.0
100.0
0.0
0.0
26.0
8.0
0.0
0.0
0.0
0.0
10.0
0.0
0.0
14.0
0.0
36.0
96.0
0.0
0.0
4.0
4.0
8.0
0.0
0.0
0.0
38.0
6.0
6.0
0.0
0.0
0.0
0.0
48.0
262.0
2.0
0.0
198.0
94.0
4.0
18.0
0.0
66.0
14.0
0.0
0.0
0.0
12.0
32.0
0.0
10.0
6.0
0.0
10.0
234.0
0.0
0.0
0.0
98.0
40.0
0.0
10.0
0.0
20.0
0.0
0.0
0.0
40.0
0.0
0.0
4.0
0.0
0.0
6.0
0.0
0.0
4.0
0.0
4.0
0.0
0.0
0.0
4.0
0.0
0.0
0.0
0.0
30.0
24.0
32.0
4.0
0.0
0.0
10.0
24.0
20.0
4.0
0.0
0.0
0.0
0.0
12.0
70.0
0.0
100.0
0.0
0.0
0.0
4.0
10.0
20.0
10.0
90.0
8.0
0.0
40.0
4.0
0.0
0.0
0.0
90.0
4.0
0.0
60.0
0.0
0.0
0.0
8.0
0.0
0.0
0.0
0.0
0.0
0.0
0.0
0.0
0.0
0.0
8.0
14.0
0.0
0.0
28.0
4.0
0.0
0.0
0.0
0.0
8.0
10.0
0.0
0.0
0.0
48.0
20.0
178.0
76.0
4.0
12.0
0.0
0.0
0.0
0.0
4.0
160.0
0.0
0.0
34.0
18.0
0.0
0.0
0.0
0.0
0.0
4.0
32.0
0.0
0.0
16.0
0.0
4.0
54.0
0.0
4.0
7.0
0.0
0.0
32.0
0.0
44.0
84.0
4.0
0.0
0.0
0.0
0.0
0.0
0.0
2.0
0.0
26.0
0.0
0.0
0.0
18.0
0.0
124.0
10.0
0.0
60.0
58.0
36.0
0.0
0.0
0.0
46.0
0.0
0.0
0.0
0.0
0.0
0.0
0.0
12.0
6.0
0.0
0.0
0.0
58.0
78.0
0.0
0.0
0.0
0.0
0.0
0.0
0.0
0.0
0.0
0.0
0.0
0.0
0.0
10.0
30.0
0.0
2.0
0.0
0.0
0.0
12.0
0.0
0.0
0.0
0.0
0.0
0.0
0.0
0.0
0.0
0.0
0.0
4.0
0.0
0.0
0.0
44.0
62.0
214.0
402.0
0.0
0.0
10.0
0.0
0.0
26.0
2.0
32.0
54.0
0.0
0.0
0.0
296.0
0.0
12.0
0.0
0.0
0.0
50.0
4.0
0.0
0.0
92.0
0.0
70.0
0.0
0.0
26.0
0.0
30.0
0.0
0.0
0.0
0.0
0.0
0.0
110.0
34.0
82.0
4.0
110.0
84.0
0.0
0.0
0.0
0.0
30.0
152.0
10.0
0.0
0.0
0.0
0.0
0.0
0.0
0.0
8.0
0.0
0.0
0.0
116.0
38.0
4.0
76.0
4.0
0.0
118.0
0.0
0.0
0.0
0.0
72.0
0.0
0.0
0.0
58.0
124.0
14.0
72.0
8.0
6.0
18.0
8.0
4.0
188.0
0.0
NaN
0.0
0.0
12.0
0.0
58.0
4.0
0.0
0.0
46.0
50.0
14.0
60.0
2.0
6.0
34.0
8.0
0.0
0.0
0.0
0.0
0.0
4.0
4.0
124.0
34.0
36.0
90.0
16.0
28.0
0.0
84.0
18.0
0.0
0.0
14.0
0.0
0.0
46.0
174.0
0.0
0.0
0.0
0.0
2.0
14.0
18.0
4.0
0.0
4.0
0.0
0.0
0.0
0.0
0.0
0.0
0.0
0.0
0.0
10.0
0.0
0.0
4.0
20.0
0.0
40.0
0.0
40.0
0.0
34.0
0.0
58.0
8.0
32.0
0.0
10.0
152.0
20.0
0.0
0.0
0.0
0.0
2.0
40.0
0.0
8.0
30.0
10.0
0.0
0.0
0.0
0.0
4.0
0.0
12.0
0.0
0.0
0.0
6.0
40.0
0.0
0.0
0.0
0.0
0.0
84.0
0.0
0.0
0.0
50.0
0.0
0.0
0.0
2.0
0.0
30.0
30.0
10.0
0.0
14.0
0.0
0.0
0.0
0.0
4.0
0.0
10.0
0.0
0.0
0.0
0.0
68.0
34.0
34.0
0.0
0.0
20.0
20.0
0.0
0.0
0.0
20.0
10.0
34.0
30.0
6.0
0.0
0.0
0.0
0.0
2.0
0.0
0.0
4.0
0.0
30.0
150.0
0.0
0.0
40.0
0.0
0.0
0.0
14.0
0.0
0.0
0.0
0.0
60.0
34.0
106.0
0.0
36.0
140.0
30.0
0.0
28.0
0.0
0.0
30.0
0.0
0.0
24.0
0.0
50.0
18.0
0.0
104.0
0.0
18.0
0.0
0.0
0.0
0.0
16.0
0.0
0.0
0.0
0.0
44.0
0.0
126.0
46.0
0.0
22.0
52.0
124.0
218.0
2.0
20.0
52.0
202.0
8.0
0.0
0.0
8.0
0.0
0.0
0.0
0.0
72.0
0.0
0.0
NaN
0.0
80.0
4.0
0.0
0.0
64.0
166.0
24.0
212.0
0.0
76.0
0.0
0.0
0.0
2.0
0.0
110.0
0.0
0.0
46.0
0.0
36.0
10.0
18.0
72.0
4.0
52.0
102.0
48.0
6.0
0.0
0.0
0.0
18.0
6.0
0.0
0.0
0.0
0.0
0.0
0.0
0.0
4.0
0.0
0.0
0.0
0.0
0.0
0.0
6.0
0.0
0.0
0.0
0.0
0.0
0.0
74.0
156.0
0.0
0.0
0.0
0.0
6.0
0.0
6.0
0.0
4.0
0.0
0.0
0.0
8.0
0.0
8.0
0.0
4.0
24.0
0.0
0.0
0.0
0.0
0.0
12.0
0.0
54.0
0.0
0.0
0.0
18.0
0.0
6.0
6.0
0.0
0.0
0.0
0.0
0.0
8.0
2.0
0.0
18.0
295.0
0.0
0.0
0.0
0.0
0.0
0.0
0.0
0.0
0.0
0.0
0.0
6.0
178.0
0.0
82.0
12.0
0.0
0.0
0.0
0.0
558.0
4.0
0.0
0.0
0.0
0.0
0.0
0.0
0.0
86.0
4.0
0.0
0.0
12.0
0.0
0.0
0.0
0.0
38.0
0.0
0.0
0.0
4.0
0.0
52.0
96.0
16.0
114.0
8.0
46.0
0.0
0.0
0.0
0.0
0.0
0.0
0.0
0.0
0.0
134.0
24.0
24.0
6.0
0.0
12.0
0.0
82.0
212.0
10.0
44.0
10.0
0.0
0.0
114.0
84.0
12.0
120.0
0.0
22.0
36.0
0.0
0.0
0.0
0.0
40.0
0.0
48.0
0.0
0.0
0.0
0.0
8.0
10.0
0.0
0.0
58.0
0.0
0.0
0.0
0.0
2.0
50.0
30.0
0.0
62.0
0.0
0.0
0.0
10.0
0.0
10.0
8.0
0.0
0.0
40.0
0.0
30.0
20.0
60.0
40.0
48.0
0.0
0.0
0.0
30.0
0.0
0.0
0.0
0.0
74.0
20.0
28.0
10.0
0.0
0.0
0.0
16.0
128.0
4.0
0.0
0.0
30.0
6.0
24.0
0.0
20.0
0.0
0.0
0.0
80.0
0.0
0.0
88.0
100.0
60.0
0.0
0.0
0.0
0.0
0.0
38.0
0.0
0.0
0.0
90.0
90.0
160.0
20.0
0.0
0.0
0.0
0.0
0.0
450.0
50.0
60.0
0.0
0.0
12.0
0.0
0.0
0.0
0.0
4.0
0.0
0.0
0.0
4.0
22.0
12.0
86.0
14.0
0.0
0.0
2.0
46.0
20.0
16.0
22.0
0.0
0.0
12.0
0.0
0.0
0.0
0.0
0.0
0.0
26.0
48.0
2.0
28.0
12.0
74.0
174.0
12.0
0.0
0.0
0.0
30.0
284.0
6.0
0.0
0.0
44.0
4.0
20.0
0.0
0.0
14.0
156.0
4.0
0.0
0.0
0.0
0.0
0.0
0.0
0.0
0.0
0.0
0.0
0.0
0.0
194.0
2.0
4.0
0.0
0.0
0.0
16.0
0.0
170.0
144.0
0.0
46.0
226.0
158.0
14.0
76.0
162.0
0.0
0.0
0.0
0.0
0.0
0.0
0.0
50.0
68.0
0.0
0.0
0.0
48.0
52.0
0.0
8.0
0.0
0.0
120.0
0.0
6.0
0.0
6.0
0.0
0.0
0.0
0.0
128.0
10.0
0.0
0.0
28.0
74.0
16.0
0.0
0.0
50.0
0.0
16.0
0.0
8.0
8.0
0.0
0.0
0.0
14.0
0.0
0.0
68.0
0.0
0.0
0.0
0.0
0.0
144.0
98.0
18.0
0.0
0.0
0.0
76.0
0.0
144.0
0.0
6.0
0.0
0.0
0.0
0.0
0.0
50.0
0.0
0.0
0.0
0.0
64.0
4.0
8.0
0.0
0.0
0.0
0.0
12.0
12.0
302.0
0.0
0.0
0.0
0.0
2.0
212.0
0.0
0.0
0.0
0.0
0.0
0.0
0.0
116.0
54.0
0.0
0.0
0.0
0.0
0.0
0.0
14.0
10.0
86.0
4.0
0.0
4.0
18.0
0.0
0.0
0.0
126.0
4.0
4.0
0.0
0.0
16.0
0.0
24.0
8.0
0.0
0.0
16.0
0.0
0.0
10.0
176.0
52.0
12.0
0.0
28.0
102.0
0.0
0.0
20.0
8.0
64.0
100.0
20.0
154.0
0.0
0.0
0.0
42.0
16.0
120.0
0.0
0.0
30.0
28.0
0.0
0.0
0.0
0.0
50.0
4.0
0.0
0.0
0.0
0.0
0.0
0.0
46.0
128.0
0.0
12.0
0.0
40.0
6.0
12.0
4.0
0.0
0.0
0.0
42.0
0.0
0.0
0.0
0.0
16.0
62.0
30.0
20.0
0.0
80.0
0.0
0.0
0.0
0.0
0.0
0.0
240.0
10.0
0.0
0.0
0.0
0.0
0.0
0.0
0.0
0.0
2.0
0.0
60.0
12.0
34.0
116.0
0.0
0.0
108.0
216.0
66.0
0.0
0.0
0.0
20.0
168.0
260.0
80.0
0.0
0.0
80.0
0.0
0.0
34.0
0.0
0.0
0.0
8.0
0.0
70.0
20.0
0.0
18.0
48.0
56.0
0.0
0.0
4.0
16.0
2.0
0.0
0.0
0.0
0.0
0.0
4.0
0.0
10.0
4.0
0.0
0.0
0.0
0.0
0.0
0.0
10.0
0.0
0.0
0.0
4.0
0.0
0.0
40.0
100.0
30.0
0.0
0.0
54.0
48.0
0.0
0.0
0.0
12.0
40.0
70.0
0.0
0.0
10.0
84.0
32.0
124.0
70.0
0.0
104.0
0.0
0.0
10.0
0.0
0.0
0.0
0.0
0.0
0.0
0.0
38.0
90.0
0.0
0.0
4.0
54.0
60.0
44.0
8.0
132.0
212.0
6.0
0.0
0.0
4.0
36.0
0.0
0.0
2.0
0.0
14.0
0.0
27.0
24.0
6.0
0.0
0.0
0.0
100.0
114.0
0.0
0.0
0.0
136.0
34.0
274.0
54.0
0.0
10.0
0.0
0.0
0.0
0.0
90.0
0.0
80.0
4.0
0.0
0.0
18.0
0.0
0.0
16.0
36.0
0.0
0.0
0.0
52.0
0.0
0.0
120.0
42.0
0.0
0.0
0.0
0.0
0.0
0.0
28.0
18.0
194.0
0.0
0.0
4.0
0.0
0.0
0.0
0.0
16.0
0.0
0.0
0.0
0.0
0.0
0.0
0.0
70.0
20.0
0.0
0.0
134.0
0.0
0.0
0.0
0.0
0.0
0.0
0.0
0.0
0.0
0.0
0.0
0.0
0.0
0.0
0.0
38.0
4.0
0.0
80.0
116.0
214.0
24.0
0.0
0.0
0.0
0.0
124.0
116.0
0.0
0.0
0.0
0.0
0.0
0.0
0.0
0.0
0.0
0.0
0.0
0.0
0.0
0.0
14.0
46.0
10.0
0.0
0.0
124.0
8.0
0.0
0.0
0.0
0.0
26.0
58.0
26.0
0.0
0.0
0.0
0.0
8.0
0.0
120.0
0.0
0.0
110.0
4.0
0.0
0.0
0.0
0.0
0.0
0.0
0.0
0.0
0.0
0.0
0.0
0.0
42.0
0.0
0.0
0.0
0.0
0.0
4.0
0.0
0.0
0.0
0.0
18.0
24.0
0.0
0.0
6.0
0.0
0.0
0.0
84.0
12.0
114.0
196.0
0.0
0.0
0.0
0.0
6.0
14.0
0.0
36.0
24.0
10.0
20.0
0.0
0.0
32.0
44.0
16.0
40.0
2.0
2.0
0.0
0.0
0.0
64.0
8.0
0.0
0.0
0.0
0.0
52.0
150.0
4.0
4.0
0.0
0.0
0.0
0.0
16.0
10.0
0.0
0.0
0.0
6.0
14.0
0.0
0.0
14.0
24.0
30.0
0.0
30.0
18.0
0.0
0.0
10.0
48.0
120.0
0.0
0.0
42.0
24.0
4.0
0.0
0.0
160.0
86.0
4.0
0.0
100.0
4.0
2.0
72.0
0.0
2.0
20.0
0.0
0.0
0.0
20.0
0.0
32.0
20.0
10.0
4.0
0.0
0.0
30.0
0.0
6.0
6.0
2.0
0.0
0.0
0.0
50.0
154.0
0.0
0.0
0.0
0.0
2.0
8.0
0.0
0.0
0.0
10.0
32.0
8.0
2.0
20.0
158.0
80.0
40.0
30.0
2.0
6.0
50.0
2.0
0.0
4.0
50.0
0.0
0.0
0.0
0.0
0.0
0.0
2.0
0.0
0.0
0.0
0.0
0.0
0.0
0.0
2.0
0.0
0.0
0.0
0.0
0.0
20.0
4.0
244.0
30.0
0.0
94.0
14.0
16.0
0.0
16.0
0.0
0.0
8.0
0.0
0.0
54.0
0.0
0.0
0.0
0.0
0.0
0.0
16.0
10.0
22.0
8.0
58.0
100.0
0.0
0.0
0.0
0.0
8.0
0.0
0.0
0.0
0.0
0.0
50.0
0.0
0.0
24.0
28.0
60.0
0.0
0.0
40.0
94.0
0.0
6.0
0.0
0.0
0.0
10.0
12.0
4.0
2.0
66.0
144.0
0.0
0.0
0.0
50.0
312.0
2.0
30.0
0.0
0.0
70.0
4.0
206.0
122.0
38.0
2.0
0.0
0.0
40.0
14.0
24.0
200.0
0.0
0.0
0.0
0.0
0.0
20.0
6.0
0.0
0.0
0.0
18.0
0.0
4.0
0.0
54.0
0.0
0.0
0.0
0.0
0.0
166.0
0.0
6.0
8.0
0.0
0.0
10.0
238.0
14.0
0.0
0.0
0.0
6.0
16.0
0.0
28.0
0.0
0.0
0.0
0.0
0.0
0.0
0.0
0.0
0.0
0.0
164.0
42.0
8.0
30.0
0.0
110.0
10.0
6.0
0.0
110.0
0.0
0.0
0.0
0.0
188.0
0.0
124.0
0.0
0.0
0.0
260.0
0.0
92.0
0.0
162.0
NaN
NaN
4.0
0.0
84.0
148.0
0.0
18.0
0.0
102.0
8.0
0.0
46.0
70.0
0.0
6.0
0.0
98.0
64.0
0.0
4.0
104.0
8.0
0.0
0.0
4.0
290.0
4.0
48.0
0.0
16.0
50.0
0.0
52.0
6.0
0.0
20.0
0.0
0.0
0.0
0.0
0.0
0.0
0.0
0.0
178.0
188.0
0.0
0.0
0.0
0.0
30.0
46.0
0.0
0.0
18.0
10.0
36.0
120.0
80.0
0.0
0.0
0.0
0.0
0.0
0.0
0.0
118.0
0.0
10.0
100.0
34.0
0.0
0.0
0.0
16.0
6.0
0.0
0.0
0.0
0.0
0.0
0.0
0.0
0.0
0.0
0.0
164.0
0.0
70.0
0.0
16.0
0.0
160.0
160.0
36.0
0.0
110.0
0.0
72.0
4.0
0.0
18.0
0.0
0.0
4.0
0.0
0.0
2.0
0.0
0.0
134.0
244.0
8.0
60.0
60.0
0.0
0.0
0.0
2.0
18.0
66.0
136.0
0.0
0.0
60.0
40.0
50.0
16.0
0.0
0.0
6.0
92.0
22.0
68.0
4.0
18.0
0.0
0.0
0.0
0.0
0.0
38.0
4.0
34.0
20.0
0.0
0.0
0.0
0.0
130.0
130.0
0.0
0.0
0.0
0.0
0.0
18.0
0.0
56.0
0.0
0.0
0.0
0.0
0.0
0.0
0.0
0.0
0.0
122.0
230.0
0.0
0.0
30.0
64.0
232.0
6.0
0.0
20.0
10.0
30.0
100.0
0.0
40.0
80.0
10.0
0.0
0.0
0.0
0.0
0.0
0.0
98.0
12.0
8.0
100.0
6.0
0.0
0.0
0.0
0.0
60.0
0.0
0.0
0.0
0.0
0.0
10.0
10.0
0.0
0.0
0.0
0.0
4.0
24.0
20.0
0.0
30.0
120.0
0.0
0.0
0.0
0.0
280.0
10.0
20.0
0.0
0.0
0.0
0.0
0.0
0.0
0.0
0.0
50.0
30.0
0.0
10.0
30.0
0.0
36.0
6.0
0.0
190.0
0.0
0.0
82.0
0.0
0.0
20.0
40.0
0.0
0.0
30.0
4.0
0.0
0.0
0.0
58.0
0.0
0.0
124.0
0.0
0.0
0.0
20.0
26.0
0.0
2.0
0.0
0.0
0.0
0.0
0.0
0.0
50.0
0.0
0.0
0.0
8.0
26.0
0.0
10.0
0.0
48.0
36.0
22.0
0.0
32.0
0.0
0.0
148.0
50.0
0.0
0.0
0.0
72.0
184.0
22.0
6.0
188.0
18.0
0.0
0.0
0.0
0.0
54.0
0.0
0.0
0.0
48.0
96.0
122.0
200.0
0.0
0.0
0.0
170.0
0.0
2.0
26.0
0.0
0.0
0.0
0.0
0.0
0.0
0.0
0.0
0.0
0.0
0.0
0.0
18.0
0.0
0.0
26.0
0.0
0.0
0.0
218.0
8.0
0.0
0.0
0.0
0.0
0.0
0.0
256.0
0.0
0.0
234.0
24.0
0.0
10.0
4.0
12.0
0.0
0.0
74.0
12.0
0.0
0.0
0.0
0.0
0.0
0.0
0.0
24.0
38.0
0.0
0.0
44.0
0.0
0.0
0.0
14.0
0.0
0.0
0.0
66.0
0.0
10.0
0.0
6.0
0.0
28.0
48.0
0.0
0.0
60.0
4.0
20.0
30.0
26.0
0.0
0.0
0.0
20.0
50.0
0.0
0.0
0.0
0.0
0.0
8.0
10.0
6.0
0.0
100.0
6.0
64.0
56.0
0.0
0.0
0.0
4.0
14.0
46.0
6.0
0.0
0.0
0.0
0.0
10.0
26.0
20.0
6.0
98.0
0.0
0.0
40.0
0.0
20.0
0.0
0.0
0.0
0.0
40.0
0.0
24.0
302.0
10.0
0.0
0.0
0.0
54.0
0.0
158.0
0.0
64.0
0.0
0.0
14.0
12.0
0.0
0.0
0.0
0.0
0.0
0.0
8.0
30.0
8.0
44.0
62.0
0.0
40.0
60.0
20.0
20.0
0.0
0.0
0.0
0.0
0.0
20.0
0.0
10.0
30.0
0.0
110.0
160.0
20.0
20.0
0.0
0.0
0.0
20.0
16.0
30.0
60.0
20.0
0.0
0.0
0.0
0.0
10.0
10.0
0.0
40.0
20.0
98.0
44.0
30.0
30.0
0.0
0.0
30.0
10.0
10.0
0.0
0.0
30.0
110.0
10.0
0.0
0.0
15.0
0.0
0.0
0.0
0.0
0.0
0.0
0.0
0.0
0.0
30.0
68.0
0.0
40.0
0.0
0.0
0.0
0.0
0.0
0.0
0.0
0.0
12.0
0.0
0.0
90.0
0.0
0.0
70.0
36.0
40.0
60.0
10.0
0.0
26.0
0.0
0.0
164.0
0.0
10.0
30.0
0.0
60.0
42.0
0.0
30.0
0.0
0.0
0.0
60.0
24.0
0.0
100.0
200.0
0.0
0.0
0.0
0.0
0.0
232.0
94.0
0.0
10.0
22.0
0.0
10.0
10.0
0.0
0.0
0.0
0.0
50.0
200.0
64.0
32.0
22.0
0.0
86.0
6.0
0.0
0.0
0.0
14.0
0.0
110.0
10.0
68.0
0.0
34.0
0.0
0.0
14.0
256.0
38.0
0.0
0.0
0.0
0.0
0.0
0.0
0.0
46.0
0.0
200.0
0.0
60.0
0.0
0.0
154.0
0.0
0.0
0.0
0.0
0.0
16.0
0.0
0.0
0.0
0.0
162.0
10.0
100.0
0.0
0.0
0.0
0.0
0.0
0.0
20.0
0.0
0.0
290.0
374.0
20.0
156.0
22.0
10.0
0.0
48.0
0.0
10.0
0.0
0.0
22.0
540.0
6.0
4.0
0.0
0.0
0.0
0.0
0.0
0.0
0.0
0.0
0.0
14.0
0.0
10.0
0.0
0.0
4.0
0.0
20.0
4.0
0.0
8.0
170.0
74.0
0.0
56.0
0.0
0.0
440.0
0.0
0.0
0.0
34.0
0.0
0.0
0.0
0.0
194.0
0.0
0.0
0.0
0.0
0.0
0.0
40.0
0.0
0.0
0.0
20.0
6.0
0.0
0.0
20.0
0.0
52.0
6.0
0.0
0.0
0.0
0.0
0.0
20.0
0.0
14.0
0.0
0.0
0.0
0.0
80.0
0.0
10.0
0.0
0.0
0.0
0.0
0.0
0.0
0.0
0.0
0.0
640.0
92.0
58.0
282.0
10.0
32.0
44.0
0.0
0.0
0.0
0.0
0.0
0.0
4.0
4.0
0.0
0.0
0.0
0.0
0.0
0.0
0.0
28.0
64.0
142.0
0.0
0.0
0.0
14.0
40.0
0.0
0.0
0.0
0.0
0.0
0.0
178.0
162.0
0.0
102.0
52.0
82.0
34.0
0.0
84.0
22.0
0.0
0.0
0.0
0.0
0.0
0.0
0.0
0.0
10.0
0.0
50.0
64.0
10.0
0.0
0.0
0.0
0.0
84.0
8.0
0.0
0.0
0.0
0.0
6.0
120.0
44.0
50.0
10.0
0.0
122.0
60.0
0.0
0.0
0.0
0.0
0.0
40.0
0.0
0.0
0.0
0.0
0.0
0.0
0.0
0.0
0.0
0.0
0.0
0.0
0.0
0.0
94.0
30.0
0.0
0.0
0.0
0.0
110.0
0.0
0.0
30.0
10.0
6.0
40.0
0.0
56.0
352.0
40.0
0.0
4.0
206.0
240.0
44.0
40.0
0.0
20.0
0.0
0.0
20.0
0.0
0.0
0.0
0.0
0.0
0.0
0.0
10.0
0.0
30.0
0.0
0.0
0.0
0.0
0.0
0.0
0.0
0.0
26.0
0.0
0.0
0.0
0.0
40.0
0.0
0.0
0.0
0.0
50.0
50.0
70.0
0.0
0.0
0.0
0.0
0.0
18.0
10.0
162.0
0.0
0.0
0.0
0.0
0.0
0.0
0.0
20.0
8.0
4.0
0.0
10.0
66.0
30.0
10.0
0.0
0.0
0.0
0.0
0.0
0.0
12.0
8.0
0.0
0.0
0.0
30.0
0.0
0.0
16.0
4.0
0.0
8.0
0.0
12.0
52.0
54.0
6.0
0.0
0.0
0.0
26.0
0.0
0.0
106.0
0.0
0.0
0.0
24.0
64.0
58.0
0.0
0.0
0.0
0.0
0.0
0.0
0.0
0.0
0.0
0.0
0.0
58.0
158.0
2.0
0.0
0.0
0.0
0.0
0.0
22.0
0.0
0.0
10.0
0.0
0.0
0.0
104.0
18.0
0.0
0.0
108.0
6.0
0.0
0.0
80.0
104.0
4.0
4.0
0.0
0.0
40.0
0.0
0.0
0.0
0.0
0.0
0.0
0.0
0.0
0.0
0.0
0.0
0.0
0.0
0.0
0.0
0.0
0.0
10.0
128.0
62.0
0.0
0.0
14.0
0.0
0.0
0.0
206.0
18.0
6.0
96.0
0.0
4.0
0.0
0.0
0.0
154.0
0.0
0.0
0.0
18.0
0.0
0.0
112.0
0.0
24.0
186.0
28.0
0.0
10.0
0.0
28.0
6.0
0.0
0.0
84.0
0.0
90.0
34.0
170.0
6.0
0.0
0.0
0.0
0.0
188.0
6.0
0.0
32.0
0.0
0.0
0.0
0.0
0.0
0.0
0.0
0.0
0.0
0.0
0.0
78.0
8.0
0.0
0.0
0.0
184.0
0.0
0.0
40.0
8.0
0.0
0.0
48.0
8.0
0.0
0.0
0.0
4.0
0.0
40.0
0.0
4.0
80.0
0.0
12.0
110.0
8.0
34.0
0.0
0.0
6.0
12.0
0.0
0.0
0.0
0.0
0.0
0.0
226.0
0.0
650.0
34.0
50.0
0.0
0.0
0.0
0.0
0.0
74.0
54.0
0.0
0.0
0.0
0.0
0.0
270.0
94.0
8.0
0.0
10.0
0.0
0.0
62.0
26.0
12.0
0.0
30.0
124.0
12.0
0.0
0.0
0.0
20.0
66.0
0.0
6.0
160.0
294.0
8.0
54.0
174.0
30.0
0.0
10.0
70.0
0.0
8.0
0.0
14.0
4.0
4.0
0.0
38.0
200.0
0.0
0.0
20.0
0.0
12.0
14.0
0.0
16.0
0.0
0.0
20.0
10.0
0.0
0.0
40.0
80.0
80.0
0.0
0.0
0.0
0.0
10.0
10.0
0.0
0.0
6.0
30.0
20.0
0.0
0.0
0.0
0.0
0.0
2.0
0.0
60.0
70.0
20.0
0.0
0.0
0.0
0.0
50.0
0.0
0.0
0.0
0.0
0.0
0.0
78.0
14.0
190.0
0.0
0.0
0.0
0.0
90.0
30.0
0.0
40.0
0.0
4.0
0.0
0.0
30.0
0.0
20.0
12.0
0.0
0.0
0.0
0.0
68.0
20.0
14.0
10.0
0.0
10.0
20.0
0.0
0.0
0.0
0.0
4.0
26.0
28.0
4.0
14.0
0.0
0.0
0.0
82.0
6.0
0.0
0.0
20.0
0.0
100.0
100.0
50.0
0.0
0.0
0.0
0.0
0.0
0.0
0.0
0.0
0.0
0.0
0.0
0.0
30.0
54.0
10.0
10.0
0.0
0.0
28.0
0.0
0.0
0.0
0.0
0.0
18.0
50.0
0.0
70.0
0.0
0.0
10.0
0.0
0.0
0.0
0.0
0.0
304.0
284.0
0.0
60.0
0.0
0.0
30.0
104.0
14.0
0.0
118.0
130.0
24.0
10.0
0.0
30.0
0.0
22.0
54.0
54.0
0.0
40.0
14.0
10.0
0.0
0.0
60.0
70.0
246.0
166.0
0.0
0.0
0.0
0.0
0.0
0.0
0.0
35.0
374.0
10.0
30.0
85.0
0.0
0.0
0.0
0.0
0.0
0.0
0.0
0.0
