74.0
3.0
0.0
0.0
0.0
0.0
0.0
0.0
0.0
0.0
0.0
0.0
0.0
0.0
0.0
30.0
25.0
0.0
0.0
0.0
13.0
0.0
0.0
43.0
0.0
0.0
13.0
15.0
0.0
20.0
20.0
0.0
23.0
38.0
0.0
0.0
3.0
20.0
0.0
0.0
0.0
5.0
0.0
0.0
8.0
0.0
25.0
0.0
5.0
0.0
64.0
15.0
15.0
0.0
18.0
5.0
0.0
0.0
0.0
3.0
0.0
0.0
5.0
0.0
0.0
0.0
0.0
0.0
5.0
5.0
0.0
0.0
36.0
74.0
0.0
30.0
0.0
0.0
0.0
0.0
5.0
3.0
0.0
0.0
0.0
0.0
3.0
3.0
61.0
5.0
0.0
0.0
0.0
0.0
10.0
0.0
3.0
0.0
0.0
3.0
5.0
28.0
0.0
0.0
0.0
0.0
5.0
0.0
0.0
0.0
0.0
0.0
0.0
0.0
0.0
0.0
0.0
0.0
0.0
0.0
0.0
0.0
0.0
0.0
8.0
0.0
0.0
0.0
28.0
0.0
15.0
0.0
170.0
64.0
0.0
0.0
0.0
0.0
0.0
0.0
3.0
0.0
0.0
13.0
46.0
51.0
30.0
0.0
0.0
0.0
84.0
NaN
0.0
0.0
0.0
0.0
0.0
0.0
0.0
0.0
0.0
0.0
69.0
0.0
0.0
0.0
18.0
135.0
43.0
0.0
0.0
0.0
0.0
3.0
33.0
0.0
0.0
0.0
0.0
140.0
0.0
0.0
0.0
0.0
0.0
0.0
33.0
0.0
0.0
10.0
0.0
0.0
0.0
0.0
8.0
0.0
107.0
0.0
0.0
0.0
0.0
20.0
244.0
0.0
0.0
0.0
0.0
0.0
25.0
0.0
0.0
0.0
0.0
0.0
0.0
102.0
99.0
0.0
0.0
0.0
71.0
8.0
109.0
3.0
0.0
3.0
15.0
3.0
0.0
8.0
117.0
0.0
0.0
10.0
0.0
0.0
69.0
3.0
20.0
0.0
43.0
28.0
0.0
76.0
94.0
3.0
0.0
193.0
0.0
0.0
89.0
0.0
0.0
13.0
0.0
0.0
41.0
0.0
89.0
28.0
25.0
15.0
0.0
86.0
74.0
0.0
NaN
NaN
NaN
NaN
NaN
NaN
0.0
0.0
0.0
0.0
0.0
0.0
0.0
0.0
0.0
0.0
0.0
0.0
0.0
3.0
0.0
3.0
99.0
0.0
0.0
36.0
0.0
0.0
0.0
0.0
10.0
0.0
0.0
0.0
0.0
0.0
0.0
0.0
25.0
10.0
0.0
300.0
18.0
8.0
3.0
0.0
0.0
0.0
0.0
0.0
0.0
0.0
8.0
20.0
0.0
0.0
0.0
5.0
0.0
0.0
0.0
0.0
0.0
30.0
0.0
0.0
0.0
178.0
38.0
112.0
0.0
5.0
0.0
8.0
38.0
10.0
0.0
0.0
0.0
0.0
15.0
0.0
0.0
97.0
51.0
0.0
0.0
0.0
0.0
0.0
0.0
0.0
0.0
23.0
0.0
0.0
0.0
203.0
0.0
3.0
23.0
0.0
46.0
25.0
0.0
0.0
0.0
0.0
0.0
0.0
0.0
10.0
13.0
3.0
0.0
8.0
10.0
0.0
0.0
0.0
0.0
3.0
5.0
3.0
10.0
5.0
3.0
0.0
0.0
0.0
0.0
0.0
5.0
0.0
0.0
0.0
0.0
0.0
0.0
0.0
3.0
13.0
0.0
10.0
3.0
0.0
18.0
10.0
18.0
0.0
0.0
15.0
0.0
13.0
0.0
0.0
0.0
0.0
3.0
0.0
8.0
3.0
0.0
0.0
0.0
0.0
30.0
28.0
15.0
5.0
0.0
0.0
0.0
0.0
3.0
0.0
0.0
5.0
3.0
41.0
38.0
5.0
5.0
10.0
0.0
0.0
0.0
0.0
0.0
8.0
3.0
3.0
3.0
0.0
0.0
0.0
0.0
0.0
0.0
0.0
0.0
0.0
0.0
43.0
0.0
0.0
38.0
3.0
0.0
0.0
0.0
0.0
10.0
0.0
3.0
3.0
3.0
36.0
0.0
69.0
0.0
3.0
3.0
0.0
102.0
41.0
0.0
5.0
0.0
0.0
0.0
0.0
0.0
5.0
5.0
0.0
0.0
0.0
0.0
8.0
0.0
0.0
0.0
0.0
0.0
20.0
66.0
13.0
0.0
0.0
0.0
0.0
10.0
0.0
0.0
0.0
0.0
18.0
0.0
8.0
0.0
0.0
0.0
10.0
13.0
5.0
0.0
0.0
0.0
0.0
5.0
5.0
48.0
0.0
0.0
0.0
5.0
0.0
0.0
0.0
0.0
0.0
0.0
0.0
0.0
36.0
0.0
0.0
0.0
0.0
0.0
28.0
0.0
0.0
0.0
0.0
0.0
0.0
0.0
10.0
0.0
0.0
13.0
0.0
198.0
25.0
5.0
30.0
0.0
0.0
0.0
0.0
0.0
0.0
0.0
104.0
0.0
0.0
0.0
0.0
0.0
41.0
0.0
69.0
119.0
0.0
0.0
0.0
0.0
221.0
15.0
0.0
0.0
0.0
0.0
0.0
0.0
13.0
3.0
0.0
0.0
0.0
0.0
0.0
0.0
0.0
0.0
0.0
0.0
15.0
0.0
0.0
0.0
0.0
30.0
71.0
0.0
0.0
0.0
84.0
46.0
0.0
0.0
71.0
8.0
0.0
0.0
0.0
0.0
0.0
58.0
0.0
0.0
84.0
18.0
0.0
0.0
13.0
10.0
140.0
0.0
3.0
0.0
0.0
0.0
0.0
18.0
495.0
0.0
0.0
0.0
241.0
117.0
0.0
0.0
0.0
0.0
0.0
0.0
5.0
0.0
0.0
0.0
8.0
18.0
0.0
25.0
0.0
91.0
104.0
0.0
30.0
94.0
0.0
0.0
3.0
5.0
0.0
0.0
13.0
8.0
0.0
20.0
0.0
0.0
0.0
99.0
25.0
10.0
0.0
64.0
41.0
0.0
0.0
0.0
0.0
0.0
5.0
0.0
0.0
0.0
0.0
0.0
109.0
0.0
0.0
0.0
0.0
0.0
0.0
0.0
0.0
0.0
5.0
0.0
0.0
0.0
0.0
0.0
71.0
188.0
0.0
36.0
0.0
0.0
0.0
0.0
0.0
0.0
10.0
46.0
0.0
5.0
0.0
36.0
0.0
36.0
0.0
0.0
0.0
10.0
0.0
30.0
0.0
36.0
18.0
0.0
0.0
20.0
5.0
23.0
3.0
0.0
0.0
13.0
0.0
0.0
0.0
0.0
0.0
0.0
0.0
0.0
0.0
0.0
8.0
5.0
3.0
18.0
0.0
0.0
0.0
10.0
33.0
3.0
10.0
0.0
15.0
8.0
3.0
0.0
0.0
64.0
30.0
102.0
15.0
0.0
0.0
0.0
3.0
0.0
3.0
0.0
0.0
13.0
3.0
0.0
0.0
13.0
0.0
0.0
0.0
3.0
3.0
0.0
0.0
0.0
0.0
0.0
0.0
0.0
0.0
0.0
0.0
0.0
0.0
0.0
3.0
0.0
8.0
0.0
46.0
0.0
0.0
0.0
0.0
0.0
3.0
3.0
0.0
0.0
0.0
0.0
0.0
10.0
0.0
0.0
0.0
0.0
0.0
0.0
0.0
8.0
8.0
0.0
0.0
0.0
0.0
0.0
8.0
8.0
5.0
0.0
8.0
5.0
0.0
0.0
0.0
0.0
0.0
0.0
0.0
23.0
5.0
0.0
0.0
10.0
0.0
0.0
0.0
0.0
0.0
0.0
0.0
0.0
0.0
0.0
0.0
0.0
3.0
0.0
3.0
0.0
0.0
0.0
0.0
0.0
0.0
0.0
0.0
0.0
0.0
0.0
46.0
15.0
107.0
8.0
0.0
0.0
0.0
0.0
0.0
0.0
0.0
0.0
0.0
0.0
0.0
0.0
51.0
109.0
0.0
0.0
0.0
0.0
0.0
8.0
0.0
0.0
0.0
0.0
0.0
0.0
0.0
0.0
0.0
376.0
33.0
28.0
15.0
43.0
0.0
0.0
0.0
0.0
41.0
0.0
0.0
64.0
81.0
13.0
0.0
0.0
81.0
15.0
15.0
0.0
0.0
0.0
203.0
152.0
3.0
86.0
79.0
170.0
163.0
5.0
0.0
0.0
0.0
0.0
5.0
0.0
0.0
0.0
0.0
0.0
102.0
0.0
0.0
0.0
41.0
353.0
0.0
0.0
0.0
0.0
0.0
0.0
23.0
0.0
0.0
0.0
10.0
0.0
0.0
0.0
0.0
3.0
152.0
36.0
0.0
36.0
0.0
25.0
61.0
0.0
0.0
0.0
0.0
0.0
0.0
0.0
0.0
0.0
102.0
8.0
0.0
0.0
51.0
0.0
0.0
0.0
0.0
0.0
147.0
0.0
0.0
0.0
0.0
0.0
15.0
0.0
0.0
0.0
0.0
0.0
36.0
0.0
66.0
3.0
152.0
23.0
0.0
0.0
0.0
0.0
0.0
0.0
0.0
13.0
0.0
28.0
0.0
0.0
0.0
0.0
0.0
0.0
165.0
3.0
41.0
213.0
0.0
0.0
0.0
0.0
0.0
0.0
0.0
119.0
13.0
0.0
0.0
0.0
0.0
33.0
124.0
0.0
198.0
5.0
0.0
0.0
0.0
0.0
0.0
0.0
0.0
0.0
0.0
0.0
0.0
0.0
0.0
38.0
0.0
0.0
0.0
0.0
10.0
0.0
10.0
0.0
3.0
18.0
51.0
5.0
0.0
0.0
0.0
0.0
NaN
30.0
0.0
0.0
0.0
0.0
0.0
102.0
97.0
18.0
0.0
25.0
3.0
20.0
8.0
0.0
0.0
0.0
3.0
0.0
8.0
0.0
0.0
0.0
0.0
0.0
114.0
0.0
5.0
0.0
0.0
0.0
10.0
0.0
81.0
13.0
0.0
0.0
0.0
0.0
0.0
0.0
0.0
25.0
36.0
10.0
0.0
0.0
0.0
0.0
0.0
0.0
0.0
0.0
15.0
0.0
0.0
0.0
0.0
0.0
0.0
0.0
0.0
69.0
3.0
5.0
0.0
0.0
0.0
0.0
0.0
3.0
23.0
18.0
147.0
0.0
36.0
43.0
0.0
64.0
0.0
15.0
8.0
0.0
15.0
0.0
0.0
0.0
0.0
0.0
8.0
66.0
8.0
0.0
0.0
0.0
0.0
0.0
0.0
0.0
0.0
0.0
0.0
0.0
0.0
0.0
0.0
10.0
0.0
23.0
10.0
0.0
0.0
0.0
0.0
15.0
3.0
0.0
0.0
0.0
0.0
61.0
15.0
0.0
0.0
79.0
0.0
0.0
15.0
0.0
0.0
0.0
0.0
0.0
0.0
0.0
3.0
8.0
0.0
41.0
NaN
0.0
0.0
0.0
0.0
0.0
0.0
0.0
0.0
0.0
8.0
NaN
0.0
0.0
0.0
0.0
0.0
0.0
8.0
287.0
33.0
0.0
0.0
0.0
0.0
33.0
224.0
8.0
0.0
3.0
5.0
5.0
8.0
43.0
0.0
10.0
0.0
15.0
0.0
257.0
69.0
0.0
8.0
0.0
8.0
15.0
0.0
0.0
582.0
404.0
0.0
218.0
0.0
0.0
0.0
3.0
18.0
38.0
0.0
0.0
0.0
0.0
41.0
0.0
66.0
3.0
0.0
0.0
0.0
0.0
0.0
0.0
0.0
15.0
18.0
0.0
0.0
0.0
0.0
5.0
0.0
0.0
0.0
0.0
0.0
0.0
0.0
0.0
0.0
25.0
0.0
0.0
0.0
0.0
8.0
0.0
0.0
25.0
0.0
0.0
0.0
79.0
0.0
0.0
0.0
0.0
10.0
0.0
0.0
0.0
0.0
0.0
0.0
15.0
0.0
8.0
0.0
0.0
0.0
0.0
0.0
53.0
0.0
0.0
0.0
0.0
0.0
0.0
0.0
0.0
0.0
48.0
0.0
81.0
0.0
53.0
0.0
10.0
0.0
0.0
30.0
170.0
201.0
0.0
0.0
20.0
0.0
0.0
64.0
3.0
191.0
15.0
5.0
0.0
0.0
0.0
0.0
33.0
0.0
0.0
0.0
61.0
104.0
33.0
3.0
0.0
3.0
3.0
0.0
23.0
0.0
48.0
0.0
0.0
0.0
5.0
0.0
0.0
0.0
0.0
0.0
94.0
18.0
0.0
0.0
0.0
0.0
38.0
0.0
5.0
0.0
0.0
0.0
0.0
0.0
0.0
0.0
23.0
0.0
0.0
0.0
0.0
0.0
0.0
0.0
0.0
0.0
0.0
0.0
0.0
0.0
0.0
0.0
0.0
18.0
0.0
0.0
0.0
0.0
0.0
0.0
0.0
0.0
0.0
0.0
0.0
0.0
0.0
0.0
0.0
0.0
10.0
13.0
0.0
0.0
0.0
0.0
5.0
0.0
5.0
8.0
8.0
0.0
0.0
0.0
0.0
0.0
0.0
0.0
0.0
0.0
0.0
0.0
0.0
0.0
0.0
0.0
20.0
0.0
15.0
13.0
15.0
36.0
5.0
3.0
112.0
8.0
0.0
0.0
0.0
0.0
0.0
0.0
0.0
0.0
0.0
8.0
0.0
0.0
0.0
0.0
5.0
3.0
84.0
114.0
8.0
0.0
8.0
20.0
0.0
8.0
15.0
3.0
8.0
0.0
0.0
5.0
0.0
442.0
8.0
0.0
0.0
0.0
0.0
0.0
0.0
0.0
0.0
10.0
0.0
0.0
0.0
0.0
0.0
0.0
30.0
48.0
0.0
41.0
10.0
0.0
10.0
51.0
0.0
0.0
0.0
8.0
0.0
0.0
20.0
5.0
0.0
0.0
0.0
0.0
0.0
0.0
3.0
0.0
3.0
0.0
0.0
0.0
0.0
0.0
0.0
0.0
0.0
0.0
0.0
0.0
0.0
0.0
0.0
0.0
0.0
0.0
0.0
0.0
107.0
173.0
0.0
0.0
0.0
0.0
0.0
0.0
0.0
0.0
3.0
3.0
0.0
0.0
0.0
0.0
0.0
0.0
0.0
130.0
20.0
15.0
15.0
64.0
0.0
5.0
0.0
0.0
0.0
0.0
0.0
28.0
51.0
58.0
5.0
64.0
8.0
8.0
0.0
0.0
0.0
0.0
0.0
0.0
0.0
0.0
0.0
0.0
69.0
0.0
0.0
18.0
38.0
0.0
76.0
8.0
0.0
8.0
43.0
0.0
0.0
8.0
0.0
15.0
0.0
51.0
0.0
3.0
46.0
0.0
84.0
0.0
0.0
0.0
0.0
86.0
41.0
0.0
3.0
5.0
0.0
0.0
0.0
0.0
0.0
51.0
246.0
38.0
739.0
0.0
0.0
0.0
310.0
0.0
178.0
48.0
0.0
0.0
0.0
0.0
0.0
0.0
0.0
0.0
0.0
0.0
0.0
8.0
0.0
0.0
0.0
3.0
0.0
15.0
5.0
5.0
51.0
0.0
8.0
0.0
0.0
81.0
0.0
0.0
0.0
0.0
0.0
325.0
5.0
0.0
0.0
0.0
0.0
0.0
269.0
0.0
0.0
66.0
0.0
5.0
0.0
0.0
13.0
0.0
0.0
0.0
0.0
213.0
0.0
41.0
0.0
135.0
36.0
8.0
10.0
13.0
0.0
0.0
0.0
0.0
104.0
3.0
25.0
25.0
43.0
0.0
0.0
0.0
0.0
0.0
0.0
0.0
0.0
0.0
0.0
23.0
0.0
15.0
0.0
0.0
0.0
0.0
0.0
0.0
0.0
0.0
0.0
0.0
30.0
0.0
0.0
0.0
5.0
0.0
0.0
0.0
28.0
13.0
0.0
0.0
0.0
71.0
198.0
0.0
0.0
0.0
0.0
0.0
0.0
0.0
0.0
0.0
0.0
0.0
0.0
3.0
0.0
0.0
0.0
0.0
0.0
0.0
0.0
0.0
0.0
0.0
33.0
0.0
0.0
0.0
0.0
0.0
0.0
0.0
0.0
0.0
0.0
15.0
5.0
0.0
0.0
0.0
0.0
0.0
0.0
0.0
0.0
112.0
36.0
0.0
0.0
0.0
61.0
0.0
0.0
0.0
0.0
0.0
0.0
0.0
0.0
168.0
0.0
0.0
10.0
0.0
0.0
5.0
5.0
3.0
0.0
0.0
3.0
13.0
0.0
0.0
0.0
5.0
0.0
0.0
58.0
41.0
0.0
0.0
0.0
64.0
0.0
0.0
0.0
15.0
48.0
127.0
3.0
3.0
0.0
0.0
0.0
0.0
0.0
0.0
3.0
0.0
18.0
3.0
8.0
20.0
0.0
NaN
0.0
25.0
0.0
0.0
10.0
13.0
0.0
0.0
0.0
0.0
0.0
0.0
0.0
18.0
0.0
10.0
0.0
0.0
13.0
3.0
20.0
20.0
38.0
0.0
0.0
0.0
0.0
0.0
0.0
15.0
76.0
81.0
0.0
97.0
152.0
0.0
0.0
8.0
0.0
0.0
20.0
0.0
0.0
8.0
0.0
10.0
20.0
0.0
0.0
0.0
5.0
23.0
0.0
0.0
0.0
0.0
0.0
3.0
0.0
0.0
0.0
0.0
0.0
0.0
0.0
0.0
0.0
0.0
0.0
0.0
0.0
0.0
0.0
0.0
0.0
0.0
8.0
13.0
0.0
91.0
0.0
3.0
0.0
0.0
0.0
0.0
0.0
0.0
0.0
0.0
0.0
0.0
3.0
0.0
0.0
0.0
0.0
0.0
0.0
0.0
0.0
0.0
0.0
0.0
0.0
25.0
0.0
61.0
0.0
0.0
0.0
0.0
0.0
0.0
0.0
0.0
0.0
0.0
0.0
20.0
0.0
0.0
0.0
0.0
0.0
8.0
0.0
0.0
0.0
25.0
259.0
5.0
33.0
295.0
0.0
178.0
79.0
157.0
5.0
0.0
0.0
0.0
0.0
0.0
5.0
0.0
0.0
0.0
142.0
51.0
79.0
3.0
5.0
0.0
0.0
0.0
0.0
0.0
0.0
0.0
0.0
0.0
0.0
13.0
0.0
0.0
13.0
0.0
0.0
13.0
0.0
0.0
5.0
28.0
0.0
0.0
0.0
0.0
3.0
0.0
0.0
0.0
0.0
226.0
3.0
0.0
0.0
0.0
0.0
0.0
0.0
0.0
0.0
3.0
3.0
0.0
196.0
0.0
0.0
0.0
0.0
0.0
0.0
48.0
48.0
0.0
0.0
0.0
0.0
0.0
15.0
218.0
15.0
0.0
0.0
0.0
0.0
0.0
0.0
0.0
0.0
0.0
0.0
10.0
0.0
0.0
0.0
0.0
64.0
0.0
0.0
0.0
0.0
0.0
0.0
0.0
0.0
13.0
0.0
0.0
5.0
0.0
0.0
0.0
0.0
0.0
0.0
0.0
0.0
13.0
0.0
0.0
0.0
5.0
0.0
0.0
0.0
0.0
0.0
0.0
0.0
0.0
0.0
0.0
0.0
3.0
0.0
0.0
0.0
0.0
0.0
0.0
0.0
0.0
0.0
0.0
0.0
0.0
0.0
0.0
0.0
0.0
0.0
0.0
0.0
0.0
3.0
0.0
3.0
0.0
0.0
0.0
0.0
0.0
0.0
0.0
0.0
0.0
5.0
0.0
0.0
0.0
5.0
5.0
0.0
3.0
0.0
0.0
0.0
64.0
5.0
0.0
13.0
0.0
0.0
25.0
36.0
56.0
5.0
0.0
0.0
0.0
0.0
0.0
0.0
0.0
0.0
0.0
13.0
3.0
0.0
0.0
0.0
69.0
0.0
15.0
0.0
0.0
5.0
0.0
8.0
0.0
0.0
0.0
0.0
0.0
0.0
0.0
5.0
0.0
18.0
18.0
8.0
0.0
0.0
0.0
64.0
0.0
0.0
8.0
36.0
18.0
23.0
23.0
15.0
0.0
0.0
0.0
0.0
0.0
15.0
10.0
43.0
0.0
0.0
0.0
0.0
0.0
0.0
10.0
0.0
0.0
0.0
0.0
10.0
0.0
10.0
0.0
0.0
0.0
0.0
0.0
76.0
117.0
0.0
0.0
0.0
0.0
0.0
0.0
0.0
0.0
0.0
0.0
0.0
0.0
0.0
0.0
3.0
8.0
0.0
0.0
0.0
0.0
0.0
0.0
3.0
0.0
0.0
0.0
0.0
0.0
41.0
3.0
0.0
0.0
0.0
0.0
0.0
0.0
0.0
0.0
8.0
0.0
0.0
0.0
0.0
0.0
0.0
0.0
0.0
3.0
0.0
0.0
8.0
0.0
0.0
0.0
0.0
8.0
0.0
0.0
0.0
0.0
0.0
0.0
3.0
0.0
0.0
0.0
28.0
43.0
554.0
178.0
0.0
0.0
0.0
3.0
0.0
0.0
0.0
0.0
91.0
79.0
0.0
79.0
38.0
8.0
0.0
0.0
5.0
0.0
0.0
8.0
0.0
3.0
173.0
0.0
0.0
0.0
0.0
30.0
0.0
0.0
36.0
0.0
0.0
0.0
0.0
112.0
0.0
206.0
0.0
8.0
8.0
5.0
175.0
15.0
0.0
0.0
0.0
0.0
0.0
0.0
0.0
0.0
3.0
66.0
0.0
89.0
0.0
130.0
0.0
8.0
147.0
0.0
94.0
13.0
0.0
15.0
0.0
0.0
442.0
0.0
0.0
3.0
0.0
36.0
8.0
0.0
0.0
0.0
0.0
41.0
0.0
0.0
0.0
23.0
74.0
109.0
3.0
0.0
61.0
0.0
61.0
8.0
211.0
0.0
0.0
43.0
8.0
18.0
0.0
0.0
0.0
0.0
58.0
0.0
0.0
0.0
0.0
36.0
0.0
0.0
0.0
112.0
3.0
0.0
0.0
378.0
0.0
142.0
0.0
0.0
79.0
122.0
30.0
0.0
25.0
455.0
28.0
0.0
15.0
0.0
0.0
0.0
0.0
0.0
0.0
0.0
0.0
0.0
15.0
33.0
170.0
152.0
140.0
66.0
0.0
0.0
0.0
0.0
0.0
0.0
0.0
13.0
3.0
0.0
15.0
0.0
0.0
0.0
53.0
0.0
0.0
0.0
0.0
36.0
64.0
0.0
0.0
0.0
0.0
0.0
0.0
0.0
0.0
0.0
0.0
0.0
0.0
107.0
0.0
0.0
0.0
0.0
0.0
0.0
0.0
0.0
0.0
0.0
0.0
0.0
0.0
0.0
3.0
0.0
51.0
0.0
3.0
76.0
86.0
0.0
0.0
0.0
0.0
0.0
0.0
0.0
15.0
16.0
25.0
15.0
0.0
0.0
20.0
8.0
0.0
25.0
0.0
0.0
41.0
0.0
0.0
8.0
0.0
0.0
5.0
41.0
5.0
3.0
0.0
0.0
0.0
0.0
0.0
0.0
0.0
25.0
0.0
0.0
0.0
0.0
48.0
0.0
0.0
0.0
23.0
23.0
0.0
0.0
0.0
0.0
0.0
0.0
0.0
10.0
0.0
0.0
0.0
0.0
0.0
0.0
0.0
0.0
36.0
86.0
20.0
0.0
0.0
0.0
0.0
0.0
0.0
0.0
0.0
25.0
0.0
0.0
0.0
0.0
0.0
0.0
3.0
0.0
0.0
0.0
0.0
10.0
0.0
0.0
3.0
0.0
0.0
0.0
0.0
0.0
84.0
5.0
0.0
0.0
0.0
0.0
0.0
0.0
0.0
0.0
0.0
0.0
0.0
0.0
0.0
0.0
0.0
0.0
0.0
0.0
0.0
0.0
0.0
66.0
0.0
0.0
0.0
0.0
0.0
3.0
0.0
0.0
0.0
0.0
66.0
203.0
0.0
25.0
0.0
0.0
137.0
0.0
0.0
56.0
0.0
8.0
13.0
0.0
0.0
0.0
0.0
0.0
0.0
0.0
0.0
3.0
0.0
0.0
0.0
0.0
0.0
0.0
0.0
0.0
0.0
0.0
0.0
0.0
0.0
0.0
0.0
0.0
0.0
188.0
8.0
33.0
0.0
0.0
0.0
0.0
0.0
0.0
0.0
0.0
58.0
0.0
0.0
0.0
89.0
86.0
450.0
0.0
0.0
0.0
0.0
53.0
61.0
0.0
0.0
0.0
0.0
18.0
0.0
0.0
0.0
0.0
0.0
0.0
0.0
71.0
23.0
0.0
48.0
0.0
0.0
91.0
0.0
0.0
0.0
56.0
74.0
0.0
0.0
64.0
0.0
0.0
0.0
0.0
0.0
0.0
226.0
0.0
0.0
0.0
109.0
0.0
0.0
0.0
5.0
0.0
0.0
0.0
122.0
137.0
15.0
0.0
0.0
0.0
79.0
0.0
0.0
0.0
0.0
23.0
0.0
0.0
5.0
15.0
20.0
13.0
0.0
0.0
0.0
10.0
0.0
0.0
8.0
0.0
0.0
5.0
20.0
0.0
0.0
0.0
0.0
0.0
0.0
0.0
0.0
0.0
15.0
0.0
0.0
411.0
102.0
0.0
0.0
0.0
23.0
0.0
0.0
0.0
0.0
0.0
0.0
0.0
0.0
0.0
0.0
18.0
587.0
38.0
33.0
15.0
0.0
48.0
36.0
3.0
0.0
15.0
0.0
0.0
0.0
0.0
0.0
8.0
28.0
0.0
0.0
0.0
15.0
15.0
15.0
8.0
0.0
0.0
0.0
0.0
0.0
0.0
0.0
28.0
0.0
0.0
0.0
0.0
0.0
0.0
0.0
0.0
0.0
0.0
8.0
8.0
0.0
0.0
0.0
0.0
0.0
0.0
0.0
0.0
0.0
76.0
0.0
0.0
0.0
0.0
0.0
0.0
0.0
91.0
140.0
0.0
0.0
0.0
51.0
13.0
0.0
0.0
0.0
18.0
0.0
0.0
0.0
81.0
0.0
71.0
0.0
0.0
0.0
0.0
5.0
3.0
3.0
0.0
0.0
0.0
0.0
0.0
0.0
13.0
0.0
0.0
0.0
0.0
0.0
15.0
117.0
0.0
41.0
0.0
0.0
0.0
23.0
0.0
0.0
168.0
0.0
0.0
0.0
3.0
0.0
0.0
0.0
0.0
0.0
13.0
0.0
0.0
0.0
3.0
0.0
0.0
0.0
0.0
30.0
0.0
0.0
0.0
8.0
0.0
0.0
0.0
41.0
0.0
0.0
0.0
18.0
18.0
0.0
0.0
0.0
8.0
5.0
8.0
58.0
5.0
0.0
0.0
15.0
3.0
0.0
38.0
119.0
0.0
0.0
0.0
0.0
0.0
0.0
18.0
0.0
46.0
0.0
0.0
0.0
0.0
0.0
0.0
8.0
0.0
0.0
0.0
3.0
3.0
10.0
5.0
0.0
0.0
0.0
91.0
0.0
0.0
0.0
0.0
0.0
NaN
58.0
25.0
0.0
0.0
0.0
25.0
18.0
0.0
165.0
38.0
107.0
0.0
3.0
0.0
0.0
61.0
0.0
0.0
0.0
8.0
0.0
0.0
0.0
150.0
115.0
18.0
0.0
0.0
0.0
43.0
64.0
3.0
0.0
0.0
0.0
0.0
152.0
5.0
0.0
0.0
0.0
3.0
38.0
20.0
0.0
0.0
0.0
5.0
64.0
28.0
0.0
0.0
51.0
0.0
30.0
0.0
0.0
0.0
41.0
0.0
0.0
0.0
0.0
56.0
0.0
0.0
0.0
99.0
0.0
0.0
51.0
201.0
244.0
0.0
0.0
0.0
28.0
0.0
0.0
0.0
20.0
0.0
0.0
0.0
0.0
0.0
0.0
0.0
0.0
0.0
0.0
0.0
114.0
396.0
0.0
0.0
0.0
5.0
0.0
0.0
178.0
0.0
0.0
0.0
0.0
0.0
0.0
0.0
0.0
0.0
0.0
0.0
0.0
0.0
0.0
5.0
0.0
71.0
0.0
0.0
0.0
30.0
0.0
0.0
0.0
8.0
36.0
0.0
0.0
0.0
0.0
0.0
3.0
0.0
0.0
607.0
0.0
104.0
0.0
0.0
0.0
0.0
0.0
0.0
0.0
23.0
28.0
0.0
0.0
0.0
30.0
0.0
0.0
0.0
0.0
419.0
25.0
41.0
0.0
0.0
0.0
41.0
0.0
0.0
41.0
198.0
160.0
0.0
13.0
0.0
0.0
0.0
3.0
0.0
15.0
71.0
15.0
5.0
0.0
0.0
0.0
0.0
3.0
0.0
0.0
0.0
0.0
0.0
0.0
0.0
0.0
0.0
0.0
0.0
0.0
0.0
0.0
8.0
0.0
0.0
0.0
0.0
0.0
0.0
0.0
51.0
0.0
0.0
0.0
0.0
0.0
0.0
0.0
0.0
86.0
0.0
0.0
0.0
0.0
0.0
0.0
0.0
0.0
0.0
0.0
0.0
127.0
80.0
0.0
0.0
0.0
4.0
42.0
0.0
6.0
0.0
28.0
0.0
6.0
0.0
0.0
0.0
0.0
0.0
0.0
0.0
0.0
0.0
0.0
8.0
46.0
0.0
36.0
16.0
0.0
0.0
2.0
0.0
0.0
0.0
24.0
0.0
0.0
20.0
24.0
30.0
60.0
0.0
18.0
0.0
0.0
0.0
0.0
0.0
0.0
0.0
0.0
8.0
0.0
0.0
0.0
0.0
0.0
0.0
0.0
0.0
0.0
20.0
0.0
0.0
0.0
27.0
85.0
2.0
0.0
0.0
16.0
146.0
0.0
0.0
0.0
0.0
0.0
0.0
0.0
0.0
0.0
0.0
0.0
0.0
65.0
5.0
0.0
12.0
0.0
0.0
0.0
0.0
0.0
0.0
0.0
30.0
0.0
0.0
6.0
0.0
0.0
130.0
46.0
0.0
0.0
0.0
0.0
2.0
0.0
0.0
0.0
20.0
0.0
52.0
0.0
20.0
0.0
0.0
0.0
0.0
0.0
0.0
0.0
20.0
0.0
0.0
0.0
0.0
0.0
0.0
21.0
0.0
55.0
26.0
0.0
0.0
0.0
0.0
0.0
0.0
0.0
0.0
0.0
0.0
0.0
0.0
0.0
0.0
0.0
0.0
0.0
0.0
0.0
0.0
0.0
0.0
0.0
0.0
12.0
0.0
0.0
0.0
0.0
0.0
0.0
0.0
0.0
0.0
0.0
0.0
0.0
0.0
0.0
0.0
0.0
0.0
0.0
0.0
0.0
0.0
0.0
0.0
0.0
0.0
0.0
0.0
0.0
0.0
0.0
0.0
0.0
0.0
0.0
0.0
0.0
0.0
0.0
0.0
0.0
0.0
0.0
0.0
0.0
0.0
0.0
0.0
0.0
106.0
20.0
4.0
84.0
0.0
0.0
0.0
0.0
0.0
0.0
0.0
0.0
0.0
0.0
0.0
0.0
0.0
0.0
10.0
0.0
0.0
0.0
0.0
0.0
0.0
0.0
208.0
0.0
0.0
0.0
0.0
0.0
0.0
278.0
78.0
0.0
0.0
0.0
0.0
0.0
63.0
0.0
8.0
0.0
0.0
0.0
26.0
0.0
0.0
0.0
0.0
18.0
0.0
16.0
0.0
0.0
84.0
0.0
0.0
0.0
0.0
0.0
0.0
0.0
0.0
30.0
0.0
0.0
0.0
0.0
238.0
56.0
24.0
18.0
68.0
0.0
0.0
62.0
12.0
0.0
58.0
0.0
0.0
148.0
24.0
0.0
0.0
154.0
0.0
14.0
0.0
0.0
0.0
0.0
0.0
4.0
92.0
0.0
0.0
54.0
0.0
112.0
6.0
0.0
0.0
36.0
54.0
0.0
0.0
0.0
40.0
0.0
0.0
2.0
0.0
58.0
40.0
90.0
0.0
182.0
0.0
14.0
0.0
0.0
0.0
0.0
10.0
0.0
18.0
