0.0
0.0
0.0
15.0
0.0
0.0
0.0
69.0
0.0
3.0
5.0
0.0
0.0
0.0
0.0
0.0
0.0
0.0
0.0
8.0
0.0
18.0
43.0
3.0
0.0
0.0
0.0
0.0
0.0
0.0
0.0
0.0
297.0
102.0
5.0
0.0
0.0
0.0
0.0
41.0
0.0
0.0
0.0
0.0
0.0
0.0
0.0
0.0
69.0
43.0
0.0
0.0
0.0
0.0
0.0
0.0
0.0
0.0
0.0
0.0
0.0
147.0
0.0
0.0
0.0
0.0
0.0
0.0
0.0
0.0
0.0
0.0
0.0
0.0
0.0
0.0
8.0
198.0
0.0
0.0
0.0
0.0
0.0
198.0
132.0
0.0
0.0
0.0
0.0
0.0
0.0
0.0
0.0
8.0
0.0
0.0
20.0
0.0
30.0
20.0
0.0
0.0
8.0
0.0
0.0
0.0
0.0
0.0
224.0
0.0
0.0
0.0
0.0
0.0
38.0
0.0
0.0
0.0
0.0
0.0
0.0
0.0
3.0
102.0
25.0
198.0
0.0
0.0
0.0
10.0
30.0
0.0
0.0
0.0
30.0
0.0
0.0
0.0
0.0
0.0
0.0
0.0
203.0
8.0
0.0
117.0
28.0
0.0
0.0
0.0
0.0
0.0
0.0
0.0
56.0
0.0
0.0
0.0
0.0
0.0
0.0
0.0
0.0
0.0
0.0
0.0
0.0
0.0
0.0
0.0
0.0
0.0
0.0
0.0
0.0
0.0
0.0
25.0
0.0
0.0
0.0
0.0
0.0
0.0
71.0
25.0
0.0
0.0
0.0
102.0
0.0
0.0
0.0
0.0
0.0
25.0
0.0
0.0
25.0
0.0
0.0
25.0
25.0
0.0
0.0
0.0
0.0
0.0
0.0
0.0
0.0
0.0
0.0
0.0
127.0
0.0
0.0
0.0
0.0
0.0
0.0
0.0
0.0
0.0
0.0
0.0
0.0
0.0
0.0
0.0
0.0
0.0
0.0
8.0
0.0
0.0
0.0
0.0
0.0
0.0
137.0
8.0
10.0
0.0
0.0
0.0
0.0
0.0
0.0
30.0
0.0
66.0
97.0
89.0
0.0
5.0
168.0
0.0
43.0
0.0
8.0
56.0
231.0
13.0
13.0
3.0
0.0
0.0
5.0
137.0
0.0
3.0
0.0
0.0
0.0
0.0
0.0
0.0
13.0
0.0
8.0
13.0
0.0
46.0
13.0
0.0
0.0
112.0
0.0
0.0
0.0
0.0
0.0
0.0
0.0
0.0
0.0
0.0
0.0
0.0
0.0
0.0
0.0
0.0
0.0
0.0
0.0
0.0
0.0
3.0
91.0
15.0
0.0
0.0
0.0
221.0
0.0
0.0
0.0
0.0
0.0
30.0
0.0
0.0
102.0
0.0
0.0
0.0
0.0
0.0
0.0
0.0
0.0
0.0
0.0
0.0
3.0
0.0
0.0
0.0
0.0
0.0
0.0
46.0
0.0
0.0
23.0
0.0
109.0
25.0
0.0
0.0
0.0
0.0
0.0
257.0
0.0
0.0
5.0
0.0
20.0
0.0
0.0
8.0
33.0
0.0
0.0
0.0
0.0
0.0
0.0
0.0
0.0
3.0
0.0
8.0
0.0
10.0
0.0
0.0
0.0
0.0
0.0
0.0
3.0
0.0
0.0
0.0
0.0
0.0
0.0
0.0
0.0
0.0
0.0
0.0
0.0
0.0
0.0
0.0
0.0
117.0
0.0
0.0
0.0
0.0
0.0
0.0
0.0
0.0
0.0
0.0
0.0
0.0
0.0
0.0
0.0
0.0
0.0
0.0
0.0
0.0
0.0
0.0
0.0
0.0
0.0
0.0
0.0
0.0
0.0
0.0
0.0
0.0
0.0
0.0
0.0
0.0
0.0
0.0
0.0
0.0
0.0
0.0
0.0
0.0
0.0
0.0
0.0
0.0
0.0
0.0
0.0
0.0
0.0
0.0
0.0
0.0
0.0
0.0
0.0
0.0
0.0
0.0
0.0
0.0
0.0
0.0
10.0
10.0
0.0
0.0
0.0
0.0
0.0
0.0
0.0
0.0
66.0
102.0
0.0
0.0
0.0
0.0
0.0
0.0
0.0
0.0
0.0
0.0
0.0
5.0
10.0
5.0
0.0
0.0
5.0
0.0
0.0
0.0
25.0
0.0
0.0
0.0
25.0
0.0
0.0
15.0
0.0
0.0
13.0
41.0
10.0
0.0
0.0
5.0
0.0
8.0
0.0
0.0
0.0
15.0
0.0
0.0
0.0
0.0
0.0
0.0
0.0
20.0
15.0
0.0
20.0
0.0
0.0
0.0
0.0
0.0
0.0
NaN
NaN
0.0
0.0
0.0
0.0
0.0
0.0
0.0
0.0
0.0
0.0
0.0
0.0
0.0
0.0
0.0
0.0
0.0
0.0
0.0
0.0
0.0
0.0
0.0
0.0
36.0
0.0
76.0
0.0
0.0
0.0
0.0
41.0
97.0
36.0
0.0
0.0
0.0
0.0
0.0
0.0
30.0
58.0
33.0
221.0
51.0
25.0
0.0
0.0
0.0
0.0
18.0
0.0
0.0
23.0
0.0
0.0
0.0
15.0
0.0
0.0
0.0
0.0
147.0
23.0
127.0
61.0
25.0
8.0
43.0
0.0
0.0
0.0
0.0
18.0
69.0
0.0
0.0
0.0
0.0
0.0
0.0
0.0
0.0
0.0
0.0
0.0
0.0
0.0
0.0
13.0
79.0
69.0
8.0
0.0
0.0
0.0
0.0
0.0
0.0
0.0
0.0
13.0
0.0
0.0
0.0
267.0
188.0
145.0
23.0
0.0
0.0
23.0
86.0
38.0
0.0
36.0
56.0
150.0
0.0
0.0
0.0
0.0
0.0
28.0
0.0
0.0
0.0
0.0
97.0
0.0
0.0
0.0
0.0
0.0
0.0
0.0
0.0
18.0
0.0
0.0
0.0
0.0
0.0
38.0
221.0
0.0
0.0
0.0
15.0
0.0
94.0
0.0
0.0
0.0
0.0
0.0
0.0
0.0
33.0
10.0
0.0
8.0
0.0
0.0
0.0
0.0
330.0
0.0
0.0
0.0
0.0
0.0
0.0
0.0
0.0
0.0
28.0
160.0
10.0
0.0
5.0
20.0
0.0
99.0
10.0
0.0
0.0
0.0
0.0
0.0
0.0
206.0
66.0
0.0
0.0
30.0
0.0
0.0
0.0
0.0
0.0
0.0
0.0
0.0
0.0
0.0
0.0
231.0
577.0
0.0
0.0
0.0
0.0
0.0
0.0
0.0
0.0
0.0
0.0
3.0
0.0
0.0
0.0
0.0
23.0
0.0
0.0
0.0
46.0
5.0
0.0
0.0
0.0
211.0
10.0
0.0
0.0
0.0
0.0
0.0
0.0
0.0
0.0
0.0
0.0
0.0
0.0
0.0
0.0
0.0
0.0
0.0
0.0
0.0
0.0
0.0
0.0
0.0
0.0
0.0
0.0
51.0
8.0
0.0
0.0
0.0
0.0
0.0
81.0
0.0
0.0
0.0
0.0
46.0
0.0
0.0
0.0
0.0
0.0
0.0
0.0
0.0
