69.0
107.0
38.0
0.0
201.0
5.0
0.0
0.0
323.0
0.0
470.0
69.0
51.0
0.0
124.0
0.0
15.0
18.0
0.0
0.0
0.0
8.0
0.0
0.0
0.0
15.0
0.0
0.0
0.0
414.0
0.0
0.0
0.0
10.0
51.0
0.0
0.0
0.0
10.0
0.0
0.0
0.0
0.0
0.0
15.0
18.0
33.0
0.0
0.0
0.0
15.0
0.0
0.0
33.0
64.0
0.0
150.0
0.0
0.0
0.0
0.0
246.0
0.0
0.0
0.0
0.0
18.0
71.0
157.0
91.0
5.0
76.0
33.0
221.0
0.0
0.0
0.0
0.0
0.0
0.0
193.0
0.0
15.0
28.0
18.0
43.0
0.0
0.0
0.0
0.0
0.0
53.0
0.0
0.0
0.0
198.0
0.0
20.0
0.0
0.0
287.0
0.0
0.0
33.0
38.0
0.0
0.0
76.0
0.0
94.0
0.0
0.0
25.0
51.0
330.0
0.0
0.0
8.0
36.0
218.0
668.0
160.0
0.0
84.0
0.0
0.0
0.0
0.0
8.0
20.0
0.0
0.0
112.0
0.0
0.0
0.0
0.0
10.0
150.0
20.0
0.0
102.0
15.0
0.0
84.0
0.0
0.0
0.0
0.0
0.0
0.0
0.0
30.0
0.0
48.0
0.0
0.0
0.0
221.0
8.0
0.0
0.0
0.0
0.0
0.0
0.0
0.0
0.0
0.0
0.0
0.0
0.0
0.0
0.0
0.0
0.0
0.0
0.0
10.0
0.0
0.0
0.0
0.0
0.0
0.0
10.0
0.0
0.0
0.0
18.0
0.0
0.0
10.0
8.0
0.0
25.0
0.0
20.0
122.0
0.0
0.0
0.0
0.0
191.0
79.0
178.0
0.0
0.0
25.0
0.0
0.0
0.0
0.0
0.0
0.0
25.0
0.0
0.0
135.0
69.0
5.0
25.0
0.0
0.0
0.0
10.0
0.0
15.0
30.0
0.0
0.0
0.0
0.0
18.0
25.0
71.0
33.0
64.0
0.0
38.0
8.0
0.0
0.0
89.0
64.0
0.0
0.0
13.0
0.0
0.0
13.0
13.0
0.0
76.0
0.0
0.0
25.0
0.0
0.0
0.0
0.0
0.0
0.0
0.0
23.0
84.0
300.0
0.0
64.0
25.0
0.0
0.0
25.0
13.0
0.0
0.0
0.0
0.0
0.0
0.0
0.0
0.0
0.0
76.0
38.0
0.0
0.0
38.0
140.0
64.0
25.0
0.0
0.0
5.0
13.0
0.0
0.0
0.0
0.0
23.0
5.0
140.0
0.0
0.0
0.0
38.0
0.0
0.0
0.0
0.0
5.0
33.0
5.0
8.0
122.0
0.0
0.0
23.0
0.0
0.0
0.0
13.0
69.0
10.0
0.0
0.0
0.0
0.0
0.0
30.0
0.0
8.0
0.0
0.0
0.0
91.0
0.0
0.0
279.0
147.0
66.0
0.0
25.0
0.0
13.0
53.0
28.0
5.0
0.0
0.0
18.0
0.0
33.0
0.0
0.0
0.0
0.0
0.0
56.0
84.0
25.0
46.0
0.0
0.0
0.0
0.0
0.0
0.0
0.0
0.0
0.0
0.0
0.0
124.0
284.0
38.0
0.0
23.0
46.0
0.0
0.0
0.0
51.0
249.0
0.0
0.0
0.0
51.0
0.0
46.0
13.0
0.0
0.0
0.0
0.0
0.0
69.0
0.0
0.0
0.0
15.0
13.0
0.0
0.0
0.0
0.0
28.0
0.0
51.0
13.0
0.0
0.0
0.0
183.0
0.0
0.0
0.0
0.0
0.0
310.0
0.0
0.0
127.0
607.0
43.0
0.0
0.0
165.0
168.0
0.0
0.0
0.0
0.0
0.0
0.0
0.0
0.0
97.0
8.0
0.0
0.0
0.0
0.0
0.0
0.0
0.0
216.0
38.0
0.0
0.0
0.0
0.0
0.0
0.0
0.0
0.0
0.0
0.0
0.0
0.0
0.0
0.0
0.0
0.0
0.0
109.0
0.0
0.0
0.0
8.0
0.0
71.0
0.0
0.0
0.0
0.0
18.0
5.0
0.0
8.0
191.0
13.0
0.0
0.0
15.0
30.0
10.0
0.0
0.0
5.0
20.0
0.0
0.0
0.0
0.0
0.0
48.0
267.0
0.0
71.0
0.0
0.0
300.0
0.0
0.0
0.0
15.0
10.0
43.0
46.0
66.0
0.0
0.0
0.0
0.0
0.0
0.0
0.0
0.0
0.0
0.0
0.0
0.0
0.0
0.0
0.0
0.0
0.0
0.0
0.0
0.0
0.0
0.0
20.0
48.0
5.0
0.0
0.0
0.0
43.0
310.0
56.0
0.0
0.0
0.0
0.0
46.0
69.0
0.0
0.0
0.0
0.0
13.0
5.0
0.0
41.0
150.0
8.0
0.0
0.0
0.0
150.0
114.0
0.0
0.0
0.0
94.0
0.0
43.0
0.0
0.0
8.0
0.0
0.0
0.0
0.0
127.0
0.0
0.0
0.0
0.0
0.0
0.0
28.0
64.0
132.0
0.0
0.0
0.0
3.0
0.0
20.0
0.0
36.0
0.0
0.0
61.0
97.0
216.0
58.0
0.0
5.0
0.0
0.0
236.0
8.0
0.0
13.0
0.0
51.0
25.0
0.0
0.0
0.0
0.0
0.0
0.0
0.0
0.0
0.0
0.0
0.0
0.0
13.0
0.0
0.0
0.0
0.0
0.0
0.0
79.0
0.0
0.0
216.0
10.0
38.0
15.0
0.0
0.0
10.0
0.0
NaN
NaN
NaN
NaN
0.0
NaN
0.0
0.0
NaN
NaN
NaN
NaN
NaN
NaN
NaN
NaN
NaN
NaN
NaN
NaN
NaN
NaN
NaN
NaN
NaN
10.0
38.0
104.0
23.0
56.0
10.0
10.0
18.0
0.0
0.0
0.0
0.0
0.0
0.0
0.0
15.0
20.0
0.0
0.0
0.0
0.0
0.0
20.0
0.0
0.0
0.0
0.0
0.0
0.0
0.0
0.0
0.0
0.0
0.0
0.0
0.0
0.0
0.0
124.0
251.0
0.0
0.0
0.0
30.0
48.0
0.0
0.0
0.0
0.0
0.0
0.0
0.0
5.0
51.0
0.0
0.0
13.0
0.0
0.0
0.0
28.0
0.0
23.0
0.0
0.0
30.0
79.0
0.0
0.0
0.0
0.0
0.0
0.0
0.0
0.0
0.0
0.0
0.0
0.0
0.0
13.0
122.0
0.0
0.0
0.0
142.0
0.0
10.0
0.0
0.0
0.0
0.0
0.0
0.0
13.0
46.0
0.0
0.0
0.0
0.0
0.0
53.0
10.0
175.0
20.0
0.0
64.0
20.0
0.0
0.0
0.0
0.0
0.0
0.0
69.0
0.0
0.0
0.0
0.0
269.0
0.0
0.0
0.0
0.0
0.0
0.0
467.0
122.0
335.0
13.0
0.0
0.0
0.0
0.0
53.0
15.0
0.0
0.0
18.0
318.0
0.0
0.0
30.0
0.0
0.0
0.0
0.0
0.0
0.0
20.0
0.0
0.0
10.0
10.0
0.0
0.0
0.0
0.0
0.0
0.0
173.0
38.0
13.0
0.0
0.0
0.0
0.0
33.0
0.0
0.0
0.0
0.0
0.0
0.0
0.0
48.0
191.0
0.0
0.0
28.0
0.0
0.0
0.0
0.0
0.0
119.0
61.0
0.0
0.0
107.0
20.0
0.0
119.0
51.0
0.0
284.0
0.0
0.0
0.0
0.0
0.0
462.0
10.0
310.0
3.0
0.0
0.0
15.0
0.0
0.0
0.0
86.0
0.0
13.0
0.0
0.0
89.0
0.0
0.0
0.0
0.0
0.0
0.0
0.0
23.0
8.0
122.0
10.0
36.0
0.0
0.0
0.0
0.0
0.0
0.0
0.0
0.0
0.0
20.0
30.0
8.0
18.0
20.0
0.0
0.0
0.0
0.0
0.0
0.0
0.0
0.0
0.0
20.0
0.0
0.0
33.0
28.0
8.0
0.0
0.0
251.0
71.0
114.0
5.0
15.0
8.0
0.0
0.0
28.0
0.0
51.0
0.0
109.0
0.0
23.0
89.0
30.0
18.0
0.0
0.0
13.0
20.0
8.0
0.0
5.0
23.0
0.0
0.0
10.0
0.0
0.0
0.0
3.0
43.0
10.0
28.0
41.0
13.0
0.0
0.0
0.0
0.0
0.0
0.0
30.0
0.0
0.0
0.0
0.0
114.0
0.0
46.0
18.0
13.0
0.0
0.0
0.0
0.0
0.0
0.0
0.0
0.0
43.0
33.0
30.0
0.0
30.0
23.0
226.0
74.0
0.0
0.0
130.0
23.0
0.0
0.0
0.0
84.0
0.0
0.0
0.0
0.0
89.0
0.0
8.0
0.0
0.0
0.0
135.0
122.0
0.0
38.0
0.0
165.0
0.0
0.0
23.0
0.0
0.0
0.0
0.0
74.0
165.0
0.0
0.0
43.0
0.0
51.0
0.0
0.0
71.0
0.0
234.0
86.0
0.0
69.0
0.0
0.0
30.0
0.0
0.0
81.0
66.0
0.0
30.0
0.0
0.0
15.0
0.0
0.0
0.0
0.0
0.0
66.0
0.0
0.0
0.0
0.0
0.0
30.0
20.0
74.0
0.0
41.0
0.0
84.0
46.0
0.0
8.0
0.0
0.0
0.0
0.0
0.0
0.0
0.0
15.0
0.0
0.0
0.0
0.0
0.0
15.0
15.0
20.0
0.0
269.0
74.0
0.0
0.0
74.0
76.0
0.0
0.0
0.0
0.0
0.0
0.0
20.0
99.0
0.0
53.0
0.0
0.0
0.0
0.0
0.0
94.0
25.0
51.0
28.0
61.0
0.0
0.0
0.0
0.0
0.0
0.0
0.0
216.0
0.0
0.0
0.0
0.0
0.0
0.0
0.0
0.0
0.0
0.0
15.0
196.0
0.0
0.0
0.0
0.0
0.0
0.0
0.0
0.0
23.0
0.0
0.0
53.0
28.0
0.0
15.0
0.0
0.0
0.0
112.0
0.0
0.0
0.0
343.0
18.0
0.0
0.0
0.0
84.0
124.0
0.0
0.0
0.0
0.0
0.0
0.0
0.0
0.0
61.0
0.0
0.0
188.0
0.0
0.0
0.0
0.0
0.0
10.0
0.0
0.0
0.0
0.0
0.0
0.0
0.0
0.0
0.0
0.0
107.0
0.0
0.0
0.0
0.0
0.0
99.0
30.0
0.0
0.0
0.0
0.0
0.0
0.0
25.0
0.0
0.0
193.0
71.0
20.0
226.0
13.0
0.0
97.0
15.0
0.0
0.0
0.0
0.0
0.0
0.0
0.0
0.0
0.0
0.0
0.0
147.0
8.0
0.0
0.0
0.0
0.0
0.0
15.0
0.0
130.0
0.0
0.0
10.0
0.0
340.0
0.0
140.0
0.0
0.0
81.0
15.0
175.0
447.0
18.0
13.0
0.0
58.0
0.0
15.0
0.0
0.0
0.0
0.0
18.0
0.0
0.0
0.0
8.0
0.0
64.0
145.0
15.0
94.0
0.0
0.0
0.0
23.0
48.0
33.0
28.0
0.0
185.0
0.0
0.0
0.0
0.0
0.0
0.0
94.0
58.0
76.0
137.0
0.0
10.0
0.0
0.0
0.0
10.0
0.0
10.0
64.0
30.0
0.0
41.0
28.0
0.0
0.0
0.0
0.0
0.0
0.0
0.0
89.0
112.0
0.0
0.0
0.0
0.0
185.0
157.0
0.0
0.0
0.0
0.0
0.0
0.0
0.0
0.0
0.0
0.0
0.0
0.0
10.0
13.0
140.0
69.0
30.0
18.0
0.0
0.0
99.0
15.0
0.0
0.0
0.0
0.0
20.0
0.0
0.0
0.0
218.0
0.0
36.0
86.0
0.0
0.0
84.0
13.0
10.0
15.0
0.0
0.0
0.0
28.0
33.0
89.0
0.0
0.0
0.0
0.0
0.0
0.0
0.0
0.0
122.0
41.0
0.0
0.0
66.0
114.0
0.0
0.0
0.0
13.0
0.0
10.0
10.0
8.0
36.0
0.0
66.0
15.0
0.0
0.0
191.0
13.0
0.0
0.0
51.0
0.0
64.0
64.0
0.0
0.0
0.0
0.0
0.0
0.0
0.0
0.0
0.0
0.0
0.0
0.0
132.0
8.0
0.0
0.0
0.0
64.0
0.0
61.0
137.0
0.0
0.0
36.0
0.0
0.0
157.0
0.0
0.0
0.0
61.0
0.0
13.0
0.0
0.0
30.0
0.0
0.0
28.0
0.0
8.0
117.0
86.0
99.0
58.0
0.0
0.0
0.0
61.0
0.0
0.0
109.0
20.0
20.0
0.0
0.0
0.0
173.0
0.0
0.0
0.0
0.0
0.0
18.0
150.0
203.0
145.0
117.0
10.0
15.0
25.0
5.0
0.0
0.0
28.0
0.0
180.0
0.0
23.0
112.0
10.0
0.0
0.0
0.0
0.0
8.0
15.0
119.0
5.0
0.0
66.0
0.0
15.0
0.0
0.0
0.0
0.0
0.0
0.0
28.0
0.0
107.0
175.0
48.0
437.0
38.0
0.0
0.0
0.0
0.0
0.0
89.0
0.0
0.0
0.0
0.0
41.0
0.0
0.0
NaN
NaN
NaN
NaN
NaN
NaN
NaN
NaN
137.0
0.0
0.0
0.0
10.0
0.0
0.0
0.0
102.0
246.0
0.0
0.0
0.0
36.0
0.0
0.0
0.0
168.0
0.0
0.0
0.0
89.0
0.0
0.0
81.0
132.0
0.0
0.0
0.0
66.0
0.0
157.0
0.0
0.0
0.0
0.0
259.0
0.0
0.0
0.0
0.0
0.0
0.0
13.0
0.0
0.0
0.0
0.0
0.0
0.0
0.0
231.0
0.0
0.0
0.0
0.0
0.0
0.0
0.0
0.0
0.0
0.0
0.0
0.0
0.0
0.0
53.0
0.0
0.0
0.0
79.0
0.0
84.0
0.0
0.0
15.0
0.0
0.0
0.0
46.0
0.0
0.0
58.0
0.0
15.0
201.0
0.0
0.0
28.0
0.0
0.0
0.0
0.0
0.0
0.0
0.0
0.0
0.0
46.0
0.0
0.0
0.0
71.0
10.0
0.0
117.0
61.0
0.0
0.0
25.0
0.0
0.0
0.0
0.0
140.0
36.0
13.0
25.0
0.0
0.0
0.0
0.0
104.0
117.0
0.0
0.0
0.0
0.0
0.0
160.0
25.0
0.0
0.0
0.0
0.0
15.0
0.0
0.0
0.0
0.0
0.0
28.0
89.0
0.0
51.0
0.0
0.0
0.0
0.0
0.0
25.0
18.0
0.0
0.0
10.0
0.0
0.0
0.0
0.0
53.0
0.0
0.0
28.0
0.0
84.0
0.0
0.0
0.0
0.0
0.0
23.0
0.0
0.0
0.0
0.0
0.0
0.0
33.0
23.0
8.0
0.0
0.0
23.0
0.0
0.0
0.0
0.0
0.0
0.0
0.0
0.0
0.0
0.0
0.0
0.0
0.0
0.0
0.0
0.0
0.0
8.0
48.0
0.0
0.0
0.0
0.0
0.0
0.0
0.0
38.0
0.0
0.0
0.0
0.0
0.0
5.0
10.0
0.0
0.0
0.0
0.0
84.0
0.0
36.0
107.0
0.0
0.0
0.0
107.0
38.0
48.0
112.0
0.0
0.0
0.0
3.0
0.0
0.0
71.0
15.0
86.0
0.0
135.0
0.0
0.0
15.0
0.0
137.0
25.0
0.0
0.0
0.0
8.0
0.0
0.0
48.0
18.0
122.0
8.0
0.0
0.0
0.0
0.0
0.0
0.0
33.0
56.0
28.0
0.0
0.0
0.0
0.0
0.0
0.0
86.0
15.0
0.0
58.0
8.0
0.0
41.0
168.0
20.0
10.0
0.0
0.0
8.0
46.0
15.0
104.0
71.0
0.0
28.0
76.0
0.0
61.0
0.0
541.0
0.0
0.0
0.0
28.0
0.0
0.0
8.0
0.0
0.0
0.0
69.0
64.0
0.0
107.0
10.0
0.0
0.0
0.0
51.0
23.0
0.0
58.0
0.0
0.0
0.0
0.0
0.0
71.0
8.0
