22.8
16.7
19.4
23.9
30.6
25.0
16.7
17.2
25.0
20.6
22.2
25.0
20.0
17.2
19.4
19.4
20.0
18.3
20.6
22.8
22.2
20.0
17.8
21.1
16.1
15.6
16.1
14.4
12.8
19.4
23.3
21.1
22.2
21.7
22.2
13.3
11.1
12.8
16.1
15.0
20.6
22.8
12.2
15.0
21.7
14.4
17.8
20.6
20.6
17.8
17.2
14.4
17.8
21.1
19.4
22.2
23.3
18.3
16.1
21.1
17.2
15.6
12.8
12.2
11.7
10.0
11.1
13.9
11.1
17.8
20.0
25.0
16.1
13.9
17.8
15.6
12.8
12.8
13.3
12.8
7.8
8.3
8.9
13.9
6.1
7.8
16.7
11.7
13.9
17.2
20.0
12.8
11.1
4.4
10.6
12.8
14.4
13.3
7.2
6.7
6.7
5.6
4.4
3.3
2.8
3.3
7.8
5.0
8.9
10.0
10.0
11.7
9.4
3.9
5.6
12.8
7.2
5.6
2.8
3.9
5.0
5.0
4.4
5.0
3.9
-0.6
-1.1
0.6
0.6
2.2
1.7
-1.7
2.2
1.7
-0.6
0.6
-2.2
-5.6
-7.2
-9.4
-6.1
3.3
7.2
-8.3
-3.9
-3.9
-6.7
-6.7
-6.1
-8.9
-2.2
4.4
0.6
-13.3
-11.7
-7.8
-11.7
-21.7
-21.7
-12.2
-10.0
-11.1
-12.2
-20.0
-20.0
-19.4
-9.4
-9.4
-11.1
-6.7
-6.1
-6.1
-6.7
-8.9
-15.6
-28.9
-25.0
-21.7
-20.6
-27.2
-25.0
-23.3
-23.9
-23.3
-22.2
-23.9
-16.7
-8.3
-10.6
-26.1
-27.2
-27.2
-27.8
-31.1
-21.1
-20.0
-13.9
-12.8
-16.7
-25.6
-24.4
-26.7
-30.0
-27.2
-30.6
-26.1
-25.0
-28.3
-26.7
-32.2
-29.4
-30.0
-30.6
-25.6
-32.8
-29.4
-31.7
-18.9
-18.3
-18.3
-18.3
-8.3
-11.7
-10.6
-12.8
-12.2
-7.2
-7.2
-2.2
-9.4
-11.7
-8.9
-7.2
-6.7
-6.1
-10.0
-5.0
-5.0
-3.3
-2.8
-3.9
-3.9
-2.2
-6.7
-1.7
-5.0
-2.2
-5.0
-5.0
-2.2
-2.8
-0.6
5.0
-2.8
-4.4
2.8
-3.9
-3.3
-5.0
-5.0
-2.8
-2.8
5.0
5.0
7.2
0.0
1.7
0.6
0.6
-17.2
-16.7
-10.6
-3.9
-5.0
-3.3
-0.6
-2.2
9.4
5.6
9.4
5.6
9.4
13.9
16.1
15.6
15.0
19.4
8.3
6.1
10.6
10.0
11.7
13.3
12.8
12.8
19.4
11.1
13.9
9.4
3.9
8.3
13.9
14.4
15.6
18.9
6.7
12.8
8.9
15.6
14.4
14.4
11.7
11.1
11.1
14.4
17.2
20.0
10.0
8.3
14.4
17.8
7.8
7.8
11.7
13.9
18.3
14.4
21.1
20.0
14.4
8.3
7.8
13.3
12.8
17.2
21.1
25.6
17.8
16.1
18.9
18.3
22.8
26.7
17.8
20.6
7.8
13.3
16.1
22.8
21.7
16.7
25.0
15.0
11.7
16.1
21.1
16.7
14.4
13.3
18.3
21.7
20.6
17.8
18.9
18.3
21.7
25.0
21.7
18.9
20.6
21.1
16.1
16.7
22.8
30.6
25.0
23.3
21.7
20.6
16.1
20.0
18.9
21.7
20.6
25.0
20.0
23.3
22.8
22.2
21.1
20.6
20.0
16.7
18.3
23.9
28.9
24.4
25.0
24.4
25.6
21.1
24.4
29.4
27.2
28.3
26.7
24.4
21.7
20.0
22.2
25.0
20.6
16.7
20.6
23.9
22.8
23.9
20.0
19.4
20.0
23.9
17.8
15.6
16.7
16.1
16.7
16.7
21.1
17.2
12.2
12.2
9.4
7.2
14.4
20.0
17.2
20.0
22.8
22.2
13.3
5.0
4.4
7.2
11.1
17.8
13.3
9.4
10.0
7.8
8.9
6.7
7.2
7.2
9.4
6.7
6.7
4.4
5.0
6.7
7.2
5.6
7.2
8.9
8.9
11.7
6.7
2.2
3.3
7.2
9.4
5.0
5.0
7.2
11.1
0.6
-0.6
-1.7
-2.8
-2.2
-1.7
-3.3
-4.4
0.6
3.9
1.7
-1.7
7.2
3.3
5.6
8.3
10.6
7.8
1.7
1.1
2.2
2.8
7.2
3.9
-2.8
-9.4
-11.1
-2.2
-7.8
-15.0
-13.3
-13.9
-17.8
-12.8
-8.9
-12.2
-1.1
-1.1
-11.1
-0.6
6.7
0.6
9.4
8.9
8.3
1.1
0.6
-2.2
-0.6
-6.1
-13.9
-9.4
-7.2
-7.2
-7.2
-7.2
-7.2
-5.6
-4.4
-5.0
-5.6
-11.7
-12.8
-15.0
-16.7
-13.9
-12.2
-12.8
-11.1
-12.2
-13.9
-10.6
0.6
-9.4
-12.8
-11.1
-10.6
-10.0
-15.0
-18.3
-20.0
-25.6
-22.2
-14.4
-15.0
-23.9
-30.0
-28.9
-31.1
-29.4
-30.0
-27.2
-27.8
-21.7
-13.3
-13.3
-9.4
-6.1
-12.2
-15.0
-7.2
-11.1
-8.3
0.0
0.6
-22.2
-26.7
-25.0
-13.9
-13.9
0.0
-0.6
0.6
3.9
1.1
-7.2
-5.6
-20.6
-16.1
-19.4
-14.4
-14.4
-25.6
-16.7
-11.1
8.9
5.6
8.3
3.3
-7.2
1.7
-2.8
-5.0
-12.8
-10.0
-12.8
-12.2
-15.0
-16.7
-16.7
-16.1
-11.7
-8.3
-9.4
-8.9
-3.9
-1.1
2.8
5.6
4.4
2.2
-4.4
7.8
3.3
-3.9
4.4
1.1
1.7
-6.1
-13.3
-7.2
-3.3
-3.3
-7.2
-1.1
1.7
0.6
0.0
8.9
2.2
11.1
1.7
8.3
11.7
5.6
5.6
7.2
8.9
11.7
10.6
12.8
11.7
10.6
11.1
10.6
8.9
10.0
16.1
15.0
10.0
4.4
3.3
8.3
8.3
8.9
15.0
13.3
10.6
7.2
18.9
16.7
16.7
17.2
17.8
12.2
11.1
11.7
12.2
16.7
18.9
21.1
13.9
6.7
15.0
14.4
16.7
18.9
20.6
8.3
10.6
13.9
13.9
13.3
17.8
16.1
20.0
25.6
30.6
30.6
33.9
23.3
16.7
19.4
13.3
13.9
7.8
14.4
22.2
21.1
21.7
22.8
18.9
16.1
23.9
22.8
25.0
28.3
21.7
23.3
21.7
21.7
23.9
22.2
18.3
16.7
15.0
14.4
15.6
25.6
27.2
25.6
24.4
26.7
23.9
22.2
23.9
21.7
23.9
23.9
26.7
27.8
23.3
23.3
23.9
25.0
22.8
25.0
23.3
22.2
23.3
18.3
20.6
18.9
17.8
15.0
16.7
22.8
18.3
21.1
27.2
25.0
30.0
30.0
31.1
22.2
21.7
23.3
22.8
22.2
21.1
18.3
21.1
25.0
17.2
15.6
17.2
21.1
20.0
22.8
22.8
17.2
13.9
16.7
15.6
16.7
15.6
20.6
26.1
22.8
15.6
15.6
21.7
18.9
15.6
15.0
10.0
12.2
7.8
5.0
4.4
11.1
13.3
20.6
15.6
12.8
12.8
20.0
13.3
10.0
11.7
8.9
7.8
5.6
12.8
17.8
21.1
26.1
22.8
13.9
10.0
15.6
10.0
6.7
-0.6
-2.2
0.6
1.7
0.6
2.2
2.8
3.3
9.4
15.6
15.6
5.0
8.9
12.8
9.4
7.8
6.7
10.6
10.6
5.6
5.6
1.7
3.3
2.8
2.2
3.9
1.1
3.3
3.3
3.9
2.2
-2.8
-4.4
-3.9
-3.3
-5.6
-4.4
-3.3
0.0
1.7
3.3
0.6
-1.1
-10.0
-9.4
-12.8
-16.1
-12.8
-10.6
-11.1
-12.8
-22.2
-24.4
-20.6
-12.8
-16.7
-20.6
-21.1
-20.0
-20.0
-23.3
-19.4
-16.7
-17.2
-16.1
-13.3
-13.3
-13.9
-20.0
-19.4
-20.6
-18.9
-17.8
-20.0
-24.4
-28.3
-24.4
-21.7
-16.7
-12.2
2.2
-10.0
-15.6
-18.3
-17.2
-15.0
-13.3
-12.2
-15.0
-20.6
-20.6
-12.8
-10.0
-8.3
-10.0
-22.8
-31.1
-28.9
-28.9
-27.2
-30.6
-27.2
-23.9
-22.2
-16.7
-4.4
-3.9
-7.8
-18.3
-27.8
-28.3
-25.6
-24.4
-23.3
-26.1
-27.2
-27.8
-21.7
-21.1
-13.9
-17.2
-18.9
-20.6
-22.8
-16.1
-1.1
-1.7
-9.4
-15.6
0.0
3.9
3.3
1.1
-6.7
-12.2
-6.7
-7.2
4.4
0.6
2.8
7.8
4.4
-3.3
-9.4
-6.7
-5.6
-8.9
-2.8
1.7
-8.9
-18.3
-4.4
-3.3
-3.3
3.3
5.6
0.6
0.0
0.0
-0.6
-1.7
0.0
2.2
0.0
-1.1
-9.4
-11.1
-11.1
-5.0
-10.0
-12.2
-4.4
-4.4
-2.8
-5.6
-6.1
-5.0
1.7
0.0
0.6
8.3
11.1
12.8
11.1
6.7
9.4
0.0
-8.3
4.4
13.3
17.2
10.0
8.9
10.0
12.2
14.4
13.3
15.6
16.1
19.4
10.6
8.9
6.7
7.8
10.0
11.7
14.4
17.8
16.1
18.9
22.8
15.0
11.1
21.1
18.3
5.6
12.8
26.1
26.1
29.4
15.6
16.7
16.7
12.8
16.1
18.9
16.1
14.4
18.9
21.1
24.4
25.0
22.8
20.0
17.2
19.4
22.2
23.9
23.3
27.2
28.3
28.9
17.8
16.7
15.6
20.6
16.1
18.3
23.9
23.9
23.3
21.7
16.1
16.7
18.9
21.1
21.1
24.4
24.4
20.0
18.3
12.8
13.3
16.1
15.6
20.0
23.3
22.8
21.1
22.2
17.2
21.1
20.6
15.6
16.7
16.7
19.4
20.6
17.2
23.3
17.8
25.6
25.6
23.3
24.4
21.7
26.1
22.2
22.8
20.6
20.6
18.9
20.6
21.1
18.9
21.7
25.6
22.2
20.6
25.0
25.6
28.9
27.2
29.4
30.6
27.8
23.9
21.1
22.8
25.0
13.9
16.1
21.1
21.1
21.7
18.9
21.1
22.2
25.6
28.3
27.8
18.3
23.9
21.1
20.0
19.4
21.7
21.1
26.1
22.8
21.1
21.7
21.7
23.9
23.9
18.9
19.4
20.0
18.3
20.0
16.1
18.3
15.0
8.9
10.6
10.0
12.8
17.2
8.9
5.6
12.2
16.1
12.8
12.8
9.4
6.1
7.2
8.9
6.1
3.9
11.1
15.6
18.9
15.6
15.0
20.0
10.0
14.4
18.3
11.1
15.0
11.7
11.7
3.3
1.7
2.8
4.4
6.7
8.3
10.0
10.0
8.9
7.8
7.8
6.7
0.0
-4.4
-6.1
-2.2
3.3
0.0
-0.6
-0.6
-5.0
-5.0
-9.4
-14.4
-8.9
1.1
-2.8
-0.6
-4.4
-2.2
0.0
1.7
1.1
-2.8
-2.8
-0.6
0.6
-7.2
0.0
1.7
-8.9
-13.9
-11.7
-17.2
-17.8
-11.1
-7.8
-5.0
-5.6
-3.3
-6.7
-11.1
-16.7
-19.4
-17.8
-16.7
-18.3
-20.0
-25.6
-21.1
-17.8
-17.8
-22.8
-23.3
-11.1
-16.7
-7.8
-16.1
-27.8
-26.1
-26.7
-26.7
-31.1
-15.0
-8.9
-5.6
-7.2
-1.7
-1.1
-6.1
-15.0
-18.9
-16.1
-8.9
-10.0
-21.7
-15.0
-10.0
-18.3
-27.2
-28.9
-33.3
-31.1
-12.2
-10.6
-19.4
-27.8
-26.7
-28.3
-25.0
-26.1
-28.3
-37.2
-35.6
-21.7
-18.3
-20.6
-12.8
-7.8
-7.8
-9.4
-13.9
-22.8
-26.1
-27.8
-27.2
-20.0
-15.0
-8.9
0.0
0.0
-5.0
-11.1
-17.2
-17.8
-17.2
-17.8
-23.9
-19.4
-18.9
-18.9
-21.1
-12.8
-11.1
-16.1
-23.3
-18.9
-21.1
-25.6
-21.7
-18.9
-16.7
-12.8
-11.1
-12.8
-15.0
-17.2
-13.9
-6.1
-2.2
8.9
11.1
11.7
7.8
-1.1
7.8
0.0
-1.1
-0.6
5.0
3.3
1.1
-1.7
-0.6
1.7
2.8
2.2
1.7
6.1
2.8
7.8
-11.7
-13.3
-9.4
1.7
-3.9
-1.1
-2.8
0.0
3.3
4.4
1.7
6.1
7.2
5.0
1.7
1.7
0.6
10.6
8.9
5.6
2.2
1.1
7.8
11.7
13.3
16.7
20.0
20.0
7.2
11.1
14.4
12.8
6.1
12.8
8.3
13.9
20.0
21.7
21.7
20.6
11.7
21.7
19.4
14.4
7.2
12.2
11.7
17.2
30.0
27.2
25.0
13.3
16.7
18.9
17.8
21.7
24.4
23.9
28.3
19.4
NaN
NaN
NaN
NaN
19.4
19.4
17.8
20.6
20.0
18.3
16.1
21.7
21.7
21.7
22.8
18.3
15.0
15.6
17.8
21.7
21.7
16.7
21.1
22.2
22.2
18.3
22.2
24.4
22.2
16.1
20.6
17.8
21.1
18.3
14.4
15.6
23.3
20.0
25.6
24.4
19.4
18.9
18.9
21.1
23.9
26.7
26.7
28.3
30.0
26.7
20.6
25.0
26.7
28.9
28.9
28.9
26.7
22.2
22.8
21.1
12.8
16.1
18.3
20.0
14.4
7.8
6.7
9.4
8.3
13.3
11.1
12.8
11.7
10.6
15.6
15.6
10.0
7.8
7.2
10.6
6.7
1.7
0.0
0.6
-2.2
-0.6
-0.6
1.1
2.8
2.2
7.8
7.2
12.8
15.0
12.8
8.9
8.3
15.0
7.8
4.4
3.9
-1.1
1.1
10.0
6.1
10.6
6.1
0.0
-4.4
2.2
11.7
6.1
2.2
2.2
3.3
11.1
5.6
-3.3
-5.6
-4.4
-5.6
0.0
0.0
-3.3
-4.4
-2.2
-3.3
-6.7
-12.2
-7.8
-4.4
-3.9
-5.6
-6.7
-6.1
-5.0
-4.4
-3.3
-6.7
-3.3
-3.9
-6.1
-3.9
-1.7
4.4
3.3
-1.1
-1.1
-3.3
-11.7
-11.1
-8.9
-18.3
-21.1
-20.6
-21.1
-22.2
-26.1
-26.7
-25.6
-25.6
-11.1
-7.8
-10.0
-17.2
-17.8
-13.9
-15.6
-13.9
-15.6
-15.6
-17.8
-16.7
-17.8
-19.4
-24.4
-19.4
-8.3
-7.8
-9.4
-9.4
-9.4
-8.3
-11.1
-8.9
-10.0
-21.1
-31.7
-29.4
-31.7
-25.0
-21.1
-8.9
-5.6
-5.0
-6.7
-5.6
-5.0
-14.4
-17.8
-16.1
-10.0
-7.8
-4.4
0.6
2.2
7.8
6.7
-2.8
-8.3
-17.2
-10.6
-6.1
-3.9
-1.7
3.3
-1.1
-5.6
-14.4
-20.0
-11.1
-12.8
-11.7
-14.4
-12.8
-19.4
-22.8
-27.2
-25.6
-15.0
3.3
7.2
3.9
-5.6
-3.9
8.3
1.7
-9.4
-11.7
-21.1
-19.4
-15.0
-12.8
6.1
12.2
8.9
7.2
1.7
-1.1
-1.1
2.8
9.4
15.0
11.7
10.0
0.0
-1.1
7.2
9.4
11.1
8.3
9.4
2.2
0.6
1.7
1.7
2.2
4.4
8.9
8.3
7.2
8.3
9.4
15.0
14.4
18.3
23.9
23.9
23.3
22.2
16.7
20.6
22.8
22.2
17.8
20.6
22.8
25.6
20.6
17.8
20.0
27.2
28.3
29.4
27.8
28.3
25.0
25.0
23.9
22.2
22.8
25.6
26.7
29.4
29.4
22.8
18.3
23.9
25.0
20.6
20.6
22.8
26.7
24.4
25.0
25.6
25.0
25.6
25.6
20.6
24.4
16.7
17.2
17.8
21.7
21.7
23.3
18.9
18.9
21.7
21.1
17.2
16.7
13.3
14.4
16.7
20.0
19.4
17.8
16.1
21.1
22.2
17.8
18.3
17.8
15.6
13.9
6.1
10.0
13.9
15.0
12.8
13.9
12.8
12.8
14.4
13.9
12.8
12.8
13.3
12.2
13.9
16.7
15.6
12.2
NaN
-11.1
-10.6
-18.9
-15.0
NaN
-17.2
-25.6
-27.8
-25.6
-24.4
-24.4
NaN
-28.9
-25.0
-25.0
NaN
-6.7
-0.6
-6.1
-11.7
-23.3
-23.9
-19.4
-19.4
-17.2
-23.3
-30.0
-28.3
-27.8
-25.0
-25.6
-21.7
-20.0
-18.9
-13.3
-11.1
-2.8
-2.8
-8.9
3.9
-6.1
-23.3
-23.3
-15.6
1.7
5.6
-1.1
-9.4
-6.7
-7.2
-5.6
-4.4
-2.8
-2.2
-5.0
-10.6
-12.2
-7.8
-8.3
-16.1
-10.0
-1.7
-13.3
-19.4
-14.4
-10.0
-5.6
-5.0
-6.1
-6.1
-5.0
-7.8
-13.9
-10.0
-7.8
-7.2
-4.4
-8.9
-14.4
-21.1
-14.4
-6.7
-12.2
-9.4
-5.0
-4.4
-3.3
4.4
3.9
6.1
3.9
-1.1
-5.0
-0.6
-2.2
6.1
9.4
3.9
11.7
8.9
7.8
8.9
10.6
16.7
9.4
12.2
13.9
12.2
7.8
5.0
13.9
15.0
16.7
22.8
8.9
7.8
13.9
8.9
0.0
2.2
0.6
3.9
5.6
14.4
13.3
12.8
9.4
8.3
10.6
10.6
10.0
11.1
12.2
10.0
5.0
8.3
10.6
7.8
14.4
14.4
15.6
16.1
13.9
21.7
16.1
9.4
6.7
3.3
10.6
17.8
15.0
15.0
19.4
17.2
15.6
15.0
12.8
16.1
15.0
15.6
20.0
23.3
16.7
17.8
23.3
25.6
23.3
24.4
23.3
22.2
23.9
26.1
28.9
25.6
23.9
21.1
17.2
14.4
19.4
21.7
16.1
18.3
21.7
17.8
20.6
18.3
22.2
20.6
25.6
25.6
23.3
17.2
18.3
17.8
23.9
21.7
20.6
25.6
30.6
21.7
23.9
25.0
24.4
23.3
18.9
16.1
16.7
20.6
23.3
18.3
18.9
22.2
25.0
25.6
28.3
29.4
20.0
22.8
23.9
21.7
20.0
18.3
13.9
17.2
20.0
21.1
16.1
15.0
14.4
11.1
15.6
17.8
13.9
17.2
19.4
13.3
13.9
13.9
16.1
15.0
11.7
10.6
14.4
19.4
23.9
13.9
8.3
5.6
7.8
5.6
8.3
7.2
8.9
15.6
18.3
16.7
17.8
13.9
19.4
13.3
11.1
7.2
11.1
17.8
14.4
15.0
15.0
8.3
0.6
-1.7
-2.2
-2.2
5.0
11.7
6.7
-2.2
0.6
4.4
9.4
12.2
20.6
8.9
4.4
13.3
5.6
2.8
9.4
14.4
11.7
12.2
7.8
13.3
6.1
10.6
15.6
12.8
12.2
12.8
12.2
6.7
7.2
4.4
2.2
3.9
1.1
8.3
14.4
11.7
7.8
5.6
2.8
1.7
2.8
-0.6
-1.7
-1.7
-1.1
3.9
7.2
0.6
-7.8
-7.8
-5.6
-6.1
-8.9
-10.6
-6.7
-2.2
-5.0
-13.3
-6.1
-1.7
-2.8
-3.3
-4.4
-0.6
-3.9
-1.7
-10.6
-8.3
5.0
4.4
-3.9
-9.4
-10.0
-9.4
-6.1
-5.0
-3.9
-1.1
-11.1
-6.1
-10.6
-12.2
-8.3
-10.6
-1.1
4.4
-2.8
-2.8
-7.8
-2.8
-0.6
-3.9
1.7
-1.1
-1.7
-6.1
-10.0
-9.4
-18.9
-22.8
-22.8
-26.7
-26.1
-20.0
-15.0
-18.3
-25.0
-17.8
-17.2
-18.3
-10.6
-4.4
-6.1
-6.7
-3.9
-7.8
-16.1
-14.4
-11.1
-20.0
-17.2
-14.4
-25.0
-26.1
-26.7
-24.4
-22.8
-13.9
-13.9
-20.6
-20.6
-20.6
-20.6
-23.3
-25.6
-19.4
-20.0
-10.6
0.0
-3.3
3.9
7.8
1.1
-1.7
-0.6
11.1
5.6
-2.2
-2.2
-10.0
-10.6
-6.1
-2.2
-3.9
-5.0
-5.0
-7.8
-15.6
-10.0
-10.6
-5.6
-8.9
-1.7
1.1
3.3
3.9
2.8
-4.4
-9.4
-5.6
-2.2
-2.2
-3.9
-6.7
-7.8
-7.2
-4.4
-3.3
-3.3
-7.8
-10.0
-10.0
-10.0
-3.9
-4.4
-3.9
-4.4
-1.7
-0.6
5.6
7.2
10.6
8.3
15.6
11.1
3.9
6.7
6.7
6.1
6.1
9.4
8.3
7.2
6.7
15.0
7.2
10.0
17.2
4.4
2.8
12.2
5.0
6.7
7.2
5.6
6.7
13.3
12.2
17.8
23.9
22.8
17.8
22.2
23.3
12.2
17.8
8.9
6.1
15.0
14.4
12.8
11.7
15.6
18.9
14.4
10.0
7.8
10.6
10.6
12.8
15.6
18.3
18.9
18.3
15.0
17.8
14.4
15.0
20.6
20.6
13.9
18.9
23.3
21.1
17.8
15.0
16.7
16.1
14.4
16.7
17.2
17.8
15.0
24.4
23.9
23.9
21.7
27.8
20.6
18.3
18.9
15.0
21.7
25.0
27.2
32.2
28.9
29.4
31.7
17.8
25.0
21.7
26.1
30.6
33.9
30.0
22.8
17.2
16.1
21.1
21.7
21.7
22.8
20.6
19.4
23.3
23.3
23.9
22.8
20.6
21.1
18.9
18.9
21.7
18.9
19.4
18.3
20.0
23.9
23.3
23.3
17.2
20.6
20.0
19.4
19.4
13.3
17.2
13.9
17.2
17.2
16.7
13.3
16.7
18.3
16.7
14.4
16.7
11.7
13.9
20.6
24.4
19.4
12.8
13.3
15.6
18.9
12.8
15.0
11.7
12.8
15.0
17.2
12.2
8.9
11.7
16.1
22.8
11.7
16.7
12.2
10.6
10.0
11.7
18.9
20.6
18.3
22.8
22.8
14.4
12.8
13.9
11.7
8.9
11.1
21.1
17.2
18.3
16.1
11.7
6.7
2.8
1.1
2.8
2.8
5.0
5.6
7.2
13.3
8.3
11.7
11.7
12.2
8.9
8.3
6.1
4.4
2.8
2.2
0.6
1.7
-3.3
-0.6
0.6
2.2
4.4
4.4
1.1
10.0
7.8
6.7
2.2
0.6
2.8
1.1
0.0
1.7
0.0
2.8
5.6
5.6
5.0
1.1
-3.9
-8.9
-8.3
-10.6
-16.1
-17.2
-11.1
-8.3
-10.6
-11.7
-11.7
-17.8
-16.1
-16.1
-18.9
-14.4
-16.7
-22.2
-11.1
-5.6
2.8
-1.1
-24.4
-28.9
-23.3
-22.8
-20.0
-20.0
-28.3
-14.4
0.6
3.3
3.3
-0.6
-9.4
-10.0
-5.0
1.1
-1.1
1.1
1.7
-2.2
-7.8
-10.0
-15.6
-17.8
-22.2
-19.4
-27.2
-31.7
-26.7
-24.4
-18.3
-11.1
-11.1
-12.2
-21.1
-15.6
-16.7
-2.2
2.8
3.9
5.0
2.8
-4.4
1.1
-4.4
-14.4
-21.7
-12.2
4.4
-8.3
-5.6
2.2
6.1
3.3
-6.7
-16.7
-17.2
-8.3
2.8
2.2
7.8
5.6
-21.1
-12.8
-16.7
-12.8
-12.8
-6.7
-6.7
-7.2
-7.2
-10.6
-15.0
-8.3
4.4
7.2
0.0
-7.2
-17.8
-17.8
-18.3
-11.1
-17.2
-14.4
-16.1
-15.6
-2.8
-5.6
-9.4
-11.1
-5.0
-9.4
-2.2
-1.7
-4.4
-4.4
-5.6
3.3
6.7
5.6
-5.0
-12.2
1.7
-7.8
0.0
7.2
3.3
6.7
5.6
5.6
6.1
10.0
8.3
6.1
10.6
11.7
15.6
12.8
13.3
18.3
18.3
6.1
9.4
17.8
12.2
11.7
7.2
5.0
2.8
1.1
6.1
11.7
7.2
11.1
10.6
12.2
15.6
13.9
12.8
17.8
20.6
12.2
12.2
4.4
11.7
21.7
6.7
6.7
17.2
16.7
13.3
16.1
21.7
21.7
16.7
16.7
15.6
16.1
20.6
20.6
10.0
9.4
16.7
11.1
17.8
25.0
22.8
22.8
18.9
23.3
22.2
14.4
16.1
23.9
21.1
19.4
20.0
15.0
19.4
15.6
20.0
23.9
23.9
21.7
19.4
18.9
16.1
19.4
17.2
15.6
23.9
26.7
24.4
15.6
17.2
18.3
15.6
13.9
16.7
18.3
15.0
23.3
25.6
26.1
27.2
24.4
26.7
26.1
24.4
26.1
27.8
23.3
18.9
16.1
23.3
18.9
15.6
17.8
21.1
26.7
24.4
23.3
22.2
21.7
22.8
22.2
24.4
21.7
23.3
24.4
17.8
20.6
19.4
20.6
22.2
25.0
25.0
24.4
20.6
23.9
26.1
22.2
19.4
28.3
27.8
22.8
24.4
23.9
27.8
27.2
26.1
16.1
18.9
21.1
17.8
20.0
22.2
20.0
20.0
21.7
17.2
15.6
16.1
20.0
18.9
13.9
13.3
15.6
18.3
22.2
20.6
15.6
11.7
15.0
20.6
17.8
11.1
10.0
13.3
20.6
20.0
23.9
23.3
16.7
18.9
17.2
16.7
10.6
15.0
15.0
12.8
15.6
23.9
21.1
21.1
17.2
13.3
9.4
6.7
-2.2
-1.7
2.8
14.4
15.6
16.1
16.1
14.4
11.7
9.4
5.0
0.0
3.3
6.7
7.2
6.1
2.8
-1.1
-4.4
-4.4
-1.1
-1.1
4.4
10.6
11.1
4.4
2.8
2.8
7.2
1.7
5.6
13.3
5.0
-3.9
5.6
6.1
-0.6
-2.2
-1.1
0.6
1.7
2.2
0.6
5.6
3.9
2.8
2.8
1.7
-10.0
-7.2
1.1
0.6
-5.0
-11.1
-15.0
-16.1
-12.2
-5.6
-6.1
2.2
-1.1
-10.6
-23.3
-23.3
-25.0
-25.0
-21.7
-18.9
-21.1
-16.7
2.8
2.8
-2.2
2.2
-0.6
-6.7
-12.2
-10.0
-7.8
-12.2
-4.4
-13.3
-18.3
-15.0
-21.7
-26.1
-15.0
-8.3
-8.3
-2.5
-15.1
-15.0
-13.0
-14.0
-12.4
-12.5
-18.0
-23.2
-27.0
-27.3
-30.2
-27.4
-24.5
-24.0
-20.0
-13.7
3.0
3.0
-5.7
-2.0
0.5
-1.0
-4.4
-5.0
-13.0
-27.0
-24.0
-19.0
-12.6
-10.0
-6.5
-1.7
2.6
-12.7
-11.2
5.0
6.9
5.9
5.2
4.4
-0.2
-0.5
-9.8
-4.0
5.8
3.7
-0.2
-1.0
0.0
9.7
-1.8
0.6
3.9
1.4
0.0
-0.8
1.4
4.8
5.8
5.2
2.6
5.1
7.6
6.8
5.6
3.4
2.6
2.1
4.4
6.2
4.9
3.1
-8.0
-1.8
1.8
-1.0
-9.7
-1.8
-14.5
-13.0
-8.6
-8.4
-4.8
1.8
1.2
-2.2
4.4
5.1
1.3
-3.9
-6.8
-3.6
2.4
2.9
7.0
12.2
20.3
19.1
14.0
12.6
13.7
18.7
18.5
9.6
13.7
6.3
10.7
8.8
6.2
8.5
11.5
16.7
24.2
27.6
19.2
8.4
17.8
14.6
8.1
13.2
21.4
17.8
17.5
14.0
15.5
21.2
25.0
21.2
19.5
27.0
20.5
19.2
19.4
12.9
7.2
7.8
8.7
9.3
14.5
20.2
21.8
18.1
22.0
19.2
16.3
18.7
14.5
20.1
21.4
16.0
16.8
18.7
19.4
21.1
22.0
26.5
28.1
20.2
20.5
12.3
14.0
19.5
21.1
20.2
17.6
22.2
22.6
15.6
20.5
25.7
25.6
23.0
23.0
26.2
22.5
21.7
19.8
22.5
15.9
16.8
17.3
12.2
15.5
18.8
19.5
14.9
17.4
21.7
22.0
22.2
24.4
16.6
17.8
17.6
18.7
21.6
18.6
19.1
18.3
23.1
26.4
24.3
24.4
20.6
24.0
25.3
20.7
19.1
16.8
22.1
18.0
20.4
19.6
17.7
15.3
16.1
15.7
16.2
16.3
13.2
20.1
16.5
12.7
15.6
16.2
15.6
16.9
20.7
22.5
18.6
18.5
11.6
12.4
16.0
12.2
14.3
12.8
15.4
20.9
17.6
14.6
11.9
16.1
14.5
13.6
12.1
11.8
13.1
16.6
16.0
16.1
12.7
16.3
15.7
17.6
12.2
8.9
9.6
11.4
10.6
15.4
17.3
12.7
11.6
19.3
13.6
14.2
12.0
14.3
15.0
16.1
13.1
13.4
9.9
8.2
2.6
2.5
5.3
6.5
7.7
6.8
2.4
6.6
12.5
12.4
10.6
15.1
12.5
10.8
16.6
12.4
10.2
7.6
10.3
14.2
12.6
8.2
11.2
12.1
9.5
8.4
10.3
5.5
4.2
1.3
1.0
1.7
0.0
2.0
2.6
-1.0
-1.0
-6.0
1.0
6.8
5.8
2.0
2.1
-0.6
-5.9
-9.1
-13.3
-15.5
-16.1
-19.5
-21.1
-15.6
-12.8
-10.8
-10.3
-10.2
-9.3
-9.4
-15.6
-15.6
-16.8
-17.3
-28.7
-31.2
-34.2
-32.6
-28.8
-24.6
-20.6
-12.3
-12.2
-11.2
-11.1
-6.5
-6.6
-10.9
-17.0
-10.7
-10.7
-14.2
-18.7
-21.0
-29.7
-13.5
-8.6
-9.7
-17.9
-13.3
-11.6
-7.1
-7.2
-14.0
-22.0
-25.3
-22.4
-24.1
-33.6
-19.0
-15.4
-17.0
-14.9
-15.1
-14.8
-29.5
-24.0
-25.0
-24.8
-19.5
-16.6
-9.1
-7.4
-8.2
-9.4
-28.5
-25.0
-18.0
-17.8
-19.6
-18.2
-23.8
-19.8
-14.8
-18.6
-18.8
-10.5
-8.1
-9.2
-8.5
-9.6
-11.5
-10.0
-14.3
-12.1
-15.0
-16.8
-13.0
-4.5
-0.4
2.6
5.1
5.7
3.1
-2.1
-8.2
-10.6
-13.6
-7.9
-4.9
-9.1
-14.5
-14.0
-11.0
-7.2
-4.1
-0.7
0.2
3.1
1.9
-8.3
-10.0
-2.0
-3.7
-4.0
-0.5
4.4
-1.0
5.1
7.8
1.5
-8.9
1.6
1.2
-2.1
2.7
4.5
8.5
5.7
0.4
0.0
0.3
0.0
0.0
7.1
1.8
-6.8
10.1
6.3
8.0
4.9
1.8
-1.2
-3.7
-2.3
1.0
6.4
6.4
-3.7
7.2
10.5
1.3
7.7
7.5
7.4
11.9
17.0
16.0
12.3
7.8
8.4
5.5
10.9
9.4
12.2
10.8
15.0
15.4
17.5
12.7
3.9
7.4
13.4
18.8
14.0
11.9
6.5
11.9
16.7
21.6
26.7
27.3
22.6
13.2
9.0
10.0
7.6
16.9
19.6
15.3
10.9
14.0
19.1
23.0
24.9
30.2
16.8
17.4
11.0
15.9
22.4
14.6
11.8
17.8
19.4
17.1
18.0
14.6
20.9
17.1
19.2
21.8
17.2
14.5
16.6
21.2
24.2
23.2
23.6
26.1
26.0
25.9
24.2
28.0
26.4
26.5
19.6
14.0
17.7
17.8
21.0
24.2
22.4
16.4
20.0
20.6
26.9
27.5
17.9
15.3
20.0
17.5
19.0
23.6
23.1
27.0
18.0
22.1
18.5
20.6
19.0
23.0
20.1
13.0
15.4
25.5
21.9
19.8
23.4
22.2
23.3
27.2
28.0
20.6
15.0
14.7
20.4
21.5
18.0
14.0
13.2
13.8
13.8
15.4
19.8
19.6
17.5
19.7
18.3
18.1
16.5
15.6
23.2
20.3
19.1
22.0
19.5
19.2
18.5
11.5
13.9
12.2
12.0
12.0
9.1
10.4
10.3
12.7
12.8
8.0
5.6
8.9
10.2
13.1
15.8
13.9
9.2
13.5
14.1
12.1
12.1
11.2
18.9
14.0
12.7
9.9
7.7
7.5
6.0
14.4
15.7
16.1
18.6
13.5
4.7
7.2
5.9
10.6
7.9
9.6
4.1
18.9
22.0
10.6
2.5
9.3
9.7
2.9
5.0
6.5
6.0
5.7
2.4
4.1
12.9
13.3
14.3
7.0
2.1
2.4
7.2
8.0
1.7
-5.5
-5.0
-0.4
-2.0
-5.0
-4.2
-4.8
-6.5
-16.8
-21.0
-18.9
-9.1
-10.4
-9.0
-6.9
-6.4
-9.7
-12.0
-15.3
-15.4
-21.4
-17.5
-11.4
-8.6
5.4
0.9
-19.0
-20.8
-20.4
-18.8
-10.3
-1.0
-5.7
-11.3
-4.5
1.9
-5.0
-5.6
-19.3
-15.7
-15.4
-6.1
-2.9
-16.0
-21.0
-13.7
-14.5
-21.4
-26.8
-33.2
-34.5
-26.8
-20.8
-19.6
-14.6
-17.2
-20.1
-14.0
-15.8
-7.6
-10.0
-11.5
-19.3
-24.0
-23.9
-21.1
-21.5
-19.5
-19.3
-5.6
-1.1
-1.0
-4.6
-12.0
-20.1
-15.3
-14.0
-10.3
-13.7
-10.0
-10.0
-9.7
-14.4
-18.6
-26.3
-25.2
-28.6
-24.3
-23.8
-24.8
-22.3
-23.0
-25.3
-25.3
-28.6
-23.8
-23.5
-24.4
-25.0
-19.0
-18.2
-15.4
-11.8
-15.9
-17.6
-23.0
-23.5
-19.0
-15.7
-11.8
-20.7
-18.5
-16.3
-14.7
1.0
0.8
4.0
-8.5
-0.8
-13.1
-8.5
7.5
-4.6
-5.6
-7.2
-7.1
3.8
3.0
1.6
5.4
3.2
6.4
8.3
-3.0
-2.5
-6.1
-10.5
-6.7
-5.3
-0.5
-4.5
-14.0
-9.0
-2.7
-12.0
-5.7
-14.7
-12.6
-5.7
0.0
9.9
4.3
3.0
0.5
-0.5
0.5
-0.5
2.0
7.6
3.9
5.5
3.2
6.1
1.5
5.3
10.7
4.1
6.7
8.5
5.4
6.1
5.1
4.5
2.9
2.4
2.1
3.1
5.7
7.7
10.2
8.0
9.4
12.7
7.9
10.6
10.3
12.5
12.8
9.8
14.0
14.1
11.4
15.7
8.7
15.1
24.1
20.4
21.2
24.3
22.9
16.7
7.5
10.5
15.1
14.7
19.3
14.6
20.0
18.4
12.2
18.0
17.3
16.6
15.6
15.1
22.1
14.7
13.1
19.8
18.7
23.8
20.5
22.1
20.0
19.9
20.3
19.8
19.1
18.3
23.6
29.1
24.7
27.3
23.3
24.5
26.4
25.6
26.5
27.4
30.8
24.3
22.6
27.3
28.2
21.6
20.9
17.5
22.2
19.9
27.9
28.9
25.4
33.0
28.8
21.9
22.8
21.4
17.4
22.4
26.1
27.7
20.9
20.5
25.5
28.8
29.0
15.1
18.3
19.4
22.4
18.7
16.8
21.0
17.4
21.9
19.0
12.3
15.9
19.2
22.2
26.2
24.7
28.8
29.1
25.0
18.3
16.4
22.7
16.3
13.6
18.2
17.8
16.8
15.6
18.1
15.3
13.7
16.4
12.6
11.3
12.4
12.9
13.4
12.9
10.4
8.9
9.6
13.1
19.5
20.7
25.8
19.2
13.2
14.9
13.5
14.7
15.2
18.4
15.6
19.1
19.7
14.2
6.2
6.5
14.2
11.8
10.3
12.0
14.3
17.4
8.1
14.3
7.8
8.4
10.5
16.9
6.1
5.0
13.3
13.1
8.0
9.7
9.7
6.8
3.4
1.7
1.7
1.5
-0.1
3.7
3.0
6.4
NaN
NaN
NaN
NaN
NaN
