0.0
0.0
33.0
99.0
0.0
0.0
0.0
0.0
0.0
3.0
61.0
3.0
13.0
38.0
10.0
0.0
25.0
312.0
155.0
97.0
152.0
0.0
0.0
0.0
13.0
0.0
8.0
0.0
33.0
51.0
66.0
25.0
53.0
38.0
0.0
0.0
28.0
0.0
0.0
109.0
20.0
5.0
13.0
15.0
58.0
10.0
0.0
74.0
8.0
8.0
25.0
0.0
0.0
0.0
0.0
0.0
0.0
0.0
0.0
0.0
0.0
0.0
15.0
5.0
10.0
0.0
0.0
74.0
66.0
66.0
5.0
51.0
20.0
5.0
0.0
0.0
10.0
25.0
13.0
8.0
30.0
36.0
43.0
8.0
5.0
36.0
0.0
0.0
13.0
56.0
5.0
0.0
0.0
30.0
36.0
20.0
25.0
0.0
0.0
0.0
0.0
10.0
3.0
91.0
38.0
0.0
0.0
0.0
0.0
33.0
8.0
18.0
5.0
0.0
0.0
3.0
58.0
66.0
10.0
0.0
8.0
13.0
0.0
157.0
15.0
0.0
20.0
28.0
0.0
8.0
0.0
0.0
0.0
0.0
15.0
5.0
0.0
0.0
0.0
36.0
5.0
3.0
23.0
5.0
0.0
107.0
36.0
48.0
0.0
0.0
0.0
0.0
335.0
13.0
0.0
0.0
20.0
3.0
0.0
0.0
3.0
0.0
0.0
0.0
0.0
0.0
0.0
3.0
0.0
0.0
124.0
109.0
0.0
0.0
3.0
0.0
0.0
0.0
0.0
0.0
8.0
8.0
0.0
0.0
0.0
3.0
0.0
0.0
0.0
0.0
0.0
8.0
5.0
53.0
15.0
66.0
102.0
0.0
0.0
0.0
0.0
0.0
112.0
5.0
18.0
178.0
20.0
0.0
0.0
0.0
0.0
0.0
0.0
3.0
20.0
0.0
0.0
0.0
0.0
0.0
0.0
0.0
0.0
0.0
0.0
0.0
28.0
0.0
0.0
64.0
0.0
0.0
0.0
0.0
0.0
15.0
0.0
0.0
28.0
0.0
64.0
0.0
0.0
5.0
0.0
132.0
58.0
0.0
0.0
102.0
0.0
257.0
15.0
0.0
0.0
170.0
206.0
15.0
0.0
51.0
28.0
221.0
48.0
0.0
0.0
0.0
0.0
0.0
0.0
48.0
0.0
0.0
97.0
0.0
0.0
8.0
0.0
0.0
0.0
0.0
0.0
0.0
0.0
0.0
0.0
0.0
0.0
0.0
25.0
0.0
0.0
196.0
0.0
0.0
0.0
3.0
0.0
0.0
0.0
0.0
0.0
0.0
69.0
13.0
0.0
3.0
61.0
150.0
0.0
0.0
0.0
25.0
0.0
0.0
0.0
0.0
NaN
0.0
79.0
165.0
48.0
18.0
0.0
0.0
0.0
0.0
0.0
0.0
0.0
79.0
0.0
76.0
23.0
0.0
NaN
NaN
NaN
NaN
NaN
NaN
NaN
NaN
NaN
NaN
NaN
NaN
NaN
NaN
NaN
8.0
0.0
0.0
0.0
43.0
5.0
0.0
0.0
0.0
0.0
0.0
0.0
23.0
147.0
10.0
81.0
89.0
51.0
0.0
0.0
3.0
0.0
0.0
0.0
0.0
33.0
8.0
0.0
3.0
0.0
41.0
0.0
0.0
0.0
23.0
43.0
25.0
8.0
69.0
175.0
8.0
0.0
43.0
61.0
38.0
0.0
3.0
0.0
124.0
8.0
3.0
150.0
8.0
15.0
74.0
8.0
140.0
3.0
102.0
127.0
10.0
30.0
8.0
0.0
20.0
3.0
0.0
28.0
41.0
25.0
38.0
56.0
28.0
81.0
5.0
8.0
0.0
NaN
NaN
NaN
NaN
NaN
NaN
NaN
NaN
NaN
0.0
0.0
41.0
0.0
0.0
0.0
0.0
0.0
0.0
66.0
0.0
0.0
0.0
0.0
61.0
36.0
15.0
48.0
0.0
0.0
0.0
0.0
13.0
302.0
0.0
10.0
0.0
0.0
472.0
0.0
0.0
0.0
0.0
3.0
28.0
0.0
0.0
0.0
0.0
0.0
0.0
64.0
0.0
0.0
0.0
23.0
48.0
0.0
0.0
0.0
3.0
107.0
0.0
0.0
0.0
0.0
107.0
0.0
0.0
0.0
0.0
0.0
0.0
0.0
236.0
0.0
0.0
178.0
20.0
13.0
46.0
0.0
0.0
318.0
0.0
0.0
0.0
147.0
0.0
46.0
0.0
28.0
20.0
0.0
0.0
10.0
0.0
0.0
0.0
0.0
0.0
0.0
246.0
0.0
0.0
0.0
0.0
0.0
0.0
0.0
0.0
0.0
0.0
10.0
46.0
0.0
41.0
89.0
119.0
102.0
0.0
0.0
0.0
0.0
0.0
0.0
0.0
48.0
0.0
0.0
0.0
0.0
0.0
8.0
0.0
0.0
0.0
0.0
0.0
0.0
25.0
0.0
0.0
445.0
0.0
0.0
0.0
0.0
0.0
5.0
0.0
3.0
0.0
0.0
0.0
0.0
0.0
10.0
0.0
43.0
8.0
43.0
43.0
0.0
79.0
0.0
66.0
0.0
0.0
0.0
0.0
0.0
0.0
0.0
0.0
33.0
0.0
0.0
0.0
0.0
0.0
0.0
0.0
0.0
0.0
0.0
84.0
0.0
0.0
0.0
3.0
18.0
5.0
76.0
0.0
0.0
0.0
0.0
0.0
0.0
0.0
5.0
0.0
33.0
53.0
76.0
117.0
0.0
18.0
0.0
8.0
64.0
3.0
41.0
38.0
8.0
15.0
0.0
0.0
30.0
79.0
0.0
0.0
124.0
165.0
0.0
0.0
0.0
25.0
216.0
0.0
64.0
53.0
33.0
5.0
0.0
0.0
0.0
0.0
15.0
23.0
66.0
13.0
0.0
145.0
20.0
0.0
64.0
3.0
48.0
0.0
36.0
48.0
0.0
20.0
0.0
0.0
0.0
102.0
3.0
196.0
104.0
5.0
0.0
8.0
86.0
0.0
99.0
3.0
30.0
23.0
23.0
38.0
56.0
10.0
13.0
23.0
3.0
18.0
84.0
51.0
5.0
0.0
84.0
10.0
25.0
0.0
0.0
0.0
66.0
0.0
86.0
18.0
0.0
18.0
74.0
8.0
20.0
66.0
30.0
25.0
8.0
3.0
33.0
86.0
10.0
74.0
25.0
3.0
13.0
28.0
64.0
10.0
5.0
5.0
5.0
0.0
0.0
97.0
33.0
0.0
10.0
23.0
20.0
0.0
0.0
81.0
104.0
81.0
18.0
0.0
0.0
0.0
0.0
0.0
0.0
0.0
3.0
0.0
0.0
30.0
15.0
51.0
0.0
0.0
0.0
20.0
0.0
20.0
18.0
0.0
33.0
122.0
0.0
0.0
15.0
0.0
0.0
58.0
3.0
10.0
0.0
0.0
0.0
0.0
0.0
0.0
104.0
46.0
0.0
0.0
0.0
66.0
0.0
0.0
0.0
0.0
0.0
0.0
5.0
13.0
20.0
0.0
0.0
0.0
0.0
0.0
0.0
0.0
0.0
0.0
0.0
0.0
0.0
0.0
0.0
64.0
0.0
0.0
0.0
18.0
0.0
25.0
3.0
0.0
15.0
3.0
0.0
0.0
3.0
0.0
18.0
64.0
0.0
0.0
0.0
0.0
775.0
0.0
56.0
43.0
38.0
61.0
0.0
0.0
0.0
58.0
0.0
0.0
5.0
25.0
0.0
0.0
0.0
0.0
0.0
124.0
0.0
0.0
3.0
43.0
66.0
132.0
0.0
0.0
20.0
3.0
0.0
0.0
0.0
0.0
0.0
0.0
0.0
0.0
0.0
0.0
0.0
0.0
0.0
130.0
18.0
0.0
0.0
28.0
51.0
13.0
3.0
0.0
28.0
0.0
0.0
51.0
0.0
25.0
0.0
0.0
0.0
0.0
0.0
5.0
0.0
8.0
0.0
0.0
74.0
0.0
0.0
0.0
0.0
0.0
51.0
0.0
0.0
89.0
15.0
142.0
8.0
0.0
0.0
0.0
0.0
28.0
3.0
0.0
0.0
3.0
257.0
0.0
0.0
0.0
0.0
0.0
5.0
18.0
246.0
0.0
0.0
0.0
30.0
41.0
0.0
0.0
0.0
0.0
117.0
0.0
8.0
3.0
0.0
10.0
0.0
0.0
13.0
5.0
0.0
10.0
61.0
18.0
0.0
102.0
297.0
368.0
0.0
0.0
0.0
0.0
84.0
53.0
0.0
0.0
10.0
74.0
0.0
5.0
3.0
0.0
89.0
97.0
0.0
5.0
28.0
0.0
3.0
20.0
0.0
0.0
0.0
0.0
0.0
46.0
15.0
10.0
0.0
0.0
13.0
142.0
20.0
0.0
0.0
0.0
33.0
46.0
18.0
10.0
0.0
173.0
10.0
48.0
28.0
41.0
0.0
338.0
10.0
0.0
117.0
109.0
8.0
43.0
41.0
3.0
8.0
0.0
0.0
0.0
3.0
38.0
15.0
13.0
99.0
483.0
64.0
15.0
3.0
71.0
10.0
15.0
23.0
0.0
23.0
18.0
3.0
15.0
0.0
0.0
91.0
0.0
0.0
0.0
0.0
3.0
8.0
0.0
74.0
53.0
3.0
0.0
0.0
0.0
48.0
18.0
0.0
0.0
5.0
71.0
0.0
0.0
0.0
0.0
5.0
33.0
38.0
15.0
3.0
0.0
0.0
0.0
53.0
0.0
0.0
0.0
18.0
28.0
61.0
25.0
3.0
5.0
28.0
0.0
0.0
0.0
5.0
3.0
0.0
0.0
64.0
13.0
53.0
0.0
3.0
3.0
119.0
5.0
0.0
188.0
0.0
10.0
414.0
107.0
0.0
0.0
0.0
0.0
0.0
0.0
0.0
0.0
0.0
23.0
122.0
97.0
15.0
104.0
0.0
36.0
3.0
0.0
20.0
5.0
0.0
20.0
46.0
3.0
0.0
0.0
0.0
0.0
10.0
0.0
0.0
0.0
0.0
0.0
99.0
0.0
0.0
0.0
0.0
64.0
38.0
0.0
18.0
117.0
30.0
3.0
10.0
0.0
0.0
30.0
185.0
51.0
28.0
33.0
5.0
0.0
0.0
0.0
18.0
0.0
0.0
0.0
0.0
0.0
0.0
0.0
0.0
0.0
71.0
43.0
122.0
0.0
0.0
43.0
36.0
3.0
84.0
0.0
0.0
36.0
0.0
0.0
20.0
0.0
0.0
20.0
0.0
0.0
0.0
0.0
20.0
0.0
0.0
0.0
0.0
15.0
10.0
0.0
0.0
168.0
48.0
61.0
0.0
0.0
0.0
0.0
0.0
0.0
0.0
0.0
0.0
0.0
0.0
10.0
0.0
0.0
0.0
0.0
0.0
0.0
0.0
0.0
28.0
0.0
0.0
0.0
0.0
0.0
30.0
188.0
0.0
157.0
0.0
0.0
58.0
147.0
0.0
0.0
0.0
0.0
0.0
0.0
0.0
8.0
0.0
0.0
0.0
0.0
0.0
0.0
0.0
5.0
0.0
0.0
620.0
0.0
0.0
0.0
0.0
0.0
0.0
0.0
0.0
0.0
0.0
0.0
0.0
0.0
0.0
0.0
0.0
0.0
0.0
0.0
0.0
0.0
0.0
0.0
0.0
0.0
5.0
15.0
102.0
33.0
30.0
28.0
5.0
135.0
41.0
0.0
0.0
0.0
0.0
0.0
0.0
0.0
0.0
38.0
0.0
0.0
0.0
0.0
0.0
0.0
0.0
0.0
0.0
25.0
130.0
0.0
0.0
38.0
66.0
51.0
48.0
0.0
0.0
0.0
0.0
0.0
0.0
0.0
64.0
69.0
33.0
15.0
71.0
81.0
112.0
0.0
23.0
48.0
10.0
0.0
0.0
91.0
46.0
5.0
0.0
0.0
56.0
234.0
30.0
0.0
8.0
0.0
0.0
71.0
0.0
0.0
84.0
0.0
0.0
8.0
231.0
18.0
0.0
0.0
0.0
3.0
56.0
18.0
99.0
0.0
0.0
0.0
25.0
30.0
0.0
8.0
3.0
0.0
0.0
5.0
33.0
46.0
117.0
18.0
3.0
0.0
5.0
97.0
74.0
30.0
0.0
41.0
3.0
8.0
8.0
36.0
18.0
0.0
0.0
20.0
5.0
46.0
48.0
10.0
36.0
79.0
0.0
0.0
0.0
0.0
0.0
8.0
0.0
201.0
43.0
69.0
18.0
0.0
0.0
157.0
53.0
0.0
0.0
0.0
18.0
25.0
0.0
0.0
3.0
0.0
30.0
5.0
20.0
30.0
30.0
41.0
0.0
0.0
0.0
0.0
15.0
0.0
61.0
91.0
0.0
0.0
310.0
10.0
0.0
0.0
0.0
0.0
30.0
0.0
0.0
0.0
175.0
36.0
0.0
0.0
48.0
33.0
0.0
0.0
0.0
0.0
0.0
8.0
56.0
0.0
43.0
36.0
0.0
10.0
3.0
10.0
3.0
0.0
33.0
0.0
0.0
0.0
15.0
0.0
152.0
8.0
315.0
0.0
8.0
0.0
48.0
0.0
0.0
0.0
13.0
104.0
0.0
206.0
5.0
0.0
0.0
0.0
0.0
0.0
0.0
152.0
58.0
0.0
0.0
0.0
0.0
71.0
61.0
0.0
0.0
0.0
15.0
0.0
51.0
33.0
0.0
30.0
13.0
0.0
180.0
94.0
0.0
107.0
41.0
460.0
15.0
0.0
0.0
0.0
0.0
38.0
0.0
13.0
0.0
0.0
0.0
20.0
3.0
0.0
61.0
0.0
0.0
0.0
0.0
0.0
3.0
0.0
20.0
0.0
8.0
13.0
5.0
5.0
0.0
173.0
0.0
36.0
25.0
41.0
0.0
109.0
0.0
0.0
0.0
130.0
0.0
0.0
0.0
0.0
91.0
0.0
23.0
20.0
10.0
0.0
0.0
0.0
0.0
10.0
3.0
0.0
0.0
0.0
25.0
0.0
0.0
25.0
0.0
0.0
0.0
0.0
18.0
0.0
0.0
33.0
132.0
0.0
0.0
13.0
38.0
0.0
0.0
244.0
41.0
20.0
0.0
0.0
0.0
0.0
3.0
0.0
69.0
0.0
0.0
0.0
0.0
36.0
0.0
0.0
0.0
0.0
0.0
0.0
0.0
0.0
0.0
25.0
15.0
0.0
0.0
0.0
25.0
0.0
33.0
0.0
0.0
0.0
0.0
0.0
0.0
0.0
0.0
0.0
122.0
8.0
0.0
0.0
0.0
117.0
0.0
41.0
0.0
36.0
15.0
33.0
5.0
36.0
0.0
71.0
10.0
155.0
0.0
203.0
5.0
0.0
0.0
0.0
69.0
5.0
0.0
0.0
0.0
0.0
36.0
5.0
218.0
0.0
0.0
13.0
0.0
46.0
5.0
0.0
13.0
0.0
5.0
0.0
0.0
0.0
0.0
30.0
208.0
0.0
0.0
0.0
99.0
0.0
150.0
20.0
0.0
0.0
0.0
0.0
119.0
38.0
30.0
91.0
0.0
0.0
41.0
0.0
0.0
203.0
109.0
0.0
122.0
33.0
25.0
0.0
0.0
25.0
0.0
0.0
0.0
0.0
3.0
0.0
0.0
0.0
41.0
91.0
74.0
13.0
3.0
23.0
0.0
0.0
13.0
25.0
20.0
0.0
69.0
0.0
10.0
0.0
0.0
10.0
157.0
0.0
0.0
0.0
13.0
10.0
36.0
15.0
0.0
46.0
28.0
0.0
20.0
0.0
165.0
41.0
109.0
10.0
0.0
10.0
18.0
53.0
13.0
0.0
66.0
8.0
0.0
0.0
0.0
0.0
56.0
127.0
38.0
0.0
0.0
81.0
0.0
3.0
0.0
5.0
0.0
0.0
13.0
38.0
13.0
0.0
10.0
5.0
10.0
8.0
23.0
0.0
3.0
33.0
99.0
66.0
36.0
0.0
0.0
89.0
58.0
94.0
23.0
0.0
15.0
33.0
28.0
15.0
33.0
20.0
33.0
25.0
94.0
0.0
0.0
0.0
0.0
23.0
0.0
0.0
0.0
0.0
0.0
0.0
20.0
0.0
61.0
142.0
0.0
124.0
61.0
36.0
0.0
13.0
8.0
5.0
3.0
5.0
122.0
307.0
33.0
18.0
0.0
0.0
0.0
0.0
0.0
0.0
0.0
0.0
0.0
0.0
0.0
5.0
325.0
30.0
3.0
0.0
0.0
74.0
0.0
0.0
0.0
0.0
0.0
0.0
0.0
5.0
5.0
58.0
25.0
30.0
127.0
0.0
0.0
0.0
0.0
0.0
53.0
0.0
0.0
20.0
0.0
0.0
0.0
0.0
0.0
0.0
0.0
0.0
0.0
99.0
3.0
0.0
0.0
0.0
79.0
3.0
8.0
0.0
0.0
97.0
25.0
0.0
10.0
3.0
0.0
0.0
66.0
3.0
8.0
0.0
180.0
0.0
99.0
0.0
130.0
0.0
0.0
0.0
51.0
0.0
0.0
0.0
0.0
0.0
0.0
0.0
0.0
0.0
0.0
0.0
0.0
0.0
0.0
0.0
0.0
150.0
53.0
0.0
53.0
15.0
0.0
0.0
0.0
0.0
226.0
269.0
0.0
0.0
0.0
81.0
0.0
0.0
46.0
0.0
0.0
0.0
0.0
0.0
0.0
135.0
0.0
0.0
0.0
0.0
0.0
0.0
30.0
0.0
0.0
20.0
0.0
0.0
0.0
0.0
0.0
0.0
0.0
368.0
0.0
36.0
381.0
0.0
0.0
0.0
0.0
201.0
0.0
8.0
0.0
0.0
0.0
0.0
51.0
10.0
25.0
5.0
0.0
0.0
114.0
43.0
66.0
0.0
0.0
0.0
0.0
191.0
43.0
79.0
28.0
0.0
0.0
0.0
8.0
5.0
0.0
3.0
3.0
23.0
38.0
18.0
0.0
0.0
0.0
0.0
0.0
0.0
3.0
0.0
0.0
0.0
5.0
0.0
0.0
0.0
0.0
8.0
0.0
30.0
0.0
0.0
0.0
0.0
79.0
0.0
0.0
0.0
0.0
0.0
0.0
127.0
53.0
97.0
0.0
0.0
0.0
33.0
0.0
41.0
71.0
0.0
0.0
41.0
8.0
0.0
0.0
0.0
0.0
0.0
91.0
13.0
5.0
18.0
0.0
28.0
3.0
94.0
3.0
3.0
69.0
0.0
71.0
91.0
18.0
30.0
107.0
0.0
0.0
69.0
15.0
0.0
0.0
53.0
267.0
81.0
18.0
10.0
107.0
38.0
66.0
0.0
3.0
13.0
5.0
0.0
51.0
0.0
10.0
0.0
102.0
0.0
0.0
20.0
20.0
43.0
5.0
38.0
89.0
13.0
10.0
8.0
74.0
30.0
97.0
56.0
33.0
64.0
56.0
0.0
33.0
18.0
130.0
132.0
58.0
10.0
25.0
157.0
0.0
61.0
30.0
3.0
13.0
147.0
84.0
0.0
8.0
0.0
3.0
3.0
38.0
0.0
0.0
20.0
0.0
0.0
0.0
33.0
0.0
46.0
81.0
0.0
10.0
269.0
10.0
0.0
0.0
0.0
0.0
0.0
0.0
10.0
0.0
401.0
97.0
89.0
58.0
0.0
5.0
0.0
0.0
64.0
0.0
104.0
53.0
10.0
0.0
0.0
107.0
23.0
0.0
20.0
13.0
0.0
0.0
0.0
10.0
0.0
127.0
0.0
0.0
23.0
99.0
5.0
0.0
0.0
0.0
0.0
0.0
0.0
0.0
0.0
56.0
18.0
0.0
0.0
0.0
46.0
0.0
0.0
0.0
0.0
0.0
23.0
33.0
0.0
150.0
208.0
3.0
0.0
0.0
0.0
0.0
30.0
64.0
28.0
0.0
147.0
137.0
10.0
0.0
0.0
46.0
30.0
0.0
0.0
3.0
18.0
292.0
41.0
0.0
0.0
0.0
0.0
0.0
0.0
0.0
0.0
0.0
0.0
0.0
3.0
15.0
18.0
0.0
0.0
0.0
0.0
0.0
0.0
0.0
0.0
0.0
0.0
0.0
0.0
0.0
0.0
84.0
5.0
0.0
89.0
193.0
0.0
0.0
0.0
0.0
46.0
0.0
0.0
0.0
66.0
13.0
574.0
8.0
20.0
28.0
0.0
0.0
0.0
46.0
0.0
0.0
193.0
0.0
3.0
0.0
86.0
28.0
10.0
3.0
0.0
0.0
112.0
0.0
0.0
41.0
0.0
0.0
8.0
5.0
114.0
89.0
0.0
3.0
0.0
0.0
0.0
0.0
23.0
0.0
3.0
76.0
0.0
0.0
0.0
41.0
0.0
160.0
0.0
0.0
0.0
0.0
0.0
0.0
0.0
0.0
0.0
0.0
0.0
417.0
0.0
0.0
0.0
0.0
249.0
66.0
0.0
0.0
0.0
3.0
0.0
0.0
0.0
292.0
61.0
3.0
0.0
0.0
8.0
53.0
3.0
10.0
0.0
0.0
168.0
79.0
36.0
48.0
0.0
0.0
23.0
0.0
0.0
0.0
0.0
0.0
0.0
0.0
0.0
41.0
246.0
0.0
0.0
0.0
18.0
0.0
0.0
43.0
8.0
0.0
86.0
79.0
13.0
43.0
5.0
30.0
0.0
0.0
20.0
0.0
10.0
5.0
0.0
0.0
23.0
30.0
0.0
3.0
53.0
25.0
71.0
0.0
91.0
43.0
0.0
58.0
51.0
119.0
0.0
0.0
0.0
0.0
0.0
0.0
0.0
13.0
30.0
38.0
3.0
0.0
15.0
69.0
91.0
5.0
3.0
3.0
33.0
79.0
84.0
41.0
0.0
91.0
99.0
10.0
23.0
0.0
0.0
64.0
104.0
0.0
0.0
0.0
30.0
0.0
8.0
71.0
58.0
10.0
18.0
0.0
0.0
28.0
46.0
18.0
23.0
36.0
89.0
26.0
0.0
21.0
11.0
0.0
41.0
37.0
42.0
2.0
219.0
21.0
28.0
21.0
19.0
0.0
11.0
22.0
20.0
0.0
0.0
36.0
7.0
3.0
0.0
6.0
44.0
25.0
96.0
3.0
6.0
17.0
24.0
10.0
41.0
26.0
18.0
11.0
0.0
4.0
25.0
22.0
0.0
43.0
87.0
8.0
10.0
7.0
0.0
2.0
7.0
0.0
0.0
0.0
20.0
72.0
14.0
NaN
105.0
26.0
27.0
0.0
0.0
119.0
14.0
0.0
4.0
0.0
0.0
0.0
0.0
164.0
0.0
0.0
8.0
0.0
0.0
61.0
0.0
18.0
0.0
5.0
19.0
0.0
0.0
0.0
4.0
124.0
18.0
0.0
26.0
0.0
36.0
0.0
114.0
6.0
5.0
5.0
NaN
NaN
0.0
0.0
0.0
8.0
0.0
0.0
0.0
0.0
51.0
0.0
23.0
43.0
18.0
0.0
0.0
0.0
0.0
0.0
3.0
0.0
0.0
0.0
18.0
0.0
4.0
0.0
0.0
0.0
0.0
0.0
0.0
0.0
2.0
5.0
0.0
0.0
0.0
51.0
10.0
4.0
0.0
0.0
0.0
0.0
23.0
0.0
0.0
0.0
0.0
27.0
0.0
56.0
161.0
4.0
0.0
0.0
0.0
175.0
0.0
0.0
0.0
0.0
0.0
5.0
0.0
0.0
0.0
0.0
35.0
23.0
0.0
12.0
0.0
0.0
0.0
3.0
0.0
0.0
0.0
246.0
23.0
12.0
0.0
0.0
32.0
24.0
30.0
0.0
27.0
2.0
0.0
0.0
0.0
0.0
0.0
0.0
0.0
0.0
22.0
12.0
0.0
0.0
0.0
0.0
0.0
3.0
0.0
0.0
0.0
0.0
45.0
0.0
91.0
4.0
106.0
3.0
134.0
41.0
187.0
33.0
238.0
51.0
71.0
34.0
0.0
0.0
227.0
0.0
926.0
28.0
0.0
39.0
0.0
88.0
0.0
67.0
3.0
0.0
0.0
31.0
0.0
72.0
0.0
48.0
93.0
30.0
0.0
13.0
0.0
0.0
0.0
0.0
42.0
0.0
0.0
10.0
64.0
0.0
5.0
131.0
109.0
13.0
204.0
14.0
0.0
4.0
0.0
335.0
0.0
101.0
60.0
5.0
3.0
69.0
282.0
6.0
0.0
0.0
20.0
5.0
0.0
296.0
6.0
0.0
99.0
27.0
0.0
0.0
67.0
26.0
0.0
48.0
0.0
0.0
5.0
0.0
0.0
0.0
0.0
0.0
0.0
0.0
0.0
0.0
0.0
30.0
0.0
42.0
11.0
9.0
57.0
42.0
0.0
2.0
121.0
4.0
122.0
31.0
0.0
37.0
112.0
0.0
12.0
2.0
126.0
0.0
0.0
66.0
0.0
51.0
139.0
54.0
60.0
0.0
25.0
51.0
10.0
0.0
5.0
0.0
127.0
67.0
14.0
222.0
174.0
141.0
13.0
20.0
31.0
3.0
0.0
0.0
5.0
14.0
32.0
10.0
19.0
0.0
18.0
5.0
4.0
7.0
18.0
15.0
5.0
0.0
32.0
62.0
27.0
2.0
0.0
0.0
0.0
46.0
182.0
168.0
4.0
0.0
40.0
0.0
49.0
22.0
0.0
0.0
0.0
2.0
76.0
2.0
0.0
66.0
8.0
170.0
59.0
43.0
24.0
26.0
9.0
2.0
25.0
0.0
0.0
28.0
3.0
0.0
0.0
0.0
2.0
0.0
4.0
5.0
0.0
0.0
6.0
0.0
3.0
0.0
0.0
9.0
8.0
0.0
6.0
64.0
4.0
0.0
8.0
2.0
0.0
0.0
10.0
6.0
2.0
0.0
0.0
0.0
0.0
34.0
0.0
0.0
132.0
7.0
0.0
22.0
0.0
0.0
157.0
133.0
51.0
0.0
0.0
0.0
13.0
0.0
0.0
0.0
0.0
26.0
0.0
0.0
24.0
60.0
0.0
29.0
0.0
0.0
0.0
84.0
94.0
0.0
8.0
0.0
0.0
0.0
0.0
2.0
58.0
0.0
18.0
0.0
0.0
0.0
0.0
0.0
0.0
0.0
0.0
0.0
2.0
0.0
0.0
0.0
49.0
2.0
0.0
212.0
56.0
0.0
84.0
117.0
44.0
26.0
0.0
0.0
3.0
0.0
0.0
165.0
0.0
0.0
0.0
0.0
0.0
0.0
0.0
0.0
0.0
3.0
0.0
6.0
11.0
0.0
24.0
26.0
0.0
4.0
53.0
0.0
0.0
0.0
233.0
0.0
0.0
0.0
11.0
8.0
166.0
0.0
0.0
69.0
0.0
0.0
0.0
0.0
0.0
0.0
0.0
0.0
0.0
0.0
0.0
0.0
0.0
0.0
0.0
0.0
22.0
0.0
0.0
0.0
0.0
2.0
0.0
0.0
0.0
0.0
0.0
10.0
0.0
122.0
0.0
2.0
0.0
0.0
204.0
2.0
0.0
62.0
0.0
0.0
0.0
52.0
2.0
0.0
0.0
0.0
0.0
3.0
44.0
0.0
0.0
0.0
0.0
0.0
0.0
68.0
0.0
0.0
37.0
0.0
0.0
0.0
0.0
106.0
0.0
0.0
0.0
54.0
0.0
0.0
0.0
0.0
98.0
42.0
0.0
0.0
0.0
19.0
0.0
0.0
0.0
164.0
43.0
56.0
336.0
75.0
0.0
288.0
430.0
0.0
32.0
59.0
0.0
0.0
0.0
0.0
0.0
108.0
0.0
0.0
44.0
0.0
0.0
167.0
0.0
80.0
206.0
136.0
70.0
6.0
0.0
5.0
10.0
0.0
0.0
0.0
0.0
0.0
0.0
0.0
0.0
0.0
8.0
10.0
0.0
70.0
84.0
0.0
0.0
0.0
0.0
0.0
0.0
0.0
0.0
0.0
2.0
15.0
0.0
0.0
0.0
0.0
0.0
0.0
131.0
0.0
0.0
0.0
109.0
0.0
0.0
0.0
2.0
6.0
102.0
24.0
13.0
0.0
6.0
50.0
10.0
3.0
128.0
0.0
102.0
30.0
6.0
0.0
26.0
55.0
0.0
12.0
5.0
14.0
2.0
28.0
0.0
22.0
2.0
0.0
0.0
0.0
91.0
24.0
0.0
24.0
35.0
10.0
20.0
4.0
0.0
71.0
241.0
9.0
94.0
12.0
4.0
3.0
3.0
2.0
4.0
15.0
5.0
66.0
0.0
40.0
242.0
10.0
46.0
63.0
28.0
0.0
7.0
3.0
10.0
0.0
34.0
154.0
49.0
2.0
0.0
20.0
20.0
3.0
101.0
12.0
0.0
26.0
22.0
5.0
0.0
54.0
12.0
14.0
0.0
0.0
18.0
17.0
4.0
14.0
0.0
NaN
4.0
0.0
24.0
10.0
88.0
30.0
0.0
0.0
0.0
0.0
0.0
36.0
NaN
65.0
0.0
21.0
0.0
0.0
0.0
NaN
NaN
90.0
0.0
4.0
12.0
0.0
NaN
NaN
31.0
0.0
0.0
0.0
NaN
NaN
NaN
156.0
13.0
0.0
9.0
99.0
NaN
NaN
126.0
0.0
0.0
42.0
85.0
NaN
NaN
74.0
0.0
0.0
6.0
25.0
NaN
NaN
NaN
463.0
0.0
0.0
0.0
NaN
NaN
48.0
0.0
20.0
55.0
68.0
9.0
NaN
68.0
5.0
0.0
85.0
2.0
7.0
66.0
73.0
0.0
0.0
0.0
0.0
48.0
0.0
42.0
0.0
0.0
0.0
0.0
0.0
0.0
41.0
0.0
5.0
9.0
194.0
0.0
0.0
0.0
90.0
0.0
0.0
0.0
0.0
0.0
2.0
21.0
0.0
18.0
0.0
0.0
90.0
28.0
0.0
0.0
0.0
0.0
0.0
0.0
0.0
0.0
40.0
3.0
8.0
4.0
0.0
0.0
0.0
89.0
0.0
74.0
367.0
8.0
7.0
0.0
0.0
0.0
0.0
0.0
0.0
197.0
49.0
0.0
0.0
0.0
0.0
0.0
0.0
0.0
0.0
0.0
0.0
0.0
0.0
0.0
0.0
36.0
2.0
0.0
0.0
0.0
0.0
6.0
14.0
242.0
0.0
12.0
0.0
0.0
2.0
0.0
187.0
35.0
0.0
0.0
0.0
6.0
0.0
0.0
12.0
40.0
0.0
0.0
0.0
31.0
30.0
0.0
0.0
0.0
2.0
2.0
20.0
0.0
0.0
0.0
3.0
0.0
0.0
0.0
0.0
5.0
0.0
0.0
29.0
0.0
0.0
154.0
48.0
0.0
0.0
0.0
0.0
0.0
0.0
2.0
0.0
0.0
0.0
0.0
0.0
0.0
0.0
0.0
0.0
0.0
26.0
0.0
71.0
26.0
213.0
27.0
140.0
0.0
107.0
30.0
53.0
97.0
3.0
0.0
0.0
52.0
NaN
257.0
26.0
0.0
0.0
65.0
36.0
26.0
22.0
69.0
17.0
0.0
0.0
0.0
91.0
0.0
0.0
8.0
0.0
97.0
0.0
41.0
0.0
0.0
26.0
0.0
67.0
21.0
54.0
0.0
0.0
0.0
0.0
0.0
124.0
95.0
280.0
46.0
30.0
95.0
73.0
56.0
12.0
6.0
40.0
0.0
0.0
0.0
4.0
8.0
59.0
4.0
16.0
0.0
0.0
86.0
0.0
0.0
0.0
24.0
72.0
4.0
23.0
0.0
0.0
46.0
84.0
100.0
182.0
0.0
0.0
0.0
0.0
0.0
0.0
0.0
10.0
0.0
0.0
0.0
0.0
55.0
4.0
12.0
0.0
113.0
6.0
0.0
3.0
0.0
0.0
26.0
5.0
0.0
0.0
0.0
24.0
41.0
34.0
12.0
2.0
6.0
22.0
116.0
21.0
0.0
9.0
31.0
18.0
32.0
0.0
0.0
0.0
0.0
0.0
6.0
17.0
51.0
0.0
10.0
21.0
27.0
15.0
6.0
3.0
12.0
0.0
82.0
15.0
10.0
2.0
2.0
68.0
16.0
17.0
0.0
0.0
0.0
0.0
26.0
0.0
50.0
0.0
0.0
18.0
12.0
21.0
24.0
60.0
0.0
NaN
NaN
70.0
0.0
0.0
257.0
32.0
0.0
24.0
40.0
0.0
0.0
0.0
0.0
0.0
23.0
12.0
4.0
260.0
17.0
12.0
0.0
35.0
77.0
0.0
53.0
4.0
60.0
0.0
148.0
131.0
38.0
0.0
0.0
47.0
0.0
0.0
0.0
0.0
0.0
0.0
0.0
74.0
158.0
88.0
0.0
0.0
0.0
0.0
0.0
8.0
26.0
0.0
0.0
0.0
0.0
0.0
0.0
149.0
0.0
0.0
0.0
230.0
90.0
0.0
0.0
0.0
0.0
0.0
0.0
0.0
0.0
0.0
0.0
4.0
61.0
4.0
123.0
0.0
16.0
0.0
8.0
107.0
42.0
0.0
6.0
2.0
0.0
0.0
0.0
15.0
3.0
0.0
0.0
0.0
138.0
28.0
0.0
0.0
0.0
0.0
0.0
12.0
0.0
49.0
83.0
2.0
0.0
5.0
0.0
0.0
0.0
0.0
123.0
190.0
0.0
0.0
11.0
0.0
0.0
40.0
8.0
28.0
0.0
0.0
0.0
33.0
35.0
0.0
0.0
0.0
0.0
100.0
237.0
120.0
0.0
0.0
8.0
0.0
15.0
3.0
0.0
6.0
0.0
0.0
40.0
0.0
0.0
109.0
0.0
3.0
0.0
0.0
0.0
3.0
0.0
0.0
0.0
62.0
51.0
0.0
0.0
0.0
0.0
0.0
202.0
0.0
25.0
3.0
233.0
90.0
0.0
0.0
0.0
0.0
0.0
0.0
32.0
0.0
0.0
22.0
169.0
0.0
0.0
4.0
308.0
0.0
0.0
3.0
0.0
167.0
0.0
0.0
60.0
0.0
0.0
0.0
0.0
0.0
81.0
21.0
120.0
32.0
25.0
19.0
0.0
0.0
0.0
8.0
42.0
60.0
12.0
55.0
0.0
57.0
26.0
0.0
3.0
40.0
22.0
8.0
0.0
20.0
100.0
30.0
0.0
0.0
6.0
0.0
0.0
