0.0
26.0
12.0
0.0
0.0
0.0
0.0
4.0
0.0
0.0
8.0
8.0
12.0
22.0
0.0
0.0
172.0
130.0
2.0
0.0
0.0
0.0
86.0
254.0
2.0
22.0
0.0
0.0
0.0
NaN
NaN
0.0
0.0
0.0
0.0
0.0
0.0
0.0
0.0
0.0
0.0
0.0
0.0
0.0
0.0
0.0
0.0
0.0
0.0
0.0
0.0
0.0
0.0
0.0
0.0
0.0
0.0
0.0
0.0
0.0
0.0
0.0
0.0
0.0
0.0
0.0
0.0
0.0
0.0
0.0
0.0
0.0
0.0
0.0
0.0
0.0
0.0
0.0
0.0
0.0
0.0
0.0
0.0
0.0
0.0
0.0
0.0
0.0
0.0
0.0
0.0
0.0
0.0
0.0
0.0
0.0
0.0
0.0
0.0
0.0
0.0
0.0
0.0
0.0
0.0
0.0
0.0
0.0
0.0
0.0
0.0
0.0
0.0
0.0
0.0
0.0
0.0
0.0
0.0
0.0
0.0
0.0
0.0
0.0
0.0
0.0
0.0
0.0
0.0
0.0
0.0
0.0
0.0
0.0
0.0
0.0
0.0
0.0
0.0
0.0
0.0
0.0
0.0
0.0
0.0
0.0
0.0
0.0
0.0
0.0
0.0
0.0
0.0
0.0
0.0
0.0
0.0
0.0
0.0
0.0
0.0
0.0
0.0
0.0
0.0
0.0
0.0
0.0
0.0
0.0
0.0
0.0
0.0
0.0
0.0
0.0
0.0
0.0
0.0
0.0
0.0
0.0
0.0
0.0
0.0
0.0
0.0
0.0
0.0
0.0
0.0
0.0
0.0
0.0
0.0
0.0
0.0
0.0
0.0
0.0
0.0
0.0
0.0
0.0
0.0
0.0
0.0
0.0
0.0
0.0
0.0
0.0
0.0
0.0
0.0
0.0
0.0
0.0
0.0
0.0
0.0
0.0
0.0
0.0
0.0
0.0
0.0
0.0
0.0
0.0
0.0
0.0
0.0
0.0
0.0
0.0
0.0
0.0
0.0
0.0
0.0
0.0
0.0
0.0
0.0
0.0
0.0
0.0
0.0
0.0
0.0
0.0
0.0
0.0
0.0
0.0
0.0
0.0
0.0
0.0
0.0
0.0
0.0
0.0
0.0
0.0
0.0
0.0
0.0
0.0
0.0
0.0
0.0
0.0
0.0
0.0
0.0
0.0
0.0
0.0
0.0
0.0
0.0
0.0
0.0
0.0
0.0
0.0
0.0
0.0
0.0
0.0
0.0
0.0
0.0
0.0
0.0
0.0
0.0
0.0
0.0
0.0
0.0
0.0
0.0
0.0
0.0
0.0
0.0
0.0
0.0
0.0
0.0
0.0
0.0
0.0
0.0
0.0
0.0
0.0
0.0
0.0
0.0
0.0
0.0
0.0
0.0
0.0
0.0
0.0
0.0
0.0
0.0
0.0
0.0
0.0
0.0
0.0
0.0
0.0
0.0
0.0
0.0
0.0
0.0
0.0
0.0
0.0
0.0
0.0
0.0
0.0
0.0
0.0
0.0
0.0
0.0
0.0
0.0
0.0
0.0
0.0
0.0
0.0
0.0
0.0
0.0
0.0
0.0
0.0
0.0
0.0
0.0
0.0
0.0
0.0
0.0
0.0
0.0
0.0
0.0
0.0
0.0
0.0
0.0
0.0
0.0
0.0
0.0
0.0
0.0
0.0
0.0
0.0
0.0
0.0
0.0
0.0
0.0
0.0
0.0
0.0
0.0
0.0
0.0
0.0
0.0
0.0
0.0
0.0
0.0
0.0
0.0
0.0
0.0
0.0
0.0
0.0
0.0
0.0
0.0
0.0
0.0
0.0
0.0
0.0
0.0
0.0
0.0
0.0
0.0
0.0
0.0
0.0
0.0
0.0
0.0
0.0
0.0
0.0
0.0
0.0
0.0
0.0
0.0
0.0
0.0
0.0
0.0
0.0
0.0
0.0
0.0
0.0
0.0
0.0
0.0
0.0
0.0
0.0
0.0
0.0
0.0
0.0
0.0
0.0
0.0
0.0
0.0
0.0
0.0
0.0
0.0
0.0
0.0
0.0
0.0
0.0
0.0
0.0
0.0
0.0
0.0
0.0
0.0
0.0
0.0
0.0
0.0
0.0
0.0
0.0
0.0
0.0
0.0
0.0
0.0
0.0
0.0
0.0
0.0
0.0
0.0
0.0
0.0
0.0
0.0
0.0
0.0
0.0
0.0
0.0
0.0
0.0
0.0
0.0
0.0
0.0
0.0
0.0
0.0
0.0
0.0
0.0
0.0
0.0
0.0
0.0
0.0
0.0
0.0
0.0
0.0
0.0
0.0
0.0
0.0
0.0
0.0
0.0
0.0
0.0
0.0
0.0
0.0
0.0
0.0
0.0
0.0
0.0
0.0
0.0
0.0
0.0
0.0
0.0
0.0
0.0
0.0
0.0
0.0
0.0
0.0
0.0
0.0
0.0
0.0
0.0
0.0
0.0
0.0
0.0
0.0
0.0
0.0
0.0
0.0
0.0
NaN
NaN
NaN
NaN
NaN
NaN
NaN
0.0
18.0
0.0
0.0
0.0
168.0
66.0
8.0
0.0
0.0
0.0
0.0
0.0
0.0
0.0
63.0
25.0
0.0
NaN
NaN
8.0
80.0
191.0
48.0
0.0
0.0
8.0
0.0
0.0
0.0
0.0
0.0
23.0
0.0
0.0
0.0
0.0
0.0
0.0
0.0
0.0
0.0
45.0
0.0
163.0
NaN
0.0
249.0
3.0
0.0
0.0
118.0
191.0
38.0
0.0
0.0
179.0
8.0
295.0
26.0
3.0
13.0
0.0
NaN
3.0
0.0
0.0
0.0
0.0
0.0
291.0
0.0
0.0
NaN
NaN
NaN
NaN
NaN
NaN
NaN
NaN
NaN
NaN
NaN
NaN
NaN
NaN
NaN
NaN
NaN
NaN
NaN
NaN
NaN
NaN
0.0
33.0
15.0
0.0
0.0
107.0
0.0
0.0
5.0
8.0
0.0
0.0
0.0
159.0
16.0
0.0
0.0
0.0
3.0
0.0
NaN
0.0
0.0
0.0
3.0
0.0
13.0
8.0
0.0
128.0
5.0
23.0
5.0
0.0
0.0
0.0
70.0
5.0
71.0
0.0
0.0
0.0
20.0
0.0
0.0
0.0
0.0
0.0
0.0
0.0
43.0
61.0
8.0
0.0
0.0
NaN
18.0
0.0
0.0
18.0
218.0
0.0
NaN
NaN
NaN
0.0
NaN
0.0
0.0
NaN
146.0
0.0
0.0
0.0
0.0
0.0
NaN
0.0
0.0
0.0
0.0
0.0
0.0
0.0
0.0
3.0
0.0
0.0
0.0
0.0
NaN
5.0
0.0
0.0
0.0
0.0
0.0
NaN
0.0
0.0
0.0
0.0
0.0
10.0
128.0
91.0
3.0
0.0
0.0
0.0
0.0
15.0
0.0
0.0
0.0
0.0
0.0
0.0
8.0
NaN
33.0
0.0
0.0
0.0
NaN
0.0
NaN
0.0
0.0
0.0
0.0
0.0
0.0
0.0
0.0
0.0
0.0
0.0
0.0
NaN
0.0
0.0
0.0
0.0
0.0
0.0
0.0
0.0
0.0
0.0
0.0
NaN
NaN
0.0
0.0
0.0
0.0
0.0
0.0
0.0
0.0
0.0
0.0
0.0
0.0
0.0
0.0
0.0
0.0
0.0
0.0
0.0
0.0
0.0
0.0
0.0
0.0
0.0
0.0
0.0
0.0
0.0
0.0
0.0
0.0
0.0
0.0
NaN
NaN
NaN
0.0
0.0
0.0
0.0
0.0
NaN
0.0
0.0
0.0
0.0
0.0
0.0
0.0
0.0
0.0
0.0
148.0
5.0
0.0
0.0
0.0
0.0
0.0
0.0
0.0
3.0
0.0
0.0
0.0
0.0
0.0
0.0
0.0
0.0
0.0
0.0
0.0
0.0
0.0
0.0
0.0
NaN
2.0
0.0
0.0
0.0
0.0
0.0
0.0
NaN
0.0
0.0
0.0
0.0
NaN
10.0
13.0
0.0
0.0
0.0
15.0
0.0
0.0
0.0
0.0
NaN
0.0
0.0
0.0
0.0
0.0
0.0
3.0
0.0
0.0
0.0
0.0
0.0
0.0
0.0
0.0
0.0
0.0
0.0
61.0
0.0
NaN
3.0
48.0
0.0
0.0
5.0
0.0
0.0
0.0
0.0
0.0
0.0
0.0
0.0
0.0
0.0
0.0
0.0
0.0
0.0
0.0
0.0
55.0
23.0
0.0
0.0
0.0
0.0
0.0
0.0
0.0
0.0
0.0
0.0
0.0
0.0
0.0
0.0
NaN
0.0
0.0
0.0
0.0
0.0
0.0
0.0
0.0
0.0
0.0
3.0
10.0
0.0
0.0
0.0
0.0
0.0
0.0
0.0
0.0
38.0
28.0
93.0
86.0
8.0
175.0
36.0
141.0
150.0
3.0
40.0
0.0
191.0
3.0
NaN
0.0
0.0
8.0
0.0
0.0
0.0
0.0
0.0
0.0
0.0
0.0
10.0
110.0
31.0
NaN
0.0
3.0
63.0
0.0
0.0
0.0
0.0
0.0
143.0
168.0
0.0
29.0
23.0
0.0
136.0
48.0
33.0
0.0
0.0
0.0
0.0
0.0
0.0
5.0
0.0
48.0
13.0
60.0
5.0
0.0
0.0
0.0
0.0
0.0
3.0
33.0
0.0
75.0
0.0
0.0
NaN
0.0
NaN
0.0
0.0
0.0
0.0
0.0
0.0
11.0
0.0
0.0
0.0
25.0
3.0
0.0
0.0
0.0
0.0
0.0
0.0
43.0
5.0
0.0
0.0
0.0
3.0
NaN
NaN
0.0
0.0
3.0
0.0
0.0
0.0
0.0
0.0
10.0
0.0
0.0
0.0
0.0
3.0
0.0
0.0
10.0
0.0
188.0
0.0
0.0
0.0
0.0
0.0
0.0
0.0
0.0
0.0
0.0
0.0
NaN
0.0
0.0
3.0
0.0
0.0
0.0
0.0
0.0
0.0
28.0
0.0
0.0
0.0
0.0
0.0
0.0
0.0
0.0
0.0
0.0
0.0
3.0
NaN
0.0
0.0
0.0
0.0
0.0
0.0
0.0
0.0
0.0
0.0
0.0
8.0
0.0
0.0
0.0
0.0
0.0
0.0
0.0
0.0
0.0
0.0
0.0
0.0
18.0
0.0
0.0
0.0
0.0
0.0
0.0
0.0
0.0
NaN
0.0
0.0
0.0
0.0
0.0
0.0
0.0
0.0
0.0
0.0
0.0
0.0
0.0
0.0
0.0
0.0
0.0
0.0
0.0
0.0
51.0
48.0
0.0
13.0
0.0
0.0
0.0
0.0
0.0
0.0
0.0
0.0
0.0
0.0
0.0
0.0
0.0
0.0
0.0
0.0
0.0
0.0
0.0
0.0
0.0
0.0
0.0
NaN
0.0
0.0
0.0
23.0
0.0
0.0
0.0
0.0
0.0
0.0
0.0
0.0
0.0
0.0
0.0
0.0
0.0
0.0
0.0
0.0
10.0
0.0
0.0
0.0
NaN
0.0
0.0
0.0
0.0
0.0
0.0
10.0
3.0
0.0
0.0
0.0
0.0
3.0
0.0
0.0
3.0
NaN
0.0
0.0
0.0
3.0
NaN
16.0
NaN
0.0
0.0
0.0
13.0
3.0
25.0
0.0
31.0
98.0
0.0
30.0
0.0
0.0
0.0
5.0
43.0
0.0
0.0
NaN
NaN
NaN
0.0
134.0
3.0
0.0
5.0
3.0
208.0
0.0
0.0
3.0
0.0
NaN
8.0
13.0
0.0
0.0
0.0
0.0
10.0
3.0
0.0
0.0
13.0
0.0
150.0
5.0
0.0
0.0
0.0
0.0
0.0
0.0
NaN
0.0
0.0
0.0
0.0
8.0
0.0
0.0
56.0
193.0
0.0
0.0
0.0
0.0
20.0
0.0
0.0
0.0
0.0
3.0
48.0
0.0
0.0
0.0
0.0
8.0
298.0
191.0
48.0
5.0
3.0
149.0
5.0
179.0
0.0
0.0
0.0
3.0
0.0
0.0
0.0
0.0
0.0
151.0
5.0
0.0
0.0
0.0
45.0
416.0
28.0
3.0
0.0
0.0
0.0
0.0
0.0
0.0
8.0
0.0
0.0
0.0
216.0
155.0
3.0
NaN
NaN
0.0
63.0
3.0
0.0
NaN
NaN
0.0
0.0
5.0
26.0
0.0
0.0
8.0
158.0
559.0
0.0
8.0
0.0
0.0
0.0
3.0
0.0
15.0
0.0
0.0
294.0
0.0
0.0
3.0
0.0
0.0
0.0
0.0
0.0
0.0
5.0
188.0
3.0
NaN
NaN
0.0
0.0
0.0
45.0
3.0
0.0
21.0
0.0
0.0
0.0
0.0
0.0
0.0
23.0
0.0
0.0
0.0
0.0
0.0
NaN
0.0
0.0
0.0
0.0
0.0
0.0
0.0
0.0
0.0
0.0
0.0
0.0
0.0
13.0
48.0
0.0
0.0
0.0
0.0
48.0
41.0
5.0
NaN
0.0
3.0
10.0
3.0
10.0
36.0
256.0
13.0
14.0
0.0
0.0
0.0
108.0
48.0
NaN
0.0
0.0
0.0
0.0
52.0
3.0
0.0
0.0
0.0
3.0
NaN
NaN
0.0
0.0
0.0
0.0
0.0
0.0
0.0
0.0
0.0
0.0
0.0
18.0
0.0
0.0
0.0
0.0
0.0
0.0
0.0
0.0
0.0
0.0
0.0
0.0
0.0
0.0
0.0
0.0
NaN
0.0
0.0
0.0
0.0
0.0
0.0
NaN
5.0
0.0
0.0
0.0
0.0
0.0
0.0
0.0
0.0
0.0
0.0
0.0
0.0
0.0
NaN
NaN
0.0
0.0
0.0
0.0
0.0
0.0
0.0
0.0
0.0
0.0
0.0
0.0
0.0
0.0
0.0
0.0
0.0
0.0
0.0
0.0
0.0
0.0
6.0
0.0
0.0
0.0
84.0
0.0
0.0
0.0
0.0
NaN
NaN
0.0
NaN
NaN
0.0
0.0
6.0
0.0
0.0
0.0
0.0
0.0
0.0
43.0
0.0
0.0
0.0
0.0
0.0
0.0
0.0
0.0
0.0
0.0
3.0
0.0
0.0
0.0
0.0
0.0
0.0
10.0
0.0
0.0
0.0
0.0
0.0
0.0
0.0
0.0
0.0
0.0
0.0
0.0
0.0
0.0
0.0
0.0
0.0
0.0
0.0
0.0
0.0
0.0
0.0
8.0
0.0
NaN
NaN
NaN
0.0
0.0
0.0
0.0
0.0
0.0
3.0
0.0
0.0
NaN
NaN
0.0
0.0
0.0
0.0
0.0
0.0
0.0
0.0
0.0
0.0
0.0
18.0
0.0
0.0
0.0
0.0
NaN
NaN
0.0
0.0
0.0
0.0
0.0
0.0
0.0
0.0
0.0
0.0
5.0
NaN
0.0
0.0
5.0
3.0
5.0
13.0
23.0
0.0
0.0
0.0
0.0
0.0
0.0
0.0
0.0
3.0
0.0
NaN
0.0
0.0
0.0
0.0
0.0
0.0
NaN
0.0
93.0
0.0
135.0
3.0
0.0
0.0
0.0
0.0
287.0
53.0
33.0
0.0
0.0
0.0
88.0
86.0
18.0
NaN
3.0
5.0
101.0
0.0
23.0
0.0
3.0
0.0
0.0
3.0
NaN
117.0
396.0
126.0
0.0
0.0
53.0
0.0
0.0
0.0
0.0
30.0
0.0
0.0
33.0
0.0
0.0
231.0
3.0
199.0
194.0
0.0
3.0
0.0
0.0
0.0
0.0
8.0
0.0
0.0
0.0
NaN
NaN
0.0
0.0
NaN
10.0
0.0
0.0
0.0
0.0
0.0
0.0
0.0
0.0
0.0
0.0
0.0
0.0
0.0
0.0
0.0
0.0
0.0
0.0
3.0
0.0
184.0
18.0
0.0
0.0
0.0
0.0
0.0
0.0
0.0
0.0
0.0
0.0
0.0
0.0
0.0
0.0
0.0
0.0
0.0
0.0
10.0
0.0
0.0
0.0
0.0
0.0
74.0
55.0
3.0
NaN
0.0
71.0
103.0
NaN
NaN
3.0
NaN
NaN
NaN
NaN
0.0
3.0
0.0
0.0
0.0
0.0
0.0
0.0
0.0
0.0
0.0
5.0
0.0
30.0
15.0
0.0
NaN
NaN
NaN
NaN
NaN
NaN
NaN
NaN
NaN
NaN
NaN
NaN
NaN
NaN
NaN
NaN
NaN
0.0
0.0
NaN
NaN
NaN
NaN
NaN
NaN
NaN
NaN
0.0
0.0
NaN
NaN
NaN
NaN
NaN
NaN
NaN
NaN
