NaN
21.9
28.4967741935
21.6766666667
17.4633333333
13.0419354839
0.18
-9.11666666667
-8.5
-6.75172413793
1.62903225806
7.62
18.5172413793
22.2344827586
24.2482758621
24.2259259259
19.0533333333
13.5066666667
NaN
-11.8733333333
-8.87333333333
-6.512
-2.54838709677
11.7642857143
18.1935483871
22.0866666667
NaN
NaN
23.7931034483
NaN
6.75517241379
-14.45
-6.81935483871
-5.58695652174
8.29
12.2833333333
15.6275862069
21.2827586207
22.9741935484
21.7580645161
15.6428571429
13.31
-1.65
-10.0322580645
-8.86129032258
-8.76071428571
-5.21666666667
9.12
19.0166666667
21.2071428571
24.8129032258
25.2322580645
23.95
13.375
0.133333333333
0.116666666667
-2.98965517241
-0.534482758621
5.32666666667
11.0333333333
17.4838709677
22.224137931
25.1166666667
24.3387096774
21.5172413793
6.45161290323
NaN
-11.564516129
-8.13333333333
-3.17857142857
-4.38709677419
4.07142857143
21.25
20.1833333333
23.3275862069
25.7407407407
NaN
10.7903225806
-3.68965517241
-12.2321428571
-4.83333333333
-12.9642857143
-2.72222222222
8.148
16.5185185185
19.88
25.4516129032
23.6034482759
18.2333333333
13.99
-3.73214285714
-4.78571428571
NaN
NaN
NaN
NaN
NaN
NaN
NaN
NaN
NaN
NaN
NaN
NaN
NaN
NaN
NaN
NaN
NaN
NaN
NaN
NaN
NaN
NaN
NaN
NaN
NaN
