0.0
0.0
0.0
0.0
NaN
0.0
0.0
0.0
0.0
104.0
264.0
0.0
2.0
0.0
72.0
0.0
0.0
0.0
0.0
0.0
0.0
0.0
0.0
76.0
0.0
16.0
0.0
2.0
104.0
0.0
0.0
3.0
0.0
22.0
0.0
17.0
0.0
8.0
118.0
4.0
14.0
0.0
38.0
0.0
156.0
76.0
0.0
0.0
16.0
0.0
0.0
124.0
132.0
6.0
218.0
10.0
0.0
0.0
84.0
4.0
0.0
0.0
148.0
24.0
16.0
0.0
0.0
0.0
0.0
0.0
0.0
0.0
138.0
0.0
0.0
0.0
0.0
0.0
0.0
20.0
60.0
0.0
0.0
0.0
0.0
0.0
0.0
0.0
44.0
14.0
0.0
0.0
0.0
16.0
100.0
154.0
0.0
0.0
6.0
308.0
14.0
0.0
0.0
80.0
0.0
4.0
14.0
0.0
0.0
0.0
0.0
0.0
0.0
0.0
102.0
0.0
0.0
6.0
0.0
20.0
144.0
6.0
2.0
106.0
8.0
8.0
242.0
6.0
4.0
66.0
14.0
470.0
0.0
154.0
0.0
22.0
12.0
0.0
0.0
0.0
0.0
80.0
10.0
0.0
4.0
0.0
0.0
4.0
92.0
0.0
4.0
0.0
0.0
130.0
0.0
0.0
0.0
20.0
298.0
12.0
0.0
0.0
0.0
0.0
0.0
0.0
22.0
66.0
0.0
240.0
84.0
28.0
34.0
0.0
0.0
16.0
0.0
0.0
0.0
0.0
0.0
0.0
0.0
0.0
0.0
0.0
0.0
0.0
70.0
0.0
0.0
0.0
0.0
10.0
0.0
0.0
0.0
0.0
0.0
116.0
36.0
0.0
0.0
70.0
0.0
0.0
0.0
0.0
0.0
6.0
0.0
0.0
0.0
0.0
54.0
12.0
0.0
0.0
0.0
0.0
30.0
0.0
0.0
0.0
0.0
0.0
2.0
14.0
0.0
0.0
0.0
4.0
2.0
0.0
4.0
0.0
0.0
0.0
2.0
0.0
40.0
0.0
0.0
10.0
40.0
0.0
40.0
20.0
130.0
0.0
0.0
0.0
2.0
0.0
0.0
0.0
10.0
4.0
0.0
0.0
20.0
0.0
0.0
2.0
0.0
0.0
30.0
70.0
6.0
0.0
0.0
20.0
20.0
20.0
0.0
0.0
10.0
0.0
100.0
0.0
14.0
10.0
30.0
0.0
0.0
0.0
20.0
0.0
0.0
0.0
0.0
0.0
0.0
50.0
0.0
25.0
0.0
70.0
0.0
0.0
0.0
0.0
0.0
0.0
64.0
0.0
0.0
20.0
0.0
0.0
0.0
0.0
0.0
2.0
64.0
126.0
18.0
0.0
0.0
20.0
0.0
50.0
0.0
0.0
0.0
0.0
0.0
38.0
4.0
0.0
0.0
0.0
0.0
132.0
0.0
0.0
0.0
150.0
10.0
0.0
0.0
0.0
0.0
0.0
10.0
20.0
116.0
74.0
0.0
0.0
84.0
32.0
0.0
40.0
70.0
0.0
0.0
0.0
0.0
0.0
24.0
0.0
0.0
0.0
0.0
0.0
0.0
0.0
0.0
16.0
0.0
88.0
0.0
0.0
0.0
4.0
0.0
0.0
0.0
0.0
0.0
14.0
42.0
40.0
4.0
0.0
0.0
4.0
0.0
0.0
0.0
0.0
10.0
0.0
0.0
0.0
244.0
0.0
0.0
0.0
0.0
0.0
2.0
0.0
0.0
46.0
0.0
14.0
0.0
4.0
86.0
0.0
6.0
26.0
110.0
8.0
10.0
98.0
10.0
62.0
8.0
0.0
0.0
0.0
0.0
0.0
20.0
80.0
0.0
0.0
0.0
0.0
0.0
0.0
0.0
0.0
74.0
54.0
0.0
2.0
20.0
2.0
0.0
0.0
0.0
0.0
0.0
0.0
0.0
2.0
0.0
0.0
18.0
26.0
0.0
12.0
0.0
0.0
0.0
8.0
0.0
0.0
0.0
0.0
110.0
14.0
10.0
0.0
0.0
0.0
0.0
0.0
0.0
0.0
0.0
60.0
0.0
0.0
206.0
62.0
4.0
4.0
10.0
50.0
0.0
0.0
10.0
0.0
310.0
100.0
44.0
0.0
202.0
0.0
0.0
0.0
0.0
0.0
10.0
0.0
98.0
8.0
68.0
0.0
146.0
6.0
0.0
16.0
0.0
0.0
0.0
118.0
4.0
0.0
0.0
0.0
0.0
4.0
0.0
10.0
0.0
0.0
0.0
42.0
188.0
72.0
0.0
46.0
30.0
18.0
22.0
74.0
38.0
2.0
6.0
0.0
0.0
92.0
0.0
0.0
0.0
0.0
0.0
0.0
0.0
2.0
12.0
0.0
0.0
68.0
132.0
0.0
20.0
10.0
0.0
0.0
0.0
0.0
12.0
180.0
104.0
0.0
60.0
0.0
0.0
0.0
0.0
18.0
94.0
0.0
0.0
20.0
0.0
10.0
40.0
0.0
32.0
14.0
16.0
4.0
124.0
14.0
0.0
241.0
0.0
0.0
0.0
30.0
40.0
0.0
0.0
60.0
14.0
14.0
0.0
0.0
0.0
0.0
0.0
0.0
10.0
88.0
132.0
156.0
0.0
40.0
126.0
0.0
0.0
30.0
0.0
0.0
0.0
0.0
0.0
30.0
80.0
0.0
0.0
148.0
24.0
0.0
20.0
0.0
0.0
10.0
0.0
0.0
0.0
0.0
0.0
0.0
0.0
0.0
10.0
0.0
0.0
0.0
0.0
10.0
10.0
0.0
10.0
80.0
0.0
10.0
10.0
0.0
0.0
0.0
0.0
0.0
0.0
0.0
0.0
0.0
10.0
0.0
0.0
0.0
0.0
0.0
120.0
0.0
0.0
0.0
0.0
0.0
0.0
10.0
10.0
100.0
0.0
0.0
42.0
40.0
100.0
72.0
0.0
0.0
0.0
0.0
4.0
14.0
0.0
0.0
148.0
94.0
0.0
110.0
80.0
0.0
0.0
0.0
0.0
10.0
0.0
0.0
0.0
0.0
0.0
40.0
20.0
22.0
0.0
12.0
52.0
0.0
88.0
38.0
0.0
0.0
66.0
118.0
0.0
0.0
0.0
0.0
0.0
20.0
10.0
0.0
0.0
0.0
0.0
0.0
0.0
216.0
0.0
154.0
94.0
192.0
62.0
0.0
0.0
116.0
186.0
0.0
0.0
0.0
0.0
0.0
0.0
54.0
0.0
0.0
0.0
0.0
96.0
10.0
0.0
192.0
18.0
62.0
88.0
74.0
0.0
0.0
186.0
72.0
68.0
16.0
2.0
0.0
32.0
18.0
26.0
4.0
0.0
108.0
0.0
0.0
0.0
0.0
0.0
44.0
0.0
0.0
0.0
0.0
0.0
0.0
0.0
0.0
0.0
0.0
0.0
0.0
0.0
0.0
156.0
0.0
0.0
0.0
0.0
4.0
0.0
2.0
18.0
0.0
0.0
0.0
0.0
0.0
0.0
0.0
0.0
0.0
0.0
16.0
0.0
58.0
0.0
62.0
0.0
0.0
0.0
0.0
46.0
0.0
0.0
104.0
24.0
0.0
348.0
0.0
0.0
0.0
8.0
102.0
0.0
0.0
0.0
0.0
0.0
4.0
0.0
0.0
444.0
0.0
10.0
0.0
70.0
20.0
0.0
0.0
0.0
0.0
112.0
0.0
148.0
0.0
0.0
0.0
0.0
0.0
0.0
0.0
30.0
0.0
0.0
72.0
32.0
2.0
4.0
0.0
0.0
0.0
226.0
0.0
32.0
152.0
426.0
4.0
8.0
8.0
0.0
76.0
0.0
0.0
0.0
0.0
0.0
0.0
20.0
366.0
10.0
28.0
6.0
158.0
2.0
0.0
0.0
10.0
42.0
64.0
224.0
0.0
0.0
0.0
0.0
0.0
0.0
0.0
28.0
10.0
0.0
52.0
0.0
2.0
2.0
0.0
0.0
0.0
0.0
42.0
0.0
0.0
0.0
0.0
0.0
0.0
0.0
0.0
20.0
0.0
0.0
0.0
40.0
40.0
0.0
0.0
32.0
136.0
18.0
0.0
64.0
2.0
0.0
0.0
0.0
40.0
20.0
40.0
10.0
10.0
0.0
0.0
0.0
70.0
0.0
60.0
0.0
0.0
20.0
38.0
0.0
10.0
50.0
70.0
0.0
0.0
0.0
0.0
60.0
30.0
0.0
0.0
0.0
20.0
10.0
40.0
0.0
0.0
0.0
10.0
0.0
10.0
0.0
60.0
0.0
10.0
10.0
0.0
0.0
0.0
0.0
50.0
0.0
0.0
0.0
0.0
0.0
0.0
0.0
10.0
20.0
0.0
20.0
0.0
10.0
10.0
10.0
0.0
0.0
0.0
0.0
110.0
10.0
100.0
20.0
0.0
0.0
0.0
0.0
0.0
2.0
12.0
184.0
12.0
0.0
0.0
24.0
14.0
104.0
0.0
0.0
0.0
0.0
0.0
0.0
0.0
0.0
0.0
0.0
0.0
0.0
0.0
0.0
30.0
10.0
0.0
0.0
0.0
30.0
0.0
0.0
0.0
0.0
90.0
30.0
0.0
0.0
0.0
6.0
10.0
30.0
0.0
0.0
0.0
0.0
0.0
0.0
0.0
0.0
0.0
0.0
0.0
0.0
4.0
142.0
18.0
0.0
0.0
0.0
0.0
0.0
0.0
12.0
NaN
NaN
130.0
8.0
0.0
0.0
0.0
0.0
0.0
24.0
10.0
0.0
0.0
0.0
2.0
0.0
92.0
8.0
0.0
0.0
0.0
0.0
0.0
0.0
0.0
80.0
0.0
8.0
28.0
0.0
0.0
0.0
0.0
26.0
0.0
0.0
20.0
10.0
238.0
36.0
38.0
278.0
14.0
0.0
10.0
130.0
78.0
0.0
0.0
32.0
4.0
0.0
26.0
72.0
0.0
0.0
12.0
220.0
0.0
170.0
66.0
0.0
0.0
0.0
8.0
12.0
0.0
0.0
0.0
0.0
80.0
236.0
4.0
60.0
92.0
26.0
8.0
0.0
0.0
0.0
76.0
0.0
24.0
72.0
6.0
0.0
0.0
54.0
20.0
0.0
226.0
20.0
202.0
20.0
70.0
0.0
0.0
0.0
0.0
0.0
0.0
0.0
10.0
2.0
0.0
0.0
34.0
34.0
90.0
0.0
0.0
0.0
0.0
10.0
86.0
0.0
248.0
0.0
0.0
0.0
0.0
60.0
248.0
8.0
0.0
0.0
18.0
0.0
0.0
0.0
282.0
0.0
0.0
0.0
0.0
0.0
0.0
156.0
52.0
14.0
0.0
52.0
4.0
0.0
4.0
0.0
0.0
0.0
72.0
316.0
6.0
292.0
0.0
0.0
8.0
32.0
0.0
0.0
0.0
0.0
0.0
8.0
0.0
138.0
44.0
0.0
0.0
28.0
0.0
0.0
0.0
46.0
86.0
30.0
0.0
0.0
40.0
20.0
0.0
0.0
0.0
0.0
0.0
0.0
0.0
0.0
38.0
0.0
134.0
10.0
122.0
0.0
0.0
0.0
140.0
0.0
64.0
0.0
0.0
18.0
46.0
378.0
0.0
0.0
8.0
10.0
0.0
0.0
0.0
68.0
10.0
50.0
0.0
0.0
0.0
196.0
30.0
0.0
0.0
0.0
0.0
0.0
18.0
0.0
0.0
0.0
0.0
12.0
144.0
0.0
32.0
10.0
0.0
40.0
0.0
NaN
NaN
90.0
0.0
0.0
6.0
12.0
130.0
0.0
10.0
0.0
40.0
0.0
0.0
20.0
0.0
38.0
0.0
0.0
0.0
0.0
10.0
2.0
160.0
2.0
20.0
0.0
50.0
0.0
0.0
0.0
NaN
0.0
90.0
0.0
0.0
0.0
0.0
50.0
30.0
10.0
0.0
0.0
20.0
60.0
0.0
10.0
0.0
NaN
0.0
NaN
0.0
0.0
80.0
0.0
0.0
10.0
NaN
0.0
0.0
0.0
0.0
0.0
0.0
0.0
0.0
0.0
0.0
0.0
50.0
60.0
0.0
0.0
70.0
10.0
30.0
30.0
0.0
150.0
0.0
86.0
20.0
0.0
0.0
0.0
20.0
40.0
0.0
0.0
80.0
0.0
0.0
30.0
30.0
0.0
0.0
138.0
28.0
0.0
0.0
0.0
100.0
0.0
0.0
0.0
0.0
0.0
0.0
0.0
0.0
0.0
0.0
58.0
0.0
28.0
0.0
10.0
