24.0
25.0
19.5
22.5
23.0
15.5
19.5
19.0
18.0
18.5
19.5
20.0
20.0
20.5
24.0
20.0
15.0
16.5
19.0
20.0
16.5
21.0
20.5
21.0
26.0
26.0
20.0
23.0
26.0
29.0
22.0
27.0
30.5
28.5
27.0
26.0
22.0
20.0
22.0
24.0
25.5
28.0
27.0
21.0
20.0
22.0
23.5
27.5
30.5
20.5
24.5
25.5
18.5
16.5
22.0
24.0
27.5
25.5
21.0
13.5
21.0
22.0
24.0
25.0
25.0
26.5
28.0
27.0
27.0
30.0
32.5
26.5
25.5
21.0
25.0
30.0
30.5
24.0
28.0
31.0
26.5
26.0
27.0
29.0
28.0
28.5
29.5
31.0
28.5
24.0
11.5
21.0
25.0
10.0
14.0
18.0
20.0
22.0
26.0
31.0
32.0
21.5
27.0
18.5
17.5
19.5
19.0
25.0
31.0
28.0
27.5
12.5
16.5
12.0
10.5
15.5
8.0
11.5
9.0
7.0
6.0
5.0
15.5
7.0
13.0
13.0
13.0
15.5
16.5
11.0
NaN
9.0
8.0
3.5
3.0
17.5
13.5
6.0
14.5
18.0
10.0
-2.0
-3.0
-2.0
3.0
-3.5
2.0
-4.0
1.5
9.0
3.0
7.0
6.0
