NaN
NaN
NaN
NaN
0.0
0.0
0.0
0.0
0.0
0.0
0.0
0.0
160.0
0.0
0.0
0.0
0.0
208.0
58.0
0.0
0.0
0.0
0.0
30.0
0.0
152.0
0.0
0.0
NaN
NaN
0.0
0.0
0.0
0.0
0.0
36.0
0.0
0.0
76.0
0.0
0.0
0.0
0.0
0.0
0.0
0.0
0.0
0.0
0.0
0.0
0.0
0.0
102.0
224.0
0.0
0.0
0.0
0.0
0.0
0.0
0.0
0.0
0.0
0.0
0.0
0.0
0.0
0.0
229.0
0.0
0.0
0.0
0.0
0.0
0.0
46.0
0.0
0.0
0.0
0.0
41.0
0.0
0.0
0.0
46.0
0.0
320.0
0.0
0.0
0.0
0.0
0.0
254.0
0.0
191.0
0.0
0.0
0.0
0.0
0.0
0.0
0.0
0.0
178.0
0.0
0.0
0.0
0.0
0.0
0.0
0.0
279.0
0.0
0.0
0.0
305.0
0.0
0.0
0.0
0.0
0.0
0.0
