0.0
0.0
0.0
0.0
0.0
0.0
0.0
0.0
0.0
0.0
79.0
0.0
0.0
0.0
0.0
5.0
0.0
0.0
0.0
0.0
0.0
0.0
0.0
13.0
46.0
23.0
8.0
140.0
51.0
25.0
0.0
94.0
0.0
0.0
25.0
0.0
28.0
5.0
0.0
0.0
130.0
0.0
58.0
0.0
0.0
0.0
23.0
18.0
0.0
0.0
0.0
0.0
124.0
23.0
48.0
0.0
0.0
0.0
25.0
10.0
0.0
0.0
0.0
0.0
0.0
0.0
0.0
0.0
0.0
0.0
0.0
3.0
0.0
0.0
0.0
13.0
0.0
0.0
0.0
0.0
0.0
81.0
0.0
0.0
0.0
0.0
5.0
0.0
13.0
102.0
0.0
0.0
0.0
97.0
0.0
0.0
33.0
0.0
0.0
0.0
0.0
0.0
64.0
10.0
0.0
23.0
18.0
0.0
0.0
0.0
0.0
38.0
69.0
3.0
0.0
10.0
15.0
0.0
0.0
0.0
0.0
0.0
0.0
0.0
0.0
0.0
0.0
0.0
0.0
0.0
76.0
0.0
0.0
0.0
0.0
0.0
0.0
0.0
0.0
0.0
0.0
0.0
0.0
0.0
0.0
0.0
112.0
20.0
97.0
114.0
20.0
5.0
23.0
25.0
0.0
0.0
0.0
0.0
0.0
0.0
0.0
15.0
0.0
0.0
0.0
0.0
0.0
0.0
0.0
46.0
3.0
0.0
0.0
0.0
0.0
0.0
51.0
0.0
0.0
15.0
25.0
0.0
84.0
8.0
0.0
81.0
51.0
0.0
0.0
51.0
20.0
0.0
0.0
0.0
0.0
0.0
0.0
15.0
13.0
5.0
0.0
8.0
0.0
20.0
3.0
13.0
0.0
13.0
0.0
0.0
0.0
0.0
3.0
0.0
0.0
10.0
0.0
8.0
3.0
0.0
0.0
0.0
0.0
0.0
0.0
0.0
30.0
0.0
0.0
0.0
0.0
0.0
10.0
0.0
0.0
0.0
0.0
0.0
0.0
3.0
0.0
25.0
0.0
0.0
0.0
0.0
0.0
0.0
0.0
0.0
0.0
0.0
0.0
8.0
33.0
0.0
0.0
0.0
0.0
0.0
0.0
0.0
0.0
0.0
0.0
0.0
0.0
0.0
0.0
0.0
0.0
0.0
0.0
0.0
0.0
0.0
0.0
0.0
0.0
0.0
0.0
0.0
0.0
0.0
0.0
0.0
0.0
0.0
0.0
8.0
0.0
0.0
0.0
0.0
0.0
0.0
15.0
86.0
0.0
0.0
0.0
0.0
0.0
56.0
25.0
0.0
0.0
0.0
0.0
0.0
0.0
0.0
0.0
0.0
0.0
5.0
0.0
0.0
0.0
0.0
254.0
155.0
5.0
0.0
0.0
0.0
5.0
0.0
0.0
0.0
0.0
0.0
3.0
0.0
0.0
0.0
0.0
0.0
0.0
38.0
0.0
0.0
10.0
0.0
0.0
0.0
0.0
0.0
0.0
0.0
0.0
0.0
0.0
0.0
0.0
0.0
0.0
0.0
0.0
0.0
0.0
79.0
0.0
0.0
0.0
0.0
0.0
0.0
191.0
241.0
0.0
0.0
0.0
0.0
0.0
0.0
0.0
0.0
13.0
15.0
20.0
8.0
0.0
109.0
0.0
0.0
0.0
0.0
0.0
0.0
107.0
48.0
0.0
18.0
84.0
0.0
41.0
145.0
18.0
0.0
0.0
0.0
0.0
0.0
0.0
23.0
58.0
0.0
0.0
41.0
0.0
0.0
0.0
0.0
0.0
0.0
0.0
0.0
198.0
10.0
89.0
51.0
91.0
0.0
10.0
5.0
0.0
0.0
0.0
0.0
0.0
0.0
0.0
8.0
0.0
15.0
0.0
0.0
3.0
0.0
0.0
0.0
0.0
107.0
0.0
0.0
0.0
0.0
5.0
76.0
0.0
0.0
0.0
0.0
0.0
0.0
0.0
3.0
0.0
51.0
0.0
48.0
0.0
15.0
0.0
0.0
0.0
0.0
0.0
28.0
0.0
0.0
0.0
0.0
0.0
3.0
18.0
0.0
0.0
0.0
0.0
0.0
165.0
0.0
0.0
0.0
20.0
0.0
142.0
0.0
18.0
0.0
0.0
81.0
5.0
0.0
3.0
0.0
0.0
15.0
0.0
0.0
41.0
25.0
191.0
0.0
0.0
0.0
0.0
0.0
0.0
0.0
5.0
0.0
0.0
0.0
279.0
0.0
0.0
10.0
5.0
152.0
0.0
25.0
0.0
0.0
0.0
0.0
0.0
0.0
0.0
0.0
25.0
0.0
0.0
0.0
13.0
0.0
5.0
25.0
30.0
13.0
76.0
0.0
0.0
0.0
0.0
0.0
0.0
0.0
0.0
0.0
25.0
0.0
0.0
0.0
0.0
0.0
0.0
10.0
0.0
0.0
25.0
13.0
0.0
0.0
15.0
0.0
25.0
0.0
38.0
0.0
0.0
0.0
0.0
0.0
0.0
0.0
10.0
0.0
5.0
0.0
0.0
5.0
8.0
30.0
102.0
0.0
0.0
0.0
0.0
0.0
0.0
13.0
23.0
41.0
0.0
0.0
51.0
0.0
0.0
0.0
0.0
0.0
0.0
0.0
0.0
0.0
0.0
0.0
0.0
0.0
0.0
0.0
0.0
0.0
0.0
0.0
0.0
0.0
20.0
10.0
8.0
10.0
5.0
5.0
8.0
0.0
0.0
20.0
0.0
0.0
0.0
0.0
0.0
8.0
3.0
0.0
0.0
0.0
0.0
0.0
0.0
127.0
114.0
0.0
0.0
0.0
0.0
0.0
0.0
0.0
0.0
0.0
0.0
0.0
0.0
8.0
5.0
0.0
0.0
0.0
0.0
0.0
0.0
61.0
168.0
0.0
0.0
0.0
0.0
0.0
0.0
0.0
0.0
0.0
0.0
10.0
28.0
0.0
0.0
0.0
0.0
0.0
10.0
0.0
0.0
0.0
13.0
5.0
0.0
48.0
0.0
0.0
0.0
0.0
0.0
0.0
0.0
0.0
0.0
5.0
0.0
0.0
76.0
0.0
0.0
8.0
0.0
0.0
5.0
0.0
0.0
0.0
3.0
0.0
0.0
66.0
0.0
0.0
0.0
30.0
0.0
114.0
89.0
13.0
0.0
0.0
0.0
0.0
0.0
43.0
0.0
0.0
25.0
0.0
0.0
0.0
0.0
0.0
0.0
0.0
10.0
211.0
18.0
0.0
0.0
224.0
69.0
0.0
0.0
0.0
0.0
0.0
0.0
0.0
99.0
25.0
0.0
0.0
0.0
0.0
0.0
0.0
0.0
0.0
0.0
0.0
0.0
394.0
0.0
0.0
0.0
107.0
30.0
48.0
0.0
0.0
0.0
0.0
0.0
0.0
33.0
89.0
0.0
0.0
0.0
0.0
3.0
0.0
0.0
0.0
213.0
13.0
0.0
53.0
15.0
36.0
180.0
0.0
0.0
0.0
0.0
0.0
0.0
13.0
0.0
0.0
0.0
0.0
33.0
8.0
0.0
0.0
0.0
0.0
0.0
0.0
0.0
8.0
0.0
0.0
0.0
5.0
0.0
18.0
0.0
30.0
0.0
0.0
0.0
0.0
0.0
25.0
0.0
0.0
64.0
36.0
18.0
0.0
0.0
0.0
0.0
0.0
0.0
81.0
86.0
0.0
0.0
193.0
0.0
0.0
0.0
5.0
0.0
0.0
0.0
0.0
0.0
23.0
0.0
0.0
23.0
0.0
0.0
0.0
0.0
0.0
0.0
0.0
0.0
0.0
0.0
0.0
0.0
0.0
0.0
0.0
0.0
76.0
0.0
0.0
0.0
0.0
0.0
0.0
0.0
0.0
30.0
0.0
0.0
0.0
0.0
46.0
0.0
0.0
0.0
0.0
0.0
8.0
0.0
8.0
0.0
15.0
0.0
0.0
0.0
51.0
0.0
18.0
0.0
0.0
0.0
0.0
0.0
0.0
0.0
0.0
0.0
0.0
0.0
0.0
0.0
0.0
0.0
0.0
0.0
0.0
0.0
0.0
0.0
10.0
51.0
0.0
38.0
13.0
13.0
38.0
5.0
0.0
0.0
8.0
0.0
0.0
10.0
8.0
0.0
0.0
0.0
0.0
0.0
0.0
0.0
10.0
0.0
0.0
0.0
0.0
0.0
0.0
0.0
5.0
5.0
0.0
0.0
0.0
0.0
0.0
0.0
0.0
0.0
0.0
0.0
0.0
0.0
0.0
0.0
0.0
3.0
10.0
28.0
0.0
0.0
0.0
0.0
8.0
43.0
0.0
0.0
0.0
0.0
0.0
0.0
0.0
0.0
0.0
0.0
0.0
0.0
0.0
0.0
3.0
30.0
0.0
64.0
41.0
0.0
0.0
23.0
30.0
3.0
0.0
28.0
0.0
0.0
0.0
0.0
0.0
0.0
0.0
0.0
20.0
5.0
0.0
0.0
0.0
8.0
0.0
0.0
0.0
0.0
0.0
0.0
0.0
0.0
0.0
0.0
0.0
13.0
0.0
0.0
0.0
0.0
0.0
0.0
0.0
0.0
0.0
0.0
33.0
0.0
0.0
86.0
0.0
132.0
107.0
0.0
0.0
0.0
0.0
0.0
0.0
0.0
0.0
0.0
0.0
0.0
0.0
0.0
132.0
5.0
0.0
0.0
0.0
0.0
0.0
0.0
0.0
0.0
0.0
0.0
0.0
0.0
0.0
0.0
41.0
20.0
0.0
0.0
142.0
0.0
0.0
0.0
0.0
0.0
0.0
0.0
102.0
58.0
51.0
0.0
0.0
48.0
61.0
0.0
23.0
0.0
0.0
0.0
434.0
193.0
43.0
8.0
94.0
79.0
5.0
18.0
0.0
0.0
5.0
0.0
0.0
0.0
0.0
0.0
0.0
53.0
0.0
0.0
0.0
0.0
8.0
0.0
0.0
51.0
0.0
0.0
0.0
10.0
0.0
0.0
0.0
23.0
0.0
0.0
0.0
0.0
0.0
8.0
28.0
0.0
102.0
0.0
0.0
5.0
0.0
0.0
0.0
0.0
0.0
0.0
0.0
196.0
0.0
102.0
0.0
0.0
13.0
0.0
0.0
0.0
0.0
0.0
0.0
201.0
0.0
0.0
0.0
0.0
0.0
3.0
0.0
0.0
188.0
0.0
0.0
18.0
140.0
0.0
0.0
264.0
56.0
8.0
0.0
0.0
0.0
0.0
0.0
0.0
81.0
81.0
51.0
0.0
0.0
0.0
0.0
0.0
0.0
0.0
0.0
43.0
320.0
0.0
0.0
0.0
0.0
0.0
0.0
0.0
305.0
76.0
0.0
0.0
0.0
0.0
0.0
0.0
0.0
142.0
33.0
38.0
0.0
0.0
0.0
0.0
0.0
0.0
0.0
0.0
0.0
0.0
0.0
0.0
76.0
0.0
0.0
0.0
0.0
28.0
0.0
0.0
0.0
0.0
0.0
76.0
0.0
0.0
0.0
0.0
0.0
38.0
89.0
64.0
0.0
0.0
0.0
0.0
8.0
51.0
61.0
0.0
0.0
0.0
25.0
10.0
0.0
0.0
0.0
0.0
0.0
30.0
0.0
0.0
0.0
0.0
25.0
84.0
0.0
25.0
0.0
0.0
0.0
0.0
0.0
0.0
0.0
5.0
0.0
0.0
0.0
0.0
0.0
0.0
25.0
25.0
10.0
0.0
0.0
0.0
0.0
0.0
0.0
0.0
0.0
0.0
0.0
0.0
0.0
0.0
0.0
0.0
0.0
30.0
25.0
36.0
15.0
5.0
0.0
0.0
0.0
0.0
0.0
0.0
0.0
102.0
5.0
30.0
127.0
20.0
5.0
0.0
5.0
5.0
0.0
10.0
0.0
0.0
0.0
5.0
13.0
25.0
0.0
0.0
0.0
25.0
8.0
0.0
33.0
0.0
0.0
0.0
0.0
0.0
0.0
0.0
0.0
0.0
0.0
0.0
64.0
25.0
13.0
0.0
0.0
0.0
0.0
46.0
0.0
0.0
0.0
0.0
25.0
30.0
0.0
0.0
64.0
0.0
0.0
0.0
0.0
0.0
0.0
0.0
0.0
0.0
0.0
0.0
0.0
0.0
0.0
64.0
0.0
0.0
0.0
0.0
0.0
0.0
0.0
0.0
0.0
0.0
66.0
0.0
0.0
0.0
0.0
0.0
0.0
0.0
5.0
46.0
0.0
0.0
0.0
0.0
173.0
135.0
150.0
0.0
5.0
53.0
0.0
5.0
38.0
13.0
41.0
3.0
0.0
0.0
142.0
69.0
0.0
0.0
0.0
0.0
0.0
0.0
0.0
130.0
259.0
43.0
114.0
5.0
0.0
0.0
0.0
13.0
0.0
0.0
0.0
13.0
0.0
41.0
0.0
41.0
0.0
0.0
30.0
0.0
0.0
0.0
0.0
0.0
53.0
38.0
0.0
0.0
0.0
43.0
0.0
0.0
0.0
0.0
0.0
0.0
0.0
0.0
0.0
0.0
0.0
0.0
0.0
0.0
0.0
23.0
0.0
0.0
23.0
66.0
0.0
0.0
0.0
0.0
0.0
0.0
0.0
0.0
0.0
0.0
0.0
0.0
0.0
0.0
117.0
66.0
0.0
0.0
10.0
51.0
0.0
0.0
20.0
81.0
0.0
0.0
0.0
0.0
0.0
0.0
0.0
0.0
0.0
0.0
20.0
0.0
36.0
33.0
0.0
23.0
28.0
0.0
0.0
231.0
0.0
0.0
0.0
0.0
0.0
0.0
20.0
51.0
23.0
0.0
0.0
0.0
0.0
0.0
0.0
0.0
0.0
0.0
69.0
193.0
81.0
0.0
0.0
25.0
25.0
3.0
53.0
0.0
0.0
0.0
0.0
0.0
0.0
20.0
0.0
0.0
0.0
23.0
107.0
15.0
0.0
0.0
0.0
0.0
3.0
0.0
0.0
0.0
0.0
0.0
0.0
0.0
0.0
38.0
20.0
0.0
0.0
0.0
0.0
0.0
0.0
0.0
0.0
0.0
0.0
0.0
0.0
0.0
0.0
0.0
0.0
23.0
0.0
0.0
0.0
0.0
0.0
0.0
0.0
0.0
0.0
23.0
0.0
0.0
0.0
0.0
0.0
0.0
0.0
15.0
0.0
0.0
0.0
0.0
0.0
10.0
8.0
18.0
0.0
0.0
0.0
0.0
0.0
0.0
0.0
0.0
0.0
0.0
0.0
0.0
10.0
0.0
0.0
28.0
10.0
10.0
0.0
13.0
25.0
10.0
8.0
0.0
0.0
0.0
0.0
0.0
0.0
0.0
0.0
0.0
0.0
0.0
0.0
13.0
5.0
0.0
5.0
0.0
0.0
5.0
97.0
13.0
41.0
0.0
10.0
5.0
0.0
30.0
13.0
0.0
13.0
46.0
10.0
15.0
38.0
48.0
0.0
0.0
0.0
5.0
0.0
0.0
0.0
0.0
20.0
30.0
0.0
0.0
8.0
0.0
0.0
0.0
15.0
5.0
0.0
13.0
8.0
0.0
0.0
0.0
0.0
0.0
0.0
5.0
0.0
0.0
25.0
0.0
0.0
0.0
0.0
0.0
0.0
0.0
20.0
0.0
8.0
0.0
0.0
0.0
0.0
0.0
0.0
0.0
8.0
0.0
0.0
0.0
0.0
5.0
43.0
30.0
0.0
0.0
0.0
0.0
114.0
178.0
30.0
0.0
0.0
0.0
0.0
0.0
0.0
0.0
30.0
5.0
0.0
0.0
0.0
0.0
0.0
0.0
0.0
0.0
0.0
28.0
33.0
64.0
0.0
0.0
0.0
0.0
0.0
0.0
0.0
53.0
23.0
0.0
10.0
61.0
13.0
10.0
0.0
0.0
0.0
0.0
0.0
0.0
0.0
0.0
0.0
0.0
0.0
0.0
0.0
30.0
0.0
5.0
23.0
99.0
0.0
33.0
56.0
0.0
0.0
0.0
0.0
33.0
15.0
13.0
0.0
43.0
0.0
0.0
124.0
5.0
0.0
0.0
0.0
91.0
15.0
0.0
0.0
0.0
0.0
0.0
0.0
0.0
0.0
81.0
0.0
0.0
193.0
8.0
0.0
0.0
53.0
25.0
0.0
155.0
0.0
0.0
0.0
0.0
0.0
0.0
13.0
0.0
0.0
0.0
0.0
10.0
0.0
0.0
0.0
0.0
165.0
51.0
5.0
97.0
8.0
0.0
18.0
97.0
0.0
0.0
0.0
0.0
0.0
0.0
18.0
102.0
0.0
13.0
119.0
0.0
0.0
18.0
1524.0
13.0
0.0
81.0
122.0
0.0
0.0
0.0
81.0
10.0
0.0
0.0
0.0
99.0
0.0
74.0
165.0
399.0
28.0
0.0
0.0
0.0
0.0
0.0
0.0
0.0
46.0
8.0
23.0
38.0
160.0
0.0
13.0
53.0
5.0
0.0
0.0
0.0
0.0
0.0
0.0
0.0
340.0
56.0
0.0
0.0
0.0
0.0
0.0
0.0
0.0
0.0
0.0
25.0
0.0
0.0
0.0
0.0
36.0
0.0
0.0
0.0
58.0
0.0
0.0
0.0
0.0
0.0
76.0
0.0
0.0
0.0
0.0
0.0
0.0
0.0
0.0
0.0
0.0
0.0
10.0
8.0
0.0
0.0
0.0
0.0
0.0
0.0
0.0
0.0
0.0
0.0
30.0
0.0
0.0
0.0
0.0
0.0
0.0
0.0
0.0
0.0
0.0
0.0
0.0
0.0
0.0
0.0
0.0
0.0
0.0
0.0
20.0
152.0
76.0
0.0
0.0
0.0
51.0
0.0
0.0
0.0
0.0
0.0
0.0
0.0
0.0
89.0
0.0
3.0
5.0
0.0
0.0
25.0
0.0
0.0
0.0
0.0
0.0
0.0
0.0
0.0
0.0
5.0
0.0
5.0
25.0
25.0
0.0
0.0
0.0
13.0
0.0
0.0
0.0
0.0
8.0
5.0
3.0
0.0
0.0
0.0
0.0
0.0
10.0
0.0
8.0
0.0
20.0
13.0
5.0
0.0
0.0
0.0
13.0
46.0
0.0
0.0
10.0
0.0
0.0
0.0
0.0
0.0
0.0
0.0
0.0
13.0
25.0
3.0
0.0
0.0
0.0
36.0
53.0
0.0
0.0
0.0
41.0
0.0
0.0
0.0
8.0
0.0
8.0
23.0
0.0
3.0
122.0
0.0
0.0
0.0
0.0
8.0
0.0
0.0
0.0
0.0
0.0
10.0
0.0
0.0
0.0
0.0
0.0
203.0
10.0
0.0
0.0
25.0
0.0
114.0
0.0
46.0
46.0
0.0
0.0
0.0
0.0
0.0
0.0
0.0
0.0
0.0
0.0
0.0
0.0
0.0
0.0
0.0
0.0
0.0
0.0
348.0
15.0
18.0
0.0
0.0
0.0
0.0
0.0
0.0
0.0
0.0
0.0
0.0
0.0
5.0
0.0
0.0
0.0
0.0
0.0
0.0
0.0
0.0
0.0
0.0
0.0
61.0
0.0
0.0
0.0
0.0
0.0
0.0
0.0
0.0
0.0
0.0
0.0
0.0
0.0
0.0
0.0
0.0
0.0
0.0
0.0
0.0
0.0
0.0
13.0
23.0
0.0
0.0
0.0
5.0
0.0
71.0
25.0
15.0
0.0
0.0
102.0
10.0
0.0
0.0
0.0
0.0
0.0
0.0
211.0
124.0
0.0
61.0
0.0
0.0
0.0
0.0
0.0
0.0
0.0
0.0
0.0
0.0
5.0
0.0
0.0
0.0
25.0
0.0
3.0
0.0
0.0
0.0
0.0
0.0
0.0
0.0
0.0
0.0
3.0
0.0
0.0
15.0
0.0
53.0
0.0
0.0
0.0
0.0
0.0
0.0
0.0
0.0
0.0
5.0
0.0
0.0
119.0
0.0
0.0
0.0
0.0
0.0
0.0
0.0
0.0
0.0
0.0
0.0
0.0
0.0
0.0
0.0
25.0
0.0
0.0
0.0
0.0
0.0
0.0
8.0
0.0
0.0
0.0
5.0
0.0
0.0
0.0
0.0
5.0
0.0
0.0
0.0
0.0
0.0
0.0
0.0
0.0
0.0
0.0
0.0
0.0
3.0
0.0
0.0
0.0
0.0
0.0
0.0
0.0
0.0
0.0
0.0
0.0
8.0
3.0
0.0
0.0
0.0
0.0
5.0
15.0
0.0
0.0
0.0
0.0
0.0
0.0
0.0
0.0
0.0
0.0
0.0
0.0
0.0
0.0
0.0
0.0
0.0
0.0
0.0
0.0
0.0
0.0
0.0
0.0
0.0
0.0
8.0
0.0
0.0
0.0
0.0
0.0
0.0
0.0
0.0
0.0
15.0
13.0
0.0
8.0
0.0
8.0
0.0
0.0
0.0
0.0
0.0
0.0
20.0
0.0
0.0
15.0
0.0
0.0
3.0
48.0
41.0
0.0
0.0
23.0
0.0
0.0
0.0
0.0
0.0
0.0
0.0
20.0
0.0
15.0
0.0
0.0
20.0
0.0
5.0
0.0
18.0
25.0
20.0
0.0
0.0
0.0
0.0
0.0
0.0
0.0
0.0
0.0
0.0
10.0
0.0
0.0
0.0
0.0
0.0
41.0
0.0
0.0
0.0
28.0
10.0
0.0
10.0
8.0
0.0
8.0
8.0
0.0
0.0
25.0
3.0
25.0
0.0
0.0
0.0
0.0
0.0
0.0
38.0
0.0
5.0
0.0
0.0
20.0
0.0
0.0
0.0
0.0
0.0
0.0
0.0
5.0
147.0
0.0
0.0
0.0
0.0
0.0
0.0
0.0
0.0
0.0
0.0
0.0
0.0
0.0
0.0
0.0
3.0
0.0
0.0
5.0
5.0
0.0
38.0
25.0
0.0
107.0
0.0
0.0
0.0
0.0
30.0
0.0
0.0
0.0
0.0
0.0
0.0
0.0
13.0
0.0
10.0
0.0
0.0
0.0
0.0
0.0
0.0
0.0
0.0
0.0
0.0
0.0
23.0
0.0
0.0
0.0
5.0
0.0
0.0
0.0
0.0
0.0
0.0
0.0
0.0
0.0
0.0
0.0
10.0
188.0
107.0
0.0
0.0
0.0
36.0
0.0
0.0
0.0
0.0
150.0
0.0
0.0
236.0
89.0
0.0
0.0
0.0
0.0
0.0
0.0
0.0
10.0
51.0
0.0
485.0
0.0
0.0
0.0
46.0
0.0
76.0
170.0
3.0
0.0
0.0
13.0
38.0
0.0
178.0
0.0
8.0
157.0
0.0
13.0
13.0
0.0
0.0
0.0
0.0
0.0
0.0
132.0
0.0
0.0
0.0
0.0
203.0
0.0
30.0
0.0
0.0
0.0
0.0
36.0
41.0
0.0
165.0
74.0
8.0
94.0
0.0
15.0
0.0
0.0
3.0
0.0
0.0
0.0
0.0
0.0
0.0
0.0
0.0
23.0
36.0
10.0
23.0
28.0
0.0
89.0
15.0
0.0
0.0
3.0
3.0
0.0
20.0
18.0
3.0
10.0
5.0
10.0
0.0
61.0
0.0
0.0
3.0
5.0
38.0
0.0
0.0
5.0
38.0
0.0
10.0
3.0
124.0
0.0
23.0
51.0
0.0
51.0
64.0
0.0
0.0
64.0
404.0
3.0
0.0
0.0
0.0
0.0
0.0
0.0
0.0
0.0
0.0
0.0
56.0
13.0
43.0
8.0
79.0
36.0
0.0
5.0
0.0
0.0
0.0
0.0
0.0
0.0
5.0
10.0
0.0
0.0
0.0
10.0
3.0
0.0
0.0
0.0
0.0
0.0
84.0
8.0
0.0
0.0
0.0
0.0
0.0
0.0
0.0
0.0
0.0
0.0
0.0
0.0
51.0
0.0
0.0
0.0
0.0
0.0
0.0
13.0
0.0
0.0
0.0
0.0
0.0
0.0
0.0
0.0
0.0
51.0
3.0
0.0
0.0
102.0
0.0
0.0
0.0
0.0
0.0
0.0
0.0
0.0
114.0
51.0
13.0
0.0
8.0
8.0
0.0
0.0
0.0
13.0
0.0
13.0
64.0
0.0
8.0
0.0
0.0
13.0
61.0
54.0
0.0
0.0
0.0
8.0
0.0
0.0
0.0
0.0
8.0
0.0
0.0
3.0
0.0
13.0
5.0
5.0
0.0
25.0
127.0
3.0
0.0
0.0
0.0
0.0
0.0
0.0
18.0
0.0
0.0
0.0
0.0
0.0
0.0
0.0
0.0
0.0
76.0
0.0
0.0
0.0
0.0
0.0
0.0
0.0
0.0
0.0
13.0
0.0
0.0
0.0
0.0
0.0
0.0
5.0
0.0
0.0
5.0
3.0
0.0
0.0
0.0
5.0
5.0
0.0
10.0
0.0
122.0
0.0
0.0
5.0
0.0
0.0
0.0
0.0
0.0
0.0
0.0
0.0
0.0
0.0
0.0
0.0
0.0
0.0
0.0
0.0
0.0
0.0
13.0
0.0
0.0
0.0
5.0
0.0
0.0
0.0
5.0
0.0
3.0
0.0
0.0
157.0
84.0
0.0
23.0
10.0
0.0
130.0
30.0
0.0
20.0
0.0
8.0
0.0
3.0
3.0
0.0
0.0
0.0
0.0
25.0
25.0
0.0
0.0
0.0
0.0
0.0
0.0
0.0
0.0
0.0
0.0
0.0
0.0
0.0
0.0
0.0
0.0
0.0
0.0
30.0
0.0
51.0
0.0
0.0
0.0
0.0
0.0
0.0
0.0
0.0
0.0
0.0
0.0
0.0
0.0
201.0
112.0
0.0
0.0
0.0
0.0
0.0
41.0
25.0
0.0
0.0
0.0
23.0
0.0
163.0
0.0
28.0
0.0
0.0
0.0
64.0
30.0
0.0
157.0
0.0
3.0
234.0
0.0
0.0
0.0
3.0
114.0
0.0
0.0
61.0
0.0
0.0
0.0
0.0
0.0
122.0
48.0
0.0
0.0
10.0
8.0
0.0
0.0
41.0
25.0
0.0
10.0
0.0
0.0
43.0
0.0
0.0
3.0
0.0
0.0
0.0
0.0
0.0
0.0
51.0
5.0
8.0
0.0
0.0
0.0
0.0
0.0
0.0
0.0
0.0
0.0
0.0
0.0
0.0
0.0
0.0
5.0
5.0
0.0
10.0
0.0
0.0
0.0
0.0
33.0
0.0
20.0
0.0
0.0
0.0
0.0
25.0
0.0
0.0
490.0
0.0
0.0
0.0
0.0
0.0
5.0
0.0
3.0
0.0
0.0
0.0
102.0
69.0
58.0
15.0
0.0
3.0
124.0
3.0
10.0
0.0
0.0
0.0
0.0
0.0
0.0
0.0
38.0
0.0
0.0
0.0
3.0
5.0
46.0
10.0
3.0
0.0
0.0
0.0
0.0
15.0
3.0
0.0
51.0
0.0
0.0
0.0
0.0
0.0
0.0
0.0
0.0
0.0
79.0
10.0
0.0
0.0
0.0
13.0
0.0
0.0
0.0
0.0
0.0
91.0
0.0
0.0
0.0
0.0
0.0
0.0
0.0
102.0
76.0
0.0
0.0
0.0
13.0
8.0
0.0
0.0
0.0
18.0
13.0
0.0
13.0
51.0
0.0
38.0
0.0
0.0
0.0
0.0
13.0
25.0
0.0
0.0
0.0
0.0
0.0
0.0
13.0
20.0
10.0
0.0
0.0
0.0
0.0
0.0
51.0
0.0
30.0
5.0
0.0
5.0
18.0
0.0
0.0
76.0
0.0
0.0
0.0
8.0
0.0
0.0
0.0
0.0
0.0
8.0
0.0
5.0
0.0
0.0
0.0
0.0
0.0
0.0
5.0
0.0
0.0
0.0
5.0
0.0
0.0
3.0
38.0
13.0
0.0
0.0
5.0
3.0
0.0
0.0
0.0
0.0
0.0
8.0
28.0
0.0
0.0
0.0
10.0
13.0
0.0
25.0
76.0
0.0
0.0
0.0
0.0
5.0
0.0
0.0
0.0
20.0
0.0
10.0
8.0
0.0
0.0
13.0
25.0
0.0
0.0
0.0
61.0
20.0
114.0
33.0
0.0
5.0
0.0
165.0
0.0
0.0
0.0
0.0
0.0
30.0
68.0
25.0
10.0
0.0
0.0
0.0
8.0
0.0
25.0
0.0
51.0
0.0
38.0
0.0
0.0
127.0
51.0
0.0
0.0
76.0
0.0
0.0
0.0
3.0
50.0
39.0
5.0
0.0
0.0
0.0
168.0
69.0
0.0
0.0
0.0
0.0
15.0
0.0
0.0
0.0
13.0
30.0
30.0
79.0
8.0
10.0
8.0
0.0
66.0
20.0
5.0
0.0
229.0
15.0
10.0
0.0
0.0
0.0
114.0
3.0
0.0
0.0
0.0
0.0
0.0
0.0
0.0
36.0
0.0
0.0
0.0
140.0
114.0
0.0
53.0
0.0
0.0
0.0
3.0
0.0
5.0
0.0
0.0
0.0
0.0
10.0
0.0
0.0
0.0
0.0
0.0
0.0
102.0
155.0
0.0
0.0
0.0
84.0
0.0
0.0
0.0
3.0
51.0
0.0
0.0
0.0
0.0
0.0
0.0
0.0
0.0
0.0
0.0
0.0
10.0
13.0
0.0
74.0
0.0
0.0
0.0
3.0
0.0
0.0
0.0
201.0
0.0
251.0
0.0
0.0
0.0
0.0
0.0
0.0
0.0
0.0
0.0
0.0
0.0
0.0
0.0
0.0
122.0
10.0
0.0
175.0
5.0
3.0
0.0
0.0
0.0
33.0
0.0
0.0
0.0
0.0
3.0
0.0
0.0
0.0
0.0
5.0
51.0
0.0
0.0
23.0
3.0
0.0
15.0
13.0
0.0
3.0
0.0
0.0
15.0
262.0
13.0
10.0
3.0
0.0
0.0
3.0
13.0
0.0
3.0
0.0
0.0
0.0
0.0
0.0
0.0
0.0
10.0
8.0
0.0
5.0
15.0
38.0
0.0
0.0
0.0
0.0
0.0
0.0
8.0
3.0
0.0
0.0
0.0
0.0
15.0
0.0
0.0
0.0
25.0
109.0
0.0
8.0
0.0
0.0
0.0
0.0
0.0
0.0
0.0
0.0
38.0
0.0
102.0
0.0
0.0
0.0
25.0
26.0
0.0
0.0
0.0
0.0
10.0
0.0
0.0
0.0
0.0
0.0
0.0
0.0
0.0
0.0
0.0
8.0
12.0
26.0
28.0
30.0
0.0
0.0
0.0
0.0
0.0
0.0
305.0
0.0
0.0
0.0
0.0
305.0
76.0
0.0
0.0
0.0
0.0
0.0
0.0
0.0
0.0
0.0
0.0
0.0
0.0
0.0
0.0
0.0
0.0
0.0
0.0
0.0
0.0
0.0
0.0
0.0
10.0
20.0
20.0
20.0
10.0
0.0
10.0
200.0
30.0
0.0
0.0
0.0
0.0
0.0
0.0
0.0
0.0
0.0
0.0
0.0
40.0
0.0
20.0
20.0
10.0
0.0
0.0
0.0
0.0
0.0
0.0
50.0
0.0
10.0
0.0
0.0
0.0
120.0
30.0
0.0
0.0
0.0
10.0
0.0
0.0
0.0
0.0
30.0
0.0
60.0
10.0
10.0
0.0
0.0
0.0
0.0
0.0
0.0
0.0
20.0
0.0
0.0
0.0
0.0
0.0
0.0
20.0
0.0
70.0
10.0
0.0
0.0
0.0
0.0
0.0
0.0
0.0
0.0
0.0
0.0
0.0
0.0
0.0
30.0
0.0
0.0
0.0
0.0
0.0
0.0
0.0
0.0
0.0
0.0
0.0
0.0
0.0
0.0
0.0
0.0
0.0
0.0
0.0
0.0
0.0
0.0
0.0
0.0
0.0
0.0
0.0
0.0
0.0
0.0
0.0
0.0
0.0
0.0
0.0
0.0
0.0
0.0
0.0
0.0
0.0
0.0
0.0
0.0
0.0
12.0
0.0
0.0
0.0
0.0
0.0
0.0
0.0
0.0
0.0
0.0
0.0
0.0
0.0
0.0
0.0
0.0
0.0
0.0
0.0
0.0
0.0
0.0
0.0
20.0
0.0
0.0
0.0
0.0
0.0
0.0
0.0
12.0
0.0
20.0
0.0
18.0
0.0
0.0
0.0
23.0
0.0
0.0
46.0
0.0
0.0
0.0
320.0
54.0
2.0
0.0
0.0
0.0
124.0
0.0
0.0
0.0
10.0
0.0
0.0
2.0
0.0
0.0
50.0
0.0
6.0
188.0
197.0
2.0
0.0
4.0
0.0
0.0
20.0
0.0
0.0
0.0
0.0
0.0
15.0
6.0
0.0
0.0
0.0
138.0
124.0
8.0
0.0
132.0
10.0
0.0
92.0
20.0
5.0
16.0
0.0
0.0
125.0
14.0
0.0
113.0
430.0
0.0
0.0
10.0
0.0
0.0
0.0
0.0
83.0
75.0
0.0
86.0
68.0
0.0
290.0
0.0
0.0
0.0
150.0
10.0
0.0
0.0
0.0
0.0
0.0
20.0
14.0
0.0
0.0
3.0
63.0
0.0
86.0
5.0
18.0
6.0
3.0
0.0
0.0
25.0
0.0
40.0
18.0
20.0
0.0
0.0
0.0
0.0
0.0
0.0
62.0
11.0
0.0
0.0
0.0
0.0
0.0
178.0
8.0
10.0
0.0
14.0
0.0
40.0
5.0
0.0
0.0
0.0
0.0
0.0
0.0
0.0
0.0
0.0
10.0
0.0
0.0
0.0
0.0
40.0
60.0
0.0
30.0
0.0
0.0
0.0
0.0
0.0
0.0
0.0
0.0
0.0
0.0
0.0
0.0
0.0
0.0
0.0
0.0
20.0
10.0
0.0
0.0
0.0
5.0
0.0
0.0
40.0
10.0
0.0
0.0
0.0
0.0
110.0
0.0
10.0
20.0
0.0
40.0
10.0
0.0
0.0
0.0
0.0
10.0
0.0
0.0
20.0
0.0
0.0
5.0
5.0
0.0
0.0
20.0
4.0
0.0
0.0
0.0
0.0
0.0
0.0
0.0
0.0
0.0
0.0
0.0
0.0
0.0
0.0
0.0
0.0
0.0
0.0
0.0
0.0
0.0
0.0
0.0
0.0
5.0
0.0
0.0
10.0
20.0
0.0
0.0
0.0
10.0
25.0
60.0
0.0
0.0
0.0
0.0
0.0
0.0
0.0
30.0
0.0
0.0
0.0
0.0
0.0
0.0
0.0
0.0
0.0
0.0
0.0
0.0
0.0
0.0
0.0
50.0
10.0
0.0
0.0
0.0
0.0
0.0
0.0
0.0
0.0
0.0
0.0
0.0
0.0
0.0
0.0
0.0
0.0
0.0
0.0
0.0
0.0
20.0
32.0
0.0
54.0
0.0
0.0
0.0
4.0
0.0
0.0
0.0
0.0
0.0
0.0
0.0
0.0
5.0
0.0
0.0
26.0
0.0
0.0
0.0
0.0
0.0
100.0
0.0
2.0
10.0
0.0
0.0
4.0
6.0
0.0
0.0
0.0
30.0
0.0
0.0
0.0
0.0
0.0
0.0
0.0
0.0
0.0
0.0
0.0
0.0
0.0
0.0
0.0
0.0
0.0
0.0
0.0
0.0
0.0
0.0
228.0
94.0
32.0
0.0
0.0
0.0
42.0
0.0
0.0
0.0
0.0
0.0
0.0
56.0
0.0
10.0
24.0
30.0
0.0
52.0
0.0
0.0
90.0
320.0
54.0
30.0
317.0
0.0
0.0
0.0
0.0
0.0
46.0
34.0
10.0
0.0
8.0
0.0
0.0
23.0
24.0
24.0
0.0
0.0
0.0
0.0
8.0
0.0
0.0
0.0
0.0
0.0
0.0
88.0
50.0
54.0
0.0
0.0
14.0
0.0
0.0
0.0
106.0
6.0
0.0
0.0
0.0
0.0
0.0
298.0
0.0
0.0
20.0
0.0
0.0
406.0
0.0
140.0
0.0
0.0
0.0
0.0
0.0
0.0
0.0
0.0
0.0
18.0
58.0
134.0
0.0
0.0
0.0
0.0
0.0
0.0
0.0
0.0
0.0
0.0
370.0
206.0
0.0
0.0
0.0
30.0
156.0
45.0
0.0
0.0
0.0
0.0
0.0
0.0
0.0
15.0
5.0
0.0
0.0
0.0
0.0
0.0
0.0
12.0
0.0
0.0
321.0
78.0
0.0
2.0
10.0
10.0
0.0
0.0
194.0
2.0
0.0
0.0
0.0
0.0
12.0
0.0
0.0
130.0
0.0
0.0
0.0
50.0
32.0
0.0
32.0
10.0
10.0
0.0
25.0
0.0
60.0
0.0
15.0
5.0
0.0
185.0
0.0
0.0
0.0
0.0
0.0
0.0
0.0
0.0
0.0
15.0
0.0
0.0
0.0
0.0
15.0
0.0
0.0
0.0
0.0
0.0
0.0
0.0
0.0
0.0
0.0
0.0
0.0
0.0
0.0
0.0
0.0
0.0
0.0
0.0
0.0
0.0
0.0
20.0
0.0
0.0
20.0
0.0
0.0
0.0
0.0
0.0
0.0
0.0
0.0
0.0
0.0
20.0
40.0
10.0
0.0
0.0
0.0
0.0
0.0
0.0
0.0
0.0
30.0
0.0
10.0
50.0
30.0
0.0
0.0
0.0
0.0
0.0
0.0
20.0
0.0
10.0
0.0
0.0
0.0
50.0
0.0
0.0
0.0
0.0
0.0
0.0
0.0
0.0
0.0
20.0
0.0
0.0
0.0
10.0
0.0
0.0
0.0
0.0
0.0
0.0
0.0
0.0
0.0
0.0
0.0
0.0
0.0
20.0
20.0
0.0
0.0
0.0
0.0
0.0
0.0
0.0
0.0
0.0
0.0
30.0
30.0
0.0
0.0
20.0
0.0
0.0
0.0
0.0
0.0
0.0
0.0
0.0
100.0
0.0
0.0
0.0
30.0
20.0
0.0
0.0
0.0
0.0
0.0
20.0
0.0
0.0
0.0
0.0
0.0
20.0
50.0
0.0
30.0
120.0
0.0
0.0
0.0
0.0
0.0
0.0
20.0
0.0
0.0
0.0
0.0
10.0
0.0
0.0
0.0
0.0
0.0
0.0
0.0
0.0
0.0
0.0
0.0
0.0
0.0
0.0
0.0
0.0
0.0
18.0
0.0
2.0
0.0
170.0
10.0
0.0
0.0
12.0
0.0
0.0
0.0
0.0
46.0
32.0
2.0
0.0
0.0
0.0
0.0
0.0
0.0
0.0
0.0
0.0
0.0
12.0
23.0
50.0
18.0
0.0
0.0
0.0
0.0
64.0
190.0
4.0
0.0
0.0
0.0
0.0
0.0
0.0
0.0
0.0
0.0
0.0
53.0
58.0
0.0
0.0
0.0
48.0
0.0
0.0
0.0
0.0
0.0
0.0
0.0
20.0
334.0
0.0
60.0
190.0
30.0
0.0
0.0
0.0
0.0
156.0
0.0
0.0
0.0
140.0
372.0
24.0
0.0
0.0
0.0
0.0
15.0
4.0
0.0
0.0
0.0
0.0
167.0
5.0
0.0
4.0
16.0
0.0
0.0
0.0
12.0
24.0
80.0
61.0
0.0
0.0
0.0
86.0
400.0
312.0
0.0
0.0
2.0
0.0
0.0
0.0
0.0
60.0
35.0
0.0
0.0
0.0
0.0
80.0
0.0
30.0
0.0
25.0
0.0
0.0
0.0
0.0
6.0
0.0
0.0
0.0
10.0
0.0
10.0
0.0
0.0
0.0
15.0
0.0
5.0
0.0
0.0
0.0
20.0
0.0
0.0
8.0
0.0
70.0
152.0
0.0
0.0
68.0
4.0
42.0
3.0
0.0
12.0
4.0
3.0
51.0
161.0
5.0
0.0
0.0
0.0
0.0
60.0
4.0
3.0
0.0
0.0
0.0
0.0
0.0
0.0
0.0
0.0
79.0
28.0
6.0
0.0
0.0
0.0
0.0
4.0
10.0
0.0
10.0
0.0
0.0
0.0
0.0
30.0
0.0
0.0
0.0
0.0
0.0
0.0
2.0
112.0
30.0
0.0
0.0
0.0
0.0
0.0
0.0
0.0
0.0
25.0
0.0
80.0
170.0
0.0
40.0
0.0
0.0
10.0
0.0
10.0
0.0
0.0
0.0
0.0
0.0
0.0
10.0
10.0
0.0
10.0
10.0
20.0
50.0
0.0
0.0
0.0
0.0
0.0
0.0
0.0
0.0
30.0
0.0
0.0
20.0
0.0
0.0
10.0
10.0
0.0
0.0
10.0
20.0
0.0
70.0
0.0
0.0
0.0
0.0
0.0
30.0
0.0
10.0
40.0
0.0
0.0
0.0
0.0
0.0
0.0
0.0
0.0
0.0
10.0
0.0
0.0
10.0
0.0
10.0
0.0
0.0
0.0
20.0
0.0
0.0
0.0
0.0
0.0
0.0
0.0
76.0
0.0
0.0
0.0
0.0
0.0
0.0
0.0
20.0
40.0
0.0
66.0
10.0
20.0
20.0
128.0
90.0
30.0
0.0
0.0
0.0
0.0
20.0
0.0
0.0
0.0
10.0
0.0
0.0
0.0
0.0
0.0
0.0
0.0
0.0
30.0
0.0
0.0
0.0
5.0
0.0
0.0
0.0
0.0
0.0
0.0
0.0
0.0
0.0
0.0
0.0
0.0
30.0
0.0
0.0
0.0
0.0
0.0
0.0
0.0
0.0
0.0
0.0
0.0
0.0
0.0
8.0
0.0
0.0
2.0
0.0
0.0
0.0
0.0
2.0
18.0
0.0
0.0
0.0
0.0
0.0
0.0
0.0
118.0
22.0
0.0
0.0
0.0
0.0
58.0
0.0
30.0
6.0
0.0
20.0
0.0
0.0
0.0
0.0
0.0
0.0
0.0
0.0
0.0
110.0
30.0
0.0
0.0
0.0
0.0
0.0
0.0
0.0
0.0
4.0
80.0
26.0
0.0
0.0
0.0
0.0
226.0
104.0
330.0
18.0
0.0
160.0
0.0
0.0
0.0
0.0
50.0
70.0
40.0
62.0
20.0
0.0
0.0
0.0
0.0
0.0
304.0
84.0
12.0
0.0
0.0
0.0
6.0
4.0
0.0
0.0
0.0
0.0
0.0
0.0
0.0
0.0
0.0
0.0
0.0
0.0
22.0
22.0
0.0
0.0
10.0
0.0
0.0
0.0
10.0
0.0
0.0
100.0
0.0
0.0
0.0
0.0
0.0
0.0
0.0
0.0
0.0
0.0
0.0
0.0
0.0
28.0
66.0
0.0
0.0
19.0
0.0
0.0
0.0
0.0
0.0
0.0
0.0
0.0
26.0
3.0
0.0
0.0
10.0
6.0
40.0
25.0
0.0
0.0
0.0
0.0
0.0
0.0
0.0
19.0
8.0
0.0
0.0
0.0
0.0
0.0
0.0
50.0
6.0
146.0
0.0
10.0
111.0
125.0
8.0
0.0
0.0
0.0
90.0
109.0
95.0
0.0
0.0
0.0
0.0
10.0
0.0
0.0
0.0
0.0
0.0
0.0
70.0
0.0
0.0
0.0
0.0
0.0
0.0
0.0
0.0
0.0
0.0
10.0
0.0
0.0
0.0
0.0
10.0
0.0
0.0
0.0
25.0
2.0
0.0
0.0
0.0
0.0
0.0
50.0
110.0
50.0
60.0
20.0
10.0
10.0
0.0
40.0
30.0
10.0
10.0
0.0
0.0
0.0
0.0
0.0
0.0
0.0
0.0
0.0
50.0
10.0
0.0
0.0
10.0
0.0
0.0
0.0
0.0
0.0
10.0
10.0
0.0
0.0
10.0
20.0
10.0
10.0
0.0
0.0
0.0
0.0
0.0
0.0
0.0
50.0
0.0
0.0
0.0
0.0
0.0
0.0
0.0
0.0
0.0
0.0
25.0
0.0
0.0
0.0
0.0
0.0
30.0
20.0
0.0
0.0
10.0
20.0
30.0
50.0
20.0
0.0
0.0
0.0
20.0
30.0
20.0
0.0
0.0
0.0
0.0
0.0
0.0
0.0
0.0
0.0
0.0
80.0
0.0
0.0
0.0
0.0
0.0
0.0
0.0
0.0
0.0
0.0
0.0
10.0
0.0
0.0
0.0
0.0
0.0
10.0
0.0
0.0
0.0
0.0
20.0
0.0
0.0
0.0
50.0
110.0
0.0
0.0
0.0
0.0
0.0
0.0
0.0
0.0
0.0
0.0
0.0
22.0
0.0
0.0
0.0
0.0
0.0
0.0
0.0
0.0
0.0
0.0
0.0
22.0
0.0
0.0
40.0
90.0
20.0
0.0
0.0
0.0
0.0
0.0
0.0
0.0
0.0
0.0
0.0
2.0
3.0
0.0
20.0
150.0
50.0
10.0
0.0
0.0
0.0
0.0
0.0
0.0
30.0
0.0
0.0
22.0
30.0
0.0
0.0
10.0
0.0
0.0
0.0
14.0
10.0
24.0
46.0
10.0
0.0
130.0
26.0
0.0
0.0
0.0
0.0
0.0
0.0
75.0
0.0
0.0
0.0
0.0
25.0
470.0
0.0
0.0
12.0
0.0
0.0
12.0
0.0
0.0
0.0
560.0
30.0
0.0
0.0
0.0
190.0
840.0
0.0
0.0
36.0
0.0
0.0
0.0
0.0
0.0
5.0
0.0
0.0
10.0
38.0
0.0
44.0
18.0
0.0
0.0
0.0
28.0
0.0
42.0
38.0
54.0
0.0
0.0
0.0
0.0
40.0
0.0
0.0
0.0
2.0
0.0
0.0
0.0
0.0
16.0
0.0
0.0
0.0
0.0
0.0
86.0
0.0
0.0
20.0
10.0
0.0
0.0
0.0
0.0
10.0
80.0
0.0
0.0
0.0
18.0
0.0
10.0
0.0
0.0
24.0
33.0
0.0
0.0
0.0
0.0
0.0
0.0
0.0
0.0
56.0
0.0
0.0
16.0
0.0
40.0
0.0
22.0
200.0
160.0
30.0
30.0
0.0
0.0
0.0
0.0
0.0
80.0
130.0
NaN
13.0
8.0
6.0
10.0
0.0
0.0
0.0
0.0
0.0
0.0
40.0
0.0
7.0
0.0
0.0
0.0
0.0
0.0
49.0
0.0
0.0
60.0
330.0
50.0
50.0
56.0
160.0
70.0
45.0
0.0
0.0
0.0
14.0
75.0
90.0
20.0
10.0
0.0
0.0
0.0
20.0
0.0
0.0
40.0
0.0
0.0
0.0
0.0
0.0
0.0
0.0
0.0
100.0
20.0
0.0
0.0
0.0
0.0
0.0
0.0
0.0
0.0
40.0
50.0
132.0
40.0
0.0
0.0
0.0
0.0
0.0
10.0
0.0
0.0
0.0
0.0
0.0
5.0
0.0
20.0
0.0
0.0
0.0
20.0
20.0
10.0
20.0
10.0
40.0
50.0
0.0
0.0
0.0
0.0
10.0
20.0
20.0
0.0
0.0
0.0
0.0
0.0
0.0
0.0
20.0
0.0
0.0
0.0
0.0
0.0
0.0
50.0
10.0
0.0
10.0
30.0
0.0
0.0
0.0
10.0
0.0
0.0
20.0
10.0
50.0
30.0
10.0
30.0
10.0
0.0
0.0
0.0
0.0
0.0
0.0
0.0
0.0
0.0
40.0
20.0
0.0
0.0
80.0
0.0
0.0
20.0
10.0
0.0
0.0
0.0
0.0
0.0
10.0
0.0
10.0
0.0
0.0
0.0
0.0
0.0
0.0
0.0
0.0
0.0
20.0
0.0
0.0
0.0
0.0
0.0
10.0
0.0
0.0
0.0
0.0
0.0
0.0
0.0
0.0
0.0
0.0
0.0
0.0
0.0
0.0
0.0
0.0
0.0
0.0
0.0
0.0
10.0
0.0
0.0
0.0
0.0
0.0
0.0
0.0
0.0
0.0
0.0
0.0
0.0
0.0
0.0
0.0
0.0
30.0
30.0
0.0
0.0
0.0
0.0
0.0
0.0
0.0
0.0
0.0
0.0
0.0
0.0
4.0
30.0
0.0
0.0
0.0
0.0
0.0
50.0
0.0
41.0
3.0
0.0
0.0
0.0
0.0
0.0
0.0
0.0
0.0
0.0
25.0
10.0
0.0
0.0
0.0
0.0
5.0
288.0
181.0
20.0
0.0
242.0
2.0
5.0
6.0
4.0
25.0
0.0
0.0
0.0
0.0
0.0
4.0
10.0
22.0
20.0
0.0
0.0
90.0
10.0
4.0
0.0
41.0
64.0
0.0
104.0
64.0
6.0
0.0
0.0
55.0
82.0
0.0
0.0
0.0
0.0
43.0
0.0
0.0
0.0
118.0
125.0
62.0
0.0
4.0
20.0
18.0
3.0
0.0
0.0
0.0
20.0
0.0
10.0
18.0
0.0
2.0
0.0
0.0
0.0
0.0
0.0
360.0
167.0
0.0
0.0
0.0
68.0
6.0
0.0
0.0
370.0
207.0
56.0
0.0
100.0
90.0
16.0
0.0
0.0
0.0
224.0
42.0
0.0
31.0
0.0
0.0
0.0
0.0
5.0
0.0
0.0
2.0
0.0
47.0
213.0
16.0
8.0
0.0
0.0
0.0
0.0
0.0
8.0
0.0
0.0
0.0
0.0
75.0
160.0
40.0
10.0
15.0
0.0
4.0
0.0
20.0
63.0
52.0
8.0
0.0
0.0
NaN
NaN
10.0
10.0
3.0
0.0
190.0
0.0
0.0
0.0
0.0
0.0
12.0
0.0
20.0
10.0
0.0
0.0
0.0
0.0
130.0
0.0
0.0
8.0
0.0
0.0
0.0
0.0
0.0
40.0
0.0
0.0
0.0
0.0
8.0
20.0
0.0
0.0
0.0
0.0
40.0
0.0
0.0
0.0
0.0
10.0
40.0
20.0
90.0
0.0
10.0
5.0
5.0
0.0
25.0
0.0
0.0
0.0
0.0
0.0
0.0
0.0
50.0
40.0
0.0
0.0
0.0
0.0
30.0
0.0
10.0
0.0
0.0
5.0
0.0
0.0
0.0
20.0
0.0
0.0
0.0
20.0
0.0
0.0
50.0
10.0
0.0
0.0
0.0
20.0
0.0
0.0
20.0
10.0
0.0
0.0
0.0
0.0
0.0
0.0
0.0
10.0
0.0
10.0
0.0
0.0
0.0
0.0
0.0
0.0
20.0
0.0
0.0
40.0
40.0
0.0
0.0
0.0
0.0
0.0
0.0
20.0
10.0
0.0
0.0
0.0
0.0
5.0
20.0
10.0
0.0
0.0
0.0
0.0
0.0
0.0
0.0
180.0
0.0
10.0
0.0
0.0
0.0
0.0
0.0
0.0
0.0
0.0
0.0
0.0
0.0
0.0
0.0
60.0
10.0
0.0
10.0
120.0
0.0
0.0
0.0
0.0
0.0
0.0
0.0
0.0
0.0
0.0
0.0
0.0
0.0
5.0
0.0
100.0
90.0
0.0
0.0
50.0
100.0
20.0
0.0
0.0
0.0
0.0
0.0
0.0
4.0
0.0
0.0
0.0
0.0
20.0
0.0
20.0
0.0
0.0
0.0
32.0
128.0
30.0
0.0
8.0
0.0
38.0
0.0
50.0
15.0
110.0
8.0
60.0
158.0
0.0
0.0
0.0
0.0
220.0
6.0
0.0
0.0
24.0
0.0
8.0
0.0
0.0
28.0
0.0
0.0
0.0
0.0
0.0
0.0
0.0
0.0
0.0
0.0
0.0
0.0
0.0
0.0
0.0
12.0
0.0
0.0
22.0
0.0
0.0
0.0
115.0
0.0
0.0
18.0
14.0
15.0
0.0
35.0
0.0
4.0
0.0
0.0
0.0
4.0
0.0
0.0
12.0
0.0
165.0
102.0
0.0
0.0
0.0
0.0
0.0
37.0
0.0
0.0
114.0
0.0
0.0
0.0
38.0
0.0
306.0
22.0
42.0
15.0
0.0
0.0
0.0
38.0
0.0
17.0
4.0
0.0
0.0
0.0
0.0
100.0
0.0
8.0
0.0
30.0
20.0
11.0
25.0
0.0
0.0
0.0
0.0
100.0
54.0
112.0
76.0
0.0
0.0
0.0
5.0
0.0
0.0
0.0
0.0
0.0
0.0
0.0
0.0
0.0
0.0
134.0
0.0
0.0
0.0
0.0
0.0
0.0
0.0
0.0
24.0
13.0
65.0
14.0
0.0
0.0
0.0
0.0
0.0
20.0
68.0
0.0
0.0
0.0
258.0
8.0
0.0
0.0
0.0
0.0
8.0
0.0
0.0
118.0
60.0
25.0
15.0
19.0
0.0
0.0
6.0
8.0
10.0
0.0
22.0
0.0
0.0
0.0
66.0
0.0
0.0
0.0
20.0
0.0
0.0
0.0
0.0
0.0
0.0
0.0
0.0
0.0
0.0
0.0
0.0
0.0
0.0
0.0
110.0
0.0
0.0
0.0
0.0
40.0
0.0
0.0
50.0
220.0
0.0
0.0
0.0
0.0
10.0
0.0
10.0
0.0
0.0
50.0
20.0
0.0
0.0
70.0
50.0
10.0
0.0
0.0
0.0
0.0
0.0
0.0
0.0
110.0
0.0
0.0
0.0
0.0
0.0
40.0
0.0
20.0
0.0
0.0
0.0
0.0
0.0
0.0
0.0
0.0
0.0
0.0
0.0
0.0
0.0
0.0
0.0
0.0
0.0
0.0
0.0
15.0
5.0
0.0
0.0
0.0
0.0
0.0
0.0
0.0
0.0
0.0
0.0
0.0
0.0
0.0
0.0
0.0
0.0
10.0
0.0
0.0
15.0
5.0
0.0
0.0
0.0
0.0
0.0
0.0
0.0
0.0
0.0
0.0
10.0
10.0
0.0
0.0
0.0
0.0
0.0
0.0
0.0
0.0
0.0
30.0
10.0
0.0
35.0
10.0
60.0
0.0
0.0
0.0
0.0
0.0
80.0
40.0
170.0
50.0
30.0
50.0
0.0
0.0
0.0
0.0
0.0
0.0
0.0
0.0
0.0
0.0
0.0
0.0
0.0
0.0
0.0
10.0
125.0
0.0
10.0
0.0
0.0
0.0
0.0
0.0
0.0
0.0
5.0
0.0
0.0
0.0
100.0
0.0
0.0
0.0
0.0
0.0
0.0
0.0
0.0
0.0
0.0
0.0
0.0
0.0
0.0
14.0
0.0
0.0
38.0
0.0
0.0
0.0
0.0
0.0
34.0
0.0
0.0
0.0
0.0
25.0
0.0
0.0
0.0
13.0
0.0
0.0
0.0
0.0
0.0
0.0
0.0
0.0
0.0
22.0
0.0
0.0
0.0
0.0
0.0
0.0
18.0
0.0
0.0
0.0
11.0
10.0
0.0
27.0
63.0
0.0
0.0
78.0
5.0
15.0
10.0
0.0
176.0
0.0
18.0
0.0
0.0
154.0
0.0
0.0
0.0
0.0
0.0
204.0
0.0
0.0
0.0
0.0
0.0
10.0
24.0
0.0
83.0
0.0
0.0
0.0
0.0
20.0
152.0
0.0
0.0
12.0
0.0
0.0
0.0
0.0
640.0
0.0
0.0
0.0
80.0
30.0
0.0
0.0
0.0
170.0
26.0
0.0
0.0
0.0
0.0
0.0
0.0
0.0
0.0
0.0
0.0
38.0
38.0
0.0
0.0
12.0
0.0
39.0
3.0
0.0
0.0
18.0
180.0
0.0
0.0
0.0
318.0
6.0
9.0
0.0
15.0
10.0
32.0
4.0
24.0
0.0
0.0
0.0
0.0
0.0
0.0
16.0
0.0
0.0
0.0
0.0
0.0
0.0
0.0
0.0
0.0
0.0
12.0
20.0
88.0
2.0
0.0
0.0
0.0
0.0
140.0
4.0
0.0
0.0
0.0
0.0
0.0
0.0
0.0
0.0
0.0
0.0
0.0
0.0
16.0
0.0
0.0
80.0
10.0
25.0
5.0
270.0
0.0
0.0
0.0
0.0
0.0
0.0
0.0
0.0
84.0
0.0
4.0
0.0
0.0
70.0
25.0
0.0
58.0
0.0
0.0
0.0
0.0
0.0
0.0
10.0
0.0
5.0
8.0
0.0
0.0
0.0
0.0
0.0
0.0
0.0
0.0
0.0
30.0
10.0
0.0
0.0
0.0
0.0
0.0
0.0
0.0
0.0
0.0
0.0
0.0
0.0
0.0
0.0
0.0
0.0
0.0
0.0
0.0
50.0
0.0
22.0
0.0
0.0
140.0
10.0
10.0
0.0
0.0
0.0
0.0
0.0
0.0
0.0
10.0
0.0
0.0
0.0
0.0
0.0
0.0
0.0
0.0
0.0
10.0
0.0
0.0
30.0
0.0
0.0
0.0
0.0
0.0
0.0
0.0
0.0
0.0
0.0
10.0
0.0
0.0
0.0
0.0
10.0
20.0
0.0
20.0
0.0
40.0
0.0
0.0
0.0
0.0
0.0
0.0
90.0
0.0
0.0
0.0
0.0
0.0
0.0
10.0
0.0
0.0
0.0
0.0
0.0
0.0
40.0
0.0
30.0
0.0
0.0
25.0
0.0
0.0
0.0
0.0
0.0
0.0
0.0
0.0
0.0
0.0
20.0
10.0
0.0
0.0
0.0
0.0
0.0
0.0
0.0
20.0
20.0
0.0
0.0
0.0
0.0
0.0
10.0
0.0
0.0
0.0
40.0
0.0
0.0
0.0
140.0
80.0
0.0
10.0
20.0
0.0
0.0
0.0
0.0
0.0
2.0
12.0
0.0
0.0
0.0
0.0
0.0
0.0
0.0
0.0
0.0
0.0
0.0
0.0
0.0
0.0
0.0
0.0
0.0
0.0
10.0
138.0
0.0
0.0
0.0
0.0
0.0
22.0
140.0
0.0
0.0
0.0
0.0
162.0
266.0
0.0
0.0
0.0
28.0
18.0
0.0
72.0
0.0
0.0
0.0
8.0
0.0
0.0
0.0
0.0
0.0
0.0
8.0
30.0
0.0
0.0
0.0
15.0
182.0
NaN
0.0
0.0
0.0
0.0
0.0
0.0
0.0
0.0
0.0
0.0
0.0
0.0
28.0
28.0
0.0
0.0
0.0
0.0
11.0
0.0
25.0
0.0
178.0
0.0
0.0
20.0
0.0
0.0
0.0
0.0
0.0
0.0
154.0
5.0
418.0
0.0
5.0
0.0
0.0
0.0
162.0
0.0
80.0
0.0
20.0
10.0
5.0
15.0
16.0
0.0
0.0
0.0
0.0
0.0
0.0
10.0
0.0
0.0
36.0
0.0
0.0
0.0
0.0
0.0
0.0
0.0
0.0
0.0
0.0
0.0
50.0
0.0
0.0
0.0
0.0
174.0
0.0
0.0
122.0
0.0
41.0
84.0
42.0
0.0
0.0
62.0
15.0
17.0
0.0
0.0
0.0
42.0
0.0
0.0
0.0
0.0
0.0
0.0
0.0
0.0
60.0
159.0
0.0
0.0
0.0
0.0
0.0
0.0
81.0
14.0
0.0
5.0
11.0
10.0
11.0
50.0
9.0
0.0
4.0
0.0
0.0
0.0
30.0
0.0
0.0
0.0
0.0
0.0
0.0
0.0
0.0
0.0
0.0
0.0
0.0
25.0
0.0
46.0
0.0
30.0
0.0
0.0
36.0
0.0
0.0
0.0
100.0
50.0
0.0
0.0
0.0
0.0
0.0
0.0
0.0
0.0
0.0
15.0
0.0
0.0
0.0
0.0
0.0
0.0
5.0
50.0
50.0
0.0
0.0
0.0
10.0
0.0
0.0
0.0
0.0
80.0
20.0
0.0
0.0
10.0
15.0
0.0
0.0
0.0
0.0
0.0
0.0
0.0
0.0
0.0
0.0
0.0
10.0
0.0
0.0
0.0
30.0
30.0
0.0
10.0
10.0
0.0
0.0
30.0
20.0
0.0
0.0
0.0
0.0
0.0
40.0
0.0
50.0
0.0
20.0
10.0
0.0
20.0
0.0
0.0
0.0
0.0
10.0
20.0
0.0
0.0
50.0
0.0
30.0
30.0
40.0
0.0
0.0
0.0
0.0
0.0
10.0
0.0
0.0
0.0
0.0
20.0
80.0
0.0
0.0
0.0
0.0
0.0
10.0
20.0
0.0
20.0
0.0
0.0
0.0
0.0
0.0
0.0
0.0
0.0
0.0
0.0
0.0
0.0
0.0
0.0
10.0
30.0
0.0
0.0
10.0
0.0
0.0
0.0
0.0
0.0
0.0
0.0
20.0
0.0
10.0
56.0
0.0
20.0
0.0
0.0
0.0
0.0
0.0
0.0
0.0
0.0
0.0
0.0
0.0
0.0
0.0
0.0
0.0
10.0
40.0
0.0
0.0
0.0
0.0
0.0
0.0
0.0
25.0
0.0
0.0
0.0
15.0
0.0
6.0
0.0
0.0
0.0
20.0
0.0
0.0
0.0
0.0
0.0
0.0
0.0
56.0
0.0
0.0
0.0
10.0
0.0
0.0
0.0
0.0
0.0
28.0
0.0
0.0
0.0
0.0
0.0
0.0
0.0
0.0
0.0
0.0
0.0
0.0
170.0
0.0
118.0
0.0
0.0
0.0
0.0
230.0
184.0
0.0
20.0
0.0
0.0
0.0
0.0
0.0
0.0
0.0
20.0
0.0
66.0
0.0
0.0
0.0
0.0
780.0
310.0
0.0
0.0
0.0
0.0
50.0
0.0
0.0
0.0
0.0
0.0
0.0
0.0
80.0
20.0
0.0
6.0
8.0
0.0
0.0
0.0
0.0
8.0
0.0
0.0
0.0
72.0
6.0
0.0
216.0
0.0
0.0
0.0
35.0
151.0
10.0
0.0
0.0
0.0
0.0
0.0
0.0
0.0
66.0
0.0
0.0
0.0
0.0
0.0
14.0
0.0
320.0
10.0
12.0
0.0
0.0
0.0
0.0
0.0
0.0
10.0
0.0
0.0
0.0
0.0
0.0
10.0
23.0
14.0
0.0
10.0
0.0
6.0
0.0
0.0
0.0
0.0
142.0
12.0
0.0
0.0
0.0
0.0
26.0
0.0
0.0
370.0
40.0
10.0
30.0
6.0
6.0
0.0
0.0
0.0
0.0
0.0
0.0
8.0
40.0
90.0
20.0
4.0
0.0
8.0
6.0
0.0
0.0
0.0
0.0
0.0
47.0
0.0
0.0
40.0
22.0
0.0
0.0
0.0
4.0
0.0
0.0
0.0
0.0
70.0
0.0
35.0
0.0
0.0
0.0
0.0
0.0
0.0
0.0
0.0
0.0
20.0
23.0
0.0
2.0
0.0
0.0
40.0
10.0
30.0
17.0
0.0
0.0
93.0
0.0
20.0
10.0
0.0
50.0
0.0
20.0
0.0
NaN
0.0
10.0
0.0
0.0
10.0
30.0
30.0
20.0
10.0
15.0
0.0
0.0
0.0
0.0
10.0
0.0
0.0
0.0
0.0
0.0
10.0
50.0
0.0
0.0
0.0
0.0
0.0
0.0
0.0
0.0
0.0
0.0
0.0
0.0
0.0
20.0
0.0
20.0
10.0
0.0
40.0
0.0
0.0
10.0
0.0
0.0
10.0
20.0
0.0
0.0
0.0
40.0
0.0
20.0
84.0
10.0
0.0
0.0
0.0
0.0
0.0
0.0
0.0
10.0
20.0
10.0
40.0
90.0
0.0
20.0
50.0
0.0
0.0
130.0
20.0
0.0
0.0
10.0
0.0
0.0
0.0
0.0
0.0
0.0
0.0
40.0
10.0
10.0
0.0
0.0
0.0
0.0
20.0
0.0
0.0
0.0
0.0
20.0
0.0
0.0
50.0
0.0
0.0
0.0
0.0
0.0
30.0
0.0
0.0
0.0
0.0
0.0
0.0
0.0
5.0
64.0
0.0
70.0
116.0
10.0
10.0
0.0
0.0
10.0
50.0
0.0
0.0
0.0
0.0
0.0
0.0
0.0
0.0
0.0
0.0
0.0
10.0
0.0
0.0
0.0
0.0
25.0
0.0
0.0
0.0
0.0
0.0
110.0
25.0
85.0
0.0
0.0
0.0
0.0
0.0
0.0
0.0
38.0
136.0
64.0
2.0
40.0
90.0
0.0
4.0
0.0
0.0
0.0
0.0
4.0
0.0
106.0
50.0
0.0
0.0
0.0
0.0
0.0
0.0
70.0
270.0
2.0
0.0
0.0
0.0
42.0
14.0
0.0
0.0
0.0
0.0
0.0
0.0
0.0
0.0
0.0
40.0
36.0
0.0
30.0
18.0
4.0
40.0
55.0
43.0
24.0
250.0
0.0
0.0
0.0
0.0
0.0
0.0
104.0
184.0
64.0
0.0
0.0
0.0
0.0
0.0
0.0
178.0
15.0
7.0
0.0
0.0
160.0
30.0
10.0
64.0
40.0
44.0
12.0
0.0
0.0
0.0
0.0
0.0
0.0
0.0
100.0
44.0
0.0
0.0
56.0
5.0
0.0
0.0
0.0
0.0
0.0
0.0
0.0
0.0
0.0
0.0
0.0
23.0
0.0
5.0
0.0
0.0
20.0
0.0
10.0
11.0
0.0
0.0
88.0
0.0
35.0
0.0
0.0
20.0
0.0
0.0
0.0
28.0
0.0
227.0
0.0
102.0
0.0
0.0
0.0
4.0
0.0
0.0
76.0
0.0
0.0
0.0
0.0
0.0
0.0
8.0
0.0
0.0
0.0
0.0
8.0
0.0
0.0
0.0
0.0
0.0
276.0
54.0
0.0
0.0
0.0
0.0
0.0
0.0
0.0
0.0
20.0
0.0
0.0
0.0
0.0
4.0
0.0
0.0
0.0
0.0
0.0
0.0
0.0
16.0
0.0
0.0
0.0
0.0
0.0
0.0
0.0
0.0
20.0
0.0
0.0
0.0
15.0
0.0
0.0
0.0
0.0
0.0
30.0
0.0
0.0
20.0
0.0
0.0
0.0
0.0
0.0
0.0
0.0
0.0
0.0
0.0
0.0
0.0
0.0
0.0
0.0
60.0
72.0
40.0
30.0
60.0
10.0
10.0
0.0
0.0
0.0
0.0
0.0
30.0
40.0
0.0
0.0
0.0
0.0
0.0
0.0
0.0
130.0
10.0
0.0
0.0
0.0
0.0
10.0
20.0
0.0
0.0
10.0
10.0
0.0
10.0
0.0
0.0
40.0
0.0
0.0
0.0
0.0
0.0
0.0
0.0
0.0
0.0
0.0
10.0
0.0
0.0
90.0
0.0
0.0
0.0
0.0
0.0
0.0
0.0
0.0
10.0
0.0
40.0
30.0
0.0
0.0
10.0
10.0
0.0
0.0
0.0
10.0
0.0
0.0
0.0
0.0
0.0
0.0
0.0
0.0
0.0
0.0
0.0
0.0
30.0
0.0
0.0
0.0
0.0
10.0
40.0
30.0
10.0
0.0
0.0
10.0
0.0
0.0
0.0
0.0
0.0
0.0
20.0
90.0
180.0
20.0
0.0
10.0
0.0
0.0
0.0
10.0
20.0
0.0
0.0
0.0
0.0
0.0
0.0
0.0
0.0
0.0
0.0
0.0
0.0
20.0
120.0
0.0
0.0
0.0
0.0
0.0
0.0
0.0
10.0
0.0
20.0
0.0
0.0
0.0
0.0
0.0
0.0
0.0
10.0
158.0
11.0
0.0
0.0
0.0
0.0
0.0
108.0
20.0
0.0
0.0
0.0
18.0
30.0
4.0
82.0
31.0
11.0
0.0
10.0
188.0
26.0
46.0
0.0
18.0
0.0
297.0
0.0
36.0
0.0
0.0
0.0
0.0
0.0
0.0
0.0
0.0
223.0
0.0
0.0
0.0
0.0
6.0
0.0
0.0
0.0
0.0
185.0
0.0
0.0
0.0
0.0
0.0
60.0
120.0
115.0
0.0
0.0
10.0
22.0
0.0
50.0
84.0
86.0
0.0
0.0
0.0
0.0
0.0
0.0
10.0
40.0
122.0
0.0
0.0
0.0
0.0
85.0
148.0
49.0
8.0
36.0
0.0
0.0
0.0
81.0
0.0
0.0
37.0
0.0
0.0
2.0
0.0
0.0
76.0
0.0
0.0
0.0
48.0
51.0
20.0
0.0
0.0
0.0
0.0
0.0
30.0
0.0
0.0
0.0
0.0
0.0
0.0
23.0
100.0
0.0
0.0
0.0
0.0
0.0
0.0
0.0
0.0
0.0
74.0
0.0
0.0
0.0
117.0
10.0
0.0
0.0
11.0
4.0
16.0
0.0
0.0
0.0
0.0
0.0
0.0
0.0
0.0
0.0
0.0
0.0
0.0
0.0
0.0
24.0
108.0
0.0
122.0
454.0
0.0
44.0
33.0
0.0
0.0
0.0
142.0
32.0
0.0
60.0
20.0
0.0
0.0
0.0
59.0
0.0
4.0
0.0
27.0
4.0
8.0
0.0
0.0
0.0
10.0
0.0
0.0
0.0
4.0
0.0
10.0
15.0
0.0
0.0
0.0
0.0
125.0
48.0
0.0
0.0
0.0
0.0
96.0
234.0
90.0
0.0
0.0
20.0
20.0
0.0
10.0
10.0
0.0
0.0
0.0
0.0
10.0
0.0
0.0
0.0
0.0
0.0
0.0
78.0
0.0
0.0
25.0
0.0
0.0
0.0
0.0
60.0
20.0
0.0
0.0
10.0
10.0
30.0
30.0
0.0
0.0
40.0
90.0
100.0
10.0
0.0
0.0
0.0
10.0
25.0
0.0
10.0
0.0
0.0
0.0
0.0
0.0
0.0
0.0
0.0
0.0
0.0
0.0
0.0
0.0
0.0
0.0
0.0
0.0
0.0
0.0
0.0
0.0
0.0
10.0
0.0
0.0
0.0
0.0
10.0
0.0
0.0
0.0
50.0
0.0
50.0
0.0
0.0
0.0
10.0
10.0
0.0
0.0
0.0
0.0
10.0
10.0
0.0
0.0
0.0
0.0
0.0
0.0
0.0
10.0
0.0
0.0
10.0
0.0
0.0
10.0
0.0
90.0
0.0
0.0
0.0
20.0
50.0
0.0
20.0
10.0
10.0
0.0
0.0
0.0
10.0
0.0
0.0
0.0
0.0
0.0
0.0
30.0
84.0
20.0
0.0
0.0
50.0
0.0
30.0
20.0
0.0
0.0
0.0
0.0
0.0
0.0
0.0
0.0
0.0
0.0
30.0
10.0
0.0
0.0
0.0
0.0
0.0
0.0
0.0
0.0
0.0
0.0
56.0
0.0
0.0
30.0
0.0
10.0
0.0
0.0
0.0
8.0
22.0
0.0
0.0
155.0
300.0
0.0
30.0
0.0
0.0
10.0
0.0
0.0
0.0
20.0
58.0
8.0
0.0
6.0
0.0
0.0
0.0
0.0
0.0
18.0
18.0
140.0
25.0
0.0
0.0
0.0
0.0
10.0
0.0
0.0
0.0
0.0
102.0
4.0
0.0
0.0
8.0
0.0
0.0
0.0
0.0
6.0
0.0
0.0
0.0
76.0
26.0
0.0
10.0
0.0
12.0
0.0
0.0
12.0
0.0
0.0
0.0
0.0
98.0
2.0
8.0
0.0
0.0
20.0
35.0
34.0
72.0
0.0
0.0
118.0
6.0
0.0
0.0
6.0
226.0
66.0
0.0
0.0
16.0
102.0
0.0
0.0
0.0
0.0
0.0
0.0
128.0
80.0
16.0
0.0
330.0
0.0
28.0
0.0
0.0
0.0
24.0
0.0
45.0
0.0
16.0
0.0
0.0
0.0
90.0
0.0
0.0
0.0
0.0
28.0
0.0
58.0
34.0
18.0
0.0
0.0
0.0
0.0
0.0
32.0
0.0
0.0
0.0
0.0
6.0
58.0
0.0
0.0
0.0
0.0
0.0
0.0
418.0
10.0
0.0
30.0
244.0
8.0
30.0
10.0
0.0
0.0
30.0
82.0
0.0
0.0
8.0
10.0
0.0
45.0
6.0
66.0
4.0
0.0
0.0
0.0
0.0
0.0
0.0
0.0
0.0
82.0
0.0
0.0
0.0
0.0
0.0
0.0
0.0
0.0
0.0
0.0
0.0
0.0
0.0
22.0
0.0
4.0
4.0
0.0
0.0
0.0
0.0
30.0
0.0
0.0
0.0
0.0
0.0
10.0
0.0
0.0
6.0
0.0
0.0
0.0
0.0
0.0
40.0
10.0
10.0
0.0
0.0
0.0
110.0
20.0
0.0
40.0
40.0
0.0
20.0
20.0
0.0
0.0
50.0
30.0
0.0
0.0
0.0
0.0
0.0
0.0
0.0
0.0
0.0
0.0
0.0
0.0
0.0
0.0
0.0
0.0
0.0
0.0
0.0
0.0
0.0
10.0
20.0
0.0
0.0
0.0
0.0
10.0
0.0
0.0
0.0
10.0
0.0
80.0
0.0
0.0
10.0
40.0
20.0
10.0
0.0
0.0
20.0
0.0
0.0
0.0
0.0
0.0
0.0
0.0
10.0
130.0
10.0
0.0
0.0
0.0
0.0
0.0
0.0
0.0
0.0
0.0
0.0
0.0
0.0
50.0
0.0
110.0
0.0
0.0
0.0
0.0
0.0
0.0
0.0
0.0
0.0
30.0
0.0
0.0
0.0
0.0
0.0
0.0
0.0
0.0
0.0
0.0
0.0
0.0
0.0
0.0
0.0
0.0
0.0
0.0
0.0
0.0
0.0
0.0
0.0
0.0
3.0
0.0
0.0
6.0
20.0
0.0
0.0
0.0
20.0
0.0
0.0
0.0
0.0
0.0
0.0
40.0
0.0
0.0
0.0
0.0
0.0
0.0
10.0
0.0
142.0
10.0
22.0
0.0
0.0
0.0
0.0
0.0
0.0
0.0
0.0
0.0
0.0
0.0
0.0
0.0
50.0
0.0
0.0
0.0
0.0
12.0
0.0
0.0
0.0
0.0
0.0
0.0
0.0
0.0
80.0
268.0
68.0
10.0
0.0
0.0
6.0
14.0
0.0
0.0
0.0
50.0
158.0
78.0
0.0
0.0
0.0
0.0
0.0
26.0
0.0
10.0
0.0
6.0
0.0
22.0
0.0
0.0
30.0
4.0
0.0
0.0
0.0
0.0
0.0
0.0
0.0
0.0
0.0
0.0
12.0
0.0
120.0
38.0
0.0
0.0
58.0
81.0
34.0
6.0
0.0
124.0
0.0
0.0
0.0
0.0
0.0
55.0
50.0
56.0
46.0
8.0
0.0
0.0
0.0
96.0
0.0
12.0
84.0
10.0
144.0
10.0
0.0
0.0
0.0
0.0
10.0
0.0
14.0
0.0
0.0
52.0
0.0
0.0
52.0
0.0
0.0
30.0
0.0
0.0
10.0
38.0
0.0
0.0
0.0
0.0
0.0
30.0
42.0
22.0
30.0
0.0
0.0
0.0
156.0
0.0
0.0
241.0
0.0
0.0
52.0
0.0
0.0
4.0
78.0
8.0
0.0
12.0
90.0
70.0
24.0
0.0
0.0
141.0
216.0
0.0
0.0
0.0
0.0
0.0
102.0
4.0
12.0
4.0
0.0
32.0
0.0
0.0
65.0
68.0
0.0
0.0
65.0
36.0
0.0
0.0
0.0
68.0
106.0
88.0
0.0
0.0
16.0
14.0
22.0
10.0
0.0
4.0
5.0
0.0
0.0
0.0
0.0
0.0
0.0
0.0
0.0
0.0
0.0
0.0
4.0
0.0
16.0
4.0
0.0
11.0
26.0
4.0
0.0
0.0
0.0
0.0
3.0
3.0
68.0
50.0
50.0
0.0
0.0
10.0
0.0
0.0
0.0
0.0
0.0
0.0
10.0
10.0
20.0
0.0
0.0
0.0
0.0
0.0
20.0
0.0
10.0
0.0
0.0
0.0
0.0
0.0
0.0
0.0
0.0
0.0
0.0
0.0
0.0
10.0
0.0
0.0
0.0
0.0
0.0
0.0
0.0
0.0
0.0
0.0
0.0
0.0
0.0
0.0
0.0
0.0
0.0
60.0
50.0
50.0
0.0
0.0
10.0
0.0
0.0
0.0
10.0
0.0
0.0
0.0
0.0
0.0
0.0
0.0
0.0
0.0
0.0
0.0
30.0
0.0
30.0
0.0
0.0
0.0
0.0
10.0
0.0
0.0
0.0
0.0
0.0
20.0
0.0
0.0
0.0
30.0
10.0
0.0
0.0
0.0
0.0
0.0
0.0
0.0
10.0
0.0
0.0
0.0
0.0
0.0
0.0
0.0
0.0
0.0
10.0
0.0
0.0
0.0
40.0
10.0
0.0
0.0
0.0
0.0
0.0
0.0
0.0
0.0
0.0
20.0
0.0
0.0
0.0
20.0
0.0
10.0
0.0
0.0
20.0
0.0
0.0
15.0
4.0
0.0
0.0
0.0
0.0
34.0
0.0
0.0
0.0
0.0
0.0
0.0
0.0
0.0
0.0
0.0
0.0
10.0
0.0
0.0
0.0
0.0
0.0
0.0
0.0
74.0
0.0
8.0
0.0
0.0
0.0
0.0
0.0
0.0
0.0
0.0
0.0
0.0
0.0
42.0
8.0
0.0
0.0
0.0
0.0
0.0
0.0
0.0
0.0
0.0
32.0
0.0
0.0
0.0
0.0
0.0
0.0
0.0
0.0
40.0
0.0
0.0
0.0
0.0
42.0
6.0
0.0
104.0
0.0
0.0
0.0
30.0
0.0
0.0
0.0
0.0
0.0
12.0
0.0
0.0
0.0
0.0
0.0
95.0
0.0
0.0
0.0
0.0
54.0
6.0
0.0
40.0
28.0
0.0
0.0
48.0
8.0
16.0
0.0
48.0
0.0
0.0
0.0
8.0
0.0
48.0
0.0
174.0
6.0
0.0
0.0
284.0
70.0
0.0
0.0
0.0
0.0
0.0
70.0
28.0
0.0
24.0
0.0
92.0
116.0
0.0
10.0
0.0
32.0
0.0
0.0
4.0
0.0
0.0
0.0
0.0
0.0
36.0
0.0
0.0
0.0
8.0
0.0
0.0
0.0
0.0
0.0
0.0
0.0
0.0
158.0
62.0
4.0
0.0
0.0
0.0
0.0
20.0
0.0
0.0
0.0
0.0
0.0
0.0
0.0
10.0
136.0
4.0
18.0
34.0
8.0
0.0
0.0
92.0
12.0
0.0
0.0
0.0
0.0
0.0
0.0
54.0
0.0
0.0
62.0
8.0
0.0
0.0
0.0
0.0
18.0
14.0
0.0
0.0
0.0
0.0
50.0
2.0
0.0
0.0
0.0
0.0
0.0
0.0
0.0
0.0
92.0
18.0
22.0
0.0
0.0
0.0
0.0
0.0
0.0
16.0
22.0
64.0
198.0
14.0
0.0
26.0
2.0
0.0
0.0
0.0
0.0
0.0
0.0
0.0
0.0
0.0
80.0
0.0
0.0
0.0
0.0
0.0
0.0
0.0
0.0
20.0
10.0
100.0
32.0
0.0
0.0
0.0
40.0
10.0
0.0
0.0
0.0
0.0
0.0
0.0
0.0
20.0
0.0
0.0
0.0
14.0
0.0
NaN
0.0
0.0
0.0
0.0
40.0
0.0
10.0
0.0
40.0
0.0
0.0
0.0
0.0
0.0
0.0
0.0
0.0
0.0
0.0
0.0
0.0
0.0
0.0
30.0
0.0
20.0
90.0
20.0
0.0
0.0
0.0
0.0
0.0
0.0
0.0
10.0
0.0
0.0
120.0
40.0
10.0
30.0
0.0
0.0
60.0
60.0
10.0
10.0
10.0
0.0
0.0
0.0
0.0
0.0
0.0
0.0
10.0
0.0
0.0
0.0
0.0
10.0
0.0
0.0
20.0
0.0
0.0
10.0
10.0
10.0
0.0
0.0
0.0
0.0
0.0
20.0
70.0
0.0
30.0
0.0
0.0
0.0
10.0
0.0
70.0
0.0
0.0
0.0
0.0
0.0
0.0
0.0
0.0
0.0
0.0
0.0
0.0
0.0
0.0
16.0
16.0
0.0
0.0
122.0
38.0
36.0
0.0
0.0
0.0
0.0
40.0
0.0
20.0
36.0
0.0
0.0
0.0
30.0
80.0
0.0
30.0
0.0
0.0
106.0
0.0
0.0
0.0
0.0
0.0
0.0
0.0
0.0
0.0
0.0
24.0
0.0
0.0
0.0
0.0
0.0
0.0
0.0
0.0
0.0
30.0
26.0
0.0
0.0
0.0
0.0
0.0
4.0
0.0
0.0
0.0
114.0
0.0
0.0
0.0
78.0
0.0
0.0
0.0
56.0
0.0
0.0
0.0
88.0
0.0
30.0
22.0
0.0
0.0
0.0
0.0
0.0
0.0
0.0
0.0
0.0
0.0
0.0
16.0
0.0
0.0
94.0
0.0
0.0
0.0
0.0
0.0
0.0
0.0
0.0
98.0
0.0
0.0
36.0
0.0
162.0
4.0
42.0
0.0
0.0
0.0
0.0
0.0
0.0
38.0
0.0
0.0
242.0
0.0
0.0
0.0
0.0
0.0
0.0
0.0
0.0
0.0
0.0
0.0
0.0
0.0
44.0
0.0
22.0
0.0
18.0
0.0
0.0
68.0
0.0
0.0
54.0
174.0
0.0
18.0
0.0
0.0
0.0
0.0
0.0
0.0
0.0
0.0
0.0
52.0
0.0
0.0
0.0
0.0
580.0
6.0
0.0
0.0
250.0
196.0
0.0
0.0
80.0
0.0
6.0
0.0
0.0
0.0
0.0
0.0
16.0
0.0
0.0
0.0
0.0
0.0
0.0
0.0
0.0
0.0
0.0
0.0
0.0
0.0
0.0
0.0
0.0
0.0
26.0
0.0
10.0
8.0
144.0
0.0
0.0
0.0
0.0
0.0
0.0
0.0
0.0
0.0
0.0
0.0
0.0
0.0
0.0
0.0
0.0
0.0
0.0
4.0
0.0
0.0
18.0
380.0
0.0
0.0
0.0
10.0
83.0
76.0
0.0
0.0
0.0
0.0
6.0
6.0
0.0
NaN
4.0
0.0
0.0
40.0
280.0
70.0
0.0
0.0
10.0
30.0
20.0
40.0
90.0
0.0
0.0
0.0
20.0
0.0
0.0
20.0
0.0
40.0
20.0
20.0
0.0
0.0
20.0
10.0
0.0
0.0
0.0
0.0
70.0
30.0
40.0
0.0
0.0
50.0
0.0
0.0
50.0
40.0
0.0
0.0
0.0
10.0
50.0
10.0
0.0
0.0
0.0
0.0
10.0
0.0
0.0
0.0
20.0
0.0
0.0
0.0
0.0
0.0
0.0
20.0
10.0
0.0
0.0
10.0
0.0
0.0
0.0
10.0
10.0
0.0
0.0
0.0
50.0
10.0
0.0
60.0
50.0
0.0
0.0
0.0
0.0
0.0
0.0
0.0
0.0
0.0
0.0
0.0
0.0
0.0
0.0
0.0
0.0
0.0
0.0
0.0
0.0
0.0
0.0
0.0
4.0
30.0
10.0
0.0
10.0
10.0
0.0
20.0
0.0
80.0
0.0
0.0
0.0
74.0
70.0
0.0
0.0
0.0
0.0
0.0
0.0
30.0
0.0
0.0
0.0
0.0
0.0
0.0
0.0
0.0
0.0
0.0
0.0
0.0
40.0
6.0
40.0
20.0
30.0
0.0
0.0
20.0
0.0
20.0
0.0
0.0
0.0
0.0
0.0
180.0
20.0
0.0
0.0
0.0
0.0
0.0
0.0
0.0
0.0
0.0
0.0
0.0
0.0
0.0
0.0
0.0
0.0
0.0
0.0
0.0
30.0
40.0
10.0
0.0
0.0
140.0
120.0
0.0
0.0
0.0
0.0
0.0
420.0
0.0
0.0
6.0
0.0
0.0
0.0
0.0
0.0
0.0
0.0
0.0
0.0
4.0
0.0
0.0
0.0
38.0
254.0
0.0
12.0
0.0
0.0
0.0
0.0
0.0
38.0
12.0
0.0
0.0
0.0
0.0
0.0
0.0
28.0
0.0
16.0
72.0
0.0
210.0
30.0
4.0
50.0
64.0
44.0
50.0
0.0
0.0
110.0
460.0
6.0
0.0
262.0
0.0
0.0
0.0
0.0
0.0
0.0
0.0
0.0
0.0
0.0
0.0
486.0
0.0
0.0
116.0
12.0
0.0
10.0
0.0
0.0
40.0
0.0
0.0
0.0
0.0
0.0
0.0
4.0
10.0
0.0
0.0
0.0
0.0
0.0
0.0
0.0
0.0
0.0
0.0
10.0
0.0
0.0
156.0
10.0
0.0
0.0
0.0
6.0
16.0
0.0
0.0
0.0
0.0
0.0
6.0
0.0
0.0
0.0
6.0
20.0
36.0
6.0
0.0
0.0
14.0
0.0
0.0
2.0
0.0
0.0
0.0
0.0
0.0
0.0
0.0
10.0
0.0
0.0
0.0
0.0
0.0
0.0
140.0
0.0
0.0
0.0
0.0
0.0
44.0
74.0
4.0
0.0
10.0
0.0
4.0
0.0
12.0
30.0
10.0
0.0
0.0
6.0
0.0
0.0
0.0
0.0
0.0
0.0
0.0
0.0
0.0
0.0
0.0
30.0
20.0
40.0
40.0
0.0
0.0
20.0
0.0
0.0
10.0
0.0
0.0
0.0
0.0
0.0
40.0
0.0
0.0
10.0
30.0
10.0
20.0
20.0
0.0
100.0
40.0
0.0
110.0
10.0
0.0
0.0
0.0
10.0
0.0
0.0
20.0
30.0
0.0
0.0
0.0
0.0
0.0
0.0
80.0
10.0
0.0
0.0
20.0
0.0
0.0
0.0
10.0
0.0
0.0
0.0
40.0
0.0
0.0
0.0
0.0
0.0
0.0
0.0
0.0
0.0
10.0
0.0
0.0
70.0
0.0
0.0
0.0
0.0
0.0
0.0
0.0
20.0
30.0
30.0
0.0
0.0
0.0
0.0
0.0
0.0
0.0
0.0
0.0
20.0
0.0
0.0
20.0
0.0
0.0
20.0
0.0
30.0
0.0
0.0
0.0
0.0
0.0
0.0
4.0
0.0
0.0
30.0
10.0
0.0
0.0
0.0
10.0
0.0
0.0
30.0
0.0
0.0
0.0
0.0
0.0
0.0
0.0
120.0
0.0
0.0
0.0
130.0
20.0
0.0
0.0
40.0
0.0
0.0
0.0
0.0
30.0
0.0
0.0
0.0
0.0
0.0
0.0
110.0
160.0
40.0
0.0
0.0
0.0
0.0
0.0
0.0
20.0
0.0
0.0
0.0
0.0
0.0
0.0
0.0
0.0
0.0
0.0
0.0
8.0
0.0
12.0
10.0
0.0
0.0
0.0
0.0
8.0
0.0
0.0
6.0
0.0
0.0
4.0
0.0
150.0
6.0
0.0
0.0
0.0
4.0
0.0
6.0
0.0
110.0
8.0
0.0
0.0
0.0
0.0
0.0
0.0
0.0
0.0
0.0
6.0
0.0
0.0
0.0
0.0
0.0
0.0
0.0
0.0
0.0
0.0
0.0
0.0
24.0
38.0
34.0
6.0
16.0
126.0
66.0
10.0
0.0
40.0
254.0
46.0
0.0
0.0
10.0
0.0
32.0
74.0
22.0
0.0
0.0
0.0
0.0
54.0
8.0
0.0
0.0
103.0
296.0
0.0
0.0
0.0
54.0
0.0
0.0
6.0
0.0
0.0
0.0
32.0
0.0
16.0
0.0
18.0
0.0
0.0
0.0
0.0
0.0
0.0
10.0
0.0
0.0
0.0
0.0
46.0
0.0
18.0
10.0
4.0
0.0
60.0
158.0
0.0
0.0
0.0
50.0
0.0
0.0
124.0
0.0
0.0
0.0
0.0
0.0
0.0
26.0
0.0
30.0
0.0
0.0
0.0
6.0
30.0
0.0
238.0
0.0
0.0
0.0
0.0
84.0
0.0
0.0
140.0
2.0
0.0
30.0
16.0
0.0
6.0
0.0
0.0
0.0
0.0
0.0
126.0
88.0
10.0
0.0
0.0
0.0
6.0
0.0
0.0
0.0
58.0
138.0
4.0
0.0
96.0
234.0
8.0
0.0
0.0
0.0
0.0
8.0
0.0
60.0
0.0
0.0
0.0
10.0
0.0
0.0
0.0
10.0
0.0
16.0
48.0
356.0
20.0
0.0
0.0
0.0
0.0
0.0
10.0
0.0
0.0
0.0
0.0
0.0
0.0
0.0
0.0
0.0
0.0
10.0
0.0
10.0
0.0
0.0
0.0
0.0
0.0
0.0
0.0
0.0
0.0
0.0
0.0
50.0
10.0
0.0
0.0
0.0
0.0
10.0
0.0
0.0
0.0
0.0
0.0
0.0
0.0
5.0
0.0
0.0
0.0
0.0
0.0
0.0
0.0
10.0
0.0
0.0
20.0
10.0
0.0
20.0
50.0
20.0
30.0
0.0
20.0
10.0
40.0
90.0
60.0
10.0
30.0
0.0
0.0
40.0
40.0
110.0
10.0
0.0
0.0
0.0
20.0
20.0
0.0
30.0
0.0
0.0
0.0
0.0
0.0
0.0
10.0
10.0
0.0
0.0
10.0
0.0
0.0
0.0
0.0
10.0
0.0
0.0
0.0
0.0
140.0
0.0
0.0
10.0
10.0
0.0
0.0
0.0
0.0
0.0
0.0
100.0
40.0
30.0
10.0
20.0
0.0
0.0
0.0
0.0
0.0
0.0
0.0
0.0
0.0
0.0
40.0
0.0
0.0
0.0
0.0
0.0
10.0
0.0
40.0
10.0
0.0
0.0
35.0
0.0
0.0
0.0
0.0
0.0
0.0
0.0
0.0
0.0
0.0
0.0
28.0
2.0
0.0
0.0
0.0
4.0
118.0
380.0
20.0
0.0
0.0
0.0
0.0
0.0
0.0
0.0
0.0
0.0
0.0
0.0
0.0
0.0
0.0
0.0
0.0
0.0
0.0
0.0
16.0
6.0
14.0
112.0
0.0
0.0
0.0
28.0
30.0
2.0
6.0
0.0
200.0
4.0
0.0
0.0
0.0
0.0
0.0
0.0
0.0
0.0
0.0
4.0
0.0
24.0
0.0
0.0
0.0
0.0
0.0
28.0
24.0
0.0
4.0
0.0
0.0
0.0
64.0
0.0
0.0
0.0
0.0
0.0
18.0
64.0
130.0
84.0
52.0
10.0
0.0
6.0
150.0
0.0
18.0
98.0
0.0
16.0
0.0
90.0
0.0
0.0
0.0
0.0
0.0
0.0
0.0
0.0
0.0
16.0
36.0
0.0
0.0
32.0
0.0
16.0
0.0
0.0
40.0
0.0
66.0
0.0
4.0
170.0
0.0
0.0
0.0
0.0
0.0
0.0
0.0
266.0
30.0
0.0
0.0
0.0
0.0
0.0
0.0
0.0
0.0
22.0
0.0
0.0
4.0
0.0
0.0
22.0
30.0
0.0
0.0
190.0
24.0
0.0
42.0
0.0
8.0
0.0
0.0
0.0
6.0
0.0
0.0
0.0
0.0
0.0
0.0
0.0
0.0
0.0
0.0
0.0
0.0
0.0
0.0
26.0
32.0
0.0
88.0
306.0
4.0
0.0
0.0
10.0
66.0
4.0
0.0
0.0
4.0
44.0
0.0
0.0
0.0
0.0
6.0
88.0
70.0
0.0
0.0
0.0
0.0
160.0
4.0
0.0
20.0
0.0
0.0
0.0
52.0
30.0
4.0
0.0
0.0
0.0
0.0
0.0
0.0
0.0
0.0
66.0
0.0
0.0
0.0
0.0
0.0
0.0
0.0
0.0
0.0
0.0
20.0
20.0
0.0
0.0
0.0
0.0
0.0
10.0
0.0
0.0
0.0
0.0
20.0
0.0
0.0
100.0
0.0
0.0
0.0
0.0
0.0
0.0
0.0
0.0
0.0
70.0
100.0
0.0
10.0
10.0
20.0
0.0
0.0
0.0
0.0
0.0
0.0
0.0
90.0
0.0
0.0
0.0
0.0
10.0
0.0
0.0
0.0
30.0
0.0
0.0
0.0
0.0
0.0
0.0
0.0
0.0
0.0
0.0
0.0
0.0
0.0
0.0
0.0
0.0
0.0
10.0
0.0
30.0
0.0
0.0
0.0
0.0
0.0
0.0
0.0
0.0
0.0
0.0
0.0
0.0
0.0
0.0
0.0
0.0
0.0
0.0
0.0
0.0
0.0
0.0
0.0
0.0
0.0
20.0
0.0
0.0
0.0
0.0
0.0
0.0
0.0
0.0
0.0
0.0
10.0
0.0
40.0
0.0
0.0
0.0
80.0
0.0
0.0
0.0
0.0
0.0
0.0
0.0
10.0
140.0
10.0
0.0
0.0
0.0
0.0
0.0
0.0
0.0
0.0
0.0
0.0
0.0
0.0
0.0
0.0
0.0
0.0
0.0
0.0
0.0
0.0
0.0
0.0
0.0
0.0
230.0
40.0
16.0
0.0
0.0
0.0
0.0
0.0
0.0
0.0
32.0
0.0
0.0
0.0
6.0
4.0
0.0
0.0
0.0
0.0
0.0
0.0
0.0
0.0
0.0
0.0
0.0
0.0
0.0
0.0
140.0
140.0
18.0
0.0
0.0
0.0
0.0
82.0
6.0
38.0
4.0
172.0
38.0
6.0
0.0
40.0
18.0
0.0
0.0
8.0
0.0
0.0
0.0
34.0
0.0
0.0
280.0
4.0
0.0
0.0
0.0
44.0
4.0
0.0
60.0
4.0
26.0
10.0
0.0
6.0
34.0
0.0
4.0
0.0
0.0
0.0
0.0
0.0
0.0
0.0
246.0
54.0
0.0
92.0
40.0
0.0
18.0
48.0
56.0
4.0
0.0
60.0
102.0
70.0
26.0
0.0
130.0
0.0
0.0
0.0
24.0
0.0
10.0
160.0
22.0
0.0
38.0
10.0
0.0
0.0
0.0
0.0
204.0
0.0
0.0
0.0
0.0
0.0
0.0
6.0
8.0
10.0
4.0
4.0
0.0
78.0
0.0
98.0
108.0
0.0
0.0
0.0
0.0
6.0
240.0
18.0
28.0
0.0
0.0
0.0
0.0
85.0
0.0
0.0
0.0
0.0
0.0
0.0
0.0
0.0
0.0
0.0
0.0
0.0
289.0
8.0
55.0
8.0
44.0
26.0
18.0
109.0
6.0
36.0
18.0
0.0
0.0
0.0
0.0
0.0
0.0
0.0
0.0
0.0
0.0
0.0
0.0
30.0
0.0
4.0
16.0
0.0
0.0
0.0
0.0
0.0
8.0
0.0
20.0
0.0
0.0
200.0
0.0
10.0
0.0
166.0
0.0
10.0
8.0
12.0
0.0
8.0
0.0
0.0
0.0
0.0
0.0
0.0
0.0
0.0
0.0
26.0
0.0
0.0
0.0
0.0
0.0
0.0
0.0
0.0
0.0
0.0
0.0
0.0
0.0
0.0
0.0
0.0
0.0
0.0
0.0
0.0
0.0
0.0
0.0
0.0
40.0
0.0
0.0
0.0
0.0
0.0
0.0
0.0
0.0
0.0
0.0
0.0
0.0
0.0
0.0
0.0
0.0
0.0
90.0
0.0
0.0
0.0
0.0
30.0
30.0
0.0
0.0
0.0
0.0
0.0
0.0
50.0
0.0
10.0
0.0
20.0
120.0
120.0
0.0
0.0
20.0
40.0
0.0
0.0
0.0
0.0
0.0
0.0
0.0
0.0
90.0
10.0
50.0
10.0
0.0
0.0
0.0
50.0
10.0
0.0
10.0
0.0
0.0
0.0
0.0
0.0
0.0
0.0
0.0
0.0
0.0
0.0
0.0
0.0
0.0
0.0
0.0
0.0
0.0
0.0
0.0
0.0
0.0
0.0
0.0
0.0
0.0
0.0
0.0
0.0
0.0
0.0
308.0
10.0
0.0
0.0
0.0
0.0
0.0
0.0
0.0
0.0
0.0
6.0
0.0
0.0
0.0
0.0
0.0
0.0
0.0
0.0
0.0
40.0
0.0
0.0
0.0
60.0
0.0
148.0
64.0
10.0
80.0
0.0
0.0
0.0
122.0
4.0
0.0
0.0
0.0
0.0
174.0
0.0
0.0
60.0
0.0
0.0
0.0
50.0
0.0
0.0
0.0
0.0
0.0
0.0
0.0
0.0
0.0
0.0
0.0
0.0
0.0
0.0
8.0
0.0
12.0
0.0
0.0
0.0
0.0
6.0
0.0
12.0
50.0
4.0
0.0
0.0
36.0
24.0
6.0
0.0
0.0
18.0
0.0
0.0
0.0
0.0
24.0
84.0
36.0
6.0
0.0
0.0
0.0
22.0
0.0
0.0
0.0
0.0
0.0
0.0
0.0
0.0
4.0
0.0
0.0
166.0
244.0
0.0
0.0
88.0
0.0
34.0
28.0
0.0
14.0
30.0
242.0
22.0
0.0
10.0
2.0
70.0
18.0
0.0
4.0
0.0
50.0
20.0
0.0
0.0
68.0
0.0
84.0
0.0
0.0
0.0
8.0
24.0
0.0
0.0
0.0
18.0
6.0
0.0
10.0
0.0
0.0
0.0
0.0
0.0
52.0
0.0
0.0
0.0
0.0
0.0
0.0
0.0
0.0
0.0
54.0
18.0
4.0
0.0
14.0
98.0
0.0
0.0
140.0
0.0
28.0
4.0
0.0
28.0
0.0
0.0
0.0
64.0
0.0
0.0
0.0
0.0
0.0
0.0
0.0
28.0
0.0
0.0
0.0
4.0
108.0
0.0
22.0
200.0
124.0
0.0
0.0
58.0
0.0
0.0
0.0
0.0
0.0
0.0
0.0
0.0
6.0
102.0
0.0
0.0
0.0
0.0
0.0
6.0
0.0
0.0
0.0
0.0
4.0
0.0
12.0
0.0
0.0
0.0
10.0
0.0
0.0
0.0
0.0
0.0
0.0
0.0
0.0
0.0
0.0
0.0
0.0
0.0
0.0
0.0
0.0
0.0
0.0
130.0
0.0
0.0
236.0
20.0
8.0
34.0
156.0
106.0
0.0
0.0
114.0
140.0
310.0
30.0
10.0
10.0
0.0
0.0
0.0
0.0
30.0
0.0
10.0
30.0
0.0
0.0
0.0
20.0
0.0
0.0
0.0
0.0
0.0
0.0
0.0
0.0
0.0
0.0
30.0
0.0
10.0
60.0
0.0
0.0
0.0
0.0
0.0
0.0
0.0
30.0
60.0
10.0
20.0
0.0
20.0
0.0
0.0
10.0
0.0
0.0
0.0
0.0
0.0
0.0
0.0
0.0
0.0
0.0
0.0
0.0
0.0
100.0
0.0
0.0
0.0
0.0
0.0
0.0
0.0
0.0
0.0
20.0
0.0
0.0
0.0
0.0
0.0
0.0
0.0
0.0
0.0
0.0
0.0
0.0
0.0
0.0
0.0
0.0
0.0
0.0
0.0
0.0
0.0
0.0
0.0
0.0
0.0
0.0
10.0
50.0
0.0
0.0
80.0
0.0
0.0
0.0
0.0
0.0
100.0
0.0
30.0
10.0
0.0
0.0
0.0
0.0
0.0
0.0
0.0
0.0
0.0
0.0
0.0
0.0
10.0
0.0
0.0
0.0
10.0
10.0
0.0
0.0
0.0
0.0
20.0
0.0
40.0
0.0
0.0
0.0
0.0
0.0
50.0
10.0
0.0
200.0
60.0
0.0
0.0
0.0
68.0
0.0
0.0
0.0
0.0
10.0
0.0
0.0
0.0
44.0
26.0
10.0
0.0
0.0
0.0
0.0
0.0
0.0
0.0
0.0
0.0
0.0
0.0
0.0
0.0
0.0
0.0
170.0
0.0
0.0
0.0
56.0
168.0
130.0
0.0
6.0
0.0
12.0
0.0
256.0
0.0
50.0
0.0
0.0
0.0
72.0
0.0
0.0
132.0
10.0
0.0
0.0
12.0
56.0
0.0
0.0
14.0
8.0
0.0
0.0
0.0
0.0
0.0
12.0
0.0
0.0
0.0
0.0
0.0
0.0
20.0
282.0
40.0
0.0
0.0
0.0
0.0
0.0
0.0
30.0
0.0
0.0
128.0
32.0
546.0
4.0
78.0
0.0
0.0
8.0
44.0
0.0
82.0
0.0
0.0
0.0
0.0
0.0
0.0
10.0
94.0
0.0
0.0
108.0
0.0
0.0
0.0
0.0
0.0
0.0
0.0
0.0
24.0
0.0
18.0
0.0
0.0
0.0
30.0
0.0
0.0
10.0
256.0
0.0
0.0
48.0
0.0
0.0
0.0
16.0
0.0
0.0
14.0
20.0
0.0
0.0
0.0
0.0
0.0
0.0
0.0
0.0
180.0
0.0
0.0
0.0
10.0
6.0
0.0
0.0
0.0
0.0
0.0
0.0
8.0
0.0
10.0
40.0
76.0
6.0
48.0
0.0
0.0
0.0
0.0
0.0
0.0
0.0
0.0
14.0
28.0
0.0
0.0
0.0
0.0
0.0
0.0
0.0
0.0
0.0
54.0
12.0
0.0
40.0
10.0
0.0
0.0
0.0
0.0
0.0
0.0
0.0
0.0
32.0
0.0
0.0
0.0
0.0
0.0
0.0
0.0
20.0
0.0
70.0
20.0
0.0
0.0
0.0
0.0
0.0
144.0
102.0
0.0
0.0
0.0
0.0
0.0
90.0
0.0
0.0
0.0
0.0
0.0
0.0
0.0
0.0
0.0
0.0
0.0
0.0
0.0
0.0
0.0
0.0
0.0
0.0
0.0
0.0
30.0
40.0
40.0
0.0
0.0
0.0
0.0
100.0
0.0
0.0
0.0
0.0
0.0
30.0
0.0
0.0
0.0
30.0
0.0
20.0
0.0
0.0
0.0
100.0
0.0
10.0
0.0
0.0
20.0
10.0
10.0
0.0
0.0
20.0
0.0
0.0
0.0
0.0
0.0
0.0
0.0
0.0
0.0
0.0
0.0
0.0
0.0
20.0
0.0
10.0
0.0
20.0
0.0
20.0
40.0
10.0
0.0
30.0
0.0
0.0
10.0
0.0
0.0
0.0
0.0
0.0
0.0
0.0
0.0
0.0
0.0
0.0
0.0
0.0
0.0
10.0
0.0
10.0
0.0
10.0
0.0
0.0
0.0
0.0
0.0
0.0
20.0
0.0
0.0
10.0
0.0
10.0
0.0
0.0
0.0
10.0
0.0
0.0
0.0
0.0
30.0
0.0
10.0
20.0
150.0
0.0
0.0
0.0
40.0
60.0
50.0
0.0
0.0
0.0
0.0
0.0
0.0
0.0
0.0
10.0
14.0
0.0
0.0
0.0
10.0
10.0
0.0
0.0
0.0
0.0
0.0
0.0
0.0
0.0
0.0
0.0
0.0
30.0
0.0
200.0
10.0
0.0
0.0
0.0
0.0
0.0
0.0
10.0
0.0
0.0
0.0
36.0
6.0
0.0
20.0
0.0
0.0
0.0
0.0
0.0
0.0
60.0
0.0
0.0
0.0
18.0
0.0
34.0
0.0
0.0
0.0
0.0
0.0
0.0
0.0
110.0
0.0
0.0
0.0
0.0
20.0
14.0
54.0
4.0
0.0
0.0
0.0
10.0
12.0
12.0
16.0
0.0
30.0
12.0
50.0
178.0
108.0
0.0
0.0
12.0
0.0
0.0
0.0
66.0
0.0
0.0
0.0
38.0
32.0
0.0
0.0
0.0
0.0
14.0
0.0
30.0
0.0
0.0
48.0
420.0
0.0
4.0
0.0
0.0
0.0
0.0
0.0
0.0
0.0
0.0
0.0
0.0
20.0
0.0
34.0
0.0
0.0
0.0
0.0
0.0
0.0
446.0
0.0
0.0
0.0
0.0
0.0
0.0
24.0
0.0
0.0
0.0
24.0
0.0
0.0
0.0
0.0
162.0
32.0
48.0
16.0
0.0
174.0
66.0
0.0
0.0
0.0
0.0
0.0
0.0
0.0
0.0
144.0
0.0
0.0
40.0
10.0
130.0
26.0
0.0
18.0
0.0
92.0
22.0
12.0
0.0
0.0
0.0
0.0
62.0
0.0
0.0
0.0
0.0
36.0
0.0
0.0
0.0
0.0
20.0
0.0
0.0
0.0
0.0
0.0
0.0
4.0
20.0
0.0
2.0
22.0
0.0
0.0
56.0
2.0
12.0
0.0
12.0
10.0
0.0
0.0
0.0
0.0
10.0
0.0
10.0
0.0
10.0
0.0
0.0
0.0
0.0
0.0
30.0
10.0
0.0
0.0
0.0
0.0
0.0
0.0
10.0
5.0
0.0
0.0
0.0
80.0
0.0
10.0
0.0
0.0
10.0
0.0
0.0
0.0
0.0
10.0
0.0
0.0
65.0
50.0
0.0
0.0
0.0
0.0
0.0
20.0
0.0
0.0
0.0
0.0
15.0
0.0
0.0
0.0
0.0
0.0
0.0
5.0
15.0
0.0
0.0
0.0
0.0
0.0
50.0
50.0
25.0
15.0
5.0
0.0
0.0
0.0
0.0
0.0
0.0
130.0
10.0
0.0
40.0
0.0
0.0
0.0
0.0
0.0
0.0
0.0
10.0
0.0
0.0
0.0
0.0
0.0
0.0
0.0
60.0
0.0
0.0
0.0
0.0
0.0
0.0
20.0
0.0
20.0
0.0
0.0
0.0
0.0
0.0
10.0
10.0
0.0
0.0
0.0
0.0
20.0
0.0
0.0
20.0
0.0
0.0
0.0
0.0
0.0
0.0
70.0
10.0
0.0
0.0
0.0
0.0
0.0
0.0
0.0
0.0
0.0
10.0
0.0
0.0
10.0
0.0
70.0
0.0
0.0
0.0
0.0
10.0
10.0
0.0
0.0
0.0
0.0
0.0
0.0
0.0
60.0
0.0
0.0
0.0
58.0
60.0
0.0
0.0
0.0
0.0
0.0
24.0
0.0
0.0
0.0
10.0
0.0
0.0
0.0
6.0
0.0
0.0
0.0
0.0
6.0
0.0
0.0
0.0
10.0
40.0
0.0
0.0
0.0
0.0
0.0
12.0
0.0
0.0
0.0
0.0
0.0
0.0
0.0
0.0
0.0
0.0
0.0
0.0
0.0
0.0
20.0
0.0
0.0
0.0
0.0
0.0
0.0
0.0
22.0
4.0
46.0
0.0
0.0
0.0
0.0
98.0
0.0
0.0
0.0
0.0
0.0
62.0
0.0
0.0
0.0
0.0
0.0
72.0
0.0
50.0
0.0
22.0
4.0
0.0
38.0
70.0
0.0
0.0
32.0
0.0
0.0
0.0
0.0
0.0
76.0
0.0
0.0
0.0
271.0
0.0
82.0
70.0
0.0
0.0
0.0
0.0
0.0
0.0
84.0
0.0
0.0
0.0
0.0
0.0
16.0
4.0
0.0
100.0
0.0
0.0
0.0
0.0
96.0
15.0
0.0
0.0
20.0
0.0
6.0
0.0
0.0
0.0
34.0
0.0
0.0
0.0
0.0
0.0
0.0
20.0
0.0
0.0
14.0
0.0
0.0
0.0
0.0
0.0
0.0
0.0
0.0
0.0
0.0
0.0
160.0
0.0
0.0
0.0
0.0
0.0
0.0
273.0
12.0
0.0
0.0
0.0
10.0
12.0
0.0
0.0
0.0
0.0
0.0
0.0
0.0
222.0
0.0
116.0
24.0
0.0
0.0
0.0
50.0
10.0
6.0
40.0
224.0
10.0
132.0
20.0
32.0
28.0
10.0
34.0
14.0
0.0
0.0
4.0
0.0
0.0
0.0
0.0
0.0
0.0
0.0
32.0
0.0
0.0
0.0
18.0
0.0
0.0
0.0
0.0
0.0
0.0
0.0
0.0
0.0
10.0
20.0
0.0
160.0
0.0
40.0
20.0
0.0
10.0
0.0
0.0
10.0
10.0
20.0
0.0
0.0
0.0
0.0
0.0
0.0
0.0
0.0
0.0
0.0
0.0
0.0
0.0
0.0
0.0
0.0
0.0
30.0
30.0
0.0
0.0
0.0
0.0
0.0
0.0
0.0
0.0
80.0
0.0
0.0
0.0
0.0
20.0
0.0
0.0
0.0
15.0
60.0
0.0
0.0
0.0
0.0
0.0
0.0
0.0
0.0
0.0
0.0
0.0
0.0
210.0
90.0
0.0
0.0
0.0
0.0
30.0
10.0
0.0
0.0
0.0
0.0
10.0
0.0
10.0
5.0
40.0
65.0
50.0
115.0
175.0
0.0
0.0
20.0
40.0
0.0
20.0
0.0
0.0
15.0
15.0
30.0
0.0
0.0
0.0
20.0
0.0
0.0
0.0
0.0
15.0
0.0
0.0
15.0
0.0
0.0
0.0
0.0
0.0
0.0
6.0
4.0
5.0
0.0
0.0
0.0
0.0
0.0
0.0
0.0
0.0
0.0
0.0
0.0
0.0
10.0
5.0
0.0
22.0
0.0
5.0
0.0
0.0
0.0
15.0
0.0
50.0
210.0
0.0
40.0
150.0
40.0
15.0
75.0
0.0
0.0
5.0
0.0
0.0
0.0
160.0
290.0
15.0
0.0
0.0
0.0
0.0
10.0
0.0
0.0
14.0
0.0
0.0
10.0
0.0
0.0
0.0
0.0
0.0
25.0
80.0
60.0
0.0
10.0
0.0
10.0
0.0
10.0
0.0
0.0
8.0
0.0
0.0
0.0
50.0
0.0
0.0
0.0
28.0
12.0
0.0
0.0
0.0
4.0
12.0
0.0
0.0
130.0
0.0
0.0
34.0
0.0
0.0
0.0
16.0
0.0
68.0
0.0
0.0
70.0
18.0
0.0
0.0
0.0
126.0
218.0
3.0
0.0
0.0
0.0
0.0
0.0
180.0
14.0
0.0
0.0
0.0
104.0
8.0
0.0
56.0
28.0
0.0
8.0
0.0
4.0
8.0
54.0
68.0
8.0
34.0
0.0
0.0
0.0
0.0
8.0
0.0
0.0
110.0
6.0
0.0
0.0
0.0
0.0
188.0
76.0
0.0
0.0
53.0
0.0
0.0
72.0
0.0
0.0
0.0
4.0
0.0
0.0
0.0
0.0
0.0
0.0
0.0
0.0
0.0
18.0
0.0
82.0
2.0
0.0
0.0
0.0
0.0
0.0
0.0
28.0
64.0
0.0
0.0
0.0
0.0
0.0
0.0
0.0
46.0
26.0
0.0
0.0
54.0
0.0
45.0
20.0
78.0
152.0
0.0
16.0
44.0
0.0
0.0
16.0
0.0
24.0
0.0
0.0
36.0
0.0
0.0
0.0
0.0
20.0
0.0
120.0
0.0
0.0
0.0
3.0
2.0
32.0
48.0
0.0
0.0
8.0
0.0
0.0
0.0
0.0
0.0
104.0
0.0
0.0
0.0
0.0
0.0
0.0
0.0
0.0
0.0
0.0
0.0
0.0
6.0
0.0
111.0
24.0
0.0
0.0
120.0
50.0
220.0
0.0
0.0
0.0
25.0
0.0
0.0
24.0
6.0
4.0
0.0
0.0
0.0
4.0
16.0
0.0
0.0
0.0
0.0
0.0
0.0
0.0
0.0
0.0
0.0
0.0
0.0
0.0
0.0
0.0
10.0
0.0
0.0
0.0
10.0
0.0
45.0
0.0
0.0
10.0
0.0
20.0
0.0
25.0
0.0
0.0
50.0
40.0
20.0
0.0
0.0
0.0
90.0
20.0
0.0
0.0
10.0
15.0
0.0
0.0
60.0
10.0
0.0
0.0
0.0
0.0
0.0
10.0
5.0
0.0
0.0
180.0
0.0
125.0
0.0
0.0
0.0
0.0
0.0
0.0
55.0
0.0
0.0
50.0
50.0
0.0
0.0
0.0
0.0
15.0
0.0
70.0
15.0
20.0
0.0
0.0
0.0
0.0
0.0
0.0
20.0
0.0
0.0
0.0
0.0
0.0
0.0
0.0
20.0
5.0
0.0
0.0
0.0
15.0
0.0
0.0
0.0
30.0
0.0
0.0
0.0
0.0
0.0
0.0
0.0
0.0
0.0
25.0
0.0
56.0
0.0
0.0
0.0
0.0
0.0
0.0
0.0
25.0
0.0
0.0
40.0
10.0
0.0
0.0
0.0
0.0
0.0
0.0
0.0
0.0
0.0
0.0
0.0
30.0
5.0
0.0
0.0
5.0
15.0
0.0
10.0
0.0
0.0
0.0
0.0
0.0
0.0
0.0
0.0
0.0
0.0
0.0
0.0
204.0
76.0
0.0
0.0
0.0
0.0
0.0
0.0
0.0
0.0
0.0
0.0
0.0
0.0
12.0
0.0
40.0
0.0
0.0
0.0
25.0
0.0
0.0
0.0
0.0
0.0
426.0
184.0
0.0
0.0
0.0
14.0
0.0
0.0
0.0
0.0
6.0
0.0
0.0
0.0
196.0
76.0
14.0
28.0
0.0
136.0
66.0
14.0
0.0
0.0
20.0
10.0
24.0
0.0
142.0
18.0
0.0
22.0
230.0
0.0
12.0
182.0
10.0
22.0
0.0
0.0
0.0
0.0
0.0
0.0
0.0
0.0
44.0
20.0
0.0
50.0
170.0
0.0
10.0
428.0
4.0
116.0
0.0
88.0
0.0
0.0
0.0
28.0
0.0
24.0
266.0
18.0
0.0
0.0
0.0
0.0
50.0
40.0
6.0
0.0
0.0
10.0
0.0
0.0
0.0
0.0
0.0
0.0
0.0
0.0
54.0
0.0
0.0
0.0
0.0
0.0
0.0
0.0
150.0
0.0
0.0
0.0
15.0
84.0
6.0
10.0
0.0
0.0
0.0
38.0
28.0
22.0
0.0
0.0
0.0
170.0
0.0
52.0
66.0
0.0
0.0
0.0
124.0
6.0
0.0
0.0
18.0
0.0
10.0
0.0
0.0
0.0
0.0
30.0
0.0
0.0
0.0
0.0
14.0
22.0
0.0
0.0
0.0
16.0
0.0
84.0
0.0
0.0
0.0
0.0
0.0
0.0
20.0
0.0
0.0
0.0
0.0
330.0
0.0
0.0
0.0
0.0
0.0
0.0
0.0
0.0
0.0
0.0
0.0
0.0
10.0
0.0
42.0
5.0
0.0
0.0
0.0
0.0
0.0
0.0
0.0
0.0
4.0
0.0
