302.0
188.0
0.0
0.0
0.0
0.0
13.0
0.0
0.0
0.0
0.0
0.0
0.0
0.0
0.0
0.0
0.0
0.0
0.0
226.0
5.0
226.0
0.0
0.0
0.0
0.0
0.0
30.0
23.0
224.0
18.0
0.0
0.0
0.0
56.0
117.0
20.0
15.0
0.0
0.0
36.0
15.0
0.0
0.0
0.0
15.0
10.0
25.0
0.0
0.0
0.0
0.0
36.0
526.0
3.0
8.0
0.0
0.0
0.0
0.0
102.0
0.0
3.0
23.0
104.0
5.0
0.0
0.0
0.0
0.0
0.0
23.0
0.0
69.0
102.0
0.0
30.0
0.0
0.0
25.0
13.0
25.0
0.0
41.0
76.0
0.0
0.0
127.0
0.0
0.0
64.0
38.0
0.0
0.0
0.0
0.0
89.0
216.0
0.0
0.0
0.0
38.0
165.0
0.0
0.0
18.0
0.0
0.0
0.0
0.0
0.0
0.0
0.0
0.0
0.0
25.0
0.0
51.0
76.0
0.0
0.0
0.0
0.0
25.0
0.0
8.0
0.0
25.0
51.0
0.0
0.0
25.0
0.0
0.0
0.0
0.0
76.0
0.0
0.0
76.0
0.0
89.0
38.0
0.0
0.0
0.0
8.0
13.0
0.0
25.0
0.0
0.0
64.0
0.0
10.0
119.0
0.0
0.0
0.0
30.0
0.0
NaN
NaN
20.0
0.0
86.0
0.0
0.0
10.0
94.0
0.0
0.0
0.0
43.0
0.0
23.0
150.0
0.0
0.0
0.0
0.0
0.0
10.0
0.0
0.0
0.0
0.0
0.0
0.0
0.0
8.0
38.0
0.0
41.0
140.0
38.0
0.0
23.0
0.0
23.0
0.0
0.0
0.0
0.0
43.0
38.0
104.0
0.0
0.0
0.0
0.0
0.0
0.0
23.0
0.0
8.0
0.0
25.0
0.0
0.0
0.0
0.0
0.0
0.0
0.0
0.0
0.0
51.0
43.0
0.0
104.0
0.0
10.0
0.0
0.0
10.0
0.0
226.0
0.0
0.0
0.0
25.0
30.0
0.0
0.0
5.0
38.0
10.0
0.0
0.0
0.0
89.0
0.0
0.0
0.0
33.0
0.0
0.0
0.0
109.0
0.0
112.0
0.0
0.0
81.0
64.0
0.0
0.0
0.0
23.0
0.0
0.0
0.0
25.0
0.0
5.0
3.0
0.0
0.0
0.0
0.0
38.0
0.0
0.0
0.0
0.0
0.0
0.0
10.0
0.0
0.0
0.0
0.0
0.0
3.0
0.0
38.0
0.0
0.0
0.0
0.0
0.0
0.0
30.0
0.0
0.0
0.0
0.0
163.0
0.0
0.0
0.0
0.0
0.0
13.0
0.0
0.0
10.0
0.0
15.0
18.0
0.0
25.0
0.0
20.0
0.0
0.0
0.0
0.0
0.0
15.0
0.0
0.0
0.0
0.0
28.0
0.0
56.0
0.0
0.0
51.0
0.0
0.0
0.0
0.0
0.0
0.0
0.0
46.0
10.0
0.0
0.0
0.0
0.0
48.0
0.0
0.0
NaN
NaN
0.0
0.0
0.0
0.0
0.0
0.0
0.0
51.0
3.0
0.0
0.0
0.0
NaN
NaN
8.0
81.0
0.0
NaN
0.0
20.0
3.0
15.0
157.0
0.0
0.0
0.0
0.0
0.0
0.0
0.0
0.0
0.0
5.0
0.0
0.0
58.0
0.0
13.0
0.0
0.0
0.0
0.0
0.0
8.0
13.0
0.0
0.0
0.0
0.0
0.0
0.0
38.0
20.0
8.0
0.0
0.0
0.0
0.0
76.0
0.0
0.0
25.0
0.0
140.0
0.0
0.0
8.0
0.0
51.0
89.0
0.0
51.0
0.0
0.0
13.0
13.0
0.0
0.0
0.0
0.0
0.0
0.0
0.0
0.0
0.0
0.0
0.0
0.0
0.0
0.0
8.0
0.0
0.0
0.0
13.0
13.0
0.0
0.0
0.0
0.0
0.0
0.0
0.0
0.0
0.0
0.0
0.0
NaN
NaN
NaN
NaN
NaN
NaN
NaN
NaN
NaN
NaN
NaN
NaN
NaN
NaN
NaN
NaN
NaN
NaN
NaN
NaN
NaN
0.0
0.0
0.0
NaN
0.0
64.0
0.0
114.0
25.0
0.0
0.0
0.0
0.0
NaN
NaN
0.0
0.0
0.0
0.0
0.0
25.0
0.0
10.0
NaN
0.0
0.0
0.0
0.0
NaN
0.0
0.0
38.0
8.0
0.0
0.0
18.0
0.0
5.0
0.0
0.0
81.0
0.0
0.0
117.0
0.0
0.0
163.0
0.0
18.0
0.0
0.0
41.0
8.0
0.0
0.0
0.0
117.0
0.0
51.0
0.0
0.0
18.0
0.0
0.0
0.0
0.0
58.0
0.0
0.0
10.0
0.0
0.0
0.0
0.0
0.0
193.0
10.0
0.0
61.0
20.0
25.0
28.0
0.0
0.0
0.0
188.0
0.0
0.0
79.0
0.0
0.0
0.0
64.0
0.0
0.0
41.0
13.0
0.0
0.0
0.0
0.0
0.0
0.0
0.0
51.0
0.0
0.0
0.0
0.0
0.0
142.0
0.0
79.0
0.0
91.0
0.0
18.0
0.0
0.0
5.0
3.0
0.0
124.0
30.0
28.0
0.0
0.0
3.0
163.0
8.0
0.0
0.0
64.0
0.0
0.0
8.0
18.0
132.0
0.0
51.0
0.0
0.0
163.0
0.0
130.0
8.0
38.0
0.0
38.0
10.0
91.0
46.0
0.0
0.0
33.0
0.0
0.0
147.0
140.0
0.0
0.0
0.0
0.0
8.0
13.0
0.0
0.0
10.0
0.0
0.0
0.0
18.0
0.0
28.0
0.0
0.0
0.0
18.0
0.0
43.0
18.0
0.0
15.0
0.0
165.0
0.0
0.0
0.0
0.0
0.0
0.0
0.0
0.0
0.0
0.0
18.0
124.0
109.0
0.0
0.0
0.0
0.0
0.0
0.0
0.0
0.0
0.0
13.0
53.0
10.0
0.0
10.0
0.0
0.0
0.0
0.0
0.0
0.0
0.0
0.0
0.0
0.0
0.0
0.0
0.0
0.0
18.0
0.0
0.0
0.0
0.0
0.0
0.0
0.0
0.0
0.0
0.0
0.0
84.0
0.0
0.0
0.0
130.0
3.0
10.0
0.0
0.0
3.0
0.0
0.0
0.0
0.0
0.0
0.0
0.0
0.0
66.0
99.0
0.0
0.0
84.0
0.0
0.0
0.0
38.0
0.0
0.0
168.0
5.0
0.0
5.0
13.0
13.0
0.0
0.0
0.0
0.0
0.0
112.0
5.0
38.0
0.0
0.0
0.0
25.0
0.0
36.0
0.0
0.0
0.0
0.0
51.0
0.0
76.0
25.0
0.0
0.0
0.0
0.0
0.0
0.0
28.0
0.0
25.0
25.0
0.0
0.0
38.0
25.0
0.0
64.0
64.0
0.0
13.0
0.0
0.0
0.0
0.0
0.0
0.0
79.0
64.0
0.0
0.0
0.0
8.0
13.0
0.0
0.0
0.0
0.0
64.0
0.0
0.0
102.0
13.0
0.0
0.0
13.0
13.0
0.0
0.0
0.0
0.0
0.0
0.0
0.0
0.0
0.0
NaN
NaN
0.0
89.0
0.0
0.0
140.0
0.0
NaN
NaN
NaN
NaN
51.0
NaN
0.0
NaN
0.0
0.0
13.0
0.0
0.0
0.0
0.0
0.0
0.0
0.0
0.0
203.0
51.0
0.0
0.0
0.0
0.0
0.0
0.0
0.0
23.0
0.0
0.0
0.0
0.0
0.0
0.0
0.0
0.0
0.0
0.0
61.0
0.0
0.0
0.0
10.0
23.0
94.0
0.0
74.0
0.0
0.0
NaN
NaN
10.0
5.0
0.0
0.0
0.0
0.0
0.0
18.0
51.0
0.0
0.0
5.0
0.0
0.0
130.0
145.0
0.0
132.0
13.0
20.0
0.0
23.0
0.0
0.0
0.0
0.0
0.0
0.0
0.0
109.0
15.0
0.0
0.0
0.0
0.0
25.0
3.0
0.0
0.0
130.0
84.0
0.0
0.0
0.0
0.0
0.0
18.0
30.0
0.0
0.0
0.0
0.0
0.0
0.0
0.0
0.0
91.0
109.0
0.0
0.0
0.0
0.0
0.0
0.0
0.0
221.0
43.0
0.0
0.0
3.0
0.0
292.0
0.0
0.0
0.0
0.0
0.0
79.0
0.0
0.0
0.0
0.0
0.0
0.0
0.0
0.0
0.0
3.0
15.0
3.0
0.0
5.0
33.0
0.0
0.0
13.0
0.0
178.0
33.0
0.0
0.0
0.0
150.0
28.0
0.0
0.0
10.0
300.0
69.0
132.0
0.0
0.0
8.0
0.0
0.0
119.0
0.0
0.0
0.0
0.0
0.0
170.0
0.0
0.0
30.0
0.0
0.0
18.0
71.0
5.0
0.0
0.0
0.0
0.0
0.0
251.0
0.0
0.0
0.0
0.0
51.0
0.0
0.0
NaN
NaN
0.0
0.0
0.0
13.0
8.0
0.0
0.0
0.0
0.0
0.0
71.0
56.0
84.0
0.0
0.0
13.0
0.0
0.0
0.0
99.0
10.0
0.0
282.0
25.0
0.0
0.0
0.0
18.0
58.0
165.0
18.0
0.0
13.0
145.0
0.0
51.0
20.0
0.0
3.0
5.0
56.0
0.0
0.0
0.0
147.0
0.0
188.0
0.0
0.0
0.0
0.0
81.0
102.0
0.0
76.0
0.0
0.0
0.0
51.0
0.0
0.0
0.0
0.0
8.0
310.0
196.0
0.0
0.0
0.0
0.0
0.0
0.0
0.0
0.0
0.0
8.0
0.0
0.0
46.0
0.0
0.0
0.0
0.0
0.0
0.0
0.0
0.0
3.0
0.0
0.0
10.0
137.0
NaN
8.0
58.0
8.0
0.0
0.0
0.0
0.0
13.0
102.0
NaN
NaN
0.0
0.0
64.0
64.0
13.0
0.0
51.0
0.0
0.0
0.0
76.0
0.0
0.0
20.0
0.0
13.0
0.0
8.0
0.0
0.0
0.0
25.0
0.0
NaN
NaN
0.0
0.0
0.0
0.0
0.0
0.0
102.0
0.0
8.0
25.0
0.0
0.0
8.0
38.0
58.0
0.0
8.0
0.0
0.0
0.0
79.0
0.0
76.0
25.0
76.0
0.0
0.0
0.0
0.0
0.0
25.0
13.0
0.0
0.0
0.0
13.0
13.0
8.0
46.0
0.0
0.0
NaN
NaN
0.0
0.0
0.0
0.0
0.0
0.0
0.0
0.0
0.0
NaN
0.0
8.0
13.0
8.0
NaN
NaN
0.0
0.0
0.0
0.0
38.0
0.0
NaN
NaN
0.0
0.0
0.0
0.0
5.0
0.0
28.0
0.0
18.0
0.0
0.0
0.0
0.0
0.0
3.0
0.0
0.0
0.0
61.0
0.0
150.0
0.0
0.0
18.0
43.0
0.0
0.0
0.0
124.0
8.0
0.0
71.0
0.0
NaN
NaN
NaN
NaN
NaN
NaN
NaN
NaN
NaN
0.0
0.0
0.0
0.0
0.0
0.0
0.0
0.0
0.0
5.0
20.0
15.0
0.0
8.0
0.0
0.0
56.0
0.0
41.0
38.0
3.0
0.0
0.0
0.0
0.0
0.0
13.0
0.0
0.0
0.0
0.0
0.0
0.0
0.0
0.0
NaN
NaN
23.0
NaN
NaN
0.0
0.0
0.0
56.0
259.0
0.0
419.0
0.0
0.0
0.0
0.0
0.0
0.0
0.0
0.0
0.0
0.0
0.0
0.0
0.0
0.0
0.0
0.0
23.0
23.0
0.0
3.0
221.0
0.0
18.0
0.0
23.0
0.0
363.0
0.0
0.0
0.0
28.0
0.0
0.0
0.0
0.0
0.0
79.0
0.0
0.0
0.0
0.0
25.0
0.0
180.0
0.0
0.0
NaN
NaN
0.0
0.0
0.0
0.0
0.0
0.0
0.0
NaN
NaN
0.0
0.0
0.0
0.0
0.0
NaN
NaN
0.0
0.0
0.0
0.0
0.0
0.0
0.0
114.0
NaN
NaN
0.0
0.0
0.0
127.0
0.0
0.0
0.0
8.0
0.0
0.0
0.0
81.0
0.0
0.0
0.0
0.0
0.0
0.0
0.0
0.0
0.0
0.0
0.0
0.0
0.0
13.0
0.0
0.0
0.0
0.0
0.0
71.0
53.0
0.0
0.0
0.0
41.0
74.0
NaN
NaN
0.0
130.0
5.0
0.0
0.0
0.0
0.0
5.0
NaN
NaN
0.0
NaN
NaN
33.0
0.0
0.0
0.0
0.0
0.0
0.0
295.0
152.0
0.0
0.0
0.0
0.0
8.0
0.0
0.0
145.0
0.0
13.0
13.0
114.0
8.0
0.0
0.0
0.0
0.0
51.0
0.0
13.0
0.0
0.0
8.0
38.0
0.0
0.0
0.0
20.0
0.0
0.0
0.0
114.0
13.0
13.0
13.0
0.0
25.0
0.0
0.0
140.0
0.0
0.0
0.0
0.0
0.0
25.0
8.0
0.0
0.0
0.0
30.0
0.0
0.0
0.0
99.0
25.0
25.0
0.0
0.0
46.0
0.0
NaN
