0.0
0.0
0.0
18.0
0.0
8.0
0.0
0.0
0.0
0.0
0.0
0.0
0.0
0.0
0.0
0.0
0.0
64.0
0.0
0.0
0.0
0.0
0.0
0.0
0.0
0.0
0.0
0.0
0.0
0.0
0.0
0.0
0.0
48.0
0.0
0.0
51.0
0.0
0.0
8.0
0.0
0.0
0.0
211.0
36.0
10.0
86.0
25.0
33.0
0.0
97.0
28.0
0.0
0.0
0.0
0.0
0.0
25.0
0.0
0.0
0.0
0.0
0.0
0.0
58.0
15.0
15.0
0.0
0.0
0.0
0.0
64.0
0.0
0.0
0.0
422.0
175.0
0.0
66.0
0.0
0.0
0.0
0.0
0.0
0.0
0.0
0.0
0.0
79.0
122.0
0.0
0.0
0.0
0.0
0.0
0.0
0.0
0.0
0.0
0.0
117.0
66.0
0.0
0.0
343.0
0.0
0.0
0.0
0.0
46.0
0.0
0.0
0.0
0.0
0.0
137.0
0.0
0.0
0.0
0.0
10.0
0.0
191.0
0.0
0.0
0.0
0.0
0.0
41.0
46.0
0.0
0.0
0.0
0.0
38.0
84.0
15.0
8.0
0.0
0.0
0.0
20.0
15.0
0.0
0.0
0.0
0.0
0.0
0.0
0.0
0.0
0.0
66.0
64.0
0.0
0.0
0.0
0.0
0.0
0.0
56.0
0.0
0.0
0.0
0.0
0.0
0.0
0.0
0.0
0.0
0.0
0.0
0.0
0.0
0.0
0.0
0.0
0.0
0.0
0.0
0.0
0.0
0.0
0.0
0.0
64.0
0.0
0.0
0.0
0.0
0.0
0.0
0.0
20.0
13.0
0.0
0.0
0.0
0.0
0.0
0.0
0.0
0.0
NaN
25.0
0.0
NaN
0.0
0.0
0.0
0.0
0.0
0.0
25.0
0.0
0.0
8.0
0.0
0.0
0.0
25.0
64.0
0.0
0.0
0.0
8.0
0.0
0.0
0.0
0.0
0.0
0.0
25.0
0.0
0.0
0.0
0.0
0.0
0.0
0.0
0.0
38.0
0.0
0.0
0.0
0.0
0.0
0.0
0.0
0.0
0.0
127.0
0.0
0.0
0.0
0.0
0.0
0.0
64.0
0.0
0.0
0.0
0.0
0.0
0.0
0.0
0.0
25.0
0.0
0.0
0.0
0.0
0.0
0.0
0.0
0.0
0.0
0.0
0.0
0.0
0.0
0.0
0.0
0.0
0.0
0.0
0.0
0.0
0.0
0.0
0.0
0.0
20.0
0.0
0.0
15.0
0.0
51.0
0.0
0.0
0.0
0.0
0.0
0.0
64.0
8.0
28.0
0.0
0.0
64.0
NaN
NaN
23.0
0.0
0.0
NaN
NaN
NaN
NaN
0.0
0.0
0.0
0.0
0.0
0.0
0.0
163.0
0.0
23.0
25.0
3.0
0.0
0.0
0.0
0.0
0.0
0.0
10.0
0.0
0.0
0.0
0.0
76.0
0.0
0.0
0.0
30.0
0.0
0.0
0.0
13.0
0.0
0.0
0.0
0.0
0.0
124.0
15.0
13.0
20.0
0.0
0.0
0.0
91.0
0.0
81.0
0.0
0.0
0.0
0.0
0.0
5.0
0.0
0.0
0.0
0.0
0.0
142.0
305.0
76.0
0.0
8.0
0.0
89.0
249.0
0.0
0.0
0.0
0.0
0.0
0.0
0.0
0.0
0.0
0.0
0.0
0.0
23.0
0.0
48.0
0.0
0.0
0.0
0.0
28.0
0.0
28.0
0.0
0.0
0.0
0.0
0.0
0.0
0.0
0.0
0.0
0.0
10.0
0.0
0.0
0.0
0.0
0.0
10.0
0.0
51.0
41.0
0.0
0.0
0.0
53.0
0.0
0.0
0.0
0.0
0.0
0.0
0.0
0.0
0.0
0.0
0.0
0.0
0.0
0.0
0.0
0.0
0.0
0.0
20.0
0.0
0.0
0.0
0.0
0.0
0.0
0.0
0.0
25.0
0.0
0.0
38.0
0.0
76.0
0.0
0.0
0.0
0.0
0.0
0.0
0.0
0.0
0.0
0.0
0.0
0.0
0.0
0.0
0.0
0.0
20.0
0.0
0.0
76.0
0.0
0.0
0.0
76.0
0.0
0.0
0.0
0.0
0.0
13.0
203.0
0.0
0.0
0.0
0.0
0.0
0.0
0.0
64.0
0.0
64.0
51.0
0.0
51.0
0.0
0.0
0.0
64.0
0.0
0.0
25.0
0.0
0.0
0.0
0.0
0.0
0.0
0.0
38.0
64.0
0.0
0.0
0.0
0.0
51.0
0.0
51.0
0.0
0.0
0.0
0.0
0.0
0.0
0.0
0.0
0.0
13.0
0.0
0.0
13.0
0.0
0.0
0.0
0.0
0.0
25.0
64.0
0.0
13.0
64.0
0.0
0.0
0.0
0.0
0.0
51.0
0.0
0.0
0.0
0.0
0.0
0.0
0.0
0.0
0.0
0.0
0.0
0.0
38.0
0.0
0.0
0.0
0.0
0.0
0.0
5.0
0.0
0.0
0.0
0.0
18.0
0.0
0.0
0.0
0.0
0.0
0.0
0.0
0.0
0.0
0.0
0.0
25.0
0.0
0.0
0.0
51.0
0.0
0.0
102.0
0.0
51.0
0.0
0.0
0.0
0.0
0.0
0.0
0.0
0.0
0.0
13.0
0.0
58.0
0.0
0.0
0.0
0.0
0.0
0.0
0.0
0.0
0.0
58.0
0.0
0.0
0.0
38.0
10.0
0.0
0.0
0.0
0.0
0.0
0.0
0.0
0.0
0.0
0.0
224.0
13.0
94.0
0.0
0.0
5.0
0.0
0.0
0.0
20.0
0.0
36.0
0.0
0.0
0.0
0.0
165.0
84.0
0.0
20.0
18.0
0.0
0.0
0.0
0.0
64.0
15.0
226.0
76.0
0.0
0.0
0.0
0.0
0.0
43.0
0.0
0.0
0.0
0.0
33.0
0.0
0.0
0.0
0.0
0.0
0.0
0.0
10.0
0.0
0.0
36.0
0.0
66.0
3.0
0.0
0.0
0.0
0.0
0.0
124.0
0.0
0.0
0.0
0.0
0.0
94.0
0.0
0.0
3.0
0.0
0.0
0.0
0.0
0.0
20.0
0.0
0.0
0.0
0.0
0.0
64.0
0.0
0.0
0.0
0.0
38.0
0.0
0.0
0.0
0.0
0.0
0.0
0.0
0.0
0.0
0.0
38.0
0.0
25.0
0.0
0.0
0.0
0.0
0.0
0.0
13.0
0.0
0.0
0.0
0.0
25.0
76.0
64.0
51.0
0.0
0.0
0.0
0.0
0.0
0.0
25.0
0.0
0.0
76.0
0.0
0.0
0.0
0.0
0.0
0.0
8.0
0.0
0.0
0.0
0.0
0.0
76.0
25.0
0.0
0.0
0.0
0.0
0.0
0.0
0.0
0.0
25.0
8.0
0.0
0.0
0.0
0.0
0.0
0.0
0.0
0.0
0.0
0.0
0.0
25.0
51.0
0.0
0.0
0.0
0.0
8.0
20.0
0.0
0.0
0.0
0.0
20.0
0.0
25.0
0.0
8.0
0.0
0.0
0.0
0.0
0.0
0.0
25.0
76.0
0.0
0.0
13.0
0.0
0.0
0.0
0.0
0.0
0.0
0.0
0.0
20.0
0.0
0.0
0.0
0.0
0.0
0.0
0.0
0.0
0.0
0.0
0.0
0.0
0.0
0.0
0.0
0.0
0.0
0.0
0.0
0.0
38.0
13.0
0.0
0.0
0.0
0.0
0.0
0.0
13.0
0.0
0.0
76.0
0.0
0.0
0.0
0.0
0.0
0.0
0.0
0.0
13.0
0.0
0.0
0.0
0.0
0.0
51.0
13.0
0.0
0.0
0.0
0.0
0.0
8.0
0.0
0.0
0.0
0.0
0.0
0.0
0.0
0.0
0.0
0.0
0.0
0.0
0.0
0.0
0.0
0.0
0.0
13.0
0.0
0.0
0.0
0.0
0.0
0.0
8.0
89.0
155.0
147.0
38.0
18.0
0.0
18.0
25.0
18.0
74.0
0.0
0.0
0.0
0.0
0.0
0.0
23.0
0.0
0.0
41.0
0.0
0.0
0.0
46.0
38.0
0.0
0.0
0.0
0.0
0.0
0.0
0.0
33.0
0.0
51.0
0.0
0.0
8.0
137.0
38.0
0.0
0.0
0.0
89.0
0.0
0.0
0.0
0.0
25.0
0.0
25.0
15.0
0.0
0.0
0.0
0.0
30.0
0.0
0.0
0.0
0.0
0.0
0.0
0.0
0.0
0.0
0.0
0.0
0.0
203.0
216.0
0.0
0.0
0.0
0.0
0.0
0.0
0.0
0.0
15.0
0.0
0.0
0.0
0.0
15.0
0.0
18.0
15.0
51.0
20.0
0.0
0.0
0.0
0.0
0.0
0.0
0.0
28.0
0.0
0.0
0.0
38.0
0.0
0.0
437.0
81.0
25.0
0.0
0.0
0.0
0.0
173.0
53.0
0.0
0.0
0.0
0.0
0.0
41.0
5.0
0.0
0.0
0.0
0.0
0.0
0.0
0.0
30.0
64.0
0.0
0.0
0.0
64.0
0.0
8.0
0.0
0.0
0.0
0.0
0.0
0.0
0.0
28.0
0.0
0.0
0.0
173.0
0.0
15.0
0.0
0.0
0.0
0.0
0.0
0.0
0.0
0.0
0.0
0.0
0.0
0.0
0.0
0.0
76.0
8.0
0.0
0.0
8.0
0.0
0.0
13.0
0.0
102.0
0.0
46.0
0.0
0.0
8.0
0.0
0.0
13.0
0.0
0.0
51.0
0.0
0.0
0.0
0.0
13.0
64.0
25.0
0.0
0.0
0.0
0.0
0.0
0.0
0.0
0.0
13.0
0.0
0.0
0.0
0.0
0.0
0.0
13.0
0.0
0.0
38.0
8.0
0.0
0.0
0.0
0.0
0.0
25.0
0.0
0.0
0.0
0.0
0.0
0.0
8.0
76.0
0.0
25.0
0.0
0.0
0.0
0.0
0.0
0.0
0.0
0.0
0.0
0.0
46.0
0.0
0.0
0.0
0.0
0.0
0.0
0.0
8.0
0.0
0.0
0.0
0.0
0.0
64.0
25.0
0.0
0.0
8.0
0.0
0.0
0.0
0.0
0.0
0.0
0.0
0.0
0.0
0.0
0.0
0.0
0.0
0.0
0.0
0.0
0.0
0.0
0.0
0.0
0.0
0.0
0.0
0.0
0.0
0.0
0.0
0.0
0.0
0.0
64.0
0.0
64.0
0.0
0.0
25.0
0.0
0.0
0.0
51.0
0.0
0.0
0.0
0.0
0.0
0.0
8.0
0.0
NaN
0.0
0.0
0.0
0.0
0.0
0.0
0.0
0.0
0.0
0.0
8.0
0.0
0.0
38.0
53.0
NaN
0.0
0.0
0.0
0.0
0.0
0.0
0.0
0.0
0.0
0.0
0.0
0.0
0.0
0.0
46.0
0.0
13.0
0.0
0.0
0.0
0.0
23.0
0.0
15.0
0.0
0.0
0.0
0.0
0.0
0.0
0.0
0.0
0.0
0.0
0.0
13.0
0.0
198.0
25.0
0.0
0.0
0.0
0.0
13.0
0.0
0.0
0.0
0.0
0.0
84.0
71.0
0.0
0.0
0.0
0.0
0.0
5.0
0.0
0.0
0.0
0.0
0.0
0.0
15.0
69.0
0.0
0.0
0.0
0.0
0.0
0.0
0.0
0.0
0.0
0.0
0.0
0.0
0.0
5.0
0.0
0.0
0.0
0.0
0.0
5.0
0.0
18.0
0.0
0.0
0.0
0.0
0.0
0.0
0.0
107.0
0.0
0.0
0.0
0.0
89.0
0.0
0.0
0.0
0.0
0.0
0.0
0.0
0.0
0.0
0.0
0.0
0.0
0.0
0.0
589.0
3.0
0.0
0.0
0.0
0.0
0.0
114.0
0.0
25.0
0.0
0.0
0.0
25.0
0.0
46.0
8.0
5.0
0.0
0.0
38.0
0.0
38.0
142.0
0.0
0.0
0.0
0.0
0.0
0.0
0.0
0.0
0.0
0.0
94.0
0.0
0.0
13.0
0.0
0.0
0.0
0.0
0.0
0.0
15.0
0.0
0.0
76.0
0.0
0.0
10.0
0.0
0.0
0.0
102.0
41.0
0.0
0.0
0.0
0.0
0.0
0.0
0.0
0.0
0.0
0.0
0.0
0.0
8.0
0.0
0.0
0.0
0.0
8.0
0.0
0.0
0.0
0.0
0.0
0.0
0.0
0.0
0.0
0.0
0.0
102.0
0.0
0.0
0.0
0.0
0.0
0.0
0.0
8.0
51.0
0.0
0.0
8.0
0.0
0.0
25.0
0.0
0.0
13.0
0.0
0.0
0.0
0.0
0.0
0.0
0.0
