NaN
NaN
NaN
NaN
NaN
NaN
NaN
NaN
NaN
NaN
NaN
NaN
NaN
NaN
NaN
NaN
NaN
NaN
NaN
NaN
193.0
0.0
97.0
0.0
533.0
0.0
38.0
0.0
127.0
0.0
0.0
0.0
0.0
0.0
41.0
51.0
0.0
0.0
NaN
0.0
0.0
64.0
0.0
0.0
0.0
0.0
NaN
0.0
0.0
0.0
0.0
0.0
0.0
10.0
5.0
0.0
0.0
NaN
0.0
0.0
18.0
NaN
NaN
NaN
NaN
NaN
NaN
NaN
NaN
NaN
NaN
NaN
NaN
NaN
0.0
0.0
0.0
0.0
0.0
0.0
0.0
0.0
30.0
0.0
0.0
46.0
0.0
0.0
0.0
178.0
41.0
0.0
0.0
0.0
0.0
0.0
8.0
0.0
0.0
30.0
0.0
0.0
51.0
0.0
30.0
0.0
0.0
0.0
0.0
0.0
0.0
0.0
0.0
0.0
0.0
0.0
0.0
0.0
0.0
0.0
0.0
0.0
0.0
0.0
0.0
0.0
0.0
114.0
0.0
0.0
0.0
0.0
0.0
0.0
0.0
0.0
0.0
0.0
0.0
0.0
0.0
0.0
0.0
0.0
0.0
0.0
0.0
0.0
0.0
0.0
0.0
76.0
0.0
13.0
0.0
0.0
0.0
0.0
0.0
0.0
0.0
0.0
0.0
0.0
0.0
0.0
0.0
0.0
0.0
0.0
10.0
0.0
0.0
0.0
0.0
0.0
0.0
0.0
0.0
0.0
0.0
0.0
5.0
0.0
0.0
0.0
0.0
0.0
13.0
0.0
0.0
0.0
0.0
0.0
0.0
0.0
0.0
0.0
0.0
0.0
0.0
0.0
0.0
0.0
0.0
0.0
0.0
0.0
114.0
0.0
0.0
0.0
0.0
0.0
0.0
0.0
0.0
0.0
0.0
0.0
0.0
0.0
0.0
NaN
NaN
0.0
0.0
51.0
0.0
0.0
0.0
0.0
0.0
51.0
206.0
0.0
0.0
0.0
0.0
36.0
0.0
0.0
0.0
0.0
0.0
0.0
0.0
0.0
0.0
0.0
13.0
28.0
0.0
0.0
8.0
0.0
0.0
0.0
0.0
0.0
0.0
0.0
0.0
0.0
0.0
0.0
0.0
0.0
0.0
0.0
0.0
0.0
0.0
0.0
30.0
119.0
13.0
0.0
0.0
0.0
0.0
0.0
5.0
13.0
0.0
117.0
0.0
0.0
0.0
0.0
0.0
0.0
0.0
0.0
0.0
0.0
0.0
0.0
0.0
0.0
0.0
0.0
0.0
0.0
0.0
3.0
8.0
0.0
0.0
0.0
8.0
0.0
0.0
0.0
0.0
0.0
76.0
201.0
490.0
0.0
0.0
0.0
142.0
0.0
8.0
13.0
3.0
15.0
0.0
0.0
3.0
0.0
0.0
0.0
0.0
0.0
0.0
0.0
0.0
10.0
0.0
0.0
0.0
0.0
0.0
0.0
0.0
0.0
0.0
0.0
0.0
0.0
0.0
0.0
0.0
0.0
3.0
0.0
0.0
33.0
18.0
0.0
0.0
0.0
0.0
51.0
0.0
48.0
20.0
51.0
0.0
0.0
0.0
0.0
48.0
18.0
0.0
48.0
0.0
0.0
0.0
0.0
0.0
0.0
0.0
43.0
185.0
3.0
51.0
0.0
150.0
0.0
0.0
0.0
0.0
0.0
0.0
0.0
0.0
20.0
0.0
0.0
0.0
0.0
0.0
0.0
0.0
180.0
64.0
0.0
0.0
0.0
0.0
0.0
18.0
0.0
0.0
0.0
0.0
0.0
0.0
0.0
0.0
0.0
0.0
0.0
0.0
0.0
0.0
0.0
46.0
25.0
0.0
0.0
0.0
0.0
0.0
0.0
0.0
0.0
0.0
0.0
8.0
0.0
0.0
0.0
0.0
0.0
0.0
0.0
0.0
0.0
0.0
0.0
0.0
0.0
0.0
0.0
13.0
0.0
0.0
109.0
0.0
0.0
0.0
0.0
0.0
0.0
0.0
0.0
0.0
25.0
0.0
0.0
0.0
0.0
25.0
13.0
0.0
0.0
0.0
0.0
0.0
0.0
0.0
25.0
0.0
0.0
0.0
0.0
0.0
0.0
76.0
13.0
0.0
51.0
0.0
0.0
0.0
64.0
0.0
0.0
0.0
0.0
0.0
0.0
0.0
0.0
0.0
0.0
0.0
0.0
0.0
56.0
0.0
0.0
51.0
36.0
18.0
13.0
0.0
0.0
0.0
168.0
0.0
0.0
0.0
0.0
0.0
0.0
56.0
0.0
91.0
25.0
43.0
102.0
0.0
0.0
0.0
0.0
0.0
0.0
0.0
0.0
0.0
0.0
0.0
0.0
0.0
0.0
0.0
81.0
0.0
0.0
0.0
0.0
0.0
0.0
8.0
0.0
0.0
0.0
0.0
0.0
0.0
0.0
0.0
0.0
0.0
0.0
0.0
0.0
0.0
0.0
0.0
20.0
127.0
0.0
0.0
0.0
0.0
0.0
0.0
5.0
0.0
0.0
0.0
0.0
64.0
0.0
0.0
0.0
345.0
0.0
36.0
43.0
119.0
0.0
51.0
0.0
0.0
147.0
58.0
0.0
0.0
0.0
0.0
0.0
353.0
241.0
8.0
0.0
0.0
61.0
0.0
0.0
0.0
66.0
0.0
0.0
0.0
0.0
0.0
0.0
46.0
18.0
0.0
0.0
0.0
0.0
0.0
13.0
5.0
13.0
0.0
0.0
0.0
0.0
0.0
0.0
0.0
0.0
3.0
478.0
3.0
10.0
0.0
76.0
0.0
69.0
0.0
20.0
0.0
0.0
0.0
0.0
0.0
0.0
0.0
0.0
112.0
13.0
10.0
0.0
56.0
0.0
0.0
13.0
8.0
56.0
0.0
0.0
0.0
3.0
0.0
0.0
335.0
0.0
86.0
0.0
0.0
0.0
648.0
0.0
0.0
48.0
0.0
0.0
0.0
13.0
0.0
0.0
0.0
1143.0
13.0
0.0
0.0
0.0
18.0
3.0
0.0
0.0
0.0
0.0
8.0
0.0
0.0
0.0
0.0
0.0
94.0
56.0
5.0
0.0
0.0
0.0
0.0
61.0
3.0
0.0
0.0
0.0
0.0
0.0
0.0
0.0
0.0
0.0
0.0
0.0
0.0
0.0
0.0
0.0
0.0
0.0
0.0
0.0
0.0
0.0
28.0
0.0
0.0
10.0
0.0
0.0
0.0
244.0
0.0
0.0
0.0
0.0
0.0
58.0
0.0
0.0
0.0
0.0
0.0
0.0
0.0
0.0
0.0
0.0
10.0
0.0
25.0
0.0
140.0
23.0
0.0
0.0
0.0
3.0
0.0
0.0
0.0
0.0
0.0
0.0
5.0
97.0
0.0
0.0
0.0
0.0
0.0
0.0
0.0
0.0
119.0
76.0
36.0
0.0
0.0
0.0
25.0
0.0
0.0
5.0
0.0
0.0
0.0
0.0
0.0
0.0
0.0
0.0
0.0
0.0
0.0
0.0
0.0
0.0
3.0
0.0
0.0
0.0
0.0
0.0
10.0
0.0
0.0
0.0
0.0
0.0
0.0
15.0
0.0
0.0
0.0
0.0
13.0
0.0
0.0
0.0
0.0
0.0
0.0
0.0
0.0
13.0
0.0
25.0
0.0
5.0
0.0
0.0
0.0
0.0
0.0
25.0
0.0
0.0
0.0
0.0
76.0
0.0
46.0
0.0
0.0
0.0
51.0
0.0
76.0
0.0
0.0
10.0
0.0
0.0
30.0
36.0
0.0
0.0
0.0
0.0
0.0
0.0
0.0
0.0
0.0
30.0
0.0
0.0
0.0
15.0
0.0
0.0
0.0
20.0
NaN
NaN
0.0
25.0
0.0
0.0
0.0
0.0
0.0
0.0
0.0
0.0
0.0
0.0
0.0
0.0
0.0
0.0
0.0
0.0
0.0
5.0
0.0
0.0
0.0
0.0
NaN
0.0
0.0
0.0
20.0
358.0
0.0
0.0
0.0
0.0
0.0
0.0
0.0
0.0
241.0
0.0
0.0
0.0
0.0
0.0
0.0
13.0
0.0
0.0
0.0
0.0
89.0
0.0
0.0
0.0
0.0
0.0
0.0
0.0
3.0
0.0
0.0
0.0
0.0
0.0
142.0
97.0
0.0
0.0
0.0
66.0
86.0
33.0
56.0
0.0
0.0
0.0
0.0
0.0
18.0
0.0
5.0
0.0
8.0
140.0
0.0
NaN
NaN
0.0
0.0
NaN
0.0
3.0
43.0
102.0
0.0
140.0
0.0
0.0
0.0
0.0
0.0
23.0
0.0
0.0
0.0
10.0
5.0
0.0
28.0
196.0
0.0
0.0
84.0
0.0
0.0
0.0
0.0
0.0
5.0
5.0
0.0
0.0
0.0
84.0
8.0
0.0
0.0
0.0
10.0
81.0
0.0
8.0
0.0
0.0
0.0
0.0
0.0
0.0
33.0
102.0
0.0
10.0
0.0
81.0
43.0
0.0
119.0
0.0
0.0
0.0
0.0
8.0
5.0
0.0
0.0
8.0
15.0
0.0
0.0
147.0
0.0
0.0
0.0
0.0
46.0
0.0
0.0
0.0
0.0
0.0
0.0
0.0
528.0
15.0
0.0
0.0
0.0
0.0
0.0
0.0
0.0
0.0
0.0
0.0
0.0
0.0
13.0
0.0
0.0
15.0
3.0
5.0
3.0
0.0
5.0
0.0
0.0
0.0
0.0
0.0
0.0
0.0
18.0
20.0
0.0
0.0
3.0
0.0
0.0
0.0
0.0
0.0
0.0
0.0
0.0
0.0
0.0
0.0
0.0
0.0
0.0
0.0
0.0
0.0
0.0
46.0
117.0
0.0
0.0
0.0
0.0
0.0
0.0
0.0
0.0
0.0
0.0
0.0
0.0
0.0
0.0
0.0
0.0
0.0
0.0
0.0
0.0
0.0
0.0
0.0
0.0
0.0
0.0
0.0
0.0
0.0
0.0
25.0
0.0
0.0
30.0
0.0
0.0
66.0
0.0
25.0
0.0
0.0
13.0
0.0
0.0
0.0
0.0
25.0
0.0
0.0
0.0
0.0
51.0
0.0
0.0
0.0
0.0
0.0
0.0
0.0
0.0
0.0
0.0
0.0
0.0
66.0
13.0
0.0
0.0
0.0
0.0
0.0
0.0
28.0
0.0
0.0
0.0
0.0
0.0
71.0
0.0
0.0
8.0
0.0
0.0
0.0
0.0
25.0
64.0
0.0
0.0
0.0
5.0
0.0
0.0
41.0
0.0
0.0
0.0
10.0
0.0
0.0
0.0
0.0
0.0
0.0
0.0
51.0
0.0
0.0
0.0
0.0
0.0
0.0
0.0
0.0
0.0
0.0
0.0
0.0
0.0
0.0
0.0
0.0
0.0
25.0
0.0
0.0
8.0
0.0
0.0
0.0
0.0
0.0
0.0
0.0
30.0
0.0
0.0
18.0
0.0
13.0
0.0
0.0
76.0
0.0
10.0
0.0
0.0
46.0
107.0
0.0
0.0
30.0
163.0
0.0
0.0
0.0
0.0
5.0
0.0
0.0
0.0
0.0
0.0
0.0
0.0
0.0
0.0
0.0
0.0
0.0
0.0
0.0
99.0
152.0
0.0
0.0
0.0
66.0
0.0
0.0
0.0
0.0
0.0
0.0
0.0
0.0
0.0
51.0
168.0
0.0
0.0
15.0
18.0
51.0
0.0
0.0
196.0
20.0
0.0
0.0
53.0
0.0
0.0
0.0
0.0
0.0
0.0
0.0
0.0
0.0
0.0
0.0
0.0
0.0
0.0
0.0
0.0
0.0
0.0
0.0
0.0
0.0
0.0
0.0
0.0
0.0
0.0
0.0
0.0
25.0
0.0
0.0
343.0
61.0
0.0
0.0
0.0
NaN
NaN
394.0
0.0
0.0
0.0
0.0
20.0
5.0
0.0
0.0
0.0
0.0
282.0
0.0
107.0
0.0
0.0
0.0
0.0
43.0
0.0
51.0
18.0
0.0
0.0
0.0
0.0
0.0
58.0
0.0
0.0
0.0
0.0
0.0
3.0
0.0
0.0
0.0
5.0
28.0
69.0
0.0
0.0
0.0
0.0
142.0
0.0
0.0
0.0
0.0
0.0
0.0
0.0
460.0
84.0
0.0
0.0
0.0
20.0
0.0
0.0
0.0
0.0
0.0
0.0
0.0
0.0
3.0
25.0
0.0
0.0
0.0
0.0
536.0
84.0
157.0
0.0
20.0
15.0
0.0
10.0
0.0
0.0
0.0
33.0
13.0
0.0
0.0
0.0
0.0
0.0
0.0
0.0
0.0
0.0
0.0
0.0
0.0
0.0
0.0
28.0
25.0
3.0
0.0
0.0
0.0
15.0
0.0
23.0
0.0
0.0
51.0
0.0
0.0
0.0
0.0
0.0
0.0
0.0
0.0
0.0
5.0
0.0
0.0
0.0
8.0
0.0
0.0
0.0
0.0
0.0
0.0
0.0
0.0
0.0
0.0
0.0
0.0
0.0
0.0
0.0
0.0
0.0
0.0
0.0
0.0
25.0
0.0
5.0
0.0
20.0
0.0
0.0
0.0
0.0
25.0
0.0
0.0
0.0
0.0
30.0
0.0
NaN
NaN
0.0
0.0
8.0
0.0
0.0
0.0
0.0
0.0
0.0
0.0
0.0
0.0
0.0
8.0
25.0
0.0
0.0
53.0
13.0
0.0
0.0
NaN
NaN
13.0
152.0
0.0
0.0
0.0
0.0
13.0
0.0
0.0
0.0
0.0
0.0
0.0
0.0
0.0
0.0
0.0
41.0
0.0
0.0
20.0
0.0
0.0
0.0
0.0
0.0
0.0
0.0
0.0
0.0
0.0
0.0
0.0
25.0
30.0
0.0
15.0
0.0
0.0
0.0
0.0
0.0
0.0
0.0
0.0
76.0
0.0
25.0
0.0
0.0
0.0
0.0
0.0
0.0
0.0
0.0
0.0
0.0
25.0
0.0
0.0
0.0
0.0
0.0
0.0
0.0
0.0
0.0
13.0
25.0
0.0
0.0
0.0
0.0
0.0
0.0
0.0
0.0
0.0
66.0
0.0
15.0
0.0
20.0
0.0
13.0
0.0
0.0
0.0
0.0
15.0
0.0
0.0
0.0
0.0
25.0
0.0
0.0
0.0
25.0
0.0
0.0
5.0
142.0
99.0
0.0
109.0
0.0
0.0
48.0
119.0
0.0
0.0
0.0
0.0
0.0
0.0
0.0
25.0
0.0
5.0
0.0
46.0
0.0
0.0
0.0
0.0
0.0
0.0
0.0
10.0
0.0
0.0
0.0
66.0
145.0
53.0
0.0
0.0
0.0
0.0
0.0
5.0
0.0
0.0
0.0
0.0
51.0
0.0
8.0
102.0
3.0
0.0
168.0
127.0
140.0
NaN
NaN
0.0
13.0
0.0
0.0
0.0
170.0
43.0
0.0
0.0
0.0
10.0
30.0
0.0
0.0
0.0
0.0
0.0
0.0
0.0
0.0
0.0
0.0
41.0
0.0
15.0
0.0
0.0
0.0
0.0
109.0
41.0
201.0
0.0
0.0
249.0
0.0
20.0
0.0
0.0
0.0
0.0
18.0
0.0
0.0
71.0
15.0
18.0
0.0
0.0
23.0
0.0
0.0
48.0
112.0
0.0
3.0
0.0
89.0
0.0
0.0
0.0
0.0
0.0
0.0
117.0
13.0
5.0
0.0
112.0
0.0
0.0
0.0
0.0
0.0
0.0
117.0
0.0
18.0
0.0
3.0
0.0
0.0
51.0
0.0
0.0
0.0
0.0
0.0
0.0
25.0
13.0
3.0
36.0
76.0
15.0
0.0
0.0
0.0
201.0
119.0
3.0
0.0
0.0
0.0
64.0
0.0
0.0
0.0
43.0
0.0
0.0
124.0
0.0
0.0
13.0
0.0
0.0
25.0
13.0
0.0
0.0
0.0
0.0
0.0
56.0
0.0
0.0
0.0
0.0
0.0
0.0
0.0
0.0
5.0
0.0
0.0
0.0
0.0
25.0
0.0
0.0
0.0
0.0
43.0
10.0
0.0
0.0
0.0
0.0
0.0
0.0
0.0
0.0
0.0
0.0
0.0
0.0
0.0
0.0
0.0
0.0
0.0
8.0
76.0
0.0
0.0
0.0
0.0
0.0
0.0
13.0
102.0
0.0
0.0
25.0
38.0
0.0
0.0
89.0
0.0
102.0
25.0
NaN
0.0
0.0
0.0
0.0
0.0
0.0
0.0
0.0
0.0
0.0
0.0
0.0
0.0
0.0
0.0
0.0
0.0
8.0
0.0
0.0
3.0
0.0
25.0
0.0
0.0
0.0
0.0
0.0
46.0
0.0
0.0
0.0
0.0
NaN
NaN
0.0
0.0
25.0
30.0
0.0
0.0
0.0
13.0
5.0
0.0
25.0
0.0
0.0
0.0
0.0
0.0
0.0
0.0
13.0
0.0
0.0
0.0
0.0
0.0
0.0
0.0
0.0
0.0
0.0
0.0
5.0
0.0
0.0
0.0
0.0
0.0
0.0
25.0
0.0
102.0
0.0
38.0
0.0
5.0
0.0
0.0
0.0
0.0
0.0
0.0
0.0
0.0
0.0
0.0
0.0
0.0
0.0
0.0
0.0
0.0
0.0
102.0
NaN
0.0
0.0
38.0
0.0
0.0
0.0
0.0
0.0
0.0
0.0
0.0
0.0
0.0
0.0
0.0
0.0
0.0
0.0
0.0
0.0
0.0
0.0
0.0
0.0
0.0
0.0
0.0
0.0
0.0
0.0
0.0
0.0
0.0
0.0
0.0
0.0
0.0
0.0
0.0
0.0
0.0
231.0
38.0
0.0
20.0
0.0
0.0
0.0
102.0
53.0
0.0
0.0
0.0
0.0
0.0
0.0
0.0
0.0
0.0
0.0
0.0
36.0
0.0
0.0
0.0
0.0
86.0
0.0
0.0
46.0
0.0
0.0
0.0
15.0
0.0
0.0
0.0
0.0
0.0
0.0
0.0
76.0
0.0
0.0
0.0
0.0
0.0
114.0
432.0
86.0
0.0
0.0
23.0
0.0
0.0
142.0
0.0
0.0
0.0
0.0
0.0
0.0
0.0
18.0
0.0
5.0
0.0
23.0
0.0
0.0
25.0
0.0
0.0
0.0
0.0
0.0
0.0
0.0
0.0
0.0
0.0
0.0
0.0
0.0
0.0
0.0
0.0
0.0
0.0
0.0
0.0
0.0
0.0
0.0
0.0
0.0
0.0
0.0
0.0
0.0
0.0
0.0
0.0
0.0
0.0
0.0
117.0
0.0
0.0
0.0
28.0
97.0
0.0
0.0
0.0
0.0
0.0
0.0
0.0
0.0
71.0
0.0
0.0
0.0
0.0
0.0
0.0
0.0
0.0
NaN
0.0
0.0
0.0
0.0
0.0
0.0
0.0
0.0
0.0
0.0
0.0
0.0
13.0
0.0
8.0
NaN
NaN
0.0
0.0
5.0
0.0
30.0
0.0
0.0
0.0
51.0
25.0
0.0
0.0
0.0
0.0
0.0
0.0
0.0
0.0
0.0
0.0
0.0
51.0
0.0
0.0
0.0
8.0
0.0
76.0
0.0
46.0
0.0
0.0
0.0
0.0
0.0
0.0
0.0
0.0
3.0
25.0
46.0
0.0
0.0
0.0
0.0
0.0
0.0
0.0
0.0
5.0
25.0
0.0
0.0
0.0
13.0
0.0
8.0
0.0
0.0
0.0
0.0
25.0
13.0
0.0
3.0
0.0
0.0
0.0
0.0
0.0
0.0
0.0
51.0
3.0
0.0
36.0
0.0
0.0
0.0
0.0
0.0
5.0
0.0
13.0
0.0
0.0
0.0
0.0
0.0
0.0
0.0
20.0
0.0
25.0
0.0
0.0
38.0
0.0
0.0
0.0
0.0
0.0
0.0
0.0
5.0
0.0
3.0
0.0
0.0
0.0
0.0
0.0
0.0
0.0
0.0
5.0
0.0
0.0
0.0
0.0
13.0
41.0
0.0
64.0
0.0
0.0
0.0
0.0
0.0
0.0
0.0
0.0
66.0
0.0
0.0
0.0
0.0
0.0
0.0
0.0
0.0
51.0
0.0
0.0
51.0
0.0
0.0
0.0
0.0
0.0
0.0
15.0
0.0
0.0
8.0
0.0
135.0
165.0
0.0
25.0
0.0
0.0
178.0
163.0
13.0
0.0
0.0
0.0
0.0
0.0
0.0
0.0
0.0
0.0
102.0
0.0
0.0
0.0
0.0
18.0
13.0
0.0
0.0
0.0
0.0
0.0
0.0
0.0
0.0
0.0
0.0
0.0
0.0
0.0
0.0
33.0
0.0
15.0
0.0
0.0
0.0
0.0
0.0
0.0
0.0
0.0
0.0
0.0
0.0
0.0
25.0
0.0
0.0
0.0
0.0
0.0
117.0
0.0
0.0
0.0
0.0
0.0
0.0
124.0
38.0
0.0
0.0
0.0
0.0
0.0
43.0
0.0
25.0
0.0
0.0
43.0
0.0
0.0
0.0
20.0
0.0
132.0
10.0
0.0
0.0
0.0
0.0
0.0
0.0
0.0
0.0
79.0
84.0
0.0
0.0
0.0
188.0
86.0
0.0
5.0
0.0
0.0
0.0
0.0
51.0
0.0
0.0
48.0
0.0
0.0
239.0
0.0
137.0
0.0
0.0
0.0
0.0
0.0
0.0
0.0
0.0
13.0
0.0
0.0
0.0
0.0
0.0
0.0
0.0
0.0
0.0
0.0
0.0
0.0
0.0
0.0
0.0
0.0
0.0
0.0
0.0
0.0
0.0
0.0
0.0
0.0
0.0
0.0
15.0
15.0
0.0
0.0
0.0
0.0
0.0
0.0
0.0
0.0
0.0
0.0
0.0
0.0
10.0
0.0
0.0
0.0
0.0
0.0
0.0
0.0
0.0
0.0
46.0
51.0
46.0
0.0
0.0
0.0
236.0
0.0
0.0
0.0
25.0
0.0
0.0
0.0
0.0
0.0
0.0
28.0
0.0
0.0
0.0
0.0
51.0
0.0
0.0
0.0
0.0
5.0
0.0
0.0
0.0
0.0
0.0
0.0
0.0
0.0
0.0
38.0
0.0
0.0
25.0
0.0
0.0
0.0
0.0
38.0
0.0
13.0
15.0
0.0
10.0
0.0
0.0
0.0
0.0
0.0
0.0
0.0
0.0
0.0
0.0
0.0
0.0
0.0
5.0
25.0
102.0
0.0
0.0
0.0
0.0
0.0
5.0
0.0
0.0
36.0
0.0
0.0
25.0
0.0
0.0
0.0
0.0
0.0
0.0
0.0
0.0
0.0
0.0
0.0
10.0
0.0
0.0
0.0
38.0
0.0
0.0
51.0
0.0
0.0
0.0
0.0
0.0
25.0
0.0
0.0
0.0
5.0
0.0
51.0
0.0
0.0
0.0
13.0
89.0
0.0
0.0
0.0
0.0
0.0
0.0
0.0
0.0
0.0
0.0
0.0
0.0
0.0
0.0
0.0
0.0
0.0
5.0
0.0
0.0
0.0
0.0
0.0
0.0
0.0
0.0
0.0
0.0
0.0
5.0
0.0
0.0
0.0
0.0
0.0
0.0
0.0
0.0
0.0
0.0
13.0
0.0
0.0
0.0
0.0
38.0
0.0
0.0
0.0
0.0
5.0
0.0
0.0
0.0
0.0
0.0
0.0
25.0
0.0
0.0
0.0
10.0
0.0
0.0
25.0
0.0
0.0
0.0
0.0
0.0
0.0
5.0
0.0
0.0
0.0
0.0
0.0
0.0
0.0
0.0
0.0
NaN
NaN
0.0
5.0
0.0
0.0
0.0
0.0
0.0
0.0
0.0
0.0
0.0
0.0
46.0
0.0
0.0
76.0
91.0
114.0
0.0
0.0
0.0
0.0
8.0
216.0
8.0
0.0
150.0
0.0
0.0
0.0
0.0
0.0
0.0
0.0
0.0
15.0
109.0
0.0
0.0
38.0
0.0
48.0
0.0
56.0
0.0
0.0
0.0
10.0
10.0
0.0
13.0
0.0
127.0
0.0
0.0
0.0
0.0
8.0
0.0
0.0
229.0
0.0
0.0
0.0
0.0
0.0
0.0
81.0
0.0
0.0
688.0
25.0
0.0
NaN
0.0
0.0
5.0
23.0
0.0
0.0
0.0
0.0
0.0
325.0
8.0
0.0
56.0
0.0
147.0
0.0
20.0
0.0
224.0
0.0
0.0
0.0
0.0
0.0
0.0
152.0
38.0
0.0
0.0
0.0
0.0
NaN
0.0
0.0
0.0
0.0
0.0
0.0
0.0
NaN
0.0
0.0
NaN
46.0
178.0
203.0
5.0
0.0
0.0
0.0
866.0
107.0
0.0
0.0
0.0
0.0
51.0
48.0
0.0
0.0
20.0
25.0
5.0
0.0
13.0
0.0
0.0
0.0
0.0
0.0
0.0
0.0
0.0
137.0
58.0
0.0
0.0
0.0
0.0
48.0
0.0
0.0
5.0
0.0
0.0
0.0
0.0
0.0
0.0
25.0
8.0
13.0
0.0
0.0
0.0
0.0
0.0
0.0
0.0
0.0
0.0
0.0
38.0
173.0
0.0
0.0
25.0
0.0
0.0
0.0
0.0
0.0
0.0
0.0
0.0
0.0
0.0
0.0
0.0
0.0
0.0
0.0
0.0
0.0
0.0
0.0
0.0
0.0
8.0
0.0
25.0
0.0
0.0
0.0
0.0
0.0
0.0
0.0
0.0
0.0
0.0
0.0
0.0
0.0
0.0
0.0
0.0
0.0
0.0
0.0
0.0
0.0
0.0
25.0
0.0
5.0
0.0
0.0
0.0
0.0
0.0
0.0
0.0
0.0
0.0
0.0
0.0
0.0
0.0
5.0
10.0
0.0
0.0
0.0
25.0
0.0
0.0
0.0
0.0
5.0
0.0
13.0
0.0
0.0
5.0
30.0
0.0
76.0
0.0
0.0
0.0
0.0
10.0
0.0
0.0
127.0
0.0
0.0
0.0
51.0
0.0
64.0
127.0
0.0
0.0
0.0
76.0
25.0
0.0
30.0
0.0
0.0
0.0
0.0
0.0
0.0
0.0
0.0
0.0
0.0
0.0
0.0
0.0
0.0
0.0
25.0
0.0
0.0
13.0
0.0
0.0
0.0
5.0
0.0
0.0
0.0
0.0
0.0
0.0
0.0
0.0
0.0
0.0
0.0
0.0
0.0
51.0
25.0
0.0
0.0
0.0
0.0
0.0
0.0
0.0
0.0
0.0
0.0
0.0
0.0
0.0
0.0
0.0
0.0
0.0
0.0
5.0
0.0
0.0
0.0
0.0
0.0
0.0
0.0
0.0
0.0
0.0
0.0
0.0
0.0
0.0
0.0
0.0
0.0
0.0
0.0
0.0
0.0
0.0
0.0
0.0
0.0
0.0
0.0
0.0
135.0
0.0
0.0
0.0
0.0
79.0
41.0
0.0
0.0
229.0
13.0
5.0
56.0
20.0
0.0
0.0
0.0
0.0
0.0
8.0
0.0
0.0
0.0
51.0
0.0
0.0
0.0
15.0
0.0
0.0
5.0
10.0
0.0
0.0
0.0
0.0
279.0
58.0
0.0
33.0
0.0
0.0
0.0
0.0
0.0
25.0
0.0
0.0
0.0
0.0
0.0
0.0
8.0
0.0
0.0
15.0
0.0
0.0
0.0
0.0
0.0
117.0
91.0
48.0
0.0
122.0
0.0
0.0
0.0
25.0
20.0
0.0
43.0
0.0
0.0
0.0
0.0
0.0
15.0
0.0
0.0
0.0
0.0
0.0
71.0
0.0
0.0
0.0
23.0
76.0
0.0
0.0
137.0
0.0
0.0
NaN
NaN
0.0
0.0
0.0
0.0
0.0
0.0
0.0
0.0
0.0
0.0
0.0
8.0
0.0
302.0
0.0
0.0
94.0
0.0
0.0
0.0
0.0
0.0
0.0
0.0
0.0
0.0
0.0
0.0
8.0
0.0
0.0
0.0
0.0
0.0
0.0
325.0
0.0
0.0
33.0
0.0
0.0
0.0
0.0
0.0
0.0
0.0
0.0
0.0
0.0
0.0
0.0
NaN
NaN
64.0
25.0
114.0
13.0
0.0
0.0
33.0
0.0
0.0
10.0
0.0
150.0
3.0
5.0
0.0
5.0
0.0
0.0
18.0
0.0
0.0
0.0
15.0
25.0
0.0
0.0
0.0
0.0
8.0
0.0
0.0
0.0
25.0
0.0
0.0
0.0
0.0
3.0
0.0
0.0
0.0
0.0
0.0
0.0
0.0
0.0
0.0
0.0
0.0
0.0
0.0
0.0
0.0
15.0
0.0
0.0
0.0
0.0
0.0
0.0
0.0
51.0
0.0
0.0
0.0
0.0
0.0
0.0
0.0
0.0
25.0
10.0
0.0
0.0
0.0
5.0
0.0
0.0
0.0
41.0
0.0
0.0
0.0
102.0
0.0
0.0
0.0
0.0
0.0
0.0
0.0
0.0
0.0
0.0
0.0
0.0
0.0
0.0
5.0
0.0
0.0
0.0
0.0
0.0
0.0
0.0
0.0
0.0
0.0
0.0
10.0
0.0
0.0
0.0
0.0
0.0
51.0
76.0
0.0
0.0
5.0
0.0
0.0
0.0
0.0
0.0
0.0
0.0
0.0
0.0
203.0
0.0
0.0
0.0
0.0
0.0
0.0
0.0
0.0
0.0
0.0
0.0
0.0
0.0
0.0
0.0
0.0
0.0
0.0
0.0
0.0
0.0
0.0
0.0
10.0
0.0
0.0
0.0
0.0
0.0
5.0
0.0
0.0
0.0
0.0
0.0
0.0
10.0
0.0
0.0
0.0
0.0
0.0
0.0
99.0
0.0
0.0
0.0
168.0
51.0
71.0
0.0
0.0
0.0
0.0
0.0
0.0
64.0
0.0
0.0
0.0
0.0
0.0
132.0
0.0
0.0
0.0
0.0
25.0
0.0
124.0
0.0
0.0
127.0
25.0
0.0
0.0
0.0
0.0
0.0
0.0
0.0
0.0
137.0
0.0
15.0
0.0
61.0
0.0
0.0
13.0
0.0
0.0
0.0
0.0
0.0
0.0
0.0
0.0
0.0
130.0
51.0
0.0
0.0
0.0
25.0
13.0
109.0
0.0
0.0
0.0
0.0
0.0
0.0
0.0
NaN
30.0
0.0
0.0
0.0
150.0
0.0
41.0
0.0
0.0
18.0
0.0
0.0
0.0
175.0
0.0
343.0
0.0
234.0
0.0
0.0
0.0
0.0
25.0
0.0
0.0
0.0
0.0
23.0
71.0
0.0
0.0
0.0
0.0
0.0
0.0
0.0
0.0
0.0
0.0
0.0
0.0
0.0
0.0
0.0
0.0
0.0
0.0
0.0
0.0
0.0
28.0
0.0
NaN
0.0
0.0
0.0
33.0
0.0
0.0
0.0
0.0
0.0
0.0
8.0
269.0
0.0
0.0
0.0
0.0
0.0
0.0
0.0
0.0
0.0
0.0
51.0
0.0
0.0
0.0
0.0
0.0
0.0
0.0
0.0
0.0
0.0
0.0
0.0
0.0
0.0
0.0
69.0
0.0
168.0
0.0
0.0
0.0
348.0
84.0
0.0
0.0
0.0
0.0
0.0
0.0
0.0
0.0
0.0
0.0
0.0
0.0
0.0
0.0
0.0
28.0
0.0
0.0
0.0
51.0
0.0
0.0
38.0
0.0
0.0
0.0
0.0
0.0
0.0
76.0
0.0
51.0
36.0
0.0
0.0
0.0
30.0
0.0
0.0
0.0
0.0
0.0
0.0
0.0
0.0
25.0
0.0
0.0
0.0
0.0
0.0
0.0
0.0
25.0
0.0
0.0
0.0
0.0
0.0
10.0
0.0
0.0
0.0
0.0
0.0
0.0
0.0
0.0
0.0
0.0
0.0
0.0
51.0
0.0
0.0
0.0
0.0
0.0
0.0
0.0
0.0
0.0
0.0
0.0
0.0
0.0
0.0
10.0
0.0
0.0
0.0
0.0
0.0
NaN
0.0
0.0
0.0
0.0
0.0
0.0
NaN
0.0
0.0
0.0
0.0
0.0
0.0
0.0
0.0
0.0
0.0
0.0
0.0
0.0
0.0
0.0
0.0
0.0
0.0
0.0
0.0
0.0
0.0
0.0
15.0
0.0
0.0
0.0
0.0
0.0
0.0
0.0
102.0
0.0
0.0
0.0
0.0
0.0
0.0
0.0
0.0
0.0
0.0
102.0
36.0
0.0
0.0
0.0
0.0
229.0
51.0
0.0
0.0
0.0
0.0
0.0
0.0
0.0
0.0
0.0
0.0
46.0
0.0
0.0
0.0
0.0
211.0
198.0
51.0
0.0
0.0
0.0
0.0
15.0
0.0
0.0
0.0
0.0
NaN
0.0
102.0
0.0
0.0
0.0
0.0
33.0
0.0
0.0
0.0
25.0
0.0
0.0
0.0
0.0
0.0
76.0
0.0
0.0
0.0
0.0
0.0
99.0
0.0
0.0
0.0
0.0
0.0
43.0
0.0
0.0
0.0
0.0
0.0
0.0
345.0
64.0
137.0
0.0
0.0
0.0
127.0
0.0
0.0
0.0
0.0
119.0
0.0
0.0
0.0
69.0
0.0
0.0
41.0
0.0
0.0
8.0
64.0
46.0
0.0
0.0
NaN
0.0
0.0
198.0
0.0
0.0
102.0
0.0
0.0
0.0
0.0
0.0
18.0
0.0
0.0
20.0
0.0
NaN
NaN
0.0
NaN
0.0
0.0
NaN
NaN
0.0
NaN
NaN
NaN
0.0
0.0
0.0
0.0
0.0
0.0
0.0
0.0
0.0
0.0
0.0
0.0
64.0
0.0
0.0
0.0
0.0
0.0
25.0
0.0
114.0
0.0
0.0
0.0
0.0
0.0
25.0
0.0
0.0
41.0
0.0
0.0
0.0
0.0
5.0
0.0
0.0
544.0
183.0
0.0
8.0
0.0
0.0
0.0
0.0
0.0
8.0
10.0
0.0
48.0
0.0
0.0
0.0
0.0
0.0
0.0
0.0
0.0
0.0
97.0
0.0
0.0
0.0
97.0
0.0
97.0
229.0
8.0
0.0
0.0
102.0
10.0
0.0
0.0
0.0
0.0
25.0
0.0
0.0
102.0
0.0
0.0
0.0
0.0
0.0
0.0
0.0
0.0
0.0
10.0
0.0
0.0
0.0
356.0
0.0
0.0
10.0
0.0
76.0
25.0
0.0
0.0
0.0
0.0
0.0
0.0
0.0
0.0
0.0
0.0
0.0
0.0
0.0
30.0
0.0
0.0
0.0
20.0
25.0
0.0
0.0
0.0
0.0
0.0
0.0
0.0
0.0
0.0
25.0
0.0
0.0
0.0
0.0
0.0
0.0
0.0
0.0
5.0
0.0
10.0
15.0
0.0
5.0
0.0
0.0
0.0
0.0
0.0
0.0
25.0
0.0
0.0
0.0
0.0
0.0
0.0
0.0
0.0
0.0
0.0
0.0
10.0
25.0
102.0
0.0
0.0
0.0
0.0
0.0
0.0
25.0
0.0
0.0
0.0
0.0
0.0
51.0
0.0
0.0
10.0
0.0
0.0
0.0
0.0
0.0
0.0
0.0
0.0
0.0
0.0
0.0
0.0
0.0
0.0
0.0
0.0
0.0
0.0
0.0
0.0
0.0
NaN
NaN
NaN
0.0
25.0
0.0
0.0
0.0
0.0
0.0
0.0
0.0
0.0
0.0
0.0
0.0
0.0
0.0
0.0
0.0
152.0
0.0
0.0
0.0
0.0
0.0
0.0
0.0
0.0
0.0
0.0
0.0
0.0
0.0
0.0
0.0
0.0
0.0
0.0
0.0
0.0
0.0
0.0
0.0
0.0
0.0
0.0
0.0
0.0
0.0
0.0
0.0
0.0
0.0
0.0
0.0
0.0
0.0
0.0
20.0
0.0
0.0
0.0
0.0
0.0
0.0
0.0
30.0
0.0
0.0
0.0
18.0
0.0
0.0
0.0
0.0
0.0
0.0
0.0
0.0
36.0
0.0
0.0
0.0
0.0
0.0
0.0
0.0
0.0
0.0
0.0
0.0
0.0
0.0
0.0
0.0
0.0
36.0
0.0
155.0
0.0
0.0
36.0
0.0
0.0
0.0
0.0
0.0
0.0
0.0
36.0
0.0
0.0
0.0
0.0
0.0
30.0
0.0
30.0
114.0
10.0
0.0
0.0
NaN
NaN
0.0
0.0
0.0
0.0
0.0
0.0
0.0
86.0
20.0
0.0
0.0
0.0
0.0
0.0
41.0
0.0
0.0
71.0
0.0
20.0
25.0
0.0
0.0
0.0
0.0
0.0
38.0
0.0
0.0
0.0
0.0
0.0
0.0
0.0
0.0
175.0
0.0
13.0
180.0
0.0
0.0
0.0
0.0
0.0
0.0
0.0
0.0
0.0
0.0
0.0
0.0
74.0
0.0
0.0
0.0
0.0
0.0
0.0
0.0
0.0
0.0
0.0
0.0
0.0
0.0
0.0
8.0
0.0
127.0
10.0
0.0
0.0
0.0
0.0
0.0
0.0
0.0
89.0
0.0
0.0
0.0
0.0
25.0
0.0
10.0
0.0
0.0
0.0
0.0
0.0
10.0
0.0
0.0
0.0
0.0
0.0
0.0
0.0
25.0
30.0
0.0
0.0
0.0
0.0
0.0
0.0
0.0
0.0
0.0
0.0
0.0
0.0
0.0
0.0
0.0
0.0
15.0
0.0
0.0
0.0
0.0
61.0
0.0
51.0
0.0
30.0
0.0
0.0
0.0
0.0
61.0
25.0
56.0
30.0
0.0
0.0
0.0
0.0
0.0
0.0
0.0
0.0
0.0
0.0
0.0
0.0
0.0
0.0
0.0
0.0
3.0
0.0
0.0
0.0
0.0
0.0
0.0
0.0
0.0
0.0
0.0
0.0
0.0
0.0
0.0
0.0
0.0
0.0
0.0
30.0
0.0
0.0
0.0
0.0
0.0
5.0
36.0
0.0
0.0
0.0
0.0
0.0
5.0
0.0
0.0
0.0
0.0
0.0
0.0
0.0
5.0
10.0
0.0
0.0
0.0
0.0
0.0
0.0
0.0
38.0
25.0
0.0
0.0
0.0
0.0
0.0
0.0
0.0
0.0
0.0
0.0
36.0
0.0
0.0
0.0
0.0
0.0
0.0
0.0
0.0
0.0
0.0
0.0
0.0
0.0
0.0
0.0
10.0
0.0
0.0
0.0
0.0
0.0
0.0
0.0
0.0
0.0
0.0
25.0
0.0
0.0
132.0
18.0
216.0
20.0
0.0
0.0
0.0
0.0
0.0
0.0
0.0
0.0
0.0
0.0
0.0
0.0
0.0
117.0
0.0
0.0
0.0
0.0
0.0
0.0
0.0
0.0
0.0
0.0
0.0
0.0
0.0
0.0
0.0
208.0
18.0
0.0
0.0
61.0
0.0
0.0
0.0
0.0
81.0
0.0
0.0
0.0
69.0
0.0
0.0
0.0
74.0
0.0
0.0
0.0
0.0
0.0
0.0
287.0
13.0
56.0
25.0
74.0
150.0
8.0
10.0
0.0
0.0
3.0
36.0
0.0
0.0
0.0
0.0
0.0
0.0
0.0
0.0
0.0
0.0
0.0
0.0
533.0
0.0
0.0
0.0
152.0
0.0
0.0
0.0
0.0
0.0
216.0
0.0
0.0
0.0
0.0
0.0
0.0
0.0
0.0
64.0
0.0
0.0
0.0
0.0
76.0
0.0
231.0
28.0
0.0
0.0
0.0
0.0
0.0
0.0
0.0
30.0
0.0
51.0
0.0
0.0
0.0
0.0
0.0
0.0
142.0
0.0
0.0
356.0
0.0
0.0
0.0
0.0
0.0
0.0
0.0
NaN
NaN
0.0
0.0
0.0
0.0
0.0
94.0
0.0
269.0
56.0
0.0
0.0
0.0
0.0
0.0
0.0
0.0
0.0
0.0
0.0
0.0
0.0
0.0
53.0
18.0
0.0
0.0
0.0
38.0
0.0
0.0
0.0
0.0
0.0
46.0
0.0
0.0
0.0
0.0
0.0
69.0
0.0
0.0
0.0
0.0
0.0
0.0
51.0
0.0
102.0
0.0
0.0
0.0
10.0
0.0
0.0
0.0
0.0
0.0
0.0
0.0
0.0
0.0
0.0
0.0
0.0
102.0
0.0
10.0
0.0
0.0
0.0
5.0
0.0
0.0
0.0
0.0
0.0
0.0
0.0
0.0
0.0
0.0
0.0
25.0
51.0
0.0
0.0
0.0
0.0
0.0
0.0
10.0
0.0
0.0
5.0
0.0
0.0
0.0
0.0
0.0
0.0
10.0
51.0
25.0
0.0
0.0
0.0
0.0
0.0
0.0
5.0
0.0
0.0
127.0
0.0
10.0
36.0
0.0
0.0
0.0
0.0
10.0
0.0
0.0
5.0
0.0
0.0
0.0
0.0
25.0
56.0
0.0
0.0
0.0
0.0
0.0
0.0
0.0
0.0
0.0
0.0
0.0
0.0
0.0
0.0
0.0
0.0
0.0
10.0
0.0
13.0
0.0
0.0
0.0
5.0
5.0
0.0
0.0
0.0
0.0
0.0
25.0
0.0
0.0
66.0
0.0
0.0
0.0
0.0
0.0
0.0
0.0
0.0
0.0
0.0
NaN
0.0
0.0
0.0
91.0
0.0
0.0
0.0
0.0
0.0
0.0
0.0
0.0
0.0
30.0
0.0
0.0
0.0
0.0
0.0
0.0
0.0
25.0
132.0
20.0
0.0
0.0
0.0
0.0
38.0
201.0
0.0
0.0
0.0
0.0
0.0
0.0
48.0
0.0
0.0
0.0
0.0
0.0
NaN
NaN
0.0
0.0
0.0
0.0
0.0
0.0
0.0
488.0
290.0
0.0
66.0
0.0
0.0
0.0
0.0
91.0
30.0
0.0
0.0
36.0
0.0
66.0
0.0
15.0
10.0
0.0
0.0
0.0
0.0
0.0
0.0
0.0
191.0
64.0
0.0
0.0
0.0
0.0
0.0
0.0
0.0
0.0
0.0
0.0
0.0
0.0
0.0
0.0
0.0
0.0
0.0
0.0
0.0
18.0
0.0
0.0
0.0
13.0
0.0
0.0
51.0
0.0
0.0
0.0
0.0
38.0
0.0
0.0
0.0
0.0
0.0
0.0
23.0
0.0
30.0
0.0
0.0
0.0
0.0
0.0
0.0
0.0
0.0
0.0
0.0
0.0
0.0
0.0
0.0
0.0
86.0
0.0
36.0
13.0
51.0
10.0
0.0
0.0
15.0
0.0
160.0
191.0
0.0
0.0
8.0
0.0
0.0
0.0
127.0
89.0
18.0
0.0
0.0
0.0
0.0
0.0
0.0
15.0
0.0
0.0
0.0
241.0
51.0
0.0
0.0
0.0
69.0
13.0
71.0
0.0
0.0
20.0
0.0
0.0
0.0
18.0
0.0
0.0
0.0
0.0
NaN
0.0
0.0
0.0
0.0
0.0
25.0
0.0
0.0
0.0
0.0
0.0
0.0
0.0
0.0
25.0
0.0
0.0
0.0
0.0
0.0
0.0
0.0
0.0
0.0
0.0
0.0
0.0
0.0
0.0
0.0
0.0
0.0
0.0
0.0
0.0
0.0
0.0
0.0
0.0
0.0
0.0
0.0
0.0
0.0
0.0
15.0
10.0
0.0
0.0
25.0
30.0
0.0
0.0
30.0
0.0
0.0
0.0
0.0
0.0
0.0
0.0
0.0
0.0
0.0
10.0
0.0
0.0
0.0
0.0
0.0
0.0
0.0
0.0
13.0
0.0
10.0
3.0
0.0
5.0
0.0
0.0
0.0
0.0
0.0
36.0
142.0
0.0
0.0
0.0
0.0
0.0
0.0
0.0
0.0
0.0
0.0
25.0
0.0
0.0
10.0
0.0
0.0
0.0
51.0
0.0
0.0
36.0
0.0
0.0
0.0
25.0
0.0
0.0
0.0
0.0
15.0
0.0
25.0
0.0
0.0
0.0
0.0
0.0
0.0
0.0
0.0
5.0
0.0
0.0
0.0
0.0
0.0
10.0
0.0
0.0
0.0
0.0
0.0
0.0
0.0
0.0
0.0
0.0
0.0
0.0
0.0
0.0
51.0
102.0
25.0
0.0
0.0
0.0
13.0
48.0
0.0
0.0
0.0
0.0
0.0
0.0
0.0
0.0
0.0
0.0
114.0
0.0
0.0
0.0
0.0
0.0
56.0
53.0
0.0
0.0
56.0
0.0
0.0
0.0
0.0
0.0
0.0
0.0
0.0
0.0
0.0
41.0
0.0
0.0
0.0
0.0
0.0
0.0
0.0
0.0
127.0
0.0
0.0
0.0
0.0
0.0
20.0
0.0
0.0
0.0
0.0
0.0
10.0
5.0
0.0
0.0
0.0
0.0
0.0
0.0
30.0
0.0
0.0
0.0
51.0
0.0
0.0
0.0
41.0
0.0
0.0
15.0
0.0
0.0
0.0
0.0
0.0
0.0
0.0
0.0
0.0
0.0
30.0
0.0
20.0
0.0
0.0
0.0
0.0
0.0
0.0
0.0
0.0
0.0
0.0
0.0
0.0
0.0
0.0
0.0
30.0
0.0
0.0
0.0
0.0
0.0
0.0
76.0
0.0
10.0
0.0
5.0
0.0
0.0
0.0
0.0
0.0
71.0
41.0
0.0
0.0
173.0
0.0
0.0
0.0
0.0
0.0
10.0
0.0
0.0
0.0
0.0
25.0
0.0
0.0
0.0
0.0
0.0
0.0
51.0
0.0
0.0
15.0
0.0
10.0
0.0
0.0
0.0
0.0
0.0
0.0
0.0
0.0
0.0
0.0
0.0
0.0
0.0
0.0
0.0
0.0
0.0
0.0
0.0
0.0
0.0
279.0
89.0
0.0
0.0
0.0
0.0
0.0
0.0
0.0
0.0
0.0
0.0
0.0
0.0
0.0
0.0
0.0
0.0
0.0
0.0
0.0
0.0
0.0
0.0
0.0
0.0
46.0
0.0
38.0
0.0
0.0
0.0
0.0
0.0
0.0
0.0
0.0
0.0
0.0
0.0
8.0
0.0
0.0
0.0
0.0
0.0
0.0
0.0
0.0
0.0
0.0
183.0
0.0
0.0
0.0
0.0
69.0
0.0
0.0
0.0
0.0
0.0
0.0
33.0
89.0
0.0
0.0
0.0
0.0
0.0
0.0
165.0
0.0
0.0
0.0
0.0
0.0
0.0
0.0
0.0
0.0
0.0
0.0
0.0
0.0
0.0
0.0
0.0
38.0
0.0
0.0
0.0
0.0
0.0
0.0
0.0
0.0
0.0
0.0
0.0
0.0
36.0
0.0
0.0
0.0
0.0
0.0
0.0
0.0
0.0
0.0
0.0
0.0
0.0
41.0
0.0
0.0
0.0
0.0
0.0
0.0
0.0
0.0
0.0
0.0
20.0
0.0
0.0
0.0
0.0
25.0
0.0
0.0
0.0
0.0
0.0
0.0
0.0
0.0
0.0
0.0
0.0
0.0
0.0
0.0
0.0
0.0
0.0
0.0
0.0
0.0
0.0
0.0
0.0
0.0
0.0
0.0
13.0
0.0
0.0
0.0
0.0
10.0
0.0
0.0
0.0
0.0
0.0
0.0
0.0
20.0
0.0
0.0
15.0
0.0
0.0
51.0
30.0
0.0
0.0
0.0
0.0
0.0
0.0
15.0
0.0
0.0
0.0
13.0
0.0
0.0
0.0
0.0
36.0
0.0
0.0
0.0
0.0
0.0
25.0
0.0
0.0
0.0
0.0
0.0
0.0
0.0
0.0
0.0
0.0
0.0
25.0
0.0
0.0
0.0
0.0
66.0
0.0
0.0
0.0
25.0
0.0
0.0
0.0
10.0
0.0
0.0
0.0
0.0
0.0
25.0
0.0
0.0
0.0
0.0
0.0
0.0
0.0
0.0
10.0
15.0
0.0
0.0
0.0
25.0
10.0
0.0
0.0
0.0
0.0
0.0
0.0
0.0
152.0
0.0
0.0
0.0
0.0
0.0
0.0
0.0
0.0
0.0
0.0
0.0
0.0
0.0
0.0
0.0
25.0
0.0
0.0
0.0
0.0
0.0
0.0
0.0
0.0
0.0
15.0
0.0
0.0
0.0
0.0
0.0
0.0
0.0
0.0
0.0
0.0
0.0
0.0
0.0
10.0
0.0
0.0
0.0
0.0
0.0
0.0
0.0
0.0
0.0
0.0
0.0
0.0
15.0
0.0
0.0
0.0
0.0
0.0
0.0
0.0
0.0
0.0
0.0
0.0
0.0
0.0
10.0
0.0
231.0
272.0
0.0
0.0
0.0
51.0
0.0
0.0
0.0
0.0
117.0
8.0
0.0
25.0
0.0
51.0
0.0
0.0
41.0
0.0
0.0
0.0
76.0
0.0
0.0
38.0
104.0
0.0
