0.0
0.0
0.0
0.0
0.0
0.0
0.0
0.0
0.0
0.0
0.0
0.0
0.0
0.0
0.0
0.0
0.0
0.0
0.0
0.0
0.0
0.0
0.0
0.0
0.0
0.0
0.0
0.0
0.0
0.0
0.0
0.0
0.0
0.0
0.0
0.0
0.0
0.0
0.0
0.0
0.0
0.0
51.0
0.0
0.0
0.0
0.0
0.0
0.0
0.0
NaN
NaN
0.0
0.0
0.0
0.0
0.0
0.0
0.0
0.0
0.0
0.0
0.0
0.0
0.0
0.0
25.0
0.0
76.0
25.0
0.0
0.0
0.0
0.0
0.0
0.0
0.0
0.0
0.0
0.0
0.0
0.0
13.0
0.0
64.0
0.0
0.0
0.0
0.0
0.0
0.0
0.0
NaN
NaN
0.0
0.0
0.0
0.0
0.0
0.0
0.0
25.0
0.0
13.0
0.0
0.0
0.0
0.0
0.0
0.0
0.0
0.0
0.0
0.0
0.0
0.0
0.0
0.0
0.0
0.0
0.0
0.0
13.0
191.0
0.0
0.0
0.0
0.0
0.0
0.0
0.0
0.0
0.0
0.0
0.0
0.0
0.0
0.0
0.0
25.0
0.0
0.0
0.0
0.0
0.0
25.0
0.0
0.0
0.0
0.0
0.0
0.0
0.0
0.0
NaN
25.0
NaN
NaN
0.0
0.0
0.0
0.0
0.0
0.0
0.0
0.0
NaN
0.0
0.0
NaN
0.0
0.0
0.0
NaN
0.0
0.0
NaN
NaN
NaN
25.0
0.0
0.0
0.0
0.0
0.0
43.0
0.0
0.0
0.0
0.0
0.0
0.0
13.0
0.0
0.0
0.0
36.0
8.0
0.0
30.0
0.0
0.0
0.0
71.0
36.0
76.0
10.0
0.0
0.0
0.0
0.0
0.0
20.0
0.0
163.0
74.0
8.0
5.0
13.0
0.0
0.0
0.0
0.0
0.0
0.0
0.0
81.0
0.0
84.0
0.0
112.0
18.0
0.0
0.0
0.0
10.0
38.0
175.0
79.0
5.0
0.0
0.0
0.0
0.0
0.0
84.0
0.0
0.0
0.0
0.0
0.0
0.0
0.0
0.0
0.0
13.0
0.0
33.0
0.0
79.0
15.0
15.0
0.0
51.0
0.0
0.0
0.0
0.0
0.0
0.0
89.0
23.0
0.0
163.0
25.0
58.0
0.0
0.0
0.0
0.0
97.0
18.0
13.0
15.0
0.0
0.0
0.0
46.0
51.0
8.0
13.0
0.0
13.0
0.0
30.0
0.0
0.0
0.0
0.0
0.0
20.0
5.0
0.0
79.0
0.0
0.0
0.0
0.0
0.0
0.0
25.0
0.0
5.0
5.0
0.0
0.0
0.0
0.0
0.0
15.0
0.0
28.0
0.0
0.0
0.0
0.0
0.0
0.0
0.0
5.0
0.0
0.0
0.0
0.0
0.0
0.0
0.0
NaN
0.0
0.0
25.0
0.0
0.0
13.0
0.0
0.0
0.0
0.0
0.0
0.0
0.0
NaN
0.0
0.0
0.0
0.0
0.0
NaN
NaN
NaN
0.0
0.0
0.0
0.0
0.0
0.0
0.0
0.0
0.0
0.0
0.0
0.0
0.0
0.0
0.0
0.0
0.0
0.0
0.0
0.0
0.0
0.0
0.0
0.0
0.0
0.0
0.0
NaN
51.0
0.0
0.0
NaN
0.0
NaN
0.0
0.0
0.0
0.0
0.0
0.0
0.0
0.0
0.0
13.0
0.0
0.0
13.0
0.0
0.0
25.0
0.0
0.0
0.0
0.0
0.0
0.0
0.0
0.0
38.0
0.0
0.0
0.0
0.0
0.0
38.0
0.0
0.0
0.0
0.0
NaN
0.0
0.0
0.0
0.0
0.0
0.0
0.0
NaN
0.0
0.0
0.0
0.0
0.0
0.0
0.0
0.0
0.0
25.0
51.0
0.0
0.0
0.0
0.0
0.0
0.0
0.0
0.0
0.0
0.0
0.0
0.0
0.0
0.0
0.0
0.0
25.0
0.0
NaN
0.0
0.0
13.0
0.0
0.0
25.0
NaN
NaN
0.0
0.0
0.0
0.0
0.0
0.0
NaN
NaN
0.0
0.0
13.0
0.0
0.0
25.0
0.0
0.0
51.0
0.0
0.0
0.0
0.0
25.0
25.0
0.0
0.0
0.0
0.0
0.0
25.0
0.0
0.0
0.0
51.0
0.0
0.0
0.0
0.0
0.0
0.0
0.0
0.0
0.0
0.0
0.0
0.0
0.0
0.0
0.0
0.0
0.0
0.0
0.0
28.0
0.0
0.0
0.0
25.0
0.0
0.0
5.0
0.0
5.0
33.0
43.0
0.0
0.0
0.0
0.0
0.0
0.0
0.0
0.0
0.0
0.0
0.0
0.0
0.0
0.0
0.0
0.0
0.0
38.0
0.0
66.0
0.0
0.0
0.0
0.0
0.0
0.0
0.0
0.0
0.0
0.0
0.0
79.0
0.0
0.0
64.0
5.0
66.0
0.0
0.0
0.0
61.0
0.0
28.0
0.0
0.0
10.0
0.0
0.0
0.0
0.0
0.0
0.0
18.0
0.0
0.0
0.0
0.0
0.0
0.0
137.0
74.0
0.0
15.0
23.0
36.0
0.0
0.0
0.0
33.0
3.0
18.0
0.0
0.0
0.0
175.0
8.0
15.0
0.0
28.0
511.0
74.0
23.0
0.0
0.0
30.0
0.0
0.0
0.0
71.0
0.0
0.0
0.0
0.0
0.0
15.0
23.0
0.0
102.0
0.0
0.0
0.0
0.0
0.0
0.0
74.0
124.0
8.0
5.0
224.0
109.0
0.0
5.0
10.0
0.0
53.0
0.0
0.0
0.0
23.0
0.0
0.0
0.0
0.0
0.0
137.0
0.0
0.0
0.0
8.0
0.0
0.0
0.0
0.0
0.0
0.0
0.0
76.0
0.0
0.0
0.0
0.0
15.0
0.0
0.0
0.0
0.0
0.0
0.0
0.0
0.0
0.0
0.0
0.0
20.0
0.0
0.0
0.0
0.0
0.0
0.0
0.0
0.0
0.0
0.0
0.0
0.0
0.0
0.0
0.0
0.0
0.0
0.0
33.0
0.0
0.0
0.0
0.0
10.0
0.0
0.0
0.0
0.0
0.0
0.0
0.0
0.0
0.0
0.0
0.0
0.0
0.0
0.0
0.0
0.0
0.0
0.0
0.0
0.0
0.0
0.0
0.0
0.0
0.0
0.0
0.0
0.0
0.0
0.0
0.0
0.0
0.0
0.0
0.0
0.0
0.0
0.0
0.0
0.0
0.0
25.0
0.0
0.0
0.0
0.0
NaN
NaN
NaN
NaN
127.0
0.0
25.0
0.0
0.0
0.0
0.0
0.0
0.0
0.0
0.0
0.0
0.0
0.0
0.0
0.0
0.0
0.0
0.0
0.0
0.0
NaN
38.0
0.0
0.0
0.0
0.0
0.0
0.0
13.0
0.0
0.0
0.0
0.0
0.0
0.0
0.0
0.0
0.0
0.0
0.0
0.0
0.0
0.0
0.0
0.0
0.0
0.0
20.0
0.0
0.0
0.0
0.0
0.0
0.0
0.0
0.0
0.0
0.0
0.0
0.0
0.0
0.0
25.0
15.0
0.0
0.0
10.0
0.0
0.0
0.0
0.0
0.0
0.0
0.0
0.0
0.0
0.0
0.0
0.0
0.0
0.0
0.0
0.0
0.0
0.0
0.0
0.0
0.0
0.0
51.0
0.0
0.0
0.0
0.0
36.0
0.0
198.0
66.0
0.0
0.0
0.0
0.0
0.0
0.0
0.0
0.0
0.0
0.0
0.0
0.0
0.0
0.0
0.0
0.0
25.0
0.0
0.0
0.0
0.0
0.0
0.0
0.0
0.0
0.0
0.0
0.0
0.0
0.0
36.0
0.0
0.0
30.0
0.0
0.0
0.0
0.0
0.0
0.0
0.0
0.0
0.0
0.0
0.0
0.0
0.0
0.0
259.0
36.0
0.0
0.0
0.0
76.0
10.0
0.0
0.0
0.0
0.0
213.0
107.0
5.0
79.0
338.0
8.0
0.0
0.0
0.0
8.0
0.0
10.0
28.0
53.0
36.0
0.0
0.0
10.0
38.0
0.0
0.0
0.0
0.0
0.0
0.0
0.0
0.0
0.0
0.0
0.0
0.0
36.0
0.0
8.0
53.0
0.0
0.0
0.0
147.0
0.0
15.0
0.0
0.0
38.0
0.0
10.0
0.0
8.0
0.0
0.0
8.0
10.0
15.0
0.0
0.0
69.0
5.0
18.0
56.0
0.0
8.0
18.0
0.0
0.0
0.0
30.0
0.0
0.0
56.0
0.0
0.0
0.0
0.0
13.0
48.0
124.0
0.0
20.0
20.0
28.0
18.0
0.0
0.0
61.0
0.0
104.0
30.0
0.0
0.0
0.0
0.0
0.0
36.0
0.0
0.0
0.0
0.0
0.0
13.0
0.0
0.0
10.0
0.0
58.0
8.0
0.0
211.0
0.0
15.0
41.0
36.0
0.0
10.0
102.0
0.0
155.0
0.0
0.0
0.0
20.0
0.0
0.0
112.0
0.0
5.0
0.0
0.0
0.0
30.0
10.0
58.0
18.0
71.0
23.0
23.0
20.0
0.0
0.0
0.0
0.0
0.0
51.0
25.0
0.0
0.0
0.0
0.0
25.0
0.0
0.0
0.0
0.0
0.0
0.0
0.0
0.0
0.0
0.0
0.0
0.0
0.0
0.0
0.0
0.0
0.0
0.0
0.0
0.0
0.0
0.0
0.0
0.0
0.0
0.0
0.0
0.0
0.0
0.0
0.0
0.0
0.0
0.0
0.0
0.0
0.0
0.0
25.0
0.0
0.0
0.0
0.0
0.0
0.0
0.0
0.0
0.0
0.0
0.0
51.0
0.0
0.0
0.0
102.0
0.0
0.0
0.0
0.0
0.0
0.0
0.0
0.0
0.0
0.0
0.0
0.0
76.0
64.0
13.0
0.0
0.0
0.0
0.0
0.0
0.0
0.0
0.0
13.0
38.0
0.0
0.0
0.0
0.0
0.0
0.0
0.0
51.0
0.0
0.0
0.0
0.0
0.0
0.0
25.0
0.0
0.0
0.0
0.0
0.0
0.0
0.0
0.0
0.0
25.0
0.0
0.0
0.0
0.0
0.0
0.0
0.0
0.0
0.0
0.0
0.0
0.0
0.0
0.0
0.0
0.0
0.0
0.0
0.0
0.0
0.0
0.0
0.0
0.0
0.0
0.0
0.0
0.0
15.0
0.0
0.0
0.0
25.0
0.0
0.0
0.0
0.0
0.0
0.0
0.0
0.0
0.0
0.0
0.0
0.0
0.0
25.0
0.0
0.0
0.0
0.0
0.0
0.0
0.0
0.0
0.0
0.0
0.0
0.0
0.0
0.0
0.0
0.0
0.0
0.0
0.0
21.0
0.0
0.0
64.0
0.0
0.0
64.0
0.0
0.0
10.0
0.0
0.0
33.0
0.0
0.0
0.0
0.0
0.0
0.0
0.0
0.0
0.0
0.0
0.0
28.0
53.0
0.0
0.0
0.0
15.0
0.0
0.0
18.0
28.0
23.0
0.0
0.0
0.0
0.0
0.0
0.0
18.0
0.0
10.0
0.0
8.0
46.0
28.0
0.0
0.0
0.0
0.0
0.0
0.0
0.0
178.0
0.0
36.0
0.0
18.0
0.0
66.0
0.0
8.0
0.0
0.0
0.0
0.0
0.0
58.0
112.0
193.0
84.0
0.0
0.0
94.0
0.0
18.0
0.0
0.0
8.0
0.0
15.0
33.0
0.0
0.0
18.0
51.0
0.0
0.0
0.0
0.0
0.0
0.0
0.0
0.0
0.0
0.0
0.0
0.0
0.0
13.0
5.0
86.0
53.0
0.0
0.0
0.0
8.0
0.0
15.0
0.0
0.0
0.0
0.0
0.0
0.0
0.0
0.0
15.0
36.0
20.0
0.0
0.0
81.0
0.0
0.0
0.0
0.0
0.0
0.0
0.0
25.0
0.0
0.0
69.0
0.0
15.0
0.0
61.0
20.0
41.0
0.0
0.0
0.0
137.0
0.0
0.0
13.0
0.0
0.0
28.0
0.0
0.0
0.0
0.0
0.0
10.0
0.0
0.0
41.0
8.0
0.0
0.0
0.0
0.0
13.0
8.0
0.0
226.0
165.0
69.0
0.0
0.0
0.0
0.0
0.0
0.0
0.0
8.0
0.0
0.0
0.0
0.0
71.0
23.0
0.0
36.0
0.0
0.0
0.0
0.0
0.0
0.0
8.0
0.0
0.0
0.0
0.0
0.0
0.0
0.0
0.0
0.0
79.0
0.0
0.0
0.0
0.0
0.0
0.0
0.0
23.0
0.0
0.0
0.0
0.0
0.0
51.0
76.0
0.0
13.0
0.0
0.0
0.0
0.0
0.0
0.0
0.0
0.0
0.0
178.0
13.0
0.0
0.0
0.0
0.0
0.0
0.0
25.0
0.0
0.0
102.0
0.0
0.0
0.0
0.0
0.0
51.0
25.0
0.0
0.0
0.0
25.0
25.0
0.0
0.0
0.0
0.0
0.0
0.0
0.0
0.0
0.0
0.0
0.0
0.0
0.0
25.0
0.0
0.0
25.0
25.0
0.0
0.0
0.0
0.0
0.0
0.0
0.0
0.0
0.0
0.0
0.0
0.0
0.0
0.0
0.0
0.0
0.0
0.0
0.0
0.0
0.0
0.0
13.0
0.0
38.0
0.0
0.0
25.0
0.0
0.0
0.0
0.0
0.0
0.0
0.0
0.0
0.0
0.0
38.0
0.0
0.0
0.0
0.0
38.0
0.0
0.0
51.0
25.0
0.0
0.0
0.0
0.0
0.0
13.0
0.0
25.0
0.0
0.0
0.0
0.0
0.0
25.0
76.0
0.0
0.0
0.0
0.0
0.0
0.0
13.0
0.0
0.0
0.0
0.0
102.0
0.0
0.0
0.0
0.0
0.0
0.0
0.0
0.0
0.0
0.0
51.0
25.0
0.0
0.0
0.0
0.0
0.0
0.0
0.0
13.0
0.0
25.0
0.0
0.0
0.0
0.0
0.0
0.0
102.0
13.0
0.0
13.0
0.0
0.0
28.0
13.0
56.0
0.0
13.0
0.0
0.0
0.0
0.0
0.0
0.0
0.0
0.0
0.0
0.0
0.0
0.0
35.0
18.0
0.0
0.0
0.0
0.0
0.0
0.0
36.0
0.0
0.0
0.0
5.0
132.0
0.0
18.0
0.0
23.0
64.0
0.0
0.0
0.0
0.0
0.0
0.0
0.0
0.0
0.0
0.0
13.0
0.0
58.0
13.0
114.0
127.0
0.0
51.0
8.0
0.0
5.0
8.0
0.0
20.0
0.0
0.0
23.0
102.0
0.0
0.0
84.0
0.0
0.0
13.0
0.0
48.0
0.0
0.0
0.0
36.0
0.0
8.0
0.0
0.0
51.0
20.0
0.0
0.0
0.0
127.0
0.0
221.0
165.0
0.0
0.0
0.0
0.0
0.0
0.0
0.0
25.0
0.0
0.0
18.0
0.0
0.0
0.0
13.0
0.0
0.0
43.0
0.0
0.0
0.0
58.0
51.0
10.0
0.0
99.0
0.0
0.0
0.0
10.0
0.0
0.0
0.0
20.0
0.0
0.0
13.0
0.0
0.0
0.0
0.0
0.0
36.0
0.0
15.0
15.0
0.0
51.0
0.0
0.0
13.0
0.0
8.0
0.0
119.0
0.0
0.0
5.0
0.0
0.0
0.0
0.0
0.0
0.0
0.0
0.0
10.0
0.0
0.0
0.0
5.0
0.0
0.0
0.0
0.0
0.0
13.0
0.0
0.0
36.0
0.0
0.0
0.0
0.0
0.0
0.0
0.0
0.0
0.0
0.0
10.0
0.0
0.0
0.0
0.0
99.0
0.0
5.0
0.0
0.0
0.0
0.0
0.0
36.0
0.0
18.0
0.0
0.0
0.0
0.0
0.0
0.0
8.0
0.0
0.0
0.0
64.0
0.0
13.0
0.0
0.0
0.0
0.0
0.0
0.0
0.0
0.0
0.0
0.0
0.0
0.0
0.0
0.0
0.0
51.0
0.0
0.0
0.0
0.0
0.0
0.0
0.0
0.0
76.0
NaN
0.0
0.0
0.0
51.0
0.0
0.0
0.0
0.0
0.0
0.0
0.0
0.0
0.0
0.0
0.0
0.0
0.0
0.0
0.0
0.0
0.0
0.0
0.0
0.0
0.0
0.0
0.0
13.0
38.0
0.0
0.0
0.0
0.0
0.0
0.0
25.0
0.0
0.0
0.0
152.0
0.0
0.0
0.0
0.0
0.0
0.0
0.0
0.0
0.0
0.0
NaN
0.0
0.0
0.0
0.0
0.0
0.0
0.0
0.0
0.0
0.0
0.0
0.0
0.0
0.0
0.0
0.0
0.0
13.0
0.0
0.0
0.0
0.0
0.0
25.0
25.0
25.0
0.0
0.0
0.0
0.0
0.0
38.0
0.0
0.0
0.0
0.0
0.0
0.0
0.0
0.0
0.0
0.0
25.0
0.0
0.0
25.0
0.0
0.0
64.0
0.0
0.0
0.0
0.0
0.0
0.0
76.0
0.0
127.0
0.0
0.0
0.0
0.0
0.0
0.0
0.0
0.0
0.0
0.0
0.0
0.0
0.0
0.0
102.0
0.0
0.0
0.0
0.0
0.0
0.0
0.0
10.0
0.0
0.0
0.0
0.0
0.0
0.0
0.0
0.0
0.0
0.0
0.0
0.0
0.0
0.0
0.0
0.0
0.0
8.0
0.0
0.0
0.0
0.0
0.0
0.0
0.0
0.0
0.0
0.0
0.0
0.0
0.0
0.0
0.0
0.0
0.0
0.0
18.0
0.0
36.0
91.0
13.0
0.0
5.0
0.0
8.0
0.0
10.0
0.0
48.0
0.0
5.0
15.0
0.0
0.0
0.0
0.0
61.0
0.0
0.0
0.0
0.0
30.0
69.0
0.0
86.0
0.0
0.0
5.0
272.0
175.0
0.0
43.0
89.0
15.0
10.0
0.0
0.0
0.0
0.0
0.0
0.0
41.0
0.0
10.0
0.0
135.0
0.0
0.0
0.0
0.0
15.0
0.0
0.0
0.0
5.0
0.0
0.0
10.0
0.0
0.0
23.0
0.0
0.0
150.0
71.0
0.0
0.0
30.0
28.0
15.0
135.0
53.0
74.0
56.0
0.0
15.0
0.0
36.0
20.0
51.0
20.0
13.0
0.0
0.0
0.0
0.0
0.0
20.0
0.0
13.0
165.0
0.0
0.0
69.0
36.0
0.0
0.0
0.0
20.0
0.0
15.0
0.0
0.0
0.0
0.0
0.0
0.0
0.0
0.0
5.0
13.0
81.0
30.0
5.0
18.0
8.0
10.0
5.0
0.0
13.0
15.0
0.0
0.0
0.0
0.0
0.0
0.0
0.0
0.0
0.0
0.0
0.0
0.0
0.0
0.0
81.0
0.0
0.0
0.0
0.0
0.0
20.0
20.0
0.0
0.0
0.0
0.0
0.0
0.0
0.0
0.0
0.0
0.0
0.0
0.0
0.0
0.0
0.0
0.0
0.0
0.0
0.0
0.0
0.0
130.0
0.0
0.0
0.0
0.0
0.0
0.0
0.0
0.0
0.0
0.0
0.0
0.0
0.0
0.0
0.0
0.0
0.0
0.0
0.0
0.0
0.0
0.0
0.0
0.0
13.0
51.0
102.0
25.0
13.0
25.0
25.0
25.0
0.0
0.0
0.0
0.0
0.0
0.0
0.0
10.0
0.0
0.0
0.0
0.0
38.0
0.0
0.0
0.0
13.0
0.0
0.0
0.0
0.0
0.0
0.0
0.0
0.0
0.0
0.0
13.0
51.0
13.0
13.0
76.0
0.0
0.0
0.0
0.0
0.0
0.0
0.0
0.0
0.0
0.0
0.0
0.0
0.0
107.0
0.0
26.0
0.0
0.0
0.0
8.0
21.0
8.0
0.0
0.0
0.0
0.0
0.0
0.0
13.0
0.0
0.0
0.0
0.0
0.0
0.0
0.0
0.0
0.0
0.0
0.0
0.0
0.0
0.0
0.0
0.0
0.0
0.0
0.0
0.0
0.0
0.0
0.0
0.0
0.0
0.0
20.0
0.0
0.0
0.0
0.0
0.0
0.0
0.0
0.0
0.0
0.0
23.0
0.0
0.0
10.0
0.0
0.0
0.0
0.0
0.0
0.0
0.0
0.0
0.0
0.0
0.0
0.0
0.0
0.0
0.0
60.0
0.0
0.0
0.0
0.0
0.0
130.0
20.0
0.0
0.0
0.0
0.0
0.0
0.0
0.0
0.0
0.0
74.0
0.0
0.0
22.0
0.0
0.0
22.0
0.0
0.0
24.0
18.0
0.0
0.0
0.0
0.0
0.0
0.0
0.0
0.0
0.0
0.0
0.0
0.0
0.0
0.0
0.0
0.0
0.0
0.0
0.0
0.0
0.0
0.0
0.0
0.0
0.0
66.0
0.0
0.0
0.0
0.0
0.0
0.0
30.0
0.0
86.0
0.0
0.0
0.0
0.0
0.0
22.0
0.0
0.0
0.0
40.0
22.0
0.0
6.0
140.0
74.0
0.0
22.0
0.0
0.0
0.0
0.0
8.0
0.0
0.0
312.0
0.0
0.0
22.0
0.0
0.0
122.0
0.0
0.0
0.0
132.0
0.0
0.0
92.0
0.0
0.0
0.0
0.0
0.0
0.0
242.0
70.0
0.0
0.0
0.0
0.0
10.0
0.0
206.0
134.0
0.0
22.0
0.0
12.0
0.0
0.0
0.0
0.0
0.0
0.0
0.0
0.0
0.0
0.0
0.0
0.0
40.0
0.0
0.0
0.0
12.0
0.0
0.0
0.0
0.0
0.0
0.0
0.0
0.0
0.0
0.0
0.0
170.0
0.0
0.0
0.0
0.0
0.0
0.0
0.0
0.0
0.0
0.0
0.0
0.0
0.0
0.0
0.0
0.0
0.0
0.0
16.0
68.0
52.0
0.0
0.0
0.0
0.0
22.0
14.0
0.0
0.0
0.0
0.0
0.0
0.0
0.0
0.0
0.0
0.0
0.0
0.0
0.0
0.0
12.0
0.0
0.0
0.0
0.0
0.0
10.0
0.0
0.0
0.0
10.0
0.0
10.0
0.0
0.0
0.0
160.0
0.0
0.0
0.0
0.0
0.0
0.0
0.0
0.0
0.0
0.0
0.0
0.0
0.0
0.0
0.0
56.0
0.0
0.0
0.0
0.0
0.0
0.0
0.0
20.0
0.0
0.0
0.0
0.0
0.0
0.0
0.0
0.0
0.0
0.0
0.0
0.0
0.0
0.0
0.0
0.0
0.0
70.0
0.0
0.0
0.0
0.0
0.0
0.0
0.0
0.0
32.0
0.0
60.0
0.0
0.0
0.0
30.0
0.0
0.0
0.0
10.0
0.0
0.0
10.0
0.0
10.0
0.0
0.0
0.0
0.0
0.0
0.0
0.0
20.0
0.0
20.0
0.0
0.0
0.0
0.0
0.0
0.0
0.0
0.0
0.0
0.0
10.0
0.0
0.0
0.0
0.0
0.0
0.0
0.0
10.0
0.0
0.0
0.0
10.0
0.0
0.0
0.0
0.0
0.0
0.0
0.0
0.0
0.0
0.0
0.0
0.0
0.0
0.0
0.0
0.0
0.0
0.0
10.0
NaN
0.0
20.0
0.0
0.0
10.0
0.0
0.0
0.0
10.0
0.0
0.0
0.0
0.0
80.0
0.0
0.0
0.0
0.0
0.0
30.0
0.0
0.0
0.0
0.0
0.0
0.0
0.0
0.0
0.0
0.0
0.0
0.0
0.0
0.0
20.0
0.0
0.0
0.0
0.0
0.0
0.0
NaN
0.0
0.0
0.0
0.0
0.0
0.0
0.0
0.0
0.0
148.0
0.0
0.0
0.0
0.0
0.0
0.0
0.0
0.0
0.0
48.0
NaN
0.0
0.0
0.0
0.0
0.0
NaN
0.0
0.0
0.0
0.0
0.0
0.0
0.0
0.0
0.0
20.0
48.0
0.0
0.0
48.0
10.0
0.0
12.0
0.0
0.0
0.0
42.0
0.0
0.0
0.0
0.0
72.0
0.0
24.0
0.0
0.0
48.0
0.0
0.0
0.0
0.0
0.0
0.0
0.0
0.0
10.0
0.0
30.0
0.0
0.0
0.0
0.0
152.0
148.0
0.0
0.0
0.0
0.0
0.0
0.0
10.0
44.0
282.0
152.0
40.0
92.0
80.0
0.0
0.0
0.0
58.0
0.0
0.0
40.0
0.0
90.0
0.0
0.0
0.0
38.0
0.0
6.0
0.0
0.0
0.0
0.0
0.0
14.0
14.0
0.0
0.0
0.0
0.0
0.0
252.0
0.0
44.0
0.0
0.0
0.0
0.0
0.0
0.0
12.0
4.0
0.0
76.0
18.0
12.0
0.0
0.0
10.0
62.0
78.0
44.0
14.0
36.0
0.0
0.0
82.0
0.0
18.0
72.0
14.0
0.0
0.0
0.0
70.0
0.0
0.0
0.0
0.0
0.0
0.0
0.0
0.0
0.0
0.0
18.0
0.0
0.0
0.0
0.0
0.0
0.0
0.0
0.0
0.0
0.0
0.0
0.0
100.0
0.0
0.0
0.0
34.0
104.0
8.0
0.0
0.0
0.0
0.0
0.0
0.0
0.0
0.0
0.0
0.0
0.0
50.0
0.0
0.0
0.0
0.0
0.0
0.0
0.0
0.0
0.0
0.0
0.0
0.0
0.0
0.0
0.0
0.0
0.0
0.0
0.0
0.0
0.0
0.0
0.0
0.0
0.0
0.0
0.0
0.0
0.0
0.0
0.0
46.0
80.0
40.0
0.0
0.0
0.0
0.0
0.0
0.0
0.0
0.0
0.0
0.0
0.0
0.0
0.0
0.0
0.0
0.0
0.0
0.0
0.0
0.0
0.0
0.0
0.0
0.0
0.0
0.0
0.0
20.0
0.0
0.0
0.0
0.0
50.0
0.0
0.0
0.0
10.0
0.0
0.0
0.0
0.0
0.0
0.0
0.0
0.0
0.0
0.0
0.0
0.0
0.0
0.0
0.0
0.0
0.0
0.0
0.0
0.0
0.0
0.0
0.0
0.0
0.0
0.0
60.0
10.0
0.0
0.0
0.0
40.0
0.0
0.0
0.0
0.0
0.0
20.0
0.0
0.0
0.0
0.0
0.0
0.0
0.0
NaN
0.0
0.0
0.0
0.0
0.0
NaN
NaN
0.0
0.0
0.0
0.0
0.0
0.0
0.0
0.0
NaN
NaN
NaN
40.0
0.0
20.0
40.0
0.0
0.0
20.0
0.0
0.0
0.0
0.0
0.0
0.0
0.0
0.0
0.0
0.0
0.0
0.0
0.0
0.0
10.0
20.0
0.0
0.0
0.0
0.0
0.0
0.0
132.0
0.0
0.0
0.0
0.0
0.0
0.0
0.0
12.0
0.0
0.0
80.0
0.0
0.0
0.0
0.0
20.0
0.0
0.0
0.0
0.0
0.0
0.0
0.0
0.0
84.0
136.0
10.0
0.0
0.0
0.0
0.0
18.0
0.0
0.0
0.0
0.0
0.0
0.0
0.0
0.0
0.0
0.0
0.0
0.0
0.0
0.0
0.0
0.0
0.0
25.0
52.0
0.0
0.0
0.0
0.0
0.0
0.0
0.0
0.0
0.0
0.0
0.0
38.0
0.0
0.0
0.0
0.0
0.0
0.0
0.0
0.0
10.0
0.0
0.0
60.0
0.0
0.0
0.0
0.0
24.0
34.0
30.0
90.0
0.0
42.0
420.0
60.0
0.0
0.0
0.0
0.0
372.0
0.0
0.0
52.0
0.0
0.0
0.0
0.0
0.0
0.0
0.0
120.0
0.0
0.0
0.0
0.0
12.0
170.0
14.0
0.0
0.0
0.0
0.0
0.0
248.0
0.0
0.0
0.0
10.0
0.0
0.0
0.0
52.0
48.0
14.0
112.0
36.0
0.0
0.0
0.0
328.0
0.0
34.0
14.0
0.0
0.0
12.0
122.0
164.0
0.0
0.0
0.0
0.0
0.0
0.0
14.0
0.0
0.0
0.0
0.0
0.0
0.0
0.0
0.0
0.0
0.0
0.0
0.0
0.0
0.0
12.0
0.0
0.0
0.0
0.0
NaN
0.0
0.0
0.0
0.0
0.0
0.0
0.0
0.0
0.0
0.0
0.0
0.0
0.0
0.0
0.0
0.0
114.0
NaN
NaN
0.0
0.0
0.0
0.0
0.0
0.0
0.0
0.0
50.0
0.0
0.0
0.0
0.0
0.0
0.0
NaN
0.0
60.0
NaN
0.0
0.0
0.0
0.0
0.0
20.0
40.0
20.0
0.0
0.0
0.0
0.0
0.0
0.0
0.0
0.0
0.0
0.0
50.0
0.0
0.0
NaN
0.0
0.0
0.0
0.0
0.0
0.0
0.0
0.0
0.0
0.0
0.0
0.0
NaN
0.0
0.0
0.0
0.0
0.0
0.0
0.0
0.0
0.0
0.0
0.0
0.0
0.0
0.0
40.0
10.0
20.0
0.0
0.0
0.0
0.0
0.0
0.0
0.0
0.0
0.0
0.0
0.0
50.0
NaN
0.0
0.0
0.0
0.0
0.0
0.0
0.0
0.0
0.0
0.0
0.0
0.0
0.0
0.0
0.0
0.0
0.0
0.0
0.0
20.0
0.0
0.0
0.0
0.0
0.0
0.0
0.0
0.0
0.0
0.0
30.0
0.0
0.0
0.0
0.0
0.0
0.0
0.0
0.0
20.0
20.0
0.0
0.0
0.0
0.0
0.0
0.0
0.0
0.0
0.0
0.0
0.0
0.0
0.0
0.0
0.0
0.0
0.0
0.0
0.0
0.0
0.0
0.0
0.0
0.0
0.0
0.0
0.0
0.0
0.0
0.0
0.0
0.0
80.0
0.0
22.0
110.0
0.0
0.0
0.0
0.0
0.0
0.0
0.0
0.0
0.0
0.0
10.0
66.0
0.0
20.0
0.0
0.0
0.0
0.0
0.0
0.0
0.0
0.0
0.0
0.0
0.0
0.0
42.0
20.0
0.0
0.0
0.0
0.0
0.0
134.0
392.0
94.0
0.0
16.0
78.0
20.0
12.0
130.0
0.0
0.0
0.0
0.0
0.0
0.0
0.0
10.0
140.0
0.0
0.0
0.0
0.0
138.0
170.0
22.0
0.0
0.0
0.0
0.0
0.0
0.0
0.0
36.0
0.0
0.0
232.0
72.0
0.0
30.0
20.0
20.0
0.0
0.0
0.0
0.0
0.0
0.0
0.0
0.0
0.0
0.0
58.0
0.0
0.0
0.0
14.0
0.0
0.0
240.0
70.0
12.0
0.0
0.0
0.0
0.0
0.0
12.0
44.0
0.0
0.0
0.0
0.0
0.0
0.0
0.0
0.0
0.0
0.0
0.0
0.0
30.0
0.0
0.0
20.0
42.0
18.0
0.0
10.0
0.0
0.0
0.0
0.0
0.0
0.0
0.0
0.0
172.0
60.0
0.0
0.0
0.0
38.0
0.0
0.0
0.0
0.0
0.0
0.0
0.0
38.0
0.0
0.0
0.0
0.0
0.0
132.0
0.0
0.0
0.0
22.0
0.0
0.0
0.0
0.0
0.0
0.0
0.0
0.0
140.0
NaN
10.0
NaN
NaN
NaN
0.0
0.0
0.0
0.0
0.0
0.0
0.0
0.0
0.0
0.0
0.0
0.0
0.0
0.0
0.0
0.0
0.0
0.0
0.0
NaN
260.0
NaN
0.0
0.0
0.0
0.0
0.0
40.0
0.0
NaN
0.0
10.0
0.0
0.0
30.0
0.0
20.0
NaN
0.0
0.0
0.0
0.0
0.0
0.0
0.0
0.0
0.0
80.0
10.0
10.0
0.0
0.0
0.0
0.0
0.0
0.0
0.0
0.0
0.0
0.0
0.0
0.0
0.0
20.0
40.0
80.0
0.0
0.0
0.0
0.0
0.0
0.0
0.0
0.0
0.0
0.0
0.0
0.0
0.0
0.0
30.0
0.0
0.0
40.0
0.0
0.0
0.0
0.0
0.0
0.0
20.0
0.0
20.0
0.0
0.0
0.0
0.0
0.0
0.0
0.0
0.0
0.0
0.0
10.0
0.0
0.0
0.0
0.0
10.0
0.0
0.0
NaN
70.0
10.0
0.0
0.0
0.0
0.0
0.0
0.0
0.0
0.0
0.0
0.0
30.0
0.0
0.0
0.0
0.0
0.0
0.0
0.0
0.0
0.0
0.0
40.0
0.0
0.0
0.0
30.0
0.0
0.0
0.0
10.0
0.0
0.0
0.0
0.0
10.0
0.0
0.0
10.0
0.0
0.0
0.0
0.0
0.0
0.0
0.0
0.0
10.0
0.0
0.0
0.0
0.0
20.0
10.0
0.0
0.0
0.0
0.0
0.0
0.0
0.0
0.0
0.0
0.0
40.0
0.0
0.0
0.0
50.0
0.0
0.0
0.0
0.0
0.0
0.0
0.0
50.0
0.0
80.0
0.0
0.0
0.0
0.0
0.0
20.0
0.0
0.0
0.0
0.0
20.0
0.0
0.0
370.0
142.0
20.0
0.0
0.0
76.0
0.0
46.0
0.0
10.0
0.0
0.0
