1.7
1.1
3.3
6.7
0.6
2.2
4.4
5.6
-0.6
-2.2
7.2
2.8
1.7
3.3
10.6
5.0
3.3
13.9
11.1
7.2
1.7
5.6
1.1
1.7
11.1
-0.6
1.7
10.0
1.7
9.5
11.7
16.1
10.0
5.6
9.5
12.2
2.2
1.7
11.7
13.9
14.5
15.6
5.0
14.5
5.0
6.1
5.6
5.0
7.2
6.7
9.5
5.0
5.6
10.6
9.5
13.9
11.1
12.2
7.2
14.5
NaN
17.8
18.3
18.3
15.6
15.0
18.9
16.1
16.1
7.8
15.6
16.7
16.1
11.7
19.5
20.6
17.8
8.9
12.8
15.0
6.1
12.8
12.8
15.0
11.7
15.0
14.5
11.7
18.9
14.5
14.5
17.2
0.0
0.0
-3.3
5.0
8.3
2.8
-3.3
-2.2
4.4
0.6
-0.6
-2.2
1.1
9.5
11.1
5.6
6.1
10.0
1.1
2.8
-1.1
-3.3
-3.9
-2.2
-3.9
-3.3
-7.2
-6.1
-13.3
-18.3
-13.9
-4.4
-3.3
2.2
-6.1
-13.3
-11.7
-12.8
-15.0
-16.1
-18.3
-11.1
-12.2
-15.6
-15.0
-13.3
-5.6
-12.2
-12.2
-21.7
-16.7
-24.5
0.0
-10.6
-16.1
-17.2
-11.7
-10.0
-6.7
-10.0
-15.0
-16.7
-26.7
-16.7
-8.9
-18.3
-13.3
-18.3
-14.5
-8.9
-3.3
-18.3
-6.7
-6.7
0.6
-5.0
-10.6
-7.8
1.7
-1.7
-4.4
-6.1
-3.9
1.7
1.1
2.8
-2.2
0.0
-1.1
-2.8
-3.3
1.7
0.6
0.6
-0.6
0.0
-2.8
-3.3
-10.6
-9.5
-4.4
-0.6
0.6
0.6
-10.0
-12.8
-8.3
-1.1
-3.9
-0.6
1.7
1.7
1.1
-2.2
-2.2
0.6
5.0
0.0
-2.2
-7.2
