0.0
0.0
0.0
0.0
0.0
0.0
0.0
0.0
0.0
0.0
0.0
0.0
0.0
0.0
0.0
0.0
0.0
0.0
0.0
0.0
0.0
0.0
0.0
0.0
0.0
0.0
0.0
0.0
0.0
0.0
0.0
0.0
0.0
0.0
0.0
0.0
0.0
0.0
0.0
25.0
0.0
0.0
0.0
0.0
0.0
0.0
25.0
178.0
0.0
25.0
0.0
0.0
0.0
0.0
0.0
0.0
0.0
0.0
0.0
0.0
0.0
0.0
3.0
0.0
0.0
0.0
0.0
0.0
28.0
0.0
0.0
56.0
0.0
0.0
0.0
3.0
0.0
0.0
0.0
0.0
0.0
0.0
0.0
0.0
0.0
0.0
0.0
30.0
18.0
0.0
18.0
43.0
0.0
0.0
0.0
30.0
8.0
0.0
0.0
23.0
0.0
0.0
0.0
8.0
0.0
0.0
8.0
43.0
112.0
191.0
0.0
0.0
0.0
0.0
0.0
0.0
0.0
0.0
48.0
0.0
0.0
18.0
0.0
0.0
0.0
0.0
0.0
0.0
5.0
0.0
5.0
0.0
71.0
3.0
152.0
109.0
0.0
36.0
13.0
5.0
56.0
51.0
28.0
0.0
3.0
549.0
165.0
51.0
8.0
0.0
53.0
25.0
5.0
25.0
0.0
0.0
23.0
0.0
0.0
23.0
0.0
46.0
71.0
0.0
30.0
0.0
0.0
0.0
0.0
0.0
13.0
15.0
0.0
0.0
20.0
0.0
53.0
0.0
0.0
0.0
10.0
0.0
0.0
8.0
0.0
0.0
36.0
3.0
0.0
0.0
0.0
0.0
0.0
5.0
5.0
0.0
0.0
8.0
5.0
0.0
0.0
8.0
61.0
33.0
0.0
0.0
13.0
0.0
0.0
0.0
0.0
0.0
0.0
0.0
5.0
0.0
0.0
0.0
0.0
0.0
0.0
0.0
160.0
36.0
10.0
5.0
0.0
0.0
10.0
46.0
74.0
8.0
0.0
0.0
0.0
0.0
0.0
0.0
8.0
5.0
0.0
0.0
23.0
0.0
0.0
61.0
5.0
0.0
0.0
0.0
0.0
0.0
0.0
0.0
0.0
0.0
0.0
0.0
0.0
0.0
0.0
0.0
0.0
8.0
0.0
0.0
0.0
0.0
0.0
0.0
0.0
0.0
0.0
0.0
5.0
0.0
0.0
0.0
13.0
0.0
89.0
0.0
0.0
0.0
0.0
0.0
0.0
0.0
8.0
8.0
13.0
13.0
0.0
0.0
8.0
8.0
0.0
38.0
20.0
25.0
46.0
28.0
13.0
0.0
0.0
0.0
0.0
25.0
0.0
13.0
0.0
8.0
0.0
10.0
0.0
0.0
0.0
0.0
8.0
0.0
0.0
0.0
0.0
0.0
0.0
0.0
58.0
0.0
8.0
0.0
0.0
0.0
0.0
0.0
0.0
0.0
0.0
13.0
NaN
0.0
0.0
0.0
0.0
0.0
0.0
0.0
0.0
0.0
0.0
0.0
NaN
NaN
NaN
0.0
NaN
0.0
NaN
0.0
NaN
NaN
0.0
0.0
0.0
0.0
13.0
51.0
0.0
0.0
0.0
0.0
58.0
13.0
8.0
0.0
8.0
13.0
0.0
NaN
NaN
NaN
NaN
NaN
NaN
NaN
NaN
NaN
NaN
NaN
NaN
NaN
NaN
NaN
NaN
0.0
203.0
25.0
3.0
10.0
10.0
0.0
0.0
0.0
0.0
0.0
0.0
0.0
0.0
0.0
0.0
8.0
0.0
0.0
0.0
0.0
0.0
13.0
0.0
20.0
5.0
0.0
0.0
361.0
61.0
94.0
0.0
0.0
13.0
15.0
8.0
33.0
41.0
0.0
0.0
38.0
0.0
0.0
0.0
0.0
0.0
23.0
0.0
13.0
0.0
0.0
0.0
0.0
0.0
0.0
0.0
0.0
0.0
0.0
0.0
5.0
86.0
66.0
0.0
0.0
69.0
0.0
0.0
0.0
0.0
0.0
3.0
0.0
109.0
18.0
3.0
0.0
0.0
51.0
53.0
61.0
8.0
0.0
0.0
84.0
53.0
13.0
0.0
43.0
0.0
0.0
41.0
48.0
25.0
5.0
0.0
3.0
8.0
0.0
0.0
0.0
0.0
0.0
0.0
53.0
0.0
0.0
8.0
15.0
25.0
0.0
0.0
0.0
0.0
0.0
0.0
10.0
0.0
0.0
0.0
0.0
5.0
0.0
0.0
0.0
0.0
0.0
0.0
0.0
64.0
3.0
0.0
0.0
0.0
0.0
0.0
0.0
51.0
0.0
0.0
0.0
0.0
0.0
38.0
0.0
0.0
0.0
0.0
8.0
3.0
0.0
152.0
51.0
3.0
0.0
3.0
0.0
0.0
38.0
0.0
0.0
0.0
0.0
0.0
0.0
0.0
0.0
0.0
0.0
0.0
0.0
0.0
0.0
0.0
0.0
0.0
NaN
NaN
NaN
NaN
NaN
NaN
NaN
0.0
0.0
0.0
0.0
0.0
8.0
5.0
0.0
3.0
10.0
0.0
10.0
99.0
0.0
5.0
58.0
10.0
10.0
5.0
0.0
3.0
3.0
0.0
0.0
13.0
0.0
0.0
43.0
56.0
0.0
0.0
5.0
0.0
0.0
0.0
0.0
23.0
0.0
0.0
0.0
36.0
0.0
0.0
0.0
0.0
0.0
0.0
0.0
0.0
0.0
38.0
0.0
0.0
0.0
20.0
0.0
8.0
0.0
0.0
0.0
0.0
5.0
0.0
0.0
0.0
0.0
0.0
0.0
0.0
0.0
0.0
0.0
0.0
0.0
58.0
81.0
0.0
36.0
8.0
0.0
8.0
79.0
43.0
0.0
0.0
5.0
0.0
0.0
15.0
0.0
0.0
0.0
0.0
0.0
38.0
0.0
0.0
0.0
0.0
0.0
0.0
0.0
5.0
36.0
5.0
0.0
8.0
0.0
0.0
0.0
0.0
0.0
0.0
0.0
0.0
0.0
0.0
0.0
0.0
0.0
0.0
0.0
0.0
0.0
0.0
0.0
0.0
0.0
0.0
5.0
10.0
0.0
257.0
0.0
0.0
0.0
0.0
0.0
0.0
0.0
25.0
0.0
0.0
0.0
0.0
0.0
0.0
0.0
0.0
0.0
0.0
66.0
61.0
0.0
112.0
0.0
0.0
0.0
0.0
0.0
0.0
8.0
81.0
0.0
33.0
10.0
0.0
0.0
0.0
0.0
3.0
5.0
8.0
0.0
0.0
0.0
0.0
5.0
0.0
0.0
10.0
0.0
0.0
0.0
33.0
3.0
0.0
0.0
0.0
38.0
0.0
0.0
0.0
0.0
3.0
0.0
0.0
0.0
0.0
0.0
0.0
0.0
0.0
0.0
0.0
0.0
0.0
0.0
0.0
0.0
13.0
0.0
3.0
0.0
0.0
0.0
0.0
28.0
18.0
5.0
0.0
76.0
0.0
0.0
0.0
3.0
0.0
0.0
0.0
0.0
0.0
10.0
5.0
30.0
5.0
0.0
33.0
38.0
0.0
0.0
28.0
0.0
0.0
0.0
0.0
0.0
5.0
0.0
0.0
0.0
0.0
41.0
25.0
119.0
0.0
0.0
0.0
0.0
0.0
48.0
15.0
3.0
36.0
3.0
15.0
0.0
0.0
0.0
20.0
0.0
10.0
0.0
0.0
0.0
0.0
0.0
NaN
NaN
NaN
NaN
NaN
0.0
0.0
8.0
0.0
18.0
0.0
185.0
0.0
0.0
0.0
0.0
0.0
8.0
0.0
0.0
0.0
86.0
0.0
0.0
0.0
0.0
0.0
38.0
8.0
30.0
0.0
20.0
10.0
0.0
0.0
0.0
64.0
0.0
20.0
5.0
0.0
0.0
5.0
0.0
0.0
5.0
5.0
0.0
0.0
0.0
0.0
10.0
0.0
0.0
0.0
13.0
124.0
0.0
0.0
28.0
25.0
0.0
0.0
0.0
0.0
122.0
0.0
5.0
0.0
0.0
0.0
102.0
15.0
0.0
0.0
0.0
0.0
15.0
0.0
43.0
0.0
0.0
0.0
0.0
0.0
0.0
0.0
3.0
3.0
0.0
0.0
0.0
0.0
53.0
0.0
0.0
0.0
0.0
310.0
109.0
0.0
0.0
0.0
0.0
279.0
0.0
0.0
5.0
437.0
0.0
0.0
0.0
0.0
0.0
0.0
147.0
5.0
0.0
0.0
0.0
0.0
0.0
0.0
0.0
0.0
0.0
0.0
53.0
5.0
0.0
0.0
0.0
0.0
0.0
0.0
0.0
0.0
0.0
33.0
5.0
5.0
0.0
0.0
13.0
0.0
66.0
0.0
25.0
0.0
0.0
0.0
0.0
0.0
0.0
0.0
0.0
0.0
0.0
0.0
0.0
0.0
0.0
0.0
5.0
130.0
20.0
5.0
3.0
0.0
3.0
0.0
0.0
0.0
25.0
363.0
122.0
0.0
0.0
5.0
0.0
0.0
38.0
13.0
0.0
0.0
0.0
0.0
0.0
0.0
20.0
114.0
13.0
0.0
25.0
61.0
41.0
69.0
10.0
0.0
173.0
3.0
28.0
0.0
0.0
13.0
41.0
0.0
3.0
13.0
112.0
10.0
20.0
0.0
0.0
0.0
0.0
0.0
0.0
0.0
0.0
0.0
0.0
30.0
157.0
10.0
0.0
0.0
0.0
127.0
8.0
43.0
0.0
0.0
0.0
30.0
246.0
0.0
0.0
15.0
3.0
56.0
15.0
5.0
15.0
56.0
0.0
0.0
71.0
0.0
5.0
157.0
109.0
74.0
0.0
64.0
0.0
76.0
8.0
10.0
0.0
23.0
8.0
0.0
28.0
361.0
155.0
0.0
13.0
5.0
0.0
150.0
58.0
0.0
0.0
0.0
323.0
38.0
48.0
104.0
0.0
13.0
0.0
10.0
5.0
0.0
0.0
0.0
30.0
3.0
0.0
5.0
15.0
28.0
13.0
97.0
0.0
0.0
0.0
3.0
0.0
0.0
13.0
5.0
0.0
0.0
0.0
38.0
0.0
81.0
0.0
0.0
0.0
0.0
0.0
0.0
0.0
46.0
0.0
0.0
0.0
0.0
0.0
0.0
0.0
0.0
0.0
0.0
0.0
0.0
0.0
0.0
0.0
66.0
0.0
10.0
0.0
0.0
56.0
0.0
127.0
76.0
0.0
33.0
0.0
46.0
0.0
0.0
0.0
36.0
0.0
0.0
0.0
0.0
0.0
0.0
0.0
0.0
0.0
0.0
0.0
0.0
3.0
0.0
0.0
0.0
0.0
0.0
18.0
0.0
0.0
0.0
0.0
23.0
36.0
36.0
0.0
0.0
0.0
0.0
0.0
0.0
0.0
0.0
0.0
0.0
406.0
18.0
0.0
0.0
0.0
0.0
0.0
0.0
10.0
160.0
0.0
5.0
0.0
61.0
18.0
0.0
0.0
0.0
0.0
10.0
0.0
0.0
0.0
147.0
0.0
0.0
0.0
0.0
5.0
0.0
0.0
0.0
0.0
0.0
0.0
0.0
254.0
0.0
0.0
132.0
0.0
0.0
5.0
8.0
0.0
0.0
8.0
10.0
33.0
0.0
0.0
15.0
13.0
0.0
0.0
0.0
0.0
0.0
0.0
61.0
0.0
0.0
196.0
0.0
5.0
0.0
81.0
3.0
0.0
20.0
20.0
13.0
0.0
0.0
0.0
0.0
0.0
0.0
0.0
0.0
0.0
0.0
13.0
0.0
0.0
0.0
5.0
0.0
0.0
0.0
8.0
0.0
43.0
0.0
142.0
152.0
18.0
0.0
0.0
0.0
0.0
0.0
58.0
0.0
3.0
0.0
0.0
0.0
0.0
0.0
0.0
0.0
0.0
0.0
0.0
46.0
46.0
3.0
0.0
0.0
0.0
13.0
0.0
0.0
0.0
0.0
0.0
8.0
0.0
0.0
0.0
0.0
0.0
18.0
0.0
160.0
0.0
0.0
0.0
0.0
0.0
0.0
0.0
0.0
0.0
0.0
0.0
0.0
0.0
0.0
0.0
84.0
5.0
109.0
0.0
0.0
0.0
0.0
0.0
0.0
0.0
0.0
0.0
76.0
0.0
0.0
0.0
8.0
0.0
41.0
51.0
0.0
0.0
0.0
0.0
0.0
0.0
0.0
185.0
46.0
0.0
10.0
18.0
0.0
0.0
0.0
0.0
0.0
0.0
0.0
0.0
0.0
56.0
8.0
0.0
0.0
0.0
0.0
3.0
0.0
5.0
46.0
0.0
0.0
0.0
46.0
0.0
0.0
0.0
28.0
3.0
0.0
0.0
0.0
0.0
0.0
0.0
0.0
5.0
0.0
0.0
5.0
89.0
0.0
0.0
0.0
0.0
135.0
8.0
114.0
3.0
15.0
0.0
0.0
0.0
0.0
43.0
0.0
0.0
10.0
0.0
325.0
0.0
56.0
0.0
0.0
0.0
356.0
5.0
25.0
0.0
0.0
0.0
8.0
0.0
0.0
201.0
5.0
0.0
33.0
3.0
3.0
5.0
0.0
0.0
114.0
56.0
0.0
38.0
0.0
0.0
0.0
0.0
0.0
0.0
0.0
0.0
0.0
0.0
0.0
0.0
0.0
0.0
0.0
0.0
0.0
0.0
0.0
0.0
0.0
127.0
64.0
0.0
0.0
3.0
0.0
0.0
0.0
0.0
20.0
25.0
0.0
0.0
0.0
0.0
0.0
0.0
0.0
0.0
0.0
8.0
0.0
0.0
0.0
0.0
0.0
0.0
0.0
0.0
5.0
0.0
0.0
41.0
0.0
0.0
20.0
15.0
66.0
25.0
343.0
5.0
38.0
0.0
20.0
0.0
0.0
23.0
5.0
0.0
0.0
0.0
0.0
10.0
0.0
13.0
0.0
0.0
0.0
0.0
0.0
0.0
145.0
30.0
0.0
0.0
5.0
8.0
0.0
0.0
0.0
0.0
0.0
0.0
0.0
0.0
0.0
0.0
0.0
0.0
0.0
0.0
0.0
0.0
0.0
0.0
0.0
3.0
597.0
0.0
8.0
0.0
5.0
0.0
157.0
5.0
8.0
0.0
0.0
38.0
3.0
36.0
150.0
0.0
3.0
0.0
0.0
3.0
5.0
18.0
3.0
64.0
13.0
0.0
5.0
102.0
18.0
15.0
48.0
61.0
0.0
0.0
0.0
94.0
0.0
0.0
5.0
0.0
46.0
30.0
338.0
0.0
0.0
0.0
0.0
0.0
0.0
0.0
0.0
0.0
5.0
3.0
0.0
0.0
0.0
0.0
0.0
284.0
178.0
46.0
5.0
0.0
0.0
0.0
0.0
0.0
0.0
0.0
0.0
61.0
28.0
135.0
0.0
0.0
0.0
122.0
46.0
36.0
0.0
84.0
0.0
0.0
0.0
0.0
30.0
185.0
18.0
0.0
0.0
41.0
3.0
0.0
23.0
0.0
13.0
13.0
86.0
38.0
5.0
0.0
0.0
0.0
0.0
0.0
0.0
91.0
8.0
0.0
0.0
142.0
56.0
5.0
23.0
239.0
43.0
0.0
0.0
13.0
51.0
81.0
15.0
8.0
0.0
0.0
0.0
0.0
0.0
0.0
0.0
0.0
0.0
0.0
0.0
0.0
0.0
0.0
0.0
94.0
0.0
0.0
0.0
475.0
0.0
0.0
0.0
66.0
5.0
13.0
0.0
0.0
0.0
132.0
0.0
0.0
0.0
0.0
0.0
0.0
323.0
18.0
33.0
0.0
0.0
0.0
0.0
0.0
0.0
0.0
0.0
0.0
0.0
0.0
0.0
18.0
0.0
0.0
8.0
69.0
0.0
0.0
0.0
0.0
0.0
0.0
0.0
0.0
0.0
0.0
0.0
0.0
0.0
0.0
0.0
0.0
0.0
0.0
0.0
0.0
0.0
0.0
NaN
NaN
0.0
0.0
0.0
41.0
41.0
0.0
0.0
0.0
0.0
23.0
38.0
0.0
38.0
0.0
0.0
0.0
0.0
0.0
0.0
0.0
0.0
0.0
0.0
0.0
0.0
0.0
0.0
0.0
0.0
0.0
0.0
0.0
0.0
0.0
0.0
0.0
0.0
0.0
15.0
10.0
0.0
0.0
0.0
0.0
170.0
0.0
0.0
0.0
0.0
0.0
0.0
0.0
0.0
0.0
0.0
0.0
0.0
0.0
0.0
30.0
5.0
8.0
0.0
0.0
0.0
0.0
0.0
28.0
48.0
0.0
13.0
5.0
0.0
114.0
5.0
41.0
0.0
5.0
0.0
0.0
0.0
0.0
0.0
8.0
28.0
20.0
0.0
0.0
0.0
0.0
168.0
0.0
10.0
0.0
0.0
0.0
0.0
0.0
0.0
0.0
0.0
0.0
0.0
0.0
0.0
0.0
69.0
0.0
0.0
76.0
23.0
5.0
43.0
0.0
33.0
10.0
0.0
0.0
0.0
0.0
0.0
53.0
0.0
0.0
94.0
3.0
10.0
20.0
0.0
0.0
23.0
0.0
0.0
13.0
0.0
5.0
36.0
0.0
0.0
18.0
0.0
0.0
0.0
43.0
0.0
0.0
0.0
0.0
0.0
0.0
0.0
0.0
0.0
8.0
0.0
0.0
10.0
0.0
0.0
0.0
0.0
0.0
0.0
0.0
13.0
0.0
0.0
3.0
0.0
0.0
3.0
69.0
43.0
41.0
25.0
0.0
0.0
0.0
0.0
0.0
0.0
0.0
0.0
28.0
0.0
0.0
0.0
0.0
0.0
0.0
76.0
0.0
15.0
15.0
0.0
36.0
61.0
0.0
0.0
64.0
0.0
0.0
0.0
0.0
10.0
0.0
0.0
0.0
117.0
18.0
8.0
0.0
25.0
0.0
18.0
0.0
0.0
0.0
0.0
0.0
0.0
0.0
0.0
0.0
0.0
0.0
0.0
0.0
NaN
NaN
NaN
NaN
NaN
0.0
0.0
33.0
30.0
0.0
0.0
0.0
0.0
0.0
0.0
0.0
0.0
0.0
0.0
0.0
0.0
0.0
0.0
0.0
8.0
33.0
0.0
0.0
0.0
5.0
43.0
36.0
0.0
0.0
33.0
0.0
97.0
69.0
0.0
0.0
8.0
86.0
8.0
41.0
0.0
0.0
8.0
23.0
5.0
43.0
69.0
163.0
28.0
3.0
76.0
0.0
15.0
8.0
23.0
338.0
15.0
30.0
0.0
0.0
0.0
0.0
0.0
0.0
0.0
0.0
193.0
236.0
10.0
0.0
218.0
3.0
58.0
0.0
20.0
0.0
23.0
0.0
0.0
0.0
76.0
13.0
0.0
36.0
132.0
20.0
0.0
0.0
5.0
0.0
0.0
0.0
3.0
0.0
0.0
0.0
64.0
10.0
0.0
0.0
0.0
0.0
69.0
0.0
0.0
0.0
0.0
3.0
0.0
3.0
46.0
51.0
145.0
13.0
23.0
0.0
3.0
0.0
0.0
15.0
18.0
0.0
0.0
5.0
0.0
0.0
0.0
0.0
36.0
0.0
0.0
91.0
127.0
3.0
163.0
10.0
0.0
0.0
0.0
0.0
0.0
0.0
0.0
0.0
0.0
0.0
0.0
0.0
38.0
5.0
0.0
20.0
0.0
8.0
0.0
0.0
0.0
0.0
0.0
0.0
0.0
0.0
0.0
0.0
0.0
0.0
0.0
0.0
0.0
0.0
0.0
38.0
0.0
0.0
0.0
0.0
0.0
0.0
0.0
0.0
0.0
0.0
0.0
0.0
0.0
0.0
0.0
0.0
0.0
0.0
0.0
0.0
0.0
0.0
0.0
0.0
0.0
0.0
0.0
33.0
0.0
0.0
0.0
13.0
3.0
0.0
0.0
0.0
0.0
0.0
0.0
0.0
0.0
0.0
0.0
0.0
0.0
0.0
0.0
0.0
0.0
0.0
0.0
0.0
0.0
0.0
3.0
0.0
0.0
0.0
0.0
46.0
33.0
5.0
0.0
0.0
8.0
201.0
0.0
0.0
5.0
0.0
0.0
0.0
102.0
0.0
0.0
0.0
0.0
0.0
0.0
0.0
3.0
0.0
251.0
38.0
5.0
5.0
3.0
3.0
0.0
5.0
10.0
56.0
53.0
5.0
0.0
0.0
0.0
58.0
5.0
23.0
0.0
5.0
84.0
36.0
25.0
0.0
10.0
0.0
229.0
20.0
8.0
0.0
13.0
0.0
0.0
0.0
0.0
0.0
196.0
163.0
0.0
0.0
51.0
3.0
0.0
0.0
0.0
0.0
0.0
48.0
74.0
89.0
434.0
30.0
20.0
15.0
41.0
33.0
264.0
36.0
5.0
0.0
0.0
0.0
0.0
0.0
0.0
10.0
23.0
0.0
0.0
15.0
10.0
0.0
0.0
0.0
0.0
18.0
0.0
36.0
244.0
13.0
13.0
3.0
0.0
0.0
0.0
0.0
0.0
0.0
0.0
0.0
0.0
114.0
36.0
15.0
46.0
3.0
84.0
5.0
0.0
28.0
36.0
0.0
130.0
51.0
363.0
94.0
0.0
0.0
0.0
0.0
25.0
0.0
0.0
267.0
0.0
0.0
0.0
0.0
25.0
112.0
15.0
0.0
0.0
89.0
132.0
0.0
267.0
0.0
76.0
89.0
99.0
38.0
0.0
0.0
127.0
0.0
127.0
36.0
0.0
203.0
0.0
0.0
0.0
0.0
0.0
0.0
0.0
0.0
0.0
0.0
0.0
0.0
13.0
0.0
23.0
76.0
76.0
0.0
0.0
0.0
0.0
0.0
10.0
20.0
8.0
0.0
0.0
165.0
86.0
38.0
0.0
51.0
0.0
64.0
0.0
0.0
0.0
0.0
102.0
0.0
0.0
64.0
0.0
0.0
0.0
0.0
0.0
0.0
0.0
0.0
0.0
0.0
0.0
0.0
0.0
0.0
0.0
0.0
0.0
0.0
20.0
0.0
0.0
0.0
0.0
0.0
0.0
0.0
38.0
0.0
0.0
0.0
0.0
13.0
0.0
0.0
0.0
0.0
0.0
0.0
0.0
0.0
0.0
0.0
0.0
0.0
0.0
0.0
0.0
0.0
0.0
0.0
0.0
0.0
0.0
0.0
13.0
0.0
0.0
0.0
0.0
0.0
0.0
13.0
0.0
102.0
305.0
0.0
0.0
0.0
0.0
0.0
0.0
8.0
0.0
0.0
0.0
0.0
0.0
0.0
0.0
0.0
0.0
0.0
0.0
25.0
76.0
0.0
0.0
25.0
0.0
0.0
0.0
0.0
0.0
0.0
0.0
0.0
8.0
0.0
0.0
0.0
0.0
5.0
0.0
0.0
0.0
5.0
13.0
0.0
0.0
13.0
0.0
0.0
0.0
0.0
0.0
0.0
0.0
0.0
0.0
0.0
0.0
0.0
0.0
0.0
13.0
0.0
0.0
0.0
15.0
0.0
0.0
0.0
0.0
0.0
0.0
0.0
0.0
0.0
0.0
0.0
25.0
0.0
0.0
84.0
10.0
18.0
0.0
15.0
0.0
127.0
84.0
5.0
0.0
5.0
0.0
0.0
0.0
0.0
0.0
33.0
25.0
107.0
0.0
0.0
0.0
0.0
5.0
0.0
0.0
0.0
0.0
0.0
46.0
30.0
5.0
0.0
8.0
3.0
160.0
41.0
135.0
0.0
23.0
0.0
48.0
5.0
66.0
28.0
0.0
0.0
0.0
3.0
0.0
0.0
74.0
53.0
0.0
15.0
0.0
0.0
0.0
41.0
0.0
0.0
0.0
8.0
3.0
0.0
0.0
0.0
15.0
61.0
0.0
0.0
0.0
3.0
74.0
3.0
0.0
0.0
0.0
13.0
0.0
0.0
0.0
0.0
0.0
3.0
15.0
20.0
0.0
0.0
0.0
0.0
0.0
0.0
0.0
0.0
5.0
25.0
3.0
0.0
3.0
0.0
0.0
0.0
0.0
0.0
0.0
0.0
0.0
0.0
0.0
0.0
0.0
0.0
0.0
0.0
0.0
8.0
10.0
0.0
0.0
15.0
0.0
0.0
0.0
10.0
0.0
0.0
0.0
0.0
0.0
0.0
0.0
0.0
0.0
0.0
0.0
0.0
0.0
0.0
0.0
0.0
0.0
0.0
0.0
0.0
0.0
0.0
0.0
0.0
0.0
0.0
0.0
8.0
5.0
0.0
0.0
0.0
0.0
8.0
0.0
0.0
51.0
0.0
76.0
38.0
25.0
0.0
0.0
0.0
0.0
64.0
0.0
0.0
0.0
5.0
8.0
13.0
0.0
0.0
0.0
0.0
0.0
5.0
8.0
89.0
0.0
0.0
0.0
0.0
0.0
0.0
64.0
0.0
51.0
0.0
0.0
0.0
0.0
38.0
114.0
38.0
0.0
25.0
0.0
5.0
25.0
0.0
0.0
25.0
13.0
25.0
0.0
0.0
38.0
0.0
0.0
0.0
0.0
0.0
0.0
0.0
0.0
0.0
0.0
5.0
0.0
0.0
0.0
0.0
13.0
0.0
0.0
0.0
30.0
13.0
0.0
0.0
0.0
13.0
NaN
NaN
0.0
0.0
5.0
0.0
0.0
0.0
0.0
0.0
13.0
25.0
13.0
38.0
38.0
0.0
0.0
0.0
0.0
0.0
0.0
0.0
8.0
0.0
0.0
0.0
0.0
0.0
0.0
0.0
0.0
0.0
0.0
0.0
0.0
0.0
0.0
0.0
13.0
0.0
0.0
0.0
38.0
0.0
0.0
0.0
0.0
25.0
13.0
0.0
0.0
0.0
0.0
0.0
0.0
0.0
13.0
0.0
13.0
0.0
0.0
0.0
0.0
0.0
0.0
0.0
0.0
0.0
0.0
5.0
0.0
0.0
38.0
0.0
0.0
0.0
13.0
76.0
0.0
0.0
0.0
0.0
0.0
0.0
0.0
0.0
0.0
0.0
0.0
0.0
0.0
38.0
0.0
0.0
0.0
0.0
0.0
0.0
0.0
0.0
0.0
0.0
0.0
0.0
0.0
0.0
0.0
0.0
0.0
0.0
0.0
0.0
0.0
0.0
0.0
208.0
0.0
8.0
0.0
0.0
0.0
0.0
0.0
0.0
0.0
51.0
0.0
13.0
0.0
0.0
0.0
89.0
178.0
0.0
0.0
0.0
0.0
0.0
3.0
130.0
3.0
0.0
0.0
0.0
0.0
0.0
0.0
0.0
0.0
0.0
0.0
8.0
18.0
0.0
0.0
0.0
20.0
0.0
64.0
0.0
20.0
13.0
15.0
0.0
0.0
3.0
0.0
0.0
0.0
0.0
0.0
0.0
112.0
76.0
0.0
3.0
10.0
0.0
0.0
10.0
0.0
8.0
20.0
135.0
8.0
23.0
0.0
64.0
8.0
0.0
13.0
0.0
0.0
0.0
0.0
0.0
0.0
0.0
10.0
0.0
0.0
0.0
0.0
0.0
3.0
0.0
0.0
3.0
0.0
0.0
0.0
0.0
0.0
0.0
0.0
0.0
0.0
0.0
0.0
0.0
0.0
0.0
0.0
13.0
13.0
5.0
81.0
0.0
0.0
0.0
0.0
0.0
0.0
0.0
0.0
0.0
0.0
0.0
127.0
0.0
0.0
0.0
0.0
0.0
20.0
0.0
0.0
178.0
0.0
30.0
3.0
0.0
0.0
0.0
0.0
0.0
0.0
0.0
0.0
0.0
0.0
0.0
13.0
0.0
0.0
0.0
0.0
0.0
0.0
38.0
0.0
0.0
0.0
0.0
0.0
25.0
51.0
25.0
0.0
0.0
0.0
0.0
20.0
0.0
13.0
0.0
0.0
0.0
0.0
0.0
13.0
0.0
0.0
0.0
25.0
38.0
0.0
89.0
25.0
25.0
13.0
0.0
0.0
0.0
0.0
8.0
0.0
0.0
0.0
0.0
0.0
0.0
38.0
33.0
0.0
38.0
0.0
0.0
0.0
0.0
0.0
51.0
165.0
25.0
0.0
0.0
0.0
13.0
8.0
0.0
0.0
0.0
0.0
33.0
0.0
0.0
0.0
0.0
0.0
0.0
8.0
0.0
0.0
0.0
38.0
64.0
25.0
0.0
0.0
0.0
0.0
0.0
0.0
0.0
0.0
0.0
0.0
0.0
5.0
8.0
0.0
0.0
0.0
13.0
0.0
0.0
0.0
0.0
0.0
0.0
0.0
0.0
0.0
0.0
8.0
0.0
0.0
0.0
0.0
0.0
0.0
25.0
13.0
0.0
0.0
0.0
0.0
0.0
0.0
0.0
0.0
0.0
0.0
13.0
0.0
0.0
0.0
0.0
0.0
0.0
0.0
0.0
8.0
0.0
8.0
0.0
13.0
0.0
0.0
76.0
0.0
0.0
178.0
20.0
0.0
0.0
0.0
0.0
0.0
0.0
0.0
0.0
10.0
0.0
0.0
0.0
0.0
0.0
0.0
0.0
0.0
0.0
0.0
0.0
5.0
0.0
0.0
0.0
178.0
0.0
0.0
0.0
152.0
56.0
0.0
0.0
38.0
8.0
13.0
0.0
0.0
13.0
0.0
0.0
0.0
0.0
0.0
0.0
0.0
3.0
3.0
0.0
0.0
10.0
0.0
89.0
30.0
0.0
0.0
0.0
102.0
0.0
0.0
0.0
0.0
0.0
0.0
0.0
0.0
0.0
0.0
0.0
0.0
0.0
0.0
13.0
79.0
185.0
20.0
0.0
99.0
0.0
0.0
0.0
0.0
0.0
0.0
0.0
0.0
3.0
20.0
0.0
0.0
0.0
0.0
10.0
0.0
0.0
0.0
0.0
13.0
0.0
0.0
0.0
84.0
0.0
25.0
102.0
0.0
0.0
99.0
0.0
8.0
0.0
0.0
30.0
0.0
0.0
0.0
147.0
0.0
0.0
0.0
84.0
0.0
0.0
15.0
3.0
53.0
0.0
8.0
0.0
0.0
15.0
0.0
0.0
43.0
36.0
0.0
0.0
0.0
0.0
0.0
0.0
0.0
74.0
0.0
13.0
0.0
0.0
3.0
10.0
0.0
0.0
0.0
0.0
0.0
15.0
0.0
30.0
36.0
5.0
0.0
0.0
0.0
0.0
0.0
262.0
0.0
8.0
0.0
94.0
53.0
30.0
0.0
0.0
0.0
13.0
3.0
0.0
0.0
0.0
18.0
0.0
0.0
0.0
0.0
28.0
58.0
25.0
97.0
86.0
20.0
0.0
0.0
0.0
0.0
0.0
0.0
0.0
0.0
13.0
0.0
0.0
0.0
0.0
0.0
0.0
0.0
0.0
25.0
0.0
8.0
0.0
8.0
64.0
8.0
0.0
0.0
0.0
0.0
0.0
0.0
13.0
0.0
0.0
0.0
0.0
0.0
0.0
0.0
0.0
0.0
0.0
0.0
0.0
0.0
0.0
0.0
0.0
0.0
0.0
0.0
0.0
0.0
0.0
0.0
0.0
0.0
0.0
0.0
0.0
0.0
25.0
0.0
0.0
13.0
0.0
8.0
25.0
0.0
0.0
0.0
0.0
0.0
0.0
0.0
0.0
0.0
0.0
13.0
127.0
0.0
0.0
0.0
0.0
25.0
0.0
25.0
0.0
76.0
0.0
0.0
0.0
0.0
0.0
114.0
0.0
38.0
127.0
25.0
0.0
0.0
0.0
0.0
0.0
51.0
0.0
38.0
0.0
13.0
0.0
0.0
0.0
76.0
51.0
152.0
0.0
0.0
0.0
0.0
0.0
0.0
0.0
25.0
0.0
0.0
13.0
127.0
0.0
0.0
38.0
0.0
0.0
0.0
0.0
0.0
0.0
13.0
0.0
0.0
0.0
0.0
0.0
0.0
0.0
0.0
0.0
0.0
8.0
0.0
0.0
0.0
0.0
13.0
13.0
0.0
25.0
25.0
25.0
0.0
0.0
0.0
0.0
0.0
0.0
0.0
0.0
0.0
0.0
0.0
0.0
0.0
0.0
0.0
0.0
0.0
0.0
0.0
25.0
0.0
0.0
0.0
0.0
0.0
0.0
25.0
127.0
0.0
0.0
0.0
0.0
25.0
13.0
0.0
0.0
0.0
0.0
0.0
0.0
0.0
0.0
0.0
0.0
0.0
0.0
0.0
0.0
0.0
0.0
30.0
13.0
0.0
0.0
0.0
0.0
0.0
0.0
0.0
0.0
0.0
0.0
0.0
0.0
0.0
0.0
0.0
0.0
13.0
0.0
0.0
0.0
0.0
0.0
0.0
15.0
20.0
0.0
0.0
0.0
0.0
0.0
0.0
0.0
0.0
0.0
0.0
0.0
0.0
79.0
0.0
18.0
0.0
0.0
0.0
0.0
0.0
3.0
0.0
0.0
0.0
0.0
10.0
0.0
0.0
0.0
5.0
0.0
0.0
0.0
5.0
0.0
0.0
0.0
0.0
0.0
0.0
0.0
0.0
0.0
0.0
0.0
3.0
74.0
8.0
0.0
3.0
0.0
0.0
0.0
188.0
0.0
0.0
0.0
0.0
0.0
25.0
0.0
0.0
0.0
64.0
0.0
254.0
112.0
130.0
18.0
0.0
0.0
112.0
8.0
0.0
155.0
0.0
0.0
0.0
0.0
0.0
152.0
0.0
20.0
0.0
0.0
0.0
0.0
28.0
0.0
43.0
0.0
0.0
0.0
0.0
30.0
0.0
0.0
0.0
0.0
0.0
0.0
0.0
0.0
0.0
0.0
18.0
104.0
13.0
0.0
0.0
3.0
188.0
8.0
36.0
5.0
0.0
0.0
0.0
0.0
0.0
0.0
0.0
51.0
0.0
0.0
0.0
0.0
0.0
0.0
0.0
0.0
20.0
46.0
0.0
0.0
8.0
38.0
0.0
165.0
140.0
66.0
251.0
20.0
5.0
23.0
0.0
20.0
53.0
0.0
0.0
0.0
0.0
0.0
0.0
0.0
0.0
0.0
0.0
25.0
102.0
51.0
25.0
0.0
0.0
0.0
0.0
0.0
0.0
0.0
0.0
0.0
0.0
0.0
0.0
0.0
0.0
0.0
0.0
0.0
0.0
0.0
0.0
0.0
0.0
0.0
0.0
0.0
0.0
25.0
25.0
0.0
13.0
0.0
0.0
0.0
0.0
0.0
0.0
0.0
0.0
0.0
0.0
0.0
0.0
46.0
76.0
0.0
0.0
0.0
0.0
0.0
51.0
0.0
25.0
0.0
51.0
0.0
0.0
0.0
0.0
0.0
0.0
8.0
8.0
0.0
0.0
0.0
0.0
13.0
0.0
0.0
13.0
0.0
51.0
0.0
0.0
0.0
0.0
0.0
8.0
0.0
0.0
0.0
0.0
13.0
0.0
0.0
0.0
0.0
0.0
0.0
0.0
0.0
0.0
0.0
8.0
13.0
13.0
0.0
0.0
0.0
38.0
0.0
0.0
89.0
51.0
0.0
0.0
0.0
0.0
0.0
64.0
0.0
0.0
0.0
0.0
0.0
0.0
0.0
0.0
0.0
0.0
0.0
0.0
0.0
0.0
38.0
102.0
38.0
0.0
0.0
140.0
0.0
0.0
0.0
0.0
51.0
0.0
0.0
0.0
0.0
0.0
0.0
0.0
0.0
0.0
0.0
0.0
0.0
114.0
0.0
0.0
3.0
3.0
0.0
3.0
0.0
0.0
0.0
0.0
0.0
71.0
0.0
0.0
0.0
0.0
0.0
102.0
0.0
71.0
3.0
0.0
0.0
0.0
0.0
0.0
0.0
0.0
0.0
0.0
0.0
0.0
0.0
0.0
0.0
20.0
13.0
0.0
0.0
8.0
0.0
0.0
0.0
8.0
0.0
5.0
0.0
0.0
0.0
0.0
0.0
0.0
0.0
0.0
0.0
0.0
0.0
0.0
0.0
0.0
0.0
119.0
0.0
0.0
8.0
0.0
0.0
0.0
0.0
0.0
0.0
0.0
0.0
0.0
0.0
0.0
0.0
0.0
36.0
18.0
0.0
173.0
13.0
0.0
13.0
0.0
0.0
0.0
0.0
0.0
0.0
0.0
20.0
99.0
0.0
51.0
0.0
0.0
23.0
249.0
38.0
114.0
343.0
0.0
0.0
0.0
0.0
74.0
0.0
0.0
15.0
0.0
188.0
0.0
0.0
0.0
0.0
0.0
0.0
0.0
0.0
15.0
104.0
0.0
0.0
43.0
3.0
0.0
0.0
20.0
3.0
5.0
0.0
0.0
0.0
0.0
0.0
0.0
0.0
0.0
198.0
0.0
0.0
0.0
0.0
0.0
76.0
0.0
0.0
13.0
8.0
0.0
0.0
0.0
0.0
0.0
0.0
0.0
0.0
0.0
119.0
0.0
0.0
0.0
23.0
0.0
0.0
0.0
10.0
0.0
5.0
0.0
104.0
0.0
0.0
0.0
0.0
0.0
0.0
0.0
0.0
0.0
0.0
0.0
0.0
0.0
23.0
30.0
0.0
0.0
0.0
0.0
0.0
0.0
0.0
0.0
0.0
0.0
58.0
0.0
0.0
0.0
0.0
0.0
23.0
0.0
0.0
0.0
0.0
0.0
0.0
0.0
0.0
0.0
0.0
0.0
0.0
30.0
0.0
112.0
0.0
0.0
0.0
0.0
0.0
0.0
0.0
0.0
0.0
0.0
0.0
0.0
0.0
0.0
0.0
0.0
0.0
0.0
0.0
0.0
13.0
0.0
76.0
8.0
0.0
0.0
0.0
102.0
0.0
0.0
0.0
8.0
0.0
0.0
38.0
152.0
38.0
8.0
13.0
0.0
0.0
102.0
13.0
0.0
0.0
0.0
0.0
0.0
25.0
8.0
8.0
8.0
0.0
0.0
0.0
0.0
0.0
38.0
0.0
13.0
0.0
0.0
0.0
0.0
0.0
0.0
0.0
0.0
8.0
0.0
0.0
8.0
0.0
76.0
25.0
8.0
0.0
33.0
8.0
0.0
0.0
0.0
0.0
0.0
38.0
0.0
8.0
0.0
0.0
0.0
8.0
33.0
38.0
89.0
0.0
0.0
0.0
0.0
13.0
0.0
0.0
0.0
0.0
0.0
0.0
8.0
13.0
0.0
0.0
0.0
0.0
0.0
0.0
0.0
0.0
0.0
0.0
0.0
0.0
0.0
0.0
0.0
0.0
0.0
0.0
0.0
0.0
0.0
0.0
0.0
0.0
13.0
8.0
0.0
0.0
0.0
NaN
NaN
NaN
0.0
0.0
0.0
0.0
0.0
0.0
0.0
0.0
0.0
0.0
0.0
NaN
NaN
0.0
0.0
0.0
0.0
0.0
0.0
0.0
0.0
89.0
0.0
0.0
0.0
0.0
0.0
0.0
0.0
0.0
0.0
0.0
0.0
0.0
0.0
3.0
0.0
0.0
3.0
0.0
0.0
0.0
13.0
46.0
8.0
0.0
0.0
0.0
3.0
38.0
8.0
124.0
0.0
0.0
0.0
53.0
76.0
0.0
28.0
0.0
10.0
79.0
3.0
0.0
0.0
0.0
0.0
0.0
0.0
5.0
15.0
30.0
91.0
13.0
5.0
8.0
0.0
0.0
3.0
8.0
64.0
10.0
0.0
218.0
99.0
0.0
0.0
15.0
284.0
0.0
36.0
13.0
0.0
0.0
91.0
0.0
0.0
0.0
0.0
0.0
124.0
43.0
0.0
58.0
0.0
10.0
0.0
0.0
0.0
0.0
0.0
0.0
0.0
0.0
0.0
41.0
0.0
0.0
18.0
0.0
76.0
0.0
0.0
0.0
53.0
0.0
3.0
0.0
0.0
0.0
3.0
160.0
0.0
0.0
0.0
0.0
0.0
0.0
0.0
0.0
0.0
0.0
0.0
0.0
0.0
5.0
0.0
0.0
0.0
0.0
0.0
0.0
0.0
30.0
10.0
0.0
0.0
0.0
0.0
0.0
0.0
0.0
0.0
0.0
0.0
0.0
3.0
0.0
89.0
38.0
0.0
0.0
0.0
0.0
0.0
13.0
0.0
0.0
0.0
0.0
10.0
0.0
5.0
5.0
0.0
0.0
13.0
5.0
0.0
0.0
0.0
0.0
0.0
0.0
0.0
0.0
0.0
0.0
0.0
13.0
0.0
NaN
NaN
NaN
NaN
NaN
NaN
0.0
0.0
0.0
0.0
0.0
0.0
0.0
0.0
0.0
13.0
13.0
0.0
0.0
0.0
13.0
0.0
NaN
NaN
NaN
NaN
NaN
NaN
NaN
NaN
0.0
0.0
0.0
0.0
25.0
51.0
13.0
0.0
0.0
13.0
0.0
0.0
0.0
0.0
0.0
0.0
0.0
0.0
51.0
13.0
0.0
0.0
0.0
102.0
0.0
0.0
0.0
0.0
0.0
0.0
0.0
0.0
25.0
0.0
0.0
0.0
0.0
102.0
51.0
25.0
0.0
102.0
0.0
0.0
0.0
0.0
0.0
0.0
0.0
0.0
0.0
0.0
91.0
13.0
0.0
0.0
0.0
0.0
0.0
0.0
0.0
8.0
0.0
13.0
0.0
0.0
0.0
0.0
0.0
0.0
0.0
0.0
0.0
0.0
13.0
20.0
18.0
43.0
0.0
0.0
0.0
0.0
0.0
0.0
0.0
0.0
0.0
0.0
0.0
0.0
0.0
0.0
0.0
0.0
8.0
0.0
0.0
0.0
0.0
0.0
8.0
0.0
0.0
0.0
25.0
0.0
0.0
0.0
0.0
8.0
0.0
0.0
0.0
0.0
3.0
18.0
0.0
0.0
0.0
13.0
3.0
0.0
76.0
0.0
0.0
3.0
0.0
10.0
46.0
0.0
51.0
56.0
0.0
3.0
25.0
0.0
20.0
0.0
0.0
0.0
0.0
0.0
66.0
5.0
0.0
0.0
0.0
0.0
13.0
18.0
0.0
0.0
0.0
13.0
3.0
25.0
0.0
5.0
38.0
0.0
0.0
0.0
81.0
66.0
0.0
0.0
5.0
0.0
0.0
0.0
0.0
64.0
0.0
0.0
0.0
0.0
0.0
0.0
0.0
0.0
18.0
0.0
71.0
0.0
0.0
0.0
0.0
0.0
0.0
0.0
0.0
10.0
13.0
0.0
0.0
0.0
0.0
23.0
112.0
86.0
0.0
23.0
356.0
28.0
0.0
5.0
0.0
0.0
0.0
13.0
5.0
0.0
0.0
0.0
0.0
0.0
0.0
0.0
0.0
0.0
0.0
0.0
0.0
0.0
0.0
0.0
0.0
0.0
0.0
0.0
0.0
0.0
0.0
0.0
0.0
0.0
25.0
0.0
28.0
3.0
0.0
0.0
0.0
0.0
13.0
13.0
127.0
0.0
20.0
89.0
0.0
8.0
0.0
56.0
0.0
13.0
8.0
0.0
0.0
0.0
0.0
0.0
0.0
0.0
0.0
0.0
0.0
0.0
0.0
0.0
0.0
0.0
0.0
0.0
0.0
0.0
0.0
0.0
0.0
0.0
0.0
0.0
0.0
0.0
8.0
15.0
3.0
0.0
0.0
0.0
0.0
5.0
0.0
69.0
0.0
18.0
127.0
89.0
0.0
0.0
30.0
5.0
0.0
10.0
0.0
0.0
38.0
107.0
0.0
0.0
0.0
0.0
0.0
0.0
5.0
13.0
0.0
0.0
0.0
0.0
0.0
13.0
117.0
0.0
0.0
0.0
0.0
0.0
0.0
0.0
28.0
0.0
0.0
0.0
0.0
0.0
0.0
0.0
0.0
0.0
0.0
0.0
0.0
0.0
0.0
0.0
0.0
23.0
0.0
0.0
0.0
0.0
0.0
0.0
0.0
0.0
0.0
0.0
0.0
15.0
10.0
20.0
15.0
64.0
0.0
0.0
0.0
0.0
0.0
0.0
0.0
0.0
0.0
8.0
0.0
97.0
0.0
0.0
0.0
0.0
0.0
0.0
0.0
0.0
0.0
0.0
0.0
0.0
0.0
0.0
13.0
0.0
0.0
0.0
0.0
0.0
0.0
0.0
0.0
0.0
0.0
0.0
0.0
0.0
0.0
0.0
0.0
15.0
0.0
0.0
0.0
0.0
0.0
0.0
33.0
97.0
0.0
0.0
0.0
0.0
0.0
0.0
0.0
64.0
0.0
0.0
0.0
0.0
0.0
0.0
213.0
0.0
0.0
3.0
20.0
0.0
0.0
0.0
0.0
5.0
0.0
0.0
0.0
5.0
28.0
0.0
0.0
0.0
0.0
0.0
58.0
0.0
0.0
13.0
3.0
0.0
15.0
69.0
244.0
386.0
25.0
0.0
0.0
272.0
142.0
38.0
0.0
5.0
0.0
36.0
0.0
137.0
0.0
66.0
15.0
0.0
0.0
0.0
0.0
0.0
0.0
38.0
58.0
33.0
20.0
10.0
28.0
417.0
0.0
0.0
0.0
30.0
56.0
0.0
0.0
0.0
0.0
36.0
180.0
0.0
3.0
18.0
0.0
13.0
0.0
0.0
0.0
0.0
0.0
5.0
38.0
0.0
0.0
91.0
64.0
5.0
0.0
0.0
0.0
79.0
0.0
0.0
224.0
23.0
0.0
0.0
0.0
8.0
0.0
0.0
3.0
0.0
18.0
0.0
0.0
0.0
0.0
0.0
0.0
3.0
23.0
119.0
97.0
3.0
3.0
5.0
69.0
10.0
15.0
5.0
0.0
0.0
0.0
0.0
0.0
0.0
0.0
0.0
0.0
0.0
673.0
94.0
0.0
0.0
5.0
0.0
0.0
0.0
0.0
0.0
0.0
61.0
13.0
13.0
0.0
0.0
0.0
0.0
0.0
8.0
10.0
0.0
0.0
0.0
0.0
0.0
0.0
0.0
0.0
0.0
13.0
0.0
0.0
0.0
25.0
0.0
0.0
0.0
0.0
0.0
3.0
33.0
13.0
0.0
0.0
0.0
0.0
0.0
0.0
0.0
0.0
0.0
0.0
0.0
0.0
25.0
13.0
0.0
0.0
0.0
0.0
160.0
97.0
0.0
25.0
64.0
0.0
0.0
0.0
13.0
0.0
13.0
0.0
0.0
25.0
8.0
0.0
0.0
0.0
25.0
64.0
0.0
0.0
0.0
0.0
0.0
127.0
0.0
0.0
0.0
0.0
0.0
0.0
0.0
56.0
30.0
0.0
0.0
0.0
0.0
0.0
0.0
0.0
0.0
0.0
51.0
0.0
0.0
0.0
0.0
0.0
0.0
8.0
0.0
0.0
0.0
0.0
0.0
0.0
0.0
0.0
0.0
NaN
NaN
NaN
53.0
NaN
0.0
0.0
8.0
76.0
0.0
0.0
0.0
0.0
0.0
0.0
51.0
13.0
0.0
0.0
0.0
0.0
13.0
0.0
0.0
0.0
0.0
64.0
0.0
0.0
0.0
13.0
13.0
0.0
25.0
0.0
0.0
0.0
0.0
0.0
0.0
0.0
8.0
0.0
0.0
0.0
0.0
8.0
51.0
38.0
33.0
0.0
0.0
0.0
0.0
13.0
0.0
0.0
0.0
0.0
0.0
25.0
102.0
0.0
0.0
0.0
13.0
8.0
0.0
0.0
0.0
0.0
0.0
0.0
0.0
0.0
58.0
13.0
0.0
0.0
0.0
0.0
0.0
0.0
0.0
0.0
0.0
0.0
0.0
0.0
0.0
0.0
0.0
0.0
0.0
0.0
0.0
0.0
0.0
0.0
0.0
0.0
0.0
0.0
0.0
0.0
0.0
0.0
0.0
43.0
119.0
0.0
0.0
13.0
0.0
8.0
5.0
104.0
41.0
15.0
0.0
0.0
127.0
762.0
0.0
13.0
0.0
69.0
10.0
0.0
43.0
0.0
0.0
0.0
0.0
119.0
33.0
23.0
0.0
0.0
0.0
0.0
18.0
0.0
0.0
163.0
18.0
10.0
0.0
0.0
0.0
0.0
43.0
0.0
0.0
0.0
0.0
0.0
0.0
0.0
0.0
0.0
0.0
0.0
18.0
0.0
884.0
28.0
23.0
0.0
23.0
23.0
5.0
25.0
13.0
0.0
23.0
5.0
38.0
71.0
826.0
0.0
56.0
0.0
0.0
41.0
18.0
0.0
0.0
69.0
0.0
0.0
0.0
0.0
94.0
15.0
0.0
0.0
0.0
0.0
0.0
122.0
0.0
0.0
0.0
0.0
0.0
64.0
0.0
173.0
64.0
0.0
23.0
5.0
0.0
18.0
0.0
0.0
0.0
97.0
0.0
0.0
0.0
0.0
236.0
51.0
13.0
0.0
0.0
10.0
56.0
5.0
0.0
0.0
0.0
0.0
28.0
13.0
89.0
5.0
0.0
175.0
66.0
0.0
0.0
0.0
0.0
18.0
0.0
0.0
15.0
5.0
0.0
0.0
3.0
0.0
0.0
0.0
8.0
25.0
51.0
38.0
0.0
0.0
0.0
20.0
0.0
0.0
0.0
0.0
0.0
0.0
0.0
0.0
0.0
0.0
0.0
0.0
0.0
0.0
0.0
3.0
0.0
0.0
0.0
0.0
0.0
0.0
20.0
0.0
0.0
0.0
0.0
0.0
0.0
0.0
0.0
33.0
51.0
18.0
13.0
0.0
0.0
0.0
0.0
0.0
0.0
0.0
0.0
8.0
0.0
0.0
0.0
0.0
0.0
0.0
0.0
0.0
0.0
0.0
122.0
142.0
0.0
46.0
0.0
10.0
5.0
0.0
3.0
0.0
0.0
0.0
0.0
0.0
3.0
5.0
0.0
0.0
33.0
5.0
69.0
15.0
0.0
0.0
0.0
0.0
25.0
175.0
74.0
0.0
5.0
8.0
0.0
0.0
0.0
13.0
0.0
262.0
23.0
20.0
13.0
8.0
0.0
0.0
0.0
0.0
3.0
0.0
23.0
38.0
0.0
0.0
0.0
99.0
18.0
0.0
0.0
0.0
135.0
33.0
406.0
0.0
0.0
18.0
0.0
104.0
13.0
23.0
0.0
99.0
0.0
0.0
0.0
0.0
0.0
0.0
0.0
0.0
0.0
28.0
0.0
0.0
107.0
0.0
8.0
0.0
0.0
0.0
36.0
0.0
0.0
0.0
5.0
20.0
0.0
71.0
84.0
25.0
8.0
0.0
0.0
0.0
0.0
198.0
23.0
5.0
20.0
10.0
0.0
84.0
25.0
0.0
0.0
0.0
56.0
0.0
25.0
64.0
10.0
18.0
0.0
0.0
0.0
76.0
0.0
8.0
25.0
0.0
43.0
130.0
0.0
15.0
5.0
56.0
10.0
3.0
13.0
8.0
0.0
0.0
0.0
0.0
0.0
0.0
8.0
0.0
0.0
0.0
0.0
0.0
0.0
13.0
15.0
0.0
10.0
3.0
0.0
0.0
0.0
0.0
41.0
0.0
0.0
13.0
38.0
0.0
0.0
0.0
0.0
0.0
0.0
0.0
0.0
0.0
10.0
0.0
0.0
0.0
0.0
0.0
10.0
5.0
0.0
0.0
0.0
0.0
0.0
0.0
8.0
5.0
0.0
0.0
0.0
13.0
25.0
0.0
0.0
0.0
0.0
0.0
0.0
0.0
0.0
0.0
0.0
0.0
0.0
0.0
8.0
0.0
0.0
20.0
13.0
0.0
0.0
0.0
0.0
0.0
0.0
140.0
0.0
25.0
0.0
0.0
0.0
0.0
0.0
0.0
0.0
13.0
0.0
0.0
20.0
0.0
0.0
0.0
0.0
0.0
0.0
0.0
0.0
13.0
0.0
0.0
13.0
0.0
0.0
0.0
0.0
0.0
0.0
0.0
0.0
0.0
0.0
0.0
0.0
0.0
0.0
0.0
8.0
0.0
0.0
0.0
0.0
0.0
0.0
0.0
0.0
0.0
0.0
51.0
0.0
0.0
0.0
0.0
13.0
0.0
0.0
0.0
0.0
89.0
0.0
0.0
0.0
0.0
0.0
0.0
0.0
0.0
25.0
0.0
33.0
0.0
0.0
0.0
0.0
51.0
0.0
3.0
0.0
0.0
0.0
0.0
0.0
0.0
0.0
0.0
0.0
3.0
41.0
0.0
0.0
8.0
0.0
91.0
38.0
0.0
0.0
0.0
0.0
0.0
0.0
0.0
0.0
0.0
0.0
3.0
0.0
5.0
0.0
0.0
0.0
0.0
0.0
3.0
0.0
0.0
0.0
0.0
0.0
0.0
0.0
0.0
0.0
0.0
0.0
0.0
0.0
0.0
0.0
0.0
0.0
0.0
0.0
51.0
0.0
0.0
0.0
0.0
13.0
25.0
0.0
0.0
0.0
0.0
0.0
0.0
0.0
0.0
0.0
0.0
0.0
0.0
0.0
0.0
0.0
0.0
0.0
0.0
15.0
0.0
38.0
0.0
0.0
0.0
0.0
0.0
0.0
30.0
0.0
0.0
0.0
0.0
28.0
30.0
0.0
0.0
5.0
5.0
206.0
0.0
61.0
216.0
0.0
193.0
5.0
0.0
79.0
3.0
15.0
23.0
5.0
8.0
0.0
23.0
0.0
0.0
0.0
0.0
10.0
0.0
13.0
180.0
0.0
0.0
30.0
33.0
0.0
0.0
0.0
0.0
18.0
0.0
33.0
0.0
0.0
8.0
84.0
76.0
33.0
8.0
185.0
157.0
94.0
0.0
0.0
0.0
0.0
0.0
0.0
43.0
0.0
0.0
0.0
0.0
8.0
97.0
97.0
3.0
5.0
5.0
0.0
0.0
0.0
0.0
0.0
13.0
0.0
0.0
38.0
36.0
5.0
0.0
3.0
0.0
0.0
56.0
0.0
0.0
0.0
84.0
0.0
0.0
3.0
0.0
28.0
43.0
0.0
41.0
3.0
8.0
20.0
8.0
41.0
0.0
0.0
0.0
3.0
56.0
0.0
0.0
0.0
0.0
0.0
0.0
0.0
0.0
0.0
0.0
0.0
0.0
0.0
0.0
0.0
0.0
0.0
0.0
0.0
0.0
0.0
0.0
0.0
0.0
0.0
48.0
13.0
0.0
0.0
23.0
0.0
3.0
0.0
23.0
0.0
43.0
28.0
18.0
0.0
0.0
0.0
8.0
0.0
0.0
0.0
0.0
0.0
0.0
0.0
0.0
0.0
0.0
0.0
0.0
0.0
0.0
0.0
0.0
0.0
0.0
0.0
0.0
0.0
0.0
0.0
0.0
0.0
0.0
0.0
0.0
0.0
0.0
0.0
0.0
0.0
0.0
0.0
0.0
0.0
0.0
0.0
0.0
46.0
0.0
0.0
48.0
0.0
0.0
0.0
0.0
0.0
48.0
0.0
18.0
0.0
0.0
0.0
28.0
0.0
0.0
0.0
0.0
0.0
0.0
8.0
0.0
10.0
3.0
0.0
25.0
0.0
8.0
0.0
0.0
0.0
0.0
0.0
0.0
0.0
0.0
0.0
0.0
0.0
0.0
0.0
0.0
0.0
0.0
0.0
0.0
0.0
0.0
0.0
0.0
0.0
0.0
0.0
0.0
0.0
0.0
53.0
0.0
0.0
0.0
23.0
15.0
0.0
0.0
0.0
0.0
13.0
0.0
0.0
0.0
109.0
0.0
0.0
0.0
0.0
0.0
28.0
0.0
0.0
0.0
0.0
0.0
0.0
0.0
0.0
0.0
0.0
0.0
0.0
0.0
0.0
0.0
0.0
0.0
0.0
0.0
0.0
0.0
0.0
0.0
0.0
0.0
0.0
36.0
3.0
0.0
8.0
97.0
0.0
0.0
0.0
0.0
8.0
91.0
0.0
0.0
0.0
0.0
0.0
0.0
0.0
0.0
0.0
25.0
0.0
0.0
0.0
0.0
0.0
0.0
0.0
0.0
0.0
0.0
0.0
0.0
15.0
5.0
0.0
180.0
0.0
0.0
0.0
0.0
0.0
0.0
0.0
0.0
10.0
0.0
0.0
0.0
0.0
0.0
15.0
5.0
0.0
0.0
0.0
0.0
23.0
0.0
0.0
69.0
0.0
193.0
127.0
10.0
8.0
221.0
48.0
0.0
0.0
0.0
43.0
74.0
3.0
221.0
23.0
8.0
0.0
0.0
0.0
23.0
0.0
0.0
0.0
0.0
0.0
3.0
0.0
0.0
0.0
0.0
0.0
0.0
0.0
30.0
15.0
0.0
0.0
0.0
0.0
15.0
0.0
0.0
8.0
0.0
0.0
8.0
10.0
8.0
30.0
5.0
0.0
0.0
43.0
135.0
20.0
0.0
142.0
38.0
0.0
117.0
0.0
0.0
147.0
3.0
0.0
249.0
0.0
0.0
20.0
36.0
0.0
0.0
0.0
0.0
140.0
3.0
257.0
30.0
3.0
46.0
0.0
41.0
NaN
58.0
13.0
20.0
236.0
23.0
15.0
0.0
5.0
3.0
3.0
30.0
0.0
0.0
0.0
8.0
10.0
38.0
0.0
18.0
15.0
0.0
8.0
0.0
0.0
0.0
0.0
38.0
36.0
36.0
5.0
3.0
178.0
8.0
0.0
41.0
3.0
28.0
8.0
25.0
0.0
5.0
23.0
10.0
0.0
0.0
0.0
5.0
NaN
66.0
0.0
NaN
0.0
5.0
25.0
0.0
0.0
0.0
0.0
0.0
25.0
18.0
3.0
5.0
0.0
18.0
104.0
0.0
3.0
8.0
0.0
0.0
0.0
5.0
0.0
0.0
0.0
0.0
0.0
0.0
0.0
0.0
0.0
0.0
0.0
0.0
0.0
0.0
0.0
0.0
NaN
NaN
0.0
33.0
18.0
3.0
0.0
0.0
0.0
0.0
0.0
0.0
0.0
0.0
0.0
5.0
43.0
0.0
3.0
0.0
0.0
3.0
0.0
0.0
0.0
8.0
8.0
20.0
18.0
0.0
0.0
51.0
15.0
0.0
0.0
5.0
0.0
0.0
0.0
23.0
3.0
0.0
0.0
10.0
5.0
84.0
58.0
3.0
0.0
3.0
3.0
0.0
0.0
0.0
0.0
5.0
28.0
3.0
0.0
0.0
0.0
0.0
5.0
0.0
25.0
46.0
0.0
0.0
0.0
0.0
20.0
3.0
3.0
0.0
0.0
0.0
0.0
0.0
0.0
0.0
0.0
0.0
0.0
0.0
0.0
0.0
5.0
0.0
0.0
0.0
0.0
0.0
8.0
3.0
0.0
0.0
0.0
0.0
0.0
0.0
3.0
0.0
0.0
0.0
0.0
0.0
0.0
0.0
0.0
0.0
0.0
13.0
23.0
56.0
30.0
0.0
0.0
0.0
0.0
0.0
0.0
0.0
0.0
0.0
0.0
0.0
0.0
0.0
13.0
0.0
0.0
18.0
0.0
0.0
0.0
5.0
0.0
0.0
0.0
0.0
0.0
0.0
0.0
0.0
0.0
0.0
0.0
18.0
124.0
0.0
23.0
38.0
10.0
0.0
53.0
0.0
0.0
97.0
0.0
3.0
64.0
0.0
8.0
0.0
0.0
0.0
0.0
0.0
0.0
0.0
0.0
0.0
15.0
53.0
0.0
0.0
0.0
0.0
0.0
0.0
NaN
NaN
32.0
10.0
NaN
0.0
0.0
0.0
0.0
12.0
0.0
NaN
0.0
24.0
32.0
6.0
4.0
0.0
0.0
0.0
0.0
0.0
0.0
174.0
0.0
6.0
NaN
NaN
0.0
NaN
NaN
0.0
0.0
0.0
18.0
0.0
0.0
60.0
22.0
178.0
136.0
4.0
48.0
52.0
0.0
0.0
43.0
18.0
0.0
0.0
0.0
58.0
90.0
40.0
46.0
0.0
34.0
52.0
0.0
0.0
338.0
20.0
0.0
0.0
0.0
6.0
0.0
0.0
0.0
0.0
42.0
28.0
42.0
6.0
5.0
0.0
20.0
8.0
0.0
0.0
10.0
0.0
0.0
0.0
10.0
0.0
0.0
794.0
0.0
94.0
10.0
216.0
86.0
0.0
0.0
0.0
0.0
0.0
0.0
0.0
0.0
20.0
0.0
8.0
58.0
58.0
2.0
20.0
54.0
16.0
170.0
2.0
14.0
0.0
144.0
0.0
52.0
0.0
0.0
26.0
4.0
0.0
0.0
120.0
0.0
0.0
6.0
0.0
2.0
42.0
27.0
0.0
0.0
0.0
0.0
12.0
0.0
285.0
132.0
36.0
0.0
0.0
0.0
4.0
0.0
0.0
10.0
0.0
0.0
0.0
0.0
0.0
0.0
134.0
4.0
38.0
26.0
0.0
0.0
0.0
0.0
0.0
18.0
0.0
14.0
0.0
0.0
0.0
0.0
0.0
0.0
0.0
34.0
0.0
0.0
0.0
0.0
0.0
4.0
0.0
0.0
0.0
0.0
0.0
0.0
0.0
12.0
158.0
0.0
0.0
0.0
4.0
0.0
0.0
0.0
0.0
0.0
0.0
0.0
2.0
12.0
0.0
0.0
0.0
0.0
0.0
0.0
5.0
36.0
17.0
65.0
8.0
0.0
0.0
0.0
0.0
15.0
4.0
0.0
6.0
0.0
0.0
0.0
22.0
0.0
2.0
0.0
0.0
0.0
0.0
0.0
0.0
0.0
0.0
2.0
0.0
2.0
6.0
0.0
8.0
0.0
0.0
4.0
6.0
7.0
0.0
8.0
0.0
0.0
0.0
0.0
14.0
0.0
0.0
7.0
0.0
0.0
0.0
0.0
0.0
0.0
0.0
0.0
3.0
0.0
24.0
0.0
2.0
10.0
4.0
0.0
0.0
4.0
0.0
17.0
8.0
0.0
9.0
0.0
24.0
21.0
0.0
0.0
0.0
34.0
0.0
25.0
20.0
69.0
0.0
0.0
0.0
0.0
0.0
0.0
0.0
18.0
0.0
7.0
0.0
0.0
2.0
0.0
69.0
0.0
0.0
0.0
0.0
0.0
0.0
22.0
4.0
0.0
0.0
0.0
11.0
5.0
0.0
0.0
0.0
0.0
0.0
0.0
0.0
0.0
0.0
0.0
238.0
0.0
0.0
0.0
5.0
0.0
0.0
0.0
10.0
0.0
2.0
0.0
0.0
63.0
0.0
0.0
0.0
12.0
2.0
0.0
34.0
0.0
0.0
8.0
6.0
13.0
0.0
0.0
0.0
0.0
0.0
0.0
0.0
0.0
4.0
0.0
10.0
108.0
0.0
0.0
0.0
0.0
0.0
0.0
0.0
0.0
0.0
0.0
0.0
0.0
0.0
0.0
124.0
46.0
0.0
14.0
22.0
0.0
20.0
0.0
0.0
0.0
0.0
0.0
0.0
0.0
0.0
0.0
0.0
10.0
0.0
2.0
0.0
42.0
207.0
0.0
0.0
0.0
0.0
24.0
14.0
80.0
2.0
0.0
0.0
0.0
144.0
6.0
0.0
0.0
0.0
230.0
124.0
0.0
0.0
0.0
0.0
0.0
0.0
0.0
30.0
0.0
0.0
0.0
0.0
0.0
0.0
0.0
56.0
0.0
16.0
84.0
10.0
0.0
0.0
0.0
136.0
0.0
0.0
24.0
0.0
24.0
56.0
0.0
0.0
0.0
0.0
0.0
0.0
0.0
6.0
68.0
0.0
0.0
230.0
0.0
0.0
140.0
0.0
40.0
30.0
0.0
0.0
0.0
4.0
0.0
0.0
8.0
0.0
4.0
0.0
0.0
0.0
0.0
0.0
0.0
28.0
19.0
0.0
16.0
18.0
0.0
16.0
28.0
282.0
10.0
12.0
26.0
0.0
155.0
0.0
12.0
0.0
0.0
0.0
0.0
0.0
0.0
0.0
0.0
0.0
0.0
66.0
0.0
0.0
0.0
0.0
10.0
42.0
0.0
0.0
40.0
46.0
0.0
0.0
0.0
0.0
0.0
8.0
0.0
0.0
0.0
7.0
0.0
0.0
0.0
0.0
86.0
0.0
0.0
0.0
0.0
0.0
0.0
0.0
32.0
0.0
50.0
0.0
0.0
0.0
0.0
0.0
80.0
20.0
0.0
0.0
4.0
7.0
6.0
10.0
0.0
6.0
0.0
0.0
0.0
0.0
0.0
10.0
0.0
0.0
0.0
0.0
0.0
0.0
0.0
20.0
10.0
0.0
0.0
0.0
0.0
0.0
0.0
0.0
22.0
50.0
20.0
0.0
18.0
6.0
0.0
0.0
10.0
55.0
10.0
0.0
0.0
0.0
0.0
0.0
0.0
0.0
0.0
0.0
0.0
0.0
0.0
0.0
0.0
0.0
0.0
0.0
0.0
0.0
0.0
0.0
0.0
16.0
0.0
0.0
0.0
32.0
0.0
10.0
14.0
115.0
30.0
0.0
6.0
0.0
0.0
0.0
0.0
0.0
10.0
0.0
0.0
0.0
0.0
0.0
0.0
0.0
0.0
0.0
0.0
70.0
0.0
0.0
0.0
0.0
0.0
0.0
0.0
0.0
20.0
0.0
0.0
0.0
0.0
0.0
0.0
12.0
30.0
0.0
0.0
0.0
0.0
0.0
0.0
10.0
0.0
0.0
0.0
0.0
0.0
0.0
0.0
0.0
0.0
0.0
0.0
0.0
40.0
16.0
0.0
0.0
80.0
0.0
20.0
0.0
0.0
0.0
0.0
0.0
70.0
45.0
0.0
0.0
0.0
0.0
0.0
0.0
0.0
0.0
0.0
0.0
0.0
0.0
0.0
0.0
0.0
0.0
0.0
0.0
0.0
0.0
0.0
0.0
0.0
0.0
0.0
0.0
0.0
0.0
0.0
0.0
0.0
0.0
0.0
0.0
0.0
0.0
0.0
0.0
0.0
0.0
0.0
0.0
0.0
0.0
0.0
0.0
0.0
0.0
0.0
0.0
0.0
0.0
0.0
0.0
0.0
0.0
0.0
0.0
0.0
0.0
0.0
0.0
110.0
0.0
0.0
20.0
70.0
0.0
0.0
10.0
12.0
10.0
10.0
50.0
0.0
0.0
0.0
0.0
164.0
0.0
NaN
0.0
0.0
56.0
0.0
0.0
10.0
0.0
0.0
18.0
634.0
166.0
0.0
0.0
150.0
10.0
14.0
0.0
0.0
10.0
8.0
0.0
0.0
140.0
0.0
14.0
0.0
64.0
26.0
0.0
0.0
0.0
8.0
66.0
20.0
20.0
0.0
0.0
4.0
0.0
6.0
0.0
10.0
30.0
0.0
28.0
168.0
8.0
0.0
20.0
41.0
45.0
0.0
0.0
0.0
170.0
60.0
0.0
0.0
0.0
10.0
0.0
0.0
3.0
0.0
48.0
16.0
0.0
0.0
8.0
0.0
0.0
292.0
0.0
0.0
122.0
6.0
0.0
0.0
185.0
0.0
60.0
60.0
0.0
0.0
0.0
0.0
0.0
0.0
0.0
0.0
3.0
52.0
140.0
62.0
0.0
0.0
10.0
10.0
0.0
44.0
0.0
0.0
0.0
0.0
0.0
0.0
25.0
0.0
0.0
0.0
0.0
0.0
0.0
0.0
0.0
0.0
40.0
220.0
0.0
0.0
0.0
0.0
42.0
0.0
0.0
0.0
NaN
0.0
0.0
0.0
0.0
0.0
0.0
0.0
0.0
0.0
0.0
0.0
0.0
0.0
0.0
0.0
0.0
0.0
0.0
0.0
112.0
19.0
10.0
22.0
0.0
0.0
0.0
0.0
0.0
0.0
0.0
0.0
0.0
0.0
0.0
0.0
0.0
0.0
0.0
0.0
0.0
0.0
0.0
0.0
3.0
16.0
45.0
68.0
0.0
0.0
0.0
0.0
0.0
25.0
0.0
0.0
0.0
10.0
24.0
0.0
0.0
0.0
0.0
0.0
20.0
0.0
0.0
0.0
2.0
0.0
0.0
0.0
0.0
0.0
0.0
0.0
NaN
0.0
0.0
0.0
8.0
6.0
0.0
0.0
0.0
0.0
0.0
0.0
0.0
0.0
0.0
0.0
0.0
0.0
0.0
0.0
0.0
NaN
40.0
14.0
4.0
0.0
0.0
10.0
60.0
5.0
0.0
0.0
0.0
10.0
0.0
18.0
0.0
0.0
0.0
0.0
0.0
8.0
12.0
0.0
0.0
0.0
0.0
0.0
0.0
0.0
0.0
0.0
0.0
0.0
0.0
0.0
0.0
0.0
0.0
0.0
0.0
0.0
0.0
10.0
0.0
0.0
0.0
0.0
0.0
0.0
0.0
0.0
0.0
0.0
10.0
0.0
0.0
260.0
0.0
0.0
0.0
0.0
0.0
0.0
0.0
0.0
0.0
0.0
45.0
0.0
0.0
0.0
0.0
0.0
210.0
0.0
0.0
0.0
0.0
0.0
132.0
0.0
0.0
0.0
80.0
0.0
0.0
0.0
0.0
0.0
0.0
0.0
0.0
90.0
0.0
0.0
56.0
4.0
0.0
12.0
0.0
0.0
0.0
0.0
0.0
0.0
0.0
0.0
0.0
0.0
0.0
0.0
0.0
0.0
0.0
0.0
0.0
0.0
0.0
0.0
0.0
0.0
0.0
0.0
0.0
NaN
NaN
0.0
0.0
0.0
0.0
0.0
0.0
20.0
0.0
210.0
10.0
0.0
20.0
0.0
0.0
0.0
0.0
0.0
0.0
232.0
54.0
12.0
0.0
0.0
36.0
12.0
6.0
94.0
0.0
0.0
0.0
0.0
0.0
0.0
14.0
0.0
0.0
0.0
10.0
4.0
271.0
2.0
0.0
0.0
0.0
0.0
0.0
118.0
44.0
0.0
2.0
0.0
6.0
0.0
4.0
94.0
32.0
10.0
0.0
0.0
0.0
0.0
36.0
204.0
0.0
0.0
16.0
0.0
0.0
0.0
0.0
2.0
10.0
0.0
0.0
0.0
0.0
0.0
0.0
0.0
0.0
10.0
0.0
0.0
0.0
0.0
0.0
106.0
0.0
0.0
0.0
0.0
0.0
0.0
40.0
0.0
0.0
22.0
0.0
0.0
0.0
0.0
0.0
0.0
0.0
6.0
0.0
0.0
0.0
0.0
0.0
0.0
0.0
0.0
0.0
0.0
20.0
44.0
0.0
4.0
48.0
0.0
0.0
60.0
2.0
0.0
0.0
0.0
0.0
0.0
0.0
0.0
0.0
86.0
8.0
0.0
0.0
0.0
10.0
0.0
0.0
56.0
0.0
0.0
0.0
0.0
20.0
0.0
34.0
0.0
94.0
2.0
0.0
0.0
0.0
0.0
0.0
0.0
0.0
0.0
0.0
0.0
0.0
0.0
0.0
0.0
0.0
0.0
0.0
0.0
80.0
0.0
0.0
0.0
0.0
0.0
0.0
0.0
56.0
0.0
0.0
0.0
0.0
0.0
0.0
0.0
0.0
2.0
0.0
0.0
0.0
0.0
0.0
2.0
0.0
0.0
56.0
0.0
0.0
0.0
0.0
0.0
0.0
14.0
0.0
0.0
64.0
22.0
12.0
6.0
0.0
0.0
0.0
0.0
0.0
0.0
0.0
0.0
0.0
0.0
8.0
0.0
0.0
0.0
0.0
0.0
0.0
0.0
12.0
0.0
20.0
0.0
0.0
0.0
8.0
0.0
0.0
0.0
0.0
0.0
20.0
0.0
30.0
0.0
0.0
18.0
0.0
0.0
8.0
0.0
0.0
0.0
0.0
0.0
0.0
0.0
0.0
0.0
0.0
0.0
0.0
24.0
0.0
0.0
0.0
0.0
0.0
0.0
0.0
0.0
0.0
0.0
10.0
0.0
0.0
34.0
0.0
0.0
14.0
0.0
0.0
0.0
0.0
0.0
12.0
0.0
0.0
110.0
60.0
0.0
0.0
0.0
0.0
0.0
0.0
0.0
0.0
0.0
28.0
0.0
0.0
0.0
0.0
0.0
0.0
0.0
0.0
0.0
66.0
6.0
0.0
0.0
0.0
0.0
0.0
0.0
0.0
0.0
0.0
0.0
0.0
0.0
0.0
0.0
0.0
0.0
10.0
0.0
0.0
0.0
0.0
0.0
40.0
0.0
0.0
0.0
40.0
0.0
0.0
0.0
0.0
NaN
28.0
22.0
0.0
0.0
0.0
0.0
0.0
0.0
0.0
0.0
0.0
13.0
0.0
0.0
0.0
2.0
2.0
0.0
0.0
0.0
20.0
134.0
24.0
8.0
0.0
3.0
0.0
0.0
4.0
0.0
52.0
122.0
0.0
0.0
6.0
0.0
0.0
0.0
0.0
0.0
0.0
5.0
0.0
0.0
28.0
0.0
4.0
0.0
246.0
0.0
4.0
20.0
0.0
0.0
0.0
0.0
0.0
6.0
52.0
56.0
0.0
113.0
0.0
0.0
0.0
0.0
0.0
0.0
32.0
32.0
400.0
0.0
0.0
0.0
28.0
0.0
0.0
NaN
6.0
24.0
0.0
0.0
0.0
277.0
2.0
0.0
0.0
0.0
6.0
600.0
0.0
0.0
0.0
0.0
0.0
0.0
0.0
0.0
254.0
82.0
0.0
98.0
0.0
0.0
0.0
0.0
0.0
23.0
52.0
0.0
NaN
56.0
0.0
0.0
12.0
24.0
16.0
280.0
0.0
8.0
30.0
0.0
0.0
0.0
0.0
0.0
0.0
0.0
4.0
4.0
50.0
0.0
6.0
38.0
0.0
0.0
0.0
0.0
0.0
0.0
0.0
0.0
0.0
3.0
0.0
14.0
137.0
2.0
0.0
0.0
20.0
222.0
0.0
0.0
0.0
0.0
0.0
0.0
0.0
0.0
0.0
0.0
0.0
0.0
8.0
5.0
15.0
0.0
0.0
0.0
0.0
0.0
0.0
0.0
0.0
0.0
0.0
0.0
0.0
0.0
0.0
5.0
0.0
0.0
0.0
0.0
0.0
0.0
0.0
8.0
6.0
8.0
26.0
0.0
0.0
40.0
0.0
150.0
30.0
0.0
18.0
0.0
0.0
0.0
0.0
0.0
0.0
0.0
0.0
0.0
0.0
0.0
0.0
35.0
12.0
0.0
0.0
0.0
0.0
0.0
0.0
0.0
0.0
0.0
0.0
0.0
0.0
0.0
0.0
0.0
0.0
56.0
0.0
0.0
0.0
0.0
50.0
0.0
0.0
0.0
40.0
60.0
0.0
0.0
0.0
0.0
0.0
0.0
0.0
0.0
0.0
0.0
40.0
84.0
0.0
0.0
0.0
0.0
0.0
0.0
0.0
0.0
46.0
0.0
0.0
0.0
0.0
0.0
38.0
0.0
0.0
0.0
0.0
18.0
0.0
0.0
0.0
0.0
0.0
0.0
0.0
0.0
0.0
0.0
0.0
0.0
0.0
0.0
0.0
0.0
0.0
0.0
0.0
0.0
0.0
0.0
0.0
0.0
50.0
0.0
0.0
72.0
0.0
22.0
50.0
0.0
0.0
0.0
0.0
0.0
0.0
0.0
0.0
0.0
35.0
0.0
0.0
0.0
0.0
0.0
0.0
0.0
NaN
0.0
0.0
0.0
0.0
0.0
0.0
72.0
0.0
0.0
0.0
0.0
0.0
0.0
0.0
0.0
0.0
0.0
120.0
0.0
0.0
0.0
0.0
0.0
0.0
0.0
0.0
0.0
0.0
0.0
0.0
0.0
0.0
190.0
50.0
0.0
0.0
0.0
0.0
0.0
0.0
0.0
0.0
0.0
0.0
0.0
0.0
102.0
0.0
0.0
0.0
16.0
8.0
0.0
0.0
6.0
0.0
4.0
29.0
22.0
0.0
0.0
10.0
0.0
0.0
0.0
0.0
0.0
0.0
0.0
40.0
52.0
0.0
0.0
0.0
30.0
0.0
0.0
50.0
6.0
0.0
0.0
12.0
0.0
0.0
0.0
0.0
12.0
0.0
13.0
0.0
82.0
6.0
32.0
6.0
16.0
4.0
0.0
0.0
18.0
128.0
52.0
31.0
0.0
0.0
0.0
0.0
28.0
0.0
15.0
7.0
7.0
20.0
2.0
0.0
2.0
9.0
0.0
0.0
132.0
2.0
12.0
0.0
13.0
0.0
0.0
2.0
0.0
0.0
20.0
0.0
0.0
0.0
125.0
0.0
0.0
90.0
0.0
77.0
0.0
0.0
48.0
0.0
0.0
0.0
62.0
0.0
66.0
30.0
0.0
0.0
0.0
0.0
0.0
114.0
3.0
15.0
20.0
14.0
0.0
0.0
0.0
34.0
20.0
30.0
4.0
522.0
0.0
0.0
0.0
164.0
0.0
0.0
0.0
0.0
0.0
6.0
198.0
593.0
68.0
0.0
0.0
0.0
0.0
0.0
0.0
0.0
6.0
0.0
0.0
0.0
0.0
0.0
0.0
0.0
NaN
0.0
0.0
18.0
2.0
0.0
6.0
0.0
0.0
0.0
0.0
28.0
0.0
0.0
0.0
0.0
0.0
0.0
0.0
0.0
0.0
0.0
0.0
0.0
0.0
0.0
0.0
0.0
46.0
0.0
12.0
0.0
0.0
0.0
0.0
0.0
0.0
0.0
40.0
0.0
40.0
0.0
0.0
0.0
0.0
0.0
0.0
42.0
75.0
0.0
69.0
14.0
60.0
2.0
0.0
0.0
0.0
0.0
10.0
0.0
0.0
0.0
10.0
21.0
22.0
0.0
0.0
38.0
0.0
18.0
0.0
12.0
0.0
0.0
0.0
0.0
0.0
0.0
0.0
0.0
0.0
0.0
16.0
0.0
0.0
0.0
0.0
0.0
0.0
0.0
0.0
0.0
0.0
0.0
0.0
0.0
0.0
0.0
0.0
0.0
0.0
0.0
0.0
26.0
0.0
0.0
0.0
0.0
0.0
102.0
0.0
0.0
0.0
124.0
0.0
46.0
0.0
0.0
0.0
0.0
0.0
0.0
0.0
0.0
48.0
0.0
0.0
0.0
0.0
0.0
0.0
0.0
40.0
0.0
38.0
0.0
0.0
0.0
0.0
0.0
0.0
0.0
0.0
0.0
0.0
0.0
0.0
0.0
0.0
0.0
0.0
0.0
0.0
101.0
0.0
0.0
0.0
0.0
0.0
0.0
0.0
0.0
0.0
0.0
0.0
0.0
0.0
0.0
38.0
35.0
0.0
0.0
0.0
0.0
0.0
0.0
0.0
0.0
0.0
0.0
0.0
0.0
0.0
0.0
0.0
230.0
40.0
0.0
16.0
72.0
0.0
0.0
0.0
0.0
0.0
0.0
0.0
0.0
0.0
0.0
0.0
4.0
0.0
17.0
4.0
0.0
0.0
0.0
0.0
0.0
0.0
0.0
0.0
0.0
0.0
0.0
0.0
56.0
4.0
95.0
2.0
64.0
0.0
0.0
20.0
298.0
105.0
26.0
44.0
77.0
14.0
0.0
5.0
0.0
0.0
0.0
32.0
34.0
0.0
0.0
26.0
50.0
2.0
7.0
0.0
0.0
216.0
327.0
83.0
0.0
0.0
0.0
0.0
0.0
0.0
92.0
40.0
0.0
10.0
78.0
104.0
0.0
0.0
0.0
13.0
0.0
0.0
8.0
0.0
0.0
0.0
0.0
4.0
0.0
0.0
0.0
39.0
5.0
0.0
0.0
0.0
0.0
0.0
239.0
0.0
42.0
2.0
0.0
0.0
0.0
34.0
57.0
40.0
0.0
0.0
0.0
0.0
0.0
0.0
0.0
0.0
0.0
0.0
0.0
5.0
4.0
10.0
40.0
0.0
0.0
0.0
8.0
0.0
0.0
0.0
0.0
0.0
0.0
0.0
0.0
122.0
38.0
0.0
0.0
0.0
54.0
0.0
0.0
0.0
7.0
3.0
0.0
0.0
30.0
14.0
0.0
0.0
0.0
0.0
182.0
152.0
9.0
0.0
10.0
0.0
0.0
0.0
0.0
0.0
0.0
18.0
8.0
104.0
388.0
5.0
0.0
205.0
10.0
0.0
0.0
6.0
0.0
0.0
0.0
8.0
0.0
0.0
0.0
0.0
0.0
0.0
0.0
0.0
0.0
0.0
0.0
6.0
195.0
0.0
560.0
0.0
0.0
0.0
0.0
76.0
24.0
50.0
0.0
8.0
0.0
0.0
15.0
85.0
30.0
0.0
0.0
0.0
0.0
45.0
0.0
0.0
0.0
0.0
0.0
0.0
0.0
102.0
42.0
0.0
0.0
100.0
0.0
8.0
0.0
0.0
0.0
0.0
0.0
0.0
0.0
0.0
30.0
12.0
0.0
0.0
0.0
2.0
0.0
0.0
0.0
0.0
0.0
0.0
0.0
0.0
0.0
0.0
10.0
82.0
0.0
0.0
8.0
10.0
0.0
0.0
0.0
0.0
0.0
33.0
0.0
0.0
25.0
0.0
0.0
0.0
0.0
0.0
0.0
0.0
0.0
0.0
0.0
0.0
0.0
0.0
0.0
0.0
0.0
0.0
56.0
20.0
0.0
0.0
0.0
0.0
0.0
0.0
10.0
0.0
0.0
0.0
0.0
55.0
0.0
0.0
8.0
0.0
0.0
0.0
0.0
0.0
0.0
0.0
114.0
0.0
0.0
52.0
0.0
0.0
0.0
0.0
0.0
0.0
39.0
0.0
0.0
0.0
0.0
0.0
0.0
58.0
0.0
0.0
0.0
0.0
0.0
0.0
15.0
0.0
0.0
0.0
8.0
0.0
0.0
0.0
10.0
0.0
0.0
0.0
0.0
0.0
0.0
0.0
0.0
0.0
89.0
8.0
0.0
0.0
0.0
0.0
0.0
0.0
0.0
0.0
0.0
0.0
8.0
2.0
0.0
0.0
0.0
0.0
0.0
0.0
50.0
0.0
0.0
0.0
0.0
0.0
0.0
0.0
65.0
20.0
0.0
0.0
88.0
10.0
0.0
61.0
0.0
22.0
0.0
0.0
0.0
22.0
10.0
156.0
17.0
2.0
0.0
0.0
0.0
2.0
0.0
0.0
0.0
0.0
0.0
0.0
0.0
0.0
2.0
0.0
0.0
37.0
0.0
7.0
0.0
0.0
4.0
129.0
18.0
144.0
40.0
20.0
38.0
0.0
0.0
0.0
15.0
144.0
40.0
3.0
9.0
4.0
0.0
15.0
0.0
15.0
116.0
52.0
0.0
14.0
24.0
6.0
0.0
34.0
128.0
6.0
0.0
0.0
0.0
0.0
0.0
0.0
33.0
0.0
0.0
41.0
98.0
0.0
0.0
0.0
0.0
0.0
0.0
8.0
0.0
3.0
0.0
0.0
22.0
0.0
0.0
0.0
9.0
0.0
2.0
0.0
0.0
12.0
8.0
0.0
0.0
5.0
0.0
0.0
0.0
40.0
125.0
5.0
236.0
170.0
7.0
0.0
0.0
14.0
0.0
2.0
36.0
2.0
0.0
0.0
0.0
75.0
54.0
18.0
0.0
0.0
5.0
0.0
0.0
0.0
0.0
84.0
26.0
0.0
0.0
32.0
74.0
32.0
0.0
38.0
0.0
0.0
0.0
0.0
0.0
0.0
17.0
0.0
6.0
4.0
0.0
0.0
5.0
15.0
0.0
0.0
0.0
2.0
20.0
0.0
5.0
0.0
0.0
0.0
4.0
32.0
0.0
28.0
10.0
0.0
0.0
0.0
0.0
20.0
16.0
0.0
0.0
0.0
104.0
0.0
0.0
0.0
0.0
0.0
0.0
10.0
0.0
2.0
0.0
0.0
0.0
0.0
0.0
0.0
0.0
0.0
45.0
22.0
10.0
0.0
0.0
0.0
10.0
0.0
0.0
0.0
0.0
0.0
0.0
0.0
0.0
0.0
0.0
0.0
0.0
0.0
0.0
0.0
0.0
0.0
0.0
0.0
0.0
0.0
0.0
0.0
22.0
0.0
0.0
0.0
0.0
83.0
0.0
9.0
0.0
0.0
29.0
0.0
0.0
0.0
34.0
0.0
0.0
0.0
0.0
20.0
0.0
0.0
0.0
0.0
0.0
0.0
0.0
0.0
0.0
54.0
21.0
0.0
12.0
0.0
0.0
0.0
0.0
0.0
0.0
0.0
0.0
0.0
0.0
0.0
0.0
0.0
0.0
45.0
5.0
0.0
2.0
58.0
0.0
0.0
0.0
20.0
6.0
0.0
0.0
0.0
0.0
0.0
0.0
0.0
0.0
11.0
0.0
0.0
0.0
0.0
6.0
0.0
2.0
0.0
2.0
0.0
11.0
0.0
0.0
0.0
0.0
0.0
0.0
0.0
0.0
0.0
0.0
0.0
0.0
0.0
16.0
0.0
0.0
0.0
100.0
0.0
0.0
0.0
0.0
0.0
0.0
0.0
0.0
0.0
0.0
0.0
0.0
0.0
0.0
0.0
0.0
0.0
65.0
0.0
0.0
0.0
0.0
0.0
0.0
0.0
0.0
0.0
0.0
0.0
0.0
0.0
0.0
0.0
2.0
0.0
0.0
0.0
0.0
0.0
0.0
0.0
0.0
0.0
2.0
35.0
49.0
0.0
0.0
0.0
0.0
5.0
4.0
0.0
2.0
0.0
0.0
23.0
0.0
0.0
0.0
0.0
12.0
172.0
0.0
85.0
8.0
102.0
70.0
77.0
0.0
0.0
0.0
0.0
0.0
0.0
25.0
0.0
0.0
0.0
0.0
0.0
0.0
0.0
42.0
0.0
10.0
0.0
0.0
0.0
0.0
12.0
0.0
17.0
0.0
0.0
54.0
22.0
0.0
0.0
0.0
13.0
16.0
77.0
0.0
0.0
28.0
3.0
44.0
18.0
70.0
80.0
0.0
0.0
0.0
0.0
0.0
4.0
0.0
6.0
41.0
0.0
0.0
0.0
0.0
70.0
0.0
62.0
4.0
22.0
0.0
110.0
124.0
48.0
34.0
0.0
0.0
37.0
0.0
0.0
6.0
19.0
120.0
22.0
200.0
0.0
0.0
0.0
0.0
0.0
115.0
2.0
6.0
32.0
24.0
0.0
0.0
0.0
4.0
0.0
12.0
11.0
0.0
11.0
0.0
2.0
0.0
0.0
0.0
0.0
0.0
0.0
0.0
0.0
0.0
0.0
0.0
0.0
0.0
0.0
10.0
12.0
0.0
0.0
0.0
0.0
0.0
0.0
95.0
0.0
0.0
0.0
14.0
34.0
20.0
0.0
0.0
30.0
31.0
0.0
0.0
0.0
80.0
0.0
40.0
0.0
0.0
76.0
0.0
0.0
4.0
0.0
0.0
20.0
0.0
0.0
2.0
6.0
0.0
0.0
0.0
0.0
0.0
0.0
0.0
0.0
0.0
0.0
0.0
0.0
0.0
0.0
0.0
4.0
0.0
0.0
0.0
3.0
0.0
0.0
0.0
3.0
25.0
0.0
0.0
0.0
0.0
65.0
30.0
0.0
0.0
0.0
0.0
0.0
0.0
0.0
42.0
0.0
0.0
12.0
0.0
0.0
0.0
0.0
0.0
0.0
100.0
0.0
0.0
0.0
0.0
0.0
0.0
0.0
29.0
79.0
4.0
0.0
0.0
0.0
0.0
0.0
0.0
0.0
0.0
0.0
0.0
0.0
0.0
0.0
0.0
0.0
0.0
0.0
0.0
2.0
0.0
0.0
0.0
0.0
0.0
0.0
0.0
0.0
0.0
0.0
0.0
NaN
0.0
0.0
0.0
2.0
0.0
0.0
0.0
40.0
125.0
25.0
20.0
24.0
0.0
18.0
0.0
0.0
0.0
0.0
0.0
0.0
0.0
0.0
0.0
0.0
0.0
0.0
0.0
0.0
0.0
0.0
0.0
0.0
0.0
0.0
15.0
55.0
10.0
0.0
0.0
0.0
0.0
0.0
6.0
50.0
0.0
0.0
15.0
0.0
0.0
160.0
0.0
0.0
0.0
0.0
0.0
0.0
0.0
0.0
10.0
0.0
0.0
6.0
3.0
0.0
0.0
0.0
0.0
0.0
0.0
0.0
0.0
0.0
120.0
0.0
0.0
0.0
0.0
0.0
0.0
40.0
60.0
0.0
0.0
0.0
0.0
0.0
0.0
0.0
0.0
2.0
10.0
0.0
0.0
0.0
0.0
0.0
22.0
0.0
0.0
0.0
87.0
0.0
6.0
0.0
0.0
32.0
100.0
0.0
0.0
0.0
0.0
0.0
18.0
8.0
6.0
8.0
0.0
0.0
0.0
0.0
28.0
5.0
0.0
10.0
5.0
0.0
0.0
0.0
0.0
0.0
3.0
0.0
0.0
0.0
0.0
0.0
0.0
8.0
54.0
4.0
10.0
0.0
8.0
10.0
2.0
22.0
2.0
0.0
0.0
0.0
0.0
0.0
30.0
0.0
0.0
0.0
0.0
3.0
42.0
0.0
0.0
0.0
104.0
4.0
6.0
50.0
0.0
0.0
0.0
0.0
4.0
64.0
180.0
0.0
0.0
118.0
18.0
34.0
2.0
4.0
28.0
82.0
14.0
0.0
0.0
38.0
160.0
32.0
12.0
0.0
52.0
90.0
10.0
0.0
40.0
40.0
0.0
0.0
0.0
0.0
4.0
24.0
68.0
0.0
0.0
4.0
2.0
0.0
0.0
0.0
16.0
0.0
122.0
152.0
50.0
10.0
0.0
6.0
2.0
0.0
18.0
3.0
20.0
72.0
2.0
0.0
0.0
142.0
16.0
0.0
0.0
42.0
0.0
0.0
0.0
0.0
0.0
139.0
20.0
3.0
19.0
2.0
0.0
30.0
0.0
0.0
0.0
0.0
0.0
0.0
0.0
0.0
0.0
0.0
0.0
0.0
0.0
0.0
0.0
0.0
0.0
0.0
0.0
0.0
0.0
0.0
0.0
50.0
0.0
19.0
2.0
20.0
22.0
0.0
0.0
0.0
0.0
0.0
0.0
0.0
0.0
0.0
0.0
0.0
0.0
0.0
0.0
0.0
0.0
0.0
0.0
0.0
0.0
0.0
0.0
0.0
0.0
0.0
0.0
0.0
0.0
0.0
0.0
0.0
0.0
0.0
0.0
0.0
0.0
10.0
0.0
0.0
0.0
0.0
0.0
0.0
0.0
0.0
5.0
0.0
0.0
0.0
0.0
0.0
0.0
0.0
0.0
160.0
0.0
0.0
0.0
0.0
56.0
0.0
20.0
70.0
15.0
20.0
15.0
0.0
0.0
0.0
5.0
0.0
0.0
0.0
0.0
5.0
0.0
0.0
0.0
0.0
0.0
0.0
40.0
0.0
0.0
0.0
25.0
0.0
0.0
0.0
0.0
0.0
0.0
0.0
0.0
0.0
0.0
0.0
0.0
0.0
0.0
0.0
0.0
0.0
0.0
0.0
20.0
90.0
0.0
20.0
0.0
0.0
110.0
0.0
0.0
0.0
0.0
0.0
2.0
0.0
0.0
2.0
0.0
0.0
0.0
0.0
10.0
0.0
0.0
0.0
0.0
0.0
0.0
20.0
15.0
9.0
2.0
0.0
0.0
0.0
0.0
0.0
0.0
0.0
0.0
2.0
0.0
0.0
0.0
0.0
30.0
0.0
0.0
130.0
20.0
20.0
0.0
0.0
0.0
0.0
0.0
10.0
10.0
0.0
0.0
0.0
0.0
0.0
80.0
0.0
0.0
266.0
110.0
0.0
0.0
0.0
0.0
0.0
0.0
0.0
0.0
0.0
2.0
4.0
0.0
0.0
0.0
0.0
0.0
0.0
0.0
2.0
0.0
0.0
0.0
0.0
0.0
130.0
90.0
0.0
0.0
0.0
0.0
0.0
0.0
0.0
0.0
2.0
2.0
0.0
0.0
29.0
0.0
0.0
0.0
0.0
0.0
0.0
0.0
135.0
0.0
0.0
0.0
7.0
0.0
0.0
0.0
0.0
0.0
0.0
0.0
0.0
132.0
0.0
148.0
0.0
0.0
6.0
0.0
0.0
4.0
0.0
0.0
0.0
101.0
0.0
30.0
0.0
0.0
20.0
0.0
0.0
0.0
18.0
26.0
0.0
0.0
0.0
43.0
70.0
94.0
0.0
0.0
0.0
0.0
21.0
0.0
0.0
12.0
0.0
65.0
106.0
0.0
0.0
20.0
0.0
0.0
0.0
126.0
48.0
143.0
0.0
0.0
6.0
78.0
0.0
0.0
0.0
17.0
0.0
0.0
4.0
2.0
0.0
0.0
17.0
0.0
0.0
0.0
280.0
0.0
0.0
42.0
111.0
0.0
0.0
0.0
0.0
22.0
0.0
0.0
2.0
0.0
0.0
0.0
70.0
0.0
460.0
200.0
2.0
0.0
0.0
6.0
0.0
0.0
0.0
0.0
0.0
0.0
0.0
0.0
0.0
0.0
0.0
80.0
2.0
0.0
0.0
0.0
0.0
0.0
0.0
0.0
0.0
20.0
0.0
0.0
0.0
0.0
28.0
0.0
0.0
0.0
54.0
0.0
92.0
8.0
0.0
11.0
0.0
0.0
0.0
0.0
0.0
0.0
0.0
0.0
0.0
0.0
0.0
0.0
0.0
10.0
8.0
15.0
0.0
0.0
0.0
0.0
0.0
0.0
0.0
0.0
0.0
156.0
0.0
0.0
0.0
0.0
0.0
0.0
0.0
0.0
0.0
32.0
40.0
0.0
0.0
5.0
0.0
14.0
0.0
0.0
0.0
0.0
0.0
0.0
0.0
0.0
0.0
0.0
0.0
0.0
0.0
0.0
0.0
0.0
0.0
0.0
0.0
0.0
0.0
0.0
0.0
0.0
24.0
0.0
0.0
0.0
0.0
0.0
0.0
60.0
6.0
0.0
0.0
2.0
14.0
2.0
0.0
0.0
0.0
0.0
0.0
0.0
0.0
0.0
6.0
0.0
11.0
0.0
0.0
15.0
0.0
0.0
0.0
0.0
0.0
0.0
0.0
0.0
0.0
0.0
0.0
0.0
0.0
0.0
12.0
0.0
0.0
0.0
0.0
4.0
0.0
0.0
0.0
0.0
0.0
0.0
36.0
28.0
0.0
0.0
0.0
0.0
NaN
NaN
NaN
0.0
0.0
0.0
0.0
0.0
4.0
0.0
0.0
0.0
0.0
0.0
0.0
0.0
0.0
0.0
0.0
108.0
6.0
0.0
16.0
0.0
0.0
0.0
0.0
0.0
0.0
8.0
24.0
0.0
0.0
2.0
22.0
26.0
0.0
0.0
0.0
0.0
0.0
0.0
0.0
0.0
0.0
0.0
0.0
8.0
0.0
20.0
0.0
52.0
0.0
0.0
0.0
0.0
0.0
0.0
0.0
28.0
15.0
8.0
0.0
0.0
0.0
0.0
0.0
0.0
0.0
0.0
25.0
0.0
0.0
0.0
0.0
0.0
0.0
92.0
0.0
0.0
0.0
0.0
0.0
0.0
0.0
0.0
0.0
0.0
0.0
0.0
0.0
0.0
0.0
0.0
0.0
0.0
0.0
185.0
25.0
0.0
0.0
0.0
0.0
50.0
40.0
0.0
5.0
0.0
74.0
128.0
0.0
10.0
0.0
0.0
0.0
0.0
0.0
0.0
0.0
0.0
6.0
14.0
26.0
0.0
0.0
8.0
0.0
0.0
0.0
0.0
0.0
0.0
58.0
0.0
2.0
126.0
0.0
0.0
0.0
28.0
0.0
36.0
0.0
0.0
0.0
28.0
0.0
0.0
0.0
10.0
0.0
0.0
0.0
0.0
34.0
24.0
164.0
NaN
0.0
2.0
0.0
0.0
0.0
0.0
0.0
0.0
4.0
30.0
0.0
2.0
0.0
0.0
0.0
0.0
0.0
214.0
38.0
0.0
50.0
0.0
0.0
2.0
0.0
0.0
0.0
0.0
0.0
0.0
0.0
0.0
0.0
0.0
0.0
0.0
138.0
65.0
5.0
0.0
0.0
0.0
0.0
0.0
58.0
8.0
0.0
6.0
0.0
0.0
0.0
0.0
96.0
0.0
6.0
390.0
125.0
188.0
60.0
70.0
20.0
2.0
0.0
10.0
8.0
10.0
0.0
5.0
5.0
5.0
15.0
0.0
0.0
18.0
0.0
0.0
0.0
0.0
0.0
0.0
0.0
0.0
0.0
0.0
0.0
0.0
0.0
0.0
18.0
0.0
26.0
0.0
13.0
17.0
0.0
0.0
0.0
0.0
0.0
0.0
0.0
0.0
0.0
0.0
0.0
0.0
0.0
0.0
0.0
0.0
0.0
0.0
26.0
36.0
8.0
10.0
0.0
0.0
0.0
0.0
0.0
0.0
0.0
0.0
10.0
10.0
12.0
18.0
0.0
0.0
0.0
0.0
8.0
0.0
0.0
40.0
2.0
0.0
0.0
0.0
0.0
0.0
0.0
0.0
0.0
0.0
0.0
6.0
2.0
42.0
44.0
0.0
32.0
0.0
0.0
8.0
26.0
0.0
2.0
0.0
0.0
0.0
0.0
6.0
0.0
0.0
0.0
50.0
5.0
0.0
0.0
0.0
0.0
0.0
32.0
0.0
0.0
2.0
0.0
88.0
0.0
0.0
0.0
0.0
0.0
0.0
14.0
32.0
0.0
0.0
0.0
0.0
0.0
0.0
0.0
32.0
0.0
13.0
95.0
0.0
0.0
0.0
0.0
0.0
12.0
0.0
0.0
0.0
0.0
0.0
0.0
0.0
10.0
0.0
0.0
153.0
0.0
0.0
0.0
0.0
0.0
0.0
0.0
0.0
4.0
26.0
0.0
25.0
4.0
0.0
0.0
0.0
0.0
0.0
0.0
0.0
0.0
0.0
0.0
18.0
0.0
0.0
0.0
0.0
0.0
0.0
0.0
0.0
0.0
0.0
0.0
40.0
28.0
0.0
0.0
0.0
0.0
0.0
0.0
0.0
0.0
0.0
0.0
0.0
0.0
2.0
0.0
0.0
0.0
0.0
18.0
0.0
0.0
0.0
0.0
0.0
20.0
3.0
0.0
0.0
0.0
0.0
0.0
0.0
24.0
NaN
NaN
0.0
0.0
30.0
285.0
0.0
0.0
0.0
0.0
0.0
0.0
0.0
5.0
0.0
0.0
0.0
0.0
0.0
0.0
0.0
0.0
0.0
0.0
0.0
NaN
0.0
0.0
NaN
0.0
0.0
0.0
0.0
0.0
0.0
0.0
0.0
2.0
40.0
0.0
0.0
0.0
18.0
0.0
11.0
0.0
88.0
0.0
348.0
0.0
0.0
28.0
0.0
0.0
46.0
0.0
0.0
0.0
56.0
0.0
0.0
6.0
0.0
10.0
0.0
3.0
26.0
0.0
0.0
62.0
224.0
275.0
3.0
0.0
25.0
25.0
0.0
22.0
0.0
0.0
0.0
0.0
0.0
0.0
NaN
NaN
0.0
0.0
5.0
0.0
0.0
0.0
10.0
0.0
35.0
89.0
0.0
0.0
0.0
0.0
0.0
0.0
0.0
NaN
0.0
0.0
0.0
0.0
0.0
NaN
0.0
0.0
14.0
NaN
2.0
NaN
26.0
0.0
0.0
0.0
0.0
NaN
0.0
0.0
0.0
NaN
0.0
0.0
0.0
NaN
0.0
0.0
0.0
0.0
0.0
0.0
0.0
0.0
0.0
0.0
0.0
20.0
12.0
0.0
0.0
0.0
0.0
0.0
0.0
230.0
14.0
0.0
0.0
0.0
0.0
0.0
0.0
0.0
2.0
0.0
0.0
0.0
0.0
54.0
0.0
18.0
10.0
6.0
0.0
0.0
0.0
21.0
14.0
48.0
0.0
0.0
0.0
0.0
0.0
0.0
10.0
0.0
0.0
0.0
0.0
0.0
0.0
0.0
0.0
0.0
0.0
0.0
95.0
149.0
38.0
2.0
16.0
0.0
0.0
0.0
0.0
0.0
0.0
0.0
0.0
0.0
0.0
0.0
0.0
0.0
0.0
NaN
NaN
24.0
6.0
32.0
0.0
0.0
0.0
0.0
0.0
2.0
0.0
0.0
18.0
16.0
0.0
0.0
0.0
0.0
0.0
25.0
0.0
17.0
0.0
0.0
0.0
0.0
16.0
0.0
4.0
0.0
0.0
5.0
0.0
0.0
0.0
10.0
18.0
0.0
0.0
0.0
0.0
0.0
0.0
0.0
0.0
0.0
0.0
0.0
0.0
0.0
0.0
0.0
0.0
0.0
0.0
0.0
0.0
0.0
3.0
0.0
0.0
0.0
0.0
0.0
0.0
0.0
10.0
0.0
0.0
0.0
4.0
0.0
0.0
0.0
0.0
0.0
0.0
0.0
0.0
0.0
0.0
0.0
0.0
82.0
0.0
0.0
0.0
0.0
8.0
0.0
0.0
NaN
0.0
0.0
15.0
0.0
0.0
0.0
0.0
0.0
0.0
0.0
0.0
0.0
12.0
0.0
0.0
0.0
0.0
0.0
0.0
0.0
0.0
0.0
0.0
0.0
0.0
0.0
0.0
0.0
0.0
0.0
0.0
0.0
0.0
0.0
0.0
0.0
0.0
0.0
0.0
0.0
0.0
0.0
0.0
0.0
184.0
0.0
0.0
35.0
25.0
0.0
0.0
0.0
0.0
0.0
0.0
0.0
0.0
0.0
0.0
0.0
0.0
0.0
0.0
134.0
316.0
121.0
0.0
0.0
0.0
26.0
0.0
0.0
0.0
0.0
0.0
0.0
NaN
NaN
0.0
0.0
NaN
NaN
NaN
0.0
0.0
0.0
0.0
0.0
0.0
86.0
0.0
0.0
43.0
16.0
6.0
2.0
7.0
0.0
0.0
0.0
13.0
0.0
84.0
233.0
40.0
2.0
250.0
0.0
0.0
0.0
140.0
30.0
0.0
0.0
0.0
14.0
10.0
2.0
0.0
12.0
0.0
120.0
10.0
45.0
0.0
0.0
0.0
0.0
0.0
233.0
13.0
0.0
20.0
0.0
14.0
0.0
10.0
0.0
90.0
0.0
0.0
61.0
3.0
0.0
0.0
0.0
5.0
15.0
0.0
32.0
13.0
2.0
0.0
0.0
0.0
0.0
200.0
0.0
92.0
4.0
0.0
12.0
16.0
0.0
0.0
0.0
0.0
0.0
0.0
0.0
0.0
0.0
0.0
16.0
38.0
14.0
0.0
0.0
0.0
7.0
2.0
0.0
NaN
NaN
0.0
0.0
0.0
22.0
79.0
0.0
0.0
0.0
0.0
6.0
0.0
15.0
0.0
0.0
6.0
12.0
0.0
0.0
3.0
0.0
0.0
0.0
2.0
28.0
0.0
0.0
0.0
0.0
0.0
0.0
0.0
0.0
24.0
0.0
0.0
0.0
0.0
0.0
18.0
10.0
25.0
16.0
0.0
0.0
0.0
0.0
0.0
0.0
0.0
0.0
0.0
0.0
0.0
0.0
0.0
0.0
25.0
NaN
NaN
30.0
0.0
0.0
78.0
73.0
74.0
0.0
0.0
0.0
0.0
0.0
0.0
0.0
8.0
0.0
0.0
0.0
0.0
0.0
0.0
0.0
0.0
8.0
0.0
0.0
0.0
0.0
0.0
34.0
3.0
0.0
2.0
0.0
0.0
16.0
10.0
0.0
0.0
12.0
0.0
0.0
0.0
0.0
24.0
40.0
0.0
0.0
12.0
0.0
0.0
0.0
36.0
3.0
0.0
4.0
12.0
0.0
0.0
4.0
0.0
0.0
0.0
0.0
0.0
0.0
0.0
0.0
0.0
0.0
0.0
0.0
0.0
10.0
0.0
0.0
7.0
72.0
2.0
0.0
0.0
0.0
0.0
0.0
5.0
7.0
12.0
0.0
9.0
0.0
0.0
0.0
57.0
6.0
4.0
8.0
4.0
0.0
0.0
0.0
0.0
0.0
0.0
0.0
0.0
0.0
0.0
0.0
0.0
0.0
0.0
0.0
0.0
0.0
0.0
0.0
10.0
0.0
2.0
45.0
0.0
16.0
0.0
4.0
0.0
0.0
0.0
0.0
0.0
0.0
0.0
0.0
0.0
0.0
0.0
0.0
0.0
0.0
12.0
0.0
3.0
0.0
0.0
0.0
0.0
0.0
0.0
0.0
0.0
2.0
0.0
0.0
0.0
0.0
2.0
0.0
0.0
0.0
0.0
0.0
0.0
0.0
0.0
0.0
0.0
0.0
0.0
2.0
0.0
7.0
0.0
34.0
0.0
0.0
0.0
0.0
0.0
0.0
0.0
NaN
NaN
0.0
0.0
0.0
16.0
0.0
0.0
0.0
0.0
0.0
0.0
NaN
NaN
0.0
0.0
0.0
0.0
0.0
0.0
0.0
26.0
80.0
26.0
18.0
0.0
40.0
23.0
0.0
0.0
0.0
0.0
34.0
260.0
0.0
0.0
0.0
0.0
0.0
0.0
6.0
0.0
0.0
0.0
0.0
0.0
0.0
82.0
47.0
16.0
0.0
0.0
101.0
0.0
0.0
0.0
0.0
0.0
0.0
0.0
0.0
118.0
100.0
0.0
29.0
0.0
0.0
0.0
42.0
0.0
48.0
0.0
0.0
0.0
0.0
0.0
NaN
NaN
0.0
0.0
0.0
4.0
0.0
0.0
0.0
0.0
0.0
22.0
62.0
60.0
52.0
114.0
10.0
20.0
0.0
0.0
0.0
10.0
0.0
0.0
90.0
52.0
0.0
0.0
4.0
0.0
20.0
0.0
0.0
0.0
0.0
0.0
0.0
0.0
6.0
0.0
10.0
0.0
0.0
0.0
0.0
0.0
0.0
0.0
6.0
0.0
104.0
0.0
16.0
39.0
0.0
0.0
16.0
8.0
NaN
0.0
0.0
NaN
NaN
0.0
0.0
0.0
0.0
0.0
54.0
10.0
0.0
0.0
NaN
NaN
0.0
0.0
0.0
10.0
NaN
0.0
NaN
0.0
0.0
0.0
38.0
25.0
0.0
0.0
0.0
0.0
0.0
8.0
0.0
0.0
0.0
0.0
0.0
0.0
4.0
0.0
0.0
0.0
0.0
0.0
37.0
160.0
0.0
0.0
6.0
0.0
4.0
0.0
23.0
0.0
0.0
0.0
0.0
0.0
275.0
0.0
0.0
0.0
4.0
0.0
0.0
0.0
0.0
4.0
0.0
0.0
78.0
75.0
120.0
40.0
0.0
0.0
60.0
0.0
0.0
0.0
0.0
5.0
NaN
NaN
NaN
NaN
NaN
0.0
26.0
0.0
0.0
0.0
20.0
0.0
0.0
0.0
10.0
0.0
0.0
0.0
0.0
40.0
60.0
10.0
0.0
0.0
0.0
0.0
0.0
0.0
0.0
0.0
0.0
0.0
0.0
0.0
32.0
38.0
0.0
5.0
0.0
0.0
0.0
0.0
0.0
0.0
4.0
4.0
0.0
0.0
0.0
0.0
0.0
0.0
4.0
0.0
0.0
0.0
0.0
0.0
7.0
0.0
0.0
3.0
0.0
0.0
0.0
0.0
0.0
0.0
0.0
0.0
0.0
0.0
0.0
10.0
39.0
0.0
0.0
51.0
14.0
22.0
2.0
2.0
0.0
0.0
22.0
0.0
0.0
0.0
0.0
0.0
0.0
0.0
0.0
0.0
0.0
0.0
0.0
0.0
0.0
0.0
76.0
3.0
0.0
0.0
0.0
NaN
36.0
0.0
0.0
0.0
0.0
0.0
0.0
0.0
0.0
0.0
0.0
0.0
33.0
0.0
0.0
20.0
16.0
0.0
0.0
0.0
0.0
0.0
0.0
0.0
0.0
0.0
0.0
0.0
0.0
0.0
0.0
0.0
5.0
0.0
0.0
393.0
16.0
44.0
0.0
0.0
0.0
26.0
22.0
0.0
106.0
10.0
20.0
210.0
38.0
0.0
0.0
6.0
104.0
266.0
28.0
16.0
76.0
NaN
NaN
0.0
48.0
0.0
12.0
NaN
0.0
NaN
14.0
0.0
156.0
181.0
40.0
16.0
0.0
0.0
108.0
0.0
0.0
0.0
0.0
0.0
2.0
0.0
0.0
8.0
0.0
30.0
24.0
26.0
0.0
0.0
0.0
178.0
16.0
0.0
0.0
0.0
0.0
64.0
0.0
38.0
25.0
108.0
0.0
0.0
0.0
0.0
0.0
18.0
28.0
14.0
0.0
0.0
0.0
3.0
0.0
52.0
2.0
0.0
142.0
90.0
0.0
0.0
0.0
20.0
25.0
0.0
117.0
0.0
0.0
0.0
0.0
18.0
0.0
0.0
72.0
0.0
0.0
0.0
0.0
37.0
12.0
12.0
0.0
0.0
4.0
0.0
0.0
2.0
0.0
0.0
0.0
0.0
0.0
0.0
0.0
0.0
2.0
0.0
2.0
2.0
2.0
0.0
0.0
6.0
2.0
0.0
0.0
0.0
0.0
56.0
5.0
8.0
0.0
0.0
0.0
0.0
208.0
5.0
0.0
20.0
20.0
0.0
6.0
12.0
20.0
0.0
0.0
0.0
0.0
0.0
12.0
0.0
0.0
0.0
0.0
0.0
0.0
7.0
0.0
0.0
0.0
0.0
0.0
0.0
0.0
0.0
0.0
0.0
0.0
0.0
0.0
12.0
0.0
4.0
0.0
0.0
2.0
0.0
50.0
0.0
0.0
0.0
0.0
4.0
10.0
0.0
28.0
0.0
NaN
NaN
0.0
0.0
0.0
NaN
0.0
0.0
0.0
0.0
0.0
92.0
8.0
0.0
5.0
4.0
8.0
3.0
25.0
5.0
2.0
2.0
0.0
0.0
0.0
0.0
0.0
0.0
0.0
0.0
0.0
0.0
5.0
6.0
2.0
0.0
5.0
30.0
8.0
10.0
13.0
6.0
0.0
3.0
0.0
0.0
0.0
0.0
0.0
0.0
0.0
2.0
NaN
0.0
0.0
0.0
12.0
12.0
21.0
2.0
0.0
30.0
10.0
28.0
20.0
4.0
0.0
3.0
0.0
0.0
0.0
0.0
0.0
0.0
0.0
0.0
0.0
0.0
0.0
0.0
0.0
0.0
0.0
0.0
60.0
0.0
30.0
14.0
5.0
0.0
0.0
0.0
0.0
0.0
0.0
22.0
2.0
0.0
0.0
0.0
0.0
0.0
0.0
0.0
0.0
0.0
0.0
0.0
0.0
0.0
0.0
0.0
18.0
0.0
0.0
0.0
0.0
0.0
0.0
0.0
0.0
0.0
0.0
30.0
0.0
0.0
0.0
12.0
0.0
0.0
0.0
0.0
0.0
0.0
0.0
0.0
0.0
0.0
0.0
0.0
0.0
0.0
0.0
0.0
98.0
108.0
266.0
10.0
0.0
100.0
10.0
0.0
0.0
181.0
0.0
0.0
0.0
401.0
0.0
6.0
0.0
0.0
0.0
28.0
0.0
0.0
0.0
20.0
0.0
0.0
0.0
0.0
0.0
0.0
520.0
0.0
19.0
0.0
0.0
0.0
108.0
0.0
0.0
0.0
84.0
0.0
0.0
0.0
22.0
120.0
0.0
36.0
140.0
0.0
50.0
10.0
0.0
26.0
0.0
0.0
12.0
0.0
0.0
0.0
84.0
52.0
61.0
0.0
550.0
50.0
0.0
28.0
0.0
0.0
0.0
0.0
0.0
0.0
22.0
0.0
0.0
0.0
0.0
0.0
0.0
0.0
0.0
0.0
0.0
0.0
14.0
NaN
NaN
NaN
0.0
0.0
0.0
0.0
10.0
30.0
0.0
0.0
0.0
0.0
0.0
0.0
0.0
0.0
NaN
NaN
0.0
0.0
0.0
0.0
0.0
0.0
0.0
0.0
0.0
0.0
0.0
0.0
0.0
0.0
0.0
0.0
0.0
0.0
0.0
0.0
0.0
0.0
0.0
0.0
0.0
0.0
0.0
0.0
0.0
0.0
0.0
0.0
0.0
0.0
188.0
8.0
20.0
0.0
0.0
0.0
0.0
0.0
0.0
0.0
0.0
0.0
NaN
NaN
0.0
0.0
20.0
20.0
0.0
60.0
0.0
0.0
0.0
20.0
80.0
0.0
0.0
0.0
0.0
0.0
NaN
NaN
0.0
0.0
0.0
0.0
0.0
0.0
0.0
0.0
0.0
0.0
0.0
0.0
0.0
0.0
0.0
0.0
0.0
0.0
0.0
0.0
0.0
0.0
0.0
0.0
0.0
0.0
0.0
0.0
2.0
6.0
0.0
0.0
0.0
0.0
0.0
0.0
0.0
100.0
94.0
0.0
0.0
0.0
0.0
0.0
20.0
0.0
0.0
0.0
0.0
0.0
0.0
0.0
0.0
0.0
0.0
0.0
0.0
0.0
0.0
0.0
0.0
0.0
0.0
0.0
0.0
0.0
0.0
0.0
0.0
0.0
0.0
0.0
0.0
0.0
0.0
0.0
0.0
0.0
0.0
0.0
0.0
0.0
0.0
0.0
0.0
0.0
0.0
0.0
0.0
0.0
0.0
0.0
0.0
0.0
0.0
0.0
0.0
0.0
0.0
0.0
0.0
0.0
0.0
0.0
0.0
0.0
0.0
0.0
0.0
0.0
0.0
0.0
0.0
0.0
0.0
0.0
0.0
0.0
0.0
0.0
