574.0
221.0
260.0
75.0
120.0
232.0
365.0
38.0
218.0
516.0
942.0
784.0
420.0
327.0
8.0
110.0
182.0
135.0
416.0
260.0
1090.0
424.0
234.0
612.0
446.0
144.0
303.0
305.0
165.0
10.0
93.0
128.0
450.0
852.0
302.0
904.0
454.0
344.0
386.0
245.0
425.0
135.0
265.0
269.0
582.0
1296.0
1214.0
568.0
426.0
34.0
207.0
300.0
90.0
230.0
435.0
322.0
1242.0
970.0
922.0
206.0
886.0
485.0
206.0
400.0
195.0
285.0
80.0
252.0
466.0
508.0
1032.0
210.0
609.0
92.0
200.0
253.0
65.0
25.0
380.0
236.0
230.0
894.0
1058.0
1024.0
566.0
96.0
136.0
175.0
295.0
55.0
65.0
230.0
330.0
1193.0
752.0
958.0
556.0
78.0
216.0
225.0
740.0
390.0
697.0
410.0
480.0
784.0
454.0
1208.0
208.0
430.0
540.0
135.0
200.0
260.0
335.0
524.0
308.0
562.0
1314.0
394.0
1014.0
180.0
340.0
420.0
265.0
150.0
165.0
185.0
281.0
600.0
464.0
338.0
336.0
320.0
70.0
220.0
635.0
240.0
100.0
20.0
420.0
1982.0
862.0
702.0
684.0
370.0
170.0
255.0
290.0
110.0
220.0
240.0
1098.0
888.0
868.0
776.0
524.0
224.0
80.0
140.0
440.0
52.0
218.0
377.0
346.0
920.0
1830.0
438.0
574.0
316.0
419.0
520.0
60.0
140.0
220.0
160.0
618.0
1008.0
538.0
86.0
317.0
195.0
330.0
415.0
175.0
10.0
340.0
264.0
94.0
1118.0
418.0
1202.0
282.0
260.0
85.0
650.0
75.0
180.0
211.0
866.0
356.0
786.0
294.0
198.0
248.0
206.0
120.0
255.0
380.0
105.0
570.0
142.0
1376.0
496.0
744.0
1230.0
392.0
556.0
80.0
330.0
225.0
110.0
489.0
86.0
462.0
1790.0
580.0
292.0
100.0
288.0
447.0
260.0
292.0
365.0
315.0
168.0
770.0
546.0
70.0
334.0
350.0
214.0
478.0
145.0
90.0
205.0
264.0
64.0
766.0
992.0
318.0
294.0
346.0
326.0
110.0
NaN
NaN
170.0
440.0
40.0
222.0
846.0
1360.0
390.0
320.0
518.0
103.0
330.0
130.0
NaN
694.0
192.0
302.0
404.0
892.0
890.0
218.0
483.0
NaN
350.0
310.0
130.0
50.0
552.0
1442.0
696.0
NaN
1014.0
352.0
NaN
580.0
380.0
415.0
105.0
385.0
544.0
810.0
958.0
548.0
492.0
NaN
268.0
320.0
120.0
200.0
70.0
450.0
374.0
928.0
1504.0
348.0
1018.0
NaN
314.0
622.0
NaN
390.0
140.0
490.0
424.0
308.0
1756.0
926.0
206.0
NaN
524.0
190.0
850.0
430.0
260.0
380.0
614.0
894.0
1530.0
342.0
1274.0
696.0
236.0
NaN
130.0
270.0
260.0
434.0
196.0
NaN
572.0
1700.0
338.0
626.0
562.0
368.0
330.0
160.0
214.0
NaN
NaN
400.0
1092.0
1122.0
758.0
544.0
1458.0
168.0
470.0
250.0
130.0
510.0
38.0
462.0
662.0
244.0
696.0
568.0
128.0
