0.0
0.0
0.0
0.0
0.0
0.0
0.0
0.0
0.0
0.0
0.0
40.0
33.0
0.0
100.0
0.0
0.0
0.0
0.0
0.0
0.0
0.0
0.0
0.0
0.0
0.0
10.0
0.0
0.0
0.0
0.0
26.0
0.0
0.0
0.0
0.0
10.0
0.0
0.0
20.0
0.0
0.0
0.0
0.0
0.0
0.0
0.0
0.0
10.0
50.0
0.0
0.0
0.0
80.0
0.0
0.0
0.0
10.0
0.0
0.0
0.0
NaN
0.0
0.0
0.0
0.0
0.0
0.0
0.0
0.0
0.0
0.0
4.0
0.0
0.0
0.0
0.0
NaN
NaN
0.0
NaN
0.0
0.0
NaN
NaN
0.0
NaN
NaN
0.0
NaN
NaN
0.0
0.0
0.0
0.0
0.0
0.0
0.0
0.0
0.0
0.0
0.0
80.0
100.0
20.0
0.0
0.0
0.0
0.0
0.0
0.0
0.0
0.0
0.0
0.0
0.0
0.0
2.0
0.0
0.0
0.0
0.0
0.0
0.0
0.0
0.0
0.0
0.0
0.0
0.0
0.0
0.0
0.0
0.0
0.0
0.0
0.0
0.0
0.0
0.0
0.0
0.0
10.0
0.0
0.0
0.0
0.0
0.0
0.0
0.0
0.0
0.0
0.0
0.0
0.0
0.0
0.0
0.0
10.0
40.0
0.0
0.0
0.0
0.0
0.0
50.0
0.0
0.0
0.0
0.0
0.0
0.0
0.0
0.0
0.0
0.0
0.0
20.0
24.0
0.0
0.0
0.0
0.0
0.0
0.0
0.0
0.0
0.0
0.0
0.0
0.0
24.0
0.0
0.0
0.0
0.0
0.0
0.0
0.0
0.0
0.0
0.0
0.0
0.0
16.0
0.0
0.0
6.0
26.0
NaN
NaN
0.0
0.0
10.0
0.0
0.0
0.0
6.0
40.0
20.0
10.0
0.0
0.0
0.0
0.0
0.0
0.0
0.0
0.0
0.0
0.0
0.0
0.0
0.0
0.0
3.0
5.0
0.0
50.0
0.0
26.0
50.0
0.0
0.0
0.0
0.0
0.0
0.0
0.0
144.0
0.0
0.0
0.0
0.0
40.0
0.0
0.0
10.0
80.0
0.0
0.0
0.0
0.0
0.0
56.0
64.0
36.0
0.0
0.0
0.0
0.0
190.0
0.0
NaN
NaN
NaN
NaN
60.0
0.0
0.0
0.0
0.0
0.0
0.0
0.0
20.0
24.0
NaN
NaN
0.0
212.0
0.0
0.0
128.0
52.0
20.0
0.0
0.0
0.0
84.0
0.0
0.0
0.0
6.0
0.0
10.0
0.0
0.0
0.0
0.0
0.0
0.0
0.0
0.0
260.0
0.0
30.0
0.0
0.0
80.0
0.0
0.0
0.0
0.0
106.0
20.0
0.0
10.0
0.0
0.0
0.0
19.0
40.0
40.0
0.0
18.0
9.0
146.0
0.0
2.0
14.0
0.0
NaN
NaN
0.0
18.0
26.0
0.0
0.0
0.0
0.0
0.0
0.0
0.0
10.0
50.0
0.0
0.0
0.0
0.0
0.0
0.0
0.0
0.0
0.0
0.0
0.0
0.0
0.0
0.0
0.0
0.0
0.0
0.0
0.0
0.0
0.0
0.0
0.0
0.0
0.0
0.0
0.0
0.0
0.0
0.0
0.0
0.0
10.0
5.0
0.0
0.0
0.0
0.0
0.0
0.0
20.0
0.0
70.0
0.0
0.0
0.0
0.0
0.0
0.0
0.0
0.0
0.0
0.0
0.0
0.0
0.0
0.0
0.0
0.0
0.0
0.0
60.0
0.0
0.0
60.0
0.0
0.0
0.0
0.0
0.0
0.0
0.0
0.0
0.0
0.0
0.0
0.0
0.0
0.0
0.0
0.0
0.0
0.0
0.0
0.0
0.0
0.0
0.0
20.0
60.0
40.0
0.0
20.0
0.0
0.0
0.0
0.0
0.0
0.0
0.0
0.0
20.0
0.0
50.0
30.0
50.0
0.0
NaN
0.0
0.0
0.0
60.0
0.0
0.0
0.0
80.0
0.0
0.0
0.0
0.0
0.0
0.0
0.0
0.0
60.0
10.0
20.0
60.0
0.0
0.0
0.0
0.0
0.0
0.0
0.0
0.0
0.0
0.0
0.0
0.0
0.0
0.0
0.0
0.0
0.0
0.0
0.0
0.0
0.0
0.0
0.0
0.0
0.0
20.0
NaN
NaN
0.0
0.0
0.0
NaN
0.0
0.0
0.0
0.0
0.0
0.0
0.0
0.0
0.0
0.0
0.0
0.0
0.0
0.0
0.0
0.0
20.0
0.0
0.0
0.0
0.0
0.0
0.0
0.0
0.0
0.0
0.0
0.0
0.0
0.0
0.0
0.0
0.0
0.0
0.0
0.0
0.0
0.0
80.0
0.0
0.0
0.0
0.0
0.0
0.0
0.0
0.0
0.0
0.0
0.0
0.0
0.0
0.0
0.0
0.0
0.0
0.0
0.0
0.0
0.0
0.0
0.0
0.0
0.0
0.0
0.0
0.0
0.0
0.0
0.0
0.0
0.0
6.0
0.0
0.0
0.0
88.0
30.0
0.0
94.0
76.0
0.0
56.0
16.0
0.0
0.0
0.0
0.0
0.0
20.0
0.0
0.0
0.0
36.0
8.0
0.0
56.0
0.0
0.0
40.0
70.0
94.0
12.0
0.0
75.0
4.0
0.0
8.0
14.0
0.0
0.0
0.0
84.0
0.0
0.0
244.0
36.0
120.0
0.0
0.0
0.0
0.0
0.0
0.0
48.0
0.0
0.0
0.0
0.0
0.0
0.0
0.0
0.0
22.0
16.0
0.0
126.0
6.0
0.0
0.0
26.0
90.0
0.0
0.0
0.0
0.0
0.0
0.0
0.0
0.0
0.0
0.0
0.0
NaN
0.0
40.0
0.0
0.0
200.0
0.0
0.0
0.0
0.0
56.0
0.0
0.0
0.0
0.0
0.0
170.0
0.0
0.0
0.0
0.0
0.0
0.0
102.0
0.0
110.0
8.0
NaN
NaN
0.0
0.0
0.0
0.0
254.0
0.0
0.0
0.0
0.0
0.0
0.0
0.0
38.0
0.0
0.0
198.0
0.0
0.0
0.0
0.0
0.0
0.0
0.0
0.0
0.0
0.0
0.0
0.0
0.0
0.0
0.0
0.0
0.0
80.0
16.0
0.0
0.0
4.0
0.0
0.0
0.0
0.0
0.0
44.0
18.0
0.0
24.0
20.0
60.0
166.0
0.0
0.0
NaN
NaN
0.0
0.0
0.0
0.0
0.0
0.0
0.0
0.0
0.0
0.0
0.0
0.0
0.0
0.0
0.0
0.0
0.0
0.0
0.0
0.0
20.0
98.0
0.0
0.0
0.0
0.0
0.0
0.0
0.0
0.0
0.0
0.0
0.0
0.0
90.0
30.0
0.0
0.0
0.0
0.0
40.0
0.0
0.0
0.0
0.0
25.0
0.0
10.0
0.0
0.0
0.0
0.0
80.0
10.0
0.0
0.0
0.0
0.0
0.0
0.0
0.0
0.0
0.0
0.0
0.0
0.0
0.0
10.0
10.0
0.0
40.0
0.0
0.0
0.0
0.0
10.0
10.0
0.0
NaN
0.0
0.0
0.0
0.0
0.0
80.0
50.0
80.0
0.0
10.0
0.0
10.0
10.0
0.0
0.0
0.0
0.0
0.0
0.0
0.0
0.0
0.0
0.0
0.0
0.0
NaN
0.0
0.0
0.0
0.0
NaN
0.0
0.0
10.0
0.0
0.0
0.0
0.0
0.0
0.0
0.0
0.0
0.0
0.0
0.0
70.0
35.0
0.0
0.0
0.0
0.0
0.0
0.0
10.0
20.0
0.0
0.0
0.0
0.0
0.0
0.0
0.0
18.0
0.0
20.0
0.0
8.0
0.0
0.0
0.0
0.0
154.0
0.0
20.0
0.0
136.0
50.0
0.0
0.0
0.0
0.0
0.0
30.0
0.0
20.0
0.0
0.0
0.0
0.0
0.0
0.0
0.0
0.0
0.0
0.0
170.0
8.0
0.0
0.0
0.0
10.0
0.0
26.0
30.0
10.0
10.0
6.0
0.0
0.0
0.0
0.0
0.0
110.0
76.0
10.0
0.0
67.0
170.0
0.0
0.0
0.0
176.0
80.0
0.0
34.0
16.0
0.0
0.0
0.0
20.0
0.0
234.0
0.0
0.0
0.0
0.0
0.0
0.0
0.0
0.0
0.0
0.0
0.0
0.0
0.0
44.0
0.0
0.0
0.0
0.0
0.0
0.0
0.0
0.0
0.0
0.0
0.0
0.0
0.0
0.0
40.0
62.0
46.0
18.0
165.0
106.0
10.0
46.0
0.0
0.0
0.0
0.0
0.0
0.0
0.0
0.0
0.0
0.0
0.0
40.0
0.0
106.0
0.0
0.0
0.0
0.0
0.0
20.0
0.0
110.0
0.0
0.0
0.0
0.0
68.0
0.0
0.0
40.0
0.0
0.0
210.0
0.0
0.0
0.0
0.0
0.0
0.0
0.0
0.0
0.0
0.0
0.0
0.0
0.0
40.0
70.0
0.0
0.0
0.0
10.0
0.0
0.0
0.0
0.0
0.0
0.0
0.0
0.0
34.0
0.0
0.0
0.0
0.0
0.0
0.0
0.0
0.0
0.0
32.0
0.0
0.0
0.0
0.0
0.0
0.0
0.0
0.0
0.0
0.0
0.0
0.0
66.0
0.0
0.0
0.0
0.0
0.0
0.0
0.0
0.0
0.0
0.0
0.0
0.0
0.0
0.0
0.0
0.0
0.0
0.0
0.0
0.0
18.0
0.0
0.0
10.0
132.0
0.0
0.0
0.0
0.0
76.0
30.0
0.0
0.0
0.0
0.0
0.0
0.0
30.0
102.0
0.0
0.0
0.0
30.0
100.0
100.0
0.0
0.0
0.0
0.0
0.0
20.0
70.0
0.0
0.0
0.0
0.0
0.0
0.0
NaN
0.0
0.0
0.0
0.0
0.0
0.0
70.0
20.0
110.0
0.0
0.0
0.0
0.0
0.0
12.0
0.0
0.0
20.0
0.0
0.0
45.0
30.0
0.0
0.0
0.0
60.0
20.0
0.0
0.0
0.0
0.0
0.0
0.0
0.0
0.0
0.0
0.0
0.0
0.0
0.0
0.0
0.0
0.0
0.0
30.0
50.0
0.0
80.0
0.0
0.0
0.0
0.0
0.0
0.0
0.0
0.0
0.0
0.0
60.0
120.0
40.0
20.0
0.0
0.0
0.0
0.0
0.0
0.0
0.0
0.0
20.0
0.0
30.0
0.0
0.0
0.0
0.0
0.0
0.0
0.0
0.0
0.0
0.0
0.0
190.0
0.0
0.0
0.0
0.0
0.0
0.0
0.0
0.0
0.0
0.0
0.0
0.0
14.0
0.0
0.0
0.0
0.0
0.0
0.0
0.0
0.0
0.0
0.0
0.0
0.0
0.0
0.0
0.0
0.0
0.0
0.0
0.0
0.0
0.0
10.0
10.0
30.0
20.0
0.0
10.0
0.0
0.0
NaN
0.0
0.0
0.0
0.0
0.0
300.0
0.0
0.0
20.0
0.0
30.0
0.0
0.0
0.0
0.0
0.0
0.0
0.0
0.0
0.0
0.0
10.0
0.0
0.0
0.0
20.0
20.0
0.0
NaN
0.0
0.0
154.0
20.0
0.0
0.0
0.0
0.0
0.0
36.0
0.0
0.0
90.0
120.0
0.0
0.0
0.0
30.0
0.0
0.0
0.0
0.0
40.0
0.0
0.0
0.0
20.0
116.0
0.0
0.0
30.0
48.0
46.0
0.0
0.0
0.0
198.0
0.0
12.0
