89.0
0.0
0.0
0.0
0.0
0.0
0.0
173.0
0.0
170.0
53.0
0.0
325.0
10.0
0.0
0.0
0.0
0.0
76.0
0.0
0.0
3.0
18.0
0.0
0.0
0.0
0.0
0.0
0.0
0.0
0.0
152.0
0.0
0.0
0.0
0.0
0.0
0.0
0.0
0.0
0.0
0.0
574.0
0.0
0.0
46.0
137.0
0.0
97.0
25.0
41.0
0.0
38.0
8.0
0.0
0.0
0.0
91.0
0.0
183.0
0.0
86.0
0.0
0.0
36.0
109.0
15.0
0.0
0.0
0.0
36.0
38.0
0.0
0.0
0.0
0.0
0.0
0.0
0.0
259.0
0.0
0.0
0.0
69.0
89.0
0.0
5.0
91.0
0.0
0.0
0.0
0.0
69.0
0.0
0.0
0.0
0.0
0.0
0.0
0.0
0.0
0.0
20.0
0.0
0.0
25.0
0.0
0.0
0.0
0.0
0.0
18.0
0.0
0.0
53.0
224.0
191.0
0.0
5.0
0.0
0.0
74.0
0.0
0.0
0.0
0.0
0.0
0.0
0.0
0.0
0.0
0.0
0.0
0.0
38.0
0.0
0.0
0.0
0.0
0.0
150.0
0.0
0.0
0.0
58.0
38.0
8.0
0.0
0.0
0.0
180.0
8.0
0.0
0.0
0.0
33.0
8.0
0.0
0.0
0.0
0.0
0.0
0.0
10.0
0.0
119.0
0.0
124.0
130.0
0.0
0.0
NaN
0.0
0.0
25.0
76.0
0.0
0.0
0.0
0.0
0.0
0.0
0.0
0.0
0.0
5.0
168.0
0.0
0.0
0.0
0.0
0.0
48.0
5.0
13.0
0.0
0.0
13.0
69.0
0.0
0.0
10.0
0.0
0.0
0.0
0.0
0.0
0.0
0.0
0.0
15.0
0.0
0.0
0.0
0.0
20.0
0.0
13.0
99.0
51.0
25.0
13.0
0.0
0.0
0.0
0.0
0.0
107.0
10.0
0.0
0.0
0.0
0.0
0.0
48.0
0.0
0.0
0.0
0.0
86.0
0.0
25.0
13.0
0.0
33.0
0.0
0.0
46.0
0.0
8.0
0.0
8.0
0.0
0.0
0.0
51.0
0.0
127.0
0.0
0.0
8.0
0.0
81.0
38.0
0.0
112.0
0.0
102.0
0.0
61.0
0.0
33.0
0.0
0.0
0.0
0.0
0.0
0.0
0.0
0.0
0.0
38.0
0.0
109.0
20.0
25.0
0.0
25.0
0.0
0.0
0.0
15.0
0.0
0.0
0.0
0.0
0.0
0.0
0.0
0.0
0.0
0.0
0.0
0.0
0.0
0.0
0.0
0.0
74.0
0.0
0.0
64.0
0.0
0.0
0.0
43.0
5.0
NaN
NaN
0.0
0.0
10.0
0.0
0.0
0.0
25.0
0.0
0.0
0.0
0.0
0.0
30.0
91.0
109.0
23.0
41.0
0.0
0.0
28.0
0.0
46.0
5.0
0.0
0.0
0.0
0.0
0.0
0.0
0.0
0.0
0.0
0.0
0.0
0.0
0.0
0.0
0.0
0.0
0.0
0.0
0.0
0.0
79.0
0.0
58.0
0.0
25.0
0.0
0.0
0.0
0.0
0.0
10.0
0.0
0.0
10.0
0.0
0.0
0.0
0.0
0.0
0.0
0.0
0.0
15.0
13.0
91.0
10.0
5.0
28.0
0.0
0.0
8.0
5.0
8.0
0.0
0.0
0.0
58.0
3.0
0.0
191.0
0.0
28.0
0.0
0.0
0.0
36.0
0.0
0.0
0.0
0.0
0.0
0.0
0.0
20.0
0.0
0.0
0.0
0.0
137.0
208.0
0.0
0.0
0.0
0.0
48.0
0.0
0.0
30.0
119.0
0.0
0.0
0.0
64.0
10.0
10.0
0.0
0.0
122.0
0.0
0.0
104.0
0.0
0.0
8.0
0.0
53.0
5.0
0.0
51.0
3.0
0.0
8.0
157.0
0.0
0.0
0.0
0.0
58.0
23.0
3.0
0.0
13.0
66.0
0.0
221.0
0.0
0.0
0.0
0.0
0.0
97.0
0.0
0.0
0.0
94.0
0.0
203.0
86.0
0.0
10.0
0.0
0.0
3.0
43.0
41.0
0.0
0.0
0.0
0.0
3.0
0.0
25.0
0.0
0.0
272.0
211.0
0.0
23.0
0.0
0.0
0.0
5.0
0.0
0.0
0.0
3.0
0.0
0.0
0.0
0.0
0.0
0.0
0.0
0.0
0.0
0.0
84.0
0.0
0.0
0.0
0.0
0.0
0.0
0.0
28.0
20.0
13.0
8.0
8.0
41.0
0.0
0.0
0.0
0.0
0.0
0.0
0.0
0.0
25.0
13.0
0.0
0.0
33.0
0.0
0.0
0.0
58.0
23.0
74.0
0.0
0.0
0.0
0.0
0.0
58.0
8.0
13.0
0.0
0.0
10.0
0.0
0.0
117.0
20.0
0.0
0.0
0.0
69.0
18.0
185.0
0.0
0.0
13.0
0.0
0.0
0.0
0.0
10.0
0.0
0.0
0.0
0.0
0.0
0.0
0.0
0.0
0.0
0.0
0.0
0.0
0.0
147.0
56.0
170.0
0.0
0.0
38.0
18.0
0.0
0.0
0.0
0.0
0.0
89.0
46.0
0.0
0.0
0.0
112.0
0.0
0.0
0.0
0.0
290.0
51.0
0.0
0.0
0.0
0.0
0.0
0.0
152.0
18.0
0.0
0.0
20.0
0.0
0.0
0.0
0.0
0.0
23.0
0.0
3.0
0.0
0.0
0.0
0.0
0.0
0.0
0.0
51.0
0.0
0.0
119.0
43.0
0.0
0.0
33.0
0.0
0.0
0.0
8.0
0.0
0.0
0.0
0.0
0.0
0.0
0.0
0.0
0.0
8.0
0.0
0.0
0.0
0.0
0.0
0.0
0.0
0.0
0.0
0.0
0.0
0.0
0.0
0.0
0.0
191.0
64.0
0.0
0.0
0.0
0.0
180.0
0.0
0.0
0.0
0.0
0.0
0.0
0.0
0.0
28.0
5.0
0.0
15.0
0.0
0.0
0.0
0.0
0.0
0.0
0.0
0.0
53.0
0.0
0.0
25.0
43.0
0.0
0.0
56.0
3.0
0.0
0.0
0.0
0.0
0.0
91.0
0.0
0.0
0.0
0.0
0.0
38.0
0.0
0.0
0.0
0.0
61.0
0.0
0.0
0.0
0.0
0.0
0.0
0.0
117.0
97.0
0.0
0.0
0.0
0.0
0.0
0.0
124.0
0.0
0.0
25.0
0.0
0.0
0.0
0.0
0.0
0.0
0.0
0.0
0.0
0.0
10.0
0.0
0.0
0.0
0.0
0.0
0.0
0.0
0.0
0.0
0.0
0.0
0.0
0.0
0.0
0.0
25.0
0.0
0.0
0.0
0.0
0.0
0.0
0.0
0.0
56.0
13.0
3.0
107.0
10.0
3.0
0.0
13.0
0.0
0.0
0.0
0.0
0.0
0.0
0.0
3.0
8.0
0.0
0.0
0.0
36.0
0.0
0.0
66.0
0.0
58.0
3.0
0.0
0.0
0.0
0.0
0.0
0.0
0.0
0.0
0.0
0.0
0.0
0.0
0.0
0.0
76.0
0.0
13.0
76.0
0.0
0.0
0.0
0.0
0.0
38.0
33.0
25.0
0.0
0.0
0.0
0.0
25.0
0.0
0.0
25.0
25.0
0.0
0.0
0.0
64.0
0.0
0.0
0.0
0.0
0.0
0.0
178.0
56.0
0.0
51.0
0.0
76.0
0.0
0.0
25.0
0.0
0.0
28.0
64.0
0.0
0.0
0.0
104.0
51.0
0.0
25.0
25.0
0.0
0.0
102.0
8.0
0.0
0.0
0.0
0.0
33.0
0.0
0.0
0.0
0.0
0.0
38.0
0.0
0.0
38.0
0.0
0.0
20.0
0.0
0.0
0.0
0.0
8.0
0.0
13.0
0.0
0.0
0.0
0.0
0.0
0.0
0.0
23.0
15.0
0.0
3.0
163.0
0.0
51.0
0.0
0.0
36.0
0.0
0.0
23.0
13.0
0.0
0.0
0.0
0.0
0.0
0.0
168.0
86.0
8.0
0.0
41.0
8.0
0.0
8.0
0.0
244.0
28.0
0.0
99.0
0.0
99.0
25.0
0.0
0.0
0.0
0.0
10.0
0.0
0.0
0.0
20.0
0.0
0.0
0.0
140.0
0.0
0.0
0.0
0.0
0.0
150.0
94.0
107.0
0.0
0.0
0.0
0.0
0.0
0.0
0.0
18.0
216.0
0.0
0.0
0.0
5.0
241.0
0.0
0.0
64.0
0.0
0.0
0.0
0.0
0.0
0.0
0.0
130.0
0.0
0.0
0.0
0.0
0.0
0.0
0.0
0.0
10.0
0.0
0.0
0.0
0.0
269.0
0.0
13.0
0.0
0.0
5.0
0.0
221.0
53.0
0.0
33.0
0.0
58.0
13.0
86.0
0.0
3.0
0.0
0.0
0.0
0.0
38.0
0.0
0.0
381.0
66.0
28.0
0.0
0.0
0.0
8.0
5.0
0.0
0.0
76.0
333.0
20.0
99.0
0.0
0.0
0.0
0.0
0.0
145.0
0.0
0.0
0.0
0.0
46.0
0.0
0.0
0.0
0.0
0.0
0.0
0.0
152.0
0.0
0.0
0.0
0.0
0.0
0.0
0.0
23.0
391.0
0.0
13.0
0.0
0.0
0.0
18.0
38.0
0.0
25.0
221.0
76.0
30.0
0.0
0.0
0.0
0.0
241.0
0.0
0.0
0.0
0.0
0.0
0.0
0.0
0.0
0.0
3.0
0.0
0.0
33.0
0.0
0.0
0.0
15.0
0.0
0.0
0.0
18.0
216.0
0.0
0.0
25.0
0.0
61.0
5.0
8.0
43.0
0.0
0.0
0.0
0.0
10.0
0.0
0.0
8.0
0.0
0.0
36.0
15.0
0.0
0.0
0.0
0.0
0.0
0.0
0.0
0.0
0.0
0.0
NaN
NaN
0.0
0.0
0.0
0.0
0.0
0.0
46.0
0.0
0.0
0.0
0.0
58.0
0.0
0.0
0.0
0.0
0.0
0.0
0.0
0.0
0.0
0.0
0.0
0.0
18.0
28.0
0.0
8.0
89.0
76.0
0.0
0.0
0.0
0.0
30.0
0.0
23.0
64.0
0.0
0.0
25.0
20.0
8.0
51.0
51.0
0.0
51.0
0.0
0.0
127.0
53.0
8.0
28.0
0.0
0.0
0.0
0.0
0.0
76.0
0.0
0.0
51.0
20.0
142.0
3.0
0.0
0.0
0.0
10.0
0.0
0.0
38.0
38.0
5.0
0.0
0.0
0.0
124.0
74.0
0.0
0.0
8.0
3.0
8.0
0.0
0.0
8.0
38.0
0.0
8.0
0.0
0.0
274.0
102.0
38.0
0.0
86.0
8.0
0.0
0.0
0.0
0.0
114.0
0.0
0.0
0.0
0.0
0.0
97.0
8.0
353.0
0.0
38.0
0.0
0.0
0.0
0.0
0.0
0.0
152.0
25.0
0.0
13.0
0.0
13.0
406.0
76.0
0.0
0.0
0.0
0.0
0.0
33.0
236.0
130.0
8.0
0.0
0.0
28.0
0.0
0.0
0.0
13.0
25.0
33.0
0.0
168.0
0.0
0.0
0.0
25.0
89.0
13.0
0.0
51.0
13.0
0.0
69.0
0.0
0.0
25.0
152.0
0.0
0.0
0.0
15.0
51.0
0.0
23.0
0.0
25.0
23.0
0.0
0.0
30.0
46.0
0.0
175.0
0.0
0.0
0.0
33.0
0.0
0.0
0.0
94.0
3.0
0.0
0.0
0.0
0.0
10.0
0.0
0.0
43.0
8.0
122.0
0.0
0.0
152.0
0.0
0.0
0.0
0.0
0.0
0.0
3.0
0.0
0.0
0.0
0.0
56.0
0.0
10.0
8.0
71.0
208.0
0.0
0.0
0.0
0.0
5.0
43.0
33.0
0.0
0.0
0.0
3.0
0.0
0.0
0.0
0.0
0.0
0.0
0.0
0.0
0.0
0.0
5.0
0.0
0.0
0.0
0.0
0.0
84.0
0.0
0.0
0.0
0.0
0.0
0.0
0.0
0.0
10.0
0.0
0.0
13.0
89.0
109.0
0.0
0.0
0.0
0.0
0.0
0.0
30.0
0.0
30.0
0.0
0.0
0.0
0.0
10.0
0.0
0.0
0.0
0.0
0.0
0.0
20.0
0.0
0.0
0.0
30.0
53.0
180.0
64.0
0.0
0.0
0.0
145.0
10.0
0.0
0.0
0.0
0.0
0.0
0.0
0.0
38.0
117.0
8.0
0.0
0.0
0.0
0.0
0.0
109.0
25.0
132.0
0.0
0.0
28.0
5.0
0.0
0.0
0.0
3.0
13.0
0.0
0.0
0.0
127.0
5.0
0.0
0.0
0.0
25.0
0.0
0.0
0.0
0.0
0.0
0.0
15.0
269.0
0.0
0.0
0.0
5.0
0.0
0.0
0.0
127.0
0.0
0.0
0.0
0.0
0.0
0.0
112.0
53.0
10.0
0.0
0.0
0.0
0.0
0.0
0.0
0.0
0.0
0.0
0.0
241.0
221.0
66.0
0.0
0.0
0.0
0.0
0.0
33.0
0.0
0.0
0.0
0.0
0.0
0.0
0.0
0.0
58.0
5.0
36.0
0.0
0.0
0.0
15.0
0.0
0.0
155.0
43.0
0.0
0.0
0.0
0.0
5.0
43.0
0.0
0.0
0.0
124.0
0.0
25.0
0.0
0.0
0.0
33.0
5.0
28.0
18.0
0.0
0.0
0.0
0.0
28.0
155.0
155.0
0.0
0.0
0.0
0.0
0.0
0.0
0.0
0.0
0.0
0.0
23.0
419.0
NaN
0.0
0.0
0.0
0.0
0.0
0.0
0.0
0.0
0.0
0.0
0.0
38.0
25.0
0.0
0.0
0.0
0.0
25.0
76.0
51.0
51.0
0.0
0.0
0.0
0.0
0.0
0.0
114.0
0.0
0.0
0.0
0.0
0.0
0.0
51.0
0.0
0.0
20.0
13.0
8.0
0.0
0.0
0.0
0.0
0.0
246.0
76.0
0.0
0.0
13.0
0.0
0.0
0.0
25.0
64.0
13.0
0.0
0.0
0.0
0.0
0.0
0.0
0.0
0.0
218.0
20.0
0.0
25.0
0.0
0.0
13.0
13.0
0.0
0.0
74.0
91.0
3.0
0.0
0.0
0.0
0.0
0.0
51.0
0.0
0.0
216.0
13.0
69.0
13.0
0.0
0.0
0.0
0.0
20.0
0.0
64.0
10.0
8.0
0.0
0.0
0.0
56.0
28.0
0.0
0.0
0.0
0.0
0.0
0.0
0.0
0.0
0.0
41.0
38.0
86.0
18.0
0.0
0.0
234.0
0.0
0.0
0.0
168.0
25.0
48.0
0.0
0.0
0.0
0.0
0.0
0.0
0.0
0.0
0.0
0.0
0.0
150.0
117.0
0.0
0.0
20.0
0.0
10.0
89.0
23.0
0.0
0.0
0.0
0.0
0.0
0.0
0.0
0.0
0.0
0.0
5.0
0.0
0.0
0.0
0.0
0.0
109.0
3.0
0.0
0.0
627.0
0.0
0.0
0.0
450.0
46.0
38.0
0.0
0.0
168.0
0.0
0.0
0.0
0.0
0.0
0.0
0.0
0.0
0.0
0.0
0.0
0.0
0.0
0.0
0.0
0.0
0.0
0.0
0.0
0.0
36.0
0.0
23.0
3.0
0.0
0.0
0.0
0.0
0.0
0.0
0.0
0.0
0.0
0.0
0.0
0.0
36.0
33.0
401.0
0.0
0.0
0.0
0.0
107.0
0.0
0.0
0.0
0.0
0.0
0.0
0.0
112.0
130.0
81.0
0.0
8.0
5.0
142.0
0.0
0.0
0.0
0.0
0.0
71.0
33.0
0.0
0.0
5.0
0.0
0.0
0.0
0.0
0.0
0.0
0.0
254.0
224.0
0.0
0.0
0.0
0.0
0.0
0.0
0.0
0.0
0.0
0.0
58.0
0.0
0.0
0.0
0.0
0.0
71.0
23.0
0.0
13.0
0.0
0.0
0.0
0.0
0.0
147.0
0.0
3.0
0.0
0.0
0.0
0.0
0.0
0.0
0.0
86.0
0.0
0.0
0.0
0.0
0.0
157.0
0.0
0.0
41.0
0.0
0.0
0.0
0.0
0.0
0.0
0.0
0.0
0.0
0.0
0.0
0.0
8.0
30.0
356.0
56.0
0.0
23.0
69.0
13.0
56.0
274.0
38.0
0.0
0.0
0.0
0.0
0.0
0.0
20.0
0.0
0.0
0.0
0.0
0.0
10.0
89.0
0.0
48.0
56.0
257.0
0.0
0.0
0.0
0.0
8.0
61.0
51.0
274.0
117.0
3.0
224.0
102.0
0.0
0.0
0.0
0.0
0.0
0.0
0.0
0.0
64.0
0.0
0.0
0.0
0.0
0.0
0.0
0.0
0.0
46.0
8.0
0.0
0.0
0.0
0.0
13.0
0.0
0.0
99.0
0.0
0.0
0.0
13.0
0.0
0.0
8.0
0.0
8.0
0.0
0.0
0.0
0.0
0.0
0.0
10.0
0.0
30.0
0.0
152.0
51.0
0.0
0.0
0.0
5.0
152.0
0.0
0.0
0.0
51.0
0.0
0.0
0.0
0.0
0.0
0.0
25.0
13.0
0.0
0.0
0.0
0.0
13.0
0.0
0.0
0.0
13.0
0.0
0.0
0.0
0.0
76.0
0.0
0.0
0.0
0.0
89.0
0.0
0.0
0.0
0.0
0.0
0.0
0.0
0.0
0.0
0.0
25.0
51.0
0.0
0.0
0.0
51.0
5.0
13.0
0.0
0.0
0.0
53.0
0.0
0.0
0.0
0.0
0.0
94.0
399.0
0.0
0.0
163.0
8.0
3.0
0.0
33.0
0.0
0.0
0.0
0.0
28.0
0.0
381.0
13.0
0.0
0.0
30.0
25.0
23.0
0.0
5.0
0.0
0.0
0.0
0.0
0.0
18.0
56.0
25.0
0.0
0.0
0.0
0.0
0.0
69.0
0.0
25.0
43.0
0.0
0.0
3.0
0.0
0.0
3.0
5.0
0.0
0.0
3.0
0.0
10.0
0.0
0.0
0.0
0.0
0.0
0.0
0.0
0.0
0.0
0.0
0.0
0.0
0.0
51.0
267.0
0.0
137.0
150.0
0.0
0.0
0.0
0.0
0.0
0.0
114.0
0.0
0.0
10.0
389.0
0.0
0.0
198.0
0.0
0.0
0.0
282.0
0.0
0.0
152.0
0.0
43.0
0.0
0.0
0.0
0.0
0.0
NaN
76.0
69.0
0.0
0.0
0.0
0.0
0.0
0.0
89.0
0.0
0.0
0.0
0.0
3.0
0.0
0.0
51.0
3.0
0.0
0.0
0.0
0.0
0.0
13.0
10.0
0.0
0.0
15.0
81.0
56.0
25.0
0.0
0.0
0.0
0.0
0.0
0.0
0.0
132.0
48.0
8.0
0.0
0.0
0.0
0.0
0.0
0.0
155.0
127.0
20.0
3.0
33.0
0.0
0.0
0.0
0.0
0.0
0.0
0.0
0.0
0.0
0.0
0.0
0.0
0.0
0.0
0.0
0.0
0.0
0.0
0.0
0.0
97.0
211.0
0.0
8.0
0.0
0.0
0.0
211.0
117.0
46.0
13.0
0.0
0.0
0.0
89.0
0.0
0.0
10.0
165.0
0.0
0.0
0.0
0.0
36.0
0.0
130.0
102.0
330.0
74.0
0.0
0.0
0.0
0.0
0.0
0.0
0.0
20.0
117.0
0.0
0.0
5.0
5.0
257.0
0.0
163.0
0.0
0.0
0.0
0.0
0.0
0.0
28.0
89.0
23.0
10.0
51.0
0.0
0.0
23.0
38.0
0.0
0.0
13.0
13.0
0.0
0.0
0.0
0.0
0.0
0.0
0.0
0.0
0.0
147.0
0.0
0.0
5.0
53.0
33.0
8.0
0.0
127.0
53.0
0.0
0.0
0.0
0.0
0.0
48.0
79.0
0.0
71.0
320.0
0.0
0.0
0.0
48.0
0.0
0.0
20.0
0.0
25.0
20.0
0.0
0.0
0.0
0.0
0.0
102.0
0.0
0.0
51.0
0.0
0.0
0.0
251.0
178.0
25.0
0.0
0.0
79.0
0.0
0.0
0.0
13.0
13.0
0.0
0.0
0.0
91.0
18.0
99.0
0.0
53.0
295.0
0.0
0.0
0.0
0.0
0.0
0.0
20.0
0.0
0.0
25.0
20.0
0.0
0.0
25.0
0.0
0.0
0.0
25.0
0.0
0.0
20.0
0.0
0.0
0.0
0.0
25.0
0.0
0.0
13.0
20.0
0.0
0.0
0.0
0.0
0.0
25.0
0.0
0.0
0.0
127.0
0.0
0.0
51.0
0.0
0.0
0.0
43.0
0.0
43.0
102.0
152.0
0.0
0.0
13.0
0.0
0.0
0.0
0.0
81.0
0.0
0.0
127.0
38.0
0.0
0.0
0.0
0.0
0.0
0.0
0.0
0.0
0.0
226.0
0.0
0.0
8.0
0.0
0.0
0.0
0.0
0.0
170.0
10.0
5.0
0.0
0.0
0.0
18.0
0.0
0.0
0.0
33.0
0.0
0.0
0.0
0.0
8.0
10.0
0.0
25.0
0.0
0.0
15.0
64.0
10.0
0.0
41.0
150.0
18.0
18.0
0.0
0.0
0.0
0.0
124.0
310.0
28.0
0.0
0.0
0.0
5.0
0.0
0.0
0.0
0.0
0.0
0.0
0.0
8.0
0.0
269.0
28.0
0.0
23.0
0.0
0.0
0.0
28.0
160.0
0.0
66.0
0.0
15.0
127.0
452.0
74.0
5.0
0.0
46.0
0.0
0.0
0.0
0.0
38.0
165.0
0.0
0.0
0.0
859.0
0.0
0.0
0.0
0.0
0.0
0.0
0.0
0.0
0.0
0.0
0.0
0.0
0.0
107.0
15.0
0.0
0.0
53.0
0.0
0.0
0.0
97.0
0.0
0.0
0.0
0.0
53.0
284.0
0.0
249.0
0.0
0.0
0.0
0.0
0.0
0.0
38.0
38.0
0.0
79.0
69.0
0.0
0.0
0.0
0.0
18.0
0.0
0.0
0.0
0.0
0.0
0.0
0.0
41.0
18.0
0.0
56.0
51.0
0.0
0.0
0.0
127.0
0.0
8.0
0.0
0.0
0.0
0.0
0.0
0.0
38.0
10.0
0.0
0.0
221.0
0.0
51.0
0.0
0.0
0.0
0.0
0.0
0.0
0.0
145.0
0.0
0.0
0.0
36.0
0.0
0.0
58.0
0.0
0.0
0.0
0.0
0.0
0.0
0.0
0.0
165.0
0.0
0.0
0.0
0.0
0.0
13.0
0.0
0.0
0.0
5.0
0.0
0.0
0.0
0.0
0.0
0.0
0.0
0.0
23.0
30.0
0.0
5.0
0.0
0.0
0.0
0.0
94.0
15.0
234.0
58.0
0.0
15.0
0.0
0.0
0.0
0.0
0.0
0.0
0.0
20.0
348.0
0.0
0.0
56.0
3.0
0.0
20.0
0.0
0.0
NaN
76.0
0.0
0.0
0.0
91.0
0.0
51.0
25.0
0.0
0.0
0.0
64.0
0.0
51.0
41.0
25.0
0.0
0.0
0.0
25.0
127.0
13.0
13.0
0.0
0.0
33.0
0.0
0.0
51.0
51.0
0.0
38.0
25.0
0.0
0.0
0.0
0.0
0.0
0.0
43.0
160.0
0.0
0.0
0.0
0.0
0.0
23.0
0.0
0.0
0.0
0.0
66.0
112.0
3.0
5.0
0.0
38.0
0.0
20.0
0.0
0.0
0.0
0.0
0.0
0.0
8.0
8.0
0.0
0.0
0.0
0.0
0.0
0.0
0.0
0.0
0.0
0.0
0.0
0.0
13.0
0.0
0.0
0.0
0.0
0.0
0.0
0.0
0.0
0.0
0.0
0.0
0.0
13.0
0.0
0.0
0.0
0.0
0.0
0.0
0.0
5.0
0.0
33.0
15.0
0.0
0.0
122.0
97.0
25.0
0.0
64.0
0.0
0.0
0.0
104.0
0.0
0.0
127.0
0.0
0.0
0.0
0.0
10.0
0.0
0.0
0.0
0.0
15.0
25.0
5.0
244.0
43.0
0.0
0.0
114.0
18.0
18.0
0.0
0.0
0.0
259.0
28.0
0.0
0.0
0.0
71.0
0.0
0.0
0.0
0.0
117.0
43.0
368.0
15.0
5.0
0.0
5.0
0.0
0.0
0.0
48.0
241.0
0.0
0.0
0.0
0.0
0.0
0.0
0.0
0.0
0.0
0.0
71.0
0.0
38.0
211.0
23.0
0.0
33.0
112.0
0.0
0.0
0.0
0.0
0.0
0.0
13.0
33.0
0.0
36.0
0.0
69.0
0.0
58.0
0.0
5.0
25.0
3.0
0.0
0.0
0.0
0.0
0.0
13.0
0.0
0.0
183.0
0.0
178.0
0.0
0.0
0.0
0.0
0.0
0.0
38.0
0.0
0.0
0.0
0.0
0.0
15.0
30.0
51.0
0.0
0.0
0.0
5.0
0.0
0.0
160.0
323.0
71.0
0.0
0.0
130.0
0.0
0.0
0.0
0.0
0.0
0.0
8.0
0.0
0.0
0.0
0.0
0.0
0.0
0.0
0.0
66.0
0.0
0.0
0.0
0.0
0.0
0.0
0.0
0.0
0.0
0.0
0.0
0.0
15.0
0.0
0.0
0.0
0.0
0.0
0.0
0.0
0.0
0.0
0.0
0.0
0.0
0.0
0.0
0.0
0.0
25.0
5.0
0.0
0.0
0.0
0.0
0.0
0.0
51.0
13.0
5.0
0.0
0.0
0.0
0.0
0.0
0.0
5.0
0.0
0.0
0.0
30.0
91.0
5.0
0.0
25.0
36.0
193.0
25.0
0.0
0.0
15.0
0.0
0.0
137.0
25.0
142.0
13.0
0.0
0.0
0.0
0.0
0.0
0.0
0.0
0.0
0.0
203.0
0.0
10.0
23.0
0.0
0.0
0.0
0.0
0.0
0.0
8.0
0.0
0.0
0.0
0.0
0.0
18.0
391.0
130.0
0.0
0.0
0.0
0.0
0.0
0.0
13.0
48.0
0.0
0.0
0.0
0.0
0.0
0.0
0.0
0.0
0.0
99.0
0.0
0.0
114.0
43.0
0.0
5.0
89.0
0.0
0.0
0.0
38.0
0.0
0.0
0.0
13.0
25.0
0.0
0.0
0.0
0.0
0.0
0.0
0.0
0.0
51.0
13.0
0.0
0.0
0.0
0.0
25.0
8.0
0.0
5.0
56.0
0.0
0.0
0.0
0.0
8.0
122.0
0.0
0.0
38.0
0.0
51.0
0.0
25.0
0.0
0.0
0.0
15.0
0.0
0.0
0.0
15.0
0.0
0.0
51.0
0.0
0.0
0.0
0.0
25.0
0.0
0.0
51.0
0.0
0.0
0.0
0.0
0.0
25.0
0.0
15.0
0.0
0.0
0.0
8.0
0.0
20.0
0.0
0.0
10.0
0.0
66.0
74.0
0.0
0.0
0.0
0.0
0.0
0.0
0.0
0.0
10.0
8.0
0.0
0.0
0.0
0.0
66.0
0.0
0.0
74.0
33.0
0.0
69.0
0.0
0.0
0.0
0.0
0.0
0.0
112.0
188.0
0.0
0.0
0.0
15.0
0.0
0.0
0.0
0.0
0.0
0.0
0.0
0.0
0.0
0.0
0.0
0.0
163.0
91.0
0.0
0.0
0.0
28.0
0.0
0.0
0.0
0.0
0.0
18.0
0.0
0.0
0.0
0.0
0.0
0.0
0.0
0.0
0.0
0.0
0.0
46.0
0.0
180.0
206.0
20.0
0.0
0.0
0.0
0.0
8.0
114.0
36.0
43.0
56.0
0.0
0.0
0.0
0.0
0.0
10.0
8.0
33.0
0.0
0.0
0.0
0.0
0.0
0.0
0.0
0.0
61.0
0.0
0.0
373.0
0.0
185.0
330.0
0.0
0.0
0.0
0.0
36.0
0.0
79.0
0.0
53.0
0.0
23.0
0.0
0.0
0.0
0.0
130.0
64.0
0.0
0.0
0.0
71.0
23.0
244.0
0.0
0.0
23.0
48.0
0.0
0.0
0.0
0.0
208.0
30.0
0.0
0.0
0.0
0.0
41.0
25.0
0.0
66.0
5.0
0.0
0.0
0.0
0.0
0.0
0.0
0.0
0.0
0.0
0.0
0.0
0.0
0.0
0.0
0.0
0.0
18.0
18.0
0.0
102.0
13.0
0.0
0.0
8.0
0.0
0.0
0.0
0.0
0.0
0.0
56.0
0.0
0.0
0.0
0.0
152.0
0.0
0.0
0.0
0.0
0.0
0.0
0.0
0.0
0.0
18.0
84.0
53.0
0.0
325.0
0.0
0.0
0.0
33.0
23.0
36.0
0.0
0.0
203.0
0.0
0.0
0.0
0.0
0.0
28.0
0.0
0.0
0.0
0.0
0.0
0.0
20.0
0.0
0.0
30.0
119.0
58.0
0.0
0.0
0.0
0.0
0.0
76.0
0.0
0.0
0.0
0.0
0.0
0.0
0.0
10.0
64.0
8.0
64.0
0.0
226.0
277.0
10.0
0.0
0.0
0.0
0.0
30.0
0.0
0.0
0.0
0.0
69.0
10.0
0.0
0.0
0.0
99.0
10.0
0.0
0.0
0.0
0.0
0.0
8.0
117.0
0.0
38.0
0.0
0.0
0.0
165.0
3.0
0.0
0.0
0.0
15.0
0.0
102.0
76.0
25.0
0.0
0.0
0.0
51.0
0.0
97.0
0.0
0.0
13.0
38.0
13.0
0.0
0.0
76.0
0.0
0.0
0.0
0.0
0.0
0.0
0.0
38.0
0.0
0.0
0.0
0.0
0.0
13.0
0.0
0.0
0.0
0.0
0.0
0.0
0.0
0.0
10.0
0.0
0.0
0.0
10.0
0.0
0.0
0.0
64.0
8.0
0.0
102.0
0.0
0.0
0.0
0.0
0.0
292.0
0.0
0.0
0.0
38.0
0.0
0.0
13.0
107.0
0.0
5.0
0.0
46.0
0.0
36.0
81.0
5.0
0.0
191.0
18.0
0.0
0.0
15.0
0.0
0.0
0.0
0.0
13.0
0.0
28.0
132.0
97.0
10.0
5.0
89.0
0.0
0.0
0.0
13.0
0.0
0.0
0.0
13.0
86.0
64.0
0.0
25.0
15.0
0.0
0.0
0.0
0.0
0.0
0.0
0.0
0.0
58.0
0.0
0.0
0.0
0.0
0.0
0.0
0.0
13.0
0.0
0.0
99.0
20.0
0.0
0.0
10.0
58.0
0.0
0.0
0.0
5.0
0.0
20.0
20.0
0.0
0.0
0.0
10.0
20.0
0.0
38.0
0.0
0.0
0.0
0.0
0.0
0.0
0.0
0.0
0.0
13.0
0.0
0.0
0.0
0.0
0.0
0.0
0.0
53.0
15.0
0.0
0.0
0.0
61.0
0.0
15.0
0.0
0.0
0.0
0.0
0.0
117.0
10.0
0.0
0.0
0.0
38.0
23.0
0.0
0.0
0.0
0.0
8.0
3.0
0.0
0.0
0.0
0.0
0.0
0.0
157.0
0.0
0.0
0.0
0.0
0.0
0.0
0.0
0.0
0.0
97.0
0.0
0.0
0.0
0.0
234.0
0.0
0.0
0.0
0.0
0.0
0.0
76.0
0.0
0.0
0.0
43.0
0.0
13.0
25.0
0.0
23.0
0.0
18.0
0.0
292.0
0.0
0.0
0.0
0.0
64.0
0.0
0.0
0.0
0.0
0.0
0.0
0.0
0.0
0.0
0.0
424.0
0.0
0.0
0.0
0.0
0.0
0.0
0.0
0.0
0.0
0.0
0.0
165.0
0.0
112.0
79.0
170.0
28.0
25.0
0.0
0.0
0.0
76.0
0.0
0.0
0.0
0.0
13.0
0.0
0.0
0.0
0.0
0.0
0.0
0.0
0.0
0.0
0.0
0.0
0.0
51.0
254.0
0.0
0.0
0.0
0.0
61.0
0.0
51.0
0.0
0.0
0.0
0.0
0.0
5.0
0.0
0.0
36.0
0.0
74.0
15.0
0.0
0.0
0.0
56.0
0.0
0.0
0.0
0.0
0.0
0.0
0.0
13.0
132.0
0.0
5.0
0.0
0.0
0.0
0.0
0.0
0.0
0.0
0.0
0.0
0.0
0.0
0.0
10.0
0.0
30.0
66.0
0.0
0.0
0.0
0.0
0.0
0.0
0.0
0.0
48.0
25.0
69.0
0.0
0.0
13.0
38.0
0.0
48.0
23.0
0.0
74.0
0.0
0.0
0.0
0.0
0.0
30.0
81.0
8.0
5.0
61.0
221.0
0.0
0.0
0.0
168.0
64.0
0.0
0.0
51.0
61.0
10.0
0.0
0.0
5.0
0.0
43.0
0.0
18.0
0.0
86.0
173.0
0.0
25.0
0.0
25.0
140.0
0.0
0.0
0.0
0.0
0.0
0.0
0.0
0.0
127.0
0.0
0.0
0.0
0.0
0.0
25.0
64.0
25.0
58.0
13.0
28.0
0.0
0.0
51.0
0.0
0.0
0.0
20.0
0.0
13.0
61.0
0.0
51.0
76.0
0.0
0.0
0.0
0.0
0.0
0.0
41.0
20.0
0.0
0.0
36.0
0.0
0.0
0.0
20.0
10.0
15.0
0.0
0.0
0.0
23.0
0.0
0.0
97.0
0.0
0.0
0.0
0.0
46.0
0.0
0.0
0.0
0.0
0.0
0.0
168.0
0.0
15.0
0.0
0.0
0.0
0.0
0.0
71.0
10.0
25.0
0.0
0.0
0.0
0.0
0.0
53.0
0.0
0.0
0.0
0.0
20.0
0.0
0.0
0.0
0.0
0.0
64.0
0.0
0.0
183.0
0.0
99.0
0.0
432.0
0.0
25.0
94.0
0.0
56.0
15.0
0.0
0.0
0.0
0.0
0.0
0.0
0.0
0.0
185.0
0.0
0.0
0.0
0.0
64.0
53.0
0.0
0.0
0.0
0.0
0.0
10.0
46.0
74.0
0.0
0.0
0.0
0.0
0.0
0.0
0.0
0.0
0.0
0.0
0.0
0.0
0.0
0.0
150.0
0.0
41.0
0.0
0.0
0.0
36.0
0.0
0.0
28.0
0.0
0.0
0.0
36.0
0.0
10.0
81.0
0.0
0.0
0.0
0.0
0.0
127.0
152.0
58.0
79.0
15.0
0.0
0.0
160.0
99.0
0.0
0.0
18.0
0.0
0.0
0.0
0.0
5.0
0.0
33.0
0.0
0.0
0.0
81.0
201.0
0.0
0.0
0.0
102.0
0.0
0.0
0.0
0.0
0.0
0.0
0.0
86.0
0.0
0.0
0.0
0.0
0.0
69.0
61.0
0.0
0.0
0.0
20.0
18.0
8.0
3.0
0.0
15.0
0.0
0.0
41.0
0.0
28.0
18.0
0.0
0.0
0.0
79.0
86.0
0.0
0.0
0.0
0.0
58.0
0.0
0.0
0.0
0.0
23.0
30.0
0.0
0.0
0.0
0.0
361.0
0.0
0.0
0.0
41.0
51.0
25.0
0.0
0.0
0.0
0.0
0.0
0.0
0.0
0.0
0.0
10.0
38.0
53.0
46.0
0.0
10.0
76.0
0.0
0.0
0.0
0.0
0.0
0.0
13.0
0.0
0.0
0.0
0.0
0.0
0.0
0.0
0.0
5.0
0.0
0.0
25.0
41.0
0.0
140.0
587.0
64.0
13.0
0.0
0.0
15.0
140.0
0.0
0.0
0.0
135.0
5.0
36.0
0.0
0.0
0.0
229.0
8.0
0.0
10.0
0.0
0.0
94.0
109.0
0.0
0.0
0.0
0.0
51.0
28.0
5.0
0.0
0.0
0.0
69.0
48.0
0.0
0.0
0.0
0.0
10.0
0.0
0.0
25.0
168.0
0.0
25.0
64.0
10.0
25.0
5.0
279.0
0.0
0.0
89.0
0.0
0.0
25.0
23.0
0.0
0.0
0.0
0.0
3.0
38.0
0.0
0.0
0.0
124.0
208.0
0.0
0.0
0.0
147.0
0.0
0.0
0.0
0.0
10.0
0.0
0.0
0.0
0.0
0.0
0.0
0.0
0.0
0.0
0.0
0.0
0.0
71.0
28.0
0.0
0.0
0.0
0.0
0.0
25.0
0.0
0.0
0.0
76.0
71.0
0.0
0.0
0.0
0.0
51.0
0.0
0.0
10.0
0.0
0.0
0.0
10.0
178.0
15.0
0.0
0.0
15.0
25.0
43.0
0.0
0.0
0.0
38.0
0.0
0.0
0.0
30.0
0.0
0.0
0.0
69.0
0.0
46.0
0.0
56.0
112.0
127.0
0.0
56.0
201.0
0.0
76.0
254.0
0.0
0.0
0.0
0.0
0.0
0.0
0.0
0.0
0.0
0.0
20.0
132.0
0.0
51.0
58.0
0.0
5.0
0.0
0.0
25.0
0.0
0.0
38.0
0.0
0.0
0.0
0.0
0.0
0.0
5.0
0.0
0.0
0.0
0.0
79.0
102.0
0.0
0.0
0.0
0.0
46.0
0.0
0.0
107.0
0.0
51.0
0.0
5.0
0.0
0.0
33.0
180.0
61.0
13.0
8.0
0.0
5.0
0.0
0.0
5.0
0.0
0.0
0.0
0.0
15.0
8.0
10.0
0.0
97.0
0.0
71.0
46.0
33.0
8.0
53.0
56.0
0.0
104.0
109.0
18.0
41.0
20.0
0.0
0.0
0.0
10.0
0.0
0.0
0.0
0.0
8.0
0.0
0.0
0.0
0.0
0.0
0.0
0.0
0.0
0.0
272.0
15.0
150.0
0.0
0.0
0.0
15.0
0.0
0.0
0.0
0.0
0.0
0.0
15.0
0.0
0.0
15.0
74.0
0.0
0.0
0.0
0.0
0.0
0.0
97.0
0.0
0.0
0.0
0.0
142.0
117.0
79.0
0.0
0.0
30.0
58.0
201.0
20.0
0.0
0.0
0.0
0.0
0.0
0.0
150.0
102.0
71.0
0.0
0.0
0.0
0.0
64.0
84.0
0.0
33.0
0.0
0.0
0.0
0.0
0.0
0.0
0.0
0.0
0.0
0.0
0.0
0.0
0.0
0.0
0.0
0.0
0.0
0.0
0.0
0.0
0.0
0.0
0.0
0.0
0.0
0.0
0.0
20.0
206.0
0.0
5.0
0.0
30.0
25.0
0.0
0.0
0.0
0.0
0.0
0.0
0.0
0.0
0.0
15.0
0.0
20.0
0.0
0.0
0.0
0.0
0.0
0.0
0.0
8.0
132.0
0.0
0.0
0.0
20.0
0.0
0.0
0.0
0.0
0.0
0.0
0.0
0.0
0.0
41.0
191.0
119.0
15.0
64.0
0.0
76.0
0.0
0.0
0.0
0.0
0.0
0.0
0.0
0.0
0.0
0.0
0.0
305.0
140.0
0.0
0.0
5.0
0.0
36.0
122.0
0.0
23.0
160.0
13.0
10.0
163.0
130.0
0.0
0.0
0.0
0.0
0.0
48.0
15.0
0.0
0.0
0.0
0.0
10.0
0.0
0.0
13.0
25.0
13.0
13.0
51.0
0.0
229.0
51.0
0.0
0.0
0.0
0.0
114.0
185.0
0.0
8.0
5.0
18.0
0.0
0.0
0.0
13.0
0.0
0.0
15.0
0.0
130.0
13.0
18.0
0.0
0.0
0.0
0.0
0.0
0.0
0.0
0.0
114.0
254.0
81.0
119.0
0.0
0.0
0.0
178.0
0.0
0.0
0.0
0.0
0.0
51.0
0.0
0.0
102.0
25.0
76.0
25.0
0.0
0.0
51.0
46.0
0.0
0.0
0.0
0.0
0.0
0.0
20.0
104.0
0.0
269.0
36.0
0.0
10.0
0.0
0.0
0.0
142.0
5.0
0.0
0.0
493.0
0.0
0.0
23.0
99.0
76.0
0.0
0.0
0.0
0.0
0.0
48.0
25.0
0.0
41.0
0.0
10.0
0.0
0.0
0.0
0.0
0.0
0.0
0.0
0.0
0.0
33.0
0.0
137.0
0.0
249.0
5.0
30.0
0.0
97.0
0.0
0.0
0.0
5.0
64.0
0.0
5.0
0.0
0.0
0.0
0.0
0.0
0.0
0.0
196.0
5.0
0.0
0.0
0.0
0.0
30.0
0.0
0.0
0.0
5.0
38.0
0.0
56.0
0.0
0.0
140.0
0.0
0.0
165.0
51.0
48.0
163.0
0.0
457.0
0.0
0.0
0.0
0.0
0.0
25.0
0.0
0.0
0.0
0.0
0.0
79.0
0.0
0.0
15.0
0.0
0.0
0.0
0.0
5.0
0.0
0.0
0.0
0.0
0.0
0.0
0.0
33.0
0.0
8.0
8.0
51.0
84.0
66.0
25.0
0.0
0.0
0.0
0.0
0.0
0.0
0.0
0.0
135.0
0.0
0.0
51.0
0.0
51.0
0.0
0.0
0.0
0.0
0.0
0.0
0.0
0.0
0.0
376.0
0.0
0.0
0.0
0.0
0.0
0.0
0.0
91.0
0.0
0.0
0.0
10.0
0.0
0.0
140.0
5.0
0.0
20.0
0.0
0.0
0.0
0.0
0.0
0.0
79.0
0.0
0.0
0.0
15.0
0.0
0.0
0.0
10.0
0.0
0.0
0.0
0.0
0.0
0.0
109.0
0.0
0.0
0.0
15.0
0.0
0.0
23.0
33.0
0.0
178.0
0.0
0.0
0.0
0.0
0.0
0.0
0.0
0.0
76.0
8.0
0.0
0.0
0.0
0.0
69.0
0.0
46.0
0.0
0.0
0.0
0.0
8.0
0.0
0.0
71.0
302.0
13.0
28.0
51.0
0.0
0.0
0.0
0.0
46.0
0.0
0.0
0.0
0.0
0.0
0.0
99.0
15.0
0.0
0.0
0.0
0.0
51.0
51.0
0.0
0.0
0.0
0.0
0.0
0.0
0.0
0.0
0.0
0.0
0.0
0.0
0.0
127.0
147.0
69.0
0.0
0.0
0.0
0.0
0.0
64.0
0.0
36.0
0.0
0.0
137.0
0.0
0.0
36.0
51.0
38.0
0.0
36.0
25.0
91.0
0.0
25.0
0.0
0.0
0.0
170.0
51.0
0.0
0.0
0.0
0.0
76.0
10.0
0.0
0.0
76.0
3.0
0.0
0.0
41.0
0.0
0.0
25.0
38.0
0.0
5.0
0.0
58.0
0.0
0.0
0.0
0.0
0.0
10.0
0.0
51.0
0.0
51.0
8.0
0.0
0.0
13.0
15.0
157.0
0.0
257.0
0.0
0.0
0.0
10.0
13.0
0.0
10.0
51.0
102.0
0.0
0.0
0.0
0.0
0.0
41.0
0.0
0.0
170.0
0.0
0.0
0.0
0.0
0.0
0.0
0.0
48.0
51.0
0.0
0.0
0.0
0.0
0.0
0.0
0.0
0.0
76.0
0.0
99.0
112.0
0.0
0.0
0.0
89.0
135.0
8.0
8.0
0.0
13.0
0.0
0.0
0.0
0.0
0.0
64.0
51.0
25.0
102.0
0.0
0.0
0.0
10.0
0.0
0.0
0.0
0.0
0.0
0.0
0.0
0.0
193.0
170.0
132.0
0.0
0.0
0.0
0.0
30.0
0.0
0.0
0.0
0.0
191.0
76.0
0.0
0.0
0.0
0.0
0.0
0.0
0.0
0.0
0.0
0.0
0.0
0.0
18.0
0.0
691.0
13.0
0.0
0.0
0.0
56.0
0.0
0.0
0.0
0.0
3.0
0.0
51.0
