51.0
NaN
38.0
NaN
NaN
38.0
NaN
NaN
NaN
NaN
NaN
NaN
NaN
NaN
NaN
NaN
25.0
NaN
NaN
102.0
NaN
NaN
NaN
NaN
NaN
51.0
NaN
51.0
NaN
NaN
NaN
NaN
30.0
NaN
NaN
NaN
NaN
NaN
NaN
NaN
38.0
38.0
NaN
NaN
NaN
NaN
NaN
119.0
NaN
NaN
NaN
135.0
NaN
NaN
NaN
38.0
38.0
NaN
NaN
0.0
0.0
81.0
0.0
0.0
0.0
0.0
0.0
0.0
61.0
0.0
0.0
0.0
61.0
0.0
0.0
0.0
0.0
0.0
109.0
107.0
0.0
0.0
0.0
102.0
0.0
0.0
64.0
0.0
0.0
0.0
0.0
0.0
0.0
0.0
0.0
122.0
0.0
132.0
0.0
0.0
89.0
0.0
0.0
0.0
0.0
178.0
124.0
0.0
0.0
97.0
0.0
0.0
0.0
0.0
0.0
0.0
81.0
89.0
0.0
0.0
0.0
0.0
0.0
224.0
0.0
0.0
0.0
41.0
84.0
0.0
0.0
33.0
0.0
0.0
0.0
0.0
0.0
0.0
0.0
0.0
0.0
0.0
0.0
0.0
18.0
0.0
0.0
38.0
20.0
0.0
36.0
0.0
46.0
25.0
58.0
0.0
0.0
0.0
0.0
0.0
0.0
152.0
0.0
51.0
170.0
81.0
0.0
0.0
0.0
0.0
0.0
0.0
0.0
76.0
0.0
20.0
206.0
89.0
30.0
0.0
0.0
0.0
0.0
0.0
0.0
0.0
0.0
0.0
0.0
23.0
0.0
0.0
0.0
38.0
66.0
0.0
0.0
0.0
0.0
0.0
0.0
76.0
0.0
0.0
0.0
229.0
0.0
102.0
56.0
0.0
28.0
86.0
0.0
0.0
0.0
18.0
0.0
0.0
0.0
0.0
0.0
0.0
91.0
0.0
0.0
0.0
0.0
0.0
0.0
0.0
0.0
0.0
0.0
0.0
0.0
51.0
0.0
97.0
0.0
0.0
0.0
0.0
279.0
292.0
0.0
104.0
0.0
0.0
0.0
0.0
0.0
0.0
0.0
64.0
0.0
51.0
152.0
0.0
66.0
20.0
0.0
234.0
0.0
0.0
107.0
0.0
0.0
0.0
23.0
43.0
0.0
0.0
234.0
38.0
0.0
76.0
203.0
0.0
0.0
0.0
0.0
0.0
0.0
91.0
53.0
0.0
0.0
0.0
33.0
0.0
0.0
0.0
0.0
0.0
0.0
0.0
0.0
0.0
0.0
76.0
0.0
0.0
0.0
0.0
0.0
0.0
254.0
56.0
33.0
0.0
0.0
0.0
0.0
0.0
0.0
0.0
0.0
25.0
0.0
0.0
0.0
0.0
117.0
58.0
30.0
0.0
0.0
0.0
30.0
0.0
0.0
64.0
71.0
43.0
0.0
0.0
0.0
51.0
0.0
0.0
0.0
0.0
0.0
203.0
0.0
0.0
0.0
0.0
76.0
0.0
0.0
51.0
25.0
0.0
0.0
0.0
25.0
25.0
0.0
0.0
30.0
20.0
0.0
25.0
0.0
0.0
38.0
0.0
0.0
0.0
0.0
0.0
0.0
0.0
25.0
0.0
0.0
0.0
0.0
0.0
0.0
0.0
0.0
0.0
0.0
0.0
0.0
25.0
0.0
0.0
0.0
0.0
0.0
25.0
0.0
0.0
25.0
0.0
0.0
0.0
0.0
0.0
0.0
0.0
0.0
0.0
25.0
0.0
0.0
0.0
51.0
0.0
25.0
0.0
0.0
0.0
0.0
25.0
25.0
0.0
0.0
0.0
25.0
30.0
89.0
229.0
0.0
0.0
0.0
25.0
0.0
0.0
38.0
0.0
89.0
0.0
0.0
0.0
0.0
61.0
0.0
20.0
0.0
0.0
0.0
211.0
0.0
0.0
0.0
0.0
0.0
0.0
0.0
0.0
0.0
0.0
0.0
0.0
18.0
0.0
0.0
36.0
0.0
0.0
0.0
0.0
0.0
0.0
38.0
0.0
0.0
18.0
0.0
203.0
0.0
30.0
0.0
0.0
0.0
28.0
51.0
0.0
0.0
0.0
0.0
0.0
0.0
46.0
0.0
0.0
0.0
0.0
76.0
41.0
0.0
0.0
0.0
0.0
0.0
0.0
0.0
0.0
0.0
0.0
0.0
0.0
0.0
0.0
0.0
64.0
30.0
0.0
30.0
310.0
0.0
0.0
38.0
0.0
0.0
0.0
0.0
0.0
0.0
0.0
0.0
0.0
0.0
97.0
0.0
0.0
0.0
0.0
0.0
0.0
0.0
0.0
23.0
51.0
36.0
23.0
0.0
0.0
0.0
0.0
0.0
0.0
0.0
0.0
0.0
0.0
0.0
56.0
0.0
0.0
0.0
0.0
0.0
0.0
0.0
0.0
155.0
30.0
0.0
0.0
0.0
0.0
0.0
0.0
30.0
51.0
0.0
0.0
107.0
0.0
0.0
0.0
0.0
0.0
0.0
0.0
0.0
0.0
36.0
574.0
0.0
0.0
0.0
147.0
0.0
0.0
203.0
0.0
0.0
0.0
0.0
0.0
0.0
0.0
0.0
0.0
0.0
0.0
0.0
0.0
0.0
0.0
58.0
216.0
0.0
0.0
0.0
0.0
0.0
0.0
0.0
0.0
0.0
0.0
254.0
0.0
0.0
0.0
0.0
23.0
0.0
0.0
0.0
18.0
0.0
0.0
0.0
43.0
0.0
0.0
0.0
107.0
0.0
0.0
25.0
0.0
0.0
178.0
0.0
122.0
51.0
208.0
0.0
0.0
0.0
0.0
0.0
97.0
114.0
483.0
114.0
0.0
0.0
0.0
315.0
0.0
0.0
114.0
203.0
76.0
0.0
0.0
0.0
56.0
198.0
0.0
20.0
18.0
0.0
0.0
0.0
0.0
20.0
0.0
0.0
23.0
0.0
0.0
0.0
0.0
53.0
0.0
0.0
0.0
23.0
20.0
0.0
51.0
0.0
0.0
0.0
0.0
18.0
0.0
0.0
NaN
NaN
NaN
18.0
NaN
NaN
NaN
NaN
NaN
NaN
NaN
NaN
NaN
38.0
NaN
NaN
NaN
NaN
NaN
NaN
NaN
NaN
NaN
NaN
NaN
NaN
NaN
NaN
NaN
NaN
NaN
0.0
0.0
51.0
38.0
0.0
0.0
0.0
0.0
51.0
0.0
25.0
0.0
25.0
0.0
0.0
0.0
0.0
0.0
0.0
0.0
0.0
0.0
0.0
0.0
0.0
0.0
0.0
0.0
0.0
0.0
76.0
0.0
102.0
0.0
0.0
0.0
0.0
76.0
0.0
0.0
0.0
0.0
0.0
0.0
0.0
0.0
0.0
0.0
51.0
51.0
0.0
0.0
0.0
0.0
0.0
33.0
0.0
0.0
0.0
0.0
0.0
53.0
0.0
0.0
0.0
0.0
0.0
51.0
0.0
0.0
0.0
84.0
0.0
0.0
0.0
0.0
0.0
0.0
0.0
0.0
0.0
0.0
0.0
0.0
0.0
0.0
0.0
0.0
38.0
30.0
0.0
0.0
0.0
0.0
30.0
0.0
0.0
0.0
38.0
0.0
0.0
0.0
0.0
0.0
0.0
119.0
318.0
0.0
0.0
0.0
0.0
0.0
0.0
0.0
0.0
0.0
0.0
0.0
282.0
183.0
20.0
0.0
0.0
114.0
0.0
0.0
0.0
0.0
97.0
0.0
0.0
10.0
0.0
183.0
36.0
43.0
0.0
0.0
94.0
0.0
0.0
0.0
10.0
0.0
0.0
0.0
269.0
8.0
0.0
236.0
124.0
0.0
15.0
0.0
0.0
0.0
0.0
0.0
0.0
0.0
0.0
0.0
0.0
0.0
0.0
0.0
0.0
236.0
0.0
0.0
0.0
0.0
0.0
0.0
0.0
61.0
43.0
0.0
142.0
18.0
10.0
0.0
0.0
0.0
0.0
0.0
0.0
15.0
0.0
0.0
43.0
0.0
43.0
25.0
0.0
25.0
0.0
0.0
0.0
0.0
0.0
0.0
160.0
43.0
0.0
0.0
0.0
36.0
0.0
0.0
0.0
0.0
0.0
0.0
0.0
0.0
0.0
0.0
0.0
48.0
0.0
0.0
0.0
0.0
0.0
203.0
0.0
0.0
0.0
0.0
0.0
0.0
0.0
0.0
41.0
208.0
0.0
0.0
0.0
0.0
0.0
0.0
56.0
0.0
145.0
0.0
0.0
0.0
20.0
0.0
0.0
0.0
0.0
94.0
0.0
66.0
23.0
0.0
0.0
43.0
0.0
0.0
71.0
0.0
28.0
0.0
0.0
0.0
0.0
0.0
0.0
0.0
0.0
0.0
NaN
NaN
NaN
102.0
NaN
NaN
NaN
71.0
23.0
NaN
NaN
NaN
NaN
NaN
NaN
NaN
NaN
NaN
NaN
NaN
NaN
NaN
20.0
10.0
NaN
28.0
NaN
NaN
NaN
NaN
48.0
0.0
0.0
0.0
0.0
0.0
0.0
0.0
0.0
0.0
0.0
0.0
0.0
0.0
0.0
64.0
74.0
20.0
0.0
0.0
0.0
89.0
41.0
0.0
0.0
0.0
51.0
38.0
0.0
0.0
0.0
0.0
0.0
38.0
0.0
0.0
58.0
0.0
25.0
0.0
76.0
0.0
38.0
0.0
0.0
97.0
0.0
8.0
0.0
0.0
0.0
0.0
0.0
51.0
0.0
0.0
25.0
0.0
0.0
0.0
38.0
0.0
0.0
0.0
0.0
25.0
0.0
0.0
25.0
0.0
0.0
0.0
0.0
51.0
0.0
0.0
0.0
13.0
0.0
0.0
0.0
0.0
0.0
79.0
295.0
0.0
0.0
13.0
0.0
0.0
38.0
51.0
0.0
0.0
0.0
0.0
0.0
0.0
0.0
0.0
0.0
0.0
46.0
0.0
0.0
13.0
13.0
0.0
0.0
0.0
0.0
0.0
0.0
0.0
0.0
0.0
0.0
0.0
104.0
94.0
0.0
25.0
0.0
0.0
0.0
0.0
0.0
0.0
66.0
38.0
0.0
0.0
69.0
0.0
0.0
0.0
41.0
0.0
0.0
0.0
0.0
91.0
0.0
0.0
0.0
0.0
0.0
0.0
0.0
0.0
0.0
0.0
0.0
109.0
0.0
0.0
38.0
348.0
15.0
0.0
0.0
0.0
0.0
61.0
0.0
0.0
0.0
0.0
15.0
0.0
0.0
0.0
0.0
0.0
0.0
0.0
0.0
0.0
28.0
0.0
0.0
0.0
0.0
0.0
0.0
0.0
0.0
0.0
0.0
0.0
0.0
56.0
46.0
0.0
71.0
0.0
152.0
0.0
0.0
0.0
130.0
0.0
0.0
0.0
23.0
15.0
0.0
28.0
0.0
0.0
0.0
0.0
0.0
0.0
107.0
0.0
0.0
0.0
0.0
119.0
0.0
0.0
0.0
0.0
20.0
0.0
23.0
0.0
0.0
0.0
0.0
43.0
0.0
0.0
0.0
0.0
0.0
109.0
0.0
0.0
18.0
305.0
117.0
0.0
0.0
0.0
0.0
107.0
0.0
0.0
0.0
0.0
0.0
0.0
0.0
0.0
0.0
0.0
0.0
0.0
0.0
0.0
0.0
81.0
0.0
0.0
0.0
0.0
0.0
28.0
33.0
84.0
0.0
0.0
0.0
0.0
18.0
0.0
0.0
0.0
0.0
0.0
0.0
53.0
0.0
0.0
0.0
0.0
0.0
0.0
0.0
0.0
0.0
0.0
0.0
0.0
0.0
0.0
0.0
0.0
0.0
0.0
0.0
0.0
0.0
0.0
0.0
244.0
0.0
0.0
0.0
0.0
0.0
0.0
0.0
168.0
0.0
41.0
0.0
0.0
81.0
0.0
0.0
0.0
56.0
0.0
43.0
56.0
61.0
48.0
0.0
0.0
0.0
0.0
0.0
0.0
0.0
0.0
0.0
0.0
0.0
0.0
0.0
0.0
0.0
0.0
0.0
0.0
0.0
0.0
0.0
28.0
13.0
0.0
0.0
0.0
0.0
28.0
180.0
53.0
0.0
0.0
0.0
0.0
28.0
0.0
0.0
0.0
69.0
43.0
0.0
0.0
0.0
0.0
208.0
0.0
0.0
0.0
0.0
0.0
66.0
28.0
0.0
0.0
79.0
0.0
0.0
0.0
0.0
0.0
0.0
0.0
0.0
0.0
191.0
0.0
0.0
0.0
0.0
0.0
0.0
0.0
64.0
25.0
0.0
0.0
0.0
0.0
38.0
0.0
0.0
0.0
0.0
0.0
61.0
81.0
218.0
10.0
0.0
0.0
0.0
79.0
48.0
0.0
0.0
0.0
38.0
69.0
0.0
0.0
0.0
0.0
0.0
0.0
0.0
0.0
0.0
0.0
0.0
0.0
0.0
0.0
0.0
76.0
25.0
0.0
0.0
0.0
25.0
0.0
0.0
0.0
61.0
36.0
41.0
38.0
0.0
51.0
0.0
0.0
0.0
76.0
0.0
0.0
0.0
13.0
25.0
0.0
0.0
0.0
0.0
0.0
38.0
64.0
0.0
51.0
0.0
0.0
13.0
0.0
0.0
20.0
0.0
0.0
0.0
345.0
58.0
0.0
15.0
0.0
0.0
0.0
0.0
0.0
0.0
0.0
0.0
0.0
0.0
20.0
28.0
41.0
0.0
0.0
0.0
0.0
0.0
0.0
0.0
0.0
0.0
0.0
0.0
0.0
0.0
0.0
0.0
0.0
0.0
0.0
0.0
0.0
0.0
102.0
0.0
0.0
0.0
0.0
0.0
0.0
0.0
0.0
0.0
0.0
0.0
0.0
0.0
107.0
152.0
30.0
0.0
0.0
0.0
0.0
41.0
0.0
0.0
0.0
0.0
8.0
69.0
0.0
0.0
0.0
0.0
0.0
0.0
NaN
NaN
0.0
0.0
160.0
20.0
0.0
0.0
0.0
0.0
0.0
20.0
69.0
0.0
0.0
0.0
0.0
0.0
66.0
0.0
0.0
0.0
48.0
0.0
0.0
0.0
0.0
0.0
0.0
0.0
20.0
51.0
0.0
0.0
43.0
0.0
0.0
0.0
0.0
0.0
0.0
23.0
0.0
0.0
0.0
10.0
211.0
0.0
0.0
0.0
0.0
0.0
0.0
0.0
0.0
20.0
0.0
0.0
0.0
0.0
0.0
0.0
0.0
0.0
0.0
0.0
0.0
23.0
0.0
124.0
33.0
0.0
0.0
0.0
0.0
0.0
0.0
0.0
0.0
132.0
43.0
0.0
0.0
0.0
0.0
0.0
0.0
0.0
0.0
43.0
23.0
0.0
0.0
107.0
0.0
0.0
0.0
0.0
0.0
0.0
0.0
0.0
58.0
0.0
0.0
569.0
0.0
0.0
0.0
0.0
0.0
0.0
0.0
30.0
0.0
0.0
0.0
0.0
0.0
56.0
23.0
0.0
180.0
23.0
0.0
0.0
0.0
0.0
0.0
0.0
53.0
0.0
0.0
150.0
0.0
0.0
0.0
152.0
0.0
0.0
0.0
0.0
0.0
NaN
NaN
NaN
NaN
46.0
NaN
NaN
NaN
NaN
NaN
NaN
NaN
102.0
NaN
NaN
NaN
NaN
NaN
NaN
NaN
NaN
NaN
69.0
130.0
117.0
NaN
36.0
79.0
28.0
0.0
0.0
0.0
0.0
0.0
0.0
0.0
0.0
0.0
0.0
20.0
36.0
0.0
0.0
0.0
0.0
102.0
0.0
0.0
0.0
0.0
0.0
0.0
0.0
51.0
0.0
0.0
102.0
0.0
64.0
140.0
0.0
NaN
NaN
NaN
NaN
23.0
51.0
NaN
NaN
NaN
NaN
NaN
NaN
NaN
NaN
25.0
NaN
38.0
13.0
25.0
NaN
NaN
NaN
NaN
NaN
NaN
NaN
NaN
NaN
NaN
NaN
NaN
NaN
97.0
NaN
38.0
102.0
NaN
NaN
NaN
NaN
NaN
38.0
NaN
38.0
NaN
NaN
NaN
127.0
NaN
NaN
38.0
41.0
NaN
NaN
NaN
NaN
NaN
NaN
NaN
48.0
NaN
NaN
NaN
NaN
NaN
NaN
NaN
NaN
NaN
25.0
NaN
76.0
38.0
NaN
NaN
NaN
51.0
NaN
NaN
NaN
25.0
NaN
NaN
NaN
NaN
64.0
NaN
NaN
NaN
NaN
51.0
NaN
NaN
NaN
NaN
25.0
13.0
NaN
NaN
NaN
NaN
NaN
51.0
NaN
NaN
NaN
NaN
NaN
NaN
NaN
28.0
NaN
NaN
NaN
NaN
NaN
NaN
NaN
NaN
NaN
NaN
NaN
61.0
20.0
51.0
NaN
25.0
NaN
48.0
23.0
NaN
NaN
NaN
NaN
NaN
NaN
NaN
NaN
NaN
NaN
NaN
NaN
NaN
NaN
NaN
NaN
NaN
NaN
NaN
196.0
23.0
NaN
NaN
NaN
NaN
NaN
NaN
NaN
NaN
NaN
NaN
NaN
56.0
NaN
69.0
NaN
NaN
NaN
NaN
NaN
94.0
NaN
23.0
NaN
28.0
NaN
NaN
NaN
NaN
NaN
NaN
NaN
NaN
NaN
NaN
NaN
NaN
76.0
23.0
NaN
NaN
NaN
NaN
79.0
NaN
NaN
NaN
28.0
NaN
NaN
NaN
NaN
142.0
23.0
NaN
NaN
NaN
NaN
NaN
NaN
NaN
NaN
NaN
221.0
NaN
NaN
NaN
391.0
216.0
NaN
NaN
36.0
NaN
NaN
NaN
NaN
NaN
NaN
NaN
NaN
NaN
NaN
NaN
NaN
NaN
597.0
NaN
NaN
NaN
NaN
NaN
NaN
NaN
NaN
NaN
NaN
NaN
69.0
NaN
NaN
NaN
NaN
NaN
NaN
69.0
NaN
NaN
NaN
NaN
43.0
373.0
NaN
NaN
NaN
NaN
NaN
69.0
NaN
NaN
NaN
NaN
41.0
NaN
NaN
NaN
155.0
36.0
NaN
NaN
NaN
NaN
NaN
NaN
NaN
94.0
NaN
NaN
69.0
NaN
NaN
NaN
NaN
NaN
NaN
119.0
NaN
15.0
25.0
NaN
NaN
NaN
NaN
NaN
NaN
234.0
15.0
NaN
NaN
NaN
188.0
30.0
23.0
61.0
NaN
NaN
NaN
NaN
NaN
NaN
NaN
NaN
NaN
NaN
NaN
NaN
NaN
NaN
NaN
NaN
386.0
23.0
36.0
NaN
NaN
28.0
18.0
NaN
NaN
104.0
NaN
NaN
NaN
NaN
NaN
NaN
NaN
56.0
NaN
36.0
61.0
NaN
18.0
NaN
NaN
NaN
NaN
NaN
NaN
NaN
99.0
NaN
13.0
114.0
NaN
NaN
NaN
NaN
NaN
NaN
NaN
NaN
254.0
130.0
NaN
NaN
NaN
NaN
76.0
NaN
NaN
NaN
NaN
NaN
NaN
NaN
NaN
NaN
NaN
NaN
NaN
NaN
NaN
25.0
NaN
NaN
NaN
NaN
NaN
140.0
NaN
NaN
NaN
NaN
89.0
NaN
NaN
NaN
NaN
NaN
NaN
NaN
38.0
25.0
25.0
25.0
25.0
25.0
25.0
25.0
NaN
NaN
NaN
NaN
NaN
NaN
NaN
NaN
NaN
NaN
NaN
NaN
NaN
NaN
89.0
NaN
NaN
NaN
102.0
NaN
NaN
NaN
102.0
NaN
NaN
NaN
NaN
25.0
NaN
NaN
NaN
NaN
NaN
102.0
NaN
NaN
NaN
NaN
NaN
NaN
NaN
NaN
NaN
NaN
NaN
NaN
NaN
NaN
NaN
NaN
NaN
NaN
NaN
51.0
NaN
NaN
NaN
NaN
NaN
NaN
NaN
NaN
NaN
NaN
NaN
NaN
28.0
18.0
157.0
NaN
NaN
53.0
NaN
NaN
NaN
NaN
48.0
NaN
NaN
18.0
NaN
23.0
NaN
NaN
102.0
175.0
NaN
NaN
NaN
71.0
NaN
NaN
351.0
NaN
NaN
NaN
NaN
NaN
48.0
NaN
NaN
NaN
NaN
NaN
NaN
NaN
NaN
NaN
NaN
140.0
NaN
107.0
NaN
NaN
NaN
NaN
NaN
NaN
NaN
23.0
15.0
NaN
71.0
NaN
NaN
NaN
NaN
NaN
112.0
61.0
NaN
NaN
NaN
NaN
NaN
NaN
NaN
NaN
NaN
NaN
NaN
NaN
NaN
71.0
NaN
NaN
58.0
NaN
NaN
NaN
NaN
NaN
168.0
71.0
NaN
NaN
NaN
58.0
NaN
NaN
NaN
NaN
NaN
NaN
NaN
NaN
NaN
36.0
NaN
41.0
NaN
NaN
NaN
NaN
NaN
NaN
NaN
132.0
NaN
NaN
53.0
NaN
NaN
NaN
NaN
NaN
48.0
NaN
NaN
NaN
NaN
NaN
NaN
NaN
NaN
NaN
NaN
NaN
NaN
NaN
NaN
NaN
NaN
NaN
91.0
NaN
NaN
NaN
NaN
NaN
48.0
NaN
NaN
NaN
NaN
NaN
NaN
NaN
NaN
155.0
NaN
NaN
NaN
NaN
109.0
NaN
NaN
NaN
23.0
NaN
NaN
NaN
36.0
28.0
NaN
NaN
NaN
NaN
23.0
NaN
NaN
NaN
NaN
NaN
NaN
NaN
NaN
28.0
NaN
NaN
NaN
91.0
NaN
97.0
NaN
NaN
157.0
NaN
NaN
NaN
NaN
NaN
NaN
NaN
NaN
NaN
NaN
NaN
NaN
NaN
48.0
NaN
NaN
91.0
0.0
279.0
NaN
NaN
NaN
NaN
NaN
NaN
NaN
NaN
NaN
NaN
NaN
NaN
NaN
NaN
NaN
25.0
NaN
NaN
NaN
NaN
NaN
NaN
61.0
NaN
51.0
NaN
64.0
NaN
25.0
NaN
NaN
NaN
89.0
NaN
NaN
NaN
NaN
38.0
NaN
NaN
64.0
NaN
NaN
NaN
NaN
NaN
NaN
NaN
NaN
NaN
NaN
NaN
NaN
NaN
NaN
NaN
NaN
NaN
NaN
NaN
NaN
NaN
NaN
25.0
NaN
NaN
NaN
NaN
NaN
NaN
NaN
NaN
NaN
NaN
NaN
NaN
NaN
NaN
NaN
NaN
NaN
30.0
NaN
NaN
NaN
NaN
NaN
89.0
NaN
NaN
25.0
109.0
NaN
183.0
NaN
NaN
NaN
NaN
NaN
NaN
NaN
48.0
99.0
NaN
76.0
25.0
NaN
NaN
NaN
140.0
NaN
NaN
NaN
NaN
NaN
NaN
NaN
NaN
NaN
69.0
NaN
NaN
23.0
NaN
NaN
NaN
NaN
NaN
36.0
NaN
NaN
NaN
NaN
20.0
NaN
NaN
56.0
124.0
NaN
NaN
86.0
NaN
NaN
157.0
NaN
NaN
NaN
NaN
25.0
NaN
145.0
NaN
NaN
71.0
NaN
163.0
NaN
20.0
NaN
NaN
23.0
NaN
NaN
41.0
NaN
NaN
NaN
NaN
NaN
NaN
NaN
NaN
310.0
NaN
NaN
216.0
30.0
20.0
NaN
NaN
NaN
NaN
165.0
NaN
NaN
140.0
NaN
NaN
NaN
30.0
NaN
NaN
NaN
NaN
NaN
61.0
NaN
NaN
NaN
NaN
NaN
142.0
NaN
NaN
NaN
NaN
NaN
30.0
56.0
157.0
NaN
229.0
NaN
NaN
NaN
NaN
NaN
NaN
NaN
46.0
152.0
NaN
NaN
NaN
NaN
NaN
36.0
NaN
94.0
NaN
NaN
NaN
25.0
NaN
NaN
NaN
NaN
NaN
NaN
NaN
20.0
NaN
36.0
NaN
NaN
NaN
NaN
NaN
NaN
NaN
NaN
NaN
NaN
NaN
NaN
NaN
NaN
NaN
NaN
211.0
188.0
NaN
NaN
NaN
117.0
NaN
NaN
NaN
NaN
NaN
56.0
NaN
NaN
56.0
23.0
74.0
NaN
36.0
NaN
30.0
NaN
NaN
NaN
NaN
NaN
NaN
NaN
NaN
NaN
NaN
NaN
NaN
NaN
61.0
76.0
NaN
NaN
NaN
NaN
NaN
NaN
NaN
NaN
NaN
NaN
46.0
28.0
NaN
NaN
NaN
NaN
61.0
NaN
NaN
NaN
NaN
NaN
NaN
NaN
NaN
NaN
NaN
NaN
NaN
NaN
NaN
NaN
NaN
NaN
NaN
NaN
NaN
NaN
NaN
NaN
91.0
23.0
NaN
46.0
NaN
NaN
NaN
NaN
NaN
36.0
NaN
NaN
NaN
NaN
NaN
NaN
NaN
NaN
NaN
30.0
NaN
NaN
196.0
NaN
NaN
NaN
13.0
NaN
NaN
NaN
216.0
NaN
38.0
NaN
NaN
NaN
NaN
NaN
NaN
NaN
122.0
NaN
NaN
48.0
NaN
20.0
NaN
NaN
41.0
NaN
NaN
NaN
NaN
NaN
NaN
127.0
NaN
NaN
NaN
NaN
NaN
NaN
NaN
23.0
NaN
NaN
NaN
0.0
0.0
0.0
30.0
0.0
0.0
0.0
66.0
0.0
23.0
0.0
0.0
0.0
0.0
0.0
0.0
0.0
0.0
0.0
0.0
0.0
0.0
0.0
30.0
0.0
0.0
NaN
0.0
0.0
0.0
0.0
0.0
0.0
79.0
20.0
0.0
0.0
0.0
127.0
0.0
0.0
20.0
0.0
0.0
0.0
43.0
0.0
0.0
84.0
58.0
0.0
0.0
0.0
0.0
170.0
20.0
0.0
NaN
0.0
0.0
0.0
0.0
0.0
0.0
0.0
0.0
0.0
109.0
0.0
0.0
51.0
0.0
0.0
0.0
0.0
0.0
0.0
76.0
102.0
0.0
0.0
0.0
0.0
178.0
0.0
51.0
25.0
0.0
0.0
0.0
0.0
76.0
0.0
0.0
0.0
0.0
152.0
267.0
0.0
64.0
25.0
0.0
330.0
0.0
0.0
0.0
0.0
0.0
13.0
0.0
0.0
0.0
0.0
0.0
25.0
384.0
0.0
0.0
0.0
0.0
0.0
211.0
58.0
0.0
0.0
0.0
226.0
0.0
175.0
0.0
0.0
0.0
0.0
0.0
0.0
0.0
0.0
0.0
0.0
0.0
0.0
0.0
0.0
0.0
0.0
0.0
0.0
0.0
0.0
0.0
0.0
58.0
140.0
0.0
0.0
0.0
127.0
216.0
0.0
165.0
145.0
0.0
394.0
0.0
0.0
0.0
0.0
25.0
231.0
23.0
0.0
0.0
0.0
0.0
0.0
145.0
0.0
152.0
0.0
0.0
8.0
127.0
218.0
0.0
0.0
0.0
25.0
0.0
41.0
0.0
284.0
0.0
0.0
0.0
0.0
30.0
66.0
0.0
0.0
0.0
0.0
0.0
0.0
0.0
20.0
0.0
0.0
0.0
0.0
0.0
104.0
0.0
28.0
0.0
0.0
0.0
0.0
0.0
196.0
99.0
28.0
0.0
0.0
30.0
0.0
0.0
74.0
0.0
0.0
0.0
0.0
0.0
183.0
338.0
41.0
0.0
0.0
0.0
0.0
0.0
0.0
41.0
0.0
0.0
0.0
0.0
0.0
0.0
0.0
0.0
109.0
0.0
0.0
0.0
81.0
0.0
0.0
140.0
58.0
28.0
0.0
0.0
69.0
0.0
0.0
0.0
0.0
79.0
211.0
0.0
0.0
0.0
0.0
0.0
0.0
107.0
0.0
51.0
0.0
25.0
0.0
0.0
0.0
0.0
89.0
38.0
0.0
0.0
51.0
0.0
0.0
0.0
0.0
0.0
0.0
38.0
51.0
0.0
0.0
0.0
0.0
0.0
0.0
0.0
0.0
107.0
0.0
0.0
0.0
0.0
0.0
0.0
0.0
0.0
0.0
0.0
0.0
0.0
0.0
0.0
0.0
0.0
0.0
0.0
0.0
0.0
178.0
0.0
0.0
0.0
51.0
0.0
0.0
178.0
51.0
0.0
0.0
0.0
0.0
0.0
0.0
0.0
0.0
0.0
53.0
0.0
0.0
0.0
0.0
25.0
0.0
0.0
0.0
0.0
0.0
0.0
0.0
0.0
0.0
0.0
0.0
0.0
246.0
0.0
0.0
0.0
53.0
0.0
30.0
0.0
0.0
0.0
0.0
0.0
0.0
0.0
0.0
0.0
0.0
0.0
36.0
0.0
0.0
0.0
0.0
0.0
170.0
0.0
0.0
0.0
0.0
51.0
0.0
53.0
30.0
0.0
0.0
0.0
36.0
0.0
41.0
23.0
0.0
0.0
0.0
0.0
0.0
0.0
0.0
0.0
0.0
0.0
79.0
0.0
0.0
0.0
23.0
0.0
0.0
0.0
0.0
0.0
0.0
0.0
0.0
0.0
0.0
0.0
0.0
33.0
0.0
0.0
0.0
0.0
0.0
109.0
0.0
0.0
0.0
58.0
0.0
51.0
0.0
0.0
0.0
0.0
0.0
28.0
0.0
0.0
0.0
0.0
36.0
0.0
0.0
0.0
0.0
0.0
15.0
0.0
0.0
48.0
142.0
0.0
0.0
0.0
0.0
0.0
76.0
191.0
0.0
0.0
0.0
41.0
0.0
0.0
0.0
0.0
0.0
0.0
0.0
0.0
76.0
0.0
0.0
0.0
0.0
0.0
0.0
48.0
0.0
0.0
0.0
0.0
0.0
0.0
0.0
0.0
0.0
0.0
0.0
58.0
0.0
0.0
30.0
0.0
0.0
0.0
0.0
0.0
0.0
0.0
0.0
0.0
0.0
0.0
0.0
279.0
0.0
0.0
66.0
0.0
0.0
0.0
0.0
81.0
23.0
0.0
0.0
0.0
180.0
23.0
0.0
0.0
0.0
0.0
0.0
127.0
28.0
0.0
0.0
0.0
64.0
0.0
0.0
0.0
0.0
0.0
NaN
NaN
0.0
0.0
0.0
0.0
0.0
0.0
0.0
0.0
0.0
112.0
0.0
0.0
0.0
0.0
0.0
0.0
191.0
112.0
0.0
0.0
0.0
0.0
0.0
0.0
43.0
0.0
0.0
0.0
0.0
0.0
51.0
0.0
0.0
0.0
0.0
41.0
102.0
18.0
0.0
0.0
0.0
79.0
13.0
0.0
0.0
10.0
0.0
0.0
0.0
0.0
0.0
0.0
0.0
0.0
0.0
0.0
0.0
33.0
86.0
33.0
0.0
10.0
0.0
0.0
119.0
104.0
147.0
66.0
0.0
0.0
0.0
0.0
51.0
0.0
41.0
0.0
0.0
0.0
0.0
0.0
15.0
89.0
0.0
0.0
0.0
0.0
165.0
0.0
0.0
0.0
0.0
0.0
23.0
0.0
0.0
246.0
0.0
0.0
0.0
183.0
0.0
0.0
0.0
0.0
0.0
0.0
30.0
0.0
0.0
25.0
0.0
0.0
76.0
0.0
0.0
102.0
0.0
0.0
0.0
0.0
51.0
0.0
0.0
0.0
0.0
0.0
0.0
0.0
0.0
0.0
0.0
51.0
0.0
0.0
76.0
0.0
0.0
0.0
51.0
0.0
0.0
0.0
0.0
51.0
0.0
0.0
0.0
0.0
0.0
0.0
0.0
0.0
0.0
0.0
0.0
0.0
0.0
0.0
28.0
0.0
0.0
0.0
0.0
0.0
0.0
0.0
132.0
53.0
0.0
0.0
0.0
0.0
18.0
0.0
0.0
0.0
0.0
0.0
0.0
0.0
48.0
0.0
0.0
51.0
0.0
0.0
0.0
46.0
0.0
0.0
0.0
0.0
0.0
89.0
99.0
0.0
0.0
0.0
99.0
0.0
0.0
28.0
0.0
0.0
0.0
0.0
0.0
0.0
74.0
0.0
0.0
0.0
0.0
58.0
48.0
15.0
0.0
61.0
0.0
0.0
0.0
33.0
0.0
0.0
130.0
15.0
0.0
0.0
0.0
0.0
0.0
0.0
0.0
0.0
0.0
0.0
0.0
0.0
0.0
0.0
0.0
0.0
0.0
0.0
0.0
43.0
48.0
18.0
0.0
41.0
0.0
0.0
0.0
191.0
38.0
254.0
0.0
0.0
0.0
117.0
66.0
0.0
36.0
0.0
0.0
0.0
0.0
18.0
0.0
191.0
0.0
0.0
0.0
0.0
0.0
0.0
394.0
0.0
97.0
0.0
0.0
0.0
0.0
0.0
0.0
0.0
0.0
0.0
0.0
0.0
0.0
0.0
0.0
0.0
0.0
216.0
0.0
0.0
0.0
0.0
0.0
0.0
0.0
0.0
0.0
0.0
0.0
0.0
140.0
0.0
0.0
0.0
0.0
0.0
0.0
0.0
0.0
0.0
0.0
53.0
434.0
28.0
0.0
28.0
0.0
0.0
432.0
183.0
51.0
0.0
0.0
0.0
0.0
0.0
0.0
0.0
0.0
41.0
0.0
0.0
0.0
0.0
0.0
0.0
56.0
56.0
160.0
419.0
48.0
0.0
0.0
0.0
0.0
0.0
196.0
0.0
0.0
0.0
0.0
38.0
18.0
155.0
0.0
0.0
41.0
0.0
0.0
0.0
28.0
0.0
0.0
0.0
206.0
NaN
0.0
0.0
0.0
0.0
0.0
114.0
38.0
0.0
201.0
0.0
0.0
0.0
30.0
0.0
0.0
0.0
0.0
0.0
0.0
0.0
0.0
0.0
97.0
0.0
0.0
0.0
36.0
0.0
0.0
0.0
0.0
0.0
0.0
41.0
0.0
0.0
137.0
0.0
0.0
0.0
0.0
0.0
0.0
38.0
0.0
0.0
0.0
0.0
51.0
0.0
102.0
0.0
0.0
0.0
0.0
38.0
0.0
0.0
0.0
0.0
25.0
198.0
0.0
0.0
0.0
0.0
0.0
0.0
0.0
56.0
0.0
0.0
0.0
0.0
0.0
127.0
0.0
0.0
0.0
74.0
130.0
0.0
0.0
0.0
0.0
0.0
0.0
0.0
0.0
0.0
25.0
0.0
25.0
0.0
0.0
0.0
0.0
25.0
0.0
0.0
51.0
0.0
0.0
0.0
0.0
0.0
64.0
0.0
0.0
0.0
0.0
0.0
0.0
0.0
0.0
0.0
0.0
0.0
0.0
0.0
102.0
0.0
0.0
0.0
0.0
0.0
160.0
0.0
119.0
0.0
0.0
0.0
135.0
0.0
0.0
10.0
0.0
0.0
0.0
0.0
71.0
79.0
0.0
0.0
0.0
0.0
0.0
0.0
0.0
0.0
0.0
10.0
0.0
0.0
0.0
0.0
0.0
0.0
0.0
0.0
28.0
15.0
0.0
0.0
0.0
0.0
0.0
0.0
18.0
0.0
15.0
0.0
0.0
0.0
0.0
0.0
0.0
135.0
0.0
0.0
0.0
0.0
0.0
0.0
10.0
0.0
0.0
119.0
61.0
18.0
0.0
0.0
0.0
0.0
0.0
0.0
15.0
165.0
20.0
0.0
NaN
NaN
0.0
0.0
0.0
0.0
0.0
64.0
0.0
69.0
302.0
0.0
0.0
0.0
0.0
0.0
69.0
0.0
0.0
53.0
0.0
NaN
NaN
0.0
0.0
175.0
0.0
0.0
196.0
0.0
0.0
0.0
0.0
74.0
0.0
0.0
0.0
20.0
0.0
0.0
0.0
0.0
0.0
0.0
97.0
0.0
0.0
NaN
0.0
0.0
0.0
0.0
0.0
0.0
0.0
0.0
0.0
0.0
0.0
0.0
284.0
0.0
0.0
0.0
0.0
38.0
0.0
0.0
0.0
0.0
0.0
0.0
0.0
0.0
0.0
0.0
170.0
0.0
0.0
53.0
0.0
0.0
79.0
0.0
0.0
23.0
0.0
0.0
0.0
0.0
0.0
0.0
0.0
107.0
0.0
0.0
282.0
0.0
0.0
0.0
0.0
216.0
300.0
0.0
0.0
0.0
0.0
0.0
0.0
0.0
0.0
0.0
0.0
0.0
0.0
28.0
0.0
0.0
36.0
0.0
0.0
0.0
0.0
71.0
185.0
0.0
0.0
0.0
0.0
0.0
0.0
69.0
0.0
0.0
0.0
0.0
0.0
0.0
0.0
0.0
0.0
279.0
0.0
0.0
0.0
91.0
0.0
0.0
0.0
0.0
0.0
0.0
0.0
0.0
0.0
13.0
0.0
0.0
221.0
234.0
0.0
0.0
0.0
0.0
0.0
0.0
25.0
0.0
0.0
107.0
25.0
0.0
0.0
56.0
0.0
0.0
25.0
0.0
38.0
0.0
432.0
0.0
0.0
76.0
0.0
122.0
0.0
51.0
0.0
0.0
0.0
0.0
0.0
0.0
0.0
0.0
0.0
25.0
0.0
0.0
0.0
89.0
0.0
0.0
89.0
0.0
0.0
0.0
0.0
NaN
NaN
0.0
0.0
0.0
0.0
0.0
0.0
0.0
0.0
51.0
0.0
0.0
0.0
0.0
0.0
0.0
0.0
0.0
0.0
0.0
51.0
0.0
0.0
0.0
0.0
0.0
163.0
41.0
0.0
0.0
0.0
0.0
0.0
188.0
0.0
0.0
38.0
0.0
0.0
0.0
0.0
0.0
0.0
0.0
0.0
0.0
51.0
0.0
0.0
0.0
0.0
0.0
0.0
38.0
0.0
0.0
0.0
64.0
0.0
NaN
NaN
0.0
0.0
127.0
0.0
0.0
38.0
0.0
0.0
0.0
0.0
41.0
76.0
0.0
0.0
0.0
0.0
0.0
13.0
69.0
0.0
0.0
0.0
112.0
185.0
33.0
0.0
0.0
0.0
64.0
71.0
0.0
0.0
0.0
0.0
0.0
0.0
0.0
0.0
56.0
0.0
0.0
229.0
30.0
5.0
0.0
0.0
0.0
0.0
53.0
437.0
10.0
0.0
0.0
0.0
8.0
0.0
0.0
0.0
0.0
0.0
79.0
0.0
