959.0
644.0
728.0
627.0
1182.0
389.0
1274.0
657.0
487.0
256.0
1162.0
472.0
307.0
229.0
515.0
552.0
1385.0
496.0
418.0
652.0
618.0
819.0
411.0
582.0
1161.0
879.0
760.0
836.0
485.0
455.0
474.0
889.0
1345.0
2382.0
1504.0
871.0
1405.0
422.0
757.0
1121.0
612.0
825.0
506.0
778.0
969.0
595.0
165.0
490.0
686.0
1437.0
755.0
736.0
856.0
544.0
761.0
1033.0
1052.0
677.0
500.0
115.0
1096.0
685.0
693.0
500.0
391.0
530.0
593.0
802.0
983.0
811.0
1052.0
754.0
1659.0
819.0
1236.0
881.0
683.0
332.0
1323.0
761.0
1751.0
648.0
763.0
569.0
285.0
831.0
975.0
898.0
1187.0
900.0
354.0
1102.0
453.0
457.0
884.0
1028.0
886.0
435.0
1383.0
567.0
993.0
720.0
831.0
619.0
859.0
810.0
1439.0
1010.0
2131.0
1570.0
919.0
1048.0
1122.0
406.0
634.0
852.0
281.0
252.0
434.0
627.0
944.0
429.0
845.0
1330.0
895.0
893.0
1075.0
622.0
1085.0
792.0
574.0
NaN
NaN
NaN
937.0
1538.0
834.0
979.0
1085.0
1350.0
643.0
1055.0
826.0
1523.0
443.0
936.0
488.0
832.0
423.0
324.0
486.0
751.0
1178.0
1183.0
970.0
541.0
705.0
946.0
1117.0
618.0
602.0
743.0
1335.0
1343.0
1273.0
797.0
666.0
1304.0
1796.0
1191.0
1333.0
1106.0
995.0
518.0
632.0
380.0
490.0
705.0
330.0
816.0
1413.0
1566.0
228.0
995.0
1188.0
822.0
520.0
1321.0
949.0
1759.0
1614.0
351.0
808.0
1295.0
642.0
1097.0
993.0
861.0
468.0
1243.0
1009.0
819.0
1204.0
389.0
1561.0
1186.0
946.0
254.0
584.0
704.0
355.0
709.0
603.0
1699.0
783.0
674.0
525.0
1081.0
629.0
688.0
706.0
712.0
1436.0
765.0
232.0
NaN
