NaN
1661.0
661.0
836.0
1458.0
46.0
307.0
275.0
230.0
35.0
308.0
132.0
619.0
543.0
1188.0
1001.0
298.0
241.0
84.0
60.0
333.0
70.0
197.0
451.0
376.0
521.0
1104.0
1271.0
833.0
460.0
64.0
236.0
489.0
91.0
67.0
132.0
410.0
928.0
391.0
1388.0
437.0
913.0
127.0
504.0
279.0
152.0
55.0
367.0
439.0
675.0
659.0
821.0
699.0
107.0
129.0
129.0
164.0
369.0
93.0
332.0
1111.0
238.0
263.0
526.0
257.0
202.0
595.0
168.0
326.0
396.0
50.0
NaN
572.0
668.0
760.0
1283.0
2082.0
679.0
223.0
346.0
91.0
711.0
591.0
139.0
117.0
353.0
917.0
914.0
242.0
317.0
169.0
60.0
182.0
153.0
179.0
604.0
873.0
790.0
1014.0
977.0
179.0
624.0
170.0
147.0
190.0
228.0
15.0
613.0
732.0
548.0
1742.0
515.0
586.0
285.0
1149.0
94.0
48.0
183.0
345.0
196.0
220.0
316.0
1595.0
861.0
983.0
410.0
264.0
129.0
65.0
0.0
121.0
98.0
160.0
723.0
1065.0
736.0
592.0
901.0
288.0
396.0
421.0
289.0
384.0
200.0
671.0
1090.0
281.0
114.0
792.0
161.0
97.0
55.0
350.0
248.0
131.0
592.0
802.0
494.0
809.0
480.0
545.0
933.0
407.0
416.0
436.0
329.0
598.0
625.0
662.0
48.0
870.0
74.0
803.0
82.0
23.0
15.0
257.0
167.0
147.0
15.0
48.0
980.0
893.0
963.0
225.0
954.0
121.0
246.0
404.0
228.0
137.0
106.0
249.0
754.0
526.0
707.0
733.0
248.0
46.0
480.0
414.0
116.0
239.0
484.0
896.0
477.0
453.0
429.0
344.0
658.0
94.0
216.0
110.0
416.0
300.0
113.0
0.0
70.0
656.0
616.0
1757.0
792.0
386.0
170.0
143.0
348.0
106.0
40.0
114.0
442.0
1146.0
766.0
1410.0
502.0
418.0
100.0
121.0
300.0
90.0
276.0
180.0
957.0
778.0
1124.0
370.0
545.0
728.0
58.0
404.0
70.0
80.0
376.0
88.0
544.0
874.0
610.0
368.0
854.0
240.0
294.0
76.0
44.0
124.0
144.0
756.0
252.0
732.0
350.0
150.0
598.0
1264.0
506.0
240.0
164.0
170.0
106.0
78.0
698.0
1590.0
356.0
2018.0
364.0
512.0
326.0
160.0
240.0
202.0
177.0
1064.0
410.0
536.0
1472.0
310.0
594.0
192.0
408.0
30.0
106.0
740.0
206.0
44.0
470.0
510.0
992.0
1601.0
446.0
127.0
24.0
92.0
340.0
70.0
200.0
30.0
556.0
298.0
566.0
38.0
238.0
184.0
246.0
370.0
500.0
76.0
270.0
110.0
388.0
916.0
74.0
414.0
512.0
108.0
295.0
104.0
135.0
200.0
783.0
558.0
591.0
1466.0
450.0
726.0
246.0
60.0
94.0
265.0
140.0
240.0
190.0
372.0
1222.0
1206.0
870.0
214.0
674.0
548.0
144.0
540.0
205.0
85.0
50.0
172.0
467.0
543.0
662.0
546.0
344.0
261.0
410.0
300.0
120.0
10.0
165.0
260.0
738.0
1230.0
NaN
1006.0
232.0
216.0
170.0
52.0
205.0
140.0
80.0
44.0
811.0
1110.0
618.0
600.0
728.0
1454.0
408.0
190.0
220.0
440.0
582.0
175.0
921.0
408.0
707.0
1058.0
290.0
464.0
540.0
200.0
NaN
170.0
452.0
310.0
344.0
486.0
978.0
234.0
350.0
406.0
250.0
NaN
NaN
NaN
180.0
426.0
214.0
593.0
1010.0
778.0
156.0
952.0
80.0
185.0
170.0
620.0
30.0
556.0
568.0
2020.0
594.0
502.0
106.0
594.0
272.0
250.0
380.0
300.0
110.0
248.0
2077.0
600.0
550.0
924.0
510.0
36.0
25.0
165.0
190.0
378.0
222.0
52.0
586.0
1137.0
771.0
1233.0
583.0
187.0
938.0
400.0
40.0
90.0
110.0
312.0
494.0
579.0
1318.0
56.0
286.0
181.0
123.0
335.0
235.0
20.0
85.0
180.0
314.0
1164.0
348.0
1538.0
204.0
110.0
40.0
290.0
160.0
115.0
110.0
296.0
649.0
738.0
179.0
424.0
796.0
230.0
150.0
160.0
205.0
115.0
368.0
NaN
1178.0
269.0
746.0
1044.0
318.0
406.0
20.0
475.0
360.0
56.0
330.0
178.0
950.0
2200.0
706.0
476.0
232.0
322.0
406.0
360.0
85.0
185.0
503.0
304.0
420.0
656.0
64.0
804.0
320.0
170.0
172.0
300.0
100.0
220.0
394.0
0.0
1294.0
617.0
702.0
245.0
168.0
134.0
52.0
630.0
50.0
100.0
120.0
230.0
430.0
1283.0
379.0
1088.0
756.0
614.0
180.0
340.0
70.0
260.0
220.0
334.0
1266.0
484.0
332.0
558.0
192.0
480.0
130.0
370.0
340.0
325.0
150.0
278.0
1044.0
940.0
490.0
1088.0
839.0
641.0
430.0
478.0
400.0
95.0
80.0
632.0
1067.0
804.0
378.0
462.0
234.0
92.0
182.0
105.0
78.0
60.0
346.0
312.0
804.0
639.0
806.0
288.0
32.0
668.0
604.0
181.0
243.0
285.0
464.0
67.0
1054.0
838.0
1086.0
498.0
619.0
636.0
112.0
290.0
345.0
85.0
5.0
480.0
622.0
1357.0
434.0
1122.0
298.0
16.0
120.0
50.0
315.0
245.0
136.0
94.0
788.0
601.0
1312.0
364.0
495.0
416.0
136.0
215.0
40.0
168.0
222.0
536.0
654.0
1560.0
1172.0
520.0
448.0
502.0
140.0
942.0
172.0
236.0
74.0
130.0
171.0
830.0
874.0
282.0
1582.0
56.0
