345.0
100.0
215.0
270.0
220.0
260.0
12.0
106.0
589.0
937.0
1134.0
141.0
84.0
223.0
NaN
170.0
30.0
252.0
265.0
216.0
1016.0
1104.0
266.0
502.0
772.0
34.0
198.0
120.0
50.0
240.0
54.0
668.0
315.0
864.0
410.0
478.0
78.0
38.0
290.0
50.0
134.0
462.0
156.0
719.0
578.0
961.0
282.0
504.0
190.0
345.0
180.0
62.0
40.0
142.0
172.0
466.0
824.0
88.0
428.0
801.0
452.0
90.0
210.0
170.0
310.0
160.0
284.0
546.0
592.0
178.0
456.0
680.0
120.0
248.0
150.0
210.0
170.0
240.0
158.0
750.0
1107.0
1262.0
520.0
544.0
160.0
80.0
80.0
140.0
170.0
260.0
186.0
360.0
832.0
1186.0
292.0
340.0
126.0
16.0
96.0
260.0
50.0
398.0
314.0
552.0
274.0
610.0
856.0
98.0
82.0
112.0
250.0
150.0
80.0
156.0
72.0
512.0
1028.0
226.0
626.0
366.0
424.0
452.0
232.0
334.0
80.0
418.0
528.0
294.0
838.0
1074.0
376.0
24.0
120.0
80.0
250.0
170.0
210.0
260.0
380.0
1036.0
1508.0
436.0
292.0
574.0
312.0
140.0
500.0
150.0
200.0
16.0
196.0
554.0
254.0
790.0
417.0
886.0
272.0
110.0
280.0
40.0
40.0
260.0
164.0
262.0
706.0
1256.0
1040.0
392.0
162.0
190.0
370.0
310.0
150.0
30.0
106.0
514.0
946.0
872.0
544.0
148.0
248.0
70.0
342.0
160.0
200.0
602.0
574.0
478.0
976.0
264.0
1184.0
202.0
582.0
360.0
220.0
130.0
90.0
100.0
420.0
440.0
562.0
637.0
366.0
282.0
364.0
410.0
330.0
204.0
NaN
202.0
160.0
252.0
1026.0
192.0
656.0
250.0
386.0
50.0
50.0
350.0
232.0
172.0
170.0
230.0
1258.0
652.0
310.0
642.0
658.0
208.0
160.0
250.0
50.0
192.0
356.0
558.0
992.0
604.0
956.0
270.0
278.0
58.0
100.0
280.0
46.0
118.0
444.0
516.0
1272.0
328.0
1032.0
356.0
16.0
446.0
570.0
70.0
140.0
76.0
122.0
326.0
412.0
548.0
34.0
356.0
92.0
78.0
210.0
180.0
40.0
270.0
216.0
308.0
1084.0
804.0
2242.0
512.0
252.0
122.0
300.0
204.0
250.0
150.0
766.0
188.0
342.0
744.0
390.0
284.0
322.0
100.0
108.0
414.0
100.0
394.0
140.0
1218.0
618.0
630.0
894.0
160.0
322.0
10.0
674.0
254.0
50.0
262.0
34.0
1028.0
1082.0
596.0
1428.0
196.0
194.0
548.0
210.0
372.0
90.0
270.0
760.0
726.0
710.0
232.0
200.0
650.0
360.0
346.0
200.0
200.0
220.0
354.0
84.0
668.0
1204.0
352.0
646.0
110.0
290.0
216.0
NaN
186.0
182.0
30.0
NaN
NaN
NaN
NaN
154.0
64.0
360.0
124.0
379.0
154.0
NaN
NaN
322.0
241.0
1003.0
716.0
788.0
192.0
621.0
NaN
178.0
345.0
NaN
14.0
500.0
855.0
1008.0
NaN
1615.0
518.0
206.0
307.0
189.0
NaN
150.0
109.0
91.0
319.0
902.0
NaN
NaN
187.0
366.0
204.0
166.0
58.0
NaN
NaN
NaN
NaN
NaN
665.0
NaN
8.0
NaN
642.0
NaN
222.0
NaN
NaN
NaN
128.0
NaN
1100.0
NaN
372.0
16.0
NaN
NaN
NaN
NaN
170.0
NaN
414.0
2012.0
NaN
1340.0
738.0
90.0
NaN
70.0
298.0
288.0
273.0
NaN
NaN
NaN
NaN
936.0
754.0
462.0
288.0
NaN
126.0
NaN
160.0
98.0
494.0
420.0
NaN
988.0
516.0
NaN
86.0
178.0
180.0
194.0
NaN
336.0
340.0
NaN
167.0
172.0
158.0
NaN
