0.0
0.0
10.0
0.0
0.0
0.0
0.0
0.0
0.0
0.0
0.0
0.0
0.0
0.0
0.0
0.0
0.0
0.0
0.0
0.0
0.0
0.0
3.0
53.0
0.0
0.0
38.0
23.0
0.0
0.0
0.0
84.0
41.0
0.0
0.0
13.0
0.0
0.0
0.0
36.0
114.0
86.0
0.0
0.0
0.0
69.0
0.0
0.0
0.0
0.0
0.0
64.0
107.0
0.0
0.0
33.0
0.0
0.0
0.0
0.0
0.0
0.0
0.0
NaN
NaN
NaN
0.0
0.0
0.0
0.0
0.0
0.0
0.0
0.0
0.0
91.0
0.0
0.0
0.0
0.0
0.0
46.0
102.0
23.0
41.0
0.0
25.0
0.0
0.0
0.0
97.0
28.0
15.0
0.0
28.0
0.0
0.0
0.0
0.0
0.0
64.0
56.0
13.0
3.0
15.0
0.0
102.0
0.0
0.0
5.0
28.0
0.0
0.0
0.0
0.0
0.0
0.0
0.0
0.0
0.0
0.0
0.0
25.0
130.0
180.0
234.0
28.0
3.0
13.0
64.0
71.0
318.0
124.0
3.0
0.0
0.0
0.0
0.0
0.0
5.0
0.0
0.0
0.0
0.0
0.0
53.0
124.0
38.0
0.0
74.0
206.0
5.0
15.0
66.0
0.0
0.0
3.0
56.0
315.0
124.0
13.0
81.0
175.0
0.0
0.0
0.0
0.0
0.0
0.0
8.0
0.0
5.0
3.0
0.0
5.0
3.0
0.0
0.0
3.0
0.0
41.0
5.0
0.0
0.0
NaN
0.0
0.0
0.0
0.0
0.0
0.0
5.0
0.0
5.0
0.0
0.0
0.0
10.0
NaN
0.0
3.0
0.0
18.0
0.0
0.0
3.0
0.0
0.0
0.0
0.0
33.0
0.0
0.0
0.0
0.0
NaN
0.0
0.0
0.0
0.0
0.0
0.0
0.0
0.0
0.0
0.0
3.0
0.0
51.0
0.0
0.0
76.0
0.0
3.0
0.0
0.0
0.0
0.0
0.0
0.0
0.0
0.0
0.0
3.0
627.0
0.0
0.0
320.0
5.0
0.0
0.0
122.0
0.0
0.0
0.0
18.0
0.0
0.0
15.0
8.0
0.0
0.0
0.0
140.0
0.0
0.0
0.0
0.0
0.0
0.0
0.0
5.0
0.0
28.0
135.0
0.0
0.0
0.0
0.0
43.0
15.0
5.0
0.0
94.0
0.0
0.0
8.0
0.0
0.0
0.0
25.0
0.0
0.0
0.0
0.0
0.0
0.0
0.0
0.0
3.0
0.0
0.0
0.0
0.0
0.0
0.0
0.0
0.0
25.0
0.0
445.0
36.0
NaN
NaN
0.0
0.0
0.0
0.0
23.0
NaN
NaN
NaN
NaN
NaN
NaN
0.0
0.0
188.0
0.0
0.0
0.0
269.0
89.0
0.0
NaN
NaN
0.0
0.0
0.0
0.0
0.0
46.0
10.0
0.0
389.0
0.0
0.0
0.0
0.0
0.0
0.0
48.0
51.0
0.0
0.0
0.0
13.0
0.0
0.0
0.0
0.0
0.0
0.0
33.0
0.0
0.0
206.0
5.0
0.0
0.0
0.0
18.0
0.0
180.0
0.0
0.0
0.0
0.0
0.0
0.0
0.0
8.0
5.0
NaN
NaN
0.0
0.0
0.0
0.0
0.0
NaN
NaN
5.0
15.0
30.0
0.0
0.0
0.0
0.0
0.0
0.0
0.0
0.0
0.0
0.0
0.0
0.0
0.0
0.0
0.0
0.0
0.0
0.0
0.0
10.0
3.0
262.0
0.0
18.0
0.0
0.0
0.0
137.0
251.0
0.0
0.0
0.0
0.0
0.0
23.0
0.0
0.0
0.0
66.0
5.0
0.0
0.0
0.0
0.0
0.0
155.0
23.0
178.0
94.0
0.0
0.0
0.0
0.0
0.0
8.0
36.0
3.0
91.0
30.0
0.0
0.0
30.0
0.0
56.0
0.0
0.0
0.0
10.0
81.0
0.0
0.0
NaN
NaN
36.0
0.0
0.0
5.0
0.0
61.0
33.0
0.0
0.0
193.0
0.0
3.0
0.0
64.0
0.0
0.0
0.0
0.0
13.0
0.0
269.0
3.0
0.0
0.0
0.0
0.0
0.0
5.0
0.0
0.0
8.0
0.0
5.0
0.0
0.0
3.0
0.0
0.0
0.0
0.0
0.0
0.0
0.0
0.0
0.0
0.0
18.0
3.0
0.0
0.0
0.0
165.0
0.0
0.0
0.0
0.0
0.0
0.0
0.0
0.0
0.0
0.0
18.0
0.0
0.0
0.0
0.0
0.0
0.0
0.0
0.0
97.0
0.0
0.0
0.0
0.0
0.0
0.0
0.0
0.0
0.0
81.0
0.0
0.0
0.0
0.0
3.0
137.0
0.0
NaN
NaN
0.0
0.0
0.0
NaN
NaN
0.0
51.0
0.0
0.0
0.0
0.0
0.0
0.0
0.0
124.0
91.0
43.0
0.0
0.0
3.0
5.0
0.0
0.0
0.0
0.0
0.0
0.0
0.0
0.0
84.0
0.0
0.0
8.0
0.0
0.0
0.0
64.0
0.0
0.0
178.0
0.0
0.0
0.0
361.0
13.0
8.0
15.0
0.0
0.0
0.0
0.0
0.0
0.0
239.0
0.0
0.0
0.0
119.0
0.0
0.0
0.0
0.0
0.0
0.0
0.0
216.0
97.0
0.0
0.0
0.0
0.0
64.0
0.0
0.0
0.0
0.0
0.0
0.0
0.0
124.0
0.0
0.0
0.0
0.0
465.0
81.0
0.0
81.0
25.0
0.0
0.0
0.0
0.0
0.0
30.0
0.0
0.0
0.0
279.0
0.0
0.0
800.0
0.0
18.0
0.0
0.0
0.0
0.0
0.0
0.0
0.0
0.0
257.0
18.0
0.0
0.0
58.0
0.0
0.0
0.0
0.0
0.0
0.0
0.0
0.0
0.0
0.0
0.0
178.0
0.0
0.0
0.0
25.0
0.0
0.0
117.0
0.0
0.0
13.0
3.0
0.0
0.0
0.0
0.0
0.0
0.0
0.0
109.0
3.0
20.0
13.0
0.0
0.0
0.0
0.0
107.0
79.0
28.0
0.0
0.0
5.0
28.0
25.0
0.0
0.0
0.0
0.0
5.0
0.0
147.0
0.0
0.0
30.0
51.0
76.0
15.0
0.0
0.0
0.0
5.0
0.0
0.0
0.0
76.0
0.0
0.0
0.0
0.0
0.0
0.0
13.0
3.0
0.0
102.0
0.0
0.0
0.0
25.0
NaN
114.0
0.0
0.0
0.0
25.0
30.0
0.0
0.0
0.0
56.0
0.0
56.0
0.0
0.0
0.0
25.0
0.0
0.0
0.0
0.0
NaN
0.0
0.0
0.0
0.0
0.0
0.0
0.0
0.0
0.0
51.0
51.0
NaN
51.0
0.0
0.0
NaN
25.0
NaN
NaN
0.0
0.0
0.0
0.0
0.0
NaN
13.0
0.0
0.0
0.0
0.0
0.0
0.0
0.0
0.0
0.0
0.0
NaN
0.0
3.0
0.0
0.0
0.0
0.0
0.0
0.0
0.0
0.0
0.0
0.0
0.0
0.0
0.0
0.0
0.0
0.0
0.0
0.0
0.0
0.0
0.0
0.0
3.0
0.0
0.0
0.0
NaN
NaN
0.0
0.0
0.0
0.0
0.0
0.0
NaN
NaN
NaN
NaN
0.0
0.0
0.0
0.0
NaN
0.0
0.0
0.0
0.0
0.0
NaN
0.0
NaN
NaN
0.0
0.0
NaN
41.0
25.0
0.0
0.0
0.0
8.0
0.0
0.0
0.0
0.0
91.0
0.0
0.0
0.0
28.0
137.0
0.0
0.0
127.0
0.0
0.0
30.0
0.0
0.0
0.0
8.0
544.0
0.0
0.0
0.0
0.0
0.0
127.0
0.0
0.0
0.0
0.0
0.0
0.0
0.0
0.0
124.0
0.0
46.0
8.0
0.0
0.0
0.0
0.0
0.0
0.0
0.0
0.0
0.0
38.0
0.0
163.0
28.0
23.0
0.0
0.0
36.0
18.0
0.0
0.0
0.0
0.0
0.0
0.0
0.0
0.0
0.0
0.0
61.0
0.0
0.0
0.0
0.0
0.0
25.0
0.0
0.0
0.0
0.0
0.0
0.0
0.0
0.0
0.0
0.0
0.0
0.0
122.0
404.0
20.0
23.0
224.0
30.0
0.0
0.0
0.0
119.0
0.0
0.0
0.0
0.0
0.0
107.0
0.0
0.0
0.0
0.0
0.0
0.0
0.0
0.0
267.0
0.0
0.0
0.0
0.0
0.0
0.0
0.0
0.0
0.0
0.0
0.0
0.0
0.0
0.0
0.0
0.0
0.0
0.0
0.0
0.0
0.0
0.0
0.0
5.0
0.0
30.0
0.0
0.0
0.0
0.0
33.0
0.0
0.0
0.0
0.0
0.0
0.0
94.0
0.0
0.0
15.0
0.0
0.0
0.0
0.0
0.0
38.0
0.0
0.0
0.0
0.0
48.0
0.0
0.0
0.0
0.0
0.0
94.0
0.0
0.0
0.0
0.0
0.0
279.0
46.0
122.0
0.0
0.0
0.0
0.0
0.0
0.0
0.0
0.0
0.0
0.0
495.0
0.0
0.0
0.0
0.0
0.0
0.0
43.0
0.0
0.0
71.0
0.0
102.0
0.0
0.0
0.0
3.0
89.0
NaN
NaN
0.0
0.0
0.0
0.0
NaN
0.0
NaN
0.0
NaN
NaN
0.0
NaN
0.0
0.0
0.0
0.0
NaN
0.0
0.0
13.0
117.0
10.0
0.0
0.0
0.0
0.0
0.0
NaN
0.0
5.0
0.0
0.0
0.0
0.0
0.0
0.0
0.0
0.0
0.0
46.0
0.0
0.0
0.0
0.0
0.0
0.0
0.0
0.0
0.0
0.0
0.0
76.0
0.0
0.0
0.0
0.0
0.0
15.0
25.0
0.0
0.0
0.0
20.0
0.0
30.0
0.0
0.0
0.0
0.0
0.0
0.0
0.0
20.0
0.0
NaN
NaN
0.0
0.0
15.0
0.0
0.0
0.0
0.0
0.0
0.0
0.0
0.0
0.0
0.0
0.0
0.0
NaN
0.0
38.0
0.0
0.0
13.0
NaN
0.0
3.0
0.0
0.0
0.0
25.0
33.0
0.0
5.0
0.0
3.0
0.0
0.0
0.0
0.0
0.0
0.0
0.0
0.0
0.0
0.0
0.0
0.0
229.0
112.0
0.0
0.0
0.0
104.0
5.0
0.0
0.0
0.0
0.0
28.0
0.0
0.0
0.0
20.0
0.0
0.0
0.0
0.0
0.0
53.0
23.0
0.0
13.0
89.0
124.0
41.0
0.0
0.0
0.0
0.0
94.0
0.0
0.0
5.0
61.0
0.0
0.0
0.0
0.0
0.0
0.0
0.0
18.0
0.0
0.0
0.0
0.0
0.0
0.0
0.0
0.0
0.0
0.0
0.0
18.0
94.0
51.0
36.0
0.0
0.0
0.0
0.0
0.0
0.0
91.0
0.0
216.0
0.0
25.0
28.0
0.0
0.0
0.0
132.0
3.0
0.0
0.0
0.0
3.0
10.0
0.0
0.0
0.0
104.0
89.0
76.0
0.0
0.0
0.0
234.0
38.0
0.0
0.0
0.0
0.0
0.0
0.0
0.0
0.0
124.0
0.0
135.0
0.0
33.0
0.0
0.0
0.0
0.0
0.0
0.0
0.0
0.0
0.0
43.0
0.0
0.0
0.0
0.0
0.0
36.0
257.0
0.0
0.0
0.0
0.0
0.0
0.0
0.0
0.0
0.0
NaN
NaN
0.0
0.0
0.0
91.0
0.0
0.0
0.0
0.0
140.0
0.0
0.0
0.0
0.0
36.0
0.0
25.0
0.0
234.0
71.0
0.0
0.0
0.0
20.0
28.0
0.0
0.0
196.0
0.0
0.0
10.0
0.0
0.0
0.0
140.0
5.0
53.0
0.0
0.0
0.0
23.0
0.0
0.0
56.0
51.0
36.0
0.0
0.0
0.0
0.0
0.0
127.0
104.0
0.0
0.0
0.0
3.0
0.0
0.0
3.0
147.0
196.0
0.0
0.0
13.0
0.0
0.0
0.0
0.0
0.0
0.0
33.0
23.0
69.0
0.0
0.0
38.0
0.0
0.0
0.0
0.0
36.0
53.0
86.0
0.0
38.0
0.0
0.0
0.0
135.0
0.0
20.0
0.0
13.0
0.0
NaN
0.0
33.0
0.0
41.0
46.0
NaN
5.0
NaN
76.0
NaN
51.0
0.0
191.0
0.0
0.0
0.0
18.0
NaN
NaN
NaN
NaN
30.0
NaN
0.0
0.0
0.0
0.0
0.0
0.0
0.0
81.0
25.0
NaN
NaN
5.0
3.0
0.0
NaN
25.0
0.0
0.0
25.0
NaN
3.0
NaN
0.0
0.0
13.0
56.0
0.0
0.0
0.0
0.0
64.0
64.0
5.0
NaN
0.0
0.0
0.0
0.0
0.0
NaN
NaN
0.0
28.0
NaN
NaN
0.0
NaN
NaN
0.0
NaN
0.0
NaN
58.0
0.0
NaN
51.0
0.0
203.0
NaN
0.0
0.0
NaN
NaN
NaN
0.0
0.0
0.0
0.0
0.0
102.0
3.0
0.0
0.0
132.0
0.0
0.0
0.0
0.0
NaN
0.0
0.0
0.0
66.0
33.0
0.0
0.0
0.0
0.0
0.0
0.0
0.0
0.0
3.0
0.0
NaN
NaN
3.0
NaN
0.0
0.0
0.0
0.0
0.0
0.0
0.0
0.0
58.0
38.0
0.0
0.0
0.0
0.0
0.0
0.0
3.0
0.0
0.0
NaN
NaN
23.0
0.0
33.0
104.0
5.0
0.0
NaN
NaN
NaN
0.0
0.0
0.0
0.0
0.0
0.0
0.0
0.0
0.0
0.0
0.0
0.0
13.0
0.0
0.0
0.0
0.0
0.0
0.0
0.0
NaN
NaN
20.0
0.0
0.0
0.0
0.0
0.0
38.0
5.0
0.0
0.0
28.0
0.0
185.0
0.0
0.0
0.0
0.0
0.0
NaN
0.0
0.0
0.0
0.0
0.0
0.0
64.0
0.0
0.0
0.0
0.0
239.0
0.0
0.0
0.0
0.0
8.0
0.0
0.0
0.0
74.0
310.0
0.0
0.0
0.0
0.0
0.0
0.0
0.0
81.0
0.0
0.0
0.0
0.0
84.0
0.0
0.0
0.0
152.0
0.0
0.0
0.0
475.0
0.0
0.0
0.0
0.0
0.0
0.0
0.0
0.0
0.0
0.0
0.0
0.0
0.0
0.0
373.0
0.0
0.0
0.0
0.0
0.0
0.0
0.0
0.0
0.0
0.0
0.0
254.0
0.0
107.0
0.0
554.0
206.0
0.0
0.0
0.0
0.0
0.0
0.0
0.0
0.0
287.0
102.0
0.0
0.0
0.0
0.0
0.0
20.0
30.0
0.0
0.0
13.0
0.0
0.0
23.0
114.0
0.0
0.0
0.0
0.0
0.0
0.0
0.0
0.0
0.0
0.0
0.0
0.0
0.0
0.0
0.0
NaN
0.0
53.0
69.0
0.0
NaN
0.0
NaN
0.0
0.0
0.0
0.0
0.0
0.0
0.0
0.0
NaN
NaN
NaN
0.0
0.0
0.0
0.0
0.0
0.0
0.0
