42.0
0.0
34.0
82.0
0.0
0.0
0.0
74.0
136.0
6.0
2.0
2.0
18.0
0.0
0.0
80.0
36.0
0.0
2.0
0.0
0.0
0.0
288.0
0.0
0.0
2.0
10.0
144.0
0.0
2.0
2.0
0.0
0.0
0.0
0.0
0.0
16.0
2.0
0.0
0.0
406.0
2.0
0.0
0.0
24.0
4.0
66.0
2.0
0.0
0.0
58.0
0.0
0.0
64.0
24.0
118.0
4.0
2.0
20.0
40.0
0.0
0.0
0.0
88.0
36.0
2.0
0.0
0.0
20.0
94.0
0.0
0.0
0.0
2.0
0.0
122.0
88.0
2.0
0.0
0.0
0.0
0.0
0.0
16.0
0.0
0.0
2.0
242.0
NaN
NaN
NaN
NaN
0.0
0.0
0.0
2.0
0.0
0.0
138.0
2.0
0.0
0.0
0.0
0.0
60.0
40.0
2.0
0.0
2.0
4.0
0.0
2.0
0.0
0.0
0.0
0.0
0.0
0.0
24.0
96.0
0.0
0.0
0.0
0.0
0.0
0.0
0.0
0.0
0.0
2.0
0.0
4.0
142.0
2.0
0.0
0.0
52.0
0.0
0.0
0.0
0.0
NaN
NaN
NaN
NaN
NaN
NaN
NaN
NaN
NaN
NaN
NaN
NaN
0.0
0.0
0.0
0.0
0.0
NaN
NaN
0.0
0.0
0.0
0.0
0.0
0.0
0.0
0.0
38.0
0.0
2.0
20.0
10.0
2.0
0.0
0.0
0.0
0.0
0.0
0.0
0.0
0.0
0.0
0.0
0.0
0.0
0.0
0.0
0.0
12.0
156.0
114.0
0.0
0.0
0.0
0.0
0.0
0.0
0.0
0.0
26.0
10.0
0.0
0.0
0.0
0.0
202.0
64.0
2.0
0.0
0.0
0.0
0.0
30.0
80.0
204.0
0.0
0.0
0.0
0.0
2.0
6.0
0.0
0.0
0.0
0.0
0.0
78.0
2.0
0.0
4.0
14.0
0.0
0.0
0.0
0.0
0.0
34.0
38.0
0.0
120.0
0.0
30.0
0.0
178.0
0.0
32.0
48.0
104.0
12.0
62.0
6.0
214.0
2.0
0.0
0.0
0.0
0.0
0.0
0.0
180.0
2.0
0.0
2.0
0.0
40.0
152.0
148.0
2.0
0.0
0.0
0.0
96.0
0.0
4.0
0.0
0.0
2.0
28.0
64.0
30.0
40.0
32.0
0.0
2.0
0.0
0.0
62.0
2.0
0.0
2.0
2.0
0.0
0.0
0.0
0.0
14.0
0.0
0.0
0.0
0.0
0.0
0.0
0.0
0.0
0.0
110.0
76.0
20.0
0.0
0.0
0.0
0.0
0.0
0.0
0.0
0.0
0.0
0.0
0.0
0.0
6.0
0.0
0.0
2.0
0.0
108.0
72.0
6.0
0.0
0.0
0.0
0.0
0.0
0.0
42.0
108.0
0.0
0.0
0.0
0.0
0.0
18.0
0.0
114.0
22.0
62.0
0.0
0.0
0.0
0.0
0.0
0.0
0.0
0.0
0.0
0.0
0.0
0.0
0.0
0.0
0.0
0.0
0.0
0.0
0.0
0.0
0.0
60.0
0.0
0.0
0.0
0.0
0.0
0.0
84.0
0.0
0.0
0.0
0.0
0.0
0.0
10.0
30.0
0.0
0.0
0.0
NaN
0.0
NaN
0.0
0.0
NaN
0.0
NaN
0.0
0.0
NaN
0.0
0.0
4.0
4.0
0.0
0.0
0.0
0.0
0.0
6.0
0.0
38.0
0.0
0.0
0.0
0.0
0.0
0.0
18.0
34.0
68.0
0.0
0.0
238.0
0.0
0.0
0.0
0.0
0.0
0.0
