0.0
62.0
0.0
6.0
28.0
75.0
4.0
0.0
2.0
2.0
0.0
0.0
0.0
0.0
0.0
0.0
0.0
80.0
67.0
14.0
25.0
14.0
0.0
0.0
14.0
2.0
3.0
0.0
0.0
0.0
14.0
0.0
0.0
10.0
0.0
5.0
0.0
0.0
0.0
0.0
0.0
35.0
6.0
0.0
0.0
4.0
0.0
0.0
2.0
0.0
0.0
0.0
0.0
68.0
25.0
5.0
0.0
4.0
33.0
5.0
112.0
304.0
61.0
13.0
0.0
106.0
269.0
141.0
6.0
2.0
0.0
24.0
15.0
0.0
0.0
0.0
0.0
5.0
47.0
4.0
0.0
0.0
0.0
0.0
0.0
0.0
0.0
0.0
0.0
0.0
0.0
0.0
0.0
6.0
0.0
23.0
52.0
20.0
124.0
10.0
0.0
0.0
0.0
0.0
106.0
38.0
0.0
74.0
0.0
104.0
0.0
0.0
14.0
0.0
0.0
0.0
5.0
0.0
16.0
0.0
0.0
0.0
0.0
15.0
0.0
0.0
0.0
0.0
17.0
0.0
0.0
0.0
0.0
0.0
0.0
0.0
5.0
0.0
45.0
0.0
0.0
0.0
0.0
6.0
0.0
0.0
2.0
0.0
0.0
0.0
0.0
0.0
14.0
0.0
4.0
0.0
0.0
24.0
0.0
0.0
2.0
0.0
0.0
9.0
0.0
0.0
0.0
5.0
0.0
0.0
0.0
0.0
0.0
12.0
0.0
66.0
2.0
2.0
0.0
0.0
0.0
0.0
0.0
0.0
0.0
0.0
0.0
0.0
0.0
0.0
0.0
0.0
20.0
0.0
0.0
0.0
0.0
0.0
19.0
4.0
0.0
30.0
30.0
0.0
6.0
0.0
0.0
0.0
0.0
0.0
50.0
15.0
0.0
0.0
0.0
81.0
0.0
0.0
57.0
3.0
26.0
0.0
19.0
0.0
80.0
23.0
4.0
0.0
0.0
0.0
3.0
14.0
0.0
0.0
0.0
0.0
0.0
0.0
0.0
0.0
5.0
2.0
55.0
0.0
0.0
0.0
42.0
130.0
68.0
2.0
56.0
0.0
0.0
0.0
4.0
2.0
60.0
121.0
8.0
0.0
42.0
62.0
14.0
167.0
60.0
0.0
3.0
178.0
10.0
0.0
0.0
7.0
123.0
12.0
0.0
0.0
0.0
0.0
0.0
0.0
35.0
0.0
52.0
17.0
42.0
51.0
194.0
35.0
2.0
0.0
281.0
14.0
0.0
0.0
0.0
0.0
0.0
4.0
0.0
192.0
2.0
0.0
0.0
0.0
14.0
28.0
0.0
14.0
2.0
2.0
0.0
0.0
0.0
0.0
6.0
62.0
7.0
6.0
456.0
2.0
36.0
0.0
2.0
0.0
0.0
12.0
0.0
0.0
190.0
838.0
4.0
3.0
11.0
111.0
2.0
0.0
0.0
210.0
4.0
0.0
4.0
52.0
2.0
2.0
2.0
0.0
0.0
43.0
62.0
2.0
47.0
0.0
2.0
0.0
5.0
0.0
0.0
155.0
3.0
0.0
0.0
0.0
0.0
0.0
0.0
2.0
0.0
0.0
2.0
0.0
0.0
0.0
0.0
2.0
0.0
0.0
0.0
0.0
0.0
0.0
2.0
0.0
2.0
3.0
160.0
5.0
82.0
0.0
0.0
0.0
2.0
0.0
0.0
0.0
0.0
6.0
0.0
2.0
43.0
0.0
0.0
0.0
35.0
118.0
4.0
0.0
10.0
0.0
19.0
20.0
0.0
0.0
0.0
6.0
0.0
0.0
32.0
110.0
165.0
0.0
0.0
0.0
0.0
0.0
14.0
32.0
20.0
0.0
0.0
0.0
0.0
0.0
28.0
0.0
0.0
0.0
0.0
0.0
2.0
0.0
0.0
0.0
0.0
0.0
0.0
0.0
0.0
6.0
2.0
16.0
0.0
0.0
0.0
62.0
0.0
48.0
0.0
0.0
0.0
18.0
58.0
0.0
0.0
0.0
0.0
0.0
8.0
5.0
0.0
0.0
19.0
7.0
0.0
0.0
0.0
0.0
0.0
2.0
3.0
14.0
6.0
60.0
2.0
24.0
5.0
0.0
8.0
0.0
0.0
0.0
2.0
3.0
0.0
0.0
0.0
0.0
0.0
0.0
0.0
0.0
10.0
14.0
30.0
0.0
55.0
0.0
0.0
24.0
5.0
4.0
10.0
46.0
35.0
79.0
0.0
0.0
2.0
2.0
10.0
0.0
0.0
0.0
0.0
0.0
0.0
0.0
0.0
0.0
9.0
0.0
0.0
0.0
38.0
0.0
0.0
0.0
0.0
0.0
0.0
0.0
0.0
0.0
0.0
0.0
16.0
0.0
0.0
0.0
10.0
3.0
0.0
2.0
7.0
72.0
0.0
2.0
32.0
0.0
0.0
0.0
0.0
0.0
12.0
20.0
0.0
0.0
0.0
0.0
0.0
0.0
0.0
0.0
7.0
0.0
2.0
16.0
0.0
4.0
0.0
0.0
0.0
0.0
2.0
12.0
0.0
0.0
0.0
0.0
0.0
20.0
9.0
8.0
66.0
2.0
0.0
0.0
0.0
0.0
0.0
94.0
2.0
0.0
0.0
5.0
24.0
2.0
14.0
8.0
0.0
30.0
0.0
44.0
0.0
0.0
188.0
68.0
0.0
0.0
36.0
2.0
12.0
0.0
0.0
0.0
0.0
0.0
0.0
0.0
16.0
0.0
2.0
12.0
0.0
41.0
70.0
52.0
0.0
0.0
0.0
0.0
0.0
0.0
4.0
20.0
0.0
252.0
129.0
709.0
10.0
33.0
14.0
0.0
37.0
10.0
12.0
30.0
10.0
0.0
0.0
82.0
45.0
79.0
0.0
0.0
0.0
0.0
0.0
0.0
0.0
0.0
0.0
884.0
7.0
0.0
36.0
0.0
3.0
0.0
0.0
2.0
2.0
0.0
0.0
0.0
0.0
0.0
0.0
116.0
3.0
0.0
0.0
20.0
0.0
14.0
8.0
34.0
12.0
41.0
24.0
0.0
0.0
0.0
0.0
0.0
174.0
4.0
86.0
22.0
43.0
27.0
12.0
26.0
0.0
107.0
378.0
114.0
0.0
0.0
0.0
0.0
0.0
155.0
2.0
0.0
0.0
58.0
0.0
2.0
10.0
0.0
372.0
2.0
0.0
2.0
2.0
0.0
60.0
11.0
2.0
2.0
0.0
0.0
0.0
0.0
0.0
0.0
0.0
286.0
0.0
0.0
172.0
2.0
0.0
16.0
0.0
0.0
0.0
2.0
3.0
0.0
0.0
0.0
0.0
12.0
6.0
0.0
24.0
8.0
0.0
0.0
22.0
0.0
0.0
6.0
0.0
0.0
4.0
18.0
2.0
0.0
2.0
0.0
0.0
0.0
0.0
2.0
36.0
10.0
0.0
0.0
0.0
0.0
0.0
0.0
0.0
0.0
0.0
0.0
0.0
6.0
0.0
8.0
0.0
0.0
2.0
12.0
2.0
0.0
0.0
4.0
8.0
0.0
18.0
20.0
4.0
0.0
12.0
0.0
0.0
4.0
0.0
0.0
0.0
0.0
2.0
2.0
10.0
0.0
0.0
0.0
0.0
0.0
2.0
0.0
0.0
0.0
0.0
10.0
56.0
68.0
22.0
24.0
4.0
16.0
0.0
0.0
0.0
0.0
0.0
2.0
6.0
0.0
0.0
0.0
0.0
0.0
0.0
0.0
0.0
4.0
16.0
0.0
0.0
0.0
0.0
0.0
0.0
0.0
73.0
0.0
0.0
0.0
2.0
0.0
12.0
10.0
0.0
6.0
10.0
0.0
0.0
0.0
27.0
0.0
4.0
0.0
2.0
2.0
0.0
16.0
0.0
0.0
4.0
0.0
0.0
18.0
0.0
0.0
0.0
62.0
10.0
0.0
6.0
0.0
0.0
0.0
0.0
0.0
0.0
0.0
4.0
0.0
6.0
4.0
0.0
4.0
38.0
0.0
0.0
0.0
16.0
2.0
0.0
0.0
0.0
0.0
0.0
0.0
0.0
12.0
8.0
0.0
0.0
16.0
6.0
2.0
0.0
0.0
0.0
4.0
8.0
4.0
0.0
0.0
188.0
4.0
0.0
0.0
0.0
0.0
0.0
0.0
0.0
0.0
0.0
0.0
0.0
118.0
0.0
0.0
0.0
0.0
0.0
0.0
0.0
14.0
0.0
72.0
14.0
0.0
0.0
0.0
0.0
0.0
0.0
32.0
0.0
0.0
0.0
0.0
40.0
2.0
0.0
0.0
0.0
0.0
0.0
144.0
181.0
308.0
2.0
0.0
22.0
2.0
38.0
8.0
0.0
0.0
2.0
0.0
170.0
3.0
0.0
0.0
0.0
0.0
4.0
0.0
92.0
70.0
0.0
94.0
0.0
27.0
6.0
0.0
3.0
150.0
2.0
0.0
0.0
0.0
0.0
332.0
126.0
150.0
24.0
214.0
2.0
116.0
60.0
0.0
0.0
0.0
22.0
0.0
27.0
16.0
4.0
4.0
0.0
0.0
0.0
4.0
0.0
12.0
126.0
28.0
0.0
0.0
0.0
14.0
8.0
30.0
0.0
0.0
0.0
0.0
0.0
0.0
0.0
18.0
106.0
100.0
4.0
15.0
0.0
26.0
58.0
0.0
0.0
0.0
0.0
0.0
0.0
0.0
0.0
0.0
0.0
0.0
0.0
0.0
0.0
112.0
0.0
0.0
0.0
6.0
6.0
0.0
408.0
8.0
0.0
0.0
0.0
50.0
26.0
0.0
0.0
0.0
0.0
0.0
0.0
22.0
104.0
0.0
108.0
24.0
26.0
0.0
120.0
282.0
16.0
0.0
0.0
62.0
2.0
6.0
42.0
22.0
2.0
4.0
0.0
5.0
0.0
0.0
0.0
0.0
0.0
0.0
0.0
0.0
0.0
0.0
70.0
36.0
0.0
0.0
4.0
0.0
0.0
0.0
0.0
0.0
0.0
0.0
0.0
0.0
0.0
16.0
3.0
218.0
0.0
14.0
20.0
0.0
0.0
0.0
20.0
50.0
12.0
4.0
0.0
0.0
0.0
0.0
0.0
0.0
0.0
0.0
0.0
0.0
6.0
0.0
0.0
0.0
0.0
0.0
0.0
38.0
16.0
0.0
0.0
0.0
2.0
0.0
0.0
0.0
0.0
36.0
0.0
0.0
38.0
0.0
6.0
0.0
0.0
4.0
2.0
48.0
2.0
0.0
0.0
2.0
0.0
0.0
0.0
0.0
0.0
0.0
0.0
0.0
38.0
6.0
106.0
18.0
0.0
0.0
130.0
0.0
0.0
4.0
2.0
0.0
0.0
6.0
26.0
6.0
14.0
60.0
4.0
8.0
14.0
0.0
0.0
0.0
60.0
0.0
19.0
4.0
0.0
22.0
0.0
28.0
0.0
0.0
0.0
62.0
6.0
0.0
0.0
0.0
27.0
0.0
0.0
38.0
4.0
26.0
2.0
0.0
0.0
0.0
4.0
4.0
0.0
0.0
8.0
2.0
30.0
0.0
0.0
0.0
0.0
0.0
0.0
0.0
12.0
46.0
6.0
2.0
62.0
14.0
2.0
0.0
0.0
26.0
8.0
0.0
0.0
8.0
0.0
0.0
38.0
0.0
0.0
8.0
2.0
0.0
0.0
0.0
0.0
0.0
0.0
474.0
12.0
2.0
0.0
0.0
0.0
6.0
0.0
0.0
0.0
0.0
0.0
4.0
4.0
0.0
0.0
0.0
0.0
0.0
226.0
5.0
18.0
4.0
0.0
82.0
0.0
4.0
0.0
0.0
4.0
0.0
0.0
0.0
12.0
0.0
0.0
0.0
34.0
6.0
50.0
0.0
0.0
0.0
0.0
168.0
452.0
38.0
0.0
0.0
62.0
0.0
0.0
4.0
158.0
0.0
0.0
0.0
0.0
0.0
0.0
0.0
0.0
0.0
0.0
0.0
0.0
