NaN
0.0
0.0
0.0
NaN
0.0
0.0
NaN
0.0
NaN
0.0
0.0
NaN
NaN
0.0
0.0
0.0
NaN
0.0
0.0
0.0
20.0
65.0
0.0
0.0
40.0
0.0
0.0
0.0
0.0
40.0
0.0
40.0
36.0
36.0
0.0
0.0
0.0
0.0
NaN
NaN
0.0
NaN
NaN
NaN
NaN
0.0
NaN
NaN
NaN
NaN
0.0
NaN
NaN
0.0
NaN
NaN
NaN
NaN
NaN
NaN
NaN
20.0
0.0
0.0
0.0
10.0
0.0
170.0
0.0
NaN
0.0
0.0
0.0
0.0
NaN
NaN
20.0
0.0
0.0
0.0
100.0
20.0
0.0
0.0
0.0
0.0
0.0
0.0
0.0
0.0
0.0
25.0
0.0
0.0
0.0
130.0
20.0
0.0
0.0
0.0
0.0
0.0
0.0
0.0
18.0
46.0
126.0
0.0
390.0
134.0
46.0
0.0
22.0
4.0
0.0
0.0
0.0
0.0
0.0
0.0
NaN
NaN
20.0
0.0
0.0
0.0
0.0
0.0
190.0
0.0
0.0
216.0
38.0
112.0
0.0
0.0
118.0
50.0
0.0
0.0
188.0
0.0
52.0
130.0
108.0
14.0
0.0
0.0
NaN
0.0
4.0
0.0
0.0
0.0
0.0
38.0
0.0
0.0
0.0
0.0
0.0
0.0
0.0
128.0
56.0
0.0
0.0
68.0
66.0
0.0
0.0
0.0
0.0
0.0
0.0
0.0
334.0
0.0
0.0
232.0
108.0
16.0
52.0
6.0
60.0
0.0
12.0
0.0
116.0
16.0
74.0
4.0
48.0
10.0
0.0
0.0
64.0
14.0
0.0
0.0
0.0
0.0
0.0
106.0
10.0
106.0
0.0
0.0
246.0
0.0
100.0
0.0
0.0
0.0
0.0
0.0
0.0
286.0
0.0
0.0
18.0
0.0
12.0
422.0
942.0
4.0
0.0
0.0
110.0
10.0
0.0
0.0
42.0
18.0
0.0
314.0
38.0
0.0
162.0
22.0
0.0
68.0
224.0
24.0
36.0
6.0
64.0
94.0
52.0
0.0
0.0
26.0
0.0
0.0
0.0
74.0
244.0
0.0
4.0
40.0
14.0
0.0
0.0
0.0
0.0
0.0
0.0
0.0
0.0
22.0
40.0
0.0
24.0
0.0
0.0
30.0
0.0
20.0
0.0
0.0
0.0
16.0
0.0
0.0
0.0
0.0
20.0
10.0
0.0
0.0
0.0
0.0
0.0
100.0
150.0
0.0
0.0
32.0
12.0
0.0
84.0
0.0
0.0
0.0
0.0
20.0
136.0
NaN
0.0
0.0
0.0
90.0
NaN
20.0
NaN
30.0
70.0
0.0
0.0
0.0
0.0
0.0
0.0
0.0
0.0
0.0
0.0
0.0
160.0
0.0
0.0
0.0
0.0
0.0
0.0
0.0
0.0
0.0
0.0
0.0
0.0
0.0
0.0
NaN
NaN
40.0
60.0
0.0
0.0
0.0
0.0
0.0
30.0
16.0
0.0
0.0
0.0
20.0
150.0
36.0
0.0
0.0
0.0
0.0
0.0
76.0
0.0
10.0
48.0
0.0
NaN
0.0
NaN
16.0
42.0
0.0
0.0
0.0
0.0
0.0
0.0
0.0
0.0
0.0
0.0
0.0
0.0
0.0
30.0
0.0
0.0
0.0
0.0
0.0
0.0
64.0
0.0
0.0
0.0
0.0
0.0
0.0
0.0
0.0
0.0
0.0
0.0
0.0
0.0
0.0
0.0
0.0
0.0
0.0
0.0
0.0
0.0
0.0
0.0
40.0
14.0
18.0
0.0
NaN
136.0
230.0
20.0
0.0
0.0
264.0
18.0
0.0
0.0
0.0
0.0
0.0
0.0
0.0
0.0
14.0
0.0
0.0
0.0
0.0
0.0
0.0
10.0
0.0
8.0
0.0
0.0
0.0
86.0
32.0
86.0
0.0
0.0
0.0
0.0
0.0
0.0
0.0
0.0
0.0
0.0
26.0
42.0
0.0
0.0
132.0
0.0
0.0
0.0
0.0
0.0
0.0
58.0
28.0
12.0
0.0
0.0
46.0
6.0
0.0
0.0
0.0
18.0
64.0
20.0
38.0
0.0
20.0
28.0
140.0
0.0
10.0
0.0
70.0
0.0
0.0
0.0
0.0
0.0
0.0
0.0
0.0
0.0
20.0
42.0
0.0
0.0
98.0
0.0
74.0
0.0
104.0
0.0
0.0
0.0
0.0
0.0
0.0
50.0
0.0
0.0
0.0
0.0
18.0
10.0
20.0
0.0
0.0
0.0
0.0
0.0
0.0
0.0
0.0
0.0
46.0
162.0
10.0
8.0
0.0
100.0
28.0
0.0
0.0
0.0
0.0
8.0
32.0
0.0
0.0
20.0
22.0
0.0
0.0
0.0
0.0
0.0
4.0
0.0
0.0
34.0
0.0
14.0
74.0
66.0
0.0
20.0
74.0
0.0
0.0
0.0
28.0
0.0
160.0
232.0
0.0
30.0
260.0
0.0
0.0
0.0
44.0
0.0
0.0
0.0
0.0
4.0
0.0
0.0
0.0
0.0
0.0
16.0
94.0
0.0
0.0
0.0
4.0
0.0
14.0
30.0
0.0
0.0
62.0
60.0
0.0
0.0
0.0
0.0
0.0
110.0
32.0
0.0
0.0
0.0
0.0
0.0
54.0
0.0
6.0
18.0
0.0
0.0
0.0
0.0
0.0
0.0
0.0
0.0
122.0
36.0
26.0
174.0
10.0
0.0
8.0
0.0
0.0
0.0
0.0
0.0
0.0
58.0
20.0
0.0
0.0
0.0
0.0
0.0
0.0
0.0
40.0
232.0
86.0
22.0
0.0
0.0
30.0
16.0
0.0
0.0
0.0
0.0
10.0
0.0
130.0
44.0
0.0
98.0
10.0
68.0
34.0
0.0
4.0
0.0
0.0
0.0
0.0
0.0
0.0
0.0
0.0
0.0
0.0
0.0
90.0
48.0
102.0
0.0
0.0
NaN
0.0
40.0
11.0
0.0
0.0
