23.0
51.0
0.0
0.0
0.0
74.0
5.0
20.0
0.0
0.0
249.0
0.0
51.0
0.0
0.0
0.0
0.0
160.0
23.0
64.0
18.0
0.0
0.0
0.0
99.0
5.0
23.0
0.0
0.0
0.0
66.0
0.0
0.0
0.0
0.0
0.0
0.0
0.0
0.0
5.0
155.0
0.0
122.0
15.0
117.0
0.0
8.0
0.0
104.0
5.0
0.0
0.0
0.0
0.0
15.0
0.0
0.0
0.0
0.0
0.0
33.0
201.0
0.0
15.0
0.0
0.0
0.0
30.0
36.0
0.0
127.0
0.0
41.0
0.0
0.0
0.0
0.0
0.0
0.0
0.0
0.0
160.0
0.0
0.0
0.0
0.0
13.0
64.0
0.0
28.0
33.0
0.0
86.0
0.0
0.0
38.0
23.0
0.0
0.0
178.0
15.0
0.0
0.0
15.0
64.0
13.0
0.0
13.0
0.0
0.0
0.0
0.0
0.0
0.0
0.0
13.0
127.0
0.0
0.0
51.0
76.0
0.0
0.0
25.0
13.0
0.0
0.0
0.0
25.0
0.0
0.0
0.0
25.0
13.0
127.0
0.0
13.0
64.0
0.0
0.0
13.0
64.0
64.0
0.0
0.0
0.0
20.0
79.0
0.0
13.0
0.0
0.0
10.0
8.0
0.0
25.0
15.0
0.0
0.0
46.0
51.0
0.0
25.0
46.0
64.0
0.0
0.0
10.0
76.0
8.0
81.0
18.0
0.0
282.0
25.0
0.0
0.0
0.0
20.0
76.0
51.0
36.0
13.0
10.0
0.0
188.0
41.0
36.0
0.0
0.0
5.0
97.0
0.0
51.0
38.0
5.0
0.0
36.0
0.0
127.0
18.0
64.0
36.0
0.0
0.0
10.0
0.0
0.0
61.0
0.0
0.0
8.0
422.0
3.0
0.0
0.0
0.0
0.0
0.0
0.0
0.0
0.0
0.0
0.0
0.0
0.0
13.0
0.0
0.0
0.0
0.0
0.0
0.0
86.0
74.0
0.0
0.0
0.0
15.0
8.0
0.0
0.0
0.0
53.0
0.0
0.0
0.0
43.0
33.0
61.0
0.0
0.0
0.0
175.0
0.0
0.0
13.0
0.0
15.0
43.0
99.0
376.0
64.0
30.0
0.0
0.0
0.0
13.0
8.0
0.0
0.0
0.0
0.0
122.0
0.0
0.0
0.0
0.0
0.0
0.0
0.0
10.0
0.0
8.0
163.0
0.0
81.0
213.0
0.0
130.0
0.0
0.0
51.0
0.0
5.0
18.0
0.0
58.0
0.0
30.0
99.0
0.0
0.0
107.0
0.0
13.0
0.0
0.0
0.0
0.0
310.0
0.0
0.0
0.0
112.0
112.0
0.0
0.0
0.0
74.0
0.0
0.0
0.0
38.0
0.0
0.0
0.0
0.0
0.0
20.0
0.0
0.0
5.0
0.0
66.0
0.0
0.0
0.0
3.0
86.0
0.0
18.0
196.0
0.0
0.0
0.0
64.0
185.0
0.0
8.0
0.0
0.0
0.0
0.0
0.0
0.0
0.0
0.0
0.0
0.0
0.0
36.0
117.0
0.0
0.0
94.0
20.0
0.0
38.0
0.0
0.0
0.0
0.0
0.0
15.0
20.0
10.0
0.0
0.0
0.0
0.0
0.0
84.0
434.0
89.0
259.0
0.0
36.0
41.0
0.0
0.0
51.0
0.0
0.0
0.0
0.0
0.0
0.0
0.0
0.0
0.0
13.0
0.0
0.0
378.0
0.0
0.0
5.0
0.0
0.0
0.0
0.0
0.0
0.0
23.0
36.0
0.0
0.0
0.0
0.0
0.0
0.0
0.0
0.0
0.0
51.0
46.0
0.0
0.0
56.0
23.0
0.0
0.0
0.0
0.0
38.0
13.0
0.0
0.0
0.0
0.0
0.0
0.0
0.0
25.0
20.0
0.0
0.0
0.0
0.0
25.0
25.0
46.0
43.0
0.0
0.0
0.0
0.0
0.0
0.0
0.0
25.0
51.0
25.0
0.0
0.0
0.0
0.0
102.0
25.0
0.0
0.0
13.0
0.0
0.0
0.0
38.0
0.0
51.0
13.0
0.0
76.0
0.0
0.0
15.0
5.0
0.0
41.0
0.0
0.0
71.0
15.0
0.0
30.0
20.0
41.0
25.0
203.0
0.0
0.0
15.0
25.0
5.0
0.0
0.0
15.0
0.0
0.0
0.0
0.0
0.0
51.0
10.0
0.0
0.0
46.0
0.0
0.0
0.0
0.0
10.0
66.0
36.0
25.0
5.0
0.0
86.0
56.0
0.0
3.0
25.0
25.0
5.0
0.0
0.0
0.0
41.0
0.0
0.0
5.0
51.0
3.0
167.0
10.0
0.0
3.0
0.0
0.0
0.0
0.0
61.0
23.0
0.0
0.0
0.0
0.0
0.0
0.0
66.0
284.0
5.0
36.0
0.0
0.0
0.0
0.0
10.0
0.0
183.0
0.0
0.0
0.0
0.0
0.0
114.0
0.0
0.0
0.0
0.0
74.0
0.0
48.0
0.0
0.0
102.0
0.0
0.0
0.0
0.0
0.0
41.0
0.0
0.0
0.0
0.0
0.0
0.0
8.0
51.0
10.0
0.0
71.0
23.0
0.0
28.0
0.0
0.0
0.0
94.0
0.0
0.0
0.0
20.0
0.0
0.0
8.0
0.0
0.0
0.0
0.0
0.0
0.0
0.0
0.0
0.0
0.0
0.0
0.0
0.0
0.0
15.0
0.0
0.0
0.0
18.0
165.0
0.0
0.0
23.0
0.0
127.0
0.0
0.0
0.0
13.0
38.0
3.0
0.0
0.0
0.0
0.0
0.0
0.0
0.0
5.0
94.0
160.0
0.0
28.0
0.0
0.0
0.0
0.0
135.0
0.0
0.0
0.0
91.0
23.0
107.0
0.0
18.0
5.0
0.0
0.0
0.0
0.0
0.0
0.0
0.0
53.0
0.0
5.0
244.0
0.0
292.0
0.0
0.0
0.0
0.0
0.0
0.0
18.0
0.0
0.0
0.0
0.0
97.0
0.0
48.0
3.0
0.0
86.0
86.0
140.0
0.0
0.0
0.0
3.0
10.0
0.0
0.0
38.0
23.0
0.0
84.0
51.0
8.0
109.0
0.0
107.0
33.0
0.0
0.0
0.0
0.0
0.0
0.0
51.0
0.0
0.0
114.0
0.0
0.0
13.0
0.0
0.0
0.0
0.0
0.0
0.0
0.0
147.0
30.0
51.0
0.0
36.0
25.0
0.0
8.0
127.0
5.0
0.0
0.0
3.0
38.0
221.0
8.0
102.0
28.0
61.0
173.0
145.0
5.0
0.0
8.0
0.0
0.0
107.0
142.0
0.0
10.0
3.0
0.0
0.0
3.0
23.0
0.0
0.0
0.0
0.0
64.0
0.0
0.0
0.0
0.0
0.0
0.0
0.0
0.0
0.0
0.0
0.0
0.0
25.0
0.0
18.0
28.0
117.0
5.0
0.0
84.0
18.0
0.0
0.0
0.0
61.0
74.0
127.0
25.0
0.0
43.0
5.0
0.0
50.0
25.0
102.0
76.0
0.0
38.0
0.0
61.0
97.0
0.0
0.0
38.0
102.0
76.0
0.0
152.0
51.0
0.0
0.0
76.0
76.0
18.0
0.0
0.0
0.0
0.0
0.0
0.0
51.0
203.0
0.0
0.0
0.0
25.0
0.0
0.0
0.0
0.0
0.0
64.0
0.0
0.0
0.0
0.0
25.0
25.0
326.0
0.0
25.0
0.0
0.0
0.0
76.0
0.0
0.0
64.0
13.0
0.0
64.0
0.0
0.0
0.0
51.0
178.0
117.0
13.0
0.0
0.0
0.0
0.0
0.0
0.0
0.0
0.0
0.0
25.0
51.0
0.0
0.0
0.0
0.0
0.0
0.0
0.0
0.0
0.0
0.0
0.0
0.0
0.0
0.0
0.0
0.0
0.0
0.0
0.0
0.0
0.0
0.0
0.0
18.0
0.0
0.0
0.0
0.0
0.0
0.0
0.0
0.0
0.0
0.0
94.0
0.0
0.0
0.0
13.0
5.0
102.0
86.0
61.0
0.0
0.0
64.0
165.0
40.0
0.0
0.0
0.0
127.0
30.0
0.0
0.0
127.0
0.0
13.0
21.0
0.0
0.0
198.0
135.0
18.0
10.0
0.0
0.0
0.0
0.0
0.0
81.0
81.0
0.0
0.0
0.0
0.0
0.0
0.0
0.0
0.0
0.0
0.0
0.0
0.0
0.0
0.0
0.0
0.0
0.0
122.0
56.0
0.0
0.0
48.0
13.0
10.0
0.0
0.0
43.0
0.0
0.0
28.0
0.0
0.0
0.0
0.0
0.0
0.0
0.0
0.0
0.0
0.0
185.0
5.0
0.0
0.0
154.0
4.0
0.0
6.0
6.0
50.0
0.0
0.0
226.0
42.0
0.0
0.0
0.0
6.0
134.0
132.0
0.0
0.0
12.0
0.0
0.0
5.0
16.0
24.0
0.0
2.0
0.0
0.0
0.0
0.0
0.0
0.0
0.0
0.0
199.0
0.0
9.0
0.0
0.0
110.0
0.0
11.0
0.0
0.0
6.0
9.0
0.0
4.0
2.0
0.0
0.0
0.0
8.0
38.0
0.0
71.0
0.0
4.0
0.0
112.0
22.0
0.0
0.0
0.0
158.0
79.0
0.0
0.0
0.0
0.0
0.0
0.0
6.0
50.0
2.0
0.0
87.0
0.0
0.0
0.0
296.0
6.0
0.0
0.0
2.0
218.0
0.0
0.0
0.0
0.0
4.0
46.0
0.0
0.0
18.0
0.0
0.0
0.0
72.0
82.0
0.0
0.0
32.0
22.0
0.0
0.0
36.0
0.0
230.0
90.0
0.0
0.0
0.0
0.0
2.0
106.0
0.0
0.0
100.0
52.0
0.0
0.0
78.0
0.0
10.0
0.0
0.0
0.0
0.0
0.0
16.0
2.0
44.0
0.0
0.0
0.0
32.0
0.0
0.0
0.0
40.0
0.0
0.0
88.0
40.0
10.0
0.0
0.0
0.0
0.0
0.0
0.0
0.0
0.0
0.0
0.0
0.0
0.0
0.0
0.0
0.0
0.0
192.0
0.0
0.0
0.0
162.0
0.0
0.0
0.0
0.0
0.0
220.0
0.0
0.0
0.0
90.0
30.0
0.0
0.0
70.0
0.0
100.0
50.0
0.0
0.0
7.0
7.0
5.0
0.0
40.0
60.0
20.0
5.0
0.0
100.0
10.0
0.0
0.0
40.0
0.0
10.0
0.0
30.0
150.0
10.0
0.0
0.0
0.0
10.0
193.0
43.0
20.0
0.0
40.0
0.0
0.0
20.0
0.0
0.0
0.0
0.0
0.0
230.0
10.0
10.0
0.0
80.0
0.0
0.0
30.0
80.0
0.0
0.0
110.0
200.0
0.0
5.0
0.0
30.0
20.0
60.0
10.0
0.0
0.0
40.0
0.0
0.0
40.0
0.0
0.0
0.0
0.0
0.0
0.0
0.0
0.0
0.0
0.0
0.0
0.0
0.0
10.0
0.0
85.0
0.0
0.0
40.0
0.0
0.0
40.0
0.0
8.0
64.0
0.0
0.0
0.0
0.0
28.0
0.0
0.0
0.0
20.0
35.0
0.0
0.0
0.0
0.0
0.0
0.0
0.0
0.0
0.0
30.0
0.0
20.0
0.0
12.0
0.0
56.0
5.0
24.0
204.0
0.0
126.0
66.0
76.0
0.0
0.0
0.0
0.0
0.0
0.0
88.0
38.0
46.0
0.0
0.0
0.0
0.0
0.0
14.0
0.0
0.0
0.0
0.0
136.0
160.0
2.0
0.0
4.0
18.0
0.0
124.0
0.0
0.0
0.0
0.0
0.0
0.0
0.0
0.0
263.0
5.0
0.0
30.0
16.0
0.0
0.0
0.0
0.0
270.0
0.0
0.0
0.0
67.0
39.0
62.0
0.0
32.0
43.0
0.0
0.0
0.0
0.0
4.0
14.0
0.0
18.0
37.0
0.0
477.0
44.0
19.0
0.0
0.0
0.0
240.0
30.0
0.0
0.0
0.0
100.0
30.0
12.0
0.0
0.0
0.0
17.0
0.0
15.0
45.0
210.0
30.0
0.0
0.0
3.0
0.0
0.0
0.0
0.0
0.0
0.0
0.0
0.0
11.0
13.0
0.0
0.0
0.0
0.0
0.0
0.0
20.0
0.0
0.0
76.0
0.0
0.0
0.0
0.0
4.0
129.0
0.0
106.0
0.0
2.0
10.0
0.0
4.0
0.0
52.0
90.0
0.0
0.0
14.0
4.0
0.0
0.0
22.0
45.0
6.0
0.0
0.0
0.0
126.0
26.0
0.0
34.0
0.0
75.0
6.0
0.0
0.0
0.0
10.0
0.0
0.0
24.0
42.0
0.0
0.0
0.0
43.0
0.0
0.0
145.0
262.0
0.0
0.0
0.0
45.0
0.0
9.0
10.0
0.0
0.0
0.0
0.0
0.0
0.0
0.0
0.0
0.0
0.0
0.0
44.0
4.0
386.0
98.0
66.0
40.0
20.0
0.0
84.0
88.0
10.0
0.0
9.0
0.0
0.0
0.0
76.0
378.0
0.0
0.0
60.0
8.0
0.0
0.0
37.0
44.0
0.0
0.0
0.0
0.0
0.0
0.0
0.0
0.0
9.0
0.0
3.0
100.0
0.0
0.0
0.0
45.0
0.0
30.0
0.0
0.0
0.0
30.0
0.0
48.0
94.0
28.0
20.0
35.0
180.0
8.0
38.0
20.0
10.0
10.0
0.0
0.0
20.0
40.0
24.0
20.0
25.0
45.0
10.0
34.0
8.0
0.0
0.0
0.0
65.0
0.0
0.0
0.0
0.0
0.0
123.0
152.0
191.0
75.0
0.0
0.0
0.0
0.0
0.0
0.0
0.0
0.0
0.0
0.0
0.0
0.0
30.0
0.0
10.0
0.0
100.0
0.0
0.0
0.0
0.0
0.0
32.0
0.0
0.0
0.0
0.0
100.0
0.0
0.0
0.0
0.0
20.0
0.0
0.0
0.0
0.0
0.0
0.0
0.0
0.0
0.0
0.0
0.0
0.0
0.0
0.0
10.0
0.0
15.0
0.0
0.0
0.0
0.0
0.0
45.0
0.0
0.0
100.0
50.0
20.0
0.0
10.0
35.0
0.0
0.0
0.0
0.0
0.0
15.0
45.0
15.0
0.0
0.0
0.0
23.0
0.0
0.0
50.0
60.0
0.0
5.0
44.0
0.0
0.0
11.0
454.0
18.0
0.0
20.0
108.0
0.0
0.0
0.0
0.0
0.0
0.0
0.0
0.0
10.0
78.0
0.0
0.0
22.0
150.0
122.0
8.0
0.0
94.0
0.0
236.0
14.0
0.0
0.0
0.0
0.0
0.0
0.0
0.0
0.0
41.0
64.0
0.0
0.0
22.0
43.0
3.0
0.0
0.0
0.0
0.0
3.0
0.0
140.0
0.0
14.0
0.0
32.0
0.0
12.0
0.0
0.0
0.0
65.0
212.0
0.0
0.0
0.0
0.0
0.0
0.0
0.0
0.0
0.0
0.0
0.0
44.0
124.0
0.0
0.0
36.0
0.0
0.0
0.0
10.0
0.0
111.0
6.0
12.0
0.0
0.0
0.0
58.0
0.0
0.0
60.0
46.0
139.0
0.0
18.0
140.0
0.0
0.0
218.0
0.0
0.0
232.0
0.0
14.0
0.0
0.0
0.0
19.0
0.0
116.0
76.0
0.0
46.0
10.0
0.0
0.0
109.0
4.0
42.0
28.0
6.0
4.0
338.0
109.0
54.0
9.0
0.0
0.0
104.0
112.0
172.0
420.0
4.0
0.0
0.0
4.0
0.0
0.0
0.0
0.0
8.0
82.0
0.0
0.0
18.0
0.0
8.0
112.0
0.0
0.0
0.0
0.0
0.0
0.0
0.0
0.0
0.0
0.0
0.0
32.0
49.0
0.0
0.0
182.0
56.0
24.0
38.0
0.0
0.0
0.0
0.0
0.0
0.0
126.0
0.0
0.0
0.0
154.0
0.0
0.0
0.0
30.0
6.0
0.0
0.0
110.0
216.0
0.0
0.0
68.0
21.0
27.0
0.0
8.0
10.0
28.0
62.0
45.0
158.0
23.0
0.0
0.0
4.0
0.0
24.0
76.0
6.0
0.0
0.0
0.0
0.0
96.0
0.0
4.0
8.0
6.0
0.0
0.0
0.0
370.0
35.0
16.0
0.0
0.0
0.0
14.0
0.0
0.0
0.0
22.0
0.0
38.0
41.0
0.0
34.0
0.0
0.0
0.0
80.0
0.0
0.0
0.0
0.0
0.0
0.0
0.0
18.0
0.0
6.0
80.0
50.0
0.0
6.0
28.0
5.0
0.0
30.0
268.0
10.0
0.0
0.0
0.0
10.0
156.0
10.0
100.0
0.0
100.0
15.0
0.0
30.0
10.0
30.0
0.0
0.0
0.0
0.0
65.0
45.0
20.0
0.0
0.0
0.0
70.0
0.0
0.0
0.0
40.0
10.0
0.0
0.0
0.0
170.0
20.0
0.0
20.0
0.0
0.0
0.0
0.0
0.0
0.0
20.0
0.0
10.0
0.0
0.0
10.0
30.0
0.0
0.0
15.0
2.0
0.0
0.0
0.0
0.0
0.0
0.0
14.0
0.0
15.0
10.0
10.0
0.0
0.0
0.0
126.0
109.0
0.0
0.0
0.0
0.0
0.0
0.0
5.0
84.0
147.0
6.0
51.0
212.0
4.0
24.0
0.0
0.0
32.0
0.0
0.0
0.0
0.0
0.0
0.0
0.0
0.0
0.0
0.0
0.0
50.0
0.0
0.0
40.0
80.0
60.0
0.0
30.0
0.0
0.0
0.0
0.0
0.0
0.0
68.0
0.0
0.0
64.0
147.0
0.0
74.0
0.0
87.0
35.0
0.0
0.0
0.0
38.0
31.0
10.0
0.0
0.0
0.0
78.0
0.0
0.0
67.0
6.0
11.0
0.0
0.0
0.0
89.0
23.0
4.0
0.0
0.0
58.0
0.0
0.0
0.0
0.0
0.0
0.0
12.0
0.0
0.0
0.0
6.0
123.0
160.0
77.0
7.0
5.0
56.0
18.0
0.0
0.0
0.0
0.0
0.0
0.0
0.0
10.0
31.0
281.0
147.0
20.0
72.0
26.0
0.0
0.0
0.0
8.0
5.0
96.0
6.0
0.0
144.0
8.0
0.0
8.0
48.0
0.0
64.0
208.0
34.0
0.0
0.0
10.0
0.0
26.0
260.0
0.0
6.0
99.0
8.0
0.0
0.0
24.0
80.0
0.0
192.0
0.0
4.0
0.0
0.0
0.0
0.0
12.0
0.0
0.0
0.0
11.0
0.0
0.0
0.0
48.0
0.0
8.0
14.0
0.0
0.0
0.0
0.0
0.0
54.0
0.0
76.0
0.0
0.0
0.0
0.0
22.0
16.0
312.0
74.0
0.0
0.0
18.0
32.0
6.0
78.0
0.0
0.0
56.0
204.0
0.0
0.0
0.0
0.0
0.0
0.0
0.0
42.0
6.0
0.0
0.0
0.0
0.0
60.0
158.0
121.0
10.0
40.0
0.0
160.0
12.0
0.0
74.0
180.0
164.0
128.0
80.0
0.0
0.0
0.0
0.0
0.0
18.0
0.0
32.0
0.0
0.0
50.0
0.0
0.0
0.0
182.0
4.0
0.0
0.0
0.0
54.0
12.0
0.0
0.0
0.0
144.0
46.0
0.0
6.0
0.0
0.0
0.0
0.0
0.0
120.0
0.0
0.0
120.0
15.0
0.0
24.0
156.0
20.0
0.0
31.0
123.0
162.0
0.0
0.0
0.0
0.0
10.0
0.0
0.0
0.0
124.0
64.0
0.0
0.0
0.0
10.0
10.0
0.0
0.0
0.0
0.0
5.0
28.0
14.0
0.0
88.0
21.0
0.0
0.0
0.0
0.0
53.0
13.0
0.0
0.0
0.0
10.0
12.0
0.0
0.0
0.0
0.0
18.0
0.0
0.0
50.0
0.0
0.0
0.0
45.0
0.0
0.0
0.0
0.0
0.0
0.0
5.0
10.0
70.0
0.0
0.0
0.0
80.0
30.0
0.0
0.0
50.0
20.0
0.0
50.0
92.0
0.0
10.0
0.0
40.0
0.0
0.0
0.0
0.0
20.0
0.0
0.0
50.0
0.0
0.0
5.0
0.0
0.0
20.0
90.0
0.0
0.0
0.0
0.0
5.0
40.0
60.0
100.0
20.0
0.0
130.0
0.0
70.0
0.0
0.0
0.0
15.0
0.0
0.0
0.0
0.0
0.0
0.0
0.0
0.0
60.0
10.0
0.0
0.0
20.0
5.0
0.0
0.0
0.0
0.0
0.0
50.0
0.0
0.0
110.0
0.0
20.0
0.0
0.0
0.0
0.0
8.0
0.0
51.0
0.0
0.0
0.0
0.0
7.0
0.0
0.0
115.0
0.0
0.0
0.0
104.0
20.0
0.0
0.0
0.0
15.0
41.0
