-9.62903225806
-1.58275862069
6.48064516129
11.6633333333
18.5064516129
19.4033333333
24.935483871
25.4129032258
18.16
13.2838709677
-1.87333333333
-15.2419354839
-4.49677419355
-11.6785714286
-0.364516129032
9.38
18.6741935484
21.8266666667
25.6903225806
26.3806451613
20.9533333333
9.71290322581
6.58333333333
-4.37096774194
-8.01935483871
-2.15714285714
-5.25483870968
8.17666666667
15.6774193548
23.5333333333
27.1548387097
23.3612903226
19.2833333333
4.65483870968
NaN
NaN
NaN
NaN
NaN
NaN
NaN
NaN
NaN
NaN
NaN
NaN
NaN
NaN
NaN
-5.94827586207
0.4
9.33333333333
12.6
19.6333333333
24.3451612903
NaN
NaN
NaN
NaN
-6.58709677419
-12.2774193548
-5.79642857143
-1.23548387097
12.7833333333
15.7
21.7866666667
25.1096774194
23.5483870968
21.4633333333
11.5483870968
1.83666666667
-4.67419354839
-2.3064516129
-8.35357142857
-1.70967741935
14.7206896552
18.4935483871
24.3533333333
27.9064516129
27.0892857143
20.2
8.69032258065
0.455172413793
-2.84516129032
-6.45806451613
-11.8857142857
1.76129032258
11.3166666667
18.1741935484
23.1366666667
27.5
23.8548387097
20.3233333333
12.2709677419
0.213333333333
-8.88064516129
-9.62580645161
-9.84137931034
-1.59677419355
9.75
NaN
21.4233333333
24.2741935484
26.4806451613
19.3233333333
12.1516129032
0.683333333333
-13.8451612903
-12.5741935484
-9.3
-3.08387096774
6.93666666667
15.8903225806
22.2133333333
23.1233333333
22.7580645161
24.5133333333
6.86774193548
8.43333333333
-11.5806451613
-8.94193548387
-7.78571428571
3.64838709677
15.8433333333
17.0096774194
21.2321428571
25.6903225806
26.1774193548
17.52
14.6233333333
0.31
-9.94193548387
-12.2
-8.02857142857
-3.75161290323
8.5275862069
15.5741935484
22.0
26.3419354839
26.8129032258
21.5433333333
15.1666666667
3.07
-2.0
-4.29032258065
-0.686206896552
7.77741935484
13.1333333333
17.8892857143
23.3
28.2032258065
27.3161290323
21.2233333333
8.73548387097
-1.31333333333
-9.82258064516
-9.7064516129
-7.73214285714
-5.85862068966
1.76333333333
16.4419354839
24.2615384615
24.0793103448
25.2806451613
22.0586206897
10.4612903226
0.0333333333333
-14.7129032258
-11.4366666667
-13.0615384615
-4.34838709677
6.53
17.8129032258
22.02
24.1466666667
25.5064516129
20.24
13.2
-3.56666666667
-5.58888888889
-7.44193548387
-12.4071428571
3.61935483871
13.1933333333
17.9366666667
23.7666666667
25.9096774194
26.05
22.9233333333
13.2233333333
3.53333333333
-3.26129032258
-8.83666666667
-3.92413793103
4.75483870968
8.78666666667
NaN
22.4071428571
24.9785714286
25.1666666667
20.2384615385
11.6357142857
NaN
-8.76774193548
-7.24516129032
-4.88571428571
-1.37419354839
11.4966666667
19.4129032258
23.5633333333
25.8357142857
24.6161290323
20.0966666667
NaN
