0.0
0.0
0.0
0.0
0.0
0.0
0.0
0.0
0.0
0.0
NaN
NaN
NaN
0.0
0.0
0.0
0.0
20.0
8.0
214.0
0.0
0.0
0.0
98.0
0.0
0.0
6.0
0.0
30.0
52.0
40.0
0.0
0.0
0.0
0.0
16.0
38.0
74.0
0.0
0.0
0.0
0.0
0.0
0.0
8.0
0.0
26.0
34.0
12.0
0.0
20.0
4.0
8.0
4.0
0.0
0.0
0.0
208.0
0.0
198.0
54.0
4.0
0.0
0.0
0.0
0.0
0.0
0.0
2.0
0.0
2.0
2.0
30.0
14.0
10.0
0.0
0.0
0.0
0.0
0.0
0.0
0.0
8.0
0.0
2.0
0.0
4.0
2.0
0.0
2.0
112.0
62.0
0.0
28.0
2.0
0.0
14.0
0.0
0.0
0.0
30.0
6.0
0.0
82.0
10.0
13.0
2.0
4.0
0.0
18.0
6.0
8.0
0.0
2.0
0.0
10.0
2.0
0.0
0.0
2.0
0.0
0.0
0.0
58.0
22.0
8.0
0.0
0.0
0.0
0.0
2.0
172.0
0.0
38.0
40.0
0.0
22.0
15.0
4.0
0.0
26.0
20.0
3.0
14.0
0.0
0.0
0.0
0.0
0.0
0.0
0.0
20.0
0.0
54.0
196.0
0.0
60.0
45.0
0.0
26.0
22.0
30.0
10.0
2.0
0.0
0.0
0.0
0.0
0.0
6.0
0.0
35.0
NaN
272.0
92.0
22.0
10.0
0.0
0.0
2.0
4.0
95.0
60.0
0.0
0.0
2.0
28.0
0.0
32.0
0.0
0.0
0.0
0.0
20.0
0.0
0.0
0.0
6.0
8.0
0.0
0.0
0.0
0.0
0.0
12.0
0.0
0.0
0.0
4.0
66.0
0.0
0.0
0.0
4.0
0.0
0.0
4.0
0.0
0.0
0.0
10.0
0.0
0.0
12.0
0.0
0.0
0.0
16.0
14.0
4.0
20.0
50.0
0.0
0.0
66.0
0.0
0.0
0.0
0.0
2.0
0.0
0.0
0.0
0.0
24.0
0.0
0.0
0.0
0.0
0.0
0.0
0.0
0.0
0.0
20.0
4.0
0.0
0.0
0.0
3.0
0.0
0.0
0.0
12.0
4.0
0.0
0.0
0.0
0.0
0.0
0.0
0.0
6.0
0.0
0.0
0.0
0.0
0.0
0.0
0.0
0.0
0.0
0.0
50.0
12.0
0.0
0.0
0.0
0.0
0.0
0.0
0.0
0.0
0.0
0.0
0.0
0.0
0.0
0.0
0.0
0.0
0.0
0.0
0.0
0.0
0.0
62.0
0.0
8.0
238.0
0.0
0.0
0.0
0.0
0.0
0.0
0.0
0.0
0.0
0.0
0.0
0.0
0.0
0.0
144.0
0.0
40.0
12.0
0.0
0.0
0.0
20.0
82.0
266.0
0.0
0.0
0.0
0.0
0.0
0.0
0.0
0.0
34.0
0.0
0.0
0.0
0.0
0.0
0.0
4.0
0.0
0.0
0.0
16.0
152.0
2.0
14.0
2.0
24.0
40.0
18.0
0.0
30.0
12.0
0.0
4.0
0.0
0.0
0.0
0.0
0.0
60.0
72.0
0.0
27.0
0.0
62.0
0.0
2.0
388.0
50.0
50.0
122.0
0.0
0.0
0.0
0.0
84.0
32.0
0.0
40.0
22.0
0.0
0.0
0.0
0.0
0.0
0.0
34.0
38.0
2.0
0.0
0.0
0.0
60.0
0.0
0.0
0.0
0.0
0.0
0.0
192.0
0.0
8.0
34.0
116.0
10.0
14.0
0.0
0.0
0.0
0.0
30.0
78.0
88.0
64.0
20.0
0.0
0.0
26.0
0.0
28.0
0.0
0.0
0.0
0.0
0.0
0.0
24.0
0.0
30.0
10.0
0.0
0.0
70.0
170.0
2.0
6.0
4.0
16.0
2.0
4.0
0.0
152.0
14.0
3.0
0.0
0.0
0.0
12.0
12.0
18.0
0.0
0.0
74.0
4.0
2.0
0.0
0.0
6.0
26.0
0.0
0.0
0.0
4.0
0.0
0.0
4.0
4.0
26.0
100.0
0.0
0.0
0.0
18.0
188.0
2.0
0.0
4.0
0.0
20.0
10.0
0.0
0.0
2.0
24.0
38.0
2.0
2.0
154.0
0.0
24.0
0.0
0.0
0.0
0.0
6.0
0.0
58.0
0.0
0.0
2.0
60.0
146.0
40.0
0.0
4.0
0.0
0.0
0.0
0.0
24.0
2.0
0.0
10.0
70.0
0.0
22.0
22.0
26.0
NaN
2.0
0.0
0.0
20.0
12.0
6.0
0.0
0.0
0.0
0.0
0.0
14.0
0.0
0.0
14.0
10.0
2.0
0.0
0.0
0.0
4.0
0.0
6.0
12.0
14.0
10.0
4.0
56.0
6.0
0.0
0.0
30.0
28.0
0.0
0.0
0.0
4.0
6.0
2.0
30.0
2.0
2.0
0.0
0.0
4.0
2.0
2.0
4.0
0.0
0.0
12.0
0.0
8.0
0.0
44.0
2.0
12.0
2.0
0.0
2.0
0.0
0.0
10.0
4.0
0.0
0.0
30.0
2.0
2.0
8.0
0.0
0.0
0.0
0.0
0.0
0.0
4.0
2.0
0.0
0.0
2.0
8.0
26.0
62.0
2.0
2.0
8.0
8.0
0.0
0.0
0.0
0.0
0.0
18.0
0.0
0.0
8.0
0.0
12.0
0.0
2.0
6.0
0.0
0.0
0.0
34.0
10.0
4.0
38.0
2.0
0.0
0.0
0.0
0.0
28.0
10.0
6.0
16.0
0.0
2.0
20.0
2.0
12.0
0.0
0.0
0.0
0.0
0.0
0.0
0.0
30.0
16.0
0.0
0.0
0.0
16.0
4.0
0.0
0.0
0.0
0.0
16.0
19.0
26.0
0.0
10.0
0.0
0.0
26.0
0.0
0.0
0.0
0.0
0.0
0.0
0.0
8.0
0.0
0.0
0.0
0.0
0.0
0.0
0.0
0.0
0.0
0.0
0.0
110.0
46.0
0.0
0.0
0.0
0.0
0.0
4.0
0.0
187.0
0.0
0.0
0.0
0.0
0.0
4.0
0.0
0.0
0.0
2.0
296.0
0.0
0.0
0.0
0.0
0.0
0.0
0.0
4.0
0.0
0.0
0.0
2.0
142.0
188.0
68.0
16.0
6.0
0.0
0.0
7.0
0.0
0.0
0.0
0.0
0.0
0.0
0.0
0.0
0.0
0.0
0.0
0.0
60.0
8.0
16.0
4.0
0.0
30.0
56.0
3.0
0.0
0.0
0.0
0.0
0.0
0.0
0.0
0.0
0.0
6.0
4.0
4.0
0.0
0.0
28.0
18.0
0.0
106.0
18.0
0.0
0.0
0.0
0.0
0.0
0.0
0.0
0.0
0.0
0.0
10.0
10.0
104.0
0.0
0.0
0.0
8.0
2.0
0.0
6.0
0.0
0.0
0.0
0.0
0.0
0.0
0.0
0.0
0.0
0.0
0.0
6.0
18.0
44.0
92.0
0.0
0.0
0.0
0.0
6.0
0.0
6.0
0.0
0.0
58.0
2.0
0.0
0.0
0.0
0.0
8.0
0.0
0.0
70.0
24.0
2.0
218.0
34.0
8.0
4.0
68.0
8.0
6.0
90.0
100.0
6.0
6.0
2.0
60.0
12.0
0.0
12.0
0.0
0.0
0.0
0.0
0.0
0.0
194.0
0.0
0.0
0.0
2.0
4.0
44.0
30.0
0.0
0.0
0.0
0.0
0.0
0.0
0.0
0.0
0.0
0.0
22.0
16.0
2.0
0.0
12.0
0.0
0.0
0.0
0.0
0.0
0.0
0.0
0.0
0.0
8.0
4.0
0.0
0.0
32.0
16.0
8.0
4.0
0.0
0.0
0.0
12.0
0.0
28.0
2.0
12.0
8.0
0.0
0.0
0.0
0.0
0.0
22.0
0.0
0.0
0.0
6.0
0.0
0.0
0.0
0.0
0.0
22.0
0.0
0.0
18.0
NaN
0.0
14.0
8.0
0.0
0.0
0.0
0.0
0.0
0.0
0.0
0.0
0.0
0.0
0.0
0.0
0.0
12.0
0.0
0.0
0.0
0.0
0.0
0.0
0.0
0.0
0.0
0.0
0.0
0.0
0.0
0.0
0.0
0.0
0.0
0.0
0.0
0.0
0.0
0.0
10.0
4.0
0.0
0.0
2.0
0.0
0.0
0.0
0.0
0.0
0.0
0.0
0.0
4.0
0.0
34.0
36.0
40.0
72.0
0.0
0.0
0.0
0.0
0.0
0.0
0.0
0.0
0.0
0.0
2.0
0.0
0.0
0.0
0.0
0.0
0.0
0.0
4.0
0.0
0.0
168.0
2.0
0.0
0.0
22.0
0.0
0.0
0.0
0.0
0.0
0.0
0.0
0.0
2.0
0.0
0.0
0.0
0.0
0.0
2.0
0.0
0.0
0.0
0.0
0.0
0.0
0.0
0.0
0.0
0.0
0.0
0.0
0.0
0.0
0.0
0.0
4.0
0.0
0.0
0.0
0.0
0.0
0.0
0.0
0.0
0.0
0.0
0.0
0.0
0.0
0.0
42.0
67.0
0.0
0.0
0.0
0.0
0.0
0.0
0.0
0.0
0.0
2.0
4.0
8.0
0.0
0.0
16.0
260.0
0.0
0.0
0.0
0.0
2.0
26.0
34.0
18.0
4.0
0.0
0.0
0.0
0.0
0.0
0.0
22.0
8.0
0.0
0.0
0.0
0.0
0.0
16.0
2.0
0.0
4.0
8.0
0.0
0.0
0.0
0.0
10.0
58.0
100.0
226.0
30.0
0.0
0.0
2.0
0.0
10.0
0.0
0.0
20.0
0.0
335.0
6.0
10.0
0.0
0.0
0.0
0.0
4.0
114.0
2.0
162.0
36.0
0.0
10.0
0.0
101.0
188.0
4.0
2.0
0.0
0.0
0.0
120.0
122.0
34.0
0.0
0.0
0.0
4.0
42.0
6.0
0.0
0.0
0.0
0.0
0.0
0.0
23.0
99.0
13.0
20.0
4.0
38.0
90.0
2.0
0.0
10.0
6.0
4.0
2.0
0.0
10.0
2.0
20.0
4.0
0.0
0.0
0.0
54.0
132.0
44.0
150.0
32.0
4.0
100.0
0.0
2.0
49.0
6.0
6.0
18.0
9.0
12.0
4.0
4.0
17.0
6.0
0.0
6.0
4.0
0.0
0.0
0.0
38.0
9.0
0.0
0.0
4.0
70.0
0.0
0.0
34.0
0.0
96.0
NaN
0.0
NaN
NaN
16.0
4.0
2.0
2.0
0.0
35.0
0.0
0.0
0.0
0.0
0.0
0.0
20.0
20.0
30.0
0.0
0.0
0.0
0.0
66.0
52.0
0.0
0.0
28.0
0.0
2.0
0.0
104.0
2.0
0.0
0.0
0.0
8.0
22.0
0.0
0.0
2.0
20.0
0.0
0.0
12.0
0.0
8.0
10.0
0.0
4.0
0.0
0.0
0.0
0.0
22.0
62.0
0.0
0.0
0.0
0.0
0.0
0.0
5.0
0.0
17.0
0.0
0.0
0.0
0.0
22.0
4.0
0.0
0.0
0.0
0.0
0.0
0.0
14.0
0.0
0.0
0.0
0.0
0.0
12.0
0.0
16.0
0.0
0.0
0.0
0.0
0.0
0.0
0.0
0.0
10.0
0.0
0.0
0.0
0.0
0.0
0.0
0.0
6.0
0.0
18.0
34.0
0.0
0.0
0.0
0.0
0.0
0.0
0.0
0.0
0.0
10.0
2.0
0.0
24.0
6.0
0.0
3.0
5.0
0.0
0.0
0.0
0.0
0.0
6.0
4.0
0.0
0.0
0.0
0.0
0.0
0.0
0.0
0.0
0.0
0.0
5.0
0.0
32.0
0.0
30.0
60.0
32.0
4.0
0.0
0.0
0.0
0.0
0.0
8.0
0.0
0.0
0.0
0.0
22.0
0.0
30.0
39.0
16.0
4.0
0.0
0.0
0.0
16.0
28.0
0.0
0.0
10.0
110.0
12.0
96.0
16.0
5.0
0.0
0.0
0.0
8.0
8.0
0.0
0.0
0.0
0.0
0.0
0.0
0.0
0.0
0.0
0.0
0.0
0.0
0.0
0.0
0.0
0.0
0.0
0.0
0.0
0.0
0.0
0.0
6.0
0.0
0.0
0.0
2.0
0.0
0.0
0.0
0.0
0.0
0.0
0.0
0.0
0.0
42.0
16.0
0.0
0.0
0.0
34.0
0.0
0.0
86.0
0.0
60.0
58.0
0.0
0.0
0.0
56.0
0.0
0.0
4.0
64.0
2.0
0.0
0.0
0.0
0.0
0.0
2.0
0.0
24.0
10.0
10.0
0.0
2.0
0.0
4.0
0.0
0.0
0.0
0.0
0.0
52.0
0.0
90.0
370.0
3.0
0.0
0.0
0.0
3.0
8.0
0.0
6.0
10.0
4.0
0.0
0.0
0.0
0.0
0.0
0.0
0.0
24.0
47.0
66.0
274.0
60.0
0.0
0.0
0.0
8.0
0.0
0.0
0.0
2.0
0.0
0.0
0.0
8.0
125.0
0.0
20.0
0.0
2.0
5.0
6.0
0.0
0.0
0.0
0.0
0.0
0.0
0.0
4.0
0.0
0.0
106.0
0.0
0.0
0.0
6.0
0.0
90.0
20.0
0.0
0.0
0.0
0.0
0.0
0.0
0.0
0.0
0.0
40.0
0.0
0.0
0.0
0.0
0.0
0.0
2.0
0.0
0.0
0.0
0.0
6.0
80.0
4.0
0.0
0.0
0.0
0.0
0.0
0.0
28.0
6.0
68.0
0.0
0.0
0.0
0.0
0.0
104.0
0.0
0.0
0.0
0.0
0.0
50.0
0.0
8.0
0.0
0.0
0.0
0.0
0.0
0.0
0.0
10.0
0.0
0.0
0.0
0.0
0.0
0.0
0.0
70.0
0.0
10.0
0.0
0.0
0.0
6.0
80.0
186.0
0.0
0.0
0.0
0.0
0.0
34.0
30.0
0.0
0.0
74.0
32.0
12.0
28.0
0.0
0.0
6.0
0.0
0.0
0.0
0.0
0.0
60.0
0.0
2.0
32.0
6.0
0.0
20.0
66.0
0.0
0.0
14.0
22.0
0.0
0.0
40.0
0.0
8.0
4.0
94.0
3.0
22.0
0.0
0.0
0.0
7.0
20.0
0.0
0.0
0.0
0.0
0.0
0.0
0.0
6.0
0.0
0.0
0.0
0.0
0.0
0.0
0.0
0.0
0.0
3.0
0.0
0.0
4.0
0.0
0.0
12.0
0.0
0.0
10.0
0.0
0.0
0.0
0.0
0.0
0.0
10.0
14.0
2.0
0.0
2.0
86.0
30.0
8.0
4.0
2.0
0.0
0.0
0.0
0.0
0.0
0.0
18.0
0.0
0.0
78.0
6.0
42.0
14.0
0.0
0.0
2.0
0.0
10.0
8.0
4.0
16.0
4.0
2.0
0.0
0.0
0.0
0.0
0.0
0.0
12.0
20.0
2.0
2.0
6.0
0.0
4.0
4.0
0.0
0.0
4.0
0.0
0.0
0.0
0.0
0.0
0.0
0.0
14.0
24.0
0.0
0.0
0.0
0.0
0.0
0.0
12.0
2.0
0.0
0.0
0.0
0.0
0.0
0.0
0.0
0.0
0.0
0.0
0.0
0.0
0.0
30.0
38.0
0.0
0.0
0.0
12.0
0.0
0.0
0.0
0.0
0.0
0.0
0.0
0.0
0.0
0.0
0.0
0.0
0.0
0.0
0.0
0.0
0.0
0.0
36.0
72.0
11.0
0.0
0.0
0.0
0.0
9.0
0.0
0.0
0.0
0.0
0.0
0.0
4.0
0.0
0.0
0.0
14.0
0.0
0.0
0.0
0.0
20.0
18.0
32.0
64.0
0.0
0.0
0.0
0.0
4.0
0.0
0.0
0.0
2.0
2.0
3.0
0.0
48.0
233.0
2.0
2.0
0.0
0.0
0.0
0.0
0.0
0.0
0.0
44.0
0.0
4.0
0.0
0.0
0.0
10.0
0.0
0.0
0.0
0.0
18.0
6.0
0.0
54.0
4.0
2.0
0.0
0.0
0.0
0.0
0.0
28.0
0.0
40.0
21.0
0.0
0.0
8.0
0.0
4.0
6.0
0.0
0.0
53.0
82.0
60.0
2.0
66.0
0.0
0.0
0.0
120.0
104.0
26.0
192.0
366.0
12.0
42.0
18.0
0.0
0.0
24.0
0.0
66.0
122.0
60.0
12.0
4.0
22.0
188.0
260.0
10.0
4.0
4.0
104.0
12.0
0.0
12.0
26.0
2.0
4.0
0.0
4.0
94.0
4.0
34.0
6.0
0.0
20.0
2.0
0.0
0.0
0.0
0.0
0.0
2.0
2.0
0.0
62.0
42.0
18.0
2.0
12.0
8.0
10.0
22.0
0.0
0.0
0.0
0.0
0.0
0.0
2.0
2.0
2.0
6.0
0.0
0.0
0.0
0.0
0.0
0.0
0.0
0.0
0.0
0.0
40.0
0.0
0.0
0.0
0.0
0.0
0.0
260.0
10.0
0.0
0.0
0.0
0.0
0.0
0.0
4.0
0.0
0.0
0.0
0.0
0.0
10.0
0.0
0.0
0.0
0.0
2.0
35.0
0.0
0.0
0.0
2.0
0.0
0.0
0.0
0.0
10.0
0.0
16.0
2.0
50.0
33.0
0.0
38.0
0.0
0.0
0.0
0.0
2.0
2.0
2.0
0.0
0.0
0.0
0.0
0.0
0.0
0.0
0.0
0.0
0.0
0.0
0.0
0.0
0.0
0.0
0.0
0.0
0.0
0.0
0.0
0.0
0.0
0.0
0.0
0.0
0.0
0.0
0.0
0.0
0.0
0.0
0.0
0.0
0.0
0.0
0.0
0.0
0.0
0.0
30.0
0.0
2.0
6.0
24.0
0.0
0.0
0.0
0.0
0.0
0.0
0.0
0.0
0.0
0.0
0.0
0.0
0.0
0.0
0.0
0.0
0.0
0.0
0.0
0.0
0.0
0.0
0.0
0.0
4.0
4.0
4.0
0.0
2.0
14.0
0.0
0.0
2.0
4.0
3.0
0.0
0.0
24.0
26.0
0.0
4.0
30.0
128.0
40.0
6.0
4.0
0.0
10.0
6.0
0.0
0.0
2.0
0.0
0.0
0.0
2.0
0.0
0.0
0.0
0.0
6.0
0.0
22.0
100.0
146.0
16.0
2.0
0.0
0.0
0.0
0.0
0.0
0.0
0.0
0.0
0.0
0.0
0.0
0.0
0.0
0.0
0.0
2.0
0.0
0.0
4.0
6.0
0.0
5.0
0.0
0.0
0.0
0.0
76.0
0.0
0.0
0.0
0.0
12.0
180.0
20.0
0.0
0.0
0.0
0.0
0.0
0.0
0.0
0.0
0.0
0.0
0.0
0.0
0.0
0.0
46.0
92.0
0.0
0.0
0.0
0.0
0.0
0.0
2.0
0.0
0.0
0.0
332.0
50.0
166.0
2.0
0.0
0.0
0.0
0.0
0.0
0.0
0.0
0.0
6.0
90.0
60.0
0.0
0.0
0.0
0.0
0.0
2.0
6.0
0.0
0.0
54.0
6.0
0.0
74.0
8.0
0.0
0.0
6.0
262.0
214.0
14.0
0.0
4.0
2.0
2.0
0.0
2.0
28.0
122.0
72.0
6.0
0.0
32.0
0.0
14.0
88.0
28.0
0.0
0.0
0.0
0.0
0.0
0.0
0.0
0.0
76.0
10.0
0.0
26.0
58.0
8.0
0.0
0.0
0.0
0.0
0.0
0.0
0.0
20.0
0.0
0.0
2.0
0.0
0.0
2.0
84.0
54.0
14.0
2.0
64.0
10.0
2.0
0.0
0.0
36.0
176.0
2.0
0.0
0.0
0.0
0.0
0.0
0.0
4.0
60.0
4.0
0.0
0.0
0.0
0.0
0.0
6.0
0.0
9.0
0.0
0.0
98.0
22.0
4.0
8.0
272.0
32.0
4.0
0.0
2.0
4.0
2.0
0.0
2.0
0.0
0.0
0.0
0.0
18.0
74.0
4.0
2.0
0.0
6.0
14.0
2.0
2.0
0.0
0.0
0.0
0.0
20.0
0.0
20.0
0.0
0.0
22.0
80.0
50.0
0.0
74.0
39.0
10.0
24.0
30.0
0.0
14.0
24.0
2.0
4.0
0.0
14.0
6.0
24.0
4.0
84.0
54.0
0.0
0.0
0.0
0.0
10.0
0.0
0.0
2.0
0.0
0.0
0.0
2.0
2.0
0.0
72.0
74.0
2.0
0.0
0.0
0.0
4.0
14.0
5.0
0.0
0.0
0.0
0.0
2.0
2.0
0.0
0.0
2.0
0.0
2.0
0.0
0.0
14.0
4.0
2.0
4.0
0.0
52.0
184.0
0.0
0.0
2.0
6.0
0.0
0.0
10.0
0.0
0.0
0.0
0.0
0.0
0.0
2.0
0.0
0.0
0.0
8.0
4.0
100.0
2.0
0.0
26.0
0.0
0.0
0.0
0.0
0.0
0.0
0.0
0.0
0.0
40.0
0.0
0.0
0.0
0.0
0.0
0.0
0.0
0.0
0.0
0.0
0.0
0.0
2.0
0.0
42.0
0.0
0.0
0.0
0.0
6.0
0.0
0.0
0.0
0.0
10.0
0.0
14.0
0.0
0.0
4.0
0.0
0.0
36.0
0.0
0.0
26.0
0.0
0.0
0.0
6.0
20.0
54.0
0.0
0.0
6.0
0.0
0.0
0.0
0.0
0.0
0.0
0.0
0.0
5.0
3.0
0.0
0.0
0.0
0.0
0.0
0.0
0.0
0.0
0.0
8.0
2.0
0.0
0.0
0.0
58.0
10.0
27.0
0.0
0.0
0.0
0.0
0.0
0.0
52.0
0.0
16.0
46.0
0.0
0.0
0.0
0.0
0.0
0.0
5.0
0.0
0.0
0.0
230.0
270.0
19.0
0.0
0.0
0.0
0.0
0.0
0.0
0.0
36.0
10.0
0.0
0.0
0.0
0.0
0.0
0.0
0.0
8.0
2.0
2.0
0.0
53.0
0.0
0.0
104.0
0.0
4.0
0.0
0.0
14.0
4.0
0.0
0.0
2.0
28.0
0.0
0.0
0.0
0.0
0.0
26.0
16.0
2.0
94.0
21.0
6.0
0.0
0.0
0.0
0.0
62.0
12.0
18.0
0.0
0.0
0.0
0.0
0.0
0.0
0.0
4.0
160.0
0.0
0.0
0.0
2.0
2.0
0.0
0.0
290.0
6.0
0.0
0.0
0.0
0.0
0.0
112.0
4.0
4.0
0.0
0.0
0.0
4.0
60.0
150.0
2.0
0.0
22.0
12.0
0.0
12.0
122.0
2.0
0.0
0.0
4.0
10.0
0.0
32.0
2.0
0.0
0.0
0.0
102.0
18.0
4.0
0.0
0.0
0.0
0.0
2.0
160.0
46.0
92.0
200.0
36.0
0.0
0.0
10.0
0.0
0.0
70.0
28.0
0.0
0.0
18.0
4.0
434.0
278.0
4.0
2.0
186.0
108.0
12.0
2.0
2.0
2.0
2.0
10.0
4.0
90.0
122.0
2.0
16.0
66.0
2.0
226.0
50.0
8.0
48.0
255.0
36.0
16.0
4.0
0.0
0.0
2.0
0.0
0.0
0.0
0.0
0.0
10.0
2.0
4.0
16.0
14.0
0.0
0.0
2.0
0.0
36.0
148.0
0.0
12.0
132.0
130.0
46.0
0.0
0.0
4.0
0.0
0.0
102.0
0.0
0.0
0.0
0.0
0.0
0.0
10.0
183.0
4.0
0.0
4.0
0.0
0.0
0.0
0.0
0.0
0.0
0.0
4.0
20.0
2.0
0.0
0.0
0.0
0.0
0.0
0.0
0.0
2.0
0.0
4.0
0.0
0.0
2.0
0.0
68.0
28.0
0.0
12.0
42.0
82.0
8.0
0.0
12.0
6.0
13.0
0.0
0.0
0.0
0.0
2.0
0.0
0.0
0.0
0.0
0.0
0.0
0.0
0.0
0.0
0.0
0.0
2.0
0.0
8.0
16.0
2.0
14.0
2.0
0.0
0.0
8.0
30.0
0.0
0.0
0.0
0.0
26.0
11.0
8.0
74.0
28.0
12.0
0.0
0.0
0.0
0.0
0.0
2.0
0.0
0.0
2.0
12.0
0.0
8.0
0.0
0.0
0.0
13.0
31.0
2.0
2.0
8.0
20.0
0.0
0.0
2.0
0.0
2.0
36.0
0.0
0.0
0.0
14.0
0.0
0.0
0.0
3.0
0.0
0.0
5.0
0.0
0.0
0.0
0.0
5.0
6.0
19.0
12.0
60.0
43.0
4.0
6.0
0.0
0.0
0.0
2.0
0.0
5.0
4.0
0.0
0.0
0.0
10.0
0.0
0.0
8.0
24.0
0.0
0.0
4.0
0.0
0.0
0.0
0.0
0.0
0.0
0.0
18.0
18.0
0.0
0.0
0.0
0.0
0.0
0.0
0.0
0.0
0.0
0.0
0.0
0.0
0.0
0.0
0.0
0.0
0.0
0.0
8.0
0.0
0.0
0.0
0.0
0.0
0.0
0.0
0.0
0.0
0.0
0.0
0.0
18.0
0.0
0.0
0.0
52.0
62.0
2.0
0.0
0.0
0.0
0.0
50.0
230.0
31.0
24.0
4.0
0.0
0.0
0.0
0.0
0.0
0.0
0.0
0.0
60.0
0.0
0.0
24.0
0.0
0.0
0.0
0.0
5.0
0.0
72.0
9.0
0.0
0.0
0.0
0.0
0.0
0.0
158.0
4.0
0.0
0.0
152.0
14.0
4.0
186.0
24.0
56.0
130.0
8.0
0.0
0.0
0.0
136.0
4.0
0.0
0.0
0.0
0.0
0.0
0.0
0.0
0.0
0.0
0.0
50.0
0.0
21.0
0.0
2.0
339.0
62.0
2.0
0.0
0.0
0.0
4.0
0.0
0.0
12.0
6.0
0.0
0.0
28.0
18.0
16.0
10.0
0.0
0.0
14.0
4.0
0.0
12.0
0.0
0.0
0.0
0.0
100.0
0.0
0.0
0.0
0.0
378.0
2.0
36.0
2.0
0.0
4.0
2.0
0.0
0.0
70.0
72.0
88.0
42.0
6.0
74.0
10.0
4.0
2.0
2.0
10.0
0.0
0.0
78.0
8.0
0.0
0.0
0.0
10.0
22.0
4.0
4.0
18.0
4.0
18.0
74.0
10.0
2.0
0.0
0.0
0.0
6.0
6.0
22.0
6.0
40.0
0.0
18.0
10.0
10.0
6.0
0.0
0.0
4.0
0.0
4.0
0.0
18.0
28.0
0.0
0.0
0.0
0.0
40.0
34.0
20.0
2.0
6.0
6.0
8.0
4.0
4.0
0.0
0.0
2.0
0.0
0.0
4.0
50.0
0.0
0.0
0.0
0.0
0.0
0.0
0.0
4.0
18.0
0.0
10.0
0.0
0.0
0.0
0.0
39.0
2.0
0.0
0.0
0.0
0.0
0.0
4.0
0.0
0.0
0.0
0.0
6.0
0.0
0.0
0.0
0.0
0.0
0.0
0.0
0.0
0.0
0.0
16.0
0.0
0.0
0.0
0.0
0.0
0.0
0.0
0.0
0.0
4.0
0.0
0.0
0.0
0.0
0.0
0.0
28.0
0.0
0.0
0.0
4.0
28.0
0.0
0.0
0.0
0.0
10.0
0.0
0.0
0.0
0.0
20.0
22.0
0.0
116.0
52.0
0.0
0.0
0.0
0.0
0.0
0.0
0.0
0.0
0.0
0.0
0.0
22.0
0.0
0.0
0.0
0.0
0.0
14.0
0.0
0.0
0.0
0.0
0.0
0.0
30.0
16.0
10.0
21.0
0.0
0.0
0.0
47.0
6.0
4.0
0.0
0.0
0.0
0.0
0.0
0.0
0.0
0.0
0.0
0.0
0.0
0.0
0.0
0.0
0.0
0.0
0.0
14.0
0.0
0.0
0.0
0.0
0.0
0.0
0.0
0.0
0.0
72.0
36.0
0.0
0.0
0.0
0.0
0.0
0.0
0.0
0.0
0.0
0.0
0.0
10.0
0.0
0.0
34.0
10.0
0.0
3.0
49.0
10.0
4.0
0.0
0.0
0.0
0.0
10.0
10.0
2.0
34.0
106.0
140.0
0.0
0.0
0.0
56.0
0.0
0.0
44.0
2.0
0.0
0.0
0.0
0.0
6.0
0.0
0.0
0.0
0.0
30.0
42.0
2.0
0.0
10.0
176.0
2.0
46.0
22.0
138.0
2.0
0.0
0.0
0.0
0.0
0.0
0.0
0.0
0.0
0.0
0.0
4.0
0.0
28.0
0.0
4.0
0.0
0.0
0.0
0.0
54.0
40.0
74.0
0.0
2.0
0.0
0.0
10.0
60.0
0.0
18.0
4.0
26.0
6.0
0.0
0.0
0.0
0.0
6.0
0.0
4.0
90.0
360.0
6.0
10.0
16.0
52.0
42.0
6.0
0.0
12.0
0.0
0.0
0.0
0.0
0.0
14.0
34.0
6.0
10.0
4.0
0.0
272.0
2.0
0.0
0.0
0.0
0.0
20.0
78.0
0.0
0.0
0.0
10.0
0.0
0.0
0.0
0.0
2.0
19.0
10.0
0.0
0.0
0.0
22.0
180.0
263.0
245.0
128.0
0.0
0.0
0.0
0.0
0.0
0.0
0.0
126.0
112.0
0.0
0.0
0.0
0.0
0.0
0.0
0.0
2.0
0.0
33.0
15.0
25.0
0.0
0.0
0.0
0.0
0.0
0.0
10.0
0.0
0.0
0.0
18.0
0.0
20.0
14.0
0.0
0.0
28.0
34.0
60.0
56.0
0.0
0.0
0.0
0.0
0.0
0.0
0.0
0.0
0.0
0.0
0.0
0.0
0.0
0.0
16.0
0.0
0.0
0.0
0.0
0.0
24.0
0.0
10.0
0.0
0.0
2.0
68.0
0.0
0.0
0.0
14.0
74.0
4.0
0.0
0.0
2.0
0.0
4.0
0.0
0.0
0.0
0.0
0.0
130.0
8.0
0.0
0.0
4.0
6.0
0.0
0.0
0.0
0.0
36.0
2.0
0.0
0.0
8.0
108.0
30.0
0.0
0.0
0.0
0.0
0.0
0.0
0.0
60.0
20.0
0.0
6.0
0.0
0.0
0.0
0.0
0.0
0.0
0.0
26.0
0.0
44.0
2.0
0.0
0.0
2.0
0.0
0.0
14.0
2.0
0.0
0.0
0.0
14.0
0.0
6.0
0.0
0.0
0.0
0.0
0.0
0.0
0.0
0.0
10.0
60.0
0.0
0.0
0.0
0.0
0.0
0.0
0.0
0.0
0.0
0.0
0.0
0.0
0.0
0.0
0.0
4.0
16.0
20.0
0.0
0.0
0.0
20.0
0.0
0.0
12.0
46.0
2.0
2.0
0.0
0.0
0.0
0.0
26.0
84.0
0.0
0.0
0.0
0.0
0.0
0.0
0.0
0.0
0.0
23.0
0.0
0.0
0.0
8.0
0.0
32.0
45.0
0.0
6.0
0.0
0.0
0.0
0.0
6.0
0.0
0.0
0.0
0.0
52.0
0.0
0.0
0.0
0.0
0.0
0.0
0.0
16.0
0.0
0.0
0.0
126.0
0.0
0.0
0.0
0.0
0.0
0.0
0.0
130.0
6.0
34.0
0.0
79.0
76.0
0.0
0.0
0.0
72.0
0.0
0.0
4.0
302.0
72.0
0.0
0.0
0.0
0.0
0.0
18.0
12.0
0.0
0.0
0.0
40.0
42.0
0.0
0.0
0.0
0.0
0.0
48.0
254.0
34.0
18.0
4.0
62.0
0.0
0.0
24.0
4.0
6.0
4.0
0.0
0.0
0.0
6.0
10.0
4.0
30.0
30.0
2.0
0.0
0.0
0.0
0.0
0.0
36.0
0.0
28.0
14.0
0.0
46.0
38.0
0.0
0.0
0.0
0.0
0.0
0.0
0.0
0.0
164.0
14.0
0.0
0.0
108.0
146.0
4.0
44.0
546.0
126.0
4.0
0.0
0.0
0.0
0.0
48.0
0.0
0.0
0.0
0.0
330.0
4.0
126.0
0.0
0.0
0.0
0.0
4.0
120.0
0.0
2.0
0.0
190.0
74.0
0.0
130.0
32.0
4.0
190.0
4.0
66.0
10.0
0.0
0.0
146.0
106.0
0.0
0.0
0.0
0.0
22.0
82.0
14.0
20.0
0.0
4.0
0.0
0.0
0.0
0.0
144.0
22.0
12.0
0.0
468.0
122.0
8.0
0.0
0.0
0.0
0.0
0.0
38.0
24.0
30.0
42.0
16.0
0.0
10.0
0.0
0.0
0.0
0.0
0.0
0.0
90.0
10.0
14.0
0.0
30.0
0.0
0.0
0.0
0.0
0.0
0.0
0.0
0.0
0.0
0.0
0.0
0.0
0.0
0.0
0.0
0.0
10.0
0.0
0.0
0.0
0.0
3.0
0.0
16.0
108.0
48.0
8.0
4.0
56.0
0.0
126.0
22.0
2.0
106.0
88.0
2.0
0.0
0.0
0.0
0.0
25.0
9.0
8.0
0.0
0.0
0.0
2.0
0.0
4.0
0.0
0.0
0.0
0.0
0.0
6.0
0.0
0.0
0.0
0.0
20.0
0.0
0.0
0.0
0.0
0.0
16.0
12.0
0.0
0.0
0.0
0.0
0.0
0.0
0.0
0.0
2.0
0.0
10.0
0.0
0.0
0.0
0.0
0.0
18.0
0.0
0.0
0.0
0.0
0.0
2.0
42.0
6.0
44.0
12.0
0.0
0.0
0.0
0.0
0.0
2.0
0.0
0.0
0.0
13.0
4.0
0.0
0.0
0.0
0.0
0.0
0.0
0.0
0.0
26.0
0.0
26.0
38.0
126.0
0.0
6.0
2.0
2.0
46.0
13.0
0.0
4.0
0.0
0.0
0.0
0.0
0.0
0.0
54.0
3.0
0.0
0.0
0.0
2.0
0.0
4.0
0.0
4.0
0.0
0.0
0.0
14.0
0.0
50.0
0.0
0.0
0.0
10.0
36.0
0.0
9.0
0.0
16.0
68.0
8.0
8.0
20.0
16.0
0.0
0.0
6.0
36.0
76.0
0.0
10.0
16.0
0.0
0.0
0.0
0.0
0.0
0.0
0.0
0.0
0.0
0.0
0.0
10.0
14.0
0.0
0.0
0.0
0.0
0.0
0.0
0.0
0.0
0.0
0.0
0.0
0.0
0.0
0.0
86.0
0.0
0.0
0.0
0.0
4.0
0.0
0.0
0.0
32.0
4.0
6.0
52.0
0.0
0.0
2.0
114.0
114.0
14.0
0.0
0.0
10.0
40.0
68.0
0.0
316.0
22.0
4.0
6.0
2.0
270.0
104.0
0.0
0.0
0.0
0.0
26.0
2.0
0.0
0.0
0.0
22.0
0.0
0.0
0.0
0.0
0.0
0.0
0.0
4.0
26.0
14.0
26.0
0.0
0.0
52.0
281.0
16.0
0.0
20.0
6.0
0.0
8.0
2.0
0.0
26.0
344.0
4.0
0.0
64.0
115.0
10.0
0.0
20.0
18.0
0.0
70.0
0.0
0.0
28.0
12.0
4.0
0.0
0.0
0.0
18.0
40.0
10.0
0.0
8.0
0.0
0.0
16.0
6.0
10.0
6.0
0.0
22.0
8.0
0.0
6.0
26.0
0.0
6.0
30.0
0.0
0.0
16.0
0.0
0.0
192.0
14.0
62.0
8.0
0.0
0.0
0.0
0.0
34.0
0.0
0.0
0.0
78.0
26.0
0.0
98.0
4.0
0.0
6.0
0.0
30.0
61.0
8.0
4.0
2.0
46.0
4.0
4.0
36.0
6.0
2.0
0.0
6.0
14.0
0.0
12.0
0.0
0.0
0.0
10.0
0.0
0.0
64.0
284.0
12.0
0.0
0.0
0.0
4.0
0.0
0.0
0.0
2.0
0.0
8.0
12.0
42.0
36.0
0.0
0.0
6.0
4.0
16.0
16.0
18.0
14.0
0.0
16.0
0.0
0.0
26.0
6.0
8.0
2.0
0.0
0.0
6.0
3.0
4.0
0.0
2.0
0.0
0.0
38.0
4.0
79.0
0.0
0.0
0.0
0.0
0.0
0.0
0.0
4.0
0.0
0.0
0.0
0.0
90.0
2.0
0.0
0.0
0.0
0.0
3.0
0.0
0.0
8.0
2.0
0.0
0.0
0.0
4.0
0.0
0.0
0.0
16.0
30.0
10.0
0.0
0.0
6.0
40.0
4.0
0.0
0.0
16.0
0.0
36.0
0.0
0.0
64.0
14.0
6.0
0.0
0.0
0.0
0.0
0.0
6.0
4.0
30.0
34.0
0.0
8.0
0.0
0.0
0.0
0.0
6.0
2.0
0.0
0.0
0.0
4.0
0.0
0.0
0.0
30.0
4.0
10.0
2.0
0.0
0.0
0.0
0.0
0.0
0.0
0.0
0.0
0.0
0.0
0.0
0.0
0.0
0.0
0.0
2.0
0.0
0.0
0.0
10.0
20.0
0.0
6.0
0.0
54.0
4.0
4.0
6.0
26.0
4.0
0.0
0.0
0.0
0.0
0.0
0.0
0.0
44.0
0.0
0.0
0.0
0.0
0.0
0.0
0.0
8.0
2.0
0.0
0.0
0.0
0.0
0.0
0.0
0.0
0.0
0.0
0.0
2.0
0.0
0.0
8.0
0.0
0.0
0.0
0.0
0.0
0.0
0.0
0.0
20.0
128.0
132.0
34.0
4.0
4.0
0.0
0.0
0.0
4.0
2.0
0.0
0.0
2.0
10.0
0.0
0.0
0.0
6.0
48.0
134.0
203.0
14.0
30.0
0.0
0.0
0.0
284.0
116.0
0.0
0.0
0.0
0.0
0.0
20.0
4.0
0.0
136.0
28.0
0.0
0.0
0.0
0.0
0.0
0.0
0.0
0.0
18.0
140.0
0.0
0.0
0.0
0.0
0.0
0.0
0.0
0.0
0.0
0.0
2.0
3.0
0.0
0.0
76.0
8.0
0.0
0.0
0.0
0.0
0.0
0.0
0.0
0.0
0.0
0.0
0.0
0.0
0.0
0.0
0.0
0.0
12.0
220.0
166.0
62.0
3.0
0.0
4.0
0.0
0.0
0.0
0.0
0.0
0.0
10.0
172.0
4.0
6.0
0.0
12.0
26.0
0.0
0.0
0.0
0.0
0.0
10.0
24.0
0.0
6.0
0.0
0.0
0.0
0.0
0.0
36.0
114.0
0.0
0.0
10.0
10.0
220.0
8.0
20.0
64.0
24.0
6.0
50.0
0.0
8.0
2.0
0.0
2.0
30.0
0.0
0.0
0.0
262.0
428.0
70.0
18.0
10.0
4.0
2.0
8.0
16.0
0.0
0.0
12.0
0.0
0.0
2.0
0.0
0.0
0.0
0.0
22.0
386.0
16.0
276.0
12.0
42.0
10.0
8.0
4.0
16.0
0.0
0.0
0.0
32.0
152.0
0.0
32.0
0.0
0.0
0.0
170.0
76.0
40.0
6.0
0.0
0.0
0.0
8.0
34.0
30.0
0.0
0.0
0.0
12.0
10.0
0.0
0.0
0.0
0.0
8.0
26.0
6.0
20.0
10.0
12.0
6.0
0.0
0.0
0.0
10.0
0.0
4.0
0.0
0.0
0.0
10.0
8.0
0.0
8.0
0.0
0.0
0.0
0.0
0.0
8.0
4.0
6.0
4.0
0.0
0.0
0.0
0.0
0.0
4.0
0.0
0.0
0.0
0.0
0.0
6.0
0.0
0.0
0.0
0.0
92.0
22.0
0.0
0.0
4.0
0.0
22.0
2.0
0.0
0.0
0.0
10.0
4.0
6.0
2.0
0.0
24.0
12.0
8.0
2.0
0.0
0.0
0.0
20.0
0.0
0.0
0.0
26.0
30.0
0.0
0.0
0.0
0.0
0.0
0.0
10.0
0.0
40.0
4.0
0.0
0.0
0.0
0.0
0.0
0.0
0.0
40.0
10.0
0.0
0.0
0.0
0.0
0.0
0.0
0.0
12.0
20.0
8.0
0.0
0.0
0.0
0.0
0.0
4.0
0.0
36.0
0.0
0.0
0.0
0.0
0.0
0.0
12.0
0.0
0.0
0.0
60.0
0.0
0.0
0.0
0.0
0.0
0.0
0.0
0.0
0.0
22.0
0.0
0.0
0.0
0.0
0.0
0.0
0.0
0.0
4.0
0.0
0.0
0.0
0.0
0.0
0.0
0.0
0.0
0.0
0.0
12.0
0.0
0.0
0.0
0.0
55.0
3.0
66.0
0.0
0.0
0.0
0.0
0.0
0.0
0.0
140.0
0.0
10.0
17.0
5.0
0.0
0.0
3.0
0.0
0.0
0.0
0.0
0.0
0.0
0.0
115.0
0.0
0.0
46.0
0.0
0.0
0.0
0.0
0.0
0.0
0.0
0.0
0.0
0.0
0.0
0.0
0.0
0.0
0.0
0.0
0.0
0.0
0.0
0.0
0.0
12.0
12.0
0.0
0.0
0.0
5.0
2.0
0.0
0.0
0.0
0.0
0.0
0.0
0.0
22.0
4.0
0.0
0.0
0.0
5.0
0.0
24.0
0.0
0.0
4.0
66.0
0.0
0.0
0.0
0.0
0.0
0.0
10.0
0.0
0.0
10.0
18.0
0.0
0.0
2.0
30.0
56.0
0.0
4.0
0.0
0.0
11.0
2.0
12.0
104.0
25.0
7.0
12.0
0.0
0.0
45.0
14.0
84.0
0.0
0.0
0.0
122.0
90.0
3.0
10.0
22.0
2.0
0.0
0.0
0.0
0.0
138.0
0.0
0.0
33.0
0.0
2.0
14.0
204.0
0.0
0.0
0.0
6.0
10.0
0.0
6.0
0.0
0.0
74.0
4.0
0.0
0.0
0.0
0.0
0.0
0.0
0.0
0.0
56.0
0.0
0.0
245.0
2.0
0.0
0.0
0.0
0.0
0.0
0.0
0.0
42.0
0.0
0.0
244.0
0.0
0.0
0.0
0.0
10.0
0.0
12.0
0.0
4.0
0.0
0.0
0.0
0.0
72.0
0.0
0.0
0.0
0.0
4.0
0.0
0.0
0.0
42.0
34.0
210.0
97.0
11.0
0.0
0.0
0.0
50.0
0.0
23.0
0.0
8.0
0.0
26.0
3.0
0.0
0.0
0.0
0.0
0.0
0.0
0.0
8.0
6.0
0.0
0.0
2.0
5.0
3.0
0.0
0.0
31.0
0.0
33.0
47.0
40.0
0.0
0.0
0.0
5.0
0.0
0.0
0.0
10.0
15.0
10.0
30.0
70.0
0.0
0.0
42.0
20.0
0.0
0.0
0.0
0.0
10.0
0.0
0.0
0.0
0.0
0.0
0.0
158.0
0.0
12.0
0.0
0.0
0.0
0.0
20.0
0.0
0.0
31.0
0.0
0.0
0.0
0.0
0.0
0.0
0.0
0.0
61.0
0.0
0.0
0.0
0.0
0.0
0.0
0.0
0.0
0.0
0.0
0.0
20.0
0.0
22.0
0.0
0.0
0.0
0.0
0.0
0.0
0.0
0.0
0.0
7.0
120.0
0.0
0.0
0.0
0.0
0.0
0.0
0.0
0.0
0.0
80.0
20.0
0.0
40.0
0.0
180.0
0.0
100.0
110.0
30.0
0.0
0.0
0.0
0.0
0.0
60.0
160.0
20.0
40.0
0.0
0.0
12.0
20.0
0.0
0.0
0.0
0.0
0.0
0.0
4.0
20.0
0.0
17.0
0.0
0.0
0.0
0.0
35.0
0.0
21.0
0.0
50.0
0.0
20.0
30.0
40.0
0.0
0.0
30.0
0.0
0.0
30.0
0.0
0.0
0.0
0.0
40.0
0.0
0.0
36.0
60.0
0.0
0.0
40.0
80.0
0.0
0.0
0.0
0.0
0.0
40.0
0.0
0.0
0.0
0.0
0.0
40.0
90.0
0.0
0.0
0.0
0.0
0.0
0.0
0.0
0.0
18.0
26.0
0.0
0.0
0.0
0.0
10.0
0.0
0.0
0.0
8.0
0.0
0.0
0.0
0.0
0.0
110.0
0.0
21.0
0.0
0.0
400.0
0.0
0.0
0.0
0.0
0.0
44.0
64.0
20.0
0.0
0.0
76.0
80.0
0.0
0.0
23.0
40.0
10.0
0.0
16.0
80.0
0.0
0.0
0.0
0.0
0.0
0.0
0.0
0.0
0.0
0.0
0.0
0.0
78.0
0.0
0.0
0.0
0.0
0.0
0.0
14.0
180.0
0.0
0.0
0.0
0.0
15.0
0.0
0.0
2.0
0.0
0.0
0.0
72.0
16.0
50.0
4.0
12.0
6.0
0.0
0.0
0.0
0.0
0.0
0.0
0.0
58.0
4.0
0.0
0.0
0.0
0.0
0.0
0.0
4.0
0.0
2.0
0.0
0.0
0.0
6.0
0.0
0.0
4.0
0.0
0.0
6.0
0.0
0.0
108.0
0.0
42.0
154.0
6.0
0.0
58.0
14.0
8.0
0.0
0.0
0.0
580.0
12.0
0.0
0.0
210.0
6.0
0.0
10.0
42.0
4.0
83.0
30.0
23.0
6.0
0.0
0.0
0.0
64.0
86.0
2.0
2.0
0.0
0.0
0.0
0.0
10.0
16.0
0.0
64.0
2.0
104.0
88.0
0.0
22.0
0.0
0.0
0.0
6.0
16.0
27.0
2.0
0.0
10.0
0.0
12.0
10.0
4.0
0.0
0.0
2.0
0.0
0.0
0.0
0.0
0.0
28.0
119.0
33.0
0.0
0.0
0.0
0.0
0.0
0.0
0.0
0.0
0.0
0.0
115.0
70.0
22.0
0.0
0.0
0.0
70.0
0.0
52.0
64.0
140.0
20.0
0.0
0.0
0.0
0.0
0.0
0.0
0.0
0.0
0.0
0.0
20.0
0.0
20.0
0.0
60.0
10.0
0.0
0.0
0.0
0.0
0.0
0.0
0.0
0.0
0.0
72.0
35.0
50.0
120.0
0.0
0.0
0.0
25.0
0.0
14.0
10.0
0.0
0.0
40.0
0.0
0.0
12.0
35.0
5.0
0.0
6.0
0.0
12.0
0.0
0.0
2.0
2.0
52.0
2.0
0.0
16.0
0.0
0.0
0.0
0.0
0.0
0.0
6.0
0.0
0.0
0.0
0.0
0.0
0.0
4.0
0.0
0.0
40.0
34.0
0.0
16.0
0.0
2.0
4.0
46.0
0.0
0.0
0.0
0.0
84.0
2.0
0.0
60.0
4.0
2.0
2.0
72.0
0.0
0.0
18.0
0.0
28.0
4.0
0.0
12.0
2.0
42.0
0.0
0.0
0.0
0.0
0.0
4.0
0.0
0.0
0.0
0.0
2.0
0.0
0.0
0.0
0.0
0.0
0.0
0.0
0.0
0.0
0.0
0.0
2.0
0.0
8.0
0.0
0.0
2.0
100.0
6.0
0.0
0.0
0.0
12.0
2.0
6.0
32.0
4.0
0.0
0.0
0.0
0.0
14.0
8.0
0.0
0.0
0.0
0.0
0.0
0.0
0.0
0.0
4.0
164.0
0.0
0.0
0.0
0.0
0.0
0.0
0.0
0.0
0.0
0.0
0.0
30.0
0.0
24.0
0.0
0.0
2.0
0.0
0.0
0.0
0.0
0.0
0.0
0.0
0.0
4.0
0.0
40.0
22.0
20.0
2.0
10.0
0.0
0.0
0.0
0.0
0.0
0.0
0.0
0.0
6.0
0.0
0.0
0.0
50.0
0.0
0.0
0.0
0.0
10.0
40.0
16.0
38.0
140.0
14.0
2.0
29.0
308.0
0.0
2.0
0.0
0.0
0.0
0.0
252.0
216.0
4.0
265.0
70.0
0.0
0.0
0.0
0.0
0.0
0.0
0.0
0.0
0.0
6.0
25.0
178.0
198.0
6.0
0.0
18.0
14.0
30.0
0.0
0.0
0.0
0.0
0.0
10.0
0.0
0.0
0.0
0.0
0.0
0.0
30.0
0.0
0.0
0.0
0.0
0.0
312.0
465.0
2.0
180.0
64.0
70.0
50.0
40.0
0.0
0.0
285.0
380.0
70.0
60.0
32.0
0.0
0.0
0.0
20.0
0.0
34.0
10.0
2.0
0.0
4.0
4.0
58.0
96.0
2.0
162.0
42.0
30.0
32.0
20.0
0.0
0.0
164.0
40.0
0.0
0.0
0.0
56.0
304.0
102.0
70.0
8.0
0.0
0.0
0.0
20.0
40.0
0.0
40.0
0.0
266.0
250.0
0.0
0.0
0.0
60.0
92.0
71.0
43.0
30.0
0.0
0.0
15.0
0.0
20.0
6.0
0.0
0.0
135.0
15.0
32.0
10.0
0.0
2.0
30.0
60.0
62.0
80.0
3.0
0.0
0.0
0.0
0.0
0.0
0.0
0.0
0.0
0.0
50.0
47.0
0.0
0.0
0.0
0.0
0.0
0.0
10.0
0.0
0.0
0.0
0.0
0.0
0.0
0.0
0.0
0.0
0.0
0.0
8.0
14.0
0.0
8.0
2.0
0.0
4.0
0.0
24.0
0.0
0.0
0.0
16.0
20.0
0.0
16.0
26.0
0.0
16.0
18.0
52.0
0.0
0.0
0.0
32.0
6.0
18.0
0.0
14.0
4.0
0.0
10.0
36.0
2.0
0.0
4.0
4.0
26.0
36.0
8.0
6.0
0.0
102.0
38.0
14.0
0.0
0.0
0.0
4.0
12.0
10.0
34.0
30.0
2.0
0.0
0.0
4.0
34.0
10.0
4.0
4.0
4.0
84.0
2.0
18.0
16.0
6.0
4.0
28.0
18.0
4.0
8.0
6.0
0.0
16.0
66.0
0.0
16.0
4.0
0.0
0.0
6.0
20.0
2.0
0.0
2.0
20.0
10.0
6.0
0.0
10.0
0.0
0.0
0.0
0.0
0.0
0.0
0.0
0.0
0.0
0.0
8.0
0.0
0.0
0.0
0.0
0.0
0.0
0.0
0.0
0.0
0.0
0.0
0.0
0.0
8.0
8.0
0.0
0.0
0.0
0.0
0.0
0.0
0.0
0.0
0.0
2.0
2.0
2.0
2.0
2.0
10.0
8.0
6.0
0.0
0.0
0.0
0.0
0.0
0.0
0.0
0.0
0.0
0.0
0.0
0.0
0.0
0.0
0.0
2.0
8.0
0.0
0.0
0.0
0.0
0.0
0.0
0.0
0.0
0.0
0.0
0.0
28.0
0.0
18.0
54.0
13.0
44.0
0.0
0.0
0.0
6.0
20.0
0.0
0.0
0.0
0.0
0.0
0.0
6.0
54.0
230.0
16.0
0.0
0.0
8.0
44.0
50.0
0.0
0.0
0.0
0.0
56.0
52.0
32.0
48.0
0.0
8.0
65.0
0.0
0.0
0.0
0.0
42.0
0.0
0.0
0.0
10.0
36.0
42.0
0.0
0.0
0.0
70.0
0.0
0.0
120.0
34.0
0.0
0.0
0.0
0.0
0.0
0.0
0.0
0.0
0.0
0.0
0.0
0.0
200.0
0.0
0.0
0.0
0.0
0.0
0.0
0.0
0.0
10.0
0.0
68.0
21.0
0.0
0.0
0.0
40.0
432.0
20.0
4.0
70.0
52.0
0.0
100.0
60.0
22.0
0.0
0.0
72.0
32.0
30.0
102.0
2.0
0.0
76.0
4.0
6.0
148.0
0.0
0.0
16.0
146.0
80.0
4.0
0.0
10.0
0.0
0.0
8.0
3.0
0.0
46.0
8.0
24.0
7.0
0.0
2.0
0.0
12.0
10.0
30.0
132.0
13.0
29.0
0.0
42.0
70.0
2.0
10.0
0.0
0.0
0.0
72.0
18.0
0.0
0.0
0.0
0.0
80.0
8.0
0.0
0.0
0.0
0.0
0.0
0.0
0.0
36.0
0.0
0.0
0.0
0.0
0.0
0.0
0.0
14.0
90.0
0.0
0.0
0.0
60.0
20.0
2.0
10.0
4.0
2.0
6.0
6.0
0.0
170.0
2.0
0.0
74.0
62.0
130.0
0.0
0.0
0.0
0.0
0.0
0.0
0.0
10.0
22.0
2.0
0.0
0.0
0.0
2.0
0.0
0.0
0.0
12.0
38.0
20.0
2.0
20.0
0.0
122.0
23.0
56.0
14.0
0.0
20.0
52.0
8.0
40.0
0.0
0.0
0.0
0.0
0.0
0.0
0.0
0.0
28.0
110.0
20.0
0.0
0.0
0.0
0.0
28.0
0.0
70.0
0.0
0.0
6.0
4.0
6.0
0.0
0.0
12.0
26.0
0.0
0.0
30.0
0.0
50.0
0.0
0.0
16.0
28.0
0.0
0.0
0.0
0.0
0.0
8.0
6.0
4.0
0.0
0.0
0.0
0.0
0.0
0.0
0.0
0.0
14.0
0.0
0.0
6.0
0.0
0.0
0.0
0.0
0.0
4.0
0.0
18.0
0.0
0.0
8.0
4.0
0.0
0.0
8.0
12.0
30.0
10.0
6.0
18.0
0.0
0.0
6.0
6.0
0.0
0.0
0.0
0.0
0.0
0.0
0.0
0.0
0.0
4.0
0.0
0.0
0.0
24.0
0.0
0.0
38.0
6.0
0.0
4.0
0.0
4.0
78.0
0.0
6.0
0.0
0.0
0.0
0.0
12.0
0.0
0.0
0.0
0.0
30.0
36.0
0.0
0.0
72.0
0.0
0.0
0.0
0.0
0.0
56.0
0.0
105.0
87.0
0.0
0.0
0.0
0.0
0.0
0.0
165.0
0.0
0.0
0.0
137.0
84.0
0.0
0.0
0.0
0.0
0.0
0.0
0.0
0.0
0.0
0.0
0.0
0.0
0.0
0.0
0.0
0.0
0.0
0.0
0.0
0.0
0.0
0.0
0.0
0.0
0.0
0.0
0.0
0.0
0.0
0.0
0.0
16.0
100.0
100.0
8.0
20.0
58.0
4.0
0.0
0.0
0.0
0.0
0.0
30.0
0.0
0.0
0.0
0.0
0.0
0.0
0.0
0.0
0.0
0.0
30.0
0.0
0.0
0.0
0.0
384.0
8.0
36.0
40.0
0.0
30.0
15.0
0.0
0.0
90.0
30.0
0.0
0.0
25.0
15.0
10.0
40.0
NaN
30.0
NaN
NaN
6.0
36.0
76.0
20.0
40.0
76.0
NaN
20.0
0.0
0.0
40.0
80.0
5.0
0.0
20.0
10.0
30.0
0.0
0.0
0.0
70.0
0.0
20.0
0.0
0.0
10.0
40.0
120.0
35.0
43.0
26.0
120.0
24.0
2.0
28.0
0.0
12.0
60.0
306.0
6.0
0.0
10.0
50.0
4.0
0.0
38.0
29.0
20.0
10.0
6.0
34.0
64.0
40.0
0.0
0.0
4.0
6.0
4.0
0.0
0.0
0.0
0.0
16.0
3.0
0.0
0.0
4.0
8.0
0.0
0.0
0.0
4.0
0.0
NaN
16.0
18.0
0.0
0.0
3.0
16.0
0.0
0.0
0.0
6.0
8.0
0.0
0.0
0.0
14.0
13.0
0.0
0.0
NaN
NaN
0.0
12.0
0.0
16.0
NaN
NaN
NaN
1.0
9.0
NaN
NaN
NaN
NaN
NaN
NaN
NaN
NaN
NaN
NaN
NaN
NaN
NaN
NaN
NaN
0.0
0.0
0.0
0.0
NaN
NaN
NaN
22.0
2.0
2.0
180.0
38.0
NaN
NaN
NaN
NaN
NaN
NaN
NaN
NaN
NaN
NaN
NaN
NaN
NaN
NaN
0.0
NaN
NaN
24.0
NaN
NaN
NaN
NaN
NaN
NaN
1.0
0.0
0.0
0.0
NaN
64.0
0.0
40.0
39.0
6.0
0.0
0.0
0.0
20.0
0.0
0.0
12.0
3.0
44.0
8.0
0.0
24.0
52.0
9.0
3.0
NaN
NaN
NaN
1.0
9.0
0.0
1.0
0.0
0.0
0.0
0.0
0.0
1.0
1.0
9.0
0.0
2.0
0.0
0.0
0.0
0.0
0.0
0.0
0.0
0.0
NaN
0.0
0.0
0.0
0.0
0.0
0.0
0.0
17.0
0.0
3.0
0.0
0.0
0.0
0.0
0.0
0.0
0.0
0.0
0.0
2.0
0.0
0.0
0.0
4.0
13.0
0.0
0.0
0.0
0.0
14.0
0.0
45.0
0.0
0.0
0.0
0.0
0.0
0.0
NaN
NaN
0.0
0.0
0.0
0.0
0.0
0.0
110.0
0.0
0.0
0.0
30.0
0.0
NaN
0.0
0.0
0.0
0.0
0.0
0.0
27.0
14.0
NaN
3.0
0.0
0.0
0.0
0.0
1.0
3.0
126.0
NaN
NaN
59.0
0.0
0.0
0.0
NaN
NaN
NaN
0.0
5.0
NaN
NaN
0.0
0.0
74.0
21.0
6.0
NaN
NaN
22.0
13.0
0.0
21.0
NaN
0.0
0.0
0.0
0.0
NaN
NaN
NaN
NaN
0.0
NaN
180.0
0.0
16.0
20.0
NaN
NaN
NaN
6.0
12.0
14.0
0.0
0.0
0.0
0.0
0.0
NaN
NaN
0.0
0.0
280.0
2.0
0.0
0.0
2.0
497.0
NaN
NaN
NaN
0.0
160.0
16.0
NaN
2.0
14.0
1.0
0.0
6.0
NaN
20.0
109.0
8.0
2.0
0.0
0.0
NaN
0.0
32.0
36.0
23.0
50.0
1.0
0.0
NaN
NaN
0.0
0.0
0.0
77.0
0.0
5.0
0.0
61.0
122.0
0.0
0.0
4.0
0.0
0.0
0.0
0.0
77.0
13.0
22.0
NaN
NaN
9.0
NaN
NaN
NaN
NaN
0.0
2.0
0.0
NaN
NaN
202.0
42.0
0.0
3.0
0.0
1.0
NaN
0.0
0.0
0.0
0.0
2.0
60.0
66.0
49.0
NaN
NaN
NaN
NaN
1.0
1.0
16.0
NaN
NaN
1.0
5.0
2.0
NaN
15.0
0.0
0.0
NaN
3.0
NaN
NaN
NaN
22.0
5.0
4.0
NaN
1.0
101.0
5.0
3.0
14.0
2.0
1.0
2.0
0.0
1.0
2.0
0.0
NaN
0.0
0.0
0.0
NaN
NaN
0.0
NaN
NaN
NaN
NaN
1.0
NaN
NaN
NaN
1.0
2.0
1.0
1.0
2.0
0.0
0.0
25.0
NaN
NaN
7.0
4.0
1.0
0.0
0.0
0.0
0.0
0.0
0.0
0.0
58.0
NaN
0.0
0.0
NaN
0.0
0.0
1.0
1.0
NaN
0.0
0.0
0.0
11.0
4.0
51.0
11.0
0.0
1.0
3.0
0.0
0.0
0.0
0.0
0.0
111.0
176.0
82.0
16.0
3.0
1.0
1.0
0.0
1.0
5.0
10.0
4.0
NaN
24.0
0.0
1.0
0.0
1.0
1.0
NaN
NaN
2.0
1.0
12.0
1.0
2.0
4.0
NaN
0.0
0.0
0.0
0.0
0.0
13.0
58.0
NaN
0.0
16.0
0.0
32.0
124.0
30.0
0.0
0.0
0.0
0.0
0.0
0.0
1.0
0.0
5.0
0.0
0.0
0.0
0.0
0.0
0.0
0.0
0.0
NaN
0.0
NaN
60.0
16.0
0.0
0.0
0.0
NaN
1.0
1.0
0.0
68.0
6.0
0.0
0.0
1.0
1.0
NaN
0.0
NaN
NaN
0.0
0.0
0.0
43.0
0.0
0.0
0.0
0.0
0.0
35.0
NaN
NaN
0.0
0.0
0.0
1.0
0.0
25.0
66.0
2.0
NaN
0.0
1.0
1.0
103.0
85.0
6.0
1.0
0.0
18.0
0.0
0.0
46.0
6.0
34.0
NaN
NaN
0.0
0.0
0.0
0.0
38.0
0.0
2.0
13.0
90.0
3.0
NaN
98.0
0.0
0.0
48.0
34.0
7.0
0.0
0.0
NaN
NaN
0.0
NaN
NaN
0.0
0.0
0.0
1.0
6.0
0.0
37.0
567.0
22.0
0.0
0.0
1.0
229.0
101.0
0.0
0.0
0.0
250.0
42.0
52.0
37.0
57.0
0.0
0.0
280.0
14.0
52.0
4.0
7.0
NaN
NaN
1.0
0.0
42.0
1.0
2.0
0.0
0.0
1.0
0.0
0.0
7.0
4.0
0.0
0.0
5.0
8.0
1.0
0.0
1.0
0.0
NaN
15.0
200.0
3.0
1.0
0.0
28.0
0.0
0.0
0.0
0.0
0.0
0.0
0.0
4.0
0.0
NaN
NaN
7.0
NaN
NaN
0.0
0.0
0.0
NaN
NaN
0.0
NaN
2.0
32.0
4.0
NaN
NaN
NaN
4.0
24.0
10.0
NaN
NaN
NaN
0.0
4.0
6.0
0.0
0.0
20.0
38.0
NaN
NaN
14.0
7.0
NaN
NaN
NaN
0.0
0.0
0.0
10.0
0.0
NaN
NaN
66.0
46.0
0.0
1.0
36.0
32.0
164.0
2.0
3.0
NaN
NaN
NaN
30.0
5.0
0.0
NaN
0.0
0.0
0.0
0.0
1.0
0.0
0.0
2.0
NaN
NaN
NaN
NaN
NaN
0.0
0.0
NaN
NaN
NaN
0.0
10.0
26.0
16.0
NaN
6.0
12.0
8.0
0.0
2.0
4.0
3.0
0.0
0.0
0.0
NaN
NaN
6.0
NaN
NaN
NaN
NaN
NaN
NaN
6.0
NaN
NaN
NaN
NaN
12.0
4.0
0.0
NaN
NaN
NaN
NaN
NaN
0.0
0.0
NaN
NaN
NaN
NaN
NaN
NaN
4.0
NaN
NaN
NaN
NaN
NaN
NaN
72.0
NaN
NaN
NaN
NaN
NaN
NaN
106.0
71.0
NaN
10.0
1.0
NaN
NaN
0.0
0.0
NaN
NaN
NaN
28.0
12.0
2.0
NaN
NaN
0.0
NaN
NaN
0.0
0.0
0.0
0.0
0.0
0.0
0.0
12.0
4.0
NaN
NaN
0.0
NaN
NaN
0.0
0.0
NaN
NaN
0.0
NaN
NaN
0.0
0.0
0.0
2.0
2.0
NaN
NaN
0.0
0.0
NaN
NaN
0.0
NaN
NaN
0.0
2.0
0.0
80.0
NaN
NaN
12.0
4.0
0.0
0.0
0.0
0.0
0.0
0.0
2.0
2.0
0.0
2.0
0.0
0.0
0.0
0.0
0.0
NaN
NaN
0.0
NaN
NaN
NaN
NaN
0.0
0.0
0.0
0.0
0.0
6.0
78.0
2.0
0.0
0.0
0.0
0.0
0.0
0.0
0.0
2.0
0.0
0.0
0.0
0.0
0.0
0.0
0.0
16.0
4.0
42.0
86.0
NaN
0.0
10.0
8.0
0.0
0.0
0.0
18.0
195.0
10.0
32.0
38.0
4.0
0.0
0.0
8.0
36.0
52.0
8.0
0.0
0.0
0.0
0.0
0.0
0.0
0.0
NaN
0.0
0.0
0.0
0.0
10.0
0.0
0.0
0.0
0.0
0.0
0.0
0.0
0.0
0.0
0.0
0.0
NaN
0.0
0.0
0.0
0.0
0.0
0.0
0.0
NaN
128.0
1.0
3.0
36.0
20.0
4.0
0.0
32.0
34.0
42.0
6.0
0.0
16.0
0.0
0.0
0.0
12.0
30.0
0.0
68.0
190.0
48.0
30.0
26.0
0.0
30.0
NaN
6.0
8.0
44.0
0.0
0.0
0.0
0.0
0.0
74.0
166.0
78.0
76.0
258.0
224.0
NaN
NaN
0.0
0.0
0.0
NaN
NaN
NaN
NaN
NaN
NaN
NaN
NaN
NaN
NaN
166.0
10.0
12.0
8.0
4.0
2.0
0.0
4.0
6.0
NaN
NaN
NaN
NaN
28.0
12.0
14.0
40.0
38.0
NaN
NaN
132.0
34.0
2.0
6.0
0.0
NaN
NaN
8.0
86.0
14.0
14.0
4.0
NaN
8.0
12.0
86.0
8.0
0.0
8.0
0.0
8.0
54.0
8.0
48.0
8.0
6.0
10.0
12.0
0.0
32.0
1.0
0.0
0.0
0.0
156.0
78.0
106.0
4.0
1.0
0.0
0.0
0.0
0.0
0.0
0.0
0.0
0.0
0.0
NaN
0.0
2.0
NaN
118.0
0.0
NaN
NaN
1.0
0.0
0.0
0.0
NaN
NaN
NaN
0.0
0.0
26.0
2.0
2.0
4.0
NaN
NaN
NaN
0.0
6.0
9.0
8.0
NaN
4.0
1.0
28.0
32.0
NaN
NaN
NaN
34.0
4.0
0.0
54.0
20.0
NaN
4.0
4.0
4.0
4.0
2.0
NaN
NaN
NaN
8.0
2.0
0.0
0.0
NaN
NaN
NaN
4.0
0.0
0.0
0.0
NaN
NaN
NaN
0.0
0.0
0.0
0.0
6.0
NaN
NaN
0.0
10.0
2.0
2.0
NaN
NaN
NaN
NaN
NaN
NaN
0.0
0.0
0.0
NaN
0.0
0.0
0.0
54.0
2.0
2.0
0.0
NaN
0.0
NaN
0.0
NaN
NaN
NaN
NaN
56.0
6.0
26.0
0.0
0.0
0.0
NaN
4.0
1.0
1.0
0.0
8.0
0.0
0.0
0.0
0.0
4.0
NaN
NaN
NaN
NaN
0.0
0.0
16.0
1.0
NaN
4.0
32.0
8.0
5.0
0.0
0.0
NaN
4.0
1.0
0.0
0.0
0.0
0.0
NaN
0.0
0.0
0.0
0.0
0.0
0.0
NaN
0.0
0.0
0.0
0.0
1.0
0.0
0.0
NaN
NaN
50.0
0.0
0.0
2.0
0.0
1.0
0.0
1.0
0.0
0.0
4.0
NaN
0.0
0.0
0.0
2.0
88.0
12.0
NaN
NaN
16.0
0.0
0.0
0.0
NaN
NaN
8.0
2.0
10.0
10.0
0.0
0.0
0.0
NaN
NaN
NaN
0.0
0.0
0.0
NaN
NaN
0.0
0.0
0.0
0.0
0.0
2.0
0.0
6.0
NaN
NaN
46.0
134.0
4.0
0.0
0.0
0.0
0.0
0.0
NaN
NaN
10.0
68.0
10.0
0.0
62.0
2.0
NaN
NaN
NaN
0.0
NaN
4.0
2.0
0.0
NaN
NaN
NaN
22.0
12.0
42.0
2.0
10.0
106.0
12.0
4.0
NaN
120.0
NaN
NaN
10.0
0.0
0.0
6.0
NaN
NaN
0.0
8.0
0.0
250.0
NaN
NaN
NaN
NaN
2.0
220.0
NaN
8.0
NaN
NaN
NaN
NaN
NaN
NaN
4.0
0.0
0.0
40.0
0.0
NaN
NaN
4.0
52.0
120.0
0.0
NaN
NaN
44.0
72.0
10.0
1.0
0.0
0.0
NaN
NaN
11.0
4.0
24.0
NaN
NaN
28.0
10.0
1.0
14.0
4.0
0.0
0.0
1.0
0.0
1.0
0.0
0.0
0.0
NaN
42.0
NaN
NaN
NaN
NaN
4.0
180.0
0.0
NaN
NaN
NaN
NaN
NaN
0.0
NaN
NaN
NaN
NaN
NaN
NaN
2.0
1.0
0.0
0.0
58.0
12.0
NaN
NaN
NaN
NaN
NaN
NaN
NaN
NaN
NaN
NaN
NaN
NaN
0.0
NaN
NaN
NaN
NaN
0.0
0.0
0.0
0.0
0.0
0.0
1.0
0.0
0.0
0.0
0.0
116.0
0.0
68.0
2.0
10.0
22.0
NaN
NaN
1.0
8.0
4.0
0.0
NaN
NaN
NaN
NaN
18.0
NaN
NaN
14.0
NaN
NaN
NaN
NaN
0.0
26.0
6.0
NaN
0.0
NaN
6.0
0.0
0.0
0.0
NaN
NaN
4.0
0.0
NaN
NaN
4.0
NaN
NaN
NaN
NaN
0.0
8.0
10.0
NaN
NaN
0.0
8.0
2.0
0.0
NaN
NaN
NaN
NaN
0.0
NaN
NaN
NaN
NaN
NaN
26.0
32.0
0.0
0.0
NaN
NaN
3.0
0.0
0.0
0.0
0.0
0.0
0.0
44.0
NaN
NaN
24.0
69.0
2.0
0.0
2.0
22.0
NaN
NaN
0.0
NaN
0.0
8.0
NaN
0.0
NaN
0.0
0.0
0.0
NaN
NaN
0.0
0.0
0.0
2.0
0.0
26.0
20.0
12.0
8.0
2.0
0.0
0.0
0.0
6.0
0.0
0.0
NaN
NaN
NaN
NaN
NaN
0.0
44.0
0.0
82.0
NaN
0.0
13.0
0.0
0.0
0.0
14.0
0.0
11.0
86.0
14.0
6.0
16.0
51.0
33.0
0.0
0.0
0.0
0.0
16.0
94.0
40.0
0.0
0.0
0.0
0.0
0.0
0.0
96.0
40.0
4.0
0.0
0.0
0.0
0.0
26.0
0.0
0.0
0.0
0.0
0.0
0.0
0.0
0.0
0.0
26.0
0.0
0.0
0.0
0.0
46.0
10.0
0.0
0.0
0.0
0.0
0.0
0.0
0.0
0.0
0.0
4.0
2.0
2.0
0.0
0.0
0.0
0.0
8.0
4.0
56.0
0.0
0.0
0.0
0.0
0.0
0.0
0.0
0.0
0.0
0.0
0.0
0.0
61.0
0.0
35.0
50.0
0.0
0.0
0.0
NaN
NaN
180.0
68.0
0.0
0.0
332.0
13.0
122.0
0.0
0.0
0.0
2.0
10.0
70.0
13.0
0.0
0.0
110.0
38.0
NaN
0.0
0.0
1.0
204.0
2.0
10.0
0.0
0.0
22.0
0.0
0.0
0.0
6.0
0.0
0.0
0.0
0.0
0.0
0.0
70.0
0.0
6.0
0.0
0.0
0.0
2.0
0.0
10.0
0.0
0.0
2.0
NaN
NaN
0.0
0.0
0.0
50.0
0.0
0.0
245.0
0.0
0.0
90.0
40.0
18.0
4.0
194.0
2.0
6.0
18.0
4.0
0.0
0.0
0.0
NaN
NaN
NaN
NaN
4.0
NaN
NaN
NaN
NaN
0.0
94.0
0.0
68.0
58.0
12.0
22.0
140.0
15.0
0.0
NaN
NaN
8.0
3.0
NaN
NaN
NaN
NaN
NaN
4.0
60.0
20.0
0.0
2.0
NaN
0.0
12.0
0.0
0.0
0.0
0.0
6.0
195.0
2.0
NaN
0.0
0.0
2.0
0.0
4.0
88.0
6.0
0.0
10.0
20.0
12.0
2.0
0.0
21.0
10.0
NaN
2.0
0.0
88.0
112.0
NaN
NaN
2.0
6.0
10.0
172.0
62.0
0.0
0.0
1.0
0.0
16.0
0.0
6.0
0.0
0.0
2.0
0.0
0.0
24.0
40.0
2.0
0.0
0.0
0.0
0.0
0.0
0.0
0.0
0.0
36.0
0.0
5.0
6.0
0.0
0.0
16.0
38.0
48.0
44.0
14.0
10.0
0.0
2.0
0.0
12.0
18.0
0.0
0.0
0.0
2.0
6.0
0.0
8.0
18.0
0.0
0.0
0.0
0.0
14.0
18.0
4.0
0.0
0.0
0.0
28.0
0.0
0.0
2.0
0.0
2.0
0.0
0.0
20.0
10.0
12.0
18.0
0.0
0.0
2.0
0.0
10.0
0.0
0.0
0.0
0.0
0.0
0.0
10.0
0.0
0.0
0.0
0.0
2.0
16.0
28.0
2.0
2.0
0.0
0.0
0.0
0.0
0.0
NaN
0.0
26.0
7.0
2.0
15.0
125.0
50.0
0.0
0.0
4.0
0.0
6.0
0.0
0.0
NaN
2.0
0.0
0.0
10.0
0.0
0.0
0.0
0.0
0.0
NaN
0.0
NaN
0.0
0.0
42.0
20.0
0.0
20.0
5.0
0.0
22.0
2.0
NaN
0.0
0.0
NaN
NaN
NaN
0.0
20.0
NaN
20.0
0.0
0.0
0.0
0.0
NaN
0.0
100.0
0.0
180.0
190.0
0.0
0.0
0.0
NaN
NaN
NaN
NaN
0.0
0.0
0.0
0.0
0.0
NaN
NaN
0.0
NaN
10.0
160.0
0.0
0.0
NaN
0.0
NaN
NaN
NaN
0.0
0.0
0.0
0.0
10.0
NaN
0.0
0.0
0.0
NaN
30.0
6.0
0.0
14.0
10.0
0.0
0.0
0.0
90.0
4.0
0.0
0.0
0.0
0.0
0.0
0.0
0.0
0.0
0.0
0.0
2.0
0.0
0.0
0.0
0.0
0.0
0.0
0.0
0.0
0.0
0.0
0.0
72.0
NaN
NaN
NaN
NaN
NaN
NaN
NaN
NaN
NaN
NaN
NaN
NaN
NaN
NaN
NaN
NaN
NaN
NaN
NaN
NaN
