0.0
0.0
0.0
0.0
96.0
0.0
91.0
0.0
14.0
0.0
70.0
0.0
0.0
82.0
78.0
30.0
0.0
0.0
0.0
0.0
0.0
0.0
0.0
20.0
100.0
26.0
0.0
0.0
0.0
0.0
42.0
0.0
0.0
0.0
0.0
46.0
0.0
0.0
0.0
0.0
0.0
6.0
0.0
62.0
0.0
0.0
0.0
432.0
0.0
0.0
150.0
0.0
0.0
354.0
130.0
62.0
10.0
0.0
216.0
118.0
3.0
2.0
0.0
0.0
34.0
0.0
16.0
12.0
22.0
0.0
0.0
10.0
116.0
0.0
0.0
0.0
0.0
0.0
2.0
0.0
84.0
118.0
6.0
11.0
0.0
20.0
2.0
10.0
0.0
0.0
0.0
0.0
32.0
0.0
0.0
68.0
0.0
0.0
0.0
0.0
0.0
2.0
0.0
0.0
431.0
0.0
0.0
0.0
0.0
0.0
23.0
32.0
0.0
0.0
0.0
80.0
2.0
0.0
0.0
21.0
2.0
7.0
2.0
10.0
0.0
0.0
0.0
4.0
30.0
2.0
0.0
0.0
0.0
0.0
0.0
32.0
44.0
92.0
0.0
0.0
0.0
0.0
0.0
0.0
0.0
0.0
0.0
152.0
2.0
122.0
32.0
0.0
173.0
NaN
0.0
0.0
3.0
0.0
0.0
0.0
40.0
22.0
10.0
0.0
0.0
0.0
0.0
0.0
0.0
0.0
142.0
6.0
12.0
0.0
0.0
26.0
8.0
3.0
38.0
0.0
0.0
0.0
0.0
86.0
30.0
0.0
52.0
26.0
111.0
30.0
0.0
94.0
2.0
0.0
0.0
0.0
2.0
0.0
0.0
0.0
0.0
0.0
0.0
18.0
19.0
0.0
20.0
0.0
0.0
0.0
180.0
0.0
0.0
0.0
0.0
22.0
0.0
86.0
36.0
80.0
0.0
0.0
NaN
60.0
20.0
0.0
0.0
0.0
0.0
139.0
20.0
4.0
0.0
0.0
0.0
0.0
0.0
0.0
0.0
10.0
0.0
9.0
0.0
0.0
130.0
5.0
10.0
20.0
0.0
0.0
NaN
90.0
0.0
10.0
0.0
26.0
42.0
2.0
160.0
150.0
10.0
0.0
0.0
70.0
173.0
NaN
40.0
30.0
15.0
45.0
0.0
0.0
0.0
0.0
0.0
0.0
0.0
0.0
0.0
NaN
NaN
0.0
100.0
30.0
50.0
0.0
0.0
0.0
20.0
0.0
16.0
0.0
0.0
0.0
0.0
20.0
10.0
10.0
30.0
0.0
0.0
50.0
52.0
10.0
10.0
0.0
0.0
0.0
80.0
82.0
206.0
40.0
0.0
0.0
0.0
0.0
0.0
0.0
10.0
10.0
0.0
0.0
16.0
30.0
14.0
20.0
0.0
0.0
0.0
0.0
0.0
0.0
NaN
26.0
10.0
2.0
16.0
2.0
20.0
40.0
30.0
0.0
28.0
0.0
0.0
38.0
48.0
58.0
0.0
0.0
0.0
0.0
72.0
2.0
86.0
201.0
0.0
0.0
0.0
46.0
260.0
0.0
0.0
0.0
0.0
0.0
0.0
0.0
0.0
0.0
0.0
0.0
0.0
56.0
242.0
0.0
0.0
0.0
0.0
0.0
28.0
52.0
0.0
0.0
0.0
0.0
0.0
60.0
87.0
28.0
0.0
0.0
NaN
10.0
0.0
0.0
0.0
112.0
10.0
0.0
0.0
0.0
200.0
0.0
0.0
0.0
0.0
0.0
0.0
0.0
0.0
0.0
0.0
0.0
0.0
0.0
0.0
0.0
0.0
0.0
134.0
30.0
46.0
14.0
134.0
111.0
0.0
0.0
0.0
18.0
2.0
20.0
41.0
3.0
0.0
0.0
0.0
0.0
NaN
0.0
0.0
0.0
94.0
0.0
0.0
16.0
0.0
82.0
0.0
18.0
0.0
6.0
0.0
231.0
0.0
0.0
0.0
72.0
50.0
221.0
9.0
220.0
2.0
0.0
0.0
0.0
0.0
41.0
0.0
90.0
570.0
0.0
0.0
0.0
0.0
0.0
0.0
0.0
0.0
0.0
0.0
0.0
0.0
0.0
0.0
0.0
0.0
10.0
0.0
0.0
0.0
0.0
0.0
0.0
18.0
0.0
0.0
0.0
0.0
12.0
2.0
0.0
0.0
5.0
0.0
0.0
64.0
30.0
80.0
0.0
0.0
0.0
0.0
0.0
0.0
0.0
0.0
0.0
0.0
0.0
110.0
0.0
438.0
73.0
18.0
0.0
0.0
0.0
0.0
0.0
0.0
23.0
4.0
0.0
0.0
0.0
0.0
50.0
19.0
0.0
8.0
0.0
0.0
0.0
102.0
2.0
4.0
8.0
28.0
194.0
100.0
0.0
0.0
0.0
88.0
6.0
40.0
10.0
540.0
40.0
10.0
0.0
10.0
20.0
0.0
22.0
64.0
0.0
16.0
10.0
20.0
10.0
0.0
10.0
24.0
235.0
0.0
0.0
32.0
0.0
6.0
0.0
0.0
0.0
0.0
0.0
NaN
15.0
0.0
0.0
0.0
190.0
2.0
0.0
0.0
0.0
0.0
0.0
40.0
30.0
60.0
0.0
NaN
0.0
30.0
0.0
0.0
0.0
0.0
0.0
10.0
50.0
20.0
20.0
NaN
0.0
0.0
0.0
40.0
10.0
0.0
0.0
0.0
0.0
0.0
80.0
30.0
114.0
0.0
0.0
0.0
0.0
80.0
10.0
40.0
144.0
NaN
20.0
20.0
0.0
0.0
0.0
0.0
0.0
0.0
10.0
0.0
10.0
118.0
12.0
2.0
15.0
90.0
40.0
20.0
0.0
0.0
100.0
0.0
40.0
12.0
14.0
0.0
36.0
0.0
0.0
24.0
68.0
40.0
0.0
10.0
NaN
0.0
NaN
50.0
NaN
0.0
0.0
0.0
0.0
0.0
0.0
0.0
0.0
0.0
0.0
0.0
0.0
68.0
20.0
40.0
0.0
0.0
6.0
30.0
10.0
0.0
0.0
0.0
0.0
0.0
0.0
0.0
0.0
3.0
0.0
70.0
0.0
6.0
0.0
0.0
5.0
326.0
133.0
0.0
134.0
10.0
0.0
12.0
194.0
0.0
4.0
120.0
34.0
22.0
42.0
22.0
0.0
22.0
205.0
12.0
14.0
0.0
72.0
2.0
2.0
0.0
2.0
48.0
142.0
130.0
20.0
0.0
0.0
0.0
2.0
0.0
0.0
2.0
2.0
473.0
70.0
10.0
32.0
0.0
0.0
0.0
0.0
0.0
0.0
0.0
0.0
0.0
28.0
0.0
44.0
0.0
18.0
80.0
0.0
0.0
0.0
130.0
323.0
2.0
0.0
0.0
0.0
236.0
132.0
60.0
2.0
5.0
2.0
92.0
0.0
0.0
0.0
0.0
0.0
0.0
0.0
0.0
12.0
0.0
0.0
0.0
0.0
0.0
395.0
0.0
0.0
0.0
3.0
31.0
128.0
10.0
0.0
14.0
272.0
2.0
0.0
0.0
6.0
0.0
8.0
110.0
0.0
0.0
8.0
58.0
30.0
12.0
0.0
22.0
0.0
0.0
0.0
0.0
0.0
30.0
0.0
0.0
0.0
0.0
0.0
4.0
2.0
8.0
0.0
0.0
0.0
30.0
0.0
110.0
0.0
0.0
0.0
115.0
15.0
0.0
0.0
0.0
0.0
0.0
0.0
0.0
0.0
0.0
123.0
172.0
74.0
106.0
0.0
192.0
0.0
48.0
170.0
2.0
0.0
0.0
0.0
0.0
0.0
252.0
395.0
34.0
92.0
2.0
36.0
402.0
14.0
0.0
0.0
0.0
28.0
2.0
0.0
0.0
0.0
0.0
4.0
12.0
14.0
2.0
0.0
0.0
0.0
0.0
0.0
244.0
360.0
0.0
10.0
2.0
16.0
50.0
8.0
0.0
3.0
0.0
4.0
206.0
2.0
0.0
0.0
0.0
0.0
18.0
0.0
36.0
266.0
4.0
0.0
10.0
0.0
10.0
0.0
110.0
0.0
0.0
64.0
2.0
40.0
0.0
10.0
0.0
0.0
50.0
20.0
260.0
40.0
0.0
20.0
27.0
74.0
0.0
44.0
0.0
24.0
20.0
0.0
100.0
10.0
0.0
4.0
82.0
0.0
0.0
22.0
184.0
40.0
10.0
10.0
0.0
0.0
20.0
200.0
NaN
30.0
110.0
0.0
8.0
18.0
0.0
0.0
40.0
16.0
0.0
63.0
10.0
0.0
10.0
0.0
50.0
50.0
40.0
0.0
40.0
0.0
NaN
NaN
NaN
0.0
0.0
60.0
180.0
40.0
0.0
70.0
50.0
0.0
80.0
0.0
20.0
0.0
0.0
0.0
10.0
0.0
128.0
0.0
0.0
0.0
0.0
0.0
0.0
30.0
40.0
30.0
0.0
0.0
100.0
0.0
0.0
6.0
250.0
90.0
0.0
20.0
0.0
0.0
222.0
16.0
0.0
3.0
0.0
0.0
2.0
110.0
0.0
NaN
0.0
0.0
0.0
0.0
0.0
260.0
NaN
0.0
4.0
0.0
0.0
20.0
0.0
0.0
0.0
0.0
60.0
NaN
2.0
0.0
120.0
20.0
44.0
0.0
0.0
0.0
4.0
0.0
7.0
6.0
0.0
15.0
0.0
0.0
0.0
86.0
0.0
0.0
0.0
66.0
0.0
0.0
0.0
0.0
10.0
94.0
18.0
0.0
0.0
0.0
52.0
0.0
0.0
20.0
18.0
122.0
152.0
0.0
156.0
0.0
2.0
32.0
64.0
2.0
24.0
0.0
0.0
98.0
156.0
44.0
0.0
410.0
2.0
0.0
0.0
0.0
0.0
23.0
22.0
0.0
0.0
0.0
46.0
0.0
12.0
98.0
46.0
0.0
0.0
0.0
0.0
2.0
0.0
0.0
0.0
28.0
28.0
0.0
0.0
0.0
82.0
0.0
2.0
24.0
30.0
270.0
0.0
0.0
42.0
0.0
0.0
0.0
0.0
0.0
0.0
100.0
38.0
54.0
14.0
0.0
78.0
0.0
40.0
0.0
0.0
0.0
0.0
0.0
21.0
0.0
0.0
0.0
10.0
0.0
0.0
159.0
0.0
0.0
2.0
36.0
0.0
76.0
0.0
0.0
0.0
0.0
0.0
0.0
52.0
0.0
0.0
0.0
0.0
0.0
0.0
14.0
36.0
42.0
12.0
0.0
250.0
20.0
6.0
0.0
0.0
138.0
268.0
3.0
0.0
4.0
0.0
0.0
36.0
0.0
0.0
13.0
13.0
0.0
12.0
0.0
0.0
22.0
71.0
0.0
0.0
130.0
34.0
2.0
10.0
0.0
0.0
0.0
0.0
22.0
0.0
130.0
0.0
0.0
0.0
10.0
0.0
8.0
0.0
0.0
5.0
18.0
25.0
0.0
2.0
0.0
28.0
0.0
0.0
0.0
0.0
20.0
0.0
0.0
0.0
56.0
0.0
0.0
0.0
0.0
0.0
12.0
0.0
98.0
0.0
28.0
0.0
0.0
294.0
66.0
12.0
0.0
24.0
142.0
98.0
8.0
0.0
0.0
0.0
0.0
0.0
0.0
6.0
24.0
10.0
0.0
30.0
3.0
240.0
0.0
0.0
0.0
0.0
40.0
20.0
10.0
10.0
20.0
0.0
NaN
2.0
0.0
60.0
4.0
10.0
0.0
102.0
14.0
30.0
120.0
0.0
0.0
0.0
80.0
10.0
0.0
0.0
0.0
0.0
0.0
0.0
0.0
10.0
0.0
28.0
25.0
12.0
140.0
12.0
14.0
0.0
0.0
15.0
50.0
100.0
0.0
0.0
74.0
90.0
126.0
82.0
188.0
52.0
20.0
0.0
0.0
60.0
10.0
20.0
10.0
0.0
30.0
20.0
30.0
0.0
0.0
80.0
0.0
0.0
20.0
0.0
0.0
2.0
19.0
0.0
0.0
10.0
4.0
0.0
0.0
0.0
0.0
0.0
0.0
0.0
0.0
44.0
4.0
0.0
0.0
0.0
14.0
186.0
24.0
12.0
8.0
0.0
0.0
0.0
0.0
0.0
0.0
2.0
0.0
3.0
20.0
24.0
34.0
0.0
0.0
0.0
144.0
172.0
70.0
150.0
0.0
20.0
NaN
0.0
0.0
81.0
82.0
19.0
120.0
50.0
0.0
0.0
0.0
0.0
0.0
0.0
43.0
0.0
0.0
82.0
50.0
26.0
0.0
0.0
0.0
0.0
2.0
80.0
62.0
0.0
0.0
0.0
2.0
64.0
4.0
108.0
0.0
0.0
38.0
0.0
0.0
0.0
0.0
0.0
0.0
0.0
0.0
0.0
0.0
62.0
60.0
21.0
0.0
16.0
0.0
48.0
2.0
0.0
0.0
62.0
16.0
0.0
0.0
0.0
0.0
0.0
0.0
0.0
0.0
0.0
0.0
0.0
0.0
21.0
4.0
0.0
0.0
44.0
0.0
63.0
0.0
0.0
19.0
0.0
0.0
0.0
0.0
0.0
0.0
0.0
0.0
58.0
0.0
0.0
0.0
0.0
0.0
0.0
0.0
0.0
0.0
0.0
42.0
0.0
0.0
0.0
0.0
0.0
0.0
200.0
14.0
0.0
0.0
116.0
63.0
0.0
182.0
8.0
0.0
0.0
0.0
0.0
0.0
0.0
0.0
178.0
38.0
0.0
0.0
0.0
0.0
252.0
32.0
16.0
0.0
0.0
0.0
0.0
0.0
0.0
0.0
0.0
0.0
0.0
0.0
0.0
145.0
312.0
4.0
0.0
165.0
3.0
0.0
0.0
0.0
0.0
0.0
0.0
NaN
0.0
0.0
0.0
83.0
0.0
0.0
2.0
0.0
0.0
0.0
0.0
0.0
0.0
0.0
18.0
0.0
0.0
0.0
0.0
70.0
50.0
2.0
0.0
0.0
0.0
10.0
0.0
0.0
66.0
0.0
0.0
0.0
0.0
0.0
2.0
0.0
0.0
0.0
0.0
60.0
22.0
0.0
4.0
34.0
0.0
0.0
0.0
0.0
0.0
30.0
102.0
0.0
0.0
0.0
0.0
0.0
188.0
64.0
0.0
0.0
4.0
14.0
0.0
0.0
0.0
5.0
0.0
0.0
0.0
0.0
14.0
2.0
0.0
0.0
0.0
0.0
0.0
0.0
54.0
40.0
70.0
13.0
0.0
30.0
122.0
18.0
0.0
0.0
0.0
10.0
38.0
4.0
0.0
0.0
18.0
0.0
0.0
0.0
0.0
120.0
0.0
0.0
0.0
0.0
84.0
0.0
0.0
4.0
0.0
0.0
280.0
0.0
2.0
0.0
0.0
0.0
0.0
0.0
0.0
8.0
50.0
52.0
60.0
10.0
52.0
68.0
0.0
0.0
0.0
0.0
0.0
0.0
0.0
100.0
60.0
0.0
0.0
170.0
0.0
30.0
50.0
40.0
10.0
60.0
130.0
0.0
60.0
130.0
0.0
40.0
0.0
0.0
146.0
20.0
0.0
0.0
116.0
100.0
40.0
0.0
20.0
0.0
0.0
22.0
0.0
0.0
0.0
18.0
48.0
14.0
0.0
0.0
0.0
0.0
0.0
0.0
0.0
32.0
30.0
NaN
0.0
0.0
44.0
5.0
10.0
0.0
0.0
0.0
0.0
0.0
40.0
0.0
0.0
163.0
30.0
30.0
90.0
32.0
10.0
100.0
30.0
0.0
0.0
0.0
0.0
0.0
0.0
0.0
0.0
0.0
0.0
0.0
4.0
0.0
0.0
44.0
2.0
0.0
0.0
0.0
0.0
0.0
0.0
0.0
0.0
6.0
0.0
0.0
0.0
108.0
2.0
4.0
16.0
22.0
0.0
0.0
152.0
0.0
0.0
0.0
48.0
5.0
2.0
8.0
0.0
0.0
170.0
148.0
30.0
0.0
0.0
0.0
0.0
0.0
0.0
0.0
0.0
0.0
0.0
0.0
2.0
2.0
0.0
63.0
0.0
0.0
0.0
10.0
0.0
0.0
0.0
0.0
82.0
4.0
0.0
0.0
0.0
32.0
33.0
44.0
124.0
10.0
2.0
0.0
0.0
0.0
90.0
14.0
96.0
0.0
0.0
0.0
0.0
0.0
0.0
0.0
0.0
0.0
0.0
50.0
44.0
0.0
0.0
0.0
0.0
0.0
0.0
0.0
0.0
0.0
54.0
0.0
0.0
92.0
232.0
0.0
2.0
28.0
0.0
0.0
0.0
0.0
6.0
0.0
42.0
14.0
0.0
0.0
0.0
0.0
0.0
0.0
0.0
4.0
0.0
72.0
0.0
0.0
0.0
NaN
0.0
0.0
0.0
0.0
36.0
0.0
28.0
193.0
0.0
0.0
8.0
15.0
6.0
0.0
150.0
2.0
38.0
26.0
0.0
44.0
332.0
0.0
0.0
0.0
0.0
0.0
128.0
0.0
0.0
0.0
0.0
14.0
24.0
24.0
0.0
0.0
0.0
0.0
0.0
0.0
0.0
0.0
0.0
104.0
134.0
0.0
8.0
0.0
0.0
0.0
52.0
18.0
0.0
0.0
0.0
0.0
0.0
0.0
10.0
0.0
0.0
38.0
0.0
0.0
0.0
0.0
10.0
366.0
0.0
0.0
70.0
98.0
0.0
0.0
0.0
0.0
NaN
NaN
0.0
0.0
0.0
208.0
0.0
0.0
3.0
10.0
0.0
0.0
0.0
42.0
188.0
94.0
20.0
0.0
0.0
0.0
0.0
0.0
0.0
10.0
70.0
445.0
30.0
0.0
0.0
0.0
0.0
0.0
0.0
8.0
0.0
0.0
0.0
58.0
0.0
0.0
0.0
0.0
20.0
38.0
0.0
2.0
38.0
0.0
70.0
50.0
0.0
0.0
100.0
0.0
0.0
0.0
2.0
34.0
184.0
2.0
0.0
0.0
36.0
11.0
0.0
0.0
0.0
288.0
60.0
0.0
0.0
0.0
26.0
50.0
0.0
0.0
0.0
70.0
50.0
0.0
100.0
60.0
14.0
0.0
0.0
2.0
6.0
60.0
30.0
0.0
0.0
0.0
190.0
38.0
56.0
0.0
100.0
150.0
150.0
50.0
30.0
0.0
30.0
80.0
50.0
50.0
0.0
0.0
0.0
10.0
0.0
30.0
0.0
0.0
30.0
10.0
30.0
40.0
60.0
0.0
0.0
10.0
0.0
0.0
0.0
0.0
0.0
0.0
80.0
30.0
0.0
0.0
0.0
NaN
NaN
0.0
0.0
0.0
28.0
122.0
0.0
18.0
0.0
0.0
26.0
NaN
0.0
0.0
0.0
0.0
0.0
0.0
2.0
10.0
0.0
50.0
0.0
14.0
14.0
80.0
0.0
0.0
0.0
8.0
44.0
0.0
0.0
0.0
0.0
0.0
144.0
26.0
48.0
4.0
0.0
0.0
0.0
10.0
78.0
56.0
16.0
0.0
NaN
0.0
34.0
0.0
0.0
0.0
0.0
0.0
0.0
20.0
14.0
0.0
46.0
500.0
180.0
0.0
0.0
0.0
0.0
0.0
0.0
0.0
0.0
0.0
80.0
0.0
2.0
0.0
0.0
0.0
0.0
90.0
236.0
30.0
16.0
0.0
0.0
0.0
0.0
52.0
168.0
226.0
NaN
0.0
0.0
20.0
14.0
34.0
0.0
0.0
0.0
0.0
0.0
4.0
25.0
74.0
0.0
0.0
0.0
44.0
0.0
0.0
0.0
0.0
0.0
520.0
156.0
26.0
24.0
0.0
0.0
126.0
0.0
0.0
56.0
6.0
0.0
0.0
410.0
0.0
28.0
0.0
26.0
2.0
0.0
0.0
42.0
4.0
0.0
0.0
4.0
0.0
0.0
225.0
10.0
4.0
0.0
74.0
110.0
0.0
6.0
0.0
0.0
0.0
0.0
26.0
0.0
0.0
0.0
0.0
0.0
302.0
232.0
44.0
134.0
162.0
10.0
114.0
0.0
0.0
34.0
14.0
0.0
10.0
245.0
0.0
0.0
0.0
0.0
10.0
40.0
0.0
0.0
8.0
0.0
0.0
0.0
62.0
4.0
0.0
8.0
18.0
106.0
0.0
0.0
0.0
0.0
0.0
0.0
0.0
0.0
0.0
0.0
0.0
0.0
4.0
62.0
28.0
36.0
0.0
262.0
184.0
0.0
0.0
0.0
0.0
152.0
0.0
466.0
NaN
0.0
0.0
0.0
0.0
0.0
0.0
0.0
0.0
0.0
118.0
0.0
26.0
8.0
NaN
NaN
NaN
0.0
0.0
0.0
0.0
0.0
2.0
0.0
0.0
0.0
0.0
0.0
0.0
0.0
0.0
4.0
0.0
28.0
4.0
0.0
0.0
0.0
0.0
0.0
0.0
0.0
0.0
0.0
6.0
0.0
36.0
156.0
30.0
0.0
0.0
38.0
16.0
0.0
0.0
18.0
2.0
0.0
10.0
20.0
40.0
0.0
0.0
92.0
20.0
18.0
10.0
2.0
45.0
0.0
0.0
0.0
30.0
20.0
10.0
20.0
0.0
60.0
0.0
NaN
190.0
100.0
0.0
60.0
290.0
0.0
70.0
40.0
50.0
0.0
0.0
0.0
200.0
50.0
0.0
70.0
0.0
60.0
80.0
0.0
30.0
0.0
80.0
120.0
20.0
10.0
20.0
10.0
0.0
0.0
0.0
0.0
0.0
4.0
4.0
NaN
10.0
0.0
0.0
0.0
0.0
0.0
0.0
0.0
10.0
NaN
40.0
0.0
108.0
86.0
10.0
0.0
0.0
10.0
8.0
40.0
0.0
10.0
116.0
212.0
0.0
0.0
0.0
4.0
40.0
0.0
0.0
50.0
0.0
0.0
0.0
0.0
10.0
0.0
180.0
0.0
0.0
0.0
10.0
0.0
0.0
0.0
12.0
30.0
0.0
0.0
40.0
0.0
38.0
0.0
76.0
28.0
0.0
0.0
0.0
60.0
0.0
0.0
0.0
0.0
0.0
10.0
0.0
0.0
30.0
0.0
0.0
2.0
0.0
0.0
0.0
50.0
NaN
0.0
72.0
26.0
82.0
8.0
42.0
0.0
80.0
2.0
0.0
0.0
0.0
74.0
0.0
0.0
0.0
112.0
64.0
4.0
0.0
0.0
0.0
NaN
0.0
0.0
0.0
0.0
0.0
0.0
0.0
16.0
0.0
0.0
50.0
10.0
2.0
14.0
58.0
10.0
4.0
0.0
0.0
2.0
0.0
2.0
0.0
0.0
130.0
58.0
4.0
72.0
21.0
54.0
36.0
14.0
0.0
0.0
6.0
46.0
54.0
4.0
0.0
2.0
0.0
0.0
0.0
18.0
280.0
4.0
0.0
0.0
0.0
54.0
104.0
0.0
0.0
24.0
0.0
245.0
4.0
6.0
0.0
0.0
0.0
0.0
0.0
0.0
16.0
30.0
8.0
0.0
18.0
0.0
0.0
0.0
0.0
8.0
0.0
0.0
0.0
0.0
0.0
10.0
0.0
0.0
0.0
30.0
0.0
112.0
0.0
0.0
0.0
6.0
0.0
0.0
0.0
0.0
0.0
0.0
0.0
22.0
0.0
0.0
0.0
0.0
0.0
0.0
14.0
0.0
0.0
0.0
0.0
0.0
0.0
152.0
0.0
60.0
134.0
26.0
0.0
6.0
0.0
0.0
0.0
100.0
42.0
0.0
0.0
6.0
0.0
0.0
0.0
145.0
0.0
0.0
0.0
10.0
55.0
300.0
4.0
0.0
0.0
0.0
0.0
0.0
0.0
0.0
0.0
230.0
6.0
87.0
0.0
40.0
26.0
122.0
120.0
12.0
0.0
0.0
0.0
0.0
0.0
0.0
196.0
374.0
4.0
44.0
0.0
0.0
4.0
255.0
57.0
52.0
208.0
68.0
204.0
16.0
0.0
0.0
0.0
0.0
18.0
106.0
80.0
10.0
98.0
8.0
0.0
0.0
18.0
2.0
106.0
42.0
0.0
14.0
0.0
0.0
0.0
54.0
0.0
0.0
0.0
0.0
18.0
118.0
4.0
0.0
8.0
2.0
65.0
0.0
0.0
0.0
0.0
160.0
0.0
2.0
8.0
122.0
265.0
43.0
0.0
0.0
0.0
4.0
10.0
0.0
0.0
6.0
0.0
0.0
2.0
56.0
6.0
136.0
0.0
106.0
42.0
2.0
38.0
10.0
0.0
14.0
26.0
0.0
20.0
10.0
20.0
10.0
10.0
10.0
0.0
10.0
0.0
0.0
0.0
20.0
0.0
0.0
30.0
0.0
8.0
0.0
28.0
0.0
68.0
34.0
40.0
20.0
0.0
0.0
0.0
0.0
0.0
42.0
4.0
0.0
8.0
0.0
0.0
0.0
70.0
178.0
6.0
12.0
30.0
40.0
0.0
0.0
0.0
0.0
6.0
44.0
0.0
70.0
0.0
0.0
0.0
40.0
20.0
0.0
110.0
134.0
24.0
0.0
0.0
0.0
90.0
80.0
30.0
0.0
0.0
120.0
NaN
0.0
60.0
10.0
0.0
16.0
110.0
0.0
0.0
4.0
0.0
0.0
0.0
0.0
16.0
2.0
16.0
20.0
NaN
12.0
10.0
0.0
0.0
100.0
0.0
0.0
84.0
0.0
20.0
15.0
114.0
10.0
0.0
10.0
20.0
12.0
206.0
15.0
0.0
0.0
34.0
20.0
0.0
5.0
0.0
0.0
20.0
7.0
0.0
6.0
0.0
0.0
66.0
0.0
0.0
100.0
14.0
22.0
0.0
94.0
10.0
0.0
4.0
0.0
22.0
0.0
25.0
54.0
0.0
154.0
102.0
12.0
0.0
0.0
142.0
0.0
0.0
2.0
2.0
0.0
0.0
16.0
0.0
46.0
0.0
0.0
0.0
0.0
160.0
2.0
0.0
0.0
50.0
156.0
4.0
0.0
0.0
0.0
0.0
0.0
2.0
0.0
0.0
154.0
30.0
38.0
2.0
0.0
0.0
0.0
48.0
18.0
2.0
0.0
0.0
40.0
0.0
0.0
0.0
0.0
0.0
0.0
0.0
0.0
0.0
0.0
0.0
102.0
0.0
0.0
0.0
0.0
0.0
0.0
0.0
0.0
0.0
4.0
0.0
0.0
16.0
328.0
0.0
0.0
2.0
26.0
234.0
16.0
150.0
0.0
0.0
0.0
0.0
0.0
0.0
0.0
0.0
0.0
0.0
0.0
0.0
0.0
0.0
4.0
12.0
2.0
4.0
0.0
0.0
22.0
0.0
4.0
14.0
4.0
0.0
0.0
0.0
0.0
0.0
0.0
0.0
0.0
0.0
0.0
0.0
0.0
0.0
0.0
0.0
0.0
0.0
0.0
0.0
0.0
0.0
110.0
0.0
0.0
0.0
0.0
176.0
120.0
0.0
240.0
0.0
0.0
0.0
8.0
180.0
2.0
4.0
0.0
114.0
76.0
0.0
56.0
0.0
8.0
0.0
0.0
0.0
0.0
0.0
40.0
4.0
0.0
0.0
6.0
8.0
38.0
0.0
0.0
10.0
2.0
0.0
0.0
96.0
4.0
10.0
0.0
0.0
0.0
18.0
0.0
0.0
0.0
0.0
62.0
30.0
0.0
0.0
56.0
180.0
10.0
2.0
0.0
56.0
0.0
40.0
16.0
44.0
4.0
0.0
58.0
14.0
4.0
20.0
13.0
0.0
10.0
6.0
2.0
18.0
70.0
50.0
50.0
0.0
5.0
0.0
0.0
40.0
0.0
0.0
0.0
6.0
14.0
0.0
0.0
0.0
0.0
40.0
102.0
4.0
0.0
0.0
0.0
40.0
19.0
10.0
0.0
10.0
6.0
4.0
0.0
0.0
10.0
NaN
10.0
50.0
60.0
0.0
0.0
56.0
0.0
0.0
0.0
20.0
40.0
10.0
50.0
0.0
0.0
20.0
10.0
20.0
50.0
70.0
20.0
90.0
120.0
20.0
40.0
0.0
0.0
0.0
0.0
0.0
80.0
10.0
10.0
10.0
0.0
10.0
30.0
40.0
80.0
0.0
0.0
0.0
0.0
0.0
80.0
0.0
0.0
0.0
0.0
130.0
20.0
30.0
0.0
0.0
0.0
0.0
50.0
60.0
20.0
200.0
20.0
0.0
0.0
NaN
10.0
0.0
0.0
40.0
10.0
0.0
0.0
0.0
0.0
0.0
16.0
2.0
2.0
28.0
0.0
10.0
5.0
0.0
12.0
400.0
18.0
0.0
24.0
66.0
6.0
226.0
48.0
30.0
0.0
30.0
0.0
0.0
0.0
0.0
0.0
0.0
0.0
0.0
0.0
10.0
12.0
0.0
10.0
NaN
0.0
0.0
0.0
0.0
0.0
0.0
0.0
0.0
212.0
218.0
4.0
0.0
0.0
144.0
4.0
2.0
0.0
0.0
190.0
30.0
52.0
4.0
0.0
40.0
184.0
10.0
0.0
0.0
74.0
0.0
0.0
NaN
0.0
0.0
4.0
50.0
0.0
0.0
28.0
10.0
0.0
0.0
0.0
32.0
2.0
0.0
NaN
NaN
2.0
6.0
2.0
240.0
4.0
0.0
0.0
0.0
0.0
20.0
0.0
0.0
0.0
0.0
0.0
0.0
0.0
70.0
20.0
2.0
4.0
0.0
0.0
0.0
0.0
25.0
4.0
83.0
0.0
28.0
0.0
34.0
10.0
2.0
0.0
0.0
98.0
0.0
0.0
0.0
0.0
10.0
500.0
0.0
0.0
0.0
6.0
14.0
2.0
0.0
0.0
8.0
0.0
18.0
16.0
115.0
36.0
272.0
4.0
0.0
0.0
0.0
0.0
101.0
212.0
0.0
0.0
0.0
16.0
0.0
0.0
0.0
0.0
10.0
4.0
0.0
0.0
0.0
40.0
0.0
0.0
0.0
0.0
0.0
30.0
0.0
0.0
0.0
0.0
0.0
0.0
0.0
0.0
0.0
0.0
0.0
30.0
52.0
296.0
0.0
0.0
92.0
224.0
0.0
0.0
240.0
0.0
130.0
0.0
76.0
8.0
48.0
4.0
8.0
60.0
86.0
70.0
10.0
0.0
0.0
0.0
0.0
0.0
0.0
10.0
0.0
0.0
426.0
0.0
0.0
2.0
0.0
0.0
0.0
30.0
4.0
12.0
12.0
130.0
18.0
38.0
86.0
0.0
0.0
0.0
360.0
64.0
74.0
2.0
4.0
0.0
0.0
0.0
0.0
80.0
2.0
0.0
0.0
0.0
0.0
NaN
0.0
20.0
14.0
0.0
0.0
0.0
14.0
82.0
0.0
4.0
84.0
216.0
0.0
0.0
40.0
140.0
0.0
0.0
0.0
0.0
0.0
0.0
0.0
110.0
0.0
0.0
30.0
10.0
0.0
20.0
40.0
0.0
150.0
40.0
0.0
100.0
104.0
80.0
NaN
0.0
0.0
52.0
220.0
0.0
0.0
56.0
20.0
0.0
30.0
10.0
20.0
0.0
10.0
0.0
0.0
120.0
20.0
70.0
100.0
10.0
0.0
10.0
100.0
240.0
30.0
50.0
60.0
10.0
30.0
0.0
50.0
40.0
30.0
0.0
0.0
0.0
0.0
20.0
50.0
0.0
20.0
20.0
0.0
0.0
10.0
50.0
0.0
0.0
0.0
0.0
0.0
0.0
0.0
0.0
0.0
160.0
0.0
0.0
0.0
0.0
0.0
0.0
0.0
0.0
0.0
14.0
4.0
10.0
90.0
92.0
0.0
74.0
0.0
0.0
0.0
20.0
10.0
0.0
0.0
0.0
50.0
0.0
0.0
76.0
NaN
0.0
0.0
0.0
85.0
74.0
40.0
0.0
0.0
111.0
76.0
NaN
24.0
3.0
0.0
0.0
0.0
8.0
0.0
0.0
0.0
0.0
0.0
50.0
0.0
0.0
0.0
4.0
0.0
42.0
0.0
22.0
NaN
0.0
0.0
4.0
20.0
22.0
0.0
70.0
0.0
97.0
152.0
56.0
0.0
52.0
0.0
100.0
0.0
308.0
82.0
80.0
0.0
0.0
0.0
44.0
4.0
0.0
20.0
14.0
0.0
160.0
88.0
NaN
NaN
0.0
14.0
4.0
2.0
0.0
0.0
0.0
56.0
0.0
0.0
3.0
30.0
2.0
10.0
2.0
20.0
0.0
0.0
30.0
0.0
18.0
80.0
24.0
0.0
32.0
0.0
0.0
0.0
10.0
32.0
0.0
0.0
0.0
NaN
NaN
2.0
0.0
214.0
4.0
2.0
50.0
78.0
78.0
0.0
2.0
0.0
0.0
0.0
0.0
24.0
4.0
0.0
0.0
0.0
0.0
46.0
10.0
4.0
4.0
0.0
0.0
0.0
0.0
44.0
6.0
48.0
250.0
22.0
0.0
0.0
0.0
0.0
2.0
0.0
0.0
164.0
4.0
26.0
0.0
0.0
0.0
0.0
0.0
0.0
0.0
8.0
0.0
0.0
0.0
0.0
0.0
0.0
0.0
0.0
0.0
0.0
0.0
0.0
0.0
0.0
18.0
62.0
0.0
36.0
0.0
0.0
0.0
38.0
0.0
0.0
0.0
0.0
10.0
10.0
70.0
48.0
8.0
0.0
0.0
0.0
0.0
0.0
72.0
4.0
0.0
0.0
0.0
61.0
114.0
8.0
2.0
88.0
28.0
16.0
162.0
0.0
0.0
0.0
20.0
10.0
2.0
0.0
0.0
0.0
0.0
4.0
0.0
22.0
0.0
30.0
0.0
0.0
0.0
2.0
30.0
0.0
25.0
58.0
2.0
0.0
190.0
20.0
0.0
0.0
6.0
0.0
4.0
172.0
0.0
0.0
88.0
52.0
74.0
60.0
40.0
0.0
0.0
50.0
180.0
100.0
20.0
0.0
140.0
30.0
60.0
60.0
80.0
30.0
0.0
0.0
250.0
2.0
56.0
182.0
24.0
10.0
10.0
35.0
20.0
0.0
0.0
10.0
10.0
92.0
120.0
0.0
0.0
0.0
80.0
60.0
30.0
0.0
0.0
90.0
0.0
0.0
10.0
0.0
0.0
0.0
0.0
0.0
0.0
0.0
0.0
0.0
0.0
0.0
18.0
102.0
8.0
20.0
0.0
20.0
0.0
82.0
184.0
250.0
10.0
3.0
10.0
0.0
100.0
10.0
30.0
0.0
0.0
100.0
20.0
0.0
120.0
30.0
240.0
20.0
0.0
0.0
0.0
26.0
20.0
10.0
20.0
100.0
80.0
0.0
0.0
0.0
0.0
0.0
0.0
30.0
35.0
0.0
0.0
20.0
0.0
0.0
0.0
0.0
0.0
0.0
8.0
2.0
30.0
NaN
0.0
0.0
0.0
6.0
4.0
0.0
0.0
0.0
0.0
0.0
0.0
0.0
0.0
0.0
0.0
0.0
0.0
58.0
0.0
61.0
NaN
274.0
0.0
128.0
70.0
18.0
4.0
0.0
4.0
10.0
2.0
0.0
0.0
50.0
0.0
0.0
0.0
2.0
0.0
0.0
114.0
80.0
26.0
0.0
0.0
0.0
0.0
0.0
0.0
0.0
14.0
12.0
0.0
0.0
60.0
170.0
2.0
0.0
0.0
0.0
0.0
0.0
0.0
100.0
0.0
0.0
0.0
0.0
40.0
4.0
2.0
244.0
426.0
60.0
26.0
14.0
0.0
0.0
0.0
64.0
0.0
0.0
0.0
0.0
0.0
0.0
8.0
0.0
0.0
0.0
0.0
0.0
0.0
0.0
0.0
3.0
0.0
0.0
0.0
0.0
0.0
0.0
30.0
3.0
260.0
4.0
98.0
0.0
0.0
420.0
0.0
70.0
6.0
0.0
102.0
4.0
0.0
3.0
0.0
0.0
0.0
0.0
0.0
219.0
0.0
0.0
0.0
0.0
0.0
0.0
52.0
31.0
2.0
0.0
0.0
0.0
0.0
50.0
12.0
10.0
0.0
20.0
0.0
0.0
0.0
170.0
84.0
0.0
0.0
12.0
2.0
0.0
0.0
0.0
0.0
5.0
0.0
4.0
72.0
0.0
0.0
0.0
0.0
0.0
45.0
8.0
310.0
6.0
0.0
0.0
0.0
0.0
196.0
0.0
16.0
136.0
58.0
0.0
222.0
8.0
0.0
4.0
0.0
0.0
0.0
0.0
0.0
4.0
0.0
0.0
0.0
0.0
20.0
0.0
0.0
14.0
0.0
20.0
0.0
0.0
0.0
0.0
6.0
0.0
38.0
2.0
18.0
6.0
0.0
0.0
14.0
62.0
6.0
0.0
0.0
0.0
24.0
6.0
0.0
210.0
200.0
0.0
0.0
26.0
0.0
56.0
350.0
0.0
0.0
0.0
4.0
0.0
14.0
120.0
70.0
40.0
30.0
0.0
30.0
238.0
0.0
10.0
100.0
NaN
40.0
0.0
0.0
30.0
30.0
100.0
0.0
30.0
220.0
20.0
0.0
0.0
70.0
0.0
10.0
10.0
10.0
10.0
0.0
25.0
24.0
58.0
124.0
34.0
4.0
46.0
6.0
0.0
20.0
26.0
16.0
2.0
95.0
34.0
10.0
40.0
0.0
0.0
50.0
4.0
0.0
NaN
0.0
0.0
0.0
234.0
30.0
16.0
60.0
6.0
0.0
0.0
30.0
0.0
0.0
0.0
26.0
174.0
0.0
0.0
0.0
98.0
30.0
130.0
10.0
0.0
60.0
0.0
20.0
20.0
0.0
0.0
20.0
0.0
62.0
260.0
0.0
0.0
0.0
0.0
0.0
0.0
0.0
5.0
10.0
30.0
10.0
0.0
58.0
130.0
0.0
0.0
0.0
0.0
0.0
238.0
186.0
0.0
76.0
86.0
68.0
0.0
0.0
0.0
0.0
0.0
0.0
0.0
0.0
10.0
0.0
68.0
60.0
0.0
0.0
0.0
0.0
0.0
124.0
0.0
NaN
NaN
20.0
3.0
28.0
140.0
0.0
0.0
0.0
34.0
98.0
18.0
4.0
0.0
0.0
0.0
0.0
0.0
8.0
23.0
100.0
4.0
4.0
0.0
0.0
0.0
0.0
0.0
0.0
0.0
0.0
0.0
4.0
18.0
0.0
0.0
0.0
0.0
120.0
24.0
66.0
4.0
6.0
46.0
32.0
142.0
40.0
26.0
40.0
2.0
0.0
0.0
0.0
14.0
16.0
0.0
0.0
0.0
0.0
80.0
0.0
12.0
140.0
0.0
0.0
0.0
0.0
0.0
0.0
0.0
0.0
0.0
0.0
0.0
0.0
0.0
0.0
48.0
20.0
2.0
126.0
0.0
0.0
0.0
0.0
58.0
182.0
66.0
4.0
5.0
4.0
0.0
100.0
2.0
0.0
0.0
0.0
0.0
64.0
0.0
370.0
32.0
0.0
224.0
0.0
0.0
20.0
2.0
0.0
2.0
10.0
412.0
0.0
0.0
150.0
90.0
428.0
6.0
2.0
16.0
0.0
0.0
258.0
124.0
4.0
0.0
0.0
0.0
0.0
0.0
0.0
0.0
0.0
0.0
36.0
0.0
0.0
0.0
0.0
64.0
0.0
0.0
0.0
18.0
60.0
40.0
116.0
0.0
44.0
8.0
0.0
0.0
0.0
80.0
0.0
0.0
0.0
0.0
0.0
NaN
NaN
0.0
12.0
114.0
0.0
0.0
0.0
0.0
0.0
128.0
14.0
6.0
0.0
136.0
110.0
88.0
54.0
0.0
104.0
16.0
30.0
84.0
0.0
6.0
192.0
496.0
0.0
0.0
0.0
0.0
0.0
128.0
351.0
21.0
16.0
0.0
0.0
112.0
132.0
32.0
14.0
18.0
60.0
160.0
78.0
232.0
42.0
0.0
270.0
66.0
0.0
6.0
0.0
0.0
0.0
0.0
0.0
0.0
0.0
124.0
0.0
0.0
0.0
18.0
0.0
6.0
0.0
160.0
151.0
10.0
0.0
0.0
0.0
0.0
0.0
0.0
8.0
0.0
0.0
0.0
0.0
88.0
358.0
90.0
0.0
0.0
20.0
0.0
150.0
30.0
0.0
0.0
100.0
20.0
116.0
6.0
0.0
0.0
8.0
0.0
0.0
0.0
0.0
30.0
180.0
30.0
6.0
20.0
10.0
4.0
0.0
0.0
0.0
110.0
12.0
0.0
4.0
174.0
158.0
10.0
32.0
24.0
0.0
0.0
28.0
60.0
0.0
97.0
20.0
40.0
0.0
10.0
60.0
100.0
20.0
30.0
30.0
20.0
30.0
15.0
20.0
0.0
0.0
0.0
0.0
0.0
20.0
10.0
10.0
0.0
10.0
0.0
30.0
10.0
0.0
10.0
0.0
120.0
50.0
0.0
50.0
70.0
80.0
10.0
0.0
20.0
50.0
10.0
0.0
50.0
10.0
0.0
0.0
50.0
0.0
20.0
0.0
30.0
40.0
0.0
0.0
0.0
0.0
0.0
0.0
0.0
10.0
0.0
0.0
0.0
0.0
0.0
132.0
10.0
78.0
0.0
22.0
96.0
2.0
0.0
0.0
0.0
0.0
56.0
5.0
0.0
114.0
0.0
0.0
40.0
0.0
0.0
0.0
0.0
105.0
20.0
0.0
0.0
0.0
8.0
0.0
0.0
0.0
0.0
0.0
0.0
14.0
18.0
48.0
164.0
36.0
4.0
7.0
0.0
26.0
0.0
NaN
0.0
0.0
0.0
0.0
0.0
80.0
2.0
0.0
0.0
1.0
16.0
290.0
8.0
0.0
0.0
2.0
1.0
0.0
0.0
0.0
0.0
0.0
16.0
98.0
0.0
0.0
24.0
0.0
0.0
6.0
13.0
28.0
2.0
0.0
0.0
84.0
0.0
0.0
0.0
0.0
22.0
0.0
0.0
0.0
0.0
0.0
40.0
0.0
0.0
0.0
0.0
0.0
0.0
0.0
42.0
0.0
1.0
0.0
0.0
0.0
10.0
114.0
0.0
0.0
0.0
0.0
0.0
0.0
0.0
38.0
0.0
30.0
1.0
0.0
NaN
68.0
4.0
0.0
0.0
0.0
4.0
0.0
0.0
NaN
1.0
0.0
0.0
0.0
0.0
0.0
0.0
0.0
0.0
18.0
0.0
290.0
22.0
1.0
0.0
0.0
64.0
0.0
0.0
5.0
0.0
0.0
0.0
64.0
96.0
0.0
2.0
60.0
74.0
30.0
4.0
0.0
0.0
4.0
0.0
0.0
0.0
0.0
0.0
0.0
0.0
0.0
0.0
94.0
2.0
90.0
56.0
0.0
0.0
42.0
24.0
0.0
0.0
0.0
0.0
0.0
6.0
0.0
0.0
0.0
44.0
28.0
116.0
0.0
0.0
0.0
66.0
0.0
0.0
0.0
0.0
8.0
0.0
46.0
0.0
18.0
4.0
16.0
0.0
0.0
0.0
10.0
2.0
8.0
50.0
0.0
0.0
124.0
30.0
14.0
0.0
114.0
34.0
0.0
0.0
0.0
50.0
0.0
0.0
0.0
0.0
26.0
96.0
6.0
2.0
0.0
6.0
6.0
6.0
4.0
0.0
66.0
4.0
0.0
0.0
26.0
35.0
210.0
2.0
50.0
0.0
10.0
80.0
0.0
0.0
0.0
1.0
0.0
260.0
10.0
130.0
100.0
1.0
10.0
0.0
1.0
0.0
146.0
0.0
6.0
0.0
100.0
150.0
0.0
230.0
0.0
210.0
0.0
160.0
10.0
0.0
0.0
10.0
20.0
50.0
0.0
30.0
10.0
10.0
20.0
0.0
0.0
30.0
0.0
20.0
272.0
0.0
16.0
10.0
0.0
36.0
1.0
30.0
0.0
1.0
1.0
0.0
20.0
45.0
10.0
20.0
10.0
0.0
40.0
0.0
106.0
84.0
0.0
20.0
40.0
25.0
0.0
132.0
132.0
40.0
10.0
30.0
20.0
0.0
0.0
90.0
0.0
30.0
50.0
210.0
166.0
10.0
10.0
10.0
20.0
0.0
0.0
0.0
40.0
10.0
20.0
0.0
35.0
0.0
0.0
106.0
150.0
10.0
0.0
40.0
200.0
0.0
0.0
30.0
0.0
0.0
0.0
0.0
0.0
0.0
20.0
0.0
0.0
0.0
0.0
10.0
0.0
0.0
0.0
45.0
0.0
0.0
0.0
0.0
0.0
0.0
0.0
0.0
0.0
40.0
30.0
50.0
30.0
100.0
0.0
30.0
80.0
20.0
0.0
NaN
NaN
40.0
130.0
0.0
0.0
0.0
130.0
80.0
0.0
0.0
40.0
50.0
40.0
160.0
30.0
0.0
70.0
80.0
0.0
0.0
NaN
NaN
0.0
12.0
0.0
387.0
10.0
0.0
0.0
0.0
0.0
10.0
62.0
10.0
NaN
NaN
50.0
10.0
0.0
0.0
124.0
34.0
0.0
0.0
0.0
0.0
0.0
0.0
95.0
0.0
142.0
0.0
220.0
10.0
0.0
0.0
0.0
0.0
0.0
0.0
0.0
10.0
0.0
0.0
0.0
0.0
0.0
72.0
2.0
0.0
100.0
50.0
0.0
18.0
0.0
84.0
116.0
0.0
120.0
26.0
0.0
0.0
0.0
0.0
0.0
0.0
0.0
0.0
0.0
0.0
0.0
0.0
40.0
42.0
20.0
8.0
0.0
0.0
540.0
24.0
104.0
54.0
0.0
150.0
10.0
0.0
0.0
0.0
0.0
0.0
4.0
58.0
6.0
0.0
0.0
0.0
110.0
28.0
100.0
10.0
0.0
NaN
NaN
0.0
0.0
0.0
0.0
0.0
0.0
26.0
46.0
64.0
8.0
32.0
60.0
20.0
2.0
0.0
0.0
0.0
0.0
0.0
98.0
0.0
0.0
128.0
0.0
0.0
42.0
5.0
0.0
246.0
4.0
92.0
42.0
0.0
0.0
0.0
0.0
14.0
4.0
18.0
58.0
72.0
50.0
NaN
NaN
10.0
0.0
21.0
0.0
5.0
NaN
NaN
24.0
0.0
0.0
0.0
0.0
0.0
0.0
51.0
28.0
0.0
18.0
8.0
44.0
12.0
10.0
42.0
190.0
0.0
52.0
6.0
0.0
0.0
0.0
0.0
0.0
0.0
0.0
0.0
0.0
212.0
10.0
0.0
0.0
0.0
0.0
0.0
0.0
0.0
0.0
0.0
8.0
10.0
16.0
14.0
0.0
0.0
22.0
30.0
0.0
96.0
42.0
42.0
0.0
0.0
0.0
0.0
0.0
0.0
0.0
0.0
5.0
0.0
0.0
0.0
NaN
NaN
0.0
0.0
0.0
0.0
0.0
0.0
98.0
80.0
14.0
14.0
6.0
0.0
14.0
104.0
102.0
162.0
42.0
4.0
88.0
66.0
18.0
NaN
NaN
10.0
40.0
176.0
0.0
0.0
5.0
0.0
0.0
0.0
0.0
0.0
0.0
0.0
38.0
0.0
26.0
100.0
8.0
0.0
0.0
28.0
0.0
0.0
76.0
1.0
0.0
10.0
14.0
30.0
18.0
0.0
0.0
0.0
0.0
0.0
0.0
0.0
0.0
0.0
0.0
0.0
0.0
34.0
38.0
0.0
4.0
0.0
4.0
20.0
0.0
56.0
30.0
0.0
98.0
14.0
2.0
116.0
14.0
NaN
NaN
NaN
20.0
70.0
48.0
20.0
0.0
60.0
10.0
10.0
20.0
10.0
NaN
NaN
NaN
10.0
10.0
NaN
NaN
NaN
130.0
8.0
10.0
140.0
70.0
20.0
40.0
370.0
200.0
50.0
50.0
30.0
20.0
100.0
10.0
NaN
NaN
50.0
NaN
NaN
NaN
0.0
NaN
NaN
1.0
10.0
NaN
NaN
NaN
NaN
99.0
10.0
20.0
20.0
NaN
40.0
NaN
20.0
NaN
20.0
20.0
NaN
NaN
0.0
NaN
NaN
70.0
30.0
NaN
NaN
20.0
0.0
30.0
60.0
10.0
0.0
NaN
NaN
10.0
110.0
NaN
10.0
60.0
180.0
80.0
NaN
NaN
NaN
NaN
NaN
NaN
NaN
NaN
NaN
NaN
NaN
NaN
2.0
12.0
10.0
NaN
NaN
NaN
NaN
10.0
NaN
NaN
320.0
NaN
2.0
NaN
NaN
NaN
84.0
NaN
NaN
NaN
NaN
NaN
4.0
10.0
188.0
76.0
184.0
20.0
5.0
4.0
NaN
20.0
NaN
NaN
NaN
NaN
18.0
NaN
NaN
NaN
NaN
NaN
NaN
104.0
10.0
NaN
NaN
NaN
NaN
NaN
38.0
196.0
6.0
0.0
70.0
2.0
206.0
18.0
0.0
2.0
100.0
0.0
312.0
NaN
NaN
2.0
3.0
0.0
0.0
0.0
85.0
4.0
0.0
0.0
0.0
0.0
0.0
0.0
0.0
0.0
145.0
0.0
96.0
116.0
90.0
370.0
4.0
0.0
38.0
6.0
0.0
0.0
0.0
0.0
0.0
36.0
10.0
0.0
NaN
NaN
0.0
6.0
45.0
32.0
0.0
0.0
3.0
8.0
0.0
0.0
0.0
0.0
0.0
0.0
0.0
0.0
0.0
2.0
52.0
35.0
0.0
70.0
50.0
NaN
0.0
315.0
0.0
54.0
10.0
4.0
0.0
0.0
46.0
16.0
68.0
0.0
0.0
10.0
22.0
0.0
NaN
NaN
0.0
0.0
0.0
16.0
0.0
0.0
0.0
6.0
16.0
0.0
8.0
0.0
0.0
0.0
0.0
0.0
0.0
0.0
0.0
0.0
30.0
14.0
2.0
0.0
6.0
0.0
0.0
0.0
0.0
0.0
0.0
48.0
20.0
64.0
6.0
8.0
0.0
0.0
10.0
0.0
0.0
0.0
62.0
0.0
0.0
62.0
136.0
NaN
30.0
0.0
0.0
NaN
NaN
0.0
0.0
20.0
0.0
12.0
278.0
0.0
0.0
110.0
38.0
0.0
4.0
42.0
6.0
0.0
0.0
0.0
0.0
22.0
0.0
186.0
28.0
6.0
0.0
0.0
0.0
0.0
154.0
42.0
0.0
28.0
0.0
1.0
40.0
0.0
8.0
0.0
6.0
30.0
0.0
0.0
8.0
10.0
0.0
0.0
0.0
0.0
0.0
0.0
0.0
0.0
48.0
0.0
0.0
186.0
60.0
50.0
0.0
0.0
8.0
162.0
5.0
21.0
120.0
0.0
0.0
0.0
154.0
138.0
0.0
0.0
30.0
60.0
100.0
100.0
20.0
60.0
10.0
20.0
0.0
70.0
120.0
80.0
40.0
0.0
50.0
0.0
0.0
10.0
0.0
20.0
20.0
0.0
0.0
0.0
0.0
0.0
0.0
6.0
70.0
0.0
0.0
20.0
10.0
0.0
40.0
0.0
90.0
30.0
0.0
90.0
0.0
10.0
60.0
0.0
40.0
10.0
6.0
10.0
0.0
1.0
40.0
0.0
50.0
0.0
10.0
20.0
35.0
0.0
4.0
20.0
10.0
100.0
0.0
0.0
110.0
70.0
40.0
20.0
0.0
0.0
40.0
50.0
0.0
10.0
0.0
0.0
0.0
0.0
0.0
90.0
0.0
0.0
30.0
30.0
0.0
80.0
16.0
0.0
0.0
0.0
0.0
16.0
50.0
0.0
0.0
0.0
16.0
210.0
50.0
10.0
0.0
0.0
0.0
0.0
0.0
0.0
0.0
6.0
0.0
80.0
70.0
0.0
0.0
0.0
0.0
0.0
0.0
0.0
0.0
0.0
0.0
28.0
10.0
8.0
40.0
0.0
0.0
0.0
6.0
1.0
0.0
0.0
0.0
56.0
34.0
14.0
5.0
212.0
44.0
0.0
32.0
10.0
0.0
58.0
8.0
226.0
42.0
16.0
20.0
26.0
14.0
58.0
0.0
20.0
66.0
20.0
0.0
0.0
70.0
0.0
0.0
0.0
50.0
150.0
20.0
30.0
118.0
0.0
NaN
4.0
0.0
120.0
0.0
NaN
30.0
6.0
20.0
200.0
0.0
0.0
0.0
0.0
0.0
0.0
0.0
248.0
0.0
0.0
0.0
0.0
0.0
0.0
0.0
0.0
0.0
42.0
0.0
NaN
NaN
NaN
NaN
NaN
NaN
NaN
NaN
NaN
NaN
NaN
NaN
NaN
