NaN
26.55
25.435483871
26.4677419355
20.4833333333
10.7258064516
-4.65
-10.0967741935
-15.8870967742
-7.08620689655
-4.95161290323
4.93333333333
16.4516129032
24.7
24.6774193548
26.9838709677
19.1333333333
11.2258064516
-6.23333333333
-12.564516129
-13.4193548387
-4.73214285714
-2.56451612903
5.78333333333
16.8870967742
26.0833333333
25.1935483871
25.3064516129
22.0666666667
10.4193548387
-0.916666666667
-0.354838709677
-10.8
-0.696428571429
-1.14516129032
15.8166666667
20.5322580645
20.8
26.3225806452
28.0967741935
22.4666666667
12.2258064516
1.25
-6.38709677419
-11.2258064516
-2.75
3.03225806452
13.4166666667
17.7258064516
22.75
25.6774193548
25.5161290323
18.2333333333
12.1774193548
7.98333333333
-0.774193548387
-8.87096774194
-0.448275862069
6.98387096774
13.05
19.3064516129
20.9333333333
26.435483871
25.7419354839
18.7666666667
14.1290322581
-1.63333333333
-15.0967741935
-3.96774193548
-10.5892857143
-0.241935483871
10.5166666667
19.4838709677
22.7833333333
26.7580645161
26.9032258065
21.2166666667
10.8709677419
7.33333333333
-4.24193548387
-7.06451612903
-1.0
-4.46774193548
9.36666666667
16.6774193548
24.3166666667
28.1612903226
24.4516129032
20.3333333333
5.87096774194
0.416666666667
-3.20967741935
-8.8064516129
-10.625
-1.5
13.1333333333
20.3064516129
23.75
26.435483871
28.5483870968
19.1
14.0483870968
-0.866666666667
-3.45161290323
-15.2903225806
-4.8275862069
1.67741935484
11.0166666667
13.9193548387
20.8166666667
24.9193548387
20.1935483871
20.5166666667
11.4193548387
6.4
-6.46774193548
-10.8387096774
-5.76785714286
-0.91935483871
13.6833333333
16.3064516129
22.55
26.0806451613
23.8387096774
21.6
12.3709677419
2.25
-4.08064516129
-1.67741935484
-8.01785714286
-0.790322580645
15.3833333333
19.0967741935
25.2
29.0322580645
27.064516129
20.9
9.29032258065
1.05
-2.38709677419
-6.43548387097
-11.1428571429
2.16666666667
12.1166666667
18.564516129
24.1666666667
28.2096774194
24.5806451613
20.85
13.2419354839
1.28333333333
-8.75806451613
-9.13793103448
-9.90384615385
-0.407407407407
11.3793103448
17.1032258065
22.8666666667
25.3870967742
27.1785714286
19.4074074074
12.7666666667
0.44
-14.275862069
-11.3225806452
-8.16071428571
-2.54838709677
8.15
15.9516129032
22.6166666667
23.7903225806
23.6774193548
24.8833333333
7.46774193548
8.98333333333
-10.9166666667
-8.27419354839
-7.33928571429
4.8064516129
16.4166666667
17.6935483871
22.2833333333
26.7741935484
25.3709677419
17.8333333333
15.0967741935
0.833333333333
-9.53225806452
-11.8870967742
-6.75
-3.08064516129
9.53333333333
16.0806451613
22.75
27.4516129032
27.1935483871
21.7333333333
15.5967741935
4.05
-1.67741935484
-3.93548387097
-0.224137931034
8.53225806452
13.35
19.064516129
24.6666666667
29.1935483871
27.0967741935
21.6333333333
9.03225806452
-1.3
-9.24193548387
-10.2096774194
-7.07142857143
-4.66129032258
3.25
17.3225806452
24.6
25.4677419355
26.2580645161
22.5333333333
11.1290322581
0.366666666667
-13.8709677419
-10.3225806452
-11.7321428571
-4.06451612903
7.08333333333
18.3064516129
22.9833333333
25.3548387097
26.0166666667
20.3833333333
13.5483870968
-3.18333333333
-5.12903225806
-7.46774193548
-11.0535714286
4.25806451613
13.5166666667
18.4677419355
25.0535714286
27.3064516129
26.2741935484
23.25
13.6935483871
3.83333333333
-2.66129032258
-7.59677419355
-3.70689655172
5.54838709677
9.3
21.2419354839
NaN
