NaN
NaN
NaN
NaN
NaN
NaN
NaN
NaN
5.6
6.1
12.2
13.9
18.3
6.7
16.1
5.6
3.9
3.9
1.1
2.2
5.0
5.6
8.3
1.7
2.8
1.1
1.7
5.6
10.0
8.3
1.1
2.2
4.4
8.3
3.3
2.8
3.9
0.6
-3.3
-2.8
0.0
-2.2
-1.1
4.4
3.3
3.3
6.1
5.6
3.3
5.0
-3.3
-2.2
-0.6
-0.6
-1.1
1.7
6.1
11.7
1.7
-6.1
-6.7
-4.4
-9.4
-12.2
-10.0
-2.2
0.0
-1.1
-12.8
-12.8
2.2
-5.0
-3.9
-10.0
3.3
1.7
-0.6
1.1
-6.7
-3.3
-8.3
-16.7
-6.1
-2.2
-5.6
-1.7
-6.1
-16.1
-12.8
-13.3
-11.1
-14.4
-6.7
-4.4
-3.9
-2.8
-6.7
-5.6
-5.0
-13.3
-19.4
-14.4
-14.4
-12.2
-10.6
-10.0
-7.2
-11.7
-22.8
-8.9
-6.1
-2.8
-5.0
-9.4
-7.8
-4.4
-2.2
-6.1
-7.2
-10.0
-13.3
-11.1
-6.1
-6.1
-3.9
-1.7
-1.7
-4.4
-10.0
-6.7
-4.4
-3.9
-0.6
3.3
2.8
2.8
-2.8
-11.1
-12.2
-4.4
-2.2
-1.1
-3.9
-6.1
-0.6
-10.0
2.2
2.2
0.0
5.6
-3.9
-5.6
1.1
3.9
3.9
3.9
1.1
1.7
8.3
13.3
16.1
16.1
15.6
8.3
7.8
7.2
5.6
1.7
-3.9
4.4
4.4
3.3
-2.2
7.8
-3.3
1.7
8.3
12.8
15.0
20.6
23.3
5.0
8.9
10.6
5.0
3.9
7.8
-0.6
0.6
-3.3
5.6
14.4
26.1
15.6
18.3
12.2
14.4
16.1
18.3
22.8
25.6
23.3
27.2
16.7
11.1
11.1
8.9
16.7
14.4
12.2
13.9
20.6
22.8
17.8
13.9
19.4
21.1
21.1
10.6
5.0
11.1
14.4
21.1
23.3
16.1
16.7
22.8
28.3
31.1
26.1
27.8
26.7
32.8
32.2
31.1
29.4
21.7
24.4
28.3
17.8
19.4
23.9
27.2
22.2
13.9
16.1
21.7
20.6
16.1
9.4
11.7
17.2
22.2
26.1
20.0
23.9
24.4
24.4
25.0
22.8
20.0
20.6
21.7
21.1
20.0
24.4
24.4
23.3
27.2
30.0
30.0
22.2
25.0
23.3
19.4
25.0
29.4
27.2
18.3
23.3
27.8
21.7
24.4
26.1
24.4
28.3
30.0
32.2
33.9
32.8
32.2
33.3
37.2
28.9
24.4
28.3
27.2
22.8
18.9
25.0
25.0
27.2
21.1
28.9
25.0
25.6
25.0
27.2
22.8
26.1
25.6
25.0
23.9
16.7
23.3
22.2
24.4
22.2
21.1
14.4
21.1
17.8
17.8
19.4
21.1
20.0
20.0
20.0
18.9
23.9
27.8
30.6
26.1
20.6
25.6
28.9
24.4
21.7
23.3
19.4
17.2
14.4
21.1
22.2
20.6
17.8
18.3
16.7
17.2
20.6
14.4
21.1
19.4
15.0
8.3
9.4
10.6
13.9
17.8
11.7
14.4
16.1
13.3
15.6
10.6
9.0
8.0
14.0
18.5
13.0
11.0
9.0
10.5
11.0
12.0
14.5
11.0
9.0
10.5
13.0
1.5
3.5
4.5
11.0
13.5
19.0
11.0
10.5
16.5
19.5
18.5
20.0
10.0
12.0
12.5
14.5
14.5
16.5
19.0
14.0
11.0
6.5
7.5
7.5
12.0
13.0
4.0
-2.0
-2.0
2.5
6.5
9.5
8.5
5.0
2.5
6.0
10.5
2.5
2.0
2.0
-3.5
-7.5
-7.5
-6.5
1.0
1.0
7.5
1.5
0.5
-2.0
-9.0
-9.0
-9.0
-8.5
-8.5
-15.5
-16.0
-14.0
-10.0
-4.5
-0.5
2.0
-4.5
-2.0
0.0
-1.5
-2.0
-1.0
1.0
3.0
-1.0
-9.5
-7.5
-9.5
-6.5
-7.5
-9.0
-14.0
-7.0
-10.0
-4.5
-8.5
-14.5
1.0
2.5
-16.5
-8.5
-4.5
-11.0
-10.5
-17.0
-13.5
-7.0
-12.5
-6.0
-6.0
-12.0
-7.0
-2.5
-2.5
1.0
1.0
1.0
-7.0
-12.0
-11.5
-13.0
-8.5
-7.5
-12.0
-12.0
-13.5
-14.5
-10.5
-3.0
-4.0
-5.0
-7.0
-4.5
-4.0
-9.0
-7.0
-3.5
-4.0
-3.0
-6.5
-6.5
-3.5
-7.0
-5.0
-1.0
-0.5
-3.0
-4.0
-4.0
-5.0
-4.0
-2.5
-5.5
-8.5
-5.5
-2.5
-4.5
1.0
4.5
3.5
4.5
3.0
7.0
4.5
-1.5
-3.0
-0.5
1.0
2.5
1.0
-2.0
4.0
5.0
-2.5
2.0
-1.5
0.0
4.0
2.5
6.0
9.5
8.0
0.0
0.0
2.0
4.0
8.0
4.5
0.5
3.0
2.0
6.0
10.5
11.5
4.0
4.0
10.0
9.5
12.0
6.0
2.5
8.0
8.5
12.0
13.5
14.5
15.5
16.5
16.0
8.5
3.0
1.0
9.5
8.0
12.5
16.0
15.0
20.5
17.5
16.0
12.5
20.5
17.0
19.0
19.0
13.5
22.0
14.5
21.0
28.0
25.5
18.0
23.0
27.0
29.0
31.0
32.5
32.0
32.5
31.5
32.0
27.0
23.5
22.5
18.5
19.5
16.0
23.0
23.0
17.5
21.5
21.0
28.0
28.5
13.0
16.5
21.0
22.0
24.5
24.5
21.0
27.5
25.5
20.5
19.0
25.5
25.5
24.5
28.0
26.5
27.0
22.5
24.0
23.5
25.0
26.5
29.5
29.5
31.5
27.0
27.0
25.5
22.0
26.5
24.5
25.0
28.0
21.0
24.5
28.5
28.5
31.5
24.0
23.0
24.5
26.0
27.5
29.0
26.5
22.5
15.0
19.5
23.0
25.5
27.0
24.5
21.5
24.5
27.0
27.0
27.0
26.0
24.0
26.5
26.5
30.5
32.5
32.0
27.5
22.0
27.0
26.0
22.0
24.5
26.5
20.0
13.0
20.0
22.0
22.0
23.5
23.0
24.0
20.5
23.0
26.0
20.0
23.0
22.0
23.5
15.5
19.5
15.5
15.5
21.0
15.5
16.0
16.0
20.0
15.0
15.0
12.5
20.0
22.0
19.0
15.0
18.5
19.5
11.0
15.0
19.5
11.5
15.0
19.0
14.0
13.0
11.5
14.5
15.0
12.5
6.0
4.0
13.5
14.5
21.0
17.5
12.0
2.5
6.0
6.0
8.5
10.0
6.0
10.0
20.0
22.0
5.5
4.5
12.5
10.0
7.0
9.0
6.0
11.0
15.0
11.5
15.0
16.5
17.5
18.5
12.5
6.0
9.5
13.5
8.5
9.5
0.0
12.5
12.0
4.0
6.0
11.5
5.5
4.5
-7.0
-5.0
-0.5
2.5
0.5
-4.5
-9.0
-9.0
-3.5
2.0
0.0
-2.0
-6.0
4.0
5.0
3.0
3.0
-3.0
0.0
-6.0
-9.0
-3.0
1.5
2.0
-2.0
1.5
2.5
-0.5
-11.0
-7.0
-9.0
-7.5
-0.5
1.0
1.0
-3.0
-3.0
-7.0
-10.0
-10.0
-3.5
1.5
2.5
-10.0
-9.0
-10.0
-8.0
-8.5
-8.5
-5.5
-10.0
-12.5
-11.5
-8.0
-9.0
-6.0
-12.0
-9.5
-18.5
-15.5
-12.0
-11.0
-7.0
-4.5
-2.0
-2.5
0.5
1.5
1.0
0.5
-6.5
-7.5
-11.5
-13.0
-9.0
-6.0
-5.5
-12.5
-12.5
-11.5
-11.5
-18.0
-17.5
-17.0
-12.0
-16.5
-16.5
-15.0
-18.0
-15.5
-10.5
-3.5
3.0
1.0
1.0
3.5
4.0
-7.5
-3.0
7.0
9.5
3.0
4.0
9.0
5.0
6.0
2.5
2.0
4.0
7.0
3.0
-6.5
-7.5
7.0
3.0
-8.0
-2.0
3.0
6.5
8.0
12.5
13.0
16.0
17.0
11.5
5.0
-3.0
0.0
4.0
11.0
10.0
13.0
3.0
8.0
8.0
6.0
3.0
0.0
0.5
3.0
4.0
6.5
9.0
11.5
13.5
4.5
6.5
5.5
10.5
10.5
12.5
15.5
22.0
15.0
17.0
22.0
22.5
21.5
13.0
8.0
10.5
13.5
8.5
14.0
11.0
10.5
10.0
13.5
19.0
29.5
31.5
24.5
29.5
22.5
19.5
20.5
14.5
15.5
21.0
25.0
24.5
24.0
18.5
16.5
18.5
17.5
14.0
15.0
14.5
16.0
17.0
17.5
24.0
26.5
25.5
25.0
27.5
18.0
22.5
27.5
24.5
25.5
28.5
9.0
15.5
19.5
24.5
29.5
29.0
28.5
23.0
24.5
26.0
24.0
22.5
13.0
18.0
21.5
23.0
25.0
24.5
25.5
24.5
22.5
21.0
20.5
18.0
19.5
21.5
27.0
27.5
28.5
24.5
26.5
31.0
30.5
32.5
28.5
27.5
24.0
26.0
27.5
28.5
29.0
30.0
31.5
30.5
29.0
21.5
26.0
24.0
28.0
29.0
28.5
24.5
25.5
27.0
28.0
26.5
21.5
19.5
25.0
22.0
15.5
19.0
20.5
21.5
16.5
14.0
19.0
21.5
17.5
23.0
25.5
24.0
25.0
20.0
25.5
22.0
23.0
24.0
24.0
22.5
25.0
23.0
29.5
24.5
18.0
22.0
28.0
27.0
15.0
15.5
16.5
16.5
14.0
21.0
24.0
16.5
17.0
20.5
24.0
22.5
11.0
16.0
17.0
14.5
16.0
19.0
23.0
20.5
25.5
22.0
21.0
22.0
20.5
17.5
15.0
13.5
15.5
13.0
10.0
4.0
4.5
8.0
8.5
6.5
8.5
5.5
6.5
9.5
11.5
12.0
15.0
19.0
22.0
27.0
21.0
10.5
2.5
1.5
4.5
1.0
4.0
5.0
13.5
15.0
8.0
9.0
6.0
8.5
7.0
2.0
2.5
2.5
2.0
2.5
3.0
3.0
-0.5
0.5
5.0
5.5
4.0
7.0
12.0
6.5
12.0
14.0
9.0
14.0
15.0
6.5
2.5
0.0
-1.5
-3.0
-3.0
0.0
1.5
6.0
5.0
2.0
-5.5
-2.0
1.5
8.5
4.0
-8.0
-4.5
1.5
0.0
-10.5
-15.0
-13.5
-5.0
-0.5
1.5
3.5
1.5
0.5
-3.0
-4.0
2.0
5.5
0.5
1.0
0.5
-6.0
-10.5
-7.5
-7.5
-2.5
1.5
-6.0
-9.5
0.5
8.5
-7.5
0.5
3.0
-0.5
0.0
2.5
2.0
-0.5
-4.0
-6.0
-1.0
-8.0
-13.5
-7.5
-8.5
-4.0
-4.5
-10.5
-11.0
-14.0
-13.5
-12.5
-9.0
-9.5
-9.5
-6.0
-2.0
-4.5
-3.0
-1.5
-3.0
-2.0
-1.0
-1.5
-5.5
-5.5
-7.5
-3.0
0.0
5.5
-3.0
-9.0
1.0
2.0
-8.0
-9.0
-5.0
-14.5
-16.5
-13.5
-6.5
-1.0
2.0
2.0
-3.0
0.0
0.0
3.5
5.5
-3.5
-5.5
-2.5
-2.5
-6.0
2.0
11.0
0.5
6.0
12.5
6.5
1.5
5.5
6.0
2.5
5.0
8.5
11.0
7.5
9.0
9.5
13.0
13.0
8.0
4.0
11.0
9.0
19.0
18.0
14.5
6.5
5.0
7.0
7.0
7.5
4.5
1.0
9.0
11.5
17.5
15.0
14.5
14.5
15.0
7.0
NaN
NaN
NaN
11.5
10.5
12.5
21.0
25.0
22.5
19.5
21.5
16.5
13.0
8.5
12.5
17.0
17.0
19.5
11.0
14.5
14.5
21.5
24.5
13.0
13.5
23.0
27.0
30.0
32.0
27.0
20.0
19.0
19.0
18.5
23.5
24.5
26.0
15.5
15.5
20.0
20.0
22.5
19.5
23.5
9.0
11.5
8.0
11.5
22.5
25.5
25.5
11.5
17.0
20.5
17.5
16.5
13.0
24.5
25.0
27.5
30.5
30.5
29.0
19.5
16.5
24.0
24.0
21.5
23.0
25.5
27.0
24.0
22.0
26.0
25.0
23.5
28.0
25.5
22.0
26.5
27.5
27.5
25.0
24.5
28.5
29.0
24.0
24.5
25.0
21.5
26.5
27.0
20.0
24.0
21.0
26.5
24.5
28.0
27.5
26.5
26.5
26.5
28.5
28.5
28.0
26.0
23.0
23.5
25.5
21.5
23.0
22.5
19.5
23.5
24.5
25.0
26.0
25.0
25.5
23.0
25.0
28.5
29.5
22.5
25.0
22.0
20.0
23.5
24.5
24.5
24.5
20.5
24.5
24.5
22.5
22.0
21.5
19.0
17.5
23.0
16.0
14.5
13.5
16.5
18.0
17.5
13.5
17.5
21.0
20.5
20.0
13.0
14.5
13.5
11.0
9.5
10.0
16.5
17.5
21.5
17.0
13.5
6.5
8.0
8.0
13.5
20.0
9.5
14.0
14.0
7.5
4.5
7.0
9.5
12.0
21.5
14.5
7.5
5.5
6.5
4.5
6.0
11.0
6.0
3.5
3.5
4.0
4.0
7.5
10.5
2.5
3.5
10.0
10.0
1.5
4.5
8.5
2.0
6.0
-1.0
-0.5
2.5
1.5
1.5
1.5
-2.0
-2.0
-2.5
-1.5
7.5
2.0
7.0
5.0
5.0
-3.0
2.5
-2.0
2.5
2.5
4.0
5.5
-1.5
-11.0
-7.0
-5.0
-2.0
0.5
4.0
-1.0
-2.5
-9.0
-4.0
-8.0
-12.0
-15.0
-15.0
-1.5
-6.0
-17.0
-14.0
-11.0
-4.0
-1.5
-10.0
-9.0
-7.5
-10.0
-1.0
-0.5
-15.0
-12.0
-8.0
-16.0
-25.0
-22.0
-10.0
-6.5
-13.0
-14.0
-7.0
-20.0
-22.5
-15.5
-17.0
-8.5
-8.0
-11.0
-10.5
-1.5
3.5
-7.5
-1.5
-1.0
-4.0
-4.0
2.5
8.0
-3.5
-7.0
-7.0
-8.0
0.0
1.0
0.0
-15.5
-11.5
-9.5
-4.0
-3.5
-1.0
-5.5
7.0
8.0
-13.5
-4.5
0.0
6.0
9.5
9.0
6.5
10.5
5.5
4.0
9.0
9.0
7.0
6.5
3.0
6.5
2.0
1.5
1.0
-4.5
-3.0
0.5
-0.5
4.5
5.0
3.5
3.0
0.5
2.0
0.0
0.0
6.5
-5.5
-7.0
-5.0
-3.5
-1.0
6.0
6.5
8.0
8.0
9.0
10.5
9.5
16.0
19.0
12.5
9.5
13.0
12.0
23.0
21.0
5.5
7.0
15.0
21.0
12.5
17.5
17.5
11.0
14.5
9.5
6.0
16.0
10.5
6.0
12.0
1.0
4.0
11.5
5.5
4.0
7.0
13.5
17.0
17.5
11.5
12.0
11.0
13.0
17.5
25.5
25.0
10.5
17.0
19.5
18.5
5.5
7.5
11.5
7.0
11.0
11.5
11.5
11.0
13.5
19.0
21.0
25.5
24.0
27.0
28.5
21.0
22.5
20.5
21.0
24.0
23.0
18.5
21.0
26.5
19.5
23.0
27.5
24.0
18.5
21.5
19.5
19.5
22.0
18.5
25.0
25.0
31.0
28.0
23.0
24.5
24.5
21.5
22.5
15.5
21.0
16.5
24.5
21.5
25.0
26.0
28.5
23.5
18.5
28.0
26.5
27.0
26.5
30.5
30.5
32.5
31.5
30.0
31.0
26.5
29.0
19.5
26.0
26.5
27.0
27.0
27.0
24.0
22.5
20.5
23.0
24.5
25.0
26.0
22.5
17.5
23.0
27.0
27.5
28.0
28.0
25.5
26.5
26.0
26.5
25.5
19.5
23.5
27.0
24.5
24.0
21.5
20.0
19.5
19.0
22.0
19.0
25.5
26.0
27.5
26.5
26.5
17.0
22.5
24.0
24.0
24.0
23.5
24.0
24.5
23.5
22.0
20.5
16.5
17.0
19.0
18.5
19.5
12.0
19.0
19.5
21.5
25.0
18.5
18.0
15.5
12.0
17.5
12.0
10.5
12.5
11.0
14.0
17.0
18.0
17.0
19.5
9.0
11.0
9.5
3.0
6.0
9.0
14.0
15.0
11.0
7.0
10.0
9.5
10.5
14.0
13.5
15.0
20.0
13.0
11.0
13.0
14.5
4.0
14.5
6.0
2.0
6.0
4.0
NaN
NaN
NaN
NaN
NaN
NaN
NaN
14.5
14.0
11.0
12.0
17.0
9.0
4.5
14.0
2.0
1.0
3.5
1.0
12.0
12.0
10.0
11.0
6.5
5.0
5.5
0.5
0.0
-1.5
-1.0
-2.0
-1.0
3.0
4.0
0.5
-2.0
2.0
4.0
4.5
5.0
1.0
-2.0
-3.0
-2.0
-5.0
-5.5
-5.0
-2.5
-3.5
-1.0
1.0
0.0
-2.0
-5.5
-6.0
-9.0
-7.0
-0.5
1.5
1.0
1.0
-1.0
-6.5
-1.0
1.0
-4.0
-1.5
-3.0
2.0
-9.0
-2.5
4.5
-8.0
1.0
-7.5
-12.5
-16.0
-18.0
-24.5
-14.0
-9.0
-11.5
-9.0
-5.5
-24.0
-12.0
-7.5
-9.0
-17.0
-16.0
1.0
-9.0
-14.0
-15.0
-4.5
1.0
-6.0
-2.0
-14.0
-5.0
-3.0
-6.0
-10.0
-9.0
-8.5
-8.0
-6.0
-5.0
-8.0
-7.0
-6.0
-4.5
-2.0
7.0
-2.5
-5.5
3.0
3.5
2.5
2.0
2.0
-2.0
-9.0
-9.5
-4.5
-1.0
-7.0
-6.0
-6.0
-7.5
NaN
NaN
NaN
NaN
-8.0
-6.5
3.0
4.5
5.0
7.0
4.0
5.0
4.5
8.0
9.5
5.0
5.0
1.5
6.0
5.5
8.5
9.0
-6.0
-8.0
1.0
7.5
11.5
16.0
3.0
5.0
4.5
-3.0
-3.0
-7.5
-3.5
2.0
6.0
8.0
3.0
8.0
6.0
8.0
14.5
20.5
17.0
3.5
12.0
8.0
2.5
8.0
16.0
21.5
22.5
19.0
10.0
14.0
19.0
21.5
20.5
18.0
18.0
20.0
24.5
27.0
27.0
13.5
19.0
18.5
21.0
23.0
21.0
22.0
24.5
23.0
22.0
21.0
22.0
21.0
17.5
19.5
13.0
12.0
21.0
27.0
26.5
20.0
19.5
21.0
24.5
23.0
18.5
15.0
16.0
20.5
18.0
25.0
25.0
28.5
21.0
21.0
22.5
19.0
21.5
17.5
20.0
22.0
21.0
15.0
19.5
19.5
19.5
20.0
21.0
18.0
21.0
24.0
26.0
20.0
20.0
21.5
24.0
21.0
23.0
26.5
30.5
31.0
24.5
27.5
27.5
26.0
18.0
25.5
28.0
30.0
30.5
31.0
31.5
27.5
24.0
28.0
28.0
26.0
28.0
25.5
27.0
26.5
19.0
24.0
26.0
24.5
27.0
17.0
18.0
21.5
23.0
26.0
28.5
25.5
27.0
18.0
18.0
18.5
21.0
24.5
28.0
27.5
21.5
25.0
21.0
21.0
15.5
19.0
21.5
23.0
20.5
21.5
19.0
14.0
16.5
15.5
19.0
20.0
19.0
16.5
20.0
23.0
12.0
16.0
20.0
24.0
28.0
26.5
28.5
29.5
22.0
14.0
14.5
15.5
15.5
17.0
17.0
17.5
19.0
16.5
17.0
NaN
22.0
13.0
13.5
19.5
23.5
