-3.3
4.4
6.1
6.1
6.7
11.7
2.2
-6.7
-1.7
-11.7
-13.9
-14.5
-8.3
-1.7
1.7
0.6
-5.0
-1.7
-2.8
-8.3
-6.1
-10.6
-9.5
-10.0
-0.6
0.0
-16.1
-5.0
-1.7
1.1
-7.8
-8.9
-12.8
-10.6
-10.0
-9.5
-2.8
2.2
-3.9
-9.5
-1.7
1.7
-11.1
3.3
3.3
-6.7
-1.7
2.2
-8.3
-15.6
-15.6
-20.0
-15.6
-15.6
-13.3
-16.7
-17.2
-11.7
-7.8
-11.1
-11.7
-13.9
-18.3
-16.7
-8.9
-1.1
-1.1
-2.2
-1.7
2.8
3.3
-2.2
-3.9
-4.4
2.2
3.3
-6.1
-7.2
-3.3
6.1
6.1
-6.1
2.2
6.7
1.7
-0.6
2.8
1.7
3.3
2.2
0.6
6.7
7.8
0.6
3.9
5.6
0.0
-3.3
-2.8
-8.3
-7.8
1.1
0.0
1.1
3.9
-8.3
-7.2
0.0
5.0
-1.1
1.1
4.4
5.0
5.0
4.4
5.0
10.6
9.5
3.3
2.2
5.6
2.2
2.2
7.2
10.6
8.3
8.3
2.2
5.6
8.9
4.4
8.3
10.6
6.1
6.1
8.3
6.7
8.3
7.8
10.6
15.6
18.9
11.7
18.9
11.7
13.3
7.2
14.5
18.3
5.0
11.7
12.2
11.1
10.0
15.0
13.9
17.2
16.7
20.6
20.6
12.8
20.0
23.9
26.7
30.0
29.5
20.0
12.2
14.5
10.6
18.9
15.6
15.0
15.0
24.5
16.1
8.9
16.1
15.6
13.3
12.2
21.1
20.6
20.0
18.9
19.5
23.4
21.1
21.7
19.5
22.8
23.9
22.2
30.6
27.2
16.1
18.9
23.9
26.7
27.2
22.8
18.9
16.1
24.5
25.6
17.8
23.9
21.1
26.1
25.6
30.6
25.0
23.4
20.6
24.5
16.1
22.2
22.2
20.6
19.5
21.1
24.5
26.7
29.5
29.5
25.0
23.4
25.0
23.9
26.1
27.2
29.5
27.2
29.5
30.6
28.4
26.7
27.8
28.4
28.9
27.8
23.4
23.9
23.4
25.0
25.6
27.8
28.9
25.6
25.6
27.2
28.4
31.1
28.4
25.6
16.7
21.1
25.0
20.0
22.8
27.2
28.4
21.1
19.5
20.0
24.5
27.2
26.7
26.7
24.5
23.4
23.9
27.2
27.2
31.1
28.4
30.6
30.6
29.5
23.9
25.6
26.7
29.5
31.1
32.2
20.0
12.8
30.6
15.6
18.3
19.5
23.9
25.6
26.1
26.7
29.5
28.4
20.6
22.8
21.1
21.1
13.3
13.3
21.1
22.2
15.6
9.5
8.3
15.6
23.9
25.0
24.5
22.8
22.8
18.9
24.5
23.9
6.1
4.4
8.9
19.5
23.9
20.6
17.8
14.5
14.5
11.1
10.6
10.0
10.0
6.7
13.3
13.9
15.6
11.1
5.0
7.2
23.4
13.9
11.1
7.8
8.3
6.7
6.1
4.4
3.9
12.8
14.5
8.9
10.0
8.9
7.8
1.1
0.6
-1.1
3.3
3.3
6.7
6.7
6.1
7.2
0.6
-1.7
-1.1
0.6
-1.7
-3.3
2.8
9.5
4.4
5.0
6.1
NaN
-2.8
2.8
6.1
6.7
-1.1
0.0
-12.2
-8.9
-1.7
-1.1
-1.1
-1.7
-7.8
-8.9
-6.1
-6.7
-5.6
NaN
NaN
-0.6
NaN
NaN
-3.3
-1.7
-3.9
NaN
-18.3
-11.1
3.9
3.9
3.3
-2.2
NaN
-5.0
-5.6
-4.4
NaN
1.7
NaN
NaN
-12.2
-11.1
-10.0
-5.6
1.1
-2.2
NaN
3.3
-5.0
-9.5
-11.1
-17.8
-13.9
-16.7
NaN
-11.1
-7.2
-2.2
1.7
1.1
1.7
2.2
2.8
6.7
4.4
0.6
1.1
4.4
5.6
4.4
5.0
1.7
5.0
4.4
7.2
8.3
8.9
9.5
7.2
7.8
11.1
11.1
16.1
15.6
4.4
