NaN
NaN
NaN
NaN
NaN
NaN
NaN
NaN
NaN
NaN
NaN
NaN
NaN
NaN
38.0
0.0
0.0
0.0
0.0
13.0
8.0
5.0
25.0
18.0
33.0
0.0
0.0
0.0
89.0
38.0
0.0
18.0
0.0
0.0
0.0
0.0
0.0
0.0
0.0
0.0
33.0
23.0
0.0
0.0
66.0
0.0
46.0
0.0
0.0
0.0
10.0
0.0
0.0
66.0
0.0
0.0
127.0
0.0
0.0
64.0
0.0
0.0
10.0
0.0
5.0
0.0
0.0
38.0
0.0
0.0
38.0
56.0
0.0
109.0
0.0
13.0
0.0
0.0
0.0
0.0
5.0
114.0
0.0
0.0
0.0
0.0
0.0
0.0
0.0
0.0
0.0
25.0
0.0
102.0
33.0
94.0
0.0
0.0
0.0
0.0
452.0
201.0
0.0
170.0
48.0
74.0
51.0
0.0
0.0
0.0
0.0
0.0
0.0
0.0
0.0
0.0
0.0
56.0
41.0
0.0
0.0
0.0
30.0
0.0
0.0
0.0
51.0
38.0
15.0
0.0
0.0
0.0
84.0
0.0
0.0
0.0
0.0
0.0
0.0
183.0
0.0
38.0
0.0
0.0
0.0
0.0
23.0
NaN
NaN
0.0
0.0
0.0
0.0
178.0
0.0
25.0
64.0
76.0
0.0
0.0
0.0
0.0
0.0
38.0
0.0
0.0
152.0
0.0
0.0
0.0
13.0
0.0
15.0
0.0
0.0
33.0
0.0
25.0
0.0
25.0
0.0
0.0
0.0
13.0
0.0
0.0
0.0
0.0
0.0
0.0
13.0
0.0
0.0
0.0
0.0
0.0
25.0
0.0
0.0
0.0
0.0
0.0
8.0
0.0
0.0
0.0
0.0
51.0
0.0
NaN
NaN
0.0
25.0
0.0
89.0
20.0
0.0
0.0
0.0
0.0
0.0
0.0
0.0
0.0
51.0
0.0
0.0
0.0
0.0
0.0
0.0
0.0
0.0
0.0
0.0
0.0
0.0
0.0
0.0
0.0
0.0
0.0
0.0
0.0
0.0
0.0
0.0
0.0
0.0
0.0
0.0
13.0
0.0
51.0
0.0
0.0
33.0
0.0
20.0
0.0
0.0
25.0
38.0
0.0
0.0
0.0
114.0
0.0
0.0
0.0
0.0
0.0
0.0
20.0
0.0
0.0
0.0
0.0
0.0
0.0
0.0
0.0
0.0
0.0
51.0
0.0
0.0
25.0
0.0
38.0
20.0
NaN
NaN
0.0
0.0
0.0
0.0
13.0
13.0
0.0
0.0
0.0
0.0
38.0
0.0
0.0
0.0
0.0
102.0
76.0
0.0
0.0
0.0
0.0
0.0
25.0
0.0
20.0
0.0
0.0
41.0
13.0
0.0
0.0
51.0
5.0
10.0
0.0
0.0
0.0
0.0
0.0
23.0
15.0
18.0
48.0
0.0
94.0
0.0
0.0
0.0
89.0
0.0
0.0
0.0
51.0
20.0
0.0
58.0
112.0
0.0
0.0
0.0
0.0
0.0
0.0
0.0
0.0
0.0
0.0
0.0
0.0
33.0
0.0
0.0
0.0
0.0
0.0
0.0
0.0
0.0
0.0
0.0
0.0
0.0
38.0
NaN
NaN
0.0
0.0
18.0
0.0
0.0
0.0
0.0
0.0
5.0
36.0
0.0
13.0
0.0
0.0
0.0
61.0
140.0
0.0
0.0
0.0
64.0
13.0
0.0
0.0
0.0
0.0
0.0
0.0
23.0
23.0
0.0
25.0
76.0
0.0
114.0
13.0
0.0
155.0
0.0
157.0
0.0
38.0
66.0
0.0
8.0
25.0
0.0
0.0
386.0
259.0
69.0
0.0
0.0
15.0
0.0
0.0
13.0
0.0
0.0
0.0
13.0
0.0
0.0
0.0
0.0
0.0
0.0
0.0
0.0
0.0
0.0
0.0
0.0
0.0
53.0
0.0
0.0
0.0
10.0
84.0
43.0
0.0
180.0
0.0
0.0
0.0
0.0
0.0
0.0
0.0
0.0
206.0
178.0
18.0
20.0
23.0
0.0
53.0
56.0
0.0
0.0
5.0
145.0
0.0
NaN
NaN
25.0
18.0
15.0
43.0
0.0
0.0
0.0
0.0
41.0
152.0
66.0
0.0
0.0
0.0
0.0
0.0
0.0
0.0
56.0
0.0
25.0
20.0
8.0
0.0
0.0
0.0
0.0
0.0
0.0
0.0
132.0
51.0
13.0
0.0
0.0
0.0
0.0
25.0
0.0
0.0
0.0
0.0
0.0
0.0
0.0
18.0
0.0
0.0
0.0
66.0
0.0
0.0
0.0
NaN
NaN
20.0
0.0
13.0
13.0
0.0
0.0
0.0
51.0
0.0
0.0
8.0
0.0
0.0
0.0
0.0
0.0
0.0
0.0
0.0
3.0
0.0
0.0
0.0
0.0
0.0
0.0
8.0
25.0
0.0
13.0
20.0
0.0
51.0
0.0
0.0
0.0
25.0
38.0
NaN
NaN
0.0
25.0
0.0
13.0
8.0
0.0
0.0
0.0
25.0
0.0
0.0
0.0
0.0
0.0
0.0
33.0
13.0
0.0
0.0
0.0
0.0
0.0
0.0
51.0
13.0
51.0
0.0
25.0
0.0
38.0
0.0
76.0
0.0
0.0
0.0
0.0
0.0
0.0
51.0
0.0
0.0
0.0
76.0
0.0
51.0
0.0
0.0
0.0
0.0
0.0
0.0
0.0
0.0
0.0
0.0
0.0
8.0
0.0
0.0
20.0
51.0
25.0
10.0
8.0
0.0
0.0
0.0
0.0
0.0
0.0
0.0
0.0
0.0
0.0
20.0
0.0
8.0
0.0
0.0
0.0
0.0
0.0
76.0
0.0
0.0
0.0
0.0
0.0
0.0
0.0
0.0
0.0
0.0
8.0
0.0
10.0
15.0
0.0
58.0
13.0
0.0
0.0
0.0
0.0
5.0
13.0
0.0
0.0
15.0
0.0
NaN
NaN
0.0
8.0
8.0
13.0
8.0
33.0
0.0
0.0
112.0
25.0
0.0
0.0
0.0
0.0
84.0
15.0
51.0
0.0
0.0
0.0
0.0
0.0
0.0
0.0
0.0
8.0
0.0
NaN
NaN
0.0
0.0
107.0
0.0
8.0
119.0
0.0
0.0
8.0
0.0
3.0
0.0
76.0
0.0
15.0
0.0
13.0
20.0
91.0
0.0
0.0
0.0
127.0
25.0
0.0
0.0
0.0
0.0
0.0
0.0
0.0
0.0
0.0
38.0
0.0
0.0
10.0
0.0
0.0
0.0
18.0
0.0
0.0
0.0
69.0
0.0
0.0
5.0
41.0
0.0
0.0
25.0
0.0
76.0
130.0
0.0
64.0
0.0
104.0
0.0
102.0
5.0
0.0
0.0
0.0
86.0
0.0
89.0
23.0
10.0
0.0
0.0
127.0
102.0
0.0
0.0
0.0
0.0
NaN
NaN
0.0
0.0
0.0
0.0
13.0
0.0
0.0
69.0
0.0
0.0
0.0
0.0
58.0
0.0
0.0
0.0
0.0
0.0
20.0
91.0
25.0
30.0
20.0
0.0
66.0
0.0
43.0
0.0
0.0
0.0
0.0
107.0
0.0
91.0
36.0
71.0
0.0
102.0
15.0
0.0
0.0
20.0
76.0
0.0
20.0
0.0
0.0
0.0
0.0
0.0
0.0
152.0
0.0
0.0
0.0
368.0
0.0
8.0
13.0
0.0
0.0
127.0
25.0
0.0
0.0
0.0
0.0
0.0
8.0
0.0
0.0
0.0
0.0
61.0
0.0
13.0
0.0
0.0
180.0
0.0
89.0
25.0
25.0
25.0
0.0
97.0
0.0
13.0
0.0
0.0
0.0
0.0
20.0
0.0
102.0
0.0
0.0
0.0
0.0
173.0
0.0
0.0
NaN
NaN
0.0
152.0
152.0
25.0
0.0
0.0
13.0
0.0
13.0
8.0
0.0
0.0
0.0
0.0
0.0
0.0
8.0
0.0
0.0
38.0
25.0
0.0
0.0
0.0
8.0
0.0
0.0
0.0
0.0
0.0
122.0
0.0
0.0
0.0
33.0
0.0
0.0
0.0
0.0
0.0
NaN
NaN
NaN
NaN
NaN
NaN
25.0
0.0
33.0
20.0
NaN
NaN
0.0
0.0
0.0
38.0
0.0
0.0
0.0
NaN
NaN
0.0
0.0
0.0
8.0
0.0
25.0
51.0
0.0
0.0
20.0
0.0
0.0
13.0
76.0
51.0
64.0
0.0
0.0
0.0
13.0
0.0
0.0
0.0
51.0
0.0
0.0
0.0
0.0
0.0
0.0
0.0
0.0
38.0
0.0
0.0
25.0
20.0
102.0
0.0
0.0
0.0
0.0
0.0
8.0
0.0
64.0
0.0
0.0
0.0
8.0
0.0
0.0
0.0
0.0
0.0
0.0
0.0
0.0
0.0
0.0
0.0
0.0
13.0
0.0
0.0
0.0
0.0
NaN
NaN
0.0
NaN
NaN
0.0
0.0
0.0
0.0
0.0
0.0
0.0
0.0
0.0
0.0
0.0
51.0
102.0
0.0
76.0
64.0
0.0
0.0
0.0
0.0
20.0
0.0
0.0
0.0
0.0
0.0
0.0
0.0
0.0
0.0
0.0
64.0
0.0
0.0
0.0
0.0
0.0
0.0
0.0
0.0
0.0
8.0
0.0
0.0
0.0
119.0
0.0
15.0
122.0
13.0
0.0
0.0
0.0
25.0
0.0
36.0
18.0
229.0
254.0
0.0
0.0
0.0
0.0
137.0
25.0
191.0
81.0
38.0
5.0
0.0
0.0
0.0
0.0
0.0
0.0
0.0
0.0
5.0
0.0
8.0
0.0
0.0
203.0
0.0
0.0
13.0
0.0
0.0
0.0
0.0
122.0
0.0
0.0
8.0
64.0
46.0
25.0
13.0
8.0
0.0
0.0
0.0
0.0
3.0
0.0
64.0
0.0
0.0
0.0
0.0
0.0
13.0
64.0
13.0
8.0
0.0
0.0
NaN
NaN
0.0
0.0
13.0
64.0
18.0
51.0
0.0
5.0
0.0
0.0
0.0
0.0
0.0
64.0
28.0
15.0
8.0
0.0
36.0
0.0
0.0
0.0
0.0
25.0
0.0
20.0
0.0
51.0
0.0
20.0
0.0
76.0
0.0
0.0
0.0
0.0
0.0
0.0
0.0
0.0
0.0
0.0
0.0
170.0
13.0
0.0
0.0
0.0
0.0
114.0
0.0
0.0
0.0
0.0
8.0
18.0
41.0
0.0
0.0
0.0
8.0
0.0
0.0
51.0
0.0
0.0
86.0
0.0
89.0
56.0
0.0
0.0
0.0
0.0
0.0
15.0
5.0
0.0
0.0
0.0
0.0
0.0
25.0
0.0
10.0
0.0
0.0
0.0
0.0
0.0
15.0
124.0
0.0
0.0
0.0
0.0
0.0
0.0
0.0
3.0
0.0
0.0
0.0
0.0
0.0
5.0
0.0
23.0
0.0
0.0
43.0
0.0
0.0
0.0
122.0
86.0
0.0
0.0
56.0
0.0
38.0
0.0
28.0
3.0
0.0
0.0
0.0
0.0
0.0
10.0
0.0
0.0
30.0
58.0
15.0
51.0
0.0
0.0
0.0
84.0
8.0
0.0
38.0
0.0
0.0
0.0
0.0
5.0
0.0
114.0
0.0
0.0
0.0
0.0
0.0
165.0
0.0
0.0
0.0
0.0
33.0
0.0
5.0
0.0
0.0
0.0
0.0
0.0
0.0
104.0
20.0
0.0
231.0
51.0
0.0
23.0
0.0
0.0
140.0
0.0
0.0
23.0
30.0
127.0
20.0
43.0
84.0
0.0
51.0
10.0
0.0
0.0
0.0
0.0
76.0
25.0
0.0
0.0
NaN
NaN
13.0
0.0
20.0
13.0
76.0
20.0
0.0
0.0
0.0
NaN
152.0
0.0
51.0
0.0
0.0
102.0
25.0
20.0
13.0
0.0
20.0
8.0
0.0
8.0
0.0
0.0
46.0
0.0
0.0
0.0
0.0
33.0
0.0
8.0
NaN
NaN
0.0
51.0
13.0
0.0
0.0
38.0
0.0
64.0
127.0
8.0
0.0
13.0
33.0
8.0
0.0
3.0
0.0
0.0
0.0
0.0
0.0
0.0
0.0
51.0
0.0
0.0
64.0
0.0
0.0
0.0
165.0
0.0
46.0
0.0
13.0
25.0
0.0
0.0
25.0
38.0
0.0
0.0
20.0
0.0
0.0
0.0
0.0
0.0
0.0
13.0
13.0
20.0
0.0
0.0
0.0
25.0
33.0
0.0
0.0
0.0
0.0
0.0
0.0
0.0
0.0
0.0
0.0
13.0
0.0
0.0
0.0
0.0
0.0
0.0
25.0
0.0
0.0
0.0
0.0
13.0
0.0
20.0
38.0
0.0
0.0
0.0
20.0
25.0
0.0
0.0
0.0
13.0
33.0
25.0
0.0
13.0
0.0
0.0
0.0
51.0
0.0
0.0
0.0
46.0
0.0
0.0
8.0
13.0
33.0
51.0
25.0
46.0
13.0
8.0
0.0
8.0
8.0
13.0
0.0
51.0
25.0
0.0
0.0
51.0
0.0
0.0
0.0
0.0
0.0
0.0
183.0
0.0
18.0
0.0
0.0
0.0
0.0
38.0
18.0
0.0
183.0
0.0
8.0
8.0
0.0
0.0
0.0
0.0
0.0
0.0
0.0
0.0
0.0
0.0
0.0
46.0
56.0
0.0
0.0
305.0
76.0
0.0
0.0
0.0
218.0
0.0
0.0
51.0
147.0
0.0
51.0
0.0
0.0
41.0
0.0
0.0
66.0
10.0
0.0
25.0
0.0
53.0
0.0
13.0
0.0
0.0
8.0
0.0
0.0
64.0
0.0
318.0
0.0
94.0
0.0
0.0
0.0
0.0
0.0
160.0
0.0
13.0
15.0
216.0
10.0
0.0
0.0
140.0
66.0
0.0
0.0
0.0
15.0
0.0
0.0
10.0
112.0
0.0
114.0
13.0
0.0
69.0
64.0
0.0
0.0
0.0
0.0
0.0
28.0
0.0
0.0
0.0
99.0
0.0
76.0
0.0
0.0
5.0
102.0
97.0
0.0
104.0
0.0
81.0
13.0
64.0
0.0
5.0
0.0
0.0
0.0
97.0
135.0
20.0
330.0
0.0
0.0
0.0
0.0
0.0
18.0
0.0
0.0
0.0
0.0
20.0
244.0
51.0
38.0
0.0
89.0
0.0
0.0
0.0
0.0
211.0
124.0
20.0
10.0
0.0
0.0
0.0
69.0
13.0
0.0
0.0
102.0
173.0
0.0
0.0
0.0
0.0
0.0
0.0
0.0
0.0
0.0
287.0
114.0
0.0
0.0
183.0
0.0
0.0
0.0
173.0
13.0
13.0
8.0
0.0
0.0
0.0
13.0
8.0
0.0
20.0
0.0
8.0
0.0
25.0
0.0
8.0
8.0
0.0
25.0
0.0
0.0
0.0
0.0
0.0
0.0
0.0
51.0
0.0
127.0
8.0
8.0
8.0
13.0
0.0
76.0
0.0
0.0
0.0
0.0
0.0
0.0
0.0
0.0
36.0
23.0
94.0
99.0
0.0
51.0
0.0
0.0
0.0
0.0
0.0
0.0
0.0
0.0
0.0
0.0
0.0
0.0
0.0
33.0
8.0
23.0
0.0
5.0
0.0
0.0
0.0
5.0
102.0
69.0
56.0
18.0
0.0
122.0
51.0
76.0
114.0
0.0
0.0
0.0
0.0
0.0
0.0
99.0
64.0
41.0
0.0
0.0
0.0
23.0
5.0
8.0
0.0
0.0
0.0
0.0
0.0
0.0
0.0
150.0
53.0
0.0
0.0
0.0
0.0
56.0
15.0
10.0
0.0
0.0
91.0
140.0
38.0
102.0
79.0
0.0
0.0
86.0
0.0
0.0
0.0
130.0
0.0
15.0
0.0
13.0
0.0
0.0
20.0
0.0
0.0
0.0
0.0
0.0
0.0
0.0
254.0
18.0
0.0
0.0
0.0
0.0
348.0
0.0
0.0
76.0
0.0
0.0
0.0
185.0
30.0
64.0
20.0
5.0
20.0
28.0
3.0
0.0
0.0
152.0
188.0
5.0
0.0
10.0
25.0
8.0
28.0
23.0
0.0
99.0
28.0
0.0
3.0
0.0
5.0
0.0
0.0
114.0
0.0
107.0
348.0
142.0
0.0
33.0
36.0
51.0
41.0
10.0
76.0
0.0
99.0
0.0
0.0
0.0
0.0
13.0
0.0
0.0
0.0
76.0
51.0
0.0
251.0
0.0
0.0
0.0
64.0
81.0
0.0
0.0
0.0
0.0
0.0
0.0
18.0
0.0
0.0
102.0
0.0
0.0
0.0
51.0
0.0
25.0
13.0
0.0
127.0
0.0
0.0
0.0
0.0
13.0
0.0
0.0
0.0
25.0
13.0
0.0
0.0
0.0
0.0
13.0
0.0
0.0
64.0
0.0
25.0
0.0
0.0
38.0
0.0
13.0
0.0
0.0
13.0
0.0
20.0
0.0
13.0
8.0
8.0
0.0
20.0
0.0
13.0
20.0
0.0
0.0
0.0
8.0
0.0
0.0
33.0
0.0
0.0
0.0
89.0
0.0
38.0
0.0
38.0
0.0
64.0
0.0
38.0
0.0
25.0
0.0
25.0
13.0
0.0
0.0
13.0
0.0
0.0
0.0
0.0
0.0
0.0
0.0
8.0
0.0
0.0
8.0
0.0
0.0
0.0
0.0
8.0
0.0
0.0
0.0
8.0
25.0
0.0
0.0
0.0
0.0
0.0
13.0
0.0
8.0
25.0
152.0
0.0
0.0
0.0
0.0
0.0
0.0
0.0
0.0
191.0
64.0
33.0
38.0
13.0
0.0
0.0
0.0
20.0
13.0
0.0
0.0
0.0
20.0
0.0
33.0
140.0
165.0
89.0
0.0
13.0
20.0
0.0
0.0
0.0
0.0
0.0
8.0
0.0
38.0
64.0
13.0
51.0
102.0
64.0
38.0
0.0
0.0
0.0
0.0
0.0
0.0
0.0
25.0
13.0
13.0
0.0
0.0
13.0
0.0
76.0
13.0
38.0
25.0
0.0
13.0
0.0
8.0
0.0
0.0
0.0
33.0
0.0
0.0
64.0
89.0
0.0
0.0
76.0
0.0
0.0
0.0
51.0
107.0
13.0
0.0
0.0
0.0
15.0
119.0
0.0
64.0
0.0
15.0
0.0
0.0
0.0
0.0
117.0
71.0
43.0
0.0
0.0
5.0
0.0
0.0
0.0
8.0
0.0
0.0
0.0
30.0
0.0
86.0
53.0
0.0
5.0
0.0
0.0
0.0
0.0
33.0
0.0
0.0
191.0
0.0
0.0
0.0
0.0
0.0
0.0
10.0
20.0
0.0
25.0
0.0
8.0
0.0
0.0
0.0
0.0
0.0
0.0
0.0
0.0
0.0
0.0
0.0
76.0
0.0
0.0
0.0
0.0
0.0
5.0
0.0
0.0
0.0
0.0
64.0
18.0
8.0
38.0
0.0
15.0
147.0
41.0
0.0
0.0
20.0
0.0
20.0
3.0
0.0
119.0
3.0
0.0
86.0
0.0
0.0
0.0
0.0
0.0
0.0
0.0
0.0
0.0
43.0
0.0
0.0
0.0
145.0
3.0
0.0
0.0
0.0
0.0
48.0
5.0
0.0
0.0
0.0
0.0
0.0
0.0
381.0
0.0
5.0
0.0
0.0
0.0
15.0
0.0
0.0
51.0
0.0
0.0
23.0
0.0
30.0
10.0
8.0
0.0
0.0
0.0
150.0
8.0
0.0
0.0
0.0
0.0
0.0
8.0
0.0
0.0
173.0
0.0
10.0
86.0
89.0
0.0
0.0
0.0
0.0
0.0
38.0
38.0
0.0
0.0
25.0
0.0
8.0
0.0
0.0
64.0
64.0
0.0
8.0
13.0
0.0
0.0
0.0
13.0
127.0
51.0
0.0
20.0
13.0
0.0
13.0
0.0
64.0
0.0
0.0
0.0
13.0
0.0
0.0
0.0
0.0
0.0
25.0
0.0
0.0
20.0
114.0
0.0
0.0
51.0
13.0
0.0
20.0
0.0
25.0
25.0
0.0
51.0
20.0
0.0
20.0
152.0
0.0
0.0
0.0
64.0
20.0
89.0
38.0
13.0
0.0
0.0
64.0
0.0
0.0
0.0
0.0
0.0
76.0
0.0
51.0
13.0
64.0
0.0
0.0
152.0
25.0
51.0
0.0
152.0
0.0
178.0
0.0
0.0
38.0
0.0
64.0
25.0
0.0
127.0
64.0
0.0
0.0
140.0
13.0
0.0
25.0
38.0
0.0
13.0
0.0
0.0
0.0
102.0
51.0
0.0
0.0
13.0
38.0
20.0
25.0
25.0
102.0
0.0
0.0
20.0
0.0
89.0
0.0
0.0
0.0
0.0
13.0
20.0
279.0
76.0
0.0
0.0
20.0
51.0
0.0
0.0
0.0
0.0
0.0
13.0
13.0
64.0
13.0
25.0
25.0
0.0
0.0
0.0
0.0
13.0
0.0
0.0
0.0
0.0
25.0
0.0
20.0
0.0
0.0
0.0
0.0
25.0
0.0
0.0
0.0
0.0
0.0
0.0
0.0
0.0
25.0
51.0
38.0
13.0
0.0
0.0
0.0
0.0
0.0
13.0
25.0
0.0
0.0
51.0
0.0
10.0
0.0
0.0
0.0
0.0
20.0
15.0
0.0
0.0
0.0
0.0
0.0
0.0
0.0
0.0
0.0
0.0
0.0
0.0
5.0
76.0
0.0
0.0
130.0
140.0
0.0
0.0
0.0
81.0
5.0
0.0
0.0
0.0
229.0
58.0
0.0
25.0
56.0
0.0
0.0
0.0
0.0
236.0
239.0
0.0
13.0
0.0
0.0
25.0
8.0
18.0
3.0
0.0
0.0
0.0
8.0
0.0
0.0
0.0
36.0
0.0
8.0
48.0
10.0
10.0
30.0
0.0
20.0
0.0
0.0
41.0
13.0
3.0
0.0
0.0
0.0
46.0
0.0
0.0
0.0
0.0
0.0
23.0
33.0
0.0
155.0
28.0
8.0
0.0
5.0
0.0
0.0
69.0
18.0
0.0
5.0
0.0
0.0
0.0
0.0
119.0
137.0
38.0
0.0
0.0
18.0
0.0
0.0
94.0
0.0
0.0
0.0
81.0
0.0
5.0
0.0
0.0
0.0
0.0
104.0
0.0
0.0
8.0
61.0
53.0
0.0
0.0
0.0
0.0
10.0
0.0
0.0
358.0
343.0
0.0
0.0
0.0
231.0
8.0
0.0
0.0
0.0
0.0
5.0
0.0
0.0
0.0
0.0
53.0
30.0
0.0
10.0
58.0
25.0
0.0
0.0
0.0
0.0
89.0
33.0
10.0
0.0
0.0
74.0
0.0
251.0
0.0
33.0
20.0
8.0
53.0
71.0
0.0
0.0
0.0
0.0
0.0
0.0
25.0
25.0
0.0
0.0
3.0
0.0
236.0
0.0
25.0
25.0
0.0
0.0
0.0
0.0
0.0
46.0
0.0
8.0
10.0
244.0
102.0
0.0
0.0
0.0
0.0
8.0
203.0
0.0
0.0
0.0
0.0
38.0
102.0
38.0
13.0
13.0
25.0
38.0
0.0
0.0
25.0
0.0
0.0
13.0
0.0
0.0
13.0
0.0
0.0
0.0
0.0
25.0
38.0
0.0
13.0
0.0
102.0
152.0
38.0
0.0
0.0
0.0
0.0
0.0
0.0
25.0
0.0
0.0
20.0
20.0
76.0
38.0
0.0
0.0
20.0
64.0
0.0
114.0
0.0
102.0
0.0
13.0
38.0
0.0
0.0
0.0
0.0
0.0
0.0
0.0
0.0
0.0
0.0
0.0
25.0
0.0
0.0
13.0
0.0
0.0
0.0
13.0
20.0
51.0
38.0
0.0
0.0
33.0
0.0
0.0
0.0
0.0
0.0
0.0
25.0
38.0
0.0
0.0
0.0
0.0
25.0
20.0
0.0
254.0
0.0
0.0
25.0
38.0
0.0
0.0
0.0
0.0
20.0
0.0
0.0
51.0
38.0
0.0
8.0
13.0
0.0
0.0
0.0
0.0
0.0
0.0
0.0
0.0
0.0
0.0
25.0
0.0
0.0
0.0
0.0
0.0
0.0
0.0
0.0
0.0
0.0
0.0
25.0
0.0
0.0
0.0
0.0
76.0
147.0
81.0
0.0
15.0
0.0
38.0
231.0
0.0
0.0
0.0
0.0
0.0
0.0
0.0
0.0
0.0
0.0
0.0
0.0
0.0
0.0
0.0
41.0
180.0
13.0
0.0
33.0
0.0
0.0
0.0
84.0
0.0
99.0
0.0
0.0
25.0
5.0
107.0
20.0
43.0
8.0
201.0
8.0
5.0
0.0
8.0
89.0
394.0
33.0
5.0
0.0
0.0
0.0
0.0
0.0
0.0
0.0
0.0
0.0
36.0
0.0
81.0
0.0
0.0
0.0
0.0
0.0
0.0
160.0
8.0
117.0
0.0
20.0
0.0
51.0
58.0
0.0
15.0
28.0
0.0
0.0
0.0
0.0
0.0
0.0
0.0
28.0
0.0
0.0
56.0
5.0
13.0
0.0
15.0
51.0
25.0
99.0
0.0
168.0
0.0
0.0
0.0
137.0
0.0
8.0
0.0
64.0
165.0
0.0
0.0
0.0
0.0
56.0
0.0
0.0
66.0
10.0
0.0
43.0
112.0
0.0
0.0
0.0
0.0
0.0
0.0
99.0
69.0
0.0
0.0
0.0
0.0
0.0
0.0
0.0
5.0
0.0
15.0
5.0
8.0
455.0
94.0
107.0
25.0
0.0
0.0
0.0
10.0
0.0
0.0
0.0
13.0
0.0
3.0
0.0
0.0
0.0
25.0
0.0
0.0
38.0
89.0
0.0
0.0
0.0
0.0
0.0
20.0
0.0
0.0
0.0
0.0
74.0
20.0
0.0
0.0
0.0
0.0
0.0
10.0
0.0
0.0
0.0
0.0
0.0
137.0
13.0
74.0
152.0
343.0
36.0
0.0
25.0
152.0
0.0
25.0
0.0
76.0
102.0
0.0
0.0
51.0
8.0
8.0
0.0
0.0
64.0
0.0
0.0
0.0
38.0
0.0
25.0
127.0
0.0
25.0
0.0
0.0
0.0
0.0
0.0
0.0
0.0
25.0
8.0
20.0
38.0
25.0
64.0
0.0
25.0
102.0
0.0
0.0
8.0
20.0
0.0
20.0
25.0
13.0
51.0
178.0
0.0
0.0
0.0
0.0
0.0
0.0
0.0
0.0
38.0
203.0
38.0
13.0
0.0
76.0
0.0
13.0
0.0
8.0
102.0
25.0
0.0
0.0
0.0
25.0
20.0
89.0
0.0
51.0
0.0
0.0
0.0
51.0
0.0
0.0
13.0
0.0
25.0
51.0
0.0
0.0
0.0
25.0
76.0
25.0
178.0
76.0
0.0
0.0
0.0
0.0
0.0
13.0
25.0
0.0
0.0
0.0
0.0
0.0
0.0
0.0
0.0
13.0
25.0
0.0
0.0
20.0
0.0
0.0
8.0
13.0
0.0
0.0
0.0
38.0
13.0
25.0
0.0
25.0
127.0
0.0
0.0
13.0
64.0
20.0
20.0
0.0
0.0
25.0
102.0
25.0
0.0
0.0
0.0
0.0
38.0
25.0
0.0
0.0
38.0
13.0
0.0
0.0
0.0
25.0
25.0
38.0
0.0
0.0
0.0
0.0
0.0
0.0
0.0
0.0
0.0
0.0
0.0
10.0
0.0
0.0
56.0
0.0
0.0
0.0
0.0
0.0
0.0
76.0
0.0
0.0
23.0
0.0
0.0
147.0
8.0
0.0
0.0
0.0
66.0
3.0
0.0
0.0
170.0
0.0
0.0
5.0
94.0
0.0
0.0
0.0
94.0
0.0
0.0
0.0
0.0
48.0
0.0
5.0
3.0
0.0
0.0
191.0
0.0
0.0
0.0
0.0
0.0
0.0
25.0
25.0
0.0
0.0
0.0
56.0
0.0
3.0
23.0
64.0
0.0
33.0
0.0
170.0
0.0
0.0
284.0
107.0
0.0
135.0
79.0
0.0
43.0
0.0
61.0
15.0
8.0
0.0
0.0
5.0
13.0
0.0
0.0
0.0
0.0
0.0
0.0
0.0
0.0
0.0
0.0
112.0
20.0
0.0
0.0
0.0
5.0
74.0
0.0
28.0
15.0
38.0
0.0
0.0
0.0
0.0
0.0
0.0
0.0
8.0
437.0
0.0
0.0
0.0
3.0
86.0
0.0
0.0
0.0
0.0
58.0
0.0
5.0
0.0
0.0
0.0
0.0
0.0
0.0
0.0
229.0
127.0
0.0
0.0
74.0
33.0
69.0
0.0
0.0
0.0
36.0
0.0
3.0
28.0
79.0
18.0
0.0
0.0
8.0
46.0
0.0
10.0
0.0
0.0
61.0
0.0
18.0
84.0
0.0
5.0
0.0
28.0
43.0
33.0
56.0
0.0
0.0
0.0
76.0
10.0
89.0
18.0
13.0
51.0
0.0
0.0
25.0
36.0
0.0
0.0
30.0
0.0
0.0
0.0
0.0
38.0
13.0
0.0
13.0
8.0
38.0
64.0
0.0
0.0
0.0
25.0
0.0
0.0
0.0
13.0
0.0
0.0
0.0
0.0
0.0
0.0
0.0
0.0
13.0
0.0
0.0
0.0
0.0
0.0
0.0
0.0
0.0
0.0
0.0
0.0
0.0
25.0
13.0
0.0
25.0
8.0
25.0
13.0
0.0
13.0
25.0
0.0
25.0
0.0
0.0
0.0
8.0
13.0
0.0
152.0
102.0
0.0
8.0
0.0
13.0
0.0
0.0
13.0
13.0
76.0
0.0
51.0
38.0
25.0
0.0
0.0
25.0
0.0
0.0
0.0
13.0
0.0
64.0
0.0
38.0
64.0
0.0
0.0
51.0
64.0
51.0
76.0
25.0
0.0
0.0
0.0
0.0
0.0
13.0
0.0
0.0
0.0
38.0
0.0
0.0
0.0
0.0
51.0
25.0
0.0
0.0
8.0
64.0
0.0
0.0
0.0
0.0
38.0
76.0
25.0
0.0
13.0
0.0
38.0
0.0
0.0
0.0
0.0
25.0
25.0
0.0
0.0
0.0
0.0
0.0
13.0
0.0
0.0
0.0
0.0
0.0
0.0
0.0
0.0
76.0
76.0
51.0
13.0
13.0
20.0
0.0
0.0
0.0
0.0
0.0
0.0
0.0
0.0
0.0
0.0
99.0
38.0
0.0
0.0
0.0
0.0
0.0
0.0
0.0
8.0
0.0
0.0
0.0
64.0
13.0
0.0
0.0
0.0
0.0
0.0
0.0
0.0
0.0
0.0
0.0
0.0
5.0
0.0
0.0
48.0
411.0
234.0
127.0
25.0
38.0
0.0
0.0
43.0
38.0
0.0
0.0
0.0
0.0
13.0
0.0
0.0
13.0
102.0
0.0
0.0
0.0
89.0
8.0
8.0
112.0
36.0
3.0
99.0
51.0
25.0
0.0
0.0
0.0
0.0
0.0
107.0
0.0
0.0
0.0
0.0
0.0
0.0
0.0
15.0
0.0
170.0
122.0
43.0
0.0
0.0
5.0
8.0
38.0
0.0
0.0
0.0
117.0
277.0
36.0
41.0
28.0
36.0
13.0
8.0
0.0
0.0
33.0
8.0
0.0
43.0
229.0
0.0
5.0
0.0
0.0
0.0
15.0
0.0
0.0
0.0
0.0
23.0
0.0
0.0
0.0
0.0
13.0
58.0
0.0
0.0
0.0
112.0
0.0
0.0
0.0
0.0
0.0
0.0
0.0
140.0
0.0
0.0
0.0
0.0
0.0
0.0
0.0
0.0
0.0
0.0
0.0
10.0
0.0
0.0
0.0
53.0
18.0
0.0
0.0
0.0
0.0
0.0
109.0
5.0
0.0
0.0
0.0
0.0
0.0
0.0
0.0
0.0
30.0
124.0
81.0
30.0
43.0
0.0
0.0
0.0
0.0
0.0
0.0
0.0
30.0
8.0
0.0
0.0
64.0
0.0
0.0
0.0
0.0
0.0
0.0
0.0
0.0
0.0
0.0
56.0
25.0
15.0
28.0
8.0
0.0
0.0
0.0
51.0
20.0
25.0
0.0
0.0
0.0
25.0
13.0
0.0
20.0
0.0
0.0
0.0
0.0
0.0
0.0
0.0
0.0
0.0
0.0
0.0
38.0
0.0
183.0
25.0
0.0
0.0
76.0
13.0
13.0
178.0
152.0
13.0
0.0
25.0
38.0
13.0
0.0
71.0
0.0
8.0
8.0
38.0
13.0
0.0
102.0
0.0
0.0
0.0
0.0
0.0
0.0
8.0
0.0
64.0
102.0
25.0
20.0
178.0
13.0
25.0
0.0
0.0
0.0
0.0
8.0
0.0
8.0
0.0
13.0
25.0
0.0
0.0
20.0
0.0
20.0
13.0
0.0
0.0
0.0
0.0
0.0
89.0
0.0
0.0
0.0
0.0
64.0
13.0
51.0
0.0
152.0
0.0
0.0
0.0
0.0
102.0
51.0
0.0
0.0
25.0
0.0
0.0
0.0
51.0
0.0
25.0
0.0
0.0
76.0
0.0
20.0
38.0
0.0
0.0
0.0
102.0
38.0
13.0
13.0
0.0
0.0
0.0
76.0
102.0
25.0
0.0
76.0
0.0
25.0
51.0
25.0
0.0
0.0
8.0
13.0
0.0
0.0
0.0
0.0
13.0
0.0
0.0
0.0
0.0
0.0
0.0
0.0
0.0
0.0
0.0
0.0
0.0
0.0
0.0
64.0
0.0
0.0
0.0
0.0
0.0
0.0
0.0
0.0
0.0
0.0
0.0
0.0
0.0
0.0
0.0
0.0
0.0
0.0
0.0
0.0
0.0
0.0
0.0
0.0
0.0
10.0
38.0
89.0
76.0
0.0
0.0
0.0
53.0
8.0
64.0
0.0
38.0
13.0
0.0
10.0
0.0
0.0
0.0
10.0
0.0
0.0
0.0
168.0
23.0
0.0
102.0
5.0
8.0
0.0
0.0
0.0
0.0
23.0
46.0
0.0
0.0
0.0
0.0
0.0
13.0
0.0
0.0
0.0
0.0
3.0
51.0
25.0
48.0
0.0
0.0
0.0
0.0
0.0
0.0
0.0
61.0
561.0
297.0
0.0
0.0
0.0
0.0
0.0
0.0
0.0
0.0
0.0
0.0
325.0
0.0
74.0
0.0
0.0
5.0
124.0
66.0
48.0
0.0
41.0
23.0
28.0
0.0
0.0
0.0
0.0
23.0
155.0
0.0
0.0
43.0
0.0
46.0
0.0
0.0
109.0
91.0
0.0
46.0
10.0
0.0
0.0
0.0
0.0
0.0
0.0
3.0
109.0
0.0
104.0
127.0
0.0
0.0
0.0
107.0
122.0
0.0
0.0
36.0
0.0
38.0
0.0
64.0
79.0
0.0
36.0
84.0
46.0
0.0
5.0
241.0
0.0
15.0
132.0
13.0
5.0
0.0
0.0
0.0
0.0
114.0
5.0
0.0
218.0
0.0
0.0
3.0
20.0
0.0
53.0
0.0
23.0
150.0
25.0
51.0
10.0
114.0
18.0
0.0
74.0
8.0
0.0
323.0
371.0
457.0
0.0
5.0
130.0
5.0
137.0
38.0
0.0
0.0
97.0
0.0
84.0
46.0
0.0
0.0
104.0
198.0
13.0
25.0
0.0
0.0
0.0
76.0
25.0
15.0
0.0
0.0
0.0
0.0
13.0
0.0
38.0
0.0
13.0
0.0
0.0
0.0
0.0
25.0
0.0
0.0
0.0
0.0
13.0
0.0
13.0
0.0
102.0
51.0
13.0
25.0
0.0
0.0
0.0
0.0
51.0
25.0
13.0
41.0
152.0
38.0
51.0
76.0
0.0
38.0
13.0
13.0
38.0
0.0
0.0
0.0
0.0
0.0
0.0
13.0
38.0
13.0
127.0
51.0
0.0
0.0
0.0
25.0
25.0
0.0
0.0
13.0
76.0
89.0
0.0
0.0
0.0
0.0
0.0
0.0
0.0
0.0
0.0
0.0
0.0
25.0
0.0
0.0
0.0
0.0
25.0
76.0
38.0
0.0
0.0
13.0
0.0
0.0
0.0
0.0
0.0
0.0
0.0
64.0
13.0
0.0
0.0
0.0
0.0
13.0
0.0
25.0
13.0
0.0
0.0
0.0
0.0
0.0
0.0
30.0
0.0
13.0
0.0
0.0
13.0
0.0
0.0
5.0
0.0
147.0
0.0
0.0
0.0
0.0
0.0
0.0
0.0
0.0
0.0
0.0
0.0
41.0
25.0
81.0
0.0
38.0
53.0
102.0
0.0
0.0
0.0
0.0
0.0
0.0
0.0
0.0
0.0
51.0
152.0
0.0
0.0
0.0
216.0
10.0
0.0
0.0
0.0
0.0
0.0
132.0
0.0
0.0
3.0
0.0
0.0
46.0
46.0
0.0
5.0
0.0
0.0
0.0
0.0
0.0
0.0
0.0
0.0
0.0
0.0
8.0
0.0
0.0
0.0
0.0
0.0
0.0
0.0
0.0
15.0
0.0
0.0
0.0
0.0
0.0
10.0
94.0
0.0
0.0
0.0
18.0
15.0
46.0
0.0
0.0
30.0
23.0
0.0
0.0
160.0
0.0
0.0
0.0
0.0
8.0
122.0
61.0
0.0
5.0
5.0
0.0
0.0
8.0
3.0
10.0
0.0
13.0
25.0
0.0
20.0
8.0
18.0
53.0
8.0
0.0
0.0
0.0
150.0
0.0
0.0
0.0
23.0
53.0
38.0
0.0
0.0
58.0
0.0
0.0
10.0
152.0
0.0
38.0
0.0
328.0
20.0
0.0
20.0
30.0
13.0
25.0
15.0
18.0
30.0
0.0
10.0
8.0
0.0
0.0
0.0
64.0
0.0
0.0
0.0
0.0
18.0
58.0
0.0
0.0
193.0
10.0
81.0
20.0
0.0
20.0
51.0
8.0
0.0
0.0
0.0
0.0
10.0
132.0
33.0
0.0
0.0
8.0
0.0
0.0
0.0
0.0
0.0
0.0
0.0
0.0
0.0
0.0
0.0
0.0
20.0
8.0
25.0
51.0
127.0
140.0
0.0
0.0
114.0
325.0
38.0
38.0
25.0
38.0
79.0
28.0
13.0
0.0
13.0
127.0
20.0
38.0
152.0
0.0
0.0
0.0
46.0
0.0
0.0
8.0
0.0
0.0
0.0
0.0
0.0
203.0
102.0
0.0
0.0
38.0
25.0
25.0
0.0
51.0
0.0
0.0
0.0
0.0
25.0
0.0
25.0
51.0
0.0
38.0
25.0
0.0
0.0
0.0
0.0
0.0
13.0
25.0
25.0
38.0
0.0
38.0
64.0
0.0
0.0
13.0
0.0
0.0
0.0
0.0
0.0
0.0
13.0
0.0
0.0
38.0
25.0
38.0
13.0
0.0
64.0
25.0
0.0
0.0
0.0
13.0
0.0
0.0
25.0
102.0
76.0
51.0
0.0
0.0
25.0
0.0
0.0
38.0
25.0
13.0
0.0
25.0
25.0
13.0
25.0
0.0
0.0
102.0
76.0
0.0
13.0
0.0
0.0
13.0
0.0
0.0
0.0
0.0
0.0
0.0
25.0
0.0
0.0
0.0
25.0
25.0
0.0
0.0
0.0
0.0
0.0
0.0
0.0
0.0
0.0
0.0
0.0
13.0
13.0
0.0
0.0
0.0
102.0
38.0
0.0
13.0
0.0
0.0
0.0
0.0
0.0
8.0
0.0
0.0
0.0
0.0
0.0
0.0
0.0
0.0
25.0
13.0
0.0
25.0
13.0
0.0
0.0
0.0
38.0
102.0
51.0
0.0
0.0
0.0
0.0
0.0
0.0
0.0
0.0
0.0
0.0
41.0
10.0
0.0
15.0
0.0
15.0
0.0
0.0
0.0
0.0
0.0
173.0
130.0
0.0
0.0
0.0
0.0
0.0
0.0
0.0
0.0
0.0
163.0
0.0
3.0
0.0
0.0
0.0
0.0
8.0
64.0
102.0
155.0
0.0
0.0
0.0
0.0
76.0
8.0
145.0
91.0
84.0
0.0
5.0
0.0
0.0
15.0
0.0
0.0
0.0
0.0
155.0
0.0
10.0
20.0
5.0
0.0
13.0
0.0
0.0
157.0
0.0
5.0
0.0
315.0
196.0
0.0
0.0
0.0
18.0
15.0
0.0
0.0
0.0
0.0
0.0
13.0
0.0
0.0
3.0
23.0
107.0
0.0
94.0
20.0
0.0
79.0
51.0
36.0
0.0
0.0
0.0
173.0
66.0
28.0
23.0
0.0
5.0
5.0
89.0
0.0
0.0
0.0
0.0
53.0
0.0
0.0
28.0
0.0
0.0
53.0
28.0
3.0
114.0
74.0
0.0
0.0
0.0
0.0
0.0
0.0
0.0
23.0
0.0
0.0
0.0
0.0
0.0
0.0
170.0
13.0
0.0
25.0
0.0
84.0
119.0
94.0
38.0
0.0
0.0
0.0
0.0
0.0
30.0
0.0
10.0
0.0
0.0
0.0
0.0
30.0
36.0
5.0
0.0
0.0
0.0
0.0
0.0
0.0
23.0
0.0
0.0
0.0
0.0
0.0
0.0
0.0
0.0
0.0
0.0
0.0
0.0
99.0
79.0
0.0
0.0
254.0
102.0
13.0
0.0
0.0
0.0
23.0
0.0
0.0
0.0
0.0
13.0
51.0
13.0
30.0
15.0
13.0
8.0
13.0
25.0
13.0
102.0
229.0
25.0
0.0
38.0
25.0
0.0
25.0
0.0
25.0
0.0
0.0
25.0
0.0
0.0
0.0
0.0
13.0
25.0
38.0
0.0
0.0
76.0
13.0
76.0
0.0
38.0
0.0
25.0
13.0
13.0
25.0
25.0
0.0
0.0
0.0
0.0
0.0
0.0
0.0
0.0
0.0
64.0
0.0
0.0
0.0
0.0
25.0
51.0
76.0
0.0
0.0
0.0
0.0
0.0
0.0
0.0
0.0
0.0
38.0
0.0
0.0
0.0
0.0
127.0
38.0
0.0
0.0
0.0
0.0
0.0
0.0
25.0
0.0
64.0
25.0
0.0
0.0
0.0
0.0
0.0
0.0
0.0
0.0
13.0
0.0
0.0
0.0
0.0
0.0
51.0
0.0
0.0
25.0
0.0
0.0
0.0
0.0
0.0
51.0
0.0
0.0
0.0
0.0
0.0
0.0
0.0
0.0
89.0
0.0
64.0
38.0
0.0
0.0
0.0
0.0
51.0
0.0
0.0
0.0
127.0
38.0
0.0
0.0
25.0
0.0
0.0
0.0
51.0
0.0
25.0
0.0
0.0
0.0
0.0
0.0
25.0
38.0
127.0
0.0
0.0
0.0
0.0
178.0
51.0
0.0
0.0
25.0
38.0
25.0
0.0
0.0
0.0
0.0
0.0
0.0
0.0
0.0
0.0
0.0
0.0
0.0
0.0
0.0
0.0
0.0
0.0
0.0
0.0
0.0
0.0
0.0
0.0
0.0
0.0
0.0
343.0
91.0
102.0
102.0
51.0
76.0
76.0
28.0
135.0
71.0
43.0
5.0
0.0
0.0
10.0
38.0
5.0
0.0
0.0
0.0
0.0
0.0
0.0
66.0
10.0
0.0
0.0
196.0
13.0
0.0
0.0
18.0
0.0
0.0
0.0
0.0
0.0
13.0
0.0
0.0
0.0
43.0
94.0
64.0
0.0
3.0
38.0
185.0
13.0
0.0
208.0
66.0
13.0
0.0
0.0
25.0
36.0
0.0
41.0
5.0
0.0
0.0
0.0
69.0
104.0
157.0
10.0
0.0
0.0
0.0
0.0
114.0
0.0
137.0
0.0
0.0
64.0
102.0
0.0
224.0
0.0
0.0
0.0
0.0
0.0
132.0
0.0
51.0
0.0
198.0
0.0
0.0
0.0
305.0
76.0
229.0
0.0
0.0
0.0
0.0
216.0
25.0
0.0
0.0
79.0
13.0
56.0
0.0
0.0
18.0
3.0
0.0
0.0
0.0
0.0
0.0
0.0
0.0
0.0
64.0
0.0
0.0
0.0
43.0
28.0
0.0
13.0
0.0
114.0
8.0
0.0
0.0
3.0
0.0
0.0
5.0
0.0
0.0
0.0
38.0
343.0
216.0
0.0
30.0
8.0
0.0
58.0
5.0
30.0
152.0
3.0
3.0
20.0
25.0
0.0
18.0
0.0
51.0
38.0
25.0
5.0
0.0
0.0
0.0
46.0
3.0
183.0
33.0
38.0
13.0
0.0
0.0
0.0
0.0
0.0
0.0
102.0
20.0
8.0
20.0
76.0
43.0
0.0
15.0
0.0
0.0
20.0
0.0
8.0
41.0
36.0
0.0
28.0
13.0
0.0
0.0
41.0
89.0
132.0
0.0
0.0
0.0
0.0
0.0
112.0
28.0
30.0
0.0
0.0
5.0
218.0
20.0
0.0
0.0
0.0
0.0
0.0
0.0
0.0
0.0
25.0
41.0
41.0
13.0
13.0
79.0
28.0
0.0
0.0
0.0
0.0
0.0
0.0
15.0
0.0
163.0
41.0
18.0
0.0
0.0
3.0
0.0
0.0
23.0
140.0
38.0
38.0
0.0
0.0
0.0
0.0
15.0
13.0
0.0
0.0
0.0
0.0
0.0
320.0
41.0
0.0
168.0
0.0
0.0
0.0
15.0
0.0
0.0
0.0
5.0
3.0
0.0
5.0
3.0
0.0
0.0
79.0
3.0
0.0
51.0
8.0
15.0
0.0
0.0
0.0
0.0
0.0
3.0
8.0
5.0
53.0
74.0
13.0
0.0
0.0
0.0
0.0
0.0
0.0
0.0
0.0
0.0
0.0
30.0
198.0
58.0
0.0
0.0
0.0
0.0
5.0
0.0
0.0
0.0
64.0
0.0
91.0
61.0
0.0
0.0
28.0
5.0
0.0
0.0
127.0
48.0
3.0
41.0
0.0
0.0
0.0
43.0
25.0
0.0
5.0
58.0
218.0
135.0
0.0
0.0
0.0
0.0
0.0
20.0
13.0
0.0
0.0
0.0
0.0
64.0
0.0
0.0
0.0
0.0
0.0
0.0
33.0
3.0
0.0
8.0
381.0
0.0
0.0
386.0
58.0
0.0
0.0
376.0
5.0
3.0
5.0
0.0
0.0
5.0
0.0
0.0
0.0
25.0
0.0
3.0
3.0
0.0
0.0
0.0
0.0
0.0
0.0
0.0
13.0
8.0
0.0
15.0
3.0
104.0
15.0
0.0
0.0
0.0
5.0
0.0
0.0
0.0
58.0
30.0
58.0
0.0
15.0
48.0
36.0
3.0
13.0
61.0
25.0
64.0
0.0
0.0
0.0
5.0
13.0
142.0
48.0
18.0
51.0
0.0
0.0
5.0
0.0
20.0
5.0
152.0
30.0
5.0
48.0
0.0
30.0
51.0
3.0
0.0
0.0
0.0
15.0
53.0
114.0
8.0
0.0
33.0
3.0
18.0
5.0
23.0
0.0
38.0
79.0
0.0
0.0
0.0
0.0
8.0
0.0
0.0
5.0
28.0
43.0
0.0
102.0
NaN
NaN
NaN
0.0
0.0
0.0
0.0
0.0
0.0
0.0
0.0
0.0
0.0
0.0
0.0
0.0
94.0
58.0
0.0
64.0
38.0
0.0
0.0
0.0
28.0
15.0
0.0
0.0
0.0
0.0
0.0
0.0
33.0
18.0
0.0
0.0
0.0
0.0
0.0
0.0
0.0
0.0
0.0
0.0
0.0
0.0
66.0
28.0
5.0
0.0
157.0
363.0
0.0
8.0
0.0
0.0
0.0
127.0
8.0
3.0
0.0
0.0
10.0
0.0
0.0
99.0
112.0
64.0
0.0
38.0
208.0
0.0
0.0
53.0
33.0
48.0
10.0
114.0
173.0
0.0
3.0
3.0
5.0
0.0
28.0
69.0
0.0
79.0
0.0
0.0
0.0
13.0
66.0
0.0
0.0
8.0
43.0
5.0
20.0
13.0
5.0
0.0
0.0
38.0
224.0
0.0
43.0
104.0
0.0
0.0
0.0
0.0
119.0
8.0
25.0
0.0
25.0
165.0
