0.0
0.0
0.0
0.0
76.0
0.0
0.0
0.0
20.0
0.0
23.0
0.0
0.0
0.0
0.0
0.0
20.0
28.0
0.0
0.0
0.0
33.0
28.0
0.0
0.0
0.0
0.0
0.0
48.0
124.0
0.0
0.0
0.0
0.0
0.0
0.0
0.0
10.0
0.0
0.0
23.0
0.0
0.0
0.0
0.0
0.0
0.0
0.0
0.0
282.0
20.0
0.0
130.0
20.0
0.0
0.0
0.0
0.0
18.0
30.0
0.0
0.0
0.0
28.0
56.0
0.0
0.0
0.0
0.0
0.0
0.0
0.0
15.0
5.0
0.0
0.0
99.0
0.0
0.0
0.0
0.0
0.0
0.0
0.0
0.0
10.0
0.0
0.0
0.0
0.0
0.0
10.0
0.0
0.0
0.0
38.0
0.0
0.0
0.0
13.0
114.0
396.0
8.0
0.0
41.0
0.0
0.0
0.0
15.0
41.0
178.0
0.0
56.0
3.0
0.0
43.0
51.0
0.0
0.0
305.0
0.0
0.0
0.0
0.0
5.0
112.0
30.0
8.0
0.0
0.0
0.0
5.0
5.0
0.0
18.0
0.0
0.0
36.0
0.0
0.0
0.0
221.0
NaN
NaN
NaN
NaN
NaN
NaN
NaN
23.0
0.0
0.0
0.0
0.0
0.0
0.0
66.0
0.0
0.0
0.0
0.0
211.0
272.0
0.0
0.0
0.0
0.0
0.0
0.0
81.0
0.0
0.0
20.0
0.0
20.0
76.0
0.0
0.0
0.0
0.0
0.0
0.0
0.0
0.0
0.0
0.0
0.0
208.0
315.0
36.0
0.0
0.0
25.0
102.0
20.0
0.0
0.0
0.0
0.0
0.0
0.0
0.0
0.0
5.0
41.0
0.0
0.0
36.0
0.0
15.0
0.0
61.0
41.0
0.0
0.0
38.0
8.0
0.0
0.0
0.0
0.0
0.0
0.0
10.0
41.0
51.0
0.0
0.0
0.0
15.0
0.0
0.0
203.0
97.0
0.0
25.0
0.0
0.0
0.0
25.0
127.0
0.0
0.0
0.0
0.0
0.0
20.0
0.0
25.0
0.0
23.0
0.0
0.0
0.0
0.0
51.0
25.0
0.0
25.0
0.0
0.0
0.0
20.0
0.0
51.0
0.0
0.0
25.0
0.0
0.0
0.0
25.0
0.0
0.0
0.0
0.0
51.0
89.0
0.0
0.0
0.0
51.0
0.0
0.0
15.0
0.0
0.0
0.0
13.0
0.0
NaN
NaN
NaN
NaN
NaN
NaN
8.0
76.0
8.0
0.0
0.0
28.0
0.0
0.0
8.0
0.0
10.0
0.0
0.0
0.0
0.0
0.0
38.0
0.0
0.0
NaN
NaN
0.0
0.0
56.0
0.0
0.0
0.0
0.0
0.0
0.0
0.0
0.0
0.0
0.0
0.0
66.0
0.0
76.0
0.0
0.0
86.0
36.0
0.0
0.0
0.0
0.0
0.0
0.0
0.0
348.0
69.0
0.0
0.0
0.0
0.0
0.0
13.0
36.0
0.0
0.0
0.0
0.0
0.0
0.0
0.0
0.0
267.0
10.0
0.0
0.0
30.0
NaN
0.0
0.0
0.0
0.0
0.0
0.0
36.0
0.0
0.0
0.0
0.0
0.0
0.0
0.0
0.0
0.0
0.0
0.0
0.0
0.0
0.0
20.0
15.0
0.0
0.0
0.0
0.0
135.0
127.0
36.0
0.0
0.0
0.0
0.0
150.0
18.0
8.0
0.0
56.0
15.0
8.0
0.0
0.0
0.0
NaN
NaN
NaN
NaN
NaN
NaN
NaN
NaN
0.0
0.0
0.0
0.0
NaN
15.0
18.0
0.0
0.0
76.0
18.0
0.0
0.0
51.0
0.0
0.0
0.0
0.0
0.0
13.0
0.0
71.0
0.0
0.0
0.0
0.0
0.0
0.0
0.0
0.0
10.0
51.0
0.0
0.0
0.0
0.0
0.0
0.0
0.0
0.0
0.0
76.0
46.0
28.0
0.0
0.0
0.0
0.0
0.0
0.0
0.0
0.0
0.0
53.0
0.0
0.0
0.0
122.0
0.0
0.0
0.0
0.0
0.0
61.0
46.0
48.0
0.0
0.0
0.0
3.0
0.0
0.0
69.0
0.0
0.0
64.0
0.0
0.0
0.0
328.0
23.0
0.0
0.0
0.0
0.0
0.0
0.0
0.0
0.0
0.0
0.0
0.0
0.0
0.0
0.0
0.0
0.0
0.0
0.0
0.0
0.0
0.0
15.0
0.0
0.0
0.0
0.0
0.0
0.0
0.0
0.0
0.0
0.0
0.0
74.0
0.0
0.0
0.0
0.0
0.0
20.0
0.0
0.0
76.0
0.0
0.0
0.0
0.0
NaN
NaN
0.0
0.0
NaN
0.0
0.0
0.0
130.0
NaN
NaN
216.0
0.0
0.0
41.0
0.0
0.0
0.0
0.0
0.0
NaN
NaN
NaN
0.0
18.0
0.0
0.0
0.0
0.0
0.0
0.0
64.0
94.0
43.0
0.0
NaN
NaN
NaN
NaN
51.0
64.0
0.0
0.0
0.0
0.0
0.0
0.0
0.0
25.0
5.0
38.0
0.0
25.0
13.0
0.0
51.0
0.0
0.0
51.0
25.0
0.0
0.0
0.0
0.0
0.0
0.0
25.0
76.0
0.0
0.0
0.0
0.0
13.0
13.0
0.0
0.0
13.0
0.0
102.0
0.0
38.0
0.0
0.0
0.0
0.0
0.0
0.0
305.0
76.0
102.0
0.0
0.0
25.0
13.0
76.0
0.0
25.0
25.0
0.0
0.0
25.0
0.0
25.0
25.0
0.0
0.0
0.0
51.0
25.0
0.0
0.0
13.0
13.0
0.0
25.0
89.0
13.0
0.0
0.0
76.0
51.0
0.0
0.0
0.0
0.0
0.0
0.0
0.0
0.0
0.0
0.0
0.0
0.0
0.0
0.0
0.0
5.0
38.0
0.0
0.0
0.0
38.0
0.0
0.0
0.0
0.0
NaN
NaN
0.0
0.0
0.0
NaN
0.0
0.0
0.0
0.0
0.0
0.0
0.0
0.0
64.0
0.0
0.0
0.0
0.0
0.0
0.0
25.0
114.0
0.0
0.0
0.0
127.0
0.0
0.0
0.0
0.0
0.0
0.0
0.0
0.0
0.0
0.0
0.0
0.0
0.0
0.0
0.0
0.0
38.0
0.0
0.0
64.0
0.0
0.0
0.0
0.0
0.0
0.0
102.0
0.0
0.0
0.0
0.0
0.0
0.0
0.0
0.0
51.0
0.0
0.0
0.0
0.0
0.0
0.0
0.0
0.0
165.0
76.0
76.0
89.0
51.0
102.0
0.0
0.0
25.0
140.0
25.0
102.0
51.0
0.0
0.0
0.0
229.0
0.0
38.0
152.0
0.0
0.0
0.0
0.0
0.0
38.0
241.0
0.0
0.0
0.0
0.0
0.0
0.0
0.0
NaN
NaN
NaN
0.0
0.0
0.0
0.0
0.0
0.0
0.0
NaN
0.0
0.0
76.0
203.0
25.0
0.0
38.0
102.0
0.0
0.0
0.0
0.0
0.0
38.0
25.0
0.0
0.0
0.0
0.0
0.0
51.0
0.0
0.0
0.0
0.0
0.0
0.0
0.0
0.0
0.0
0.0
0.0
191.0
0.0
0.0
0.0
0.0
0.0
673.0
25.0
25.0
102.0
0.0
0.0
0.0
0.0
0.0
0.0
0.0
0.0
0.0
0.0
0.0
0.0
0.0
0.0
0.0
0.0
0.0
0.0
0.0
0.0
0.0
127.0
0.0
0.0
25.0
0.0
76.0
216.0
152.0
0.0
0.0
0.0
0.0
0.0
0.0
0.0
0.0
0.0
51.0
0.0
0.0
0.0
0.0
0.0
0.0
114.0
64.0
229.0
0.0
0.0
25.0
0.0
0.0
0.0
0.0
38.0
0.0
127.0
0.0
0.0
0.0
102.0
89.0
0.0
38.0
51.0
140.0
0.0
38.0
0.0
0.0
0.0
64.0
25.0
76.0
51.0
102.0
0.0
0.0
0.0
0.0
0.0
0.0
0.0
0.0
0.0
0.0
0.0
25.0
229.0
0.0
0.0
0.0
51.0
0.0
0.0
0.0
0.0
0.0
0.0
0.0
0.0
0.0
0.0
0.0
0.0
38.0
0.0
0.0
0.0
0.0
0.0
0.0
0.0
76.0
0.0
25.0
0.0
0.0
0.0
0.0
0.0
102.0
0.0
0.0
25.0
51.0
0.0
51.0
102.0
0.0
38.0
0.0
0.0
0.0
0.0
203.0
0.0
0.0
0.0
0.0
0.0
0.0
0.0
0.0
25.0
0.0
0.0
0.0
0.0
NaN
NaN
0.0
0.0
127.0
25.0
0.0
0.0
0.0
0.0
0.0
25.0
51.0
0.0
0.0
0.0
51.0
0.0
0.0
25.0
51.0
25.0
0.0
0.0
25.0
51.0
0.0
0.0
0.0
0.0
0.0
0.0
0.0
25.0
0.0
0.0
0.0
0.0
0.0
0.0
0.0
0.0
0.0
0.0
25.0
0.0
0.0
0.0
0.0
0.0
0.0
0.0
0.0
0.0
51.0
51.0
0.0
0.0
0.0
0.0
0.0
0.0
0.0
0.0
0.0
0.0
NaN
NaN
0.0
0.0
0.0
0.0
0.0
0.0
0.0
0.0
0.0
76.0
0.0
0.0
0.0
0.0
0.0
0.0
0.0
0.0
152.0
0.0
3.0
0.0
0.0
0.0
NaN
0.0
0.0
0.0
51.0
0.0
0.0
0.0
0.0
0.0
51.0
0.0
0.0
0.0
0.0
38.0
0.0
99.0
0.0
0.0
NaN
0.0
0.0
0.0
0.0
0.0
0.0
0.0
0.0
0.0
89.0
25.0
0.0
0.0
0.0
0.0
0.0
0.0
0.0
0.0
76.0
0.0
0.0
64.0
51.0
0.0
0.0
0.0
0.0
0.0
0.0
0.0
0.0
76.0
0.0
25.0
0.0
0.0
114.0
0.0
0.0
0.0
0.0
0.0
0.0
0.0
0.0
0.0
0.0
0.0
0.0
0.0
0.0
0.0
0.0
0.0
0.0
0.0
0.0
0.0
102.0
0.0
0.0
0.0
0.0
0.0
0.0
0.0
0.0
127.0
0.0
0.0
0.0
152.0
0.0
0.0
0.0
0.0
38.0
38.0
0.0
0.0
0.0
0.0
0.0
0.0
0.0
0.0
0.0
0.0
0.0
0.0
856.0
0.0
0.0
610.0
102.0
0.0
76.0
0.0
0.0
0.0
0.0
0.0
0.0
51.0
38.0
0.0
0.0
191.0
76.0
0.0
0.0
38.0
89.0
0.0
0.0
0.0
0.0
0.0
0.0
0.0
0.0
0.0
10.0
0.0
0.0
0.0
15.0
0.0
10.0
43.0
0.0
0.0
0.0
0.0
102.0
254.0
25.0
0.0
51.0
0.0
0.0
38.0
0.0
0.0
0.0
0.0
0.0
0.0
0.0
0.0
76.0
0.0
0.0
0.0
0.0
0.0
25.0
203.0
25.0
0.0
64.0
25.0
0.0
0.0
0.0
0.0
0.0
0.0
0.0
23.0
99.0
66.0
0.0
0.0
0.0
0.0
0.0
48.0
66.0
0.0
38.0
18.0
51.0
20.0
51.0
0.0
0.0
0.0
0.0
0.0
0.0
231.0
10.0
0.0
76.0
76.0
53.0
109.0
178.0
183.0
109.0
25.0
0.0
0.0
0.0
0.0
23.0
10.0
13.0
0.0
0.0
5.0
5.0
15.0
0.0
25.0
43.0
157.0
114.0
5.0
244.0
114.0
74.0
0.0
0.0
13.0
10.0
38.0
38.0
94.0
99.0
69.0
86.0
69.0
69.0
38.0
0.0
0.0
0.0
0.0
0.0
0.0
0.0
0.0
0.0
0.0
0.0
0.0
0.0
5.0
0.0
0.0
91.0
0.0
0.0
0.0
0.0
185.0
15.0
46.0
0.0
0.0
0.0
0.0
0.0
5.0
25.0
10.0
0.0
0.0
0.0
0.0
0.0
0.0
0.0
0.0
0.0
5.0
10.0
5.0
0.0
0.0
0.0
0.0
0.0
0.0
0.0
0.0
0.0
0.0
64.0
0.0
0.0
0.0
71.0
15.0
0.0
0.0
0.0
0.0
0.0
0.0
0.0
122.0
20.0
0.0
0.0
43.0
81.0
15.0
0.0
36.0
25.0
76.0
0.0
38.0
0.0
0.0
81.0
3.0
0.0
0.0
0.0
51.0
10.0
0.0
0.0
0.0
0.0
25.0
28.0
239.0
0.0
0.0
0.0
10.0
20.0
0.0
0.0
0.0
0.0
127.0
38.0
0.0
0.0
0.0
76.0
0.0
0.0
0.0
15.0
38.0
152.0
409.0
0.0
0.0
0.0
0.0
0.0
0.0
0.0
97.0
229.0
0.0
0.0
15.0
0.0
0.0
0.0
0.0
0.0
0.0
0.0
0.0
0.0
0.0
64.0
84.0
13.0
0.0
0.0
0.0
0.0
0.0
0.0
0.0
0.0
69.0
0.0
0.0
0.0
0.0
71.0
135.0
0.0
0.0
0.0
178.0
NaN
NaN
NaN
NaN
NaN
NaN
NaN
NaN
