0.0
0.0
0.0
0.0
2.0
0.0
0.0
2.0
3.0
0.0
3.0
4.0
0.0
20.0
0.0
0.0
50.0
0.0
0.0
0.0
12.0
12.0
0.0
0.0
0.0
0.0
0.0
0.0
0.0
0.0
15.0
55.0
0.0
0.0
0.0
0.0
0.0
0.0
3.0
0.0
0.0
0.0
0.0
10.0
0.0
0.0
0.0
0.0
0.0
0.0
0.0
0.0
0.0
0.0
0.0
130.0
0.0
0.0
0.0
0.0
72.0
13.0
0.0
0.0
0.0
0.0
20.0
28.0
0.0
0.0
0.0
0.0
0.0
0.0
0.0
0.0
0.0
0.0
0.0
0.0
0.0
0.0
0.0
0.0
0.0
0.0
0.0
0.0
0.0
0.0
0.0
0.0
3.0
0.0
0.0
0.0
0.0
0.0
2.0
0.0
0.0
0.0
0.0
0.0
0.0
0.0
0.0
0.0
0.0
0.0
0.0
0.0
0.0
87.0
3.0
0.0
61.0
0.0
0.0
0.0
32.0
0.0
0.0
0.0
0.0
0.0
3.0
0.0
0.0
0.0
0.0
0.0
0.0
0.0
0.0
0.0
0.0
0.0
5.0
0.0
0.0
54.0
3.0
0.0
13.0
4.0
0.0
0.0
0.0
13.0
26.0
0.0
4.0
0.0
0.0
0.0
0.0
0.0
4.0
0.0
0.0
0.0
0.0
0.0
0.0
0.0
0.0
0.0
0.0
0.0
0.0
51.0
308.0
133.0
78.0
3.0
0.0
0.0
55.0
24.0
0.0
0.0
0.0
0.0
0.0
84.0
0.0
3.0
5.0
12.0
0.0
5.0
0.0
23.0
13.0
103.0
29.0
3.0
60.0
0.0
0.0
0.0
158.0
0.0
89.0
41.0
0.0
0.0
160.0
33.0
0.0
64.0
0.0
16.0
0.0
0.0
0.0
0.0
0.0
0.0
0.0
48.0
61.0
0.0
0.0
22.0
54.0
9.0
0.0
0.0
5.0
0.0
0.0
0.0
5.0
2.0
0.0
0.0
5.0
0.0
9.0
307.0
0.0
0.0
21.0
0.0
0.0
258.0
186.0
12.0
0.0
0.0
0.0
0.0
0.0
0.0
0.0
0.0
0.0
5.0
0.0
57.0
3.0
0.0
0.0
3.0
0.0
0.0
0.0
0.0
0.0
0.0
33.0
82.0
0.0
0.0
0.0
0.0
406.0
310.0
0.0
0.0
0.0
0.0
0.0
0.0
0.0
9.0
5.0
0.0
0.0
0.0
0.0
67.0
0.0
32.0
49.0
0.0
46.0
147.0
0.0
8.0
7.0
190.0
0.0
0.0
55.0
8.0
4.0
0.0
0.0
0.0
37.0
0.0
64.0
154.0
0.0
0.0
0.0
17.0
31.0
0.0
3.0
0.0
0.0
0.0
26.0
5.0
0.0
3.0
23.0
3.0
0.0
29.0
2.0
0.0
0.0
0.0
0.0
0.0
0.0
0.0
0.0
0.0
0.0
0.0
0.0
0.0
0.0
6.0
49.0
0.0
0.0
0.0
0.0
0.0
0.0
0.0
0.0
40.0
34.0
0.0
0.0
0.0
0.0
0.0
0.0
2.0
0.0
0.0
0.0
15.0
0.0
0.0
3.0
0.0
0.0
0.0
0.0
0.0
0.0
0.0
0.0
0.0
5.0
3.0
50.0
8.0
0.0
0.0
6.0
9.0
0.0
0.0
0.0
6.0
70.0
7.0
19.0
17.0
65.0
0.0
0.0
0.0
0.0
0.0
0.0
10.0
0.0
14.0
0.0
0.0
0.0
76.0
0.0
6.0
24.0
35.0
0.0
0.0
0.0
0.0
8.0
34.0
0.0
0.0
0.0
10.0
0.0
0.0
0.0
0.0
8.0
0.0
0.0
0.0
0.0
0.0
0.0
9.0
0.0
0.0
0.0
0.0
0.0
0.0
0.0
4.0
0.0
0.0
0.0
0.0
2.0
38.0
0.0
0.0
0.0
0.0
0.0
0.0
0.0
0.0
0.0
0.0
0.0
0.0
5.0
0.0
54.0
0.0
8.0
18.0
0.0
0.0
0.0
0.0
0.0
22.0
0.0
0.0
0.0
0.0
0.0
37.0
111.0
0.0
0.0
188.0
0.0
0.0
0.0
0.0
0.0
0.0
18.0
0.0
0.0
0.0
0.0
19.0
31.0
0.0
4.0
0.0
0.0
0.0
0.0
0.0
0.0
0.0
0.0
0.0
0.0
0.0
16.0
0.0
0.0
0.0
31.0
17.0
0.0
5.0
0.0
21.0
43.0
41.0
0.0
0.0
0.0
24.0
12.0
62.0
0.0
0.0
0.0
0.0
0.0
0.0
0.0
0.0
2.0
0.0
0.0
0.0
0.0
9.0
14.0
0.0
0.0
0.0
0.0
90.0
520.0
9.0
103.0
68.0
0.0
0.0
0.0
39.0
0.0
18.0
5.0
0.0
29.0
44.0
19.0
0.0
0.0
6.0
0.0
0.0
28.0
11.0
0.0
0.0
0.0
0.0
199.0
4.0
186.0
162.0
4.0
0.0
0.0
3.0
0.0
0.0
107.0
32.0
3.0
12.0
230.0
2.0
0.0
0.0
20.0
0.0
24.0
512.0
0.0
0.0
12.0
0.0
116.0
34.0
0.0
0.0
4.0
13.0
0.0
0.0
100.0
0.0
4.0
36.0
0.0
0.0
0.0
5.0
3.0
9.0
0.0
0.0
183.0
5.0
0.0
0.0
31.0
40.0
0.0
18.0
0.0
0.0
0.0
0.0
0.0
10.0
0.0
23.0
0.0
0.0
0.0
0.0
107.0
13.0
0.0
0.0
0.0
5.0
8.0
0.0
0.0
0.0
4.0
4.0
21.0
7.0
0.0
0.0
4.0
8.0
0.0
0.0
0.0
275.0
25.0
0.0
0.0
82.0
2.0
55.0
0.0
5.0
256.0
0.0
0.0
141.0
84.0
22.0
6.0
0.0
0.0
0.0
39.0
0.0
0.0
0.0
0.0
0.0
3.0
0.0
0.0
0.0
0.0
0.0
6.0
0.0
0.0
0.0
5.0
27.0
3.0
0.0
0.0
0.0
0.0
0.0
0.0
60.0
19.0
0.0
4.0
0.0
0.0
0.0
0.0
0.0
89.0
31.0
0.0
0.0
0.0
0.0
0.0
0.0
0.0
0.0
0.0
0.0
133.0
58.0
0.0
0.0
0.0
0.0
0.0
0.0
0.0
0.0
0.0
0.0
36.0
0.0
0.0
18.0
0.0
0.0
0.0
0.0
7.0
23.0
0.0
0.0
0.0
0.0
0.0
0.0
0.0
17.0
0.0
0.0
0.0
12.0
10.0
0.0
2.0
6.0
12.0
11.0
24.0
12.0
0.0
5.0
0.0
5.0
0.0
0.0
13.0
23.0
0.0
0.0
0.0
28.0
0.0
0.0
0.0
0.0
0.0
11.0
0.0
0.0
0.0
0.0
0.0
0.0
0.0
0.0
0.0
0.0
0.0
64.0
0.0
0.0
0.0
0.0
0.0
5.0
82.0
12.0
0.0
0.0
0.0
0.0
0.0
0.0
0.0
0.0
4.0
0.0
0.0
14.0
0.0
14.0
79.0
229.0
30.0
0.0
0.0
0.0
0.0
0.0
24.0
0.0
0.0
0.0
0.0
0.0
0.0
0.0
0.0
0.0
0.0
0.0
34.0
0.0
0.0
0.0
0.0
13.0
81.0
4.0
3.0
0.0
0.0
0.0
0.0
0.0
0.0
0.0
0.0
0.0
0.0
0.0
0.0
0.0
0.0
0.0
0.0
0.0
0.0
0.0
0.0
0.0
0.0
15.0
0.0
0.0
0.0
0.0
0.0
0.0
0.0
0.0
4.0
0.0
0.0
0.0
0.0
31.0
84.0
91.0
71.0
0.0
0.0
0.0
0.0
55.0
0.0
0.0
0.0
4.0
0.0
8.0
0.0
0.0
0.0
37.0
13.0
10.0
10.0
0.0
0.0
44.0
3.0
3.0
0.0
0.0
9.0
0.0
2.0
0.0
71.0
60.0
25.0
473.0
64.0
0.0
0.0
0.0
15.0
26.0
164.0
7.0
0.0
8.0
8.0
0.0
0.0
0.0
116.0
9.0
43.0
553.0
104.0
0.0
0.0
0.0
0.0
0.0
0.0
0.0
0.0
0.0
0.0
0.0
0.0
9.0
0.0
307.0
4.0
0.0
0.0
0.0
0.0
0.0
0.0
118.0
29.0
0.0
75.0
60.0
0.0
0.0
0.0
0.0
0.0
0.0
0.0
0.0
0.0
0.0
0.0
0.0
0.0
0.0
4.0
0.0
3.0
0.0
3.0
0.0
68.0
0.0
9.0
534.0
0.0
0.0
0.0
118.0
26.0
0.0
0.0
0.0
0.0
0.0
0.0
0.0
124.0
3.0
0.0
136.0
0.0
0.0
0.0
3.0
16.0
45.0
13.0
0.0
0.0
0.0
0.0
18.0
0.0
0.0
0.0
0.0
0.0
0.0
0.0
0.0
65.0
98.0
2.0
58.0
15.0
9.0
15.0
0.0
0.0
0.0
59.0
8.0
4.0
0.0
0.0
0.0
12.0
0.0
0.0
0.0
0.0
0.0
0.0
2.0
81.0
3.0
0.0
0.0
0.0
0.0
0.0
3.0
0.0
0.0
0.0
0.0
0.0
0.0
0.0
23.0
0.0
0.0
0.0
0.0
22.0
0.0
0.0
0.0
0.0
0.0
6.0
50.0
74.0
23.0
32.0
3.0
0.0
5.0
0.0
10.0
27.0
8.0
29.0
0.0
0.0
0.0
0.0
0.0
0.0
7.0
0.0
0.0
22.0
19.0
0.0
0.0
0.0
0.0
0.0
0.0
0.0
0.0
13.0
6.0
0.0
5.0
14.0
21.0
0.0
4.0
3.0
0.0
0.0
0.0
0.0
0.0
0.0
26.0
0.0
0.0
4.0
14.0
0.0
0.0
0.0
0.0
0.0
0.0
34.0
0.0
0.0
0.0
0.0
0.0
9.0
12.0
21.0
0.0
5.0
16.0
34.0
22.0
3.0
0.0
0.0
0.0
16.0
0.0
75.0
0.0
0.0
0.0
0.0
0.0
0.0
0.0
21.0
0.0
0.0
24.0
106.0
0.0
0.0
0.0
0.0
0.0
0.0
0.0
0.0
0.0
0.0
14.0
0.0
0.0
0.0
0.0
0.0
3.0
0.0
0.0
0.0
0.0
25.0
0.0
0.0
2.0
29.0
30.0
0.0
0.0
0.0
0.0
0.0
0.0
0.0
0.0
0.0
0.0
10.0
31.0
0.0
0.0
0.0
0.0
0.0
0.0
0.0
0.0
0.0
0.0
0.0
0.0
0.0
0.0
30.0
110.0
0.0
0.0
0.0
0.0
0.0
0.0
0.0
0.0
0.0
0.0
0.0
0.0
27.0
0.0
120.0
131.0
0.0
0.0
0.0
0.0
0.0
0.0
0.0
0.0
77.0
0.0
0.0
10.0
14.0
4.0
18.0
0.0
0.0
0.0
0.0
0.0
0.0
6.0
76.0
0.0
7.0
24.0
0.0
0.0
0.0
0.0
0.0
0.0
0.0
5.0
3.0
0.0
0.0
23.0
33.0
484.0
114.0
691.0
0.0
0.0
30.0
122.0
0.0
0.0
0.0
73.0
6.0
0.0
0.0
0.0
0.0
0.0
11.0
0.0
5.0
178.0
0.0
0.0
0.0
61.0
43.0
0.0
20.0
4.0
0.0
0.0
24.0
119.0
0.0
0.0
0.0
53.0
60.0
0.0
0.0
38.0
0.0
0.0
0.0
0.0
0.0
0.0
0.0
0.0
22.0
0.0
0.0
0.0
54.0
95.0
2.0
2.0
0.0
0.0
0.0
17.0
0.0
3.0
55.0
23.0
0.0
0.0
0.0
0.0
0.0
0.0
0.0
0.0
0.0
147.0
11.0
7.0
0.0
0.0
0.0
0.0
0.0
0.0
0.0
0.0
0.0
0.0
9.0
0.0
17.0
0.0
0.0
11.0
6.0
51.0
10.0
0.0
0.0
38.0
0.0
5.0
0.0
0.0
0.0
0.0
0.0
22.0
7.0
0.0
0.0
23.0
0.0
9.0
4.0
0.0
0.0
0.0
0.0
0.0
0.0
0.0
0.0
9.0
0.0
0.0
0.0
39.0
0.0
3.0
15.0
219.0
189.0
96.0
0.0
205.0
111.0
55.0
44.0
0.0
0.0
0.0
3.0
12.0
NaN
NaN
0.0
0.0
9.0
0.0
0.0
0.0
0.0
0.0
0.0
23.0
0.0
0.0
0.0
0.0
0.0
0.0
64.0
10.0
0.0
0.0
0.0
0.0
0.0
6.0
0.0
0.0
0.0
23.0
64.0
0.0
0.0
0.0
11.0
0.0
0.0
0.0
0.0
0.0
0.0
0.0
0.0
0.0
0.0
22.0
0.0
0.0
0.0
160.0
51.0
5.0
7.0
37.0
0.0
14.0
0.0
0.0
0.0
0.0
15.0
0.0
102.0
5.0
0.0
4.0
0.0
0.0
0.0
0.0
12.0
16.0
3.0
0.0
0.0
0.0
0.0
0.0
48.0
0.0
0.0
27.0
2.0
0.0
6.0
2.0
11.0
0.0
9.0
12.0
0.0
38.0
0.0
20.0
10.0
0.0
0.0
0.0
4.0
0.0
0.0
5.0
0.0
0.0
91.0
42.0
0.0
0.0
70.0
0.0
0.0
0.0
15.0
6.0
0.0
0.0
0.0
14.0
0.0
0.0
28.0
57.0
0.0
0.0
0.0
0.0
0.0
0.0
0.0
0.0
63.0
0.0
0.0
0.0
0.0
0.0
13.0
0.0
0.0
0.0
0.0
0.0
0.0
0.0
0.0
0.0
0.0
0.0
0.0
0.0
13.0
0.0
0.0
0.0
0.0
0.0
0.0
2.0
0.0
0.0
0.0
8.0
0.0
0.0
0.0
0.0
0.0
0.0
0.0
4.0
0.0
0.0
0.0
0.0
44.0
7.0
108.0
0.0
0.0
142.0
14.0
0.0
0.0
0.0
0.0
0.0
0.0
0.0
13.0
85.0
0.0
7.0
0.0
3.0
0.0
117.0
44.0
78.0
0.0
0.0
13.0
0.0
0.0
44.0
0.0
0.0
0.0
0.0
4.0
183.0
15.0
0.0
0.0
9.0
23.0
134.0
20.0
0.0
0.0
33.0
9.0
0.0
10.0
38.0
43.0
0.0
0.0
0.0
0.0
0.0
255.0
18.0
27.0
112.0
0.0
0.0
23.0
152.0
11.0
0.0
85.0
77.0
3.0
188.0
2.0
0.0
29.0
0.0
0.0
62.0
0.0
0.0
0.0
0.0
0.0
9.0
0.0
0.0
4.0
109.0
25.0
0.0
49.0
91.0
17.0
76.0
0.0
0.0
4.0
15.0
0.0
31.0
0.0
3.0
0.0
0.0
0.0
0.0
0.0
0.0
222.0
19.0
0.0
0.0
0.0
3.0
0.0
0.0
79.0
307.0
101.0
5.0
0.0
224.0
104.0
12.0
0.0
0.0
6.0
153.0
141.0
0.0
0.0
4.0
0.0
12.0
0.0
56.0
4.0
0.0
70.0
38.0
4.0
24.0
0.0
0.0
0.0
0.0
0.0
0.0
0.0
12.0
0.0
0.0
7.0
0.0
67.0
86.0
4.0
5.0
7.0
0.0
0.0
0.0
12.0
36.0
7.0
0.0
0.0
0.0
54.0
0.0
11.0
4.0
3.0
137.0
72.0
0.0
0.0
22.0
0.0
0.0
0.0
0.0
0.0
0.0
0.0
0.0
0.0
0.0
63.0
0.0
0.0
0.0
0.0
0.0
0.0
0.0
0.0
35.0
8.0
0.0
0.0
0.0
9.0
26.0
0.0
0.0
0.0
0.0
55.0
0.0
0.0
0.0
0.0
0.0
28.0
135.0
85.0
0.0
23.0
31.0
10.0
0.0
65.0
0.0
0.0
0.0
0.0
0.0
0.0
0.0
19.0
24.0
0.0
0.0
0.0
0.0
19.0
0.0
12.0
0.0
0.0
11.0
0.0
0.0
0.0
5.0
6.0
0.0
0.0
55.0
0.0
0.0
81.0
12.0
0.0
0.0
0.0
33.0
0.0
0.0
55.0
0.0
0.0
0.0
0.0
0.0
0.0
0.0
0.0
30.0
0.0
0.0
0.0
0.0
0.0
5.0
0.0
0.0
0.0
0.0
0.0
115.0
58.0
0.0
0.0
0.0
0.0
0.0
0.0
7.0
21.0
0.0
15.0
0.0
0.0
55.0
0.0
9.0
0.0
0.0
0.0
0.0
0.0
7.0
0.0
52.0
2.0
47.0
64.0
0.0
12.0
0.0
14.0
0.0
0.0
4.0
0.0
0.0
0.0
0.0
0.0
23.0
3.0
0.0
18.0
31.0
0.0
7.0
0.0
0.0
0.0
0.0
0.0
32.0
0.0
0.0
0.0
0.0
0.0
0.0
4.0
26.0
38.0
0.0
0.0
0.0
0.0
4.0
5.0
0.0
3.0
0.0
11.0
0.0
69.0
0.0
0.0
0.0
0.0
6.0
0.0
0.0
0.0
0.0
0.0
6.0
152.0
54.0
0.0
0.0
46.0
0.0
0.0
283.0
16.0
122.0
6.0
5.0
302.0
19.0
0.0
0.0
250.0
2.0
4.0
0.0
4.0
45.0
68.0
46.0
0.0
0.0
48.0
5.0
0.0
0.0
0.0
0.0
0.0
0.0
0.0
3.0
0.0
0.0
0.0
0.0
0.0
0.0
0.0
0.0
0.0
133.0
0.0
0.0
0.0
93.0
0.0
0.0
28.0
0.0
4.0
0.0
4.0
55.0
107.0
0.0
0.0
0.0
196.0
48.0
2.0
22.0
0.0
7.0
142.0
2.0
0.0
0.0
0.0
24.0
0.0
0.0
176.0
80.0
0.0
0.0
0.0
33.0
25.0
295.0
11.0
72.0
12.0
68.0
0.0
0.0
17.0
0.0
0.0
9.0
0.0
17.0
73.0
0.0
0.0
198.0
46.0
7.0
50.0
0.0
12.0
24.0
0.0
0.0
0.0
0.0
16.0
109.0
0.0
9.0
0.0
0.0
3.0
0.0
0.0
33.0
0.0
0.0
0.0
87.0
0.0
0.0
4.0
0.0
12.0
0.0
0.0
0.0
0.0
0.0
0.0
15.0
179.0
188.0
20.0
22.0
0.0
0.0
0.0
0.0
0.0
0.0
36.0
13.0
0.0
0.0
0.0
118.0
7.0
0.0
0.0
13.0
87.0
4.0
0.0
101.0
0.0
34.0
10.0
12.0
57.0
0.0
87.0
11.0
4.0
0.0
14.0
18.0
6.0
0.0
0.0
24.0
0.0
0.0
0.0
0.0
0.0
0.0
0.0
0.0
0.0
0.0
0.0
0.0
0.0
0.0
0.0
0.0
0.0
0.0
0.0
9.0
0.0
0.0
14.0
0.0
50.0
0.0
0.0
270.0
75.0
10.0
0.0
0.0
0.0
0.0
0.0
0.0
0.0
0.0
42.0
25.0
0.0
0.0
46.0
25.0
0.0
0.0
0.0
0.0
0.0
0.0
0.0
0.0
34.0
6.0
0.0
0.0
0.0
8.0
18.0
4.0
29.0
0.0
0.0
0.0
0.0
0.0
0.0
0.0
0.0
0.0
0.0
0.0
0.0
0.0
0.0
0.0
0.0
0.0
0.0
0.0
68.0
0.0
0.0
0.0
0.0
0.0
0.0
0.0
0.0
0.0
0.0
0.0
0.0
0.0
0.0
0.0
0.0
0.0
18.0
155.0
13.0
27.0
0.0
0.0
0.0
0.0
0.0
0.0
8.0
51.0
10.0
0.0
0.0
68.0
5.0
0.0
0.0
0.0
0.0
4.0
0.0
0.0
0.0
0.0
0.0
0.0
14.0
46.0
20.0
0.0
0.0
0.0
0.0
0.0
0.0
17.0
64.0
33.0
46.0
9.0
99.0
11.0
0.0
0.0
0.0
0.0
0.0
0.0
0.0
0.0
12.0
0.0
9.0
0.0
0.0
4.0
19.0
0.0
0.0
0.0
0.0
0.0
3.0
8.0
37.0
16.0
0.0
6.0
0.0
5.0
0.0
59.0
0.0
0.0
0.0
0.0
0.0
0.0
0.0
0.0
0.0
2.0
2.0
12.0
0.0
0.0
0.0
0.0
0.0
0.0
0.0
0.0
0.0
0.0
0.0
0.0
4.0
0.0
0.0
0.0
32.0
2.0
0.0
0.0
8.0
0.0
0.0
0.0
0.0
0.0
0.0
0.0
0.0
0.0
19.0
0.0
40.0
37.0
0.0
2.0
0.0
301.0
12.0
0.0
0.0
0.0
45.0
175.0
21.0
2.0
67.0
0.0
18.0
16.0
23.0
0.0
0.0
78.0
0.0
0.0
0.0
0.0
179.0
0.0
0.0
0.0
0.0
0.0
48.0
0.0
0.0
0.0
98.0
56.0
7.0
0.0
7.0
13.0
0.0
0.0
0.0
0.0
11.0
118.0
6.0
0.0
25.0
0.0
126.0
0.0
0.0
242.0
102.0
233.0
0.0
0.0
3.0
17.0
0.0
24.0
167.0
11.0
0.0
88.0
0.0
0.0
0.0
0.0
0.0
0.0
0.0
0.0
72.0
5.0
0.0
0.0
13.0
0.0
27.0
12.0
20.0
30.0
0.0
0.0
92.0
0.0
0.0
372.0
3.0
5.0
0.0
13.0
0.0
3.0
0.0
4.0
0.0
0.0
0.0
0.0
0.0
0.0
58.0
0.0
3.0
0.0
0.0
0.0
0.0
0.0
0.0
0.0
0.0
59.0
20.0
52.0
4.0
0.0
0.0
0.0
0.0
8.0
132.0
3.0
0.0
0.0
0.0
15.0
0.0
0.0
0.0
0.0
98.0
0.0
0.0
31.0
0.0
0.0
201.0
28.0
0.0
4.0
14.0
0.0
0.0
0.0
0.0
0.0
0.0
14.0
0.0
5.0
0.0
3.0
0.0
12.0
0.0
78.0
0.0
27.0
0.0
0.0
0.0
0.0
0.0
0.0
7.0
6.0
9.0
3.0
0.0
0.0
0.0
0.0
0.0
0.0
0.0
0.0
0.0
12.0
112.0
0.0
0.0
0.0
0.0
0.0
0.0
0.0
0.0
0.0
0.0
6.0
4.0
0.0
0.0
0.0
0.0
0.0
0.0
0.0
0.0
0.0
16.0
0.0
0.0
52.0
131.0
50.0
14.0
18.0
5.0
0.0
0.0
6.0
0.0
0.0
0.0
0.0
0.0
0.0
0.0
0.0
0.0
0.0
0.0
39.0
0.0
15.0
18.0
7.0
0.0
0.0
0.0
0.0
0.0
0.0
0.0
0.0
0.0
16.0
4.0
46.0
0.0
0.0
0.0
11.0
0.0
6.0
4.0
38.0
0.0
0.0
0.0
0.0
0.0
0.0
25.0
0.0
0.0
0.0
0.0
0.0
0.0
11.0
0.0
0.0
0.0
0.0
0.0
0.0
36.0
0.0
34.0
0.0
0.0
60.0
0.0
0.0
11.0
0.0
0.0
0.0
0.0
0.0
0.0
0.0
0.0
0.0
0.0
0.0
0.0
14.0
0.0
151.0
0.0
9.0
12.0
0.0
0.0
0.0
0.0
0.0
0.0
0.0
0.0
7.0
0.0
0.0
0.0
0.0
121.0
72.0
0.0
19.0
16.0
0.0
0.0
0.0
0.0
0.0
0.0
3.0
0.0
0.0
0.0
0.0
0.0
0.0
0.0
0.0
0.0
0.0
0.0
0.0
0.0
0.0
0.0
0.0
0.0
0.0
0.0
3.0
0.0
0.0
0.0
0.0
0.0
0.0
2.0
0.0
0.0
0.0
0.0
22.0
17.0
0.0
0.0
3.0
19.0
40.0
0.0
17.0
0.0
0.0
0.0
215.0
0.0
3.0
0.0
0.0
0.0
0.0
0.0
0.0
0.0
12.0
0.0
0.0
0.0
0.0
0.0
0.0
0.0
0.0
0.0
13.0
0.0
0.0
0.0
16.0
8.0
0.0
411.0
9.0
0.0
51.0
4.0
0.0
4.0
0.0
2.0
0.0
3.0
0.0
0.0
12.0
0.0
0.0
0.0
0.0
0.0
0.0
170.0
179.0
118.0
0.0
15.0
0.0
0.0
0.0
529.0
0.0
14.0
0.0
3.0
7.0
18.0
12.0
0.0
0.0
0.0
0.0
0.0
0.0
0.0
0.0
35.0
0.0
91.0
0.0
0.0
0.0
0.0
0.0
0.0
0.0
0.0
0.0
0.0
3.0
0.0
0.0
171.0
0.0
22.0
13.0
0.0
0.0
15.0
0.0
112.0
3.0
6.0
0.0
6.0
43.0
7.0
0.0
0.0
0.0
0.0
0.0
4.0
0.0
0.0
0.0
0.0
3.0
0.0
0.0
123.0
116.0
0.0
0.0
0.0
17.0
82.0
0.0
120.0
0.0
0.0
13.0
0.0
3.0
0.0
0.0
8.0
2.0
9.0
0.0
0.0
0.0
32.0
3.0
0.0
0.0
0.0
0.0
0.0
0.0
0.0
0.0
0.0
0.0
0.0
36.0
4.0
0.0
10.0
3.0
0.0
0.0
98.0
0.0
0.0
0.0
60.0
125.0
0.0
0.0
0.0
0.0
0.0
0.0
0.0
0.0
0.0
13.0
21.0
0.0
0.0
0.0
9.0
2.0
14.0
305.0
120.0
30.0
0.0
0.0
0.0
0.0
0.0
0.0
0.0
15.0
0.0
0.0
0.0
0.0
4.0
0.0
0.0
0.0
0.0
0.0
0.0
0.0
13.0
0.0
0.0
0.0
20.0
0.0
0.0
0.0
48.0
21.0
0.0
0.0
0.0
0.0
45.0
97.0
33.0
0.0
0.0
81.0
0.0
0.0
11.0
0.0
89.0
0.0
47.0
0.0
0.0
32.0
85.0
68.0
0.0
0.0
75.0
30.0
0.0
0.0
6.0
22.0
28.0
49.0
48.0
0.0
0.0
0.0
0.0
0.0
81.0
0.0
0.0
0.0
0.0
0.0
26.0
0.0
0.0
0.0
0.0
0.0
22.0
14.0
16.0
0.0
0.0
0.0
0.0
0.0
14.0
0.0
0.0
0.0
0.0
0.0
0.0
0.0
0.0
0.0
45.0
23.0
0.0
0.0
4.0
0.0
0.0
0.0
0.0
0.0
0.0
0.0
38.0
0.0
0.0
3.0
0.0
34.0
4.0
0.0
33.0
0.0
0.0
0.0
0.0
0.0
0.0
17.0
0.0
0.0
0.0
0.0
90.0
0.0
131.0
0.0
0.0
23.0
0.0
0.0
0.0
0.0
0.0
44.0
12.0
0.0
7.0
0.0
4.0
0.0
0.0
0.0
0.0
0.0
0.0
0.0
0.0
0.0
0.0
3.0
32.0
0.0
0.0
0.0
0.0
4.0
0.0
0.0
0.0
77.0
30.0
0.0
0.0
5.0
0.0
0.0
0.0
0.0
0.0
0.0
0.0
0.0
21.0
134.0
0.0
154.0
0.0
0.0
0.0
7.0
102.0
58.0
0.0
69.0
0.0
0.0
0.0
0.0
10.0
0.0
0.0
33.0
7.0
242.0
7.0
0.0
0.0
0.0
302.0
127.0
0.0
0.0
0.0
0.0
41.0
0.0
0.0
172.0
3.0
0.0
50.0
7.0
0.0
14.0
0.0
141.0
233.0
0.0
0.0
29.0
0.0
22.0
8.0
0.0
0.0
25.0
0.0
9.0
186.0
4.0
0.0
0.0
0.0
3.0
17.0
0.0
0.0
0.0
0.0
0.0
0.0
0.0
0.0
0.0
4.0
3.0
43.0
0.0
0.0
13.0
375.0
51.0
36.0
7.0
0.0
0.0
0.0
0.0
0.0
16.0
155.0
2.0
0.0
0.0
0.0
51.0
398.0
7.0
0.0
0.0
0.0
0.0
0.0
9.0
0.0
10.0
159.0
19.0
0.0
0.0
0.0
14.0
10.0
0.0
0.0
23.0
3.0
0.0
19.0
9.0
110.0
0.0
0.0
0.0
0.0
0.0
4.0
0.0
0.0
12.0
10.0
11.0
0.0
9.0
0.0
0.0
0.0
0.0
0.0
0.0
11.0
0.0
0.0
61.0
12.0
0.0
0.0
22.0
6.0
0.0
0.0
0.0
0.0
NaN
NaN
18.0
0.0
0.0
0.0
0.0
0.0
0.0
0.0
0.0
0.0
0.0
0.0
0.0
0.0
0.0
0.0
5.0
8.0
45.0
62.0
0.0
0.0
34.0
0.0
12.0
0.0
0.0
29.0
0.0
25.0
0.0
14.0
0.0
10.0
0.0
0.0
0.0
56.0
0.0
0.0
0.0
12.0
0.0
0.0
0.0
0.0
21.0
0.0
0.0
0.0
0.0
0.0
16.0
110.0
0.0
0.0
0.0
0.0
0.0
11.0
0.0
5.0
0.0
0.0
0.0
0.0
0.0
0.0
0.0
39.0
5.0
26.0
75.0
0.0
0.0
19.0
0.0
0.0
83.0
12.0
6.0
0.0
0.0
0.0
0.0
0.0
63.0
32.0
0.0
0.0
15.0
0.0
0.0
12.0
0.0
17.0
32.0
0.0
15.0
25.0
14.0
6.0
0.0
0.0
7.0
16.0
28.0
0.0
0.0
0.0
0.0
0.0
0.0
0.0
0.0
16.0
5.0
21.0
0.0
0.0
0.0
0.0
16.0
0.0
95.0
0.0
0.0
0.0
12.0
7.0
0.0
0.0
0.0
61.0
0.0
0.0
0.0
0.0
68.0
0.0
0.0
0.0
0.0
4.0
0.0
0.0
0.0
102.0
0.0
42.0
172.0
80.0
11.0
0.0
0.0
0.0
45.0
0.0
0.0
0.0
0.0
0.0
0.0
0.0
0.0
0.0
4.0
0.0
0.0
5.0
0.0
0.0
0.0
0.0
21.0
0.0
0.0
0.0
0.0
0.0
8.0
6.0
0.0
0.0
0.0
0.0
0.0
0.0
71.0
46.0
40.0
2.0
6.0
23.0
101.0
0.0
0.0
0.0
0.0
8.0
0.0
0.0
0.0
4.0
0.0
0.0
0.0
0.0
38.0
61.0
0.0
37.0
206.0
7.0
0.0
0.0
0.0
100.0
0.0
0.0
0.0
0.0
0.0
0.0
0.0
0.0
0.0
0.0
772.0
83.0
0.0
44.0
27.0
0.0
156.0
43.0
3.0
124.0
131.0
23.0
44.0
0.0
0.0
0.0
54.0
0.0
102.0
192.0
0.0
35.0
0.0
0.0
0.0
0.0
0.0
5.0
0.0
0.0
7.0
95.0
12.0
16.0
0.0
131.0
50.0
0.0
0.0
0.0
0.0
0.0
0.0
0.0
0.0
25.0
0.0
0.0
0.0
16.0
0.0
0.0
0.0
0.0
0.0
0.0
0.0
0.0
0.0
0.0
0.0
22.0
2.0
0.0
0.0
0.0
0.0
0.0
3.0
0.0
0.0
12.0
0.0
17.0
0.0
4.0
40.0
0.0
0.0
0.0
0.0
0.0
0.0
0.0
42.0
0.0
0.0
2.0
62.0
0.0
31.0
0.0
0.0
0.0
2.0
0.0
26.0
5.0
0.0
9.0
5.0
29.0
0.0
4.0
6.0
13.0
0.0
0.0
121.0
2.0
0.0
30.0
41.0
3.0
2.0
0.0
0.0
0.0
0.0
0.0
0.0
13.0
0.0
0.0
2.0
0.0
24.0
0.0
0.0
0.0
0.0
0.0
0.0
27.0
6.0
5.0
0.0
0.0
0.0
0.0
0.0
0.0
0.0
NaN
NaN
0.0
0.0
54.0
0.0
0.0
0.0
0.0
0.0
0.0
0.0
6.0
0.0
0.0
0.0
0.0
5.0
0.0
0.0
0.0
0.0
0.0
0.0
0.0
0.0
0.0
0.0
0.0
9.0
95.0
31.0
58.0
0.0
11.0
0.0
9.0
0.0
0.0
0.0
0.0
6.0
3.0
0.0
0.0
0.0
0.0
0.0
0.0
46.0
75.0
16.0
0.0
0.0
0.0
0.0
0.0
0.0
66.0
12.0
39.0
0.0
0.0
23.0
0.0
0.0
45.0
16.0
0.0
0.0
10.0
0.0
0.0
0.0
0.0
0.0
0.0
119.0
0.0
0.0
48.0
0.0
0.0
5.0
0.0
0.0
0.0
0.0
0.0
14.0
0.0
34.0
52.0
0.0
0.0
8.0
46.0
0.0
0.0
12.0
12.0
0.0
0.0
0.0
0.0
0.0
0.0
0.0
0.0
0.0
0.0
0.0
0.0
25.0
44.0
0.0
0.0
0.0
0.0
0.0
27.0
30.0
0.0
8.0
5.0
0.0
0.0
0.0
9.0
58.0
0.0
5.0
0.0
0.0
3.0
6.0
20.0
11.0
0.0
0.0
0.0
62.0
0.0
0.0
0.0
0.0
0.0
0.0
0.0
0.0
0.0
0.0
0.0
0.0
12.0
53.0
0.0
0.0
17.0
22.0
0.0
0.0
0.0
6.0
0.0
5.0
0.0
0.0
0.0
0.0
0.0
0.0
0.0
34.0
231.0
0.0
0.0
0.0
0.0
0.0
0.0
52.0
8.0
0.0
0.0
0.0
43.0
47.0
2.0
276.0
84.0
19.0
0.0
123.0
26.0
57.0
26.0
6.0
0.0
0.0
0.0
4.0
18.0
0.0
0.0
8.0
0.0
0.0
0.0
0.0
0.0
23.0
377.0
27.0
0.0
0.0
9.0
0.0
0.0
0.0
13.0
508.0
0.0
0.0
0.0
0.0
0.0
0.0
0.0
75.0
193.0
8.0
0.0
41.0
89.0
23.0
0.0
0.0
0.0
0.0
0.0
0.0
0.0
0.0
0.0
0.0
636.0
0.0
0.0
22.0
57.0
153.0
290.0
84.0
31.0
0.0
45.0
24.0
0.0
7.0
0.0
19.0
87.0
44.0
0.0
0.0
0.0
0.0
123.0
82.0
119.0
0.0
54.0
0.0
8.0
0.0
0.0
0.0
0.0
0.0
24.0
0.0
0.0
0.0
19.0
9.0
0.0
27.0
22.0
0.0
0.0
0.0
0.0
0.0
0.0
0.0
0.0
0.0
0.0
0.0
0.0
0.0
12.0
0.0
14.0
0.0
2.0
32.0
2.0
6.0
0.0
0.0
0.0
0.0
0.0
0.0
0.0
8.0
0.0
0.0
46.0
143.0
0.0
0.0
17.0
0.0
5.0
38.0
113.0
0.0
222.0
17.0
0.0
0.0
421.0
39.0
2.0
62.0
28.0
0.0
0.0
0.0
123.0
2.0
0.0
0.0
16.0
7.0
0.0
0.0
0.0
0.0
0.0
0.0
0.0
0.0
276.0
0.0
6.0
0.0
0.0
0.0
0.0
24.0
7.0
0.0
120.0
0.0
0.0
0.0
215.0
228.0
27.0
0.0
0.0
88.0
14.0
0.0
19.0
0.0
0.0
25.0
0.0
6.0
0.0
0.0
0.0
0.0
0.0
0.0
0.0
62.0
16.0
0.0
22.0
48.0
0.0
0.0
0.0
15.0
10.0
0.0
0.0
0.0
6.0
0.0
21.0
0.0
18.0
41.0
92.0
11.0
12.0
0.0
0.0
0.0
0.0
189.0
0.0
0.0
0.0
0.0
0.0
117.0
0.0
0.0
0.0
0.0
0.0
0.0
0.0
0.0
6.0
0.0
0.0
0.0
0.0
0.0
0.0
0.0
0.0
0.0
16.0
0.0
0.0
0.0
0.0
0.0
0.0
0.0
17.0
16.0
0.0
13.0
0.0
0.0
0.0
24.0
0.0
11.0
26.0
23.0
0.0
0.0
0.0
0.0
0.0
0.0
0.0
0.0
0.0
0.0
0.0
0.0
0.0
11.0
0.0
0.0
11.0
0.0
141.0
0.0
0.0
35.0
0.0
115.0
0.0
0.0
18.0
19.0
0.0
0.0
0.0
0.0
0.0
0.0
0.0
0.0
0.0
0.0
51.0
117.0
37.0
0.0
0.0
27.0
0.0
43.0
24.0
0.0
0.0
0.0
0.0
0.0
0.0
0.0
0.0
0.0
0.0
0.0
0.0
0.0
0.0
0.0
0.0
0.0
0.0
0.0
0.0
0.0
0.0
0.0
0.0
0.0
24.0
0.0
36.0
0.0
0.0
0.0
0.0
0.0
0.0
0.0
153.0
83.0
34.0
20.0
0.0
0.0
16.0
0.0
0.0
0.0
15.0
0.0
0.0
19.0
6.0
11.0
0.0
0.0
0.0
0.0
0.0
30.0
82.0
0.0
0.0
0.0
22.0
134.0
81.0
0.0
0.0
0.0
0.0
29.0
19.0
0.0
3.0
2.0
0.0
0.0
0.0
24.0
22.0
0.0
0.0
0.0
245.0
45.0
3.0
0.0
0.0
0.0
0.0
0.0
0.0
0.0
0.0
0.0
2.0
74.0
42.0
0.0
0.0
0.0
8.0
33.0
62.0
97.0
0.0
6.0
27.0
0.0
0.0
45.0
38.0
250.0
124.0
0.0
0.0
34.0
0.0
13.0
0.0
0.0
0.0
0.0
4.0
48.0
0.0
5.0
0.0
82.0
9.0
0.0
0.0
0.0
0.0
5.0
0.0
62.0
30.0
0.0
0.0
0.0
14.0
0.0
0.0
0.0
0.0
0.0
0.0
0.0
96.0
0.0
0.0
0.0
0.0
13.0
0.0
0.0
0.0
0.0
0.0
13.0
0.0
56.0
94.0
93.0
14.0
2.0
0.0
17.0
0.0
145.0
42.0
0.0
0.0
40.0
3.0
38.0
4.0
99.0
0.0
45.0
44.0
0.0
0.0
41.0
0.0
0.0
4.0
5.0
81.0
0.0
0.0
0.0
0.0
0.0
0.0
0.0
9.0
0.0
57.0
0.0
0.0
0.0
0.0
0.0
0.0
0.0
0.0
0.0
0.0
0.0
0.0
0.0
3.0
0.0
4.0
0.0
45.0
0.0
0.0
0.0
13.0
0.0
0.0
0.0
0.0
0.0
0.0
0.0
3.0
0.0
0.0
0.0
0.0
0.0
39.0
38.0
0.0
0.0
0.0
0.0
0.0
164.0
0.0
0.0
11.0
10.0
0.0
65.0
0.0
0.0
0.0
100.0
19.0
0.0
0.0
0.0
0.0
0.0
0.0
0.0
0.0
0.0
0.0
45.0
0.0
0.0
0.0
0.0
0.0
0.0
0.0
0.0
0.0
0.0
51.0
23.0
0.0
18.0
0.0
0.0
48.0
0.0
56.0
0.0
0.0
21.0
50.0
0.0
53.0
24.0
49.0
42.0
120.0
0.0
0.0
46.0
0.0
0.0
0.0
0.0
0.0
0.0
0.0
0.0
24.0
16.0
11.0
0.0
0.0
0.0
0.0
0.0
0.0
0.0
24.0
0.0
0.0
0.0
65.0
0.0
104.0
0.0
0.0
0.0
0.0
0.0
0.0
0.0
0.0
0.0
0.0
0.0
0.0
0.0
0.0
0.0
0.0
0.0
0.0
0.0
0.0
0.0
0.0
0.0
0.0
0.0
0.0
0.0
0.0
0.0
0.0
0.0
0.0
0.0
0.0
0.0
0.0
0.0
11.0
9.0
0.0
25.0
0.0
18.0
0.0
0.0
0.0
46.0
0.0
0.0
31.0
18.0
0.0
0.0
0.0
0.0
0.0
4.0
0.0
0.0
0.0
0.0
0.0
0.0
0.0
0.0
0.0
0.0
0.0
0.0
4.0
17.0
0.0
0.0
0.0
17.0
0.0
0.0
0.0
0.0
0.0
0.0
0.0
0.0
0.0
0.0
0.0
0.0
0.0
0.0
178.0
12.0
7.0
0.0
0.0
0.0
0.0
0.0
0.0
0.0
36.0
2.0
9.0
0.0
0.0
0.0
0.0
0.0
16.0
0.0
0.0
0.0
0.0
0.0
0.0
82.0
63.0
0.0
47.0
7.0
70.0
0.0
28.0
0.0
0.0
0.0
0.0
0.0
0.0
0.0
0.0
222.0
203.0
0.0
47.0
0.0
15.0
9.0
2.0
53.0
30.0
0.0
0.0
0.0
22.0
0.0
95.0
262.0
22.0
52.0
8.0
0.0
0.0
17.0
64.0
4.0
0.0
68.0
29.0
84.0
21.0
15.0
19.0
45.0
6.0
11.0
0.0
0.0
0.0
126.0
42.0
0.0
61.0
3.0
0.0
6.0
21.0
6.0
32.0
820.0
4.0
863.0
11.0
0.0
0.0
0.0
40.0
53.0
2.0
78.0
13.0
0.0
0.0
226.0
3.0
0.0
114.0
0.0
42.0
12.0
0.0
0.0
40.0
29.0
18.0
0.0
0.0
183.0
32.0
0.0
22.0
34.0
54.0
111.0
86.0
12.0
0.0
