NaN
21.6774193548
19.9961538462
NaN
NaN
NaN
NaN
-10.828
-2.71538461538
NaN
NaN
NaN
NaN
NaN
17.7555555556
NaN
-6.788
-12.2344827586
-19.1655172414
-10.7413793103
-7.88709677419
2.03103448276
11.3
21.562962963
NaN
NaN
17.29
8.28387096774
-7.20666666667
-14.2258064516
-16.1709677419
-7.98571428571
-4.88709677419
2.33
12.1862068966
23.4566666667
23.2838709677
23.2612903226
18.2333333333
8.31935483871
-2.86296296296
-2.88620689655
-12.0965517241
-1.7
-3.19032258065
10.9821428571
NaN
19.1172413793
24.16
25.2285714286
18.9
9.39032258065
-0.42
-9.79032258065
-13.6677419355
-5.0
0.467741935484
9.63333333333
14.9451612903
20.0133333333
23.4290322581
22.835483871
15.4833333333
8.36129032258
4.24333333333
-3.4935483871
-11.8161290323
-4.69310344828
2.82258064516
8.39
15.6387096774
17.8966666667
23.9967741935
23.1806451613
15.6666666667
10.2193548387
-2.61
-17.0032258065
-7.36774193548
-13.8285714286
-2.55806451613
5.93666666667
15.4612903226
19.8033333333
24.2870967742
24.335483871
18.3666666667
7.77741935484
2.95666666667
-6.31935483871
-11.1290322581
-5.70714285714
-8.32903225806
3.91333333333
13.0
22.1866666667
25.7096774194
22.2806451613
16.7333333333
3.41935483871
-2.47
-5.75483870968
-12.1193548387
-14.175
-4.78709677419
9.21666666667
18.0516129032
21.34
23.9935483871
26.3225806452
15.9566666667
9.94193548387
-3.83666666667
-5.81935483871
-17.3967741935
-7.77931034483
-2.01935483871
6.08
11.1129032258
17.46
22.2709677419
18.4548387097
17.9566666667
8.65806451613
2.08666666667
-10.1741935484
-15.235483871
-8.71071428571
-2.87741935484
9.16333333333
13.7774193548
19.9033333333
23.3870967742
21.0032258065
17.4533333333
9.54193548387
0.366666666667
-5.9935483871
-4.70967741935
-10.9571428571
-1.94838709677
11.61
16.0129032258
22.6366666667
26.1129032258
24.6451612903
18.1033333333
6.57741935484
-1.96666666667
-5.60322580645
-10.4967741935
-13.9607142857
-1.33225806452
6.87666666667
NaN
21.0620689655
25.1838709677
21.8322580645
17.2133333333
9.60967741935
-1.55333333333
-10.7
-12.335483871
-12.8586206897
-4.46129032258
6.69666666667
13.1451612903
19.9833333333
22.1612903226
23.3774193548
16.1133333333
9.88
-1.21333333333
-15.7
-14.8064516129
-10.4107142857
-4.42258064516
4.92
11.3806451613
19.5066666667
20.8064516129
21.1612903226
22.8233333333
6.26774193548
4.28666666667
-11.0677419355
-10.1064516129
-9.29642857143
1.33870967742
11.76
15.4548387097
20.9535714286
24.3709677419
23.2516129032
15.1
12.4387096774
-0.586666666667
-11.1677419355
-14.7225806452
-10.075
-5.21612903226
NaN
14.33
NaN
NaN
NaN
NaN
NaN
NaN
NaN
NaN
NaN
NaN
NaN
NaN
22.3333333333
27.2233333333
24.5129032258
17.3533333333
6.97741935484
-2.85666666667
-11.0225806452
-12.0258064516
-8.94642857143
-5.62903225806
1.86333333333
14.0322580645
22.0933333333
23.7433333333
24.164516129
20.5233333333
9.48214285714
NaN
NaN
-14.0129032258
-15.2518518519
-6.95806451613
3.44
13.9032258065
20.5533333333
22.9862068966
23.3322580645
16.8466666667
9.93870967742
-5.04482758621
-6.86774193548
-9.06
-14.5642857143
0.238709677419
8.60666666667
15.9258064516
22.65
25.0533333333
23.2419354839
19.7266666667
10.92
2.20333333333
-5.90740740741
-9.72258064516
-5.93461538462
1.42580645161
6.61666666667
NaN
21.7344827586
24.2129032258
23.9193548387
18.67
9.44333333333
5.76071428571
-9.0064516129
-8.79032258065
-6.66538461538
-2.73225806452
7.81333333333
15.8580645161
20.92
24.3413793103
23.6677419355
17.7153846154
10.6769230769
