0.0
0.0
0.0
0.0
124.0
25.0
76.0
0.0
0.0
0.0
0.0
0.0
0.0
0.0
18.0
0.0
0.0
0.0
163.0
0.0
0.0
0.0
0.0
0.0
0.0
15.0
23.0
5.0
0.0
0.0
0.0
0.0
20.0
114.0
0.0
0.0
28.0
0.0
13.0
135.0
97.0
0.0
0.0
135.0
33.0
0.0
0.0
0.0
66.0
0.0
94.0
66.0
0.0
0.0
0.0
206.0
38.0
5.0
0.0
94.0
3.0
0.0
0.0
38.0
0.0
165.0
53.0
0.0
0.0
71.0
0.0
152.0
46.0
0.0
0.0
0.0
33.0
112.0
5.0
3.0
43.0
0.0
0.0
0.0
0.0
8.0
23.0
224.0
244.0
0.0
0.0
0.0
76.0
236.0
18.0
0.0
81.0
97.0
0.0
0.0
183.0
89.0
61.0
0.0
0.0
38.0
0.0
0.0
5.0
0.0
0.0
135.0
102.0
234.0
36.0
0.0
0.0
206.0
0.0
0.0
53.0
0.0
0.0
20.0
127.0
0.0
0.0
0.0
0.0
0.0
0.0
0.0
0.0
107.0
0.0
0.0
0.0
0.0
0.0
356.0
74.0
51.0
0.0
246.0
20.0
0.0
8.0
0.0
0.0
0.0
0.0
0.0
0.0
0.0
10.0
0.0
114.0
0.0
0.0
180.0
51.0
30.0
0.0
0.0
0.0
3.0
0.0
0.0
41.0
5.0
0.0
0.0
30.0
124.0
28.0
0.0
226.0
33.0
0.0
0.0
25.0
18.0
0.0
0.0
109.0
0.0
0.0
0.0
13.0
0.0
0.0
0.0
142.0
0.0
119.0
81.0
74.0
0.0
0.0
0.0
33.0
33.0
0.0
0.0
0.0
0.0
0.0
0.0
64.0
0.0
25.0
152.0
33.0
0.0
0.0
104.0
0.0
0.0
0.0
79.0
0.0
0.0
61.0
13.0
0.0
0.0
0.0
0.0
0.0
25.0
0.0
0.0
0.0
20.0
208.0
46.0
0.0
0.0
0.0
241.0
0.0
0.0
0.0
58.0
0.0
0.0
0.0
0.0
0.0
0.0
43.0
0.0
0.0
0.0
8.0
0.0
0.0
38.0
0.0
0.0
0.0
76.0
0.0
0.0
13.0
13.0
13.0
0.0
0.0
0.0
191.0
0.0
0.0
61.0
0.0
76.0
64.0
0.0
0.0
0.0
0.0
0.0
178.0
0.0
0.0
0.0
0.0
0.0
0.0
0.0
0.0
0.0
13.0
0.0
0.0
0.0
89.0
0.0
0.0
0.0
0.0
76.0
0.0
8.0
0.0
0.0
0.0
25.0
0.0
13.0
10.0
0.0
0.0
0.0
0.0
0.0
0.0
0.0
28.0
38.0
0.0
0.0
74.0
0.0
0.0
89.0
0.0
0.0
38.0
0.0
0.0
76.0
0.0
89.0
0.0
0.0
0.0
0.0
0.0
0.0
0.0
102.0
89.0
25.0
0.0
38.0
0.0
0.0
0.0
0.0
0.0
28.0
0.0
130.0
30.0
0.0
0.0
33.0
0.0
0.0
104.0
0.0
0.0
0.0
0.0
8.0
0.0
140.0
0.0
0.0
0.0
0.0
0.0
25.0
0.0
0.0
0.0
0.0
0.0
0.0
99.0
38.0
10.0
0.0
0.0
0.0
0.0
0.0
0.0
0.0
0.0
0.0
33.0
0.0
0.0
8.0
38.0
51.0
0.0
53.0
20.0
0.0
25.0
0.0
36.0
15.0
41.0
0.0
36.0
8.0
30.0
10.0
0.0
0.0
0.0
234.0
0.0
58.0
23.0
0.0
0.0
0.0
0.0
0.0
0.0
0.0
0.0
0.0
28.0
0.0
0.0
0.0
0.0
0.0
0.0
0.0
257.0
0.0
0.0
0.0
0.0
0.0
0.0
0.0
15.0
0.0
0.0
0.0
0.0
114.0
30.0
30.0
0.0
0.0
0.0
0.0
0.0
0.0
0.0
0.0
254.0
48.0
0.0
0.0
0.0
0.0
0.0
0.0
112.0
0.0
0.0
8.0
0.0
0.0
8.0
0.0
0.0
0.0
0.0
48.0
15.0
0.0
0.0
8.0
0.0
0.0
20.0
114.0
0.0
0.0
0.0
20.0
23.0
5.0
0.0
0.0
0.0
0.0
0.0
5.0
0.0
0.0
0.0
0.0
0.0
0.0
0.0
0.0
0.0
0.0
15.0
0.0
5.0
0.0
0.0
234.0
15.0
13.0
0.0
0.0
0.0
0.0
0.0
0.0
0.0
0.0
3.0
0.0
0.0
15.0
0.0
0.0
0.0
0.0
0.0
0.0
15.0
53.0
25.0
0.0
8.0
81.0
48.0
91.0
0.0
140.0
38.0
0.0
0.0
91.0
130.0
0.0
277.0
41.0
0.0
0.0
86.0
0.0
0.0
0.0
94.0
0.0
0.0
8.0
0.0
0.0
0.0
5.0
0.0
8.0
340.0
0.0
5.0
0.0
0.0
25.0
0.0
0.0
0.0
53.0
117.0
0.0
0.0
267.0
122.0
0.0
0.0
0.0
0.0
0.0
0.0
0.0
0.0
0.0
0.0
0.0
10.0
0.0
0.0
0.0
0.0
0.0
140.0
0.0
51.0
20.0
13.0
0.0
0.0
102.0
0.0
0.0
0.0
0.0
0.0
130.0
91.0
48.0
0.0
0.0
0.0
0.0
0.0
0.0
89.0
25.0
0.0
0.0
76.0
25.0
25.0
38.0
0.0
0.0
152.0
0.0
0.0
0.0
8.0
0.0
53.0
0.0
0.0
0.0
0.0
0.0
122.0
0.0
25.0
0.0
0.0
0.0
157.0
0.0
0.0
25.0
0.0
203.0
0.0
0.0
0.0
0.0
0.0
0.0
64.0
0.0
25.0
0.0
0.0
0.0
254.0
0.0
25.0
25.0
0.0
0.0
0.0
0.0
0.0
102.0
0.0
102.0
0.0
0.0
0.0
0.0
0.0
13.0
0.0
0.0
0.0
0.0
0.0
0.0
0.0
0.0
0.0
0.0
0.0
0.0
0.0
0.0
89.0
0.0
0.0
0.0
0.0
0.0
0.0
0.0
0.0
0.0
13.0
0.0
25.0
25.0
13.0
0.0
0.0
0.0
0.0
0.0
0.0
0.0
0.0
0.0
0.0
0.0
0.0
13.0
25.0
0.0
0.0
216.0
0.0
13.0
0.0
0.0
13.0
0.0
0.0
25.0
25.0
76.0
0.0
0.0
0.0
0.0
0.0
0.0
0.0
0.0
0.0
0.0
0.0
0.0
84.0
0.0
8.0
0.0
0.0
0.0
0.0
0.0
0.0
0.0
127.0
244.0
0.0
38.0
81.0
25.0
0.0
0.0
0.0
0.0
0.0
0.0
13.0
0.0
0.0
0.0
71.0
0.0
0.0
0.0
0.0
0.0
0.0
0.0
318.0
0.0
0.0
0.0
30.0
279.0
0.0
0.0
33.0
79.0
0.0
0.0
0.0
0.0
0.0
0.0
20.0
0.0
0.0
0.0
0.0
53.0
81.0
0.0
0.0
0.0
0.0
23.0
168.0
53.0
0.0
0.0
0.0
0.0
0.0
0.0
0.0
236.0
0.0
0.0
0.0
0.0
0.0
0.0
51.0
0.0
0.0
0.0
0.0
0.0
0.0
0.0
0.0
0.0
0.0
102.0
0.0
0.0
0.0
0.0
0.0
13.0
0.0
0.0
0.0
315.0
38.0
58.0
33.0
0.0
0.0
64.0
0.0
0.0
0.0
25.0
292.0
0.0
0.0
0.0
0.0
0.0
0.0
81.0
0.0
0.0
168.0
0.0
51.0
0.0
0.0
0.0
84.0
23.0
46.0
0.0
0.0
10.0
0.0
0.0
0.0
188.0
160.0
0.0
0.0
0.0
137.0
0.0
0.0
36.0
0.0
0.0
0.0
0.0
0.0
0.0
53.0
0.0
0.0
0.0
0.0
0.0
0.0
0.0
28.0
0.0
64.0
10.0
69.0
5.0
0.0
28.0
20.0
0.0
0.0
0.0
147.0
13.0
0.0
0.0
0.0
0.0
15.0
25.0
0.0
0.0
10.0
0.0
0.0
0.0
64.0
0.0
0.0
89.0
0.0
61.0
13.0
0.0
76.0
124.0
33.0
0.0
0.0
10.0
15.0
0.0
0.0
79.0
38.0
0.0
0.0
0.0
109.0
104.0
0.0
33.0
0.0
0.0
0.0
13.0
0.0
0.0
0.0
0.0
0.0
0.0
0.0
0.0
25.0
152.0
102.0
0.0
25.0
89.0
0.0
0.0
0.0
64.0
25.0
38.0
0.0
0.0
0.0
0.0
0.0
0.0
0.0
0.0
0.0
0.0
0.0
0.0
0.0
0.0
0.0
0.0
0.0
8.0
25.0
76.0
152.0
0.0
102.0
0.0
0.0
0.0
152.0
0.0
0.0
0.0
25.0
0.0
0.0
102.0
0.0
0.0
0.0
178.0
0.0
0.0
0.0
0.0
0.0
0.0
25.0
0.0
0.0
0.0
0.0
0.0
0.0
0.0
76.0
0.0
0.0
0.0
0.0
0.0
132.0
15.0
150.0
38.0
0.0
0.0
0.0
58.0
89.0
76.0
0.0
0.0
0.0
178.0
0.0
0.0
0.0
0.0
0.0
0.0
0.0
0.0
0.0
0.0
25.0
25.0
0.0
0.0
76.0
0.0
0.0
36.0
0.0
0.0
0.0
99.0
8.0
178.0
89.0
0.0
0.0
0.0
0.0
0.0
0.0
76.0
64.0
66.0
25.0
76.0
0.0
0.0
0.0
102.0
0.0
0.0
0.0
0.0
0.0
56.0
0.0
0.0
0.0
0.0
0.0
0.0
0.0
0.0
0.0
0.0
0.0
119.0
0.0
0.0
46.0
0.0
0.0
137.0
0.0
0.0
0.0
43.0
0.0
0.0
0.0
0.0
0.0
15.0
0.0
0.0
36.0
0.0
226.0
0.0
0.0
0.0
0.0
0.0
0.0
0.0
0.0
0.0
0.0
0.0
160.0
0.0
0.0
0.0
0.0
0.0
0.0
0.0
0.0
46.0
0.0
33.0
0.0
173.0
0.0
0.0
0.0
8.0
0.0
0.0
8.0
64.0
0.0
0.0
0.0
28.0
13.0
0.0
0.0
18.0
0.0
0.0
0.0
0.0
0.0
0.0
0.0
0.0
0.0
0.0
0.0
0.0
0.0
5.0
0.0
0.0
0.0
254.0
18.0
0.0
0.0
0.0
0.0
0.0
0.0
38.0
0.0
0.0
0.0
69.0
74.0
0.0
18.0
66.0
0.0
0.0
66.0
5.0
0.0
0.0
8.0
0.0
0.0
0.0
0.0
8.0
0.0
0.0
119.0
0.0
0.0
475.0
0.0
0.0
0.0
0.0
79.0
0.0
0.0
0.0
0.0
0.0
0.0
0.0
0.0
183.0
0.0
0.0
0.0
0.0
0.0
0.0
0.0
0.0
0.0
15.0
53.0
0.0
94.0
0.0
183.0
0.0
97.0
33.0
0.0
335.0
0.0
0.0
15.0
0.0
0.0
0.0
102.0
48.0
10.0
0.0
107.0
0.0
0.0
0.0
33.0
0.0
0.0
0.0
0.0
0.0
0.0
0.0
0.0
0.0
114.0
30.0
0.0
147.0
0.0
0.0
56.0
0.0
0.0
0.0
0.0
5.0
0.0
0.0
112.0
0.0
0.0
0.0
0.0
0.0
0.0
0.0
0.0
51.0
152.0
0.0
0.0
64.0
18.0
0.0
0.0
0.0
0.0
0.0
254.0
0.0
0.0
0.0
0.0
0.0
112.0
0.0
0.0
0.0
0.0
38.0
13.0
0.0
0.0
38.0
0.0
38.0
0.0
0.0
0.0
0.0
0.0
0.0
0.0
0.0
127.0
0.0
152.0
25.0
0.0
76.0
25.0
0.0
0.0
0.0
0.0
127.0
0.0
0.0
203.0
0.0
25.0
51.0
0.0
NaN
NaN
0.0
0.0
25.0
0.0
0.0
0.0
51.0
102.0
0.0
102.0
0.0
102.0
76.0
38.0
25.0
0.0
0.0
0.0
0.0
0.0
84.0
0.0
0.0
13.0
0.0
0.0
0.0
25.0
76.0
38.0
0.0
0.0
0.0
0.0
25.0
0.0
330.0
0.0
0.0
274.0
0.0
0.0
0.0
25.0
0.0
41.0
13.0
0.0
0.0
0.0
0.0
13.0
13.0
0.0
13.0
13.0
0.0
0.0
0.0
0.0
0.0
25.0
130.0
0.0
0.0
43.0
0.0
0.0
0.0
0.0
0.0
0.0
0.0
0.0
0.0
0.0
0.0
0.0
0.0
0.0
91.0
0.0
0.0
0.0
76.0
0.0
0.0
0.0
0.0
0.0
0.0
0.0
0.0
0.0
0.0
0.0
0.0
0.0
8.0
0.0
43.0
0.0
86.0
0.0
0.0
0.0
0.0
0.0
0.0
NaN
NaN
NaN
NaN
0.0
0.0
122.0
43.0
8.0
0.0
0.0
0.0
0.0
8.0
0.0
0.0
0.0
0.0
5.0
0.0
0.0
0.0
0.0
0.0
0.0
8.0
0.0
0.0
0.0
0.0
0.0
112.0
86.0
0.0
38.0
8.0
0.0
0.0
NaN
NaN
0.0
58.0
104.0
0.0
30.0
165.0
0.0
13.0
0.0
0.0
0.0
0.0
0.0
0.0
0.0
0.0
43.0
0.0
38.0
0.0
48.0
0.0
13.0
0.0
0.0
0.0
0.0
0.0
0.0
0.0
0.0
20.0
0.0
0.0
0.0
0.0
0.0
0.0
318.0
0.0
0.0
0.0
0.0
0.0
0.0
0.0
64.0
0.0
0.0
0.0
0.0
46.0
0.0
0.0
0.0
0.0
0.0
0.0
0.0
0.0
0.0
0.0
0.0
0.0
0.0
249.0
0.0
0.0
0.0
0.0
0.0
330.0
10.0
0.0
0.0
0.0
0.0
94.0
0.0
46.0
0.0
64.0
0.0
97.0
10.0
0.0
18.0
20.0
0.0
0.0
0.0
0.0
0.0
117.0
0.0
0.0
0.0
15.0
33.0
0.0
0.0
155.0
0.0
20.0
0.0
0.0
8.0
0.0
0.0
0.0
0.0
0.0
0.0
58.0
64.0
0.0
0.0
0.0
0.0
0.0
0.0
0.0
71.0
0.0
61.0
155.0
51.0
23.0
112.0
0.0
48.0
18.0
8.0
0.0
0.0
0.0
0.0
0.0
0.0
0.0
0.0
0.0
25.0
0.0
155.0
0.0
0.0
0.0
0.0
0.0
0.0
0.0
0.0
0.0
0.0
0.0
0.0
0.0
0.0
0.0
0.0
0.0
135.0
38.0
0.0
0.0
0.0
56.0
0.0
0.0
0.0
18.0
0.0
0.0
0.0
0.0
0.0
64.0
0.0
343.0
0.0
0.0
0.0
0.0
NaN
NaN
450.0
0.0
0.0
0.0
0.0
0.0
112.0
0.0
33.0
0.0
0.0
0.0
0.0
0.0
25.0
0.0
0.0
25.0
0.0
0.0
NaN
NaN
NaN
NaN
NaN
NaN
0.0
51.0
381.0
0.0
0.0
0.0
0.0
0.0
152.0
0.0
0.0
0.0
0.0
0.0
58.0
25.0
13.0
0.0
0.0
64.0
0.0
25.0
0.0
0.0
0.0
0.0
0.0
0.0
0.0
76.0
0.0
0.0
0.0
0.0
0.0
0.0
0.0
51.0
0.0
0.0
0.0
0.0
0.0
0.0
0.0
0.0
38.0
0.0
0.0
0.0
0.0
0.0
137.0
0.0
0.0
0.0
0.0
152.0
0.0
13.0
0.0
0.0
0.0
0.0
25.0
0.0
0.0
0.0
25.0
0.0
0.0
0.0
249.0
0.0
0.0
0.0
0.0
0.0
0.0
0.0
0.0
53.0
368.0
0.0
25.0
0.0
0.0
25.0
0.0
140.0
0.0
20.0
0.0
0.0
0.0
0.0
0.0
0.0
38.0
0.0
0.0
0.0
165.0
94.0
0.0
10.0
0.0
0.0
25.0
0.0
0.0
0.0
0.0
0.0
0.0
0.0
0.0
0.0
0.0
0.0
0.0
0.0
25.0
41.0
0.0
0.0
0.0
0.0
0.0
8.0
76.0
0.0
0.0
0.0
0.0
0.0
0.0
15.0
0.0
0.0
15.0
0.0
0.0
0.0
0.0
0.0
0.0
0.0
64.0
0.0
114.0
0.0
0.0
51.0
13.0
46.0
0.0
0.0
0.0
0.0
0.0
0.0
71.0
145.0
23.0
0.0
33.0
8.0
0.0
0.0
0.0
0.0
0.0
0.0
0.0
0.0
30.0
76.0
18.0
0.0
0.0
99.0
0.0
0.0
0.0
0.0
0.0
0.0
0.0
0.0
0.0
23.0
5.0
0.0
0.0
89.0
5.0
0.0
0.0
0.0
0.0
0.0
84.0
0.0
0.0
155.0
8.0
0.0
0.0
10.0
0.0
0.0
0.0
0.0
0.0
0.0
0.0
0.0
292.0
0.0
13.0
0.0
152.0
0.0
0.0
71.0
13.0
0.0
0.0
8.0
13.0
18.0
0.0
0.0
0.0
0.0
0.0
0.0
0.0
0.0
0.0
0.0
0.0
0.0
0.0
99.0
0.0
0.0
0.0
0.0
0.0
0.0
0.0
25.0
0.0
0.0
0.0
0.0
0.0
0.0
NaN
NaN
0.0
0.0
0.0
33.0
0.0
0.0
0.0
0.0
0.0
56.0
25.0
0.0
254.0
178.0
18.0
38.0
0.0
127.0
0.0
0.0
13.0
38.0
0.0
0.0
0.0
0.0
127.0
15.0
0.0
61.0
25.0
0.0
122.0
0.0
175.0
0.0
13.0
0.0
0.0
0.0
114.0
0.0
0.0
0.0
0.0
0.0
0.0
0.0
0.0
53.0
0.0
0.0
0.0
442.0
0.0
99.0
0.0
0.0
0.0
0.0
86.0
0.0
0.0
86.0
0.0
0.0
0.0
0.0
0.0
0.0
0.0
25.0
0.0
89.0
38.0
0.0
0.0
0.0
25.0
25.0
0.0
0.0
0.0
0.0
0.0
0.0
0.0
0.0
229.0
0.0
0.0
330.0
25.0
0.0
25.0
0.0
0.0
0.0
0.0
0.0
102.0
0.0
0.0
0.0
0.0
0.0
0.0
0.0
0.0
0.0
NaN
NaN
NaN
0.0
0.0
76.0
0.0
0.0
0.0
0.0
0.0
74.0
0.0
0.0
0.0
76.0
0.0
0.0
0.0
0.0
0.0
0.0
0.0
241.0
0.0
0.0
38.0
38.0
0.0
0.0
0.0
114.0
0.0
102.0
64.0
13.0
0.0
25.0
0.0
0.0
0.0
0.0
23.0
0.0
0.0
178.0
0.0
0.0
102.0
0.0
0.0
0.0
0.0
0.0
0.0
25.0
0.0
0.0
0.0
0.0
0.0
0.0
0.0
0.0
0.0
0.0
0.0
0.0
0.0
0.0
0.0
0.0
0.0
0.0
0.0
0.0
0.0
0.0
0.0
0.0
0.0
0.0
0.0
25.0
0.0
191.0
0.0
0.0
0.0
0.0
51.0
0.0
0.0
0.0
0.0
0.0
0.0
135.0
0.0
0.0
0.0
0.0
0.0
0.0
0.0
23.0
0.0
0.0
0.0
56.0
0.0
0.0
58.0
0.0
135.0
0.0
0.0
0.0
0.0
0.0
0.0
0.0
0.0
0.0
0.0
61.0
0.0
0.0
0.0
0.0
33.0
10.0
0.0
0.0
18.0
0.0
246.0
0.0
0.0
0.0
0.0
0.0
0.0
216.0
0.0
927.0
46.0
64.0
48.0
20.0
41.0
58.0
0.0
0.0
66.0
168.0
0.0
0.0
0.0
0.0
0.0
8.0
0.0
15.0
0.0
102.0
0.0
46.0
0.0
0.0
0.0
0.0
13.0
196.0
0.0
0.0
0.0
0.0
0.0
0.0
79.0
0.0
0.0
0.0
0.0
0.0
180.0
0.0
0.0
0.0
91.0
0.0
0.0
0.0
0.0
0.0
0.0
0.0
33.0
0.0
0.0
0.0
0.0
8.0
0.0
0.0
211.0
0.0
0.0
0.0
0.0
0.0
20.0
0.0
0.0
0.0
5.0
0.0
0.0
0.0
0.0
0.0
20.0
0.0
0.0
0.0
0.0
0.0
0.0
0.0
0.0
0.0
0.0
0.0
0.0
0.0
0.0
0.0
0.0
0.0
0.0
0.0
0.0
18.0
0.0
0.0
0.0
0.0
0.0
0.0
0.0
0.0
0.0
0.0
97.0
0.0
0.0
343.0
0.0
353.0
0.0
0.0
0.0
43.0
33.0
8.0
0.0
18.0
0.0
48.0
0.0
114.0
8.0
13.0
18.0
0.0
0.0
0.0
0.0
0.0
0.0
0.0
0.0
0.0
0.0
0.0
0.0
0.0
0.0
0.0
0.0
0.0
0.0
20.0
0.0
0.0
0.0
0.0
0.0
119.0
61.0
140.0
0.0
0.0
0.0
0.0
0.0
0.0
0.0
13.0
0.0
0.0
36.0
112.0
0.0
0.0
0.0
53.0
0.0
84.0
0.0
249.0
0.0
0.0
0.0
0.0
305.0
178.0
0.0
0.0
0.0
0.0
165.0
0.0
0.0
0.0
0.0
89.0
0.0
51.0
0.0
0.0
0.0
13.0
0.0
119.0
0.0
66.0
0.0
102.0
0.0
178.0
0.0
117.0
0.0
0.0
0.0
0.0
0.0
0.0
0.0
0.0
307.0
0.0
0.0
0.0
244.0
0.0
0.0
25.0
0.0
112.0
0.0
81.0
0.0
0.0
25.0
0.0
0.0
0.0
163.0
0.0
0.0
25.0
0.0
0.0
0.0
0.0
0.0
0.0
0.0
0.0
0.0
0.0
0.0
0.0
0.0
64.0
0.0
51.0
0.0
0.0
0.0
0.0
0.0
0.0
216.0
0.0
0.0
142.0
0.0
0.0
0.0
0.0
0.0
46.0
33.0
43.0
0.0
76.0
25.0
0.0
64.0
38.0
0.0
0.0
0.0
0.0
0.0
0.0
0.0
152.0
0.0
0.0
0.0
38.0
0.0
0.0
0.0
0.0
69.0
0.0
0.0
0.0
38.0
0.0
0.0
0.0
140.0
25.0
0.0
0.0
0.0
0.0
0.0
0.0
0.0
203.0
89.0
0.0
89.0
0.0
8.0
0.0
0.0
0.0
0.0
0.0
0.0
0.0
0.0
0.0
0.0
91.0
0.0
0.0
0.0
152.0
0.0
51.0
84.0
0.0
0.0
0.0
64.0
33.0
0.0
0.0
8.0
0.0
470.0
0.0
0.0
48.0
0.0
0.0
0.0
0.0
69.0
0.0
0.0
0.0
91.0
145.0
0.0
254.0
0.0
0.0
0.0
33.0
76.0
0.0
0.0
0.0
0.0
574.0
41.0
287.0
0.0
0.0
0.0
206.0
13.0
0.0
0.0
0.0
0.0
0.0
0.0
0.0
0.0
0.0
254.0
112.0
0.0
0.0
13.0
0.0
0.0
15.0
0.0
0.0
23.0
38.0
0.0
0.0
0.0
0.0
0.0
0.0
0.0
0.0
0.0
0.0
0.0
0.0
0.0
0.0
0.0
0.0
0.0
0.0
0.0
0.0
0.0
84.0
8.0
0.0
0.0
0.0
0.0
53.0
0.0
0.0
0.0
38.0
66.0
0.0
0.0
0.0
0.0
0.0
20.0
0.0
0.0
0.0
0.0
0.0
0.0
36.0
0.0
216.0
0.0
272.0
0.0
30.0
0.0
0.0
30.0
0.0
0.0
15.0
0.0
0.0
0.0
0.0
0.0
0.0
25.0
43.0
0.0
13.0
0.0
0.0
0.0
43.0
8.0
0.0
0.0
89.0
0.0
0.0
15.0
0.0
0.0
0.0
0.0
0.0
0.0
91.0
0.0
0.0
0.0
0.0
0.0
0.0
137.0
0.0
0.0
0.0
348.0
0.0
0.0
13.0
0.0
86.0
71.0
0.0
0.0
119.0
0.0
0.0
470.0
130.0
0.0
0.0
64.0
15.0
0.0
0.0
97.0
0.0
0.0
229.0
0.0
0.0
165.0
152.0
0.0
0.0
0.0
0.0
0.0
165.0
0.0
0.0
0.0
0.0
0.0
18.0
0.0
0.0
399.0
0.0
0.0
0.0
0.0
0.0
0.0
0.0
0.0
25.0
0.0
0.0
0.0
0.0
51.0
25.0
51.0
76.0
0.0
0.0
0.0
0.0
0.0
0.0
127.0
0.0
0.0
0.0
0.0
0.0
0.0
0.0
0.0
0.0
0.0
0.0
0.0
0.0
0.0
0.0
102.0
51.0
0.0
25.0
0.0
249.0
0.0
0.0
0.0
64.0
0.0
0.0
0.0
0.0
0.0
38.0
25.0
25.0
0.0
0.0
0.0
0.0
0.0
0.0
0.0
38.0
13.0
0.0
0.0
64.0
13.0
0.0
0.0
0.0
13.0
0.0
0.0
51.0
0.0
0.0
0.0
0.0
25.0
0.0
0.0
0.0
0.0
0.0
0.0
0.0
0.0
114.0
0.0
0.0
25.0
269.0
0.0
0.0
0.0
86.0
0.0
0.0
51.0
0.0
0.0
0.0
64.0
0.0
64.0
0.0
0.0
0.0
0.0
0.0
201.0
114.0
0.0
0.0
0.0
0.0
33.0
0.0
0.0
0.0
0.0
0.0
0.0
0.0
0.0
0.0
33.0
0.0
0.0
434.0
0.0
0.0
74.0
25.0
0.0
0.0
0.0
0.0
64.0
0.0
140.0
0.0
0.0
165.0
0.0
0.0
0.0
15.0
0.0
0.0
0.0
0.0
0.0
0.0
0.0
0.0
0.0
0.0
0.0
0.0
0.0
0.0
122.0
0.0
10.0
0.0
0.0
0.0
0.0
0.0
51.0
0.0
0.0
0.0
0.0
0.0
0.0
0.0
0.0
0.0
0.0
127.0
0.0
0.0
0.0
0.0
0.0
0.0
0.0
0.0
0.0
0.0
61.0
41.0
38.0
0.0
0.0
0.0
0.0
0.0
51.0
69.0
0.0
0.0
0.0
0.0
53.0
0.0
0.0
241.0
0.0
0.0
41.0
0.0
0.0
0.0
0.0
0.0
0.0
0.0
0.0
18.0
0.0
384.0
8.0
0.0
0.0
292.0
0.0
0.0
0.0
0.0
0.0
0.0
168.0
0.0
0.0
0.0
0.0
0.0
0.0
0.0
0.0
114.0
0.0
0.0
0.0
0.0
0.0
94.0
0.0
0.0
13.0
0.0
0.0
0.0
0.0
0.0
0.0
13.0
0.0
274.0
46.0
0.0
0.0
165.0
0.0
0.0
0.0
0.0
10.0
0.0
399.0
0.0
0.0
71.0
91.0
0.0
0.0
20.0
0.0
38.0
0.0
0.0
0.0
8.0
0.0
142.0
20.0
0.0
0.0
0.0
0.0
0.0
0.0
61.0
0.0
132.0
0.0
0.0
135.0
0.0
0.0
0.0
0.0
0.0
0.0
0.0
0.0
0.0
0.0
30.0
0.0
0.0
0.0
0.0
0.0
94.0
0.0
150.0
0.0
0.0
0.0
0.0
0.0
0.0
58.0
0.0
0.0
0.0
0.0
198.0
132.0
0.0
127.0
0.0
0.0
0.0
38.0
0.0
0.0
0.0
0.0
41.0
0.0
0.0
0.0
0.0
25.0
0.0
0.0
0.0
0.0
318.0
0.0
28.0
0.0
0.0
0.0
91.0
203.0
0.0
0.0
0.0
114.0
0.0
274.0
391.0
0.0
0.0
76.0
0.0
102.0
0.0
0.0
0.0
51.0
152.0
0.0
0.0
203.0
0.0
0.0
0.0
0.0
0.0
0.0
0.0
345.0
0.0
64.0
0.0
0.0
0.0
0.0
74.0
0.0
0.0
0.0
0.0
25.0
0.0
43.0
0.0
0.0
0.0
51.0
191.0
51.0
0.0
0.0
305.0
0.0
0.0
0.0
13.0
0.0
0.0
102.0
25.0
0.0
0.0
0.0
25.0
0.0
0.0
0.0
0.0
0.0
0.0
25.0
0.0
0.0
0.0
0.0
0.0
0.0
51.0
0.0
0.0
0.0
0.0
76.0
0.0
13.0
0.0
0.0
76.0
0.0
76.0
0.0
0.0
0.0
0.0
102.0
0.0
0.0
0.0
0.0
0.0
25.0
0.0
0.0
0.0
64.0
0.0
0.0
0.0
0.0
0.0
0.0
0.0
13.0
13.0
0.0
13.0
0.0
0.0
0.0
0.0
0.0
0.0
0.0
38.0
0.0
0.0
58.0
0.0
0.0
0.0
0.0
0.0
0.0
0.0
0.0
20.0
0.0
25.0
0.0
97.0
25.0
0.0
0.0
0.0
38.0
0.0
0.0
0.0
0.0
0.0
0.0
0.0
0.0
0.0
0.0
0.0
58.0
0.0
0.0
0.0
0.0
0.0
0.0
157.0
0.0
0.0
107.0
163.0
25.0
0.0
0.0
211.0
0.0
0.0
0.0
224.0
0.0
61.0
0.0
0.0
15.0
0.0
0.0
13.0
28.0
0.0
13.0
74.0
0.0
0.0
145.0
0.0
43.0
0.0
15.0
0.0
53.0
33.0
0.0
274.0
180.0
0.0
0.0
0.0
0.0
30.0
0.0
0.0
0.0
0.0
0.0
0.0
0.0
30.0
0.0
86.0
0.0
122.0
20.0
0.0
0.0
0.0
0.0
152.0
0.0
124.0
81.0
0.0
157.0
145.0
20.0
0.0
0.0
0.0
0.0
0.0
0.0
0.0
0.0
0.0
0.0
58.0
0.0
0.0
0.0
0.0
0.0
0.0
33.0
0.0
20.0
0.0
0.0
0.0
0.0
30.0
0.0
0.0
0.0
0.0
0.0
38.0
41.0
0.0
0.0
0.0
142.0
0.0
300.0
0.0
0.0
0.0
0.0
0.0
0.0
0.0
51.0
0.0
0.0
0.0
0.0
0.0
135.0
0.0
0.0
0.0
0.0
25.0
0.0
0.0
0.0
0.0
0.0
135.0
0.0
0.0
0.0
0.0
0.0
0.0
157.0
513.0
76.0
33.0
0.0
0.0
0.0
0.0
0.0
0.0
0.0
25.0
0.0
61.0
0.0
0.0
0.0
0.0
0.0
0.0
0.0
30.0
0.0
91.0
0.0
13.0
20.0
0.0
0.0
0.0
0.0
0.0
0.0
0.0
0.0
0.0
152.0
0.0
0.0
0.0
0.0
0.0
145.0
160.0
145.0
0.0
0.0
345.0
0.0
48.0
0.0
254.0
0.0
0.0
25.0
0.0
0.0
0.0
0.0
64.0
0.0
104.0
0.0
74.0
0.0
30.0
0.0
104.0
0.0
25.0
0.0
25.0
0.0
140.0
0.0
0.0
25.0
178.0
0.0
0.0
0.0
0.0
38.0
0.0
0.0
38.0
30.0
10.0
0.0
0.0
0.0
0.0
0.0
81.0
0.0
0.0
0.0
0.0
51.0
0.0
0.0
0.0
0.0
178.0
0.0
241.0
0.0
0.0
0.0
0.0
0.0
0.0
279.0
0.0
0.0
76.0
25.0
0.0
0.0
38.0
25.0
38.0
38.0
0.0
0.0
0.0
25.0
0.0
0.0
25.0
0.0
0.0
0.0
38.0
0.0
89.0
0.0
0.0
0.0
142.0
38.0
0.0
51.0
51.0
0.0
0.0
0.0
404.0
0.0
0.0
0.0
64.0
0.0
0.0
0.0
28.0
0.0
0.0
0.0
191.0
0.0
165.0
38.0
0.0
241.0
0.0
0.0
0.0
0.0
81.0
0.0
0.0
0.0
0.0
0.0
0.0
0.0
193.0
0.0
0.0
38.0
0.0
0.0
28.0
51.0
0.0
0.0
0.0
13.0
0.0
99.0
51.0
0.0
0.0
0.0
0.0
0.0
0.0
0.0
0.0
0.0
0.0
0.0
99.0
0.0
0.0
0.0
213.0
0.0
0.0
0.0
0.0
0.0
168.0
0.0
84.0
0.0
0.0
0.0
0.0
267.0
0.0
46.0
0.0
74.0
0.0
0.0
91.0
0.0
0.0
0.0
0.0
178.0
0.0
0.0
0.0
0.0
0.0
0.0
0.0
0.0
0.0
13.0
140.0
0.0
0.0
0.0
452.0
0.0
0.0
0.0
0.0
0.0
84.0
0.0
0.0
0.0
0.0
0.0
0.0
58.0
0.0
15.0
0.0
0.0
107.0
0.0
0.0
0.0
0.0
0.0
0.0
508.0
0.0
0.0
0.0
0.0
142.0
0.0
0.0
0.0
0.0
272.0
0.0
0.0
0.0
0.0
0.0
0.0
0.0
0.0
0.0
0.0
91.0
0.0
0.0
66.0
0.0
0.0
0.0
0.0
0.0
0.0
0.0
91.0
0.0
46.0
0.0
0.0
0.0
0.0
0.0
0.0
15.0
0.0
0.0
112.0
0.0
0.0
0.0
0.0
0.0
0.0
0.0
0.0
0.0
0.0
13.0
0.0
0.0
0.0
0.0
0.0
170.0
0.0
0.0
0.0
0.0
0.0
147.0
10.0
0.0
0.0
0.0
0.0
0.0
0.0
0.0
0.0
109.0
0.0
0.0
0.0
0.0
33.0
0.0
0.0
0.0
0.0
0.0
0.0
0.0
0.0
0.0
0.0
0.0
0.0
0.0
0.0
94.0
0.0
36.0
84.0
0.0
51.0
0.0
0.0
0.0
0.0
0.0
0.0
0.0
0.0
0.0
0.0
0.0
0.0
114.0
0.0
69.0
0.0
0.0
0.0
0.0
0.0
0.0
0.0
523.0
274.0
0.0
0.0
0.0
0.0
0.0
0.0
0.0
0.0
0.0
0.0
66.0
0.0
36.0
0.0
0.0
0.0
0.0
41.0
0.0
0.0
0.0
0.0
0.0
0.0
0.0
0.0
0.0
0.0
99.0
0.0
0.0
0.0
0.0
0.0
0.0
0.0
25.0
69.0
0.0
0.0
0.0
0.0
0.0
287.0
0.0
307.0
0.0
0.0
102.0
0.0
0.0
0.0
25.0
0.0
38.0
0.0
0.0
89.0
0.0
51.0
0.0
533.0
25.0
76.0
0.0
0.0
0.0
0.0
0.0
15.0
0.0
0.0
0.0
46.0
25.0
0.0
0.0
0.0
0.0
0.0
0.0
25.0
25.0
0.0
0.0
0.0
0.0
0.0
0.0
0.0
0.0
25.0
0.0
0.0
0.0
0.0
0.0
0.0
0.0
0.0
38.0
0.0
0.0
0.0
0.0
0.0
0.0
38.0
64.0
0.0
0.0
0.0
0.0
0.0
0.0
0.0
203.0
0.0
0.0
0.0
89.0
0.0
127.0
0.0
84.0
0.0
0.0
25.0
0.0
0.0
0.0
0.0
0.0
0.0
0.0
0.0
0.0
0.0
0.0
0.0
0.0
99.0
0.0
0.0
0.0
0.0
0.0
0.0
0.0
0.0
25.0
0.0
66.0
0.0
0.0
25.0
0.0
0.0
0.0
0.0
25.0
0.0
0.0
0.0
51.0
0.0
0.0
0.0
0.0
0.0
33.0
0.0
0.0
127.0
0.0
0.0
0.0
254.0
0.0
0.0
0.0
0.0
0.0
0.0
0.0
97.0
0.0
38.0
0.0
0.0
0.0
0.0
0.0
0.0
109.0
0.0
0.0
0.0
0.0
0.0
58.0
0.0
330.0
0.0
0.0
0.0
0.0
74.0
0.0
0.0
25.0
0.0
0.0
229.0
353.0
69.0
0.0
64.0
0.0
86.0
0.0
0.0
0.0
117.0
0.0
0.0
20.0
0.0
0.0
71.0
43.0
0.0
0.0
0.0
0.0
0.0
0.0
0.0
0.0
0.0
0.0
0.0
0.0
0.0
0.0
117.0
8.0
0.0
0.0
38.0
56.0
175.0
18.0
0.0
0.0
0.0
0.0
10.0
0.0
0.0
0.0
0.0
0.0
61.0
0.0
0.0
0.0
0.0
0.0
0.0
0.0
0.0
33.0
0.0
13.0
0.0
0.0
64.0
0.0
0.0
0.0
368.0
0.0
0.0
0.0
0.0
0.0
0.0
53.0
0.0
38.0
0.0
38.0
0.0
0.0
0.0
0.0
10.0
0.0
0.0
0.0
0.0
0.0
0.0
0.0
0.0
0.0
0.0
0.0
0.0
0.0
0.0
0.0
0.0
0.0
0.0
0.0
0.0
0.0
0.0
0.0
0.0
0.0
20.0
64.0
0.0
140.0
224.0
122.0
0.0
0.0
0.0
0.0
0.0
20.0
0.0
0.0
0.0
0.0
0.0
0.0
0.0
79.0
0.0
20.0
0.0
0.0
0.0
0.0
0.0
0.0
0.0
89.0
0.0
23.0
0.0
0.0
0.0
0.0
71.0
0.0
0.0
185.0
20.0
0.0
53.0
0.0
0.0
0.0
0.0
0.0
97.0
0.0
61.0
0.0
0.0
0.0
0.0
0.0
0.0
353.0
0.0
0.0
46.0
0.0
5.0
89.0
0.0
0.0
0.0
76.0
546.0
76.0
0.0
0.0
0.0
0.0
0.0
0.0
51.0
0.0
0.0
0.0
89.0
0.0
0.0
0.0
0.0
25.0
0.0
0.0
0.0
0.0
0.0
0.0
0.0
0.0
0.0
112.0
0.0
91.0
0.0
165.0
0.0
0.0
0.0
0.0
0.0
0.0
0.0
0.0
0.0
0.0
0.0
51.0
0.0
0.0
25.0
0.0
0.0
0.0
0.0
0.0
0.0
25.0
0.0
0.0
0.0
0.0
0.0
0.0
0.0
51.0
0.0
152.0
0.0
51.0
0.0
0.0
38.0
0.0
0.0
56.0
0.0
0.0
0.0
0.0
38.0
0.0
0.0
0.0
0.0
0.0
25.0
0.0
0.0
38.0
0.0
0.0
0.0
64.0
0.0
0.0
0.0
0.0
51.0
0.0
0.0
0.0
0.0
0.0
25.0
0.0
76.0
0.0
25.0
0.0
0.0
0.0
0.0
0.0
0.0
0.0
0.0
102.0
0.0
0.0
0.0
76.0
0.0
89.0
0.0
0.0
0.0
0.0
0.0
13.0
0.0
0.0
0.0
0.0
0.0
0.0
56.0
25.0
25.0
0.0
0.0
0.0
0.0
0.0
71.0
0.0
0.0
0.0
0.0
0.0
254.0
84.0
0.0
0.0
0.0
0.0
0.0
102.0
0.0
0.0
0.0
0.0
0.0
0.0
0.0
48.0
0.0
0.0
0.0
0.0
0.0
0.0
0.0
0.0
0.0
0.0
0.0
53.0
0.0
0.0
0.0
0.0
0.0
0.0
0.0
0.0
315.0
0.0
175.0
0.0
0.0
0.0
401.0
0.0
0.0
0.0
0.0
0.0
0.0
0.0
0.0
25.0
0.0
0.0
0.0
0.0
0.0
0.0
0.0
0.0
71.0
0.0
0.0
0.0
0.0
0.0
0.0
18.0
36.0
0.0
0.0
0.0
0.0
0.0
5.0
0.0
0.0
3.0
0.0
122.0
0.0
224.0
0.0
0.0
0.0
0.0
0.0
0.0
0.0
0.0
0.0
0.0
0.0
5.0
0.0
0.0
0.0
0.0
0.0
0.0
279.0
0.0
0.0
0.0
150.0
0.0
130.0
0.0
0.0
0.0
0.0
0.0
38.0
0.0
0.0
81.0
0.0
0.0
0.0
51.0
0.0
0.0
0.0
109.0
0.0
0.0
0.0
86.0
0.0
0.0
0.0
0.0
0.0
262.0
13.0
0.0
20.0
0.0
0.0
0.0
175.0
0.0
0.0
0.0
259.0
0.0
0.0
0.0
0.0
0.0
0.0
119.0
0.0
0.0
0.0
0.0
15.0
8.0
0.0
28.0
0.0
0.0
79.0
0.0
0.0
142.0
20.0
0.0
0.0
0.0
0.0
0.0
0.0
216.0
0.0
0.0
38.0
20.0
0.0
0.0
0.0
0.0
0.0
0.0
15.0
0.0
178.0
0.0
183.0
0.0
0.0
0.0
36.0
0.0
0.0
0.0
0.0
0.0
0.0
0.0
0.0
0.0
0.0
0.0
86.0
0.0
25.0
0.0
48.0
0.0
0.0
0.0
0.0
0.0
0.0
0.0
NaN
NaN
NaN
0.0
0.0
0.0
0.0
0.0
0.0
0.0
0.0
178.0
51.0
38.0
140.0
0.0
0.0
282.0
0.0
0.0
0.0
38.0
0.0
0.0
0.0
0.0
0.0
0.0
0.0
0.0
0.0
0.0
0.0
0.0
0.0
0.0
0.0
0.0
0.0
0.0
81.0
71.0
86.0
81.0
0.0
51.0
89.0
36.0
102.0
64.0
0.0
0.0
152.0
203.0
0.0
0.0
0.0
0.0
229.0
25.0
13.0
0.0
0.0
36.0
33.0
0.0
0.0
51.0
0.0
0.0
0.0
127.0
0.0
0.0
0.0
0.0
13.0
15.0
0.0
102.0
66.0
0.0
0.0
0.0
0.0
53.0
0.0
51.0
25.0
23.0
76.0
0.0
0.0
25.0
0.0
127.0
0.0
152.0
51.0
0.0
0.0
0.0
76.0
0.0
0.0
0.0
0.0
104.0
0.0
0.0
0.0
15.0
0.0
0.0
0.0
0.0
0.0
0.0
0.0
79.0
51.0
25.0
0.0
76.0
0.0
0.0
0.0
0.0
0.0
0.0
5.0
0.0
229.0
0.0
38.0
0.0
0.0
0.0
0.0
0.0
0.0
0.0
122.0
0.0
0.0
0.0
0.0
51.0
0.0
0.0
25.0
0.0
0.0
104.0
0.0
124.0
0.0
0.0
38.0
0.0
5.0
122.0
0.0
0.0
0.0
10.0
0.0
0.0
130.0
0.0
0.0
0.0
0.0
0.0
25.0
0.0
0.0
0.0
0.0
0.0
0.0
0.0
0.0
0.0
0.0
15.0
0.0
0.0
5.0
0.0
0.0
53.0
0.0
0.0
0.0
0.0
0.0
0.0
0.0
20.0
36.0
8.0
64.0
0.0
8.0
0.0
0.0
0.0
0.0
0.0
0.0
302.0
165.0
74.0
0.0
0.0
0.0
0.0
0.0
0.0
36.0
0.0
0.0
0.0
0.0
132.0
10.0
0.0
0.0
0.0
0.0
5.0
0.0
20.0
0.0
0.0
0.0
0.0
94.0
10.0
0.0
0.0
0.0
0.0
8.0
0.0
0.0
15.0
10.0
0.0
48.0
0.0
0.0
0.0
8.0
114.0
0.0
0.0
0.0
0.0
0.0
0.0
81.0
0.0
5.0
0.0
0.0
91.0
0.0
0.0
0.0
15.0
226.0
0.0
0.0
0.0
97.0
0.0
117.0
0.0
0.0
338.0
0.0
0.0
43.0
0.0
0.0
10.0
0.0
0.0
0.0
142.0
0.0
0.0
0.0
0.0
20.0
0.0
0.0
0.0
142.0
0.0
0.0
8.0
0.0
0.0
0.0
0.0
0.0
0.0
0.0
0.0
28.0
0.0
142.0
76.0
43.0
0.0
114.0
0.0
0.0
0.0
0.0
0.0
384.0
0.0
196.0
104.0
0.0
0.0
0.0
0.0
0.0
272.0
46.0
0.0
0.0
0.0
0.0
0.0
0.0
10.0
0.0
119.0
66.0
0.0
0.0
8.0
48.0
0.0
0.0
0.0
0.0
0.0
0.0
0.0
0.0
41.0
0.0
0.0
0.0
0.0
0.0
89.0
94.0
0.0
0.0
0.0
0.0
117.0
0.0
0.0
51.0
0.0
0.0
0.0
0.0
0.0
0.0
102.0
0.0
0.0
0.0
0.0
0.0
0.0
0.0
0.0
0.0
0.0
0.0
0.0
8.0
0.0
0.0
51.0
13.0
109.0
0.0
0.0
0.0
0.0
0.0
203.0
0.0
0.0
0.0
0.0
0.0
0.0
127.0
51.0
102.0
0.0
0.0
0.0
0.0
0.0
0.0
36.0
0.0
18.0
0.0
142.0
0.0
0.0
0.0
0.0
0.0
0.0
0.0
51.0
0.0
0.0
0.0
0.0
71.0
41.0
0.0
0.0
0.0
203.0
102.0
0.0
0.0
0.0
0.0
76.0
127.0
0.0
84.0
0.0
0.0
0.0
117.0
43.0
0.0
0.0
0.0
0.0
51.0
0.0
0.0
0.0
102.0
58.0
91.0
0.0
0.0
0.0
0.0
0.0
0.0
0.0
0.0
0.0
0.0
0.0
0.0
