NaN
NaN
NaN
NaN
NaN
NaN
NaN
NaN
NaN
NaN
NaN
NaN
NaN
0.0
51.0
0.0
0.0
0.0
0.0
0.0
0.0
0.0
0.0
0.0
0.0
0.0
0.0
0.0
0.0
0.0
0.0
0.0
0.0
0.0
0.0
0.0
0.0
0.0
0.0
0.0
0.0
0.0
0.0
13.0
0.0
0.0
0.0
0.0
0.0
0.0
89.0
0.0
0.0
0.0
0.0
64.0
0.0
0.0
0.0
0.0
0.0
13.0
13.0
0.0
0.0
0.0
25.0
0.0
0.0
13.0
0.0
0.0
0.0
25.0
0.0
0.0
0.0
13.0
0.0
0.0
0.0
25.0
25.0
38.0
0.0
0.0
0.0
51.0
0.0
0.0
0.0
0.0
0.0
25.0
0.0
0.0
13.0
13.0
0.0
0.0
0.0
0.0
0.0
0.0
0.0
25.0
0.0
0.0
0.0
0.0
0.0
0.0
0.0
0.0
0.0
0.0
0.0
0.0
0.0
0.0
0.0
0.0
0.0
0.0
0.0
0.0
0.0
0.0
0.0
0.0
0.0
0.0
0.0
0.0
13.0
0.0
0.0
13.0
0.0
0.0
0.0
0.0
25.0
0.0
0.0
25.0
0.0
0.0
76.0
0.0
0.0
0.0
25.0
0.0
0.0
0.0
0.0
0.0
0.0
0.0
0.0
76.0
0.0
NaN
NaN
0.0
38.0
0.0
0.0
18.0
66.0
0.0
0.0
0.0
0.0
0.0
127.0
0.0
0.0
0.0
0.0
0.0
38.0
0.0
0.0
0.0
0.0
0.0
0.0
0.0
0.0
0.0
0.0
0.0
8.0
0.0
0.0
0.0
0.0
97.0
13.0
0.0
0.0
0.0
0.0
0.0
0.0
203.0
0.0
0.0
0.0
79.0
0.0
183.0
61.0
36.0
28.0
0.0
0.0
13.0
38.0
0.0
0.0
0.0
0.0
0.0
56.0
5.0
0.0
0.0
10.0
0.0
0.0
208.0
0.0
0.0
0.0
0.0
0.0
13.0
0.0
0.0
0.0
0.0
0.0
0.0
0.0
0.0
0.0
0.0
0.0
38.0
20.0
0.0
10.0
0.0
15.0
0.0
0.0
0.0
0.0
104.0
8.0
0.0
0.0
0.0
188.0
0.0
0.0
0.0
0.0
198.0
0.0
0.0
0.0
0.0
0.0
0.0
20.0
0.0
5.0
0.0
0.0
0.0
0.0
0.0
0.0
0.0
0.0
0.0
58.0
0.0
0.0
0.0
203.0
0.0
20.0
0.0
351.0
0.0
0.0
43.0
99.0
0.0
0.0
0.0
0.0
0.0
71.0
0.0
0.0
15.0
58.0
0.0
0.0
51.0
0.0
3.0
0.0
0.0
23.0
0.0
0.0
0.0
0.0
0.0
0.0
0.0
10.0
0.0
0.0
132.0
0.0
0.0
64.0
0.0
0.0
0.0
0.0
0.0
0.0
0.0
0.0
0.0
0.0
0.0
13.0
36.0
0.0
0.0
0.0
10.0
18.0
0.0
0.0
0.0
0.0
0.0
48.0
0.0
0.0
0.0
0.0
NaN
NaN
0.0
0.0
0.0
0.0
25.0
0.0
0.0
0.0
25.0
0.0
51.0
25.0
0.0
51.0
0.0
0.0
0.0
0.0
0.0
0.0
0.0
0.0
0.0
0.0
0.0
0.0
0.0
0.0
0.0
0.0
0.0
0.0
0.0
0.0
0.0
127.0
0.0
0.0
0.0
0.0
0.0
0.0
0.0
0.0
25.0
0.0
0.0
0.0
0.0
0.0
0.0
0.0
0.0
0.0
0.0
0.0
0.0
25.0
0.0
25.0
0.0
0.0
0.0
25.0
0.0
0.0
0.0
0.0
0.0
0.0
0.0
0.0
0.0
0.0
0.0
0.0
0.0
25.0
0.0
25.0
0.0
0.0
0.0
0.0
0.0
0.0
0.0
0.0
0.0
0.0
0.0
25.0
0.0
0.0
0.0
0.0
0.0
0.0
0.0
0.0
0.0
0.0
25.0
0.0
178.0
0.0
0.0
51.0
0.0
0.0
0.0
0.0
0.0
0.0
25.0
0.0
0.0
178.0
25.0
13.0
0.0
38.0
25.0
0.0
0.0
25.0
0.0
0.0
0.0
0.0
25.0
0.0
0.0
0.0
0.0
0.0
0.0
0.0
0.0
0.0
0.0
0.0
0.0
0.0
0.0
99.0
0.0
13.0
0.0
0.0
0.0
0.0
0.0
18.0
0.0
0.0
0.0
0.0
0.0
0.0
0.0
25.0
0.0
0.0
0.0
NaN
NaN
0.0
0.0
0.0
NaN
NaN
0.0
0.0
0.0
0.0
NaN
NaN
20.0
0.0
0.0
0.0
0.0
0.0
0.0
0.0
0.0
20.0
28.0
0.0
0.0
10.0
0.0
0.0
0.0
0.0
0.0
0.0
0.0
0.0
0.0
0.0
0.0
0.0
0.0
0.0
0.0
0.0
0.0
0.0
0.0
18.0
272.0
28.0
0.0
0.0
0.0
0.0
0.0
30.0
0.0
0.0
18.0
0.0
0.0
0.0
0.0
0.0
0.0
0.0
0.0
0.0
0.0
0.0
0.0
0.0
0.0
0.0
0.0
0.0
0.0
0.0
8.0
13.0
15.0
0.0
0.0
0.0
0.0
0.0
0.0
0.0
0.0
NaN
NaN
137.0
51.0
0.0
0.0
74.0
0.0
0.0
0.0
0.0
0.0
74.0
0.0
0.0
3.0
0.0
0.0
0.0
0.0
0.0
0.0
0.0
5.0
0.0
0.0
0.0
0.0
0.0
0.0
0.0
0.0
0.0
0.0
0.0
0.0
0.0
0.0
0.0
0.0
8.0
0.0
0.0
56.0
0.0
0.0
0.0
15.0
0.0
25.0
0.0
0.0
0.0
25.0
0.0
0.0
10.0
0.0
23.0
0.0
0.0
38.0
0.0
0.0
0.0
0.0
0.0
0.0
0.0
25.0
241.0
33.0
79.0
18.0
89.0
0.0
0.0
0.0
0.0
0.0
0.0
0.0
0.0
0.0
0.0
0.0
0.0
3.0
0.0
0.0
10.0
234.0
79.0
0.0
0.0
0.0
0.0
10.0
25.0
0.0
0.0
0.0
0.0
0.0
0.0
0.0
0.0
0.0
0.0
0.0
0.0
0.0
0.0
25.0
51.0
51.0
25.0
0.0
0.0
0.0
0.0
0.0
0.0
0.0
0.0
0.0
0.0
0.0
0.0
0.0
0.0
0.0
0.0
0.0
0.0
0.0
0.0
25.0
0.0
0.0
0.0
0.0
0.0
0.0
0.0
152.0
0.0
0.0
0.0
8.0
8.0
0.0
0.0
0.0
20.0
0.0
0.0
0.0
25.0
0.0
NaN
NaN
0.0
0.0
0.0
0.0
0.0
25.0
0.0
0.0
0.0
0.0
0.0
0.0
25.0
0.0
0.0
0.0
25.0
51.0
0.0
0.0
0.0
64.0
0.0
0.0
0.0
0.0
13.0
0.0
0.0
0.0
0.0
0.0
13.0
0.0
25.0
0.0
0.0
25.0
0.0
25.0
0.0
0.0
0.0
8.0
0.0
NaN
NaN
0.0
0.0
0.0
0.0
8.0
46.0
0.0
NaN
NaN
NaN
NaN
0.0
0.0
0.0
0.0
0.0
0.0
0.0
0.0
0.0
0.0
0.0
0.0
0.0
0.0
0.0
38.0
0.0
0.0
0.0
13.0
0.0
0.0
0.0
0.0
0.0
0.0
0.0
0.0
0.0
0.0
0.0
0.0
0.0
13.0
0.0
0.0
0.0
0.0
13.0
NaN
NaN
NaN
0.0
0.0
0.0
0.0
0.0
3.0
0.0
0.0
0.0
0.0
NaN
NaN
0.0
0.0
10.0
267.0
51.0
0.0
102.0
0.0
36.0
0.0
0.0
249.0
117.0
0.0
0.0
0.0
0.0
0.0
152.0
56.0
0.0
0.0
0.0
23.0
0.0
0.0
0.0
673.0
0.0
0.0
0.0
0.0
0.0
0.0
20.0
8.0
0.0
0.0
0.0
3.0
0.0
0.0
0.0
10.0
0.0
0.0
0.0
10.0
0.0
0.0
0.0
0.0
0.0
302.0
0.0
0.0
0.0
203.0
0.0
10.0
0.0
0.0
0.0
0.0
0.0
0.0
0.0
0.0
8.0
0.0
0.0
0.0
18.0
20.0
5.0
0.0
0.0
0.0
8.0
56.0
0.0
0.0
0.0
0.0
0.0
0.0
99.0
25.0
46.0
0.0
0.0
0.0
160.0
0.0
0.0
472.0
0.0
0.0
23.0
13.0
5.0
0.0
0.0
587.0
38.0
0.0
0.0
0.0
18.0
13.0
0.0
0.0
51.0
5.0
10.0
NaN
NaN
0.0
0.0
0.0
69.0
5.0
0.0
0.0
0.0
0.0
0.0
NaN
NaN
0.0
0.0
0.0
0.0
0.0
0.0
0.0
0.0
0.0
0.0
0.0
0.0
0.0
0.0
0.0
0.0
0.0
0.0
0.0
0.0
30.0
20.0
0.0
0.0
0.0
0.0
0.0
18.0
234.0
0.0
0.0
0.0
8.0
20.0
18.0
0.0
43.0
0.0
0.0
0.0
0.0
0.0
0.0
0.0
0.0
0.0
0.0
64.0
0.0
NaN
NaN
0.0
0.0
0.0
0.0
0.0
0.0
0.0
0.0
0.0
0.0
0.0
20.0
0.0
0.0
25.0
0.0
0.0
0.0
0.0
0.0
NaN
NaN
25.0
0.0
0.0
0.0
5.0
8.0
0.0
0.0
51.0
0.0
0.0
0.0
0.0
0.0
0.0
0.0
0.0
0.0
0.0
0.0
0.0
0.0
51.0
0.0
0.0
0.0
0.0
0.0
13.0
102.0
0.0
0.0
25.0
25.0
0.0
13.0
0.0
0.0
0.0
51.0
0.0
0.0
0.0
0.0
0.0
0.0
25.0
0.0
0.0
0.0
0.0
NaN
NaN
0.0
0.0
0.0
0.0
0.0
0.0
8.0
0.0
0.0
0.0
0.0
127.0
0.0
51.0
0.0
0.0
0.0
5.0
NaN
NaN
0.0
0.0
0.0
0.0
0.0
0.0
13.0
0.0
0.0
0.0
0.0
0.0
0.0
0.0
0.0
0.0
13.0
0.0
0.0
0.0
0.0
0.0
0.0
0.0
13.0
51.0
13.0
0.0
38.0
0.0
0.0
0.0
0.0
NaN
NaN
0.0
0.0
0.0
0.0
0.0
0.0
0.0
0.0
0.0
0.0
0.0
0.0
5.0
0.0
0.0
0.0
76.0
0.0
0.0
0.0
NaN
NaN
0.0
0.0
0.0
0.0
0.0
0.0
0.0
135.0
66.0
0.0
0.0
0.0
0.0
0.0
0.0
NaN
5.0
0.0
0.0
0.0
137.0
0.0
0.0
13.0
0.0
0.0
0.0
0.0
0.0
0.0
3.0
0.0
0.0
0.0
NaN
NaN
0.0
0.0
0.0
0.0
124.0
25.0
38.0
0.0
0.0
0.0
0.0
15.0
0.0
0.0
0.0
0.0
28.0
53.0
0.0
13.0
267.0
61.0
0.0
0.0
0.0
0.0
53.0
145.0
0.0
76.0
0.0
79.0
0.0
0.0
0.0
NaN
0.0
0.0
0.0
NaN
15.0
0.0
89.0
109.0
0.0
0.0
69.0
0.0
0.0
0.0
0.0
0.0
117.0
0.0
5.0
0.0
0.0
124.0
0.0
0.0
18.0
0.0
0.0
5.0
122.0
51.0
0.0
53.0
0.0
0.0
0.0
0.0
NaN
NaN
0.0
0.0
0.0
71.0
0.0
0.0
41.0
0.0
0.0
38.0
0.0
0.0
0.0
0.0
0.0
46.0
0.0
0.0
0.0
282.0
0.0
0.0
0.0
0.0
94.0
0.0
0.0
0.0
0.0
10.0
0.0
0.0
224.0
0.0
0.0
0.0
0.0
0.0
0.0
0.0
0.0
0.0
0.0
0.0
0.0
0.0
13.0
0.0
0.0
0.0
18.0
0.0
74.0
0.0
5.0
18.0
0.0
0.0
5.0
5.0
0.0
0.0
0.0
0.0
0.0
0.0
36.0
0.0
0.0
0.0
10.0
0.0
0.0
0.0
0.0
0.0
0.0
0.0
0.0
0.0
0.0
0.0
0.0
0.0
0.0
NaN
NaN
0.0
0.0
0.0
0.0
0.0
41.0
0.0
0.0
0.0
0.0
0.0
0.0
0.0
0.0
0.0
0.0
5.0
0.0
0.0
20.0
0.0
0.0
0.0
0.0
0.0
0.0
0.0
0.0
0.0
0.0
NaN
NaN
0.0
13.0
0.0
0.0
51.0
8.0
0.0
0.0
25.0
0.0
0.0
0.0
0.0
0.0
8.0
0.0
0.0
0.0
0.0
8.0
0.0
0.0
0.0
0.0
0.0
0.0
0.0
0.0
0.0
0.0
0.0
0.0
13.0
0.0
0.0
0.0
0.0
0.0
0.0
3.0
13.0
0.0
0.0
0.0
0.0
0.0
13.0
0.0
0.0
0.0
0.0
0.0
0.0
0.0
NaN
NaN
71.0
8.0
0.0
0.0
64.0
0.0
38.0
0.0
0.0
0.0
13.0
0.0
0.0
0.0
0.0
0.0
8.0
0.0
25.0
0.0
0.0
0.0
0.0
0.0
0.0
0.0
0.0
0.0
0.0
0.0
0.0
0.0
0.0
0.0
0.0
0.0
0.0
8.0
0.0
25.0
0.0
0.0
0.0
0.0
0.0
0.0
0.0
25.0
0.0
0.0
0.0
0.0
38.0
0.0
0.0
38.0
0.0
0.0
0.0
0.0
0.0
38.0
38.0
0.0
38.0
NaN
NaN
0.0
0.0
0.0
13.0
0.0
0.0
0.0
0.0
0.0
0.0
0.0
0.0
0.0
0.0
0.0
0.0
0.0
0.0
102.0
152.0
0.0
0.0
0.0
0.0
0.0
51.0
0.0
0.0
0.0
0.0
0.0
0.0
0.0
0.0
262.0
0.0
0.0
0.0
0.0
23.0
0.0
53.0
165.0
135.0
0.0
0.0
41.0
0.0
0.0
0.0
0.0
0.0
0.0
18.0
0.0
0.0
0.0
0.0
0.0
0.0
0.0
0.0
0.0
0.0
0.0
0.0
0.0
0.0
0.0
0.0
0.0
0.0
8.0
0.0
0.0
0.0
0.0
0.0
NaN
NaN
0.0
0.0
0.0
0.0
102.0
168.0
0.0
0.0
0.0
165.0
8.0
0.0
0.0
0.0
0.0
0.0
0.0
0.0
64.0
0.0
0.0
0.0
0.0
18.0
0.0
25.0
53.0
0.0
0.0
0.0
0.0
0.0
89.0
5.0
0.0
0.0
41.0
0.0
0.0
0.0
0.0
0.0
23.0
178.0
51.0
0.0
0.0
0.0
5.0
13.0
0.0
0.0
51.0
0.0
15.0
0.0
0.0
193.0
89.0
135.0
0.0
0.0
0.0
0.0
0.0
0.0
0.0
0.0
3.0
0.0
0.0
3.0
53.0
13.0
0.0
0.0
15.0
267.0
0.0
84.0
0.0
8.0
0.0
30.0
0.0
10.0
0.0
0.0
71.0
20.0
0.0
0.0
0.0
0.0
0.0
0.0
0.0
0.0
28.0
0.0
0.0
0.0
0.0
0.0
0.0
25.0
15.0
0.0
0.0
0.0
0.0
NaN
74.0
0.0
0.0
119.0
0.0
0.0
0.0
0.0
0.0
0.0
0.0
0.0
0.0
0.0
0.0
18.0
3.0
76.0
0.0
0.0
0.0
0.0
0.0
0.0
13.0
0.0
0.0
0.0
0.0
10.0
0.0
0.0
8.0
0.0
0.0
0.0
0.0
0.0
0.0
18.0
13.0
NaN
NaN
0.0
0.0
8.0
0.0
8.0
0.0
0.0
0.0
0.0
NaN
NaN
0.0
13.0
0.0
0.0
0.0
0.0
0.0
0.0
0.0
0.0
0.0
0.0
0.0
0.0
0.0
51.0
13.0
0.0
0.0
0.0
51.0
51.0
0.0
0.0
127.0
13.0
0.0
152.0
0.0
0.0
0.0
0.0
13.0
0.0
0.0
0.0
0.0
0.0
0.0
0.0
0.0
0.0
25.0
0.0
0.0
0.0
0.0
0.0
0.0
0.0
0.0
0.0
0.0
0.0
0.0
0.0
0.0
0.0
0.0
25.0
0.0
0.0
0.0
0.0
0.0
0.0
0.0
0.0
0.0
0.0
51.0
51.0
0.0
0.0
0.0
0.0
13.0
0.0
0.0
0.0
0.0
0.0
0.0
13.0
76.0
0.0
25.0
0.0
0.0
0.0
0.0
0.0
0.0
0.0
51.0
0.0
0.0
0.0
0.0
0.0
0.0
0.0
0.0
0.0
0.0
51.0
51.0
0.0
51.0
0.0
25.0
0.0
0.0
0.0
0.0
0.0
13.0
0.0
0.0
0.0
0.0
25.0
0.0
0.0
0.0
0.0
0.0
0.0
165.0
71.0
0.0
25.0
91.0
0.0
36.0
147.0
0.0
0.0
0.0
0.0
0.0
0.0
0.0
127.0
0.0
0.0
NaN
NaN
0.0
0.0
0.0
0.0
0.0
0.0
0.0
28.0
0.0
0.0
0.0
15.0
127.0
0.0
0.0
0.0
0.0
0.0
0.0
0.0
0.0
0.0
0.0
0.0
114.0
23.0
71.0
36.0
0.0
0.0
292.0
0.0
53.0
43.0
30.0
0.0
15.0
0.0
0.0
0.0
152.0
114.0
0.0
NaN
NaN
13.0
8.0
0.0
0.0
0.0
0.0
0.0
0.0
0.0
0.0
0.0
8.0
81.0
69.0
0.0
8.0
0.0
0.0
0.0
58.0
114.0
NaN
0.0
0.0
155.0
0.0
25.0
38.0
0.0
0.0
0.0
0.0
0.0
0.0
13.0
25.0
38.0
74.0
13.0
64.0
0.0
0.0
310.0
5.0
61.0
5.0
0.0
0.0
0.0
0.0
0.0
0.0
53.0
8.0
8.0
0.0
13.0
0.0
10.0
79.0
0.0
0.0
0.0
0.0
0.0
56.0
43.0
0.0
0.0
5.0
0.0
0.0
56.0
18.0
0.0
0.0
0.0
0.0
0.0
5.0
0.0
0.0
20.0
107.0
0.0
46.0
33.0
0.0
5.0
513.0
165.0
3.0
0.0
0.0
38.0
3.0
0.0
0.0
0.0
0.0
0.0
86.0
0.0
0.0
0.0
0.0
0.0
13.0
58.0
0.0
0.0
0.0
0.0
0.0
58.0
0.0
0.0
23.0
0.0
0.0
0.0
114.0
79.0
0.0
18.0
0.0
0.0
20.0
38.0
0.0
0.0
0.0
0.0
0.0
119.0
0.0
0.0
0.0
0.0
0.0
0.0
0.0
0.0
3.0
0.0
0.0
0.0
0.0
0.0
0.0
0.0
0.0
0.0
38.0
0.0
0.0
0.0
13.0
13.0
0.0
20.0
102.0
0.0
0.0
0.0
0.0
25.0
13.0
0.0
0.0
NaN
NaN
25.0
229.0
0.0
0.0
0.0
0.0
0.0
0.0
0.0
0.0
0.0
0.0
0.0
0.0
0.0
0.0
0.0
0.0
0.0
0.0
0.0
0.0
0.0
0.0
13.0
0.0
0.0
0.0
0.0
NaN
NaN
0.0
0.0
0.0
203.0
76.0
0.0
0.0
25.0
76.0
0.0
0.0
0.0
NaN
NaN
0.0
NaN
NaN
0.0
0.0
0.0
0.0
0.0
0.0
13.0
0.0
0.0
0.0
0.0
0.0
0.0
0.0
0.0
0.0
0.0
0.0
0.0
0.0
0.0
0.0
0.0
0.0
0.0
0.0
0.0
102.0
0.0
51.0
0.0
0.0
0.0
0.0
0.0
0.0
0.0
0.0
0.0
0.0
0.0
0.0
0.0
0.0
0.0
0.0
0.0
0.0
0.0
NaN
NaN
0.0
0.0
51.0
0.0
0.0
0.0
0.0
0.0
0.0
0.0
0.0
0.0
0.0
0.0
0.0
0.0
0.0
0.0
0.0
0.0
0.0
0.0
0.0
0.0
0.0
0.0
0.0
0.0
0.0
0.0
0.0
0.0
0.0
0.0
0.0
0.0
0.0
0.0
0.0
0.0
10.0
0.0
0.0
0.0
0.0
0.0
0.0
0.0
0.0
157.0
0.0
0.0
0.0
178.0
76.0
0.0
0.0
0.0
0.0
0.0
0.0
0.0
0.0
0.0
0.0
0.0
0.0
0.0
0.0
0.0
0.0
246.0
0.0
109.0
5.0
41.0
0.0
0.0
53.0
25.0
25.0
0.0
0.0
0.0
0.0
0.0
0.0
0.0
0.0
0.0
0.0
0.0
127.0
0.0
41.0
0.0
0.0
140.0
NaN
NaN
NaN
0.0
0.0
0.0
46.0
0.0
0.0
0.0
38.0
0.0
0.0
122.0
0.0
0.0
0.0
8.0
15.0
0.0
249.0
76.0
0.0
191.0
97.0
0.0
0.0
58.0
0.0
0.0
0.0
0.0
0.0
0.0
0.0
43.0
0.0
64.0
0.0
0.0
8.0
0.0
46.0
0.0
0.0
0.0
0.0
0.0
0.0
0.0
0.0
0.0
0.0
0.0
0.0
0.0
0.0
0.0
13.0
13.0
0.0
0.0
112.0
0.0
0.0
0.0
0.0
10.0
0.0
0.0
0.0
0.0
0.0
0.0
0.0
0.0
0.0
0.0
18.0
0.0
318.0
48.0
0.0
0.0
33.0
48.0
269.0
0.0
0.0
0.0
0.0
0.0
0.0
191.0
0.0
0.0
0.0
0.0
0.0
0.0
0.0
0.0
0.0
0.0
0.0
8.0
0.0
0.0
0.0
0.0
0.0
0.0
51.0
38.0
38.0
0.0
0.0
0.0
0.0
0.0
36.0
0.0
0.0
15.0
191.0
8.0
0.0
0.0
0.0
0.0
0.0
0.0
165.0
0.0
0.0
0.0
0.0
0.0
0.0
0.0
0.0
0.0
0.0
0.0
0.0
0.0
25.0
25.0
0.0
13.0
0.0
0.0
13.0
0.0
0.0
76.0
25.0
0.0
102.0
51.0
0.0
0.0
0.0
0.0
0.0
0.0
0.0
0.0
0.0
0.0
0.0
25.0
0.0
0.0
0.0
0.0
0.0
203.0
0.0
51.0
51.0
0.0
0.0
0.0
0.0
0.0
0.0
0.0
51.0
0.0
25.0
0.0
0.0
0.0
0.0
NaN
0.0
0.0
0.0
0.0
0.0
0.0
0.0
0.0
0.0
0.0
0.0
0.0
0.0
0.0
0.0
25.0
0.0
0.0
13.0
0.0
0.0
13.0
0.0
0.0
0.0
0.0
0.0
64.0
0.0
51.0
0.0
0.0
0.0
0.0
0.0
0.0
0.0
0.0
0.0
0.0
0.0
102.0
0.0
0.0
0.0
0.0
25.0
0.0
25.0
0.0
13.0
0.0
0.0
0.0
0.0
0.0
0.0
0.0
0.0
0.0
0.0
0.0
0.0
0.0
0.0
0.0
0.0
0.0
0.0
0.0
13.0
0.0
0.0
0.0
0.0
0.0
0.0
0.0
127.0
0.0
0.0
0.0
0.0
0.0
0.0
0.0
76.0
0.0
0.0
0.0
0.0
0.0
0.0
0.0
0.0
254.0
0.0
0.0
102.0
0.0
0.0
0.0
0.0
0.0
0.0
0.0
25.0
0.0
25.0
25.0
0.0
61.0
0.0
0.0
0.0
0.0
NaN
NaN
76.0
51.0
51.0
0.0
0.0
0.0
0.0
0.0
0.0
0.0
102.0
0.0
0.0
0.0
0.0
51.0
25.0
0.0
0.0
0.0
0.0
0.0
0.0
0.0
0.0
0.0
15.0
10.0
0.0
0.0
0.0
25.0
0.0
25.0
20.0
15.0
0.0
0.0
0.0
0.0
0.0
0.0
0.0
0.0
79.0
0.0
0.0
0.0
0.0
0.0
0.0
0.0
94.0
0.0
0.0
0.0
0.0
0.0
0.0
38.0
56.0
124.0
0.0
0.0
0.0
0.0
0.0
0.0
0.0
20.0
20.0
0.0
0.0
0.0
0.0
0.0
5.0
307.0
0.0
0.0
61.0
30.0
0.0
0.0
0.0
0.0
0.0
0.0
0.0
0.0
0.0
0.0
64.0
64.0
23.0
0.0
0.0
0.0
0.0
0.0
43.0
20.0
13.0
203.0
0.0
0.0
234.0
0.0
239.0
0.0
0.0
0.0
0.0
0.0
0.0
0.0
0.0
43.0
0.0
0.0
0.0
0.0
0.0
0.0
0.0
0.0
0.0
0.0
0.0
0.0
0.0
0.0
0.0
0.0
0.0
0.0
0.0
0.0
0.0
0.0
0.0
0.0
0.0
0.0
0.0
46.0
15.0
0.0
0.0
0.0
0.0
0.0
15.0
0.0
0.0
0.0
0.0
0.0
0.0
0.0
0.0
0.0
0.0
0.0
10.0
13.0
30.0
0.0
NaN
NaN
0.0
0.0
0.0
0.0
NaN
NaN
0.0
0.0
NaN
NaN
0.0
0.0
0.0
0.0
0.0
13.0
0.0
0.0
0.0
0.0
89.0
0.0
8.0
0.0
NaN
NaN
NaN
NaN
NaN
NaN
NaN
NaN
NaN
NaN
NaN
NaN
NaN
NaN
NaN
NaN
NaN
NaN
0.0
51.0
0.0
0.0
0.0
0.0
13.0
0.0
0.0
0.0
0.0
0.0
0.0
0.0
0.0
0.0
0.0
0.0
0.0
0.0
13.0
0.0
102.0
0.0
0.0
0.0
0.0
0.0
NaN
NaN
0.0
13.0
0.0
0.0
0.0
0.0
0.0
0.0
0.0
13.0
0.0
0.0
0.0
0.0
0.0
0.0
0.0
0.0
0.0
0.0
20.0
0.0
0.0
127.0
0.0
0.0
0.0
0.0
0.0
0.0
0.0
0.0
0.0
0.0
0.0
51.0
NaN
0.0
0.0
76.0
51.0
0.0
0.0
0.0
0.0
0.0
0.0
0.0
38.0
0.0
0.0
0.0
38.0
0.0
0.0
0.0
0.0
0.0
13.0
0.0
0.0
0.0
0.0
0.0
0.0
0.0
0.0
0.0
0.0
13.0
0.0
0.0
0.0
0.0
0.0
0.0
0.0
0.0
0.0
0.0
0.0
0.0
0.0
0.0
0.0
0.0
25.0
0.0
0.0
0.0
38.0
0.0
0.0
0.0
0.0
0.0
0.0
0.0
0.0
0.0
0.0
0.0
13.0
0.0
0.0
0.0
0.0
0.0
0.0
0.0
0.0
0.0
0.0
0.0
0.0
0.0
0.0
0.0
0.0
0.0
0.0
0.0
25.0
241.0
0.0
0.0
0.0
0.0
0.0
0.0
0.0
0.0
0.0
0.0
0.0
0.0
0.0
0.0
0.0
NaN
NaN
196.0
0.0
0.0
0.0
0.0
0.0
165.0
10.0
58.0
127.0
0.0
0.0
0.0
0.0
0.0
0.0
0.0
0.0
114.0
38.0
13.0
0.0
0.0
81.0
38.0
0.0
51.0
0.0
0.0
13.0
10.0
0.0
104.0
274.0
0.0
38.0
0.0
0.0
0.0
0.0
0.0
0.0
0.0
104.0
0.0
0.0
0.0
0.0
0.0
0.0
38.0
41.0
0.0
5.0
0.0
0.0
13.0
0.0
0.0
0.0
51.0
0.0
0.0
0.0
0.0
0.0
43.0
147.0
0.0
66.0
0.0
0.0
0.0
0.0
117.0
79.0
0.0
0.0
0.0
0.0
0.0
0.0
3.0
160.0
0.0
74.0
0.0
0.0
0.0
0.0
41.0
0.0
0.0
0.0
0.0
25.0
0.0
0.0
30.0
30.0
191.0
0.0
452.0
30.0
84.0
0.0
0.0
18.0
511.0
0.0
0.0
0.0
0.0
0.0
36.0
0.0
0.0
3.0
76.0
13.0
38.0
0.0
0.0
0.0
0.0
0.0
0.0
0.0
0.0
0.0
170.0
361.0
20.0
0.0
0.0
0.0
0.0
20.0
0.0
28.0
0.0
13.0
0.0
0.0
0.0
0.0
41.0
38.0
0.0
0.0
0.0
0.0
0.0
0.0
0.0
0.0
0.0
0.0
0.0
102.0
99.0
0.0
0.0
38.0
0.0
0.0
0.0
0.0
0.0
20.0
0.0
0.0
0.0
0.0
0.0
0.0
0.0
0.0
0.0
0.0
0.0
0.0
0.0
0.0
0.0
13.0
0.0
0.0
0.0
51.0
0.0
0.0
0.0
0.0
0.0
13.0
0.0
0.0
0.0
0.0
0.0
0.0
0.0
0.0
0.0
0.0
0.0
0.0
0.0
0.0
51.0
51.0
0.0
0.0
0.0
13.0
0.0
0.0
0.0
0.0
0.0
0.0
0.0
0.0
0.0
0.0
0.0
20.0
20.0
0.0
0.0
0.0
0.0
0.0
0.0
0.0
8.0
0.0
8.0
0.0
0.0
8.0
8.0
0.0
140.0
0.0
0.0
0.0
0.0
0.0
0.0
38.0
76.0
102.0
0.0
0.0
51.0
0.0
76.0
76.0
0.0
0.0
0.0
140.0
51.0
0.0
51.0
0.0
0.0
13.0
0.0
0.0
0.0
0.0
0.0
0.0
0.0
0.0
13.0
0.0
0.0
0.0
0.0
0.0
0.0
0.0
0.0
0.0
0.0
0.0
0.0
0.0
0.0
0.0
0.0
0.0
0.0
0.0
0.0
0.0
0.0
0.0
0.0
0.0
0.0
0.0
0.0
0.0
0.0
0.0
0.0
0.0
0.0
0.0
0.0
0.0
0.0
0.0
0.0
0.0
0.0
0.0
0.0
0.0
0.0
0.0
0.0
0.0
0.0
0.0
0.0
0.0
0.0
0.0
0.0
0.0
0.0
0.0
0.0
0.0
0.0
0.0
0.0
0.0
0.0
0.0
0.0
0.0
0.0
0.0
0.0
0.0
0.0
0.0
0.0
0.0
0.0
0.0
0.0
0.0
0.0
23.0
0.0
0.0
0.0
0.0
0.0
0.0
0.0
0.0
0.0
0.0
0.0
0.0
0.0
104.0
0.0
0.0
0.0
48.0
0.0
0.0
0.0
112.0
0.0
0.0
168.0
188.0
175.0
NaN
0.0
NaN
0.0
0.0
0.0
0.0
0.0
46.0
10.0
25.0
8.0
0.0
0.0
0.0
0.0
0.0
0.0
0.0
0.0
0.0
0.0
0.0
0.0
NaN
NaN
0.0
13.0
NaN
0.0
0.0
0.0
20.0
3.0
0.0
0.0
5.0
56.0
0.0
0.0
0.0
132.0
0.0
0.0
0.0
0.0
0.0
71.0
0.0
0.0
0.0
165.0
8.0
0.0
0.0
36.0
0.0
0.0
0.0
41.0
0.0
0.0
0.0
3.0
0.0
69.0
91.0
0.0
0.0
0.0
0.0
0.0
0.0
56.0
0.0
0.0
38.0
13.0
13.0
0.0
0.0
0.0
0.0
0.0
0.0
0.0
0.0
10.0
0.0
0.0
0.0
0.0
0.0
0.0
0.0
79.0
0.0
25.0
0.0
0.0
25.0
0.0
0.0
0.0
0.0
64.0
0.0
0.0
0.0
0.0
0.0
33.0
94.0
64.0
0.0
124.0
56.0
10.0
0.0
51.0
0.0
0.0
97.0
0.0
66.0
10.0
0.0
10.0
104.0
0.0
0.0
0.0
0.0
0.0
0.0
18.0
28.0
0.0
0.0
0.0
0.0
0.0
0.0
0.0
0.0
0.0
0.0
0.0
0.0
0.0
0.0
0.0
0.0
0.0
0.0
0.0
0.0
0.0
0.0
0.0
0.0
0.0
8.0
0.0
0.0
13.0
38.0
0.0
0.0
0.0
25.0
38.0
0.0
0.0
13.0
0.0
8.0
0.0
0.0
0.0
0.0
0.0
0.0
0.0
0.0
0.0
0.0
13.0
13.0
13.0
25.0
13.0
0.0
0.0
25.0
0.0
0.0
0.0
0.0
0.0
0.0
0.0
0.0
0.0
0.0
0.0
25.0
0.0
0.0
0.0
0.0
0.0
13.0
13.0
13.0
13.0
13.0
0.0
0.0
0.0
0.0
0.0
0.0
51.0
0.0
0.0
0.0
51.0
25.0
0.0
0.0
0.0
0.0
0.0
0.0
0.0
0.0
0.0
0.0
0.0
0.0
0.0
0.0
0.0
0.0
0.0
0.0
13.0
0.0
0.0
0.0
8.0
0.0
0.0
0.0
0.0
0.0
0.0
0.0
0.0
58.0
25.0
5.0
0.0
0.0
0.0
0.0
25.0
0.0
0.0
0.0
0.0
0.0
0.0
102.0
127.0
0.0
0.0
0.0
0.0
0.0
0.0
0.0
0.0
0.0
0.0
0.0
0.0
0.0
0.0
0.0
0.0
0.0
0.0
0.0
0.0
0.0
0.0
0.0
0.0
0.0
0.0
0.0
0.0
0.0
0.0
0.0
0.0
0.0
0.0
0.0
51.0
0.0
0.0
0.0
0.0
0.0
0.0
51.0
0.0
0.0
0.0
51.0
71.0
76.0
0.0
0.0
0.0
0.0
0.0
0.0
25.0
43.0
0.0
0.0
0.0
0.0
25.0
0.0
18.0
0.0
0.0
0.0
0.0
94.0
0.0
8.0
117.0
71.0
0.0
0.0
0.0
3.0
0.0
0.0
0.0
10.0
0.0
203.0
23.0
10.0
160.0
10.0
41.0
0.0
0.0
0.0
0.0
0.0
0.0
0.0
0.0
117.0
0.0
0.0
25.0
0.0
0.0
0.0
0.0
0.0
28.0
0.0
0.0
0.0
0.0
0.0
0.0
0.0
48.0
0.0
0.0
0.0
23.0
330.0
0.0
102.0
0.0
0.0
NaN
NaN
155.0
0.0
0.0
0.0
165.0
0.0
NaN
NaN
0.0
0.0
0.0
0.0
0.0
0.0
0.0
0.0
0.0
102.0
25.0
0.0
0.0
0.0
97.0
0.0
0.0
0.0
18.0
0.0
0.0
0.0
0.0
0.0
0.0
0.0
0.0
0.0
0.0
0.0
0.0
NaN
0.0
0.0
0.0
0.0
0.0
84.0
0.0
0.0
0.0
0.0
5.0
0.0
0.0
99.0
0.0
0.0
0.0
20.0
0.0
0.0
0.0
0.0
109.0
0.0
84.0
0.0
58.0
0.0
0.0
0.0
91.0
0.0
0.0
0.0
0.0
478.0
124.0
0.0
0.0
15.0
0.0
8.0
10.0
0.0
0.0
0.0
0.0
155.0
0.0
0.0
0.0
3.0
0.0
0.0
56.0
0.0
5.0
0.0
0.0
0.0
0.0
0.0
0.0
0.0
0.0
0.0
0.0
28.0
0.0
0.0
15.0
69.0
61.0
53.0
0.0
0.0
43.0
43.0
5.0
0.0
0.0
0.0
0.0
0.0
0.0
0.0
10.0
0.0
0.0
0.0
0.0
0.0
0.0
15.0
25.0
0.0
25.0
0.0
0.0
0.0
25.0
13.0
0.0
0.0
0.0
0.0
0.0
51.0
0.0
0.0
0.0
0.0
0.0
51.0
25.0
0.0
0.0
0.0
0.0
0.0
0.0
0.0
0.0
38.0
0.0
0.0
0.0
25.0
13.0
0.0
0.0
0.0
0.0
0.0
0.0
0.0
0.0
0.0
NaN
0.0
0.0
0.0
0.0
0.0
0.0
0.0
0.0
0.0
0.0
13.0
38.0
0.0
0.0
0.0
0.0
0.0
38.0
0.0
0.0
0.0
0.0
0.0
0.0
0.0
0.0
25.0
NaN
0.0
0.0
0.0
0.0
0.0
0.0
0.0
0.0
0.0
0.0
NaN
NaN
0.0
0.0
0.0
0.0
0.0
0.0
0.0
0.0
0.0
0.0
0.0
0.0
0.0
0.0
NaN
0.0
0.0
0.0
0.0
0.0
0.0
51.0
0.0
0.0
0.0
0.0
0.0
0.0
0.0
0.0
NaN
0.0
0.0
0.0
0.0
0.0
0.0
0.0
0.0
0.0
0.0
0.0
102.0
0.0
0.0
0.0
0.0
NaN
152.0
0.0
0.0
0.0
0.0
0.0
0.0
0.0
0.0
0.0
0.0
0.0
0.0
0.0
0.0
0.0
NaN
NaN
NaN
163.0
0.0
0.0
0.0
0.0
0.0
0.0
0.0
0.0
0.0
91.0
81.0
0.0
0.0
0.0
0.0
0.0
18.0
0.0
0.0
0.0
0.0
0.0
0.0
0.0
NaN
NaN
NaN
0.0
0.0
0.0
0.0
0.0
86.0
0.0
0.0
0.0
0.0
0.0
18.0
0.0
0.0
0.0
0.0
0.0
0.0
NaN
NaN
NaN
0.0
0.0
0.0
33.0
0.0
0.0
0.0
0.0
102.0
0.0
0.0
NaN
NaN
0.0
0.0
0.0
0.0
0.0
NaN
NaN
NaN
0.0
152.0
262.0
0.0
0.0
13.0
0.0
0.0
69.0
0.0
0.0
0.0
0.0
3.0
0.0
0.0
5.0
71.0
0.0
0.0
NaN
NaN
0.0
0.0
0.0
0.0
NaN
NaN
0.0
152.0
66.0
0.0
0.0
43.0
3.0
0.0
0.0
0.0
0.0
0.0
0.0
0.0
0.0
18.0
0.0
0.0
0.0
0.0
0.0
8.0
0.0
132.0
51.0
0.0
0.0
0.0
5.0
91.0
0.0
0.0
0.0
13.0
0.0
0.0
0.0
10.0
NaN
NaN
NaN
NaN
NaN
23.0
0.0
0.0
0.0
0.0
0.0
38.0
3.0
224.0
114.0
0.0
0.0
15.0
51.0
30.0
0.0
0.0
NaN
NaN
NaN
0.0
0.0
0.0
0.0
10.0
NaN
NaN
28.0
0.0
0.0
109.0
5.0
0.0
3.0
3.0
0.0
25.0
66.0
0.0
51.0
99.0
145.0
5.0
0.0
0.0
0.0
0.0
0.0
0.0
13.0
0.0
0.0
0.0
305.0
0.0
0.0
99.0
38.0
51.0
102.0
51.0
0.0
0.0
0.0
0.0
0.0
0.0
0.0
0.0
13.0
0.0
0.0
0.0
0.0
0.0
0.0
51.0
51.0
0.0
0.0
25.0
0.0
0.0
0.0
0.0
0.0
0.0
0.0
NaN
NaN
NaN
0.0
0.0
0.0
0.0
0.0
0.0
0.0
13.0
51.0
25.0
0.0
NaN
NaN
NaN
0.0
0.0
0.0
0.0
NaN
NaN
NaN
NaN
0.0
0.0
0.0
0.0
0.0
0.0
0.0
13.0
25.0
0.0
89.0
0.0
0.0
0.0
0.0
0.0
0.0
0.0
NaN
NaN
0.0
0.0
NaN
NaN
NaN
NaN
NaN
0.0
0.0
0.0
0.0
0.0
0.0
0.0
0.0
0.0
0.0
0.0
0.0
0.0
0.0
0.0
0.0
0.0
0.0
NaN
NaN
0.0
0.0
13.0
0.0
0.0
0.0
0.0
0.0
0.0
0.0
0.0
0.0
0.0
0.0
0.0
0.0
0.0
0.0
0.0
0.0
0.0
51.0
102.0
0.0
0.0
0.0
0.0
0.0
0.0
0.0
0.0
0.0
0.0
0.0
0.0
0.0
0.0
0.0
0.0
0.0
0.0
0.0
51.0
13.0
0.0
0.0
0.0
0.0
25.0
0.0
0.0
0.0
0.0
0.0
0.0
15.0
0.0
0.0
0.0
13.0
23.0
0.0
0.0
0.0
0.0
15.0
0.0
0.0
10.0
0.0
0.0
0.0
30.0
0.0
0.0
0.0
0.0
0.0
10.0
0.0
0.0
0.0
0.0
0.0
0.0
0.0
0.0
86.0
0.0
0.0
0.0
33.0
0.0
0.0
0.0
18.0
0.0
0.0
38.0
5.0
104.0
76.0
0.0
5.0
0.0
0.0
0.0
0.0
0.0
0.0
0.0
41.0
0.0
0.0
0.0
0.0
0.0
89.0
0.0
41.0
64.0
71.0
0.0
0.0
NaN
NaN
0.0
0.0
0.0
0.0
0.0
0.0
0.0
13.0
0.0
0.0
0.0
0.0
0.0
0.0
0.0
0.0
0.0
5.0
0.0
0.0
168.0
91.0
0.0
0.0
53.0
0.0
0.0
91.0
0.0
157.0
137.0
0.0
0.0
NaN
NaN
0.0
0.0
0.0
0.0
0.0
0.0
0.0
0.0
351.0
0.0
0.0
0.0
NaN
NaN
104.0
15.0
0.0
0.0
0.0
0.0
3.0
0.0
0.0
0.0
0.0
0.0
0.0
213.0
0.0
0.0
0.0
0.0
0.0
0.0
0.0
0.0
0.0
3.0
0.0
25.0
0.0
76.0
0.0
0.0
71.0
0.0
0.0
86.0
0.0
0.0
0.0
0.0
NaN
NaN
0.0
0.0
0.0
28.0
0.0
0.0
0.0
NaN
NaN
28.0
0.0
206.0
36.0
0.0
0.0
0.0
0.0
0.0
0.0
0.0
0.0
0.0
0.0
0.0
114.0
0.0
0.0
0.0
0.0
20.0
0.0
13.0
0.0
0.0
0.0
0.0
0.0
0.0
0.0
0.0
46.0
NaN
NaN
NaN
0.0
0.0
0.0
0.0
0.0
0.0
142.0
13.0
0.0
0.0
0.0
51.0
0.0
0.0
0.0
0.0
13.0
0.0
0.0
0.0
0.0
25.0
0.0
0.0
0.0
0.0
0.0
51.0
0.0
0.0
0.0
0.0
0.0
0.0
0.0
0.0
0.0
0.0
0.0
0.0
0.0
0.0
0.0
0.0
0.0
13.0
0.0
0.0
0.0
0.0
51.0
0.0
102.0
0.0
NaN
NaN
0.0
0.0
0.0
51.0
NaN
NaN
NaN
0.0
0.0
0.0
0.0
0.0
0.0
0.0
0.0
0.0
13.0
0.0
0.0
0.0
0.0
0.0
0.0
0.0
0.0
0.0
0.0
0.0
0.0
0.0
0.0
0.0
0.0
0.0
0.0
0.0
0.0
0.0
0.0
0.0
0.0
0.0
64.0
0.0
0.0
0.0
0.0
0.0
0.0
51.0
0.0
0.0
0.0
0.0
0.0
0.0
0.0
0.0
0.0
0.0
0.0
0.0
0.0
0.0
0.0
25.0
0.0
0.0
0.0
0.0
NaN
NaN
0.0
0.0
0.0
0.0
0.0
0.0
0.0
0.0
0.0
0.0
0.0
25.0
25.0
0.0
0.0
0.0
0.0
0.0
0.0
0.0
0.0
0.0
0.0
0.0
0.0
0.0
0.0
0.0
20.0
0.0
0.0
0.0
0.0
0.0
15.0
0.0
0.0
0.0
0.0
0.0
8.0
0.0
97.0
0.0
NaN
NaN
0.0
0.0
0.0
0.0
0.0
0.0
0.0
0.0
0.0
0.0
0.0
0.0
0.0
69.0
0.0
0.0
0.0
0.0
0.0
0.0
0.0
0.0
0.0
0.0
0.0
0.0
0.0
0.0
0.0
0.0
43.0
0.0
0.0
18.0
0.0
0.0
0.0
0.0
15.0
0.0
0.0
0.0
76.0
0.0
18.0
0.0
66.0
0.0
NaN
NaN
0.0
0.0
0.0
1151.0
0.0
0.0
292.0
76.0
183.0
13.0
0.0
0.0
0.0
0.0
109.0
0.0
0.0
5.0
0.0
0.0
104.0
0.0
8.0
0.0
0.0
NaN
NaN
0.0
0.0
0.0
0.0
0.0
0.0
0.0
0.0
0.0
43.0
0.0
0.0
0.0
0.0
5.0
53.0
18.0
127.0
196.0
0.0
0.0
38.0
0.0
0.0
0.0
15.0
0.0
0.0
0.0
8.0
0.0
376.0
137.0
0.0
NaN
NaN
0.0
0.0
0.0
0.0
0.0
267.0
0.0
0.0
0.0
0.0
0.0
0.0
0.0
0.0
203.0
0.0
0.0
38.0
0.0
NaN
NaN
NaN
86.0
53.0
0.0
0.0
0.0
0.0
0.0
0.0
25.0
15.0
0.0
0.0
0.0
0.0
0.0
0.0
0.0
NaN
NaN
NaN
246.0
0.0
0.0
0.0
0.0
0.0
0.0
0.0
71.0
79.0
0.0
0.0
0.0
0.0
8.0
97.0
0.0
160.0
0.0
109.0
0.0
0.0
0.0
0.0
0.0
0.0
0.0
0.0
0.0
0.0
18.0
0.0
107.0
0.0
0.0
0.0
0.0
69.0
0.0
0.0
0.0
76.0
0.0
76.0
51.0
51.0
0.0
0.0
0.0
51.0
25.0
51.0
0.0
0.0
0.0
25.0
0.0
51.0
76.0
0.0
0.0
0.0
0.0
51.0
0.0
0.0
0.0
0.0
0.0
NaN
0.0
0.0
0.0
0.0
0.0
76.0
0.0
0.0
0.0
0.0
0.0
0.0
0.0
0.0
0.0
0.0
0.0
0.0
0.0
0.0
51.0
0.0
0.0
NaN
NaN
0.0
0.0
0.0
0.0
0.0
0.0
0.0
0.0
0.0
0.0
0.0
0.0
0.0
0.0
0.0
NaN
NaN
0.0
0.0
0.0
0.0
0.0
0.0
0.0
0.0
0.0
0.0
NaN
NaN
0.0
0.0
0.0
102.0
0.0
0.0
0.0
0.0
0.0
13.0
0.0
0.0
0.0
0.0
38.0
0.0
0.0
0.0
0.0
0.0
51.0
0.0
0.0
0.0
0.0
0.0
0.0
0.0
0.0
0.0
0.0
0.0
0.0
0.0
0.0
0.0
51.0
0.0
0.0
0.0
0.0
51.0
0.0
0.0
0.0
0.0
0.0
0.0
0.0
0.0
102.0
0.0
0.0
0.0
0.0
0.0
0.0
0.0
0.0
0.0
0.0
51.0
0.0
0.0
0.0
0.0
0.0
0.0
0.0
0.0
0.0
0.0
0.0
0.0
0.0
13.0
0.0
0.0
0.0
0.0
0.0
0.0
0.0
0.0
0.0
114.0
0.0
0.0
0.0
0.0
0.0
269.0
76.0
0.0
0.0
0.0
0.0
0.0
0.0
0.0
0.0
0.0
0.0
0.0
180.0
0.0
0.0
0.0
0.0
0.0
58.0
0.0
0.0
445.0
147.0
0.0
25.0
5.0
0.0
0.0
0.0
25.0
64.0
0.0
0.0
0.0
0.0
107.0
3.0
56.0
0.0
0.0
0.0
0.0
0.0
0.0
0.0
0.0
109.0
20.0
0.0
15.0
0.0
8.0
0.0
0.0
0.0
0.0
0.0
0.0
0.0
0.0
0.0
0.0
0.0
0.0
0.0
0.0
0.0
25.0
0.0
0.0
3.0
15.0
0.0
0.0
5.0
0.0
0.0
0.0
0.0
10.0
0.0
0.0
0.0
132.0
0.0
0.0
56.0
3.0
203.0
0.0
0.0
0.0
0.0
3.0
0.0
0.0
0.0
0.0
0.0
0.0
0.0
0.0
0.0
0.0
0.0
66.0
28.0
0.0
53.0
8.0
0.0
0.0
107.0
28.0
315.0
81.0
0.0
0.0
0.0
8.0
0.0
0.0
145.0
203.0
0.0
0.0
NaN
NaN
0.0
0.0
38.0
0.0
0.0
0.0
48.0
226.0
8.0
5.0
0.0
0.0
10.0
0.0
145.0
0.0
0.0
0.0
0.0
8.0
0.0
20.0
0.0
0.0
0.0
0.0
25.0
127.0
0.0
0.0
0.0
0.0
13.0
13.0
0.0
0.0
0.0
0.0
0.0
0.0
0.0
0.0
25.0
76.0
8.0
0.0
0.0
0.0
0.0
0.0
0.0
0.0
0.0
0.0
0.0
0.0
0.0
0.0
0.0
NaN
NaN
0.0
0.0
0.0
0.0
0.0
0.0
0.0
0.0
0.0
0.0
102.0
0.0
0.0
0.0
0.0
0.0
25.0
0.0
0.0
0.0
0.0
0.0
0.0
0.0
0.0
0.0
0.0
0.0
0.0
0.0
0.0
0.0
0.0
13.0
0.0
0.0
0.0
0.0
0.0
0.0
0.0
0.0
38.0
0.0
0.0
25.0
0.0
0.0
33.0
0.0
0.0
0.0
0.0
0.0
0.0
0.0
0.0
0.0
0.0
0.0
0.0
0.0
0.0
0.0
0.0
0.0
0.0
51.0
127.0
0.0
0.0
0.0
0.0
0.0
0.0
0.0
51.0
76.0
0.0
0.0
0.0
0.0
76.0
25.0
0.0
0.0
0.0
0.0
0.0
0.0
0.0
0.0
25.0
0.0
0.0
0.0
0.0
0.0
0.0
0.0
51.0
0.0
25.0
0.0
0.0
0.0
0.0
0.0
0.0
0.0
51.0
0.0
0.0
0.0
0.0
0.0
0.0
0.0
0.0
0.0
0.0
0.0
0.0
0.0
0.0
0.0
0.0
0.0
0.0
0.0
0.0
0.0
0.0
0.0
0.0
0.0
0.0
76.0
0.0
0.0
0.0
0.0
0.0
0.0
127.0
0.0
0.0
0.0
0.0
0.0
0.0
0.0
0.0
0.0
0.0
0.0
0.0
0.0
0.0
0.0
0.0
10.0
0.0
15.0
28.0
15.0
23.0
0.0
48.0
0.0
0.0
0.0
0.0
0.0
NaN
NaN
0.0
0.0
30.0
23.0
3.0
33.0
0.0
0.0
0.0
0.0
0.0
0.0
0.0
0.0
0.0
71.0
0.0
0.0
0.0
10.0
0.0
5.0
8.0
0.0
23.0
231.0
0.0
0.0
10.0
0.0
10.0
5.0
36.0
0.0
30.0
109.0
0.0
119.0
5.0
0.0
0.0
0.0
160.0
86.0
0.0
0.0
13.0
0.0
0.0
0.0
0.0
0.0
36.0
0.0
NaN
NaN
0.0
0.0
0.0
122.0
0.0
61.0
0.0
0.0
0.0
0.0
0.0
0.0
0.0
10.0
0.0
8.0
0.0
0.0
0.0
0.0
18.0
0.0
0.0
25.0
15.0
3.0
0.0
33.0
0.0
5.0
163.0
0.0
0.0
0.0
0.0
0.0
0.0
0.0
0.0
145.0
0.0
13.0
38.0
0.0
69.0
279.0
30.0
0.0
147.0
30.0
112.0
0.0
0.0
91.0
0.0
0.0
0.0
0.0
112.0
0.0
0.0
0.0
406.0
46.0
25.0
0.0
0.0
0.0
0.0
0.0
0.0
38.0
5.0
0.0
5.0
122.0
0.0
0.0
8.0
94.0
107.0
0.0
0.0
10.0
0.0
0.0
0.0
99.0
25.0
0.0
0.0
0.0
0.0
0.0
0.0
0.0
0.0
0.0
41.0
13.0
0.0
0.0
0.0
28.0
0.0
0.0
0.0
13.0
300.0
0.0
0.0
0.0
0.0
150.0
0.0
0.0
0.0
0.0
0.0
0.0
0.0
0.0
0.0
0.0
0.0
0.0
0.0
0.0
0.0
0.0
0.0
0.0
0.0
0.0
0.0
0.0
0.0
0.0
13.0
0.0
0.0
0.0
0.0
0.0
0.0
0.0
0.0
0.0
8.0
0.0
0.0
0.0
8.0
0.0
0.0
0.0
0.0
8.0
NaN
NaN
0.0
0.0
0.0
102.0
0.0
0.0
0.0
0.0
0.0
0.0
0.0
0.0
102.0
0.0
0.0
51.0
0.0
0.0
8.0
0.0
0.0
0.0
0.0
0.0
0.0
0.0
0.0
0.0
0.0
0.0
0.0
0.0
0.0
0.0
0.0
0.0
51.0
0.0
0.0
0.0
0.0
NaN
NaN
0.0
0.0
0.0
0.0
0.0
0.0
0.0
0.0
13.0
0.0
0.0
13.0
0.0
0.0
0.0
0.0
38.0
76.0
0.0
0.0
0.0
25.0
0.0
0.0
0.0
0.0
0.0
0.0
0.0
25.0
0.0
0.0
0.0
0.0
0.0
8.0
51.0
0.0
0.0
0.0
0.0
0.0
0.0
0.0
0.0
0.0
51.0
0.0
0.0
51.0
152.0
0.0
0.0
0.0
0.0
0.0
0.0
0.0
0.0
0.0
0.0
0.0
0.0
0.0
0.0
25.0
0.0
0.0
0.0
0.0
0.0
25.0
0.0
25.0
0.0
0.0
0.0
0.0
0.0
0.0
0.0
0.0
0.0
0.0
0.0
0.0
0.0
0.0
0.0
0.0
0.0
0.0
0.0
13.0
0.0
368.0
0.0
51.0
0.0
0.0
0.0
0.0
0.0
0.0
0.0
0.0
0.0
0.0
0.0
8.0
0.0
0.0
0.0
0.0
0.0
0.0
0.0
0.0
0.0
0.0
0.0
43.0
0.0
41.0
0.0
13.0
0.0
0.0
0.0
0.0
0.0
0.0
0.0
0.0
0.0
0.0
0.0
0.0
0.0
0.0
0.0
0.0
0.0
0.0
NaN
NaN
NaN
0.0
10.0
91.0
0.0
NaN
NaN
NaN
5.0
0.0
119.0
15.0
0.0
0.0
0.0
0.0
0.0
0.0
0.0
208.0
198.0
0.0
0.0
0.0
0.0
0.0
0.0
0.0
0.0
0.0
0.0
0.0
25.0
0.0
0.0
0.0
132.0
13.0
0.0
89.0
0.0
0.0
0.0
0.0
0.0
0.0
0.0
0.0
0.0
0.0
0.0
0.0
0.0
51.0
0.0
0.0
0.0
0.0
3.0
0.0
0.0
0.0
0.0
0.0
0.0
0.0
0.0
0.0
0.0
0.0
0.0
0.0
0.0
104.0
56.0
13.0
0.0
0.0
0.0
0.0
0.0
236.0
0.0
0.0
0.0
0.0
0.0
0.0
10.0
8.0
0.0
0.0
0.0
8.0
0.0
0.0
0.0
0.0
15.0
18.0
0.0
0.0
0.0
0.0
0.0
0.0
0.0
33.0
0.0
0.0
0.0
0.0
0.0
0.0
0.0
0.0
0.0
0.0
0.0
NaN
NaN
3.0
0.0
10.0
0.0
0.0
0.0
0.0
0.0
43.0
0.0
0.0
0.0
0.0
0.0
0.0
36.0
0.0
0.0
NaN
NaN
0.0
0.0
0.0
0.0
20.0
0.0
0.0
3.0
0.0
13.0
0.0
0.0
0.0
0.0
8.0
0.0
0.0
0.0
0.0
0.0
0.0
0.0
0.0
8.0
0.0
0.0
0.0
13.0
0.0
0.0
8.0
51.0
0.0
0.0
0.0
0.0
0.0
0.0
13.0
0.0
0.0
25.0
0.0
0.0
0.0
51.0
0.0
0.0
0.0
38.0
0.0
0.0
0.0
0.0
0.0
0.0
0.0
51.0
0.0
0.0
0.0
0.0
0.0
25.0
0.0
0.0
0.0
0.0
0.0
0.0
0.0
0.0
0.0
0.0
0.0
0.0
0.0
0.0
0.0
8.0
0.0
0.0
0.0
0.0
0.0
64.0
0.0
0.0
0.0
0.0
51.0
0.0
51.0
0.0
0.0
0.0
0.0
0.0
0.0
25.0
0.0
25.0
0.0
0.0
0.0
13.0
0.0
0.0
0.0
0.0
0.0
0.0
0.0
0.0
0.0
0.0
0.0
0.0
0.0
0.0
0.0
51.0
254.0
0.0
0.0
0.0
0.0
0.0
0.0
0.0
0.0
0.0
0.0
0.0
0.0
0.0
0.0
0.0
0.0
0.0
25.0
0.0
0.0
0.0
0.0
0.0
0.0
13.0
0.0
0.0
0.0
0.0
0.0
0.0
0.0
0.0
0.0
0.0
0.0
0.0
0.0
13.0
0.0
0.0
0.0
0.0
0.0
0.0
0.0
0.0
0.0
0.0
0.0
NaN
NaN
0.0
25.0
0.0
0.0
0.0
0.0
0.0
0.0
0.0
0.0
0.0
0.0
0.0
0.0
0.0
8.0
84.0
295.0
0.0
0.0
0.0
112.0
0.0
0.0
0.0
0.0
79.0
0.0
0.0
43.0
0.0
48.0
0.0
0.0
41.0
0.0
0.0
0.0
53.0
0.0
NaN
NaN
0.0
5.0
0.0
20.0
0.0
NaN
NaN
15.0
0.0
0.0
43.0
112.0
0.0
NaN
NaN
5.0
0.0
58.0
NaN
NaN
NaN
0.0
0.0
0.0
0.0
0.0
0.0
0.0
23.0
5.0
97.0
46.0
0.0
277.0
0.0
0.0
0.0
0.0
0.0
0.0
0.0
20.0
150.0
0.0
188.0
5.0
0.0
0.0
23.0
0.0
3.0
0.0
0.0
0.0
0.0
0.0
0.0
0.0
0.0
28.0
0.0
NaN
NaN
0.0
38.0
0.0
152.0
23.0
NaN
NaN
0.0
91.0
112.0
15.0
0.0
NaN
NaN
5.0
25.0
0.0
0.0
0.0
0.0
61.0
0.0
0.0
0.0
155.0
0.0
NaN
NaN
236.0
0.0
33.0
13.0
0.0
NaN
NaN
NaN
0.0
0.0
673.0
74.0
0.0
0.0
0.0
58.0
0.0
0.0
5.0
0.0
0.0
0.0
18.0
0.0
41.0
0.0
NaN
NaN
0.0
23.0
0.0
0.0
0.0
0.0
0.0
0.0
46.0
0.0
0.0
0.0
0.0
0.0
0.0
0.0
0.0
0.0
0.0
0.0
28.0
135.0
0.0
0.0
0.0
0.0
0.0
0.0
0.0
0.0
0.0
0.0
0.0
0.0
0.0
0.0
0.0
0.0
0.0
0.0
0.0
0.0
23.0
0.0
64.0
0.0
0.0
0.0
0.0
0.0
109.0
20.0
76.0
0.0
76.0
76.0
0.0
0.0
0.0
0.0
0.0
0.0
0.0
0.0
0.0
25.0
25.0
0.0
0.0
0.0
0.0
0.0
0.0
0.0
0.0
51.0
0.0
25.0
0.0
0.0
0.0
51.0
0.0
0.0
0.0
0.0
0.0
0.0
8.0
0.0
0.0
0.0
8.0
0.0
0.0
0.0
0.0
0.0
25.0
0.0
0.0
0.0
8.0
51.0
0.0
0.0
0.0
0.0
0.0
0.0
0.0
0.0
0.0
0.0
0.0
0.0
0.0
0.0
0.0
0.0
38.0
0.0
0.0
0.0
0.0
0.0
0.0
0.0
0.0
0.0
0.0
0.0
0.0
0.0
0.0
0.0
0.0
0.0
0.0
0.0
0.0
0.0
0.0
0.0
0.0
13.0
0.0
0.0
0.0
0.0
51.0
25.0
0.0
0.0
0.0
0.0
0.0
0.0
0.0
0.0
0.0
0.0
0.0
0.0
0.0
0.0
0.0
0.0
0.0
0.0
0.0
0.0
13.0
0.0
25.0
0.0
0.0
0.0
0.0
0.0
0.0
0.0
0.0
0.0
0.0
NaN
NaN
0.0
25.0
0.0
0.0
41.0
0.0
0.0
61.0
0.0
0.0
0.0
0.0
0.0
0.0
0.0
0.0
0.0
0.0
0.0
0.0
0.0
0.0
0.0
0.0
0.0
0.0
0.0
0.0
0.0
0.0
0.0
0.0
0.0
0.0
8.0
0.0
0.0
81.0
28.0
155.0
0.0
0.0
0.0
0.0
0.0
0.0
0.0
0.0
23.0
0.0
0.0
0.0
122.0
76.0
323.0
0.0
0.0
0.0
0.0
91.0
137.0
0.0
0.0
0.0
0.0
66.0
0.0
46.0
0.0
0.0
25.0
0.0
0.0
5.0
0.0
0.0
0.0
3.0
0.0
165.0
0.0
0.0
0.0
36.0
36.0
0.0
15.0
13.0
0.0
0.0
0.0
0.0
0.0
5.0
127.0
20.0
0.0
28.0
114.0
0.0
0.0
277.0
84.0
119.0
3.0
0.0
10.0
493.0
0.0
0.0
13.0
0.0
10.0
0.0
0.0
0.0
13.0
33.0
0.0
0.0
13.0
0.0
38.0
10.0
0.0
0.0
0.0
0.0
0.0
0.0
0.0
0.0
0.0
0.0
23.0
0.0
0.0
0.0
0.0
0.0
0.0
0.0
0.0
0.0
15.0
0.0
0.0
13.0
23.0
0.0
0.0
0.0
0.0
41.0
0.0
0.0
0.0
0.0
0.0
0.0
0.0
0.0
0.0
0.0
109.0
81.0
109.0
8.0
89.0
0.0
28.0
20.0
13.0
0.0
0.0
0.0
0.0
0.0
15.0
25.0
46.0
0.0
25.0
0.0
33.0
25.0
5.0
102.0
0.0
0.0
0.0
0.0
8.0
23.0
0.0
0.0
0.0
0.0
0.0
0.0
0.0
0.0
0.0
0.0
0.0
0.0
89.0
0.0
8.0
0.0
0.0
0.0
0.0
0.0
0.0
0.0
0.0
NaN
0.0
0.0
0.0
0.0
0.0
0.0
0.0
191.0
0.0
0.0
0.0
0.0
51.0
0.0
0.0
0.0
0.0
0.0
25.0
0.0
0.0
0.0
76.0
0.0
0.0
0.0
0.0
0.0
0.0
64.0
0.0
0.0
0.0
0.0
0.0
0.0
0.0
0.0
0.0
13.0
0.0
0.0
0.0
0.0
102.0
0.0
25.0
0.0
0.0
0.0
0.0
0.0
0.0
102.0
0.0
0.0
0.0
0.0
0.0
0.0
0.0
0.0
0.0
38.0
0.0
0.0
0.0
0.0
0.0
0.0
0.0
0.0
25.0
0.0
0.0
0.0
0.0
0.0
0.0
0.0
0.0
0.0
0.0
0.0
0.0
0.0
0.0
0.0
0.0
0.0
0.0
0.0
13.0
0.0
0.0
0.0
0.0
0.0
0.0
0.0
64.0
0.0
0.0
0.0
0.0
0.0
0.0
0.0
0.0
38.0
0.0
0.0
0.0
0.0
0.0
0.0
0.0
0.0
0.0
0.0
0.0
0.0
38.0
0.0
13.0
0.0
38.0
76.0
0.0
0.0
0.0
0.0
0.0
0.0
84.0
38.0
0.0
0.0
0.0
0.0
0.0
0.0
38.0
0.0
25.0
0.0
0.0
0.0
0.0
0.0
51.0
0.0
0.0
0.0
0.0
0.0
0.0
0.0
0.0
0.0
0.0
0.0
0.0
0.0
76.0
58.0
0.0
0.0
0.0
0.0
137.0
0.0
0.0
0.0
0.0
41.0
0.0
91.0
79.0
0.0
0.0
0.0
13.0
28.0
0.0
0.0
NaN
0.0
0.0
0.0
0.0
0.0
559.0
23.0
0.0
0.0
0.0
0.0
0.0
0.0
0.0
79.0
0.0
0.0
0.0
262.0
254.0
0.0
30.0
0.0
0.0
0.0
0.0
0.0
0.0
0.0
0.0
0.0
0.0
64.0
5.0
0.0
0.0
0.0
0.0
0.0
109.0
81.0
0.0
0.0
0.0
61.0
0.0
0.0
0.0
51.0
0.0
0.0
0.0
0.0
0.0
0.0
0.0
0.0
0.0
0.0
0.0
0.0
25.0
0.0
0.0
97.0
0.0
0.0
0.0
0.0
0.0
10.0
0.0
51.0
0.0
79.0
0.0
0.0
0.0
0.0
0.0
0.0
0.0
0.0
0.0
0.0
0.0
0.0
79.0
0.0
51.0
25.0
0.0
79.0
102.0
0.0
0.0
0.0
0.0
15.0
0.0
0.0
0.0
99.0
150.0
51.0
0.0
0.0
0.0
0.0
51.0
10.0
0.0
0.0
0.0
94.0
135.0
0.0
0.0
0.0
15.0
8.0
8.0
46.0
0.0
0.0
0.0
0.0
0.0
0.0
0.0
0.0
0.0
0.0
97.0
0.0
0.0
0.0
0.0
0.0
0.0
0.0
0.0
0.0
0.0
38.0
0.0
0.0
0.0
0.0
0.0
0.0
25.0
0.0
0.0
0.0
0.0
0.0
0.0
0.0
0.0
0.0
0.0
0.0
0.0
0.0
0.0
0.0
0.0
25.0
65.0
0.0
0.0
0.0
0.0
0.0
0.0
0.0
100.0
0.0
0.0
0.0
0.0
230.0
0.0
10.0
0.0
0.0
0.0
0.0
0.0
0.0
0.0
0.0
0.0
0.0
0.0
0.0
0.0
0.0
0.0
0.0
0.0
0.0
0.0
0.0
0.0
0.0
0.0
NaN
NaN
NaN
0.0
0.0
0.0
200.0
0.0
0.0
0.0
0.0
0.0
0.0
0.0
0.0
0.0
0.0
0.0
0.0
50.0
0.0
NaN
NaN
NaN
0.0
0.0
0.0
0.0
0.0
0.0
20.0
40.0
0.0
0.0
0.0
0.0
NaN
NaN
0.0
0.0
0.0
0.0
0.0
0.0
0.0
0.0
10.0
0.0
40.0
NaN
NaN
0.0
0.0
0.0
0.0
0.0
0.0
0.0
0.0
20.0
0.0
0.0
0.0
0.0
0.0
30.0
0.0
30.0
20.0
0.0
0.0
0.0
0.0
0.0
0.0
0.0
0.0
0.0
0.0
0.0
0.0
0.0
0.0
10.0
0.0
0.0
0.0
0.0
0.0
0.0
0.0
0.0
0.0
0.0
0.0
0.0
0.0
0.0
20.0
0.0
0.0
0.0
0.0
0.0
0.0
0.0
0.0
0.0
0.0
0.0
0.0
0.0
0.0
0.0
0.0
0.0
0.0
0.0
0.0
0.0
0.0
0.0
10.0
8.0
0.0
0.0
0.0
36.0
6.0
0.0
0.0
0.0
0.0
0.0
0.0
0.0
0.0
0.0
0.0
0.0
0.0
0.0
0.0
5.0
0.0
152.0
0.0
0.0
0.0
76.0
0.0
0.0
0.0
2.0
0.0
0.0
2.0
0.0
0.0
32.0
47.0
0.0
14.0
0.0
10.0
0.0
0.0
0.0
8.0
80.0
0.0
0.0
0.0
0.0
0.0
281.0
45.0
0.0
6.0
0.0
0.0
50.0
102.0
0.0
0.0
0.0
0.0
0.0
0.0
0.0
0.0
19.0
0.0
82.0
0.0
10.0
21.0
0.0
20.0
0.0
0.0
29.0
0.0
0.0
0.0
28.0
0.0
19.0
0.0
0.0
0.0
0.0
125.0
27.0
36.0
15.0
84.0
8.0
0.0
0.0
196.0
28.0
0.0
0.0
0.0
161.0
21.0
0.0
0.0
178.0
12.0
0.0
30.0
0.0
18.0
0.0
0.0
10.0
14.0
6.0
0.0
0.0
44.0
298.0
16.0
0.0
0.0
150.0
0.0
0.0
0.0
0.0
6.0
0.0
26.0
44.0
0.0
0.0
0.0
94.0
NaN
NaN
113.0
0.0
6.0
0.0
0.0
0.0
0.0
18.0
0.0
58.0
0.0
64.0
0.0
0.0
0.0
0.0
0.0
70.0
0.0
0.0
40.0
0.0
0.0
0.0
99.0
0.0
0.0
10.0
16.0
0.0
38.0
0.0
0.0
0.0
0.0
0.0
0.0
0.0
0.0
0.0
0.0
20.0
0.0
0.0
0.0
0.0
0.0
0.0
50.0
0.0
15.0
0.0
0.0
0.0
0.0
0.0
0.0
0.0
0.0
0.0
0.0
0.0
0.0
0.0
0.0
0.0
30.0
40.0
0.0
0.0
0.0
0.0
0.0
20.0
0.0
0.0
20.0
0.0
0.0
0.0
50.0
0.0
0.0
25.0
0.0
0.0
25.0
0.0
0.0
0.0
0.0
20.0
0.0
0.0
0.0
0.0
0.0
0.0
0.0
0.0
0.0
20.0
0.0
0.0
20.0
0.0
0.0
0.0
0.0
0.0
0.0
0.0
0.0
75.0
0.0
0.0
0.0
0.0
0.0
0.0
0.0
0.0
0.0
0.0
0.0
30.0
0.0
0.0
10.0
0.0
0.0
0.0
35.0
0.0
0.0
0.0
10.0
0.0
0.0
0.0
0.0
0.0
0.0
0.0
0.0
0.0
0.0
0.0
0.0
0.0
0.0
0.0
0.0
0.0
0.0
0.0
0.0
0.0
0.0
0.0
0.0
20.0
50.0
0.0
0.0
0.0
0.0
0.0
0.0
0.0
0.0
0.0
0.0
0.0
0.0
0.0
0.0
0.0
0.0
0.0
0.0
0.0
0.0
0.0
40.0
0.0
38.0
NaN
NaN
0.0
0.0
10.0
0.0
0.0
0.0
0.0
0.0
0.0
0.0
0.0
0.0
0.0
0.0
0.0
0.0
0.0
0.0
0.0
28.0
0.0
0.0
98.0
12.0
0.0
0.0
10.0
0.0
0.0
0.0
0.0
0.0
0.0
0.0
0.0
0.0
0.0
0.0
0.0
0.0
0.0
0.0
0.0
0.0
0.0
0.0
0.0
0.0
0.0
0.0
0.0
0.0
0.0
156.0
12.0
76.0
0.0
0.0
0.0
0.0
68.0
0.0
0.0
0.0
0.0
0.0
44.0
6.0
8.0
6.0
0.0
0.0
24.0
0.0
30.0
186.0
122.0
40.0
0.0
158.0
18.0
40.0
40.0
130.0
0.0
68.0
0.0
0.0
0.0
190.0
20.0
0.0
0.0
66.0
14.0
0.0
0.0
0.0
0.0
0.0
10.0
0.0
0.0
0.0
0.0
0.0
0.0
138.0
0.0
0.0
0.0
0.0
0.0
0.0
0.0
32.0
9.0
6.0
0.0
0.0
0.0
4.0
66.0
0.0
0.0
0.0
0.0
38.0
298.0
14.0
0.0
0.0
14.0
0.0
0.0
0.0
0.0
0.0
0.0
0.0
0.0
0.0
10.0
0.0
0.0
0.0
0.0
0.0
32.0
0.0
0.0
0.0
0.0
0.0
402.0
0.0
4.0
0.0
0.0
226.0
184.0
0.0
0.0
0.0
0.0
0.0
0.0
0.0
0.0
0.0
0.0
0.0
0.0
0.0
0.0
0.0
0.0
0.0
0.0
0.0
36.0
92.0
0.0
0.0
134.0
0.0
0.0
0.0
90.0
0.0
0.0
0.0
0.0
42.0
0.0
26.0
188.0
0.0
0.0
0.0
0.0
0.0
144.0
0.0
0.0
30.0
0.0
10.0
0.0
30.0
0.0
0.0
0.0
0.0
0.0
0.0
0.0
0.0
0.0
0.0
0.0
0.0
0.0
0.0
0.0
0.0
0.0
0.0
0.0
0.0
0.0
0.0
0.0
0.0
0.0
0.0
0.0
0.0
0.0
0.0
0.0
20.0
0.0
0.0
0.0
0.0
0.0
0.0
0.0
0.0
0.0
0.0
0.0
0.0
0.0
30.0
0.0
0.0
0.0
0.0
0.0
0.0
0.0
0.0
0.0
20.0
70.0
NaN
0.0
0.0
0.0
0.0
0.0
0.0
0.0
0.0
0.0
0.0
0.0
0.0
0.0
50.0
0.0
0.0
0.0
0.0
0.0
0.0
0.0
0.0
20.0
0.0
0.0
0.0
20.0
0.0
0.0
0.0
20.0
30.0
0.0
0.0
20.0
0.0
10.0
0.0
0.0
0.0
10.0
0.0
0.0
0.0
0.0
25.0
0.0
0.0
0.0
0.0
0.0
0.0
30.0
0.0
0.0
0.0
0.0
0.0
0.0
0.0
0.0
0.0
0.0
0.0
0.0
0.0
NaN
NaN
0.0
0.0
0.0
0.0
0.0
0.0
0.0
0.0
0.0
0.0
0.0
0.0
0.0
0.0
0.0
25.0
20.0
0.0
0.0
0.0
0.0
0.0
25.0
20.0
0.0
0.0
0.0
0.0
0.0
NaN
NaN
0.0
0.0
0.0
40.0
0.0
0.0
0.0
0.0
0.0
0.0
0.0
0.0
0.0
0.0
88.0
0.0
0.0
0.0
0.0
0.0
0.0
0.0
0.0
0.0
0.0
0.0
0.0
0.0
28.0
0.0
0.0
0.0
0.0
0.0
64.0
34.0
18.0
0.0
10.0
118.0
0.0
0.0
0.0
18.0
0.0
114.0
6.0
8.0
0.0
0.0
0.0
0.0
0.0
0.0
0.0
0.0
0.0
0.0
0.0
0.0
104.0
0.0
0.0
0.0
0.0
26.0
186.0
40.0
4.0
32.0
0.0
10.0
0.0
20.0
0.0
10.0
0.0
0.0
4.0
0.0
0.0
8.0
0.0
0.0
0.0
0.0
2.0
0.0
0.0
0.0
0.0
0.0
773.0
4.0
14.0
102.0
0.0
0.0
0.0
0.0
0.0
0.0
0.0
0.0
0.0
20.0
451.0
13.0
0.0
0.0
0.0
0.0
550.0
50.0
0.0
0.0
0.0
0.0
100.0
44.0
4.0
0.0
24.0
0.0
0.0
0.0
0.0
0.0
41.0
23.0
0.0
0.0
0.0
0.0
155.0
63.0
0.0
0.0
66.0
9.0
0.0
8.0
10.0
0.0
12.0
22.0
6.0
16.0
4.0
46.0
0.0
8.0
4.0
84.0
0.0
4.0
0.0
0.0
26.0
0.0
0.0
0.0
0.0
0.0
0.0
0.0
0.0
0.0
12.0
12.0
50.0
0.0
0.0
0.0
94.0
20.0
2.0
0.0
0.0
164.0
99.0
0.0
8.0
2.0
92.0
0.0
0.0
0.0
0.0
12.0
10.0
108.0
100.0
36.0
0.0
0.0
0.0
32.0
40.0
0.0
0.0
0.0
0.0
0.0
0.0
0.0
0.0
0.0
0.0
24.0
20.0
6.0
14.0
0.0
0.0
0.0
0.0
0.0
0.0
0.0
0.0
0.0
0.0
0.0
0.0
0.0
0.0
0.0
0.0
0.0
0.0
0.0
0.0
25.0
0.0
0.0
0.0
0.0
0.0
0.0
0.0
0.0
0.0
0.0
NaN
NaN
0.0
0.0
0.0
0.0
0.0
0.0
10.0
0.0
0.0
0.0
0.0
0.0
0.0
0.0
30.0
0.0
10.0
0.0
20.0
40.0
0.0
0.0
0.0
0.0
0.0
0.0
0.0
0.0
0.0
0.0
0.0
0.0
0.0
0.0
0.0
0.0
0.0
25.0
15.0
10.0
0.0
40.0
0.0
0.0
15.0
0.0
0.0
15.0
0.0
0.0
0.0
20.0
0.0
0.0
0.0
0.0
0.0
0.0
0.0
0.0
10.0
0.0
0.0
0.0
0.0
0.0
0.0
0.0
0.0
20.0
0.0
0.0
0.0
0.0
0.0
0.0
0.0
65.0
0.0
0.0
0.0
0.0
0.0
0.0
0.0
0.0
10.0
0.0
20.0
20.0
40.0
0.0
NaN
NaN
30.0
0.0
0.0
0.0
0.0
0.0
0.0
0.0
0.0
0.0
0.0
0.0
0.0
0.0
0.0
0.0
0.0
0.0
0.0
0.0
0.0
0.0
0.0
0.0
NaN
0.0
0.0
0.0
0.0
0.0
0.0
0.0
0.0
0.0
0.0
0.0
0.0
0.0
0.0
0.0
0.0
0.0
0.0
0.0
0.0
0.0
0.0
0.0
0.0
28.0
44.0
0.0
0.0
0.0
0.0
0.0
0.0
0.0
12.0
0.0
0.0
0.0
0.0
0.0
90.0
0.0
104.0
24.0
0.0
0.0
0.0
16.0
14.0
34.0
0.0
30.0
0.0
98.0
0.0
0.0
0.0
22.0
10.0
0.0
0.0
0.0
0.0
106.0
0.0
0.0
0.0
0.0
18.0
0.0
6.0
0.0
0.0
45.0
6.0
180.0
34.0
0.0
0.0
0.0
144.0
388.0
250.0
6.0
0.0
0.0
20.0
0.0
0.0
0.0
65.0
12.0
24.0
209.0
64.0
0.0
0.0
0.0
0.0
0.0
0.0
0.0
8.0
0.0
0.0
0.0
0.0
22.0
0.0
0.0
0.0
0.0
0.0
0.0
12.0
0.0
0.0
0.0
0.0
0.0
4.0
0.0
0.0
0.0
0.0
0.0
200.0
0.0
0.0
0.0
0.0
24.0
0.0
0.0
0.0
0.0
0.0
0.0
0.0
0.0
2.0
0.0
0.0
0.0
0.0
8.0
0.0
22.0
0.0
0.0
0.0
0.0
0.0
0.0
0.0
0.0
0.0
0.0
92.0
20.0
0.0
68.0
0.0
32.0
20.0
10.0
0.0
0.0
0.0
0.0
30.0
0.0
48.0
98.0
54.0
0.0
0.0
5.0
0.0
0.0
10.0
6.0
44.0
0.0
0.0
140.0
10.0
116.0
56.0
0.0
0.0
0.0
20.0
34.0
26.0
0.0
0.0
0.0
NaN
0.0
0.0
0.0
0.0
0.0
0.0
0.0
196.0
0.0
0.0
0.0
0.0
0.0
0.0
8.0
0.0
0.0
0.0
0.0
0.0
0.0
0.0
0.0
0.0
0.0
0.0
0.0
0.0
0.0
0.0
0.0
0.0
0.0
0.0
0.0
40.0
60.0
20.0
0.0
40.0
20.0
0.0
0.0
10.0
0.0
0.0
0.0
0.0
0.0
0.0
0.0
0.0
0.0
0.0
0.0
NaN
NaN
0.0
0.0
0.0
0.0
0.0
0.0
0.0
0.0
10.0
20.0
0.0
0.0
0.0
30.0
0.0
0.0
0.0
0.0
0.0
0.0
0.0
0.0
0.0
10.0
0.0
0.0
0.0
0.0
0.0
0.0
0.0
0.0
0.0
0.0
50.0
0.0
0.0
0.0
0.0
0.0
0.0
NaN
NaN
0.0
10.0
20.0
40.0
40.0
0.0
0.0
0.0
0.0
0.0
20.0
20.0
0.0
0.0
0.0
0.0
0.0
0.0
0.0
0.0
0.0
0.0
0.0
50.0
0.0
25.0
0.0
0.0
0.0
0.0
0.0
0.0
0.0
0.0
0.0
0.0
0.0
0.0
0.0
0.0
0.0
0.0
0.0
0.0
0.0
0.0
0.0
0.0
0.0
10.0
100.0
0.0
0.0
0.0
0.0
0.0
0.0
0.0
0.0
0.0
0.0
0.0
0.0
0.0
0.0
0.0
0.0
0.0
0.0
0.0
0.0
0.0
0.0
0.0
0.0
0.0
0.0
54.0
72.0
0.0
0.0
0.0
0.0
0.0
0.0
0.0
0.0
0.0
0.0
0.0
0.0
6.0
0.0
88.0
80.0
0.0
0.0
0.0
0.0
0.0
0.0
0.0
0.0
38.0
0.0
0.0
22.0
20.0
0.0
0.0
0.0
0.0
0.0
0.0
0.0
84.0
61.0
86.0
0.0
8.0
40.0
2.0
0.0
0.0
0.0
0.0
0.0
0.0
0.0
68.0
0.0
0.0
4.0
12.0
280.0
50.0
204.0
0.0
0.0
4.0
120.0
0.0
0.0
3.0
48.0
0.0
0.0
0.0
0.0
142.0
238.0
50.0
0.0
52.0
66.0
0.0
0.0
0.0
50.0
20.0
0.0
0.0
20.0
40.0
0.0
0.0
0.0
0.0
0.0
0.0
256.0
NaN
NaN
6.0
40.0
0.0
0.0
0.0
0.0
80.0
4.0
0.0
0.0
40.0
22.0
0.0
0.0
0.0
26.0
0.0
0.0
0.0
0.0
0.0
28.0
0.0
0.0
0.0
0.0
0.0
0.0
0.0
0.0
20.0
8.0
12.0
0.0
0.0
0.0
0.0
0.0
0.0
0.0
60.0
22.0
0.0
0.0
0.0
0.0
0.0
0.0
0.0
0.0
50.0
0.0
0.0
10.0
20.0
0.0
6.0
46.0
10.0
168.0
4.0
0.0
0.0
0.0
0.0
0.0
0.0
46.0
156.0
44.0
0.0
0.0
16.0
0.0
0.0
0.0
0.0
0.0
0.0
0.0
24.0
0.0
0.0
0.0
0.0
0.0
0.0
0.0
56.0
0.0
0.0
160.0
170.0
18.0
14.0
38.0
108.0
NaN
NaN
0.0
0.0
30.0
8.0
0.0
20.0
50.0
0.0
0.0
0.0
0.0
0.0
0.0
0.0
0.0
0.0
0.0
0.0
0.0
0.0
0.0
0.0
0.0
NaN
0.0
0.0
0.0
0.0
0.0
0.0
0.0
0.0
0.0
0.0
NaN
NaN
0.0
0.0
0.0
0.0
0.0
0.0
0.0
0.0
0.0
0.0
0.0
0.0
0.0
0.0
20.0
0.0
0.0
0.0
0.0
40.0
0.0
50.0
0.0
0.0
0.0
0.0
0.0
0.0
0.0
25.0
25.0
0.0
0.0
0.0
0.0
0.0
0.0
0.0
0.0
NaN
NaN
0.0
0.0
0.0
0.0
0.0
NaN
NaN
0.0
0.0
25.0
0.0
0.0
0.0
0.0
0.0
0.0
0.0
0.0
0.0
NaN
NaN
20.0
30.0
0.0
0.0
0.0
0.0
0.0
0.0
0.0
0.0
0.0
0.0
120.0
0.0
0.0
70.0
0.0
0.0
0.0
0.0
0.0
0.0
0.0
0.0
0.0
0.0
0.0
30.0
50.0
0.0
0.0
0.0
0.0
0.0
0.0
0.0
0.0
30.0
0.0
0.0
0.0
0.0
0.0
0.0
0.0
0.0
0.0
0.0
0.0
0.0
0.0
0.0
0.0
0.0
0.0
0.0
0.0
0.0
0.0
0.0
0.0
0.0
0.0
0.0
0.0
0.0
0.0
0.0
0.0
0.0
0.0
0.0
0.0
0.0
0.0
0.0
0.0
0.0
0.0
0.0
0.0
0.0
NaN
NaN
0.0
0.0
0.0
122.0
0.0
0.0
0.0
0.0
0.0
0.0
0.0
NaN
NaN
0.0
34.0
0.0
0.0
0.0
20.0
90.0
86.0
0.0
0.0
0.0
0.0
0.0
0.0
40.0
0.0
0.0
0.0
0.0
0.0
10.0
0.0
0.0
0.0
NaN
NaN
0.0
84.0
0.0
0.0
56.0
0.0
142.0
6.0
22.0
34.0
0.0
0.0
0.0
0.0
0.0
61.0
NaN
18.0
0.0
0.0
0.0
0.0
62.0
0.0
20.0
160.0
0.0
116.0
0.0
0.0
0.0
0.0
0.0
58.0
0.0
0.0
0.0
0.0
33.0
0.0
0.0
0.0
5.0
10.0
25.0
0.0
38.0
0.0
13.0
0.0
4.0
0.0
0.0
42.0
0.0
0.0
4.0
0.0
31.0
0.0
0.0
0.0
0.0
15.0
85.0
56.0
0.0
0.0
0.0
26.0
0.0
28.0
0.0
456.0
224.0
118.0
0.0
182.0
160.0
22.0
0.0
0.0
0.0
28.0
2.0
0.0
0.0
0.0
0.0
0.0
0.0
0.0
0.0
0.0
14.0
0.0
30.0
198.0
27.0
4.0
0.0
0.0
0.0
0.0
0.0
14.0
0.0
0.0
0.0
0.0
0.0
128.0
50.0
0.0
36.0
30.0
0.0
0.0
22.0
8.0
90.0
0.0
0.0
0.0
42.0
0.0
40.0
0.0
0.0
100.0
50.0
0.0
0.0
0.0
0.0
0.0
56.0
0.0
0.0
0.0
0.0
0.0
0.0
0.0
100.0
0.0
0.0
0.0
0.0
0.0
0.0
0.0
0.0
158.0
0.0
0.0
0.0
0.0
0.0
75.0
25.0
20.0
0.0
0.0
0.0
0.0
0.0
0.0
0.0
0.0
0.0
0.0
NaN
25.0
0.0
0.0
0.0
0.0
25.0
0.0
0.0
0.0
0.0
0.0
0.0
0.0
15.0
50.0
0.0
0.0
0.0
0.0
20.0
0.0
0.0
0.0
0.0
0.0
0.0
0.0
0.0
0.0
20.0
0.0
0.0
0.0
0.0
0.0
0.0
0.0
0.0
0.0
20.0
25.0
0.0
0.0
0.0
0.0
0.0
0.0
0.0
0.0
0.0
0.0
0.0
0.0
0.0
0.0
0.0
0.0
0.0
0.0
0.0
0.0
0.0
0.0
0.0
40.0
30.0
0.0
0.0
0.0
0.0
0.0
0.0
0.0
0.0
0.0
0.0
0.0
0.0
0.0
0.0
40.0
0.0
0.0
0.0
0.0
0.0
0.0
0.0
100.0
40.0
NaN
20.0
0.0
0.0
0.0
0.0
0.0
0.0
10.0
0.0
0.0
0.0
0.0
0.0
70.0
20.0
0.0
0.0
120.0
0.0
0.0
0.0
0.0
0.0
0.0
0.0
0.0
0.0
0.0
0.0
0.0
0.0
0.0
0.0
0.0
0.0
0.0
0.0
0.0
0.0
0.0
54.0
0.0
0.0
0.0
0.0
0.0
0.0
NaN
0.0
0.0
0.0
0.0
0.0
0.0
0.0
0.0
0.0
0.0
0.0
36.0
0.0
0.0
43.0
26.0
0.0
0.0
105.0
20.0
170.0
30.0
10.0
90.0
0.0
0.0
20.0
28.0
8.0
0.0
30.0
18.0
12.0
70.0
0.0
0.0
10.0
0.0
0.0
0.0
0.0
0.0
0.0
0.0
0.0
0.0
0.0
0.0
0.0
0.0
0.0
0.0
0.0
50.0
0.0
16.0
0.0
0.0
6.0
210.0
0.0
0.0
10.0
0.0
12.0
6.0
0.0
34.0
14.0
0.0
0.0
0.0
24.0
0.0
87.0
0.0
0.0
68.0
82.0
0.0
0.0
0.0
0.0
0.0
0.0
0.0
62.0
70.0
0.0
0.0
0.0
0.0
0.0
12.0
NaN
NaN
0.0
72.0
0.0
0.0
29.0
0.0
0.0
3.0
0.0
0.0
0.0
0.0
0.0
23.0
220.0
96.0
0.0
10.0
124.0
12.0
14.0
0.0
0.0
106.0
16.0
0.0
35.0
30.0
0.0
0.0
0.0
0.0
17.0
0.0
0.0
0.0
72.0
0.0
0.0
0.0
21.0
0.0
200.0
0.0
0.0
0.0
0.0
0.0
0.0
0.0
34.0
82.0
10.0
20.0
0.0
0.0
0.0
0.0
0.0
0.0
92.0
115.0
0.0
0.0
0.0
142.0
0.0
0.0
0.0
0.0
62.0
22.0
0.0
0.0
78.0
0.0
0.0
154.0
178.0
0.0
0.0
0.0
10.0
0.0
0.0
0.0
28.0
8.0
0.0
48.0
0.0
0.0
0.0
0.0
0.0
0.0
0.0
0.0
0.0
0.0
0.0
0.0
0.0
0.0
0.0
0.0
0.0
0.0
0.0
0.0
0.0
0.0
0.0
0.0
138.0
30.0
0.0
NaN
NaN
0.0
0.0
10.0
0.0
0.0
0.0
0.0
0.0
0.0
30.0
50.0
0.0
0.0
0.0
40.0
0.0
0.0
0.0
0.0
0.0
0.0
0.0
0.0
30.0
0.0
0.0
0.0
0.0
0.0
30.0
0.0
0.0
0.0
0.0
0.0
0.0
0.0
0.0
0.0
0.0
0.0
0.0
0.0
0.0
0.0
0.0
0.0
0.0
0.0
0.0
0.0
10.0
0.0
0.0
0.0
0.0
0.0
0.0
0.0
0.0
0.0
0.0
0.0
0.0
0.0
0.0
0.0
0.0
0.0
0.0
30.0
0.0
0.0
20.0
0.0
0.0
0.0
0.0
0.0
0.0
0.0
20.0
0.0
0.0
0.0
0.0
0.0
0.0
0.0
0.0
0.0
0.0
0.0
0.0
0.0
0.0
20.0
0.0
30.0
20.0
0.0
0.0
0.0
0.0
0.0
10.0
55.0
50.0
20.0
30.0
0.0
0.0
0.0
0.0
0.0
0.0
0.0
0.0
0.0
0.0
0.0
0.0
0.0
0.0
0.0
0.0
0.0
0.0
0.0
0.0
0.0
0.0
0.0
0.0
10.0
0.0
0.0
0.0
0.0
0.0
0.0
0.0
0.0
0.0
0.0
0.0
0.0
0.0
0.0
0.0
0.0
0.0
0.0
0.0
0.0
0.0
0.0
6.0
0.0
0.0
0.0
0.0
0.0
0.0
0.0
0.0
0.0
0.0
0.0
0.0
0.0
0.0
0.0
0.0
0.0
4.0
0.0
0.0
0.0
0.0
0.0
0.0
0.0
2.0
0.0
52.0
0.0
0.0
13.0
0.0
0.0
0.0
110.0
0.0
0.0
0.0
0.0
45.0
6.0
120.0
155.0
0.0
0.0
4.0
6.0
44.0
0.0
0.0
0.0
250.0
0.0
0.0
0.0
80.0
4.0
0.0
0.0
0.0
0.0
0.0
0.0
0.0
0.0
28.0
12.0
0.0
0.0
0.0
0.0
0.0
0.0
0.0
0.0
0.0
135.0
6.0
0.0
0.0
38.0
140.0
0.0
0.0
76.0
5.0
0.0
15.0
0.0
NaN
0.0
0.0
22.0
NaN
NaN
0.0
0.0
0.0
0.0
0.0
0.0
0.0
0.0
0.0
0.0
NaN
NaN
0.0
0.0
0.0
0.0
38.0
0.0
0.0
0.0
0.0
50.0
34.0
42.0
10.0
364.0
0.0
0.0
0.0
20.0
16.0
0.0
0.0
25.0
0.0
0.0
0.0
0.0
0.0
0.0
NaN
NaN
0.0
0.0
0.0
0.0
0.0
0.0
0.0
0.0
0.0
4.0
28.0
8.0
0.0
38.0
0.0
0.0
0.0
0.0
0.0
0.0
0.0
0.0
0.0
0.0
0.0
0.0
0.0
0.0
0.0
0.0
20.0
12.0
0.0
0.0
26.0
4.0
0.0
0.0
NaN
0.0
0.0
0.0
0.0
0.0
0.0
0.0
0.0
0.0
0.0
0.0
0.0
0.0
20.0
0.0
0.0
NaN
0.0
0.0
0.0
0.0
0.0
0.0
0.0
0.0
0.0
0.0
0.0
0.0
0.0
0.0
0.0
0.0
0.0
0.0
0.0
NaN
NaN
0.0
0.0
0.0
0.0
0.0
0.0
0.0
0.0
0.0
0.0
0.0
0.0
0.0
0.0
0.0
0.0
0.0
0.0
0.0
0.0
0.0
20.0
50.0
70.0
0.0
0.0
0.0
0.0
0.0
0.0
0.0
20.0
0.0
0.0
0.0
0.0
0.0
0.0
0.0
0.0
0.0
0.0
0.0
0.0
50.0
0.0
0.0
0.0
0.0
0.0
0.0
0.0
0.0
0.0
0.0
0.0
0.0
0.0
0.0
20.0
0.0
0.0
0.0
20.0
20.0
0.0
0.0
0.0
0.0
0.0
0.0
0.0
0.0
0.0
0.0
NaN
0.0
30.0
0.0
0.0
0.0
0.0
0.0
0.0
0.0
0.0
0.0
0.0
0.0
30.0
10.0
0.0
0.0
0.0
30.0
0.0
40.0
60.0
0.0
0.0
0.0
0.0
0.0
0.0
0.0
0.0
0.0
0.0
0.0
0.0
0.0
0.0
40.0
0.0
NaN
NaN
0.0
0.0
0.0
0.0
0.0
10.0
0.0
0.0
0.0
0.0
30.0
0.0
0.0
NaN
NaN
0.0
0.0
NaN
NaN
0.0
0.0
0.0
0.0
0.0
0.0
0.0
0.0
20.0
0.0
0.0
0.0
0.0
0.0
0.0
0.0
0.0
0.0
0.0
0.0
0.0
0.0
0.0
0.0
0.0
84.0
0.0
0.0
0.0
0.0
0.0
0.0
0.0
0.0
0.0
0.0
0.0
53.0
25.0
0.0
0.0
44.0
0.0
62.0
0.0
22.0
0.0
0.0
0.0
180.0
6.0
0.0
0.0
0.0
0.0
0.0
0.0
0.0
0.0
2.0
0.0
40.0
0.0
438.0
0.0
0.0
0.0
0.0
0.0
0.0
0.0
0.0
0.0
88.0
0.0
0.0
130.0
60.0
0.0
95.0
0.0
0.0
0.0
0.0
20.0
52.0
124.0
0.0
0.0
172.0
0.0
0.0
0.0
0.0
0.0
0.0
84.0
54.0
224.0
0.0
2.0
12.0
0.0
0.0
66.0
0.0
20.0
10.0
54.0
4.0
0.0
270.0
0.0
0.0
0.0
10.0
0.0
0.0
0.0
60.0
16.0
0.0
60.0
0.0
0.0
0.0
0.0
0.0
0.0
77.0
0.0
0.0
0.0
0.0
0.0
23.0
0.0
20.0
0.0
10.0
0.0
0.0
290.0
10.0
52.0
0.0
146.0
19.0
20.0
110.0
90.0
22.0
0.0
0.0
0.0
0.0
186.0
0.0
0.0
0.0
0.0
0.0
0.0
0.0
255.0
120.0
0.0
0.0
0.0
20.0
20.0
0.0
358.0
12.0
0.0
6.0
0.0
0.0
0.0
16.0
14.0
0.0
0.0
0.0
0.0
0.0
36.0
0.0
0.0
0.0
0.0
0.0
0.0
0.0
0.0
0.0
0.0
0.0
0.0
0.0
0.0
0.0
0.0
0.0
0.0
NaN
0.0
0.0
0.0
NaN
30.0
50.0
0.0
0.0
0.0
0.0
0.0
0.0
0.0
0.0
0.0
0.0
0.0
0.0
0.0
0.0
0.0
0.0
0.0
75.0
100.0
0.0
0.0
0.0
0.0
0.0
0.0
0.0
0.0
10.0
0.0
0.0
0.0
0.0
0.0
0.0
0.0
0.0
0.0
0.0
0.0
0.0
0.0
0.0
0.0
0.0
0.0
0.0
0.0
0.0
30.0
0.0
0.0
30.0
0.0
30.0
10.0
75.0
0.0
0.0
0.0
50.0
0.0
0.0
30.0
0.0
0.0
0.0
30.0
0.0
0.0
0.0
NaN
NaN
0.0
0.0
10.0
20.0
0.0
0.0
0.0
30.0
10.0
0.0
20.0
0.0
0.0
0.0
0.0
0.0
30.0
20.0
0.0
0.0
0.0
0.0
30.0
0.0
0.0
0.0
0.0
0.0
20.0
0.0
0.0
20.0
0.0
0.0
0.0
30.0
0.0
0.0
0.0
0.0
0.0
0.0
0.0
0.0
0.0
0.0
0.0
0.0
0.0
NaN
NaN
0.0
0.0
0.0
0.0
0.0
0.0
0.0
30.0
0.0
0.0
0.0
0.0
10.0
0.0
0.0
0.0
0.0
0.0
0.0
0.0
0.0
0.0
NaN
0.0
0.0
0.0
0.0
0.0
0.0
20.0
0.0
0.0
0.0
0.0
0.0
0.0
0.0
20.0
0.0
0.0
0.0
0.0
0.0
0.0
0.0
0.0
0.0
0.0
0.0
0.0
0.0
0.0
0.0
0.0
0.0
156.0
0.0
0.0
0.0
0.0
0.0
0.0
0.0
0.0
0.0
15.0
0.0
0.0
6.0
0.0
0.0
0.0
0.0
0.0
0.0
0.0
0.0
0.0
44.0
8.0
182.0
0.0
2.0
0.0
0.0
304.0
150.0
4.0
16.0
0.0
0.0
0.0
0.0
4.0
0.0
0.0
16.0
0.0
242.0
0.0
0.0
0.0
0.0
NaN
NaN
0.0
0.0
0.0
0.0
85.0
0.0
0.0
76.0
20.0
0.0
0.0
3.0
12.0
76.0
0.0
6.0
0.0
0.0
0.0
0.0
0.0
206.0
0.0
0.0
0.0
6.0
0.0
0.0
101.0
144.0
0.0
0.0
0.0
0.0
0.0
0.0
0.0
0.0
0.0
0.0
0.0
0.0
6.0
0.0
0.0
0.0
268.0
0.0
0.0
0.0
164.0
56.0
186.0
10.0
0.0
0.0
0.0
0.0
0.0
5.0
0.0
0.0
0.0
0.0
0.0
23.0
NaN
0.0
0.0
0.0
0.0
0.0
0.0
NaN
0.0
0.0
58.0
32.0
0.0
498.0
0.0
0.0
0.0
0.0
0.0
50.0
0.0
0.0
15.0
8.0
12.0
0.0
0.0
0.0
0.0
0.0
0.0
0.0
6.0
0.0
0.0
0.0
0.0
0.0
0.0
0.0
0.0
0.0
0.0
0.0
0.0
0.0
0.0
70.0
40.0
0.0
0.0
0.0
0.0
0.0
0.0
0.0
0.0
NaN
0.0
0.0
0.0
0.0
0.0
0.0
0.0
0.0
0.0
0.0
0.0
0.0
0.0
0.0
0.0
0.0
0.0
0.0
0.0
NaN
NaN
0.0
0.0
0.0
0.0
0.0
0.0
0.0
0.0
0.0
0.0
0.0
0.0
0.0
0.0
0.0
0.0
0.0
10.0
0.0
0.0
0.0
0.0
0.0
0.0
0.0
0.0
0.0
0.0
0.0
0.0
0.0
0.0
0.0
0.0
0.0
0.0
0.0
0.0
0.0
0.0
0.0
0.0
0.0
0.0
0.0
0.0
0.0
0.0
0.0
0.0
0.0
0.0
0.0
0.0
0.0
0.0
0.0
0.0
10.0
10.0
0.0
0.0
0.0
0.0
0.0
0.0
20.0
NaN
0.0
0.0
0.0
0.0
0.0
0.0
0.0
0.0
0.0
0.0
0.0
25.0
10.0
0.0
0.0
0.0
0.0
NaN
0.0
0.0
0.0
0.0
0.0
0.0
0.0
0.0
30.0
10.0
0.0
0.0
0.0
0.0
0.0
0.0
0.0
0.0
0.0
0.0
0.0
0.0
0.0
0.0
0.0
20.0
0.0
0.0
0.0
0.0
0.0
0.0
0.0
0.0
0.0
0.0
0.0
0.0
0.0
0.0
0.0
0.0
0.0
0.0
0.0
0.0
0.0
0.0
0.0
0.0
0.0
0.0
0.0
0.0
0.0
0.0
0.0
0.0
0.0
0.0
0.0
0.0
0.0
0.0
0.0
0.0
0.0
0.0
0.0
0.0
0.0
0.0
0.0
0.0
0.0
0.0
0.0
0.0
0.0
0.0
0.0
0.0
NaN
0.0
0.0
24.0
0.0
0.0
0.0
0.0
0.0
0.0
0.0
0.0
0.0
0.0
8.0
98.0
10.0
0.0
0.0
0.0
0.0
0.0
0.0
NaN
NaN
54.0
0.0
0.0
0.0
48.0
10.0
0.0
0.0
0.0
0.0
0.0
0.0
0.0
0.0
0.0
260.0
432.0
0.0
0.0
34.0
0.0
148.0
100.0
0.0
0.0
124.0
36.0
8.0
0.0
0.0
0.0
0.0
0.0
270.0
92.0
0.0
26.0
0.0
0.0
8.0
0.0
18.0
0.0
0.0
0.0
0.0
140.0
184.0
8.0
0.0
106.0
27.0
22.0
0.0
0.0
0.0
0.0
0.0
120.0
0.0
120.0
0.0
0.0
0.0
30.0
2.0
0.0
0.0
0.0
0.0
0.0
0.0
24.0
0.0
0.0
0.0
0.0
0.0
48.0
0.0
0.0
0.0
0.0
0.0
0.0
2.0
0.0
0.0
76.0
0.0
42.0
28.0
0.0
0.0
0.0
0.0
0.0
0.0
0.0
109.0
0.0
62.0
12.0
0.0
0.0
106.0
0.0
0.0
0.0
28.0
0.0
0.0
0.0
0.0
4.0
0.0
0.0
0.0
6.0
0.0
0.0
0.0
0.0
126.0
0.0
0.0
74.0
112.0
0.0
0.0
0.0
0.0
0.0
20.0
0.0
0.0
0.0
0.0
0.0
0.0
0.0
0.0
0.0
0.0
0.0
0.0
0.0
0.0
NaN
NaN
NaN
0.0
0.0
0.0
0.0
0.0
0.0
0.0
0.0
NaN
0.0
0.0
0.0
0.0
0.0
0.0
0.0
0.0
0.0
0.0
NaN
0.0
0.0
0.0
0.0
10.0
0.0
0.0
0.0
0.0
0.0
0.0
0.0
0.0
0.0
0.0
0.0
NaN
NaN
30.0
NaN
NaN
30.0
0.0
0.0
0.0
0.0
0.0
0.0
0.0
10.0
0.0
0.0
0.0
0.0
0.0
0.0
0.0
80.0
0.0
0.0
0.0
0.0
0.0
0.0
0.0
NaN
0.0
0.0
0.0
0.0
0.0
0.0
0.0
0.0
0.0
0.0
0.0
0.0
0.0
0.0
0.0
0.0
0.0
0.0
40.0
0.0
0.0
90.0
0.0
0.0
0.0
0.0
0.0
0.0
0.0
0.0
0.0
0.0
30.0
40.0
0.0
0.0
0.0
20.0
0.0
0.0
0.0
NaN
0.0
0.0
0.0
0.0
0.0
0.0
0.0
0.0
0.0
0.0
0.0
0.0
0.0
0.0
0.0
0.0
0.0
0.0
0.0
10.0
20.0
0.0
0.0
0.0
0.0
0.0
0.0
0.0
10.0
0.0
0.0
30.0
60.0
50.0
0.0
0.0
0.0
0.0
0.0
0.0
20.0
0.0
0.0
0.0
0.0
0.0
0.0
0.0
0.0
0.0
0.0
0.0
0.0
0.0
270.0
0.0
0.0
0.0
0.0
0.0
0.0
0.0
0.0
0.0
NaN
0.0
0.0
0.0
0.0
0.0
0.0
0.0
NaN
NaN
0.0
0.0
0.0
0.0
0.0
0.0
20.0
0.0
0.0
0.0
0.0
NaN
NaN
NaN
NaN
NaN
0.0
0.0
0.0
65.0
42.0
8.0
0.0
0.0
0.0
16.0
0.0
28.0
2.0
0.0
0.0
0.0
0.0
0.0
0.0
0.0
0.0
18.0
0.0
0.0
0.0
0.0
0.0
0.0
0.0
0.0
NaN
NaN
0.0
0.0
0.0
0.0
158.0
154.0
100.0
40.0
14.0
0.0
6.0
86.0
16.0
2.0
14.0
10.0
0.0
0.0
0.0
0.0
0.0
0.0
0.0
NaN
0.0
0.0
0.0
0.0
NaN
56.0
395.0
0.0
0.0
114.0
88.0
16.0
10.0
0.0
0.0
40.0
0.0
0.0
0.0
0.0
0.0
0.0
108.0
0.0
0.0
12.0
14.0
158.0
6.0
0.0
0.0
0.0
0.0
0.0
0.0
0.0
0.0
14.0
0.0
0.0
0.0
0.0
0.0
0.0
0.0
0.0
0.0
0.0
0.0
0.0
0.0
0.0
0.0
0.0
0.0
40.0
0.0
0.0
0.0
0.0
52.0
0.0
10.0
0.0
0.0
0.0
0.0
0.0
38.0
0.0
0.0
0.0
0.0
0.0
0.0
106.0
0.0
450.0
12.0
0.0
40.0
0.0
4.0
60.0
26.0
0.0
0.0
0.0
470.0
0.0
108.0
0.0
0.0
0.0
0.0
150.0
0.0
0.0
0.0
20.0
0.0
0.0
0.0
0.0
0.0
0.0
0.0
0.0
0.0
NaN
0.0
0.0
0.0
0.0
0.0
0.0
0.0
20.0
0.0
0.0
0.0
0.0
0.0
NaN
NaN
NaN
0.0
0.0
NaN
NaN
0.0
NaN
NaN
0.0
0.0
0.0
0.0
0.0
0.0
0.0
0.0
0.0
0.0
0.0
NaN
NaN
0.0
0.0
NaN
0.0
0.0
0.0
NaN
NaN
0.0
0.0
0.0
NaN
0.0
NaN
0.0
0.0
0.0
NaN
NaN
0.0
0.0
0.0
0.0
0.0
NaN
0.0
0.0
NaN
0.0
0.0
NaN
0.0
0.0
0.0
0.0
0.0
0.0
0.0
0.0
0.0
0.0
0.0
0.0
0.0
0.0
0.0
0.0
0.0
0.0
NaN
0.0
0.0
0.0
0.0
0.0
0.0
0.0
0.0
NaN
0.0
NaN
NaN
0.0
0.0
NaN
0.0
0.0
0.0
0.0
0.0
NaN
NaN
0.0
0.0
0.0
0.0
0.0
0.0
NaN
0.0
0.0
0.0
NaN
0.0
0.0
NaN
0.0
NaN
0.0
0.0
NaN
NaN
NaN
0.0
NaN
NaN
0.0
0.0
0.0
0.0
0.0
0.0
0.0
0.0
0.0
0.0
0.0
NaN
NaN
NaN
0.0
0.0
NaN
0.0
NaN
0.0
0.0
0.0
0.0
0.0
0.0
0.0
0.0
0.0
0.0
0.0
0.0
0.0
0.0
0.0
0.0
0.0
0.0
0.0
0.0
0.0
0.0
0.0
0.0
0.0
0.0
0.0
NaN
0.0
0.0
0.0
0.0
NaN
0.0
0.0
0.0
NaN
NaN
0.0
NaN
0.0
0.0
0.0
0.0
0.0
0.0
0.0
NaN
0.0
0.0
0.0
0.0
0.0
6.0
0.0
163.0
0.0
0.0
0.0
NaN
NaN
47.0
14.0
0.0
46.0
0.0
0.0
0.0
26.0
0.0
24.0
182.0
60.0
NaN
NaN
NaN
0.0
0.0
NaN
155.0
0.0
20.0
0.0
66.0
214.0
6.0
0.0
0.0
0.0
12.0
0.0
0.0
0.0
0.0
50.0
122.0
0.0
0.0
0.0
0.0
0.0
0.0
291.0
200.0
220.0
114.0
6.0
0.0
0.0
0.0
78.0
16.0
4.0
24.0
0.0
0.0
0.0
180.0
0.0
0.0
78.0
0.0
0.0
468.0
0.0
28.0
58.0
12.0
0.0
0.0
0.0
94.0
4.0
24.0
26.0
NaN
NaN
NaN
28.0
22.0
0.0
NaN
0.0
NaN
0.0
NaN
NaN
0.0
42.0
42.0
0.0
0.0
102.0
0.0
0.0
10.0
58.0
0.0
0.0
0.0
0.0
NaN
NaN
0.0
0.0
NaN
NaN
52.0
0.0
0.0
NaN
0.0
0.0
88.0
0.0
0.0
0.0
0.0
0.0
0.0
0.0
0.0
0.0
0.0
0.0
0.0
0.0
40.0
140.0
148.0
0.0
0.0
0.0
0.0
0.0
0.0
0.0
0.0
36.0
16.0
24.0
0.0
0.0
12.0
0.0
0.0
62.0
0.0
0.0
0.0
0.0
NaN
NaN
NaN
NaN
0.0
0.0
0.0
0.0
0.0
6.0
0.0
16.0
0.0
0.0
0.0
NaN
0.0
30.0
0.0
92.0
0.0
0.0
0.0
464.0
0.0
0.0
0.0
0.0
0.0
0.0
290.0
68.0
0.0
48.0
0.0
144.0
4.0
0.0
52.0
22.0
122.0
0.0
19.0
0.0
0.0
0.0
0.0
0.0
0.0
0.0
18.0
0.0
0.0
40.0
0.0
0.0
0.0
0.0
0.0
0.0
0.0
0.0
100.0
140.0
20.0
0.0
0.0
0.0
0.0
76.0
0.0
0.0
0.0
0.0
224.0
0.0
0.0
210.0
61.0
22.0
0.0
90.0
24.0
0.0
0.0
NaN
NaN
NaN
0.0
0.0
0.0
0.0
0.0
230.0
0.0
0.0
NaN
NaN
0.0
0.0
0.0
0.0
NaN
NaN
0.0
0.0
0.0
0.0
58.0
0.0
6.0
0.0
0.0
0.0
0.0
0.0
0.0
6.0
516.0
0.0
8.0
0.0
0.0
0.0
0.0
0.0
0.0
NaN
NaN
192.0
34.0
0.0
0.0
0.0
0.0
30.0
0.0
0.0
0.0
12.0
0.0
0.0
0.0
0.0
