NaN
NaN
NaN
NaN
NaN
NaN
NaN
NaN
NaN
NaN
NaN
NaN
NaN
NaN
NaN
NaN
NaN
NaN
NaN
97.0
0.0
7.0
0.0
0.0
0.0
0.0
0.0
124.0
0.0
0.0
0.0
72.0
2.0
132.0
0.0
0.0
0.0
21.0
60.0
0.0
0.0
0.0
55.0
0.0
13.0
3.0
6.0
0.0
110.0
57.0
0.0
163.0
13.0
7.0
2.0
0.0
0.0
0.0
10.0
3.0
3.0
26.0
25.0
0.0
0.0
0.0
0.0
0.0
0.0
37.0
35.0
0.0
0.0
0.0
0.0
3.0
390.0
0.0
0.0
36.0
0.0
0.0
25.0
0.0
NaN
0.0
0.0
0.0
0.0
0.0
0.0
0.0
0.0
0.0
0.0
0.0
0.0
NaN
NaN
NaN
0.0
0.0
0.0
0.0
0.0
0.0
0.0
0.0
0.0
0.0
0.0
0.0
0.0
0.0
0.0
0.0
0.0
0.0
0.0
NaN
0.0
0.0
0.0
0.0
0.0
0.0
0.0
0.0
0.0
0.0
0.0
0.0
0.0
0.0
0.0
NaN
0.0
0.0
0.0
0.0
0.0
0.0
0.0
0.0
0.0
0.0
0.0
0.0
0.0
0.0
0.0
0.0
0.0
NaN
0.0
0.0
0.0
0.0
0.0
0.0
0.0
0.0
0.0
0.0
0.0
0.0
0.0
0.0
0.0
0.0
0.0
0.0
0.0
0.0
0.0
0.0
0.0
NaN
0.0
0.0
0.0
0.0
NaN
NaN
0.0
0.0
0.0
0.0
0.0
0.0
0.0
0.0
0.0
0.0
0.0
0.0
0.0
0.0
0.0
0.0
0.0
0.0
0.0
0.0
0.0
0.0
0.0
0.0
0.0
0.0
0.0
0.0
0.0
0.0
0.0
0.0
0.0
0.0
0.0
0.0
0.0
0.0
0.0
0.0
0.0
0.0
0.0
0.0
0.0
0.0
0.0
2.0
0.0
0.0
0.0
0.0
0.0
0.0
0.0
0.0
0.0
0.0
0.0
0.0
0.0
0.0
0.0
0.0
0.0
0.0
0.0
0.0
0.0
0.0
0.0
0.0
0.0
0.0
0.0
0.0
0.0
0.0
0.0
330.0
180.0
100.0
20.0
0.0
0.0
25.0
0.0
0.0
0.0
0.0
0.0
0.0
62.0
0.0
0.0
0.0
0.0
0.0
0.0
0.0
0.0
0.0
0.0
NaN
0.0
NaN
0.0
0.0
0.0
0.0
0.0
NaN
NaN
0.0
NaN
NaN
NaN
0.0
NaN
8.0
54.0
0.0
0.0
0.0
0.0
0.0
0.0
0.0
95.0
22.0
0.0
0.0
20.0
42.0
112.0
0.0
0.0
40.0
0.0
0.0
0.0
0.0
0.0
0.0
0.0
0.0
0.0
NaN
NaN
0.0
140.0
0.0
0.0
0.0
80.0
170.0
0.0
0.0
0.0
0.0
0.0
0.0
0.0
0.0
0.0
0.0
0.0
0.0
0.0
50.0
0.0
10.0
105.0
0.0
100.0
80.0
0.0
10.0
0.0
180.0
0.0
0.0
80.0
10.0
0.0
0.0
0.0
0.0
40.0
0.0
80.0
120.0
0.0
0.0
0.0
43.0
30.0
0.0
0.0
0.0
0.0
0.0
NaN
0.0
0.0
0.0
40.0
0.0
0.0
92.0
0.0
0.0
0.0
0.0
0.0
0.0
0.0
0.0
0.0
0.0
0.0
0.0
0.0
0.0
15.0
40.0
0.0
0.0
0.0
0.0
0.0
0.0
40.0
0.0
0.0
10.0
0.0
0.0
0.0
0.0
0.0
0.0
0.0
0.0
0.0
0.0
0.0
0.0
0.0
0.0
0.0
0.0
0.0
0.0
0.0
0.0
0.0
0.0
0.0
0.0
10.0
0.0
0.0
0.0
0.0
0.0
0.0
0.0
0.0
0.0
0.0
0.0
20.0
0.0
30.0
10.0
0.0
0.0
0.0
0.0
0.0
0.0
0.0
0.0
0.0
NaN
0.0
0.0
0.0
NaN
0.0
0.0
NaN
0.0
0.0
0.0
0.0
0.0
0.0
NaN
0.0
0.0
0.0
NaN
0.0
0.0
0.0
0.0
NaN
0.0
0.0
0.0
0.0
0.0
0.0
NaN
NaN
0.0
0.0
0.0
0.0
0.0
0.0
0.0
0.0
0.0
0.0
0.0
NaN
NaN
NaN
0.0
0.0
0.0
0.0
0.0
0.0
0.0
85.0
0.0
0.0
0.0
0.0
0.0
45.0
30.0
20.0
10.0
0.0
0.0
0.0
0.0
0.0
0.0
0.0
0.0
0.0
0.0
0.0
25.0
0.0
0.0
0.0
0.0
0.0
0.0
175.0
340.0
0.0
50.0
55.0
0.0
0.0
40.0
0.0
0.0
30.0
0.0
0.0
0.0
60.0
0.0
0.0
0.0
20.0
0.0
0.0
30.0
0.0
0.0
0.0
0.0
0.0
1140.0
0.0
NaN
NaN
0.0
0.0
0.0
0.0
0.0
0.0
60.0
30.0
0.0
0.0
20.0
0.0
0.0
0.0
0.0
0.0
70.0
10.0
0.0
0.0
0.0
20.0
140.0
10.0
0.0
0.0
20.0
0.0
0.0
0.0
40.0
0.0
20.0
20.0
0.0
0.0
0.0
0.0
0.0
20.0
0.0
0.0
180.0
0.0
0.0
10.0
20.0
30.0
0.0
10.0
0.0
0.0
0.0
10.0
0.0
0.0
40.0
0.0
0.0
0.0
0.0
190.0
0.0
0.0
0.0
0.0
0.0
0.0
0.0
0.0
0.0
0.0
0.0
0.0
0.0
0.0
0.0
0.0
40.0
20.0
0.0
0.0
0.0
230.0
80.0
0.0
0.0
60.0
0.0
20.0
0.0
0.0
230.0
0.0
0.0
160.0
80.0
10.0
0.0
0.0
0.0
0.0
40.0
0.0
0.0
0.0
0.0
0.0
0.0
0.0
0.0
0.0
0.0
10.0
10.0
0.0
0.0
0.0
0.0
0.0
0.0
0.0
0.0
0.0
0.0
0.0
0.0
20.0
0.0
0.0
0.0
0.0
0.0
0.0
0.0
20.0
60.0
0.0
0.0
0.0
0.0
0.0
0.0
0.0
0.0
0.0
0.0
0.0
210.0
100.0
0.0
0.0
0.0
0.0
0.0
0.0
0.0
0.0
0.0
0.0
0.0
0.0
0.0
0.0
0.0
0.0
0.0
0.0
30.0
80.0
0.0
0.0
0.0
0.0
0.0
0.0
0.0
0.0
0.0
0.0
0.0
0.0
0.0
0.0
0.0
0.0
0.0
0.0
NaN
0.0
0.0
0.0
0.0
0.0
0.0
0.0
0.0
20.0
10.0
0.0
10.0
NaN
0.0
0.0
0.0
0.0
0.0
0.0
0.0
0.0
0.0
0.0
0.0
0.0
0.0
0.0
0.0
0.0
0.0
10.0
0.0
0.0
0.0
0.0
0.0
0.0
NaN
NaN
0.0
0.0
0.0
0.0
0.0
0.0
0.0
0.0
0.0
0.0
0.0
0.0
0.0
10.0
10.0
NaN
NaN
0.0
0.0
0.0
0.0
0.0
0.0
0.0
0.0
0.0
0.0
0.0
0.0
0.0
0.0
0.0
0.0
0.0
0.0
0.0
0.0
0.0
0.0
0.0
NaN
0.0
0.0
0.0
0.0
0.0
0.0
0.0
0.0
0.0
0.0
0.0
0.0
0.0
0.0
0.0
0.0
0.0
0.0
0.0
0.0
0.0
0.0
0.0
0.0
NaN
0.0
0.0
0.0
0.0
0.0
0.0
140.0
0.0
0.0
0.0
0.0
0.0
0.0
30.0
0.0
0.0
60.0
0.0
80.0
30.0
0.0
0.0
0.0
0.0
0.0
260.0
0.0
0.0
40.0
0.0
0.0
0.0
0.0
170.0
0.0
0.0
200.0
50.0
0.0
0.0
0.0
0.0
0.0
0.0
0.0
0.0
0.0
0.0
0.0
0.0
0.0
0.0
120.0
0.0
0.0
0.0
0.0
0.0
0.0
0.0
0.0
160.0
0.0
280.0
0.0
0.0
0.0
0.0
0.0
0.0
0.0
0.0
0.0
0.0
0.0
0.0
0.0
5.0
0.0
0.0
0.0
0.0
0.0
0.0
0.0
70.0
0.0
0.0
250.0
0.0
0.0
0.0
120.0
20.0
0.0
0.0
0.0
0.0
0.0
0.0
0.0
NaN
0.0
0.0
190.0
0.0
0.0
0.0
0.0
30.0
20.0
10.0
0.0
0.0
0.0
0.0
20.0
0.0
0.0
0.0
0.0
0.0
0.0
60.0
0.0
30.0
100.0
10.0
50.0
80.0
10.0
0.0
0.0
0.0
0.0
80.0
0.0
0.0
0.0
0.0
0.0
20.0
0.0
0.0
0.0
0.0
0.0
0.0
0.0
80.0
0.0
0.0
0.0
0.0
0.0
0.0
0.0
0.0
0.0
0.0
0.0
0.0
0.0
0.0
0.0
0.0
0.0
0.0
0.0
20.0
0.0
0.0
0.0
0.0
0.0
0.0
NaN
30.0
10.0
NaN
0.0
0.0
0.0
0.0
0.0
20.0
0.0
0.0
0.0
0.0
0.0
0.0
0.0
0.0
NaN
0.0
0.0
NaN
0.0
0.0
0.0
0.0
0.0
0.0
0.0
0.0
0.0
NaN
NaN
0.0
0.0
NaN
0.0
0.0
0.0
0.0
0.0
0.0
0.0
0.0
0.0
0.0
0.0
0.0
0.0
0.0
0.0
0.0
0.0
0.0
0.0
0.0
0.0
0.0
0.0
0.0
0.0
0.0
0.0
0.0
0.0
0.0
0.0
0.0
0.0
0.0
0.0
0.0
0.0
0.0
0.0
0.0
0.0
0.0
0.0
0.0
0.0
0.0
0.0
0.0
0.0
0.0
0.0
0.0
0.0
0.0
0.0
0.0
0.0
0.0
0.0
0.0
0.0
0.0
0.0
0.0
0.0
0.0
0.0
0.0
0.0
0.0
0.0
0.0
0.0
0.0
0.0
0.0
0.0
0.0
0.0
0.0
0.0
0.0
0.0
0.0
0.0
0.0
0.0
0.0
0.0
0.0
0.0
0.0
0.0
0.0
0.0
0.0
0.0
0.0
0.0
0.0
0.0
0.0
0.0
0.0
0.0
0.0
0.0
50.0
50.0
0.0
0.0
0.0
0.0
0.0
0.0
0.0
0.0
0.0
0.0
0.0
0.0
0.0
0.0
100.0
NaN
0.0
0.0
0.0
0.0
0.0
0.0
0.0
0.0
0.0
0.0
0.0
NaN
NaN
NaN
NaN
0.0
0.0
0.0
0.0
0.0
0.0
160.0
80.0
0.0
0.0
20.0
0.0
0.0
0.0
0.0
0.0
0.0
0.0
60.0
0.0
0.0
0.0
0.0
NaN
NaN
80.0
250.0
0.0
0.0
60.0
150.0
0.0
0.0
0.0
300.0
0.0
0.0
0.0
0.0
130.0
10.0
0.0
0.0
NaN
NaN
0.0
0.0
0.0
NaN
60.0
0.0
10.0
0.0
0.0
0.0
80.0
90.0
0.0
0.0
0.0
0.0
25.0
0.0
0.0
60.0
0.0
0.0
0.0
0.0
0.0
0.0
0.0
0.0
20.0
0.0
0.0
0.0
0.0
140.0
0.0
0.0
0.0
0.0
0.0
30.0
0.0
0.0
120.0
20.0
0.0
0.0
0.0
0.0
0.0
10.0
0.0
0.0
0.0
100.0
15.0
0.0
0.0
0.0
0.0
0.0
0.0
0.0
0.0
0.0
0.0
0.0
0.0
0.0
NaN
0.0
0.0
55.0
0.0
0.0
0.0
0.0
20.0
160.0
0.0
0.0
0.0
0.0
0.0
0.0
0.0
0.0
0.0
0.0
65.0
0.0
0.0
0.0
0.0
0.0
0.0
0.0
0.0
0.0
0.0
0.0
0.0
0.0
0.0
0.0
0.0
0.0
0.0
0.0
0.0
60.0
250.0
20.0
0.0
140.0
80.0
60.0
50.0
0.0
0.0
0.0
0.0
45.0
40.0
0.0
0.0
0.0
0.0
0.0
0.0
0.0
0.0
0.0
0.0
0.0
0.0
0.0
0.0
0.0
0.0
0.0
20.0
0.0
0.0
0.0
0.0
0.0
0.0
0.0
0.0
0.0
0.0
30.0
40.0
0.0
30.0
0.0
0.0
0.0
0.0
0.0
0.0
0.0
0.0
0.0
0.0
0.0
0.0
NaN
0.0
0.0
0.0
30.0
NaN
0.0
0.0
0.0
0.0
0.0
0.0
0.0
0.0
0.0
0.0
0.0
NaN
0.0
0.0
0.0
0.0
0.0
0.0
0.0
0.0
NaN
0.0
0.0
0.0
0.0
0.0
0.0
NaN
0.0
0.0
NaN
0.0
0.0
0.0
NaN
0.0
0.0
0.0
NaN
0.0
NaN
0.0
NaN
NaN
0.0
0.0
0.0
0.0
0.0
0.0
0.0
NaN
0.0
0.0
0.0
0.0
0.0
0.0
0.0
0.0
0.0
0.0
0.0
0.0
0.0
0.0
0.0
0.0
0.0
0.0
0.0
NaN
0.0
0.0
0.0
0.0
0.0
0.0
0.0
0.0
0.0
0.0
NaN
0.0
0.0
0.0
0.0
0.0
0.0
0.0
0.0
0.0
0.0
0.0
0.0
0.0
NaN
NaN
0.0
0.0
NaN
NaN
0.0
0.0
0.0
0.0
0.0
0.0
0.0
NaN
NaN
0.0
0.0
0.0
0.0
0.0
100.0
130.0
33.0
0.0
0.0
0.0
0.0
0.0
20.0
0.0
0.0
0.0
0.0
15.0
70.0
0.0
0.0
0.0
15.0
15.0
10.0
10.0
0.0
0.0
50.0
25.0
0.0
30.0
NaN
0.0
0.0
0.0
0.0
0.0
0.0
150.0
70.0
40.0
60.0
0.0
0.0
10.0
35.0
0.0
0.0
55.0
15.0
0.0
160.0
5.0
0.0
70.0
0.0
0.0
15.0
0.0
0.0
0.0
0.0
0.0
0.0
0.0
0.0
0.0
110.0
30.0
0.0
50.0
0.0
110.0
0.0
0.0
0.0
45.0
5.0
0.0
40.0
10.0
0.0
0.0
0.0
0.0
0.0
20.0
0.0
NaN
NaN
0.0
0.0
0.0
0.0
0.0
0.0
30.0
170.0
55.0
10.0
0.0
360.0
170.0
0.0
0.0
0.0
0.0
550.0
20.0
0.0
0.0
0.0
0.0
0.0
0.0
30.0
0.0
0.0
0.0
30.0
10.0
30.0
0.0
0.0
0.0
0.0
0.0
0.0
0.0
0.0
0.0
0.0
0.0
0.0
80.0
50.0
0.0
0.0
0.0
0.0
0.0
0.0
15.0
25.0
0.0
0.0
0.0
0.0
0.0
0.0
0.0
0.0
0.0
50.0
0.0
0.0
0.0
0.0
0.0
0.0
0.0
0.0
0.0
0.0
0.0
0.0
0.0
0.0
40.0
0.0
0.0
0.0
0.0
0.0
0.0
0.0
0.0
65.0
0.0
0.0
0.0
0.0
0.0
0.0
0.0
0.0
0.0
0.0
NaN
0.0
0.0
0.0
0.0
0.0
0.0
0.0
110.0
0.0
0.0
0.0
0.0
0.0
NaN
0.0
0.0
0.0
0.0
0.0
0.0
0.0
NaN
NaN
0.0
0.0
0.0
0.0
NaN
0.0
0.0
0.0
0.0
NaN
0.0
0.0
0.0
NaN
NaN
0.0
0.0
NaN
0.0
0.0
0.0
0.0
0.0
0.0
0.0
0.0
0.0
0.0
NaN
NaN
0.0
0.0
0.0
0.0
0.0
0.0
0.0
0.0
0.0
0.0
0.0
0.0
0.0
0.0
0.0
0.0
0.0
0.0
0.0
NaN
NaN
0.0
0.0
0.0
0.0
0.0
0.0
0.0
0.0
0.0
0.0
0.0
0.0
NaN
0.0
0.0
0.0
0.0
0.0
0.0
0.0
0.0
0.0
NaN
0.0
0.0
0.0
0.0
0.0
0.0
0.0
0.0
0.0
0.0
0.0
0.0
0.0
0.0
0.0
0.0
0.0
0.0
0.0
0.0
0.0
0.0
0.0
0.0
0.0
0.0
0.0
0.0
0.0
0.0
0.0
0.0
0.0
0.0
0.0
0.0
0.0
0.0
0.0
0.0
0.0
0.0
0.0
0.0
NaN
0.0
0.0
0.0
NaN
0.0
0.0
0.0
0.0
NaN
0.0
NaN
0.0
0.0
0.0
NaN
NaN
NaN
0.0
0.0
NaN
NaN
0.0
NaN
NaN
NaN
NaN
NaN
NaN
0.0
0.0
0.0
100.0
80.0
10.0
0.0
10.0
10.0
80.0
190.0
0.0
0.0
40.0
20.0
0.0
0.0
0.0
0.0
0.0
0.0
0.0
0.0
0.0
0.0
0.0
0.0
0.0
0.0
0.0
0.0
0.0
425.0
0.0
0.0
0.0
95.0
0.0
0.0
45.0
0.0
10.0
0.0
0.0
0.0
80.0
0.0
0.0
0.0
140.0
80.0
0.0
15.0
0.0
30.0
140.0
0.0
0.0
0.0
0.0
0.0
0.0
0.0
NaN
NaN
0.0
0.0
0.0
0.0
30.0
200.0
5.0
5.0
0.0
50.0
5.0
260.0
50.0
0.0
0.0
0.0
0.0
35.0
20.0
0.0
0.0
235.0
95.0
115.0
30.0
0.0
30.0
30.0
0.0
0.0
0.0
0.0
50.0
0.0
0.0
30.0
0.0
0.0
0.0
0.0
0.0
40.0
0.0
0.0
0.0
0.0
0.0
0.0
NaN
0.0
NaN
0.0
0.0
0.0
0.0
0.0
0.0
0.0
80.0
50.0
30.0
20.0
0.0
0.0
0.0
0.0
0.0
0.0
10.0
0.0
0.0
0.0
0.0
125.0
0.0
0.0
0.0
0.0
55.0
35.0
0.0
190.0
0.0
30.0
0.0
30.0
90.0
0.0
55.0
0.0
0.0
0.0
15.0
10.0
0.0
0.0
5.0
0.0
0.0
0.0
0.0
0.0
0.0
0.0
0.0
0.0
0.0
0.0
0.0
0.0
0.0
0.0
0.0
0.0
0.0
0.0
0.0
30.0
0.0
0.0
0.0
0.0
0.0
0.0
0.0
0.0
0.0
0.0
0.0
0.0
0.0
0.0
0.0
0.0
0.0
0.0
0.0
0.0
0.0
0.0
0.0
0.0
0.0
0.0
0.0
0.0
0.0
0.0
0.0
0.0
0.0
0.0
0.0
0.0
0.0
0.0
0.0
0.0
0.0
0.0
0.0
0.0
45.0
0.0
70.0
0.0
0.0
5.0
0.0
205.0
0.0
0.0
0.0
0.0
45.0
115.0
30.0
120.0
10.0
0.0
0.0
30.0
25.0
5.0
0.0
80.0
0.0
0.0
0.0
0.0
165.0
0.0
0.0
0.0
0.0
0.0
95.0
0.0
0.0
0.0
0.0
70.0
0.0
0.0
0.0
38.0
0.0
0.0
0.0
0.0
100.0
55.0
0.0
0.0
75.0
0.0
45.0
0.0
0.0
110.0
65.0
60.0
0.0
110.0
0.0
0.0
0.0
160.0
250.0
0.0
0.0
70.0
0.0
0.0
0.0
0.0
0.0
0.0
0.0
0.0
350.0
0.0
0.0
0.0
0.0
0.0
0.0
0.0
0.0
0.0
0.0
20.0
90.0
0.0
0.0
360.0
0.0
0.0
0.0
0.0
0.0
0.0
0.0
0.0
0.0
0.0
0.0
0.0
0.0
0.0
0.0
0.0
0.0
0.0
0.0
0.0
0.0
0.0
0.0
0.0
0.0
0.0
0.0
0.0
0.0
0.0
0.0
0.0
0.0
0.0
0.0
0.0
0.0
0.0
0.0
0.0
0.0
NaN
0.0
0.0
0.0
0.0
0.0
0.0
0.0
0.0
0.0
0.0
NaN
NaN
0.0
0.0
0.0
NaN
0.0
0.0
0.0
NaN
0.0
0.0
210.0
0.0
0.0
0.0
0.0
0.0
0.0
0.0
0.0
0.0
100.0
0.0
0.0
0.0
0.0
0.0
0.0
0.0
0.0
0.0
0.0
0.0
0.0
0.0
50.0
0.0
0.0
150.0
0.0
0.0
80.0
0.0
0.0
0.0
0.0
0.0
0.0
0.0
0.0
0.0
36.0
0.0
0.0
0.0
0.0
0.0
0.0
52.0
250.0
140.0
0.0
14.0
0.0
0.0
0.0
144.0
0.0
6.0
0.0
0.0
0.0
0.0
130.0
0.0
0.0
0.0
0.0
0.0
0.0
0.0
0.0
155.0
0.0
115.0
0.0
0.0
0.0
0.0
0.0
0.0
0.0
20.0
0.0
0.0
0.0
0.0
20.0
0.0
0.0
20.0
0.0
0.0
0.0
414.0
0.0
40.0
0.0
0.0
0.0
0.0
0.0
0.0
0.0
0.0
0.0
0.0
0.0
0.0
0.0
0.0
0.0
0.0
0.0
0.0
0.0
NaN
NaN
0.0
0.0
0.0
0.0
10.0
0.0
150.0
24.0
16.0
0.0
0.0
0.0
0.0
0.0
0.0
0.0
0.0
0.0
0.0
0.0
NaN
0.0
0.0
0.0
0.0
0.0
0.0
0.0
0.0
0.0
0.0
0.0
0.0
90.0
0.0
0.0
0.0
0.0
0.0
0.0
110.0
0.0
0.0
0.0
NaN
NaN
0.0
0.0
0.0
0.0
0.0
0.0
0.0
0.0
0.0
0.0
NaN
0.0
0.0
0.0
0.0
0.0
0.0
NaN
NaN
0.0
0.0
0.0
0.0
0.0
NaN
0.0
0.0
0.0
0.0
0.0
0.0
0.0
0.0
0.0
0.0
0.0
0.0
0.0
0.0
0.0
0.0
0.0
0.0
0.0
0.0
0.0
0.0
0.0
0.0
0.0
0.0
0.0
0.0
NaN
0.0
NaN
NaN
0.0
0.0
0.0
NaN
0.0
NaN
0.0
NaN
0.0
0.0
0.0
0.0
0.0
NaN
NaN
0.0
0.0
0.0
NaN
0.0
0.0
0.0
0.0
0.0
0.0
0.0
0.0
0.0
0.0
0.0
0.0
0.0
NaN
0.0
0.0
0.0
0.0
0.0
NaN
0.0
0.0
0.0
0.0
0.0
0.0
0.0
0.0
0.0
0.0
0.0
0.0
0.0
0.0
0.0
0.0
0.0
0.0
0.0
0.0
0.0
0.0
0.0
0.0
0.0
0.0
0.0
0.0
0.0
0.0
0.0
0.0
0.0
0.0
0.0
0.0
0.0
0.0
0.0
0.0
0.0
0.0
0.0
0.0
0.0
0.0
0.0
0.0
0.0
0.0
NaN
0.0
0.0
0.0
0.0
0.0
NaN
0.0
0.0
0.0
0.0
0.0
0.0
0.0
NaN
NaN
0.0
0.0
0.0
0.0
0.0
0.0
0.0
0.0
0.0
0.0
0.0
0.0
0.0
0.0
0.0
0.0
0.0
0.0
0.0
0.0
0.0
0.0
0.0
0.0
0.0
0.0
0.0
0.0
0.0
0.0
0.0
0.0
0.0
0.0
0.0
0.0
0.0
0.0
0.0
86.0
0.0
110.0
0.0
0.0
0.0
0.0
32.0
40.0
0.0
NaN
0.0
0.0
0.0
0.0
92.0
0.0
0.0
31.0
0.0
239.0
0.0
0.0
0.0
0.0
180.0
240.0
6.0
0.0
0.0
0.0
60.0
0.0
0.0
0.0
0.0
0.0
NaN
NaN
0.0
61.0
0.0
70.0
211.0
0.0
0.0
0.0
0.0
54.0
0.0
0.0
0.0
NaN
0.0
0.0
151.0
0.0
0.0
0.0
0.0
0.0
0.0
0.0
0.0
0.0
0.0
0.0
0.0
0.0
NaN
0.0
0.0
0.0
0.0
0.0
0.0
0.0
NaN
NaN
0.0
0.0
0.0
0.0
0.0
0.0
0.0
140.0
0.0
0.0
0.0
0.0
0.0
90.0
140.0
0.0
0.0
0.0
0.0
0.0
0.0
0.0
0.0
0.0
NaN
NaN
0.0
0.0
0.0
0.0
0.0
0.0
0.0
22.0
0.0
0.0
0.0
0.0
30.0
0.0
0.0
0.0
0.0
0.0
0.0
0.0
10.0
0.0
0.0
0.0
0.0
0.0
0.0
0.0
0.0
0.0
0.0
0.0
0.0
0.0
0.0
NaN
0.0
0.0
NaN
NaN
0.0
0.0
0.0
0.0
0.0
NaN
0.0
0.0
0.0
0.0
0.0
0.0
0.0
0.0
0.0
0.0
0.0
0.0
0.0
0.0
0.0
0.0
0.0
0.0
0.0
NaN
0.0
0.0
0.0
0.0
NaN
0.0
0.0
0.0
0.0
0.0
0.0
0.0
0.0
0.0
0.0
0.0
0.0
NaN
0.0
0.0
0.0
0.0
0.0
0.0
0.0
0.0
0.0
0.0
0.0
0.0
0.0
0.0
0.0
0.0
0.0
0.0
0.0
0.0
0.0
0.0
0.0
0.0
0.0
0.0
0.0
0.0
0.0
0.0
0.0
0.0
0.0
0.0
0.0
0.0
0.0
0.0
0.0
0.0
0.0
NaN
0.0
0.0
0.0
0.0
0.0
0.0
0.0
0.0
NaN
0.0
0.0
0.0
0.0
0.0
0.0
NaN
0.0
NaN
0.0
0.0
NaN
0.0
0.0
0.0
0.0
0.0
NaN
NaN
0.0
0.0
0.0
0.0
0.0
0.0
0.0
0.0
0.0
0.0
NaN
0.0
0.0
0.0
0.0
0.0
0.0
NaN
0.0
0.0
0.0
0.0
NaN
0.0
0.0
0.0
NaN
0.0
0.0
0.0
0.0
NaN
0.0
0.0
0.0
0.0
0.0
0.0
0.0
0.0
0.0
NaN
NaN
NaN
NaN
0.0
0.0
0.0
0.0
NaN
0.0
0.0
0.0
0.0
0.0
0.0
0.0
0.0
0.0
0.0
0.0
0.0
0.0
0.0
0.0
0.0
0.0
0.0
0.0
0.0
0.0
0.0
0.0
0.0
0.0
0.0
0.0
0.0
0.0
0.0
0.0
NaN
0.0
20.0
0.0
0.0
0.0
0.0
0.0
0.0
0.0
0.0
0.0
30.0
0.0
0.0
70.0
0.0
0.0
0.0
0.0
0.0
80.0
0.0
80.0
270.0
15.0
0.0
0.0
0.0
70.0
0.0
0.0
0.0
0.0
0.0
0.0
0.0
0.0
0.0
0.0
770.0
42.0
0.0
NaN
NaN
0.0
NaN
NaN
70.0
76.0
16.0
10.0
0.0
0.0
0.0
6.0
20.0
68.0
176.0
52.0
2.0
0.0
0.0
0.0
0.0
0.0
0.0
0.0
56.0
0.0
0.0
8.0
20.0
0.0
0.0
NaN
NaN
0.0
0.0
0.0
0.0
0.0
0.0
0.0
0.0
16.0
0.0
0.0
0.0
72.0
0.0
0.0
0.0
0.0
0.0
0.0
0.0
0.0
0.0
0.0
0.0
0.0
0.0
0.0
0.0
0.0
0.0
0.0
0.0
0.0
0.0
NaN
0.0
NaN
0.0
18.0
0.0
0.0
0.0
0.0
0.0
0.0
0.0
0.0
40.0
0.0
0.0
0.0
NaN
0.0
NaN
0.0
0.0
116.0
0.0
150.0
0.0
0.0
0.0
0.0
54.0
0.0
0.0
0.0
14.0
0.0
0.0
0.0
168.0
0.0
0.0
20.0
16.0
0.0
0.0
0.0
0.0
0.0
0.0
0.0
0.0
20.0
0.0
0.0
0.0
0.0
0.0
0.0
0.0
0.0
0.0
0.0
0.0
NaN
0.0
NaN
0.0
0.0
0.0
0.0
0.0
0.0
0.0
0.0
NaN
0.0
0.0
NaN
0.0
0.0
0.0
0.0
0.0
0.0
0.0
0.0
0.0
0.0
0.0
0.0
0.0
0.0
0.0
0.0
0.0
0.0
0.0
0.0
0.0
0.0
0.0
0.0
20.0
30.0
NaN
0.0
NaN
0.0
NaN
0.0
0.0
0.0
0.0
0.0
0.0
0.0
0.0
0.0
0.0
0.0
0.0
0.0
NaN
NaN
0.0
0.0
0.0
0.0
0.0
0.0
0.0
0.0
0.0
0.0
0.0
0.0
0.0
0.0
0.0
0.0
0.0
0.0
0.0
0.0
0.0
0.0
0.0
0.0
0.0
0.0
NaN
0.0
0.0
NaN
0.0
0.0
0.0
0.0
0.0
0.0
0.0
0.0
0.0
0.0
NaN
NaN
0.0
0.0
NaN
NaN
NaN
0.0
NaN
0.0
0.0
0.0
0.0
0.0
0.0
0.0
0.0
0.0
0.0
0.0
0.0
0.0
NaN
NaN
0.0
0.0
0.0
0.0
0.0
0.0
NaN
0.0
0.0
0.0
0.0
0.0
0.0
NaN
NaN
0.0
0.0
0.0
0.0
NaN
0.0
NaN
NaN
0.0
0.0
0.0
NaN
0.0
0.0
0.0
0.0
0.0
0.0
0.0
0.0
0.0
0.0
0.0
0.0
NaN
NaN
0.0
0.0
NaN
NaN
0.0
0.0
0.0
0.0
0.0
0.0
0.0
0.0
0.0
0.0
0.0
0.0
0.0
NaN
NaN
0.0
0.0
0.0
0.0
0.0
0.0
NaN
NaN
NaN
0.0
0.0
NaN
NaN
NaN
NaN
NaN
120.0
0.0
190.0
30.0
46.0
12.0
0.0
0.0
0.0
0.0
NaN
36.0
0.0
0.0
14.0
0.0
0.0
0.0
0.0
0.0
0.0
0.0
0.0
0.0
0.0
0.0
0.0
0.0
0.0
115.0
135.0
0.0
0.0
0.0
0.0
0.0
0.0
0.0
102.0
3.0
0.0
0.0
52.0
206.0
0.0
0.0
0.0
0.0
0.0
0.0
0.0
0.0
0.0
0.0
NaN
NaN
0.0
0.0
0.0
NaN
NaN
120.0
64.0
8.0
0.0
90.0
0.0
0.0
13.0
0.0
0.0
200.0
5.0
0.0
0.0
0.0
0.0
245.0
NaN
NaN
0.0
0.0
0.0
10.0
0.0
0.0
0.0
0.0
0.0
6.0
0.0
0.0
0.0
34.0
0.0
20.0
0.0
50.0
0.0
0.0
0.0
0.0
0.0
0.0
0.0
0.0
0.0
0.0
0.0
0.0
0.0
2.0
0.0
16.0
0.0
0.0
160.0
0.0
0.0
0.0
0.0
0.0
0.0
0.0
0.0
0.0
0.0
0.0
0.0
0.0
106.0
0.0
0.0
12.0
0.0
0.0
0.0
40.0
0.0
224.0
12.0
0.0
0.0
430.0
26.0
0.0
50.0
0.0
0.0
0.0
0.0
100.0
0.0
0.0
0.0
16.0
24.0
0.0
0.0
0.0
0.0
0.0
0.0
0.0
NaN
NaN
0.0
0.0
0.0
0.0
0.0
0.0
0.0
20.0
0.0
NaN
0.0
0.0
0.0
NaN
NaN
NaN
0.0
0.0
NaN
NaN
0.0
NaN
0.0
0.0
0.0
NaN
0.0
0.0
0.0
0.0
0.0
0.0
0.0
0.0
80.0
0.0
0.0
NaN
0.0
0.0
0.0
0.0
NaN
NaN
NaN
0.0
0.0
0.0
0.0
NaN
0.0
NaN
NaN
NaN
NaN
0.0
NaN
0.0
0.0
0.0
NaN
0.0
0.0
NaN
0.0
0.0
NaN
0.0
0.0
0.0
0.0
0.0
0.0
0.0
0.0
0.0
0.0
0.0
0.0
0.0
0.0
0.0
0.0
0.0
0.0
0.0
0.0
0.0
0.0
0.0
0.0
0.0
0.0
0.0
0.0
0.0
0.0
0.0
0.0
0.0
0.0
0.0
0.0
0.0
0.0
0.0
0.0
0.0
0.0
0.0
0.0
0.0
0.0
0.0
0.0
0.0
0.0
0.0
NaN
0.0
0.0
0.0
0.0
NaN
0.0
0.0
NaN
NaN
NaN
0.0
0.0
NaN
NaN
0.0
0.0
0.0
0.0
0.0
0.0
0.0
0.0
0.0
0.0
NaN
NaN
NaN
0.0
0.0
NaN
0.0
NaN
NaN
0.0
0.0
0.0
0.0
0.0
0.0
0.0
0.0
0.0
0.0
0.0
NaN
0.0
0.0
0.0
0.0
0.0
0.0
0.0
0.0
0.0
0.0
0.0
0.0
0.0
0.0
0.0
NaN
0.0
0.0
0.0
0.0
0.0
0.0
0.0
120.0
130.0
0.0
NaN
0.0
0.0
0.0
0.0
0.0
0.0
NaN
0.0
0.0
NaN
0.0
0.0
0.0
0.0
0.0
0.0
0.0
0.0
76.0
0.0
0.0
0.0
21.0
0.0
50.0
0.0
0.0
0.0
0.0
90.0
10.0
0.0
0.0
0.0
0.0
0.0
0.0
0.0
10.0
0.0
0.0
0.0
220.0
20.0
0.0
0.0
0.0
0.0
0.0
0.0
0.0
0.0
0.0
0.0
0.0
70.0
60.0
0.0
0.0
0.0
15.0
42.0
34.0
97.0
0.0
0.0
48.0
0.0
0.0
50.0
60.0
210.0
105.0
0.0
0.0
20.0
0.0
20.0
0.0
0.0
30.0
0.0
0.0
235.0
8.0
0.0
0.0
65.0
0.0
0.0
0.0
0.0
0.0
30.0
0.0
110.0
0.0
0.0
0.0
0.0
NaN
10.0
0.0
0.0
0.0
0.0
0.0
0.0
225.0
0.0
17.0
0.0
0.0
0.0
0.0
0.0
25.0
0.0
0.0
20.0
10.0
45.0
NaN
NaN
0.0
0.0
0.0
10.0
0.0
NaN
NaN
0.0
0.0
40.0
0.0
134.0
0.0
62.0
0.0
NaN
150.0
0.0
0.0
40.0
0.0
0.0
7.0
12.0
96.0
0.0
0.0
0.0
0.0
0.0
0.0
0.0
20.0
0.0
50.0
0.0
0.0
0.0
0.0
0.0
0.0
0.0
0.0
0.0
0.0
0.0
0.0
0.0
0.0
0.0
0.0
0.0
0.0
0.0
0.0
0.0
0.0
0.0
0.0
0.0
0.0
0.0
0.0
8.0
0.0
0.0
0.0
0.0
0.0
0.0
NaN
NaN
0.0
0.0
0.0
0.0
0.0
NaN
0.0
0.0
NaN
0.0
0.0
NaN
NaN
0.0
0.0
NaN
NaN
0.0
0.0
0.0
0.0
0.0
0.0
0.0
0.0
0.0
0.0
NaN
NaN
0.0
0.0
0.0
0.0
0.0
0.0
0.0
0.0
0.0
NaN
NaN
0.0
0.0
0.0
NaN
NaN
0.0
NaN
0.0
0.0
0.0
NaN
0.0
NaN
0.0
NaN
NaN
NaN
0.0
0.0
NaN
0.0
0.0
0.0
0.0
0.0
0.0
0.0
NaN
NaN
NaN
0.0
0.0
0.0
0.0
0.0
0.0
0.0
0.0
NaN
0.0
0.0
0.0
NaN
0.0
0.0
0.0
0.0
0.0
0.0
0.0
0.0
0.0
0.0
0.0
0.0
0.0
0.0
0.0
0.0
0.0
0.0
0.0
0.0
0.0
0.0
0.0
0.0
0.0
0.0
0.0
0.0
0.0
0.0
0.0
0.0
0.0
0.0
