0.0
0.0
0.0
0.0
0.0
0.0
0.0
0.0
0.0
0.0
0.0
0.0
0.0
43.0
0.0
114.0
48.0
0.0
0.0
0.0
0.0
0.0
0.0
165.0
0.0
66.0
0.0
15.0
0.0
0.0
0.0
0.0
145.0
0.0
0.0
0.0
0.0
99.0
0.0
165.0
89.0
0.0
94.0
315.0
56.0
56.0
69.0
0.0
41.0
399.0
0.0
0.0
0.0
0.0
0.0
0.0
46.0
0.0
76.0
13.0
5.0
0.0
0.0
0.0
0.0
0.0
0.0
0.0
0.0
0.0
0.0
0.0
0.0
0.0
0.0
18.0
0.0
0.0
203.0
8.0
0.0
0.0
0.0
0.0
0.0
0.0
0.0
0.0
0.0
0.0
234.0
0.0
0.0
0.0
284.0
64.0
0.0
0.0
0.0
NaN
0.0
0.0
0.0
0.0
NaN
NaN
193.0
0.0
66.0
0.0
0.0
0.0
0.0
0.0
0.0
23.0
0.0
302.0
23.0
0.0
10.0
0.0
0.0
41.0
142.0
0.0
0.0
0.0
0.0
0.0
0.0
0.0
0.0
0.0
114.0
381.0
0.0
0.0
0.0
0.0
0.0
NaN
NaN
0.0
0.0
0.0
0.0
0.0
0.0
0.0
NaN
NaN
0.0
NaN
NaN
0.0
0.0
0.0
0.0
0.0
0.0
36.0
0.0
0.0
0.0
64.0
0.0
0.0
0.0
0.0
0.0
0.0
0.0
3.0
0.0
0.0
43.0
NaN
0.0
38.0
0.0
0.0
0.0
114.0
0.0
0.0
0.0
5.0
0.0
0.0
0.0
0.0
0.0
0.0
13.0
0.0
0.0
0.0
0.0
0.0
0.0
41.0
0.0
0.0
0.0
0.0
61.0
23.0
53.0
0.0
0.0
0.0
0.0
0.0
48.0
71.0
0.0
0.0
0.0
0.0
102.0
0.0
0.0
0.0
0.0
15.0
13.0
0.0
0.0
0.0
0.0
0.0
0.0
325.0
0.0
0.0
0.0
104.0
13.0
0.0
0.0
0.0
0.0
173.0
0.0
0.0
0.0
0.0
64.0
0.0
0.0
0.0
0.0
0.0
0.0
66.0
0.0
0.0
0.0
69.0
0.0
76.0
0.0
0.0
0.0
584.0
28.0
0.0
38.0
13.0
0.0
18.0
0.0
56.0
0.0
0.0
0.0
0.0
0.0
0.0
0.0
0.0
0.0
69.0
218.0
0.0
0.0
0.0
43.0
0.0
0.0
0.0
0.0
5.0
0.0
0.0
84.0
0.0
74.0
5.0
0.0
18.0
71.0
0.0
3.0
0.0
0.0
0.0
0.0
58.0
196.0
0.0
0.0
0.0
0.0
3.0
0.0
0.0
0.0
0.0
0.0
46.0
0.0
0.0
0.0
325.0
0.0
0.0
8.0
0.0
0.0
0.0
0.0
0.0
0.0
0.0
0.0
0.0
0.0
0.0
0.0
0.0
0.0
74.0
127.0
0.0
58.0
0.0
89.0
0.0
0.0
0.0
0.0
0.0
0.0
0.0
0.0
61.0
0.0
0.0
0.0
0.0
0.0
0.0
0.0
0.0
0.0
76.0
0.0
0.0
23.0
53.0
76.0
0.0
157.0
10.0
0.0
0.0
0.0
119.0
0.0
0.0
23.0
0.0
0.0
0.0
0.0
114.0
20.0
0.0
0.0
0.0
0.0
0.0
0.0
0.0
0.0
0.0
0.0
0.0
0.0
0.0
0.0
76.0
0.0
0.0
13.0
13.0
0.0
127.0
10.0
0.0
5.0
18.0
0.0
3.0
5.0
0.0
15.0
51.0
0.0
0.0
0.0
0.0
0.0
0.0
0.0
0.0
109.0
157.0
0.0
0.0
0.0
137.0
0.0
0.0
0.0
0.0
0.0
0.0
0.0
193.0
71.0
0.0
0.0
0.0
0.0
0.0
0.0
0.0
0.0
0.0
0.0
0.0
0.0
0.0
20.0
81.0
0.0
