15.6642857143
22.02
20.8064516129
23.235483871
9.51666666667
2.29677419355
-7.77333333333
-20.8548387097
-14.0709677419
-15.6357142857
0.358064516129
3.66333333333
17.2193548387
19.4833333333
24.3903225806
25.3161290323
14.15
6.45483870968
-7.29666666667
-17.0612903226
-23.1419354839
-15.1035714286
-9.92903225806
4.85666666667
NaN
20.912
24.4741935484
20.8322580645
10.1666666667
4.39032258065
-2.82666666667
-8.24193548387
-19.2967741935
-14.0321428571
-7.26
6.04
12.5838709677
19.4333333333
24.5290322581
19.5129032258
11.89
6.3
-2.46666666667
-14.5709677419
-18.8935483871
-11.875862069
-5.8935483871
8.89
16.2032258065
20.27
22.9193548387
22.2935483871
15.61
4.28064516129
-5.87666666667
NaN
-18.3096774194
-9.76071428571
-0.832258064516
9.90666666667
19.7870967742
21.6833333333
22.3677419355
16.8483870968
14.66
10.2709677419
-3.65
-17.3
NaN
NaN
-5.86129032258
4.20333333333
17.9225806452
18.85
22.4387096774
19.2161290323
13.42
7.28064516129
-7.09666666667
-16.8967741935
NaN
NaN
-6.87419354839
3.17
9.42068965517
19.3333333333
24.9838709677
19.6935483871
12.7333333333
3.5
-4.06666666667
-9.40322580645
-17.8064516129
-13.4137931034
-6.24193548387
10.75
16.9516129032
NaN
23.1451612903
20.2258064516
11.5333333333
3.6935483871
NaN
-18.7258064516
-12.4193548387
-8.94642857143
-0.548387096774
1.83333333333
15.2741935484
NaN
24.2419354839
23.7258064516
14.4
5.24193548387
-1.15
-13.8548387097
-25.2419354839
-15.0535714286
-6.31666666667
3.53333333333
12.2142857143
NaN
23.0967741935
19.4516129032
NaN
NaN
NaN
-13.9193548387
-14.1774193548
-13.4821428571
-5.56451612903
3.83333333333
6.88709677419
19.2692307692
24.0
25.1935483871
15.4655172414
8.11290322581
-0.733333333333
-18.5833333333
-16.9677419355
-6.22413793103
-6.1935483871
8.07666666667
12.3064516129
21.25
24.9193548387
25.5
11.6
5.98387096774
NaN
-18.6935483871
-18.0967741935
-16.1607142857
-1.54838709677
6.56666666667
14.8870967742
16.5689655172
21.564516129
19.9032258065
11.6333333333
5.90322580645
-11.4827586207
-16.564516129
-14.6129032258
-12.1785714286
-3.95161290323
3.78333333333
17.0
19.0
21.564516129
21.9666666667
11.85
6.16129032258
-10.85
-9.14516129032
-11.7741935484
-7.91071428571
-2.06451612903
9.88333333333
16.0483870968
22.0166666667
22.0161290323
19.3064516129
16.5666666667
4.8064516129
-1.18965517241
-8.72580645161
-19.6612903226
-16.2931034483
-4.28571428571
5.08333333333
14.3548387097
23.5833333333
23.7333333333
22.6935483871
14.65
5.62903225806
-4.31666666667
-14.4032258065
-15.7419354839
-14.75
-8.74193548387
3.35
15.7741935484
20.1333333333
27.9451612903
22.2419354839
13.8833333333
6.77419354839
-10.4833333333
-20.2096774194
-16.1774193548
-14.6428571429
-2.27419354839
2.58333333333
14.3548387097
19.9
23.4838709677
23.0
14.5333333333
2.48387096774
-5.51666666667
-18.8225806452
-19.9516129032
-9.41071428571
-3.77419354839
6.48333333333
15.0
21.5833333333
23.2833333333
23.5967741935
13.3333333333
1.45161290323
-9.45
-12.5357142857
-12.935483871
-12.2321428571
-2.58333333333
3.36666666667
11.9838709677
16.4
20.4666666667
20.7741935484
12.2666666667
5.41666666667
-2.98333333333
-15.8064516129
-14.4032258065
-13.3214285714
-3.1935483871
6.48275862069
13.3666666667
18.95
20.4032258065
20.4666666667
11.5172413793
2.65517241379
-6.4
-14.3709677419
-24.1612903226
-18.0714285714
-1.83870967742
4.43333333333
13.5
21.8833333333
22.4032258065
20.9677419355
18.0666666667
8.25806451613
-2.38333333333
-10.6612903226
-14.3548387097
-13.4107142857
-3.93548387097
2.21666666667
14.435483871
23.85
21.5967741935
20.9516129032
14.8333333333
6.35483870968
-9.68333333333
-14.8225806452
-21.5322580645
-11.1071428571
-8.1935483871
3.66666666667
10.9677419355
21.55
24.2666666667
23.435483871
15.6833333333
3.5
-9.18333333333
-16.5322580645
-17.9193548387
-10.5535714286
-5.01612903226
2.36666666667
10.3870967742
20.25
24.1451612903
21.5806451613
15.7
3.35161290323
-5.04137931034
-6.58064516129
-18.4096774194
-4.96428571429
-3.74838709677
10.45
14.6290322581
19.49
24.0483870968
23.8838709677
15.7333333333
7.84516129032
-3.40666666667
-14.2903225806
-16.4451612903
-8.35357142857
-0.761290322581
10.0166666667
14.3516129032
19.6965517241
23.6161290323
21.9
13.5566666667
4.90967741935
-1.22
-9.55806451613
-16.2580645161
-6.34137931034
0.793548387097
5.32
12.4870967742
16.6133333333
23.6419354839
21.3096774194
12.7933333333
8.53548387097
-5.48333333333
-20.4
-9.31290322581
-15.4392857143
-2.83225806452
8.13666666667
14.5903225806
18.99
24.4612903226
22.9709677419
16.6366666667
6.06451612903
-1.79
-10.1741935484
-15.5774193548
-9.41428571429
-10.0419354839
0.553333333333
10.1032258065
21.9366666667
24.9387096774
21.0387096774
13.7266666667
1.39677419355
-5.53666666667
-9.22903225806
-14.5548387097
-17.7928571429
-7.19032258065
4.74
17.3129032258
22.1133333333
23.8193548387
25.2096774194
14.4
6.41935483871
-5.48333333333
-9.21290322581
-21.3967741935
-7.24827586207
-4.65806451613
3.4
8.61935483871
15.9433333333
21.064516129
16.2967741935
14.2466666667
4.28387096774
-3.06
-18.9838709677
-18.064516129
-11.1535714286
-5.78709677419
7.86
13.4612903226
17.8
21.7258064516
18.4838709677
13.57
6.62258064516
-3.33
-10.8096774194
-9.94193548387
-13.0678571429
-1.99032258065
10.68
11.6838709677
21.4666666667
22.3870967742
20.6741935484
14.3862068966
4.05161290323
-7.08333333333
-8.94516129032
-14.4870967742
-15.6
-4.3
4.9724137931
13.2193548387
17.4866666667
23.4419354839
17.9516129032
11.8931034483
6.52580645161
-6.69333333333
-15.6677419355
-15.6806451613
-15.3541666667
-7.21290322581
4.70666666667
11.3322580645
19.5766666667
21.0
22.7387096774
12.6233333333
6.76774193548
-4.51666666667
-21.0827586207
-16.3740740741
-13.7111111111
-8.12666666667
3.85862068966
9.01290322581
16.8133333333
18.8709677419
18.535483871
19.0333333333
3.5275862069
0.966666666667
-16.6129032258
-12.8870967742
-8.33214285714
1.17741935484
9.65
12.3516129032
20.0066666667
23.2366666667
18.9607142857
11.8066666667
8.31935483871
-4.17333333333
-13.7677419355
-17.8741935484
-13.5785714286
-7.33870967742
5.39333333333
12.7709677419
19.9633333333
22.4193548387
21.0838709677
17.5
7.95862068966
-4.24
-8.60967741935
-14.3032258065
-8.9
-1.08387096774
6.03666666667
12.5275862069
18.7033333333
25.2516129032
21.1032258065
15.1833333333
3.43548387097
-7.25
-17.2774193548
-18.5064516129
-12.0821428571
-6.22580645161
1.57666666667
14.2866666667
20.2423076923
22.8148148148
21.3419354839
16.8266666667
4.29677419355
-7.65
-22.85
-18.0258064516
-17.7535714286
-9.71290322581
2.32333333333
12.2033333333
18.0933333333
21.9741935484
20.9193548387
13.32
5.74838709677
-10.05
-11.8290322581
-15.6225806452
-18.3214285714
-4.25483870968
5.05
12.0129032258
20.0107142857
22.4129032258
19.7903225806
14.8413793103
7.27419354839
-2.17333333333
-8.11612903226
-13.0064516129
-11.7103448276
NaN
NaN
NaN
NaN
22.1896551724
19.5166666667
15.2
3.33333333333
1.96666666667
-14.6129032258
-11.8653846154
-9.78571428571
-5.11290322581
3.11666666667
11.8387096774
17.9
23.0806451613
22.7419354839
NaN
