86.0
0.0
0.0
18.0
0.0
46.0
14.0
0.0
0.0
98.0
0.0
8.0
0.0
0.0
0.0
2.0
4.0
0.0
0.0
0.0
98.0
6.0
0.0
0.0
98.0
2.0
0.0
12.0
124.0
124.0
56.0
8.0
0.0
58.0
0.0
38.0
0.0
10.0
4.0
0.0
0.0
0.0
4.0
16.0
0.0
0.0
0.0
0.0
4.0
80.0
22.0
4.0
0.0
0.0
0.0
2.0
0.0
122.0
16.0
0.0
0.0
6.0
8.0
0.0
0.0
0.0
0.0
0.0
4.0
0.0
0.0
0.0
0.0
0.0
120.0
0.0
0.0
0.0
52.0
0.0
0.0
4.0
0.0
154.0
60.0
98.0
0.0
0.0
0.0
56.0
2.0
2.0
62.0
4.0
160.0
6.0
0.0
0.0
0.0
0.0
0.0
0.0
12.0
2.0
2.0
0.0
0.0
60.0
0.0
0.0
0.0
0.0
46.0
16.0
86.0
6.0
0.0
0.0
28.0
4.0
0.0
234.0
0.0
356.0
4.0
10.0
0.0
12.0
0.0
0.0
0.0
30.0
42.0
18.0
6.0
14.0
5.0
0.0
0.0
0.0
0.0
0.0
4.0
0.0
3.0
3.0
0.0
0.0
0.0
6.0
3.0
0.0
0.0
0.0
34.0
26.0
0.0
26.0
0.0
8.0
8.0
6.0
26.0
0.0
0.0
0.0
0.0
0.0
0.0
12.0
0.0
108.0
12.0
4.0
0.0
0.0
0.0
0.0
0.0
0.0
0.0
0.0
64.0
95.0
0.0
0.0
0.0
0.0
0.0
0.0
0.0
0.0
0.0
0.0
0.0
0.0
0.0
17.0
0.0
0.0
0.0
0.0
0.0
76.0
0.0
0.0
64.0
0.0
60.0
136.0
0.0
0.0
0.0
272.0
