NaN
NaN
NaN
NaN
NaN
NaN
NaN
NaN
NaN
NaN
NaN
NaN
NaN
NaN
NaN
NaN
NaN
NaN
NaN
NaN
NaN
NaN
0.0
0.0
53.0
224.0
0.0
0.0
0.0
56.0
5.0
0.0
61.0
0.0
0.0
15.0
0.0
0.0
0.0
66.0
0.0
0.0
36.0
0.0
0.0
43.0
41.0
0.0
0.0
43.0
71.0
0.0
0.0
81.0
0.0
0.0
0.0
41.0
30.0
48.0
0.0
226.0
58.0
0.0
20.0
10.0
23.0
0.0
0.0
0.0
0.0
0.0
43.0
0.0
71.0
0.0
0.0
36.0
0.0
0.0
0.0
0.0
0.0
30.0
124.0
0.0
0.0
0.0
0.0
3.0
0.0
3.0
351.0
0.0
5.0
0.0
0.0
0.0
0.0
0.0
0.0
0.0
0.0
0.0
0.0
3.0
0.0
0.0
3.0
0.0
0.0
0.0
51.0
20.0
56.0
0.0
0.0
0.0
0.0
114.0
0.0
0.0
0.0
NaN
NaN
NaN
NaN
NaN
NaN
NaN
NaN
NaN
8.0
18.0
43.0
236.0
122.0
5.0
NaN
23.0
58.0
NaN
NaN
NaN
NaN
NaN
15.0
NaN
NaN
114.0
NaN
NaN
NaN
NaN
142.0
0.0
NaN
NaN
NaN
NaN
NaN
NaN
0.0
0.0
18.0
NaN
NaN
NaN
51.0
NaN
NaN
NaN
NaN
NaN
NaN
NaN
NaN
NaN
NaN
NaN
NaN
NaN
NaN
NaN
10.0
0.0
0.0
0.0
0.0
53.0
0.0
145.0
13.0
0.0
0.0
51.0
0.0
38.0
183.0
0.0
0.0
18.0
30.0
0.0
0.0
0.0
165.0
231.0
196.0
58.0
165.0
0.0
0.0
0.0
0.0
0.0
0.0
0.0
0.0
0.0
127.0
5.0
0.0
13.0
0.0
0.0
0.0
13.0
0.0
0.0
0.0
0.0
0.0
3.0
69.0
0.0
61.0
0.0
0.0
0.0
3.0
23.0
69.0
23.0
0.0
0.0
51.0
51.0
0.0
0.0
0.0
0.0
0.0
0.0
0.0
0.0
0.0
0.0
3.0
0.0
0.0
0.0
0.0
0.0
0.0
0.0
279.0
56.0
0.0
0.0
0.0
0.0
0.0
0.0
0.0
0.0
0.0
0.0
0.0
15.0
0.0
180.0
0.0
0.0
0.0
165.0
279.0
0.0
0.0
0.0
0.0
0.0
0.0
0.0
76.0
0.0
0.0
0.0
0.0
0.0
0.0
56.0
0.0
38.0
43.0
56.0
97.0
3.0
0.0
0.0
0.0
0.0
0.0
0.0
0.0
0.0
0.0
0.0
0.0
0.0
0.0
0.0
64.0
0.0
0.0
38.0
102.0
10.0
0.0
0.0
10.0
51.0
185.0
117.0
23.0
0.0
0.0
0.0
0.0
0.0
0.0
0.0
0.0
0.0
0.0
0.0
307.0
0.0
8.0
8.0
0.0
0.0
38.0
0.0
0.0
86.0
0.0
0.0
0.0
0.0
0.0
102.0
0.0
0.0
0.0
0.0
8.0
0.0
0.0
0.0
0.0
0.0
0.0
0.0
0.0
0.0
0.0
0.0
0.0
97.0
86.0
0.0
0.0
0.0
41.0
0.0
0.0
0.0
0.0
0.0
13.0
208.0
84.0
13.0
0.0
0.0
0.0
76.0
81.0
0.0
0.0
5.0
0.0
0.0
89.0
0.0
0.0
61.0
0.0
0.0
0.0
0.0
0.0
48.0
13.0
536.0
0.0
0.0
0.0
99.0
0.0
71.0
0.0
20.0
18.0
0.0
0.0
0.0
203.0
51.0
0.0
0.0
0.0
71.0
23.0
0.0
0.0
0.0
0.0
0.0
13.0
0.0
0.0
267.0
0.0
30.0
180.0
0.0
0.0
0.0
51.0
53.0
3.0
0.0
0.0
0.0
0.0
33.0
48.0
0.0
0.0
0.0
157.0
15.0
13.0
0.0
0.0
0.0
0.0
0.0
0.0
0.0
0.0
0.0
0.0
3.0
193.0
8.0
0.0
0.0
0.0
0.0
81.0
0.0
0.0
30.0
5.0
180.0
0.0
0.0
0.0
0.0
8.0
91.0
3.0
0.0
0.0
302.0
0.0
8.0
0.0
0.0
20.0
3.0
0.0
0.0
0.0
3.0
127.0
145.0
41.0
0.0
8.0
594.0
117.0
0.0
0.0
20.0
0.0
114.0
127.0
361.0
0.0
0.0
61.0
0.0
0.0
0.0
0.0
0.0
0.0
13.0
0.0
10.0
221.0
279.0
0.0
3.0
152.0
36.0
36.0
76.0
0.0
0.0
5.0
8.0
13.0
137.0
0.0
76.0
0.0
0.0
13.0
0.0
38.0
102.0
0.0
0.0
0.0
0.0
178.0
178.0
58.0
0.0
0.0
0.0
0.0
0.0
0.0
25.0
0.0
0.0
0.0
58.0
0.0
0.0
0.0
0.0
0.0
0.0
0.0
25.0
0.0
0.0
0.0
76.0
8.0
0.0
33.0
0.0
0.0
0.0
0.0
0.0
0.0
5.0
0.0
5.0
8.0
8.0
0.0
5.0
0.0
0.0
5.0
13.0
102.0
30.0
0.0
127.0
0.0
0.0
0.0
0.0
0.0
0.0
0.0
36.0
5.0
0.0
0.0
0.0
8.0
51.0
0.0
8.0
0.0
25.0
0.0
102.0
38.0
102.0
0.0
38.0
64.0
0.0
0.0
0.0
0.0
0.0
0.0
0.0
0.0
20.0
0.0
0.0
0.0
20.0
0.0
0.0
13.0
0.0
13.0
0.0
0.0
0.0
0.0
0.0
0.0
0.0
18.0
0.0
0.0
0.0
0.0
0.0
0.0
0.0
0.0
0.0
51.0
0.0
58.0
102.0
0.0
0.0
0.0
0.0
3.0
127.0
0.0
0.0
0.0
0.0
0.0
0.0
0.0
0.0
33.0
0.0
0.0
0.0
13.0
180.0
0.0
0.0
0.0
0.0
0.0
91.0
76.0
25.0
10.0
0.0
0.0
5.0
0.0
0.0
0.0
173.0
8.0
0.0
0.0
163.0
0.0
0.0
0.0
0.0
0.0
0.0
0.0
0.0
0.0
0.0
0.0
0.0
0.0
0.0
0.0
0.0
0.0
0.0
0.0
0.0
18.0
0.0
0.0
0.0
0.0
0.0
5.0
203.0
3.0
0.0
23.0
0.0
0.0
15.0
0.0
0.0
0.0
0.0
0.0
0.0
0.0
0.0
0.0
104.0
0.0
0.0
58.0
145.0
0.0
20.0
0.0
0.0
0.0
0.0
84.0
315.0
0.0
0.0
97.0
0.0
10.0
48.0
3.0
0.0
0.0
15.0
0.0
104.0
0.0
328.0
0.0
0.0
56.0
0.0
5.0
0.0
0.0
0.0
0.0
41.0
0.0
46.0
66.0
0.0
114.0
0.0
130.0
122.0
0.0
56.0
0.0
10.0
0.0
10.0
0.0
0.0
10.0
3.0
239.0
0.0
0.0
0.0
0.0
3.0
0.0
0.0
3.0
0.0
5.0
335.0
5.0
3.0
0.0
0.0
30.0
0.0
0.0
3.0
0.0
0.0
0.0
0.0
0.0
64.0
234.0
56.0
51.0
20.0
0.0
152.0
127.0
140.0
36.0
0.0
0.0
0.0
0.0
0.0
0.0
5.0
0.0
0.0
5.0
33.0
0.0
0.0
0.0
0.0
0.0
0.0
3.0
0.0
117.0
15.0
5.0
0.0
0.0
0.0
0.0
0.0
0.0
0.0
0.0
0.0
0.0
0.0
46.0
0.0
0.0
0.0
0.0
0.0
0.0
0.0
0.0
0.0
0.0
0.0
0.0
0.0
0.0
0.0
0.0
0.0
0.0
0.0
0.0
0.0
114.0
231.0
0.0
0.0
76.0
178.0
188.0
18.0
310.0
8.0
25.0
0.0
0.0
0.0
0.0
0.0
114.0
28.0
0.0
0.0
3.0
0.0
23.0
0.0
0.0
51.0
0.0
0.0
0.0
0.0
0.0
0.0
0.0
0.0
51.0
76.0
102.0
0.0
0.0
0.0
0.0
3.0
0.0
0.0
18.0
30.0
0.0
20.0
64.0
0.0
0.0
0.0
0.0
13.0
0.0
25.0
102.0
127.0
0.0
229.0
89.0
0.0
0.0
0.0
127.0
152.0
0.0
0.0
0.0
13.0
8.0
25.0
0.0
5.0
51.0
5.0
30.0
0.0
0.0
178.0
102.0
25.0
0.0
13.0
0.0
64.0
8.0
0.0
0.0
13.0
0.0
0.0
25.0
25.0
254.0
13.0
8.0
0.0
0.0
5.0
38.0
0.0
0.0
0.0
3.0
114.0
64.0
127.0
0.0
0.0
5.0
5.0
0.0
0.0
76.0
0.0
0.0
51.0
0.0
0.0
89.0
13.0
51.0
51.0
0.0
8.0
0.0
0.0
0.0
58.0
28.0
0.0
0.0
0.0
0.0
0.0
46.0
13.0
0.0
0.0
0.0
0.0
10.0
64.0
0.0
8.0
0.0
0.0
41.0
69.0
13.0
0.0
10.0
0.0
0.0
3.0
0.0
0.0
137.0
86.0
0.0
0.0
0.0
5.0
0.0
0.0
0.0
0.0
0.0
0.0
0.0
0.0
0.0
0.0
0.0
13.0
0.0
0.0
0.0
0.0
0.0
3.0
0.0
0.0
18.0
0.0
0.0
0.0
5.0
10.0
0.0
10.0
160.0
155.0
99.0
0.0
0.0
0.0
0.0
5.0
0.0
0.0
244.0
0.0
0.0
15.0
0.0
0.0
0.0
0.0
86.0
0.0
0.0
30.0
117.0
0.0
0.0
0.0
71.0
137.0
0.0
64.0
0.0
64.0
28.0
114.0
0.0
0.0
0.0
5.0
36.0
36.0
0.0
41.0
0.0
0.0
0.0
3.0
0.0
3.0
0.0
53.0
122.0
0.0
5.0
48.0
0.0
0.0
0.0
150.0
0.0
0.0
5.0
0.0
0.0
0.0
0.0
0.0
170.0
99.0
0.0
0.0
140.0
79.0
0.0
0.0
0.0
107.0
0.0
3.0
0.0
0.0
0.0
0.0
0.0
0.0
0.0
0.0
0.0
0.0
8.0
0.0
0.0
0.0
0.0
13.0
86.0
8.0
0.0
13.0
64.0
20.0
10.0
0.0
8.0
0.0
33.0
178.0
366.0
0.0
25.0
61.0
0.0
0.0
53.0
0.0
56.0
0.0
0.0
0.0
0.0
107.0
69.0
0.0
0.0
0.0
0.0
0.0
0.0
56.0
0.0
8.0
0.0
0.0
0.0
0.0
0.0
0.0
0.0
0.0
0.0
0.0
0.0
46.0
0.0
0.0
0.0
0.0
0.0
0.0
0.0
0.0
0.0
3.0
3.0
0.0
0.0
0.0
0.0
13.0
18.0
0.0
0.0
0.0
0.0
0.0
0.0
114.0
0.0
0.0
0.0
0.0
0.0
0.0
0.0
0.0
0.0
226.0
0.0
114.0
28.0
86.0
0.0
0.0
0.0
0.0
0.0
38.0
0.0
25.0
76.0
20.0
5.0
56.0
0.0
0.0
0.0
0.0
0.0
0.0
51.0
5.0
0.0
0.0
0.0
0.0
0.0
0.0
0.0
0.0
8.0
0.0
0.0
51.0
13.0
102.0
58.0
38.0
64.0
33.0
18.0
0.0
0.0
0.0
0.0
0.0
152.0
25.0
0.0
0.0
0.0
76.0
97.0
25.0
8.0
25.0
0.0
0.0
0.0
0.0
8.0
0.0
51.0
13.0
0.0
0.0
0.0
64.0
0.0
0.0
13.0
0.0
0.0
0.0
8.0
0.0
0.0
5.0
0.0
8.0
0.0
25.0
127.0
0.0
0.0
0.0
0.0
0.0
0.0
203.0
20.0
0.0
102.0
0.0
0.0
0.0
71.0
10.0
203.0
102.0
0.0
0.0
30.0
0.0
5.0
8.0
0.0
0.0
0.0
0.0
89.0
0.0
0.0
0.0
0.0
0.0
5.0
0.0
0.0
51.0
0.0
0.0
84.0
0.0
38.0
10.0
0.0
0.0
25.0
64.0
0.0
0.0
0.0
3.0
10.0
30.0
0.0
0.0
5.0
0.0
0.0
8.0
0.0
104.0
0.0
3.0
0.0
0.0
0.0
79.0
0.0
0.0
0.0
41.0
554.0
173.0
0.0
0.0
0.0
0.0
64.0
0.0
5.0
0.0
0.0
0.0
0.0
0.0
114.0
0.0
0.0
0.0
0.0
0.0
18.0
0.0
0.0
0.0
0.0
0.0
0.0
0.0
0.0
0.0
0.0
61.0
119.0
0.0
0.0
127.0
373.0
0.0
109.0
36.0
0.0
0.0
0.0
0.0
0.0
0.0
0.0
84.0
20.0
48.0
0.0
140.0
0.0
104.0
5.0
119.0
114.0
0.0
0.0
8.0
5.0
0.0
0.0
0.0
246.0
0.0
0.0
0.0
0.0
0.0
0.0
0.0
28.0
0.0
0.0
0.0
0.0
0.0
0.0
0.0
0.0
0.0
5.0
0.0
23.0
0.0
0.0
0.0
0.0
0.0
0.0
0.0
10.0
3.0
0.0
163.0
0.0
0.0
185.0
0.0
0.0
3.0
0.0
0.0
10.0
10.0
0.0
0.0
0.0
0.0
0.0
0.0
0.0
0.0
13.0
0.0
0.0
0.0
0.0
295.0
0.0
0.0
0.0
15.0
46.0
0.0
0.0
0.0
0.0
38.0
0.0
46.0
0.0
142.0
0.0
0.0
69.0
13.0
0.0
5.0
10.0
0.0
10.0
0.0
28.0
343.0
38.0
150.0
264.0
13.0
0.0
84.0
33.0
0.0
0.0
99.0
69.0
84.0
0.0
41.0
163.0
0.0
3.0
10.0
0.0
0.0
0.0
127.0
3.0
76.0
0.0
300.0
279.0
137.0
0.0
0.0
0.0
0.0
0.0
0.0
0.0
0.0
0.0
74.0
28.0
0.0
0.0
0.0
0.0
0.0
0.0
0.0
0.0
0.0
0.0
0.0
0.0
0.0
0.0
0.0
0.0
5.0
0.0
0.0
0.0
25.0
5.0
3.0
0.0
51.0
0.0
0.0
0.0
0.0
25.0
102.0
0.0
0.0
0.0
0.0
0.0
13.0
0.0
0.0
0.0
0.0
0.0
0.0
0.0
25.0
0.0
0.0
0.0
0.0
0.0
102.0
0.0
0.0
0.0
0.0
76.0
0.0
0.0
0.0
0.0
0.0
38.0
76.0
0.0
0.0
0.0
0.0
0.0
0.0
5.0
0.0
0.0
0.0
38.0
0.0
25.0
203.0
0.0
102.0
25.0
0.0
0.0
0.0
0.0
0.0
25.0
33.0
18.0
13.0
8.0
13.0
0.0
3.0
0.0
0.0
3.0
0.0
0.0
0.0
0.0
127.0
0.0
0.0
76.0
0.0
0.0
0.0
0.0
3.0
0.0
25.0
13.0
0.0
0.0
0.0
127.0
25.0
0.0
3.0
0.0
0.0
0.0
13.0
5.0
25.0
0.0
13.0
0.0
8.0
0.0
0.0
13.0
0.0
127.0
0.0
127.0
0.0
25.0
0.0
25.0
8.0
0.0
76.0
13.0
114.0
51.0
38.0
5.0
0.0
0.0
0.0
0.0
0.0
0.0
0.0
0.0
0.0
0.0
10.0
0.0
0.0
0.0
0.0
0.0
0.0
0.0
0.0
0.0
76.0
0.0
20.0
0.0
66.0
0.0
107.0
0.0
0.0
0.0
3.0
0.0
0.0
0.0
0.0
0.0
0.0
18.0
132.0
0.0
8.0
0.0
107.0
23.0
0.0
0.0
8.0
0.0
0.0
0.0
0.0
0.0
28.0
0.0
0.0
0.0
0.0
0.0
5.0
0.0
0.0
0.0
48.0
99.0
137.0
56.0
0.0
0.0
0.0
0.0
10.0
36.0
0.0
0.0
5.0
0.0
0.0
127.0
0.0
5.0
0.0
0.0
0.0
0.0
0.0
0.0
0.0
0.0
25.0
5.0
0.0
0.0
0.0
3.0
0.0
0.0
33.0
74.0
0.0
0.0
0.0
163.0
0.0
0.0
0.0
0.0
0.0
0.0
0.0
0.0
0.0
0.0
142.0
33.0
0.0
0.0
0.0
0.0
0.0
23.0
0.0
0.0
0.0
615.0
3.0
0.0
0.0
5.0
0.0
0.0
0.0
3.0
137.0
30.0
99.0
0.0
0.0
0.0
0.0
0.0
0.0
0.0
25.0
0.0
0.0
0.0
0.0
0.0
135.0
0.0
0.0
0.0
0.0
0.0
0.0
0.0
10.0
218.0
10.0
20.0
0.0
0.0
0.0
0.0
0.0
0.0
0.0
0.0
127.0
81.0
0.0
0.0
102.0
51.0
0.0
0.0
0.0
10.0
0.0
0.0
0.0
0.0
0.0
0.0
0.0
0.0
216.0
0.0
173.0
0.0
20.0
0.0
112.0
231.0
0.0
38.0
25.0
0.0
0.0
0.0
0.0
56.0
0.0
23.0
38.0
18.0
23.0
0.0
0.0
0.0
0.0
28.0
203.0
0.0
0.0
0.0
0.0
0.0
81.0
30.0
0.0
30.0
13.0
140.0
0.0
0.0
119.0
0.0
0.0
0.0
15.0
38.0
0.0
76.0
0.0
38.0
51.0
0.0
0.0
0.0
76.0
0.0
5.0
5.0
5.0
0.0
8.0
76.0
3.0
0.0
0.0
3.0
38.0
51.0
102.0
0.0
51.0
25.0
20.0
0.0
0.0
0.0
0.0
114.0
8.0
0.0
25.0
0.0
0.0
0.0
0.0
51.0
0.0
0.0
0.0
0.0
0.0
0.0
114.0
102.0
0.0
0.0
0.0
0.0
38.0
5.0
8.0
0.0
0.0
0.0
0.0
0.0
0.0
0.0
0.0
0.0
0.0
0.0
0.0
0.0
0.0
0.0
0.0
25.0
0.0
0.0
0.0
0.0
3.0
203.0
5.0
3.0
0.0
0.0
0.0
0.0
0.0
13.0
0.0
0.0
0.0
0.0
13.0
13.0
10.0
0.0
0.0
0.0
0.0
0.0
0.0
0.0
0.0
0.0
0.0
0.0
5.0
33.0
0.0
0.0
0.0
0.0
0.0
0.0
25.0
25.0
0.0
0.0
203.0
0.0
0.0
127.0
25.0
0.0
0.0
0.0
0.0
0.0
0.0
0.0
0.0
0.0
13.0
0.0
0.0
0.0
25.0
0.0
0.0
25.0
102.0
0.0
0.0
0.0
8.0
15.0
8.0
0.0
0.0
0.0
0.0
0.0
0.0
0.0
0.0
0.0
0.0
3.0
0.0
0.0
0.0
0.0
0.0
0.0
0.0
0.0
0.0
13.0
0.0
102.0
0.0
13.0
0.0
0.0
53.0
0.0
0.0
0.0
0.0
0.0
0.0
0.0
28.0
30.0
0.0
163.0
0.0
56.0
0.0
0.0
53.0
0.0
15.0
0.0
0.0
0.0
0.0
25.0
216.0
0.0
0.0
15.0
152.0
0.0
0.0
0.0
140.0
0.0
0.0
0.0
0.0
0.0
0.0
0.0
0.0
0.0
0.0
41.0
0.0
0.0
0.0
0.0
0.0
114.0
0.0
0.0
0.0
3.0
15.0
0.0
229.0
89.0
18.0
305.0
0.0
0.0
0.0
0.0
0.0
0.0
107.0
188.0
30.0
0.0
0.0
119.0
363.0
0.0
0.0
0.0
0.0
0.0
0.0
297.0
0.0
0.0
0.0
38.0
0.0
0.0
0.0
0.0
0.0
0.0
0.0
0.0
0.0
0.0
89.0
30.0
0.0
0.0
61.0
0.0
36.0
0.0
3.0
0.0
0.0
0.0
0.0
0.0
0.0
18.0
3.0
86.0
145.0
3.0
0.0
0.0
0.0
0.0
33.0
8.0
0.0
0.0
0.0
0.0
3.0
0.0
361.0
8.0
0.0
0.0
18.0
10.0
8.0
183.0
71.0
0.0
33.0
99.0
5.0
183.0
0.0
0.0
0.0
43.0
10.0
0.0
0.0
0.0
0.0
0.0
8.0
5.0
56.0
5.0
0.0
0.0
0.0
28.0
0.0
0.0
0.0
0.0
46.0
0.0
0.0
13.0
0.0
0.0
0.0
0.0
0.0
0.0
0.0
0.0
0.0
0.0
0.0
71.0
0.0
0.0
0.0
0.0
3.0
0.0
0.0
8.0
0.0
0.0
84.0
56.0
3.0
0.0
15.0
0.0
0.0
157.0
0.0
264.0
5.0
0.0
0.0
0.0
66.0
0.0
0.0
0.0
76.0
5.0
0.0
13.0
25.0
0.0
0.0
0.0
102.0
0.0
25.0
13.0
0.0
0.0
0.0
0.0
127.0
13.0
0.0
0.0
0.0
13.0
25.0
0.0
0.0
0.0
0.0
0.0
0.0
51.0
0.0
0.0
76.0
5.0
0.0
0.0
25.0
0.0
0.0
0.0
165.0
0.0
25.0
38.0
20.0
25.0
0.0
0.0
5.0
0.0
0.0
25.0
13.0
0.0
0.0
0.0
25.0
25.0
3.0
0.0
0.0
0.0
0.0
0.0
0.0
0.0
0.0
0.0
0.0
13.0
20.0
0.0
0.0
0.0
0.0
0.0
0.0
25.0
0.0
0.0
127.0
0.0
0.0
203.0
0.0
13.0
0.0
0.0
0.0
25.0
13.0
0.0
51.0
0.0
0.0
0.0
0.0
5.0
0.0
0.0
0.0
0.0
0.0
0.0
0.0
0.0
0.0
13.0
25.0
76.0
51.0
5.0
8.0
0.0
0.0
0.0
0.0
0.0
0.0
0.0
0.0
0.0
0.0
0.0
0.0
0.0
0.0
0.0
0.0
0.0
0.0
0.0
13.0
25.0
0.0
0.0
0.0
38.0
0.0
0.0
0.0
0.0
0.0
25.0
0.0
0.0
203.0
0.0
0.0
0.0
142.0
168.0
221.0
28.0
8.0
0.0
0.0
0.0
0.0
0.0
0.0
0.0
0.0
0.0
33.0
305.0
0.0
0.0
0.0
0.0
0.0
109.0
58.0
0.0
0.0
0.0
0.0
0.0
274.0
0.0
23.0
0.0
218.0
10.0
0.0
0.0
89.0
0.0
0.0
0.0
0.0
0.0
0.0
0.0
58.0
0.0
0.0
0.0
0.0
323.0
0.0
48.0
157.0
0.0
0.0
0.0
5.0
0.0
5.0
0.0
284.0
3.0
5.0
30.0
107.0
0.0
224.0
5.0
0.0
0.0
170.0
23.0
185.0
13.0
0.0
0.0
0.0
0.0
0.0
0.0
10.0
0.0
0.0
0.0
0.0
0.0
0.0
0.0
0.0
23.0
0.0
0.0
3.0
0.0
0.0
0.0
0.0
0.0
0.0
0.0
0.0
0.0
10.0
15.0
0.0
0.0
0.0
10.0
0.0
0.0
0.0
0.0
33.0
76.0
168.0
0.0
0.0
0.0
8.0
0.0
0.0
0.0
277.0
0.0
0.0
3.0
5.0
0.0
10.0
0.0
0.0
18.0
76.0
221.0
0.0
0.0
0.0
0.0
0.0
0.0
20.0
211.0
0.0
0.0
28.0
43.0
3.0
0.0
0.0
178.0
0.0
13.0
89.0
56.0
38.0
0.0
0.0
0.0
0.0
0.0
15.0
0.0
0.0
0.0
0.0
0.0
0.0
0.0
25.0
0.0
0.0
0.0
0.0
0.0
0.0
69.0
310.0
0.0
0.0
0.0
0.0
13.0
122.0
23.0
10.0
0.0
0.0
0.0
0.0
0.0
51.0
0.0
0.0
0.0
0.0
0.0
0.0
0.0
211.0
239.0
0.0
0.0
0.0
0.0
36.0
340.0
13.0
25.0
30.0
239.0
51.0
0.0
0.0
0.0
64.0
3.0
13.0
30.0
0.0
0.0
51.0
8.0
13.0
13.0
0.0
8.0
0.0
0.0
0.0
0.0
165.0
0.0
0.0
13.0
51.0
25.0
76.0
13.0
0.0
381.0
64.0
71.0
0.0
0.0
0.0
203.0
0.0
0.0
178.0
0.0
5.0
0.0
0.0
0.0
0.0
0.0
5.0
8.0
64.0
0.0
0.0
0.0
0.0
0.0
0.0
0.0
0.0
0.0
0.0
0.0
0.0
51.0
13.0
0.0
0.0
0.0
0.0
76.0
25.0
64.0
30.0
33.0
38.0
0.0
0.0
0.0
0.0
0.0
0.0
38.0
0.0
0.0
0.0
0.0
0.0
0.0
0.0
0.0
0.0
0.0
10.0
0.0
0.0
0.0
0.0
0.0
0.0
38.0
0.0
0.0
0.0
0.0
41.0
8.0
0.0
5.0
20.0
0.0
0.0
0.0
0.0
0.0
0.0
0.0
8.0
0.0
5.0
8.0
0.0
8.0
0.0
0.0
0.0
0.0
0.0
0.0
0.0
0.0
0.0
0.0
0.0
0.0
0.0
0.0
0.0
0.0
0.0
0.0
0.0
0.0
0.0
0.0
0.0
0.0
0.0
0.0
0.0
0.0
0.0
0.0
0.0
15.0
0.0
0.0
66.0
18.0
183.0
0.0
0.0
0.0
51.0
0.0
30.0
0.0
114.0
0.0
0.0
0.0
0.0
0.0
15.0
0.0
0.0
0.0
0.0
0.0
0.0
0.0
0.0
5.0
71.0
3.0
0.0
36.0
0.0
0.0
122.0
5.0
51.0
0.0
0.0
0.0
46.0
23.0
0.0
0.0
0.0
38.0
0.0
0.0
104.0
0.0
0.0
10.0
8.0
28.0
0.0
0.0
0.0
0.0
0.0
0.0
8.0
15.0
0.0
0.0
0.0
10.0
361.0
33.0
0.0
0.0
0.0
0.0
429.0
0.0
0.0
363.0
91.0
0.0
5.0
0.0
66.0
0.0
0.0
0.0
0.0
0.0
76.0
0.0
0.0
86.0
0.0
0.0
0.0
0.0
0.0
0.0
152.0
0.0
20.0
20.0
10.0
0.0
0.0
0.0
0.0
0.0
0.0
0.0
23.0
33.0
0.0
0.0
0.0
0.0
56.0
3.0
46.0
0.0
8.0
0.0
0.0
15.0
0.0
0.0
0.0
0.0
178.0
0.0
0.0
20.0
0.0
140.0
86.0
13.0
0.0
0.0
33.0
0.0
269.0
51.0
69.0
102.0
0.0
0.0
3.0
0.0
0.0
13.0
0.0
0.0
0.0
0.0
0.0
0.0
97.0
0.0
0.0
97.0
0.0
25.0
0.0
0.0
97.0
175.0
91.0
13.0
0.0
0.0
0.0
0.0
150.0
0.0
130.0
33.0
0.0
15.0
0.0
3.0
5.0
0.0
0.0
0.0
0.0
0.0
0.0
175.0
30.0
46.0
0.0
0.0
0.0
0.0
0.0
0.0
0.0
0.0
0.0
0.0
0.0
64.0
0.0
0.0
305.0
3.0
0.0
0.0
0.0
8.0
0.0
0.0
0.0
216.0
15.0
0.0
43.0
0.0
51.0
0.0
0.0
46.0
5.0
0.0
0.0
0.0
152.0
0.0
165.0
64.0
38.0
0.0
0.0
8.0
0.0
0.0
0.0
0.0
0.0
5.0
46.0
71.0
152.0
38.0
46.0
0.0
18.0
5.0
0.0
0.0
0.0
0.0
0.0
76.0
0.0
0.0
0.0
0.0
0.0
8.0
3.0
0.0
8.0
0.0
0.0
0.0
0.0
0.0
0.0
18.0
0.0
5.0
0.0
0.0
8.0
20.0
5.0
0.0
76.0
0.0
0.0
20.0
0.0
0.0
0.0
0.0
3.0
0.0
0.0
0.0
18.0
76.0
0.0
0.0
0.0
5.0
25.0
38.0
0.0
0.0
0.0
0.0
13.0
64.0
0.0
0.0
0.0
0.0
0.0
0.0
0.0
0.0
0.0
0.0
25.0
25.0
0.0
0.0
102.0
25.0
0.0
127.0
178.0
0.0
0.0
0.0
0.0
0.0
0.0
0.0
51.0
140.0
0.0
0.0
0.0
0.0
0.0
0.0
0.0
0.0
8.0
0.0
0.0
0.0
0.0
0.0
0.0
3.0
0.0
0.0
0.0
0.0
0.0
0.0
10.0
0.0
0.0
0.0
0.0
0.0
0.0
0.0
0.0
0.0
175.0
0.0
0.0
0.0
0.0
0.0
10.0
0.0
38.0
3.0
0.0
292.0
0.0
0.0
8.0
0.0
28.0
0.0
18.0
122.0
0.0
0.0
0.0
51.0
38.0
0.0
0.0
0.0
0.0
8.0
3.0
0.0
0.0
109.0
262.0
0.0
0.0
0.0
0.0
0.0
8.0
0.0
0.0
3.0
86.0
0.0
0.0
0.0
0.0
20.0
0.0
0.0
0.0
0.0
0.0
234.0
0.0
0.0
0.0
0.0
0.0
0.0
0.0
0.0
0.0
0.0
0.0
0.0
0.0
15.0
76.0
124.0
0.0
0.0
36.0
399.0
0.0
0.0
0.0
8.0
0.0
0.0
18.0
20.0
0.0
0.0
0.0
0.0
0.0
0.0
0.0
0.0
5.0
0.0
0.0
0.0
0.0
147.0
3.0
0.0
0.0
0.0
0.0
0.0
0.0
0.0
0.0
0.0
23.0
0.0
0.0
0.0
5.0
140.0
0.0
0.0
0.0
0.0
0.0
10.0
74.0
5.0
71.0
0.0
0.0
188.0
48.0
84.0
234.0
0.0
3.0
406.0
15.0
3.0
0.0
30.0
0.0
0.0
15.0
157.0
0.0
0.0
124.0
53.0
0.0
173.0
0.0
0.0
0.0
0.0
104.0
0.0
0.0
0.0
0.0
18.0
229.0
0.0
404.0
0.0
0.0
25.0
102.0
23.0
8.0
0.0
0.0
0.0
102.0
23.0
0.0
0.0
0.0
0.0
13.0
48.0
142.0
13.0
5.0
0.0
28.0
20.0
102.0
23.0
0.0
0.0
0.0
0.0
84.0
259.0
671.0
8.0
0.0
0.0
0.0
0.0
15.0
23.0
23.0
18.0
0.0
30.0
142.0
0.0
25.0
25.0
0.0
8.0
0.0
0.0
51.0
0.0
0.0
18.0
0.0
51.0
0.0
51.0
25.0
0.0
5.0
51.0
0.0
0.0
0.0
25.0
0.0
0.0
25.0
0.0
0.0
0.0
25.0
127.0
0.0
38.0
13.0
0.0
0.0
0.0
0.0
8.0
13.0
0.0
8.0
13.0
5.0
46.0
0.0
0.0
0.0
38.0
25.0
89.0
13.0
0.0
13.0
0.0
0.0
0.0
38.0
3.0
3.0
38.0
165.0
122.0
0.0
51.0
20.0
0.0
64.0
13.0
0.0
0.0
0.0
0.0
0.0
0.0
0.0
20.0
0.0
20.0
13.0
76.0
18.0
0.0
5.0
0.0
0.0
0.0
0.0
0.0
0.0
0.0
0.0
25.0
0.0
102.0
0.0
152.0
25.0
0.0
0.0
0.0
13.0
33.0
38.0
25.0
0.0
0.0
0.0
0.0
0.0
0.0
13.0
0.0
0.0
0.0
0.0
0.0
0.0
0.0
0.0
0.0
0.0
0.0
0.0
0.0
0.0
0.0
0.0
0.0
0.0
0.0
13.0
13.0
0.0
0.0
0.0
130.0
0.0
30.0
0.0
25.0
8.0
0.0
0.0
64.0
38.0
0.0
0.0
46.0
8.0
8.0
0.0
0.0
0.0
0.0
0.0
0.0
152.0
0.0
328.0
0.0
150.0
206.0
18.0
0.0
0.0
46.0
48.0
89.0
58.0
137.0
5.0
15.0
0.0
3.0
3.0
274.0
0.0
28.0
127.0
0.0
30.0
417.0
10.0
112.0
127.0
114.0
0.0
0.0
8.0
0.0
0.0
0.0
3.0
0.0
0.0
0.0
53.0
8.0
0.0
0.0
0.0
0.0
0.0
0.0
0.0
173.0
0.0
28.0
86.0
58.0
0.0
0.0
0.0
0.0
0.0
0.0
41.0
8.0
0.0
0.0
203.0
3.0
206.0
0.0
15.0
5.0
0.0
0.0
74.0
180.0
269.0
3.0
0.0
13.0
345.0
0.0
0.0
0.0
152.0
0.0
0.0
0.0
0.0
5.0
20.0
0.0
0.0
0.0
0.0
0.0
0.0
5.0
175.0
0.0
0.0
10.0
0.0
56.0
0.0
0.0
0.0
160.0
338.0
13.0
0.0
157.0
0.0
0.0
13.0
0.0
0.0
0.0
0.0
25.0
193.0
0.0
0.0
3.0
15.0
0.0
53.0
0.0
0.0
0.0
0.0
0.0
0.0
0.0
0.0
0.0
0.0
0.0
0.0
0.0
13.0
343.0
0.0
0.0
185.0
0.0
0.0
241.0
0.0
0.0
0.0
0.0
218.0
0.0
0.0
8.0
0.0
8.0
3.0
0.0
76.0
160.0
0.0
0.0
0.0
0.0
18.0
0.0
89.0
10.0
0.0
0.0
3.0
25.0
0.0
239.0
18.0
3.0
0.0
43.0
0.0
0.0
0.0
0.0
0.0
0.0
25.0
104.0
53.0
0.0
3.0
8.0
0.0
0.0
0.0
0.0
97.0
3.0
0.0
3.0
15.0
3.0
0.0
0.0
0.0
234.0
89.0
10.0
10.0
18.0
0.0
0.0
0.0
97.0
3.0
25.0
76.0
0.0
0.0
25.0
241.0
33.0
0.0
0.0
0.0
0.0
0.0
0.0
0.0
0.0
0.0
0.0
0.0
114.0
20.0
0.0
0.0
0.0
0.0
89.0
0.0
0.0
0.0
0.0
127.0
0.0
0.0
0.0
25.0
0.0
0.0
0.0
0.0
13.0
0.0
0.0
0.0
0.0
3.0
13.0
25.0
0.0
0.0
20.0
51.0
25.0
0.0
3.0
38.0
25.0
5.0
10.0
0.0
0.0
0.0
0.0
0.0
0.0
0.0
0.0
0.0
0.0
0.0
0.0
0.0
0.0
0.0
8.0
0.0
0.0
0.0
0.0
13.0
0.0
0.0
0.0
0.0
0.0
0.0
0.0
0.0
0.0
0.0
0.0
0.0
0.0
0.0
0.0
0.0
0.0
0.0
0.0
0.0
38.0
0.0
76.0
0.0
0.0
NaN
0.0
0.0
NaN
NaN
0.0
NaN
0.0
5.0
10.0
0.0
38.0
0.0
43.0
0.0
0.0
0.0
0.0
0.0
0.0
3.0
5.0
8.0
0.0
0.0
0.0
0.0
0.0
0.0
25.0
0.0
0.0
36.0
0.0
NaN
3.0
0.0
0.0
0.0
3.0
0.0
0.0
0.0
0.0
0.0
0.0
0.0
0.0
0.0
0.0
0.0
0.0
0.0
8.0
114.0
0.0
0.0
0.0
53.0
0.0
0.0
0.0
51.0
0.0
10.0
0.0
0.0
10.0
81.0
25.0
20.0
0.0
0.0
0.0
15.0
0.0
114.0
0.0
0.0
0.0
0.0
102.0
36.0
48.0
0.0
0.0
0.0
0.0
0.0
0.0
0.0
0.0
0.0
0.0
0.0
0.0
3.0
0.0
0.0
13.0
130.0
0.0
0.0
0.0
0.0
0.0
0.0
0.0
0.0
0.0
0.0
43.0
48.0
0.0
0.0
0.0
0.0
0.0
0.0
0.0
0.0
683.0
254.0
25.0
0.0
0.0
180.0
30.0
10.0
0.0
10.0
0.0
0.0
0.0
0.0
41.0
0.0
0.0
0.0
0.0
0.0
0.0
18.0
10.0
43.0
135.0
3.0
0.0
0.0
3.0
0.0
185.0
58.0
30.0
0.0
0.0
5.0
30.0
5.0
0.0
0.0
0.0
0.0
0.0
0.0
5.0
0.0
0.0
0.0
0.0
102.0
0.0
0.0
0.0
43.0
0.0
0.0
0.0
0.0
41.0
0.0
0.0
0.0
102.0
0.0
0.0
58.0
0.0
0.0
0.0
175.0
0.0
89.0
3.0
0.0
0.0
0.0
10.0
0.0
0.0
0.0
30.0
5.0
191.0
582.0
94.0
0.0
0.0
0.0
0.0
0.0
0.0
13.0
51.0
28.0
3.0
0.0
0.0
53.0
3.0
99.0
424.0
0.0
0.0
3.0
0.0
0.0
3.0
0.0
0.0
48.0
0.0
58.0
0.0
145.0
0.0
0.0
0.0
0.0
0.0
8.0
0.0
0.0
0.0
53.0
0.0
46.0
0.0
8.0
33.0
51.0
0.0
38.0
10.0
279.0
69.0
0.0
0.0
0.0
64.0
0.0
0.0
0.0
0.0
89.0
0.0
0.0
0.0
132.0
0.0
0.0
0.0
0.0
142.0
0.0
0.0
0.0
0.0
0.0
0.0
0.0
0.0
0.0
0.0
0.0
NaN
NaN
0.0
46.0
25.0
25.0
13.0
13.0
76.0
81.0
56.0
38.0
0.0
0.0
43.0
8.0
3.0
0.0
0.0
0.0
0.0
0.0
13.0
0.0
0.0
0.0
0.0
0.0
20.0
64.0
0.0
5.0
43.0
0.0
203.0
0.0
15.0
5.0
5.0
89.0
13.0
0.0
46.0
0.0
0.0
0.0
0.0
0.0
25.0
89.0
25.0
0.0
13.0
0.0
20.0
0.0
0.0
38.0
0.0
0.0
0.0
38.0
0.0
0.0
0.0
0.0
0.0
0.0
0.0
0.0
109.0
0.0
165.0
0.0
8.0
33.0
0.0
13.0
0.0
0.0
51.0
33.0
0.0
5.0
160.0
20.0
25.0
0.0
0.0
0.0
0.0
0.0
0.0
0.0
0.0
0.0
0.0
0.0
33.0
51.0
0.0
0.0
0.0
0.0
0.0
0.0
28.0
0.0
0.0
0.0
0.0
0.0
0.0
0.0
0.0
0.0
0.0
0.0
0.0
0.0
0.0
0.0
0.0
0.0
0.0
0.0
8.0
25.0
0.0
0.0
0.0
0.0
0.0
0.0
0.0
0.0
10.0
0.0
0.0
15.0
137.0
0.0
0.0
0.0
0.0
99.0
0.0
10.0
0.0
86.0
348.0
48.0
0.0
30.0
0.0
0.0
30.0
0.0
0.0
0.0
0.0
358.0
41.0
0.0
0.0
0.0
0.0
86.0
0.0
0.0
0.0
119.0
18.0
0.0
0.0
0.0
0.0
61.0
33.0
0.0
0.0
0.0
0.0
122.0
8.0
0.0
0.0
0.0
23.0
3.0
0.0
0.0
0.0
0.0
0.0
0.0
41.0
163.0
0.0
0.0
0.0
0.0
43.0
0.0
0.0
0.0
0.0
0.0
0.0
0.0
0.0
0.0
0.0
0.0
0.0
0.0
0.0
74.0
0.0
36.0
0.0
0.0
0.0
0.0
0.0
0.0
0.0
0.0
10.0
69.0
86.0
0.0
0.0
13.0
3.0
0.0
0.0
0.0
0.0
10.0
0.0
0.0
0.0
25.0
76.0
0.0
0.0
0.0
0.0
0.0
0.0
0.0
518.0
152.0
0.0
20.0
0.0
0.0
30.0
8.0
0.0
0.0
0.0
0.0
221.0
150.0
0.0
0.0
0.0
20.0
0.0
0.0
0.0
0.0
99.0
86.0
0.0
0.0
0.0
33.0
173.0
147.0
0.0
0.0
10.0
0.0
0.0
165.0
8.0
66.0
0.0
0.0
79.0
0.0
0.0
229.0
0.0
0.0
0.0
0.0
3.0
0.0
0.0
0.0
132.0
5.0
46.0
3.0
3.0
0.0
3.0
13.0
43.0
0.0
10.0
43.0
51.0
74.0
3.0
0.0
0.0
0.0
33.0
0.0
0.0
51.0
84.0
0.0
3.0
0.0
69.0
13.0
0.0
3.0
0.0
3.0
20.0
0.0
0.0
0.0
0.0
0.0
0.0
0.0
0.0
0.0
0.0
0.0
0.0
0.0
0.0
0.0
0.0
0.0
0.0
41.0
0.0
0.0
0.0
0.0
0.0
0.0
0.0
0.0
0.0
0.0
104.0
13.0
33.0
38.0
8.0
0.0
13.0
23.0
10.0
0.0
25.0
8.0
38.0
0.0
46.0
0.0
0.0
0.0
76.0
0.0
25.0
102.0
0.0
18.0
8.0
0.0
0.0
0.0
0.0
8.0
8.0
0.0
0.0
8.0
0.0
20.0
13.0
0.0
0.0
140.0
10.0
0.0
0.0
0.0
76.0
0.0
33.0
20.0
13.0
0.0
0.0
13.0
0.0
0.0
0.0
13.0
18.0
0.0
0.0
203.0
NaN
NaN
0.0
0.0
0.0
0.0
0.0
0.0
0.0
0.0
0.0
13.0
0.0
0.0
25.0
13.0
36.0
97.0
0.0
0.0
0.0
0.0
0.0
0.0
0.0
0.0
0.0
0.0
0.0
0.0
0.0
51.0
38.0
0.0
51.0
20.0
0.0
5.0
0.0
0.0
0.0
0.0
53.0
20.0
0.0
132.0
8.0
0.0
0.0
0.0
89.0
196.0
0.0
0.0
0.0
119.0
0.0
0.0
10.0
130.0
10.0
5.0
0.0
0.0
0.0
0.0
0.0
0.0
0.0
0.0
0.0
0.0
0.0
53.0
0.0
76.0
3.0
0.0
5.0
0.0
0.0
0.0
3.0
0.0
0.0
0.0
109.0
0.0
0.0
0.0
0.0
0.0
0.0
0.0
107.0
76.0
0.0
3.0
0.0
0.0
91.0
0.0
0.0
0.0
0.0
41.0
8.0
0.0
145.0
13.0
0.0
0.0
0.0
0.0
0.0
66.0
15.0
0.0
0.0
0.0
102.0
0.0
0.0
3.0
66.0
0.0
0.0
20.0
91.0
13.0
10.0
8.0
0.0
0.0
0.0
0.0
10.0
53.0
0.0
0.0
0.0
0.0
0.0
0.0
0.0
0.0
0.0
0.0
0.0
0.0
0.0
0.0
0.0
0.0
0.0
0.0
0.0
0.0
0.0
0.0
0.0
28.0
287.0
0.0
0.0
61.0
0.0
124.0
0.0
102.0
3.0
0.0
0.0
0.0
0.0
0.0
0.0
0.0
0.0
168.0
0.0
3.0
51.0
0.0
0.0
33.0
0.0
0.0
0.0
0.0
0.0
358.0
66.0
8.0
0.0
284.0
0.0
0.0
20.0
0.0
0.0
89.0
0.0
0.0
0.0
0.0
0.0
43.0
30.0
0.0
0.0
0.0
175.0
0.0
0.0
0.0
41.0
0.0
0.0
3.0
5.0
351.0
0.0
0.0
0.0
0.0
0.0
30.0
46.0
0.0
15.0
10.0
0.0
0.0
0.0
3.0
0.0
0.0
0.0
3.0
0.0
0.0
0.0
0.0
0.0
0.0
0.0
0.0
0.0
0.0
3.0
0.0
0.0
0.0
0.0
0.0
0.0
0.0
5.0
20.0
0.0
0.0
25.0
0.0
0.0
48.0
28.0
0.0
0.0
0.0
25.0
18.0
0.0
0.0
0.0
0.0
0.0
0.0
0.0
0.0
53.0
25.0
10.0
23.0
0.0
0.0
0.0
0.0
41.0
0.0
0.0
28.0
0.0
559.0
0.0
0.0
0.0
0.0
0.0
10.0
0.0
0.0
0.0
0.0
0.0
8.0
13.0
0.0
0.0
66.0
13.0
0.0
13.0
25.0
279.0
0.0
0.0
0.0
13.0
13.0
5.0
0.0
0.0
0.0
89.0
0.0
41.0
0.0
23.0
0.0
0.0
8.0
13.0
13.0
0.0
0.0
3.0
53.0
76.0
13.0
84.0
89.0
0.0
0.0
0.0
0.0
0.0
0.0
13.0
76.0
0.0
8.0
30.0
0.0
0.0
0.0
114.0
38.0
102.0
8.0
0.0
25.0
0.0
3.0
13.0
0.0
0.0
0.0
0.0
15.0
10.0
0.0
0.0
0.0
0.0
NaN
0.0
0.0
0.0
0.0
0.0
0.0
0.0
0.0
0.0
51.0
0.0
127.0
25.0
0.0
5.0
0.0
0.0
0.0
0.0
0.0
127.0
NaN
127.0
0.0
25.0
0.0
0.0
13.0
0.0
8.0
51.0
0.0
102.0
0.0
0.0
0.0
0.0
0.0
0.0
0.0
0.0
152.0
51.0
0.0
51.0
25.0
0.0
0.0
0.0
0.0
0.0
0.0
46.0
38.0
81.0
38.0
0.0
0.0
5.0
8.0
99.0
3.0
0.0
0.0
5.0
0.0
0.0
0.0
145.0
8.0
0.0
0.0
0.0
0.0
114.0
74.0
66.0
25.0
5.0
0.0
0.0
8.0
15.0
0.0
0.0
206.0
0.0
0.0
0.0
0.0
0.0
0.0
155.0
0.0
0.0
28.0
0.0
0.0
0.0
15.0
61.0
8.0
0.0
43.0
0.0
0.0
0.0
0.0
0.0
0.0
0.0
43.0
0.0
0.0
18.0
5.0
0.0
196.0
0.0
0.0
0.0
0.0
0.0
43.0
0.0
15.0
104.0
0.0
46.0
18.0
43.0
13.0
0.0
119.0
0.0
0.0
0.0
0.0
0.0
3.0
3.0
3.0
0.0
0.0
0.0
0.0
0.0
0.0
18.0
0.0
53.0
38.0
41.0
0.0
0.0
0.0
0.0
0.0
36.0
0.0
0.0
0.0
0.0
0.0
0.0
0.0
91.0
0.0
48.0
5.0
119.0
363.0
8.0
0.0
0.0
28.0
0.0
0.0
0.0
0.0
84.0
0.0
0.0
5.0
15.0
56.0
0.0
0.0
0.0
0.0
33.0
81.0
28.0
157.0
25.0
0.0
0.0
117.0
0.0
0.0
0.0
0.0
0.0
117.0
3.0
0.0
0.0
191.0
25.0
5.0
124.0
0.0
0.0
0.0
28.0
0.0
3.0
0.0
0.0
0.0
122.0
163.0
0.0
147.0
5.0
41.0
297.0
13.0
0.0
0.0
0.0
0.0
36.0
0.0
0.0
13.0
0.0
269.0
353.0
18.0
0.0
3.0
0.0
0.0
0.0
0.0
0.0
0.0
0.0
3.0
15.0
48.0
0.0
0.0
0.0
0.0
0.0
3.0
0.0
0.0
0.0
0.0
0.0
0.0
25.0
53.0
0.0
0.0
0.0
0.0
117.0
10.0
86.0
102.0
0.0
25.0
51.0
0.0
0.0
0.0
51.0
0.0
13.0
25.0
0.0
0.0
0.0
0.0
343.0
213.0
0.0
0.0
13.0
0.0
0.0
0.0
0.0
127.0
0.0
0.0
0.0
109.0
104.0
51.0
64.0
13.0
25.0
76.0
0.0
0.0
51.0
0.0
38.0
140.0
165.0
0.0
51.0
25.0
0.0
23.0
38.0
13.0
0.0
114.0
140.0
0.0
0.0
0.0
0.0
0.0
97.0
0.0
0.0
64.0
0.0
0.0
0.0
0.0
0.0
51.0
3.0
64.0
0.0
0.0
0.0
25.0
51.0
25.0
51.0
64.0
0.0
0.0
33.0
15.0
0.0
0.0
0.0
51.0
38.0
0.0
0.0
0.0
25.0
51.0
38.0
127.0
0.0
5.0
5.0
0.0
76.0
10.0
0.0
76.0
8.0
0.0
0.0
0.0
25.0
25.0
0.0
0.0
0.0
0.0
0.0
0.0
0.0
0.0
0.0
0.0
0.0
0.0
0.0
0.0
0.0
0.0
64.0
0.0
89.0
76.0
0.0
0.0
25.0
76.0
0.0
0.0
0.0
0.0
13.0
25.0
0.0
0.0
5.0
0.0
0.0
0.0
0.0
0.0
41.0
23.0
0.0
0.0
10.0
79.0
38.0
0.0
13.0
112.0
0.0
0.0
0.0
0.0
0.0
0.0
33.0
0.0
0.0
0.0
0.0
0.0
0.0
0.0
0.0
0.0
0.0
69.0
0.0
0.0
114.0
38.0
20.0
135.0
0.0
0.0
0.0
0.0
0.0
180.0
NaN
0.0
0.0
0.0
0.0
79.0
0.0
0.0
0.0
0.0
25.0
18.0
28.0
0.0
18.0
0.0
0.0
0.0
0.0
0.0
99.0
18.0
0.0
20.0
107.0
0.0
0.0
0.0
0.0
0.0
0.0
0.0
53.0
0.0
0.0
241.0
0.0
43.0
191.0
0.0
0.0
0.0
66.0
0.0
0.0
0.0
0.0
119.0
0.0
160.0
0.0
5.0
23.0
175.0
28.0
0.0
0.0
0.0
10.0
0.0
216.0
33.0
0.0
8.0
0.0
0.0
107.0
0.0
0.0
0.0
0.0
0.0
0.0
0.0
0.0
0.0
13.0
211.0
0.0
0.0
0.0
5.0
84.0
188.0
48.0
180.0
0.0
58.0
312.0
0.0
0.0
0.0
3.0
58.0
0.0
0.0
84.0
97.0
8.0
0.0
0.0
0.0
0.0
170.0
0.0
0.0
13.0
53.0
3.0
0.0
0.0
236.0
43.0
5.0
76.0
0.0
185.0
0.0
0.0
0.0
10.0
170.0
0.0
3.0
76.0
81.0
803.0
180.0
76.0
132.0
0.0
0.0
15.0
0.0
3.0
64.0
5.0
224.0
3.0
8.0
0.0
0.0
0.0
0.0
249.0
0.0
5.0
8.0
20.0
5.0
0.0
104.0
0.0
0.0
86.0
0.0
10.0
234.0
0.0
3.0
3.0
3.0
3.0
0.0
0.0
0.0
10.0
109.0
15.0
5.0
0.0
0.0
0.0
0.0
0.0
76.0
18.0
0.0
0.0
0.0
254.0
58.0
3.0
102.0
170.0
0.0
0.0
25.0
0.0
0.0
30.0
36.0
81.0
0.0
117.0
64.0
0.0
0.0
0.0
0.0
0.0
20.0
13.0
25.0
0.0
38.0
0.0
0.0
0.0
0.0
25.0
3.0
0.0
0.0
0.0
0.0
25.0
0.0
13.0
0.0
0.0
127.0
0.0
0.0
13.0
13.0
0.0
5.0
112.0
5.0
8.0
51.0
0.0
0.0
0.0
5.0
0.0
38.0
25.0
25.0
0.0
127.0
25.0
0.0
0.0
0.0
0.0
0.0
0.0
0.0
38.0
38.0
13.0
0.0
0.0
81.0
8.0
0.0
0.0
0.0
0.0
51.0
0.0
0.0
0.0
0.0
0.0
0.0
25.0
150.0
23.0
0.0
0.0
0.0
0.0
0.0
127.0
51.0
0.0
0.0
0.0
0.0
0.0
0.0
30.0
0.0
0.0
0.0
0.0
13.0
0.0
0.0
107.0
5.0
0.0
0.0
8.0
0.0
0.0
38.0
10.0
0.0
0.0
0.0
0.0
0.0
69.0
23.0
0.0
0.0
41.0
307.0
0.0
0.0
0.0
0.0
0.0
15.0
0.0
13.0
0.0
0.0
0.0
0.0
25.0
8.0
8.0
5.0
0.0
0.0
0.0
0.0
0.0
0.0
0.0
0.0
0.0
0.0
203.0
300.0
0.0
0.0
5.0
0.0
0.0
0.0
8.0
48.0
28.0
0.0
0.0
25.0
53.0
0.0
3.0
0.0
0.0
0.0
0.0
0.0
0.0
0.0
0.0
0.0
30.0
102.0
5.0
122.0
0.0
0.0
0.0
0.0
18.0
30.0
0.0
53.0
30.0
18.0
0.0
0.0
0.0
0.0
0.0
127.0
8.0
41.0
76.0
0.0
0.0
0.0
0.0
0.0
NaN
0.0
48.0
NaN
NaN
0.0
0.0
117.0
0.0
0.0
0.0
0.0
0.0
0.0
0.0
0.0
0.0
0.0
0.0
0.0
0.0
8.0
0.0
0.0
0.0
0.0
0.0
94.0
0.0
0.0
0.0
0.0
0.0
0.0
0.0
269.0
102.0
0.0
0.0
0.0
25.0
114.0
165.0
36.0
3.0
48.0
3.0
0.0
0.0
0.0
122.0
0.0
0.0
0.0
28.0
86.0
20.0
15.0
0.0
0.0
28.0
0.0
0.0
10.0
41.0
51.0
0.0
0.0
0.0
8.0
86.0
13.0
43.0
13.0
5.0
0.0
0.0
0.0
20.0
0.0
0.0
0.0
0.0
119.0
36.0
53.0
0.0
0.0
0.0
0.0
0.0
3.0
3.0
10.0
15.0
0.0
0.0
0.0
0.0
0.0
0.0
53.0
10.0
0.0
0.0
0.0
0.0
5.0
170.0
163.0
0.0
0.0
76.0
155.0
13.0
0.0
0.0
0.0
20.0
66.0
69.0
41.0
0.0
5.0
140.0
211.0
0.0
0.0
15.0
94.0
0.0
0.0
0.0
0.0
0.0
0.0
0.0
0.0
0.0
0.0
13.0
28.0
0.0
51.0
64.0
0.0
0.0
13.0
61.0
0.0
191.0
0.0
0.0
0.0
0.0
0.0
102.0
0.0
0.0
0.0
0.0
0.0
0.0
165.0
119.0
76.0
41.0
0.0
231.0
0.0
76.0
0.0
0.0
0.0
0.0
76.0
0.0
183.0
0.0
0.0
0.0
0.0
0.0
0.0
0.0
0.0
0.0
51.0
25.0
0.0
25.0
0.0
0.0
0.0
8.0
0.0
0.0
0.0
0.0
330.0
0.0
8.0
38.0
0.0
56.0
13.0
0.0
0.0
127.0
25.0
0.0
102.0
0.0
89.0
0.0
0.0
25.0
10.0
254.0
0.0
25.0
0.0
46.0
0.0
20.0
0.0
373.0
5.0
0.0
38.0
0.0
0.0
0.0
13.0
13.0
0.0
114.0
0.0
0.0
0.0
0.0
33.0
0.0
51.0
0.0
0.0
51.0
0.0
76.0
0.0
0.0
0.0
46.0
25.0
152.0
0.0
0.0
0.0
0.0
0.0
51.0
0.0
13.0
0.0
0.0
0.0
0.0
0.0
0.0
0.0
0.0
0.0
0.0
0.0
0.0
0.0
0.0
51.0
0.0
0.0
0.0
25.0
25.0
0.0
0.0
51.0
20.0
206.0
0.0
0.0
0.0
0.0
46.0
0.0
107.0
0.0
0.0
0.0
0.0
0.0
76.0
61.0
0.0
0.0
0.0
53.0
86.0
25.0
13.0
254.0
0.0
0.0
0.0
51.0
84.0
0.0
0.0
0.0
0.0
0.0
0.0
8.0
399.0
315.0
0.0
0.0
0.0
0.0
0.0
0.0
0.0
0.0
33.0
30.0
0.0
0.0
0.0
0.0
0.0
15.0
178.0
3.0
0.0
0.0
0.0
15.0
0.0
0.0
0.0
0.0
0.0
0.0
0.0
0.0
0.0
0.0
0.0
0.0
0.0
135.0
18.0
175.0
0.0
150.0
102.0
56.0
15.0
0.0
8.0
25.0
0.0
0.0
0.0
89.0
0.0
0.0
0.0
28.0
28.0
0.0
0.0
0.0
0.0
33.0
0.0
0.0
18.0
0.0
0.0
0.0
0.0
5.0
15.0
0.0
0.0
0.0
8.0
0.0
0.0
0.0
272.0
13.0
0.0
0.0
0.0
3.0
20.0
10.0
0.0
0.0
0.0
0.0
0.0
0.0
0.0
127.0
196.0
30.0
0.0
0.0
114.0
310.0
5.0
25.0
0.0
0.0
0.0
0.0
0.0
0.0
0.0
3.0
0.0
0.0
58.0
0.0
0.0
0.0
0.0
0.0
58.0
0.0
0.0
15.0
0.0
0.0
0.0
0.0
0.0
0.0
0.0
0.0
0.0
109.0
0.0
0.0
0.0
0.0
0.0
0.0
0.0
0.0
0.0
0.0
0.0
188.0
0.0
0.0
79.0
0.0
3.0
58.0
0.0
51.0
25.0
0.0
0.0
0.0
0.0
0.0
0.0
0.0
38.0
262.0
36.0
13.0
0.0
0.0
142.0
10.0
193.0
3.0
61.0
5.0
0.0
71.0
3.0
0.0
0.0
8.0
30.0
3.0
3.0
0.0
0.0
208.0
18.0
229.0
8.0
20.0
0.0
13.0
33.0
0.0
5.0
0.0
206.0
41.0
43.0
0.0
0.0
0.0
23.0
0.0
0.0
0.0
0.0
51.0
13.0
0.0
0.0
0.0
178.0
0.0
13.0
0.0
0.0
0.0
13.0
0.0
0.0
0.0
25.0
66.0
0.0
0.0
51.0
152.0
43.0
0.0
0.0
0.0
0.0
0.0
25.0
0.0
46.0
157.0
0.0
0.0
56.0
0.0
0.0
0.0
0.0
51.0
13.0
0.0
0.0
25.0
15.0
102.0
51.0
0.0
0.0
66.0
178.0
0.0
0.0
0.0
0.0
0.0
0.0
0.0
0.0
0.0
0.0
0.0
0.0
0.0
0.0
0.0
0.0
0.0
18.0
0.0
51.0
0.0
0.0
130.0
76.0
0.0
0.0
0.0
76.0
0.0
25.0
0.0
0.0
13.0
5.0
0.0
13.0
0.0
25.0
25.0
13.0
0.0
0.0
0.0
0.0
0.0
0.0
0.0
25.0
13.0
0.0
0.0
0.0
0.0
0.0
0.0
0.0
0.0
0.0
0.0
0.0
0.0
0.0
0.0
0.0
38.0
0.0
0.0
0.0
117.0
216.0
13.0
0.0
0.0
0.0
0.0
0.0
0.0
51.0
15.0
5.0
38.0
15.0
13.0
0.0
284.0
56.0
0.0
0.0
5.0
3.0
0.0
0.0
0.0
58.0
46.0
124.0
0.0
0.0
0.0
0.0
0.0
33.0
15.0
0.0
201.0
64.0
0.0
5.0
0.0
0.0
20.0
0.0
0.0
53.0
30.0
5.0
0.0
0.0
0.0
66.0
0.0
0.0
0.0
0.0
0.0
84.0
0.0
427.0
0.0
0.0
0.0
18.0
3.0
0.0
0.0
0.0
0.0
0.0
41.0
10.0
147.0
41.0
0.0
124.0
46.0
0.0
0.0
0.0
0.0
0.0
84.0
10.0
175.0
152.0
33.0
0.0
10.0
0.0
0.0
0.0
145.0
0.0
0.0
277.0
28.0
135.0
3.0
0.0
20.0
127.0
3.0
0.0
155.0
0.0
0.0
0.0
76.0
36.0
56.0
0.0
25.0
0.0
0.0
3.0
0.0
0.0
0.0
0.0
0.0
157.0
198.0
0.0
28.0
361.0
0.0
0.0
0.0
0.0
0.0
43.0
0.0
0.0
0.0
150.0
0.0
10.0
0.0
0.0
46.0
81.0
8.0
3.0
3.0
0.0
0.0
10.0
15.0
0.0
84.0
25.0
0.0
10.0
81.0
0.0
183.0
127.0
178.0
5.0
3.0
0.0
0.0
0.0
0.0
0.0
0.0
124.0
0.0
0.0
160.0
91.0
64.0
0.0
66.0
246.0
10.0
0.0
0.0
0.0
0.0
0.0
0.0
0.0
43.0
297.0
97.0
0.0
0.0
244.0
140.0
8.0
5.0
51.0
0.0
0.0
0.0
0.0
185.0
51.0
0.0
0.0
127.0
0.0
0.0
384.0
0.0
0.0
0.0
5.0
10.0
0.0
0.0
64.0
224.0
3.0
0.0
0.0
282.0
3.0
0.0
0.0
0.0
185.0
33.0
0.0
0.0
0.0
0.0
0.0
0.0
0.0
0.0
0.0
5.0
0.0
0.0
8.0
13.0
0.0
0.0
0.0
8.0
0.0
102.0
102.0
0.0
3.0
30.0
10.0
0.0
0.0
0.0
0.0
0.0
0.0
0.0
0.0
0.0
0.0
0.0
25.0
0.0
0.0
0.0
0.0
0.0
25.0
0.0
409.0
137.0
0.0
0.0
0.0
0.0
0.0
102.0
0.0
0.0
229.0
0.0
0.0
0.0
13.0
76.0
0.0
0.0
178.0
0.0
152.0
0.0
0.0
5.0
25.0
51.0
0.0
76.0
25.0
8.0
0.0
0.0
0.0
0.0
0.0
203.0
38.0
51.0
0.0
0.0
0.0
0.0
NaN
NaN
86.0
0.0
0.0
51.0
8.0
0.0
25.0
0.0
0.0
0.0
0.0
0.0
0.0
0.0
0.0
0.0
13.0
51.0
0.0
0.0
0.0
0.0
0.0
0.0
0.0
0.0
0.0
0.0
0.0
20.0
0.0
0.0
0.0
0.0
0.0
0.0
0.0
0.0
0.0
0.0
0.0
0.0
0.0
0.0
0.0
0.0
0.0
0.0
0.0
0.0
0.0
0.0
0.0
0.0
224.0
0.0
0.0
140.0
0.0
0.0
0.0
0.0
25.0
0.0
0.0
0.0
38.0
0.0
0.0
94.0
0.0
0.0
0.0
0.0
170.0
0.0
0.0
0.0
0.0
0.0
114.0
0.0
0.0
0.0
0.0
0.0
64.0
0.0
0.0
0.0
0.0
191.0
140.0
0.0
0.0
0.0
13.0
89.0
0.0
8.0
0.0
114.0
0.0
84.0
0.0
0.0
0.0
0.0
0.0
0.0
0.0
56.0
64.0
0.0
51.0
0.0
0.0
0.0
0.0
28.0
0.0
0.0
3.0
0.0
0.0
0.0
236.0
259.0
102.0
5.0
23.0
0.0
0.0
0.0
0.0
0.0
0.0
185.0
58.0
0.0
0.0
0.0
64.0
0.0
51.0
0.0
0.0
0.0
0.0
0.0
0.0
114.0
521.0
28.0
13.0
86.0
0.0
0.0
25.0
0.0
5.0
0.0
0.0
0.0
0.0
33.0
0.0
0.0
0.0
0.0
0.0
0.0
0.0
0.0
0.0
0.0
0.0
0.0
3.0
74.0
81.0
0.0
0.0
5.0
135.0
0.0
0.0
213.0
0.0
0.0
0.0
15.0
15.0
51.0
41.0
18.0
0.0
0.0
0.0
0.0
0.0
0.0
0.0
0.0
0.0
0.0
0.0
0.0
0.0
0.0
0.0
0.0
0.0
0.0
0.0
122.0
0.0
0.0
38.0
3.0
0.0
0.0
0.0
25.0
3.0
0.0
0.0
0.0
0.0
5.0
0.0
0.0
33.0
170.0
0.0
0.0
0.0
0.0
0.0
0.0
86.0
51.0
0.0
8.0
264.0
0.0
0.0
30.0
18.0
97.0
0.0
0.0
0.0
0.0
38.0
69.0
18.0
56.0
272.0
33.0
208.0
132.0
0.0
112.0
76.0
15.0
0.0
48.0
66.0
10.0
0.0
0.0
0.0
74.0
69.0
30.0
0.0
0.0
0.0
58.0
10.0
0.0
56.0
0.0
0.0
0.0
0.0
0.0
8.0
61.0
142.0
15.0
0.0
0.0
0.0
0.0
163.0
244.0
0.0
0.0
13.0
0.0
13.0
0.0
0.0
0.0
0.0
0.0
8.0
0.0
0.0
0.0
0.0
0.0
0.0
0.0
38.0
0.0
71.0
0.0
0.0
0.0
0.0
102.0
0.0
0.0
25.0
38.0
0.0
51.0
0.0
0.0
0.0
102.0
51.0
13.0
0.0
0.0
51.0
0.0
0.0
0.0
0.0
25.0
89.0
38.0
0.0
0.0
8.0
0.0
13.0
51.0
25.0
0.0
0.0
20.0
25.0
0.0
0.0
0.0
0.0
0.0
64.0
0.0
81.0
0.0
140.0
25.0
279.0
0.0
0.0
0.0
0.0
0.0
0.0
330.0
0.0
0.0
38.0
0.0
25.0
0.0
0.0
0.0
0.0
0.0
0.0
0.0
0.0
0.0
0.0
0.0
0.0
0.0
0.0
0.0
0.0
127.0
0.0
0.0
51.0
0.0
97.0
0.0
13.0
38.0
0.0
0.0
0.0
0.0
0.0
0.0
0.0
0.0
0.0
0.0
0.0
0.0
0.0
76.0
0.0
0.0
0.0
0.0
0.0
51.0
64.0
0.0
0.0
0.0
0.0
0.0
0.0
0.0
0.0
64.0
0.0
0.0
30.0
119.0
0.0
0.0
0.0
0.0
0.0
0.0
NaN
0.0
0.0
25.0
104.0
0.0
66.0
NaN
0.0
0.0
10.0
0.0
0.0
3.0
76.0
112.0
0.0
25.0
53.0
20.0
0.0
25.0
0.0
107.0
61.0
0.0
5.0
0.0
0.0
56.0
0.0
0.0
13.0
0.0
0.0
38.0
0.0
0.0
0.0
53.0
0.0
0.0
0.0
0.0
338.0
655.0
43.0
79.0
0.0
0.0
0.0
0.0
0.0
0.0
0.0
5.0
8.0
0.0
0.0
0.0
0.0
23.0
262.0
8.0
0.0
0.0
0.0
0.0
0.0
0.0
0.0
0.0
0.0
20.0
0.0
0.0
102.0
0.0
5.0
0.0
0.0
0.0
97.0
196.0
0.0
0.0
185.0
0.0
244.0
30.0
84.0
0.0
0.0
3.0
361.0
0.0
0.0
0.0
0.0
257.0
0.0
0.0
0.0
0.0
0.0
8.0
0.0
0.0
0.0
0.0
0.0
0.0
0.0
0.0
0.0
0.0
NaN
NaN
NaN
NaN
NaN
NaN
NaN
NaN
NaN
NaN
NaN
NaN
NaN
NaN
NaN
NaN
NaN
NaN
NaN
NaN
NaN
NaN
