569.0
346.0
69.0
82.0
427.0
30.0
93.0
80.0
435.0
269.0
534.0
1266.0
359.0
408.0
443.0
250.0
102.0
84.0
152.0
0.0
82.0
130.0
643.0
456.0
921.0
198.0
280.0
601.0
116.0
288.0
308.0
265.0
152.0
511.0
279.0
887.0
105.0
555.0
879.0
107.0
320.0
127.0
166.0
87.0
90.0
740.0
512.0
471.0
793.0
137.0
1066.0
473.0
290.0
370.0
317.0
89.0
192.0
317.0
125.0
753.0
1359.0
1002.0
279.0
61.0
0.0
89.0
281.0
191.0
76.0
84.0
66.0
1248.0
545.0
579.0
342.0
825.0
13.0
140.0
549.0
102.0
115.0
64.0
227.0
1104.0
980.0
682.0
203.0
1258.0
0.0
242.0
290.0
38.0
229.0
102.0
553.0
674.0
154.0
178.0
40.0
320.0
256.0
135.0
140.0
210.0
160.0
170.0
90.0
240.0
650.0
512.0
800.0
330.0
190.0
170.0
110.0
90.0
160.0
120.0
70.0
340.0
780.0
918.0
510.0
80.0
370.0
270.0
255.0
410.0
340.0
330.0
250.0
1665.0
410.0
800.0
200.0
300.0
220.0
50.0
240.0
190.0
120.0
240.0
65.0
520.0
300.0
600.0
340.0
380.0
0.0
240.0
160.0
180.0
40.0
330.0
10.0
160.0
670.0
40.0
730.0
350.0
40.0
120.0
150.0
20.0
120.0
260.0
490.0
620.0
120.0
154.0
880.0
800.0
260.0
170.0
290.0
110.0
160.0
70.0
220.0
1010.0
475.0
535.0
50.0
1150.0
310.0
210.0
60.0
90.0
100.0
290.0
20.0
340.0
470.0
1144.0
560.0
260.0
0.0
0.0
0.0
10.0
130.0
130.0
130.0
410.0
850.0
380.0
160.0
130.0
80.0
150.0
300.0
530.0
160.0
80.0
190.0
880.0
570.0
190.0
320.0
360.0
130.0
170.0
100.0
80.0
20.0
190.0
115.0
620.0
880.0
620.0
200.0
60.0
90.0
140.0
190.0
150.0
90.0
420.0
490.0
620.0
1540.0
490.0
260.0
230.0
70.0
80.0
200.0
290.0
20.0
130.0
290.0
NaN
730.0
510.0
600.0
120.0
100.0
170.0
140.0
50.0
90.0
270.0
190.0
230.0
600.0
2470.0
580.0
140.0
90.0
360.0
190.0
440.0
180.0
70.0
450.0
400.0
1000.0
230.0
135.0
100.0
560.0
80.0
110.0
100.0
60.0
560.0
130.0
260.0
810.0
1000.0
910.0
160.0
390.0
220.0
180.0
180.0
70.0
220.0
180.0
460.0
840.0
360.0
100.0
410.0
60.0
680.0
380.0
340.0
80.0
490.0
370.0
290.0
500.0
650.0
520.0
330.0
244.0
30.0
20.0
120.0
460.0
320.0
90.0
100.0
680.0
680.0
650.0
90.0
960.0
360.0
410.0
390.0
230.0
190.0
440.0
1240.0
800.0
380.0
200.0
130.0
70.0
0.0
180.0
120.0
140.0
60.0
510.0
1020.0
955.0
760.0
382.0
332.0
196.0
420.0
340.0
180.0
60.0
30.0
120.0
232.0
724.0
856.0
90.0
270.0
120.0
60.0
20.0
230.0
120.0
320.0
180.0
460.0
1244.0
420.0
490.0
595.0
245.0
80.0
60.0
240.0
160.0
100.0
585.0
820.0
675.0
295.0
150.0
225.0
400.0
380.0
270.0
585.0
180.0
80.0
50.0
1910.0
890.0
230.0
370.0
50.0
110.0
30.0
470.0
140.0
0.0
280.0
60.0
590.0
1090.0
310.0
470.0
90.0
170.0
180.0
190.0
90.0
270.0
90.0
610.0
190.0
880.0
280.0
230.0
380.0
200.0
150.0
60.0
60.0
210.0
190.0
280.0
1400.0
660.0
460.0
190.0
110.0
270.0
110.0
NaN
160.0
100.0
160.0
280.0
270.0
1230.0
522.0
680.0
360.0
422.0
210.0
480.0
420.0
125.0
60.0
730.0
150.0
320.0
680.0
985.0
330.0
320.0
20.0
340.0
500.0
30.0
20.0
380.0
1060.0
870.0
170.0
683.0
520.0
120.0
310.0
241.0
511.0
270.0
287.0
372.0
1551.0
1862.0
272.0
1045.0
152.0
701.0
225.0
120.0
86.0
120.0
183.0
352.0
1015.0
474.0
415.0
193.0
2.0
210.0
395.0
273.0
413.0
44.0
927.0
193.0
825.0
1026.0
631.0
297.0
676.0
96.0
121.0
411.0
76.0
143.0
197.0
484.0
733.0
764.0
454.0
1650.0
373.0
75.0
208.0
128.0
229.0
257.0
189.0
351.0
324.0
188.0
1295.0
342.0
136.0
492.0
136.0
218.0
146.0
164.0
103.0
368.0
1053.0
NaN
