NaN
NaN
NaN
NaN
NaN
NaN
NaN
NaN
NaN
NaN
NaN
NaN
NaN
NaN
NaN
NaN
NaN
NaN
NaN
0.0
0.0
28.0
25.0
23.0
0.0
0.0
0.0
66.0
3.0
0.0
0.0
28.0
5.0
0.0
0.0
8.0
25.0
0.0
0.0
0.0
3.0
0.0
191.0
41.0
0.0
38.0
0.0
0.0
0.0
10.0
0.0
25.0
30.0
41.0
61.0
0.0
0.0
30.0
0.0
0.0
0.0
0.0
0.0
0.0
0.0
28.0
221.0
0.0
0.0
0.0
53.0
30.0
0.0
0.0
0.0
0.0
0.0
0.0
0.0
13.0
0.0
0.0
0.0
0.0
53.0
0.0
25.0
0.0
79.0
0.0
231.0
0.0
0.0
0.0
0.0
0.0
0.0
0.0
0.0
0.0
0.0
0.0
0.0
0.0
208.0
25.0
5.0
NaN
NaN
NaN
NaN
0.0
0.0
0.0
15.0
10.0
711.0
66.0
46.0
0.0
0.0
46.0
0.0
0.0
0.0
0.0
0.0
0.0
0.0
0.0
0.0
0.0
0.0
0.0
53.0
20.0
38.0
0.0
0.0
0.0
0.0
0.0
0.0
0.0
48.0
107.0
0.0
8.0
0.0
51.0
64.0
0.0
0.0
0.0
0.0
48.0
0.0
0.0
5.0
23.0
25.0
152.0
0.0
15.0
8.0
71.0
0.0
0.0
325.0
0.0
0.0
0.0
0.0
0.0
43.0
69.0
0.0
0.0
3.0
0.0
0.0
0.0
0.0
0.0
0.0
25.0
229.0
3.0
5.0
10.0
0.0
0.0
3.0
0.0
8.0
0.0
3.0
0.0
5.0
5.0
5.0
3.0
3.0
0.0
0.0
0.0
0.0
0.0
0.0
71.0
76.0
0.0
0.0
0.0
20.0
3.0
0.0
8.0
36.0
20.0
18.0
33.0
23.0
10.0
0.0
0.0
0.0
97.0
53.0
0.0
8.0
0.0
0.0
0.0
0.0
3.0
0.0
0.0
0.0
104.0
20.0
0.0
102.0
28.0
38.0
0.0
0.0
0.0
0.0
23.0
33.0
13.0
15.0
0.0
0.0
20.0
0.0
127.0
56.0
5.0
13.0
0.0
127.0
38.0
5.0
69.0
0.0
0.0
0.0
15.0
91.0
23.0
33.0
20.0
0.0
0.0
0.0
0.0
0.0
0.0
0.0
0.0
0.0
97.0
33.0
0.0
0.0
0.0
0.0
0.0
0.0
0.0
0.0
0.0
0.0
0.0
0.0
0.0
0.0
0.0
0.0
10.0
0.0
0.0
0.0
0.0
0.0
0.0
46.0
0.0
0.0
56.0
0.0
0.0
0.0
30.0
56.0
25.0
0.0
0.0
8.0
3.0
0.0
0.0
8.0
0.0
0.0
0.0
0.0
0.0
0.0
18.0
5.0
112.0
58.0
66.0
30.0
0.0
13.0
0.0
0.0
0.0
0.0
0.0
0.0
0.0
23.0
0.0
0.0
0.0
0.0
0.0
30.0
0.0
0.0
51.0
48.0
15.0
0.0
0.0
0.0
0.0
3.0
15.0
5.0
0.0
0.0
0.0
0.0
53.0
0.0
0.0
0.0
51.0
0.0
0.0
0.0
0.0
0.0
0.0
0.0
0.0
165.0
0.0
3.0
0.0
5.0
13.0
15.0
0.0
0.0
0.0
0.0
0.0
28.0
0.0
0.0
0.0
0.0
0.0
0.0
0.0
0.0
5.0
0.0
135.0
13.0
0.0
0.0
0.0
0.0
0.0
0.0
0.0
419.0
0.0
0.0
572.0
0.0
76.0
5.0
0.0
3.0
25.0
10.0
0.0
0.0
0.0
0.0
432.0
0.0
3.0
0.0
0.0
0.0
0.0
0.0
28.0
15.0
0.0
0.0
71.0
0.0
0.0
0.0
0.0
0.0
0.0
0.0
0.0
15.0
84.0
0.0
0.0
0.0
0.0
0.0
13.0
0.0
0.0
127.0
5.0
0.0
0.0
NaN
NaN
71.0
10.0
0.0
13.0
0.0
0.0
0.0
71.0
23.0
76.0
30.0
168.0
58.0
NaN
117.0
36.0
0.0
0.0
76.0
23.0
0.0
0.0
0.0
30.0
13.0
10.0
0.0
0.0
23.0
0.0
18.0
0.0
0.0
5.0
0.0
0.0
104.0
0.0
0.0
0.0
178.0
25.0
122.0
51.0
48.0
198.0
36.0
0.0
0.0
76.0
165.0
51.0
94.0
23.0
0.0
5.0
0.0
15.0
5.0
0.0
0.0
137.0
0.0
0.0
0.0
0.0
0.0
0.0
25.0
0.0
0.0
51.0
0.0
25.0
28.0
0.0
0.0
0.0
0.0
0.0
0.0
0.0
0.0
0.0
0.0
13.0
229.0
191.0
64.0
152.0
41.0
20.0
61.0
56.0
53.0
25.0
0.0
13.0
18.0
0.0
0.0
0.0
0.0
76.0
76.0
0.0
51.0
0.0
13.0
0.0
152.0
25.0
0.0
0.0
0.0
13.0
0.0
0.0
0.0
0.0
25.0
0.0
13.0
13.0
0.0
0.0
25.0
53.0
5.0
0.0
13.0
NaN
NaN
NaN
64.0
76.0
28.0
NaN
NaN
89.0
79.0
25.0
0.0
0.0
0.0
76.0
25.0
3.0
0.0
0.0
0.0
0.0
0.0
0.0
102.0
25.0
64.0
152.0
25.0
0.0
0.0
0.0
10.0
25.0
20.0
25.0
51.0
25.0
0.0
0.0
71.0
0.0
0.0
0.0
0.0
0.0
165.0
25.0
0.0
0.0
25.0
0.0
0.0
0.0
0.0
0.0
0.0
0.0
0.0
0.0
5.0
64.0
0.0
0.0
0.0
0.0
51.0
0.0
0.0
0.0
0.0
0.0
0.0
0.0
0.0
0.0
0.0
0.0
0.0
0.0
0.0
0.0
0.0
0.0
0.0
0.0
0.0
0.0
5.0
13.0
147.0
142.0
0.0
0.0
20.0
0.0
0.0
0.0
0.0
0.0
0.0
191.0
74.0
0.0
0.0
43.0
112.0
0.0
0.0
94.0
18.0
102.0
358.0
0.0
0.0
5.0
10.0
0.0
0.0
38.0
43.0
0.0
0.0
41.0
0.0
0.0
0.0
0.0
0.0
132.0
13.0
13.0
0.0
0.0
0.0
0.0
0.0
0.0
0.0
15.0
0.0
0.0
79.0
53.0
0.0
18.0
5.0
0.0
0.0
0.0
0.0
0.0
25.0
0.0
0.0
0.0
0.0
0.0
0.0
0.0
64.0
0.0
0.0
0.0
0.0
0.0
0.0
0.0
0.0
0.0
0.0
0.0
0.0
0.0
0.0
0.0
132.0
259.0
0.0
0.0
0.0
23.0
323.0
18.0
0.0
0.0
0.0
0.0
0.0
0.0
0.0
0.0
0.0
0.0
0.0
140.0
0.0
0.0
0.0
23.0
0.0
0.0
0.0
91.0
0.0
0.0
145.0
15.0
0.0
28.0
NaN
NaN
0.0
0.0
0.0
0.0
0.0
0.0
0.0
0.0
0.0
0.0
53.0
0.0
0.0
0.0
0.0
33.0
0.0
0.0
0.0
0.0
0.0
0.0
0.0
0.0
206.0
41.0
0.0
0.0
0.0
0.0
0.0
0.0
56.0
0.0
0.0
0.0
0.0
0.0
0.0
0.0
0.0
267.0
0.0
0.0
0.0
163.0
69.0
0.0
0.0
0.0
0.0
0.0
0.0
0.0
0.0
0.0
0.0
0.0
0.0
25.0
0.0
0.0
0.0
0.0
0.0
0.0
0.0
0.0
23.0
18.0
0.0
56.0
0.0
0.0
140.0
145.0
0.0
0.0
10.0
0.0
0.0
33.0
0.0
10.0
8.0
38.0
119.0
41.0
0.0
0.0
0.0
213.0
0.0
0.0
76.0
0.0
81.0
0.0
0.0
0.0
0.0
0.0
30.0
0.0
25.0
NaN
0.0
0.0
0.0
0.0
0.0
0.0
81.0
36.0
0.0
25.0
13.0
25.0
25.0
0.0
51.0
38.0
76.0
0.0
0.0
0.0
0.0
NaN
0.0
0.0
25.0
51.0
127.0
51.0
51.0
NaN
0.0
0.0
0.0
0.0
0.0
0.0
25.0
51.0
0.0
0.0
0.0
152.0
25.0
0.0
0.0
0.0
0.0
0.0
0.0
0.0
0.0
0.0
51.0
0.0
0.0
0.0
0.0
0.0
0.0
0.0
0.0
0.0
0.0
NaN
0.0
0.0
0.0
0.0
0.0
0.0
0.0
0.0
0.0
0.0
0.0
104.0
0.0
0.0
0.0
102.0
0.0
0.0
0.0
0.0
0.0
109.0
0.0
30.0
0.0
0.0
0.0
0.0
0.0
0.0
0.0
66.0
30.0
0.0
0.0
0.0
0.0
61.0
0.0
102.0
36.0
0.0
0.0
0.0
0.0
0.0
0.0
30.0
102.0
0.0
99.0
0.0
0.0
0.0
0.0
0.0
0.0
5.0
0.0
0.0
0.0
0.0
0.0
0.0
33.0
0.0
0.0
0.0
0.0
33.0
3.0
0.0
23.0
0.0
0.0
0.0
0.0
23.0
28.0
0.0
0.0
0.0
0.0
0.0
0.0
0.0
10.0
1120.0
0.0
0.0
0.0
0.0
0.0
0.0
0.0
0.0
165.0
30.0
38.0
0.0
0.0
15.0
0.0
0.0
0.0
0.0
124.0
5.0
20.0
0.0
10.0
0.0
0.0
163.0
0.0
0.0
0.0
0.0
0.0
41.0
0.0
0.0
0.0
0.0
20.0
0.0
91.0
0.0
0.0
0.0
20.0
0.0
5.0
0.0
0.0
0.0
0.0
NaN
NaN
51.0
41.0
5.0
NaN
NaN
0.0
0.0
0.0
0.0
25.0
0.0
38.0
28.0
0.0
0.0
51.0
0.0
0.0
0.0
0.0
0.0
0.0
0.0
0.0
0.0
0.0
25.0
51.0
104.0
114.0
0.0
0.0
0.0
0.0
8.0
13.0
0.0
0.0
0.0
0.0
0.0
0.0
46.0
0.0
0.0
0.0
0.0
0.0
25.0
0.0
137.0
0.0
0.0
28.0
36.0
0.0
0.0
51.0
51.0
25.0
25.0
0.0
0.0
0.0
0.0
51.0
102.0
51.0
NaN
152.0
178.0
0.0
0.0
0.0
0.0
13.0
0.0
127.0
0.0
0.0
0.0
127.0
0.0
0.0
0.0
0.0
76.0
51.0
0.0
51.0
51.0
76.0
305.0
102.0
51.0
0.0
0.0
0.0
0.0
0.0
0.0
13.0
0.0
0.0
0.0
25.0
0.0
0.0
0.0
0.0
127.0
13.0
0.0
25.0
0.0
25.0
0.0
0.0
25.0
0.0
0.0
76.0
25.0
0.0
51.0
0.0
0.0
0.0
25.0
0.0
0.0
0.0
0.0
41.0
0.0
0.0
0.0
0.0
127.0
0.0
0.0
41.0
97.0
0.0
28.0
0.0
0.0
0.0
71.0
0.0
0.0
0.0
86.0
5.0
0.0
0.0
0.0
0.0
0.0
0.0
170.0
0.0
0.0
124.0
0.0
163.0
56.0
66.0
0.0
0.0
0.0
0.0
15.0
295.0
0.0
0.0
0.0
0.0
0.0
5.0
0.0
0.0
81.0
30.0
0.0
0.0
0.0
0.0
25.0
28.0
0.0
0.0
0.0
13.0
0.0
10.0
89.0
0.0
0.0
0.0
0.0
0.0
0.0
0.0
15.0
0.0
0.0
0.0
0.0
0.0
10.0
25.0
0.0
0.0
0.0
0.0
58.0
0.0
0.0
0.0
99.0
0.0
0.0
13.0
5.0
13.0
0.0
152.0
0.0
0.0
0.0
3.0
0.0
0.0
33.0
51.0
0.0
0.0
0.0
157.0
8.0
0.0
0.0
0.0
0.0
0.0
0.0
0.0
0.0
0.0
0.0
51.0
0.0
0.0
0.0
89.0
38.0
264.0
94.0
0.0
0.0
33.0
0.0
0.0
0.0
36.0
170.0
10.0
0.0
0.0
0.0
0.0
0.0
0.0
114.0
0.0
91.0
0.0
0.0
61.0
0.0
0.0
0.0
0.0
0.0
0.0
0.0
46.0
0.0
66.0
0.0
0.0
0.0
0.0
51.0
0.0
0.0
178.0
0.0
0.0
23.0
132.0
185.0
0.0
25.0
0.0
15.0
0.0
86.0
13.0
183.0
