0.0
0.0
10.0
0.0
0.0
0.0
0.0
0.0
0.0
0.0
0.0
3.0
0.0
0.0
0.0
0.0
0.0
21.0
0.0
0.0
0.0
0.0
0.0
0.0
0.0
0.0
0.0
87.0
0.0
0.0
2.0
0.0
0.0
0.0
0.0
0.0
0.0
0.0
292.0
12.0
0.0
98.0
0.0
0.0
190.0
0.0
0.0
8.0
0.0
0.0
0.0
0.0
0.0
0.0
0.0
0.0
0.0
14.0
0.0
16.0
18.0
4.0
2.0
0.0
4.0
4.0
20.0
4.0
0.0
14.0
2.0
0.0
0.0
0.0
0.0
14.0
0.0
0.0
0.0
0.0
0.0
0.0
0.0
6.0
0.0
0.0
0.0
0.0
0.0
0.0
0.0
0.0
0.0
22.0
0.0
0.0
0.0
22.0
14.0
0.0
0.0
0.0
NaN
0.0
0.0
0.0
0.0
0.0
0.0
10.0
2.0
44.0
14.0
10.0
6.0
0.0
12.0
0.0
30.0
28.0
22.0
0.0
0.0
0.0
0.0
0.0
0.0
0.0
4.0
6.0
0.0
8.0
10.0
14.0
0.0
2.0
6.0
0.0
0.0
0.0
0.0
0.0
0.0
0.0
0.0
0.0
6.0
2.0
2.0
0.0
0.0
0.0
0.0
0.0
0.0
0.0
0.0
0.0
0.0
16.0
14.0
8.0
NaN
0.0
22.0
6.0
4.0
4.0
0.0
0.0
0.0
2.0
0.0
0.0
0.0
0.0
0.0
2.0
6.0
0.0
50.0
0.0
0.0
0.0
0.0
0.0
0.0
0.0
0.0
0.0
0.0
0.0
0.0
0.0
0.0
0.0
0.0
32.0
0.0
0.0
0.0
0.0
0.0
0.0
0.0
4.0
4.0
0.0
24.0
20.0
0.0
0.0
0.0
0.0
2.0
0.0
0.0
0.0
20.0
0.0
0.0
0.0
0.0
0.0
26.0
0.0
0.0
0.0
0.0
0.0
0.0
0.0
0.0
0.0
0.0
0.0
0.0
0.0
0.0
0.0
0.0
2.0
0.0
0.0
0.0
0.0
2.0
0.0
0.0
0.0
0.0
0.0
20.0
4.0
0.0
0.0
0.0
0.0
0.0
0.0
0.0
0.0
0.0
0.0
0.0
6.0
0.0
0.0
4.0
0.0
0.0
0.0
0.0
0.0
0.0
20.0
0.0
0.0
60.0
0.0
10.0
0.0
2.0
0.0
0.0
0.0
0.0
0.0
0.0
58.0
0.0
0.0
0.0
0.0
8.0
6.0
0.0
4.0
0.0
0.0
0.0
0.0
0.0
0.0
0.0
4.0
0.0
0.0
0.0
8.0
20.0
0.0
0.0
0.0
0.0
160.0
6.0
0.0
0.0
0.0
14.0
0.0
0.0
96.0
188.0
92.0
3.0
0.0
0.0
0.0
0.0
0.0
0.0
0.0
0.0
0.0
6.0
0.0
14.0
0.0
66.0
0.0
0.0
16.0
0.0
0.0
0.0
0.0
0.0
0.0
0.0
0.0
0.0
0.0
0.0
0.0
0.0
0.0
0.0
0.0
0.0
0.0
0.0
6.0
84.0
0.0
0.0
0.0
0.0
0.0
114.0
0.0
6.0
2.0
0.0
0.0
48.0
0.0
6.0
0.0
4.0
0.0
0.0
0.0
12.0
4.0
0.0
0.0
8.0
0.0
0.0
0.0
4.0
0.0
0.0
0.0
0.0
50.0
0.0
0.0
0.0
0.0
0.0
40.0
28.0
2.0
0.0
40.0
4.0
0.0
60.0
0.0
0.0
0.0
0.0
0.0
120.0
NaN
NaN
4.0
0.0
4.0
0.0
0.0
0.0
0.0
0.0
0.0
0.0
0.0
0.0
0.0
0.0
0.0
0.0
0.0
0.0
0.0
0.0
0.0
0.0
45.0
22.0
0.0
0.0
58.0
4.0
0.0
0.0
0.0
0.0
NaN
30.0
6.0
0.0
0.0
0.0
0.0
0.0
0.0
0.0
10.0
0.0
0.0
0.0
0.0
0.0
0.0
0.0
0.0
0.0
NaN
0.0
0.0
0.0
0.0
0.0
0.0
0.0
0.0
0.0
0.0
40.0
18.0
14.0
0.0
6.0
26.0
36.0
2.0
2.0
0.0
0.0
0.0
0.0
0.0
0.0
0.0
0.0
0.0
0.0
0.0
0.0
0.0
0.0
0.0
0.0
0.0
0.0
0.0
0.0
0.0
6.0
2.0
22.0
0.0
0.0
0.0
0.0
0.0
0.0
0.0
0.0
0.0
0.0
0.0
0.0
0.0
0.0
0.0
0.0
0.0
50.0
16.0
0.0
30.0
0.0
0.0
4.0
0.0
0.0
0.0
0.0
0.0
0.0
0.0
0.0
0.0
0.0
0.0
0.0
0.0
0.0
0.0
0.0
0.0
4.0
42.0
0.0
0.0
0.0
0.0
14.0
0.0
0.0
0.0
0.0
0.0
0.0
0.0
0.0
0.0
0.0
4.0
0.0
0.0
0.0
0.0
0.0
2.0
0.0
0.0
0.0
0.0
0.0
0.0
0.0
0.0
0.0
0.0
0.0
0.0
0.0
0.0
0.0
0.0
0.0
0.0
54.0
112.0
0.0
20.0
0.0
0.0
0.0
0.0
0.0
0.0
0.0
0.0
0.0
0.0
0.0
0.0
0.0
0.0
0.0
0.0
0.0
0.0
0.0
0.0
0.0
0.0
0.0
0.0
10.0
390.0
10.0
10.0
0.0
86.0
16.0
0.0
18.0
0.0
0.0
0.0
4.0
0.0
0.0
6.0
0.0
10.0
0.0
0.0
0.0
48.0
20.0
0.0
230.0
20.0
0.0
0.0
6.0
0.0
0.0
0.0
0.0
4.0
0.0
0.0
34.0
32.0
0.0
34.0
0.0
0.0
6.0
12.0
0.0
54.0
10.0
0.0
42.0
0.0
4.0
0.0
22.0
62.0
0.0
0.0
0.0
0.0
0.0
8.0
0.0
0.0
0.0
4.0
0.0
0.0
36.0
0.0
0.0
0.0
0.0
0.0
0.0
0.0
0.0
0.0
0.0
0.0
0.0
0.0
6.0
0.0
0.0
0.0
0.0
146.0
0.0
0.0
0.0
2.0
0.0
0.0
0.0
0.0
0.0
0.0
0.0
32.0
0.0
0.0
0.0
0.0
0.0
0.0
0.0
2.0
0.0
98.0
0.0
0.0
0.0
48.0
2.0
0.0
0.0
42.0
16.0
0.0
0.0
12.0
132.0
2.0
0.0
4.0
34.0
34.0
12.0
0.0
0.0
0.0
0.0
0.0
60.0
8.0
0.0
0.0
0.0
0.0
16.0
40.0
144.0
238.0
6.0
0.0
20.0
0.0
0.0
54.0
0.0
0.0
12.0
0.0
0.0
74.0
18.0
0.0
54.0
0.0
0.0
0.0
0.0
18.0
0.0
0.0
0.0
0.0
6.0
84.0
118.0
0.0
0.0
5.0
115.0
10.0
0.0
0.0
0.0
0.0
58.0
0.0
0.0
0.0
0.0
0.0
0.0
0.0
0.0
0.0
0.0
0.0
0.0
0.0
0.0
0.0
0.0
0.0
0.0
8.0
0.0
6.0
25.0
10.0
0.0
0.0
4.0
2.0
0.0
0.0
0.0
0.0
0.0
0.0
0.0
0.0
0.0
6.0
10.0
8.0
6.0
0.0
4.0
8.0
0.0
0.0
0.0
0.0
0.0
0.0
0.0
0.0
0.0
0.0
0.0
0.0
18.0
0.0
0.0
0.0
0.0
0.0
0.0
22.0
50.0
0.0
NaN
0.0
0.0
0.0
0.0
0.0
0.0
0.0
0.0
0.0
0.0
0.0
2.0
0.0
0.0
0.0
0.0
0.0
0.0
0.0
0.0
0.0
0.0
0.0
0.0
0.0
0.0
0.0
0.0
0.0
0.0
0.0
0.0
0.0
0.0
0.0
6.0
0.0
0.0
0.0
0.0
34.0
0.0
0.0
0.0
0.0
0.0
0.0
0.0
0.0
14.0
0.0
0.0
0.0
0.0
0.0
16.0
8.0
12.0
30.0
22.0
0.0
0.0
0.0
0.0
0.0
0.0
0.0
0.0
0.0
0.0
0.0
0.0
0.0
0.0
0.0
0.0
0.0
0.0
0.0
0.0
0.0
0.0
0.0
0.0
0.0
0.0
0.0
0.0
32.0
0.0
0.0
0.0
0.0
0.0
0.0
0.0
0.0
0.0
0.0
0.0
0.0
0.0
0.0
0.0
0.0
0.0
0.0
0.0
0.0
0.0
0.0
0.0
0.0
0.0
42.0
14.0
0.0
0.0
0.0
0.0
0.0
0.0
0.0
0.0
10.0
0.0
0.0
0.0
0.0
0.0
0.0
0.0
0.0
0.0
0.0
0.0
262.0
414.0
0.0
0.0
100.0
152.0
14.0
0.0
0.0
12.0
0.0
24.0
0.0
0.0
0.0
0.0
0.0
0.0
64.0
0.0
0.0
0.0
0.0
0.0
0.0
0.0
0.0
0.0
0.0
42.0
0.0
0.0
0.0
0.0
0.0
34.0
0.0
0.0
0.0
0.0
0.0
80.0
8.0
0.0
6.0
18.0
0.0
12.0
0.0
0.0
0.0
0.0
0.0
0.0
0.0
0.0
NaN
NaN
0.0
2.0
0.0
62.0
18.0
0.0
14.0
0.0
58.0
36.0
132.0
98.0
16.0
0.0
0.0
0.0
0.0
0.0
0.0
0.0
0.0
4.0
214.0
0.0
0.0
0.0
8.0
0.0
2.0
0.0
6.0
0.0
0.0
0.0
0.0
60.0
4.0
0.0
8.0
0.0
0.0
0.0
0.0
0.0
0.0
0.0
0.0
0.0
0.0
0.0
0.0
0.0
0.0
0.0
8.0
4.0
0.0
0.0
0.0
0.0
0.0
0.0
0.0
48.0
0.0
0.0
0.0
0.0
0.0
0.0
48.0
12.0
6.0
0.0
100.0
24.0
80.0
12.0
2.0
32.0
88.0
188.0
4.0
0.0
0.0
68.0
138.0
8.0
0.0
0.0
0.0
0.0
32.0
4.0
0.0
28.0
0.0
0.0
22.0
0.0
18.0
4.0
0.0
0.0
0.0
0.0
0.0
0.0
0.0
0.0
0.0
0.0
0.0
0.0
0.0
0.0
0.0
0.0
0.0
0.0
0.0
54.0
0.0
0.0
28.0
10.0
0.0
0.0
0.0
18.0
44.0
0.0
0.0
0.0
0.0
0.0
0.0
0.0
0.0
0.0
18.0
0.0
0.0
0.0
0.0
0.0
0.0
0.0
0.0
0.0
0.0
0.0
0.0
10.0
0.0
5.0
0.0
0.0
0.0
0.0
0.0
0.0
0.0
0.0
0.0
0.0
0.0
0.0
0.0
0.0
0.0
0.0
0.0
0.0
0.0
0.0
0.0
0.0
0.0
0.0
0.0
0.0
NaN
0.0
0.0
0.0
0.0
0.0
0.0
0.0
0.0
0.0
0.0
0.0
0.0
0.0
0.0
0.0
0.0
0.0
12.0
0.0
0.0
28.0
0.0
0.0
0.0
0.0
0.0
0.0
0.0
0.0
0.0
0.0
0.0
36.0
NaN
NaN
NaN
0.0
0.0
0.0
0.0
0.0
0.0
0.0
0.0
8.0
0.0
0.0
NaN
NaN
10.0
0.0
0.0
0.0
52.0
30.0
6.0
NaN
NaN
NaN
10.0
0.0
0.0
0.0
0.0
0.0
0.0
0.0
0.0
0.0
0.0
0.0
0.0
24.0
14.0
0.0
0.0
0.0
66.0
0.0
10.0
0.0
20.0
0.0
0.0
0.0
0.0
0.0
0.0
0.0
0.0
0.0
0.0
0.0
0.0
0.0
0.0
0.0
8.0
0.0
0.0
0.0
0.0
0.0
0.0
0.0
0.0
0.0
0.0
0.0
0.0
0.0
0.0
0.0
10.0
0.0
0.0
0.0
0.0
0.0
0.0
0.0
0.0
24.0
0.0
0.0
0.0
0.0
0.0
0.0
0.0
0.0
0.0
0.0
0.0
0.0
12.0
0.0
4.0
6.0
0.0
0.0
0.0
0.0
38.0
0.0
NaN
NaN
96.0
120.0
0.0
0.0
16.0
18.0
0.0
0.0
0.0
60.0
0.0
0.0
0.0
80.0
42.0
0.0
0.0
0.0
0.0
0.0
36.0
0.0
0.0
30.0
0.0
36.0
102.0
12.0
0.0
0.0
0.0
30.0
62.0
4.0
50.0
6.0
0.0
0.0
0.0
170.0
8.0
0.0
0.0
126.0
10.0
0.0
0.0
0.0
0.0
0.0
12.0
146.0
302.0
0.0
8.0
24.0
22.0
4.0
0.0
0.0
0.0
0.0
100.0
106.0
4.0
82.0
0.0
0.0
0.0
0.0
0.0
0.0
0.0
0.0
0.0
50.0
0.0
0.0
0.0
104.0
6.0
0.0
4.0
20.0
8.0
0.0
0.0
0.0
0.0
0.0
174.0
0.0
0.0
12.0
42.0
0.0
0.0
0.0
0.0
0.0
0.0
0.0
10.0
0.0
18.0
28.0
48.0
0.0
0.0
0.0
0.0
0.0
130.0
12.0
0.0
0.0
0.0
0.0
0.0
0.0
0.0
0.0
0.0
56.0
0.0
0.0
0.0
0.0
0.0
0.0
6.0
0.0
0.0
0.0
0.0
0.0
0.0
0.0
0.0
0.0
0.0
40.0
0.0
0.0
8.0
0.0
0.0
0.0
0.0
0.0
0.0
18.0
0.0
0.0
0.0
0.0
0.0
0.0
0.0
0.0
0.0
0.0
0.0
0.0
0.0
0.0
0.0
0.0
0.0
0.0
0.0
0.0
0.0
0.0
0.0
0.0
0.0
0.0
8.0
0.0
0.0
0.0
0.0
0.0
0.0
0.0
0.0
0.0
0.0
0.0
0.0
0.0
0.0
0.0
0.0
0.0
0.0
0.0
24.0
12.0
0.0
0.0
0.0
0.0
0.0
0.0
0.0
0.0
0.0
0.0
12.0
0.0
0.0
0.0
0.0
0.0
36.0
22.0
0.0
0.0
0.0
0.0
0.0
0.0
8.0
0.0
0.0
0.0
0.0
0.0
0.0
0.0
0.0
0.0
0.0
0.0
0.0
0.0
0.0
0.0
0.0
0.0
0.0
22.0
0.0
0.0
0.0
22.0
12.0
0.0
0.0
0.0
0.0
0.0
0.0
NaN
0.0
0.0
0.0
0.0
0.0
0.0
NaN
0.0
0.0
0.0
0.0
0.0
NaN
0.0
0.0
0.0
0.0
0.0
0.0
0.0
0.0
0.0
0.0
0.0
0.0
0.0
0.0
0.0
36.0
0.0
0.0
0.0
0.0
0.0
0.0
0.0
0.0
0.0
0.0
0.0
0.0
0.0
0.0
0.0
0.0
0.0
0.0
0.0
0.0
26.0
12.0
0.0
0.0
0.0
0.0
0.0
0.0
NaN
0.0
0.0
NaN
0.0
0.0
0.0
0.0
0.0
0.0
0.0
0.0
0.0
0.0
0.0
0.0
0.0
0.0
0.0
0.0
0.0
0.0
0.0
0.0
0.0
0.0
26.0
0.0
0.0
0.0
0.0
0.0
0.0
150.0
0.0
0.0
58.0
0.0
0.0
0.0
12.0
0.0
0.0
12.0
0.0
0.0
0.0
0.0
0.0
0.0
22.0
14.0
22.0
0.0
0.0
0.0
0.0
0.0
0.0
0.0
0.0
0.0
0.0
0.0
0.0
256.0
118.0
0.0
0.0
54.0
80.0
122.0
12.0
0.0
0.0
0.0
0.0
0.0
0.0
0.0
8.0
0.0
26.0
0.0
0.0
14.0
188.0
0.0
0.0
0.0
154.0
16.0
152.0
48.0
0.0
0.0
0.0
0.0
0.0
8.0
0.0
0.0
0.0
0.0
0.0
0.0
0.0
0.0
0.0
0.0
0.0
0.0
0.0
0.0
0.0
14.0
0.0
0.0
0.0
90.0
0.0
0.0
0.0
0.0
0.0
0.0
0.0
0.0
0.0
26.0
0.0
0.0
0.0
18.0
2.0
0.0
242.0
0.0
84.0
12.0
0.0
0.0
0.0
0.0
0.0
0.0
0.0
0.0
0.0
0.0
0.0
0.0
0.0
0.0
0.0
0.0
0.0
0.0
0.0
104.0
4.0
0.0
0.0
0.0
0.0
0.0
12.0
0.0
0.0
0.0
0.0
0.0
10.0
6.0
0.0
0.0
12.0
0.0
0.0
0.0
0.0
0.0
0.0
0.0
0.0
0.0
0.0
0.0
0.0
0.0
0.0
0.0
0.0
0.0
0.0
14.0
6.0
0.0
0.0
0.0
0.0
0.0
0.0
0.0
0.0
8.0
0.0
0.0
0.0
0.0
0.0
0.0
0.0
0.0
14.0
0.0
0.0
0.0
0.0
0.0
0.0
6.0
0.0
0.0
42.0
0.0
0.0
0.0
0.0
0.0
0.0
0.0
0.0
0.0
0.0
0.0
0.0
0.0
0.0
0.0
0.0
0.0
0.0
0.0
0.0
0.0
0.0
0.0
2.0
4.0
12.0
0.0
38.0
82.0
0.0
0.0
0.0
0.0
0.0
0.0
0.0
8.0
18.0
0.0
2.0
44.0
12.0
0.0
0.0
0.0
20.0
0.0
0.0
0.0
0.0
0.0
60.0
38.0
0.0
0.0
0.0
22.0
0.0
0.0
0.0
0.0
0.0
0.0
0.0
0.0
0.0
0.0
0.0
0.0
0.0
0.0
0.0
0.0
0.0
0.0
0.0
0.0
12.0
0.0
0.0
0.0
0.0
0.0
8.0
0.0
0.0
0.0
0.0
0.0
0.0
0.0
0.0
0.0
0.0
0.0
0.0
0.0
0.0
0.0
0.0
0.0
0.0
0.0
8.0
0.0
0.0
0.0
0.0
0.0
0.0
0.0
0.0
0.0
0.0
0.0
0.0
46.0
0.0
0.0
8.0
0.0
0.0
0.0
0.0
0.0
0.0
0.0
0.0
0.0
0.0
0.0
0.0
0.0
2.0
0.0
0.0
0.0
0.0
10.0
6.0
0.0
0.0
50.0
0.0
0.0
0.0
0.0
0.0
0.0
20.0
0.0
0.0
0.0
0.0
0.0
20.0
4.0
0.0
0.0
0.0
0.0
0.0
0.0
0.0
0.0
0.0
0.0
0.0
6.0
28.0
0.0
0.0
0.0
0.0
0.0
0.0
0.0
20.0
160.0
8.0
4.0
124.0
4.0
0.0
54.0
30.0
0.0
0.0
0.0
278.0
14.0
78.0
0.0
0.0
0.0
4.0
0.0
0.0
104.0
58.0
0.0
0.0
0.0
6.0
0.0
0.0
44.0
162.0
86.0
2.0
0.0
0.0
6.0
0.0
0.0
0.0
38.0
0.0
0.0
4.0
28.0
44.0
314.0
6.0
74.0
4.0
0.0
0.0
20.0
0.0
0.0
0.0
0.0
32.0
16.0
0.0
0.0
154.0
4.0
4.0
0.0
0.0
0.0
8.0
82.0
0.0
0.0
0.0
0.0
0.0
0.0
10.0
12.0
0.0
0.0
0.0
0.0
18.0
10.0
32.0
0.0
4.0
0.0
0.0
0.0
0.0
0.0
0.0
0.0
0.0
0.0
0.0
0.0
0.0
6.0
60.0
4.0
0.0
90.0
0.0
0.0
0.0
188.0
14.0
4.0
222.0
10.0
0.0
36.0
74.0
4.0
86.0
70.0
0.0
88.0
14.0
6.0
0.0
24.0
32.0
0.0
0.0
0.0
0.0
0.0
0.0
50.0
46.0
4.0
0.0
0.0
0.0
0.0
0.0
0.0
0.0
0.0
0.0
0.0
0.0
44.0
0.0
0.0
62.0
0.0
0.0
0.0
0.0
0.0
0.0
0.0
0.0
16.0
0.0
0.0
0.0
0.0
0.0
0.0
0.0
0.0
0.0
0.0
0.0
0.0
24.0
4.0
0.0
0.0
40.0
66.0
2.0
0.0
22.0
36.0
6.0
0.0
0.0
0.0
0.0
0.0
22.0
0.0
0.0
8.0
0.0
0.0
0.0
0.0
0.0
4.0
16.0
8.0
0.0
0.0
0.0
0.0
0.0
0.0
0.0
0.0
0.0
0.0
0.0
0.0
0.0
14.0
6.0
0.0
14.0
0.0
12.0
0.0
0.0
0.0
10.0
0.0
0.0
0.0
0.0
0.0
0.0
0.0
0.0
0.0
8.0
0.0
0.0
0.0
0.0
0.0
0.0
0.0
0.0
14.0
4.0
0.0
0.0
0.0
0.0
0.0
0.0
0.0
0.0
0.0
4.0
0.0
24.0
0.0
0.0
0.0
0.0
2.0
12.0
0.0
0.0
14.0
6.0
0.0
28.0
12.0
14.0
0.0
4.0
0.0
0.0
0.0
0.0
0.0
0.0
0.0
0.0
0.0
0.0
0.0
0.0
0.0
0.0
0.0
4.0
0.0
0.0
0.0
0.0
0.0
0.0
0.0
0.0
8.0
0.0
0.0
0.0
0.0
0.0
0.0
0.0
0.0
0.0
0.0
0.0
0.0
26.0
160.0
34.0
0.0
26.0
0.0
0.0
0.0
0.0
12.0
0.0
0.0
0.0
0.0
0.0
0.0
0.0
0.0
0.0
0.0
0.0
34.0
0.0
6.0
0.0
0.0
0.0
0.0
0.0
2.0
0.0
0.0
0.0
0.0
0.0
0.0
0.0
0.0
0.0
0.0
0.0
0.0
12.0
28.0
10.0
0.0
0.0
0.0
2.0
16.0
0.0
34.0
10.0
18.0
0.0
0.0
0.0
38.0
0.0
0.0
0.0
0.0
20.0
0.0
14.0
254.0
4.0
0.0
0.0
0.0
0.0
0.0
0.0
0.0
0.0
16.0
0.0
20.0
12.0
0.0
NaN
88.0
96.0
226.0
0.0
0.0
20.0
0.0
10.0
0.0
0.0
14.0
0.0
0.0
0.0
0.0
0.0
0.0
0.0
64.0
16.0
12.0
0.0
0.0
8.0
0.0
0.0
0.0
0.0
80.0
0.0
250.0
18.0
186.0
0.0
0.0
186.0
6.0
98.0
4.0
238.0
0.0
0.0
0.0
0.0
0.0
0.0
6.0
16.0
0.0
0.0
0.0
0.0
0.0
0.0
0.0
278.0
176.0
122.0
0.0
0.0
4.0
8.0
88.0
0.0
0.0
0.0
0.0
0.0
0.0
0.0
0.0
30.0
0.0
0.0
0.0
0.0
0.0
0.0
114.0
0.0
8.0
0.0
36.0
0.0
0.0
10.0
68.0
40.0
32.0
0.0
0.0
0.0
0.0
0.0
0.0
0.0
0.0
0.0
0.0
0.0
0.0
0.0
0.0
0.0
0.0
0.0
0.0
0.0
0.0
0.0
0.0
0.0
0.0
0.0
0.0
0.0
0.0
0.0
0.0
0.0
0.0
0.0
0.0
36.0
0.0
0.0
0.0
0.0
0.0
0.0
0.0
0.0
0.0
0.0
0.0
0.0
0.0
0.0
0.0
0.0
0.0
0.0
0.0
0.0
16.0
0.0
0.0
0.0
0.0
0.0
0.0
0.0
0.0
0.0
0.0
0.0
0.0
0.0
0.0
0.0
0.0
0.0
0.0
0.0
0.0
0.0
0.0
0.0
0.0
0.0
0.0
0.0
0.0
0.0
0.0
4.0
0.0
0.0
28.0
0.0
0.0
0.0
0.0
0.0
0.0
12.0
0.0
8.0
0.0
0.0
0.0
0.0
12.0
36.0
24.0
0.0
0.0
0.0
4.0
0.0
NaN
NaN
0.0
0.0
0.0
0.0
16.0
0.0
0.0
0.0
NaN
NaN
0.0
0.0
0.0
0.0
0.0
0.0
0.0
0.0
0.0
0.0
0.0
0.0
0.0
0.0
0.0
0.0
0.0
0.0
0.0
0.0
0.0
12.0
0.0
0.0
14.0
0.0
8.0
14.0
0.0
22.0
0.0
0.0
0.0
0.0
0.0
0.0
0.0
0.0
0.0
0.0
0.0
0.0
0.0
0.0
0.0
2.0
6.0
0.0
12.0
0.0
0.0
0.0
0.0
0.0
0.0
42.0
20.0
0.0
0.0
0.0
20.0
2.0
0.0
0.0
42.0
8.0
0.0
0.0
0.0
0.0
0.0
0.0
8.0
0.0
0.0
0.0
0.0
0.0
0.0
0.0
0.0
0.0
0.0
0.0
0.0
30.0
26.0
0.0
12.0
0.0
0.0
0.0
0.0
0.0
6.0
0.0
0.0
0.0
0.0
0.0
0.0
0.0
0.0
0.0
0.0
6.0
50.0
8.0
0.0
0.0
0.0
0.0
0.0
0.0
0.0
0.0
8.0
50.0
308.0
200.0
104.0
6.0
0.0
28.0
0.0
86.0
14.0
0.0
0.0
2.0
0.0
0.0
0.0
76.0
60.0
14.0
0.0
0.0
0.0
0.0
0.0
0.0
76.0
8.0
0.0
0.0
76.0
16.0
0.0
0.0
16.0
0.0
0.0
0.0
0.0
0.0
52.0
304.0
6.0
4.0
14.0
0.0
0.0
0.0
58.0
0.0
6.0
58.0
6.0
0.0
24.0
0.0
0.0
0.0
16.0
70.0
4.0
88.0
8.0
60.0
10.0
242.0
70.0
20.0
306.0
138.0
26.0
70.0
0.0
128.0
0.0
0.0
0.0
54.0
128.0
0.0
0.0
8.0
0.0
0.0
16.0
0.0
0.0
0.0
0.0
0.0
0.0
0.0
0.0
54.0
38.0
0.0
0.0
0.0
0.0
314.0
66.0
0.0
0.0
0.0
4.0
0.0
16.0
2.0
0.0
0.0
0.0
0.0
0.0
0.0
0.0
8.0
8.0
0.0
0.0
0.0
0.0
0.0
0.0
72.0
0.0
50.0
0.0
0.0
0.0
0.0
0.0
0.0
0.0
18.0
0.0
0.0
6.0
64.0
0.0
8.0
6.0
2.0
0.0
0.0
0.0
28.0
0.0
0.0
0.0
6.0
0.0
0.0
0.0
0.0
0.0
0.0
0.0
0.0
12.0
0.0
0.0
0.0
0.0
4.0
0.0
0.0
0.0
0.0
0.0
0.0
0.0
18.0
0.0
0.0
0.0
0.0
0.0
0.0
0.0
0.0
32.0
0.0
0.0
0.0
14.0
16.0
12.0
0.0
0.0
0.0
24.0
0.0
0.0
8.0
16.0
0.0
0.0
0.0
22.0
0.0
0.0
0.0
0.0
0.0
0.0
0.0
0.0
0.0
0.0
0.0
0.0
0.0
2.0
0.0
0.0
22.0
8.0
0.0
0.0
8.0
0.0
28.0
4.0
12.0
36.0
12.0
8.0
34.0
0.0
0.0
0.0
0.0
38.0
0.0
0.0
0.0
0.0
0.0
0.0
0.0
0.0
0.0
0.0
0.0
0.0
0.0
0.0
0.0
0.0
0.0
0.0
0.0
0.0
0.0
0.0
0.0
0.0
0.0
0.0
0.0
0.0
0.0
12.0
0.0
6.0
0.0
0.0
0.0
6.0
0.0
0.0
0.0
14.0
0.0
16.0
0.0
22.0
0.0
0.0
0.0
0.0
0.0
0.0
0.0
0.0
0.0
0.0
0.0
0.0
0.0
0.0
0.0
0.0
0.0
0.0
0.0
2.0
0.0
0.0
0.0
0.0
42.0
0.0
8.0
0.0
0.0
0.0
0.0
0.0
0.0
0.0
0.0
0.0
0.0
0.0
0.0
0.0
12.0
4.0
0.0
0.0
0.0
0.0
0.0
0.0
0.0
0.0
0.0
0.0
0.0
18.0
2.0
0.0
0.0
0.0
0.0
0.0
0.0
0.0
0.0
0.0
0.0
0.0
0.0
0.0
0.0
0.0
0.0
2.0
0.0
0.0
0.0
0.0
0.0
0.0
0.0
0.0
0.0
0.0
10.0
34.0
0.0
0.0
0.0
0.0
8.0
0.0
0.0
0.0
0.0
2.0
0.0
0.0
8.0
0.0
0.0
0.0
0.0
0.0
2.0
0.0
0.0
8.0
0.0
4.0
0.0
0.0
32.0
4.0
0.0
0.0
8.0
0.0
74.0
0.0
26.0
0.0
0.0
0.0
0.0
0.0
80.0
54.0
12.0
0.0
80.0
20.0
24.0
36.0
16.0
0.0
0.0
0.0
0.0
78.0
0.0
0.0
34.0
0.0
96.0
0.0
6.0
0.0
0.0
0.0
0.0
76.0
0.0
0.0
8.0
0.0
0.0
0.0
62.0
100.0
18.0
0.0
0.0
22.0
0.0
0.0
146.0
0.0
0.0
6.0
0.0
0.0
112.0
78.0
0.0
172.0
8.0
6.0
0.0
0.0
0.0
14.0
4.0
0.0
0.0
0.0
0.0
10.0
0.0
0.0
0.0
0.0
0.0
4.0
72.0
8.0
0.0
0.0
0.0
0.0
0.0
0.0
0.0
0.0
0.0
0.0
0.0
0.0
44.0
0.0
64.0
36.0
0.0
116.0
0.0
0.0
34.0
80.0
0.0
0.0
0.0
18.0
0.0
10.0
200.0
2.0
50.0
0.0
18.0
4.0
0.0
8.0
20.0
10.0
0.0
0.0
10.0
0.0
0.0
0.0
0.0
0.0
0.0
0.0
0.0
0.0
6.0
0.0
0.0
0.0
0.0
0.0
0.0
0.0
178.0
0.0
0.0
0.0
0.0
0.0
0.0
0.0
52.0
0.0
0.0
0.0
0.0
0.0
0.0
0.0
0.0
0.0
0.0
0.0
0.0
0.0
0.0
0.0
70.0
0.0
24.0
0.0
0.0
0.0
0.0
0.0
0.0
0.0
44.0
0.0
0.0
0.0
0.0
0.0
0.0
0.0
0.0
0.0
0.0
0.0
0.0
0.0
0.0
NaN
NaN
0.0
0.0
0.0
0.0
0.0
0.0
0.0
0.0
0.0
0.0
0.0
0.0
0.0
0.0
0.0
0.0
0.0
0.0
0.0
0.0
0.0
0.0
0.0
0.0
0.0
0.0
0.0
0.0
0.0
0.0
0.0
0.0
0.0
0.0
0.0
0.0
0.0
0.0
