NaN
10.5
14.0
NaN
13.0
11.0
NaN
11.5
12.0
12.0
NaN
15.5
16.0
17.5
15.5
NaN
14.5
15.0
17.0
15.5
15.5
18.0
12.5
16.0
15.5
12.5
14.0
16.5
16.0
21.5
19.0
16.0
16.5
14.5
12.5
15.0
16.5
17.5
15.0
13.5
12.0
15.5
19.5
17.5
19.0
19.0
NaN
19.0
20.0
14.5
15.0
14.0
16.5
17.0
20.0
17.0
16.5
12.0
14.0
18.0
17.0
16.5
15.5
16.0
16.0
17.0
19.5
22.0
24.0
18.5
18.0
13.0
16.5
18.0
15.0
19.5
19.0
18.0
16.0
17.0
19.5
21.0
16.0
22.0
NaN
17.0
18.0
17.5
15.5
15.5
17.0
14.0
14.0
14.5
16.0
17.5
18.0
20.5
17.0
14.0
15.5
18.0
15.5
16.5
13.5
10.5
13.5
11.0
15.0
15.5
15.5
11.0
11.5
14.0
11.5
8.5
10.0
9.0
14.0
14.0
9.5
6.5
11.0
17.0
4.0
3.0
1.5
7.5
8.5
10.0
10.0
7.5
4.0
4.0
12.0
10.0
2.0
7.0
11.0
11.0
7.5
7.5
7.5
8.5
7.5
5.5
5.0
4.5
6.5
10.0
2.0
8.0
1.5
-0.5
NaN
NaN
0.0
6.5
3.5
7.5
7.0
NaN
NaN
-1.0
-1.5
-2.0
-3.0
-3.0
-4.5
-3.0
4.5
1.5
NaN
-0.5
-0.5
-1.5
-3.5
-3.0
-2.0
-4.5
-7.0
-3.0
1.0
6.0
0.5
-1.0
1.5
-1.5
1.5
-1.0
-1.0
-3.0
-1.5
2.0
1.5
4.0
2.0
-1.0
1.5
3.5
0.0
-6.0
-10.0
-7.0
-1.0
1.0
1.5
NaN
-8.5
NaN
-1.5
NaN
-4.5
-8.5
-13.0
-3.0
3.0
2.0
3.0
-3.0
-5.5
-6.5
-6.5
-3.5
-9.5
-11.5
-9.0
-7.5
-7.5
-6.0
-16.5
-17.0
-18.0
-9.0
-12.0
-4.0
-7.0
-10.0
-2.0
-11.0
-11.5
-5.5
-11.0
-12.0
-5.0
1.0
-1.0
1.0
-3.0
0.5
-2.0
-1.5
-5.5
-10.0
-5.5
-5.0
-3.5
-11.0
-4.0
-2.0
-7.0
-10.5
-4.5
6.0
-4.0
0.5
-3.0
-6.5
-6.5
-10.0
-2.0
0.5
-2.5
-1.5
3.0
-2.0
-2.0
1.0
-2.0
-6.0
-4.0
-10.0
1.5
0.5
-2.5
-6.5
-5.0
-6.0
-7.0
-5.0
-2.5
-6.0
-2.0
-2.0
-3.0
-6.0
-7.0
-1.0
2.0
1.5
1.5
3.0
0.5
NaN
-1.0
-2.0
3.5
0.5
NaN
4.5
1.0
-1.0
-7.0
-5.0
-2.0
0.5
1.0
0.5
-1.5
5.0
1.5
0.0
0.0
0.5
0.0
1.0
2.0
1.5
2.0
3.5
2.0
3.5
2.5
9.0
NaN
2.0
6.5
4.5
3.0
0.0
1.5
2.0
8.5
6.0
5.0
10.0
5.0
5.0
9.0
4.5
5.0
1.5
4.5
5.5
5.0
5.5
6.0
9.0
9.5
4.0
3.5
4.0
9.0
9.0
12.0
10.0
10.0
9.0
7.0
10.5
10.5
12.5
11.5
11.5
14.5
15.0
16.0
16.5
14.0
8.5
13.5
16.5
15.5
14.0
18.0
22.0
19.5
17.5
17.5
17.5
20.0
14.0
16.5
17.0
21.0
21.0
19.0
19.5
15.5
10.5
12.5
15.0
12.0
13.0
12.0
14.0
15.0
17.0
20.5
22.0
19.5
20.5
22.0
14.5
10.0
16.5
14.5
14.5
15.5
14.0
18.0
22.0
20.0
18.5
14.0
16.0
16.0
19.5
21.0
18.0
17.0
14.0
12.5
16.5
15.0
15.0
19.0
16.0
20.0
14.5
14.5
21.0
20.0
17.0
12.0
12.0
14.0
12.5
14.5
10.0
15.0
17.0
16.0
14.5
17.5
16.5
16.5
19.0
16.0
13.5
14.0
9.0
14.5
14.0
12.5
11.0
15.0
17.5
14.5
16.0
13.0
14.0
16.5
16.5
13.0
16.5
14.5
9.5
7.0
13.5
5.5
5.0
10.0
6.0
6.5
10.0
13.5
