5.0
3.9
4.4
8.9
15.0
12.8
13.3
10.6
7.2
9.5
8.9
11.7
5.0
6.1
8.3
4.4
8.3
10.6
9.5
14.5
15.0
21.7
8.3
15.0
23.9
23.9
26.1
23.9
23.9
26.1
21.1
16.7
9.5
20.6
25.0
18.3
11.7
5.6
12.8
15.0
20.0
16.7
21.7
29.5
28.9
30.0
31.1
31.1
28.4
28.4
20.6
23.4
26.7
18.9
21.1
20.0
19.5
22.8
26.1
26.1
25.0
17.8
16.7
22.8
20.0
19.5
23.9
25.0
26.1
28.4
24.5
25.6
17.8
16.7
21.7
25.6
26.1
27.8
26.1
18.3
18.3
22.8
25.6
26.1
24.5
26.7
23.9
25.6
28.4
30.6
28.4
24.5
24.5
26.7
28.4
28.9
29.5
29.5
29.5
18.9
25.0
28.4
26.1
23.4
23.4
23.4
26.1
27.2
26.1
27.8
23.9
26.1
23.9
23.4
20.6
26.7
18.3
NaN
NaN
NaN
NaN
NaN
