4.4
4.4
4.4
7.8
13.3
11.1
12.2
8.3
8.3
11.7
10.6
10.6
4.4
7.2
2.2
3.3
4.4
11.1
5.6
13.3
14.5
19.5
8.9
13.3
21.1
22.8
26.1
23.4
22.8
25.6
21.1
16.1
11.1
17.8
23.4
19.5
11.7
6.1
11.7
15.0
18.3
17.2
21.1
27.2
28.4
28.4
31.7
31.1
30.6
27.2
20.6
23.4
26.1
20.6
20.6
20.6
20.6
22.8
26.7
26.1
24.5
19.5
17.2
22.8
20.0
19.5
24.5
24.5
25.6
28.4
26.1
25.6
16.1
17.8
21.1
23.9
25.0
26.7
25.0
18.9
18.3
22.8
25.6
27.2
25.6
26.1
24.5
25.0
26.7
28.4
28.4
25.0
24.5
26.1
27.8
27.8
28.9
29.5
30.0
19.5
24.5
27.2
26.1
25.0
23.9
24.5
25.6
26.7
27.2
26.1
23.4
25.6
24.5
25.0
21.1
25.0
19.5
24.5
24.5
25.6
25.6
22.8
25.0
23.9
26.1
27.8
27.2
NaN
NaN
25.6
22.2
21.7
23.4
27.2
23.4
21.1
21.7
23.4
NaN
NaN
NaN
NaN
NaN
NaN
NaN
NaN
NaN
NaN
NaN
NaN
NaN
NaN
NaN
NaN
NaN
NaN
NaN
NaN
18.3
19.5
23.9
23.4
25.0
18.9
23.9
27.2
22.2
21.1
20.6
21.1
18.9
15.6
11.1
14.5
12.8
16.7
18.9
15.6
17.2
12.2
11.1
13.3
16.1
20.0
21.7
20.0
20.6
20.6
21.1
20.6
16.1
16.7
18.9
22.2
20.0
15.0
20.0
23.9
22.8
15.0
16.7
18.3
16.7
12.2
13.9
7.8
6.1
2.2
1.1
10.6
15.0
6.1
7.2
6.7
7.2
7.2
6.1
6.1
4.4
7.2
8.9
8.3
8.3
7.8
8.3
5.6
5.6
6.1
8.9
5.6
2.2
2.8
2.8
5.0
7.8
3.3
7.8
5.0
6.7
6.1
9.5
10.0
13.3
11.7
11.7
6.1
11.7
10.6
5.0
2.2
2.2
0.6
NaN
-4.4
NaN
-8.9
-8.3
-3.3
-2.8
0.6
2.2
2.8
2.8
0.6
-2.8
-0.6
1.1
-6.7
2.2
-1.7
-2.2
-1.7
0.0
-11.1
NaN
-5.0
-3.3
-1.7
0.0
0.0
-1.1
-0.6
0.0
1.7
5.6
NaN
0.0
-10.0
-8.3
-13.3
-10.0
-5.0
2.2
1.1
-6.1
-5.0
-4.4
NaN
NaN
-10.0
-8.9
-8.9
-12.2
-5.0
-7.2
-10.0
-1.1
2.2
-11.7
-0.6
2.2
2.8
2.2
-11.7
-3.3
-3.3
-3.3
-7.2
-6.7
-5.6
-12.8
-10.0
0.0
2.8
5.6
-1.1
-13.9
-11.7
NaN
-3.9
-8.3
-10.6
-7.2
-5.0
-3.9
-2.8
0.0
3.9
1.1
2.8
-1.1
2.2
-2.8
-1.1
0.6
5.0
1.7
-0.6
2.2
6.7
9.5
0.0
2.8
2.2
1.7
-1.7
6.1
12.8
13.3
12.2
7.8
8.3
16.7
19.4
13.9
11.7
18.9
16.1
8.9
3.3
11.1
10.6
NaN
6.1
6.1
9.5
11.7
13.3
12.8
12.2
14.5
17.2
12.8
16.1
11.1
16.1
6.1
4.4
7.2
11.1
13.9
14.5
17.2
16.1
13.3
9.5
11.1
19.5
19.5
17.2
15.6
16.1
21.1
22.8
14.5
11.7
13.9
15.0
15.0
15.6
17.2
20.6
16.1
15.6
13.3
17.8
9.5
9.5
12.8
18.9
20.6
23.4
21.1
19.5
17.8
19.5
25.6
24.5
26.1
26.7
23.9
26.1
23.9
23.9
27.2
19.5
18.3
13.3
20.0
20.0
21.7
21.1
22.2
22.8
25.0
20.6
16.7
21.1
23.9
26.1
27.8
28.4
29.5
30.0
29.5
30.6
30.0
29.5
20.6
23.9
26.1
25.6
27.2
19.5
21.7
22.8
25.6
28.4
28.4
21.1
23.9
24.5
28.4
28.9
25.0
25.0
28.9
26.1
28.9
30.0
31.1
30.6
30.0
29.5
25.6
24.5
25.0
24.5
26.1
27.8
22.2
25.0
26.7
26.1
27.2
23.9
23.4
26.7
22.8
24.5
18.9
21.7
21.1
21.1
20.6
20.6
22.2
24.5
26.7
26.7
19.5
21.1
22.2
23.9
21.1
22.2
25.6
19.5
21.7
22.8
23.9
15.6
20.0
21.1
22.8
23.9
23.9
21.1
23.9
21.1
12.8
18.3
20.0
20.6
23.9
22.2
25.0
13.3
15.6
16.1
14.5
15.6
20.0
21.7
22.2
15.6
10.6
18.9
19.5
21.7
16.7
15.6
18.3
22.8
23.9
16.7
18.3
21.1
24.5
17.2
16.7
18.9
20.6
21.1
23.4
23.4
22.2
22.2
17.8
22.2
21.7
22.2
23.4
23.9
22.8
NaN
NaN
NaN
6.1
10.0
6.1
9.5
11.7
9.5
11.1
11.1
8.3
11.1
13.9
7.8
5.6
7.8
7.2
8.3
11.7
14.5
15.0
10.0
11.7
12.2
14.5
15.0
1.7
3.3
10.0
9.5
9.5
8.9
0.0
-1.1
-1.1
-0.6
-0.6
-0.6
3.3
7.2
7.8
0.6
-2.2
-3.3
-3.9
-3.9
-9.5
-6.1
-7.8
-7.2
-3.9
-10.0
-9.5
-6.7
-2.2
-2.8
-2.2
0.6
1.7
-5.0
-6.1
NaN
-10.0
-5.6
-4.4
0.0
4.4
2.2
1.1
1.7
1.1
2.2
4.4
-0.6
-4.4
-10.6
-10.0
-7.2
-5.0
-1.7
-2.2
1.1
3.3
3.9
4.4
6.1
7.8
7.2
NaN
0.6
-2.2
-4.4
1.1
1.1
2.2
2.2
0.6
-1.1
1.7
8.9
3.9
1.7
-4.4
-4.4
-6.1
-2.2
1.1
1.7
0.6
0.0
-1.1
-1.7
2.2
1.1
-2.2
-3.9
-2.2
-1.1
-7.8
1.7
-2.2
-7.2
0.0
2.2
3.3
4.4
11.7
8.9
11.1
3.3
7.8
1.1
2.8
-1.1
-1.1
4.4
3.9
7.8
5.6
7.2
5.0
-2.2
1.1
3.3
3.9
6.7
6.1
13.9
6.7
5.0
0.0
3.3
-0.6
-3.3
-1.1
1.1
4.4
0.6
0.0
8.3
11.7
17.2
7.2
7.2
11.1
13.3
17.2
15.0
15.6
10.0
15.6
20.6
13.9
9.5
6.1
11.7
16.1
13.3
9.5
14.5
20.0
13.3
20.6
14.5
14.5
17.2
21.1
20.6
22.2
25.6
23.9
22.8
19.5
16.7
17.2
16.7
19.5
17.2
15.0
15.6
20.0
20.0
21.7
26.7
16.1
20.0
25.0
26.7
25.0
21.1
20.0
18.9
14.5
13.9
16.7
13.9
17.2
17.2
15.0
16.7
17.8
22.2
20.6
22.2
27.8
20.6
18.3
23.9
26.1
26.1
19.5
15.6
20.0
25.6
29.5
26.1
25.6
26.7
31.1
22.8
22.8
27.8
28.9
25.0
31.7
32.2
30.0
23.4
25.0
21.7
25.0
24.5
26.7
19.5
26.7
30.0
28.9
21.1
20.0
21.1
22.8
26.1
28.4
29.5
30.0
30.0
31.7
30.0
29.5
31.7
28.4
30.6
29.5
30.0
25.0
23.4
22.8
22.2
26.7
22.8
23.9
23.9
21.7
25.6
20.0
18.3
21.1
27.2
19.5
15.0
20.0
21.1
21.7
24.5
19.5
18.9
20.6
16.1
24.5
22.2
21.1
23.9
20.6
23.4
27.8
26.1
27.8
22.8
20.0
21.1
23.9
26.1
20.6
20.0
22.2
26.7
27.2
27.2
23.4
16.1
17.8
19.5
15.0
17.8
22.8
24.5
19.5
21.1
22.2
21.1
22.8
15.6
16.1
22.2
19.5
13.9
16.7
16.1
20.6
19.5
18.3
17.2
8.9
7.2
11.7
15.6
12.8
3.9
7.8
12.8
16.7
16.1
18.9
23.4
23.4
18.3
11.7
7.8
10.6
7.8
6.7
11.1
16.1
17.8
17.2
16.1
10.6
10.0
12.2
14.5
14.5
16.7
15.6
13.3
10.0
8.9
13.9
14.5
15.0
16.1
16.7
12.2
10.6
13.3
13.3
8.9
5.0
2.2
3.3
-3.3
NaN
3.9
7.2
7.2
8.9
2.8
10.6
3.3
NaN
