227.0
281.0
83.0
456.0
917.0
506.0
976.0
428.0
1571.0
310.0
152.0
225.0
300.0
87.0
198.0
152.0
558.0
838.0
850.0
658.0
581.0
626.0
604.0
599.0
56.0
110.0
198.0
61.0
626.0
479.0
628.0
628.0
390.0
465.0
621.0
255.0
368.0
291.0
76.0
192.0
671.0
95.0
444.0
610.0
437.0
19.0
400.0
294.0
390.0
446.0
69.0
233.0
288.0
938.0
1326.0
1118.0
1096.0
626.0
364.0
64.0
201.0
706.0
80.0
49.0
90.0
729.0
661.0
523.0
837.0
633.0
265.0
97.0
303.0
221.0
176.0
302.0
410.0
1172.0
373.0
923.0
608.0
861.0
707.0
286.0
264.0
139.0
66.0
390.0
523.0
430.0
983.0
514.0
299.0
574.0
835.0
331.0
131.0
229.0
125.0
305.0
92.0
402.0
646.0
341.0
1059.0
718.0
490.0
254.0
341.0
27.0
137.0
88.0
338.0
231.0
2160.0
976.0
928.0
1483.0
776.0
435.0
214.0
499.0
134.0
261.0
793.0
1396.0
260.0
371.0
1068.0
694.0
99.0
197.0
87.0
416.0
227.0
384.0
313.0
702.0
1925.0
300.0
1103.0
603.0
327.0
176.0
253.0
338.0
248.0
274.0
404.0
154.0
1721.0
652.0
380.0
77.0
89.0
50.0
251.0
233.0
320.0
137.0
100.0
1144.0
1157.0
810.0
1283.0
1485.0
126.0
589.0
292.0
175.0
113.0
276.0
214.0
1130.0
484.0
1004.0
212.0
402.0
235.0
381.0
333.0
113.0
294.0
497.0
538.0
1089.0
374.0
157.0
852.0
352.0
503.0
249.0
277.0
397.0
254.0
155.0
43.0
244.0
763.0
409.0
866.0
1111.0
381.0
219.0
171.0
180.0
16.0
230.0
203.0
374.0
1357.0
181.0
1032.0
995.0
474.0
132.0
129.0
285.0
127.0
424.0
273.0
250.0
702.0
1398.0
881.0
396.0
539.0
152.0
338.0
219.0
161.0
692.0
79.0
213.0
755.0
583.0
285.0
515.0
296.0
277.0
114.0
148.0
213.0
150.0
425.0
402.0
1243.0
807.0
109.0
397.0
1215.0
233.0
314.0
170.0
185.0
127.0
306.0
622.0
657.0
436.0
975.0
596.0
617.0
466.0
171.0
99.0
189.0
313.0
899.0
177.0
945.0
996.0
220.0
903.0
144.0
559.0
94.0
76.0
380.0
139.0
16.0
669.0
346.0
1292.0
797.0
77.0
293.0
155.0
203.0
168.0
103.0
422.0
44.0
532.0
931.0
1346.0
368.0
757.0
375.0
291.0
423.0
355.0
80.0
250.0
144.0
874.0
1017.0
718.0
594.0
227.0
430.0
165.0
214.0
352.0
86.0
344.0
317.0
357.0
1709.0
896.0
286.0
423.0
74.0
244.0
248.0
174.0
84.0
349.0
666.0
561.0
629.0
923.0
183.0
1121.0
901.0
352.0
321.0
106.0
170.0
219.0
347.0
284.0
806.0
1205.0
715.0
887.0
93.0
286.0
394.0
153.0
2.0
151.0
262.0
111.0
969.0
1616.0
1193.0
284.0
244.0
131.0
168.0
101.0
43.0
90.0
217.0
518.0
458.0
998.0
713.0
652.0
1077.0
384.0
193.0
338.0
91.0
292.0
134.0
NaN
259.0
1100.0
1309.0
266.0
464.0
399.0
262.0
109.0
317.0
317.0
359.0
979.0
239.0
1025.0
800.0
1045.0
542.0
768.0
472.0
147.0
138.0
245.0
800.0
588.0
605.0
724.0
501.0
503.0
806.0
279.0
106.0
387.0
407.0
55.0
202.0
1424.0
691.0
338.0
574.0
127.0
654.0
37.0
105.0
94.0
85.0
265.0
407.0
894.0
999.0
632.0
797.0
971.0
397.0
101.0
203.0
285.0
263.0
350.0
119.0
492.0
1941.0
736.0
996.0
574.0
133.0
866.0
280.0
144.0
173.0
34.0
196.0
1238.0
731.0
1407.0
647.0
117.0
505.0
256.0
321.0
315.0
55.0
226.0
280.0
642.0
1504.0
509.0
1072.0
596.0
200.0
185.0
179.0
115.0
265.0
127.0
305.0
844.0
1071.0
644.0
385.0
1600.0
225.0
115.0
370.0
575.0
125.0
579.0
177.0
1243.0
1005.0
807.0
1016.0
1031.0
621.0
154.0
530.0
445.0
70.0
65.0
356.0
866.0
2179.0
954.0
418.0
492.0
279.0
380.0
250.0
285.0
110.0
175.0
101.0
754.0
688.0
885.0
383.0
667.0
462.0
258.0
680.0
45.0
570.0
347.0
217.0
1413.0
1622.0
905.0
309.0
480.0
921.0
332.0
245.0
60.0
200.0
155.0
104.0
374.0
NaN
1499.0
NaN
NaN
NaN
222.0
350.0
190.0
360.0
473.0
NaN
571.0
NaN
NaN
1782.0
NaN
NaN
191.0
NaN
NaN
360.0
111.0
457.0
NaN
1022.0
1152.0
1757.0
837.0
713.0
691.0
383.0
425.0
105.0
249.0
478.0
523.0
749.0
192.0
330.0
625.0
270.0
419.0
150.0
220.0
275.0
392.0
332.0
1269.0
1014.0
705.0
865.0
239.0
1107.0
378.0
330.0
690.0
NaN
265.0
NaN
596.0
NaN
NaN
354.0
684.0
293.0
617.0
NaN
710.0
535.0
NaN
227.0
NaN
NaN
287.0
611.0
417.0
517.0
NaN
NaN
NaN
NaN
NaN
NaN
NaN
NaN
NaN
NaN
NaN
NaN
NaN
NaN
NaN
NaN
NaN
NaN
NaN
NaN
NaN
NaN
NaN
NaN
NaN
NaN
NaN
NaN
NaN
