NaN
20.55
12.6451612903
5.25666666667
1.41935483871
-5.34838709677
-2.69642857143
3.39677419355
10.2766666667
15.3903225806
23.4766666667
26.4451612903
24.6258064516
18.7566666667
13.2387096774
8.55333333333
-1.15483870968
-0.0161290322581
-5.33214285714
1.25161290323
10.6366666667
13.7838709677
23.8333333333
24.8516129032
24.1064516129
20.5133333333
13.4677419355
4.27666666667
0.596774193548
-7.15161290323
-5.47586206897
5.03225806452
13.98
16.5774193548
20.9433333333
24.7419354839
23.7322580645
22.61
14.9225806452
4.13666666667
-4.4935483871
-3.49677419355
-2.13928571429
1.08064516129
10.8633333333
16.135483871
21.24
25.2193548387
25.5451612903
20.33
13.2419354839
6.11666666667
-3.67419354839
-8.0
-3.71071428571
2.1
11.8433333333
17.2258064516
23.33
25.5870967742
25.0064516129
20.1466666667
NaN
7.89333333333
-5.07419354839
-6.37419354839
-2.13571428571
0.743333333333
8.4
17.5774193548
22.9233333333
24.135483871
23.564516129
21.5566666667
16.9483870968
4.87666666667
0.393548387097
-1.18387096774
-5.44137931034
-0.490322580645
7.18666666667
19.035483871
21.2266666667
24.8387096774
23.3741935484
20.37
11.0161290323
4.01
-1.14516129032
-1.0064516129
-3.66428571429
7.00322580645
10.5166666667
16.0516129032
23.7033333333
27.1516129032
27.3
20.7896551724
16.0129032258
7.05333333333
0.483870967742
-3.6064516129
-4.25714285714
1.55483870968
11.2933333333
15.4935483871
22.2166666667
24.4064516129
24.8193548387
18.17
11.3967741935
5.27666666667
0.886666666667
-0.822580645161
-2.12142857143
0.464516129032
7.81666666667
21.5774193548
23.3433333333
26.9387096774
26.3225806452
18.2966666667
14.1870967742
9.31
-2.82580645161
-6.55806451613
0.98275862069
4.04838709677
12.3066666667
15.3258064516
24.03
23.3451612903
23.1580645161
18.26
10.3709677419
3.77333333333
-4.57096774194
-8.40967741935
-2.6
6.49032258065
11.95
19.6612903226
21.2
25.7580645161
23.0322580645
18.4
12.3064516129
7.33333333333
-1.95161290323
-6.22580645161
-6.64285714286
0.129032258065
8.66666666667
19.0967741935
22.3333333333
26.1935483871
25.2068965517
NaN
NaN
6.9
0.661290322581
-4.72580645161
-8.85714285714
5.95161290323
10.7666666667
17.2666666667
21.9666666667
26.1935483871
22.7096774194
19.45
12.1612903226
9.06666666667
1.14516129032
-2.82258064516
-4.46551724138
2.51612903226
11.6896551724
18.6451612903
20.2333333333
25.4677419355
25.5161290323
19.6166666667
11.3064516129
4.20689655172
-4.04838709677
-8.29032258065
3.21428571429
4.16129032258
11.7333333333
17.9838709677
22.5
25.8387096774
23.9193548387
18.2166666667
10.3870967742
6.06666666667
0.41935483871
-7.77419354839
-3.14285714286
3.03333333333
9.73333333333
19.6290322581
20.6166666667
26.0967741935
22.3333333333
19.6666666667
13.9516129032
7.8
3.46774193548
-2.32258064516
-1.66666666667
4.61290322581
9.06666666667
15.5806451613
24.0833333333
27.2258064516
25.5806451613
22.65
13.4677419355
5.66666666667
-3.06451612903
-6.35483870968
1.56896551724
-1.43333333333
11.65
14.8870967742
23.65
25.0967741935
25.0967741935
18.7166666667
15.0161290323
7.16666666667
2.73333333333
-7.48275862069
-2.51851851852
4.17741935484
11.2666666667
18.15
19.65
24.5806451613
24.2741935484
20.95
14.3225806452
5.21666666667
-2.48387096774
-3.59677419355
-4.69642857143
3.95161290323
13.9833333333
18.4
20.9333333333
23.9677419355
22.7580645161
18.3666666667
12.3548387097
5.03333333333
0.774193548387
-2.63333333333
-3.83928571429
5.8064516129
14.2833333333
16.7592592593
23.4074074074
26.7333333333
24.435483871
19.2833333333
12.064516129
6.55357142857
1.35483870968
-1.41666666667
-2.58620689655
3.13333333333
10.3666666667
18.8620689655
NaN
27.1129032258
25.6129032258
19.7833333333
10.7903225806
7.51785714286
0.233333333333
0.0666666666667
-3.72222222222
0.883333333333
9.4
18.5
23.0862068966
26.7037037037
24.3225806452
20.2833333333
14.0967741935
6.33333333333
-9.45161290323
1.32258064516
-1.51785714286
3.3275862069
11.6896551724
16.3333333333
21.6833333333
25.2096774194
25.1833333333
18.6166666667
13.2096774194
8.15
2.38709677419
NaN
1.09259259259
4.41935483871
12.3214285714
20.0483870968
24.3269230769
26.564516129
25.2903225806
19.5166666667
14.8709677419
6.45
-0.0833333333333
-3.09677419355
-2.3275862069
0.683333333333
9.9
18.6935483871
20.9655172414
22.5161290323
22.6935483871
19.5666666667
11.0806451613
6.05
0.451612903226
-3.75806451613
-6.375
1.71428571429
9.96551724138
17.5161290323
21.4666666667
26.2580645161
26.5806451613
19.0166666667
11.6935483871
5.41666666667
-0.966666666667
-9.8064516129
-5.35714285714
2.20967741935
10.6333333333
16.0967741935
23.9333333333
26.4838709677
23.6612903226
20.3275862069
14.7258064516
9.72413793103
2.10344827586
-0.274193548387
-4.08928571429
7.03333333333
8.73333333333
18.3833333333
25.6666666667
26.7419354839
26.3709677419
19.2166666667
15.0166666667
3.06666666667
-3.98387096774
-3.67741935484
-2.39655172414
2.0
9.6
17.1612903226
23.3333333333
24.6451612903
25.2413793103
21.2333333333
12.9677419355
3.71666666667
2.12903225806
-3.09677419355
0.517857142857
1.91935483871
10.3333333333
15.0322580645
24.95
25.7258064516
23.5806451613
19.0
13.6290322581
4.91666666667
-0.0806451612903
-2.1935483871
1.91071428571
4.8064516129
13.8833333333
22.6333333333
23.0172413793
25.1612903226
24.9137931034
21.15
14.2741935484
7.2
3.77419354839
-3.95161290323
0.946428571429
2.70967741935
12.6166666667
21.5483870968
25.65
27.8225806452
24.4677419355
22.9333333333
13.4677419355
9.9
2.03225806452
-3.68333333333
-0.189655172414
7.45161290323
9.38333333333
18.1774193548
21.5
24.064516129
24.3225806452
19.0666666667
13.6666666667
6.2
-3.95
-2.3064516129
-1.19642857143
2.3064516129
13.8333333333
20.6129032258
24.6166666667
25.5483870968
28.2903225806
21.7166666667
15.2666666667
10.0833333333
4.2
1.59677419355
1.82142857143
3.6935483871
11.9464285714
15.7096774194
22.7413793103
27.1935483871
27.435483871
24.3666666667
12.4032258065
5.61666666667
0.548387096774
-6.25806451613
-4.67857142857
3.41935483871
9.21666666667
18.3870967742
22.8
26.0806451613
26.3833333333
22.5172413793
12.95
8.06666666667
1.39655172414
-8.64516129032
-1.48275862069
5.84482758621
11.5666666667
19.0166666667
22.2333333333
25.3387096774
23.6612903226
22.1034482759
14.5483870968
8.0
-0.5
-4.48387096774
-0.446428571429
2.83870967742
12.8448275862
17.0967741935
26.65
28.0967741935
26.9838709677
22.9464285714
13.75
9.7
-1.40322580645
1.61290322581
-1.08928571429
5.03225806452
13.4666666667
19.25
23.0666666667
27.1
25.7258064516
19.6
12.75
8.98333333333
4.7
-1.74193548387
-4.82142857143
3.83870967742
10.3333333333
19.8064516129
25.2666666667
25.1774193548
26.7258064516
23.45
17.2741935484
6.38333333333
-1.01612903226
-0.677419354839
-2.84482758621
0.983870967742
14.95
17.7741935484
23.4666666667
25.1935483871
24.3870967742
21.2666666667
13.5
6.38333333333
-0.612903225806
-6.0
-0.25
4.96774193548
12.2333333333
17.8387096774
22.4166666667
23.5161290323
25.1935483871
20.7666666667
11.4655172414
9.48333333333
-1.3064516129
-2.95
-0.946428571429
7.79032258065
15.6206896552
21.564516129
22.73
27.4193548387
25.6774193548
20.8
13.5967741935
8.55
-1.5
-4.88709677419
-1.51851851852
3.59677419355
11.9333333333
19.0322580645
24.0333333333
27.8709677419
25.3870967742
22.45
14.3870967742
10.5333333333
2.95
-0.935483870968
1.13793103448
9.74193548387
10.7666666667
21.3225806452
24.15
28.6774193548
26.7419354839
21.2413793103
15.6851851852
6.26666666667
1.58064516129
-0.838709677419
-2.11111111111
3.5
11.1666666667
20.5161290323
21.5166666667
26.2903225806
24.1612903226
19.8166666667
14.9032258065
4.61666666667
-3.43548387097
-5.43103448276
-4.08928571429
-0.838709677419
10.1
17.5483870968
23.5166666667
23.6290322581
23.8225806452
19.95
14.064516129
5.2
0.161290322581
-6.12903225806
-10.2321428571
1.16129032258
11.9666666667
21.7096774194
22.8035714286
25.435483871
24.9838709677
23.3333333333
12.5967741935
10.2
6.48387096774
-0.887096774194
-1.53448275862
5.37096774194
9.66666666667
19.8387096774
23.85
26.8225806452
27.9516129032
23.0333333333
13.7096774194
8.18333333333
0.951612903226
0.322580645161
2.0
1.0
12.5666666667
16.6612903226
22.1333333333
24.2258064516
24.0166666667
22.7
17.7068965517
