0.0
0.0
0.0
0.0
168.0
5.0
0.0
0.0
0.0
0.0
0.0
300.0
102.0
0.0
0.0
41.0
0.0
0.0
0.0
0.0
0.0
0.0
0.0
0.0
51.0
127.0
0.0
0.0
0.0
0.0
0.0
0.0
36.0
0.0
0.0
0.0
51.0
0.0
0.0
0.0
0.0
0.0
0.0
0.0
0.0
0.0
0.0
0.0
0.0
0.0
89.0
38.0
81.0
0.0
30.0
41.0
0.0
0.0
0.0
0.0
0.0
112.0
0.0
3.0
0.0
0.0
8.0
0.0
0.0
0.0
0.0
0.0
0.0
0.0
0.0
0.0
0.0
0.0
0.0
0.0
0.0
0.0
0.0
0.0
0.0
0.0
0.0
0.0
0.0
0.0
0.0
0.0
0.0
0.0
0.0
0.0
0.0
0.0
0.0
0.0
0.0
0.0
0.0
0.0
0.0
0.0
0.0
8.0
0.0
0.0
0.0
0.0
0.0
0.0
0.0
0.0
15.0
0.0
0.0
0.0
0.0
0.0
0.0
0.0
0.0
0.0
0.0
0.0
20.0
51.0
0.0
0.0
0.0
20.0
0.0
0.0
0.0
0.0
0.0
0.0
0.0
0.0
0.0
0.0
0.0
8.0
0.0
0.0
0.0
0.0
0.0
0.0
20.0
51.0
0.0
0.0
0.0
0.0
0.0
0.0
0.0
0.0
0.0
0.0
0.0
0.0
132.0
0.0
0.0
0.0
0.0
0.0
0.0
0.0
0.0
0.0
0.0
0.0
0.0
0.0
0.0
0.0
0.0
0.0
51.0
0.0
25.0
0.0
0.0
0.0
0.0
0.0
0.0
30.0
0.0
0.0
0.0
0.0
25.0
30.0
46.0
0.0
0.0
0.0
0.0
0.0
0.0
0.0
0.0
5.0
0.0
0.0
41.0
163.0
0.0
0.0
0.0
0.0
157.0
0.0
0.0
0.0
0.0
0.0
0.0
0.0
0.0
0.0
0.0
0.0
0.0
0.0
0.0
0.0
0.0
0.0
0.0
0.0
0.0
0.0
76.0
0.0
0.0
15.0
76.0
0.0
0.0
0.0
0.0
0.0
0.0
0.0
0.0
0.0
0.0
0.0
0.0
203.0
25.0
0.0
0.0
178.0
102.0
25.0
0.0
0.0
0.0
0.0
0.0
0.0
102.0
25.0
0.0
0.0
0.0
0.0
0.0
0.0
0.0
0.0
0.0
15.0
0.0
119.0
10.0
0.0
20.0
0.0
0.0
0.0
0.0
30.0
0.0
0.0
0.0
0.0
76.0
0.0
8.0
0.0
20.0
0.0
0.0
0.0
0.0
0.0
0.0
0.0
0.0
0.0
0.0
0.0
0.0
218.0
107.0
0.0
0.0
0.0
0.0
0.0
0.0
0.0
58.0
25.0
0.0
64.0
0.0
51.0
0.0
0.0
0.0
0.0
157.0
15.0
0.0
0.0
0.0
0.0
48.0
0.0
0.0
0.0
8.0
0.0
0.0
0.0
76.0
71.0
0.0
0.0
13.0
51.0
0.0
0.0
0.0
0.0
414.0
0.0
86.0
0.0
0.0
0.0
0.0
5.0
0.0
0.0
0.0
0.0
0.0
0.0
0.0
0.0
0.0
0.0
0.0
0.0
0.0
0.0
0.0
0.0
0.0
0.0
0.0
0.0
0.0
79.0
0.0
0.0
0.0
0.0
0.0
0.0
0.0
147.0
0.0
0.0
0.0
0.0
0.0
0.0
0.0
0.0
0.0
0.0
0.0
0.0
109.0
28.0
0.0
41.0
13.0
0.0
0.0
0.0
0.0
163.0
432.0
0.0
53.0
46.0
10.0
0.0
0.0
0.0
0.0
0.0
0.0
0.0
0.0
0.0
0.0
10.0
0.0
0.0
0.0
0.0
0.0
0.0
0.0
0.0
0.0
0.0
0.0
0.0
0.0
0.0
0.0
0.0
0.0
36.0
84.0
0.0
0.0
79.0
10.0
10.0
23.0
8.0
0.0
0.0
0.0
0.0
0.0
0.0
0.0
0.0
0.0
0.0
0.0
0.0
0.0
0.0
10.0
15.0
0.0
0.0
0.0
15.0
0.0
0.0
25.0
0.0
0.0
0.0
25.0
0.0
0.0
13.0
0.0
76.0
8.0
0.0
0.0
10.0
0.0
0.0
0.0
0.0
10.0
0.0
0.0
3.0
0.0
0.0
13.0
0.0
0.0
5.0
10.0
10.0
0.0
0.0
0.0
0.0
0.0
0.0
0.0
0.0
5.0
0.0
0.0
10.0
0.0
0.0
0.0
10.0
0.0
0.0
0.0
25.0
13.0
0.0
41.0
0.0
25.0
0.0
0.0
0.0
0.0
0.0
0.0
0.0
0.0
15.0
0.0
51.0
51.0
0.0
0.0
0.0
0.0
0.0
0.0
0.0
0.0
0.0
0.0
0.0
5.0
0.0
0.0
0.0
0.0
0.0
0.0
0.0
0.0
0.0
0.0
0.0
0.0
0.0
0.0
0.0
0.0
0.0
0.0
0.0
0.0
0.0
0.0
0.0
0.0
0.0
36.0
0.0
0.0
15.0
0.0
0.0
0.0
0.0
0.0
0.0
18.0
0.0
0.0
0.0
0.0
0.0
36.0
41.0
76.0
0.0
0.0
0.0
0.0
25.0
0.0
0.0
0.0
0.0
0.0
0.0
0.0
0.0
0.0
0.0
0.0
0.0
0.0
0.0
0.0
0.0
325.0
28.0
0.0
0.0
0.0
0.0
0.0
0.0
0.0
0.0
25.0
0.0
191.0
0.0
0.0
0.0
0.0
0.0
0.0
28.0
0.0
0.0
48.0
0.0
0.0
0.0
0.0
0.0
0.0
5.0
33.0
0.0
0.0
0.0
0.0
0.0
0.0
0.0
0.0
0.0
0.0
0.0
0.0
0.0
0.0
0.0
0.0
0.0
173.0
203.0
69.0
0.0
0.0
699.0
0.0
140.0
0.0
0.0
635.0
0.0
48.0
0.0
0.0
188.0
0.0
0.0
0.0
0.0
5.0
0.0
86.0
155.0
0.0
236.0
51.0
3.0
48.0
15.0
0.0
0.0
0.0
0.0
0.0
234.0
23.0
406.0
18.0
0.0
0.0
5.0
0.0
38.0
0.0
0.0
0.0
46.0
0.0
43.0
51.0
0.0
102.0
10.0
41.0
5.0
23.0
0.0
0.0
0.0
0.0
0.0
0.0
0.0
0.0
0.0
0.0
0.0
0.0
0.0
0.0
10.0
0.0
0.0
0.0
122.0
0.0
0.0
0.0
0.0
0.0
0.0
0.0
0.0
0.0
0.0
0.0
0.0
0.0
84.0
3.0
53.0
30.0
191.0
0.0
0.0
0.0
0.0
0.0
0.0
0.0
8.0
0.0
0.0
3.0
0.0
0.0
0.0
8.0
0.0
0.0
0.0
0.0
0.0
173.0
0.0
0.0
0.0
0.0
71.0
163.0
0.0
0.0
0.0
0.0
0.0
0.0
0.0
0.0
0.0
0.0
15.0
0.0
3.0
48.0
8.0
472.0
0.0
0.0
0.0
0.0
0.0
0.0
0.0
10.0
0.0
0.0
0.0
51.0
0.0
25.0
0.0
0.0
71.0
0.0
0.0
0.0
0.0
0.0
0.0
0.0
0.0
0.0
20.0
0.0
5.0
20.0
20.0
0.0
0.0
0.0
0.0
0.0
8.0
25.0
5.0
15.0
3.0
0.0
0.0
0.0
0.0
0.0
0.0
0.0
0.0
0.0
0.0
0.0
0.0
0.0
0.0
15.0
0.0
3.0
0.0
0.0
0.0
0.0
5.0
25.0
3.0
20.0
0.0
51.0
0.0
0.0
0.0
0.0
0.0
0.0
0.0
0.0
0.0
0.0
0.0
0.0
25.0
10.0
81.0
0.0
0.0
0.0
0.0
0.0
0.0
25.0
5.0
0.0
0.0
114.0
0.0
0.0
0.0
10.0
0.0
0.0
0.0
0.0
0.0
0.0
0.0
0.0
0.0
0.0
0.0
0.0
0.0
0.0
0.0
0.0
0.0
0.0
0.0
0.0
5.0
0.0
64.0
0.0
0.0
0.0
0.0
0.0
5.0
0.0
0.0
5.0
0.0
46.0
0.0
0.0
0.0
0.0
0.0
0.0
25.0
5.0
10.0
10.0
0.0
0.0
0.0
0.0
0.0
0.0
0.0
0.0
0.0
0.0
0.0
0.0
0.0
0.0
0.0
0.0
0.0
76.0
76.0
0.0
0.0
0.0
0.0
0.0
0.0
0.0
0.0
0.0
36.0
25.0
0.0
0.0
0.0
0.0
0.0
0.0
0.0
0.0
0.0
0.0
0.0
0.0
0.0
0.0
48.0
0.0
0.0
0.0
0.0
0.0
0.0
0.0
0.0
0.0
0.0
0.0
0.0
23.0
0.0
0.0
0.0
0.0
0.0
97.0
0.0
0.0
0.0
0.0
13.0
0.0
41.0
0.0
0.0
0.0
5.0
0.0
51.0
0.0
23.0
0.0
0.0
0.0
0.0
0.0
0.0
0.0
0.0
81.0
0.0
0.0
0.0
0.0
0.0
0.0
0.0
234.0
74.0
0.0
0.0
0.0
0.0
84.0
0.0
0.0
0.0
0.0
0.0
0.0
0.0
351.0
0.0
0.0
0.0
0.0
102.0
0.0
0.0
0.0
0.0
0.0
0.0
0.0
3.0
0.0
0.0
0.0
170.0
28.0
66.0
13.0
0.0
23.0
13.0
0.0
5.0
53.0
23.0
0.0
53.0
0.0
0.0
0.0
0.0
0.0
0.0
79.0
0.0
0.0
10.0
0.0
36.0
0.0
8.0
0.0
0.0
150.0
0.0
0.0
46.0
13.0
0.0
0.0
0.0
140.0
46.0
0.0
0.0
0.0
0.0
0.0
0.0
0.0
0.0
0.0
0.0
0.0
0.0
0.0
23.0
0.0
64.0
0.0
0.0
8.0
0.0
0.0
0.0
0.0
8.0
0.0
0.0
0.0
20.0
0.0
5.0
0.0
0.0
0.0
112.0
28.0
0.0
0.0
114.0
0.0
0.0
0.0
0.0
0.0
0.0
0.0
0.0
0.0
0.0
0.0
0.0
43.0
0.0
0.0
0.0
0.0
0.0
0.0
0.0
0.0
0.0
0.0
0.0
0.0
0.0
0.0
0.0
18.0
5.0
0.0
38.0
0.0
0.0
0.0
0.0
0.0
0.0
51.0
10.0
0.0
0.0
0.0
0.0
0.0
0.0
0.0
0.0
0.0
0.0
15.0
0.0
0.0
0.0
0.0
0.0
0.0
20.0
0.0
25.0
0.0
0.0
0.0
13.0
0.0
0.0
0.0
0.0
0.0
0.0
0.0
0.0
0.0
0.0
0.0
0.0
0.0
10.0
0.0
0.0
0.0
10.0
25.0
10.0
25.0
0.0
0.0
0.0
0.0
0.0
0.0
89.0
0.0
0.0
0.0
0.0
0.0
0.0
0.0
0.0
0.0
0.0
0.0
0.0
0.0
0.0
0.0
0.0
0.0
0.0
0.0
0.0
0.0
0.0
5.0
0.0
0.0
0.0
0.0
0.0
0.0
0.0
0.0
0.0
0.0
0.0
0.0
0.0
0.0
13.0
25.0
0.0
0.0
0.0
0.0
0.0
10.0
10.0
10.0
0.0
0.0
0.0
0.0
0.0
0.0
0.0
0.0
0.0
0.0
0.0
0.0
0.0
0.0
13.0
20.0
0.0
0.0
0.0
25.0
25.0
0.0
0.0
0.0
0.0
0.0
0.0
0.0
0.0
0.0
0.0
0.0
0.0
0.0
0.0
0.0
0.0
0.0
0.0
0.0
0.0
0.0
0.0
0.0
0.0
0.0
0.0
0.0
0.0
0.0
0.0
0.0
0.0
0.0
0.0
0.0
0.0
0.0
0.0
0.0
0.0
0.0
0.0
25.0
86.0
91.0
25.0
30.0
0.0
13.0
0.0
0.0
0.0
5.0
0.0
0.0
0.0
0.0
0.0
117.0
226.0
0.0
0.0
0.0
0.0
0.0
0.0
0.0
0.0
0.0
0.0
0.0
0.0
0.0
0.0
0.0
64.0
5.0
0.0
0.0
8.0
0.0
0.0
0.0
0.0
0.0
0.0
0.0
69.0
51.0
0.0
0.0
0.0
64.0
10.0
0.0
0.0
0.0
0.0
3.0
86.0
18.0
104.0
0.0
208.0
58.0
0.0
15.0
0.0
0.0
0.0
0.0
0.0
0.0
0.0
0.0
0.0
33.0
0.0
0.0
33.0
208.0
0.0
0.0
0.0
0.0
0.0
0.0
0.0
8.0
0.0
0.0
0.0
0.0
0.0
0.0
0.0
0.0
0.0
279.0
142.0
0.0
64.0
0.0
53.0
43.0
0.0
0.0
0.0
0.0
239.0
0.0
0.0
0.0
38.0
447.0
0.0
0.0
18.0
18.0
0.0
0.0
0.0
0.0
28.0
173.0
0.0
0.0
0.0
0.0
0.0
0.0
0.0
0.0
0.0
0.0
0.0
155.0
386.0
76.0
0.0
937.0
46.0
0.0
0.0
0.0
0.0
0.0
0.0
0.0
30.0
0.0
13.0
0.0
0.0
0.0
0.0
0.0
0.0
23.0
0.0
53.0
155.0
0.0
0.0
0.0
0.0
0.0
0.0
0.0
295.0
53.0
0.0
0.0
0.0
0.0
0.0
0.0
0.0
38.0
0.0
0.0
0.0
0.0
0.0
0.0
0.0
0.0
0.0
0.0
0.0
0.0
0.0
48.0
20.0
0.0
0.0
0.0
0.0
20.0
3.0
0.0
0.0
0.0
0.0
64.0
0.0
0.0
0.0
0.0
0.0
127.0
25.0
0.0
5.0
0.0
0.0
0.0
25.0
76.0
51.0
0.0
0.0
0.0
0.0
0.0
0.0
0.0
0.0
0.0
0.0
0.0
0.0
0.0
0.0
0.0
NaN
15.0
0.0
13.0
0.0
0.0
0.0
13.0
5.0
152.0
25.0
0.0
0.0
0.0
0.0
0.0
0.0
0.0
25.0
20.0
0.0
25.0
0.0
0.0
0.0
0.0
0.0
0.0
0.0
0.0
0.0
0.0
0.0
0.0
0.0
0.0
0.0
15.0
107.0
5.0
25.0
0.0
0.0
0.0
0.0
0.0
51.0
0.0
25.0
127.0
0.0
41.0
25.0
15.0
0.0
0.0
8.0
5.0
0.0
25.0
0.0
0.0
25.0
66.0
0.0
0.0
0.0
0.0
0.0
0.0
0.0
0.0
0.0
0.0
0.0
0.0
0.0
0.0
0.0
0.0
0.0
0.0
0.0
0.0
0.0
0.0
15.0
0.0
0.0
0.0
25.0
15.0
0.0
0.0
0.0
0.0
64.0
0.0
0.0
0.0
5.0
0.0
0.0
0.0
5.0
0.0
0.0
0.0
0.0
0.0
0.0
0.0
0.0
0.0
25.0
91.0
0.0
0.0
0.0
0.0
0.0
0.0
0.0
0.0
0.0
0.0
20.0
0.0
0.0
0.0
0.0
0.0
0.0
0.0
30.0
0.0
0.0
0.0
0.0
0.0
94.0
178.0
114.0
0.0
0.0
0.0
0.0
0.0
0.0
0.0
89.0
23.0
124.0
5.0
135.0
132.0
0.0
0.0
0.0
0.0
28.0
0.0
71.0
86.0
122.0
0.0
5.0
0.0
0.0
0.0
0.0
18.0
0.0
0.0
0.0
0.0
0.0
0.0
38.0
127.0
0.0
8.0
0.0
0.0
0.0
0.0
0.0
0.0
38.0
0.0
0.0
0.0
0.0
0.0
8.0
0.0
0.0
0.0
0.0
0.0
0.0
0.0
0.0
0.0
0.0
0.0
53.0
0.0
5.0
15.0
0.0
0.0
107.0
114.0
0.0
0.0
76.0
0.0
0.0
0.0
0.0
38.0
0.0
0.0
0.0
10.0
0.0
0.0
33.0
0.0
122.0
0.0
0.0
0.0
0.0
0.0
0.0
3.0
0.0
0.0
0.0
0.0
0.0
0.0
0.0
0.0
0.0
25.0
0.0
0.0
36.0
10.0
0.0
0.0
5.0
20.0
10.0
58.0
0.0
0.0
0.0
0.0
0.0
0.0
86.0
18.0
0.0
3.0
0.0
0.0
0.0
0.0
0.0
0.0
0.0
0.0
208.0
46.0
8.0
0.0
0.0
0.0
0.0
0.0
0.0
0.0
0.0
0.0
0.0
0.0
5.0
0.0
0.0
0.0
0.0
36.0
0.0
0.0
0.0
0.0
0.0
0.0
0.0
0.0
0.0
0.0
0.0
0.0
0.0
0.0
0.0
0.0
3.0
0.0
0.0
0.0
0.0
0.0
0.0
0.0
0.0
0.0
0.0
0.0
0.0
0.0
0.0
0.0
0.0
0.0
0.0
0.0
0.0
0.0
0.0
0.0
0.0
0.0
0.0
0.0
0.0
0.0
0.0
0.0
0.0
0.0
13.0
0.0
0.0
8.0
0.0
0.0
0.0
0.0
0.0
0.0
0.0
0.0
0.0
0.0
0.0
0.0
0.0
0.0
0.0
0.0
0.0
0.0
0.0
0.0
10.0
5.0
10.0
0.0
0.0
15.0
0.0
0.0
0.0
51.0
51.0
0.0
0.0
0.0
0.0
0.0
0.0
0.0
0.0
0.0
0.0
0.0
0.0
0.0
13.0
5.0
18.0
0.0
89.0
25.0
0.0
0.0
0.0
0.0
0.0
0.0
0.0
5.0
0.0
0.0
15.0
51.0
41.0
76.0
0.0
0.0
0.0
0.0
0.0
0.0
0.0
0.0
0.0
10.0
5.0
0.0
0.0
0.0
0.0
0.0
76.0
0.0
25.0
102.0
15.0
0.0
0.0
0.0
0.0
0.0
0.0
0.0
0.0
0.0
0.0
0.0
0.0
0.0
0.0
0.0
0.0
0.0
0.0
5.0
0.0
0.0
0.0
0.0
0.0
0.0
0.0
0.0
0.0
0.0
0.0
0.0
0.0
0.0
25.0
0.0
0.0
0.0
0.0
0.0
127.0
142.0
51.0
0.0
0.0
0.0
0.0
0.0
51.0
0.0
41.0
102.0
25.0
41.0
0.0
0.0
0.0
0.0
0.0
0.0
0.0
28.0
5.0
25.0
0.0
0.0
3.0
0.0
0.0
0.0
0.0
86.0
315.0
191.0
5.0
64.0
5.0
0.0
0.0
0.0
0.0
0.0
0.0
0.0
0.0
23.0
0.0
0.0
0.0
0.0
0.0
33.0
20.0
0.0
3.0
53.0
0.0
36.0
117.0
53.0
0.0
0.0
0.0
0.0
0.0
0.0
0.0
0.0
8.0
51.0
64.0
0.0
0.0
23.0
20.0
175.0
76.0
0.0
0.0
0.0
0.0
41.0
0.0
0.0
0.0
36.0
0.0
0.0
38.0
0.0
0.0
0.0
0.0
51.0
0.0
0.0
0.0
0.0
0.0
0.0
0.0
0.0
25.0
0.0
23.0
0.0
8.0
0.0
0.0
0.0
0.0
0.0
23.0
155.0
20.0
43.0
183.0
8.0
15.0
0.0
0.0
8.0
0.0
0.0
0.0
0.0
404.0
5.0
0.0
0.0
0.0
5.0
0.0
0.0
582.0
0.0
0.0
198.0
107.0
0.0
10.0
0.0
13.0
0.0
0.0
0.0
15.0
81.0
0.0
135.0
15.0
363.0
0.0
0.0
0.0
0.0
132.0
0.0
0.0
0.0
142.0
0.0
33.0
36.0
8.0
0.0
0.0
8.0
0.0
0.0
0.0
0.0
0.0
0.0
0.0
147.0
653.0
8.0
0.0
0.0
0.0
0.0
0.0
0.0
0.0
0.0
0.0
15.0
0.0
0.0
0.0
0.0
0.0
0.0
0.0
0.0
43.0
0.0
5.0
0.0
0.0
0.0
79.0
0.0
0.0
0.0
0.0
0.0
0.0
0.0
0.0
0.0
0.0
25.0
10.0
0.0
0.0
0.0
0.0
0.0
0.0
0.0
0.0
0.0
0.0
0.0
0.0
0.0
0.0
0.0
0.0
0.0
0.0
0.0
0.0
0.0
0.0
0.0
41.0
0.0
0.0
0.0
0.0
0.0
0.0
0.0
38.0
203.0
0.0
0.0
0.0
25.0
25.0
0.0
0.0
0.0
0.0
0.0
0.0
5.0
0.0
102.0
0.0
0.0
25.0
0.0
0.0
5.0
0.0
0.0
0.0
0.0
0.0
0.0
0.0
0.0
0.0
0.0
0.0
0.0
13.0
10.0
0.0
0.0
25.0
51.0
0.0
0.0
0.0
15.0
8.0
0.0
0.0
0.0
0.0
0.0
0.0
0.0
0.0
0.0
0.0
0.0
0.0
5.0
8.0
5.0
0.0
0.0
0.0
0.0
0.0
0.0
15.0
76.0
0.0
0.0
0.0
0.0
0.0
0.0
0.0
25.0
0.0
0.0
0.0
0.0
0.0
51.0
8.0
33.0
51.0
0.0
0.0
0.0
0.0
0.0
0.0
0.0
25.0
51.0
0.0
114.0
25.0
0.0
0.0
0.0
0.0
0.0
165.0
0.0
0.0
0.0
0.0
0.0
0.0
0.0
0.0
0.0
0.0
76.0
0.0
0.0
0.0
0.0
0.0
0.0
0.0
25.0
0.0
0.0
0.0
0.0
0.0
0.0
0.0
0.0
0.0
0.0
0.0
0.0
0.0
0.0
0.0
0.0
0.0
0.0
0.0
368.0
18.0
3.0
13.0
0.0
0.0
0.0
0.0
0.0
0.0
0.0
0.0
0.0
69.0
0.0
0.0
0.0
0.0
0.0
0.0
0.0
0.0
0.0
0.0
0.0
0.0
13.0
0.0
0.0
0.0
0.0
0.0
0.0
0.0
0.0
0.0
0.0
0.0
0.0
0.0
0.0
0.0
0.0
0.0
8.0
13.0
0.0
20.0
18.0
20.0
0.0
33.0
13.0
10.0
10.0
0.0
109.0
264.0
64.0
0.0
0.0
94.0
0.0
0.0
0.0
0.0
0.0
140.0
0.0
84.0
0.0
0.0
0.0
15.0
0.0
0.0
0.0
0.0
0.0
0.0
0.0
0.0
0.0
0.0
0.0
0.0
20.0
36.0
0.0
10.0
0.0
0.0
0.0
0.0
36.0
0.0
0.0
0.0
0.0
0.0
0.0
0.0
13.0
0.0
5.0
0.0
0.0
0.0
0.0
0.0
0.0
0.0
0.0
41.0
0.0
56.0
137.0
71.0
36.0
0.0
0.0
0.0
0.0
0.0
0.0
0.0
5.0
0.0
0.0
0.0
0.0
0.0
10.0
0.0
0.0
0.0
0.0
10.0
0.0
0.0
0.0
0.0
0.0
0.0
0.0
0.0
0.0
0.0
0.0
3.0
0.0
0.0
0.0
0.0
0.0
0.0
0.0
0.0
0.0
0.0
0.0
0.0
3.0
0.0
0.0
0.0
0.0
0.0
0.0
0.0
10.0
0.0
0.0
0.0
89.0
0.0
0.0
0.0
0.0
0.0
0.0
0.0
0.0
0.0
0.0
0.0
0.0
0.0
0.0
0.0
0.0
0.0
0.0
0.0
0.0
38.0
0.0
0.0
0.0
0.0
0.0
0.0
0.0
0.0
0.0
0.0
0.0
0.0
0.0
0.0
0.0
0.0
0.0
0.0
0.0
0.0
0.0
0.0
0.0
0.0
0.0
0.0
0.0
0.0
0.0
0.0
0.0
0.0
0.0
0.0
25.0
0.0
0.0
25.0
0.0
0.0
0.0
76.0
0.0
13.0
0.0
0.0
0.0
0.0
0.0
0.0
0.0
0.0
0.0
13.0
0.0
0.0
0.0
0.0
102.0
0.0
13.0
0.0
13.0
0.0
0.0
13.0
0.0
0.0
0.0
0.0
0.0
0.0
0.0
0.0
0.0
25.0
13.0
8.0
0.0
0.0
0.0
64.0
0.0
0.0
0.0
0.0
0.0
0.0
0.0
0.0
0.0
0.0
0.0
0.0
0.0
8.0
0.0
64.0
0.0
0.0
0.0
0.0
0.0
0.0
0.0
13.0
0.0
0.0
0.0
51.0
0.0
0.0
0.0
0.0
0.0
0.0
0.0
0.0
0.0
0.0
0.0
3.0
0.0
0.0
0.0
0.0
0.0
0.0
0.0
0.0
0.0
0.0
0.0
0.0
0.0
0.0
0.0
0.0
0.0
0.0
5.0
51.0
0.0
0.0
0.0
0.0
0.0
0.0
20.0
0.0
0.0
0.0
0.0
0.0
0.0
0.0
0.0
0.0
0.0
0.0
0.0
0.0
0.0
0.0
0.0
0.0
0.0
0.0
0.0
10.0
0.0
0.0
0.0
0.0
0.0
0.0
0.0
0.0
0.0
0.0
0.0
0.0
0.0
0.0
0.0
23.0
94.0
259.0
81.0
0.0
0.0
0.0
0.0
0.0
0.0
25.0
0.0
33.0
5.0
0.0
56.0
330.0
145.0
0.0
0.0
0.0
185.0
0.0
0.0
0.0
25.0
0.0
0.0
0.0
0.0
0.0
0.0
0.0
38.0
0.0
0.0
0.0
0.0
254.0
0.0
0.0
345.0
0.0
8.0
191.0
0.0
114.0
13.0
41.0
0.0
0.0
0.0
0.0
0.0
0.0
23.0
56.0
0.0
0.0
0.0
0.0
0.0
0.0
0.0
0.0
0.0
0.0
0.0
0.0
907.0
183.0
79.0
28.0
0.0
109.0
43.0
0.0
0.0
0.0
0.0
0.0
0.0
0.0
0.0
0.0
0.0
0.0
58.0
89.0
239.0
25.0
0.0
8.0
38.0
41.0
0.0
3.0
36.0
0.0
0.0
0.0
0.0
0.0
0.0
0.0
0.0
25.0
0.0
0.0
58.0
0.0
0.0
0.0
0.0
0.0
102.0
0.0
33.0
0.0
53.0
0.0
25.0
211.0
0.0
0.0
145.0
48.0
0.0
10.0
274.0
0.0
0.0
0.0
8.0
0.0
0.0
0.0
0.0
0.0
0.0
0.0
137.0
0.0
5.0
127.0
122.0
20.0
0.0
10.0
0.0
0.0
0.0
0.0
0.0
0.0
0.0
0.0
0.0
0.0
0.0
0.0
18.0
0.0
0.0
0.0
0.0
0.0
0.0
0.0
0.0
0.0
0.0
0.0
5.0
0.0
0.0
0.0
0.0
0.0
0.0
0.0
0.0
0.0
0.0
3.0
0.0
0.0
10.0
3.0
0.0
0.0
0.0
0.0
0.0
0.0
0.0
0.0
0.0
0.0
0.0
0.0
51.0
0.0
0.0
0.0
0.0
0.0
0.0
13.0
13.0
0.0
64.0
0.0
51.0
0.0
0.0
25.0
25.0
0.0
0.0
15.0
0.0
20.0
25.0
0.0
0.0
0.0
0.0
76.0
76.0
0.0
25.0
15.0
0.0
0.0
0.0
0.0
0.0
0.0
5.0
0.0
0.0
0.0
0.0
0.0
0.0
0.0
0.0
61.0
25.0
0.0
0.0
0.0
0.0
0.0
33.0
0.0
0.0
0.0
0.0
0.0
0.0
0.0
0.0
0.0
0.0
0.0
51.0
0.0
0.0
0.0
0.0
0.0
0.0
0.0
0.0
0.0
0.0
0.0
0.0
0.0
0.0
0.0
0.0
0.0
0.0
0.0
0.0
0.0
0.0
0.0
0.0
0.0
0.0
0.0
0.0
25.0
0.0
33.0
0.0
0.0
0.0
0.0
0.0
0.0
0.0
0.0
0.0
0.0
0.0
0.0
0.0
0.0
0.0
0.0
0.0
0.0
0.0
0.0
0.0
0.0
51.0
0.0
0.0
0.0
0.0
0.0
0.0
0.0
0.0
0.0
0.0
0.0
0.0
NaN
NaN
0.0
0.0
91.0
0.0
0.0
0.0
5.0
0.0
51.0
0.0
0.0
0.0
0.0
0.0
0.0
0.0
0.0
0.0
0.0
0.0
0.0
0.0
0.0
0.0
0.0
0.0
0.0
0.0
0.0
0.0
0.0
0.0
102.0
0.0
41.0
61.0
0.0
216.0
0.0
2.0
0.0
0.0
0.0
0.0
0.0
0.0
2.0
0.0
0.0
0.0
41.0
183.0
61.0
0.0
0.0
0.0
0.0
20.0
230.0
10.0
44.0
0.0
0.0
78.0
0.0
0.0
2.0
26.0
0.0
3.0
0.0
42.0
12.0
0.0
2.0
0.0
0.0
123.0
0.0
0.0
0.0
20.0
0.0
0.0
0.0
40.0
0.0
0.0
26.0
6.0
0.0
0.0
51.0
4.0
0.0
100.0
18.0
0.0
0.0
30.0
0.0
3.0
3.0
21.0
20.0
44.0
0.0
0.0
8.0
0.0
35.0
36.0
4.0
0.0
0.0
42.0
2.0
0.0
8.0
0.0
0.0
0.0
0.0
0.0
0.0
0.0
0.0
0.0
0.0
6.0
0.0
0.0
31.0
2.0
0.0
50.0
34.0
0.0
0.0
0.0
0.0
2.0
14.0
0.0
42.0
10.0
0.0
0.0
0.0
0.0
0.0
90.0
0.0
0.0
0.0
0.0
0.0
2.0
4.0
0.0
0.0
91.0
556.0
14.0
2.0
0.0
0.0
6.0
154.0
0.0
0.0
0.0
0.0
0.0
0.0
0.0
2.0
0.0
84.0
0.0
0.0
0.0
3.0
0.0
8.0
0.0
0.0
0.0
0.0
0.0
0.0
8.0
4.0
0.0
0.0
0.0
0.0
0.0
0.0
0.0
0.0
0.0
0.0
0.0
22.0
0.0
0.0
2.0
0.0
0.0
0.0
0.0
0.0
0.0
0.0
80.0
0.0
0.0
0.0
0.0
0.0
0.0
0.0
152.0
25.0
0.0
0.0
0.0
50.0
0.0
0.0
0.0
0.0
30.0
12.0
0.0
0.0
72.0
0.0
100.0
0.0
0.0
0.0
0.0
13.0
0.0
0.0
0.0
0.0
0.0
0.0
0.0
0.0
25.0
0.0
0.0
0.0
0.0
0.0
38.0
22.0
0.0
53.0
0.0
0.0
0.0
13.0
0.0
0.0
153.0
0.0
0.0
0.0
0.0
0.0
0.0
0.0
0.0
0.0
0.0
0.0
0.0
0.0
0.0
0.0
0.0
0.0
0.0
25.0
0.0
0.0
0.0
0.0
13.0
0.0
0.0
38.0
0.0
0.0
0.0
8.0
8.0
0.0
0.0
0.0
0.0
0.0
10.0
16.0
0.0
0.0
0.0
61.0
10.0
0.0
30.0
147.0
0.0
0.0
0.0
0.0
0.0
0.0
0.0
8.0
0.0
0.0
3.0
0.0
0.0
0.0
20.0
0.0
0.0
0.0
0.0
0.0
0.0
89.0
25.0
0.0
0.0
0.0
76.0
0.0
0.0
0.0
0.0
0.0
0.0
77.0
38.0
0.0
0.0
0.0
76.0
101.0
0.0
50.0
0.0
23.0
0.0
51.0
0.0
0.0
100.0
0.0
0.0
0.0
153.0
0.0
0.0
0.0
13.0
38.0
76.0
0.0
0.0
0.0
64.0
52.0
110.0
0.0
0.0
0.0
0.0
0.0
26.0
2.0
20.0
122.0
0.0
40.0
0.0
0.0
0.0
0.0
0.0
182.0
12.0
0.0
0.0
12.0
0.0
2.0
0.0
0.0
0.0
56.0
0.0
0.0
0.0
0.0
162.0
0.0
0.0
0.0
54.0
0.0
0.0
50.0
29.0
0.0
142.0
0.0
0.0
0.0
0.0
30.0
0.0
24.0
0.0
8.0
0.0
0.0
0.0
0.0
0.0
0.0
0.0
0.0
0.0
52.0
68.0
0.0
0.0
0.0
102.0
0.0
0.0
64.0
0.0
0.0
0.0
108.0
0.0
0.0
0.0
0.0
0.0
0.0
0.0
0.0
14.0
0.0
0.0
0.0
52.0
0.0
0.0
0.0
0.0
0.0
0.0
0.0
6.0
0.0
0.0
0.0
0.0
0.0
0.0
80.0
0.0
0.0
0.0
0.0
34.0
0.0
0.0
0.0
0.0
54.0
2.0
0.0
21.0
0.0
0.0
0.0
0.0
20.0
0.0
0.0
0.0
0.0
0.0
0.0
0.0
0.0
0.0
0.0
0.0
0.0
0.0
0.0
34.0
107.0
0.0
28.0
2.0
0.0
0.0
0.0
0.0
106.0
182.0
14.0
0.0
0.0
0.0
0.0
0.0
0.0
0.0
0.0
0.0
0.0
0.0
0.0
0.0
0.0
31.0
4.0
0.0
0.0
0.0
3.0
0.0
0.0
0.0
0.0
0.0
2.0
0.0
0.0
5.0
0.0
0.0
0.0
0.0
6.0
0.0
4.0
2.0
110.0
12.0
0.0
0.0
0.0
0.0
0.0
2.0
0.0
6.0
0.0
0.0
0.0
0.0
0.0
0.0
0.0
0.0
0.0
0.0
6.0
30.0
10.0
0.0
0.0
0.0
0.0
0.0
0.0
0.0
0.0
0.0
0.0
0.0
0.0
0.0
0.0
10.0
8.0
25.0
0.0
0.0
0.0
0.0
0.0
0.0
58.0
0.0
NaN
0.0
18.0
76.0
0.0
0.0
0.0
0.0
4.0
0.0
0.0
0.0
0.0
0.0
0.0
0.0
0.0
0.0
0.0
0.0
0.0
0.0
0.0
0.0
0.0
0.0
4.0
0.0
2.0
88.0
20.0
0.0
0.0
0.0
78.0
78.0
0.0
0.0
0.0
0.0
0.0
0.0
0.0
0.0
0.0
0.0
0.0
0.0
33.0
0.0
0.0
0.0
0.0
0.0
0.0
0.0
0.0
0.0
0.0
51.0
0.0
0.0
0.0
0.0
0.0
0.0
0.0
0.0
0.0
0.0
0.0
0.0
0.0
0.0
0.0
10.0
0.0
76.0
20.0
13.0
0.0
0.0
0.0
20.0
0.0
0.0
0.0
50.0
0.0
0.0
0.0
0.0
0.0
4.0
0.0
0.0
76.0
0.0
0.0
20.0
0.0
0.0
0.0
0.0
0.0
0.0
25.0
50.0
0.0
0.0
0.0
0.0
0.0
0.0
0.0
0.0
0.0
0.0
0.0
0.0
0.0
0.0
0.0
0.0
0.0
0.0
0.0
0.0
0.0
0.0
0.0
0.0
0.0
0.0
0.0
0.0
0.0
0.0
0.0
0.0
0.0
0.0
0.0
0.0
0.0
0.0
0.0
0.0
0.0
0.0
0.0
0.0
0.0
0.0
0.0
0.0
0.0
0.0
0.0
0.0
0.0
0.0
0.0
0.0
0.0
0.0
0.0
0.0
0.0
0.0
0.0
0.0
90.0
0.0
22.0
0.0
0.0
6.0
0.0
0.0
0.0
122.0
0.0
0.0
0.0
0.0
0.0
0.0
34.0
4.0
28.0
0.0
0.0
0.0
0.0
0.0
0.0
6.0
42.0
0.0
144.0
0.0
3.0
0.0
278.0
24.0
0.0
0.0
0.0
0.0
112.0
3.0
40.0
0.0
0.0
0.0
0.0
40.0
0.0
0.0
80.0
45.0
32.0
53.0
0.0
0.0
0.0
202.0
0.0
0.0
25.0
0.0
0.0
14.0
24.0
0.0
2.0
0.0
0.0
0.0
4.0
386.0
18.0
0.0
148.0
13.0
0.0
0.0
22.0
54.0
20.0
30.0
0.0
0.0
232.0
0.0
4.0
50.0
754.0
0.0
6.0
0.0
0.0
0.0
0.0
46.0
30.0
162.0
0.0
0.0
32.0
5.0
200.0
0.0
0.0
0.0
30.0
30.0
0.0
0.0
0.0
0.0
0.0
12.0
0.0
34.0
30.0
46.0
64.0
0.0
4.0
0.0
26.0
8.0
2.0
0.0
0.0
6.0
0.0
10.0
16.0
8.0
0.0
0.0
0.0
0.0
0.0
0.0
2.0
0.0
0.0
0.0
0.0
0.0
0.0
226.0
0.0
0.0
0.0
0.0
0.0
14.0
0.0
0.0
0.0
0.0
0.0
0.0
0.0
0.0
0.0
0.0
6.0
0.0
0.0
0.0
130.0
76.0
34.0
0.0
0.0
0.0
0.0
0.0
0.0
0.0
0.0
0.0
0.0
0.0
0.0
0.0
0.0
0.0
0.0
0.0
0.0
0.0
0.0
0.0
0.0
0.0
0.0
0.0
0.0
60.0
0.0
0.0
48.0
10.0
0.0
0.0
0.0
0.0
0.0
10.0
0.0
0.0
0.0
0.0
0.0
25.0
14.0
0.0
2.0
0.0
0.0
0.0
0.0
0.0
0.0
0.0
0.0
0.0
0.0
0.0
0.0
0.0
0.0
0.0
0.0
0.0
0.0
0.0
0.0
0.0
0.0
0.0
0.0
0.0
0.0
0.0
0.0
0.0
0.0
40.0
30.0
0.0
0.0
0.0
0.0
0.0
10.0
0.0
0.0
0.0
0.0
0.0
20.0
0.0
0.0
60.0
0.0
0.0
0.0
0.0
0.0
0.0
0.0
0.0
0.0
0.0
0.0
0.0
0.0
0.0
0.0
0.0
0.0
0.0
0.0
0.0
2.0
0.0
0.0
0.0
0.0
0.0
0.0
0.0
0.0
0.0
0.0
0.0
0.0
0.0
0.0
0.0
0.0
0.0
0.0
0.0
0.0
0.0
0.0
0.0
0.0
32.0
0.0
0.0
0.0
0.0
0.0
0.0
0.0
0.0
0.0
0.0
0.0
0.0
10.0
0.0
0.0
30.0
0.0
0.0
0.0
0.0
0.0
10.0
0.0
2.0
70.0
0.0
0.0
32.0
0.0
0.0
2.0
24.0
0.0
60.0
0.0
0.0
0.0
0.0
0.0
0.0
0.0
0.0
0.0
12.0
0.0
0.0
0.0
0.0
2.0
0.0
0.0
0.0
0.0
0.0
26.0
94.0
92.0
22.0
4.0
0.0
0.0
290.0
2.0
0.0
0.0
0.0
0.0
0.0
100.0
0.0
8.0
0.0
26.0
80.0
0.0
0.0
0.0
86.0
46.0
26.0
0.0
78.0
0.0
0.0
16.0
48.0
28.0
20.0
2.0
10.0
0.0
0.0
114.0
0.0
0.0
30.0
0.0
0.0
0.0
0.0
0.0
30.0
0.0
0.0
2.0
0.0
0.0
0.0
22.0
22.0
96.0
2.0
0.0
0.0
0.0
14.0
0.0
42.0
6.0
0.0
0.0
32.0
0.0
0.0
124.0
0.0
26.0
14.0
22.0
0.0
308.0
0.0
20.0
3.0
0.0
0.0
0.0
0.0
0.0
0.0
0.0
0.0
142.0
2.0
0.0
0.0
2.0
0.0
50.0
3.0
0.0
0.0
0.0
0.0
0.0
360.0
22.0
0.0
0.0
0.0
0.0
0.0
0.0
0.0
0.0
0.0
0.0
0.0
0.0
0.0
16.0
0.0
0.0
0.0
0.0
0.0
14.0
0.0
18.0
0.0
0.0
330.0
0.0
0.0
25.0
12.0
58.0
0.0
0.0
140.0
10.0
0.0
0.0
0.0
5.0
0.0
0.0
40.0
170.0
0.0
0.0
0.0
10.0
0.0
0.0
24.0
0.0
0.0
0.0
10.0
0.0
0.0
0.0
30.0
0.0
18.0
50.0
0.0
0.0
0.0
0.0
0.0
0.0
0.0
0.0
0.0
0.0
0.0
0.0
0.0
0.0
0.0
0.0
0.0
0.0
0.0
0.0
0.0
0.0
0.0
0.0
0.0
0.0
0.0
0.0
0.0
0.0
0.0
0.0
0.0
0.0
0.0
0.0
0.0
0.0
0.0
0.0
0.0
0.0
0.0
0.0
0.0
0.0
0.0
0.0
0.0
0.0
0.0
40.0
15.0
0.0
0.0
0.0
0.0
0.0
0.0
0.0
0.0
10.0
45.0
29.0
0.0
51.0
0.0
0.0
0.0
0.0
0.0
0.0
0.0
10.0
0.0
0.0
0.0
0.0
0.0
20.0
0.0
0.0
0.0
0.0
0.0
4.0
0.0
0.0
0.0
40.0
0.0
0.0
0.0
0.0
0.0
0.0
0.0
0.0
10.0
0.0
0.0
0.0
0.0
0.0
0.0
35.0
0.0
0.0
0.0
0.0
0.0
0.0
0.0
0.0
0.0
0.0
0.0
0.0
0.0
22.0
0.0
0.0
0.0
0.0
0.0
0.0
0.0
0.0
0.0
0.0
0.0
0.0
0.0
0.0
0.0
0.0
100.0
0.0
0.0
0.0
0.0
0.0
0.0
0.0
0.0
0.0
0.0
0.0
60.0
20.0
65.0
0.0
40.0
150.0
0.0
0.0
0.0
0.0
0.0
0.0
24.0
0.0
0.0
0.0
8.0
18.0
0.0
0.0
6.0
0.0
0.0
0.0
0.0
0.0
0.0
0.0
0.0
0.0
0.0
0.0
8.0
0.0
0.0
18.0
0.0
3.0
0.0
42.0
0.0
0.0
42.0
111.0
0.0
32.0
0.0
12.0
72.0
82.0
16.0
0.0
0.0
0.0
0.0
0.0
6.0
0.0
0.0
0.0
0.0
16.0
0.0
0.0
0.0
6.0
0.0
0.0
10.0
64.0
288.0
0.0
0.0
0.0
30.0
0.0
0.0
92.0
0.0
10.0
0.0
0.0
28.0
38.0
18.0
6.0
54.0
0.0
0.0
0.0
26.0
10.0
0.0
0.0
0.0
26.0
0.0
10.0
0.0
66.0
0.0
0.0
0.0
0.0
52.0
40.0
108.0
0.0
0.0
486.0
274.0
40.0
0.0
0.0
0.0
0.0
82.0
8.0
0.0
0.0
80.0
0.0
24.0
0.0
0.0
0.0
6.0
0.0
10.0
0.0
24.0
36.0
0.0
0.0
0.0
0.0
0.0
0.0
0.0
44.0
0.0
0.0
168.0
0.0
0.0
0.0
46.0
216.0
6.0
16.0
0.0
0.0
0.0
4.0
0.0
0.0
0.0
92.0
0.0
0.0
0.0
0.0
12.0
0.0
0.0
0.0
0.0
0.0
0.0
0.0
0.0
0.0
0.0
0.0
0.0
0.0
0.0
0.0
38.0
0.0
0.0
0.0
0.0
306.0
133.0
0.0
0.0
68.0
4.0
10.0
4.0
0.0
34.0
0.0
26.0
62.0
94.0
6.0
0.0
0.0
0.0
0.0
60.0
0.0
0.0
0.0
0.0
0.0
0.0
0.0
0.0
0.0
0.0
136.0
58.0
0.0
0.0
0.0
0.0
0.0
0.0
0.0
0.0
12.0
0.0
0.0
0.0
0.0
0.0
0.0
0.0
0.0
0.0
0.0
0.0
0.0
0.0
0.0
0.0
0.0
0.0
0.0
0.0
0.0
0.0
0.0
0.0
0.0
110.0
12.0
0.0
0.0
0.0
0.0
0.0
0.0
0.0
0.0
0.0
0.0
0.0
0.0
0.0
0.0
0.0
0.0
0.0
0.0
50.0
52.0
0.0
0.0
0.0
0.0
0.0
0.0
0.0
0.0
0.0
0.0
0.0
0.0
0.0
0.0
0.0
0.0
0.0
0.0
0.0
0.0
0.0
0.0
0.0
0.0
0.0
0.0
0.0
20.0
60.0
0.0
20.0
0.0
0.0
0.0
0.0
0.0
30.0
0.0
0.0
0.0
0.0
0.0
0.0
0.0
0.0
0.0
0.0
0.0
20.0
80.0
0.0
0.0
0.0
0.0
0.0
10.0
90.0
0.0
0.0
0.0
0.0
0.0
0.0
0.0
0.0
0.0
25.0
0.0
0.0
138.0
0.0
12.0
13.0
60.0
30.0
0.0
0.0
0.0
0.0
0.0
0.0
0.0
0.0
0.0
0.0
0.0
0.0
0.0
0.0
0.0
0.0
0.0
0.0
0.0
0.0
0.0
0.0
60.0
0.0
0.0
0.0
0.0
0.0
0.0
0.0
0.0
0.0
0.0
0.0
0.0
0.0
0.0
0.0
0.0
0.0
0.0
0.0
0.0
0.0
0.0
0.0
0.0
0.0
2.0
0.0
0.0
0.0
0.0
0.0
0.0
0.0
0.0
10.0
0.0
0.0
0.0
102.0
10.0
0.0
0.0
139.0
18.0
80.0
0.0
0.0
0.0
110.0
0.0
30.0
0.0
32.0
40.0
0.0
6.0
14.0
16.0
0.0
0.0
0.0
0.0
2.0
52.0
0.0
0.0
0.0
0.0
20.0
0.0
22.0
0.0
0.0
0.0
52.0
56.0
4.0
0.0
0.0
0.0
10.0
2.0
142.0
14.0
8.0
4.0
0.0
0.0
0.0
0.0
190.0
18.0
0.0
126.0
0.0
0.0
0.0
0.0
0.0
0.0
168.0
30.0
0.0
0.0
0.0
0.0
188.0
0.0
0.0
6.0
0.0
12.0
0.0
0.0
0.0
0.0
0.0
0.0
0.0
0.0
150.0
0.0
0.0
20.0
0.0
0.0
0.0
0.0
0.0
0.0
8.0
0.0
0.0
0.0
0.0
0.0
120.0
0.0
4.0
0.0
60.0
0.0
98.0
0.0
0.0
10.0
0.0
4.0
0.0
8.0
64.0
0.0
0.0
8.0
0.0
0.0
0.0
0.0
50.0
0.0
0.0
0.0
0.0
0.0
0.0
6.0
46.0
118.0
22.0
0.0
0.0
0.0
0.0
0.0
0.0
0.0
0.0
8.0
0.0
0.0
0.0
0.0
60.0
162.0
0.0
36.0
16.0
20.0
0.0
0.0
0.0
0.0
20.0
16.0
20.0
0.0
0.0
0.0
0.0
0.0
0.0
0.0
4.0
0.0
0.0
0.0
60.0
0.0
0.0
0.0
0.0
0.0
0.0
0.0
0.0
0.0
20.0
72.0
0.0
0.0
6.0
0.0
0.0
0.0
0.0
0.0
0.0
0.0
0.0
0.0
0.0
6.0
10.0
10.0
NaN
NaN
20.0
0.0
0.0
0.0
0.0
0.0
NaN
20.0
0.0
0.0
0.0
0.0
0.0
0.0
6.0
0.0
0.0
0.0
8.0
0.0
0.0
0.0
35.0
0.0
0.0
0.0
0.0
0.0
0.0
0.0
0.0
0.0
0.0
0.0
0.0
0.0
0.0
0.0
0.0
0.0
0.0
0.0
0.0
0.0
12.0
0.0
0.0
0.0
0.0
0.0
0.0
0.0
0.0
0.0
NaN
0.0
0.0
0.0
0.0
0.0
NaN
0.0
0.0
0.0
0.0
0.0
28.0
0.0
0.0
0.0
0.0
0.0
0.0
0.0
0.0
0.0
0.0
0.0
0.0
0.0
0.0
0.0
0.0
0.0
0.0
30.0
0.0
0.0
0.0
0.0
0.0
0.0
0.0
0.0
0.0
0.0
0.0
13.0
0.0
25.0
0.0
0.0
0.0
0.0
0.0
38.0
0.0
0.0
0.0
0.0
0.0
0.0
0.0
99.0
0.0
10.0
10.0
0.0
0.0
0.0
0.0
0.0
0.0
0.0
2.0
0.0
3.0
0.0
0.0
0.0
0.0
0.0
0.0
0.0
0.0
0.0
0.0
0.0
0.0
12.0
136.0
174.0
44.0
0.0
0.0
0.0
0.0
0.0
0.0
0.0
0.0
0.0
0.0
0.0
0.0
0.0
20.0
220.0
0.0
0.0
0.0
0.0
0.0
0.0
0.0
0.0
6.0
0.0
0.0
38.0
0.0
0.0
64.0
0.0
0.0
0.0
0.0
0.0
28.0
4.0
64.0
0.0
0.0
42.0
26.0
0.0
0.0
0.0
0.0
0.0
0.0
0.0
0.0
0.0
0.0
0.0
42.0
182.0
0.0
20.0
0.0
0.0
10.0
44.0
0.0
0.0
50.0
146.0
0.0
0.0
0.0
54.0
26.0
164.0
12.0
0.0
12.0
14.0
4.0
0.0
0.0
26.0
0.0
0.0
0.0
0.0
0.0
0.0
32.0
12.0
18.0
0.0
0.0
0.0
6.0
0.0
10.0
0.0
0.0
0.0
4.0
0.0
8.0
0.0
0.0
0.0
44.0
0.0
0.0
0.0
6.0
42.0
0.0
0.0
0.0
0.0
0.0
312.0
4.0
0.0
14.0
0.0
0.0
0.0
0.0
0.0
16.0
4.0
0.0
0.0
0.0
88.0
0.0
2.0
0.0
4.0
10.0
0.0
0.0
0.0
0.0
0.0
0.0
0.0
0.0
0.0
50.0
0.0
0.0
118.0
56.0
194.0
26.0
4.0
136.0
98.0
10.0
0.0
0.0
0.0
0.0
0.0
0.0
132.0
172.0
0.0
0.0
10.0
10.0
0.0
0.0
0.0
0.0
0.0
0.0
0.0
0.0
0.0
8.0
30.0
0.0
0.0
0.0
102.0
16.0
0.0
0.0
0.0
356.0
14.0
0.0
62.0
264.0
40.0
0.0
0.0
0.0
0.0
0.0
50.0
32.0
0.0
0.0
0.0
0.0
0.0
0.0
0.0
0.0
0.0
0.0
0.0
0.0
6.0
0.0
0.0
0.0
0.0
28.0
0.0
0.0
0.0
0.0
0.0
0.0
0.0
0.0
0.0
0.0
NaN
NaN
0.0
0.0
12.0
14.0
0.0
0.0
0.0
0.0
0.0
0.0
0.0
0.0
0.0
0.0
0.0
0.0
0.0
0.0
0.0
4.0
0.0
0.0
0.0
0.0
0.0
0.0
0.0
0.0
50.0
NaN
50.0
0.0
0.0
0.0
0.0
0.0
0.0
0.0
0.0
20.0
0.0
0.0
0.0
0.0
0.0
0.0
0.0
0.0
0.0
12.0
8.0
0.0
0.0
0.0
0.0
0.0
0.0
12.0
6.0
0.0
0.0
0.0
0.0
0.0
0.0
0.0
0.0
0.0
0.0
0.0
0.0
0.0
0.0
56.0
0.0
0.0
0.0
35.0
0.0
0.0
0.0
0.0
18.0
0.0
0.0
0.0
30.0
0.0
16.0
32.0
0.0
0.0
0.0
0.0
0.0
0.0
0.0
0.0
0.0
0.0
0.0
0.0
0.0
0.0
0.0
0.0
0.0
0.0
0.0
0.0
0.0
0.0
0.0
0.0
0.0
6.0
0.0
0.0
0.0
0.0
0.0
0.0
0.0
0.0
0.0
0.0
0.0
0.0
0.0
0.0
0.0
0.0
0.0
0.0
0.0
10.0
0.0
0.0
0.0
0.0
0.0
0.0
0.0
12.0
0.0
4.0
0.0
0.0
0.0
0.0
0.0
0.0
0.0
0.0
0.0
0.0
0.0
0.0
0.0
0.0
0.0
0.0
0.0
0.0
80.0
10.0
74.0
0.0
0.0
0.0
0.0
0.0
0.0
0.0
0.0
0.0
0.0
0.0
32.0
8.0
0.0
0.0
0.0
0.0
189.0
72.0
0.0
10.0
40.0
0.0
12.0
0.0
14.0
0.0
0.0
0.0
0.0
0.0
4.0
68.0
62.0
18.0
54.0
0.0
0.0
0.0
0.0
0.0
0.0
142.0
186.0
0.0
110.0
32.0
68.0
2.0
0.0
6.0
2.0
0.0
0.0
0.0
0.0
0.0
0.0
0.0
0.0
16.0
20.0
0.0
0.0
94.0
28.0
4.0
0.0
0.0
0.0
4.0
0.0
0.0
8.0
28.0
0.0
0.0
0.0
4.0
0.0
0.0
50.0
306.0
30.0
0.0
0.0
0.0
0.0
0.0
32.0
116.0
284.0
8.0
6.0
4.0
396.0
22.0
0.0
0.0
0.0
72.0
74.0
12.0
0.0
0.0
0.0
0.0
0.0
0.0
0.0
0.0
0.0
7.0
18.0
48.0
134.0
74.0
46.0
0.0
0.0
0.0
0.0
12.0
6.0
0.0
6.0
0.0
0.0
80.0
188.0
0.0
16.0
24.0
0.0
0.0
0.0
10.0
12.0
0.0
0.0
0.0
0.0
36.0
0.0
0.0
0.0
0.0
22.0
68.0
0.0
0.0
0.0
0.0
0.0
12.0
0.0
4.0
0.0
0.0
0.0
0.0
0.0
116.0
0.0
0.0
0.0
0.0
0.0
0.0
0.0
0.0
12.0
0.0
4.0
0.0
0.0
0.0
0.0
0.0
0.0
0.0
0.0
100.0
0.0
0.0
0.0
0.0
2.0
4.0
0.0
20.0
0.0
20.0
0.0
2.0
0.0
66.0
0.0
0.0
0.0
0.0
0.0
0.0
0.0
30.0
8.0
0.0
0.0
0.0
0.0
0.0
0.0
0.0
0.0
6.0
10.0
0.0
0.0
0.0
28.0
0.0
0.0
0.0
10.0
0.0
0.0
12.0
6.0
0.0
0.0
0.0
6.0
0.0
0.0
42.0
0.0
0.0
0.0
0.0
0.0
0.0
0.0
0.0
0.0
0.0
0.0
0.0
0.0
0.0
38.0
6.0
0.0
0.0
10.0
0.0
50.0
10.0
0.0
6.0
8.0
2.0
0.0
0.0
24.0
0.0
0.0
0.0
0.0
12.0
34.0
10.0
0.0
0.0
4.0
0.0
0.0
0.0
0.0
0.0
96.0
0.0
4.0
10.0
0.0
0.0
0.0
0.0
0.0
0.0
0.0
0.0
0.0
0.0
0.0
0.0
0.0
8.0
0.0
10.0
38.0
0.0
0.0
0.0
0.0
0.0
0.0
0.0
0.0
0.0
0.0
0.0
0.0
0.0
0.0
0.0
98.0
0.0
0.0
0.0
0.0
134.0
8.0
6.0
0.0
12.0
0.0
4.0
4.0
10.0
0.0
0.0
0.0
0.0
40.0
0.0
10.0
0.0
0.0
0.0
124.0
202.0
6.0
0.0
0.0
16.0
26.0
0.0
12.0
10.0
124.0
0.0
164.0
106.0
0.0
0.0
0.0
162.0
304.0
0.0
0.0
24.0
114.0
0.0
0.0
0.0
0.0
0.0
0.0
0.0
0.0
0.0
0.0
0.0
0.0
0.0
0.0
0.0
0.0
0.0
0.0
0.0
0.0
0.0
0.0
0.0
6.0
0.0
0.0
0.0
146.0
0.0
0.0
26.0
0.0
0.0
0.0
0.0
92.0
24.0
0.0
0.0
0.0
66.0
10.0
0.0
36.0
0.0
0.0
216.0
12.0
0.0
0.0
0.0
4.0
0.0
0.0
42.0
246.0
0.0
0.0
0.0
16.0
380.0
96.0
6.0
74.0
32.0
0.0
0.0
0.0
66.0
0.0
4.0
0.0
0.0
22.0
0.0
0.0
72.0
0.0
98.0
0.0
0.0
0.0
30.0
6.0
0.0
150.0
4.0
28.0
90.0
0.0
0.0
0.0
0.0
0.0
0.0
0.0
0.0
0.0
0.0
0.0
0.0
0.0
0.0
0.0
0.0
0.0
140.0
0.0
0.0
0.0
0.0
0.0
0.0
0.0
0.0
0.0
0.0
0.0
0.0
0.0
0.0
0.0
0.0
0.0
0.0
0.0
0.0
0.0
0.0
152.0
0.0
0.0
0.0
22.0
0.0
0.0
0.0
130.0
82.0
58.0
0.0
0.0
0.0
0.0
4.0
48.0
0.0
0.0
0.0
14.0
20.0
0.0
4.0
18.0
0.0
0.0
0.0
0.0
0.0
0.0
0.0
0.0
0.0
0.0
0.0
0.0
0.0
0.0
0.0
0.0
0.0
0.0
0.0
78.0
0.0
0.0
10.0
0.0
18.0
0.0
0.0
192.0
130.0
0.0
0.0
8.0
0.0
0.0
0.0
0.0
0.0
0.0
18.0
6.0
0.0
14.0
6.0
0.0
0.0
0.0
0.0
0.0
0.0
0.0
0.0
24.0
8.0
0.0
0.0
0.0
0.0
4.0
0.0
0.0
38.0
0.0
0.0
0.0
0.0
0.0
0.0
0.0
0.0
0.0
0.0
0.0
0.0
0.0
0.0
0.0
0.0
0.0
0.0
0.0
8.0
0.0
0.0
0.0
0.0
0.0
0.0
0.0
0.0
0.0
0.0
0.0
0.0
0.0
0.0
0.0
0.0
0.0
0.0
106.0
0.0
8.0
0.0
0.0
0.0
0.0
0.0
0.0
0.0
0.0
0.0
0.0
0.0
68.0
0.0
0.0
0.0
0.0
0.0
0.0
0.0
0.0
0.0
0.0
0.0
0.0
2.0
30.0
0.0
0.0
0.0
0.0
44.0
0.0
2.0
8.0
52.0
88.0
0.0
40.0
63.0
36.0
0.0
0.0
0.0
0.0
0.0
0.0
0.0
0.0
0.0
0.0
6.0
0.0
0.0
0.0
6.0
310.0
20.0
32.0
0.0
0.0
0.0
0.0
0.0
0.0
34.0
4.0
0.0
0.0
0.0
0.0
0.0
0.0
0.0
0.0
0.0
0.0
0.0
0.0
4.0
0.0
0.0
0.0
0.0
0.0
10.0
0.0
6.0
0.0
0.0
0.0
0.0
0.0
0.0
0.0
0.0
0.0
0.0
0.0
28.0
34.0
0.0
0.0
52.0
0.0
0.0
0.0
0.0
0.0
0.0
0.0
0.0
0.0
6.0
0.0
8.0
6.0
0.0
0.0
0.0
22.0
0.0
0.0
0.0
0.0
20.0
16.0
140.0
168.0
0.0
0.0
36.0
38.0
4.0
0.0
0.0
52.0
0.0
0.0
0.0
0.0
86.0
0.0
0.0
0.0
0.0
0.0
152.0
0.0
0.0
0.0
34.0
14.0
72.0
14.0
4.0
0.0
0.0
46.0
18.0
14.0
194.0
12.0
0.0
0.0
0.0
0.0
30.0
0.0
4.0
74.0
56.0
0.0
10.0
22.0
38.0
0.0
0.0
44.0
302.0
12.0
0.0
12.0
12.0
188.0
0.0
0.0
0.0
0.0
0.0
0.0
1402.0
34.0
0.0
0.0
0.0
0.0
0.0
0.0
0.0
38.0
46.0
140.0
0.0
0.0
0.0
270.0
0.0
0.0
0.0
0.0
0.0
4.0
0.0
0.0
0.0
0.0
0.0
52.0
20.0
0.0
44.0
0.0
0.0
0.0
0.0
0.0
0.0
0.0
0.0
0.0
0.0
2.0
42.0
50.0
0.0
0.0
0.0
14.0
56.0
16.0
0.0
0.0
0.0
0.0
0.0
18.0
0.0
0.0
0.0
126.0
42.0
0.0
0.0
0.0
0.0
0.0
18.0
0.0
0.0
0.0
18.0
0.0
0.0
0.0
0.0
0.0
0.0
0.0
0.0
36.0
0.0
0.0
0.0
76.0
14.0
0.0
0.0
0.0
0.0
0.0
0.0
0.0
0.0
0.0
4.0
0.0
0.0
0.0
0.0
0.0
0.0
0.0
0.0
0.0
0.0
0.0
0.0
16.0
6.0
0.0
0.0
0.0
0.0
0.0
0.0
0.0
0.0
0.0
0.0
0.0
0.0
0.0
0.0
6.0
0.0
52.0
0.0
0.0
0.0
0.0
0.0
0.0
0.0
28.0
8.0
0.0
0.0
8.0
0.0
0.0
0.0
0.0
0.0
0.0
0.0
0.0
0.0
0.0
0.0
0.0
0.0
0.0
0.0
0.0
0.0
6.0
4.0
0.0
0.0
0.0
0.0
0.0
0.0
0.0
0.0
0.0
0.0
10.0
0.0
0.0
0.0
0.0
4.0
0.0
0.0
0.0
42.0
14.0
0.0
0.0
4.0
0.0
0.0
0.0
32.0
0.0
0.0
0.0
0.0
0.0
0.0
18.0
0.0
0.0
0.0
0.0
44.0
0.0
0.0
0.0
88.0
0.0
0.0
6.0
0.0
0.0
0.0
0.0
0.0
0.0
0.0
0.0
0.0
0.0
0.0
0.0
0.0
0.0
0.0
0.0
0.0
0.0
0.0
50.0
0.0
0.0
0.0
0.0
0.0
0.0
0.0
0.0
10.0
18.0
16.0
0.0
0.0
0.0
132.0
0.0
0.0
24.0
2.0
0.0
0.0
0.0
0.0
0.0
4.0
0.0
0.0
0.0
0.0
0.0
0.0
0.0
0.0
0.0
0.0
0.0
0.0
0.0
0.0
0.0
0.0
0.0
0.0
0.0
12.0
0.0
0.0
0.0
0.0
0.0
12.0
16.0
304.0
20.0
0.0
0.0
0.0
140.0
112.0
0.0
0.0
0.0
0.0
12.0
0.0
12.0
10.0
6.0
0.0
20.0
0.0
0.0
0.0
0.0
0.0
0.0
0.0
0.0
0.0
0.0
76.0
20.0
0.0
0.0
0.0
0.0
0.0
0.0
0.0
0.0
0.0
0.0
0.0
0.0
0.0
14.0
6.0
0.0
0.0
60.0
4.0
0.0
10.0
0.0
14.0
0.0
0.0
0.0
0.0
0.0
0.0
0.0
0.0
0.0
0.0
0.0
110.0
16.0
214.0
0.0
0.0
0.0
0.0
0.0
90.0
0.0
0.0
0.0
0.0
0.0
2.0
26.0
0.0
0.0
0.0
0.0
0.0
0.0
0.0
2.0
0.0
0.0
42.0
0.0
0.0
4.0
0.0
0.0
0.0
0.0
0.0
0.0
0.0
0.0
172.0
20.0
0.0
0.0
0.0
230.0
10.0
0.0
4.0
228.0
6.0
0.0
0.0
0.0
0.0
12.0
0.0
0.0
0.0
0.0
0.0
0.0
0.0
0.0
0.0
0.0
0.0
0.0
0.0
0.0
310.0
231.0
0.0
0.0
0.0
0.0
0.0
0.0
100.0
0.0
18.0
8.0
0.0
0.0
0.0
10.0
0.0
114.0
8.0
0.0
0.0
0.0
42.0
0.0
0.0
0.0
0.0
0.0
0.0
0.0
0.0
0.0
0.0
0.0
0.0
0.0
0.0
0.0
0.0
0.0
0.0
0.0
2.0
0.0
0.0
0.0
104.0
0.0
0.0
0.0
0.0
0.0
0.0
0.0
0.0
0.0
0.0
4.0
0.0
0.0
0.0
0.0
0.0
0.0
0.0
88.0
22.0
0.0
0.0
0.0
0.0
0.0
0.0
0.0
4.0
6.0
0.0
0.0
0.0
0.0
0.0
0.0
0.0
0.0
0.0
0.0
0.0
0.0
0.0
0.0
0.0
0.0
0.0
0.0
0.0
0.0
0.0
0.0
0.0
14.0
4.0
0.0
0.0
56.0
34.0
10.0
0.0
0.0
0.0
10.0
20.0
6.0
0.0
0.0
42.0
0.0
0.0
36.0
10.0
22.0
0.0
0.0
12.0
6.0
0.0
0.0
4.0
0.0
18.0
20.0
0.0
8.0
0.0
0.0
0.0
0.0
40.0
0.0
0.0
0.0
0.0
0.0
51.0
0.0
0.0
0.0
0.0
0.0
0.0
0.0
4.0
0.0
0.0
0.0
0.0
0.0
0.0
0.0
0.0
0.0
0.0
0.0
0.0
0.0
0.0
0.0
0.0
0.0
0.0
6.0
2.0
0.0
0.0
0.0
0.0
0.0
0.0
6.0
28.0
0.0
4.0
0.0
19.0
8.0
0.0
0.0
8.0
0.0
0.0
0.0
0.0
0.0
0.0
0.0
0.0
0.0
0.0
0.0
0.0
24.0
26.0
0.0
0.0
0.0
0.0
0.0
0.0
0.0
54.0
0.0
0.0
0.0
0.0
0.0
0.0
0.0
0.0
0.0
0.0
0.0
0.0
0.0
0.0
0.0
0.0
20.0
96.0
0.0
0.0
0.0
2.0
0.0
0.0
0.0
0.0
0.0
4.0
0.0
0.0
24.0
0.0
0.0
0.0
0.0
0.0
0.0
0.0
0.0
28.0
48.0
0.0
4.0
0.0
0.0
12.0
0.0
60.0
22.0
0.0
0.0
0.0
0.0
0.0
0.0
22.0
0.0
0.0
22.0
16.0
142.0
0.0
0.0
0.0
0.0
116.0
300.0
0.0
0.0
0.0
0.0
22.0
0.0
0.0
0.0
0.0
10.0
0.0
0.0
0.0
22.0
0.0
186.0
16.0
0.0
0.0
0.0
0.0
86.0
8.0
0.0
16.0
152.0
0.0
0.0
430.0
0.0
0.0
0.0
0.0
0.0
0.0
0.0
0.0
0.0
0.0
0.0
0.0
0.0
34.0
0.0
0.0
0.0
4.0
0.0
46.0
0.0
0.0
6.0
0.0
0.0
0.0
0.0
0.0
0.0
0.0
2.0
184.0
128.0
0.0
0.0
0.0
226.0
0.0
0.0
0.0
48.0
0.0
32.0
144.0
18.0
0.0
26.0
188.0
0.0
18.0
0.0
0.0
74.0
0.0
0.0
0.0
0.0
60.0
20.0
2.0
30.0
0.0
0.0
0.0
0.0
0.0
0.0
0.0
0.0
0.0
0.0
0.0
0.0
0.0
0.0
0.0
0.0
0.0
0.0
0.0
0.0
12.0
0.0
0.0
30.0
20.0
0.0
0.0
6.0
0.0
0.0
0.0
0.0
0.0
0.0
0.0
0.0
0.0
0.0
0.0
0.0
0.0
0.0
0.0
0.0
0.0
94.0
32.0
0.0
0.0
0.0
12.0
8.0
30.0
30.0
4.0
8.0
0.0
28.0
26.0
0.0
0.0
0.0
18.0
0.0
6.0
0.0
20.0
0.0
2.0
0.0
8.0
42.0
0.0
0.0
0.0
2.0
0.0
0.0
0.0
0.0
0.0
12.0
0.0
52.0
0.0
0.0
0.0
6.0
118.0
0.0
8.0
0.0
0.0
0.0
0.0
0.0
0.0
0.0
0.0
0.0
0.0
0.0
0.0
0.0
0.0
50.0
0.0
74.0
0.0
4.0
0.0
0.0
0.0
4.0
0.0
4.0
0.0
0.0
16.0
0.0
0.0
0.0
0.0
0.0
0.0
42.0
0.0
4.0
0.0
0.0
0.0
0.0
0.0
50.0
28.0
0.0
14.0
0.0
0.0
0.0
78.0
26.0
4.0
0.0
0.0
0.0
0.0
0.0
0.0
0.0
0.0
0.0
20.0
0.0
0.0
0.0
0.0
0.0
0.0
8.0
0.0
0.0
0.0
0.0
46.0
14.0
0.0
0.0
30.0
0.0
0.0
0.0
0.0
0.0
0.0
0.0
0.0
0.0
0.0
0.0
0.0
6.0
288.0
0.0
104.0
20.0
4.0
6.0
0.0
0.0
8.0
16.0
0.0
0.0
0.0
0.0
0.0
0.0
0.0
0.0
0.0
0.0
0.0
0.0
0.0
0.0
0.0
0.0
0.0
108.0
10.0
0.0
0.0
0.0
4.0
0.0
0.0
0.0
0.0
0.0
0.0
0.0
0.0
0.0
0.0
116.0
10.0
0.0
96.0
64.0
0.0
0.0
0.0
0.0
0.0
0.0
0.0
0.0
12.0
0.0
0.0
6.0
0.0
0.0
0.0
0.0
378.0
180.0
0.0
0.0
0.0
0.0
72.0
6.0
0.0
0.0
0.0
0.0
0.0
0.0
0.0
0.0
0.0
40.0
0.0
0.0
40.0
6.0
0.0
168.0
12.0
0.0
140.0
10.0
16.0
58.0
0.0
0.0
0.0
122.0
22.0
90.0
20.0
0.0
0.0
0.0
0.0
0.0
0.0
20.0
0.0
0.0
40.0
0.0
114.0
6.0
0.0
4.0
192.0
116.0
0.0
0.0
0.0
0.0
0.0
0.0
0.0
0.0
104.0
0.0
0.0
0.0
0.0
0.0
0.0
0.0
0.0
0.0
10.0
0.0
0.0
0.0
0.0
0.0
6.0
94.0
0.0
0.0
0.0
0.0
0.0
0.0
0.0
68.0
4.0
0.0
22.0
0.0
8.0
8.0
0.0
44.0
0.0
0.0
0.0
18.0
0.0
76.0
0.0
96.0
0.0
0.0
0.0
0.0
0.0
0.0
132.0
0.0
0.0
18.0
0.0
0.0
0.0
0.0
0.0
0.0
0.0
0.0
10.0
0.0
0.0
26.0
0.0
0.0
14.0
0.0
0.0
0.0
0.0
0.0
0.0
0.0
78.0
0.0
0.0
0.0
0.0
4.0
4.0
8.0
0.0
0.0
0.0
0.0
0.0
0.0
10.0
0.0
0.0
0.0
0.0
0.0
0.0
0.0
0.0
0.0
48.0
0.0
0.0
0.0
20.0
0.0
0.0
0.0
0.0
0.0
14.0
0.0
0.0
2.0
0.0
0.0
0.0
0.0
0.0
0.0
0.0
0.0
0.0
0.0
0.0
0.0
0.0
0.0
0.0
68.0
0.0
0.0
36.0
6.0
42.0
0.0
0.0
0.0
0.0
0.0
0.0
32.0
6.0
0.0
0.0
0.0
0.0
0.0
14.0
50.0
96.0
0.0
0.0
0.0
0.0
0.0
38.0
25.0
26.0
0.0
0.0
0.0
0.0
2.0
0.0
0.0
28.0
0.0
0.0
0.0
0.0
0.0
0.0
0.0
0.0
0.0
0.0
28.0
0.0
0.0
4.0
0.0
0.0
0.0
0.0
0.0
0.0
0.0
0.0
0.0
0.0
10.0
0.0
0.0
0.0
0.0
14.0
0.0
0.0
0.0
0.0
0.0
0.0
0.0
0.0
0.0
0.0
0.0
0.0
0.0
0.0
0.0
0.0
90.0
14.0
0.0
0.0
0.0
0.0
0.0
18.0
20.0
0.0
4.0
0.0
0.0
4.0
4.0
32.0
0.0
0.0
3.0
12.0
84.0
4.0
0.0
28.0
16.0
0.0
0.0
18.0
0.0
0.0
0.0
0.0
0.0
0.0
0.0
0.0
0.0
0.0
0.0
0.0
0.0
96.0
142.0
0.0
0.0
0.0
0.0
0.0
0.0
0.0
0.0
0.0
6.0
0.0
0.0
0.0
0.0
0.0
0.0
0.0
42.0
212.0
30.0
0.0
0.0
0.0
0.0
0.0
82.0
8.0
0.0
0.0
4.0
84.0
110.0
52.0
0.0
0.0
0.0
0.0
230.0
114.0
0.0
0.0
4.0
0.0
0.0
0.0
0.0
112.0
16.0
0.0
0.0
0.0
0.0
0.0
0.0
0.0
36.0
0.0
0.0
0.0
18.0
16.0
0.0
66.0
0.0
6.0
64.0
0.0
0.0
0.0
0.0
0.0
8.0
0.0
52.0
6.0
0.0
8.0
8.0
0.0
68.0
0.0
74.0
0.0
0.0
0.0
0.0
0.0
0.0
14.0
50.0
238.0
0.0
0.0
0.0
36.0
240.0
152.0
44.0
0.0
2.0
0.0
0.0
0.0
0.0
0.0
230.0
408.0
2.0
0.0
0.0
0.0
36.0
160.0
4.0
3.0
0.0
3.0
0.0
0.0
0.0
0.0
0.0
0.0
0.0
0.0
0.0
0.0
0.0
52.0
0.0
0.0
0.0
0.0
0.0
0.0
0.0
0.0
0.0
0.0
0.0
0.0
24.0
10.0
0.0
0.0
0.0
0.0
0.0
22.0
0.0
0.0
16.0
64.0
6.0
0.0
0.0
0.0
0.0
0.0
8.0
0.0
6.0
0.0
0.0
0.0
8.0
4.0
60.0
102.0
0.0
0.0
422.0
22.0
56.0
136.0
0.0
0.0
0.0
92.0
0.0
0.0
0.0
0.0
0.0
0.0
0.0
12.0
0.0
0.0
12.0
16.0
18.0
0.0
0.0
0.0
0.0
0.0
0.0
0.0
0.0
40.0
0.0
8.0
0.0
0.0
0.0
0.0
60.0
134.0
54.0
24.0
0.0
0.0
0.0
104.0
236.0
36.0
0.0
10.0
4.0
0.0
0.0
0.0
0.0
0.0
0.0
0.0
0.0
6.0
0.0
0.0
0.0
0.0
0.0
0.0
16.0
0.0
0.0
28.0
20.0
0.0
6.0
0.0
44.0
12.0
0.0
0.0
0.0
0.0
24.0
20.0
0.0
30.0
74.0
54.0
46.0
0.0
0.0
0.0
0.0
40.0
114.0
0.0
0.0
0.0
0.0
0.0
0.0
0.0
0.0
0.0
0.0
0.0
0.0
0.0
0.0
0.0
8.0
0.0
0.0
0.0
0.0
0.0
0.0
0.0
0.0
6.0
0.0
0.0
0.0
0.0
8.0
4.0
0.0
0.0
8.0
0.0
4.0
0.0
0.0
0.0
0.0
0.0
12.0
34.0
24.0
0.0
0.0
0.0
0.0
0.0
0.0
0.0
0.0
0.0
0.0
0.0
0.0
0.0
0.0
0.0
0.0
2.0
0.0
14.0
0.0
0.0
10.0
0.0
70.0
0.0
12.0
20.0
8.0
0.0
0.0
0.0
0.0
0.0
0.0
0.0
0.0
0.0
12.0
50.0
118.0
26.0
4.0
0.0
14.0
0.0
16.0
0.0
0.0
0.0
0.0
0.0
0.0
4.0
0.0
0.0
0.0
0.0
0.0
0.0
0.0
0.0
0.0
0.0
0.0
0.0
0.0
0.0
8.0
0.0
68.0
6.0
0.0
0.0
12.0
16.0
0.0
4.0
0.0
0.0
46.0
0.0
0.0
182.0
330.0
0.0
14.0
0.0
12.0
4.0
0.0
0.0
0.0
6.0
0.0
0.0
0.0
0.0
2.0
0.0
0.0
0.0
12.0
26.0
62.0
44.0
68.0
0.0
19.0
0.0
12.0
0.0
0.0
0.0
0.0
0.0
140.0
4.0
0.0
36.0
10.0
0.0
0.0
0.0
0.0
10.0
0.0
0.0
0.0
79.0
110.0
8.0
0.0
0.0
0.0
0.0
0.0
0.0
0.0
0.0
0.0
10.0
180.0
0.0
0.0
0.0
0.0
230.0
16.0
0.0
16.0
0.0
0.0
6.0
0.0
0.0
46.0
36.0
79.0
33.0
0.0
0.0
46.0
0.0
NaN
NaN
0.0
0.0
0.0
0.0
18.0
0.0
6.0
0.0
258.0
12.0
52.0
0.0
0.0
0.0
22.0
10.0
8.0
20.0
0.0
0.0
12.0
0.0
0.0
0.0
0.0
0.0
0.0
0.0
0.0
10.0
0.0
0.0
6.0
0.0
0.0
0.0
0.0
4.0
0.0
0.0
30.0
0.0
0.0
62.0
28.0
0.0
0.0
10.0
0.0
0.0
84.0
0.0
0.0
0.0
22.0
0.0
200.0
0.0
0.0
0.0
62.0
54.0
0.0
0.0
10.0
0.0
0.0
34.0
40.0
8.0
0.0
0.0
0.0
0.0
0.0
0.0
6.0
32.0
16.0
124.0
0.0
0.0
0.0
0.0
0.0
0.0
0.0
0.0
0.0
0.0
0.0
0.0
0.0
0.0
0.0
38.0
0.0
24.0
0.0
0.0
24.0
0.0
0.0
0.0
0.0
0.0
0.0
0.0
0.0
22.0
16.0
0.0
0.0
0.0
0.0
0.0
0.0
0.0
0.0
0.0
0.0
50.0
24.0
14.0
0.0
0.0
0.0
0.0
68.0
0.0
0.0
0.0
80.0
12.0
0.0
4.0
34.0
0.0
0.0
0.0
0.0
0.0
0.0
24.0
0.0
0.0
4.0
0.0
0.0
0.0
0.0
0.0
0.0
0.0
0.0
0.0
36.0
0.0
6.0
0.0
14.0
28.0
0.0
26.0
0.0
0.0
24.0
20.0
0.0
42.0
0.0
0.0
38.0
16.0
0.0
0.0
0.0
0.0
0.0
0.0
0.0
0.0
0.0
0.0
54.0
40.0
4.0
12.0
0.0
0.0
0.0
0.0
0.0
0.0
0.0
0.0
0.0
0.0
0.0
0.0
0.0
30.0
0.0
0.0
0.0
0.0
0.0
0.0
0.0
0.0
0.0
0.0
0.0
0.0
0.0
0.0
0.0
0.0
0.0
0.0
0.0
0.0
0.0
0.0
0.0
4.0
0.0
0.0
0.0
0.0
0.0
0.0
0.0
0.0
0.0
0.0
0.0
0.0
0.0
0.0
0.0
0.0
0.0
0.0
0.0
0.0
0.0
0.0
42.0
0.0
0.0
0.0
0.0
0.0
0.0
0.0
0.0
0.0
0.0
0.0
72.0
4.0
22.0
4.0
0.0
0.0
0.0
0.0
0.0
0.0
0.0
0.0
0.0
0.0
0.0
8.0
0.0
0.0
0.0
0.0
0.0
0.0
0.0
0.0
0.0
0.0
0.0
24.0
0.0
0.0
40.0
196.0
48.0
0.0
0.0
0.0
0.0
0.0
0.0
4.0
0.0
112.0
10.0
0.0
4.0
122.0
60.0
16.0
0.0
0.0
38.0
0.0
0.0
0.0
12.0
0.0
54.0
58.0
12.0
0.0
0.0
0.0
0.0
274.0
34.0
4.0
140.0
340.0
242.0
102.0
0.0
0.0
0.0
0.0
0.0
0.0
10.0
0.0
4.0
26.0
24.0
0.0
26.0
4.0
0.0
16.0
10.0
0.0
0.0
0.0
0.0
383.0
0.0
0.0
0.0
0.0
0.0
18.0
6.0
28.0
0.0
0.0
0.0
126.0
0.0
0.0
466.0
0.0
50.0
18.0
0.0
26.0
4.0
0.0
0.0
0.0
20.0
88.0
4.0
28.0
6.0
20.0
28.0
48.0
56.0
4.0
0.0
72.0
12.0
4.0
0.0
0.0
0.0
0.0
24.0
8.0
0.0
22.0
52.0
0.0
0.0
0.0
0.0
0.0
0.0
0.0
0.0
126.0
0.0
0.0
0.0
0.0
0.0
0.0
0.0
0.0
0.0
0.0
0.0
0.0
0.0
0.0
0.0
0.0
0.0
0.0
0.0
0.0
0.0
0.0
8.0
24.0
26.0
0.0
0.0
0.0
0.0
0.0
0.0
0.0
0.0
0.0
12.0
14.0
0.0
0.0
0.0
0.0
0.0
0.0
24.0
4.0
0.0
0.0
0.0
0.0
0.0
0.0
0.0
0.0
0.0
0.0
0.0
0.0
0.0
0.0
0.0
0.0
4.0
0.0
0.0
0.0
0.0
0.0
0.0
0.0
0.0
0.0
40.0
0.0
0.0
0.0
0.0
0.0
0.0
0.0
0.0
0.0
0.0
0.0
0.0
0.0
0.0
0.0
0.0
0.0
0.0
0.0
0.0
0.0
26.0
0.0
0.0
0.0
0.0
0.0
0.0
0.0
2.0
14.0
0.0
28.0
0.0
10.0
10.0
0.0
0.0
14.0
0.0
24.0
0.0
0.0
0.0
18.0
12.0
0.0
0.0
0.0
0.0
0.0
0.0
0.0
0.0
28.0
4.0
18.0
0.0
0.0
0.0
46.0
8.0
0.0
0.0
0.0
0.0
0.0
0.0
4.0
0.0
0.0
2.0
0.0
0.0
0.0
0.0
0.0
0.0
0.0
0.0
0.0
0.0
2.0
0.0
54.0
0.0
0.0
0.0
0.0
0.0
0.0
0.0
0.0
0.0
6.0
4.0
0.0
0.0
0.0
0.0
0.0
0.0
0.0
0.0
0.0
0.0
0.0
0.0
0.0
0.0
0.0
0.0
0.0
0.0
42.0
0.0
0.0
0.0
0.0
0.0
34.0
0.0
0.0
0.0
0.0
0.0
0.0
164.0
0.0
0.0
0.0
0.0
0.0
8.0
0.0
0.0
0.0
0.0
0.0
0.0
0.0
42.0
0.0
0.0
0.0
0.0
0.0
0.0
0.0
0.0
0.0
0.0
30.0
0.0
0.0
0.0
0.0
0.0
0.0
0.0
0.0
0.0
0.0
0.0
0.0
12.0
58.0
58.0
66.0
90.0
0.0
8.0
0.0
128.0
0.0
0.0
0.0
6.0
8.0
0.0
0.0
0.0
0.0
0.0
0.0
92.0
0.0
0.0
0.0
120.0
44.0
56.0
16.0
120.0
4.0
0.0
18.0
22.0
4.0
0.0
0.0
94.0
0.0
0.0
68.0
50.0
24.0
74.0
0.0
186.0
0.0
0.0
340.0
60.0
0.0
0.0
0.0
0.0
0.0
0.0
10.0
0.0
12.0
114.0
16.0
0.0
0.0
290.0
26.0
38.0
112.0
0.0
0.0
0.0
0.0
0.0
0.0
0.0
0.0
346.0
0.0
0.0
0.0
68.0
0.0
0.0
0.0
124.0
0.0
0.0
0.0
8.0
184.0
0.0
0.0
0.0
0.0
0.0
104.0
134.0
0.0
0.0
0.0
0.0
0.0
12.0
0.0
170.0
26.0
105.0
8.0
18.0
0.0
0.0
0.0
184.0
0.0
0.0
0.0
4.0
0.0
0.0
0.0
6.0
0.0
0.0
116.0
0.0
0.0
0.0
0.0
0.0
178.0
0.0
0.0
0.0
0.0
0.0
0.0
0.0
0.0
0.0
18.0
0.0
14.0
0.0
0.0
0.0
0.0
6.0
0.0
0.0
0.0
0.0
0.0
0.0
0.0
16.0
26.0
48.0
188.0
0.0
0.0
10.0
0.0
0.0
0.0
0.0
0.0
6.0
0.0
0.0
0.0
0.0
10.0
0.0
0.0
0.0
0.0
0.0
0.0
0.0
0.0
12.0
16.0
50.0
38.0
0.0
0.0
0.0
0.0
0.0
0.0
0.0
0.0
0.0
0.0
0.0
0.0
86.0
6.0
0.0
0.0
0.0
0.0
12.0
0.0
0.0
0.0
0.0
140.0
0.0
14.0
0.0
0.0
0.0
0.0
24.0
60.0
0.0
0.0
0.0
0.0
0.0
0.0
0.0
0.0
0.0
0.0
0.0
0.0
46.0
30.0
5.0
0.0
0.0
0.0
0.0
0.0
0.0
0.0
0.0
4.0
10.0
91.0
0.0
8.0
10.0
0.0
46.0
67.0
92.0
0.0
0.0
4.0
0.0
0.0
0.0
0.0
0.0
0.0
0.0
2.0
0.0
0.0
0.0
0.0
0.0
0.0
6.0
10.0
0.0
0.0
0.0
90.0
0.0
0.0
0.0
0.0
16.0
0.0
0.0
0.0
0.0
0.0
0.0
0.0
0.0
0.0
28.0
92.0
0.0
0.0
0.0
0.0
0.0
0.0
0.0
28.0
6.0
0.0
0.0
0.0
0.0
0.0
10.0
0.0
0.0
14.0
138.0
0.0
0.0
0.0
0.0
0.0
164.0
0.0
0.0
58.0
312.0
16.0
0.0
0.0
0.0
0.0
0.0
90.0
0.0
32.0
38.0
0.0
0.0
0.0
0.0
0.0
0.0
0.0
0.0
0.0
24.0
0.0
0.0
0.0
0.0
0.0
0.0
12.0
8.0
0.0
0.0
24.0
18.0
10.0
0.0
0.0
0.0
10.0
75.0
0.0
0.0
24.0
6.0
0.0
0.0
8.0
212.0
42.0
0.0
0.0
102.0
0.0
0.0
70.0
18.0
0.0
222.0
38.0
0.0
0.0
0.0
0.0
0.0
0.0
0.0
0.0
140.0
0.0
0.0
0.0
0.0
0.0
138.0
0.0
0.0
0.0
0.0
0.0
0.0
0.0
0.0
0.0
0.0
0.0
0.0
152.0
458.0
28.0
14.0
51.0
47.0
0.0
0.0
0.0
0.0
52.0
0.0
24.0
0.0
3.0
0.0
0.0
2.0
4.0
0.0
0.0
0.0
0.0
16.0
0.0
0.0
0.0
96.0
0.0
6.0
0.0
46.0
6.0
0.0
92.0
0.0
0.0
12.0
12.0
0.0
32.0
0.0
0.0
0.0
10.0
0.0
0.0
0.0
0.0
0.0
24.0
0.0
0.0
0.0
0.0
336.0
4.0
0.0
0.0
6.0
364.0
0.0
0.0
20.0
0.0
0.0
0.0
0.0
22.0
0.0
10.0
388.0
0.0
0.0
0.0
0.0
0.0
0.0
374.0
0.0
0.0
0.0
0.0
0.0
0.0
0.0
0.0
0.0
0.0
0.0
36.0
62.0
0.0
31.0
0.0
0.0
0.0
0.0
0.0
0.0
0.0
0.0
0.0
0.0
0.0
0.0
0.0
8.0
0.0
0.0
0.0
0.0
0.0
0.0
0.0
30.0
54.0
0.0
0.0
0.0
0.0
110.0
14.0
0.0
0.0
0.0
0.0
0.0
0.0
18.0
44.0
40.0
0.0
0.0
20.0
47.0
0.0
0.0
0.0
0.0
0.0
0.0
48.0
58.0
0.0
0.0
10.0
0.0
0.0
0.0
76.0
0.0
0.0
0.0
0.0
0.0
0.0
27.0
32.0
0.0
0.0
4.0
4.0
96.0
92.0
26.0
0.0
0.0
15.0
0.0
0.0
62.0
0.0
0.0
0.0
0.0
40.0
61.0
0.0
0.0
0.0
0.0
0.0
0.0
0.0
0.0
0.0
0.0
0.0
0.0
0.0
0.0
0.0
0.0
0.0
25.0
34.0
0.0
16.0
0.0
0.0
0.0
0.0
42.0
0.0
0.0
0.0
0.0
0.0
0.0
56.0
4.0
0.0
0.0
0.0
0.0
0.0
0.0
0.0
0.0
0.0
0.0
0.0
22.0
0.0
0.0
0.0
0.0
0.0
0.0
0.0
0.0
0.0
0.0
0.0
111.0
0.0
0.0
0.0
0.0
0.0
0.0
0.0
0.0
0.0
0.0
0.0
0.0
0.0
0.0
0.0
0.0
0.0
0.0
0.0
0.0
0.0
0.0
0.0
0.0
0.0
0.0
0.0
0.0
0.0
0.0
0.0
0.0
0.0
0.0
14.0
14.0
0.0
0.0
0.0
0.0
0.0
0.0
40.0
0.0
0.0
0.0
0.0
0.0
184.0
0.0
0.0
0.0
36.0
0.0
0.0
0.0
0.0
0.0
0.0
0.0
0.0
0.0
0.0
0.0
34.0
0.0
0.0
0.0
0.0
56.0
15.0
10.0
16.0
0.0
206.0
83.0
0.0
0.0
0.0
0.0
0.0
0.0
0.0
0.0
0.0
0.0
8.0
0.0
0.0
0.0
0.0
0.0
20.0
0.0
182.0
6.0
82.0
78.0
74.0
112.0
0.0
2.0
0.0
0.0
0.0
0.0
0.0
0.0
0.0
0.0
86.0
78.0
4.0
0.0
0.0
0.0
250.0
0.0
0.0
0.0
4.0
0.0
0.0
0.0
0.0
28.0
0.0
0.0
0.0
206.0
158.0
0.0
0.0
28.0
60.0
4.0
0.0
0.0
0.0
0.0
0.0
0.0
0.0
0.0
0.0
8.0
26.0
6.0
86.0
2.0
0.0
144.0
8.0
0.0
0.0
0.0
4.0
104.0
24.0
0.0
236.0
36.0
0.0
0.0
38.0
0.0
0.0
0.0
0.0
50.0
0.0
0.0
0.0
0.0
0.0
0.0
12.0
0.0
0.0
12.0
0.0
0.0
0.0
0.0
0.0
24.0
0.0
0.0
0.0
0.0
114.0
0.0
3.0
19.0
0.0
0.0
0.0
0.0
0.0
0.0
0.0
0.0
0.0
0.0
0.0
0.0
0.0
202.0
14.0
0.0
0.0
0.0
0.0
0.0
6.0
0.0
0.0
0.0
0.0
0.0
0.0
4.0
0.0
18.0
40.0
8.0
3.0
0.0
4.0
2.0
0.0
0.0
4.0
4.0
26.0
0.0
0.0
0.0
0.0
0.0
0.0
4.0
0.0
0.0
0.0
0.0
0.0
10.0
0.0
0.0
0.0
0.0
28.0
152.0
38.0
0.0
0.0
66.0
0.0
0.0
0.0
12.0
0.0
0.0
0.0
0.0
0.0
0.0
0.0
0.0
0.0
0.0
10.0
6.0
0.0
0.0
0.0
0.0
162.0
14.0
16.0
0.0
0.0
20.0
54.0
0.0
0.0
2.0
0.0
0.0
0.0
0.0
0.0
0.0
0.0
0.0
12.0
0.0
0.0
14.0
0.0
12.0
0.0
0.0
0.0
16.0
0.0
0.0
0.0
8.0
22.0
0.0
0.0
16.0
120.0
0.0
0.0
0.0
0.0
0.0
0.0
50.0
0.0
18.0
0.0
20.0
22.0
0.0
0.0
20.0
0.0
0.0
0.0
0.0
14.0
14.0
0.0
0.0
0.0
0.0
0.0
0.0
0.0
28.0
0.0
0.0
102.0
0.0
4.0
0.0
0.0
6.0
0.0
24.0
0.0
86.0
0.0
0.0
0.0
0.0
4.0
0.0
0.0
0.0
0.0
0.0
0.0
0.0
0.0
6.0
10.0
0.0
6.0
0.0
18.0
0.0
0.0
10.0
0.0
0.0
0.0
0.0
0.0
0.0
82.0
0.0
9.0
0.0
0.0
0.0
24.0
8.0
0.0
0.0
0.0
0.0
0.0
0.0
0.0
0.0
28.0
0.0
0.0
0.0
0.0
0.0
0.0
32.0
0.0
0.0
0.0
26.0
20.0
4.0
0.0
0.0
0.0
0.0
0.0
0.0
108.0
8.0
54.0
0.0
0.0
0.0
0.0
0.0
0.0
48.0
0.0
0.0
0.0
0.0
0.0
0.0
0.0
0.0
0.0
160.0
122.0
40.0
0.0
0.0
0.0
0.0
0.0
0.0
0.0
0.0
0.0
0.0
0.0
0.0
0.0
4.0
66.0
38.0
0.0
0.0
0.0
38.0
26.0
0.0
0.0
0.0
80.0
0.0
0.0
0.0
0.0
0.0
0.0
0.0
0.0
12.0
0.0
20.0
0.0
0.0
0.0
0.0
0.0
0.0
0.0
0.0
0.0
0.0
0.0
0.0
64.0
4.0
142.0
42.0
2.0
98.0
22.0
0.0
22.0
4.0
60.0
0.0
0.0
0.0
14.0
0.0
0.0
186.0
0.0
0.0
0.0
0.0
72.0
112.0
0.0
0.0
200.0
88.0
0.0
0.0
0.0
0.0
0.0
0.0
14.0
0.0
0.0
8.0
0.0
0.0
21.0
0.0
0.0
0.0
32.0
0.0
0.0
0.0
0.0
12.0
0.0
184.0
0.0
0.0
0.0
138.0
10.0
0.0
0.0
0.0
0.0
28.0
392.0
0.0
0.0
10.0
0.0
0.0
0.0
0.0
0.0
6.0
0.0
0.0
0.0
0.0
64.0
0.0
0.0
0.0
0.0
0.0
28.0
0.0
6.0
0.0
32.0
0.0
0.0
0.0
104.0
0.0
0.0
88.0
0.0
0.0
6.0
0.0
0.0
0.0
0.0
0.0
0.0
0.0
0.0
0.0
0.0
0.0
0.0
0.0
0.0
12.0
0.0
0.0
0.0
12.0
506.0
0.0
8.0
15.0
92.0
0.0
0.0
0.0
0.0
0.0
0.0
0.0
0.0
0.0
0.0
22.0
0.0
0.0
0.0
0.0
0.0
12.0
14.0
18.0
0.0
0.0
0.0
0.0
0.0
0.0
0.0
18.0
8.0
6.0
0.0
0.0
0.0
0.0
0.0
0.0
2.0
0.0
0.0
0.0
18.0
0.0
0.0
0.0
0.0
0.0
0.0
0.0
0.0
0.0
0.0
0.0
32.0
6.0
0.0
0.0
6.0
12.0
6.0
0.0
0.0
0.0
0.0
0.0
0.0
0.0
0.0
0.0
0.0
0.0
0.0
0.0
0.0
0.0
0.0
0.0
0.0
0.0
80.0
0.0
0.0
0.0
100.0
0.0
0.0
6.0
12.0
18.0
44.0
24.0
0.0
26.0
0.0
4.0
0.0
6.0
0.0
0.0
0.0
0.0
0.0
0.0
12.0
0.0
200.0
34.0
0.0
0.0
0.0
0.0
0.0
0.0
30.0
0.0
0.0
0.0
NaN
0.0
NaN
0.0
0.0
0.0
0.0
0.0
0.0
0.0
0.0
33.0
14.0
8.0
0.0
6.0
0.0
0.0
0.0
4.0
0.0
0.0
0.0
0.0
0.0
0.0
0.0
0.0
0.0
0.0
0.0
54.0
4.0
0.0
0.0
0.0
5.0
0.0
302.0
0.0
0.0
0.0
4.0
0.0
0.0
0.0
0.0
0.0
0.0
0.0
4.0
0.0
0.0
0.0
0.0
0.0
0.0
0.0
0.0
0.0
0.0
0.0
168.0
6.0
0.0
14.0
106.0
16.0
0.0
6.0
0.0
0.0
0.0
14.0
0.0
0.0
0.0
0.0
0.0
0.0
0.0
0.0
0.0
140.0
75.0
0.0
0.0
0.0
16.0
0.0
0.0
0.0
0.0
0.0
0.0
0.0
0.0
204.0
6.0
0.0
51.0
13.0
0.0
80.0
222.0
208.0
192.0
140.0
2.0
0.0
118.0
138.0
0.0
44.0
70.0
150.0
8.0
0.0
2.0
62.0
0.0
32.0
97.0
44.0
0.0
0.0
0.0
0.0
0.0
62.0
6.0
0.0
0.0
0.0
20.0
0.0
20.0
24.0
4.0
0.0
0.0
0.0
20.0
0.0
0.0
0.0
0.0
0.0
0.0
0.0
386.0
0.0
0.0
0.0
0.0
0.0
6.0
0.0
0.0
0.0
0.0
0.0
0.0
44.0
0.0
0.0
566.0
0.0
0.0
0.0
38.0
0.0
0.0
6.0
4.0
0.0
0.0
0.0
2.0
0.0
0.0
22.0
0.0
0.0
0.0
0.0
0.0
0.0
0.0
0.0
0.0
0.0
0.0
0.0
0.0
0.0
0.0
60.0
304.0
0.0
0.0
0.0
19.0
5.0
0.0
0.0
0.0
0.0
0.0
0.0
0.0
0.0
0.0
72.0
246.0
36.0
0.0
0.0
4.0
0.0
162.0
0.0
0.0
40.0
0.0
0.0
4.0
0.0
0.0
0.0
0.0
0.0
0.0
0.0
0.0
0.0
0.0
0.0
50.0
0.0
0.0
0.0
0.0
0.0
0.0
0.0
0.0
0.0
0.0
81.0
0.0
0.0
4.0
9.0
0.0
0.0
16.0
0.0
0.0
0.0
0.0
0.0
0.0
0.0
43.0
0.0
0.0
0.0
0.0
0.0
0.0
0.0
0.0
0.0
60.0
56.0
0.0
0.0
0.0
0.0
0.0
0.0
0.0
0.0
0.0
0.0
0.0
208.0
12.0
0.0
0.0
0.0
0.0
0.0
0.0
0.0
0.0
7.0
7.0
0.0
0.0
0.0
74.0
24.0
0.0
0.0
0.0
0.0
0.0
0.0
0.0
0.0
30.0
0.0
58.0
0.0
0.0
0.0
0.0
0.0
16.0
0.0
43.0
0.0
0.0
0.0
0.0
0.0
0.0
0.0
0.0
0.0
0.0
0.0
0.0
0.0
0.0
12.0
0.0
0.0
0.0
0.0
0.0
0.0
0.0
0.0
0.0
0.0
0.0
0.0
0.0
62.0
0.0
0.0
18.0
34.0
0.0
0.0
0.0
0.0
0.0
0.0
0.0
0.0
0.0
0.0
0.0
26.0
16.0
0.0
0.0
0.0
0.0
0.0
0.0
0.0
66.0
0.0
0.0
0.0
0.0
0.0
0.0
0.0
0.0
0.0
0.0
0.0
0.0
0.0
0.0
0.0
0.0
0.0
227.0
0.0
0.0
11.0
0.0
0.0
0.0
0.0
0.0
4.0
4.0
0.0
0.0
0.0
0.0
0.0
0.0
0.0
0.0
0.0
0.0
0.0
0.0
0.0
0.0
0.0
0.0
0.0
0.0
0.0
99.0
653.0
200.0
51.0
0.0
0.0
0.0
282.0
6.0
0.0
10.0
200.0
12.0
0.0
0.0
232.0
48.0
0.0
62.0
128.0
12.0
0.0
0.0
0.0
0.0
0.0
312.0
8.0
0.0
2.0
0.0
53.0
0.0
0.0
44.0
0.0
230.0
2.0
0.0
14.0
0.0
0.0
0.0
8.0
0.0
0.0
0.0
0.0
0.0
0.0
0.0
0.0
0.0
190.0
8.0
0.0
8.0
21.0
10.0
0.0
0.0
10.0
80.0
0.0
0.0
67.0
144.0
0.0
0.0
0.0
118.0
12.0
34.0
160.0
2.0
0.0
5.0
73.0
0.0
10.0
0.0
0.0
126.0
0.0
0.0
0.0
0.0
0.0
0.0
0.0
0.0
0.0
0.0
0.0
0.0
164.0
0.0
30.0
0.0
36.0
0.0
0.0
0.0
0.0
226.0
0.0
2.0
0.0
0.0
0.0
0.0
62.0
0.0
0.0
0.0
0.0
0.0
0.0
54.0
0.0
0.0
0.0
18.0
28.0
96.0
2.0
78.0
0.0
54.0
0.0
0.0
176.0
38.0
0.0
0.0
0.0
0.0
0.0
2.0
0.0
0.0
0.0
0.0
0.0
0.0
0.0
0.0
84.0
0.0
0.0
0.0
0.0
0.0
0.0
11.0
0.0
0.0
10.0
0.0
0.0
0.0
88.0
0.0
0.0
16.0
38.0
6.0
20.0
0.0
0.0
0.0
0.0
0.0
0.0
0.0
0.0
0.0
30.0
4.0
0.0
0.0
4.0
0.0
0.0
0.0
0.0
0.0
0.0
0.0
0.0
0.0
0.0
0.0
0.0
0.0
0.0
0.0
0.0
0.0
0.0
0.0
0.0
0.0
0.0
0.0
0.0
40.0
16.0
0.0
0.0
0.0
0.0
0.0
0.0
0.0
0.0
0.0
0.0
0.0
0.0
0.0
0.0
0.0
0.0
30.0
0.0
0.0
0.0
0.0
58.0
32.0
0.0
0.0
0.0
0.0
0.0
0.0
0.0
0.0
0.0
22.0
12.0
0.0
180.0
4.0
10.0
33.0
0.0
2.0
6.0
0.0
0.0
4.0
0.0
6.0
0.0
40.0
0.0
35.0
0.0
0.0
0.0
0.0
32.0
0.0
0.0
0.0
0.0
0.0
0.0
0.0
0.0
0.0
0.0
0.0
0.0
4.0
0.0
0.0
0.0
0.0
0.0
0.0
0.0
0.0
0.0
0.0
0.0
0.0
0.0
0.0
0.0
0.0
0.0
0.0
0.0
0.0
0.0
130.0
0.0
0.0
0.0
0.0
0.0
0.0
0.0
0.0
0.0
0.0
0.0
0.0
0.0
0.0
0.0
4.0
0.0
0.0
0.0
0.0
40.0
0.0
14.0
4.0
0.0
0.0
186.0
16.0
0.0
0.0
0.0
0.0
0.0
36.0
30.0
0.0
0.0
0.0
34.0
12.0
0.0
0.0
0.0
0.0
0.0
0.0
0.0
0.0
0.0
0.0
0.0
0.0
0.0
0.0
0.0
0.0
0.0
0.0
6.0
0.0
0.0
54.0
0.0
4.0
0.0
0.0
0.0
0.0
0.0
10.0
0.0
0.0
0.0
0.0
4.0
180.0
76.0
0.0
0.0
0.0
0.0
0.0
0.0
0.0
16.0
20.0
26.0
22.0
0.0
0.0
42.0
22.0
46.0
0.0
0.0
24.0
104.0
0.0
0.0
0.0
0.0
0.0
0.0
0.0
90.0
82.0
4.0
10.0
94.0
0.0
6.0
6.0
0.0
0.0
42.0
234.0
12.0
4.0
88.0
54.0
42.0
26.0
0.0
0.0
0.0
20.0
0.0
0.0
0.0
520.0
4.0
444.0
0.0
0.0
44.0
150.0
0.0
0.0
0.0
0.0
280.0
22.0
0.0
12.0
0.0
0.0
0.0
0.0
0.0
334.0
0.0
0.0
0.0
0.0
0.0
0.0
0.0
0.0
18.0
0.0
61.0
48.0
0.0
100.0
0.0
182.0
9.0
0.0
0.0
36.0
0.0
0.0
0.0
0.0
0.0
132.0
20.0
0.0
0.0
0.0
0.0
0.0
0.0
6.0
16.0
4.0
0.0
0.0
0.0
192.0
6.0
156.0
104.0
272.0
0.0
0.0
16.0
0.0
0.0
0.0
0.0
0.0
0.0
0.0
0.0
19.0
69.0
0.0
0.0
0.0
0.0
0.0
30.0
12.0
0.0
0.0
0.0
8.0
0.0
2.0
0.0
0.0
0.0
0.0
0.0
0.0
0.0
0.0
0.0
0.0
0.0
0.0
0.0
0.0
0.0
0.0
0.0
0.0
0.0
0.0
0.0
8.0
80.0
0.0
0.0
172.0
68.0
26.0
14.0
248.0
34.0
0.0
0.0
14.0
84.0
112.0
20.0
32.0
48.0
6.0
0.0
0.0
0.0
0.0
0.0
0.0
57.0
0.0
0.0
0.0
0.0
0.0
0.0
0.0
0.0
10.0
98.0
0.0
0.0
0.0
0.0
0.0
0.0
0.0
58.0
0.0
29.0
0.0
0.0
0.0
0.0
0.0
68.0
75.0
0.0
66.0
0.0
183.0
0.0
0.0
0.0
0.0
0.0
0.0
4.0
57.0
0.0
0.0
0.0
0.0
0.0
18.0
0.0
0.0
0.0
0.0
0.0
0.0
0.0
0.0
0.0
0.0
18.0
0.0
4.0
0.0
4.0
0.0
0.0
0.0
0.0
0.0
0.0
0.0
0.0
0.0
0.0
0.0
0.0
0.0
0.0
8.0
0.0
3.0
0.0
6.0
2.0
0.0
0.0
0.0
0.0
3.0
0.0
0.0
42.0
6.0
0.0
0.0
0.0
0.0
0.0
2.0
0.0
40.0
10.0
20.0
0.0
0.0
0.0
0.0
0.0
0.0
0.0
0.0
0.0
0.0
0.0
0.0
0.0
0.0
0.0
0.0
0.0
0.0
0.0
0.0
0.0
0.0
0.0
40.0
0.0
0.0
0.0
0.0
0.0
0.0
0.0
0.0
170.0
20.0
0.0
0.0
0.0
144.0
0.0
0.0
0.0
0.0
15.0
0.0
0.0
20.0
50.0
0.0
0.0
0.0
0.0
0.0
0.0
0.0
0.0
0.0
0.0
0.0
0.0
0.0
0.0
24.0
0.0
0.0
132.0
0.0
8.0
0.0
94.0
148.0
70.0
0.0
0.0
4.0
24.0
0.0
0.0
0.0
92.0
8.0
0.0
0.0
96.0
0.0
0.0
14.0
12.0
0.0
0.0
0.0
26.0
0.0
12.0
28.0
0.0
0.0
0.0
0.0
0.0
12.0
6.0
30.0
8.0
0.0
0.0
0.0
0.0
24.0
196.0
0.0
0.0
276.0
0.0
0.0
0.0
0.0
0.0
60.0
6.0
101.0
154.0
736.0
0.0
0.0
0.0
0.0
0.0
0.0
0.0
23.0
0.0
0.0
0.0
0.0
0.0
0.0
16.0
26.0
0.0
0.0
91.0
0.0
6.0
30.0
0.0
0.0
0.0
4.0
0.0
0.0
58.0
0.0
0.0
0.0
0.0
90.0
0.0
0.0
0.0
72.0
0.0
0.0
0.0
0.0
0.0
0.0
44.0
0.0
6.0
8.0
0.0
0.0
0.0
0.0
0.0
0.0
0.0
0.0
0.0
0.0
0.0
0.0
0.0
6.0
0.0
10.0
0.0
0.0
0.0
0.0
0.0
8.0
6.0
4.0
88.0
6.0
0.0
18.0
0.0
0.0
0.0
0.0
0.0
0.0
0.0
90.0
0.0
62.0
60.0
0.0
0.0
0.0
0.0
0.0
0.0
2.0
0.0
0.0
0.0
0.0
0.0
0.0
0.0
0.0
0.0
0.0
0.0
0.0
0.0
6.0
40.0
0.0
0.0
0.0
0.0
4.0
0.0
0.0
6.0
10.0
0.0
0.0
0.0
0.0
0.0
0.0
0.0
130.0
0.0
0.0
0.0
0.0
0.0
12.0
6.0
0.0
0.0
0.0
0.0
0.0
0.0
0.0
0.0
0.0
0.0
0.0
0.0
0.0
0.0
16.0
0.0
0.0
8.0
6.0
2.0
9.0
4.0
2.0
0.0
0.0
0.0
20.0
276.0
0.0
0.0
0.0
0.0
0.0
18.0
0.0
0.0
0.0
12.0
0.0
0.0
0.0
0.0
0.0
60.0
0.0
0.0
0.0
0.0
60.0
0.0
10.0
0.0
0.0
0.0
0.0
0.0
0.0
0.0
0.0
0.0
0.0
0.0
0.0
0.0
0.0
0.0
0.0
14.0
8.0
2.0
0.0
10.0
0.0
22.0
60.0
0.0
0.0
0.0
100.0
30.0
10.0
0.0
0.0
0.0
0.0
20.0
0.0
0.0
0.0
0.0
0.0
0.0
0.0
0.0
0.0
0.0
10.0
0.0
0.0
0.0
0.0
0.0
0.0
0.0
0.0
0.0
4.0
0.0
0.0
0.0
0.0
0.0
0.0
0.0
0.0
260.0
0.0
0.0
0.0
10.0
50.0
0.0
2.0
32.0
2.0
0.0
0.0
0.0
19.0
52.0
12.0
0.0
0.0
0.0
0.0
0.0
0.0
0.0
0.0
0.0
0.0
0.0
0.0
0.0
10.0
0.0
0.0
0.0
0.0
0.0
50.0
0.0
0.0
0.0
0.0
0.0
0.0
0.0
0.0
180.0
0.0
0.0
4.0
0.0
0.0
0.0
0.0
0.0
0.0
0.0
0.0
42.0
0.0
0.0
30.0
0.0
0.0
40.0
6.0
0.0
0.0
40.0
0.0
0.0
0.0
0.0
0.0
0.0
0.0
0.0
0.0
0.0
0.0
0.0
0.0
156.0
0.0
0.0
0.0
0.0
0.0
0.0
0.0
0.0
0.0
0.0
0.0
0.0
0.0
6.0
0.0
0.0
120.0
104.0
210.0
0.0
6.0
0.0
0.0
0.0
0.0
30.0
0.0
84.0
12.0
12.0
0.0
52.0
58.0
0.0
0.0
0.0
0.0
26.0
2.0
10.0
0.0
0.0
411.0
0.0
86.0
0.0
0.0
50.0
0.0
0.0
0.0
0.0
0.0
0.0
0.0
0.0
0.0
0.0
66.0
0.0
0.0
0.0
0.0
0.0
0.0
0.0
0.0
0.0
48.0
10.0
0.0
0.0
0.0
0.0
0.0
0.0
246.0
2.0
0.0
52.0
0.0
16.0
10.0
2.0
50.0
246.0
0.0
0.0
0.0
0.0
0.0
0.0
0.0
0.0
0.0
0.0
144.0
0.0
0.0
116.0
100.0
8.0
0.0
0.0
36.0
8.0
48.0
29.0
0.0
0.0
0.0
0.0
0.0
0.0
0.0
0.0
0.0
0.0
80.0
0.0
0.0
0.0
0.0
0.0
4.0
0.0
0.0
0.0
0.0
0.0
0.0
0.0
0.0
0.0
12.0
0.0
0.0
26.0
0.0
0.0
0.0
0.0
0.0
2.0
0.0
0.0
10.0
50.0
0.0
0.0
0.0
0.0
0.0
0.0
0.0
0.0
26.0
6.0
2.0
0.0
0.0
0.0
0.0
0.0
0.0
0.0
0.0
0.0
0.0
24.0
50.0
0.0
0.0
0.0
0.0
0.0
0.0
0.0
0.0
0.0
0.0
0.0
0.0
0.0
0.0
0.0
0.0
0.0
0.0
0.0
0.0
0.0
0.0
0.0
0.0
0.0
0.0
0.0
0.0
0.0
0.0
0.0
0.0
0.0
0.0
0.0
14.0
0.0
18.0
85.0
20.0
6.0
20.0
0.0
0.0
0.0
0.0
0.0
0.0
0.0
52.0
0.0
0.0
9.0
0.0
0.0
0.0
0.0
0.0
0.0
7.0
0.0
0.0
0.0
0.0
0.0
0.0
0.0
0.0
6.0
0.0
0.0
0.0
0.0
0.0
10.0
7.0
0.0
32.0
0.0
0.0
0.0
0.0
26.0
0.0
0.0
0.0
4.0
0.0
0.0
0.0
0.0
0.0
4.0
0.0
0.0
12.0
0.0
0.0
0.0
29.0
0.0
0.0
20.0
0.0
0.0
0.0
0.0
0.0
0.0
0.0
0.0
0.0
30.0
6.0
0.0
12.0
0.0
0.0
0.0
0.0
0.0
0.0
0.0
0.0
0.0
0.0
0.0
0.0
0.0
0.0
0.0
0.0
0.0
0.0
0.0
40.0
0.0
0.0
0.0
0.0
32.0
0.0
0.0
0.0
260.0
10.0
0.0
0.0
0.0
0.0
0.0
0.0
0.0
0.0
0.0
0.0
0.0
132.0
2.0
0.0
0.0
0.0
0.0
0.0
0.0
0.0
0.0
290.0
234.0
0.0
0.0
0.0
0.0
0.0
0.0
9.0
0.0
29.0
20.0
102.0
0.0
0.0
0.0
0.0
0.0
0.0
0.0
36.0
0.0
0.0
0.0
0.0
0.0
0.0
10.0
0.0
0.0
10.0
0.0
0.0
82.0
2.0
0.0
0.0
14.0
34.0
2.0
42.0
248.0
6.0
4.0
86.0
0.0
62.0
26.0
0.0
0.0
0.0
6.0
0.0
0.0
0.0
38.0
22.0
2.0
0.0
0.0
67.0
0.0
36.0
0.0
0.0
0.0
0.0
0.0
0.0
0.0
22.0
20.0
0.0
0.0
0.0
0.0
4.0
0.0
12.0
25.0
0.0
0.0
0.0
0.0
0.0
0.0
0.0
0.0
0.0
0.0
0.0
0.0
0.0
0.0
0.0
54.0
6.0
0.0
0.0
0.0
10.0
0.0
0.0
0.0
28.0
0.0
0.0
0.0
0.0
0.0
0.0
0.0
0.0
0.0
0.0
4.0
84.0
0.0
0.0
0.0
0.0
0.0
0.0
176.0
24.0
0.0
0.0
0.0
4.0
0.0
0.0
0.0
0.0
0.0
0.0
0.0
0.0
283.0
0.0
48.0
8.0
0.0
0.0
50.0
0.0
0.0
4.0
48.0
249.0
0.0
0.0
0.0
4.0
12.0
0.0
6.0
0.0
0.0
0.0
0.0
0.0
0.0
0.0
0.0
0.0
0.0
0.0
20.0
0.0
0.0
8.0
0.0
0.0
0.0
0.0
0.0
0.0
6.0
0.0
0.0
0.0
2.0
23.0
53.0
29.0
0.0
29.0
0.0
0.0
0.0
0.0
4.0
22.0
2.0
0.0
0.0
0.0
0.0
0.0
0.0
0.0
0.0
0.0
0.0
0.0
0.0
0.0
0.0
0.0
0.0
0.0
0.0
74.0
10.0
4.0
17.0
0.0
0.0
0.0
0.0
0.0
5.0
0.0
0.0
0.0
0.0
0.0
0.0
0.0
0.0
0.0
14.0
32.0
0.0
0.0
0.0
0.0
0.0
0.0
0.0
6.0
0.0
0.0
0.0
0.0
110.0
0.0
80.0
0.0
0.0
0.0
36.0
0.0
0.0
0.0
0.0
0.0
4.0
0.0
22.0
20.0
2.0
60.0
0.0
80.0
50.0
0.0
0.0
5.0
0.0
0.0
10.0
0.0
0.0
82.0
8.0
12.0
0.0
0.0
0.0
66.0
0.0
0.0
0.0
0.0
0.0
0.0
0.0
12.0
0.0
44.0
0.0
0.0
0.0
0.0
2.0
0.0
0.0
0.0
22.0
0.0
0.0
0.0
0.0
0.0
0.0
0.0
0.0
0.0
0.0
0.0
0.0
8.0
10.0
0.0
16.0
0.0
0.0
0.0
0.0
0.0
28.0
20.0
0.0
0.0
0.0
0.0
0.0
0.0
0.0
0.0
0.0
0.0
6.0
0.0
110.0
136.0
0.0
0.0
0.0
0.0
0.0
14.0
0.0
0.0
0.0
4.0
10.0
0.0
0.0
0.0
0.0
0.0
0.0
0.0
62.0
0.0
26.0
18.0
6.0
0.0
0.0
14.0
0.0
0.0
0.0
0.0
0.0
0.0
19.0
0.0
0.0
6.0
9.0
3.0
0.0
0.0
0.0
0.0
4.0
58.0
95.0
304.0
0.0
0.0
0.0
2.0
0.0
0.0
160.0
0.0
199.0
6.0
18.0
190.0
46.0
0.0
0.0
0.0
250.0
312.0
108.0
0.0
0.0
0.0
20.0
0.0
78.0
0.0
0.0
0.0
12.0
42.0
10.0
0.0
20.0
38.0
0.0
0.0
0.0
0.0
0.0
4.0
0.0
0.0
0.0
6.0
0.0
0.0
0.0
0.0
0.0
54.0
106.0
4.0
0.0
0.0
0.0
0.0
156.0
0.0
0.0
212.0
0.0
0.0
10.0
0.0
0.0
112.0
0.0
12.0
4.0
36.0
2.0
0.0
0.0
0.0
0.0
0.0
22.0
0.0
0.0
0.0
12.0
2.0
0.0
0.0
0.0
0.0
4.0
194.0
138.0
6.0
13.0
0.0
0.0
40.0
4.0
0.0
64.0
2.0
0.0
0.0
23.0
0.0
111.0
2.0
126.0
64.0
0.0
8.0
0.0
274.0
4.0
0.0
0.0
74.0
0.0
0.0
0.0
0.0
2.0
16.0
0.0
16.0
24.0
102.0
2.0
0.0
10.0
0.0
0.0
0.0
24.0
0.0
0.0
38.0
0.0
0.0
0.0
0.0
0.0
50.0
0.0
0.0
0.0
0.0
0.0
0.0
0.0
16.0
0.0
0.0
0.0
0.0
0.0
6.0
89.0
0.0
0.0
0.0
110.0
22.0
178.0
54.0
0.0
6.0
0.0
0.0
0.0
26.0
22.0
0.0
0.0
0.0
0.0
0.0
0.0
0.0
0.0
0.0
0.0
0.0
0.0
0.0
0.0
0.0
0.0
0.0
0.0
0.0
0.0
0.0
0.0
0.0
0.0
135.0
10.0
6.0
0.0
0.0
2.0
33.0
0.0
24.0
0.0
10.0
0.0
0.0
188.0
0.0
50.0
8.0
12.0
0.0
0.0
0.0
0.0
0.0
0.0
0.0
0.0
0.0
30.0
45.0
0.0
0.0
0.0
10.0
0.0
21.0
0.0
0.0
20.0
190.0
10.0
100.0
0.0
0.0
0.0
0.0
0.0
0.0
46.0
0.0
0.0
90.0
0.0
0.0
0.0
0.0
0.0
13.0
10.0
38.0
16.0
20.0
0.0
0.0
0.0
0.0
0.0
0.0
0.0
0.0
0.0
0.0
0.0
0.0
0.0
0.0
0.0
0.0
0.0
0.0
0.0
0.0
0.0
0.0
0.0
0.0
0.0
0.0
10.0
0.0
0.0
10.0
0.0
0.0
0.0
10.0
0.0
20.0
10.0
0.0
0.0
0.0
0.0
0.0
0.0
50.0
0.0
0.0
0.0
40.0
0.0
0.0
10.0
0.0
220.0
0.0
0.0
0.0
0.0
0.0
50.0
92.0
38.0
0.0
0.0
0.0
0.0
10.0
10.0
0.0
0.0
0.0
0.0
0.0
0.0
0.0
0.0
0.0
0.0
0.0
0.0
90.0
24.0
0.0
0.0
0.0
0.0
0.0
0.0
0.0
0.0
0.0
0.0
0.0
0.0
0.0
0.0
0.0
5.0
12.0
10.0
10.0
0.0
0.0
0.0
0.0
134.0
84.0
116.0
4.0
0.0
0.0
42.0
56.0
0.0
0.0
0.0
0.0
58.0
12.0
70.0
70.0
0.0
0.0
0.0
0.0
10.0
83.0
4.0
0.0
0.0
26.0
90.0
22.0
62.0
0.0
0.0
14.0
132.0
124.0
6.0
6.0
39.0
0.0
272.0
76.0
0.0
0.0
0.0
0.0
0.0
0.0
34.0
0.0
4.0
0.0
150.0
360.0
24.0
49.0
354.0
0.0
10.0
28.0
152.0
0.0
20.0
0.0
154.0
0.0
34.0
244.0
0.0
28.0
0.0
0.0
0.0
64.0
18.0
2.0
0.0
0.0
4.0
0.0
6.0
0.0
0.0
12.0
0.0
0.0
19.0
0.0
0.0
0.0
0.0
0.0
0.0
0.0
0.0
0.0
10.0
0.0
6.0
0.0
0.0
0.0
0.0
0.0
0.0
8.0
34.0
0.0
0.0
0.0
0.0
0.0
10.0
0.0
0.0
0.0
0.0
0.0
48.0
14.0
0.0
0.0
0.0
0.0
0.0
0.0
0.0
0.0
0.0
0.0
0.0
0.0
0.0
12.0
0.0
33.0
26.0
0.0
0.0
0.0
0.0
0.0
70.0
0.0
0.0
0.0
0.0
0.0
0.0
0.0
0.0
0.0
0.0
0.0
90.0
0.0
0.0
0.0
86.0
0.0
0.0
0.0
0.0
0.0
0.0
0.0
0.0
14.0
0.0
20.0
0.0
8.0
0.0
0.0
0.0
0.0
0.0
0.0
0.0
0.0
20.0
14.0
0.0
6.0
2.0
0.0
0.0
0.0
140.0
0.0
0.0
0.0
0.0
0.0
260.0
0.0
0.0
0.0
0.0
0.0
5.0
0.0
0.0
0.0
20.0
0.0
0.0
0.0
0.0
4.0
0.0
0.0
0.0
5.0
64.0
6.0
0.0
0.0
0.0
0.0
30.0
0.0
0.0
18.0
84.0
39.0
10.0
0.0
0.0
6.0
0.0
0.0
0.0
0.0
0.0
0.0
0.0
0.0
0.0
0.0
5.0
0.0
5.0
0.0
0.0
0.0
0.0
0.0
90.0
0.0
0.0
25.0
70.0
0.0
0.0
40.0
74.0
0.0
11.0
0.0
0.0
10.0
2.0
0.0
20.0
0.0
0.0
0.0
0.0
0.0
0.0
0.0
0.0
42.0
0.0
2.0
0.0
32.0
46.0
0.0
0.0
100.0
20.0
0.0
0.0
2.0
0.0
0.0
0.0
0.0
0.0
0.0
5.0
10.0
4.0
0.0
0.0
0.0
5.0
5.0
5.0
205.0
0.0
0.0
126.0
10.0
0.0
50.0
0.0
76.0
30.0
0.0
0.0
0.0
0.0
0.0
0.0
0.0
0.0
0.0
0.0
0.0
0.0
0.0
0.0
0.0
0.0
0.0
0.0
10.0
0.0
0.0
0.0
0.0
0.0
0.0
0.0
0.0
0.0
0.0
0.0
66.0
42.0
44.0
0.0
0.0
0.0
40.0
0.0
0.0
14.0
0.0
0.0
0.0
22.0
0.0
0.0
0.0
35.0
0.0
0.0
0.0
80.0
2.0
0.0
0.0
0.0
0.0
0.0
16.0
0.0
0.0
0.0
32.0
34.0
6.0
0.0
0.0
6.0
0.0
0.0
0.0
0.0
0.0
0.0
0.0
0.0
40.0
164.0
96.0
0.0
0.0
0.0
2.0
0.0
0.0
0.0
100.0
0.0
0.0
60.0
4.0
0.0
4.0
0.0
0.0
42.0
46.0
0.0
18.0
0.0
0.0
10.0
14.0
22.0
158.0
0.0
6.0
0.0
0.0
0.0
2.0
224.0
0.0
20.0
0.0
0.0
0.0
0.0
54.0
0.0
0.0
0.0
0.0
0.0
4.0
0.0
0.0
0.0
0.0
0.0
0.0
0.0
72.0
0.0
0.0
0.0
0.0
0.0
0.0
10.0
0.0
0.0
0.0
0.0
2.0
62.0
10.0
0.0
0.0
0.0
0.0
0.0
0.0
164.0
0.0
0.0
0.0
0.0
0.0
0.0
0.0
0.0
0.0
0.0
0.0
0.0
90.0
0.0
0.0
0.0
0.0
0.0
0.0
0.0
0.0
0.0
0.0
0.0
0.0
0.0
0.0
0.0
0.0
0.0
0.0
0.0
0.0
0.0
60.0
270.0
216.0
33.0
0.0
0.0
54.0
0.0
0.0
24.0
10.0
0.0
0.0
20.0
0.0
0.0
0.0
0.0
0.0
0.0
0.0
0.0
50.0
0.0
0.0
16.0
0.0
0.0
0.0
0.0
20.0
5.0
0.0
0.0
0.0
0.0
0.0
0.0
0.0
0.0
0.0
0.0
6.0
0.0
36.0
72.0
0.0
0.0
0.0
0.0
0.0
0.0
0.0
44.0
0.0
0.0
0.0
0.0
0.0
3.0
0.0
0.0
0.0
0.0
0.0
0.0
0.0
0.0
0.0
30.0
0.0
50.0
35.0
150.0
75.0
0.0
30.0
10.0
0.0
10.0
0.0
0.0
0.0
0.0
0.0
0.0
0.0
0.0
0.0
15.0
0.0
56.0
0.0
0.0
0.0
0.0
0.0
0.0
0.0
0.0
0.0
0.0
0.0
0.0
90.0
0.0
60.0
0.0
0.0
0.0
0.0
0.0
0.0
0.0
0.0
0.0
31.0
29.0
0.0
0.0
0.0
0.0
0.0
0.0
0.0
0.0
25.0
0.0
0.0
0.0
3.0
0.0
0.0
12.0
0.0
10.0
0.0
5.0
0.0
0.0
14.0
0.0
0.0
5.0
0.0
0.0
0.0
0.0
0.0
0.0
0.0
0.0
0.0
0.0
2.0
0.0
0.0
16.0
20.0
20.0
0.0
10.0
52.0
56.0
32.0
14.0
100.0
55.0
0.0
0.0
0.0
0.0
0.0
0.0
0.0
0.0
0.0
0.0
0.0
0.0
46.0
0.0
0.0
0.0
5.0
0.0
0.0
0.0
0.0
44.0
0.0
5.0
0.0
0.0
34.0
0.0
56.0
0.0
0.0
10.0
0.0
0.0
0.0
0.0
0.0
0.0
0.0
0.0
0.0
0.0
0.0
0.0
0.0
0.0
0.0
0.0
NaN
0.0
0.0
0.0
0.0
0.0
0.0
2.0
0.0
0.0
0.0
20.0
0.0
0.0
0.0
90.0
156.0
156.0
0.0
0.0
0.0
0.0
0.0
0.0
0.0
10.0
0.0
0.0
6.0
0.0
0.0
14.0
560.0
66.0
90.0
0.0
0.0
0.0
0.0
18.0
4.0
40.0
18.0
0.0
0.0
34.0
0.0
0.0
108.0
0.0
0.0
0.0
42.0
16.0
90.0
0.0
100.0
0.0
0.0
16.0
2.0
66.0
10.0
38.0
0.0
300.0
132.0
84.0
0.0
0.0
0.0
0.0
10.0
10.0
4.0
0.0
10.0
0.0
0.0
0.0
0.0
120.0
37.0
0.0
0.0
28.0
0.0
112.0
0.0
44.0
0.0
0.0
0.0
0.0
0.0
0.0
0.0
26.0
0.0
0.0
86.0
0.0
0.0
0.0
0.0
0.0
0.0
0.0
0.0
80.0
0.0
4.0
10.0
100.0
0.0
0.0
0.0
32.0
4.0
0.0
0.0
0.0
0.0
94.0
0.0
0.0
8.0
4.0
0.0
0.0
8.0
6.0
0.0
0.0
0.0
0.0
0.0
0.0
0.0
10.0
42.0
0.0
6.0
32.0
8.0
4.0
52.0
0.0
0.0
0.0
2.0
0.0
8.0
18.0
6.0
0.0
0.0
0.0
32.0
0.0
0.0
0.0
0.0
0.0
0.0
0.0
0.0
0.0
0.0
154.0
76.0
68.0
168.0
0.0
4.0
8.0
2.0
0.0
0.0
0.0
0.0
20.0
0.0
0.0
50.0
0.0
0.0
0.0
0.0
0.0
0.0
0.0
0.0
0.0
0.0
0.0
0.0
0.0
0.0
0.0
0.0
0.0
0.0
0.0
20.0
0.0
0.0
0.0
0.0
0.0
0.0
0.0
0.0
0.0
0.0
0.0
0.0
15.0
0.0
12.0
30.0
12.0
68.0
0.0
0.0
0.0
0.0
0.0
0.0
0.0
0.0
0.0
0.0
0.0
0.0
0.0
0.0
0.0
0.0
0.0
0.0
0.0
0.0
0.0
0.0
0.0
0.0
0.0
0.0
0.0
0.0
0.0
0.0
0.0
0.0
0.0
0.0
0.0
0.0
20.0
0.0
0.0
0.0
0.0
4.0
0.0
0.0
0.0
0.0
12.0
0.0
0.0
0.0
0.0
0.0
0.0
0.0
0.0
0.0
0.0
0.0
0.0
0.0
0.0
8.0
0.0
0.0
0.0
0.0
0.0
0.0
0.0
0.0
0.0
0.0
0.0
0.0
0.0
0.0
0.0
0.0
0.0
0.0
0.0
0.0
0.0
0.0
0.0
0.0
0.0
0.0
0.0
0.0
0.0
0.0
0.0
0.0
