0.0
0.0
NaN
0.0
0.0
80.0
650.0
1104.0
NaN
322.0
60.0
70.0
NaN
NaN
NaN
NaN
0.0
416.0
NaN
NaN
0.0
0.0
NaN
NaN
0.0
0.0
0.0
68.0
120.0
10.0
142.0
170.0
68.0
16.0
410.0
0.0
0.0
0.0
0.0
NaN
NaN
490.0
234.0
NaN
NaN
404.0
174.0
NaN
4.0
368.0
14.0
52.0
140.0
668.0
910.0
562.0
404.0
560.0
306.0
58.0
106.0
297.0
37.0
53.0
152.0
334.0
878.0
428.0
62.0
312.0
655.0
28.0
208.0
157.0
51.0
22.0
429.0
443.0
558.0
962.0
370.0
192.0
114.0
59.0
188.0
178.0
84.0
58.0
70.0
426.0
736.0
1114.0
494.0
254.0
86.0
103.0
180.0
59.0
110.0
54.0
177.0
120.0
204.0
464.0
114.0
106.0
125.0
82.0
106.0
94.0
114.0
156.0
167.0
48.0
562.0
580.0
1286.0
428.0
134.0
41.0
267.0
47.0
109.0
107.0
262.0
496.0
520.0
358.0
244.0
232.0
262.0
64.0
46.0
NaN
NaN
188.0
206.0
341.0
660.0
564.0
540.0
524.0
136.0
61.0
216.0
213.0
160.0
165.0
128.0
368.0
1654.0
700.0
994.0
970.0
245.0
121.0
287.0
73.0
85.0
363.0
192.0
630.0
736.0
386.0
454.0
1188.0
471.0
224.0
86.0
191.0
70.0
75.0
93.0
540.0
1190.0
468.0
392.0
186.0
112.0
336.0
168.0
133.0
65.0
122.0
285.0
62.0
320.0
1184.0
216.0
114.0
686.0
160.0
190.0
152.0
69.0
130.0
287.0
222.0
466.0
756.0
816.0
184.0
1037.0
14.0
114.0
304.0
95.0
91.0
1406.0
666.0
1048.0
636.0
568.0
920.0
184.0
104.0
81.0
73.0
60.0
48.0
81.0
105.0
1035.0
733.0
107.0
11.0
255.0
114.0
40.0
82.0
9.0
116.0
247.0
552.0
1123.0
978.0
681.0
126.0
292.0
139.0
96.0
149.0
117.0
33.0
30.0
180.0
969.0
1000.0
106.0
170.0
43.0
262.0
104.0
119.0
44.0
57.0
503.0
243.0
1673.0
388.0
579.0
94.0
344.0
194.0
63.0
133.0
130.0
95.0
344.0
71.0
468.0
1498.0
574.0
700.0
330.0
193.0
48.0
118.0
111.0
164.0
135.0
168.0
532.0
1287.0
808.0
413.0
577.0
190.0
40.0
129.0
38.0
188.0
236.0
464.0
441.0
333.0
31.0
132.0
435.0
