NaN
-4.20333333333
-16.5419354839
-16.6612903226
-11.8107142857
-6.32666666667
0.373333333333
6.9935483871
12.76
13.3935483871
12.6096774194
9.87586206897
-0.183870967742
-1.18
-14.4
-16.5193548387
-14.2142857143
-2.23225806452
4.59310344828
7.43548387097
13.9785714286
16.5766666667
16.9096774194
9.11666666667
3.53666666667
-4.66666666667
-13.8516129032
-17.6032258065
-14.1357142857
-6.77741935484
0.986666666667
7.54193548387
13.85
19.0666666667
14.6483870968
8.00333333333
3.85
-5.01666666667
-9.47096774194
-10.4064516129
-8.95517241379
2.0935483871
3.72333333333
10.23
15.3310344828
19.1161290323
13.9724137931
7.61379310345
1.04814814815
-4.57
-11.1466666667
-14.4178571429
-11.4785714286
-8.23666666667
-1.95
7.92
13.7551724138
15.5833333333
15.4290322581
12.1379310345
2.52333333333
-7.15
-16.6172413793
-17.8533333333
-17.7846153846
-8.41
0.938461538462
7.46333333333
13.8074074074
13.9709677419
15.6129032258
10.0931034483
3.58666666667
NaN
-8.4
-11.4193548387
-15.9615384615
NaN
NaN
NaN
NaN
NaN
NaN
NaN
NaN
NaN
-7.81612903226
NaN
