-18.25
-15.7333333333
-9.20333333333
-0.74
5.44838709677
13.5866666667
15.7838709677
13.8903225806
11.3933333333
1.71935483871
-6.6275862069
-13.2129032258
-17.9066666667
-15.6851851852
-5.25161290323
2.94333333333
6.54516129032
13.73
16.2903225806
15.8806451613
9.79666666667
2.64516129032
-6.29333333333
-6.96666666667
-19.2806451613
-15.1714285714
-7.17419354839
5.4
7.93548387097
11.5833333333
14.5483870968
14.664516129
11.1633333333
1.6
-6.42
-10.1419354839
-12.8612903226
-9.47931034483
-10.7516129032
3.39
9.58387096774
13.8266666667
15.63
14.835483871
7.54333333333
NaN
NaN
NaN
NaN
NaN
-11.1464285714
0.593103448276
6.5935483871
11.0166666667
15.935483871
13.3258064516
10.6392857143
3.55714285714
-9.56153846154
-13.4333333333
-11.3310344828
NaN
NaN
NaN
NaN
12.43
14.0548387097
12.864516129
9.59666666667
-0.496666666667
-7.96538461538
-12.1566666667
-16.0233333333
-21.8615384615
-16.5230769231
-0.624137931034
7.02666666667
10.8827586207
NaN
11.8451612903
NaN
2.4935483871
-1.40666666667
-14.775862069
-12.3857142857
-20.4260869565
-10.6566666667
NaN
NaN
NaN
NaN
NaN
NaN
2.73225806452
-9.07666666667
-10.3433333333
-14.3322580645
-17.1925925926
NaN
NaN
NaN
10.9137931034
15.6709677419
12.7793103448
NaN
NaN
NaN
NaN
NaN
NaN
-5.17666666667
NaN
NaN
11.3366666667
16.4096774194
14.6133333333
8.35666666667
4.02857142857
-3.82666666667
NaN
NaN
NaN
NaN
NaN
NaN
NaN
NaN
NaN
NaN
NaN
NaN
NaN
NaN
NaN
NaN
NaN
NaN
NaN
NaN
NaN
NaN
NaN
NaN
NaN
NaN
NaN
NaN
NaN
NaN
NaN
NaN
NaN
NaN
NaN
NaN
NaN
NaN
NaN
NaN
NaN
NaN
NaN
NaN
NaN
NaN
NaN
NaN
NaN
NaN
NaN
NaN
NaN
NaN
12.43
15.3166666667
14.435483871
7.83333333333
2.02666666667
-4.76896551724
-8.4
NaN
-11.0448275862
-5.64193548387
2.12666666667
7.3
12.25
15.9096774194
NaN
12.8933333333
2.16451612903
-3.74333333333
-11.3833333333
-16.4451612903
-12.1035714286
NaN
NaN
7.17666666667
15.5
16.1387096774
16.4857142857
NaN
2.47419354839
-4.53
NaN
NaN
NaN
NaN
NaN
NaN
NaN
NaN
NaN
NaN
NaN
NaN
NaN
-16.0724137931
-13.4321428571
-4.24838709677
0.732142857143
9.28214285714
15.6633333333
14.6066666667
14.1161290323
10.56
1.42068965517
-10.204
-10.2931034483
-22.7566666667
-12.1310344828
-10.3806451613
2.12666666667
7.17096774194
11.2866666667
NaN
NaN
8.836
NaN
NaN
NaN
NaN
-15.5230769231
NaN
NaN
NaN
NaN
NaN
NaN
NaN
NaN
NaN
NaN
NaN
NaN
NaN
NaN
NaN
NaN
NaN
NaN
NaN
NaN
NaN
NaN
NaN
NaN
NaN
NaN
NaN
NaN
NaN
NaN
NaN
NaN
NaN
NaN
NaN
NaN
NaN
NaN
NaN
NaN
NaN
NaN
NaN
NaN
NaN
NaN
NaN
NaN
NaN
NaN
NaN
NaN
NaN
NaN
NaN
NaN
NaN
NaN
NaN
NaN
NaN
NaN
NaN
NaN
NaN
NaN
NaN
NaN
NaN
NaN
NaN
NaN
NaN
NaN
NaN
NaN
NaN
NaN
NaN
NaN
NaN
NaN
NaN
NaN
NaN
NaN
NaN
NaN
NaN
NaN
NaN
NaN
NaN
NaN
NaN
NaN
NaN
NaN
NaN
NaN
NaN
NaN
NaN
NaN
NaN
NaN
NaN
NaN
NaN
NaN
NaN
NaN
NaN
NaN
NaN
NaN
NaN
NaN
NaN
NaN
NaN
NaN
NaN
NaN
NaN
NaN
NaN
NaN
NaN
NaN
NaN
NaN
NaN
NaN
NaN
NaN
NaN
NaN
NaN
NaN
NaN
NaN
NaN
NaN
NaN
NaN
NaN
NaN
NaN
NaN
NaN
NaN
NaN
NaN
NaN
NaN
NaN
NaN
NaN
NaN
NaN
NaN
NaN
NaN
NaN
NaN
NaN
NaN
NaN
NaN
NaN
NaN
NaN
NaN
NaN
NaN
NaN
NaN
NaN
NaN
NaN
NaN
NaN
NaN
NaN
NaN
NaN
NaN
NaN
NaN
NaN
NaN
NaN
NaN
NaN
NaN
NaN
NaN
NaN
NaN
NaN
NaN
NaN
NaN
NaN
NaN
NaN
NaN
NaN
NaN
NaN
NaN
NaN
NaN
NaN
NaN
NaN
NaN
NaN
NaN
NaN
NaN
NaN
NaN
NaN
NaN
NaN
NaN
NaN
NaN
NaN
NaN
NaN
NaN
NaN
NaN
NaN
NaN
NaN
NaN
NaN
NaN
NaN
NaN
NaN
NaN
NaN
NaN
NaN
NaN
NaN
NaN
NaN
NaN
NaN
NaN
NaN
NaN
NaN
NaN
NaN
NaN
NaN
NaN
NaN
NaN
NaN
NaN
NaN
NaN
NaN
NaN
NaN
NaN
NaN
NaN
NaN
NaN
NaN
NaN
NaN
NaN
NaN
NaN
NaN
NaN
NaN
NaN
NaN
NaN
NaN
NaN
NaN
NaN
NaN
NaN
NaN
NaN
NaN
NaN
NaN
NaN
NaN
NaN
NaN
NaN
NaN
NaN
NaN
NaN
NaN
NaN
NaN
NaN
NaN
NaN
NaN
NaN
NaN
NaN
NaN
NaN
NaN
NaN
NaN
NaN
NaN
NaN
NaN
NaN
NaN
NaN
NaN
NaN
NaN
NaN
NaN
NaN
NaN
NaN
NaN
NaN
NaN
NaN
NaN
NaN
NaN
NaN
NaN
NaN
NaN
NaN
NaN
NaN
NaN
NaN
NaN
NaN
NaN
NaN
NaN
NaN
NaN
NaN
NaN
NaN
NaN
NaN
NaN
NaN
NaN
NaN
NaN
NaN
NaN
NaN
NaN
NaN
NaN
NaN
NaN
NaN
NaN
NaN
NaN
NaN
NaN
NaN
NaN
NaN
NaN
NaN
NaN
NaN
NaN
NaN
NaN
NaN
NaN
NaN
NaN
NaN
NaN
NaN
NaN
NaN
NaN
NaN
NaN
NaN
NaN
NaN
NaN
NaN
NaN
NaN
NaN
NaN
NaN
NaN
NaN
NaN
NaN
NaN
NaN
NaN
NaN
NaN
NaN
NaN
NaN
NaN
NaN
NaN
NaN
NaN
NaN
NaN
NaN
NaN
NaN
NaN
NaN
NaN
NaN
NaN
NaN
NaN
NaN
NaN
NaN
NaN
NaN
NaN
NaN
NaN
NaN
NaN
NaN
NaN
NaN
NaN
NaN
NaN
NaN
NaN
NaN
NaN
NaN
NaN
NaN
NaN
NaN
NaN
NaN
NaN
NaN
NaN
NaN
NaN
NaN
NaN
NaN
NaN
NaN
NaN
NaN
NaN
NaN
NaN
NaN
NaN
NaN
NaN
NaN
NaN
NaN
NaN
NaN
NaN
NaN
NaN
NaN
NaN
NaN
NaN
NaN
NaN
NaN
NaN
NaN
NaN
NaN
NaN
NaN
NaN
NaN
NaN
NaN
NaN
NaN
NaN
NaN
NaN
NaN
NaN
NaN
NaN
NaN
NaN
NaN
NaN
NaN
NaN
NaN
NaN
NaN
NaN
NaN
NaN
NaN
NaN
NaN
NaN
NaN
NaN
NaN
NaN
NaN
NaN
NaN
NaN
NaN
NaN
NaN
NaN
NaN
NaN
NaN
NaN
NaN
NaN
NaN
NaN
NaN
NaN
NaN
NaN
NaN
NaN
NaN
NaN
NaN
NaN
NaN
NaN
NaN
NaN
NaN
NaN
NaN
17.0225806452
8.5724137931
3.49285714286
-4.04
-13.5161290323
-15.7032258065
-13.1535714286
-8.69677419355
1.38666666667
10.1774193548
13.5333333333
15.4870967742
15.4580645161
8.42333333333
5.55161290323
-1.95517241379
-10.4709677419
-19.5193548387
-11.5888888889
-2.14193548387
2.82
8.15161290323
15.2433333333
16.9032258065
15.5483870968
11.7066666667
9.28666666667
-2.59
-14.1935483871
-9.62068965517
-8.91428571429
-8.97419354839
2.65666666667
10.1032258065
13.87
18.1161290323
NaN
8.58666666667
3.92903225806
-5.24
-15.1967741935
-16.7322580645
-12.8821428571
-11.5806451613
1.93
8.97741935484
13.4166666667
16.8967741935
16.2258064516
6.00666666667
5.79677419355
-4.48666666667
-6.04193548387
-20.0806451613
-13.8285714286
-3.10322580645
-0.396666666667
5.53225806452
13.9466666667
18.7741935484
14.7161290323
10.17
3.93870967742
-5.68333333333
-9.29032258065
-11.0741935484
-14.1857142857
-2.85483870968
0.976666666667
5.77419354839
12.91
15.7677419355
14.6433333333
10.575862069
4.01612903226
-3.61333333333
-10.664516129
-13.7677419355
-11.3413793103
-1.87741935484
1.60666666667
6.03548387097
14.0333333333
16.1322580645
15.8322580645
10.07
4.28387096774
-2.41034482759
-12.4903225806
-17.9096774194
-9.63214285714
-10.0096774194
3.43333333333
9.59677419355
10.87
17.1193548387
17.3516129032
11.57
1.47419354839
-3.15333333333
-9.42903225806
-17.8225806452
-9.93571428571
-7.66774193548
0.81
8.95806451613
15.35
16.8258064516
16.835483871
11.3133333333
3.54193548387
-4.09333333333
-12.8806451613
-16.6516129032
-11.6074074074
-5.25483870968
2.26
7.20322580645
16.3666666667
15.1064516129
15.7870967742
10.57
5.41290322581
-3.41
-11.8806451613
-17.0612903226
-14.675862069
-5.32903225806
1.11724137931
9.76129032258
14.2066666667
15.6774193548
15.8806451613
10.02
2.70666666667
-3.50666666667
-12.8129032258
-10.6
-9.01785714286
-0.451612903226
1.29666666667
7.93548387097
14.0233333333
16.5838709677
18.4225806452
10.52
6.64838709677
-3.95517241379
-12.0903225806
-13.1
-9.82592592593
-4.13870967742
2.54
7.26129032258
12.7357142857
18.3548387097
14.2290322581
7.70344827586
5.28064516129
-3.1275862069
-8.36451612903
-11.464516129
-13.3962962963
-8.63870967742
0.463333333333
8.41333333333
13.8833333333
19.0870967742
16.4161290323
9.54
4.67096774194
-3.05
-9.6064516129
-13.1935483871
-6.07931034483
-5.01612903226
3.24666666667
6.96666666667
14.08
18.0
17.0
10.2866666667
1.61612903226
-6.82
-12.9193548387
-18.9129032258
-6.96785714286
-2.06666666667
5.44137931034
11.5806451613
15.17
17.6
13.9166666667
10.7233333333
4.34
-4.85
-11.8666666667
-19.85
-16.2357142857
NaN
2.29666666667
9.07096774194
13.7833333333
16.8129032258
16.0387096774
13.69
4.82580645161
-5.93
-13.35
-19.8096774194
-18.5107142857
-5.97419354839
0.516666666667
6.74838709677
14.2966666667
16.664516129
15.6096774194
13.052
3.87741935484
-4.60344827586
-7.03666666667
-13.2580645161
-11.3034482759
-6.14193548387
NaN
9.9
14.8833333333
17.7607142857
16.2548387097
11.3166666667
3.5724137931
-0.231034482759
-10.0266666667
-10.1692307692
-8.26785714286
-2.64827586207
5.45185185185
8.17931034483
14.2933333333
18.3366666667
16.4322580645
10.8533333333
4.44838709677
-0.137037037037
-10.2517241379
-20.9161290323
-11.3428571429
-4.50322580645
0.133333333333
NaN
12.0566666667
17.7774193548
16.4516129032
10.2166666667
4.22258064516
-5.75172413793
-7.68387096774
-8.33666666667
-6.5
-3.35
0.5
6.9064516129
13.8517241379
18.5677419355
19.2483870968
10.4366666667
4.79
-2.38666666667
-18.9838709677
-10.7387096774
-4.61034482759
-6.75483870968
2.65333333333
7.21612903226
14.08
16.4838709677
17.5290322581
8.23333333333
4.34516129032
-4.00689655172
-12.9966666667
-15.2733333333
-12.2428571429
-2.88709677419
4.40333333333
11.0967741935
11.7733333333
16.9741935484
NaN
NaN
3.81935483871
-10.1233333333
-15.7322580645
-8.33225806452
-11.6740740741
-1.15483870968
1.83214285714
9.29666666667
14.8862068966
17.1
13.4032258065
9.91034482759
3.75161290323
-6.28571428571
-7.13448275862
-8.88387096774
-4.60714285714
-3.6935483871
4.19666666667
10.6451612903
15.3793103448
17.7451612903
14.29
10.3833333333
0.677419354839
-1.37
-7.45806451613
-16.4
-14.7206896552
-5.02903225806
0.566666666667
9.96666666667
16.7214285714
17.3344827586
17.4225806452
10.8333333333
2.82258064516
-2.86551724138
-9.23666666667
-9.18387096774
-16.925
-6.77586206897
2.87
9.14666666667
13.5633333333
18.8322580645
16.6967741935
11.04
5.40967741935
-4.68620689655
-15.4266666667
-5.60967741935
-7.88214285714
-2.34838709677
1.86
8.35806451613
15.4733333333
16.7741935484
16.9290322581
13.76
3.63870967742
-1.87586206897
-13.2933333333
-13.6419354839
-5.1
-3.01612903226
4.20666666667
11.0366666667
16.78
17.7258064516
17.5709677419
10.33
3.22903225806
-6.075
-5.53225806452
-6.52258064516
-4.51379310345
-1.42903225806
1.93333333333
9.21290322581
13.1966666667
14.0193548387
14.4032258065
10.67
4.64193548387
-3.20333333333
-12.024137931
-12.8064516129
-11.8928571429
-4.05483870968
1.84666666667
9.72580645161
12.9
15.3967741935
15.8838709677
8.73103448276
2.34
-5.33
-9.5
-17.8032258065
-15.0142857143
-2.70666666667
1.84
11.1258064516
15.29
15.8903225806
15.2806451613
12.2
6.41612903226
-2.08275862069
-7.5064516129
-11.7966666667
-8.175
-4.4064516129
0.241379310345
7.91935483871
14.4966666667
17.5290322581
18.5806451613
10.81
3.85483870968
-5.97333333333
-9.53666666667
-16.9516129032
-9.7724137931
-9.05333333333
0.213333333333
7.65806451613
15.5566666667
15.7
16.2806451613
10.7933333333
2.91034482759
-8.75666666667
-15.5096774194
-17.1580645161
-10.0785714286
-5.31935483871
0.356666666667
7.15161290323
15.7333333333
17.2709677419
16.5612903226
12.6833333333
4.3935483871
-5.40333333333
-4.9935483871
-12.0129032258
-3.51785714286
-7.02258064516
3.8
11.3633333333
12.71
18.3612903226
17.7903225806
14.0586206897
4.82258064516
-1.39333333333
-8.30689655172
-13.6774193548
-5.14615384615
-2.72666666667
3.33793103448
9.85806451613
14.0166666667
18.7166666667
16.8451612903
9.47666666667
3.18
1.25517241379
-6.86774193548
-11.3193548387
-6.32413793103
-1.6275862069
2.01666666667
10.1967741935
13.7666666667
17.9516129032
17.2419354839
11.3333333333
5.92903225806
-6.84285714286
-16.964516129
-9.96666666667
-15.2785714286
-6.38387096774
2.87
10.6064516129
14.63
18.7096774194
17.5
10.7379310345
3.3
1.30666666667
-7.4
-9.00333333333
-6.36428571429
-10.0571428571
1.51666666667
5.85161290323
15.9866666667
19.5870967742
16.5258064516
12.67
0.474193548387
-3.34
-7.06
-12.8741935484
-13.5321428571
-6.40967741935
3.31333333333
8.65806451613
13.5733333333
17.0838709677
17.4709677419
11.0655172414
6.49032258065
-5.27333333333
-6.22258064516
-14.8387096774
-10.8137931034
-1.16451612903
2.94333333333
7.8935483871
12.3733333333
16.6483870968
13.85
12.68
4.76129032258
-1.33333333333
-8.53548387097
-13.5903225806
-6.68928571429
-4.31612903226
3.76333333333
8.06129032258
16.0133333333
18.1870967742
16.7
13.3266666667
4.16451612903
-2.41
-10.1967741935
-3.68064516129
-10.2178571429
-3.70967741935
5.29666666667
9.66451612903
15.3133333333
20.2741935484
17.0903225806
9.79
2.01935483871
-3.63
-7.36129032258
-11.9870967742
-14.2678571429
-1.02580645161
1.71666666667
11.4225806452
15.7766666667
19.0166666667
17.1580645161
11.9033333333
5.57741935484
-2.84666666667
-10.8483870968
-13.0483870968
-13.0275862069
-5.4
0.216666666667
7.56774193548
13.93
17.7290322581
17.0096774194
11.4533333333
4.46451612903
-2.4
-14.7451612903
-14.6806451613
-9.90714285714
-5.91290322581
1.11333333333
8.07419354839
13.97
15.8806451613
14.7967741935
12.59
1.41612903226
0.46
-13.4032258065
-13.6225806452
-13.2142857143
-1.54193548387
5.93
8.48709677419
14.9933333333
18.2193548387
18.3258064516
10.4766666667
5.69677419355
-3.47666666667
-11.8903225806
NaN
NaN
NaN
NaN
NaN
NaN
NaN
17.2741935484
10.7366666667
4.64838709677
-6.36666666667
-8.68709677419
-10.2806451613
-10.1965517241
1.33870967742
3.46333333333
8.76129032258
14.7033333333
19.5903225806
13.6580645161
8.93
1.45161290323
-4.53333333333
-11.9586206897
-12.7096774194
-11.0142857143
-9.8064516129
-3.91
7.35161290323
13.18
15.8483870968
16.2290322581
12.7633333333
2.1064516129
-6.70666666667
-16.5838709677
-15.6064516129
-17.1321428571
-9.18387096774
0.0633333333333
7.24516129032
NaN
14.8032258065
15.2161290323
10.3533333333
3.5064516129
-10.6366666667
-9.66774193548
-11.3451612903
-16.3071428571
-4.36774193548
1.69666666667
NaN
NaN
NaN
NaN
13.5033333333
5.28064516129
-1.89666666667
-7.30967741935
-12.3580645161
-6.13448275862
-2.70322580645
0.723333333333
8.42580645161
15.1266666667
16.7290322581
15.3935483871
10.7633333333
4.97741935484
1.01333333333
-13.2483870968
-11.8967741935
-6.44642857143
-4.78387096774
2.33
7.92258064516
13.94
16.9838709677
14.2419354839
NaN
NaN
