0.556666666667
6.3
13.2233333333
14.3387096774
15.835483871
11.1066666667
2.4935483871
-2.64666666667
-9.18064516129
-10.6866666667
-12.4962962963
-8.92068965517
3.39310344828
8.05862068966
11.23
12.9709677419
15.7032258065
11.55
2.92903225806
-3.96896551724
-7.94193548387
-15.8903225806
-10.3
-2.85161290323
-2.44
3.7064516129
13.0233333333
15.8064516129
14.2258064516
8.58
1.4935483871
-4.93666666667
-9.38064516129
-12.1903225806
-11.0535714286
-4.2
1.97
6.88064516129
12.51
15.2322580645
13.5709677419
12.49
3.18666666667
-4.21379310345
-10.264516129
-13.3161290323
-12.8607142857
NaN
-0.979310344828
5.82580645161
13.76
16.4677419355
NaN
NaN
NaN
-4.18333333333
-16.1580645161
-15.2677419355
-17.0857142857
0.141935483871
2.82413793103
4.8935483871
12.41
14.964516129
13.1709677419
8.84
4.15483870968
-6.21666666667
-12.1935483871
-15.5548387097
-11.6678571429
-4.5935483871
0.206666666667
9.20666666667
14.8620689655
14.1709677419
13.0129032258
10.5366666667
1.77419354839
-8.91333333333
-11.2129032258
-21.9548387097
-12.4137931034
-10.4838709677
2.18
8.55161290323
10.8333333333
16.1096774194
13.9806451613
NaN
2.72580645161
-4.79666666667
-10.6967741935
-14.5451612903
-15.7428571429
-8.87419354839
2.25666666667
8.02580645161
14.43
15.6967741935
15.5774193548
10.1964285714
-0.11935483871
-0.963333333333
-8.13870967742
-9.77096774194
-15.8392857143
-5.07419354839
1.03666666667
8.4935483871
14.7033333333
16.5032258065
15.2677419355
9.92
5.16129032258
-3.98333333333
-16.8290322581
-12.8483870968
-7.30714285714
-8.00322580645
5.45333333333
6.79677419355
11.1966666667
14.0870967742
12.0419354839
10.5733333333
4.14193548387
-3.41
-9.49032258065
-17.7225806452
-13.924137931
-4.85483870968
1.04
7.05806451613
11.0233333333
19.3935483871
15.335483871
9.01333333333
1.5935483871
-5.67
-16.3933333333
-15.8833333333
-17.8846153846
-6.25806451613
0.0413793103448
4.62580645161
11.3333333333
15.8741935484
12.5225806452
9.88333333333
-1.93225806452
-2.74666666667
-17.6
-20.4516129032
-14.2392857143
-2.87096774194
-0.76
8.63870967742
14.17
15.4967741935
16.1322580645
6.55
4.37419354839
-2.01333333333
-5.66333333333
-8.97741935484
-10.4321428571
-4.53666666667
2.55666666667
7.53225806452
15.6266666667
19.064516129
13.8161290323
12.48
2.18064516129
-6.61333333333
-14.0483870968
-12.8580645161
-9.48620689655
-5.41612903226
-1.04333333333
9.0
14.4466666667
16.0612903226
12.835483871
11.1333333333
6.8935483871
-3.99
-9.75161290323
-7.43870967742
-7.525
-2.40322580645
3.05666666667
9.13870967742
16.7
17.8903225806
14.7903225806
11.0517241379
4.21290322581
-6.46
-10.0870967742
-13.635483871
-15.6821428571
-3.38709677419
2.33333333333
10.2
16.3766666667
15.3741935484
16.3935483871
11.6933333333
4.52258064516
0.483333333333
-12.6
-9.38709677419
-14.1428571429
-8.54516129032
0.906666666667
8.01612903226
15.6766666667
18.3419354839
14.7129032258
11.4466666667
2.28064516129
-2.97666666667
-7.51935483871
-18.4967741935
-9.92068965517
-5.39
1.11666666667
3.93870967742
12.3366666667
13.7387096774
15.5258064516
8.03
5.72903225806
-4.34333333333
-16.8774193548
-16.4633333333
-9.48214285714
-3.04516129032
6.04
5.97741935484
14.27
14.9161290323
16.0193548387
12.9533333333
-2.13548387097
-5.12
-11.0387096774
-12.4096774194
-5.49642857143
-6.27096774194
-0.416666666667
11.4161290323
12.17
17.064516129
15.8064516129
10.5333333333
3.67741935484
-5.82666666667
-11.4451612903
-10.8258064516
-8.02857142857
-2.72580645161
2.84
7.86774193548
12.61
14.7677419355
13.1225806452
12.0966666667
4.16774193548
-4.81
-17.9258064516
-10.9838709677
-9.75172413793
-3.10322580645
-2.23666666667
8.14838709677
11.2966666667
16.1730769231
15.5612903226
8.20333333333
4.20666666667
-3.46
-7.05806451613
-19.4032258065
-18.6357142857
-2.95483870968
2.25
5.94516129032
12.3793103448
16.8129032258
15.435483871
9.24666666667
4.04193548387
-6.33333333333
-11.2290322581
-20.335483871
-4.54642857143
-5.66451612903
2.10357142857
7.2
11.9433333333
17.6774193548
16.5419354839
10.4966666667
3.60967741935
-3.69333333333
-7.57419354839
-9.45161290323
-6.41071428571
-5.19677419355
0.93
5.86129032258
17.3266666667
18.1032258065
15.8903225806
13.9448275862
6.12903225806
-3.44
-6.85161290323
-15.335483871
-11.7034482759
-8.3935483871
3.28333333333
8.65806451613
14.9266666667
17.4548387097
16.0774193548
7.90666666667
2.01666666667
-6.57
-14.6806451613
-9.32580645161
-16.2035714286
-5.73103448276
0.543333333333
7.88709677419
16.7766666667
16.9433333333
13.2225806452
12.2793103448
1.00322580645
-5.74
-10.98
-10.3032258065
-11.2357142857
-7.34838709677
1.59666666667
12.9967741935
15.3966666667
17.5967741935
14.5225806452
7.12666666667
5.05666666667
-2.07666666667
-12.39
-14.064516129
-6.26428571429
-2.34516129032
1.12068965517
5.91290322581
11.72
18.8838709677
15.6612903226
9.21333333333
0.41935483871
-6.99655172414
-10.9193548387
-22.2903225806
-25.1392857143
-5.05
-0.903333333333
10.03
13.1833333333
19.0258064516
17.7193548387
12.1266666667
1.57741935484
-6.27333333333
-9.44193548387
-22.1838709677
-14.9642857143
-6.74838709677
NaN
11.5225806452
13.5666666667
19.8161290323
21.637037037
10.6133333333
2.1
-5.66666666667
-11.8387096774
-13.1935483871
-11.7964285714
-1.31935483871
3.25862068966
8.28064516129
14.1866666667
17.4580645161
17.4870967742
11.6966666667
6.80967741935
-5.82333333333
-9.22903225806
-8.31612903226
-16.8857142857
-6.41290322581
0.423333333333
11.5933333333
15.0866666667
17.9161290323
15.1483870968
11.8233333333
3.29677419355
-4.88
-5.9935483871
-19.725
-10.9178571429
-5.3064516129
1.32
5.71612903226
13.8366666667
16.7903225806
14.5548387097
11.4833333333
6.17096774194
-6.96896551724
-8.41612903226
-11.8838709677
-11.9678571429
-5.43225806452
4.61
10.9
13.4466666667
16.2806451613
15.5516129032
10.6133333333
3.99677419355
-3.44666666667
-6.92903225806
-11.1677419355
-10.4035714286
-2.61935483871
2.29666666667
7.64193548387
14.42
16.4677419355
15.5516129032
8.40666666667
2.63225806452
-4.54
-12.2612903226
-17.3866666667
-9.225
-9.39032258065
1.50666666667
5.86666666667
14.6833333333
16.5225806452
16.6161290323
7.93
2.33666666667
-4.35666666667
-11.2870967742
-11.57
-12.2
-6.97096774194
0.866666666667
11.3096774194
15.4466666667
16.4
16.564516129
10.6833333333
3.08064516129
NaN
-9.29666666667
-9.61666666667
-9.07857142857
-1.59677419355
1.59333333333
6.3935483871
NaN
15.2419354839
15.6129032258
9.18666666667
2.88064516129
-4.96
-13.8290322581
-12.864516129
-9.7
0.551612903226
3.65333333333
6.21935483871
13.43
16.55
16.82
9.4
3.70666666667
-5.88333333333
-8.39666666667
-8.73793103448
-12.95
-4.73103448276
1.43448275862
5.45
12.9266666667
16.4161290323
19.31
11.9633333333
8.37096774194
-4.23
-9.65806451613
-15.1516129032
-10.9142857143
NaN
NaN
9.00769230769
13.1266666667
16.9870967742
16.0419354839
12.7266666667
2.84193548387
-3.64333333333
-12.0612903226
-16.7076923077
-14.2607142857
-4.50333333333
2.18
11.26
NaN
18.1580645161
17.2935483871
8.12666666667
4.81333333333
-0.846666666667
NaN
NaN
NaN
NaN
NaN
NaN
NaN
NaN
NaN
NaN
NaN
-5.56896551724
-12.2689655172
-14.1580645161
-9.75416666667
-11.9774193548
1.55666666667
9.78709677419
11.416
15.0633333333
14.5571428571
NaN
NaN
-6.98
-14.3193548387
-14.8580645161
-6.84137931034
-6.1064516129
NaN
NaN
NaN
17.19
15.6266666667
11.1833333333
0.951612903226
-3.7
-9.35161290323
-11.3064516129
-8.48928571429
-3.12258064516
0.836666666667
8.51290322581
16.56
17.2483870968
17.2903225806
9.41785714286
6.21935483871
-1.68333333333
-8.9064516129
-15.2064516129
-2.72857142857
-5.6935483871
3.23
5.62903225806
15.7033333333
18.635483871
16.1967741935
12.4066666667
5.24838709677
-0.346666666667
-8.04137931034
-10.4870967742
-13.5107142857
-5.66451612903
6.28333333333
11.2903225806
14.3033333333
20.4419354839
19.2129032258
12.1413793103
4.47419354839
-8.09
-13.9275862069
-14.3870967742
-13.3344827586
-5.66451612903
-0.61
9.86129032258
17.6
16.0258064516
16.735483871
9.73
7.32903225806
-3.32333333333
-7.48387096774
-16.4612903226
-8.42857142857
-4.1064516129
2.33333333333
9.23225806452
13.9433333333
20.2161290323
16.9709677419
10.04
5.67741935484
-1.87333333333
-5.12903225806
-9.19032258065
-13.5285714286
-3.75806451613
2.95333333333
10.1064516129
13.04
16.0387096774
17.1161290323
12.18
5.55806451613
-3.31666666667
-12.9548387097
-15.3387096774
-12.9892857143
-2.44333333333
2.2
10.2838709677
16.6966666667
16.6419354839
19.0548387097
11.51
2.57419354839
-7.66333333333
-4.05161290323
-13.2709677419
-13.1620689655
-12.0935483871
4.01034482759
8.19677419355
13.7733333333
17.0064516129
17.1548387097
12.0833333333
4.9
-1.89333333333
-9.60322580645
-13.6193548387
-8.05714285714
-1.55161290323
0.79
8.10322580645
14.7733333333
16.3548387097
16.7225806452
10.3133333333
4.8
-3.61
-13.5258064516
-14.7096774194
-11.6928571429
-7.77741935484
2.28666666667
12.6903225806
14.71
16.7709677419
16.2258064516
9.76666666667
6.07419354839
-0.24
-12.2888888889
-18.8322580645
-11.3714285714
-1.08064516129
3.76
9.06774193548
16.4133333333
18.0
15.7806451613
12.6566666667
8.69032258065
-3.10666666667
-16.0225806452
-11.4258064516
-9.92068965517
-8.46129032258
3.45666666667
9.51612903226
13.8533333333
17.8516129032
12.9612903226
9.74666666667
2.27096774194
-5.38333333333
-14.7387096774
-15.9838709677
-15.55
-9.74516129032
2.50666666667
10.264516129
14.7933333333
16.0806451613
14.2451612903
6.97
4.3
-4.45
-6.45161290323
-18.6548387097
-13.1071428571
-3.63548387097
-0.206666666667
5.51290322581
13.6366666667
17.6903225806
13.1
8.94
1.9
-6.62666666667
-10.8741935484
-12.7903225806
-13.3607142857
-2.74193548387
2.65333333333
6.0935483871
13.6266666667
14.7064516129
12.5064516129
8.95333333333
2.5064516129
-5.41333333333
-9.76451612903
-13.2766666667
-11.8586206897
-3.44666666667
2.29666666667
5.0
14.4793103448
15.9967741935
16.1064516129
9.67333333333
4.89677419355
-2.90666666667
-12.1193548387
-17.5666666667
-9.87857142857
-10.6935483871
3.22333333333
9.65483870968
10.42
17.435483871
15.6774193548
10.5766666667
1.7
-4.07
-11.5387096774
-20.3806451613
-11.0678571429
-6.92258064516
1.49310344828
9.8935483871
14.0933333333
16.5451612903
16.1290322581
10.5
3.48387096774
-3.59
-13.3193548387
-16.5566666667
-10.55
-5.00967741935
1.89655172414
6.44838709677
16.0655172414
14.135483871
14.5516129032
8.40333333333
4.42580645161
-4.51
-12.5903225806
-19.4935483871
-16.1689655172
-5.32580645161
0.996666666667
9.75666666667
13.3466666667
12.4896551724
14.4206896552
7.68666666667
0.264516129032
-3.48666666667
-14.5851851852
-13.2677419355
-10.2035714286
-0.335483870968
1.40333333333
5.76774193548
13.5866666667
16.0806451613
16.1766666667
8.00333333333
3.20666666667
-3.93333333333
-14.0741935484
-17.8129032258
-10.7259259259
-7.03870967742
0.786206896552
5.92666666667
11.35
16.5258064516
11.5258064516
3.75666666667
0.254838709677
-5.88
-12.5862068966
-15.0516129032
-15.125
-10.8225806452
-0.993103448276
8.05161290323
12.91
16.5032258065
15.3096774194
6.24333333333
2.75161290323
-5.27333333333
-11.2766666667
-14.635483871
-7.40689655172
-4.49677419355
3.66666666667
5.76774193548
12.97
16.2193548387
14.9193548387
8.17
-1.72580645161
-9.68333333333
-15.8451612903
-20.9290322581
-10.6107142857
-2.96774193548
5.06
12.5322580645
13.86
16.7709677419
12.4161290323
10.1466666667
1.64516129032
-6.38666666667
-13.2322580645
-23.1322580645
-19.2714285714
-7.08064516129
2.55666666667
7.72903225806
12.1827586207
15.4433333333
14.5677419355
11.6551724138
0.151612903226
-6.44666666667
-15.9666666667
-23.4419354839
-22.2321428571
-8.17096774194
0.46
5.48064516129
12.44
15.535483871
14.1633333333
9.63
0.767741935484
-6.46333333333
-8.68709677419
-13.6
-13.9964285714
-7.13548387097
1.41
7.58387096774
13.5133333333
16.1451612903
15.135483871
9.10333333333
-0.0935483870968
-3.96333333333
-12.1290322581
-12.9741935484
-11.1555555556
-5.8935483871
3.92
5.74193548387
12.7466666667
15.6741935484
12.9096774194
7.39
2.85333333333
-1.72333333333
-11.8666666667
-21.6103448276
-12.7
-4.23333333333
0.0620689655172
10.7548387097
11.0366666667
16.7548387097
14.4774193548
9.30689655172
2.65483870968
-6.17777777778
-9.68709677419
-12.1677419355
-7.85769230769
-3.45806451613
0.21
5.97741935484
13.2933333333
17.7419354839
17.5741935484
9.16206896552
1.28620689655
-3.15862068966
-23.4709677419
-15.3166666667
-6.32413793103
-7.54838709677
2.76
7.58965517241
15.4
16.5290322581
15.835483871
5.34074074074
NaN
NaN
-12.3961538462
-16.2555555556
-13.2230769231
-1.98965517241
4.6
10.75
11.5423076923
14.1137931034
11.9965517241
9.15
0.62
-10.7448275862
-19.7413793103
-12.3870967742
-12.4037037037
-3.65333333333
1.26785714286
8.01034482759
14.0464285714
15.9322580645
10.22
7.87777777778
3.57
-5.45357142857
-9.01290322581
-10.8133333333
-6.02592592593
-1.86451612903
3.40666666667
11.7
15.09
17.9580645161
13.9322580645
9.00333333333
-1.30333333333
-1.34827586207
-6.98709677419
-18.0483870968
-15.4482758621
-3.54193548387
0.537931034483
11.48
17.2833333333
16.9322580645
16.4833333333
10.0433333333
0.196774193548
-3.54333333333
-9.77333333333
-9.77096774194
-18.0964285714
-6.21666666667
1.56666666667
7.57741935484
12.5733333333
18.2580645161
15.5612903226
8.46333333333
0.823333333333
-6.98666666667
-17.6967741935
-8.73870967742
-10.7107142857
-3.76129032258
-0.626666666667
7.73225806452
14.59
15.5677419355
15.6
10.5366666667
1.03870967742
-5.1724137931
-13.9966666667
-16.1838709677
-7.54642857143
-3.97931034483
3.51666666667
11.0066666667
17.6333333333
16.5387096774
15.7931034483
8.83333333333
-0.0290322580645
-9.17931034483
-8.55925925926
-7.8
-4.625
-3.0064516129
-0.276666666667
8.27096774194
12.72
13.4741935484
12.76
7.97931034483
2.2
-3.66333333333
-11.2833333333
-17.2933333333
-14.7678571429
-6.96333333333
1.09666666667
7.99032258065
13.04
16.7419354839
15.4451612903
6.47
1.56129032258
-7.97
-9.97419354839
-18.2612903226
-17.125
-3.16451612903
-0.34
9.62258064516
15.6766666667
13.6774193548
13.3290322581
10.5733333333
4.22903225806
-3.84827586207
-11.1483870968
-12.9387096774
-9.74285714286
-5.05806451613
-0.389655172414
6.90322580645
14.82
15.8096774194
17.7
7.67333333333
2.83548387097
-7.42068965517
-9.03548387097
-16.4870967742
-11.6392857143
-10.2258064516
-1.98
7.80322580645
15.2166666667
14.2322580645
14.6096774194
9.61333333333
1.9
-8.11666666667
-15.7483870968
-17.6096774194
-11.5928571429
-5.14516129032
-1.41
4.71612903226
14.3137931034
17.1655172414
15.264516129
10.5633333333
3.54827586207
-6.84666666667
-7.67096774194
-11.21
-4.45714285714
-6.34333333333
2.77333333333
10.9516129032
12.5344827586
17.2870967742
16.5677419355
11.9333333333
4.52258064516
-1.85666666667
-9.92258064516
-14.3419354839
-6.78214285714
-5.05483870968
3.42333333333
8.78709677419
14.2233333333
18.8366666667
15.1833333333
7.82
1.18
-1.02333333333
-10.0419354839
-13.035483871
-7.56206896552
-1.73225806452
1.37
9.64838709677
13.22
16.8225806452
15.8967741935
8.31333333333
5.15172413793
-8.56551724138
-18.4290322581
-12.9774193548
-16.1714285714
-7.90967741935
2.52
9.69677419355
14.0266666667
18.3677419355
15.7838709677
9.34285714286
2.05333333333
-0.143333333333
-8.47741935484
-10.8580645161
-9.21071428571
-9.26
0.743333333333
5.54
16.1933333333
18.3612903226
15.3967741935
10.4966666667
0.0838709677419
-5.81333333333
-9.41
-14.0133333333
-15.9357142857
-7.25862068966
3.1275862069
7.54838709677
13.5766666667
16.5032258065
16.1870967742
7.98
2.57
-6.09333333333
-7.24333333333
-15.3032258065
-12.4068965517
-1.77419354839
1.80333333333
8.34
12.53
15.5516129032
12.6387096774
12.1413793103
3.52903225806
-3.06428571429
-9.60322580645
-14.6483870968
-7.00714285714
-5.63
3.80333333333
8.04516129032
16.7862068966
18.1709677419
15.7870967742
13.0766666667
3.70967741935
-3.11
-11.6161290323
-4.04838709677
-11.3111111111
-4.03225806452
5.27666666667
8.26129032258
14.5233333333
17.4451612903
16.2096774194
8.49666666667
2.08
-4.59
-8.04193548387
-13.1451612903
-15.0928571429
-1.66451612903
1.43333333333
11.5161290323
15.22
17.2032258065
17.3806451613
10.28
5.59310344828
-4.82333333333
-13.5612903226
-17.0870967742
-16.0
-6.14838709677
-0.436666666667
6.61935483871
13.8933333333
17.3
15.1838709677
9.82666666667
3.05161290323
-3.69333333333
-15.9741935484
-16.3096774194
-10.3892857143
-6.24838709677
0.443333333333
7.99677419355
13.83
13.6677419355
13.7612903226
11.2033333333
1.18709677419
-1.47
-13.735483871
-16.1290322581
-14.3535714286
-1.31290322581
5.02333333333
8.33870967742
15.5166666667
17.8612903226
17.8870967742
10.19
3.85161290323
-3.42333333333
-12.6387096774
-16.2387096774
-11.8214285714
-4.36774193548
2.37
8.65483870968
14.8666666667
20.4806451613
16.0903225806
7.78333333333
4.56451612903
-4.67
-9.12580645161
-9.29032258065
-7.81724137931
3.40967741935
4.55666666667
10.5741935484
16.1833333333
19.3967741935
14.5903225806
7.68333333333
1.24838709677
-4.36333333333
-9.81935483871
-12.1483870968
-10.0357142857
-6.35483870968
-1.43666666667
8.64516129032
14.7066666667
15.4677419355
16.4548387097
12.4066666667
1.96451612903
-6.96666666667
-16.1258064516
-17.0322580645
-16.9035714286
-8.28064516129
0.406666666667
7.8935483871
14.07
14.2870967742
15.9193548387
9.88666666667
2.8935483871
-8.37333333333
-8.60322580645
-11.6419354839
-15.1571428571
-5.62580645161
2.18
8.35483870968
14.6733333333
16.1096774194
13.9935483871
13.4133333333
3.90967741935
-2.91666666667
-6.82903225806
-13.6806451613
-7.02068965517
-2.31612903226
2.73333333333
8.71290322581
16.08
16.3774193548
15.5612903226
11.52
4.16129032258
-1.06
-12.3161290323
-10.0935483871
-6.28928571429
-3.58709677419
3.01666666667
7.51935483871
14.46
17.4161290323
13.3870967742
NaN
NaN
