NaN
1.99642857143
0.517857142857
2.87142857143
NaN
23.23
26.56
27.2677419355
27.4225806452
22.54
16.6066666667
NaN
-2.92222222222
-3.71538461538
-0.746153846154
13.1413793103
13.7214285714
16.6310344828
22.3566666667
26.5806451613
26.964516129
21.1896551724
14.6666666667
7.6
-3.90384615385
NaN
0.446153846154
NaN
16.1
18.6068965517
25.284
27.6703703704
24.92
22.2833333333
18.4107142857
8.47407407407
NaN
NaN
-4.14615384615
NaN
10.7666666667
16.1137931034
22.6
25.9967741935
30.8677419355
22.9433333333
21.52
3.18275862069
1.57333333333
-4.34827586207
0.640740740741
6.36451612903
17.8827586207
18.8285714286
25.8066666667
29.6580645161
28.5612903226
25.5733333333
16.2032258065
8.27
0.883870967742
-0.751612903226
-0.792857142857
6.6064516129
16.2466666667
22.8806451613
28.3366666667
29.7322580645
28.37
20.5266666667
19.0451612903
9.10666666667
2.24193548387
1.56129032258
-1.42857142857
2.50967741935
10.7566666667
21.5935483871
25.4766666667
26.9225806452
25.6258064516
22.3633333333
20.0741935484
4.86666666667
-4.06774193548
-4.27419354839
-0.957142857143
3.24516129032
12.19
22.3935483871
23.48
27.3161290323
24.9571428571
21.4566666667
16.7064516129
3.39333333333
-1.23870967742
-0.754838709677
2.89655172414
3.60322580645
16.59
20.6258064516
28.5827586207
30.4838709677
26.8870967742
25.47
15.7870967742
10.1766666667
0.683870967742
-0.806451612903
2.275
6.75806451613
12.0366666667
21.5322580645
28.1933333333
28.8516129032
29.2258064516
24.8933333333
21.3322580645
10.92
1.52258064516
-1.34516129032
5.91785714286
5.36129032258
17.2266666667
18.7806451613
28.1566666667
29.7290322581
27.1548387097
25.0766666667
16.464516129
9.16666666667
0.229032258065
-2.46774193548
-0.832142857143
6.34838709677
19.1766666667
23.2741935484
24.0033333333
31.7419354839
30.4774193548
25.6166666667
17.8870967742
5.34333333333
-2.20967741935
-1.19677419355
0.751724137931
5.68064516129
14.8
21.9064516129
28.7633333333
27.6612903226
27.8258064516
23.2966666667
21.9833333333
7.64666666667
1.48387096774
-4.32258064516
3.09642857143
6.88064516129
15.45
19.9451612903
26.24
29.5419354839
28.0064516129
22.25
15.6677419355
6.59666666667
3.74838709677
-1.68064516129
-3.40714285714
6.52580645161
15.9433333333
23.4967741935
23.5689655172
26.6774193548
28.9580645161
24.1481481481
19.4451612903
10.2517241379
-3.04838709677
-5.23103448276
-2.392
5.36451612903
14.8166666667
23.6193548387
27.8133333333
28.5483870968
29.5451612903
24.24
13.164516129
2.85666666667
3.41612903226
-1.42903225806
-1.84827586207
-0.183870967742
15.86
19.9612903226
25.6466666667
28.5419354839
28.4612903226
24.6466666667
16.7677419355
8.77333333333
-0.932258064516
-1.98
4.16785714286
6.57419354839
12.0769230769
20.7225806452
27.52
28.1096774194
28.9096774194
23.4733333333
16.9
7.03
-2.34
-5.66451612903
-2.3
3.8064516129
14.85
24.4064516129
26.9206896552
26.2032258065
28.1096774194
21.98
17.4322580645
8.12666666667
-0.651612903226
-8.80967741935
-3.3
8.76129032258
17.84
21.46
29.4133333333
29.7290322581
27.2677419355
23.6233333333
22.835483871
10.4925925926
-6.4724137931
1.29032258065
1.90344827586
4.98064516129
15.5533333333
24.7806451613
27.68
30.4225806452
27.1193548387
23.2
16.8580645161
11.0379310345
-2.11612903226
-3.04666666667
-0.577777777778
0.832258064516
13.07
24.1258064516
26.64
28.8129032258
26.6
21.34
16.9580645161
8.59
4.24193548387
-5.59032258065
0.335714285714
9.24666666667
13.3666666667
19.2483870968
27.2533333333
30.9258064516
27.8483870968
23.4166666667
17.0806451613
8.85333333333
-0.48064516129
0.338709677419
-2.43214285714
7.30967741935
15.66
19.7838709677
27.4066666667
27.7774193548
25.3451612903
22.8766666667
15.9266666667
4.87666666667
0.845161290323
-2.20967741935
-0.679310344828
11.6533333333
16.5966666667
20.1225806452
26.71
27.3806451613
26.8433333333
21.8333333333
16.464516129
6.51724137931
-0.829032258065
-4.56774193548
0.253571428571
4.86129032258
15.9333333333
21.9533333333
22.95
27.2290322581
27.5225806452
21.9533333333
13.9580645161
7.09333333333
-1.15806451613
-6.84193548387
-0.392857142857
4.96451612903
15.4266666667
22.4258064516
25.76
28.4580645161
26.8
21.8517241379
16.1225806452
5.78
0.556666666667
-4.90666666667
-1.77037037037
3.83548387097
15.4633333333
19.9258064516
28.3033333333
25.7967741935
26.3806451613
24.0733333333
20.31
7.22333333333
1.70967741935
-4.21333333333
-2.61428571429
4.29333333333
12.5666666667
22.7774193548
25.3633333333
26.0225806452
25.8741935484
21.87
12.8
4.17333333333
-2.09333333333
-0.393548387097
0.678571428571
10.5032258065
13.37
18.2
26.1466666667
28.1161290323
27.6677419355
21.2633333333
18.6096774194
7.41724137931
-1.37741935484
-2.78709677419
-0.103571428571
6.79032258065
16.7566666667
18.3935483871
23.82
29.2548387097
25.2516129032
20.5066666667
16.4516129032
7.29666666667
0.532258064516
-0.429032258065
-0.737037037037
2.37419354839
11.7033333333
23.2066666667
26.0466666667
27.8677419355
26.9033333333
19.5533333333
18.3322580645
10.4733333333
1.05666666667
-2.65161290323
5.34482758621
8.23548387097
16.5766666667
19.9806451613
26.6633333333
29.464516129
27.0290322581
22.0966666667
13.2387096774
4.30333333333
-3.29310344828
-9.27096774194
0.183333333333
9.81612903226
19.3724137931
25.7129032258
25.575862069
29.5
24.9774193548
21.5566666667
14.9967741935
6.07333333333
-2.27741935484
NaN
NaN
3.70967741935
15.4466666667
20.935483871
26.4931034483
26.8068965517
NaN
26.3392857143
15.0580645161
7.70689655172
-2.16451612903
-9.62333333333
-6.37777777778
5.3275862069
12.1034482759
20.9290322581
25.9896551724
27.1451612903
25.91
23.7533333333
15.4322580645
6.92333333333
3.05666666667
-2.74193548387
-3.10689655172
2.47096774194
13.9333333333
22.2064516129
25.1266666667
28.7965517241
27.6161290323
22.8433333333
13.7419354839
7.92666666667
-0.554838709677
-0.612903225806
1.35714285714
8.70967741935
16.2666666667
19.4709677419
25.8333333333
26.6419354839
25.5387096774
21.6666666667
14.8032258065
9.05333333333
-0.754838709677
-9.27931034483
-3.33571428571
3.37741935484
11.0533333333
22.8838709677
23.1166666667
27.5870967742
25.3709677419
21.1733333333
17.6
6.49310344828
3.4935483871
-1.31333333333
1.80740740741
6.13548387097
10.2933333333
17.9233333333
26.9133333333
29.96
30.7580645161
23.3433333333
16.4161290323
7.73666666667
-7.56206896552
-4.51290322581
4.1
1.80967741935
13.06
18.6193548387
27.2033333333
28.064516129
30.2193548387
22.69
17.3838709677
7.67333333333
2.38064516129
-5.85666666667
-3.80714285714
8.29677419355
17.31
23.6032258065
24.8896551724
28.3709677419
25.0258064516
NaN
15.6322580645
4.0
-5.40967741935
-2.46206896552
-2.79259259259
8.35
17.1366666667
20.8967741935
26.3733333333
28.4066666667
24.8068965517
22.9233333333
15.1903225806
5.22666666667
-0.11
-1.03870967742
4.69285714286
8.39655172414
16.87
23.8838709677
28.2766666667
29.7709677419
26.1096774194
23.04
13.2580645161
9.19666666667
0.78064516129
-5.49677419355
-2.20344827586
7.06206896552
14.63
24.2967741935
29.81
30.6032258065
30.0733333333
24.86
13.0258064516
7.57666666667
0.906451612903
1.22
-5.10357142857
4.09666666667
13.2066666667
20.4064516129
25.15
28.7483870968
26.1225806452
21.33
17.7066666667
6.70333333333
-5.34516129032
2.84516129032
2.29642857143
8.35161290323
NaN
18.2387096774
25.075862069
26.4161290323
26.0206896552
23.6733333333
15.5967741935
10.12
-2.17586206897
-4.97333333333
1.45357142857
7.69333333333
15.65
23.1
27.624137931
28.0838709677
27.4733333333
22.02
15.3193548387
3.64285714286
1.21333333333
-0.593548387097
2.6275862069
6.84285714286
11.6793103448
21.5967741935
25.075862069
24.0516129032
24.25
20.8965517241
15.3935483871
3.86
-0.829032258065
-2.24193548387
-2.03571428571
3.02903225806
11.3166666667
20.7516129032
23.4689655172
26.1709677419
26.3935483871
18.8166666667
14.9548387097
5.67333333333
-0.561290322581
-7.43666666667
-5.05357142857
6.55806451613
15.3793103448
20.82
27.1666666667
25.9466666667
24.58
22.3689655172
17.1
8.50333333333
1.77419354839
-3.98709677419
-0.567857142857
8.15483870968
11.0733333333
19.4290322581
27.0566666667
27.8709677419
28.4870967742
20.9344827586
16.5896551724
2.59
-2.09677419355
-3.73870967742
-1.34137931034
4.29677419355
13.3533333333
17.4866666667
24.7766666667
25.3677419355
26.8806451613
22.3233333333
16.94
2.49
-1.37142857143
-4.10689655172
0.7
7.24838709677
13.6142857143
18.3766666667
26.7066666667
26.9724137931
25.1793103448
22.82
17.1137931034
4.4275862069
1.01785714286
-0.396774193548
5.04814814815
6.10967741935
14.7172413793
24.6966666667
24.8
27.7548387097
27.0193548387
25.6785714286
16.5633333333
10.0827586207
4.40666666667
-3.90666666667
4.09259259259
7.52258064516
15.175862069
22.63
26.2866666667
29.9666666667
25.7233333333
23.6
17.4827586207
12.5111111111
1.70714285714
-1.2
4.325
12.28
15.5214285714
22.8464285714
25.1
26.5064516129
27.1967741935
23.3137931034
19.0709677419
5.8
-6.26666666667
-1.18
-1.76296296296
5.25666666667
18.575862069
21.89
25.1428571429
29.2766666667
27.3258064516
21.9714285714
15.1096774194
14.3103448276
4.04285714286
3.47666666667
4.684
6.03333333333
14.8392857143
20.1269230769
27.1034482759
30.2655172414
27.835483871
25.1133333333
12.91
6.37407407407
2.12413793103
NaN
-0.751851851852
7.16206896552
15.5407407407
20.4884615385
25.9357142857
27.49
29.5806451613
23.524137931
18.1178571429
7.99642857143
2.55714285714
-4.27777777778
0.620689655172
8.96333333333
17.0107142857
22.1620689655
25.0103448276
26.4096774194
24.61
25.3633333333
16.2233333333
9.29655172414
1.81071428571
-2.41379310345
2.20769230769
7.01
19.3538461538
20.0933333333
29.3448275862
29.1
27.6516129032
26.26
18.1066666667
9.86071428571
-3.58666666667
4.05769230769
1.10384615385
6.36428571429
18.0964285714
21.2827586207
25.9827586207
28.7566666667
26.6548387097
20.83
14.0966666667
9.51034482759
3.80714285714
0.239285714286
-5.76153846154
9.80357142857
14.5607142857
24.7666666667
26.7166666667
27.535483871
27.2806451613
25.4344827586
19.3366666667
7.64285714286
-2.08461538462
-3.32307692308
-3.47407407407
4.56296296296
14.5107142857
19.94
25.8448275862
27.364516129
26.0580645161
23.425
15.8566666667
7.9037037037
-2.93448275862
-6.14230769231
0.86
8.39
15.0777777778
21.2785714286
25.8
23.7032258065
24.0451612903
23.3655172414
12.0407407407
10.74
-1.26296296296
-4.96551724138
-1.35925925926
10.2129032258
19.2
22.4
26.4857142857
28.4064516129
28.0129032258
23.0107142857
19.1413793103
8.93
-4.0
-4.64666666667
-1.22857142857
5.94193548387
13.0833333333
20.6419354839
26.2275862069
29.4096774194
26.9161290323
20.4766666667
17.9612903226
9.61333333333
3.53666666667
1.36451612903
2.34827586207
16.2322580645
15.4068965517
24.9322580645
28.0133333333
31.9741935484
28.1322580645
23.5965517241
14.9129032258
8.59666666667
2.87419354839
-0.232258064516
-1.27777777778
1.46451612903
12.83
22.0516129032
25.2966666667
26.6290322581
26.6032258065
24.8666666667
15.9774193548
5.51666666667
-3.28
-6.24193548387
-6.47857142857
2.68709677419
14.0733333333
22.1129032258
26.2966666667
24.8935483871
26.3774193548
22.3533333333
15.7032258065
3.55333333333
1.13225806452
-2.65161290323
-6.25357142857
6.97096774194
16.8666666667
21.43
25.04
26.0193548387
25.5225806452
25.56
17.1193548387
10.7733333333
4.78387096774
-2.54838709677
1.20689655172
9.92333333333
15.07
21.9387096774
27.0533333333
27.5806451613
28.0967741935
25.4066666667
18.8533333333
12.19
-2.20967741935
-1.20322580645
6.925
7.52413793103
16.68
20.3233333333
27.3533333333
26.9709677419
24.2096774194
NaN
NaN
