12.2258064516
3.39666666667
-6.39677419355
-6.10967741935
-2.05555555556
6.12258064516
8.45333333333
20.0193548387
25.1233333333
26.1483870968
24.5516129032
22.39
18.2838709677
4.57666666667
-1.41612903226
-0.564516129032
2.25
9.23
15.91
20.48
27.3733333333
29.1566666667
25.1666666667
22.4166666667
NaN
1.87333333333
-0.183870967742
-5.03548387097
-3.95
5.41290322581
13.4466666667
21.5451612903
27.0827586207
25.2161290323
27.58
24.3433333333
17.6612903226
7.59
-3.29666666667
-0.751612903226
-2.88214285714
1.98709677419
13.79
20.0709677419
24.7166666667
28.7
24.5709677419
20.4785714286
12.9741935484
8.55
4.26774193548
-6.74838709677
-0.631034482759
1.90322580645
14.2103448276
15.9806451613
22.6533333333
26.3516129032
26.6129032258
18.99
19.8903225806
7.74137931034
-7.11
-5.33870967742
0.239285714286
11.35
19.3466666667
21.2580645161
26.2033333333
29.1806451613
NaN
NaN
8.14193548387
7.17333333333
-1.22903225806
-1.86129032258
1.83571428571
4.44193548387
15.74
24.9451612903
26.76
31.4516129032
NaN
NaN
15.2548387097
2.22333333333
-4.55161290323
-3.46129032258
0.603571428571
6.6
12.9344827586
18.364516129
NaN
NaN
NaN
NaN
NaN
NaN
NaN
NaN
NaN
NaN
NaN
NaN
NaN
NaN
NaN
NaN
NaN
NaN
NaN
NaN
NaN
NaN
NaN
NaN
NaN
NaN
NaN
NaN
NaN
NaN
NaN
NaN
NaN
NaN
NaN
NaN
NaN
NaN
NaN
NaN
NaN
NaN
NaN
NaN
NaN
NaN
NaN
NaN
NaN
NaN
NaN
NaN
NaN
NaN
NaN
NaN
NaN
NaN
NaN
NaN
NaN
NaN
NaN
NaN
NaN
NaN
NaN
NaN
NaN
NaN
NaN
NaN
NaN
NaN
NaN
NaN
NaN
NaN
NaN
NaN
NaN
NaN
NaN
NaN
NaN
NaN
NaN
NaN
NaN
NaN
NaN
NaN
NaN
NaN
NaN
NaN
NaN
NaN
NaN
NaN
NaN
NaN
NaN
NaN
NaN
NaN
NaN
NaN
NaN
NaN
NaN
NaN
NaN
NaN
NaN
NaN
NaN
NaN
NaN
NaN
NaN
NaN
NaN
NaN
NaN
NaN
NaN
NaN
NaN
NaN
NaN
NaN
NaN
NaN
NaN
NaN
NaN
NaN
NaN
NaN
NaN
NaN
NaN
24.8633333333
25.68
29.1225806452
NaN
NaN
NaN
NaN
5.3
-8.6935483871
-1.65
1.40967741935
12.19
NaN
26.0137931034
30.04
24.5774193548
NaN
NaN
NaN
NaN
NaN
NaN
NaN
NaN
NaN
NaN
NaN
NaN
NaN
NaN
NaN
NaN
NaN
NaN
NaN
NaN
NaN
NaN
NaN
NaN
NaN
NaN
NaN
NaN
NaN
NaN
NaN
NaN
NaN
NaN
NaN
NaN
NaN
NaN
NaN
NaN
NaN
0.641379310345
1.00322580645
NaN
NaN
NaN
NaN
NaN
NaN
NaN
NaN
-2.20666666667
-3.34516129032
-0.507142857143
10.8129032258
13.26
17.5483870968
21.9966666667
27.62
27.3516129032
21.8433333333
17.6709677419
5.53666666667
-5.98387096774
-3.10322580645
0.45
11.2677419355
18.0266666667
18.6161290323
25.8533333333
28.8225806452
26.8451612903
22.1166666667
16.5096774194
6.05666666667
1.75666666667
-0.283870967742
-5.05
2.56129032258
11.0666666667
18.0129032258
22.2923076923
27.4925925926
33.0866666667
25.06
20.9290322581
1.94333333333
-1.95161290323
-4.75806451613
-0.889285714286
NaN
17.8866666667
20.02
24.6833333333
29.5870967742
29.0580645161
27.2793103448
17.2193548387
5.40666666667
-1.47096774194
-5.47419354839
-3.31111111111
3.06451612903
15.7033333333
22.4258064516
27.3666666667
30.4967741935
28.88
21.6655172414
17.6677419355
10.5633333333
0.176666666667
-7.13225806452
-1.38214285714
3.09642857143
8.95333333333
20.1193548387
27.55
26.364516129
25.7451612903
23.62
19.2806451613
5.90666666667
-4.14516129032
-5.19677419355
0.0392857142857
NaN
9.37333333333
21.7233333333
22.7866666667
26.8967741935
25.9129032258
19.7433333333
15.2129032258
3.18
-4.38387096774
-4.53793103448
1.33793103448
1.20322580645
15.3333333333
20.2290322581
28.65
28.635483871
26.264516129
25.03
15.8451612903
8.00333333333
-1.32580645161
-3.44516129032
-0.971428571429
5.26774193548
9.64666666667
20.5193548387
27.23
28.3741935484
27.9612903226
24.3517241379
20.7774193548
9.49333333333
0.0709677419355
-4.8
6.60740740741
2.25806451613
16.1266666667
18.5838709677
26.74
29.9548387097
26.5451612903
22.4433333333
13.2387096774
9.94666666667
-0.196774193548
-3.31290322581
-3.81428571429
4.27096774194
19.38
24.2870967742
24.9333333333
32.1483870968
32.5709677419
25.6333333333
17.9548387097
2.44333333333
-5.6
-5.36
-3.35862068966
2.56451612903
12.2233333333
21.9225806452
31.16
27.6096774194
27.8870967742
23.9666666667
21.0193548387
5.73666666667
1.25483870968
-5.87741935484
1.55357142857
5.00666666667
14.58
19.2967741935
25.4433333333
30.9967741935
26.7580645161
21.16
13.6655172414
3.98275862069
2.53225806452
-0.512903225806
-2.99285714286
4.48064516129
14.93
24.23
24.7833333333
27.1677419355
30.6612903226
25.7033333333
20.5
9.17
-2.42903225806
-5.38064516129
-3.88214285714
5.41290322581
16.11
21.6516129032
28.31
29.7483870968
30.2290322581
23.1833333333
12.724137931
1.07
2.58709677419
-3.87096774194
-3.72413793103
-2.44838709677
14.4766666667
21.3709677419
25.05
28.4774193548
27.8483870968
22.61
17.6464285714
8.47333333333
-1.17096774194
-3.8064516129
0.360714285714
5.01612903226
10.7366666667
19.3709677419
26.3566666667
27.3903225806
28.3709677419
21.2
18.0870967742
5.21666666667
-3.55806451613
-6.02580645161
-4.36785714286
0.425806451613
13.0466666667
22.9161290323
25.1366666667
26.4741935484
27.7290322581
22.29
18.4612903226
9.07333333333
0.270967741935
-8.92258064516
-1.04642857143
8.67741935484
17.4733333333
21.6870967742
29.5466666667
29.3322580645
27.8870967742
24.5266666667
23.6709677419
11.0966666667
-4.46129032258
1.28387096774
4.3275862069
3.93225806452
15.5862068966
25.2483870968
28.4966666667
31.2161290323
26.42
22.1566666667
16.7387096774
7.67666666667
-3.36451612903
-5.27741935484
-3.525
-2.48387096774
12.37
23.535483871
27.0533333333
29.1225806452
27.8838709677
17.2966666667
18.2774193548
6.93
2.48387096774
-8.15
-1.92857142857
9.54516129032
10.96
21.72
27.0533333333
31.4
26.6967741935
23.1266666667
17.6935483871
5.59310344828
-1.88709677419
-2.76774193548
-2.95
8.9935483871
15.24
19.5903225806
25.64
28.8225806452
28.0933333333
23.9433333333
16.44
6.14
-0.306666666667
-3.67419354839
-1.95172413793
12.9741935484
17.5966666667
19.5935483871
28.03
28.7774193548
28.2935483871
22.4266666667
16.6516129032
5.27333333333
-4.19032258065
-8.41935483871
-2.83214285714
-1.1064516129
15.0366666667
22.1451612903
23.7566666667
29.0580645161
28.5322580645
23.2666666667
13.3
6.55
-3.08387096774
-9.2
-1.94285714286
1.49032258065
14.6133333333
23.3870967742
28.8
30.1225806452
28.4419354839
23.4466666667
14.1387096774
5.13793103448
-2.36451612903
-8.29677419355
-2.86428571429
3.07419354839
16.4466666667
21.1096774194
28.8966666667
27.0967741935
28.7903225806
24.0366666667
17.664516129
6.09666666667
-2.57741935484
-7.60967741935
-5.07931034483
4.82580645161
12.8366666667
22.2838709677
27.1
27.26
26.8548387097
22.3866666667
13.4935483871
3.20666666667
-6.48709677419
-3.84516129032
-0.85
8.60967741935
13.9
21.6233333333
28.2233333333
28.5
29.0741935484
21.45
19.2322580645
6.39
-4.44193548387
-5.55483870968
0.271428571429
6.0064516129
15.4766666667
19.8903225806
26.7866666667
32.0225806452
25.7677419355
21.5833333333
17.7451612903
5.62666666667
-0.545161290323
-3.84838709677
-3.97857142857
0.483870967742
8.30333333333
23.135483871
25.6333333333
31.1129032258
28.1064516129
19.9133333333
19.1806451613
6.98666666667
-1.6
-3.02903225806
4.53793103448
5.98709677419
17.95
22.064516129
28.39
30.6709677419
30.5612903226
24.67
13.0741935484
3.42666666667
-3.13870967742
-10.1838709677
2.83928571429
7.66129032258
18.93
25.9580645161
28.2566666667
30.4709677419
26.0
22.5833333333
14.6741935484
4.9
-4.64193548387
-10.6387096774
-7.575
4.83225806452
12.2566666667
21.8766666667
27.3366666667
28.1161290323
27.8258064516
26.3333333333
16.1096774194
4.57
-5.41935483871
-13.0838709677
-8.33703703704
1.23870967742
10.2866666667
19.7516129032
26.9172413793
28.5838709677
25.8322580645
24.2066666667
15.8935483871
4.25
2.48709677419
-3.14516129032
-3.81379310345
3.46451612903
16.1866666667
23.0806451613
27.61
30.5548387097
NaN
23.9233333333
14.2129032258
9.66666666667
-1.57333333333
0.406666666667
1.74642857143
10.7129032258
18.6035714286
20.9709677419
27.0
27.7548387097
25.7
23.2566666667
13.7517241379
8.56666666667
-2.98709677419
-10.98
-3.19285714286
2.78846153846
12.6777777778
20.7433333333
24.0655172414
29.06
26.2066666667
20.7413793103
14.85
3.23571428571
0.0533333333333
-2.63225806452
-0.717857142857
4.01935483871
8.71724137931
18.5103448276
24.2933333333
29.8935483871
31.0709677419
22.5733333333
14.9774193548
3.95333333333
-12.1483870968
-4.93666666667
1.46551724138
0.0354838709677
11.79
20.1266666667
26.13
27.964516129
28.7838709677
21.26
15.3225806452
6.96666666667
-0.883333333333
-4.78666666667
-2.41071428571
7.88333333333
17.8866666667
23.7806451613
25.0533333333
28.5096774194
24.8548387097
20.1466666667
14.5357142857
-0.763333333333
-7.81666666667
-1.6064516129
-4.53703703704
8.52666666667
15.7827586207
21.3933333333
27.0566666667
29.1533333333
25.05
21.87
15.2709677419
3.23333333333
0.0766666666667
-0.348387096774
6.41785714286
8.3935483871
19.5533333333
25.6419354839
29.1833333333
29.9483870968
24.9966666667
22.4928571429
13.7806451613
8.32413793103
-0.574193548387
-7.06451612903
-5.27142857143
8.74137931034
15.96
26.1032258065
30.0413793103
30.4566666667
29.4548387097
24.1620689655
13.6709677419
5.95
-1.46774193548
1.18064516129
-5.11785714286
3.72580645161
15.1344827586
22.9178571429
26.2724137931
29.7766666667
27.6533333333
22.14
17.7258064516
4.73666666667
-6.35806451613
3.58709677419
2.45714285714
6.92258064516
15.78
20.1258064516
27.4133333333
27.1483870968
27.1322580645
24.24
16.2258064516
8.53666666667
-3.96
-6.69677419355
1.97857142857
7.07096774194
15.4133333333
21.7387096774
27.7233333333
27.4290322581
26.7193548387
21.69
15.535483871
-0.458620689655
-0.806451612903
0.0516129032258
0.768965517241
6.7935483871
11.5033333333
22.5387096774
25.4068965517
22.7516129032
23.6419354839
21.4966666667
14.7709677419
1.42666666667
-2.53666666667
-6.30967741935
-5.63571428571
1.11290322581
11.06
19.3064516129
23.07
25.7933333333
26.1551724138
18.46
14.9433333333
3.7
-1.90322580645
-11.1827586207
-6.68571428571
7.05161290323
15.2566666667
23.9483870968
26.4666666667
26.1096774194
24.7516129032
22.9633333333
16.5133333333
7.12666666667
-2.19032258065
-4.63333333333
-1.1962962963
4.81935483871
10.2033333333
18.4967741935
25.5133333333
28.7903225806
28.7096774194
20.4066666667
14.33
2.34
-1.83870967742
-7.05806451613
-1.33448275862
2.90322580645
12.1566666667
16.9193548387
26.2566666667
26.7064516129
26.0064516129
20.5533333333
16.5516129032
0.486666666667
-7.75483870968
-8.4
-2.42222222222
5.40967741935
11.5033333333
18.2433333333
27.8366666667
27.7419354839
26.4580645161
24.0966666667
17.1580645161
1.14333333333
-0.48
-3.21612903226
3.09259259259
2.04193548387
15.03
23.9066666667
23.8566666667
27.8935483871
26.3903225806
26.1766666667
15.8677419355
7.41666666667
1.98064516129
-6.23870967742
2.04642857143
6.8
13.46
20.7870967742
25.0551724138
29.6741935484
27.1870967742
22.96
16.5419354839
12.275862069
1.95483870968
-3.21290322581
3.94137931034
10.9096774194
15.0466666667
22.8193548387
24.71
27.164516129
27.1266666667
23.62
16.3935483871
1.42666666667
-10.1387096774
-2.53448275862
-6.08518518519
0.341935483871
15.4793103448
20.0193548387
26.2733333333
29.2066666667
27.4548387097
21.9857142857
15.8741935484
13.41
1.66129032258
1.36129032258
3.0
0.793548387097
15.86
20.7482758621
27.8933333333
30.9612903226
26.3387096774
23.8931034483
11.05
5.67333333333
2.36774193548
-2.66333333333
-1.63928571429
7.25161290323
15.9366666667
19.764516129
25.5633333333
28.0967741935
29.0548387097
23.5615384615
17.664516129
4.98333333333
-0.917857142857
-4.62
-2.93214285714
8.57096774194
18.07
20.8387096774
24.7033333333
26.5677419355
24.3709677419
24.94
15.9551724138
8.22
0.383870967742
-4.75517241379
2.84285714286
6.52333333333
17.3233333333
19.8774193548
27.9566666667
29.4483870968
27.5741935484
26.49
17.1833333333
9.43103448276
-5.16451612903
1.5935483871
-0.803571428571
4.61333333333
17.3862068966
22.4322580645
27.4466666667
31.28
26.8933333333
20.6333333333
14.2419354839
7.88666666667
2.92333333333
-3.54516129032
-7.04642857143
8.21935483871
13.9333333333
24.2266666667
27.98
30.1096774194
27.4161290323
24.7033333333
17.7967741935
6.97931034483
-3.9
-5.87333333333
-5.45
3.00689655172
13.1481481481
20.4433333333
26.2333333333
29.1161290323
27.624137931
23.2633333333
16.7192307692
5.31666666667
-2.60769230769
-4.42692307692
2.35769230769
5.53448275862
12.2566666667
21.7076923077
24.44
25.835483871
25.0466666667
23.2518518519
9.94193548387
10.58
-5.86896551724
-8.25333333333
-6.23333333333
6.38064516129
18.3166666667
19.74
24.81
29.15
29.1096774194
22.9730769231
17.9307692308
NaN
-4.11428571429
NaN
NaN
NaN
NaN
NaN
NaN
NaN
NaN
22.1166666667
18.7866666667
9.32
1.91612903226
0.648387096774
1.44137931034
15.5419354839
17.2166666667
24.3870967742
28.4566666667
30.9172413793
27.0709677419
25.2133333333
14.5064516129
9.16
-0.709677419355
-2.7064516129
-0.696428571429
0.638709677419
9.33793103448
18.8903225806
24.9866666667
28.3483870968
27.0064516129
26.2633333333
15.6290322581
5.21666666667
-5.84516129032
-4.76451612903
-7.46785714286
2.01935483871
12.63
21.3
25.2137931034
25.1967741935
26.2193548387
21.9133333333
17.7225806452
1.74
-1.03225806452
-2.12580645161
-4.325
8.93225806452
16.08
20.0161290323
25.4586206897
28.3290322581
25.7032258065
24.6833333333
16.9870967742
8.77666666667
0.48
-4.57096774194
-1.42413793103
10.1387096774
14.59
21.7870967742
27.26
27.8193548387
26.3322580645
24.2733333333
18.2387096774
12.03
-2.03225806452
-2.94838709677
5.375
5.63548387097
14.0766666667
18.8903225806
27.3833333333
28.4709677419
23.9709677419
NaN
NaN
