4.96896551724
NaN
NaN
NaN
NaN
22.9366666667
21.69
13.01
7.01379310345
-0.13
-0.972413793103
-4.75185185185
-0.0225806451613
14.8185185185
17.35
NaN
NaN
24.8888888889
18.6933333333
15.1
7.05
0.62962962963
0.364285714286
-3.252
NaN
11.98
14.8709677419
19.08
23.78
28.4225806452
21.2379310345
NaN
NaN
NaN
-7.1
-7.056
-0.388888888889
NaN
NaN
NaN
NaN
26.4866666667
NaN
10.075862069
5.32592592593
-1.55769230769
-2.30344827586
NaN
0.91
NaN
16.9517241379
NaN
NaN
22.75
19.075862069
13.3633333333
12.6206896552
1.01333333333
0.538709677419
0.839285714286
7.61333333333
11.7034482759
20.4483870968
17.7115384615
23.7827586207
22.0233333333
NaN
14.7483870968
NaN
-1.88387096774
NaN
NaN
NaN
NaN
17.4266666667
22.6620689655
NaN
NaN
NaN
NaN
NaN
-0.4
-2.48461538462
-3.644
NaN
NaN
16.0037037037
20.872
NaN
24.0925925926
NaN
NaN
NaN
-0.232258064516
-0.164516129032
NaN
NaN
NaN
NaN
NaN
NaN
NaN
22.5866666667
13.54
6.62
1.91290322581
-2.16129032258
-1.70714285714
5.31935483871
4.81
11.0580645161
21.0366666667
22.4032258065
22.6129032258
18.93
12.7451612903
6.53333333333
1.52258064516
-0.203225806452
-2.60689655172
3.15483870968
8.81379310345
16.5129032258
20.46
23.8709677419
24.0129032258
23.0033333333
17.9387096774
8.33333333333
1.84516129032
0.0838709677419
-0.388888888889
2.42903225806
7.08333333333
15.4709677419
20.73
23.3903225806
24.4967741935
18.1178571429
11.7533333333
9.94482758621
-0.945161290323
-1.82903225806
-2.66785714286
8.5064516129
12.2034482759
12.39
NaN
24.1193548387
23.835483871
19.2
15.5666666667
4.08
-0.554838709677
-1.31666666667
-0.0740740740741
3.05
9.34333333333
17.8483870968
22.4666666667
24.3516129032
23.5838709677
19.3066666667
12.8
4.79333333333
3.46
-10.4035714286
-6.42222222222
-0.933333333333
8.57586206897
13.4655172414
16.3827586207
20.7870967742
19.4862068966
19.3222222222
13.2074074074
5.99655172414
3.71851851852
-0.44
-5.03703703704
0.466666666667
7.4
11.3903225806
18.16
20.67
22.3193548387
18.4833333333
11.8774193548
6.72666666667
3.31
-0.155172413793
-6.068
1.73448275862
7.2
13.2
17.83
22.21
21.664516129
18.7333333333
15.3068965517
5.18666666667
-2.17666666667
-3.29666666667
NaN
1.2
10.2666666667
11.875
17.1413793103
20.4096774194
20.7548387097
19.6266666667
13.9032258065
8.28666666667
0.835483870968
0.932258064516
-2.93214285714
1.35666666667
9.36428571429
17.0967741935
20.0517241379
29.52
26.2466666667
20.04
13.4774193548
6.64666666667
-0.367741935484
-2.05483870968
-5.53703703704
2.77741935484
7.87
13.2166666667
17.2466666667
23.5838709677
21.5
18.82
8.56451612903
6.18666666667
-2.42258064516
-6.90666666667
-3.17037037037
3.80322580645
10.0133333333
17.1935483871
19.76
23.3387096774
24.7064516129
16.5666666667
14.9516129032
8.35862068966
2.83571428571
1.12333333333
0.118518518519
4.58064516129
9.44666666667
16.6161290323
26.7633333333
25.6290322581
23.3833333333
20.6966666667
14.3827586207
5.78666666667
-2.31935483871
-5.31935483871
-3.55862068966
5.06451612903
7.65
15.7161290323
21.6366666667
21.1612903226
23.6566666667
22.1433333333
17.0290322581
5.55333333333
2.91290322581
1.04642857143
0.521428571429
5.63666666667
13.2344827586
18.564516129
25.3482758621
30.1666666667
25.0612903226
22.8966666667
14.4129032258
4.71666666667
1.39032258065
-1.76774193548
-0.278571428571
3.71935483871
10.0133333333
20.1806451613
21.57
24.2586206897
24.8
21.88
14.8064516129
8.58
0.92
-1.16333333333
-3.65357142857
1.27096774194
9.83
19.4566666667
26.1733333333
29.8733333333
25.9466666667
24.1433333333
14.95
7.67666666667
4.68666666667
-2.35185185185
-1.2275862069
2.76206896552
9.80689655172
14.0033333333
22.3633333333
21.2322580645
22.3161290323
18.7310344828
17.1451612903
8.37666666667
-2.10967741935
-1.77741935484
1.21481481481
4.45483870968
13.8533333333
13.78
21.26
23.335483871
23.835483871
21.32
8.63333333333
5.57586206897
-0.335483870968
-0.409677419355
-1.36296296296
-0.751612903226
6.14333333333
17.0451612903
17.8931034483
NaN
23.9225806452
19.1466666667
13.0387096774
4.26206896552
-1.23225806452
-2.04193548387
1.11785714286
5.97419354839
10.49
15.9225806452
18.4866666667
24.0096774194
22.3033333333
22.69
17.1
7.54
0.672413793103
-0.341935483871
0.496428571429
3.20333333333
8.11724137931
15.535483871
19.16
22.72
23.8
17.22
14.5677419355
5.65
NaN
-3.21935483871
-3.53214285714
6.3
9.96666666667
13.3933333333
19.4034482759
24.3064516129
22.4193548387
20.4233333333
12.4580645161
5.56333333333
-0.0645161290323
-3.04838709677
1.82857142857
3.65806451613
10.6966666667
17.9612903226
21.9466666667
24.9903225806
26.6935483871
21.7482758621
13.0129032258
8.64333333333
1.32258064516
1.17741935484
2.25714285714
2.46451612903
10.9888888889
16.3903225806
23.7965517241
27.0741935484
25.0483870968
23.2266666667
16.9161290323
12.4866666667
4.78387096774
3.27741935484
1.74642857143
0.658064516129
10.5620689655
15.6258064516
24.3666666667
25.4290322581
26.0548387097
22.6333333333
13.1451612903
5.09310344828
1.44838709677
3.31333333333
-1.31428571429
1.68064516129
10.45
18.2193548387
24.07
25.6833333333
24.7129032258
21.9066666667
10.6935483871
2.19615384615
-1.65161290323
0.87
-5.52222222222
-0.412903225806
6.22666666667
16.4161290323
21.76
24.3
22.4935483871
18.2733333333
13.8032258065
8.36206896552
-1.23548387097
-3.11935483871
-1.63214285714
3.94666666667
9.3
12.5032258065
17.9275862069
25.1774193548
24.0903225806
17.4666666667
13.3612903226
4.25172413793
-1.74193548387
-4.74
-7.35925925926
2.87333333333
5.76896551724
15.9548387097
18.2482758621
27.2866666667
22.9666666667
20.9689655172
11.0612903226
2.93666666667
1.28
-1.31612903226
-0.922222222222
0.454838709677
7.74
15.1266666667
20.0724137931
25.9516129032
26.17
20.6896551724
13.2580645161
6.41333333333
-0.477419354839
-3.13548387097
-0.971428571429
5.39032258065
9.70666666667
17.4535714286
20.9344827586
24.5193548387
25.3967741935
18.5766666667
16.0833333333
7.93571428571
1.47586206897
-0.113793103448
-1.60384615385
1.68387096774
8.01333333333
16.0379310345
23.1133333333
26.1064516129
24.4903225806
21.66
13.9612903226
6.59666666667
2.92580645161
-4.02903225806
-1.01379310345
-0.270967741935
8.25333333333
14.63
19.4466666667
24.4870967742
22.9129032258
18.9066666667
13.5838709677
5.84615384615
1.19032258065
-1.31333333333
-1.45357142857
1.09677419355
13.4
NaN
NaN
NaN
NaN
NaN
NaN
NaN
NaN
NaN
NaN
6.29642857143
17.0166666667
18.5193548387
NaN
NaN
NaN
NaN
15.5225806452
7.62666666667
-0.758064516129
NaN
NaN
NaN
NaN
NaN
NaN
26.2903225806
24.9806451613
18.67
14.3290322581
5.85
1.5935483871
2.73870967742
0.8
2.96774193548
10.4033333333
19.9838709677
24.5333333333
26.9483870968
27.11
21.6666666667
14.1387096774
9.14
0.516129032258
-3.61333333333
1.70357142857
11.535483871
11.9866666667
14.3258064516
20.1866666667
24.3483870968
25.0870967742
20.8
14.2612903226
7.73666666667
-0.606451612903
-0.0965517241379
-0.617857142857
10.49
12.13
16.4483870968
21.9533333333
26.6225806452
24.9935483871
22.02
17.4451612903
9.65333333333
2.14516129032
0.290322580645
-1.87857142857
1.88709677419
9.01724137931
13.4483870968
21.62
24.6290322581
28.7290322581
23.8666666667
19.9516129032
NaN
NaN
NaN
NaN
NaN
NaN
NaN
NaN
NaN
NaN
NaN
NaN
NaN
2.65161290323
NaN
0.689285714286
2.11481481481
9.33666666667
NaN
23.8966666667
26.1838709677
24.9451612903
19.11
17.3967741935
6.38461538462
2.03846153846
1.05483870968
-1.47777777778
NaN
NaN
NaN
NaN
NaN
21.4966666667
19.2233333333
15.4413793103
5.50666666667
-1.02580645161
-1.73870967742
-0.025
3.26129032258
9.25666666667
18.3392857143
20.7310344828
NaN
22.4193548387
19.24
13.9387096774
2.93
0.477419354839
0.216666666667
0.962068965517
2.49032258065
13.7366666667
16.4838709677
23.0333333333
25.7709677419
24.2766666667
NaN
11.5451612903
8.15
1.83870967742
NaN
NaN
NaN
NaN
NaN
NaN
NaN
NaN
NaN
NaN
NaN
NaN
NaN
NaN
NaN
NaN
NaN
NaN
NaN
NaN
NaN
NaN
NaN
NaN
NaN
NaN
NaN
NaN
NaN
NaN
NaN
NaN
NaN
NaN
NaN
NaN
NaN
NaN
NaN
NaN
NaN
NaN
NaN
NaN
NaN
NaN
NaN
NaN
NaN
NaN
NaN
NaN
NaN
NaN
NaN
NaN
NaN
NaN
NaN
NaN
NaN
NaN
NaN
NaN
NaN
NaN
NaN
NaN
NaN
NaN
NaN
NaN
NaN
NaN
NaN
NaN
NaN
NaN
NaN
NaN
NaN
NaN
NaN
NaN
NaN
NaN
NaN
NaN
NaN
NaN
NaN
NaN
NaN
NaN
NaN
NaN
NaN
NaN
NaN
NaN
NaN
NaN
NaN
NaN
NaN
NaN
NaN
NaN
NaN
NaN
NaN
NaN
NaN
NaN
NaN
NaN
NaN
NaN
NaN
NaN
NaN
NaN
NaN
NaN
NaN
NaN
NaN
NaN
NaN
NaN
NaN
NaN
NaN
NaN
NaN
NaN
NaN
22.7366666667
25.4870967742
22.0096774194
19.1
12.3290322581
8.97333333333
-0.816129032258
-2.95806451613
-1.88214285714
-0.135483870968
8.48
19.4838709677
21.41
23.3483870968
21.6967741935
18.9066666667
12.8096774194
6.1
2.99032258065
-3.96451612903
-1.25
5.1064516129
8.32
13.6
22.7166666667
26.2451612903
23.0096774194
19.4133333333
12.9
6.03666666667
-0.00322580645161
-0.645161290323
-3.15
3.91612903226
10.63
13.8032258065
22.9933333333
22.7225806452
21.6193548387
20.2866666667
12.8258064516
3.17586206897
1.12580645161
-2.72903225806
-3.08965517241
6.52580645161
12.8366666667
16.2838709677
21.2166666667
23.7612903226
24.1419354839
21.1466666667
14.9258064516
5.51333333333
-0.48064516129
-2.04516129032
-0.775
0.864516129032
10.71
16.4333333333
17.9366666667
23.7516129032
25.7161290323
19.6133333333
12.4741935484
5.45666666667
-0.0870967741935
-4.50322580645
-2.03928571429
1.61935483871
11.6966666667
17.2225806452
22.3133333333
25.5774193548
25.2516129032
20.6633333333
15.7096774194
6.16333333333
0.0225806451613
-4.08709677419
-2.18928571429
1.5935483871
10.4655172414
15.6838709677
24.55
23.3193548387
22.9064516129
21.3766666667
17.9258064516
6.29
1.76774193548
-2.1935483871
-2.74137931034
0.390322580645
7.70333333333
19.86
20.41
23.3333333333
NaN
19.2535714286
11.6032258065
5.03666666667
-1.09032258065
-0.287096774194
-1.21071428571
7.96774193548
9.67666666667
15.2064516129
23.1866666667
25.3290322581
24.7774193548
20.6433333333
16.9903225806
6.16666666667
0.209677419355
-1.70322580645
-2.225
3.26451612903
11.33
15.164516129
20.7933333333
24.7333333333
23.4483870968
NaN
12.15
7.28333333333
1.5064516129
-0.63
-0.932142857143
1.67096774194
7.40333333333
19.9580645161
22.61
25.2870967742
23.9066666667
17.7034482759
15.3774193548
8.77407407407
0.790322580645
-3.26
1.65172413793
5.33548387097
11.3
15.35
24.04
25.0322580645
NaN
18.7766666667
11.6709677419
2.69655172414
-3.50322580645
-7.00689655172
-2.56071428571
7.16666666667
12.25
21.9129032258
21.11
26.2838709677
22.3068965517
NaN
13.8903225806
7.22666666667
-0.7
-3.62258064516
-4.075
2.13225806452
8.61
18.4133333333
21.58
23.1548387097
24.937037037
NaN
12.7357142857
7.27666666667
-1.02580645161
-5.82903225806
-5.37857142857
3.87419354839
NaN
16.0451612903
21.3928571429
NaN
NaN
21.0333333333
12.7225806452
6.52666666667
2.28709677419
-1.7935483871
-3.18620689655
1.85161290323
10.4433333333
NaN
20.48
24.22
24.6709677419
20.1666666667
10.55
5.67333333333
-2.17741935484
-2.38709677419
0.55
5.15
13.0807692308
16.7064516129
21.7366666667
NaN
NaN
18.11
11.5870967742
7.62333333333
0.258064516129
-6.09310344828
-2.46785714286
2.42
8.58275862069
20.7838709677
19.4689655172
25.035483871
21.7076923077
19.224
15.28
6.37
4.3724137931
-0.720689655172
1.49230769231
5.45172413793
8.01785714286
14.2233333333
22.8166666667
27.2857142857
25.6870967742
21.4
14.4806451613
7.20689655172
-4.25666666667
-4.05
2.85172413793
0.207407407407
12.52
14.4366666667
22.4833333333
NaN
NaN
18.2655172414
16.04
7.14666666667
1.33870967742
-3.62580645161
-2.57037037037
4.63333333333
12.5379310345
19.0857142857
20.6633333333
25.2769230769
23.2884615385
21.17
14.2935483871
5.36
-3.37096774194
-1.69032258065
-2.12857142857
5.09666666667
13.1666666667
18.2935483871
20.628
NaN
22.6833333333
19.22
13.2483870968
6.00689655172
1.00333333333
-0.253333333333
2.24285714286
7.45483870968
12.8533333333
19.33
24.3533333333
NaN
23.8733333333
20.2333333333
NaN
8.95714285714
1.97419354839
-2.25483870968
-2.8
4.06551724138
10.9821428571
20.13
25.062962963
NaN
28.0518518519
20.5566666667
9.94285714286
7.65333333333
0.637931034483
1.06896551724
-2.75217391304
2.03666666667
9.70666666667
17.0290322581
NaN
NaN
24.4896551724
20.65
15.1433333333
4.18571428571
-4.61034482759
2.33333333333
0.426923076923
4.93703703704
11.2533333333
15.5193548387
22.3222222222
24.8612903226
23.764516129
20.0333333333
13.7166666667
9.39333333333
1.3
-2.68387096774
0.764285714286
6.08666666667
13.0733333333
20.9592592593
25.3833333333
25.1896551724
25.2964285714
19.7068965517
14.024137931
5.62142857143
0.813793103448
-0.63
0.760714285714
2.67096774194
8.30344827586
18.1533333333
21.4074074074
22.7551724138
22.6129032258
19.6428571429
NaN
4.42413793103
1.49655172414
-0.860714285714
-1.90714285714
3.76129032258
9.12333333333
17.1896551724
20.85
25.2033333333
25.5290322581
17.9366666667
13.1741935484
5.09310344828
1.20333333333
-6.50714285714
-3.425
3.17666666667
12.1103448276
NaN
24.2137931034
24.5266666667
NaN
22.0892857143
16.2129032258
8.89
3.34666666667
-0.825806451613
-0.641666666667
6.27333333333
9.53571428571
17.2766666667
26.0366666667
26.1419354839
26.8566666667
19.2821428571
15.1
2.69310344828
-1.98620689655
-2.06666666667
-2.1
1.8
7.95
15.5806451613
22.2962962963
23.0172413793
24.8516129032
20.1517241379
13.96
3.54482758621
-0.00666666666667
-2.83333333333
-0.296296296296
2.52903225806
10.2566666667
13.8064516129
24.9433333333
24.9451612903
22.3129032258
19.4966666667
14.8
4.93928571429
2.14193548387
-0.00322580645161
4.46428571429
5.37
13.5533333333
21.7322580645
22.87
25.9193548387
25.7483870968
22.7666666667
NaN
8.64642857143
3.63333333333
-2.28214285714
2.93928571429
4.17
13.3689655172
20.4193548387
NaN
26.9419354839
23.7290322581
21.84
13.7548387097
10.1866666667
2.11612903226
-0.52
2.66296296296
8.81612903226
11.0566666667
18.335483871
22.43
24.6741935484
24.4838709677
20.2266666667
15.9161290323
6.91666666667
-2.42068965517
-0.133333333333
-1.02692307692
2.74
14.24
19.7193548387
23.04
27.0419354839
26.364516129
18.9206896552
13.5741935484
10.6379310345
4.72580645161
2.05483870968
2.7
2.46333333333
12.5
14.7
22.975862069
27.96
25.7392857143
23.9142857143
11.9666666667
6.01428571429
2.06774193548
-3.15666666667
-2.68888888889
4.61034482759
10.7766666667
17.6517241379
22.6592592593
24.8064516129
25.764516129
21.8714285714
14.0931034483
8.31428571429
3.70666666667
NaN
NaN
NaN
NaN
16.9965517241
22.5464285714
24.6833333333
23.5166666667
24.7703703704
15.175
8.63448275862
NaN
-2.65806451613
0.907142857143
2.82580645161
14.51
16.4161290323
26.1655172414
27.2903225806
26.5
22.4724137931
14.4935483871
7.65
-1.16451612903
2.06333333333
-1.46785714286
4.6064516129
15.09
17.7580645161
23.4266666667
26.8129032258
24.8032258065
19.0793103448
11.3258064516
7.79333333333
3.36551724138
0.161290322581
-4.58148148148
6.89
NaN
21.0290322581
25.3966666667
24.6366666667
25.75
22.5896551724
17.2233333333
5.62666666667
0.164516129032
-0.496774193548
-1.99655172414
2.06129032258
13.0366666667
16.1129032258
22.6266666667
24.9387096774
24.6967741935
19.962962963
12.7129032258
6.40333333333
-1.45806451613
-5.22962962963
-0.314285714286
4.68709677419
11.15
17.3419354839
21.9366666667
22.3580645161
22.5612903226
NaN
10.5451612903
9.20333333333
-0.407142857143
-1.75483870968
-0.839285714286
NaN
14.5178571429
19.5161290323
21.9433333333
26.5612903226
26.2548387097
19.0366666667
13.7483870968
8.52
-0.912903225806
-3.87419354839
-0.803846153846
2.33928571429
10.3793103448
17.264516129
23.7633333333
26.9516129032
25.1428571429
19.5344827586
14.2482758621
8.30333333333
2.73928571429
0.91935483871
1.79310344828
12.5032258065
11.2466666667
20.5193548387
24.6833333333
29.2258064516
25.3677419355
20.0366666667
13.2225806452
7.04
3.53214285714
NaN
-0.191666666667
1.73548387097
8.66333333333
19.1967741935
22.3482758621
25.1193548387
24.262962963
20.4066666667
13.8161290323
6.15925925926
-2.96129032258
-5.23225806452
NaN
NaN
9.24666666667
17.1225806452
22.68
22.2612903226
23.8233333333
19.27
12.264516129
3.24615384615
1.16774193548
-2.95483870968
-6.41071428571
3.46896551724
11.93
19.1580645161
21.2033333333
25.0161290323
23.4806451613
22.0833333333
13.2387096774
10.3222222222
5.66129032258
-1.12903225806
NaN
NaN
10.1366666667
18.8193548387
23.48
26.1516129032
26.5655172414
21.8413793103
14.7451612903
10.3206896552
NaN
-0.148387096774
2.99285714286
3.17096774194
13.6266666667
16.7466666667
22.5566666667
24.4193548387
22.6870967742
NaN
NaN
