NaN
12.0620689655
8.82
-2.68888888889
-6.90322580645
NaN
-15.6892857143
-9.67096774194
0.19
6.23870967742
10.6933333333
15.3387096774
14.4290322581
10.8733333333
4.02333333333
-2.55333333333
-9.38518518519
-11.1903225806
-12.3785714286
-4.05483870968
NaN
4.72258064516
7.78333333333
13.75
NaN
9.57333333333
3.6935483871
1.33333333333
-8.85483870968
-10.8064516129
-12.35
-3.60322580645
-0.578571428571
5.20689655172
9.93666666667
13.435483871
11.7064516129
9.05517241379
4.78
NaN
NaN
NaN
NaN
NaN
NaN
NaN
10.3966666667
12.5933333333
NaN
8.90666666667
3.51851851852
-1.14827586207
NaN
-13.9483870968
-16.3535714286
-12.2774193548
-1.70666666667
3.71935483871
9.90666666667
13.7806451613
14.4258064516
11.9068965517
4.26451612903
-1.56551724138
-5.45161290323
NaN
NaN
NaN
NaN
3.74516129032
11.4866666667
14.3870967742
15.3451612903
12.1966666667
4.15666666667
-0.233333333333
-11.0966666667
NaN
NaN
NaN
-4.53666666667
0.903225806452
9.76
12.6419354839
10.8
10.0166666667
2.10967741935
-1.98
NaN
NaN
NaN
NaN
NaN
5.15483870968
9.75
13.6967741935
12.6032258065
11.7566666667
6.22903225806
-0.524137931034
NaN
NaN
NaN
NaN
NaN
4.50967741935
9.82666666667
12.2451612903
14.7870967742
8.66333333333
2.06333333333
-1.26333333333
NaN
NaN
-17.04
-7.41379310345
-0.726666666667
2.22903225806
9.80344827586
12.8516129032
11.4774193548
7.67407407407
3.08064516129
-2.23928571429
-13.8161290323
-15.2111111111
-11.9407407407
-9.68965517241
-2.08214285714
4.88620689655
10.3785714286
11.9555555556
11.8551724138
NaN
2.86428571429
-4.73448275862
NaN
-21.3
-17.2551724138
-14.9379310345
NaN
4.19310344828
NaN
NaN
NaN
NaN
NaN
NaN
NaN
NaN
NaN
NaN
NaN
NaN
NaN
NaN
NaN
NaN
NaN
NaN
NaN
NaN
NaN
NaN
NaN
NaN
NaN
NaN
NaN
NaN
NaN
NaN
NaN
NaN
NaN
NaN
NaN
NaN
NaN
NaN
NaN
NaN
NaN
NaN
NaN
NaN
NaN
NaN
NaN
NaN
NaN
NaN
NaN
NaN
NaN
NaN
NaN
NaN
NaN
NaN
NaN
NaN
NaN
NaN
NaN
NaN
NaN
NaN
NaN
NaN
NaN
NaN
NaN
NaN
NaN
NaN
NaN
NaN
NaN
NaN
NaN
NaN
NaN
NaN
NaN
NaN
NaN
NaN
NaN
NaN
NaN
NaN
NaN
NaN
NaN
NaN
NaN
NaN
NaN
NaN
NaN
NaN
NaN
NaN
NaN
NaN
NaN
NaN
NaN
NaN
NaN
NaN
NaN
NaN
NaN
NaN
NaN
NaN
NaN
NaN
NaN
NaN
NaN
NaN
NaN
NaN
NaN
NaN
NaN
NaN
NaN
NaN
NaN
NaN
NaN
NaN
NaN
NaN
NaN
NaN
NaN
NaN
NaN
NaN
NaN
NaN
NaN
NaN
NaN
NaN
NaN
NaN
NaN
NaN
NaN
NaN
NaN
NaN
NaN
NaN
NaN
NaN
NaN
NaN
NaN
NaN
NaN
NaN
NaN
NaN
NaN
NaN
NaN
NaN
NaN
NaN
NaN
NaN
NaN
NaN
NaN
NaN
NaN
NaN
NaN
NaN
NaN
NaN
NaN
NaN
NaN
NaN
NaN
NaN
NaN
NaN
NaN
NaN
NaN
NaN
NaN
NaN
NaN
NaN
NaN
NaN
NaN
NaN
NaN
NaN
NaN
NaN
NaN
NaN
NaN
NaN
NaN
NaN
NaN
NaN
NaN
NaN
NaN
NaN
NaN
NaN
NaN
NaN
NaN
NaN
NaN
NaN
NaN
NaN
NaN
NaN
NaN
NaN
NaN
NaN
NaN
NaN
NaN
NaN
NaN
NaN
NaN
NaN
NaN
NaN
NaN
NaN
NaN
NaN
NaN
NaN
NaN
NaN
NaN
NaN
NaN
NaN
NaN
NaN
NaN
NaN
NaN
NaN
NaN
NaN
NaN
NaN
NaN
NaN
NaN
NaN
NaN
NaN
NaN
NaN
NaN
NaN
NaN
NaN
NaN
NaN
NaN
NaN
NaN
NaN
NaN
NaN
NaN
NaN
NaN
NaN
NaN
NaN
NaN
NaN
NaN
NaN
NaN
NaN
NaN
NaN
NaN
NaN
NaN
NaN
NaN
NaN
NaN
NaN
NaN
NaN
NaN
NaN
NaN
NaN
NaN
NaN
NaN
NaN
NaN
NaN
NaN
NaN
NaN
NaN
NaN
NaN
NaN
NaN
NaN
NaN
NaN
NaN
NaN
NaN
NaN
NaN
NaN
NaN
NaN
NaN
NaN
NaN
NaN
NaN
NaN
NaN
NaN
NaN
NaN
NaN
NaN
NaN
NaN
NaN
NaN
NaN
NaN
NaN
NaN
NaN
NaN
NaN
NaN
NaN
NaN
NaN
NaN
NaN
NaN
NaN
NaN
NaN
NaN
NaN
NaN
NaN
NaN
NaN
NaN
NaN
NaN
NaN
NaN
NaN
NaN
NaN
NaN
NaN
NaN
NaN
NaN
NaN
NaN
NaN
NaN
NaN
NaN
NaN
NaN
NaN
NaN
NaN
NaN
NaN
NaN
NaN
NaN
NaN
NaN
NaN
NaN
NaN
NaN
NaN
NaN
NaN
NaN
NaN
NaN
NaN
NaN
NaN
NaN
NaN
NaN
NaN
NaN
NaN
NaN
NaN
NaN
NaN
NaN
NaN
NaN
NaN
NaN
NaN
NaN
NaN
NaN
NaN
NaN
NaN
NaN
NaN
NaN
NaN
NaN
NaN
NaN
NaN
NaN
NaN
NaN
NaN
NaN
NaN
NaN
NaN
NaN
NaN
NaN
NaN
NaN
NaN
NaN
NaN
NaN
NaN
NaN
NaN
NaN
NaN
NaN
NaN
NaN
NaN
NaN
NaN
NaN
NaN
NaN
NaN
NaN
NaN
NaN
NaN
NaN
NaN
NaN
NaN
NaN
NaN
NaN
NaN
NaN
NaN
NaN
NaN
NaN
NaN
NaN
NaN
NaN
NaN
NaN
NaN
NaN
NaN
NaN
NaN
NaN
NaN
NaN
NaN
NaN
NaN
NaN
NaN
NaN
NaN
NaN
NaN
NaN
NaN
NaN
NaN
NaN
NaN
NaN
NaN
NaN
NaN
NaN
NaN
NaN
NaN
NaN
NaN
NaN
NaN
NaN
NaN
NaN
NaN
NaN
NaN
NaN
NaN
NaN
NaN
NaN
NaN
NaN
NaN
NaN
NaN
NaN
NaN
NaN
NaN
NaN
NaN
NaN
NaN
NaN
NaN
NaN
NaN
NaN
NaN
NaN
NaN
NaN
NaN
NaN
NaN
NaN
NaN
NaN
NaN
NaN
NaN
NaN
NaN
NaN
NaN
NaN
NaN
NaN
NaN
NaN
NaN
NaN
NaN
NaN
NaN
NaN
NaN
NaN
NaN
NaN
NaN
NaN
NaN
NaN
NaN
NaN
NaN
NaN
8.50333333333
7.17096774194
0.706896551724
-10.5724137931
-9.74666666667
-13.6862068966
-9.74193548387
-3.89333333333
5.24193548387
7.60333333333
13.9066666667
11.0806451613
7.90333333333
2.43225806452
-2.72666666667
-12.2766666667
-14.8483870968
-15.1592592593
-11.13
-3.06333333333
3.98064516129
7.5
10.7533333333
11.9516129032
8.15666666667
2.76451612903
-2.4
-4.60322580645
-15.3741935484
-10.7222222222
-5.51935483871
-1.56333333333
1.76129032258
9.48
13.9161290323
12.9225806452
8.74333333333
3.05666666667
-1.78666666667
-10.1322580645
-11.4935483871
-17.8964285714
-10.335483871
-1.95666666667
1.27096774194
10.2633333333
11.0225806452
10.8483870968
8.07333333333
2.31290322581
-4.09333333333
-7.27096774194
-14.764516129
-16.9620689655
-7.61290322581
-0.48
2.89032258065
8.75333333333
10.7258064516
11.2096774194
10.5733333333
5.33548387097
-1.25666666667
-8.76129032258
-11.4451612903
-12.3
-10.3709677419
-0.796551724138
2.99032258065
7.13
13.2709677419
14.2548387097
9.21333333333
3.27666666667
-2.34666666667
-8.83548387097
-15.9516129032
-16.3714285714
-11.2580645161
-2.40333333333
3.76774193548
8.31333333333
13.4483870968
13.735483871
9.87333333333
5.61290322581
-1.02666666667
-9.3
-15.4806451613
-14.3642857143
-10.6387096774
-2.33666666667
2.34838709677
9.18333333333
11.7935483871
11.2533333333
10.4133333333
7.29032258065
-0.886666666667
-6.40666666667
-12.8451612903
-15.4586206897
-13.4806451613
-4.68666666667
4.68064516129
7.45
12.335483871
12.4387096774
8.35333333333
1.77419354839
-1.41724137931
-9.36451612903
-10.6419354839
-13.5928571429
-2.05161290323
0.37
3.95806451613
10.5766666667
13.5870967742
15.5483870968
8.24333333333
6.57741935484
-0.43
-8.52580645161
-12.135483871
-16.5428571429
-9.33870967742
-1.43666666667
2.45806451613
9.29666666667
13.7
13.1903225806
6.83666666667
2.43870967742
-0.823333333333
-4.42580645161
-9.94838709677
-10.9071428571
-9.45806451613
-4.42666666667
6.34516129032
10.48
14.0233333333
13.3096774194
7.99666666667
5.03548387097
0.473333333333
-8.53548387097
-15.5161290323
-10.1607142857
-7.91935483871
-0.543333333333
3.2935483871
11.09
12.8967741935
12.5322580645
8.16333333333
1.86129032258
-4.16333333333
-14.2096774194
-17.6387096774
-12.1071428571
-5.2935483871
-1.70333333333
6.17741935484
9.37333333333
13.1419354839
11.5612903226
10.9766666667
4.09677419355
-0.52
-8.13548387097
-15.1933333333
-14.9821428571
-9.28709677419
-1.9
5.65666666667
8.73666666667
12.635483871
13.4516129032
9.64
4.43548387097
-0.996666666667
-9.51935483871
-15.52
-20.8285714286
-5.62580645161
-1.26666666667
4.4935483871
8.71
13.464516129
12.4451612903
9.05862068966
3.45161290323
-0.266666666667
-5.85483870968
-11.0366666667
-14.575862069
-9.81333333333
-0.316666666667
5.88064516129
8.76
13.7870967742
14.7032258065
9.20333333333
1.16451612903
-2.67333333333
-12.6677419355
-16.4967741935
-10.0321428571
-6.06774193548
-0.146666666667
4.32
9.47333333333
14.2516129032
14.8129032258
9.03333333333
1.69677419355
-1.53666666667
-7.27
-18.964516129
-15.1964285714
-9.76333333333
-3.89
5.95161290323
7.25862068966
13.1866666667
11.6870967742
9.34285714286
5.175
-1.39655172414
-5.26296296296
NaN
-10.0576923077
-5.52857142857
-1.04333333333
2.62413793103
10.5966666667
16.3451612903
16.4777777778
10.3071428571
4.38387096774
-0.920689655172
-13.2966666667
-17.7433333333
-9.08888888889
-11.0931034483
0.358620689655
2.67333333333
10.1740740741
12.6419354839
15.164516129
7.24482758621
4.6
-2.62666666667
-8.34666666667
-14.0379310345
-14.368
-7.16333333333
-1.50666666667
5.31935483871
8.29333333333
11.5290322581
13.4193548387
10.7310344828
4.00333333333
-1.58666666667
-12.5310344828
-14.2225806452
-13.45
-8.07419354839
0.396551724138
6.39
8.375
13.6137931034
12.3838709677
9.61379310345
3.78
-2.61724137931
-5.075
-8.2
-10.5928571429
-5.89677419355
1.41724137931
5.92580645161
11.6275862069
14.5774193548
13.54
10.53
2.31290322581
-1.5
-4.87741935484
-13.7724137931
-16.575862069
-11.51
-0.973333333333
4.58
10.6137931034
14.7533333333
14.9258064516
NaN
3.49677419355
1.24
-9.33870967742
-10.7290322581
-14.6428571429
-12.4
-1.68275862069
5.67741935484
10.51
15.5709677419
14.0709677419
10.4133333333
4.07096774194
-4.29333333333
-16.8419354839
-8.58666666667
-12.2035714286
-6.97096774194
-0.462068965517
4.78
10.3066666667
14.4677419355
14.6193548387
10.98
3.79677419355
0.21724137931
-6.9
-12.9258064516
-10.2964285714
-6.43870967742
0.826666666667
7.42903225806
13.5166666667
14.7806451613
15.6548387097
9.96666666667
3.79
-1.47
-7.58709677419
-11.2129032258
-11.4172413793
-9.33548387097
-1.76
4.97741935484
9.45
11.2741935484
12.1709677419
7.9037037037
1.81290322581
-1.78333333333
-5.41
-11.435483871
-15.7178571429
-7.6064516129
-1.48333333333
4.38709677419
9.76333333333
13.035483871
14.0419354839
8.47666666667
2.26666666667
-2.51724137931
-7.91935483871
-21.864516129
-18.3142857143
-8.97096774194
-1.28666666667
4.82580645161
11.3966666667
14.2451612903
13.3161290323
11.4566666667
6.40322580645
0.866666666667
-3.1
-8.12258064516
-14.6214285714
-6.30322580645
-1.64
5.63870967742
13.4866666667
14.74
16.9806451613
9.59666666667
6.09
-4.87
-11.3967741935
-14.8677419355
-15.2448275862
-9.30967741935
-2.72413793103
3.83870967742
10.2766666667
12.2161290323
14.4967741935
13.1433333333
4.89677419355
-4.00357142857
-6.47419354839
-15.8933333333
-13.7857142857
-9.04838709677
-1.97
2.96129032258
11.3633333333
13.9064516129
12.9161290323
8.62
3.03870967742
-1.81333333333
-4.95483870968
-11.1387096774
-4.50357142857
-6.38333333333
1.34482758621
9.10322580645
11.8033333333
15.3064516129
16.6741935484
12.3137931034
5.98064516129
0.84
-5.1935483871
-14.1935483871
-9.15
-7.22666666667
1.9
7.55806451613
11.89
15.3903225806
14.0677419355
11.3482758621
3.40322580645
1.21071428571
-6.01290322581
-14.2064516129
-10.0551724138
-2.9
0.28
7.09032258065
10.92
14.7064516129
14.3548387097
10.16
5.47741935484
0.141379310345
-12.8129032258
-9.22580645161
-12.1821428571
-7.74516129032
0.626666666667
7.25
12.0033333333
13.7233333333
15.9870967742
11.2433333333
5.01290322581
2.32
-2.23548387097
-6.91612903226
-9.93928571429
-9.19032258065
-0.86
3.66451612903
11.6793103448
16.6935483871
15.2548387097
13.1933333333
3.18709677419
-3.13571428571
-6.18387096774
-15.2225806452
-17.1
-10.48
-3.15333333333
6.22580645161
10.4566666667
14.2903225806
15.3258064516
11.29
3.42580645161
-0.45
-5.01935483871
-17.4806451613
-10.5074074074
-5.12580645161
-0.103333333333
5.51935483871
10.0266666667
14.335483871
12.6741935484
13.2433333333
5.42580645161
0.206896551724
-9.91034482759
-15.335483871
-10.1214285714
-10.3806451613
0.93
5.01935483871
13.98
16.3870967742
15.8612903226
13.46
6.95806451613
-1.03666666667
-7.5
-6.36774193548
-10.7535714286
-5.83870967742
1.63333333333
7.48387096774
12.4233333333
16.2741935484
15.13
10.9966666667
3.81935483871
0.76
-3.75161290323
-9.90322580645
-15.3785714286
-7.42903225806
-1.04333333333
6.78064516129
12.2966666667
14.1064516129
15.3806451613
10.9866666667
8.27096774194
-1.17333333333
-7.28387096774
-8.95161290323
-14.7482758621
-10.764516129
0.666666666667
3.80322580645
10.7566666667
14.3258064516
14.7677419355
11.3833333333
4.73870967742
-0.316666666667
-11.6258064516
-16.3483870968
-13.1392857143
-8.49677419355
-0.206666666667
4.34516129032
10.3766666667
11.9451612903
13.835483871
12.08
3.23548387097
1.81333333333
-7.67419354839
-11.2290322581
-9.95357142857
-2.91935483871
2.05
7.87096774194
11.5933333333
15.3419354839
15.6133333333
9.08666666667
4.92903225806
-0.596666666667
-9.57666666667
-15.9193548387
-12.3714285714
-8.74838709677
-1.02
6.03870967742
10.7566666667
15.935483871
14.935483871
10.61
5.82903225806
0.58
-5.3
-9.00322580645
-6.50344827586
-3.10322580645
0.426666666667
7.07096774194
12.5933333333
16.8580645161
14.964516129
9.29642857143
4.36129032258
-0.57
-4.84193548387
-10.3612903226
-12.9464285714
-7.65483870968
-2.48
5.34193548387
10.4689655172
14.9806451613
13.7741935484
9.86
4.89677419355
-2.13333333333
-13.8096774194
-16.7193548387
-16.9892857143
-16.7096774194
-3.15
4.08064516129
11.0766666667
11.7774193548
13.4580645161
9.59666666667
4.62258064516
-4.83666666667
-5.47096774194
-15.1677419355
-22.7
-10.5967741935
-1.52
5.7
9.67
14.2677419355
14.1096774194
13.6666666667
4.94516129032
1.57333333333
-1.54838709677
-10.2741935484
-10.5793103448
-4.50666666667
-2.50666666667
5.88064516129
10.5733333333
15.2838709677
16.8451612903
13.6586206897
6.65161290323
1.82666666667
-6.70967741935
-7.62068965517
-7.59285714286
-7.92903225806
0.763333333333
5.31290322581
11.0433333333
14.1419354839
14.3258064516
NaN
NaN
