NaN
NaN
NaN
3.69230769231
17.3322580645
27.2172413793
26.9806451613
NaN
21.5034482759
9.18928571429
0.327586206897
-10.3741935484
-12.2935483871
-6.25
3.07857142857
12.4633333333
18.2903225806
27.8862068966
30.0566666667
28.0096774194
21.5566666667
11.8333333333
0.346666666667
-0.813333333333
-13.33
-9.10357142857
1.64516129032
16.5566666667
20.0741935484
21.1538461538
24.5838709677
25.3419354839
21.1607142857
11.47
-0.606666666667
-5.05517241379
-10.675862069
-4.88620689655
-3.28333333333
9.00333333333
19.3548387097
23.7566666667
26.2967741935
24.435483871
18.0333333333
11.3322580645
-7.18666666667
-5.31935483871
-12.1677419355
-8.85185185185
-4.1
10.2066666667
18.7032258065
NaN
NaN
NaN
NaN
14.3193548387
-0.733333333333
NaN
-4.21034482759
-4.38928571429
1.9935483871
13.67
18.8533333333
20.936
24.4967741935
24.035483871
20.2966666667
9.0064516129
2.22413793103
-7.74193548387
-10.6310344828
-9.78928571429
-4.92142857143
11.8321428571
NaN
NaN
25.77
24.2903225806
20.6862068966
12.1290322581
8.34482758621
-5.92333333333
-2.75517241379
-11.5814814815
0.04
17.9633333333
23.1580645161
26.9
26.364516129
27.164516129
18.4666666667
15.9535714286
-0.313333333333
-3.14193548387
NaN
-7.344
1.61923076923
13.7714285714
NaN
22.2666666667
26.0225806452
24.6466666667
17.575
16.1538461538
3.94814814815
NaN
NaN
-2.9375
NaN
11.872
20.9192307692
21.27
26.4741935484
23.2677419355
18.26
12.59
NaN
NaN
NaN
-6.58
1.43076923077
15.1444444444
20.0766666667
24.9925925926
NaN
23.2857142857
18.844
14.3466666667
2.892
-4.57419354839
-8.02857142857
-11.2678571429
-0.541379310345
8.03571428571
18.7933333333
22.2785714286
23.9
23.1548387097
18.7266666667
13.87
9.0962962963
-4.3064516129
-10.7129032258
-5.85
6.1
11.93
18.0833333333
21.6107142857
25.9903225806
26.87
23.6571428571
11.5833333333
5.71
-4.06129032258
-4.70357142857
-7.34642857143
-1.18965517241
16.56
18.1677419355
23.6866666667
26.2935483871
26.42
25.1633333333
14.6290322581
1.67333333333
-9.66451612903
-16.0064516129
-7.475
-0.432258064516
4.93333333333
14.2161290323
23.9833333333
26.5225806452
25.9516129032
19.1214285714
14.3193548387
4.92666666667
-1.11290322581
-3.48666666667
-5.93103448276
-2.45806451613
14.1633333333
18.0321428571
25.0366666667
28.8709677419
27.0655172414
24.4466666667
13.1161290323
5.08275862069
-4.30967741935
-8.28
-8.87142857143
-0.0548387096774
8.16666666667
19.7806451613
26.2655172414
27.2258064516
28.0967741935
22.8633333333
13.2233333333
2.72333333333
-11.1548387097
-6.63
-9.11851851852
12.4153846154
16.7533333333
18.22
27.7933333333
30.0709677419
27.79
20.9533333333
16.9266666667
-0.331034482759
-6.48333333333
-13.435483871
-7.48214285714
4.86451612903
12.8166666667
21.6322580645
26.0785714286
25.7032258065
24.6193548387
18.5862068966
11.0903225806
-2.27666666667
-6.66774193548
-16.9451612903
-7.3
-1.57666666667
14.5166666667
19.7677419355
24.65
25.1806451613
22.6193548387
17.9172413793
14.2066666667
4.24333333333
-2.5
-12.7935483871
-9.29285714286
-2.83548387097
15.37
17.3806451613
26.75
25.6419354839
28.3709677419
22.15
9.96451612903
6.01
-0.306451612903
-5.98387096774
-13.6857142857
0.861290322581
8.89
20.5612903226
22.9266666667
28.4225806452
24.164516129
22.69
17.4935483871
3.39310344828
-10.1129032258
-11.3966666667
-3.96785714286
0.712903225806
16.79
17.3483870968
20.1
23.0838709677
25.835483871
19.54
14.7419354839
1.31
-5.46774193548
-15.17
-10.7068965517
-2.93870967742
8.90333333333
17.2967741935
NaN
28.8129032258
25.6451612903
19.2833333333
9.20967741935
3.87666666667
-10.8766666667
-14.6161290323
-14.5642857143
-0.567741935484
7.94666666667
19.464516129
22.7066666667
27.5258064516
25.9677419355
20.5
NaN
5.62666666667
-13.0580645161
NaN
-6.33214285714
8.63225806452
12.4833333333
17.7
23.1966666667
24.7838709677
26.4129032258
17.7733333333
13.1193548387
3.17931034483
-5.6064516129
-5.64516129032
-10.0607142857
-2.43225806452
11.28
20.5709677419
24.7733333333
27.6903225806
25.8096774194
20.91
7.66551724138
-5.89333333333
-11.1774193548
-14.5064516129
-7.98620689655
-0.825806451613
6.15
20.3741935484
24.3166666667
27.4838709677
28.9741935484
22.4833333333
16.7516129032
1.89655172414
-5.24
-5.68333333333
-3.46428571429
0.04
11.96
20.4612903226
26.31
28.3161290323
26.1548387097
20.1633333333
14.6466666667
-2.13703703704
-5.20967741935
-9.20322580645
-11.0714285714
1.725
11.1714285714
19.8548387097
24.2166666667
25.9
29.0206896552
23.4103448276
15.735483871
4.19666666667
-9.74838709677
-7.70666666667
-8.91071428571
-4.12580645161
9.05666666667
20.7806451613
26.73
29.0
24.4580645161
21.8366666667
13.56
7.85333333333
-0.841935483871
-12.3806451613
-3.27586206897
1.29032258065
9.24666666667
14.1870967742
22.79
24.6419354839
24.2096774194
18.6433333333
16.9258064516
1.11034482759
-11.3580645161
-9.05172413793
-5.78214285714
1.95483870968
15.73
19.7896551724
22.12
25.1774193548
27.4870967742
20.4448275862
5.12580645161
2.31333333333
-7.27419354839
-4.7064516129
-3.25714285714
0.212903225806
13.1633333333
22.3064516129
21.97
26.9096774194
25.2161290323
18.0066666667
10.8612903226
-2.15
-8.2935483871
-9.08064516129
-6.45714285714
3.1
10.3933333333
14.1258064516
22.9433333333
24.6741935484
24.2967741935
20.7133333333
13.9064516129
-2.04333333333
-12.4433333333
-5.87419354839
-2.56206896552
1.68387096774
8.51666666667
22.1
21.28
25.5032258065
24.835483871
19.3793103448
12.6903225806
4.79666666667
-1.41666666667
-15.9193548387
-10.8642857143
3.74193548387
11.6666666667
16.8806451613
24.2233333333
27.9096774194
28.0225806452
18.1966666667
13.9580645161
-0.523333333333
-7.94516129032
-14.0580645161
-3.13928571429
0.287096774194
13.8733333333
17.5096774194
24.7
29.9129032258
29.2466666667
20.7033333333
10.0548387097
3.33666666667
-3.53225806452
-3.97419354839
0.567857142857
1.52258064516
14.5233333333
18.6709677419
26.4633333333
29.0774193548
26.2903225806
24.1566666667
15.6032258065
4.6
-2.96
-7.45357142857
-6.65862068966
-3.97741935484
10.8896551724
20.9064516129
27.5433333333
28.6774193548
27.9233333333
21.4833333333
9.55161290323
-0.34
-6.65806451613
-6.64838709677
-9.225
1.72258064516
9.56
20.635483871
29.4766666667
29.8193548387
28.7387096774
23.7433333333
10.6677419355
-0.25
-9.82258064516
-5.61290322581
-5.21111111111
-0.243333333333
11.1333333333
25.3096774194
24.7933333333
29.735483871
26.9433333333
18.0133333333
14.4870967742
4.31333333333
-7.73666666667
-13.5451612903
-0.971428571429
0.866666666667
8.15666666667
17.1903225806
22.3333333333
29.9516129032
24.9419354839
19.7448275862
13.3967741935
-3.97333333333
-7.48
-17.5419354839
-19.575862069
-1.03548387097
6.92413793103
24.2533333333
25.4933333333
34.5161290323
28.5483870968
22.6066666667
11.2677419355
1.45333333333
-6.00322580645
-17.5903225806
-9.92142857143
-1.50322580645
8.79666666667
20.0258064516
23.9433333333
27.4548387097
29.1967741935
20.92
11.4548387097
0.403333333333
-7.5935483871
-10.7870967742
-8.21428571429
7.64516129032
12.4933333333
16.6774193548
24.0965517241
27.4935483871
29.5225806452
23.5766666667
17.2548387097
0.446666666667
-5.57741935484
-7.90322580645
-14.1714285714
-1.32580645161
10.5966666667
24.0161290323
23.3566666667
30.2806451613
29.0933333333
21.7033333333
9.36
7.41
0.0354838709677
-10.4
-5.59655172414
-2.92258064516
8.33333333333
19.5741935484
24.8766666667
28.9935483871
25.2451612903
24.0966666667
15.8258064516
-2.00333333333
-4.24193548387
-8.13225806452
-8.98928571429
-1.46451612903
12.46
21.3483870968
24.7033333333
29.5870967742
26.2677419355
19.7366666667
13.3225806452
2.49333333333
-2.54838709677
-3.0935483871
-6.15357142857
4.52903225806
14.2966666667
18.0709677419
22.8724137931
26.6322580645
25.7870967742
18.48
15.6838709677
2.45333333333
-8.37419354839
-14.4806451613
-6.01785714286
-3.02333333333
12.7827586207
16.0933333333
22.8266666667
29.4419354839
27.4548387097
20.0133333333
16.3677419355
1.52
-1.63225806452
-2.79285714286
-5.1875
-3.36774193548
11.85
21.31
23.3275862069
27.4580645161
25.5533333333
18.9321428571
NaN
NaN
NaN
-8.89032258065
-5.14285714286
6.41612903226
8.11724137931
14.4161290323
21.6133333333
26.3161290323
26.3
17.8733333333
13.4806451613
-0.934482758621
-10.5032258065
NaN
NaN
NaN
15.5206896552
17.4806451613
25.4692307692
29.7517241379
26.3935483871
18.5
11.0322580645
1.96
-7.98387096774
-4.64516129032
-9.0962962963
-0.609677419355
9.16
16.3516129032
21.18
28.2709677419
27.864516129
19.2
17.0935483871
-2.28666666667
-7.22258064516
-10.8666666667
-10.0551724138
-3.72903225806
9.53666666667
20.4451612903
23.3333333333
27.1833333333
27.4451612903
24.3133333333
15.2064516129
1.82413793103
-7.74666666667
-11.5387096774
-11.888
-1.65862068966
13.9655172414
19.5806451613
25.0766666667
27.36
28.7
20.26
12.2741935484
5.61
-8.78666666667
-19.3580645161
-9.5
-2.52580645161
3.5
15.0516129032
24.9566666667
25.7483870968
24.3870967742
20.9866666667
13.7566666667
-1.07586206897
-9.88666666667
-12.0466666667
-6.85185185185
-2.99032258065
9.33
22.6193548387
21.8827586207
27.9129032258
23.4935483871
18.3357142857
10.9161290323
-1.52068965517
-9.82
-12.1193548387
-3.49310344828
-1.24193548387
16.5333333333
22.035483871
25.5482758621
28.0774193548
26.2451612903
24.2066666667
13.0612903226
4.91785714286
-3.80967741935
-6.90357142857
-4.11785714286
2.20666666667
8.98666666667
19.1806451613
24.3733333333
26.9709677419
28.7483870968
21.01
18.5709677419
5.78666666667
-5.06
-14.4161290323
0.728571428571
0.751612903226
10.5724137931
16.7806451613
24.35
28.1129032258
25.335483871
19.0966666667
12.5612903226
5.82413793103
-3.5
-9.59032258065
-9.61111111111
-4.33225806452
16.25
22.0838709677
24.4466666667
28.9774193548
29.1935483871
21.2233333333
14.9967741935
-3.42413793103
-11.5774193548
-10.0032258065
-9.55862068966
-3.43870967742
4.96333333333
18.5516129032
28.36
25.5741935484
26.7307692308
19.31
17.335483871
3.32
-5.00322580645
-11.7516129032
-6.65
2.13
11.52
20.8548387097
22.7566666667
30.4322580645
26.4161290323
18.0366666667
12.2483870968
0.883333333333
-2.05161290323
-3.71290322581
-5.78928571429
4.42903225806
14.0566666667
22.6258064516
21.8733333333
25.6290322581
27.2677419355
22.0433333333
14.8709677419
2.49666666667
-9.28064516129
-13.2161290323
-8.99285714286
2.7935483871
12.5566666667
19.0233333333
25.92
28.1161290323
28.2064516129
20.31
8.66774193548
-2.88
-1.01612903226
-9.00967741935
-7.30689655172
-3.89032258065
10.1566666667
20.7870967742
23.8766666667
28.8806451613
27.7
22.1833333333
14.5677419355
2.42
-7.53870967742
-8.62258064516
-4.0
4.72903225806
8.56
20.8935483871
28.9
27.3322580645
30.9935483871
18.6033333333
14.2806451613
3.60333333333
-8.76
-11.0741935484
-10.175
-1.8935483871
8.98666666667
17.5483870968
24.3366666667
25.6774193548
28.2741935484
19.06
16.4
3.94333333333
-4.26129032258
-12.1290322581
-6.58571428571
6.5935483871
12.6833333333
19.1387096774
26.9733333333
29.435483871
27.9451612903
24.19
20.6225806452
6.00333333333
-10.1290322581
-5.46129032258
-2.67931034483
-0.703225806452
12.3233333333
23.0032258065
23.6866666667
29.1064516129
24.8903225806
19.8933333333
14.1774193548
3.05666666667
-12.0580645161
-13.2483870968
-7.00714285714
-3.83870967742
9.66206896552
18.8322580645
24.4633333333
26.4161290323
NaN
NaN
14.6387096774
1.24
-2.11612903226
-17.3366666667
-9.86071428571
2.23225806452
7.39333333333
17.6709677419
25.9233333333
27.935483871
25.3225806452
22.3366666667
13.3483870968
-0.953333333333
-7.78387096774
-9.76451612903
-11.684
1.13333333333
7.11333333333
16.4838709677
23.6266666667
27.6806451613
27.3483870968
23.29
12.8387096774
2.48333333333
-5.41290322581
-10.235483871
-8.44482758621
5.08064516129
12.8133333333
18.1838709677
23.4633333333
26.5161290323
23.9096774194
20.67
12.6096774194
2.67333333333
-8.87096774194
-14.6741935484
-7.89285714286
-4.64193548387
12.08
NaN
20.5766666667
26.5612903226
29.9838709677
21.6866666667
8.78064516129
3.42
-4.83548387097
-13.8967741935
-6.47142857143
-4.08709677419
7.71
17.1870967742
27.3733333333
29.2419354839
28.0516129032
21.6233333333
13.2032258065
0.966666666667
-8.59032258065
-14.8032258065
-7.07142857143
-0.529032258065
11.52
19.8967741935
25.74
25.0741935484
27.5419354839
21.13
13.3161290323
1.04
-6.60967741935
-11.5709677419
-10.4586206897
-0.248387096774
8.99333333333
22.3322580645
27.02
26.0967741935
28.6516129032
19.6966666667
11.4419354839
0.52
-10.7516129032
-6.39677419355
-3.48214285714
5.93548387097
12.8266666667
21.3322580645
NaN
27.9161290323
30.1290322581
20.4866666667
16.135483871
0.156666666667
-8.52258064516
-12.9096774194
-6.90357142857
-1.69032258065
10.4633333333
16.6709677419
26.71
30.2419354839
24.835483871
20.1266666667
15.7064516129
2.49333333333
-1.69677419355
-5.85862068966
NaN
NaN
NaN
21.2935483871
24.9733333333
29.2870967742
26.3741935484
20.1666666667
15.6483870968
3.91
-5.16896551724
-8.14838709677
-1.39655172414
0.0225806451613
15.2833333333
23.1903225806
27.4066666667
29.5967741935
30.1838709677
25.6068965517
12.32
1.92666666667
-8.99677419355
-14.0
-2.57857142857
4.66774193548
18.0433333333
27.1225806452
25.76
27.6838709677
22.8774193548
17.79
14.7258064516
0.386666666667
-10.7516129032
-15.5161290323
-10.7714285714
-1.3064516129
10.2566666667
22.1129032258
24.4566666667
25.9161290323
27.8774193548
24.19
14.5870967742
0.16
-8.58709677419
-16.4935483871
-14.6785714286
-1.98387096774
5.36333333333
NaN
NaN
NaN
NaN
23.7233333333
12.4225806452
-0.0433333333333
-0.883333333333
NaN
-7.43103448276
-0.774193548387
18.5366666667
25.3774193548
26.8633333333
29.5709677419
25.7161290323
20.3033333333
11.3290322581
4.79333333333
-6.16451612903
-4.48064516129
-1.63928571429
6.74333333333
15.6133333333
20.9580645161
23.3733333333
28.3451612903
28.2419354839
21.53
12.6333333333
7.32666666667
-7.13548387097
NaN
-6.96086956522
NaN
NaN
NaN
23.332
27.8148148148
NaN
NaN
NaN
NaN
NaN
NaN
-1.87391304348
NaN
10.6692307692
NaN
NaN
29.8923076923
NaN
NaN
11.6857142857
2.09230769231
-13.9692307692
NaN
NaN
NaN
13.8923076923
NaN
NaN
28.4461538462
NaN
19.704
13.0807692308
NaN
NaN
NaN
-7.1
4.75357142857
NaN
NaN
NaN
NaN
NaN
NaN
12.9464285714
NaN
NaN
NaN
NaN
5.92903225806
13.8366666667
23.7225806452
27.58
28.6709677419
26.56
19.0233333333
14.1967741935
-0.555172413793
-2.35333333333
-4.82142857143
-0.139285714286
1.53548387097
19.56
24.2483870968
28.35
29.0
26.1866666667
22.7933333333
12.2290322581
5.54666666667
-2.91612903226
-10.4724137931
-6.72068965517
2.05161290323
16.13
25.3193548387
31.6166666667
31.1903225806
29.4258064516
NaN
12.6580645161
1.17
-4.43225806452
-6.52258064516
-10.8666666667
-3.03225806452
10.06
22.8870967742
25.5933333333
31.2387096774
28.2032258065
23.37
15.6967741935
0.92
-9.71935483871
-0.941935483871
-1.02857142857
3.72258064516
13.0933333333
20.8838709677
26.2233333333
28.2258064516
29.6193548387
23.87
15.0516129032
4.73
-6.6064516129
-9.12903225806
-1.06785714286
4.68333333333
15.4366666667
21.9225806452
26.96
27.4774193548
29.4967741935
20.9965517241
9.86774193548
-2.03666666667
-3.02
-3.64838709677
-1.38620689655
3.42903225806
10.3466666667
23.5193548387
22.8833333333
23.2903225806
25.3193548387
20.2233333333
14.1935483871
-0.96
-8.83225806452
-9.17741935484
-6.78928571429
1.88387096774
12.6033333333
21.3258064516
22.6633333333
23.7206896552
25.6407407407
NaN
NaN
NaN
NaN
-16.3612903226
-10.9357142857
3.52903225806
12.4333333333
22.8533333333
25.262962963
25.0933333333
26.3774193548
22.7407407407
14.1580645161
4.51666666667
NaN
-8.26129032258
-6.42222222222
2.02592592593
8.25517241379
17.8933333333
26.0357142857
26.5806451613
28.1838709677
21.6733333333
11.724137931
-2.59333333333
-8.02580645161
-12.7483870968
-5.05517241379
-1.94516129032
6.94
18.1709677419
27.3
27.0935483871
29.0225806452
21.68
14.4290322581
-3.34827586207
-10.5903225806
-11.6870967742
-3.81785714286
0.212903225806
8.46785714286
17.0419354839
26.6833333333
25.6741935484
25.8233333333
23.0178571429
13.8230769231
-1.62413793103
-0.874193548387
-9.72903225806
-0.382142857143
-0.174193548387
16.0466666667
21.9935483871
21.7666666667
27.1838709677
28.235483871
24.07
12.5419354839
0.78
-6.39032258065
-11.3419354839
-2.81071428571
1.99677419355
12.2733333333
18.6258064516
23.5466666667
27.4774193548
25.1129032258
17.61
12.3677419355
8.03666666667
1.24230769231
-8.19032258065
1.04137931034
7.09032258065
NaN
NaN
NaN
NaN
26.4290322581
19.9533333333
13.7612903226
NaN
NaN
-5.49677419355
-10.7035714286
0.0516129032258
11.2233333333
20.0483870968
24.0172413793
27.4387096774
27.7935483871
20.93
10.8806451613
7.75666666667
-3.79677419355
-5.73548387097
0.317857142857
-2.2935483871
9.83
16.3225806452
25.5034482759
28.29
25.4322580645
21.7428571429
5.24333333333
1.43333333333
-2.78387096774
-8.37096774194
-9.14285714286
0.229032258065
13.1633333333
19.135483871
23.8866666667
26.3322580645
28.2419354839
20.124137931
14.4548387097
-1.68620689655
-3.63870967742
-12.8258064516
-5.63103448276
NaN
11.4633333333
15.8096774194
22.5518518519
25.0258064516
22.33
21.2633333333
12.3193548387
5.53666666667
-4.59032258065
-11.1774193548
-5.37857142857
1.42580645161
15.0233333333
17.1258064516
24.1642857143
27.2806451613
25.2774193548
22.9633333333
13.264516129
3.62
-4.7935483871
-1.65161290323
0.528571428571
-0.338709677419
15.8633333333
19.7483870968
26.11
30.0903225806
26.81
20.1137931034
10.1290322581
3.11
-0.954838709677
-7.07741935484
-10.6392857143
2.24193548387
11.5233333333
20.5516129032
25.1866666667
28.4533333333
24.8548387097
21.0533333333
13.6806451613
2.36666666667
-8.71666666667
-10.4096774194
-9.81724137931
-1.32580645161
10.63
18.1741935484
23.0233333333
26.2774193548
26.6483870968
20.1233333333
12.8419354839
1.91333333333
-11.4806451613
-12.6290322581
-7.7962962963
-1.64838709677
8.85666666667
17.0387096774
22.9233333333
24.464516129
23.9096774194
24.0533333333
7.6
7.73333333333
-10.0967741935
-10.0193548387
-8.15357142857
4.26774193548
16.35
18.8870967742
22.6733333333
27.5483870968
27.4741935484
17.6366666667
15.3612903226
2.16333333333
-9.08064516129
NaN
NaN
NaN
NaN
NaN
NaN
NaN
NaN
NaN
NaN
NaN
NaN
NaN
NaN
NaN
NaN
NaN
NaN
NaN
NaN
NaN
NaN
NaN
-7.56451612903
-7.52
-6.93928571429
-3.61290322581
4.48666666667
18.5741935484
24.6333333333
27.0322580645
27.4580645161
22.6833333333
10.6290322581
1.21333333333
-13.2096774194
-10.4193548387
-11.4678571429
-2.22903225806
8.19333333333
18.1419354839
23.5033333333
25.7129032258
25.2935483871
21.43
13.5806451613
-1.92666666667
-3.90967741935
-5.74838709677
-9.98928571429
5.77419354839
14.82
18.4419354839
25.1
27.4967741935
26.8548387097
23.91
15.2903225806
5.39666666667
-2.99677419355
-7.75806451613
-2.32068965517
7.14516129032
9.94
21.7
24.4666666667
26.5387096774
26.6903225806
21.11
12.9967741935
9.28
-6.4
-7.46774193548
-2.20357142857
2.01290322581
12.1133333333
19.5741935484
25.1133333333
28.3225806452
26.1838709677
NaN
NaN
