NaN
NaN
NaN
NaN
NaN
NaN
NaN
8.0
0.0
0.0
0.0
0.0
0.0
0.0
0.0
0.0
0.0
0.0
0.0
5.0
5.0
0.0
185.0
NaN
0.0
NaN
0.0
0.0
3.0
0.0
NaN
0.0
0.0
0.0
0.0
0.0
0.0
64.0
361.0
102.0
56.0
0.0
218.0
8.0
25.0
97.0
NaN
NaN
8.0
0.0
0.0
0.0
254.0
23.0
64.0
13.0
0.0
64.0
208.0
5.0
0.0
0.0
0.0
76.0
0.0
0.0
0.0
0.0
38.0
25.0
18.0
3.0
0.0
0.0
0.0
0.0
0.0
0.0
61.0
66.0
0.0
0.0
0.0
117.0
18.0
3.0
3.0
0.0
0.0
3.0
287.0
3.0
0.0
3.0
3.0
0.0
0.0
0.0
119.0
290.0
3.0
3.0
NaN
NaN
0.0
0.0
0.0
0.0
0.0
46.0
0.0
0.0
0.0
NaN
NaN
3.0
48.0
3.0
3.0
3.0
0.0
18.0
69.0
10.0
3.0
23.0
0.0
36.0
28.0
3.0
25.0
0.0
0.0
5.0
183.0
0.0
0.0
0.0
137.0
18.0
0.0
25.0
0.0
0.0
13.0
257.0
13.0
18.0
43.0
0.0
5.0
NaN
NaN
0.0
13.0
NaN
NaN
58.0
5.0
0.0
0.0
5.0
94.0
38.0
5.0
0.0
0.0
0.0
81.0
5.0
3.0
0.0
0.0
NaN
NaN
5.0
3.0
53.0
3.0
18.0
20.0
0.0
5.0
0.0
0.0
0.0
0.0
5.0
107.0
0.0
0.0
0.0
0.0
0.0
0.0
23.0
30.0
0.0
5.0
8.0
20.0
0.0
0.0
0.0
292.0
89.0
15.0
0.0
0.0
0.0
211.0
0.0
15.0
0.0
0.0
0.0
0.0
66.0
0.0
10.0
0.0
3.0
33.0
0.0
3.0
218.0
0.0
0.0
0.0
0.0
0.0
0.0
0.0
0.0
15.0
0.0
137.0
25.0
0.0
3.0
399.0
36.0
53.0
0.0
0.0
0.0
8.0
10.0
84.0
13.0
0.0
0.0
0.0
0.0
119.0
15.0
5.0
0.0
28.0
8.0
0.0
0.0
0.0
0.0
0.0
0.0
33.0
8.0
3.0
0.0
51.0
0.0
0.0
3.0
8.0
264.0
36.0
0.0
224.0
0.0
79.0
18.0
13.0
0.0
13.0
0.0
0.0
102.0
99.0
58.0
0.0
135.0
0.0
3.0
0.0
0.0
0.0
15.0
5.0
0.0
0.0
64.0
53.0
0.0
0.0
58.0
53.0
0.0
0.0
0.0
0.0
0.0
0.0
0.0
0.0
5.0
10.0
0.0
0.0
0.0
36.0
0.0
0.0
43.0
18.0
432.0
0.0
10.0
0.0
0.0
0.0
0.0
0.0
0.0
94.0
206.0
168.0
10.0
0.0
0.0
46.0
0.0
165.0
3.0
0.0
0.0
0.0
234.0
3.0
0.0
0.0
0.0
0.0
0.0
0.0
495.0
0.0
0.0
3.0
23.0
0.0
0.0
0.0
0.0
0.0
0.0
0.0
3.0
0.0
0.0
3.0
0.0
0.0
0.0
0.0
18.0
66.0
254.0
5.0
0.0
213.0
20.0
15.0
3.0
3.0
229.0
51.0
25.0
15.0
8.0
5.0
0.0
0.0
0.0
0.0
10.0
3.0
3.0
28.0
0.0
3.0
15.0
0.0
0.0
0.0
627.0
28.0
41.0
28.0
0.0
0.0
0.0
25.0
71.0
0.0
165.0
25.0
5.0
0.0
0.0
0.0
0.0
0.0
0.0
33.0
25.0
0.0
3.0
8.0
0.0
15.0
0.0
0.0
0.0
NaN
NaN
0.0
0.0
3.0
114.0
0.0
0.0
0.0
0.0
0.0
0.0
0.0
0.0
0.0
8.0
0.0
0.0
203.0
0.0
25.0
0.0
0.0
33.0
51.0
0.0
0.0
0.0
0.0
0.0
0.0
3.0
3.0
0.0
3.0
0.0
46.0
41.0
41.0
0.0
0.0
0.0
0.0
43.0
0.0
0.0
0.0
NaN
NaN
13.0
0.0
0.0
51.0
8.0
0.0
0.0
66.0
102.0
18.0
8.0
0.0
0.0
8.0
38.0
5.0
0.0
0.0
0.0
0.0
0.0
0.0
0.0
18.0
0.0
0.0
71.0
0.0
112.0
203.0
3.0
0.0
0.0
8.0
0.0
0.0
0.0
0.0
74.0
41.0
180.0
56.0
196.0
66.0
8.0
3.0
0.0
8.0
0.0
46.0
0.0
0.0
3.0
0.0
3.0
0.0
13.0
91.0
0.0
0.0
18.0
8.0
0.0
0.0
15.0
0.0
0.0
0.0
0.0
0.0
0.0
0.0
0.0
0.0
0.0
0.0
0.0
15.0
0.0
0.0
0.0
0.0
33.0
424.0
3.0
20.0
0.0
0.0
0.0
0.0
0.0
0.0
0.0
38.0
0.0
0.0
13.0
25.0
5.0
51.0
3.0
0.0
284.0
33.0
13.0
0.0
0.0
48.0
3.0
0.0
0.0
107.0
160.0
8.0
41.0
0.0
0.0
0.0
0.0
0.0
0.0
0.0
0.0
0.0
0.0
175.0
53.0
5.0
0.0
0.0
0.0
0.0
8.0
13.0
91.0
0.0
0.0
0.0
5.0
28.0
5.0
56.0
0.0
0.0
0.0
3.0
3.0
0.0
0.0
0.0
25.0
36.0
0.0
0.0
0.0
122.0
56.0
13.0
3.0
3.0
0.0
0.0
3.0
28.0
0.0
15.0
5.0
5.0
0.0
3.0
0.0
0.0
0.0
0.0
0.0
0.0
0.0
3.0
0.0
30.0
10.0
0.0
0.0
0.0
0.0
48.0
48.0
0.0
0.0
0.0
0.0
3.0
0.0
0.0
0.0
53.0
5.0
91.0
36.0
33.0
0.0
10.0
475.0
0.0
3.0
0.0
0.0
8.0
74.0
0.0
5.0
5.0
0.0
46.0
5.0
142.0
30.0
0.0
0.0
132.0
5.0
0.0
305.0
13.0
3.0
0.0
0.0
0.0
25.0
0.0
0.0
8.0
51.0
3.0
0.0
10.0
0.0
23.0
3.0
0.0
0.0
0.0
3.0
0.0
0.0
0.0
0.0
0.0
0.0
0.0
0.0
51.0
127.0
185.0
86.0
0.0
89.0
3.0
0.0
3.0
0.0
0.0
3.0
0.0
297.0
0.0
0.0
0.0
38.0
0.0
0.0
53.0
0.0
0.0
0.0
25.0
8.0
58.0
8.0
0.0
8.0
3.0
0.0
0.0
160.0
25.0
5.0
0.0
0.0
3.0
0.0
5.0
0.0
0.0
0.0
0.0
28.0
0.0
0.0
0.0
0.0
0.0
0.0
0.0
0.0
0.0
0.0
3.0
0.0
0.0
0.0
0.0
0.0
0.0
0.0
0.0
0.0
8.0
97.0
114.0
8.0
0.0
0.0
0.0
5.0
8.0
0.0
0.0
0.0
10.0
0.0
0.0
160.0
0.0
0.0
0.0
0.0
0.0
0.0
30.0
0.0
0.0
0.0
66.0
3.0
254.0
0.0
0.0
5.0
0.0
0.0
0.0
0.0
0.0
0.0
51.0
0.0
3.0
0.0
30.0
30.0
0.0
0.0
0.0
0.0
0.0
0.0
NaN
NaN
0.0
8.0
0.0
178.0
0.0
0.0
5.0
10.0
0.0
38.0
5.0
0.0
46.0
109.0
0.0
3.0
3.0
0.0
97.0
28.0
0.0
0.0
157.0
58.0
0.0
56.0
30.0
0.0
0.0
0.0
0.0
0.0
0.0
13.0
41.0
8.0
0.0
10.0
0.0
NaN
0.0
0.0
0.0
0.0
10.0
0.0
0.0
0.0
13.0
0.0
0.0
8.0
0.0
0.0
0.0
0.0
58.0
0.0
0.0
112.0
30.0
0.0
58.0
0.0
13.0
145.0
8.0
0.0
0.0
20.0
0.0
0.0
0.0
0.0
0.0
0.0
0.0
0.0
0.0
0.0
0.0
0.0
0.0
0.0
0.0
0.0
0.0
0.0
0.0
0.0
0.0
0.0
0.0
0.0
28.0
112.0
0.0
0.0
10.0
79.0
0.0
0.0
84.0
0.0
0.0
0.0
89.0
15.0
38.0
5.0
0.0
0.0
196.0
373.0
74.0
3.0
0.0
0.0
0.0
0.0
0.0
0.0
0.0
0.0
0.0
0.0
0.0
0.0
0.0
0.0
0.0
0.0
0.0
33.0
0.0
0.0
0.0
10.0
122.0
25.0
0.0
0.0
36.0
0.0
109.0
15.0
38.0
0.0
0.0
0.0
0.0
25.0
