NaN
30.8870967742
29.4333333333
18.7290322581
5.53666666667
-2.4
-8.44838709677
-5.175
2.9064516129
19.9034482759
24.0516129032
28.0133333333
31.164516129
32.4096774194
23.7766666667
13.5233333333
13.1571428571
-3.30322580645
-12.9766666667
0.353571428571
0.996774193548
8.14333333333
17.4419354839
24.9
28.6064516129
27.6870967742
21.9166666667
17.2533333333
3.13333333333
-0.754838709677
-4.91290322581
0.596428571429
-1.55161290323
12.8
22.7129032258
22.8166666667
30.0166666667
28.0032258065
19.5766666667
12.6310344828
3.57333333333
-5.94838709677
-6.06333333333
0.303448275862
-0.35
20.02
22.4741935484
27.8166666667
29.88
29.8709677419
26.1866666667
17.4
6.68965517241
2.77741935484
2.91935483871
2.91785714286
6.75806451613
9.53666666667
17.82
24.35
29.8966666667
29.9677419355
24.7933333333
21.0741935484
11.13
3.60333333333
-6.36451612903
8.97857142857
2.75666666667
13.0333333333
19.54
23.6642857143
31.7933333333
28.6161290323
21.7
15.0483870968
11.94
NaN
-0.843333333333
-3.06785714286
4.00967741935
18.3266666667
22.6193548387
23.1766666667
30.9516129032
33.6379310345
24.6833333333
20.4482758621
-0.623333333333
-2.67419354839
-3.74193548387
0.41724137931
7.70322580645
12.3066666667
20.8580645161
30.9
28.4387096774
28.9612903226
24.2166666667
19.7333333333
6.75666666667
3.1064516129
-7.59032258065
0.382142857143
6.18387096774
11.7966666667
20.964516129
24.4166666667
32.2903225806
29.1096774194
21.275862069
13.9096774194
5.71333333333
5.73870967742
4.58064516129
-0.992857142857
2.22413793103
14.99
26.6566666667
23.0833333333
26.2290322581
32.4774193548
25.9433333333
18.1483870968
5.47333333333
-0.386666666667
-4.64333333333
-3.82142857143
8.11290322581
14.1965517241
19.9766666667
27.5192307692
31.6133333333
32.4310344828
21.8535714286
11.8214285714
NaN
3.64285714286
-2.66666666667
-2.23793103448
2.91
14.6392857143
21.224137931
24.762962963
33.3142857143
29.5870967742
25.5928571429
17.6483870968
6.28666666667
-1.18333333333
0.548387096774
4.40357142857
9.48709677419
NaN
19.8862068966
30.7266666667
31.5516129032
34.0516129032
19.8433333333
16.6096774194
7.18333333333
-2.57741935484
-2.74666666667
-1.27142857143
3.1935483871
16.4266666667
18.7096774194
25.9566666667
27.0290322581
30.7612903226
23.52
18.2451612903
10.2933333333
3.38064516129
-7.33548387097
2.95714285714
10.6548387097
12.5433333333
19.9483870968
26.3866666667
31.0838709677
29.9838709677
27.1833333333
22.5483870968
10.2033333333
-1.93870967742
2.13548387097
3.99655172414
4.72903225806
16.2566666667
22.5548387097
25.1366666667
31.7741935484
29.1741935484
20.86
18.9129032258
4.65
-8.45806451613
-4.09
-0.678571428571
-3.15483870968
11.64
20.3548387097
25.0066666667
29.3225806452
NaN
15.8733333333
21.2709677419
8.31666666667
4.74838709677
-7.38709677419
-1.76428571429
9.71935483871
9.90666666667
22.2806451613
26.41
31.5161290323
28.5483870968
25.7766666667
17.435483871
3.15666666667
0.645161290323
0.248387096774
0.846428571429
6.65483870968
11.5666666667
18.5709677419
24.2766666667
31.5967741935
32.3225806452
26.27
16.1129032258
6.70333333333
-1.25806451613
-0.943333333333
0.0642857142857
11.7870967742
14.52
19.5741935484
23.5933333333
30.6258064516
27.7064516129
24.74
18.3387096774
6.79666666667
-5.7935483871
-11.4677419355
-2.30714285714
2.43225806452
19.2633333333
23.1387096774
23.71
28.1483870968
33.564516129
26.9433333333
11.5387096774
9.65862068966
0.296774193548
-6.64193548387
2.525
2.86451612903
9.78
20.7838709677
28.4433333333
31.7838709677
31.8580645161
23.42
14.7161290323
2.76666666667
-1.48064516129
-6.92903225806
-1.48214285714
5.02
14.9862068966
21.3741935484
26.2821428571
29.31
33.764516129
22.0724137931
NaN
7.2
NaN
NaN
NaN
NaN
13.4166666667
20.535483871
26.0933333333
27.4258064516
30.1258064516
22.1633333333
15.0225806452
4.38666666667
-3.78064516129
0.76
2.82142857143
10.7
13.5666666667
21.5967741935
NaN
30.8870967742
33.7129032258
21.1766666667
NaN
3.48846153846
NaN
-1.53225806452
5.85
7.24193548387
16.5
18.02
27.9866666667
33.6419354839
27.3548387097
23.11
20.0483870968
6.94666666667
3.31290322581
0.790322580645
-2.18928571429
3.87
7.84
18.9548387097
25.36
32.1677419355
29.7064516129
23.9433333333
16.3709677419
6.66428571429
1.35161290323
-1.65161290323
5.56896551724
6.70666666667
16.3633333333
22.7806451613
26.5366666667
32.1322580645
32.4193548387
28.5533333333
14.4838709677
5.80344827586
0.738709677419
-8.59677419355
4.04642857143
10.2233333333
19.9333333333
26.1551724138
28.3233333333
32.1193548387
26.7709677419
22.0464285714
16.464516129
5.06333333333
-5.5064516129
-10.1838709677
-7.13703703704
6.03548387097
12.59
21.42
25.98
28.1233333333
30.3709677419
26.4866666667
16.8516129032
3.22068965517
-5.32258064516
-10.8161290323
-5.60714285714
3.44230769231
11.5724137931
19.2821428571
28.7233333333
NaN
29.42
28.3888888889
18.1821428571
4.92222222222
7.75714285714
-3.18387096774
1.48518518519
7.22666666667
20.9333333333
26.5266666667
29.0866666667
33.5612903226
27.7032258065
24.6
15.2
10.3392857143
1.25483870968
4.48518518519
3.53214285714
12.3580645161
19.4607142857
21.3064516129
25.0103448276
32.4448275862
31.2935483871
26.9821428571
16.635483871
10.8482758621
-1.87419354839
-9.26
-0.807142857143
4.70344827586
12.2965517241
18.5366666667
25.0413793103
30.625
30.6516129032
24.0
15.1428571429
3.84642857143
1.59677419355
3.22580645161
7.24642857143
5.67096774194
13.5275862069
19.1
25.8827586207
32.6
35.5033333333
23.0571428571
18.3807692308
6.35185185185
-10.7709677419
1.13548387097
8.59642857143
5.5064516129
15.34
21.9074074074
27.1740740741
33.1413793103
33.1655172414
20.1285714286
14.2678571429
7.44333333333
-4.03666666667
-3.20322580645
-0.192857142857
8.62666666667
18.3793103448
26.7433333333
25.53
33.2925925926
28.3481481481
20.0633333333
16.5666666667
-2.85333333333
-2.25161290323
3.17096774194
-1.15555555556
13.9225806452
13.9740740741
21.9466666667
29.4481481481
29.1466666667
30.8538461538
18.2965517241
16.7103448276
4.04642857143
4.00333333333
3.16129032258
6.62857142857
6.66
21.3533333333
24.7
30.1
29.8833333333
26.4806451613
25.6392857143
16.6064516129
10.9344827586
5.15172413793
-1.79032258065
2.03703703704
10.2
19.8925925926
26.2483870968
35.208
34.0933333333
32.4785714286
24.3827586207
17.5
7.24
1.50333333333
0.223333333333
-6.66785714286
5.12903225806
15.1866666667
22.735483871
26.7233333333
33.7838709677
31.5612903226
26.0366666667
17.3483870968
7.25333333333
-2.83548387097
3.14838709677
4.23571428571
10.764516129
16.63
21.1193548387
27.7933333333
31.5064516129
32.1433333333
28.8866666667
17.9290322581
9.94666666667
-1.87741935484
-3.62258064516
7.26428571429
10.2225806452
15.3466666667
21.3096774194
26.8533333333
31.9967741935
33.5387096774
24.5933333333
15.3433333333
4.53333333333
5.76785714286
6.16451612903
8.47857142857
12.5933333333
15.8714285714
23.8259259259
27.3461538462
25.5266666667
28.3533333333
24.1482758621
17.33
3.9275862069
-1.01
-3.58666666667
-2.25
9.77096774194
14.7966666667
21.6379310345
22.9433333333
23.5129032258
26.6225806452
21.8724137931
17.0068965517
4.1
3.34516129032
-5.15
-3.98888888889
10.3903225806
16.3533333333
23.6533333333
26.0275862069
29.2419354839
30.74
27.0464285714
16.2870967742
7.63928571429
3.81935483871
0.835483870968
5.912
7.1724137931
11.824137931
19.164516129
27.9592592593
29.4038461538
33.1037037037
25.2517241379
14.9321428571
6.64642857143
1.35769230769
-5.02580645161
3.12592592593
1.96333333333
13.4714285714
16.9666666667
27.5461538462
29.7148148148
33.3857142857
22.9689655172
16.0333333333
-0.71
-4.24333333333
-5.96206896552
3.725
7.51111111111
11.4703703704
21.025
28.9333333333
29.1533333333
29.2931034483
26.8586206897
18.2214285714
7.7962962963
NaN
NaN
6.31666666667
1.5
17.2321428571
24.237037037
NaN
31.5107142857
32.5419354839
29.0178571429
15.0517241379
6.63703703704
1.7037037037
-1.02222222222
6.116
10.8
14.6793103448
NaN
25.2689655172
30.8259259259
30.8555555556
NaN
NaN
NaN
NaN
NaN
5.925
NaN
NaN
22.7814814815
25.5407407407
NaN
NaN
NaN
NaN
NaN
NaN
NaN
NaN
NaN
NaN
23.725
NaN
NaN
NaN
NaN
NaN
NaN
NaN
NaN
NaN
NaN
NaN
NaN
29.3192307692
NaN
NaN
NaN
9.71935483871
7.66
1.05806451613
-3.60344827586
NaN
NaN
NaN
NaN
22.8714285714
32.7724137931
NaN
NaN
19.4967741935
2.36333333333
NaN
NaN
NaN
NaN
16.8566666667
19.3571428571
NaN
33.0285714286
28.3814814815
26.2518518519
NaN
NaN
NaN
NaN
NaN
NaN
17.9321428571
NaN
24.6153846154
NaN
30.2
26.4133333333
NaN
NaN
-0.983333333333
NaN
NaN
NaN
18.0333333333
21.7
27.09
NaN
31.4258064516
21.5033333333
12.5903225806
6.52
2.96666666667
1.34516129032
-3.32857142857
10.9870967742
12.0366666667
20.0387096774
26.42
32.9516129032
29.464516129
24.0333333333
16.0193548387
7.37586206897
0.661290322581
-1.87741935484
-0.965517241379
8.1935483871
13.5724137931
19.5870967742
24.3206896552
31.9129032258
30.3096774194
22.5766666667
14.9838709677
6.65172413793
-6.95161290323
-4.25483870968
-1.99259259259
3.56774193548
11.2433333333
19.535483871
23.9766666667
27.2233333333
26.6806451613
27.2
7.45483870968
11.8034482759
-7.69032258065
-5.43870967742
-5.28214285714
5.96774193548
15.1666666667
16.3233333333
23.9066666667
28.2838709677
29.6612903226
20.4833333333
18.2387096774
3.85
-4.59655172414
NaN
NaN
NaN
NaN
NaN
NaN
NaN
NaN
NaN
NaN
NaN
NaN
2.49655172414
1.76206896552
15.1290322581
NaN
20.3448275862
28.0413793103
NaN
29.7266666667
NaN
12.2741935484
6.45172413793
-0.74
-1.09
2.48571428571
4.91935483871
8.83333333333
19.675862069
23.6533333333
28.5
NaN
26.336
NaN
5.22068965517
-6.11333333333
-0.94
-4.70714285714
3.74516129032
11.31
NaN
23.5107142857
28.97
25.5888888889
22.4655172414
16.9903225806
2.35357142857
0.18
-0.64
-0.757142857143
10.7741935484
15.6033333333
18.9833333333
NaN
29.7
30.8923076923
26.2142857143
16.8322580645
7.85517241379
1.05714285714
-0.4
6.44074074074
12.4033333333
14.2714285714
21.364516129
NaN
NaN
NaN
NaN
16.2230769231
12.2851851852
-6.01724137931
-5.88666666667
1.41785714286
7.63548387097
13.7933333333
21.0551724138
27.5931034483
34.55
NaN
NaN
NaN
