165.0
101.0
1054.0
553.0
1414.0
1530.0
1650.0
166.0
1767.0
493.0
501.0
509.0
NaN
NaN
NaN
NaN
NaN
NaN
NaN
NaN
NaN
NaN
NaN
NaN
NaN
157.0
NaN
NaN
859.0
NaN
NaN
NaN
NaN
NaN
NaN
NaN
198.0
264.0
91.0
330.0
951.0
1285.0
1354.0
717.0
553.0
249.0
NaN
NaN
362.0
170.0
140.0
358.0
515.0
766.0
460.0
971.0
274.0
584.0
455.0
346.0
986.0
76.0
372.0
509.0
472.0
482.0
242.0
208.0
1101.0
343.0
153.0
NaN
0.0
0.0
419.0
601.0
1126.0
386.0
171.0
1432.0
71.0
191.0
450.0
NaN
616.0
112.0
107.0
1445.0
523.0
805.0
719.0
510.0
460.0
236.0
1204.0
432.0
336.0
257.0
15.0
893.0
927.0
317.0
463.0
876.0
678.0
363.0
220.0
321.0
235.0
249.0
155.0
261.0
163.0
1369.0
396.0
567.0
1529.0
1095.0
682.0
289.0
254.0
843.0
305.0
416.0
1170.0
160.0
960.0
461.0
397.0
456.0
736.0
96.0
483.0
NaN
602.0
562.0
NaN
NaN
516.0
236.0
173.0
877.0
334.0
112.0
774.0
102.0
264.0
556.0
1485.0
750.0
139.0
940.0
748.0
668.0
160.0
254.0
127.0
NaN
356.0
81.0
988.0
825.0
1163.0
1145.0
1973.0
84.0
476.0
NaN
NaN
126.0
507.0
323.0
1051.0
1334.0
NaN
564.0
660.0
490.0
337.0
341.0
NaN
NaN
120.0
1092.0
569.0
1491.0
676.0
493.0
817.0
NaN
142.0
160.0
NaN
NaN
978.0
325.0
553.0
679.0
381.0
531.0
490.0
791.0
582.0
659.0
36.0
304.0
711.0
1009.0
1032.0
624.0
601.0
791.0
622.0
826.0
184.0
NaN
282.0
114.0
265.0
799.0
372.0
636.0
510.0
783.0
337.0
229.0
329.0
839.0
78.0
NaN
710.0
839.0
330.0
378.0
242.0
1046.0
657.0
545.0
1021.0
579.0
394.0
257.0
NaN
NaN
514.0
509.0
656.0
612.0
558.0
626.0
534.0
313.0
265.0
283.0
418.0
391.0
721.0
434.0
NaN
645.0
1383.0
401.0
384.0
548.0
544.0
265.0
320.0
577.0
992.0
951.0
993.0
151.0
808.0
71.0
254.0
587.0
NaN
515.0
365.0
408.0
219.0
466.0
1169.0
764.0
1322.0
1206.0
717.0
NaN
488.0
600.0
635.0
424.0
274.0
NaN
462.0
NaN
NaN
NaN
727.0
341.0
368.0
329.0
419.0
992.0
1166.0
387.0
580.0
165.0
1213.0
564.0
1285.0
780.0
508.0
239.0
436.0
565.0
829.0
1102.0
567.0
734.0
599.0
893.0
808.0
480.0
894.0
251.0
602.0
1509.0
1161.0
557.0
243.0
304.0
404.0
1259.0
367.0
1096.0
742.0
423.0
544.0
504.0
1040.0
922.0
148.0
55.0
286.0
367.0
156.0
228.0
246.0
271.0
504.0
227.0
861.0
1732.0
216.0
441.0
1062.0
453.0
762.0
720.0
827.0
487.0
600.0
451.0
1197.0
413.0
709.0
1019.0
746.0
1244.0
508.0
551.0
357.0
359.0
544.0
829.0
1157.0
836.0
551.0
695.0
1505.0
1387.0
463.0
348.0
212.0
95.0
403.0
661.0
452.0
421.0
974.0
484.0
1012.0
413.0
773.0
316.0
516.0
435.0
516.0
376.0
1144.0
1345.0
341.0
1109.0
652.0
350.0
1091.0
362.0
358.0
347.0
102.0
719.0
308.0
431.0
260.0
1013.0
2324.0
664.0
211.0
587.0
524.0
245.0
208.0
1839.0
1033.0
2208.0
352.0
778.0
341.0
398.0
456.0
397.0
312.0
1047.0
754.0
323.0
1747.0
766.0
582.0
1071.0
390.0
26.0
153.0
482.0
445.0
860.0
456.0
892.0
198.0
960.0
303.0
964.0
438.0
674.0
165.0
254.0
401.0
246.0
450.0
451.0
911.0
1408.0
84.0
2490.0
339.0
1122.0
724.0
555.0
394.0
137.0
399.0
623.0
1273.0
879.0
560.0
647.0
821.0
1978.0
667.0
366.0
623.0
229.0
1125.0
157.0
1608.0
1801.0
1344.0
820.0
573.0
786.0
690.0
NaN
489.0
NaN
NaN
425.0
2360.0
764.0
720.0
472.0
1009.0
402.0
450.0
90.0
341.0
810.0
628.0
544.0
755.0
1031.0
203.0
603.0
556.0
230.0
523.0
211.0
183.0
305.0
550.0
711.0
1912.0
1248.0
629.0
598.0
1203.0
970.0
374.0
321.0
445.0
318.0
562.0
196.0
1117.0
850.0
71.0
168.0
627.0
786.0
524.0
828.0
512.0
69.0
346.0
1761.0
1537.0
963.0
604.0
616.0
833.0
348.0
412.0
508.0
153.0
541.0
1086.0
769.0
1310.0
1159.0
293.0
214.0
612.0
257.0
NaN
587.0
517.0
618.0
824.0
284.0
1377.0
1446.0
616.0
395.0
857.0
792.0
394.0
1084.0
722.0
661.0
494.0
1496.0
325.0
1296.0
1108.0
650.0
1764.0
200.0
793.0
114.0
638.0
272.0
218.0
661.0
724.0
1211.0
361.0
362.0
717.0
672.0
420.0
NaN
560.0
184.0
429.0
NaN
1158.0
707.0
855.0
562.0
513.0
168.0
938.0
NaN
NaN
NaN
NaN
NaN
347.0
777.0
215.0
901.0
273.0
491.0
305.0
NaN
390.0
367.0
978.0
796.0
246.0
1644.0
706.0
340.0
738.0
1980.0
622.0
609.0
225.0
424.0
595.0
427.0
460.0
1022.0
855.0
497.0
301.0
911.0
938.0
119.0
106.0
387.0
423.0
NaN
1185.0
401.0
524.0
628.0
135.0
31.0
441.0
198.0
756.0
320.0
520.0
1439.0
1268.0
1031.0
1370.0
1092.0
607.0
1218.0
1024.0
736.0
322.0
124.0
69.0
400.0
180.0
556.0
1106.0
1507.0
806.0
610.0
522.0
68.0
737.0
458.0
341.0
939.0
553.0
537.0
1369.0
1552.0
936.0
NaN
827.0
489.0
863.0
656.0
219.0
987.0
1204.0
1349.0
1091.0
653.0
341.0
379.0
561.0
128.0
158.0
462.0
641.0
991.0
330.0
629.0
617.0
622.0
1263.0
435.0
453.0
411.0
759.0
593.0
289.0
528.0
760.0
678.0
859.0
389.0
665.0
588.0
193.0
444.0
356.0
192.0
512.0
508.0
1240.0
623.0
804.0
422.0
429.0
150.0
386.0
334.0
384.0
145.0
762.0
922.0
1107.0
692.0
944.0
1441.0
729.0
189.0
544.0
449.0
836.0
672.0
876.0
697.0
476.0
1220.0
226.0
941.0
1511.0
457.0
890.0
1359.0
269.0
469.0
1074.0
918.0
758.0
969.0
697.0
717.0
330.0
229.0
1513.0
537.0
166.0
329.0
239.0
872.0
342.0
1863.0
638.0
625.0
539.0
1130.0
563.0
988.0
328.0
439.0
356.0
601.0
904.0
1683.0
NaN
322.0
NaN
353.0
952.0
677.0
366.0
29.0
395.0
1071.0
739.0
1147.0
1303.0
190.0
597.0
956.0
845.0
143.0
285.0
148.0
675.0
940.0
1003.0
920.0
1697.0
489.0
711.0
1266.0
712.0
527.0
149.0
672.0
455.0
265.0
413.0
770.0
1229.0
534.0
1038.0
584.0
424.0
1068.0
401.0
224.0
820.0
781.0
1003.0
863.0
889.0
1310.0
1525.0
819.0
826.0
1034.0
279.0
300.0
1146.0
1093.0
1121.0
1404.0
1027.0
353.0
831.0
696.0
991.0
818.0
811.0
689.0
1305.0
634.0
978.0
695.0
260.0
708.0
735.0
289.0
682.0
594.0
801.0
536.0
487.0
1972.0
1015.0
992.0
188.0
2126.0
412.0
261.0
750.0
972.0
441.0
627.0
1136.0
1164.0
776.0
1105.0
769.0
370.0
679.0
639.0
320.0
232.0
223.0
201.0
792.0
816.0
215.0
772.0
818.0
759.0
1223.0
304.0
529.0
663.0
809.0
94.0
362.0
NaN
701.0
1035.0
676.0
827.0
1526.0
704.0
520.0
714.0
767.0
183.0
493.0
874.0
477.0
815.0
570.0
1023.0
0.0
699.0
989.0
796.0
216.0
267.0
686.0
763.0
889.0
1111.0
861.0
1776.0
1629.0
662.0
234.0
776.0
130.0
434.0
197.0
1315.0
706.0
905.0
557.0
1075.0
1000.0
822.0
345.0
299.0
391.0
245.0
631.0
200.0
444.0
1225.0
991.0
488.0
657.0
172.0
1226.0
994.0
246.0
209.0
709.0
1129.0
1352.0
944.0
669.0
NaN
944.0
552.0
777.0
587.0
103.0
150.0
688.0
638.0
NaN
204.0
325.0
340.0
1287.0
881.0
674.0
755.0
652.0
675.0
926.0
NaN
1255.0
618.0
1046.0
1125.0
617.0
1274.0
1119.0
347.0
156.0
535.0
256.0
492.0
862.0
1611.0
1107.0
1126.0
1855.0
725.0
211.0
205.0
323.0
20.0
160.0
390.0
329.0
601.0
1029.0
1385.0
1315.0
587.0
639.0
NaN
126.0
265.0
388.0
882.0
NaN
44.0
655.0
579.0
1939.0
1060.0
731.0
360.0
151.0
153.0
374.0
277.0
1460.0
1016.0
852.0
1729.0
802.0
278.0
604.0
213.0
337.0
734.0
408.0
609.0
1217.0
865.0
996.0
820.0
1101.0
1319.0
1602.0
714.0
322.0
129.0
1014.0
1097.0
505.0
483.0
976.0
891.0
319.0
1725.0
934.0
1155.0
316.0
244.0
647.0
830.0
471.0
508.0
1326.0
727.0
1477.0
727.0
1147.0
641.0
750.0
219.0
359.0
1049.0
458.0
1368.0
1148.0
1141.0
1261.0
799.0
358.0
171.0
487.0
237.0
450.0
668.0
481.0
1520.0
933.0
1499.0
328.0
715.0
1204.0
394.0
443.0
265.0
446.0
816.0
825.0
315.0
837.0
1394.0
394.0
856.0
845.0
228.0
376.0
299.0
204.0
882.0
710.0
1164.0
153.0
854.0
811.0
799.0
469.0
542.0
538.0
513.0
971.0
411.0
946.0
864.0
794.0
720.0
1265.0
503.0
550.0
391.0
935.0
651.0
1118.0
1092.0
844.0
842.0
493.0
786.0
348.0
782.0
407.0
451.0
822.0
205.0
293.0
1516.0
443.0
1220.0
NaN
684.0
590.0
246.0
396.0
660.0
346.0
304.0
320.0
856.0
1811.0
611.0
711.0
619.0
558.0
539.0
775.0
925.0
113.0
724.0
148.0
885.0
1500.0
906.0
441.0
671.0
1237.0
1697.0
519.0
588.0
401.0
NaN
NaN
684.0
1117.0
269.0
623.0
458.0
28.0
510.0
476.0
257.0
176.0
380.0
403.0
1288.0
1014.0
609.0
551.0
720.0
719.0
630.0
1501.0
470.0
NaN
NaN
NaN
264.0
NaN
761.0
1187.0
NaN
289.0
673.0
NaN
NaN
1053.0
741.0
204.0
201.0
397.0
739.0
NaN
170.0
NaN
NaN
NaN
NaN
NaN
NaN
NaN
NaN
1401.0
325.0
738.0
797.0
NaN
NaN
NaN
716.0
793.0
221.0
732.0
1035.0
983.0
759.0
177.0
1654.0
506.0
1003.0
NaN
1060.0
853.0
729.0
499.0
NaN
437.0
1568.0
1017.0
211.0
2538.0
617.0
449.0
850.0
419.0
654.0
950.0
1726.0
591.0
1169.0
425.0
1124.0
280.0
1213.0
343.0
578.0
190.0
486.0
212.0
712.0
1812.0
1733.0
695.0
376.0
714.0
515.0
595.0
423.0
NaN
618.0
709.0
NaN
1529.0
NaN
NaN
NaN
NaN
NaN
NaN
NaN
NaN
411.0
832.0
661.0
691.0
432.0
533.0
665.0
593.0
1149.0
146.0
599.0
1022.0
525.0
241.0
1586.0
930.0
1324.0
650.0
968.0
290.0
1031.0
611.0
532.0
562.0
445.0
399.0
387.0
874.0
1173.0
1147.0
1243.0
856.0
1052.0
739.0
397.0
428.0
214.0
189.0
527.0
996.0
2017.0
656.0
1200.0
972.0
524.0
616.0
795.0
517.0
382.0
1095.0
965.0
1045.0
206.0
890.0
1797.0
1303.0
821.0
510.0
506.0
914.0
497.0
1197.0
1209.0
768.0
881.0
741.0
511.0
NaN
NaN
