43.0
NaN
NaN
NaN
129.0
96.0
182.0
71.0
350.0
1559.0
1423.0
1064.0
608.0
1501.0
768.0
201.0
103.0
231.0
133.0
89.0
695.0
1078.0
1499.0
NaN
NaN
NaN
NaN
NaN
NaN
20.0
139.0
362.0
860.0
416.0
461.0
797.0
827.0
1542.0
160.0
147.0
279.0
124.0
380.0
525.0
577.0
488.0
940.0
152.0
1280.0
1138.0
1066.0
8.0
463.0
44.0
130.0
259.0
816.0
856.0
895.0
704.0
945.0
676.0
512.0
447.0
290.0
120.0
231.0
785.0
221.0
211.0
897.0
79.0
1233.0
538.0
1559.0
116.0
465.0
123.0
343.0
295.0
242.0
685.0
1037.0
987.0
1296.0
1632.0
841.0
250.0
763.0
224.0
323.0
480.0
963.0
1692.0
681.0
1806.0
1326.0
77.0
186.0
48.0
72.0
197.0
464.0
404.0
475.0
2023.0
1078.0
665.0
708.0
74.0
206.0
84.0
420.0
101.0
271.0
443.0
1006.0
1198.0
1572.0
462.0
328.0
582.0
830.0
173.0
255.0
195.0
265.0
170.0
1393.0
982.0
2319.0
485.0
585.0
1063.0
152.0
312.0
241.0
63.0
97.0
206.0
238.0
1322.0
609.0
1729.0
338.0
524.0
750.0
752.0
404.0
105.0
148.0
377.0
596.0
1789.0
1648.0
1510.0
866.0
818.0
675.0
474.0
374.0
281.0
86.0
140.0
923.0
1093.0
794.0
155.0
1578.0
NaN
NaN
