-1.05333333333
-10.3733333333
-16.0064516129
-11.1285714286
-6.15806451613
1.68666666667
5.85666666667
15.0633333333
13.6483870968
13.3064516129
11.6066666667
8.13548387097
-1.92333333333
-5.97741935484
-15.6483870968
-13.1896551724
-7.05161290323
0.123333333333
9.18709677419
11.0733333333
14.6129032258
15.0096774194
10.0666666667
3.08709677419
-1.52333333333
-11.3935483871
-8.24516129032
-8.34642857143
0.651612903226
2.43
6.45161290323
14.5833333333
16.4290322581
15.9193548387
10.46
7.17741935484
-2.02333333333
-9.37096774194
-11.8967741935
-12.4678571429
-3.60322580645
3.26
7.12580645161
12.0766666667
15.9967741935
13.764516129
7.93333333333
4.31935483871
-0.716666666667
-6.31290322581
-9.91612903226
-10.2785714286
-8.01333333333
-0.373333333333
10.6064516129
14.2733333333
16.2161290323
15.2258064516
7.94666666667
5.32258064516
1.38666666667
-7.38064516129
-14.6451612903
-8.00689655172
-3.55161290323
2.87
6.09032258065
13.8733333333
15.6516129032
13.0
7.70333333333
0.9
-7.88333333333
-16.3096774194
-21.0967741935
-10.9678571429
-0.245161290323
4.55
11.1129032258
11.9133333333
16.9266666667
12.6806451613
11.32
3.6064516129
-1.73103448276
-11.1483870968
-15.7677419355
-16.3928571429
-8.51612903226
0.81
8.13225806452
12.59
15.1290322581
13.9612903226
12.28
3.11612903226
-2.51034482759
-11.8366666667
-20.0066666667
-17.2666666667
-4.82258064516
0.6
7.16333333333
12.5766666667
14.264516129
13.7724137931
9.03666666667
2.81
-3.55333333333
-7.55
-13.0677419355
-14.5517241379
-6.73225806452
2.31666666667
8.4064516129
12.1607142857
15.6096774194
15.89
10.4
0.663333333333
-2.82333333333
-10.2709677419
-13.4612903226
-10.1214285714
-3.80322580645
3.7
5.62258064516
13.175862069
15.0161290323
13.7580645161
8.91
2.13870967742
-1.52
-9.69032258065
-19.5517241379
-13.6541666667
-5.49666666667
-0.769230769231
11.2928571429
9.59310344828
15.7888888889
12.5448275862
9.2037037037
4.36551724138
-2.26538461538
-4.53333333333
-9.04230769231
-6.21111111111
-3.22413793103
1.16
5.72903225806
13.3333333333
17.6407407407
16.3285714286
9.15172413793
5.28148148148
-1.51153846154
-15.3448275862
-13.724137931
-5.55357142857
-6.12333333333
2.92666666667
6.10967741935
NaN
NaN
NaN
9.51333333333
5.53448275862
-2.67333333333
-8.13548387097
-16.8258064516
-14.3851851852
-1.61612903226
4.40666666667
8.93
11.1448275862
14.5566666667
13.6096774194
10.8333333333
3.09
-4.52333333333
-18.2096774194
-14.16
-11.8740740741
-4.7
2.73333333333
8.6
11.39
15.9172413793
11.4516129032
10.3766666667
3.48
-6.40740740741
-9.3935483871
-11.67
-7.54615384615
-4.18333333333
2.68666666667
8.59
13.9137931034
16.7806451613
13.3548387097
8.51428571429
1.12580645161
0.07
-5.84333333333
-14.3137931034
-13.7931034483
-3.96666666667
1.26
8.42580645161
11.8482758621
14.7965517241
14.4580645161
8.05714285714
-0.526666666667
-1.51333333333
-10.1214285714
-8.44137931034
-17.4769230769
-7.31333333333
0.703333333333
7.28275862069
11.9366666667
15.0838709677
13.3483870968
6.84137931034
1.2275862069
-7.70333333333
-18.2290322581
-10.0903225806
-12.5285714286
-3.76129032258
1.07666666667
4.39032258065
10.8666666667
12.4967741935
11.564516129
7.22
0.435483870968
-1.05666666667
-11.5741935484
-15.7322580645
-9.09642857143
-3.14838709677
4.19333333333
12.1741935484
14.3933333333
14.9419354839
14.1870967742
9.36333333333
3.72068965517
-5.34482758621
-8.72580645161
-7.83548387097
-6.19310344828
-4.27741935484
1.33666666667
7.36451612903
11.0366666667
13.0129032258
10.5166666667
8.31379310345
1.60333333333
-3.67333333333
-10.1193548387
-11.53
-12.6888888889
-6.64827586207
-0.446666666667
7.47096774194
11.5133333333
14.7548387097
14.0935483871
5.37857142857
-0.5
-4.76666666667
-9.06
-22.5548387097
-15.8083333333
-4.18
1.88275862069
7.12333333333
13.82
14.79
12.5483870968
11.724137931
4.23103448276
-1.45862068966
-7.00967741935
-12.2766666667
-12.3925925926
-4.03225806452
-0.703333333333
6.23666666667
14.424137931
16.5586206897
17.9258064516
7.31666666667
2.65806451613
-8.29655172414
-12.58
-17.6793103448
-12.7
-9.52580645161
-1.28148148148
5.19
12.8366666667
12.2677419355
13.1161290323
9.13448275862
1.95483870968
-8.41034482759
-11.1580645161
-15.4862068966
-11.1518518519
-6.23548387097
-0.596666666667
4.36333333333
13.6
15.0806451613
13.2566666667
9.67931034483
3.58064516129
-3.83333333333
-5.81333333333
-8.27419354839
-3.5
-3.13870967742
2.86666666667
10.0466666667
13.07
14.9166666667
15.5709677419
10.375862069
5.33
-0.372413793103
-6.69666666667
-14.5548387097
NaN
-4.42068965517
3.84333333333
9.20344827586
13.6413793103
18.3387096774
13.8733333333
8.47
2.29655172414
-0.527586206897
-8.23870967742
-11.8903225806
-8.07142857143
-0.983870967742
0.941379310345
9.01612903226
13.6733333333
15.2193548387
15.23
10.2766666667
5.56774193548
-2.54827586207
-16.8741935484
-12.2290322581
-12.7285714286
-6.04193548387
3.60666666667
9.51290322581
12.7961538462
16.2677419355
16.5290322581
9.24482758621
3.75161290323
2.08333333333
-4.73548387097
-7.72258064516
-7.43571428571
-7.00967741935
2.43448275862
5.68965517241
14.0655172414
17.1129032258
14.8096774194
11.0233333333
2.76896551724
-3.46
-7.5064516129
-13.7433333333
-14.4357142857
-6.04516129032
0.523333333333
7.74516129032
12.2333333333
15.0419354839
15.7967741935
9.60666666667
2.63
-2.18
-6.63548387097
-14.9451612903
-10.5714285714
-1.81
1.70333333333
6.81290322581
12.2
15.0258064516
12.5935483871
11.5933333333
5.03870967742
-0.566666666667
-8.9
-12.5466666667
-7.425
-6.87419354839
2.83333333333
6.51935483871
15.8833333333
15.9689655172
15.8258064516
11.9965517241
4.62580645161
-2.26333333333
-11.4387096774
-4.55483870968
-12.3392857143
-4.55483870968
3.81333333333
8.75806451613
12.74
16.8451612903
15.4258064516
9.37586206897
2.06774193548
-1.03448275862
-6.0064516129
-9.34193548387
-15.8961538462
-3.42258064516
0.941379310345
9.46785714286
13.85
14.764516129
16.3833333333
10.724137931
8.3037037037
-3.3275862069
-11.5967741935
-13.1
-15.0448275862
-7.16451612903
2.75
5.11612903226
13.46
15.0193548387
13.5935483871
11.5533333333
3.90967741935
-2.49666666667
-15.564516129
-18.5967741935
-11.2642857143
-5.43225806452
0.986666666667
8.35483870968
13.0766666667
12.6161290323
13.935483871
10.5033333333
2.89677419355
0.393333333333
-9.10322580645
-12.0709677419
-10.7535714286
-3.17096774194
4.37666666667
9.80322580645
14.5233333333
17.7483870968
16.5290322581
9.77
3.65483870968
-1.53666666667
-11.635483871
-13.4483870968
-12.3928571429
-6.29032258065
1.53
7.66774193548
13.83
18.1612903226
14.7806451613
9.55666666667
4.51612903226
-0.923333333333
-5.68387096774
-10.4516129032
-6.76785714286
3.31612903226
2.02666666667
10.1806451613
14.3433333333
19.2322580645
14.664516129
8.32666666667
2.33548387097
-2.31333333333
-5.19032258065
-12.8129032258
-12.9222222222
-8.84516129032
0.486666666667
8.26451612903
13.89
16.3451612903
14.8580645161
10.6533333333
4.16129032258
-3.72
-14.1
-19.0774193548
-18.4214285714
-10.1419354839
-0.106666666667
8.91612903226
15.19
14.2
15.4580645161
9.57666666667
3.83225806452
-6.22666666667
-5.63548387097
-12.3064516129
-18.4357142857
-6.55806451613
2.24
9.62258064516
12.8366666667
15.1548387097
15.0580645161
13.6033333333
5.50322580645
-0.113333333333
-1.61612903226
-11.3967741935
-7.91034482759
-2.08709677419
1.58666666667
8.23870967742
14.3166666667
17.1129032258
17.2032258065
13.5133333333
6.90322580645
1.11666666667
-9.14193548387
-8.94193548387
-6.31428571429
-4.78709677419
3.52666666667
6.76774193548
14.0148148148
15.225
13.43
NaN
NaN
