28.53
29.7935483871
30.6483870968
22.8766666667
17.3451612903
4.34137931034
0.383870967742
-2.00322580645
0.51724137931
5.54193548387
15.1866666667
19.0548387097
26.52
26.8516129032
27.9838709677
23.26
17.7096774194
3.71
-0.487096774194
-3.28064516129
1.16428571429
8.68709677419
13.5033333333
18.9225806452
27.3766666667
28.6193548387
26.2
24.09
18.1387096774
5.20666666667
1.27741935484
0.577419354839
6.39285714286
7.71935483871
15.7333333333
25.435483871
26.21
28.9258064516
28.3032258065
26.76
17.864516129
11.2066666667
5.51935483871
-3.30967741935
5.19285714286
7.91935483871
16.1133333333
23.2838709677
27.5066666667
30.964516129
26.9774193548
24.76
18.8612903226
13.9266666667
2.61290322581
-0.493548387097
5.31379310345
12.9677419355
16.0333333333
23.3161290323
25.9266666667
28.0967741935
28.7419354839
24.77
19.7096774194
6.76666666667
-5.05161290323
-1.54193548387
-0.1
6.72
19.1533333333
23.4935483871
26.5965517241
30.1193548387
28.3161290323
23.24
16.9064516129
15.09
4.26451612903
3.69032258065
4.66785714286
7.25806451613
15.6066666667
20.164516129
28.44
30.3774193548
29.1193548387
27.19
14.7322580645
7.52666666667
3.37419354839
-1.63225806452
0.385714285714
8.63548387097
17.0366666667
21.3290322581
26.5233333333
28.6866666667
30.3129032258
24.22
18.7451612903
9.42333333333
3.3
-2.68709677419
1.99655172414
10.03
18.26
23.3677419355
26.17
27.4161290323
25.3774193548
26.4
17.6741935484
10.07
2.13548387097
-1.57096774194
3.9
7.79677419355
19.6266666667
21.335483871
30.7466666667
30.2516129032
29.0516129032
27.41
19.4548387097
11.0233333333
-2.00967741935
5.27096774194
2.80714285714
8.98709677419
18.8566666667
22.4387096774
27.3966666667
30.3
28.4516129032
22.9466666667
15.5129032258
11.5366666667
4.73548387097
1.3935483871
-4.34285714286
11.664516129
14.9833333333
25.9161290323
28.48
29.1129032258
29.1032258065
27.66
21.6866666667
9.42666666667
0.203225806452
-0.429032258065
-1.86206896552
6.5
15.9466666667
21.664516129
28.06
29.0064516129
28.1774193548
24.6666666667
17.7258064516
8.83666666667
-1.5
-4.71612903226
2.6
10.064516129
15.9633333333
22.5935483871
27.2533333333
26.0064516129
26.0806451613
24.6033333333
13.3161290323
12.11
-0.667741935484
-3.71612903226
0.9
11.5838709677
20.8033333333
23.3064516129
28.0733333333
30.2870967742
29.9870967742
25.02
20.7387096774
10.7666666667
-2.58709677419
NaN
NaN
NaN
NaN
NaN
NaN
NaN
NaN
NaN
NaN
NaN
NaN
3.1
4.08275862069
17.9741935484
17.0966666667
26.6322580645
29.61
32.835483871
29.4548387097
25.0333333333
16.9064516129
10.17
4.33225806452
1.28064516129
0.667857142857
3.54193548387
14.4733333333
23.9258064516
27.4833333333
28.4387096774
28.8483870968
26.72
17.8129032258
7.13333333333
-2.05806451613
-5.08709677419
-4.6
4.2935483871
16.17
23.4451612903
27.98
27.1322580645
28.4096774194
24.3133333333
17.3806451613
5.18666666667
2.3935483871
-1.27096774194
-4.62142857143
8.45806451613
18.37
23.1129032258
26.8133333333
27.9193548387
27.5935483871
27.2966666667
18.7548387097
11.81
6.32580645161
-0.58064516129
2.93793103448
11.6225806452
16.26
23.0838709677
28.8133333333
29.1161290323
29.4290322581
26.91
20.1612903226
13.5033333333
-0.88064516129
0.803225806452
8.68214285714
9.46774193548
17.9033333333
21.2483870968
29.1
29.1709677419
26.6935483871
NaN
NaN
