NaN
21.3709677419
29.9033333333
31.8
29.2064516129
26.76
17.0225806452
7.34
-1.09333333333
-5.29333333333
-3.10740740741
8.9
17.6035714286
24.6419354839
31.5933333333
34.8580645161
30.6322580645
26.0166666667
17.98
6.81785714286
2.41612903226
-6.80344827586
-3.01785714286
5.53870967742
21.0533333333
23.6666666667
27.3433333333
31.2903225806
32.3387096774
27.9310344828
17.8032258065
4.46428571429
-0.877419354839
2.28965517241
1.3724137931
2.61
NaN
22.2548387097
25.5966666667
30.8032258065
30.4433333333
21.2133333333
13.5580645161
-1.80344827586
2.13548387097
-5.08275862069
-1.96428571429
1.17741935484
14.7033333333
22.0533333333
26.9233333333
31.0516129032
27.2903225806
30.6655172414
20.11
NaN
-4.33870967742
0.961290322581
NaN
8.7724137931
17.424137931
19.6806451613
NaN
28.5766666667
NaN
NaN
11.7225806452
NaN
-5.16333333333
-4.29333333333
-10.904
NaN
NaN
NaN
NaN
NaN
NaN
NaN
NaN
NaN
NaN
NaN
NaN
NaN
NaN
NaN
NaN
NaN
NaN
NaN
NaN
NaN
NaN
NaN
NaN
NaN
NaN
NaN
NaN
NaN
NaN
NaN
NaN
NaN
NaN
NaN
NaN
NaN
NaN
NaN
NaN
NaN
NaN
NaN
NaN
NaN
NaN
NaN
NaN
NaN
NaN
NaN
NaN
NaN
NaN
NaN
NaN
NaN
NaN
-4.78148148148
-4.54642857143
6.7
13.0766666667
24.3387096774
26.13
27.2290322581
27.1032258065
22.89
16.9161290323
14.3034482759
0.99
-6.4
-5.39259259259
10.6433333333
12.56
20.2225806452
26.1666666667
27.4419354839
30.3225806452
25.82
11.67
9.34827586207
1.8724137931
-0.19
1.46296296296
1.58965517241
17.0233333333
NaN
24.9633333333
28.3870967742
28.9451612903
23.9233333333
11.9064516129
5.32
-1.10689655172
-9.15
-1.43214285714
8.17333333333
7.70666666667
17.0967741935
24.4066666667
28.6258064516
28.9225806452
23.4233333333
16.4612903226
7.17
1.50666666667
-0.332258064516
-2.75925925926
6.77419354839
15.3466666667
19.3096774194
24.69
29.7096774194
26.7451612903
28.2633333333
NaN
NaN
NaN
-5.81666666667
-2.3962962963
2.72258064516
7.7
21.0225806452
25.6166666667
28.9935483871
31.9322580645
24.1866666667
15.1032258065
9.76
-7.83928571429
-4.42666666667
-4.66071428571
16.2967741935
18.8172413793
NaN
NaN
31.9064516129
27.8933333333
22.8466666667
18.4466666667
5.81
0.493548387097
-3.33
-0.557142857143
9.0064516129
14.8333333333
26.1580645161
33.1833333333
31.0387096774
27.1161290323
24.6133333333
12.2483870968
2.61333333333
-0.0903225806452
-12.4387096774
-3.16296296296
1.78709677419
16.4766666667
22.8967741935
25.6866666667
30.1806451613
27.2258064516
21.36
15.9870967742
8.5
-1.01935483871
NaN
-3.45357142857
2.95483870968
14.0633333333
18.8451612903
NaN
NaN
30.4161290323
25.8068965517
12.8290322581
7.72413793103
1.73333333333
-0.922580645161
-7.35555555556
NaN
11.4423076923
20.4
24.6666666667
31.4516129032
29.0580645161
24.9266666667
19.4709677419
10.6433333333
-7.47419354839
-4.19032258065
NaN
0.573333333333
19.2433333333
17.7966666667
23.7066666667
26.3483870968
26.0419354839
22.1033333333
18.8290322581
8.28620689655
-0.913333333333
NaN
-4.58620689655
6.07419354839
13.4466666667
22.1032258065
24.7766666667
32.9193548387
29.7483870968
24.2333333333
16.2516129032
8.01
-4.24516129032
-5.91935483871
-6.2962962963
3.66774193548
12.9733333333
19.264516129
25.15
29.664516129
27.764516129
23.1266666667
12.2838709677
10.5633333333
-6.14516129032
-7.5935483871
-0.625
12.2193548387
15.05
24.8419354839
28.1633333333
29.2741935484
28.7419354839
20.69
17.1838709677
7.17
2.56451612903
2.7
-2.44285714286
6.79677419355
13.13
21.5193548387
27.2933333333
31.1580645161
28.3741935484
24.1433333333
12.3096774194
3.10666666667
-5.75806451613
-4.49677419355
-1.31724137931
6.72258064516
9.76333333333
21.3709677419
27.0333333333
28.8903225806
27.0
23.6533333333
19.2870967742
5.02142857143
-1.28064516129
0.172413793103
3.85
10.4290322581
17.7033333333
22.3677419355
30.6866666667
31.6516129032
27.7903225806
23.7
18.5741935484
3.09333333333
0.858064516129
-3.98387096774
-3.15714285714
7.28064516129
15.6533333333
22.4774193548
29.1833333333
27.7
29.7483870968
25.9066666667
19.2193548387
8.01666666667
-1.43225806452
0.522580645161
-0.960714285714
3.6064516129
15.4633333333
22.2774193548
26.9366666667
30.9419354839
26.8225806452
22.9733333333
13.7677419355
9.09333333333
4.12258064516
-6.19032258065
0.8
3.08387096774
16.0933333333
18.6225806452
24.8333333333
28.4322580645
28.0806451613
20.8933333333
20.1903225806
7.54
-7.16451612903
-5.03225806452
-0.314285714286
10.1387096774
20.9133333333
22.8548387097
27.2166666667
30.4806451613
30.8258064516
26.15
8.31612903226
6.80666666667
-3.39032258065
-1.77096774194
2.5
5.78709677419
16.9833333333
26.3096774194
27.24
31.9258064516
28.9032258065
21.1533333333
15.8133333333
2.88333333333
-3.04838709677
-2.18709677419
2.00714285714
7.11290322581
13.96
19.3967741935
25.4066666667
28.4483870968
26.835483871
23.4433333333
19.1870967742
4.14
-6.88064516129
-1.52580645161
0.165517241379
8.11612903226
11.9666666667
24.2870967742
23.98
29.3516129032
28.1870967742
21.4866666667
16.5903225806
6.00333333333
2.47096774194
-9.08709677419
-6.53571428571
8.0064516129
15.89
20.7161290323
25.45
29.6516129032
29.2387096774
20.1
14.9387096774
2.69666666667
-2.80322580645
-9.31612903226
4.73928571429
8.21612903226
17.0533333333
21.3193548387
26.9633333333
32.7870967742
30.6806451613
24.3933333333
15.2161290323
9.62666666667
2.58064516129
5.36774193548
8.41428571429
8.13870967742
18.3333333333
22.1096774194
31.55
32.0290322581
29.464516129
27.8733333333
18.3967741935
8.94666666667
1.95483870968
-4.29032258065
-0.220689655172
1.21935483871
15.23
23.2677419355
27.9633333333
31.0633333333
28.6580645161
23.34
14.5064516129
4.27666666667
-2.66774193548
3.40322580645
-2.42142857143
6.03870967742
15.1
20.5677419355
33.0466666667
31.3290322581
27.1419354839
25.63
16.3064516129
8.71
0.0677419354839
-0.290322580645
1.33214285714
7.08064516129
16.2933333333
30.1129032258
29.2933333333
30.664516129
28.6612903226
21.0166666667
19.5193548387
8.38965517241
-2.90322580645
-4.26129032258
2.99285714286
9.33548387097
12.5166666667
17.3129032258
23.89
33.5129032258
29.6967741935
25.1333333333
15.7258064516
3.40666666667
-2.07741935484
-10.8580645161
-13.1862068966
6.67419354839
13.0766666667
24.8666666667
27.9
37.8741935484
33.5709677419
26.4206896552
16.6333333333
6.21666666667
0.3
-9.62258064516
-3.29642857143
4.24516129032
12.2733333333
22.3064516129
25.4766666667
31.9838709677
31.5741935484
25.3066666667
14.5935483871
5.54
-2.24193548387
-4.08387096774
-1.80357142857
9.46129032258
15.6433333333
19.3580645161
26.4466666667
30.6419354839
31.7903225806
25.7933333333
21.9193548387
6.46666666667
0.787096774194
0.290322580645
-4.44642857143
7.6
15.23
27.0258064516
27.1933333333
30.9483870968
28.1677419355
28.1266666667
16.8129032258
11.1733333333
5.50967741935
-8.49677419355
-1.88965517241
1.76774193548
13.47
22.4258064516
27.3566666667
31.3967741935
26.264516129
26.7466666667
21.3612903226
2.72666666667
-0.21935483871
-2.2064516129
-2.41071428571
3.67096774194
15.3966666667
25.4774193548
25.5633333333
30.0032258065
30.3
24.1433333333
17.0290322581
8.14333333333
2.88064516129
-1.01612903226
-1.42857142857
6.6064516129
19.3866666667
18.8129032258
24.6633333333
28.5483870968
28.0806451613
19.21
16.9967741935
8.22666666667
-3.1
-6.74333333333
2.5
4.45483870968
16.51
19.8580645161
25.83
29.9258064516
27.9838709677
21.84
17.8451612903
4.34333333333
2.99677419355
4.35806451613
0.396551724138
1.34516129032
11.0366666667
23.4709677419
26.3166666667
28.1580645161
26.8258064516
22.54
18.2870967742
6.80344827586
-1.28064516129
-2.75806451613
0.335714285714
11.3387096774
14.0533333333
18.1225806452
22.27
27.9193548387
28.4580645161
22.7733333333
18.4935483871
5.94333333333
-6.21935483871
-2.43225806452
0.557142857143
11.7193548387
18.5433333333
19.564516129
26.3466666667
29.2516129032
27.2741935484
22.1066666667
16.7
5.61333333333
1.40322580645
0.983870967742
-3.84285714286
3.47419354839
11.4066666667
19.2838709677
23.56
29.87
33.9483870968
25.6833333333
20.7741935484
2.49666666667
-0.963333333333
-3.87096774194
-1.3275862069
4.71935483871
18.42
21.6
24.66
29.6612903226
29.0290322581
26.5933333333
17.1903225806
5.68
-1.5064516129
-5.77096774194
-3.43571428571
3.96129032258
15.9233333333
23.0903225806
28.07
30.5225806452
29.03
21.34
17.4290322581
11.6866666667
0.351612903226
-7.80967741935
-1.04642857143
2.36774193548
9.17
19.4580645161
26.2533333333
25.7516129032
26.0172413793
23.76
19.0967741935
6.33666666667
-2.53548387097
-3.68333333333
1.90357142857
-1.18709677419
10.2633333333
21.4322580645
22.64
26.9935483871
25.9709677419
19.7233333333
15.1516129032
3.77333333333
-4.11935483871
-4.52903225806
1.01724137931
1.42258064516
15.8733333333
21.1032258065
28.6266666667
29.5709677419
27.5838709677
24.9433333333
16.3322580645
8.29666666667
-0.287096774194
-2.70967741935
-0.571428571429
6.19032258065
10.5321428571
21.0966666667
28.06
28.9258064516
28.6741935484
24.6666666667
21.1516129032
10.0366666667
0.148387096774
-4.74516129032
6.55714285714
2.86451612903
17.4266666667
19.2741935484
26.93
31.1129032258
27.1161290323
23.0862068966
13.5870967742
11.1433333333
0.154838709677
-1.56451612903
-3.45714285714
5.47096774194
20.8333333333
25.0566666667
24.8033333333
31.7166666667
32.5935483871
25.75
19.1709677419
2.76206896552
-5.52258064516
-5.33548387097
-3.37586206897
3.87419354839
13.3833333333
22.5548387097
31.2766666667
28.1032258065
28.1677419355
25.09
22.2161290323
6.40333333333
2.00967741935
-5.73225806452
1.60714285714
5.33870967742
15.0233333333
19.8516129032
25.64
31.6129032258
27.1483870968
21.06
14.1387096774
5.52333333333
4.06129032258
1.21290322581
-1.53571428571
4.45161290323
15.41
25.0193548387
24.7
26.8677419355
31.6709677419
25.6433333333
19.7387096774
9.24
-1.45161290323
-4.86774193548
-3.52857142857
6.48709677419
16.7066666667
21.8096774194
29.1866666667
30.3580645161
30.1225806452
22.87
13.1870967742
1.48
2.72258064516
-4.32258064516
-4.3275862069
-1.84193548387
14.5833333333
21.7483870968
24.7866666667
29.6774193548
28.9096774194
23.2233333333
17.6
8.91
-0.21935483871
-3.26129032258
0.767857142857
6.32258064516
11.8933333333
19.7967741935
26.9033333333
29.0066666667
28.9935483871
22.3133333333
18.4
6.25666666667
-3.2935483871
-4.58387096774
-3.96428571429
-0.0645161290323
14.61
23.364516129
25.26
27.2870967742
28.3
21.6433333333
18.1419354839
9.98
1.43870967742
-7.55161290323
-0.375
9.62258064516
18.0433333333
22.6866666667
29.43
29.7483870968
27.9612903226
24.7133333333
22.8161290323
11.13
-4.43225806452
1.53225806452
3.81379310345
4.06774193548
15.7666666667
24.7451612903
28.1733333333
31.235483871
26.3516129032
22.0566666667
17.7870967742
7.83
-3.0
-4.15161290323
-1.72857142857
-0.867741935484
14.5310344828
23.8193548387
26.5233333333
28.8161290323
27.9806451613
17.5466666667
19.3516129032
7.82
3.40333333333
-7.74838709677
-1.36428571429
10.4129032258
11.9466666667
22.6133333333
26.9266666667
32.1096774194
27.1580645161
22.2833333333
18.1709677419
6.69
-0.593333333333
-1.74193548387
-1.03928571429
10.4096774194
16.81
20.0566666667
25.2366666667
29.3580645161
28.3322580645
24.0137931034
18.0068965517
7.84827586207
1.04
-2.09032258065
-0.141379310345
13.6387096774
17.71
20.9966666667
29.21
28.3677419355
30.1866666667
23.2
17.8548387097
7.18666666667
-2.85333333333
-6.57096774194
-1.725
0.293548387097
16.4666666667
23.6258064516
24.4133333333
NaN
NaN
24.95
12.9387096774
6.7
-0.983870967742
-8.46129032258
0.0464285714286
2.3
14.16
22.6129032258
28.2166666667
30.6580645161
29.2806451613
23.2333333333
14.4838709677
5.01666666667
-1.21333333333
-6.61612903226
-1.76071428571
4.65483870968
17.0833333333
21.3064516129
29.4866666667
27.9096774194
30.1290322581
23.61
18.4709677419
6.98333333333
-2.59032258065
-5.85806451613
-4.04137931034
5.35483870968
12.56
21.8677419355
26.8333333333
27.7129032258
27.7129032258
22.4833333333
14.2967741935
4.23333333333
-4.39677419355
-2.50322580645
-0.582142857143
8.8064516129
14.85
20.5129032258
28.4266666667
29.1806451613
30.5064516129
21.37
19.1838709677
NaN
-3.08064516129
-4.28709677419
0.796428571429
7.41935483871
15.7433333333
20.5
27.2666666667
33.4806451613
NaN
22.38
18.3419354839
7.01
0.977419354839
-2.74193548387
-3.48928571429
1.30322580645
9.72666666667
24.3129032258
25.6666666667
31.864516129
29.1935483871
21.4433333333
19.3032258065
8.1
-2.08064516129
-3.89032258065
4.04137931034
6.24516129032
18.38
22.2806451613
29.7033333333
33.4064516129
32.0066666667
25.8133333333
14.9161290323
5.02
NaN
-9.14516129032
3.76428571429
8.77741935484
19.4133333333
26.8806451613
28.85
31.0
26.48
23.9066666667
15.7064516129
5.83214285714
-3.09677419355
-10.0516129032
NaN
4.98709677419
13.2666666667
22.9903225806
27.924137931
29.8419354839
29.1
27.6392857143
17.2322580645
6.22333333333
-3.37096774194
-10.9774193548
-7.23928571429
2.22580645161
12.4551724138
20.1903225806
27.3862068966
30.7870967742
27.264516129
25.75
16.7870967742
5.29666666667
2.85161290323
-1.15
-2.75172413793
4.76666666667
17.6233333333
24.6967741935
28.7413793103
32.8903225806
29.1387096774
25.0133333333
15.9838709677
10.6833333333
-0.516129032258
1.43870967742
3.13214285714
11.9387096774
19.7896551724
22.0967741935
28.5793103448
29.78
27.2580645161
25.8333333333
14.764516129
9.91333333333
-2.25333333333
-9.31612903226
NaN
4.87419354839
14.0566666667
22.4766666667
25.0933333333
30.8387096774
28.9032258065
22.2266666667
15.7258064516
4.31666666667
1.25
-2.12580645161
0.166666666667
4.76129032258
10.66
19.964516129
25.6633333333
32.0566666667
34.135483871
24.63
16.1935483871
5.01333333333
-11.62
-3.47741935484
2.45862068966
1.27333333333
12.7266666667
20.1258064516
26.975862069
29.7548387097
30.735483871
22.2566666667
15.9161290323
8.31
0.735483870968
-5.11290322581
-1.97142857143
NaN
17.9266666667
24.9516129032
26.1466666667
30.4806451613
26.8483870968
21.1433333333
15.9290322581
0.37
-6.81612903226
-0.641935483871
-3.08928571429
8.41935483871
16.83
22.8709677419
29.5166666667
31.9516129032
27.3064516129
22.6666666667
16.9451612903
3.75357142857
2.13870967742
1.76129032258
8.68928571429
9.16129032258
21.5066666667
NaN
29.8033333333
30.8451612903
27.0225806452
24.3866666667
14.3517241379
9.45
0.0129032258065
-6.38666666667
-4.14137931034
8.73548387097
14.5666666667
26.035483871
32.4366666667
31.0612903226
30.6096774194
24.0433333333
14.5838709677
6.92
-0.461290322581
2.20967741935
-5.96785714286
3.65483870968
15.7666666667
22.6580645161
26.76
31.264516129
28.3870967742
22.77
18.8225806452
4.65333333333
-5.47419354839
3.44193548387
2.17142857143
7.97419354839
15.66
20.0774193548
27.6233333333
28.1419354839
27.9096774194
26.2433333333
15.9516129032
8.01666666667
-3.18387096774
-6.49032258065
3.37142857143
9.3935483871
16.0266666667
21.9387096774
27.93
28.6935483871
28.4419354839
23.0266666667
15.7161290323
-0.08
-0.112903225806
0.9
1.35357142857
7.80967741935
10.6233333333
23.8
25.61
23.8967741935
24.0096774194
22.2
16.1225806452
1.94666666667
-1.88064516129
-5.6
-5.55714285714
2.1935483871
11.8933333333
19.4903225806
23.3862068966
26.4741935484
27.364516129
19.2266666667
15.5064516129
3.58666666667
-2.11935483871
-9.19333333333
-6.11071428571
7.57096774194
15.2866666667
23.8733333333
27.3655172414
26.6612903226
26.3774193548
24.1733333333
17.0193548387
8.05333333333
-1.24838709677
-4.74516129032
0.0214285714286
5.21612903226
10.0166666667
19.0161290323
26.5966666667
29.4483870968
29.9161290323
22.02
14.5193548387
2.47
-0.764516129032
-6.46451612903
-0.244827586207
2.6064516129
13.3965517241
17.6322580645
27.26
27.6096774194
27.59
21.35
17.2709677419
-0.0566666666667
-6.96333333333
-8.12258064516
-2.03928571429
4.74193548387
11.9433333333
17.764516129
28.59
29.3096774194
28.235483871
25.4633333333
18.4064516129
3.01666666667
1.04516129032
-2.70967741935
4.53333333333
2.52903225806
15.2466666667
25.3064516129
24.7566666667
28.8225806452
27.8741935484
28.5966666667
17.5838709677
7.58333333333
3.32258064516
-5.58709677419
3.93214285714
8.02580645161
14.07
22.1129032258
25.19
30.5548387097
28.5290322581
23.7433333333
17.5193548387
13.6233333333
2.98
-1.03870967742
4.60344827586
11.6133333333
15.3689655172
22.9677419355
25.825
29.0322580645
29.1866666667
24.5
17.2612903226
1.83
-8.75161290323
-2.57741935484
-6.22857142857
1.63225806452
16.1740740741
21.8129032258
26.9266666667
30.0666666667
28.8483870968
22.5866666667
16.464516129
15.7333333333
2.3064516129
2.53225806452
4.86785714286
1.52
15.6965517241
19.8870967742
29.4166666667
32.6129032258
28.4580645161
25.0366666667
11.2322580645
6.66333333333
3.27096774194
-3.24516129032
-0.85
6.82580645161
16.7433333333
20.3419354839
26.77
30.3703703704
30.9612903226
23.2866666667
18.6774193548
5.74333333333
0.254838709677
-3.69655172414
-2.88965517241
8.92580645161
18.0333333333
20.6833333333
25.5533333333
28.4903225806
26.2709677419
26.5066666667
16.9967741935
9.68
1.90967741935
-4.49032258065
4.30357142857
6.68064516129
17.4033333333
20.2193548387
28.4666666667
29.8290322581
28.3322580645
26.8333333333
18.2838709677
9.37
-3.70322580645
2.85483870968
0.782142857143
6.10967741935
17.1633333333
22.4741935484
27.7533333333
31.6612903226
28.5322580645
20.35
15.1225806452
9.05
2.94516129032
-2.74193548387
-5.58214285714
8.63225806452
13.8533333333
24.8290322581
28.1666666667
31.1258064516
28.7709677419
24.9766666667
18.635483871
7.69666666667
-3.97741935484
-5.93870967742
-5.33793103448
2.81935483871
11.9034482759
20.2566666667
26.7066666667
29.5677419355
28.4838709677
24.22
16.2096774194
6.93666666667
-4.63548387097
-5.42903225806
1.725
6.55483870968
13.5666666667
21.5451612903
25.7566666667
26.5419354839
26.7612903226
24.5733333333
10.2516129032
12.0866666667
-4.21333333333
-7.05806451613
-4.18928571429
7.18387096774
18.9066666667
21.6451612903
26.7517241379
29.5032258065
29.9
22.9413793103
19.6612903226
6.74482758621
-4.46666666667
NaN
NaN
NaN
NaN
NaN
NaN
NaN
NaN
NaN
NaN
NaN
NaN
0.536666666667
2.75357142857
15.9322580645
18.41
24.0741935484
29.05
33.1580645161
29.3774193548
25.6866666667
13.8838709677
8.22
0.21935483871
-2.77741935484
-0.982142857143
2.32903225806
9.22333333333
19.5741935484
25.6533333333
29.0516129032
27.8806451613
26.0933333333
15.1193548387
5.41333333333
-4.76451612903
-4.5
-5.12142857143
4.10322580645
14.6666666667
21.3612903226
26.3933333333
26.5258064516
26.5967741935
22.9066666667
17.3870967742
2.36666666667
-0.432258064516
-1.86451612903
-4.99642857143
10.0066666667
17.4633333333
20.6548387097
26.53
28.7774193548
26.2903225806
26.06
18.3193548387
9.30333333333
0.432258064516
-4.17419354839
0.406896551724
10.1258064516
15.2766666667
21.4709677419
28.8766666667
28.8451612903
27.9516129032
25.2233333333
17.7903225806
11.6133333333
-2.06666666667
-2.99677419355
4.89642857143
5.78709677419
15.1366666667
20.1483870968
28.2666666667
30.1677419355
25.3903225806
NaN
NaN
