89.0
44.0
10.0
65.0
86.0
603.0
653.0
474.0
299.0
2185.0
271.0
NaN
0.0
48.0
71.0
33.0
210.0
960.0
276.0
1230.0
778.0
765.0
725.0
15.0
155.0
252.0
20.0
51.0
162.0
922.0
945.0
1181.0
NaN
NaN
NaN
NaN
NaN
NaN
NaN
39.0
384.0
483.0
238.0
1075.0
1101.0
1361.0
148.0
199.0
39.0
144.0
296.0
42.0
81.0
1020.0
325.0
808.0
445.0
97.0
102.0
308.0
8.0
237.0
56.0
13.0
448.0
875.0
509.0
1428.0
747.0
596.0
813.0
338.0
59.0
318.0
292.0
135.0
140.0
465.0
1232.0
857.0
1224.0
94.0
895.0
355.0
21.0
183.0
76.0
26.0
376.0
650.0
932.0
1358.0
293.0
223.0
903.0
450.0
190.0
94.0
217.0
69.0
103.0
220.0
728.0
922.0
719.0
389.0
933.0
1927.0
127.0
112.0
231.0
112.0
180.0
429.0
711.0
300.0
1158.0
828.0
376.0
567.0
66.0
450.0
0.0
41.0
350.0
200.0
457.0
510.0
862.0
690.0
1511.0
361.0
173.0
178.0
99.0
80.0
135.0
1076.0
1066.0
362.0
1077.0
1194.0
39.0
667.0
401.0
107.0
327.0
87.0
455.0
1106.0
415.0
2006.0
612.0
368.0
327.0
407.0
170.0
15.0
247.0
96.0
378.0
315.0
206.0
677.0
173.0
234.0
163.0
61.0
81.0
11.0
189.0
364.0
389.0
255.0
1077.0
520.0
600.0
648.0
1331.0
590.0
1165.0
112.0
21.0
15.0
102.0
200.0
605.0
1197.0
780.0
1019.0
257.0
NaN
211.0
97.0
165.0
328.0
426.0
842.0
530.0
609.0
701.0
965.0
89.0
NaN
NaN
NaN
265.0
61.0
102.0
0.0
99.0
770.0
419.0
936.0
NaN
33.0
168.0
21.0
15.0
148.0
76.0
291.0
994.0
1149.0
1387.0
433.0
696.0
862.0
97.0
151.0
251.0
101.0
282.0
277.0
NaN
502.0
1471.0
632.0
325.0
1947.0
214.0
63.0
81.0
33.0
544.0
127.0
539.0
1197.0
937.0
677.0
582.0
541.0
288.0
NaN
175.0
218.0
268.0
436.0
199.0
1503.0
175.0
109.0
402.0
1730.0
61.0
181.0
13.0
10.0
188.0
142.0
2144.0
668.0
251.0
528.0
394.0
381.0
242.0
127.0
140.0
NaN
0.0
1422.0
487.0
739.0
769.0
396.0
841.0
13.0
360.0
66.0
45.0
150.0
82.0
0.0
939.0
216.0
851.0
1250.0
471.0
51.0
109.0
382.0
274.0
74.0
182.0
25.0
351.0
381.0
135.0
NaN
693.0
201.0
514.0
447.0
317.0
13.0
NaN
NaN
599.0
426.0
213.0
2460.0
450.0
13.0
164.0
16.0
18.0
94.0
457.0
541.0
274.0
1150.0
201.0
NaN
369.0
229.0
0.0
165.0
25.0
268.0
117.0
712.0
721.0
735.0
833.0
640.0
466.0
211.0
97.0
77.0
181.0
89.0
262.0
206.0
460.0
1055.0
1390.0
1108.0
633.0
41.0
193.0
188.0
110.0
35.0
213.0
282.0
532.0
1562.0
1745.0
436.0
101.0
56.0
181.0
316.0
244.0
195.0
221.0
613.0
190.0
770.0
1143.0
1106.0
623.0
818.0
226.0
72.0
192.0
180.0
757.0
175.0
640.0
431.0
1392.0
828.0
653.0
502.0
381.0
167.0
218.0
251.0
323.0
41.0
708.0
504.0
612.0
675.0
965.0
727.0
351.0
372.0
525.0
158.0
507.0
713.0
318.0
1074.0
1115.0
711.0
935.0
754.0
249.0
147.0
184.0
374.0
404.0
143.0
1625.0
1180.0
676.0
371.0
282.0
1174.0
356.0
91.0
417.0
41.0
529.0
240.0
1092.0
957.0
762.0
823.0
1494.0
122.0
0.0
64.0
115.0
236.0
143.0
102.0
681.0
2475.0
419.0
836.0
711.0
392.0
940.0
104.0
36.0
194.0
18.0
558.0
599.0
586.0
1226.0
697.0
579.0
527.0
145.0
59.0
38.0
51.0
244.0
190.0
296.0
1314.0
1392.0
607.0
221.0
246.0
34.0
165.0
87.0
31.0
116.0
204.0
1037.0
1055.0
391.0
294.0
327.0
415.0
89.0
245.0
114.0
124.0
260.0
68.0
1607.0
233.0
935.0
615.0
NaN
995.0
13.0
161.0
272.0
158.0
30.0
166.0
NaN
1583.0
683.0
1751.0
1237.0
597.0
568.0
311.0
31.0
126.0
188.0
215.0
581.0
450.0
589.0
437.0
930.0
NaN
31.0
199.0
26.0
153.0
549.0
774.0
840.0
1722.0
473.0
578.0
769.0
362.0
13.0
395.0
27.0
217.0
248.0
478.0
279.0
1388.0
1272.0
NaN
1472.0
962.0
247.0
483.0
146.0
252.0
NaN
NaN
NaN
NaN
NaN
NaN
NaN
NaN
NaN
NaN
NaN
NaN
NaN
NaN
NaN
NaN
NaN
NaN
NaN
NaN
NaN
NaN
NaN
NaN
NaN
NaN
NaN
NaN
NaN
NaN
NaN
NaN
NaN
NaN
NaN
NaN
NaN
NaN
NaN
NaN
274.0
386.0
152.0
754.0
105.0
140.0
365.0
356.0
293.0
526.0
1285.0
1496.0
372.0
353.0
930.0
930.0
43.0
329.0
223.0
15.0
50.0
997.0
522.0
1532.0
598.0
811.0
439.0
147.0
211.0
170.0
83.0
109.0
97.0
281.0
1588.0
1145.0
1303.0
290.0
153.0
394.0
431.0
297.0
470.0
45.0
27.0
492.0
578.0
618.0
1679.0
779.0
750.0
513.0
366.0
369.0
255.0
153.0
153.0
318.0
231.0
680.0
339.0
300.0
NaN
NaN
