3651.0
1234.0
585.0
765.0
506.0
732.0
661.0
341.0
771.0
163.0
1639.0
959.0
468.0
979.0
1468.0
417.0
489.0
457.0
622.0
1318.0
550.0
1870.0
665.0
599.0
477.0
1107.0
714.0
994.0
96.0
20.0
342.0
445.0
704.0
315.0
994.0
1052.0
546.0
957.0
952.0
1293.0
717.0
719.0
375.0
641.0
386.0
1133.0
468.0
910.0
400.0
595.0
2000.0
587.0
381.0
1410.0
907.0
1497.0
56.0
1083.0
736.0
833.0
1357.0
1646.0
531.0
1294.0
240.0
577.0
987.0
359.0
1582.0
924.0
1131.0
2051.0
219.0
555.0
282.0
455.0
84.0
713.0
410.0
731.0
1751.0
447.0
1640.0
1078.0
1063.0
1542.0
1342.0
592.0
534.0
882.0
918.0
760.0
473.0
118.0
625.0
1368.0
440.0
1183.0
567.0
1301.0
NaN
216.0
525.0
772.0
501.0
582.0
1131.0
574.0
478.0
869.0
741.0
1851.0
1064.0
901.0
434.0
435.0
537.0
826.0
1466.0
986.0
853.0
1683.0
1397.0
541.0
458.0
756.0
179.0
1577.0
371.0
1769.0
639.0
507.0
815.0
656.0
1307.0
622.0
941.0
841.0
316.0
554.0
664.0
514.0
685.0
1091.0
457.0
386.0
577.0
414.0
823.0
157.0
649.0
601.0
672.0
321.0
582.0
1094.0
592.0
2004.0
889.0
1752.0
256.0
381.0
499.0
1664.0
128.0
474.0
385.0
1518.0
1345.0
617.0
635.0
465.0
848.0
529.0
731.0
247.0
143.0
935.0
1086.0
1205.0
1691.0
650.0
714.0
311.0
944.0
87.0
203.0
675.0
533.0
309.0
1423.0
1021.0
1805.0
596.0
983.0
1065.0
1053.0
485.0
1167.0
150.0
544.0
973.0
500.0
789.0
951.0
285.0
651.0
735.0
1266.0
NaN
85.0
322.0
98.0
1044.0
1584.0
810.0
255.0
637.0
NaN
NaN
463.0
NaN
NaN
552.0
198.0
1349.0
993.0
254.0
656.0
627.0
1288.0
1291.0
721.0
1363.0
458.0
NaN
463.0
1581.0
1443.0
787.0
223.0
1005.0
302.0
NaN
NaN
523.0
443.0
420.0
298.0
1103.0
562.0
1856.0
646.0
896.0
957.0
975.0
1207.0
460.0
1384.0
538.0
534.0
892.0
723.0
973.0
2238.0
246.0
NaN
846.0
186.0
183.0
1588.0
140.0
229.0
1122.0
454.0
56.0
707.0
617.0
880.0
1183.0
614.0
705.0
383.0
670.0
676.0
720.0
987.0
640.0
472.0
841.0
2239.0
3070.0
1530.0
554.0
289.0
416.0
496.0
1067.0
1918.0
1910.0
1096.0
513.0
585.0
1584.0
744.0
1875.0
1039.0
453.0
500.0
244.0
488.0
544.0
1608.0
1005.0
503.0
666.0
677.0
528.0
468.0
781.0
125.0
633.0
1433.0
1674.0
1192.0
1032.0
530.0
340.0
1046.0
498.0
755.0
1379.0
403.0
407.0
1161.0
537.0
542.0
505.0
613.0
676.0
417.0
713.0
54.0
94.0
231.0
428.0
859.0
1140.0
1267.0
2385.0
1057.0
1371.0
779.0
862.0
479.0
593.0
534.0
476.0
368.0
308.0
729.0
829.0
1442.0
826.0
967.0
773.0
975.0
506.0
309.0
998.0
1113.0
1907.0
188.0
211.0
412.0
1576.0
940.0
219.0
388.0
409.0
152.0
837.0
406.0
181.0
779.0
503.0
1417.0
1837.0
238.0
1506.0
481.0
599.0
349.0
1180.0
508.0
1616.0
1337.0
1627.0
276.0
1033.0
468.0
1283.0
348.0
318.0
550.0
336.0
812.0
737.0
48.0
423.0
909.0
1201.0
1203.0
754.0
826.0
1326.0
381.0
252.0
1623.0
646.0
1433.0
476.0
576.0
998.0
799.0
376.0
517.0
294.0
1161.0
1470.0
716.0
1256.0
1393.0
1339.0
725.0
1001.0
442.0
498.0
426.0
727.0
802.0
1103.0
1656.0
668.0
1801.0
1798.0
683.0
163.0
1225.0
378.0
265.0
329.0
333.0
666.0
1053.0
1556.0
1237.0
238.0
455.0
155.0
470.0
1130.0
536.0
353.0
196.0
342.0
828.0
808.0
825.0
1333.0
832.0
368.0
2339.0
715.0
371.0
516.0
975.0
1300.0
695.0
1104.0
1183.0
976.0
912.0
855.0
613.0
1637.0
512.0
315.0
271.0
952.0
756.0
2564.0
934.0
1196.0
912.0
478.0
487.0
768.0
150.0
69.0
768.0
702.0
1565.0
1034.0
1314.0
261.0
897.0
352.0
254.0
418.0
339.0
129.0
346.0
1499.0
893.0
1328.0
838.0
318.0
756.0
1671.0
701.0
606.0
621.0
312.0
597.0
976.0
328.0
1274.0
2421.0
559.0
357.0
330.0
1359.0
894.0
431.0
570.0
31.0
523.0
1701.0
659.0
1590.0
313.0
1124.0
993.0
872.0
558.0
590.0
310.0
550.0
1107.0
490.0
955.0
1252.0
1280.0
239.0
630.0
279.0
812.0
811.0
1595.0
738.0
520.0
524.0
1134.0
756.0
1628.0
202.0
368.0
1630.0
301.0
1254.0
1800.0
916.0
421.0
1140.0
750.0
1556.0
449.0
871.0
1375.0
511.0
747.0
391.0
623.0
983.0
931.0
912.0
924.0
1334.0
1285.0
668.0
660.0
1080.0
686.0
669.0
428.0
442.0
835.0
1232.0
1350.0
1800.0
432.0
1215.0
518.0
244.0
489.0
396.0
587.0
424.0
1252.0
392.0
1120.0
691.0
1804.0
233.0
251.0
398.0
230.0
288.0
583.0
617.0
640.0
864.0
434.0
986.0
642.0
787.0
28.0
1413.0
209.0
404.0
610.0
428.0
729.0
687.0
1100.0
618.0
887.0
599.0
583.0
1479.0
459.0
101.0
193.0
658.0
655.0
668.0
1157.0
726.0
1214.0
410.0
294.0
130.0
438.0
528.0
457.0
322.0
344.0
1810.0
1264.0
1545.0
1281.0
538.0
831.0
1089.0
715.0
1112.0
310.0
116.0
246.0
564.0
337.0
2360.0
1384.0
659.0
819.0
201.0
1248.0
84.0
757.0
750.0
929.0
1076.0
824.0
111.0
974.0
443.0
1088.0
1176.0
742.0
501.0
299.0
846.0
269.0
1138.0
671.0
1683.0
655.0
628.0
832.0
665.0
423.0
277.0
83.0
437.0
1033.0
1159.0
891.0
893.0
1263.0
353.0
1429.0
545.0
772.0
509.0
925.0
516.0
620.0
558.0
1861.0
821.0
2402.0
632.0
1065.0
578.0
239.0
54.0
169.0
325.0
1477.0
1030.0
422.0
427.0
1184.0
460.0
120.0
174.0
551.0
138.0
357.0
183.0
865.0
2027.0
166.0
1989.0
1050.0
756.0
573.0
79.0
687.0
360.0
1056.0
413.0
386.0
1141.0
1182.0
441.0
544.0
1131.0
2670.0
677.0
216.0
851.0
46.0
395.0
575.0
1250.0
819.0
707.0
258.0
742.0
1318.0
214.0
1231.0
1138.0
643.0
235.0
506.0
1018.0
1077.0
817.0
514.0
511.0
282.0
1054.0
520.0
1778.0
460.0
493.0
437.0
1032.0
1644.0
1121.0
1415.0
1341.0
997.0
206.0
1202.0
561.0
845.0
96.0
456.0
1742.0
747.0
863.0
728.0
264.0
1225.0
1248.0
693.0
214.0
104.0
152.0
503.0
1792.0
1462.0
799.0
1315.0
926.0
2390.0
780.0
447.0
197.0
170.0
884.0
410.0
239.0
829.0
856.0
1965.0
615.0
968.0
264.0
280.0
1318.0
244.0
155.0
518.0
1252.0
500.0
1342.0
743.0
1238.0
1610.0
501.0
1059.0
1047.0
334.0
150.0
1251.0
1267.0
810.0
1703.0
1510.0
485.0
439.0
1073.0
684.0
947.0
599.0
613.0
829.0
793.0
2089.0
1223.0
344.0
1304.0
821.0
528.0
927.0
487.0
1018.0
501.0
553.0
738.0
721.0
816.0
812.0
1788.0
445.0
331.0
841.0
607.0
284.0
706.0
1027.0
293.0
561.0
1427.0
327.0
455.0
704.0
895.0
147.0
71.0
152.0
131.0
1136.0
553.0
977.0
275.0
1639.0
3016.0
1094.0
1524.0
369.0
710.0
278.0
51.0
475.0
704.0
1280.0
563.0
1186.0
661.0
237.0
460.0
554.0
605.0
719.0
193.0
1067.0
1385.0
629.0
643.0
1672.0
1345.0
0.0
227.0
814.0
356.0
191.0
356.0
1167.0
424.0
364.0
1763.0
330.0
945.0
854.0
340.0
170.0
460.0
66.0
637.0
101.0
1772.0
1611.0
779.0
1755.0
1891.0
1308.0
653.0
349.0
374.0
913.0
323.0
943.0
843.0
1426.0
1009.0
790.0
858.0
295.0
582.0
1089.0
981.0
150.0
292.0
608.0
1380.0
1204.0
1074.0
214.0
1215.0
186.0
1337.0
968.0
979.0
156.0
484.0
917.0
746.0
1795.0
402.0
689.0
520.0
524.0
1258.0
859.0
764.0
537.0
919.0
943.0
488.0
695.0
674.0
1115.0
1850.0
241.0
1132.0
2092.0
497.0
20.0
480.0
265.0
438.0
NaN
1475.0
790.0
384.0
867.0
733.0
436.0
280.0
368.0
26.0
350.0
893.0
750.0
1223.0
735.0
1630.0
477.0
257.0
989.0
1206.0
330.0
292.0
851.0
574.0
280.0
44.0
509.0
480.0
1058.0
1108.0
1354.0
658.0
284.0
296.0
453.0
1050.0
978.0
420.0
514.0
427.0
1001.0
376.0
449.0
154.0
293.0
1560.0
1381.0
605.0
1706.0
1339.0
1679.0
707.0
368.0
1509.0
831.0
1596.0
337.0
82.0
1160.0
680.0
1125.0
282.0
234.0
557.0
341.0
1682.0
814.0
389.0
264.0
391.0
662.0
631.0
284.0
838.0
2131.0
568.0
894.0
450.0
1521.0
553.0
972.0
363.0
657.0
1509.0
790.0
1599.0
2235.0
680.0
2134.0
1047.0
888.0
492.0
387.0
140.0
444.0
2622.0
675.0
1194.0
816.0
841.0
789.0
549.0
1132.0
478.0
587.0
51.0
858.0
1035.0
1972.0
508.0
465.0
1051.0
472.0
1281.0
642.0
144.0
330.0
139.0
302.0
603.0
1645.0
1178.0
557.0
330.0
341.0
493.0
738.0
462.0
528.0
859.0
654.0
354.0
1626.0
1986.0
810.0
988.0
234.0
437.0
467.0
414.0
506.0
289.0
1612.0
926.0
1268.0
2516.0
1622.0
519.0
251.0
1024.0
267.0
275.0
641.0
443.0
383.0
1448.0
658.0
1114.0
530.0
709.0
823.0
421.0
150.0
405.0
322.0
511.0
310.0
561.0
1080.0
1150.0
1447.0
727.0
935.0
709.0
735.0
NaN
155.0
1004.0
147.0
748.0
1067.0
897.0
1392.0
1406.0
720.0
2254.0
465.0
691.0
586.0
807.0
696.0
962.0
1076.0
792.0
1988.0
2571.0
369.0
475.0
243.0
255.0
399.0
727.0
201.0
734.0
1350.0
936.0
2372.0
2101.0
907.0
465.0
1125.0
487.0
416.0
225.0
1661.0
358.0
1592.0
2942.0
1140.0
2849.0
66.0
1069.0
1448.0
379.0
1293.0
497.0
157.0
685.0
300.0
1082.0
1872.0
492.0
1417.0
638.0
585.0
421.0
444.0
285.0
510.0
1406.0
2564.0
776.0
1227.0
968.0
430.0
818.0
967.0
731.0
752.0
774.0
1256.0
1171.0
803.0
1280.0
815.0
1133.0
465.0
1094.0
1024.0
835.0
987.0
1095.0
524.0
477.0
1476.0
1429.0
1275.0
447.0
2155.0
642.0
323.0
983.0
114.0
630.0
343.0
1396.0
1486.0
743.0
573.0
979.0
133.0
1798.0
689.0
458.0
310.0
377.0
833.0
501.0
1138.0
1677.0
624.0
892.0
827.0
266.0
965.0
489.0
170.0
762.0
485.0
1960.0
1311.0
906.0
563.0
538.0
929.0
378.0
977.0
633.0
483.0
307.0
429.0
796.0
1032.0
315.0
1123.0
2140.0
826.0
1519.0
309.0
641.0
783.0
543.0
293.0
1940.0
1516.0
898.0
610.0
287.0
514.0
1039.0
531.0
603.0
395.0
603.0
417.0
787.0
832.0
2571.0
1040.0
682.0
1339.0
1020.0
614.0
490.0
408.0
325.0
538.0
688.0
1584.0
1941.0
2091.0
529.0
2982.0
377.0
816.0
1662.0
291.0
176.0
1097.0
866.0
792.0
611.0
1535.0
1463.0
785.0
357.0
729.0
291.0
740.0
265.0
735.0
1373.0
2152.0
1325.0
558.0
1801.0
525.0
NaN
