NaN
-6.7
-3.3
-2.8
NaN
-12.2
-12.8
-12.2
-11.1
-9.4
-5.6
NaN
-3.9
-2.2
-1.1
NaN
4.4
7.2
NaN
-3.3
-2.8
-2.2
-3.9
-2.8
-3.3
-2.2
-2.2
-2.8
-1.7
-1.1
0.0
-13.9
-12.2
-11.1
-10.0
-11.1
-8.9
-8.9
-7.8
-10.0
-7.8
-2.2
4.4
-11.1
-8.3
-5.6
-1.1
-2.2
0.0
2.2
7.8
1.1
NaN
NaN
-6.7
-2.8
-2.2
0.0
-1.1
28.9
25.6
25.0
22.8
NaN
8.9
5.6
6.1
6.1
11.7
19.4
18.3
11.1
18.3
10.6
7.8
2.2
11.1
2.2
1.1
1.7
3.3
4.4
4.4
0.6
0.0
1.7
10.0
10.0
5.6
NaN
-2.2
-3.9
-7.2
-8.9
-6.1
-6.7
-6.7
-12.2
NaN
-2.2
-2.2
-6.7
-2.2
-3.3
-1.1
0.0
0.0
NaN
-2.8
-5.0
-5.0
-4.4
-13.3
-9.4
-11.1
-14.4
-14.4
-14.4
-12.2
-11.7
-10.6
24.4
25.6
20.0
24.4
26.7
23.3
22.2
24.4
21.1
21.1
23.3
25.0
27.8
22.2
21.1
20.0
21.1
28.9
30.0
24.4
23.3
22.2
26.1
25.6
25.6
21.1
22.2
24.4
20.0
22.8
24.4
