941.0
807.0
577.0
614.0
193.0
142.0
157.0
280.0
279.0
88.0
153.0
439.0
499.0
590.0
NaN
485.0
112.0
51.0
191.0
139.0
177.0
76.0
204.0
680.0
562.0
670.0
452.0
605.0
113.0
69.0
160.0
152.0
50.0
189.0
102.0
255.0
577.0
139.0
NaN
NaN
NaN
242.0
NaN
0.0
NaN
NaN
NaN
NaN
NaN
NaN
NaN
NaN
NaN
NaN
NaN
102.0
89.0
25.0
368.0
242.0
1072.0
NaN
NaN
NaN
NaN
NaN
NaN
NaN
NaN
NaN
NaN
NaN
NaN
NaN
NaN
NaN
NaN
NaN
NaN
NaN
NaN
NaN
NaN
NaN
NaN
NaN
NaN
NaN
NaN
NaN
NaN
NaN
NaN
NaN
NaN
NaN
NaN
NaN
NaN
NaN
NaN
NaN
NaN
NaN
NaN
NaN
NaN
NaN
NaN
NaN
NaN
NaN
NaN
NaN
NaN
NaN
NaN
NaN
NaN
NaN
NaN
NaN
NaN
NaN
NaN
NaN
NaN
NaN
NaN
NaN
NaN
NaN
NaN
NaN
NaN
NaN
NaN
NaN
NaN
NaN
NaN
NaN
NaN
NaN
NaN
NaN
NaN
NaN
NaN
NaN
NaN
NaN
NaN
NaN
NaN
NaN
NaN
NaN
NaN
NaN
NaN
NaN
NaN
NaN
NaN
NaN
NaN
NaN
NaN
NaN
NaN
NaN
NaN
NaN
NaN
NaN
NaN
NaN
NaN
NaN
NaN
NaN
NaN
NaN
NaN
NaN
176.0
150.0
191.0
117.0
NaN
784.0
567.0
671.0
145.0
584.0
239.0
356.0
3.0
45.0
33.0
55.0
295.0
177.0
1263.0
133.0
287.0
738.0
257.0
56.0
89.0
48.0
0.0
8.0
92.0
76.0
122.0
616.0
156.0
NaN
NaN
NaN
NaN
NaN
NaN
126.0
63.0
334.0
513.0
655.0
602.0
150.0
0.0
51.0
122.0
36.0
157.0
111.0
0.0
215.0
101.0
49.0
112.0
63.0
120.0
142.0
166.0
11.0
173.0
131.0
460.0
217.0
543.0
1211.0
428.0
25.0
134.0
41.0
63.0
33.0
97.0
64.0
106.0
210.0
971.0
581.0
426.0
157.0
292.0
38.0
142.0
25.0
NaN
211.0
NaN
131.0
158.0
1078.0
115.0
273.0
NaN
344.0
0.0
13.0
26.0
173.0
573.0
635.0
276.0
599.0
732.0
239.0
206.0
401.0
81.0
31.0
23.0
54.0
171.0
573.0
977.0
1578.0
244.0
153.0
835.0
155.0
30.0
20.0
5.0
43.0
157.0
692.0
777.0
869.0
725.0
361.0
351.0
79.0
107.0
24.0
381.0
89.0
196.0
44.0
362.0
1761.0
543.0
630.0
109.0
359.0
273.0
66.0
584.0
138.0
387.0
338.0
237.0
2511.0
480.0
NaN
NaN
NaN
669.0
50.0
162.0
59.0
390.0
NaN
597.0
NaN
226.0
0.0
449.0
0.0
86.0
102.0
10.0
26.0
377.0
NaN
1110.0
976.0
498.0
NaN
1023.0
1025.0
13.0
124.0
NaN
NaN
NaN
NaN
NaN
1744.0
5.0
308.0
124.0
681.0
91.0
0.0
158.0
137.0
0.0
328.0
349.0
NaN
906.0
389.0
71.0
NaN
NaN
NaN
NaN
NaN
NaN
NaN
277.0
122.0
285.0
462.0
308.0
542.0
0.0
26.0
175.0
244.0
691.0
358.0
416.0
321.0
206.0
252.0
473.0
208.0
59.0
23.0
73.0
25.0
NaN
NaN
415.0
658.0
283.0
1041.0
328.0
NaN
0.0
233.0
28.0
285.0
104.0
0.0
533.0
771.0
550.0
411.0
0.0
0.0
0.0
3.0
125.0
153.0
503.0
645.0
932.0
1410.0
481.0
755.0
79.0
241.0
71.0
5.0
63.0
61.0
462.0
89.0
1007.0
750.0
572.0
623.0
140.0
158.0
15.0
19.0
29.0
30.0
14.0
257.0
547.0
443.0
547.0
330.0
537.0
25.0
199.0
111.0
197.0
11.0
71.0
195.0
626.0
304.0
1227.0
457.0
142.0
79.0
218.0
26.0
16.0
18.0
71.0
406.0
879.0
1732.0
299.0
1247.0
205.0
346.0
197.0
0.0
44.0
192.0
121.0
541.0
150.0
1345.0
585.0
292.0
150.0
89.0
194.0
64.0
47.0
249.0
39.0
177.0
599.0
511.0
196.0
276.0
553.0
112.0
68.0
16.0
NaN
15.0
163.0
64.0
842.0
584.0
431.0
471.0
211.0
79.0
120.0
76.0
0.0
38.0
168.0
254.0
490.0
361.0
639.0
326.0
737.0
NaN
25.0
NaN
117.0
89.0
127.0
290.0
2200.0
586.0
563.0
202.0
324.0
NaN
173.0
NaN
52.0
246.0
132.0
546.0
160.0
1208.0
708.0
549.0
323.0
NaN
112.0
6.0
NaN
0.0
51.0
432.0
NaN
1479.0
573.0
676.0
48.0
84.0
NaN
50.0
150.0
NaN
58.0
NaN
NaN
900.0
633.0
479.0
410.0
8.0
46.0
79.0
49.0
127.0
5.0
524.0
351.0
656.0
994.0
1240.0
437.0
188.0
176.0
92.0
185.0
229.0
117.0
1313.0
538.0
1083.0
82.0
50.0
613.0
232.0
66.0
155.0
81.0
26.0
87.0
203.0
280.0
1387.0
522.0
504.0
417.0
0.0
198.0
201.0
46.0
227.0
123.0
556.0
660.0
1536.0
1179.0
46.0
0.0
78.0
13.0
142.0
122.0
43.0
127.0
1563.0
1109.0
832.0
557.0
410.0
276.0
156.0
583.0
213.0
239.0
140.0
155.0
705.0
550.0
667.0
379.0
61.0
806.0
717.0
188.0
289.0
155.0
134.0
101.0
417.0
1138.0
331.0
199.0
111.0
104.0
498.0
5.0
480.0
13.0
178.0
722.0
592.0
749.0
831.0
384.0
143.0
665.0
494.0
191.0
92.0
0.0
21.0
260.0
600.0
863.0
292.0
597.0
3.0
91.0
213.0
61.0
18.0
81.0
168.0
985.0
1226.0
675.0
1041.0
58.0
NaN
NaN
NaN
NaN
NaN
NaN
NaN
NaN
NaN
NaN
NaN
NaN
152.0
185.0
25.0
51.0
55.0
209.0
177.0
490.0
124.0
311.0
460.0
1068.0
527.0
1063.0
389.0
418.0
265.0
75.0
205.0
177.0
843.0
510.0
635.0
733.0
160.0
NaN
0.0
NaN
0.0
152.0
392.0
87.0
272.0
274.0
524.0
767.0
414.0
25.0
99.0
51.0
20.0
25.0
224.0
160.0
188.0
64.0
441.0
244.0
811.0
43.0
531.0
13.0
18.0
34.0
0.0
0.0
76.0
533.0
721.0
610.0
1009.0
528.0
147.0
66.0
96.0
122.0
28.0
660.0
556.0
1846.0
358.0
378.0
291.0
370.0
1392.0
71.0
160.0
58.0
18.0
330.0
258.0
729.0
924.0
630.0
745.0
88.0
494.0
79.0
256.0
25.0
40.0
207.0
901.0
152.0
1339.0
131.0
541.0
379.0
58.0
135.0
152.0
18.0
0.0
384.0
310.0
699.0
449.0
216.0
436.0
239.0
229.0
278.0
300.0
206.0
177.0
198.0
1345.0
1150.0
348.0
945.0
170.0
654.0
262.0
191.0
0.0
0.0
206.0
590.0
63.0
1257.0
432.0
353.0
337.0
173.0
28.0
56.0
28.0
45.0
150.0
420.0
249.0
261.0
626.0
109.0
112.0
170.0
0.0
46.0
41.0
68.0
46.0
1006.0
1040.0
538.0
621.0
1097.0
379.0
384.0
495.0
271.0
96.0
104.0
36.0
68.0
447.0
391.0
461.0
160.0
28.0
48.0
252.0
13.0
35.0
58.0
175.0
229.0
621.0
863.0
424.0
325.0
NaN
64.0
429.0
87.0
0.0
13.0
18.0
102.0
252.0
692.0
1397.0
1333.0
264.0
307.0
96.0
238.0
110.0
325.0
132.0
418.0
289.0
408.0
1477.0
2365.0
181.0
137.0
0.0
64.0
285.0
262.0
90.0
150.0
542.0
23.0
717.0
710.0
193.0
293.0
1040.0
NaN
61.0
38.0
5.0
223.0
554.0
1350.0
786.0
571.0
437.0
159.0
711.0
109.0
0.0
222.0
NaN
284.0
239.0
1850.0
451.0
391.0
475.0
946.0
371.0
381.0
479.0
393.0
18.0
112.0
1188.0
536.0
1057.0
484.0
406.0
387.0
245.0
36.0
0.0
119.0
597.0
235.0
147.0
384.0
1034.0
277.0
637.0
211.0
1156.0
262.0
89.0
198.0
76.0
48.0
774.0
742.0
1367.0
663.0
1132.0
254.0
287.0
0.0
56.0
96.0
201.0
376.0
590.0
893.0
501.0
716.0
30.0
84.0
317.0
339.0
107.0
124.0
153.0
71.0
595.0
563.0
898.0
1269.0
58.0
351.0
252.0
20.0
0.0
172.0
18.0
71.0
206.0
310.0
348.0
721.0
NaN
155.0
201.0
0.0
89.0
231.0
174.0
663.0
419.0
803.0
442.0
369.0
15.0
665.0
211.0
251.0
76.0
NaN
321.0
102.0
145.0
574.0
361.0
810.0
518.0
475.0
597.0
0.0
36.0
28.0
NaN
147.0
224.0
NaN
752.0
828.0
495.0
241.0
487.0
187.0
258.0
152.0
26.0
573.0
367.0
175.0
NaN
116.0
422.0
857.0
165.0
38.0
0.0
203.0
177.0
325.0
316.0
1709.0
569.0
239.0
516.0
43.0
112.0
41.0
98.0
13.0
NaN
198.0
358.0
1033.0
1247.0
168.0
627.0
160.0
648.0
600.0
213.0
92.0
437.0
589.0
364.0
404.0
827.0
595.0
291.0
86.0
716.0
0.0
388.0
28.0
127.0
221.0
486.0
1418.0
554.0
736.0
687.0
714.0
196.0
92.0
81.0
NaN
NaN
NaN
NaN
NaN
NaN
NaN
NaN
NaN
135.0
152.0
NaN
NaN
206.0
135.0
691.0
700.0
127.0
593.0
249.0
0.0
137.0
53.0
84.0
18.0
16.0
61.0
295.0
1492.0
589.0
302.0
745.0
1345.0
1478.0
35.0
196.0
103.0
126.0
244.0
447.0
384.0
2049.0
222.0
828.0
462.0
76.0
77.0
53.0
31.0
87.0
63.0
271.0
1650.0
677.0
470.0
807.0
155.0
343.0
26.0
132.0
13.0
127.0
109.0
853.0
243.0
140.0
691.0
259.0
379.0
147.0
284.0
292.0
95.0
21.0
76.0
455.0
170.0
621.0
362.0
204.0
NaN
NaN
