0.0
0.0
0.0
0.0
8.0
0.0
13.0
0.0
0.0
0.0
0.0
0.0
0.0
0.0
0.0
0.0
51.0
46.0
0.0
0.0
0.0
0.0
0.0
0.0
0.0
0.0
8.0
0.0
0.0
0.0
0.0
0.0
0.0
0.0
3.0
0.0
0.0
0.0
0.0
0.0
0.0
0.0
0.0
0.0
0.0
0.0
0.0
0.0
0.0
0.0
0.0
0.0
10.0
33.0
0.0
0.0
0.0
0.0
0.0
0.0
0.0
0.0
23.0
58.0
183.0
8.0
0.0
0.0
0.0
0.0
8.0
0.0
0.0
0.0
0.0
0.0
0.0
0.0
0.0
0.0
8.0
0.0
0.0
0.0
0.0
0.0
0.0
0.0
0.0
0.0
0.0
0.0
0.0
0.0
0.0
0.0
0.0
0.0
0.0
0.0
0.0
0.0
0.0
0.0
0.0
0.0
0.0
0.0
0.0
0.0
0.0
0.0
0.0
0.0
0.0
0.0
0.0
0.0
0.0
0.0
0.0
0.0
0.0
0.0
0.0
0.0
0.0
0.0
0.0
8.0
0.0
0.0
0.0
15.0
0.0
0.0
0.0
0.0
0.0
0.0
0.0
0.0
0.0
0.0
0.0
0.0
0.0
0.0
0.0
0.0
0.0
0.0
0.0
0.0
0.0
0.0
0.0
0.0
0.0
86.0
0.0
0.0
0.0
69.0
20.0
0.0
0.0
0.0
0.0
0.0
0.0
74.0
0.0
0.0
10.0
0.0
0.0
0.0
0.0
0.0
267.0
0.0
0.0
0.0
0.0
53.0
13.0
51.0
0.0
0.0
0.0
127.0
0.0
0.0
0.0
0.0
140.0
13.0
0.0
0.0
0.0
523.0
48.0
71.0
0.0
0.0
0.0
0.0
0.0
0.0
76.0
13.0
0.0
3.0
0.0
0.0
0.0
43.0
58.0
0.0
0.0
0.0
0.0
46.0
188.0
5.0
0.0
0.0
18.0
23.0
0.0
119.0
8.0
0.0
170.0
0.0
0.0
0.0
10.0
69.0
0.0
0.0
0.0
0.0
0.0
0.0
122.0
0.0
30.0
0.0
0.0
38.0
94.0
0.0
61.0
25.0
0.0
0.0
0.0
0.0
8.0
0.0
0.0
0.0
0.0
0.0
0.0
0.0
13.0
0.0
18.0
0.0
0.0
0.0
0.0
0.0
0.0
0.0
0.0
0.0
0.0
13.0
0.0
0.0
0.0
0.0
18.0
0.0
0.0
0.0
94.0
0.0
142.0
0.0
0.0
0.0
0.0
0.0
0.0
0.0
0.0
0.0
0.0
0.0
0.0
0.0
0.0
10.0
38.0
196.0
0.0
0.0
0.0
0.0
0.0
112.0
0.0
0.0
0.0
0.0
0.0
0.0
0.0
0.0
0.0
0.0
0.0
0.0
0.0
0.0
0.0
0.0
0.0
0.0
0.0
0.0
8.0
0.0
0.0
0.0
114.0
13.0
0.0
0.0
0.0
0.0
69.0
0.0
0.0
0.0
0.0
0.0
51.0
15.0
0.0
0.0
0.0
0.0
0.0
0.0
0.0
0.0
0.0
0.0
0.0
0.0
0.0
0.0
0.0
0.0
0.0
0.0
0.0
0.0
0.0
0.0
0.0
0.0
0.0
0.0
0.0
0.0
0.0
0.0
0.0
0.0
0.0
0.0
0.0
0.0
0.0
0.0
0.0
0.0
0.0
0.0
0.0
0.0
0.0
0.0
0.0
0.0
13.0
0.0
0.0
8.0
0.0
0.0
0.0
0.0
0.0
0.0
0.0
0.0
10.0
0.0
0.0
0.0
5.0
0.0
0.0
0.0
0.0
0.0
0.0
0.0
0.0
0.0
0.0
0.0
5.0
0.0
0.0
0.0
0.0
0.0
0.0
0.0
0.0
0.0
0.0
0.0
0.0
30.0
0.0
0.0
0.0
0.0
0.0
0.0
0.0
0.0
0.0
0.0
0.0
0.0
0.0
0.0
0.0
0.0
0.0
0.0
0.0
0.0
13.0
0.0
0.0
0.0
8.0
0.0
0.0
0.0
0.0
0.0
0.0
0.0
0.0
0.0
0.0
0.0
0.0
0.0
0.0
0.0
0.0
0.0
0.0
0.0
0.0
0.0
0.0
0.0
0.0
0.0
13.0
5.0
0.0
0.0
0.0
0.0
0.0
0.0
13.0
0.0
36.0
0.0
0.0
0.0
0.0
0.0
58.0
0.0
0.0
0.0
0.0
0.0
0.0
0.0
71.0
0.0
0.0
0.0
0.0
0.0
0.0
155.0
0.0
0.0
0.0
0.0
0.0
0.0
0.0
0.0
0.0
0.0
0.0
0.0
0.0
0.0
0.0
0.0
0.0
76.0
NaN
NaN
0.0
0.0
NaN
20.0
30.0
0.0
36.0
79.0
0.0
5.0
0.0
8.0
0.0
0.0
0.0
0.0
0.0
0.0
0.0
0.0
0.0
0.0
0.0
0.0
69.0
0.0
5.0
15.0
5.0
0.0
0.0
0.0
0.0
0.0
0.0
0.0
0.0
41.0
0.0
0.0
0.0
0.0
0.0
0.0
168.0
0.0
0.0
0.0
23.0
0.0
0.0
0.0
0.0
94.0
0.0
0.0
0.0
0.0
0.0
0.0
0.0
0.0
25.0
0.0
5.0
0.0
0.0
0.0
18.0
0.0
0.0
76.0
79.0
0.0
0.0
0.0
254.0
5.0
0.0
0.0
8.0
25.0
64.0
0.0
0.0
0.0
0.0
0.0
0.0
10.0
0.0
0.0
0.0
0.0
0.0
0.0
0.0
0.0
0.0
0.0
0.0
0.0
0.0
10.0
38.0
0.0
0.0
0.0
0.0
0.0
56.0
0.0
0.0
0.0
0.0
0.0
76.0
119.0
0.0
NaN
0.0
0.0
0.0
0.0
0.0
0.0
0.0
0.0
0.0
0.0
0.0
8.0
94.0
0.0
33.0
13.0
8.0
25.0
36.0
0.0
0.0
15.0
196.0
0.0
0.0
0.0
0.0
0.0
0.0
0.0
0.0
0.0
41.0
13.0
71.0
0.0
0.0
0.0
0.0
0.0
0.0
0.0
0.0
0.0
0.0
0.0
0.0
0.0
0.0
0.0
0.0
0.0
0.0
0.0
0.0
0.0
0.0
0.0
0.0
0.0
0.0
0.0
0.0
0.0
0.0
0.0
0.0
0.0
0.0
0.0
0.0
36.0
0.0
0.0
0.0
5.0
0.0
0.0
0.0
0.0
0.0
0.0
5.0
0.0
0.0
0.0
3.0
0.0
0.0
0.0
0.0
0.0
0.0
0.0
0.0
13.0
0.0
3.0
0.0
0.0
0.0
0.0
0.0
0.0
0.0
0.0
0.0
0.0
0.0
0.0
0.0
0.0
0.0
0.0
0.0
0.0
0.0
0.0
0.0
0.0
0.0
0.0
0.0
0.0
0.0
0.0
0.0
0.0
0.0
5.0
0.0
0.0
0.0
0.0
0.0
0.0
0.0
0.0
0.0
0.0
0.0
0.0
0.0
0.0
3.0
0.0
0.0
0.0
0.0
0.0
0.0
0.0
3.0
0.0
0.0
0.0
0.0
0.0
0.0
0.0
0.0
10.0
0.0
0.0
0.0
0.0
0.0
3.0
0.0
0.0
0.0
0.0
0.0
0.0
0.0
0.0
0.0
0.0
0.0
0.0
0.0
0.0
0.0
5.0
0.0
10.0
0.0
0.0
0.0
56.0
0.0
0.0
0.0
0.0
0.0
0.0
0.0
0.0
0.0
0.0
10.0
0.0
0.0
0.0
0.0
0.0
10.0
0.0
0.0
0.0
8.0
0.0
0.0
0.0
0.0
0.0
0.0
0.0
0.0
0.0
0.0
0.0
0.0
0.0
0.0
0.0
0.0
0.0
0.0
0.0
0.0
0.0
0.0
0.0
18.0
0.0
0.0
0.0
41.0
0.0
0.0
20.0
0.0
0.0
0.0
0.0
0.0
0.0
0.0
0.0
0.0
0.0
0.0
25.0
0.0
0.0
0.0
0.0
0.0
0.0
56.0
61.0
13.0
0.0
43.0
0.0
0.0
0.0
25.0
10.0
0.0
0.0
13.0
0.0
0.0
0.0
257.0
0.0
0.0
0.0
0.0
0.0
0.0
0.0
0.0
0.0
0.0
0.0
155.0
71.0
0.0
0.0
0.0
109.0
0.0
0.0
64.0
51.0
269.0
0.0
0.0
0.0
0.0
0.0
13.0
0.0
0.0
353.0
0.0
0.0
0.0
0.0
0.0
0.0
0.0
64.0
64.0
86.0
0.0
0.0
0.0
0.0
0.0
0.0
0.0
0.0
84.0
0.0
0.0
0.0
0.0
0.0
46.0
132.0
0.0
102.0
114.0
0.0
25.0
0.0
0.0
0.0
0.0
0.0
0.0
48.0
0.0
69.0
0.0
0.0
206.0
0.0
0.0
0.0
0.0
38.0
0.0
0.0
0.0
5.0
0.0
0.0
0.0
0.0
0.0
0.0
0.0
8.0
13.0
38.0
36.0
97.0
0.0
0.0
28.0
0.0
0.0
0.0
56.0
84.0
0.0
0.0
0.0
0.0
0.0
0.0
0.0
0.0
0.0
48.0
58.0
0.0
0.0
0.0
0.0
0.0
0.0
0.0
0.0
0.0
0.0
97.0
8.0
0.0
0.0
0.0
0.0
0.0
0.0
0.0
0.0
0.0
0.0
0.0
18.0
10.0
0.0
0.0
0.0
0.0
0.0
0.0
0.0
20.0
5.0
0.0
0.0
0.0
0.0
8.0
0.0
0.0
0.0
0.0
0.0
0.0
0.0
0.0
0.0
0.0
0.0
0.0
0.0
0.0
0.0
0.0
0.0
0.0
0.0
0.0
0.0
0.0
0.0
0.0
0.0
0.0
0.0
0.0
0.0
0.0
0.0
0.0
0.0
0.0
76.0
0.0
0.0
0.0
0.0
0.0
0.0
5.0
3.0
0.0
5.0
0.0
3.0
0.0
0.0
0.0
0.0
0.0
13.0
0.0
0.0
0.0
0.0
0.0
0.0
0.0
0.0
0.0
0.0
0.0
0.0
0.0
0.0
0.0
0.0
0.0
0.0
0.0
0.0
0.0
0.0
0.0
0.0
0.0
0.0
0.0
0.0
0.0
0.0
0.0
0.0
0.0
0.0
0.0
0.0
0.0
0.0
0.0
0.0
0.0
0.0
0.0
0.0
0.0
0.0
0.0
0.0
0.0
0.0
43.0
28.0
0.0
0.0
0.0
0.0
0.0
0.0
0.0
0.0
0.0
0.0
0.0
0.0
0.0
0.0
3.0
0.0
0.0
0.0
0.0
0.0
0.0
0.0
0.0
0.0
0.0
0.0
89.0
3.0
0.0
0.0
0.0
0.0
0.0
0.0
0.0
0.0
0.0
0.0
0.0
0.0
0.0
0.0
0.0
0.0
0.0
0.0
0.0
0.0
0.0
0.0
0.0
0.0
0.0
0.0
0.0
0.0
0.0
0.0
0.0
0.0
0.0
0.0
0.0
0.0
0.0
0.0
0.0
0.0
0.0
0.0
0.0
0.0
0.0
0.0
0.0
43.0
0.0
0.0
0.0
0.0
0.0
0.0
0.0
216.0
81.0
0.0
0.0
0.0
0.0
10.0
86.0
76.0
8.0
53.0
28.0
15.0
178.0
432.0
94.0
0.0
13.0
20.0
0.0
0.0
0.0
0.0
0.0
0.0
0.0
0.0
180.0
0.0
0.0
0.0
0.0
0.0
0.0
0.0
0.0
0.0
0.0
5.0
0.0
0.0
0.0
0.0
0.0
25.0
5.0
5.0
58.0
61.0
18.0
381.0
18.0
0.0
0.0
0.0
0.0
0.0
0.0
0.0
15.0
10.0
0.0
0.0
0.0
0.0
38.0
130.0
0.0
0.0
0.0
0.0
0.0
99.0
0.0
0.0
0.0
0.0
0.0
0.0
0.0
0.0
0.0
0.0
0.0
0.0
0.0
8.0
0.0
0.0
8.0
0.0
13.0
15.0
66.0
0.0
86.0
25.0
0.0
0.0
5.0
0.0
0.0
0.0
0.0
0.0
117.0
0.0
0.0
0.0
0.0
0.0
0.0
0.0
0.0
0.0
0.0
15.0
0.0
0.0
0.0
0.0
0.0
0.0
0.0
20.0
0.0
0.0
0.0
8.0
0.0
0.0
0.0
0.0
0.0
0.0
0.0
0.0
0.0
0.0
0.0
0.0
0.0
0.0
0.0
0.0
0.0
0.0
0.0
0.0
0.0
0.0
0.0
0.0
0.0
0.0
0.0
0.0
0.0
0.0
71.0
0.0
0.0
0.0
0.0
0.0
0.0
0.0
0.0
0.0
0.0
0.0
0.0
0.0
0.0
0.0
0.0
0.0
0.0
0.0
0.0
0.0
0.0
0.0
0.0
0.0
0.0
0.0
0.0
0.0
0.0
0.0
0.0
0.0
122.0
0.0
0.0
0.0
25.0
0.0
0.0
0.0
0.0
0.0
0.0
0.0
0.0
0.0
0.0
0.0
0.0
0.0
0.0
0.0
0.0
0.0
0.0
0.0
0.0
0.0
0.0
0.0
0.0
0.0
0.0
0.0
0.0
0.0
53.0
0.0
0.0
0.0
0.0
0.0
0.0
0.0
0.0
0.0
0.0
0.0
0.0
0.0
0.0
0.0
0.0
0.0
0.0
0.0
0.0
0.0
0.0
0.0
10.0
15.0
0.0
0.0
0.0
64.0
0.0
18.0
28.0
0.0
0.0
0.0
0.0
0.0
0.0
0.0
0.0
0.0
0.0
0.0
0.0
0.0
38.0
0.0
0.0
0.0
15.0
5.0
0.0
0.0
0.0
0.0
41.0
0.0
0.0
0.0
41.0
0.0
0.0
0.0
0.0
0.0
0.0
0.0
20.0
18.0
28.0
10.0
0.0
0.0
0.0
0.0
0.0
0.0
0.0
0.0
0.0
0.0
0.0
0.0
0.0
0.0
0.0
0.0
0.0
0.0
0.0
0.0
0.0
0.0
0.0
0.0
0.0
0.0
0.0
0.0
0.0
0.0
119.0
0.0
0.0
0.0
0.0
18.0
30.0
5.0
5.0
0.0
0.0
0.0
38.0
0.0
0.0
5.0
8.0
0.0
0.0
0.0
25.0
0.0
0.0
0.0
0.0
0.0
0.0
234.0
86.0
0.0
152.0
51.0
0.0
0.0
0.0
0.0
0.0
76.0
0.0
0.0
0.0
0.0
0.0
0.0
0.0
30.0
8.0
0.0
28.0
43.0
0.0
20.0
0.0
0.0
0.0
0.0
0.0
0.0
0.0
0.0
0.0
51.0
0.0
0.0
0.0
168.0
165.0
0.0
8.0
0.0
0.0
76.0
10.0
0.0
0.0
0.0
0.0
0.0
175.0
41.0
0.0
0.0
0.0
0.0
0.0
0.0
15.0
0.0
0.0
0.0
0.0
0.0
0.0
0.0
0.0
66.0
0.0
0.0
0.0
0.0
18.0
0.0
0.0
0.0
0.0
142.0
5.0
0.0
0.0
147.0
0.0
0.0
0.0
10.0
0.0
0.0
0.0
0.0
0.0
0.0
0.0
251.0
20.0
48.0
0.0
0.0
0.0
0.0
0.0
0.0
0.0
0.0
0.0
0.0
0.0
89.0
0.0
0.0
0.0
0.0
0.0
0.0
0.0
0.0
0.0
0.0
13.0
0.0
0.0
10.0
0.0
0.0
5.0
66.0
15.0
0.0
0.0
0.0
0.0
0.0
0.0
0.0
0.0
0.0
0.0
0.0
0.0
0.0
0.0
10.0
0.0
0.0
0.0
0.0
0.0
0.0
0.0
0.0
0.0
0.0
0.0
0.0
0.0
0.0
23.0
0.0
0.0
0.0
0.0
0.0
0.0
0.0
0.0
0.0
0.0
0.0
0.0
0.0
0.0
0.0
0.0
0.0
28.0
0.0
0.0
0.0
0.0
15.0
0.0
0.0
0.0
0.0
0.0
0.0
0.0
0.0
0.0
0.0
0.0
30.0
0.0
0.0
0.0
0.0
0.0
0.0
0.0
0.0
0.0
0.0
0.0
0.0
0.0
0.0
0.0
0.0
0.0
0.0
0.0
0.0
5.0
0.0
0.0
20.0
0.0
0.0
0.0
20.0
0.0
0.0
33.0
0.0
0.0
0.0
0.0
0.0
0.0
0.0
0.0
0.0
0.0
0.0
0.0
10.0
0.0
0.0
0.0
0.0
0.0
0.0
0.0
0.0
0.0
0.0
0.0
0.0
0.0
0.0
0.0
0.0
0.0
0.0
0.0
0.0
0.0
0.0
0.0
0.0
0.0
0.0
0.0
0.0
0.0
8.0
0.0
0.0
0.0
0.0
0.0
0.0
0.0
0.0
0.0
0.0
0.0
0.0
0.0
0.0
0.0
0.0
0.0
0.0
0.0
0.0
0.0
3.0
0.0
0.0
0.0
0.0
0.0
0.0
0.0
0.0
0.0
0.0
0.0
0.0
0.0
0.0
104.0
0.0
0.0
10.0
0.0
0.0
0.0
0.0
0.0
0.0
0.0
0.0
0.0
8.0
74.0
5.0
0.0
0.0
0.0
0.0
66.0
51.0
0.0
0.0
0.0
0.0
8.0
15.0
0.0
0.0
8.0
10.0
13.0
0.0
0.0
0.0
0.0
0.0
0.0
0.0
0.0
0.0
0.0
0.0
0.0
0.0
0.0
0.0
74.0
0.0
0.0
28.0
5.0
0.0
0.0
0.0
0.0
0.0
0.0
8.0
0.0
0.0
0.0
13.0
0.0
5.0
0.0
0.0
0.0
13.0
0.0
0.0
8.0
0.0
0.0
0.0
0.0
0.0
0.0
69.0
13.0
0.0
0.0
0.0
56.0
0.0
622.0
0.0
0.0
0.0
0.0
0.0
0.0
0.0
84.0
0.0
13.0
0.0
0.0
0.0
150.0
183.0
0.0
0.0
20.0
0.0
0.0
0.0
56.0
0.0
0.0
0.0
0.0
0.0
0.0
0.0
0.0
0.0
0.0
152.0
0.0
28.0
0.0
30.0
0.0
0.0
76.0
0.0
0.0
0.0
0.0
0.0
0.0
0.0
0.0
0.0
0.0
0.0
0.0
0.0
0.0
0.0
0.0
13.0
107.0
119.0
41.0
0.0
0.0
0.0
0.0
0.0
15.0
0.0
3.0
0.0
0.0
0.0
0.0
0.0
94.0
0.0
33.0
5.0
0.0
0.0
18.0
0.0
0.0
0.0
0.0
0.0
0.0
0.0
0.0
0.0
0.0
8.0
0.0
0.0
0.0
0.0
0.0
0.0
5.0
0.0
0.0
0.0
0.0
0.0
0.0
10.0
0.0
0.0
0.0
0.0
0.0
0.0
0.0
0.0
0.0
10.0
0.0
0.0
0.0
0.0
0.0
0.0
0.0
0.0
0.0
0.0
0.0
0.0
0.0
150.0
18.0
0.0
0.0
0.0
5.0
56.0
0.0
0.0
0.0
0.0
0.0
0.0
0.0
249.0
0.0
0.0
0.0
0.0
0.0
0.0
0.0
0.0
0.0
0.0
15.0
76.0
23.0
0.0
0.0
0.0
0.0
0.0
0.0
0.0
0.0
0.0
0.0
0.0
0.0
0.0
0.0
0.0
0.0
0.0
0.0
0.0
0.0
0.0
8.0
0.0
0.0
0.0
0.0
0.0
0.0
0.0
0.0
0.0
0.0
0.0
0.0
38.0
0.0
0.0
0.0
0.0
25.0
0.0
0.0
0.0
0.0
0.0
0.0
0.0
0.0
0.0
0.0
0.0
0.0
0.0
0.0
0.0
0.0
0.0
0.0
0.0
0.0
0.0
0.0
0.0
0.0
0.0
0.0
0.0
0.0
0.0
0.0
0.0
0.0
0.0
0.0
0.0
0.0
0.0
0.0
0.0
0.0
0.0
0.0
66.0
15.0
0.0
0.0
0.0
0.0
0.0
0.0
0.0
0.0
0.0
0.0
0.0
0.0
0.0
0.0
0.0
102.0
0.0
0.0
0.0
0.0
0.0
15.0
0.0
0.0
0.0
0.0
0.0
0.0
0.0
0.0
51.0
25.0
5.0
0.0
0.0
0.0
0.0
0.0
0.0
0.0
0.0
0.0
0.0
0.0
0.0
0.0
0.0
0.0
0.0
0.0
0.0
0.0
0.0
0.0
38.0
0.0
0.0
0.0
0.0
0.0
51.0
0.0
0.0
3.0
8.0
0.0
0.0
0.0
0.0
0.0
0.0
71.0
0.0
0.0
0.0
10.0
0.0
0.0
0.0
0.0
0.0
0.0
13.0
147.0
0.0
0.0
0.0
0.0
0.0
0.0
0.0
0.0
0.0
0.0
0.0
0.0
13.0
0.0
0.0
0.0
0.0
0.0
0.0
0.0
38.0
0.0
0.0
0.0
0.0
0.0
0.0
0.0
0.0
0.0
0.0
0.0
0.0
107.0
343.0
0.0
0.0
0.0
0.0
28.0
0.0
8.0
0.0
264.0
0.0
43.0
0.0
0.0
0.0
66.0
81.0
0.0
0.0
0.0
0.0
0.0
56.0
0.0
56.0
0.0
0.0
0.0
0.0
0.0
0.0
25.0
30.0
0.0
0.0
0.0
43.0
0.0
18.0
0.0
0.0
20.0
0.0
0.0
15.0
0.0
0.0
0.0
0.0
0.0
28.0
0.0
0.0
0.0
0.0
51.0
10.0
0.0
0.0
0.0
0.0
0.0
0.0
0.0
0.0
0.0
0.0
0.0
140.0
36.0
5.0
0.0
0.0
0.0
0.0
0.0
8.0
8.0
0.0
0.0
0.0
58.0
25.0
0.0
0.0
0.0
30.0
0.0
66.0
0.0
0.0
0.0
0.0
0.0
0.0
0.0
0.0
0.0
0.0
0.0
0.0
0.0
0.0
15.0
102.0
0.0
0.0
0.0
0.0
0.0
0.0
0.0
0.0
0.0
0.0
0.0
0.0
0.0
0.0
0.0
0.0
0.0
0.0
0.0
0.0
216.0
485.0
0.0
0.0
0.0
33.0
102.0
0.0
0.0
0.0
0.0
0.0
0.0
0.0
0.0
0.0
0.0
0.0
0.0
0.0
0.0
0.0
0.0
0.0
0.0
0.0
0.0
0.0
0.0
0.0
0.0
0.0
0.0
0.0
0.0
0.0
0.0
0.0
0.0
0.0
0.0
0.0
0.0
0.0
0.0
0.0
0.0
0.0
0.0
0.0
0.0
0.0
0.0
15.0
15.0
0.0
0.0
0.0
0.0
0.0
0.0
0.0
0.0
0.0
0.0
0.0
0.0
0.0
0.0
13.0
0.0
0.0
0.0
0.0
8.0
48.0
0.0
0.0
0.0
0.0
0.0
0.0
0.0
0.0
0.0
0.0
0.0
0.0
0.0
0.0
0.0
0.0
0.0
0.0
0.0
0.0
0.0
0.0
0.0
0.0
0.0
0.0
0.0
0.0
15.0
0.0
0.0
0.0
0.0
0.0
0.0
0.0
0.0
0.0
0.0
0.0
0.0
0.0
0.0
13.0
0.0
0.0
0.0
0.0
0.0
0.0
0.0
8.0
0.0
0.0
0.0
0.0
13.0
0.0
0.0
0.0
0.0
0.0
0.0
0.0
0.0
0.0
0.0
0.0
0.0
0.0
0.0
0.0
8.0
0.0
5.0
0.0
0.0
0.0
0.0
0.0
0.0
0.0
0.0
0.0
0.0
0.0
0.0
0.0
0.0
0.0
0.0
0.0
0.0
0.0
0.0
0.0
0.0
10.0
3.0
0.0
0.0
0.0
0.0
0.0
0.0
0.0
0.0
0.0
0.0
0.0
0.0
0.0
0.0
0.0
0.0
0.0
0.0
0.0
0.0
0.0
18.0
13.0
0.0
13.0
0.0
0.0
36.0
0.0
0.0
0.0
13.0
0.0
0.0
0.0
0.0
0.0
0.0
0.0
0.0
0.0
0.0
28.0
0.0
0.0
0.0
0.0
15.0
0.0
15.0
56.0
0.0
0.0
0.0
0.0
84.0
20.0
0.0
0.0
0.0
15.0
0.0
163.0
0.0
0.0
0.0
0.0
0.0
13.0
0.0
0.0
28.0
0.0
0.0
0.0
15.0
406.0
196.0
0.0
0.0
0.0
0.0
0.0
0.0
0.0
0.0
0.0
0.0
0.0
0.0
0.0
0.0
0.0
0.0
0.0
33.0
196.0
0.0
254.0
46.0
0.0
0.0
0.0
0.0
0.0
0.0
20.0
0.0
8.0
0.0
0.0
28.0
58.0
0.0
0.0
0.0
5.0
0.0
0.0
0.0
0.0
0.0
64.0
0.0
0.0
0.0
178.0
13.0
0.0
0.0
0.0
0.0
23.0
0.0
0.0
0.0
0.0
0.0
0.0
0.0
41.0
0.0
0.0
10.0
0.0
0.0
0.0
0.0
0.0
71.0
46.0
36.0
66.0
0.0
0.0
0.0
0.0
0.0
28.0
8.0
15.0
8.0
0.0
0.0
0.0
0.0
0.0
0.0
20.0
0.0
0.0
0.0
0.0
0.0
0.0
0.0
0.0
8.0
0.0
0.0
0.0
0.0
0.0
0.0
36.0
0.0
0.0
0.0
0.0
0.0
0.0
0.0
0.0
0.0
0.0
0.0
0.0
0.0
0.0
0.0
0.0
0.0
0.0
0.0
0.0
0.0
0.0
0.0
0.0
0.0
0.0
0.0
0.0
0.0
0.0
0.0
0.0
0.0
0.0
0.0
0.0
0.0
0.0
0.0
0.0
0.0
36.0
0.0
0.0
0.0
0.0
0.0
0.0
0.0
0.0
38.0
36.0
0.0
0.0
0.0
0.0
0.0
0.0
0.0
0.0
0.0
0.0
51.0
0.0
0.0
0.0
0.0
15.0
0.0
0.0
0.0
0.0
0.0
0.0
0.0
0.0
0.0
0.0
0.0
0.0
0.0
0.0
0.0
3.0
5.0
0.0
0.0
0.0
0.0
0.0
15.0
0.0
0.0
0.0
0.0
0.0
0.0
0.0
0.0
0.0
0.0
0.0
0.0
0.0
0.0
0.0
0.0
0.0
0.0
0.0
0.0
0.0
0.0
18.0
0.0
0.0
0.0
0.0
5.0
0.0
0.0
0.0
3.0
0.0
0.0
0.0
0.0
0.0
0.0
0.0
0.0
0.0
0.0
8.0
0.0
0.0
0.0
0.0
0.0
0.0
0.0
0.0
0.0
0.0
0.0
0.0
0.0
0.0
0.0
0.0
0.0
0.0
0.0
0.0
0.0
0.0
0.0
0.0
0.0
0.0
8.0
18.0
3.0
0.0
0.0
3.0
0.0
0.0
0.0
0.0
0.0
0.0
0.0
5.0
5.0
0.0
0.0
0.0
0.0
0.0
0.0
0.0
0.0
0.0
0.0
8.0
5.0
0.0
0.0
0.0
53.0
0.0
0.0
0.0
124.0
0.0
0.0
0.0
0.0
0.0
0.0
13.0
135.0
13.0
0.0
102.0
0.0
0.0
0.0
0.0
8.0
0.0
0.0
0.0
0.0
0.0
107.0
5.0
0.0
0.0
0.0
23.0
10.0
0.0
0.0
8.0
0.0
0.0
0.0
0.0
0.0
0.0
5.0
175.0
84.0
0.0
25.0
0.0
0.0
0.0
0.0
28.0
140.0
5.0
41.0
191.0
15.0
0.0
0.0
203.0
0.0
0.0
74.0
196.0
236.0
0.0
0.0
0.0
30.0
0.0
0.0
0.0
0.0
0.0
0.0
25.0
5.0
137.0
0.0
0.0
43.0
196.0
0.0
0.0
0.0
23.0
142.0
0.0
0.0
0.0
0.0
18.0
0.0
5.0
0.0
0.0
0.0
15.0
0.0
0.0
15.0
0.0
0.0
0.0
0.0
0.0
0.0
0.0
0.0
0.0
0.0
0.0
0.0
102.0
0.0
0.0
74.0
0.0
0.0
0.0
38.0
25.0
0.0
0.0
132.0
13.0
0.0
0.0
0.0
46.0
0.0
0.0
0.0
0.0
0.0
0.0
0.0
0.0
0.0
127.0
0.0
0.0
0.0
0.0
0.0
0.0
0.0
0.0
0.0
0.0
0.0
0.0
0.0
5.0
0.0
0.0
0.0
0.0
0.0
165.0
0.0
0.0
0.0
0.0
0.0
0.0
0.0
0.0
0.0
0.0
0.0
25.0
0.0
0.0
15.0
185.0
0.0
0.0
0.0
0.0
8.0
0.0
48.0
0.0
0.0
0.0
0.0
0.0
0.0
0.0
0.0
0.0
0.0
0.0
0.0
0.0
0.0
0.0
0.0
76.0
0.0
0.0
0.0
0.0
0.0
0.0
15.0
0.0
0.0
0.0
122.0
89.0
94.0
0.0
64.0
0.0
0.0
18.0
0.0
0.0
0.0
0.0
0.0
0.0
0.0
0.0
0.0
15.0
0.0
0.0
0.0
0.0
0.0
0.0
0.0
0.0
0.0
0.0
0.0
0.0
25.0
0.0
0.0
0.0
0.0
0.0
0.0
0.0
0.0
0.0
0.0
0.0
0.0
0.0
0.0
0.0
0.0
0.0
0.0
0.0
0.0
0.0
0.0
0.0
0.0
0.0
0.0
0.0
0.0
0.0
0.0
8.0
0.0
0.0
0.0
0.0
0.0
0.0
0.0
0.0
0.0
0.0
0.0
8.0
0.0
0.0
0.0
0.0
0.0
0.0
0.0
0.0
0.0
0.0
0.0
0.0
0.0
0.0
0.0
0.0
0.0
0.0
0.0
0.0
0.0
0.0
0.0
0.0
0.0
0.0
0.0
0.0
0.0
0.0
3.0
0.0
0.0
0.0
0.0
0.0
0.0
10.0
0.0
0.0
0.0
0.0
13.0
0.0
0.0
13.0
0.0
0.0
0.0
0.0
0.0
0.0
0.0
0.0
0.0
0.0
0.0
41.0
20.0
213.0
38.0
13.0
0.0
0.0
0.0
0.0
0.0
0.0
0.0
20.0
0.0
0.0
3.0
0.0
0.0
10.0
0.0
0.0
0.0
0.0
0.0
0.0
0.0
0.0
0.0
74.0
30.0
25.0
0.0
0.0
0.0
81.0
0.0
0.0
23.0
0.0
0.0
0.0
66.0
5.0
0.0
51.0
10.0
0.0
0.0
0.0
0.0
0.0
0.0
20.0
0.0
20.0
165.0
76.0
25.0
28.0
0.0
0.0
0.0
0.0
0.0
0.0
0.0
0.0
0.0
0.0
33.0
15.0
0.0
0.0
0.0
0.0
0.0
13.0
0.0
0.0
5.0
0.0
0.0
0.0
0.0
0.0
79.0
76.0
0.0
0.0
0.0
0.0
0.0
13.0
0.0
236.0
74.0
0.0
0.0
0.0
0.0
0.0
64.0
0.0
0.0
0.0
114.0
23.0
38.0
20.0
0.0
58.0
0.0
8.0
8.0
221.0
36.0
0.0
0.0
8.0
0.0
0.0
0.0
0.0
0.0
0.0
