99.0
394.0
1785.0
635.0
538.0
492.0
1897.0
248.0
48.0
74.0
31.0
412.0
838.0
555.0
1394.0
752.0
183.0
119.0
74.0
234.0
179.0
165.0
148.0
541.0
1210.0
873.0
702.0
560.0
285.0
153.0
302.0
647.0
63.0
66.0
146.0
197.0
646.0
460.0
534.0
352.0
96.0
99.0
300.0
104.0
0.0
63.0
83.0
388.0
556.0
666.0
160.0
399.0
196.0
757.0
280.0
NaN
46.0
122.0
277.0
429.0
NaN
NaN
573.0
147.0
51.0
434.0
NaN
NaN
NaN
96.0
NaN
105.0
175.0
573.0
163.0
708.0
478.0
784.0
251.0
0.0
0.0
35.0
43.0
181.0
594.0
1229.0
530.0
267.0
582.0
217.0
323.0
76.0
13.0
NaN
38.0
381.0
945.0
491.0
NaN
153.0
294.0
NaN
249.0
140.0
3.0
15.0
81.0
203.0
363.0
992.0
527.0
274.0
767.0
73.0
99.0
13.0
101.0
NaN
NaN
NaN
NaN
NaN
NaN
NaN
NaN
145.0
269.0
NaN
89.0
NaN
NaN
NaN
NaN
NaN
NaN
793.0
NaN
NaN
NaN
0.0
NaN
NaN
NaN
59.0
841.0
1412.0
719.0
282.0
254.0
486.0
241.0
69.0
106.0
179.0
NaN
277.0
266.0
1600.0
NaN
NaN
NaN
NaN
118.0
101.0
56.0
94.0
99.0
46.0
589.0
551.0
378.0
532.0
145.0
0.0
119.0
38.0
42.0
61.0
0.0
NaN
767.0
1527.0
301.0
365.0
211.0
389.0
1857.0
61.0
94.0
15.0
18.0
254.0
351.0
342.0
1317.0
177.0
678.0
920.0
148.0
146.0
NaN
18.0
46.0
13.0
204.0
1308.0
1393.0
535.0
563.0
183.0
240.0
86.0
208.0
51.0
239.0
313.0
680.0
305.0
198.0
201.0
674.0
301.0
56.0
155.0
178.0
120.0
91.0
227.0
768.0
213.0
464.0
592.0
132.0
NaN
NaN
