0.0
0.0
0.0
0.0
18.0
0.0
0.0
0.0
165.0
0.0
46.0
0.0
0.0
0.0
0.0
0.0
0.0
0.0
28.0
8.0
0.0
0.0
0.0
0.0
0.0
0.0
28.0
0.0
0.0
0.0
0.0
0.0
0.0
0.0
0.0
0.0
NaN
NaN
NaN
NaN
NaN
NaN
NaN
NaN
NaN
NaN
NaN
NaN
NaN
NaN
NaN
NaN
NaN
NaN
NaN
NaN
NaN
0.0
0.0
0.0
0.0
0.0
0.0
0.0
0.0
94.0
66.0
0.0
0.0
0.0
0.0
0.0
0.0
0.0
0.0
0.0
0.0
0.0
0.0
0.0
0.0
0.0
0.0
0.0
0.0
0.0
0.0
0.0
0.0
8.0
15.0
0.0
127.0
0.0
0.0
84.0
8.0
0.0
0.0
0.0
0.0
3.0
33.0
3.0
38.0
0.0
0.0
0.0
0.0
0.0
0.0
0.0
0.0
8.0
0.0
33.0
0.0
0.0
0.0
0.0
0.0
0.0
0.0
0.0
23.0
25.0
0.0
0.0
25.0
208.0
0.0
0.0
0.0
0.0
0.0
0.0
NaN
NaN
NaN
NaN
NaN
NaN
NaN
NaN
NaN
NaN
NaN
NaN
NaN
NaN
NaN
NaN
NaN
0.0
0.0
0.0
0.0
10.0
8.0
0.0
0.0
0.0
0.0
NaN
0.0
0.0
0.0
0.0
NaN
NaN
NaN
NaN
0.0
0.0
0.0
71.0
5.0
0.0
0.0
0.0
NaN
NaN
0.0
0.0
5.0
15.0
0.0
0.0
0.0
0.0
0.0
0.0
0.0
0.0
0.0
0.0
0.0
0.0
0.0
NaN
NaN
NaN
0.0
112.0
15.0
8.0
0.0
13.0
0.0
0.0
0.0
0.0
0.0
0.0
0.0
0.0
0.0
0.0
0.0
0.0
74.0
0.0
0.0
0.0
0.0
0.0
0.0
0.0
0.0
0.0
0.0
13.0
0.0
0.0
0.0
0.0
0.0
0.0
0.0
0.0
0.0
61.0
74.0
0.0
0.0
84.0
5.0
0.0
0.0
0.0
0.0
0.0
0.0
0.0
0.0
0.0
0.0
0.0
155.0
99.0
0.0
0.0
0.0
0.0
0.0
0.0
13.0
0.0
0.0
0.0
0.0
23.0
211.0
264.0
0.0
0.0
0.0
0.0
0.0
0.0
0.0
0.0
0.0
30.0
53.0
0.0
0.0
0.0
168.0
122.0
0.0
56.0
0.0
0.0
20.0
0.0
18.0
10.0
0.0
0.0
0.0
0.0
0.0
0.0
0.0
0.0
20.0
5.0
38.0
0.0
0.0
0.0
0.0
0.0
5.0
43.0
0.0
0.0
58.0
0.0
0.0
0.0
130.0
0.0
0.0
0.0
61.0
0.0
0.0
15.0
91.0
0.0
0.0
38.0
0.0
0.0
0.0
0.0
0.0
0.0
0.0
0.0
0.0
10.0
0.0
0.0
0.0
48.0
0.0
0.0
0.0
102.0
0.0
0.0
0.0
0.0
0.0
0.0
0.0
0.0
0.0
0.0
0.0
0.0
0.0
0.0
0.0
10.0
0.0
0.0
0.0
0.0
0.0
0.0
0.0
127.0
0.0
0.0
0.0
0.0
0.0
0.0
18.0
0.0
0.0
0.0
0.0
0.0
0.0
0.0
0.0
0.0
0.0
0.0
0.0
122.0
5.0
0.0
0.0
0.0
0.0
71.0
5.0
0.0
25.0
0.0
0.0
0.0
0.0
0.0
0.0
0.0
102.0
5.0
8.0
51.0
0.0
0.0
0.0
0.0
0.0
0.0
0.0
20.0
0.0
0.0
0.0
0.0
0.0
0.0
0.0
0.0
0.0
0.0
0.0
0.0
0.0
0.0
0.0
0.0
0.0
0.0
0.0
0.0
0.0
0.0
0.0
0.0
25.0
0.0
0.0
0.0
0.0
0.0
0.0
0.0
0.0
0.0
0.0
0.0
0.0
13.0
0.0
0.0
0.0
18.0
18.0
0.0
0.0
0.0
0.0
0.0
0.0
0.0
0.0
0.0
0.0
0.0
NaN
NaN
0.0
0.0
NaN
NaN
0.0
0.0
0.0
0.0
0.0
0.0
0.0
0.0
0.0
0.0
0.0
0.0
0.0
0.0
0.0
NaN
NaN
NaN
NaN
NaN
NaN
NaN
NaN
NaN
NaN
NaN
NaN
NaN
NaN
NaN
NaN
NaN
NaN
NaN
30.0
0.0
13.0
0.0
0.0
0.0
0.0
51.0
0.0
0.0
0.0
0.0
0.0
0.0
0.0
0.0
0.0
0.0
0.0
0.0
0.0
0.0
NaN
NaN
0.0
0.0
0.0
0.0
0.0
64.0
0.0
0.0
0.0
114.0
0.0
86.0
0.0
117.0
0.0
0.0
0.0
0.0
0.0
0.0
0.0
28.0
0.0
8.0
0.0
0.0
0.0
0.0
0.0
0.0
0.0
0.0
0.0
0.0
0.0
0.0
0.0
0.0
0.0
0.0
0.0
0.0
0.0
25.0
130.0
10.0
0.0
0.0
0.0
0.0
0.0
71.0
0.0
38.0
0.0
0.0
0.0
0.0
0.0
0.0
36.0
272.0
10.0
15.0
0.0
20.0
0.0
124.0
0.0
0.0
0.0
0.0
0.0
10.0
8.0
0.0
0.0
0.0
23.0
0.0
0.0
0.0
NaN
NaN
NaN
NaN
NaN
NaN
NaN
NaN
NaN
NaN
NaN
NaN
NaN
NaN
NaN
NaN
0.0
0.0
0.0
0.0
0.0
NaN
NaN
NaN
NaN
NaN
NaN
NaN
NaN
0.0
0.0
0.0
0.0
0.0
0.0
0.0
0.0
15.0
5.0
25.0
8.0
0.0
0.0
0.0
0.0
0.0
0.0
0.0
0.0
0.0
0.0
0.0
0.0
0.0
3.0
94.0
0.0
0.0
0.0
20.0
41.0
28.0
28.0
0.0
0.0
0.0
0.0
0.0
0.0
0.0
0.0
0.0
20.0
36.0
0.0
3.0
79.0
0.0
25.0
0.0
0.0
5.0
46.0
0.0
0.0
0.0
0.0
0.0
0.0
0.0
0.0
0.0
0.0
0.0
0.0
0.0
25.0
0.0
0.0
0.0
0.0
0.0
0.0
0.0
0.0
0.0
0.0
0.0
0.0
0.0
0.0
NaN
NaN
NaN
NaN
NaN
NaN
NaN
NaN
NaN
0.0
0.0
109.0
0.0
0.0
28.0
0.0
NaN
NaN
NaN
NaN
NaN
NaN
NaN
NaN
NaN
NaN
NaN
NaN
NaN
NaN
30.0
0.0
0.0
0.0
5.0
0.0
NaN
NaN
NaN
NaN
NaN
NaN
NaN
NaN
0.0
0.0
0.0
0.0
0.0
0.0
41.0
64.0
NaN
NaN
NaN
NaN
NaN
NaN
0.0
18.0
8.0
5.0
5.0
0.0
0.0
0.0
0.0
0.0
0.0
0.0
0.0
5.0
NaN
NaN
NaN
NaN
NaN
NaN
NaN
NaN
NaN
18.0
33.0
8.0
0.0
0.0
0.0
0.0
0.0
5.0
0.0
0.0
0.0
0.0
0.0
0.0
8.0
0.0
0.0
13.0
0.0
0.0
0.0
0.0
0.0
0.0
0.0
0.0
0.0
NaN
NaN
NaN
NaN
NaN
NaN
NaN
NaN
NaN
NaN
NaN
NaN
NaN
NaN
NaN
NaN
NaN
NaN
NaN
NaN
NaN
NaN
NaN
NaN
NaN
NaN
NaN
NaN
NaN
NaN
NaN
NaN
NaN
0.0
0.0
0.0
0.0
0.0
0.0
NaN
NaN
NaN
NaN
NaN
NaN
NaN
NaN
NaN
NaN
NaN
NaN
NaN
NaN
NaN
0.0
0.0
0.0
25.0
56.0
23.0
0.0
0.0
0.0
0.0
5.0
155.0
0.0
0.0
33.0
64.0
0.0
0.0
0.0
0.0
0.0
0.0
0.0
0.0
0.0
0.0
0.0
58.0
0.0
0.0
0.0
0.0
10.0
0.0
0.0
0.0
0.0
0.0
0.0
0.0
0.0
0.0
23.0
0.0
15.0
66.0
0.0
46.0
8.0
0.0
152.0
165.0
8.0
0.0
0.0
0.0
0.0
0.0
64.0
0.0
0.0
8.0
NaN
NaN
NaN
NaN
NaN
NaN
NaN
NaN
NaN
NaN
NaN
0.0
8.0
0.0
0.0
0.0
0.0
8.0
0.0
0.0
0.0
0.0
25.0
0.0
0.0
0.0
0.0
0.0
0.0
0.0
0.0
84.0
135.0
0.0
0.0
0.0
0.0
91.0
74.0
0.0
0.0
0.0
137.0
38.0
51.0
8.0
119.0
5.0
NaN
NaN
NaN
NaN
NaN
NaN
NaN
NaN
NaN
NaN
NaN
NaN
NaN
NaN
NaN
NaN
NaN
NaN
NaN
NaN
NaN
NaN
NaN
NaN
NaN
NaN
NaN
