3.31666666667
7.95806451613
17.13
24.575862069
29.3633333333
32.6225806452
28.7677419355
30.5833333333
22.4290322581
9.43333333333
-0.613333333333
1.90322580645
3.78214285714
11.3870967742
16.9433333333
22.8870967742
29.76
31.3387096774
30.7
25.9033333333
15.6838709677
NaN
NaN
1.84193548387
-2.41785714286
4.16774193548
18.2466666667
23.8774193548
30.03
30.9258064516
31.4322580645
27.5366666667
23.4266666667
16.26
3.34838709677
5.94516129032
0.862962962963
10.2741935484
21.124137931
25.4741935484
29.8633333333
31.7193548387
32.4451612903
26.7
23.0483870968
9.73448275862
4.90322580645
2.46333333333
-0.732142857143
8.77333333333
17.7766666667
21.5851851852
28.6666666667
33.9433333333
30.3677419355
23.9566666667
19.1833333333
10.3733333333
2.17586206897
2.9064516129
-1.45555555556
10.1870967742
16.5733333333
23.6967741935
23.9133333333
27.6225806452
26.4290322581
21.0233333333
18.85
11.6066666667
0.922580645161
1.53103448276
-0.1
9.08064516129
16.2966666667
21.4096774194
24.0633333333
29.4290322581
26.0096774194
22.0892857143
17.8129032258
NaN
1.77419354839
-1.52666666667
-1.15517241379
8.45483870968
12.3866666667
21.4
25.35
26.7466666667
27.1322580645
24.35
18.4838709677
11.2833333333
3.06774193548
-2.89032258065
-0.688
14.7129032258
NaN
NaN
30.6821428571
28.7451612903
30.8935483871
26.5033333333
16.81
12.3607142857
6.28387096774
5.11612903226
6.27142857143
4.21724137931
20.2433333333
24.6580645161
NaN
NaN
NaN
NaN
NaN
NaN
NaN
NaN
NaN
NaN
NaN
NaN
NaN
NaN
NaN
NaN
NaN
NaN
NaN
NaN
NaN
NaN
NaN
NaN
NaN
NaN
NaN
NaN
NaN
NaN
NaN
NaN
NaN
NaN
NaN
NaN
NaN
NaN
NaN
NaN
NaN
NaN
NaN
NaN
NaN
NaN
NaN
NaN
NaN
NaN
NaN
NaN
NaN
NaN
NaN
NaN
NaN
NaN
NaN
NaN
NaN
NaN
NaN
NaN
NaN
NaN
NaN
NaN
NaN
NaN
NaN
NaN
NaN
NaN
NaN
NaN
NaN
NaN
NaN
NaN
NaN
NaN
NaN
NaN
NaN
NaN
NaN
NaN
NaN
NaN
NaN
NaN
NaN
NaN
NaN
NaN
NaN
NaN
NaN
NaN
NaN
NaN
NaN
NaN
NaN
NaN
NaN
NaN
NaN
NaN
NaN
NaN
NaN
NaN
NaN
NaN
NaN
NaN
NaN
NaN
NaN
NaN
NaN
NaN
NaN
NaN
NaN
NaN
NaN
NaN
NaN
NaN
NaN
NaN
NaN
NaN
NaN
NaN
NaN
NaN
NaN
NaN
NaN
NaN
NaN
NaN
NaN
NaN
NaN
NaN
NaN
NaN
NaN
NaN
NaN
NaN
NaN
NaN
NaN
NaN
NaN
NaN
NaN
NaN
NaN
NaN
NaN
NaN
NaN
NaN
NaN
NaN
NaN
NaN
NaN
NaN
NaN
NaN
NaN
NaN
NaN
NaN
NaN
NaN
NaN
NaN
NaN
NaN
NaN
NaN
NaN
NaN
NaN
NaN
NaN
NaN
NaN
NaN
NaN
NaN
NaN
NaN
NaN
NaN
NaN
NaN
NaN
NaN
NaN
NaN
NaN
NaN
NaN
NaN
NaN
NaN
NaN
NaN
NaN
NaN
NaN
NaN
NaN
NaN
NaN
NaN
NaN
NaN
NaN
NaN
NaN
NaN
NaN
NaN
NaN
NaN
NaN
NaN
NaN
NaN
NaN
NaN
NaN
NaN
NaN
NaN
NaN
NaN
NaN
NaN
NaN
NaN
NaN
NaN
NaN
NaN
NaN
NaN
NaN
NaN
NaN
NaN
NaN
NaN
NaN
NaN
NaN
NaN
NaN
NaN
NaN
NaN
NaN
NaN
NaN
NaN
NaN
NaN
NaN
NaN
NaN
NaN
NaN
NaN
NaN
NaN
NaN
NaN
NaN
NaN
NaN
NaN
NaN
NaN
NaN
NaN
NaN
NaN
NaN
NaN
NaN
NaN
NaN
NaN
NaN
NaN
NaN
NaN
NaN
NaN
NaN
NaN
NaN
NaN
NaN
NaN
NaN
NaN
NaN
NaN
NaN
NaN
NaN
NaN
NaN
NaN
NaN
NaN
NaN
NaN
NaN
NaN
NaN
NaN
NaN
NaN
NaN
NaN
NaN
NaN
NaN
NaN
NaN
NaN
NaN
NaN
NaN
NaN
NaN
NaN
NaN
NaN
NaN
NaN
NaN
NaN
NaN
NaN
NaN
NaN
NaN
NaN
NaN
NaN
NaN
NaN
NaN
NaN
NaN
NaN
NaN
NaN
NaN
NaN
NaN
NaN
NaN
NaN
NaN
NaN
NaN
NaN
NaN
21.6258064516
28.34
33.9258064516
31.635483871
27.2833333333
24.6612903226
10.2933333333
4.40967741935
5.73448275862
0.817857142857
9.79032258065
17.124137931
27.6516129032
28.89
32.464516129
29.4064516129
30.6866666667
21.2161290323
11.73
6.83225806452
-8.15806451613
0.410344827586
7.05483870968
16.22
22.6483870968
29.0766666667
33.4258064516
NaN
26.4233333333
24.2387096774
7.18333333333
2.6
-0.0870967741935
1.42857142857
8.33548387097
18.41
25.6935483871
27.06
31.9483870968
31.9870967742
26.0433333333
18.7258064516
10.4466666667
6.10967741935
0.770967741935
0.496296296296
8.58064516129
20.7733333333
21.0838709677
27.4733333333
31.4548387097
29.4225806452
NaN
19.9612903226
10.5931034483
-0.0870967741935
-0.564516129032
7.29642857143
8.11612903226
18.9433333333
21.0096774194
27.42
31.7516129032
30.5677419355
23.7633333333
19.5548387097
7.81333333333
2.7935483871
6.25161290323
4.40344827586
4.26333333333
12.8866666667
24.3903225806
27.4
29.6483870968
28.0
24.5166666667
20.464516129
8.85333333333
-0.98064516129
-0.222580645161
3.16071428571
14.4129032258
16.1766666667
19.5533333333
23.39
28.8870967742
29.4225806452
24.96
18.6741935484
11.3466666667
-2.13225806452
2.23548387097
8.15357142857
15.6064516129
19.9233333333
20.0290322581
28.5733333333
30.364516129
28.1322580645
24.46
19.9483870968
10.13
6.17419354839
4.25161290323
-0.114285714286
5.75161290323
15.57
20.4096774194
25.1566666667
29.8967741935
34.5419354839
27.44
23.1741935484
5.74
3.84482758621
-0.983870967742
1.45517241379
6.0935483871
20.46
23.62
27.8633333333
31.3483870968
30.1451612903
27.8
19.3096774194
9.65
3.33870967742
-2.79032258065
-0.210714285714
8.00967741935
17.7066666667
24.1548387097
28.1666666667
30.8967741935
29.7064516129
22.83
20.535483871
13.9333333333
4.37096774194
0.2
2.87142857143
7.04516129032
14.3833333333
22.9774193548
27.3333333333
27.0258064516
25.7806451613
24.2333333333
22.0612903226
8.01724137931
1.98387096774
0.0161290322581
3.41428571429
5.56451612903
13.2833333333
24.0161290323
24.8333333333
29.8419354839
30.0161290323
22.7433333333
17.4451612903
6.31
-0.429032258065
1.44193548387
6.16551724138
6.29032258065
17.3
23.6064516129
32.69
31.9677419355
28.0548387097
27.1333333333
18.4387096774
9.88666666667
0.487096774194
0.935483870968
5.25714285714
10.6032258065
15.0733333333
23.1709677419
31.7
32.6161290323
31.5225806452
28.66
22.8290322581
12.6068965517
5.32903225806
1.00322580645
10.9857142857
7.97419354839
20.97
21.4903225806
30.4966666667
35.2290322581
29.9
28.0066666667
17.4193548387
13.01
3.9064516129
0.396774193548
-0.464285714286
9.45483870968
22.72
25.8322580645
26.7466666667
34.5129032258
33.7838709677
28.6733333333
20.2322580645
6.42
1.18709677419
-0.361290322581
2.53103448276
10.8967741935
18.07
26.33
32.2466666667
31.0064516129
31.2967741935
27.76
23.2741935484
8.97666666667
5.01612903226
-3.08387096774
5.04642857143
9.8
16.6066666667
22.9612903226
28.06
33.8935483871
31.2548387097
23.4206896552
15.5580645161
6.78666666667
6.11935483871
0.535483870968
-1.97142857143
6.29032258065
17.5666666667
25.7258064516
27.8333333333
28.4967741935
30.0677419355
25.8633333333
20.635483871
11.8433333333
2.13225806452
-2.1935483871
1.36785714286
10.0
17.5533333333
23.7290322581
29.64
30.2
31.6451612903
24.3833333333
15.9290322581
6.35333333333
5.85161290323
-1.70322580645
-2.56206896552
0.158064516129
18.5566666667
24.464516129
27.1166666667
30.2806451613
30.06
26.0733333333
19.3451612903
10.84
3.01612903226
1.84193548387
5.15714285714
8.67419354839
15.1333333333
21.9225806452
28.35
30.5612903226
29.9258064516
23.18
19.9838709677
7.96
-1.75161290323
-3.45806451613
-0.0678571428571
5.71612903226
18.0766666667
27.9387096774
28.2133333333
30.135483871
30.3225806452
24.1551724138
19.1516129032
10.0933333333
2.42903225806
-5.87741935484
2.44285714286
12.0870967742
19.3166666667
23.8548387097
31.4866666667
32.364516129
29.7322580645
25.8466666667
25.1451612903
12.8
-2.81290322581
4.56129032258
5.44137931034
8.70967741935
18.7833333333
26.8096774194
28.57
32.8
28.7322580645
24.6333333333
18.764516129
11.6766666667
1.4064516129
0.806451612903
1.35
1.67419354839
18.2233333333
26.635483871
28.04
30.2838709677
29.8064516129
22.5866666667
20.5709677419
11.5333333333
7.16129032258
-2.74333333333
3.82857142857
12.8516129032
15.0966666667
24.3483870968
28.4633333333
32.7548387097
28.7935483871
23.4233333333
20.2161290323
10.61
2.06129032258
1.62903225806
3.13571428571
12.9967741935
18.9833333333
22.0258064516
27.3733333333
30.0612903226
29.5806451613
24.45
17.2516129032
8.63
3.04838709677
-1.03870967742
2.30689655172
15.4290322581
19.4166666667
22.2774193548
31.24
32.0806451613
30.5548387097
25.5733333333
19.8967741935
7.21666666667
0.177419354839
NaN
1.62857142857
6.24193548387
19.0133333333
24.4096774194
27.48
31.1225806452
29.9366666667
26.0333333333
16.8258064516
10.52
0.354838709677
-3.20967741935
7.29642857143
7.27419354839
18.92
26.5967741935
29.0033333333
31.4451612903
30.9258064516
25.56
17.65
8.20344827586
4.30322580645
-2.38387096774
0.835714285714
8.93
19.7566666667
22.1466666667
31.8166666667
29.8806451613
30.1096774194
27.6964285714
22.0419354839
10.8586206897
3.45161290323
-0.167741935484
4.21724137931
12.5225806452
18.3733333333
24.3483870968
30.4266666667
30.2806451613
30.4419354839
26.8933333333
17.2774193548
6.55333333333
-1.45806451613
1.35806451613
4.275
11.5666666667
17.5766666667
23.7806451613
31.7066666667
31.3129032258
32.0419354839
24.5233333333
22.6451612903
11.0724137931
0.606451612903
-0.538709677419
5.39642857143
13.4870967742
20.7966666667
24.6064516129
29.9793103448
36.6322580645
29.2838709677
24.98
20.835483871
10.6133333333
3.94838709677
1.54193548387
0.65
6.72
16.41
26.5064516129
29.3033333333
32.6870967742
33.6161290323
23.8533333333
23.0322580645
12.0966666667
4.52258064516
2.85483870968
9.4
11.1838709677
21.1866666667
23.7322580645
29.79
32.4548387097
31.38
27.3566666667
16.5566666667
8.25517241379
3.00322580645
-4.97666666667
6.92142857143
13.7133333333
21.5366666667
27.4096774194
29.5133333333
32.9933333333
29.5129032258
26.2466666667
18.2774193548
9.90333333333
0.835483870968
-5.85806451613
-4.14074074074
6.8064516129
15.8766666667
21.54
29.7533333333
30.2129032258
30.5483870968
29.0933333333
19.5483870968
8.77
0.838709677419
-7.77419354839
-3.51071428571
8.83225806452
16.3464285714
24.6548387097
29.72
30.3580645161
30.1129032258
27.67
19.8166666667
8.44
6.23870967742
0.648387096774
-0.693103448276
7.36129032258
19.0333333333
25.6032258065
30.22
34.5838709677
32.364516129
26.7933333333
18.7032258065
12.5766666667
3.14666666667
4.08387096774
5.31428571429
12.9548387097
22.5533333333
22.564516129
30.2633333333
30.4838709677
28.6133333333
26.26
17.2766666667
11.12
0.506666666667
NaN
1.824
8.42666666667
16.2928571429
24.0642857143
26.7703703704
NaN
27.94
23.6033333333
19.535483871
8.70344827586
4.63
1.02666666667
4.76071428571
8.52258064516
12.3642857143
21.0225806452
28.5233333333
33.6516129032
34.7774193548
28.5133333333
17.6612903226
8.76666666667
NaN
-0.783870967742
7.96551724138
4.94193548387
14.1833333333
22.2806451613
29.7
31.8703703704
32.6709677419
24.9551724138
18.664516129
11.2933333333
4.61153846154
-1.32580645161
1.28214285714
13.3290322581
20.3482758621
25.9903225806
28.6766666667
31.9483870968
27.9766666667
23.7233333333
18.3258064516
4.88571428571
NaN
5.56774193548
0.589285714286
13.8935483871
19.1214285714
24.3
31.08
32.3133333333
27.5258064516
26.9653846154
18.2032258065
7.7962962963
2.70714285714
4.91538461538
9.95769230769
13.8740740741
21.5103448276
27.7379310345
31.3566666667
32.575862069
28.5774193548
25.7066666667
16.9161290323
11.63
3.8
1.32580645161
2.99230769231
14.3714285714
20.2275862069
28.1935483871
33.7366666667
32.6413793103
34.3419354839
28.2448275862
17.3322580645
11.2766666667
6.02258064516
6.76129032258
-2.80357142857
10.4774193548
20.6333333333
24.8258064516
27.9033333333
31.1677419355
30.2612903226
24.5533333333
20.4806451613
10.08
-0.348148148148
6.38064516129
6.45
11.7548387097
17.3137931034
21.0387096774
29.5366666667
29.3548387097
29.5903225806
28.0533333333
20.2774193548
13.48
0.522580645161
-3.33548387097
8.21428571429
13.7483870968
18.8966666667
25.6580645161
29.5066666667
30.5322580645
30.0
26.2966666667
19.6516129032
4.33846153846
4.23333333333
5.56296296296
7.98888888889
13.4714285714
NaN
24.6962962963
27.9
27.7185185185
26.4448275862
24.6962962963
19.4678571429
5.08846153846
2.35
-1.03703703704
-1.91851851852
6.91481481481
14.532
NaN
26.84
28.8857142857
NaN
NaN
17.0730769231
7.88148148148
NaN
NaN
2.136
13.6931034483
NaN
25.7666666667
29.45
NaN
NaN
27.1107142857
19.7137931034
11.1615384615
3.76785714286
0.0222222222222
NaN
9.86428571429
NaN
NaN
28.54
32.0935483871
32.2964285714
24.5423076923
19.0793103448
NaN
1.35483870968
-1.54193548387
4.88148148148
9.03846153846
NaN
21.1516129032
28.4966666667
28.5076923077
28.5133333333
23.4366666667
19.4612903226
4.70333333333
NaN
-1.21612903226
2.72592592593
12.6533333333
14.7379310345
21.3862068966
28.61
29.8774193548
28.2161290323
25.6033333333
18.6612903226
7.23333333333
1.52903225806
0.21935483871
6.275
3.96774193548
15.98
24.8193548387
25.7433333333
29.635483871
29.3129032258
28.8466666667
19.5258064516
11.9206896552
5.4064516129
-1.24193548387
6.92857142857
10.0064516129
15.8666666667
21.7096774194
25.8866666667
30.8741935484
28.2419354839
24.26
19.9225806452
15.74
4.72258064516
3.44838709677
8.2
13.3
17.5466666667
25.3806451613
27.3766666667
28.4258064516
29.9677419355
28.0766666667
21.2419354839
6.33666666667
-4.70322580645
0.896774193548
-0.925
6.20322580645
20.3733333333
23.2
26.75
31.2709677419
30.3387096774
24.6233333333
18.5548387097
16.5533333333
6.57741935484
5.65806451613
5.68928571429
7.78709677419
18.1466666667
21.6612903226
30.36
32.5483870968
29.7838709677
26.9766666667
15.1161290323
8.93
6.35806451613
0.71935483871
1.30714285714
10.2677419355
18.6166666667
21.8096774194
26.2466666667
31.4322580645
32.8096774194
25.1633333333
21.5967741935
8.58666666667
4.55161290323
-1.12580645161
1.03103448276
12.0129032258
19.88
23.8032258065
25.8733333333
27.6516129032
26.664516129
28.0466666667
19.835483871
11.7066666667
5.12580645161
-1.11612903226
6.77142857143
11.4290322581
19.43
23.0838709677
29.13
31.4419354839
30.0032258065
28.7766666667
20.2161290323
12.6233333333
0.00967741935484
7.74838709677
5.31428571429
9.84516129032
21.05
23.4774193548
29.3266666667
31.9612903226
29.1258064516
22.91
16.1870967742
12.3166666667
6.63225806452
0.470967741935
-1.48571428571
13.5709677419
15.67
25.2935483871
28.51
31.2709677419
30.7838709677
25.9766666667
20.7129032258
11.1733333333
-0.638709677419
-1.46129032258
-0.844827586207
8.78064516129
14.1466666667
22.1
27.9285714286
29.9548387097
29.9870967742
24.9413793103
18.62
10.1733333333
0.466666666667
-1.12580645161
6.45
10.2967741935
15.8333333333
22.8870967742
27.57
27.1870967742
27.6709677419
25.1931034483
13.1870967742
13.49
-1.26451612903
-5.11290322581
-1.575
8.88709677419
20.8833333333
21.8258064516
29.1666666667
NaN
30.6451612903
25.2866666667
22.1806451613
10.9866666667
0.490322580645
NaN
NaN
NaN
NaN
NaN
NaN
NaN
NaN
23.9033333333
20.8870967742
11.5533333333
4.74516129032
5.26451612903
4.89310344828
19.5064516129
20.5533333333
26.8612903226
29.28
34.5193548387
30.6096774194
26.0366666667
17.9290322581
12.9689655172
4.66129032258
3.00967741935
2.81785714286
6.06451612903
14.4633333333
21.8580645161
26.8333333333
29.5322580645
29.8419354839
27.3366666667
18.0225806452
9.02666666667
0.0709677419355
0.745161290323
-1.21071428571
8.63225806452
17.6866666667
23.4774193548
27.7033333333
27.9548387097
28.1580645161
24.1466666667
19.4419354839
6.46666666667
3.04838709677
3.51290322581
-0.875
13.0774193548
18.43
21.4
27.74
29.3967741935
27.4096774194
27.09
20.1483870968
13.11
5.7935483871
-0.493548387097
6.36896551724
15.1193548387
18.3166666667
22.1967741935
30.9866666667
29.2290322581
28.6193548387
27.0066666667
21.1451612903
15.0933333333
1.95806451613
1.38709677419
9.50357142857
11.5709677419
17.81
22.9516129032
29.4633333333
30.9064516129
27.6
NaN
NaN
