10.0
10.0
5.0
10.6
10.6
2.2
2.8
3.9
12.8
16.7
6.7
5.6
6.1
12.8
11.1
10.6
13.3
3.9
12.2
15.0
12.2
20.6
21.7
25.0
28.3
30.6
28.3
28.3
27.2
21.1
17.8
11.7
17.8
16.1
12.2
16.1
17.2
22.8
26.1
23.3
5.0
14.4
12.2
20.6
16.7
18.9
19.4
13.9
14.4
12.2
NaN
17.8
19.4
20.0
25.0
18.9
22.2
24.4
24.4
20.0
21.1
NaN
26.7
26.7
20.0
17.8
17.8
23.9
27.2
22.2
22.2
24.4
26.1
28.3
28.9
25.6
27.8
27.2
30.0
25.6
24.4
22.2
26.7
18.9
NaN
22.2
28.9
24.4
25.6
24.4
29.4
28.9
25.6
26.7
28.9
32.8
28.3
22.8
28.9
33.9
29.4
30.6
25.0
NaN
NaN
NaN
22.2
27.2
30.6
30.0
28.9
26.7
26.7
22.2
22.2
26.7
29.4
29.4
28.3
29.4
26.7
24.4
23.3
26.1
28.3
26.7
23.9
22.2
18.9
23.3
27.2
27.2
25.6
26.7
24.4
23.3
24.4
24.4
29.4
26.7
27.8
18.9
17.8
20.6
22.8
22.8
26.1
26.7
27.8
32.2
31.1
27.8
26.7
27.8
30.0
26.7
24.4
30.0
28.9
32.2
25.6
24.4
26.7
27.8
24.4
28.3
28.3
21.7
18.9
16.7
16.7
19.4
17.8
21.7
16.7
14.4
12.2
17.8
20.0
23.3
25.6
17.8
16.7
14.4
20.0
20.6
20.6
18.3
25.6
25.6
11.1
8.3
5.6
9.4
15.0
15.6
14.4
15.6
15.6
16.7
25.6
NaN
11.1
16.7
12.2
12.2
14.4
12.2
7.8
11.1
10.0
4.4
12.2
18.9
15.6
13.3
10.6
14.4
15.6
11.1
6.7
11.1
12.2
23.3
24.4
25.6
27.8
29.4
30.6
31.7
30.6
NaN
22.2
22.8
26.1
29.4
28.9
27.8
25.6
26.7
25.6
26.7
31.1
30.6
29.4
NaN
NaN
26.7
28.9
21.7
23.9
27.2
26.7
26.7
27.8
27.8
26.7
28.9
27.2
31.1
27.8
28.3
28.9
30.6
31.1
32.2
NaN
NaN
22.2
26.7
29.4
31.1
30.6
NaN
NaN
7.2
17.8
15.6
8.9
12.2
10.6
5.6
10.0
12.8
18.3
12.2
11.1
7.8
8.9
21.1
NaN
NaN
16.7
23.9
NaN
NaN
15.6
15.6
16.1
23.9
27.2
28.3
22.2
8.3
9.4
26.1
17.2
22.2
26.1
27.2
30.6
24.4
26.7
21.1
26.7
27.8
28.9
30.0
25.6
30.0
34.4
35.0
37.2
37.2
32.2
32.2
32.2
31.1
22.2
16.7
23.9
25.6
28.3
28.3
22.2
26.7
28.3
26.1
30.6
30.6
32.2
33.3
31.1
30.0
21.1
25.0
25.6
29.4
28.3
27.2
24.4
28.9
27.8
26.7
30.0
30.6
27.2
27.2
26.7
25.6
26.1
22.8
23.9
26.1
26.7
28.3
29.4
21.1
27.2
28.3
24.4
21.7
22.2
24.4
24.4
21.1
21.1
21.1
21.7
25.6
23.3
25.6
25.6
26.7
27.8
27.2
23.9
25.6
26.1
27.2
27.2
30.6
26.7
28.9
25.0
21.7
21.1
21.7
18.9
20.6
20.0
20.6
21.7
23.9
24.4
24.4
25.6
NaN
NaN
NaN
29.4
31.1
27.2
24.4
25.6
24.4
27.2
28.3
27.8
26.7
26.1
22.8
24.4
17.2
17.2
13.9
16.7
21.7
16.7
15.0
16.1
13.9
13.9
22.2
24.4
14.4
13.3
13.3
16.7
20.0
20.0
18.3
19.4
22.2
25.0
17.8
21.1
13.9
17.8
21.1
13.9
8.3
9.4
9.4
13.9
16.7
13.9
16.7
