772.0
458.0
1449.0
713.0
582.0
30.0
129.0
168.0
306.0
177.0
724.0
716.0
1125.0
948.0
1008.0
1167.0
724.0
758.0
341.0
18.0
72.0
132.0
169.0
167.0
416.0
965.0
578.0
1166.0
154.0
510.0
5.0
118.0
8.0
235.0
460.0
413.0
145.0
731.0
872.0
881.0
349.0
669.0
229.0
278.0
218.0
48.0
354.0
468.0
1594.0
338.0
1524.0
1702.0
1198.0
1511.0
859.0
605.0
233.0
52.0
951.0
566.0
643.0
1099.0
414.0
656.0
446.0
280.0
894.0
192.0
123.0
350.0
361.0
1254.0
745.0
2124.0
366.0
329.0
202.0
1275.0
10.0
183.0
130.0
13.0
718.0
1284.0
992.0
419.0
612.0
828.0
768.0
205.0
467.0
150.0
148.0
36.0
415.0
1650.0
971.0
2029.0
767.0
975.0
2263.0
294.0
257.0
5.0
39.0
56.0
943.0
97.0
907.0
649.0
2039.0
680.0
516.0
94.0
150.0
332.0
326.0
120.0
167.0
880.0
980.0
391.0
845.0
1241.0
849.0
0.0
362.0
87.0
60.0
165.0
336.0
493.0
272.0
904.0
572.0
480.0
896.0
165.0
287.0
61.0
14.0
121.0
365.0
711.0
1096.0
1740.0
923.0
1003.0
106.0
369.0
158.0
122.0
61.0
107.0
122.0
538.0
1247.0
1834.0
818.0
602.0
811.0
241.0
505.0
28.0
181.0
491.0
531.0
572.0
279.0
1443.0
2362.0
1609.0
529.0
554.0
434.0
183.0
127.0
247.0
536.0
536.0
1705.0
2360.0
2233.0
662.0
660.0
72.0
387.0
90.0
282.0
165.0
56.0
1021.0
444.0
1105.0
323.0
356.0
854.0
566.0
362.0
211.0
31.0
346.0
723.0
1826.0
1491.0
545.0
1321.0
1056.0
938.0
916.0
46.0
15.0
214.0
41.0
158.0
89.0
1315.0
586.0
378.0
1009.0
897.0
613.0
830.0
246.0
181.0
220.0
180.0
541.0
1142.0
589.0
590.0
428.0
871.0
373.0
69.0
55.0
141.0
140.0
594.0
1021.0
318.0
868.0
962.0
1245.0
462.0
1581.0
377.0
66.0
149.0
93.0
234.0
1405.0
1070.0
1075.0
1186.0
358.0
354.0
107.0
8.0
66.0
148.0
207.0
256.0
907.0
1891.0
782.0
698.0
1313.0
534.0
327.0
519.0
153.0
292.0
216.0
193.0
1697.0
574.0
1145.0
737.0
117.0
548.0
336.0
889.0
23.0
30.0
51.0
458.0
502.0
405.0
691.0
399.0
2348.0
557.0
844.0
3.0
69.0
109.0
120.0
73.0
727.0
733.0
1360.0
642.0
383.0
951.0
260.0
66.0
NaN
NaN
NaN
NaN
NaN
NaN
NaN
NaN
964.0
1291.0
153.0
NaN
0.0
57.0
201.0
486.0
702.0
850.0
980.0
673.0
366.0
2400.0
NaN
NaN
274.0
5.0
41.0
541.0
1232.0
325.0
415.0
118.0
1620.0
1123.0
16.0
134.0
NaN
43.0
25.0
1000.0
223.0
709.0
1664.0
224.0
2448.0
485.0
1621.0
3.0
71.0
15.0
796.0
94.0
114.0
536.0
455.0
774.0
188.0
284.0
883.0
222.0
100.0
40.0
127.0
NaN
651.0
301.0
1682.0
812.0
536.0
161.0
NaN
0.0
174.0
NaN
380.0
228.0
526.0
545.0
1390.0
1163.0
1282.0
1674.0
272.0
36.0
288.0
NaN
NaN
NaN
NaN
NaN
NaN
NaN
NaN
NaN
NaN
NaN
NaN
NaN
NaN
69.0
823.0
1860.0
242.0
101.0
889.0
226.0
264.0
79.0
322.0
25.0
221.0
224.0
148.0
927.0
1048.0
520.0
615.0
417.0
766.0
118.0
136.0
52.0
44.0
219.0
160.0
623.0
2530.0
175.0
1377.0
457.0
170.0
116.0
229.0
217.0
66.0
0.0
233.0
842.0
145.0
2056.0
981.0
549.0
369.0
381.0
638.0
61.0
163.0
537.0
720.0
1283.0
621.0
588.0
673.0
540.0
563.0
199.0
374.0
99.0
66.0
114.0
373.0
915.0
528.0
621.0
1011.0
NaN
NaN
