20.5903225806
24.3733333333
27.6806451613
27.5258064516
20.4766666667
17.7032258065
8.24
-3.36451612903
-5.21612903226
-2.04444444444
3.04516129032
10.2
17.0096774194
23.4233333333
29.0838709677
26.364516129
19.76
16.3387096774
7.82068965517
2.28064516129
-0.416129032258
1.93928571429
13.8451612903
12.33
21.7233333333
26.5666666667
31.2548387097
26.1290322581
22.06
13.8548387097
7.01333333333
1.70967741935
-2.03225806452
-2.81428571429
0.403225806452
9.54
19.7483870968
23.24
25.6612903226
26.0483870968
22.4333333333
14.3032258065
5.09666666667
-4.37096774194
-8.24516129032
-7.15
0.0
10.8833333333
18.3935483871
24.1466666667
23.7258064516
24.8193548387
21.0566666667
13.3129032258
1.48666666667
0.3
-4.63870967742
-7.875
4.8935483871
13.0933333333
19.4258064516
22.98
25.2709677419
24.1290322581
23.9166666667
15.3225806452
9.60666666667
4.35161290323
-4.1
-0.265517241379
7.58064516129
10.97
19.0870967742
24.5566666667
26.5451612903
26.4548387097
22.7066666667
15.864516129
10.9566666667
-3.26129032258
-2.11612903226
3.74285714286
3.68064516129
14.1133333333
16.8225806452
24.5233333333
25.6580645161
23.5032258065
NaN
NaN
