4.16129032258
NaN
NaN
-21.7379310345
NaN
-6.50714285714
NaN
NaN
12.1
NaN
16.3064516129
NaN
NaN
NaN
NaN
NaN
-6.91851851852
NaN
NaN
NaN
NaN
19.8161290323
19.7774193548
12.78
6.10967741935
-0.618518518519
-20.3423076923
-15.8379310345
-6.3724137931
-8.98214285714
3.72068965517
10.2586206897
16.43
17.1741935484
18.5677419355
9.40689655172
7.48333333333
-2.95357142857
-10.8806451613
-17.2833333333
-14.2192307692
-2.72666666667
6.84827586207
11.9516129032
13.4533333333
17.37
15.3096774194
10.9965517241
4.06428571429
-6.52857142857
-17.125
-12.3413793103
-13.2037037037
-2.925
NaN
11.02
15.3933333333
18.4935483871
NaN
NaN
NaN
NaN
-7.36538461538
NaN
NaN
-0.916129032258
5.66333333333
NaN
17.2931034483
19.1967741935
16.0225806452
11.9310344828
3.66774193548
-0.506896551724
-7.09032258065
-17.2785714286
-16.4481481481
-3.51785714286
2.81724137931
12.0161290323
17.82
18.6677419355
17.2774193548
10.6851851852
1.05666666667
-5.17857142857
-13.1321428571
-14.0192307692
-19.4333333333
-8.75172413793
0.78275862069
NaN
NaN
NaN
14.6290322581
10.0066666667
3.08387096774
-7.61666666667
-18.0225806452
-9.18275862069
-12.3464285714
-4.13870967742
1.54666666667
6.61290322581
14.61
15.2258064516
14.9290322581
10.71
1.89677419355
-2.7
-15.1064516129
-17.5827586207
-12.4851851852
-6.44333333333
2.94666666667
10.0
15.34
15.5548387097
14.5322580645
8.79666666667
1.93870967742
-9.99666666667
-12.4548387097
-12.3709677419
-7.79655172414
-6.34838709677
-0.02
8.47741935484
11.2689655172
12.3129032258
11.9709677419
8.71666666667
1.68064516129
-5.21666666667
-11.7566666667
-17.1068965517
-15.5148148148
-9.55862068966
-1.13
7.64838709677
11.6866666667
14.8137931034
14.5166666667
6.66666666667
0.956666666667
-6.47
-11.7096774194
-23.1548387097
-18.2964285714
-6.21935483871
0.296666666667
8.45483870968
13.13
NaN
12.1129032258
10.2033333333
4.58387096774
-2.92666666667
-11.1258064516
-14.8206896552
-14.5
-6.18064516129
-1.28333333333
6.83548387097
14.22
15.0161290323
15.1666666667
6.73666666667
2.14
-10.2633333333
-14.6
-21.9548387097
-16.5321428571
-12.2666666667
-3.75666666667
4.89032258065
11.7466666667
13.3
13.5032258065
8.28275862069
1.50666666667
-10.8566666667
-17.2129032258
-20.5137931034
-14.2740740741
-8.91111111111
-2.09310344828
3.99677419355
12.2766666667
13.5
11.8903225806
9.16333333333
2.16451612903
-8.35666666667
-9.87419354839
-15.1516129032
-6.93333333333
-8.70967741935
1.30666666667
9.06896551724
10.2931034483
14.8035714286
13.4928571429
9.46428571429
NaN
NaN
-10.9642857143
-18.9448275862
-10.908
-8.4935483871
NaN
7.27096774194
11.6766666667
16.0225806452
12.6419354839
7.20333333333
0.451612903226
-3.28148148148
-13.3142857143
-19.07
-12.6296296296
-4.31612903226
-1.54
7.75
10.3103448276
13.04
NaN
6.57407407407
2.8
-6.92142857143
-22.2068965517
-15.4862068966
-20.2041666667
NaN
0.953571428571
8.44642857143
11.3230769231
14.0620689655
13.7451612903
6.61333333333
0.486206896552
0.0964285714286
-9.6
-12.4666666667
-8.732
-11.54
-1.06785714286
3.63448275862
NaN
NaN
NaN
9.59310344828
-1.81666666667
-8.668
-9.24615384615
-18.0740740741
-18.4814814815
NaN
NaN
6.17407407407
10.6785714286
NaN
14.3066666667
7.88148148148
1.64333333333
-6.75
-10.8607142857
-19.9413793103
NaN
-3.51538461538
2.98965517241
8.85517241379
13.9925925926
NaN
14.3407407407
14.4379310345
6.39333333333
0.455555555556
-8.85714285714
-13.3703703704
-8.86923076923
NaN
4.9
9.025
17.5925925926
NaN
16.9333333333
13.5423076923
6.28928571429
-1.424
-11.1074074074
-5.67407407407
-13.1074074074
-4.73
5.375
NaN
15.3192307692
NaN
NaN
9.8962962963
1.37307692308
NaN
-5.81724137931
-11.9551724138
-17.036
-2.38387096774
1.29642857143
11.2481481481
16.216
NaN
16.4538461538
NaN
7.8275862069
-2.51785714286
NaN
-14.2192307692
-14.6214285714
-8.00769230769
-0.653846153846
NaN
14.8925925926
NaN
15.5423076923
11.5592592593
5.48620689655
NaN
-7.7
-9.87
NaN
-5.30967741935
2.88666666667
9.33225806452
14.48
15.3161290323
15.8935483871
13.9266666667
3.4935483871
2.5275862069
-11.8419354839
-14.1193548387
-13.0928571429
-1.40666666667
6.51
10.6129032258
15.71
18.9709677419
19.1677419355
12.24
7.02
-1.91
-12.5129032258
-15.4451612903
-13.0178571429
-7.01935483871
1.98666666667
9.05483870968
15.0366666667
20.1258064516
17.6548387097
NaN
NaN
0.932142857143
-5.86296296296
-9.35
-6.64482758621
2.65666666667
4.70666666667
12.2258064516
16.69
20.2870967742
16.6032258065
10.5533333333
3.87741935484
-1.60666666667
-8.27419354839
-11.8
-12.8
-8.08387096774
-0.646666666667
8.42580645161
14.94
17.9258064516
17.5483870968
13.7166666667
5.28387096774
-3.63333333333
-15.3866666667
-19.81
-19.6071428571
-8.84193548387
0.69
9.77419354839
16.1633333333
17.0064516129
17.7774193548
11.9833333333
5.14838709677
-6.40357142857
-7.47419354839
-12.0258064516
-16.1928571429
-3.91666666667
4.14333333333
10.0322580645
15.8566666667
18.0806451613
16.8258064516
15.4233333333
5.97096774194
2.03333333333
-3.24838709677
-11.4387096774
-7.56206896552
1.25806451613
4.44
10.3387096774
16.22
18.2322580645
18.0290322581
14.19
7.57419354839
2.54827586207
-9.23870967742
-9.7064516129
-5.88928571429
-3.83548387097
4.98666666667
9.33870967742
15.3266666667
17.8032258065
15.3258064516
NaN
NaN
