NaN
NaN
NaN
NaN
NaN
NaN
NaN
NaN
NaN
NaN
NaN
NaN
NaN
NaN
NaN
NaN
NaN
NaN
NaN
NaN
NaN
NaN
NaN
0.0
NaN
NaN
NaN
NaN
0.0
0.0
0.0
0.0
0.0
0.0
0.0
0.0
0.0
0.0
0.0
0.0
0.0
102.0
13.0
5.0
51.0
140.0
0.0
0.0
0.0
28.0
188.0
0.0
0.0
0.0
0.0
0.0
0.0
0.0
0.0
0.0
43.0
81.0
64.0
0.0
0.0
0.0
0.0
0.0
0.0
0.0
0.0
43.0
0.0
0.0
0.0
0.0
0.0
0.0
0.0
0.0
0.0
0.0
0.0
0.0
10.0
0.0
23.0
0.0
0.0
150.0
5.0
160.0
51.0
0.0
25.0
0.0
5.0
279.0
229.0
137.0
3.0
30.0
587.0
66.0
69.0
0.0
0.0
0.0
0.0
0.0
0.0
0.0
8.0
13.0
0.0
0.0
0.0
157.0
3.0
0.0
0.0
0.0
46.0
0.0
36.0
0.0
0.0
0.0
0.0
188.0
0.0
0.0
0.0
0.0
112.0
320.0
30.0
76.0
0.0
0.0
0.0
0.0
5.0
84.0
0.0
0.0
0.0
28.0
33.0
914.0
25.0
0.0
274.0
5.0
51.0
127.0
0.0
33.0
0.0
0.0
0.0
51.0
0.0
0.0
0.0
0.0
0.0
89.0
0.0
0.0
0.0
15.0
0.0
0.0
0.0
0.0
0.0
119.0
0.0
0.0
0.0
0.0
3.0
0.0
0.0
25.0
0.0
0.0
0.0
0.0
0.0
0.0
0.0
97.0
94.0
43.0
0.0
0.0
3.0
36.0
97.0
0.0
0.0
0.0
597.0
0.0
0.0
0.0
0.0
13.0
5.0
8.0
0.0
25.0
30.0
0.0
0.0
0.0
0.0
0.0
0.0
0.0
0.0
41.0
0.0
236.0
155.0
48.0
0.0
46.0
91.0
0.0
0.0
0.0
0.0
0.0
0.0
109.0
0.0
0.0
0.0
0.0
97.0
0.0
0.0
0.0
0.0
0.0
0.0
0.0
198.0
48.0
0.0
0.0
0.0
132.0
127.0
0.0
117.0
0.0
157.0
28.0
0.0
0.0
0.0
0.0
0.0
13.0
0.0
0.0
71.0
0.0
0.0
NaN
152.0
102.0
NaN
NaN
51.0
NaN
NaN
NaN
NaN
NaN
NaN
0.0
NaN
NaN
NaN
NaN
NaN
NaN
NaN
NaN
NaN
NaN
NaN
305.0
0.0
NaN
NaN
NaN
NaN
NaN
0.0
0.0
0.0
0.0
0.0
0.0
0.0
0.0
0.0
0.0
0.0
0.0
343.0
43.0
0.0
0.0
0.0
0.0
0.0
0.0
0.0
0.0
0.0
0.0
0.0
0.0
0.0
36.0
3.0
0.0
160.0
NaN
0.0
NaN
0.0
NaN
NaN
76.0
NaN
0.0
NaN
NaN
89.0
76.0
NaN
0.0
NaN
NaN
NaN
25.0
25.0
0.0
305.0
76.0
NaN
127.0
25.0
NaN
152.0
NaN
NaN
NaN
NaN
NaN
NaN
0.0
127.0
NaN
NaN
NaN
NaN
NaN
NaN
NaN
NaN
NaN
NaN
NaN
0.0
NaN
0.0
0.0
NaN
NaN
NaN
178.0
3.0
3.0
NaN
0.0
NaN
