0.0
318.0
51.0
0.0
0.0
33.0
10.0
0.0
191.0
0.0
51.0
25.0
152.0
5.0
8.0
0.0
0.0
0.0
0.0
0.0
0.0
0.0
0.0
0.0
0.0
0.0
0.0
0.0
0.0
0.0
0.0
394.0
107.0
0.0
0.0
0.0
335.0
511.0
25.0
0.0
0.0
0.0
0.0
0.0
0.0
0.0
0.0
0.0
0.0
0.0
30.0
0.0
0.0
0.0
0.0
0.0
0.0
0.0
0.0
0.0
0.0
0.0
0.0
0.0
163.0
279.0
0.0
0.0
0.0
0.0
0.0
0.0
0.0
0.0
0.0
0.0
NaN
NaN
NaN
NaN
NaN
13.0
0.0
0.0
0.0
0.0
0.0
0.0
0.0
0.0
0.0
0.0
0.0
0.0
0.0
69.0
0.0
0.0
8.0
36.0
0.0
0.0
0.0
0.0
51.0
8.0
0.0
0.0
0.0
0.0
0.0
0.0
0.0
46.0
NaN
NaN
NaN
NaN
NaN
NaN
NaN
NaN
NaN
NaN
NaN
NaN
NaN
NaN
NaN
NaN
NaN
0.0
0.0
0.0
0.0
8.0
0.0
0.0
0.0
0.0
13.0
0.0
173.0
5.0
13.0
0.0
0.0
104.0
0.0
0.0
0.0
112.0
18.0
0.0
0.0
0.0
0.0
0.0
0.0
0.0
0.0
33.0
0.0
0.0
0.0
0.0
132.0
0.0
0.0
0.0
0.0
0.0
0.0
124.0
0.0
0.0
0.0
0.0
10.0
0.0
0.0
0.0
0.0
15.0
0.0
0.0
0.0
0.0
86.0
0.0
145.0
38.0
0.0
0.0
0.0
0.0
46.0
5.0
132.0
0.0
117.0
8.0
0.0
211.0
94.0
3.0
0.0
0.0
0.0
15.0
0.0
0.0
0.0
0.0
371.0
0.0
0.0
0.0
0.0
NaN
NaN
0.0
8.0
0.0
94.0
348.0
84.0
8.0
0.0
0.0
0.0
23.0
0.0
117.0
0.0
544.0
330.0
91.0
0.0
0.0
554.0
0.0
99.0
0.0
0.0
0.0
0.0
NaN
NaN
NaN
0.0
71.0
0.0
0.0
183.0
0.0
0.0
0.0
0.0
0.0
0.0
0.0
0.0
64.0
23.0
0.0
94.0
0.0
0.0
69.0
13.0
0.0
79.0
0.0
3.0
3.0
0.0
0.0
0.0
0.0
0.0
0.0
0.0
0.0
0.0
0.0
0.0
15.0
0.0
46.0
0.0
0.0
203.0
99.0
0.0
0.0
0.0
0.0
0.0
0.0
0.0
58.0
0.0
0.0
0.0
0.0
0.0
0.0
0.0
150.0
0.0
279.0
0.0
25.0
0.0
323.0
13.0
28.0
0.0
0.0
0.0
0.0
0.0
0.0
0.0
0.0
0.0
0.0
0.0
0.0
0.0
0.0
0.0
0.0
0.0
0.0
0.0
0.0
0.0
76.0
0.0
13.0
0.0
0.0
46.0
69.0
0.0
0.0
0.0
0.0
0.0
0.0
0.0
25.0
43.0
307.0
0.0
0.0
0.0
0.0
0.0
0.0
0.0
0.0
0.0
0.0
0.0
0.0
0.0
0.0
0.0
0.0
0.0
0.0
0.0
0.0
0.0
0.0
0.0
0.0
0.0
0.0
0.0
0.0
0.0
0.0
0.0
0.0
0.0
0.0
0.0
0.0
0.0
0.0
0.0
0.0
0.0
0.0
0.0
0.0
0.0
0.0
0.0
0.0
0.0
0.0
NaN
NaN
0.0
0.0
0.0
0.0
0.0
0.0
0.0
0.0
0.0
33.0
18.0
0.0
0.0
0.0
0.0
0.0
0.0
0.0
0.0
0.0
0.0
8.0
28.0
0.0
0.0
0.0
0.0
0.0
0.0
0.0
0.0
0.0
18.0
5.0
0.0
0.0
0.0
0.0
18.0
0.0
0.0
0.0
0.0
8.0
20.0
0.0
0.0
0.0
0.0
13.0
0.0
0.0
0.0
0.0
0.0
0.0
0.0
8.0
48.0
0.0
0.0
0.0
137.0
13.0
0.0
0.0
0.0
0.0
0.0
0.0
0.0
0.0
0.0
20.0
0.0
0.0
0.0
30.0
0.0
0.0
0.0
0.0
0.0
0.0
0.0
NaN
NaN
NaN
NaN
0.0
0.0
0.0
0.0
NaN
NaN
NaN
NaN
NaN
NaN
NaN
0.0
0.0
0.0
0.0
0.0
0.0
0.0
0.0
0.0
0.0
0.0
0.0
81.0
18.0
0.0
0.0
0.0
0.0
0.0
0.0
0.0
30.0
0.0
0.0
0.0
0.0
0.0
0.0
0.0
0.0
0.0
0.0
0.0
165.0
0.0
0.0
0.0
10.0
NaN
NaN
0.0
0.0
20.0
719.0
20.0
0.0
0.0
754.0
30.0
0.0
0.0
0.0
0.0
0.0
0.0
0.0
0.0
71.0
79.0
122.0
0.0
0.0
0.0
165.0
15.0
36.0
0.0
0.0
107.0
0.0
0.0
0.0
8.0
0.0
0.0
0.0
0.0
0.0
696.0
3.0
0.0
51.0
13.0
30.0
81.0
0.0
0.0
183.0
104.0
0.0
0.0
0.0
0.0
0.0
0.0
0.0
0.0
0.0
0.0
0.0
0.0
18.0
0.0
0.0
0.0
28.0
0.0
0.0
10.0
117.0
20.0
0.0
1158.0
0.0
0.0
0.0
43.0
104.0
23.0
0.0
0.0
0.0
0.0
18.0
0.0
NaN
NaN
NaN
NaN
NaN
NaN
NaN
0.0
0.0
0.0
0.0
56.0
0.0
36.0
0.0
0.0
0.0
0.0
483.0
0.0
33.0
86.0
0.0
203.0
0.0
0.0
0.0
0.0
0.0
0.0
0.0
0.0
NaN
NaN
NaN
0.0
0.0
0.0
0.0
0.0
0.0
0.0
0.0
0.0
0.0
0.0
0.0
94.0
0.0
0.0
0.0
0.0
0.0
0.0
0.0
0.0
0.0
107.0
142.0
0.0
0.0
0.0
0.0
0.0
0.0
178.0
10.0
0.0
NaN
NaN
168.0
0.0
0.0
117.0
0.0
0.0
0.0
0.0
0.0
0.0
0.0
0.0
0.0
10.0
0.0
0.0
0.0
0.0
0.0
0.0
0.0
0.0
0.0
0.0
0.0
0.0
0.0
0.0
0.0
0.0
51.0
41.0
0.0
0.0
0.0
0.0
0.0
0.0
0.0
0.0
0.0
0.0
0.0
0.0
0.0
0.0
0.0
13.0
0.0
0.0
20.0
0.0
0.0
0.0
0.0
0.0
0.0
0.0
0.0
NaN
NaN
NaN
NaN
NaN
NaN
0.0
0.0
0.0
0.0
0.0
0.0
0.0
0.0
0.0
0.0
0.0
0.0
0.0
0.0
0.0
0.0
0.0
0.0
0.0
0.0
0.0
0.0
0.0
0.0
0.0
0.0
51.0
0.0
0.0
0.0
0.0
0.0
0.0
0.0
0.0
0.0
0.0
0.0
0.0
0.0
0.0
0.0
0.0
0.0
43.0
0.0
18.0
0.0
0.0
0.0
0.0
0.0
0.0
0.0
0.0
25.0
0.0
0.0
0.0
0.0
18.0
8.0
0.0
0.0
0.0
0.0
0.0
5.0
0.0
0.0
13.0
5.0
0.0
18.0
0.0
0.0
0.0
0.0
0.0
NaN
NaN
0.0
0.0
58.0
0.0
155.0
0.0
0.0
0.0
0.0
0.0
0.0
0.0
84.0
30.0
0.0
0.0
0.0
0.0
0.0
18.0
8.0
0.0
0.0
0.0
0.0
23.0
0.0
0.0
0.0
191.0
224.0
0.0
0.0
3.0
NaN
NaN
NaN
NaN
NaN
NaN
NaN
NaN
NaN
NaN
NaN
NaN
0.0
0.0
0.0
0.0
0.0
0.0
0.0
137.0
135.0
0.0
0.0
168.0
157.0
0.0
178.0
0.0
38.0
241.0
310.0
0.0
0.0
0.0
0.0
0.0
0.0
0.0
239.0
41.0
0.0
0.0
0.0
20.0
46.0
262.0
0.0
84.0
41.0
0.0
107.0
0.0
0.0
38.0
124.0
0.0
0.0
0.0
25.0
0.0
137.0
554.0
99.0
0.0
0.0
20.0
28.0
330.0
0.0
0.0
94.0
0.0
0.0
0.0
10.0
13.0
0.0
0.0
89.0
0.0
3.0
127.0
64.0
76.0
0.0
107.0
41.0
10.0
0.0
0.0
0.0
0.0
15.0
457.0
0.0
221.0
10.0
0.0
0.0
0.0
51.0
20.0
20.0
8.0
0.0
0.0
0.0
183.0
0.0
0.0
0.0
0.0
69.0
0.0
0.0
0.0
0.0
0.0
0.0
0.0
0.0
0.0
0.0
0.0
0.0
0.0
0.0
0.0
0.0
84.0
43.0
3.0
0.0
180.0
15.0
569.0
15.0
0.0
0.0
0.0
0.0
264.0
0.0
0.0
20.0
295.0
0.0
0.0
0.0
20.0
0.0
0.0
0.0
15.0
20.0
0.0
0.0
76.0
0.0
0.0
0.0
109.0
0.0
0.0
376.0
0.0
0.0
0.0
0.0
0.0
0.0
0.0
0.0
18.0
0.0
0.0
25.0
0.0
0.0
0.0
0.0
0.0
0.0
