NaN
418.0
790.0
1488.0
1209.0
343.0
1094.0
382.0
177.0
0.0
178.0
572.0
69.0
839.0
967.0
443.0
987.0
879.0
259.0
629.0
157.0
66.0
177.0
152.0
115.0
483.0
452.0
1374.0
NaN
NaN
NaN
NaN
419.0
772.0
505.0
63.0
381.0
272.0
1127.0
629.0
2567.0
1042.0
110.0
266.0
404.0
540.0
26.0
190.0
367.0
360.0
555.0
NaN
2031.0
1817.0
736.0
964.0
326.0
326.0
180.0
104.0
NaN
617.0
243.0
378.0
1506.0
508.0
503.0
2113.0
87.0
124.0
76.0
291.0
704.0
129.0
273.0
533.0
547.0
1191.0
188.0
44.0
173.0
879.0
92.0
279.0
112.0
158.0
1024.0
533.0
1358.0
442.0
517.0
632.0
195.0
82.0
41.0
94.0
195.0
963.0
729.0
662.0
1159.0
NaN
863.0
762.0
396.0
49.0
237.0
127.0
115.0
46.0
579.0
128.0
2268.0
618.0
NaN
NaN
NaN
NaN
61.0
229.0
21.0
114.0
90.0
1079.0
1524.0
932.0
2042.0
1240.0
128.0
NaN
NaN
NaN
NaN
NaN
841.0
1077.0
399.0
836.0
119.0
825.0
NaN
NaN
544.0
30.0
254.0
NaN
NaN
NaN
NaN
NaN
NaN
424.0
401.0
102.0
38.0
305.0
355.0
NaN
NaN
NaN
310.0
506.0
422.0
1868.0
771.0
115.0
51.0
222.0
142.0
71.0
238.0
764.0
460.0
327.0
573.0
NaN
146.0
530.0
0.0
18.0
83.0
218.0
189.0
443.0
438.0
391.0
335.0
336.0
262.0
554.0
343.0
272.0
59.0
NaN
NaN
NaN
1191.0
344.0
317.0
NaN
NaN
NaN
NaN
NaN
NaN
125.0
194.0
416.0
416.0
757.0
473.0
1057.0
NaN
NaN
NaN
NaN
NaN
NaN
NaN
NaN
NaN
NaN
NaN
NaN
NaN
NaN
NaN
NaN
NaN
NaN
NaN
NaN
983.0
437.0
697.0
44.0
31.0
189.0
243.0
184.0
394.0
140.0
470.0
635.0
728.0
50.0
968.0
177.0
NaN
NaN
NaN
NaN
NaN
NaN
NaN
NaN
NaN
607.0
876.0
312.0
234.0
NaN
NaN
NaN
NaN
NaN
493.0
1402.0
984.0
526.0
1027.0
512.0
10.0
254.0
92.0
338.0
439.0
172.0
460.0
660.0
1489.0
554.0
1438.0
NaN
306.0
5.0
109.0
0.0
401.0
1028.0
554.0
330.0
1346.0
415.0
2370.0
102.0
673.0
266.0
126.0
210.0
102.0
139.0
1042.0
357.0
1331.0
457.0
447.0
945.0
987.0
56.0
318.0
0.0
55.0
792.0
557.0
1749.0
811.0
746.0
362.0
1973.0
189.0
NaN
NaN
177.0
130.0
590.0
25.0
923.0
1091.0
1969.0
1233.0
643.0
518.0
436.0
0.0
394.0
599.0
658.0
935.0
1445.0
1115.0
469.0
1528.0
550.0
79.0
284.0
33.0
NaN
277.0
165.0
81.0
674.0
1568.0
691.0
683.0
420.0
107.0
265.0
264.0
NaN
224.0
410.0
216.0
876.0
1525.0
1049.0
379.0
1482.0
800.0
300.0
58.0
106.0
84.0
102.0
1482.0
355.0
1707.0
33.0
940.0
813.0
515.0
1006.0
51.0
NaN
448.0
191.0
897.0
340.0
1277.0
469.0
1557.0
755.0
297.0
604.0
28.0
290.0
0.0
455.0
218.0
414.0
919.0
1571.0
192.0
581.0
472.0
294.0
186.0
167.0
0.0
688.0
627.0
1197.0
144.0
461.0
145.0
510.0
549.0
164.0
233.0
125.0
274.0
920.0
606.0
681.0
1117.0
732.0
1585.0
216.0
448.0
142.0
468.0
426.0
474.0
662.0
152.0
573.0
1813.0
639.0
299.0
168.0
0.0
254.0
120.0
346.0
584.0
290.0
1196.0
827.0
2213.0
1664.0
887.0
63.0
79.0
350.0
392.0
54.0
404.0
552.0
926.0
835.0
815.0
347.0
332.0
1053.0
430.0
31.0
127.0
93.0
231.0
89.0
839.0
259.0
1062.0
1623.0
1231.0
202.0
51.0
86.0
382.0
169.0
56.0
292.0
422.0
601.0
1605.0
877.0
950.0
282.0
234.0
496.0
36.0
49.0
117.0
221.0
493.0
1627.0
1114.0
470.0
866.0
567.0
435.0
271.0
239.0
92.0
203.0
213.0
546.0
269.0
770.0
526.0
173.0
325.0
91.0
427.0
46.0
79.0
109.0
49.0
296.0
1183.0
224.0
519.0
841.0
677.0
814.0
231.0
468.0
147.0
8.0
275.0
778.0
827.0
865.0
633.0
1526.0
564.0
289.0
284.0
225.0
10.0
127.0
227.0
338.0
1320.0
1197.0
879.0
503.0
720.0
303.0
147.0
140.0
161.0
511.0
491.0
520.0
1411.0
803.0
1933.0
101.0
636.0
257.0
114.0
16.0
210.0
193.0
300.0
844.0
411.0
538.0
3457.0
477.0
963.0
220.0
224.0
359.0
21.0
43.0
482.0
1057.0
571.0
378.0
980.0
1135.0
274.0
0.0
192.0
97.0
64.0
239.0
897.0
1158.0
2052.0
998.0
468.0
732.0
1574.0
135.0
264.0
127.0
76.0
359.0
592.0
567.0
580.0
374.0
667.0
1366.0
930.0
305.0
91.0
155.0
261.0
414.0
76.0
544.0
242.0
1487.0
420.0
127.0
124.0
163.0
56.0
163.0
135.0
26.0
261.0
1435.0
440.0
1112.0
1225.0
728.0
834.0
1285.0
249.0
1027.0
NaN
657.0
209.0
401.0
539.0
709.0
2135.0
681.0
345.0
638.0
271.0
424.0
96.0
15.0
232.0
1057.0
951.0
1224.0
1014.0
684.0
729.0
948.0
785.0
76.0
68.0
424.0
44.0
322.0
269.0
2026.0
488.0
839.0
374.0
1077.0
759.0
108.0
175.0
89.0
190.0
826.0
1553.0
339.0
1294.0
650.0
190.0
585.0
358.0
442.0
54.0
166.0
493.0
205.0
1123.0
81.0
619.0
354.0
631.0
468.0
327.0
238.0
0.0
348.0
59.0
513.0
1052.0
959.0
454.0
680.0
64.0
114.0
107.0
102.0
683.0
94.0
555.0
NaN
391.0
947.0
188.0
744.0
574.0
239.0
1196.0
58.0
237.0
41.0
394.0
160.0
99.0
448.0
405.0
188.0
NaN
141.0
36.0
139.0
125.0
366.0
1315.0
336.0
605.0
878.0
309.0
1206.0
1161.0
NaN
NaN
374.0
61.0
101.0
265.0
986.0
871.0
NaN
NaN
693.0
910.0
33.0
178.0
160.0
703.0
129.0
813.0
622.0
669.0
1420.0
470.0
1333.0
271.0
1178.0
165.0
23.0
99.0
219.0
252.0
33.0
258.0
1809.0
530.0
1187.0
211.0
213.0
28.0
46.0
26.0
545.0
355.0
338.0
295.0
1373.0
1091.0
281.0
292.0
698.0
200.0
420.0
390.0
76.0
269.0
440.0
680.0
478.0
1569.0
519.0
780.0
798.0
538.0
249.0
219.0
22.0
881.0
509.0
818.0
875.0
454.0
330.0
682.0
338.0
1384.0
184.0
208.0
281.0
579.0
881.0
656.0
1887.0
246.0
887.0
1010.0
1681.0
0.0
251.0
87.0
82.0
797.0
602.0
698.0
485.0
833.0
1096.0
939.0
376.0
516.0
311.0
150.0
203.0
415.0
1107.0
825.0
1188.0
1669.0
531.0
1436.0
138.0
223.0
0.0
67.0
104.0
465.0
97.0
453.0
706.0
1275.0
613.0
625.0
236.0
303.0
303.0
330.0
97.0
216.0
459.0
553.0
374.0
383.0
1035.0
845.0
48.0
523.0
108.0
100.0
186.0
720.0
444.0
283.0
487.0
904.0
246.0
1054.0
419.0
257.0
66.0
5.0
181.0
611.0
370.0
1351.0
1718.0
1236.0
709.0
273.0
646.0
31.0
156.0
33.0
245.0
394.0
841.0
1141.0
2302.0
717.0
697.0
739.0
139.0
526.0
29.0
247.0
224.0
407.0
392.0
189.0
1337.0
1549.0
1093.0
506.0
216.0
593.0
204.0
245.0
225.0
399.0
720.0
1569.0
2598.0
1382.0
832.0
663.0
127.0
757.0
214.0
331.0
193.0
117.0
882.0
361.0
1765.0
1686.0
711.0
854.0
613.0
221.0
51.0
68.0
72.0
1004.0
1439.0
1308.0
NaN
1298.0
541.0
833.0
1314.0
263.0
151.0
483.0
132.0
255.0
261.0
1212.0
NaN
129.0
1147.0
496.0
1095.0
877.0
329.0
837.0
134.0
365.0
683.0
297.0
150.0
1217.0
937.0
673.0
795.0
193.0
95.0
179.0
481.0
427.0
704.0
370.0
403.0
549.0
423.0
132.0
1209.0
513.0
108.0
343.0
86.0
201.0
948.0
864.0
1120.0
621.0
427.0
522.0
165.0
13.0
109.0
190.0
211.0
317.0
395.0
1457.0
988.0
1274.0
231.0
119.0
180.0
941.0
309.0
420.0
532.0
221.0
2108.0
823.0
921.0
743.0
277.0
726.0
262.0
1034.0
41.0
18.0
176.0
654.0
621.0
581.0
715.0
560.0
1481.0
225.0
797.0
23.0
71.0
43.0
402.0
157.0
713.0
896.0
805.0
847.0
348.0
722.0
253.0
432.0
147.0
163.0
168.0
162.0
444.0
1199.0
1130.0
695.0
1054.0
1045.0
800.0
127.0
38.0
275.0
138.0
166.0
699.0
898.0
1029.0
426.0
572.0
1253.0
545.0
797.0
377.0
67.0
48.0
426.0
762.0
764.0
474.0
400.0
1121.0
1787.0
76.0
64.0
92.0
49.0
456.0
813.0
1139.0
485.0
844.0
271.0
947.0
316.0
1177.0
10.0
168.0
15.0
29.0
330.0
810.0
889.0
939.0
544.0
389.0
292.0
1111.0
492.0
444.0
258.0
252.0
546.0
253.0
221.0
776.0
646.0
660.0
465.0
1868.0
5.0
770.0
278.0
342.0
318.0
246.0
631.0
1433.0
928.0
875.0
2530.0
267.0
142.0
658.0
NaN
NaN
NaN
NaN
NaN
NaN
NaN
NaN
NaN
NaN
NaN
NaN
NaN
NaN
NaN
NaN
NaN
NaN
NaN
NaN
NaN
611.0
107.0
606.0
110.0
194.0
354.0
933.0
1130.0
1754.0
925.0
445.0
469.0
773.0
20.0
276.0
113.0
61.0
533.0
824.0
721.0
2186.0
328.0
1571.0
224.0
219.0
273.0
223.0
98.0
100.0
64.0
315.0
1400.0
1192.0
897.0
1780.0
440.0
227.0
349.0
443.0
130.0
117.0
307.0
458.0
421.0
647.0
919.0
1554.0
1049.0
579.0
498.0
513.0
191.0
46.0
174.0
433.0
1144.0
542.0
374.0
2366.0
NaN
NaN
