NaN
20.8566666667
14.7129032258
5.22666666667
-4.29666666667
-7.23666666667
-2.78928571429
8.25806451613
11.7433333333
16.46
20.2833333333
26.0
NaN
20.7482758621
13.6451612903
5.49655172414
-5.55161290323
-3.02142857143
-2.93571428571
10.1387096774
16.3166666667
20.9689655172
26.9666666667
29.6166666667
26.7064516129
22.8233333333
18.7322580645
6.32666666667
NaN
NaN
NaN
NaN
NaN
NaN
NaN
NaN
NaN
NaN
NaN
NaN
-3.08709677419
-6.64193548387
-3.53793103448
3.56451612903
16.67
21.0
25.6933333333
29.3677419355
28.5903225806
26.5066666667
16.59
5.51333333333
-2.07419354839
-3.74516129032
-3.76071428571
2.95483870968
14.5566666667
NaN
28.2481481481
29.8741935484
29.5451612903
21.0733333333
16.6903225806
5.98333333333
-2.42903225806
-6.07142857143
-4.03214285714
-1.06774193548
6.50333333333
18.4903225806
24.9266666667
26.1709677419
24.7483870968
21.25
17.3870967742
2.13
-6.7935483871
-7.54193548387
-3.75357142857
-0.854838709677
9.81
22.0290322581
22.87
26.2290322581
23.6258064516
18.4166666667
13.1774193548
0.326666666667
-5.02258064516
-4.62258064516
-1.41785714286
0.386666666667
15.7666666667
19.8903225806
25.3233333333
27.9193548387
24.8419354839
22.6896551724
12.3838709677
6.03333333333
-1.85666666667
-3.63333333333
-4.08928571429
2.73548387097
9.27586206897
NaN
26.0166666667
27.0066666667
27.2709677419
22.57
19.8483870968
8.74666666667
-1.6
-6.69032258065
3.03571428571
2.27419354839
14.0033333333
16.2322580645
26.0166666667
26.7
25.664516129
19.6966666667
12.3483870968
6.28
-2.04516129032
-5.78387096774
-4.36071428571
1.93225806452
17.1533333333
22.42
24.2233333333
30.0677419355
28.6464285714
22.74
15.1709677419
1.29333333333
-6.12666666667
-4.53793103448
-3.73448275862
1.14193548387
10.832
20.6814814815
26.98
24.9965517241
26.0064516129
20.78
19.2870967742
4.61333333333
-1.36129032258
-8.03870967742
-1.98214285714
4.01612903226
13.3714285714
19.5
24.5033333333
29.1225806452
26.2580645161
20.2466666667
13.2677419355
3.625
-0.98064516129
-3.31612903226
-5.2
4.52258064516
14.3133333333
20.9033333333
22.57
NaN
26.4451612903
22.02
16.1966666667
6.03666666667
-5.85483870968
-7.54
-4.43928571429
4.64516129032
13.91
NaN
26.0678571429
27.7931034483
27.4967741935
22.0166666667
10.6935483871
0.3
1.32258064516
-4.23548387097
-2.05862068966
0.48064516129
13.9966666667
19.8
23.76
NaN
26.6166666667
22.0666666667
15.3580645161
6.50333333333
-2.8935483871
-4.34193548387
2.10357142857
5.68064516129
10.4633333333
19.8
26.4133333333
27.5483870968
27.9451612903
20.3866666667
15.7419354839
4.5
-4.39677419355
-7.86129032258
-5.29285714286
3.02903225806
12.31
21.2548387097
24.2862068966
NaN
26.735483871
19.8533333333
16.0258064516
5.45
-2.52903225806
-10.8655172414
-4.85714285714
6.32258064516
15.4233333333
18.8
27.3
29.6161290323
26.0806451613
22.5066666667
20.5866666667
7.97
-7.7064516129
-1.55806451613
1.07142857143
2.82580645161
14.39
23.8310344828
NaN
31.4032258065
27.1451612903
20.1321428571
14.0838709677
6.44
-5.4
-6.73870967742
-4.91428571429
-0.945161290323
10.24
22.564516129
24.8333333333
26.7548387097
25.564516129
16.8571428571
15.9516129032
4.82333333333
0.129032258065
-9.76774193548
-2.41785714286
6.38387096774
11.1333333333
19.7933333333
NaN
30.5516129032
25.935483871
22.9
15.0774193548
4.13333333333
-3.13870967742
-3.6064516129
-5.64285714286
4.13870967742
13.18
18.1193548387
25.2133333333
27.2258064516
NaN
22.7933333333
13.6096774194
3.16333333333
-1.07096774194
-4.78387096774
-3.65862068966
10.57
15.91
18.6096774194
24.9833333333
27.0933333333
27.3903225806
21.3666666667
15.4741935484
4.94333333333
-3.39032258065
-6.98709677419
-0.75
2.16451612903
15.1233333333
21.7677419355
21.12
27.5129032258
30.1129032258
23.0866666667
12.2580645161
5.09333333333
-2.13870967742
-8.94516129032
-1.91071428571
2.64333333333
14.02
20.1677419355
26.6333333333
29.9096774194
28.3193548387
21.58
14.8903225806
3.7
-2.72903225806
-8.7064516129
-3.08928571429
2.13870967742
15.0166666667
19.8258064516
28.2
26.7419354839
26.6709677419
22.5333333333
17.135483871
5.25666666667
-2.7935483871
-7.68709677419
-4.70689655172
1.72903225806
11.39
23.8193548387
25.96
26.65
NaN
20.55
12.1322580645
3.15333333333
-6.03225806452
-3.53225806452
-1.025
9.31612903226
12.3448275862
18.2
26.0666666667
28.6133333333
27.7806451613
20.2766666667
17.5612903226
4.88928571429
-4.22903225806
-5.78709677419
-2.84285714286
3.06774193548
14.29
18.5387096774
24.2566666667
30.8451612903
26.3096774194
19.9310344828
15.1806451613
5.72413793103
-0.409677419355
-4.28064516129
-3.05714285714
0.609677419355
9.1
22.1612903226
24.8833333333
29.4806451613
26.7806451613
19.6333333333
17.9774193548
8.70666666667
-2.7935483871
-5.43225806452
1.89310344828
5.13548387097
16.5733333333
20.7935483871
28.1066666667
30.5290322581
28.2903225806
23.0333333333
12.4967741935
1.81333333333
-7.70967741935
-12.6516129032
-2.06071428571
6.99677419355
17.6833333333
25.8612903226
24.2066666667
27.8903225806
24.2096774194
19.9066666667
13.9516129032
3.59333333333
-5.83870967742
-8.62903225806
-5.64642857143
3.45806451613
12.43
21.8225806452
24.0133333333
24.3419354839
25.5387096774
23.2633333333
13.1774193548
3.05
-7.0064516129
-12.5967741935
-7.81428571429
1.05806451613
9.88
17.2193548387
22.78
25.9129032258
23.7967741935
23.2466666667
13.7935483871
4.48
1.25483870968
-5.23548387097
-3.55517241379
2.21935483871
16.4933333333
23.9129032258
25.6466666667
29.1903225806
26.4193548387
20.9833333333
12.6516129032
6.90333333333
-2.92580645161
-1.85806451613
-0.167857142857
7.57741935484
15.0166666667
20.2161290323
24.9433333333
26.8774193548
25.7548387097
20.9866666667
13.1677419355
8.09666666667
-3.58387096774
-9.7935483871
-3.29642857143
2.56451612903
11.6333333333
23.1387096774
22.89
28.4903225806
26.3419354839
20.0966666667
14.8193548387
3.70333333333
0.0709677419355
-2.68709677419
0.5
4.56451612903
11.2233333333
17.6870967742
26.06
29.9387096774
28.7548387097
21.94
14.3419354839
4.64333333333
-9.58387096774
-5.52258064516
2.44137931034
1.97741935484
15.1166666667
19.2903225806
26.0266666667
28.3741935484
28.8741935484
21.29
16.5516129032
5.97
-2.28064516129
-6.55483870968
-3.62142857143
8.50967741935
17.8133333333
24.464516129
24.5633333333
28.7096774194
26.0225806452
21.1321428571
15.1806451613
1.18666666667
-8.01666666667
-3.91333333333
-4.05185185185
7.79
17.3633333333
22.5266666667
26.9428571429
29.0344827586
25.5896551724
21.2766666667
14.9032258065
3.74
-1.26774193548
-1.27666666667
4.30714285714
9.16129032258
20.2827586207
24.1870967742
29.24
30.3741935484
26.5806451613
23.9266666667
12.0548387097
7.67
-0.409677419355
-6.41612903226
-4.15172413793
6.0
15.8633333333
26.6612903226
30.9862068966
33.4516129032
30.8258064516
23.5633333333
12.1466666667
5.84
-1.91935483871
-0.541935483871
-5.81111111111
2.08387096774
13.5620689655
21.3032258065
25.2866666667
30.0709677419
27.8548387097
23.3333333333
17.3129032258
3.07666666667
-7.00967741935
1.41612903226
0.417857142857
7.82580645161
16.1066666667
19.8258064516
26.1517241379
28.6677419355
27.7096774194
23.4233333333
15.8193548387
9.44666666667
-2.99032258065
-5.97419354839
1.81071428571
6.84193548387
16.8
22.1258064516
28.4466666667
27.9612903226
27.7709677419
19.51
13.0225806452
-0.293333333333
-2.45806451613
-2.73
0.465517241379
3.97419354839
9.82666666667
21.8677419355
23.82
23.8032258065
24.8419354839
20.3533333333
13.7322580645
2.55333333333
-2.36129032258
-4.95666666667
-3.825
3.94838709677
10.4866666667
18.464516129
22.44
25.5548387097
26.4032258065
17.09
12.9612903226
2.85666666667
-3.14838709677
-11.1516129032
-6.46428571429
5.09032258065
12.5433333333
21.3129032258
26.6466666667
25.9709677419
25.1096774194
22.5633333333
15.3935483871
6.88
-0.806451612903
-5.18709677419
-3.39642857143
4.39032258065
8.77666666667
19.2096774194
28.6533333333
27.7483870968
27.8903225806
21.15
13.435483871
-0.383333333333
-4.96451612903
-7.69032258065
-4.58620689655
-0.477419354839
10.0833333333
17.7064516129
24.79
26.0225806452
27.6483870968
21.72
14.5774193548
-0.37
-5.32580645161
-8.1
-1.45714285714
2.37419354839
12.5333333333
16.8612903226
26.9266666667
26.33
24.7064516129
22.22
14.6774193548
2.05666666667
0.574193548387
-3.81935483871
3.78928571429
3.58333333333
15.9655172414
24.5225806452
23.5366666667
27.9580645161
27.0290322581
25.34
14.4161290323
6.58666666667
0.267741935484
-8.03548387097
0.653571428571
5.36774193548
14.2
21.1533333333
24.8733333333
28.9967741935
25.235483871
21.1633333333
14.1666666667
9.4
-1.10322580645
-6.04193548387
0.544827586207
9.27419354839
NaN
20.7741935484
23.5966666667
NaN
26.0870967742
20.6766666667
16.1064516129
3.22666666667
-10.0133333333
-3.2
-6.42592592593
2.09677419355
13.94
19.9451612903
24.38
28.2419354839
27.5806451613
20.0766666667
13.1096774194
11.2966666667
0.836666666667
-1.39677419355
0.721428571429
-0.751612903226
11.4833333333
17.3322580645
25.52
29.2903225806
25.8096774194
22.2266666667
9.27333333333
3.48
-0.993548387097
-6.42258064516
-5.4
3.33548387097
12.6066666667
19.5870967742
24.1633333333
27.0096774194
28.7967741935
22.01
14.2806451613
3.34666666667
-1.25483870968
-8.72580645161
-2.58620689655
4.09032258065
14.5133333333
18.1483870968
23.07
26.5258064516
22.7806451613
24.0166666667
14.4387096774
7.28
-2.49677419355
-6.25483870968
-0.396428571429
2.65161290323
16.6666666667
18.1290322581
26.89
28.9612903226
26.6419354839
24.0586206897
15.9548387097
6.14333333333
NaN
0.522580645161
-3.74642857143
4.21612903226
16.7066666667
20.4677419355
26.4733333333
31.2548387097
26.8258064516
19.3333333333
11.6161290323
5.91666666667
0.283870967742
-3.50967741935
-7.58928571429
6.36774193548
12.8566666667
22.4258064516
27.4
28.164516129
26.4741935484
22.7433333333
16.0451612903
4.57
-5.50322580645
-7.00967741935
-6.54827586207
1.05
10.86
18.4258064516
24.42
27.6064516129
26.3935483871
22.24
13.935483871
5.02
-5.58387096774
-9.76129032258
-2.20357142857
4.19032258065
12.8766666667
19.9258064516
24.08
24.3709677419
24.9774193548
23.91
9.17741935484
9.17
-4.54838709677
-6.60967741935
-2.49285714286
9.61935483871
17.9066666667
20.735483871
24.0333333333
27.8870967742
27.7580645161
19.5266666667
16.1612903226
5.19666666667
-6.07741935484
-8.18064516129
-3.93571428571
2.4
10.8066666667
18.0214285714
24.46
29.4258064516
26.6387096774
20.04
16.4838709677
6.82068965517
-0.612903225806
-2.43
0.706896551724
12.5766666667
13.9333333333
23.3548387097
26.8066666667
30.9
27.2827586207
23.42
12.7387096774
6.41
-0.703225806452
-5.11612903226
-4.38214285714
-0.0709677419355
6.89
18.5258064516
23.6666666667
27.764516129
27.5870967742
23.85
13.1419354839
3.17333333333
-7.67096774194
-9.55806451613
-9.32857142857
-1.38387096774
9.04
19.0903225806
25.6833333333
25.5161290323
25.9870967742
20.54
12.9709677419
-0.406666666667
-2.03548387097
-5.90967741935
-8.86071428571
5.13870967742
14.1133333333
20.3258064516
24.3166666667
26.9322580645
24.2032258065
23.5933333333
14.8064516129
8.64666666667
1.7
-6.09032258065
-1.78275862069
7.91935483871
12.6066666667
20.7903225806
25.5233333333
27.2258064516
26.4709677419
21.9724137931
15.4290322581
10.18
-3.58333333333
-4.56129032258
1.61071428571
3.44193548387
13.6566666667
18.2433333333
25.4466666667
27.5
23.7709677419
NaN
NaN
