819.0
940.0
188.0
242.0
320.0
802.0
279.0
NaN
88.0
815.0
602.0
476.0
1645.0
NaN
NaN
NaN
NaN
NaN
NaN
420.0
191.0
629.0
711.0
684.0
807.0
615.0
172.0
333.0
274.0
121.0
201.0
NaN
491.0
764.0
891.0
813.0
1353.0
1200.0
1000.0
949.0
1015.0
364.0
130.0
376.0
188.0
410.0
339.0
736.0
919.0
747.0
1631.0
269.0
56.0
417.0
305.0
135.0
386.0
349.0
819.0
487.0
1207.0
570.0
477.0
193.0
45.0
170.0
312.0
137.0
170.0
427.0
1267.0
1302.0
1432.0
1007.0
855.0
1577.0
1683.0
214.0
148.0
49.0
199.0
343.0
798.0
963.0
790.0
660.0
729.0
422.0
1141.0
267.0
254.0
101.0
102.0
624.0
478.0
1089.0
760.0
1153.0
1110.0
348.0
135.0
790.0
173.0
108.0
109.0
196.0
737.0
1298.0
811.0
1225.0
404.0
607.0
262.0
760.0
168.0
100.0
25.0
109.0
681.0
693.0
730.0
952.0
1207.0
1207.0
406.0
393.0
41.0
193.0
444.0
418.0
482.0
1178.0
531.0
777.0
2075.0
1565.0
1533.0
460.0
550.0
235.0
124.0
32.0
811.0
1401.0
700.0
229.0
830.0
999.0
520.0
305.0
81.0
33.0
341.0
824.0
637.0
458.0
1083.0
727.0
775.0
1070.0
1044.0
704.0
236.0
89.0
365.0
351.0
436.0
1188.0
907.0
879.0
1312.0
1383.0
799.0
73.0
193.0
99.0
105.0
747.0
539.0
1060.0
976.0
1052.0
531.0
1046.0
325.0
480.0
111.0
144.0
21.0
317.0
642.0
1052.0
692.0
1466.0
633.0
1486.0
81.0
443.0
205.0
119.0
222.0
507.0
955.0
1243.0
528.0
1089.0
1539.0
2484.0
199.0
767.0
724.0
290.0
392.0
1037.0
507.0
338.0
632.0
1009.0
818.0
298.0
349.0
266.0
422.0
621.0
252.0
291.0
728.0
694.0
2229.0
562.0
747.0
710.0
880.0
193.0
188.0
224.0
82.0
318.0
1257.0
1487.0
1595.0
1040.0
400.0
1793.0
477.0
266.0
700.0
665.0
41.0
299.0
625.0
1290.0
2310.0
1217.0
83.0
1084.0
964.0
153.0
409.0
123.0
36.0
450.0
319.0
1971.0
628.0
856.0
430.0
1236.0
940.0
633.0
293.0
550.0
517.0
204.0
451.0
971.0
1028.0
2165.0
729.0
869.0
828.0
738.0
618.0
189.0
163.0
684.0
418.0
483.0
456.0
1065.0
1614.0
2102.0
533.0
333.0
680.0
235.0
249.0
983.0
1347.0
2192.0
1411.0
661.0
694.0
802.0
617.0
356.0
365.0
87.0
253.0
627.0
626.0
1024.0
775.0
673.0
760.0
303.0
432.0
404.0
349.0
342.0
273.0
484.0
1038.0
460.0
1090.0
369.0
2187.0
730.0
103.0
866.0
443.0
328.0
439.0
769.0
1007.0
563.0
444.0
1389.0
289.0
156.0
156.0
6.0
155.0
201.0
284.0
919.0
776.0
803.0
836.0
1170.0
616.0
973.0
709.0
1101.0
518.0
197.0
56.0
91.0
1173.0
1227.0
1002.0
1398.0
796.0
2112.0
559.0
630.0
268.0
394.0
417.0
937.0
393.0
1151.0
1032.0
1100.0
1167.0
33.0
1412.0
584.0
211.0
527.0
93.0
308.0
498.0
754.0
876.0
854.0
2334.0
1422.0
548.0
103.0
206.0
21.0
676.0
130.0
1301.0
280.0
1012.0
526.0
852.0
627.0
881.0
107.0
250.0
433.0
37.0
508.0
893.0
524.0
643.0
1604.0
820.0
553.0
715.0
1007.0
596.0
224.0
517.0
457.0
372.0
1348.0
273.0
834.0
1338.0
1242.0
714.0
803.0
232.0
161.0
432.0
358.0
1065.0
590.0
1773.0
833.0
844.0
827.0
1699.0
1007.0
582.0
158.0
345.0
726.0
580.0
617.0
857.0
433.0
1032.0
1171.0
443.0
1161.0
464.0
100.0
302.0
520.0
642.0
491.0
1309.0
1453.0
821.0
2383.0
631.0
288.0
124.0
232.0
15.0
457.0
688.0
626.0
1791.0
1296.0
361.0
740.0
339.0
736.0
407.0
393.0
81.0
437.0
594.0
156.0
288.0
583.0
1024.0
1331.0
366.0
662.0
195.0
102.0
121.0
602.0
264.0
2317.0
262.0
726.0
537.0
550.0
930.0
323.0
56.0
245.0
113.0
769.0
532.0
995.0
1529.0
1276.0
1620.0
788.0
554.0
150.0
460.0
82.0
173.0
262.0
1041.0
1013.0
440.0
977.0
545.0
641.0
502.0
1220.0
266.0
178.0
149.0
677.0
647.0
544.0
452.0
1151.0
708.0
1784.0
251.0
1128.0
422.0
334.0
160.0
191.0
1014.0
1439.0
2060.0
963.0
1077.0
755.0
380.0
396.0
54.0
339.0
218.0
112.0
1039.0
350.0
532.0
1785.0
937.0
828.0
488.0
537.0
66.0
130.0
87.0
788.0
622.0
843.0
329.0
501.0
2889.0
500.0
1220.0
488.0
196.0
762.0
299.0
419.0
742.0
552.0
1489.0
934.0
707.0
598.0
652.0
363.0
377.0
482.0
179.0
594.0
187.0
758.0
840.0
917.0
1197.0
656.0
552.0
61.0
158.0
466.0
338.0
722.0
445.0
808.0
2499.0
163.0
1767.0
394.0
368.0
341.0
123.0
547.0
267.0
74.0
1210.0
1124.0
719.0
2438.0
1031.0
223.0
308.0
377.0
122.0
325.0
160.0
313.0
760.0
1270.0
1891.0
803.0
1201.0
988.0
38.0
565.0
481.0
211.0
286.0
190.0
1062.0
1277.0
1205.0
1105.0
836.0
1039.0
544.0
634.0
NaN
204.0
NaN
699.0
989.0
658.0
NaN
NaN
953.0
902.0
1150.0
33.0
41.0
NaN
152.0
535.0
633.0
1199.0
946.0
792.0
NaN
NaN
NaN
NaN
NaN
229.0
454.0
813.0
410.0
2185.0
1372.0
663.0
NaN
451.0
NaN
436.0
431.0
331.0
354.0
NaN
NaN
771.0
1315.0
NaN
909.0
NaN
325.0
711.0
NaN
212.0
247.0
341.0
474.0
955.0
400.0
668.0
725.0
752.0
592.0
378.0
535.0
333.0
454.0
475.0
857.0
735.0
479.0
NaN
1523.0
618.0
919.0
13.0
815.0
343.0
436.0
232.0
1663.0
981.0
1219.0
871.0
158.0
418.0
463.0
280.0
737.0
69.0
198.0
502.0
780.0
NaN
633.0
820.0
1821.0
99.0
1643.0
145.0
611.0
231.0
156.0
180.0
632.0
776.0
1808.0
1980.0
1238.0
2241.0
524.0
572.0
438.0
232.0
404.0
758.0
1209.0
619.0
1015.0
1863.0
488.0
1035.0
485.0
452.0
394.0
282.0
323.0
685.0
736.0
1404.0
536.0
252.0
991.0
546.0
1127.0
379.0
437.0
420.0
369.0
502.0
1104.0
1502.0
1711.0
624.0
218.0
419.0
884.0
574.0
369.0
355.0
326.0
271.0
1501.0
1205.0
1176.0
833.0
2816.0
543.0
873.0
485.0
386.0
157.0
102.0
163.0
755.0
1342.0
1436.0
857.0
1040.0
1048.0
577.0
649.0
1320.0
243.0
256.0
1517.0
352.0
757.0
1337.0
1173.0
1150.0
1681.0
683.0
501.0
707.0
654.0
341.0
620.0
1358.0
1252.0
1391.0
751.0
812.0
NaN
NaN
