0.0
NaN
0.0
0.0
0.0
0.0
0.0
0.0
0.0
0.0
0.0
0.0
0.0
0.0
0.0
0.0
0.0
0.0
76.0
NaN
127.0
NaN
NaN
NaN
NaN
NaN
NaN
76.0
152.0
NaN
0.0
0.0
0.0
25.0
0.0
0.0
0.0
0.0
0.0
102.0
102.0
0.0
0.0
0.0
0.0
0.0
0.0
127.0
51.0
0.0
0.0
0.0
0.0
76.0
25.0
0.0
229.0
25.0
51.0
0.0
0.0
0.0
0.0
0.0
0.0
0.0
0.0
0.0
0.0
0.0
0.0
254.0
51.0
76.0
0.0
0.0
0.0
254.0
76.0
0.0
178.0
279.0
0.0
0.0
0.0
0.0
0.0
127.0
0.0
0.0
25.0
0.0
0.0
0.0
0.0
513.0
13.0
0.0
0.0
0.0
0.0
0.0
0.0
0.0
0.0
0.0
0.0
0.0
0.0
0.0
0.0
127.0
0.0
0.0
0.0
0.0
0.0
0.0
0.0
15.0
0.0
0.0
0.0
0.0
18.0
0.0
0.0
0.0
15.0
3.0
0.0
0.0
0.0
0.0
0.0
0.0
51.0
64.0
0.0
0.0
13.0
0.0
0.0
51.0
13.0
0.0
0.0
0.0
76.0
51.0
0.0
0.0
38.0
0.0
0.0
0.0
0.0
0.0
0.0
0.0
0.0
0.0
0.0
0.0
0.0
0.0
0.0
0.0
0.0
0.0
0.0
0.0
127.0
38.0
0.0
0.0
0.0
0.0
0.0
0.0
0.0
0.0
0.0
0.0
0.0
0.0
0.0
0.0
0.0
0.0
0.0
0.0
0.0
0.0
0.0
0.0
0.0
0.0
0.0
0.0
0.0
0.0
0.0
0.0
0.0
0.0
0.0
0.0
13.0
0.0
0.0
0.0
0.0
0.0
0.0
178.0
0.0
0.0
152.0
0.0
0.0
267.0
0.0
76.0
0.0
0.0
0.0
0.0
0.0
0.0
0.0
0.0
51.0
51.0
0.0
25.0
0.0
0.0
0.0
0.0
0.0
0.0
0.0
0.0
152.0
178.0
127.0
0.0
0.0
0.0
0.0
0.0
432.0
0.0
0.0
0.0
0.0
76.0
0.0
0.0
25.0
0.0
178.0
279.0
0.0
0.0
25.0
0.0
0.0
0.0
0.0
0.0
0.0
0.0
0.0
0.0
0.0
51.0
0.0
178.0
0.0
0.0
0.0
0.0
0.0
0.0
0.0
0.0
178.0
0.0
0.0
0.0
25.0
0.0
0.0
0.0
0.0
0.0
0.0
203.0
0.0
76.0
0.0
0.0
0.0
0.0
0.0
0.0
0.0
76.0
0.0
25.0
0.0
0.0
127.0
0.0
0.0
0.0
0.0
0.0
25.0
279.0
381.0
0.0
0.0
0.0
0.0
0.0
51.0
0.0
0.0
305.0
76.0
0.0
0.0
0.0
127.0
25.0
0.0
0.0
25.0
25.0
0.0
0.0
51.0
51.0
51.0
0.0
25.0
0.0
0.0
0.0
0.0
102.0
0.0
0.0
0.0
0.0
0.0
0.0
51.0
0.0
0.0
0.0
51.0
