NaN
24.7096774194
25.0193548387
17.8448275862
12.7064516129
-3.26
-11.4666666667
-8.42903225806
-9.38928571429
3.89032258065
14.2379310345
17.2566666667
24.0857142857
26.6870967742
23.5935483871
18.9933333333
7.78064516129
-1.33666666667
-8.04516129032
-4.83548387097
-10.3357142857
-2.36774193548
9.37333333333
15.0870967742
19.48
27.8129032258
26.8516129032
17.7866666667
15.7
-3.39
-6.82903225806
-8.44516129032
-10.6827586207
-4.42580645161
6.3
18.4580645161
22.2666666667
25.0258064516
25.35
23.5
14.1774193548
-0.0933333333333
-9.03870967742
-12.1870967742
-12.2607142857
-3.41935483871
12.73
18.6387096774
22.4233333333
26.2290322581
27.9967741935
19.44
10.3709677419
6.31333333333
-10.0387096774
-21.3225806452
-9.02142857143
-3.76129032258
3.18666666667
12.8903225806
21.8466666667
23.9193548387
22.5483870968
19.0
12.6266666667
-3.01
-8.94193548387
-12.2548387097
-8.61071428571
-5.39
8.33333333333
20.3129032258
20.2366666667
26.6806451613
21.3419354839
15.2233333333
9.17419354839
-2.49333333333
-11.3741935484
-12.135483871
-4.08620689655
-3.52903225806
16.9133333333
19.3193548387
22.7033333333
25.3225806452
24.7580645161
21.7766666667
11.5451612903
3.31666666667
-3.51290322581
-7.37096774194
-3.71071428571
-0.696774193548
6.90666666667
16.8064516129
22.0066666667
25.3612903226
27.1580645161
19.19
17.5774193548
5.24666666667
-2.74838709677
-14.0225806452
2.66071428571
-0.732258064516
8.53571428571
15.0516129032
20.5833333333
25.52
23.335483871
16.0931034483
10.9451612903
5.31
-1.55806451613
-9.28064516129
-9.63928571429
-5.61
13.7633333333
18.8285714286
21.7
26.4387096774
27.2548387097
18.9366666667
13.4483870968
-5.28965517241
-10.7129032258
-9.96774193548
-8.61034482759
-2.2935483871
5.89666666667
18.064516129
26.2724137931
24.6032258065
25.6677419355
18.6166666667
15.6935483871
1.40666666667
-6.10322580645
-12.7193548387
-7.51785714286
0.303225806452
9.5
19.9129032258
21.22
29.2967741935
23.4903225806
18.1966666667
11.5451612903
1.11
-3.15806451613
-4.79032258065
-8.72142857143
1.02580645161
13.1766666667
21.6838709677
22.7833333333
24.7870967742
26.664516129
20.7433333333
15.0419354839
0.636666666667
-8.86129032258
-13.2033333333
-8.31785714286
4.28064516129
11.0533333333
16.2903225806
25.4333333333
28.0833333333
28.0290322581
17.89
5.60322580645
-3.99333333333
-2.2
-9.92
-7.57857142857
-4.87096774194
8.52
18.3
21.61
28.7290322581
26.4677419355
22.32
13.935483871
0.953333333333
-5.98064516129
-8.12258064516
-3.88214285714
1.6064516129
8.09333333333
18.164516129
27.89
27.58
30.8064516129
17.1833333333
13.3580645161
2.11
-10.7193548387
-11.4032258065
-11.9821428571
-3.22903225806
9.84666666667
14.8266666667
23.2366666667
24.0516129032
25.9193548387
18.7833333333
14.035483871
3.94666666667
-5.5935483871
-13.0806451613
-7.56785714286
4.87419354839
10.6666666667
17.3483870968
23.5333333333
27.8129032258
25.5290322581
22.26
19.3677419355
4.09666666667
-9.40967741935
-6.41612903226
-3.46896551724
-3.77741935484
11.54
19.3096774194
21.3733333333
26.3483870968
22.7612903226
17.04
13.0129032258
-0.77
-14.0225806452
-13.4032258065
-8.3
-5.91612903226
7.72
17.1935483871
21.4733333333
24.8967741935
24.5548387097
11.66
14.1161290323
-0.733333333333
-2.81935483871
-17.9774193548
-9.09642857143
2.57741935484
6.26333333333
16.664516129
23.4333333333
26.7774193548
23.8483870968
21.6066666667
12.7838709677
-3.15
-6.61666666667
-8.08709677419
-8.79642857143
-0.738709677419
6.84666666667
15.7193548387
22.48
26.2935483871
26.2166666667
22.31
10.5225806452
0.746666666667
-6.23548387097
NaN
-8.54827586207
4.87096774194
12.1333333333
15.8533333333
21.67
25.5928571429
22.4322580645
18.9103448276
11.78
0.527586206897
-9.82903225806
-15.8225806452
-7.54642857143
-3.50666666667
10.6433333333
18.3677419355
18.8862068966
23.91
29.3032258065
21.24
7.91290322581
4.19642857143
-3.59666666667
-12.7129032258
-5.82592592593
-3.84193548387
5.42666666667
15.2933333333
25.0566666667
26.2161290323
27.0516129032
19.7566666667
NaN
-0.544827586207
-8.32962962963
-16.0967741935
-6.01428571429
-1.00967741935
10.2733333333
19.0933333333
22.7413793103
23.0032258065
28.3161290323
18.3766666667
12.0258064516
2.28965517241
-9.05483870968
-12.1548387097
-10.3275862069
-0.555172413793
NaN
19.7666666667
23.8733333333
24.2935483871
26.1419354839
18.0733333333
10.39
-1.19310344828
-10.4806451613
-3.94838709677
-3.18461538462
6.24838709677
10.7482758621
19.7419354839
NaN
25.3838709677
27.1096774194
18.04
15.7148148148
-2.72962962963
-9.54333333333
-13.2214285714
-6.75
-3.73666666667
9.04666666667
13.6967741935
24.5033333333
28.2451612903
23.2258064516
17.7333333333
15.7516129032
2.50666666667
-2.82903225806
-6.34516129032
-7.73928571429
-2.67419354839
4.94827586207
18.7290322581
24.09
28.7266666667
23.9862068966
18.7379310345
14.0322580645
3.98333333333
-5.13
-7.88387096774
-1.32413793103
-1.54
13.83
20.8193548387
24.72
27.4580645161
28.19
23.3566666667
10.6387096774
0.830769230769
-7.9
-13.2322580645
-1.46785714286
4.46785714286
17.1933333333
24.3838709677
23.5961538462
26.5548387097
22.3774193548
17.324137931
14.6857142857
1.10333333333
NaN
NaN
NaN
NaN
NaN
NaN
NaN
NaN
NaN
NaN
NaN
NaN
NaN
NaN
-14.3538461538
-1.63666666667
2.97777777778
NaN
24.1074074074
26.4071428571
NaN
21.6310344828
11.824137931
NaN
NaN
-10.8142857143
-7.64166666667
NaN
18.3
NaN
24.9777777778
27.3428571429
22.2214285714
17.85
10.3866666667
NaN
-5.31034482759
-3.8962962963
-3.18461538462
6.83225806452
15.7034482759
18.6096774194
22.2733333333
27.1258064516
26.9258064516
20.6962962963
11.56
6.8037037037
-7.59
NaN
NaN
NaN
8.21111111111
17.1724137931
20.125
25.3428571429
NaN
NaN
10.9068965517
-0.353571428571
-5.13571428571
-3.73703703704
-4.444
NaN
7.15
14.6666666667
21.7107142857
27.5580645161
28.5709677419
17.56
10.2419354839
1.60357142857
-15.1833333333
-6.9935483871
0.368965517241
-2.74193548387
11.5103448276
16.2344827586
22.3
27.4
28.4419354839
16.05
10.9172413793
0.265517241379
-10.4724137931
-8.48620689655
-9.14444444444
3.08333333333
14.3071428571
20.5033333333
18.64
26.0322580645
19.9392857143
14.36
10.3633333333
-6.63103448276
NaN
-4.34482758621
-7.5
3.90689655172
9.46428571429
19.22
23.0444444444
24.5580645161
NaN
16.4533333333
11.1448275862
NaN
-3.09
NaN
NaN
NaN
NaN
NaN
NaN
NaN
NaN
NaN
NaN
NaN
NaN
NaN
NaN
NaN
NaN
21.2615384615
29.9551724138
NaN
26.8666666667
17.1888888889
12.4074074074
NaN
NaN
NaN
NaN
NaN
11.1807692308
19.7666666667
NaN
NaN
NaN
20.9714285714
NaN
-0.367857142857
NaN
-2.51111111111
-3.47826086957
1.75769230769
NaN
NaN
22.4444444444
25.4321428571
26.1266666667
21.1692307692
12.9428571429
NaN
NaN
NaN
0.332
2.66
13.828
NaN
NaN
NaN
NaN
NaN
NaN
NaN
NaN
NaN
NaN
NaN
NaN
NaN
NaN
19.9142857143
23.8461538462
NaN
NaN
NaN
NaN
NaN
NaN
NaN
NaN
18.3148148148
18.3653846154
NaN
NaN
NaN
NaN
NaN
NaN
NaN
NaN
2.45384615385
12.3384615385
17.1296296296
NaN
23.4111111111
23.5703703704
NaN
13.7034482759
5.33703703704
-2.22307692308
-6.71538461538
NaN
NaN
NaN
NaN
NaN
NaN
28.5
NaN
NaN
NaN
NaN
NaN
NaN
-4.51428571429
5.13076923077
NaN
NaN
NaN
27.7310344828
18.8566666667
NaN
-6.16923076923
NaN
NaN
NaN
NaN
NaN
NaN
NaN
NaN
NaN
NaN
NaN
NaN
NaN
NaN
NaN
NaN
14.7807692308
NaN
NaN
NaN
NaN
NaN
NaN
NaN
NaN
NaN
NaN
NaN
NaN
NaN
NaN
NaN
NaN
NaN
NaN
NaN
NaN
-7.7962962963
-1.27586206897
5.21428571429
10.2333333333
18.2655172414
NaN
NaN
NaN
NaN
12.9259259259
-0.492592592593
NaN
-3.38965517241
-10.4423076923
0.367741935484
8.375
19.6172413793
21.5857142857
NaN
26.9433333333
19.59
11.1551724138
8.00344827586
-4.01379310345
-4.37307692308
1.07083333333
-5.46785714286
9.13846153846
15.0071428571
NaN
28.2714285714
23.7923076923
20.15
5.73103448276
NaN
-2.21153846154
NaN
-9.52173913043
NaN
11.9642857143
18.0
22.4266666667
25.935483871
27.5166666667
19.5814814815
15.2535714286
NaN
-2.95666666667
-12.6071428571
-5.1
2.49615384615
10.8
15.2730769231
19.0689655172
24.4551724138
19.9066666667
20.6333333333
12.6642857143
6.05185185185
-4.84482758621
-9.55925925926
-4.67692307692
0.816129032258
13.9689655172
NaN
22.11
24.96
NaN
20.7185185185
12.0807692308
1.99310344828
-4.35769230769
-2.08965517241
-7.8
-1.66551724138
NaN
NaN
23.7
29.2137931034
27.0103448276
18.9071428571
8.53870967742
2.8
-3.21379310345
-6.25
-10.712
1.90333333333
10.9793103448
17.1464285714
22.8965517241
26.9464285714
23.9724137931
20.3068965517
13.5071428571
1.14827586207
-7.92
-9.15161290323
-9.34482758621
-0.374193548387
10.7821428571
15.975862069
21.0233333333
25.6833333333
25.6321428571
19.8517241379
12.4068965517
1.30714285714
-12.2709677419
-10.7592592593
-6.468
-3.51428571429
7.28571428571
15.664516129
21.6357142857
23.5666666667
24.6222222222
24.8933333333
5.83
7.90666666667
-10.7785714286
-7.8
-8.26538461538
3.96206896552
14.7233333333
15.8896551724
21.7666666667
26.2517241379
27.0035714286
15.98
14.5033333333
0.611111111111
-9.88620689655
NaN
NaN
NaN
NaN
NaN
NaN
NaN
NaN
NaN
NaN
NaN
NaN
-3.31290322581
-1.95517241379
8.25666666667
12.16
17.8419354839
24.1689655172
NaN
27.0724137931
21.6344827586
8.8
-1.50333333333
-8.8
-8.88666666667
-6.32608695652
NaN
NaN
NaN
22.02
23.0888888889
25.2366666667
20.525
9.42592592593
0.722222222222
-12.3032258065
-10.33
-11.8571428571
-3.99666666667
6.62666666667
16.9827586207
20.7733333333
24.2193548387
25.05
20.0896551724
13.1580645161
-4.06896551724
-5.68965517241
NaN
-11.7807692308
2.93225806452
NaN
16.27
23.2266666667
26.18
25.6133333333
22.6482758621
12.9866666667
NaN
NaN
-7.55185185185
-2.05
4.45161290323
8.41071428571
19.5444444444
NaN
24.1461538462
24.8538461538
19.2379310345
NaN
7.08888888889
-9.60967741935
-6.89642857143
-2.13333333333
NaN
9.74814814815
18.8518518519
23.0222222222
NaN
NaN
NaN
NaN
