5.81333333333
-3.91290322581
-7.54193548387
-5.68275862069
3.10322580645
10.39
21.1193548387
25.82
26.5290322581
26.2387096774
21.2766666667
13.1290322581
2.85666666667
-5.34333333333
-4.36774193548
-2.14642857143
7.13548387097
13.2033333333
19.664516129
27.48
27.8483870968
29.1741935484
21.0866666667
18.5451612903
NaN
-4.7935483871
-5.81290322581
-1.43928571429
5.22903225806
14.0
18.6903225806
25.8066666667
31.7677419355
25.5741935484
21.1633333333
16.7709677419
5.61333333333
-0.577419354839
-4.68387096774
-5.04642857143
-0.193548387097
7.42333333333
22.4548387097
24.41
30.7580645161
27.5612903226
19.9866666667
18.1064516129
7.14
-2.53548387097
-5.01935483871
2.46551724138
4.33870967742
16.3933333333
20.5516129032
27.9833333333
30.4548387097
29.2548387097
23.68
12.7548387097
3.31333333333
-4.02580645161
-10.9806451613
1.66666666667
6.93548387097
17.6333333333
25.9032258065
27.7066666667
28.8322580645
24.5322580645
21.82
13.8096774194
4.28
-5.42903225806
-11.2870967742
-7.87142857143
3.19032258065
11.1633333333
21.2741935484
25.9633333333
27.0258064516
26.9419354839
25.56
15.5612903226
4.62666666667
-5.61935483871
-13.3290322581
-9.34642857143
0.135483870968
9.06
17.864516129
24.87
27.6193548387
24.3419354839
23.4133333333
15.2161290323
3.70333333333
0.967741935484
-3.62258064516
-4.96896551724
1.5935483871
15.2933333333
22.7935483871
26.67
30.6032258065
26.6451612903
22.6433333333
13.4193548387
9.24
-1.88387096774
-0.490322580645
1.31785714286
10.1451612903
16.9633333333
20.035483871
26.6233333333
27.5870967742
25.1419354839
22.7466666667
13.0451612903
8.48
-4.22903225806
-10.8096774194
-4.54285714286
2.99032258065
11.2966666667
20.2064516129
22.8133333333
28.364516129
26.2548387097
20.98
14.7870967742
2.79333333333
-0.996774193548
-4.28387096774
-1.74285714286
1.23548387097
8.57333333333
17.9548387097
24.08
30.7516129032
31.264516129
23.1033333333
14.8
3.1
-13.3161290323
-5.80967741935
0.0241379310345
-1.56129032258
11.0033333333
18.5064516129
25.44
27.8806451613
28.8387096774
20.27
14.8064516129
6.28
-1.72580645161
-6.97741935484
-3.83571428571
7.52
15.9033333333
22.5806451613
23.59
28.0903225806
24.0322580645
19.2066666667
NaN
-1.71333333333
-8.49677419355
-3.27096774194
-6.11428571429
5.44193548387
14.2566666667
20.0225806452
26.6266666667
28.2612903226
24.3032258065
20.8133333333
14.5935483871
1.8
0.18064516129
-0.464516129032
6.15357142857
6.23548387097
18.52
24.8064516129
29.2033333333
29.1548387097
25.535483871
22.4133333333
12.9387096774
8.08333333333
-1.39032258065
-7.57741935484
-6.32068965517
6.37096774194
13.3566666667
NaN
29.86
29.8322580645
28.8
22.9466666667
13.5290322581
4.97666666667
-1.81290322581
0.622580645161
-7.13571428571
1.98064516129
13.9833333333
21.4677419355
25.7833333333
29.4322580645
26.9161290323
22.0533333333
18.064516129
3.23666666667
-5.08709677419
2.41724137931
0.939285714286
5.84516129032
14.5933333333
18.5516129032
26.98
26.6903225806
26.5967741935
24.75
14.9322580645
7.1
-4.63870967742
-7.41290322581
3.29285714286
6.1935483871
14.59
20.5774193548
27.18
27.6096774194
26.635483871
21.7466666667
14.7225806452
-0.85
-1.3064516129
-0.587096774194
0.475862068966
5.72903225806
9.66666666667
22.3709677419
25.0433333333
22.8129032258
23.4612903226
21.1933333333
15.1774193548
1.45333333333
-3.60322580645
-6.5064516129
-6.67857142857
0.490322580645
10.23
18.9612903226
22.2533333333
25.2225806452
26.3516129032
18.3033333333
13.9387096774
2.46666666667
-3.41935483871
-11.0419354839
-7.75714285714
6.18709677419
14.2066666667
23.1161290323
26.1866666667
25.7741935484
24.8774193548
22.8366666667
16.0225806452
7.22666666667
-1.56129032258
-4.72258064516
-1.41785714286
3.9935483871
8.65
17.764516129
25.9066666667
28.2387096774
28.1193548387
20.54
13.564516129
1.05333333333
-1.64
-8.28387096774
-2.35172413793
NaN
10.8266666667
16.4129032258
25.6733333333
26.3580645161
25.8966666667
20.4566666667
15.9225806452
-1.15517241379
-8.32580645161
-8.79032258065
-3.2
2.81612903226
10.9066666667
17.1
27.5766666667
27.5161290323
26.1096774194
24.1466666667
16.8709677419
1.08666666667
-0.548387096774
-4.42258064516
2.90740740741
0.712903225806
13.9633333333
24.3387096774
23.3933333333
27.0161290323
26.1838709677
26.3333333333
16.2677419355
6.64666666667
2.10967741935
-7.27741935484
2.15555555556
5.79032258065
13.3133333333
20.6451612903
24.5966666667
29.4419354839
26.7387096774
22.8733333333
15.964516129
13.13
1.60322580645
-3.09032258065
2.85517241379
10.364516129
13.52
21.9548387097
24.7633333333
27.2483870968
27.2516129032
23.3333333333
16.3612903226
1.08666666667
-9.9064516129
-3.58387096774
-7.24285714286
0.454838709677
14.2233333333
20.7774193548
26.2166666667
29.3806451613
27.6580645161
21.3666666667
15.8032258065
13.7666666667
1.72258064516
0.783870967742
2.93928571429
-0.383870967742
13.2766666667
18.5129032258
27.8333333333
30.4161290323
25.8935483871
23.59
10.1612903226
5.0
1.36774193548
-4.09032258065
-3.44642857143
5.10322580645
14.6275862069
18.7741935484
24.9
28.0322580645
28.4806451613
22.1233333333
17.1387096774
3.88
-1.1064516129
-5.1064516129
-4.62413793103
7.5935483871
16.5333333333
19.1096774194
23.65
26.3741935484
24.2774193548
24.47
15.6838709677
7.92333333333
0.174193548387
-5.84193548387
2.18214285714
4.23870967742
16.28
18.564516129
27.5033333333
28.7580645161
26.5903225806
24.7066666667
17.2129032258
7.87333333333
-5.15483870968
0.896774193548
-1.81071428571
3.46129032258
15.8433333333
20.9741935484
26.9333333333
30.235483871
26.7774193548
19.6533333333
14.1483870968
8.0
1.59677419355
-4.07
-7.63928571429
6.76774193548
11.7233333333
23.6903225806
27.34
29.5806451613
26.6129032258
23.9066666667
17.2709677419
6.39
-4.97741935484
NaN
-6.4
1.61290322581
10.5433333333
18.9032258065
25.27
28.4032258065
26.6935483871
22.6333333333
15.2419354839
5.45
-5.55483870968
-6.95483870968
-0.964285714286
4.30322580645
12.1633333333
NaN
NaN
NaN
25.0387096774
23.5733333333
8.94838709677
10.1466666667
-5.98709677419
-8.75161290323
-5.99642857143
5.0037037037
17.95
20.5322580645
25.33
28.2096774194
28.6612903226
21.53
18.135483871
5.66333333333
-6.78064516129
-8.74838709677
-4.51851851852
1.35161290323
10.8366666667
18.7482758621
24.6266666667
30.335483871
27.2806451613
22.0533333333
18.264516129
7.72
0.816129032258
-0.677419354839
0.731034482759
13.8451612903
16.6433333333
23.0548387097
27.9533333333
32.0290322581
27.7096774194
24.7533333333
13.2387096774
7.61666666667
-1.40967741935
-4.27096774194
-3.08928571429
0.374193548387
7.49666666667
18.3387096774
24.6633333333
28.4935483871
26.5225806452
25.0033333333
14.3548387097
4.45666666667
-6.63225806452
-6.16774193548
-7.43571428571
1.65161290323
12.7666666667
20.1064516129
25.1066666667
25.1967741935
25.3225806452
21.9233333333
15.9064516129
1.18
-1.58709677419
-3.50967741935
-6.24642857143
8.27096774194
15.9466666667
19.3419354839
25.0166666667
27.1548387097
24.8032258065
24.6766666667
16.7612903226
7.81333333333
0.148387096774
-5.60967741935
-1.22068965517
8.14838709677
14.0933333333
20.1548387097
27.0366666667
27.1483870968
26.5193548387
23.2
16.2225806452
10.5733333333
-3.58064516129
-4.12258064516
3.73214285714
4.25806451613
13.6766666667
19.0129032258
26.8333333333
28.3032258065
23.9322580645
NaN
NaN
