-17.8769230769
-14.8148148148
-7.49310344828
1.01333333333
7.01333333333
15.6862068966
17.7962962963
NaN
9.46428571429
5.09333333333
NaN
-13.44
-12.2129032258
-12.4571428571
-1.76428571429
3.50357142857
8.19655172414
NaN
NaN
15.062962963
13.38
4.48275862069
-5.01111111111
-5.42333333333
NaN
-15.6785714286
NaN
1.51379310345
11.1333333333
NaN
NaN
NaN
15.8535714286
1.44
-3.15862068966
-6.93870967742
-10.3607142857
-10.9814814815
-7.46129032258
3.93333333333
12.6225806452
13.5962962963
NaN
16.5
8.94827586207
1.8
NaN
-7.31724137931
-11.9259259259
-9.17777777778
-6.89
1.28214285714
7.02580645161
11.5733333333
17.4064516129
12.6806451613
13.1133333333
NaN
NaN
-10.4407407407
NaN
NaN
NaN
5.47692307692
NaN
NaN
NaN
NaN
NaN
2.96551724138
-3.57931034483
-13.4
-12.4096774194
-16.3464285714
-11.1967741935
5.86666666667
12.3586206897
NaN
18.3066666667
18.9096774194
9.59310344828
6.42666666667
1.09310344828
-8.37142857143
-8.12222222222
-15.9130434783
-7.94193548387
3.68620689655
8.93225806452
NaN
NaN
NaN
12.6433333333
NaN
-2.34137931034
NaN
-10.7307692308
NaN
-5.86206896552
3.66333333333
10.2230769231
14.6444444444
19.7034482759
NaN
10.0884615385
NaN
-4.528
NaN
-9.53076923077
-12.4740740741
NaN
NaN
8.54642857143
NaN
16.0366666667
13.6827586207
10.3923076923
4.6724137931
1.396
-9.21851851852
NaN
-10.776
-1.85
1.55384615385
9.33846153846
10.8866666667
16.4714285714
NaN
NaN
3.78387096774
-4.73333333333
-13.8258064516
-17.8392857143
-16.9125
-6.27333333333
-1.65333333333
7.24285714286
NaN
15.6481481481
13.8344827586
10.5933333333
5.30967741935
-1.29333333333
-11.3607142857
NaN
-17.1481481481
-4.86071428571
1.77857142857
6.20666666667
13.64
14.837037037
15.424137931
12.1827586207
2.91428571429
-3.59230769231
-7.84193548387
-9.01290322581
-11.4592592593
-8.58214285714
1.39230769231
6.21
12.924137931
14.45
16.84
13.6068965517
3.38275862069
-1.99666666667
-9.15
-14.4413793103
-13.3571428571
-3.56774193548
-2.27666666667
2.8064516129
11.5692307692
14.735483871
13.0037037037
9.75925925926
2.31935483871
-2.98333333333
-8.38666666667
-11.4741935484
-12.2464285714
NaN
0.646666666667
8.13333333333
12.4133333333
14.9064516129
13.2967741935
13.3379310345
4.82307692308
-3.47142857143
-10.9161290323
-11.9965517241
-10.0071428571
-5.89677419355
-1.24827586207
5.92258064516
12.7068965517
14.1451612903
15.4346153846
9.1724137931
1.63
-0.382142857143
-14.2066666667
-14.07
-15.4571428571
-1.14516129032
2.07333333333
4.24074074074
12.408
14.8903225806
14.2193548387
9.375
5.44516129032
-5.72333333333
-12.79
-14.1741935484
-8.28571428571
-4.99032258065
0.0344827586207
9.14137931034
14.77
14.7483870968
13.0322580645
9.85666666667
3.32903225806
-7.30666666667
-6.61290322581
-23.864516129
-15.7107142857
-11.3133333333
0.863333333333
6.5
11.7066666667
15.1966666667
12.664516129
10.4766666667
2.76451612903
-2.76666666667
-8.38709677419
-12.6620689655
-15.4642857143
-9.72333333333
0.91724137931
6.49310344828
12.61
13.7774193548
13.8032258065
9.19
3.06451612903
-1.74482758621
-5.33548387097
-8.53225806452
-18.9071428571
-7.5064516129
-0.606666666667
7.92258064516
11.5896551724
15.2344827586
13.0161290323
9.50714285714
5.97741935484
-3.83
-16.2740740741
-15.4548387097
-7.72142857143
-7.35806451613
4.12
4.15806451613
8.97333333333
12.0193548387
9.94838709677
9.64333333333
5.29677419355
-0.72
-8.1935483871
-11.5580645161
-14.4321428571
NaN
1.68333333333
7.73870967742
11.3933333333
19.0129032258
15.8064516129
10.1172413793
4.53333333333
-3.29310344828
-13.0366666667
-15.8806451613
-18.2785714286
-5.44516129032
0.423333333333
4.60322580645
11.2275862069
16.3580645161
13.5064516129
8.88666666667
0.71935483871
-1.31333333333
-12.3870967742
-19.475
-12.4642857143
-3.35161290323
-0.58
9.85483870968
12.71
14.8612903226
16.2387096774
7.17666666667
5.89655172414
0.29
-3.81290322581
-8.37096774194
-8.81071428571
-3.64193548387
2.51666666667
6.84838709677
16.7566666667
16.7258064516
13.8161290323
11.7733333333
5.08387096774
-3.78666666667
-14.9967741935
-17.4064516129
-12.8642857143
-5.25483870968
-0.47
6.47741935484
14.0366666667
14.0483870968
12.5483870968
12.09
7.77741935484
-1.90666666667
-6.72580645161
-7.74193548387
-7.15714285714
-2.38620689655
5.12
9.30967741935
16.4533333333
19.2419354839
15.6225806452
13.275862069
5.7
-3.20666666667
-9.27666666667
-16.5931034483
-12.9740740741
-3.72580645161
1.78
11.5733333333
10.36
NaN
12.9
9.27666666667
2.91935483871
-0.876666666667
-11.0233333333
-9.98064516129
-14.5464285714
-9.35806451613
-0.0133333333333
6.47419354839
15.3066666667
15.6935483871
13.4451612903
10.43
2.66451612903
-0.806666666667
-2.95384615385
-18.1107142857
-10.0551724138
-6.12903225806
0.993333333333
4.53548387097
10.8066666667
13.5677419355
13.8709677419
7.96
5.97096774194
-2.84333333333
-14.5774193548
-12.9741935484
-10.0037037037
-4.76451612903
3.04
3.84516129032
13.675862069
14.7433333333
14.1677419355
12.36
0.0129032258065
-4.14
-12.3129032258
-12.6322580645
-8.99642857143
-9.43548387097
-1.57
7.1935483871
10.7633333333
15.6903225806
15.2516129032
10.2333333333
2.82857142857
-5.16896551724
-12.4290322581
-14.3193548387
-7.02142857143
-2.2935483871
1.62413793103
6.93548387097
10.9466666667
14.5548387097
10.9833333333
12.0666666667
5.67096774194
-1.59
-12.5161290323
-10.7290322581
-10.8321428571
-7.17741935484
-1.85862068966
7.58666666667
10.8866666667
15.7290322581
15.3666666667
8.80689655172
5.45483870968
-0.731034482759
-6.62580645161
-20.7580645161
-17.0642857143
-3.10967741935
3.05
5.82333333333
11.1655172414
15.6935483871
13.5387096774
9.93571428571
4.0
-4.75185185185
-8.96551724138
-16.6833333333
-8.61785714286
-5.56129032258
1.24333333333
8.94838709677
13.7866666667
15.5935483871
14.4064516129
10.424137931
4.08064516129
-1.84666666667
-8.79
-8.0935483871
-5.98571428571
-4.45483870968
1.15
6.22333333333
15.9633333333
17.1806451613
13.7
14.2379310345
7.42258064516
1.83
-3.33870967742
-7.09
-9.2724137931
-8.52903225806
0.443333333333
7.90322580645
15.2275862069
16.0225806452
15.88
9.39666666667
3.58709677419
-5.20333333333
-10.2483870968
-6.91290322581
-12.6071428571
-5.66774193548
1.54333333333
9.69666666667
17.0133333333
16.9225806452
13.7322580645
13.5689655172
2.90666666667
-4.69655172414
-9.74516129032
-8.25666666667
-13.7928571429
-7.56451612903
1.16
9.53225806452
15.5133333333
16.6967741935
13.7
9.58965517241
5.53333333333
0.45
-11.0064516129
-14.7290322581
-10.3703703704
-3.8
0.54
5.4935483871
11.98
18.6967741935
16.2032258065
10.4965517241
3.77333333333
-3.35
-9.45806451613
-17.035483871
-20.5206896552
-4.38709677419
-1.26
10.3741935484
11.1448275862
17.5870967742
16.335483871
12.4666666667
3.12666666667
-4.78666666667
-7.63
-14.5225806452
-12.1692307692
-7.11333333333
1.50666666667
8.05483870968
12.9433333333
16.7096774194
17.3064516129
10.83
2.50689655172
-3.60689655172
-10.7935483871
-13.0129032258
-7.95384615385
-2.77666666667
3.36
8.12580645161
13.1033333333
16.4870967742
16.1677419355
10.8966666667
7.50666666667
-1.14137931034
-8.98666666667
-8.59677419355
-13.8107142857
-6.11666666667
0.22
9.34838709677
15.0
16.79
15.5483870968
11.79
4.27741935484
-2.51034482759
-4.38064516129
-15.6258064516
-9.65172413793
-6.99032258065
-0.273333333333
6.53548387097
13.92
16.9903225806
15.8580645161
10.9965517241
6.14516129032
-3.33
-7.44137931034
-9.56451612903
-12.2821428571
-7.72258064516
3.72333333333
10.2193548387
14.5166666667
16.3677419355
15.0967741935
12.5
6.28387096774
-0.263333333333
-4.44838709677
-11.0709677419
-10.6035714286
-1.54193548387
4.14666666667
7.82580645161
14.02
15.7193548387
15.6225806452
10.5033333333
4.33548387097
-1.99666666667
-10.9774193548
-14.6419354839
-11.9928571429
-8.33870967742
0.6
6.99677419355
15.5933333333
16.6741935484
16.1290322581
7.68275862069
3.43548387097
-4.46666666667
NaN
-7.65161290323
-10.375
-6.91612903226
-0.576666666667
10.6870967742
14.8275862069
15.0290322581
15.8419354839
11.8566666667
3.28064516129
0.926666666667
-11.9064516129
-14.7032258065
-12.5571428571
-0.664516129032
2.02
5.91612903226
11.2
14.3483870968
14.9096774194
10.6666666667
2.5064516129
-2.86333333333
-12.2806451613
-11.6733333333
-11.8642857143
-1.09032258065
2.12
6.15806451613
12.61
15.3322580645
13.5612903226
9.93333333333
5.96129032258
-2.225
-9.34193548387
-10.2741935484
-13.275
-6.2
0.536666666667
4.78064516129
11.81
14.7903225806
18.7774193548
11.7266666667
9.49677419355
-4.68
-10.1516129032
-16.7066666667
-13.5793103448
-7.81
3.10333333333
6.15806451613
12.87
16.3677419355
15.2322580645
11.92
3.2935483871
0.776666666667
-9.81935483871
-11.5935483871
-11.5071428571
-5.41290322581
1.14333333333
7.99032258065
15.3866666667
17.5741935484
15.6967741935
8.18666666667
5.85161290323
-2.43
-9.0
-13.4806451613
-11.9607142857
-7.64516129032
-1.84666666667
6.61612903226
12.9266666667
13.9935483871
12.2483870968
10.1666666667
6.4935483871
-5.5
-14.6774193548
-16.0419354839
-12.4928571429
-6.8935483871
1.12666666667
9.21612903226
11.8666666667
15.4516129032
13.6677419355
8.78333333333
4.11935483871
-7.68333333333
-11.2709677419
-12.7935483871
-9.13793103448
-7.27741935484
2.83
7.8064516129
14.54
16.8677419355
14.4612903226
9.72333333333
-0.38064516129
-1.94
-6.96129032258
-10.3451612903
-10.9785714286
-4.46451612903
0.663333333333
7.64516129032
14.3133333333
16.6677419355
15.5193548387
9.83333333333
5.41935483871
-0.946666666667
-7.56451612903
-12.9935483871
-6.21785714286
-6.47096774194
2.31333333333
4.62903225806
14.32
16.2290322581
13.9967741935
10.9133333333
4.41935483871
-1.69
-9.34193548387
-12.7290322581
-12.0464285714
-7.72580645161
4.44666666667
8.92580645161
13.13
18.4935483871
17.2516129032
10.28
5.39677419355
-5.41
-12.2741935484
-12.4612903226
-12.7413793103
-9.03870967742
-1.24
6.42258064516
14.08
14.3870967742
15.2741935484
8.78333333333
7.17096774194
-2.67333333333
-8.59032258065
-16.3064516129
-9.20357142857
-5.66129032258
2.71333333333
7.23548387097
13.7066666667
16.264516129
14.9322580645
8.88666666667
3.04666666667
-2.37333333333
-7.79032258065
-11.0806451613
-14.4857142857
-5.10967741935
1.02333333333
6.38064516129
9.88666666667
14.5580645161
14.6225806452
10.7233333333
5.55161290323
-2.02333333333
-14.0225806452
-17.1
-16.025
-8.91612903226
0.936666666667
9.78709677419
13.9766666667
15.3548387097
18.0096774194
11.4433333333
3.70967741935
-7.58
-4.72903225806
-9.43225806452
-10.5068965517
-12.5903225806
2.65
7.39032258065
12.0066666667
14.2548387097
16.1516129032
12.3
4.24516129032
-1.29666666667
-10.9612903226
-12.8935483871
-7.61785714286
-3.06774193548
0.196666666667
5.24838709677
12.8233333333
15.5935483871
14.964516129
11.87
5.77741935484
-2.43
-11.6387096774
-15.9322580645
-13.7285714286
-6.74516129032
0.816666666667
11.2451612903
13.3066666667
14.2225806452
14.6774193548
8.91
5.94516129032
-1.87
-11.2677419355
-17.864516129
-16.5678571429
-6.41290322581
1.15
6.48709677419
13.7066666667
16.1516129032
13.7548387097
10.24
9.58709677419
0.41
-14.8903225806
-9.15806451613
-9.82413793103
-6.17419354839
2.53666666667
10.535483871
13.87
16.935483871
13.9290322581
10.0966666667
2.91612903226
-1.1
-11.7870967742
-14.1677419355
-13.5392857143
-8.4935483871
-0.02
9.84838709677
12.0566666667
14.8580645161
13.9774193548
10.3233333333
4.42580645161
-2.00333333333
-4.92580645161
-17.4290322581
-11.4285714286
-3.6935483871
1.02
4.92580645161
14.0333333333
16.8451612903
14.2677419355
9.13
3.93870967742
-2.20666666667
-9.83225806452
-11.6161290323
-15.6535714286
-5.79032258065
1.66666666667
4.65806451613
13.88
14.4322580645
12.3290322581
9.15
4.17419354839
-3.81666666667
-8.12258064516
-12.1806451613
-13.3793103448
-2.63548387097
2.49333333333
6.78387096774
13.7
15.4
14.8806451613
11.47
5.78387096774
-1.70666666667
-9.94838709677
-14.2032258065
-10.1481481481
-8.66129032258
1.52333333333
7.97741935484
10.35
15.6516129032
15.7
10.35
3.94516129032
-4.34
-9.37666666667
-16.9322580645
-13.5107142857
-7.16451612903
2.43
8.48064516129
14.24
16.2935483871
15.0967741935
11.4366666667
6.59032258065
-2.22666666667
-10.7161290323
-17.3903225806
-11.7714285714
-7.02903225806
0.183333333333
5.12258064516
15.2933333333
14.7548387097
13.3741935484
12.6833333333
9.13548387097
-2.28
-7.98064516129
-16.5387096774
-13.975862069
-8.35806451613
-1.27666666667
9.29032258065
11.1866666667
15.4451612903
15.1566666667
10.1466666667
2.93870967742
-1.78333333333
-12.0258064516
-10.0580645161
-9.16785714286
-0.716129032258
1.38333333333
6.18064516129
14.5233333333
17.1838709677
16.8258064516
11.4766666667
7.61290322581
-2.41
-9.59032258065
-11.6870967742
-12.6392857143
-4.97741935484
2.33666666667
6.43548387097
11.5833333333
16.8258064516
14.6387096774
7.67666666667
3.76129032258
-1.16666666667
-6.63870967742
-10.8677419355
-11.85
-8.71935483871
-1.28
10.4322580645
14.1966666667
16.5903225806
15.6161290323
8.14
4.92903225806
-0.113333333333
-9.33870967742
-15.835483871
-8.33103448276
-4.25806451613
2.77333333333
6.1064516129
14.6333333333
15.7677419355
13.3709677419
8.39
1.21612903226
-7.48666666667
-16.9258064516
-20.8096774194
-10.5964285714
-1.41290322581
3.48666666667
11.58
12.2233333333
17.5516129032
13.7161290323
11.9766666667
4.1935483871
-2.32
-11.1709677419
-15.6419354839
-16.1571428571
-8.07419354839
0.0433333333333
8.58387096774
12.94
15.4838709677
15.5290322581
12.2966666667
3.97741935484
-3.18
-11.5161290323
-18.7
-17.175
-5.51612903226
-0.296666666667
6.57096774194
12.93
15.5225806452
14.7870967742
10.87
3.54516129032
-2.37666666667
-7.09677419355
-12.4935483871
-12.5896551724
-7.58387096774
1.88666666667
8.5
12.12
16.4
15.7322580645
10.67
1.8
-2.28
-10.3935483871
-12.9387096774
-8.81785714286
-4.13225806452
2.50666666667
6.73870967742
14.137037037
16.3482758621
15.4935483871
9.38
2.26666666667
-1.18620689655
-9.67741935484
-19.6666666667
-13.9071428571
-6.02580645161
-1.58
11.1
10.17
16.4677419355
13.2612903226
9.27666666667
4.5
-3.29666666667
-6.53548387097
-9.28
-6.81785714286
-5.54838709677
-1.09666666667
5.14642857143
13.2966666667
17.3533333333
15.6233333333
8.84482758621
3.6724137931
-3.54137931034
NaN
-14.4821428571
-5.39642857143
-7.82258064516
3.10689655172
6.11034482759
14.4933333333
14.2733333333
14.8838709677
8.3
5.30357142857
-4.11923076923
-10.3833333333
-17.8366666667
-14.7607142857
-5.01935483871
2.72
7.98666666667
9.53666666667
12.4483870968
11.6290322581
8.86551724138
4.37333333333
-3.86333333333
-17.0433333333
-13.0774193548
-11.7
-4.87419354839
4.30740740741
9.90322580645
13.3466666667
17.8193548387
13.5322580645
11.6966666667
5.21666666667
-5.125
-7.52258064516
-9.24516129032
-6.64285714286
-2.27419354839
3.17586206897
9.85333333333
15.8066666667
18.5516129032
15.6709677419
11.3862068966
1.38387096774
-0.0533333333333
-4.77096774194
-15.5935483871
-14.2862068966
-4.78064516129
1.72
9.75161290323
14.9133333333
17.935483871
17.53
11.6
1.45666666667
-0.1
-9.98275862069
-8.08333333333
-15.8714285714
-8.54838709677
1.01333333333
7.01724137931
13.44
17.2
14.95
9.50689655172
4.64516129032
-5.58
-16.7483870968
-7.04838709677
-10.9074074074
-3.86451612903
2.73
6.45161290323
14.0033333333
16.0612903226
15.6566666667
12.5266666667
3.02903225806
-0.44
-10.5903225806
-15.4806451613
-9.58928571429
-3.78064516129
3.98666666667
11.9677419355
16.5766666667
16.0258064516
15.3258064516
10.2766666667
3.95483870968
-5.29
-8.38064516129
-7.6935483871
-6.16206896552
-4.67741935484
0.993333333333
8.12580645161
12.3566666667
13.9387096774
13.0966666667
NaN
3.47419354839
-2.35
-8.9
-11.6466666667
-11.95
-5.87096774194
0.196666666667
8.87096774194
13.1533333333
17.2903225806
16.7387096774
8.25666666667
2.54193548387
-2.77666666667
-7.32903225806
-18.5322580645
-15.1357142857
-4.41612903226
1.80666666667
7.87741935484
14.8733333333
15.3774193548
13.9193548387
12.9433333333
6.18387096774
-0.126666666667
-5.1064516129
-10.8419354839
-11.6821428571
-4.37419354839
-0.0133333333333
8.08387096774
16.6310344828
17.6903225806
19.0193548387
9.40714285714
5.04193548387
-6.29333333333
-11.2451612903
-15.7258064516
-13.1172413793
-9.05161290323
-0.323333333333
7.02580645161
14.33
15.2966666667
15.7838709677
11.42
4.53225806452
-5.91333333333
-8.91935483871
-14.3129032258
-9.48214285714
-5.23548387097
0.275862068966
5.1935483871
14.824137931
15.8677419355
14.1666666667
11.4551724138
4.75483870968
-3.01666666667
-4.77419354839
-8.78965517241
-3.58571428571
-2.78
3.74074074074
11.7896551724
14.4392857143
16.87
17.05
12.3166666667
6.25666666667
0.6
-6.19677419355
-14.4290322581
-5.72857142857
-4.12
4.29666666667
10.5193548387
15.3266666667
18.7966666667
15.9466666667
9.96666666667
3.3
0.765517241379
-7.65806451613
-12.7483870968
-7.7275862069
-0.896774193548
1.67666666667
10.2166666667
13.6392857143
16.5275862069
16.3896551724
10.8586206897
7.06666666667
-1.87
-15.4448275862
-10.1451612903
-11.7464285714
-5.77096774194
3.80666666667
9.88064516129
14.3107142857
17.1612903226
17.3161290323
9.76785714286
4.25172413793
2.82068965517
-4.5935483871
-6.69032258065
-4.71428571429
-5.09333333333
3.66
6.96785714286
16.0866666667
19.39
16.6333333333
13.3931034483
3.74516129032
-2.57
-6.41935483871
-13.2258064516
-14.5857142857
-5.68
1.29310344828
8.81612903226
13.6566666667
16.7774193548
17.5419354839
11.41
4.63333333333
-1.57
-5.86451612903
-14.7483870968
-9.61379310345
-1.37096774194
2.67586206897
7.27741935484
13.0966666667
16.0333333333
13.3935483871
12.96
5.25161290323
0.22
-9.44516129032
-13.3290322581
-7.1037037037
-6.71
3.95
8.15161290323
17.81
18.3483870968
17.3903225806
13.6433333333
6.6
-1.26333333333
-10.1225806452
-4.02903225806
-10.5928571429
-3.83225806452
5.06
9.51935483871
14.92
18.2290322581
17.464516129
10.37
2.74838709677
0.572413793103
-5.30333333333
-8.34838709677
-14.1777777778
-2.8935483871
2.8724137931
11.1034482759
15.6333333333
16.5709677419
17.0966666667
11.68
8.30666666667
-2.93
-10.4290322581
-12.2451612903
-14.0346153846
-7.61290322581
2.69333333333
7.25161290323
14.66
16.6967741935
15.7633333333
12.49
4.64516129032
-2.66
-15.3258064516
-17.7322580645
-10.6821428571
-5.90967741935
1.64666666667
9.62903225806
14.8
14.7967741935
15.4483870968
12.15
3.24838709677
1.62666666667
-9.27096774194
-11.2064516129
-9.47857142857
-2.37741935484
5.49
10.6516129032
15.8266666667
19.0838709677
18.3903225806
10.8666666667
5.57096774194
-0.99
-10.1451612903
-13.8129032258
-10.5785714286
-5.87741935484
1.88333333333
8.57096774194
14.5933333333
18.4967741935
16.9516129032
9.67
5.69677419355
-0.146666666667
-5.30967741935
-9.81935483871
-6.02413793103
2.9064516129
2.87666666667
10.5838709677
15.83
20.1935483871
16.4193548387
9.90333333333
4.02903225806
-1.68
-4.65161290323
-11.835483871
-12.5
-8.11935483871
0.506666666667
8.55161290323
14.63
17.3
15.7387096774
11.46
4.60322580645
-3.28
-13.8032258065
-18.3677419355
-17.6678571429
-10.0709677419
0.923333333333
8.74193548387
16.02
14.8806451613
16.4387096774
10.4733333333
4.76774193548
-5.33
-5.47741935484
-11.5580645161
-17.3821428571
-5.37419354839
3.03333333333
10.0193548387
14.35
16.4870967742
15.7387096774
14.41
5.85806451613
1.2
-1.39032258065
-11.0
-8.43103448276
-1.63225806452
1.81
8.81290322581
15.0482758621
17.9933333333
17.5612903226
14.0766666667
7.18064516129
2.25666666667
-8.66774193548
-9.3064516129
-6.68214285714
-4.37419354839
4.04
8.14838709677
14.92
16.8193548387
15.1
NaN
NaN
