16.8
21.87
21.2766666667
29.7903225806
30.19
27.7833333333
14.6806451613
9.41
5.3064516129
3.26
10.7571428571
9.58064516129
12.6633333333
19.1096774194
24.075862069
28.8903225806
30.1193548387
22.0
18.6064516129
15.0666666667
7.84838709677
2.87666666667
7.56896551724
11.8833333333
15.7423076923
20.9
25.224137931
30.4133333333
31.7612903226
25.9
17.4580645161
3.00666666667
-2.29642857143
4.92903225806
-4.15925925926
7.97419354839
15.5966666667
21.3580645161
25.8366666667
31.5774193548
33.1419354839
26.0214285714
16.8774193548
12.3310344828
4.2064516129
5.82413793103
7.96666666667
0.306451612903
14.4266666667
18.8193548387
29.7166666667
34.24
30.6419354839
24.4551724138
10.3741935484
NaN
6.61935483871
3.98333333333
0.685714285714
9.26774193548
16.4068965517
19.7903225806
24.5137931034
33.9833333333
33.4935483871
24.0533333333
NaN
NaN
NaN
-0.814285714286
3.96551724138
NaN
17.54
21.0620689655
24.675862069
30.6310344828
27.8580645161
23.5310344828
17.4548387097
10.3266666667
7.06896551724
-0.226666666667
7.85769230769
10.5066666667
16.7724137931
18.6870967742
25.9666666667
33.1666666667
29.3482758621
27.1833333333
16.7903225806
10.7833333333
1.62903225806
NaN
3.29642857143
6.84193548387
16.6620689655
21.67
NaN
34.864516129
31.0551724138
NaN
13.8111111111
9.13448275862
5.37
4.74285714286
1.304
13.9966666667
13.3966666667
21.75
27.7466666667
34.3387096774
30.3322580645
25.6433333333
17.7833333333
9.89655172414
1.24642857143
NaN
NaN
NaN
NaN
NaN
NaN
NaN
NaN
23.1166666667
15.1838709677
NaN
-1.3
NaN
NaN
NaN
NaN
NaN
NaN
26.5535714286
NaN
NaN
NaN
NaN
NaN
NaN
NaN
9.32258064516
14.5137931034
17.0258064516
23.4620689655
29.1967741935
30.8935483871
23.44
19.2258064516
6.25333333333
-0.0967741935484
-1.56129032258
NaN
5.19677419355
12.95
16.0387096774
NaN
NaN
NaN
NaN
18.0967741935
8.18333333333
4.47741935484
5.77741935484
4.59655172414
18.2
18.7733333333
21.264516129
30.5866666667
34.4419354839
30.7483870968
27.1166666667
14.9806451613
10.4133333333
1.82903225806
2.25161290323
5.18214285714
NaN
9.16
20.2387096774
24.92
30.3419354839
30.0322580645
26.4833333333
10.5903225806
7.48666666667
-1.68387096774
3.40322580645
-1.42857142857
6.3935483871
13.9266666667
19.0258064516
22.1866666667
28.3548387097
27.2516129032
22.8966666667
17.4935483871
3.72333333333
NaN
4.08709677419
5.31111111111
15.035483871
15.2766666667
16.3935483871
25.1433333333
28.535483871
28.1129032258
25.8366666667
16.6419354839
8.43
0.91935483871
0.935483870968
8.88965517241
12.9290322581
15.0633333333
20.4967741935
30.59
31.5064516129
29.335483871
23.9366666667
19.535483871
13.0033333333
-2.97096774194
-3.68709677419
6.4
10.835483871
14.58
20.735483871
27.2066666667
33.3870967742
28.7935483871
NaN
NaN
