0.0
43.0
23.0
NaN
889.0
NaN
190.0
1001.0
712.0
25.0
127.0
NaN
NaN
0.0
NaN
1904.0
645.0
NaN
1169.0
13.0
330.0
406.0
114.0
38.0
147.0
127.0
NaN
1562.0
483.0
1824.0
229.0
661.0
470.0
508.0
25.0
254.0
NaN
127.0
51.0
292.0
925.0
1555.0
229.0
420.0
458.0
0.0
76.0
0.0
0.0
50.0
89.0
279.0
1119.0
1005.0
725.0
826.0
267.0
255.0
89.0
324.0
5.0
432.0
155.0
1487.0
673.0
827.0
1355.0
318.0
584.0
572.0
18.0
13.0
0.0
NaN
268.0
521.0
100.0
852.0
50.0
328.0
1570.0
482.0
228.0
69.0
115.0
77.0
585.0
318.0
1290.0
NaN
1292.0
991.0
1004.0
507.0
13.0
99.0
25.0
280.0
115.0
444.0
1639.0
304.0
1702.0
1268.0
203.0
292.0
140.0
0.0
38.0
13.0
26.0
NaN
NaN
1398.0
NaN
549.0
180.0
1746.0
0.0
25.0
357.0
127.0
139.0
NaN
NaN
2246.0
877.0
140.0
827.0
25.0
102.0
0.0
76.0
102.0
127.0
990.0
114.0
554.0
876.0
571.0
686.0
815.0
157.0
254.0
25.0
330.0
0.0
51.0
561.0
413.0
1208.0
NaN
432.0
119.0
6.0
245.0
81.0
73.0
163.0
NaN
NaN
1933.0
1073.0
920.0
297.0
485.0
89.0
153.0
112.0
269.0
NaN
478.0
1019.0
140.0
1274.0
440.0
602.0
438.0
627.0
636.0
275.0
23.0
229.0
371.0
332.0
393.0
128.0
2545.0
371.0
318.0
46.0
526.0
335.0
326.0
239.0
392.0
921.0
1109.0
702.0
414.0
186.0
927.0
86.0
421.0
189.0
202.0
1178.0
483.0
353.0
397.0
532.0
584.0
988.0
242.0
117.0
86.0
102.0
301.0
770.0
1022.0
922.0
1016.0
427.0
590.0
352.0
28.0
182.0
953.0
56.0
97.0
163.0
347.0
314.0
1761.0
661.0
920.0
375.0
210.0
NaN
NaN
379.0
384.0
502.0
366.0
726.0
1134.0
NaN
NaN
NaN
NaN
NaN
NaN
NaN
NaN
NaN
115.0
781.0
592.0
112.0
504.0
NaN
NaN
NaN
99.0
145.0
28.0
178.0
881.0
1565.0
630.0
224.0
626.0
997.0
51.0
306.0
192.0
NaN
115.0
26.0
NaN
NaN
335.0
754.0
445.0
189.0
569.0
602.0
419.0
NaN
NaN
NaN
NaN
NaN
NaN
1067.0
414.0
119.0
467.0
851.0
86.0
0.0
23.0
122.0
NaN
1084.0
NaN
NaN
NaN
NaN
NaN
NaN
NaN
NaN
NaN
NaN
NaN
NaN
699.0
1105.0
712.0
NaN
191.0
NaN
NaN
NaN
NaN
NaN
279.0
NaN
826.0
1104.0
419.0
152.0
203.0
NaN
NaN
NaN
NaN
NaN
521.0
1373.0
1601.0
268.0
1931.0
812.0
NaN
89.0
NaN
NaN
NaN
NaN
127.0
407.0
1322.0
1715.0
927.0
470.0
165.0
NaN
NaN
NaN
NaN
NaN
NaN
407.0
1392.0
1233.0
927.0
241.0
292.0
NaN
NaN
NaN
NaN
64.0
0.0
457.0
355.0
NaN
1309.0
1182.0
89.0
NaN
NaN
NaN
223.0
888.0
1216.0
687.0
NaN
455.0
295.0
752.0
41.0
5.0
56.0
25.0
279.0
NaN
5.0
790.0
830.0
600.0
439.0
178.0
588.0
529.0
60.0
92.0
180.0
NaN
NaN
NaN
NaN
660.0
191.0
827.0
940.0
NaN
NaN
NaN
NaN
NaN
1397.0
1651.0
1330.0
175.0
1840.0
521.0
470.0
NaN
NaN
NaN
127.0
279.0
203.0
551.0
785.0
597.0
81.0
467.0
NaN
356.0
NaN
NaN
NaN
102.0
394.0
864.0
1446.0
425.0
689.0
531.0
229.0
NaN
NaN
NaN
NaN
NaN
714.0
NaN
51.0
1182.0
431.0
436.0
0.0
25.0
483.0
0.0
NaN
NaN
25.0
71.0
310.0
699.0
94.0
773.0
470.0
221.0
NaN
89.0
64.0
64.0
1630.0
1704.0
1129.0
757.0
1072.0
NaN
NaN
318.0
NaN
NaN
NaN
NaN
165.0
766.0
403.0
NaN
495.0
NaN
NaN
NaN
NaN
NaN
NaN
NaN
204.0
368.0
1101.0
485.0
NaN
NaN
NaN
10.0
0.0
0.0
NaN
516.0
419.0
978.0
1059.0
1010.0
267.0
825.0
18.0
249.0
0.0
73.0
0.0
0.0
235.0
858.0
937.0
261.0
381.0
183.0
60.0
0.0
NaN
NaN
NaN
558.0
718.0
570.0
939.0
482.0
NaN
NaN
NaN
NaN
NaN
NaN
NaN
NaN
NaN
564.0
868.0
218.0
104.0
1003.0
371.0
0.0
178.0
0.0
313.0
523.0
210.0
779.0
1352.0
167.0
587.0
1032.0
64.0
13.0
109.0
NaN
109.0
64.0
537.0
1145.0
1326.0
859.0
215.0
716.0
261.0
0.0
0.0
406.0
127.0
279.0
1660.0
1081.0
1093.0
249.0
931.0
347.0
193.0
246.0
13.0
81.0
NaN
282.0
688.0
1089.0
926.0
835.0
561.0
552.0
25.0
51.0
NaN
10.0
20.0
556.0
183.0
1042.0
580.0
305.0
767.0
1236.0
1105.0
261.0
38.0
140.0
0.0
10.0
662.0
881.0
2591.0
300.0
117.0
333.0
228.0
385.0
132.0
NaN
NaN
122.0
187.0
555.0
1536.0
1255.0
1199.0
272.0
129.0
NaN
NaN
NaN
NaN
338.0
324.0
1012.0
1220.0
756.0
803.0
546.0
391.0
107.0
137.0
152.0
313.0
287.0
300.0
978.0
559.0
2027.0
636.0
250.0
388.0
140.0
102.0
127.0
165.0
541.0
1093.0
1445.0
1039.0
914.0
1368.0
785.0
282.0
112.0
NaN
79.0
NaN
NaN
603.0
850.0
381.0
595.0
844.0
104.0
0.0
89.0
317.0
94.0
315.0
NaN
655.0
1749.0
1070.0
774.0
292.0
229.0
130.0
145.0
231.0
NaN
163.0
140.0
653.0
637.0
554.0
202.0
676.0
162.0
460.0
0.0
0.0
76.0
231.0
160.0
177.0
535.0
878.0
414.0
562.0
594.0
13.0
15.0
NaN
NaN
140.0
58.0
441.0
356.0
1159.0
493.0
203.0
NaN
167.0
87.0
100.0
56.0
25.0
675.0
855.0
1262.0
1394.0
314.0
877.0
1441.0
616.0
88.0
89.0
129.0
196.0
267.0
1075.0
836.0
670.0
1919.0
467.0
138.0
0.0
114.0
70.0
102.0
149.0
824.0
369.0
1356.0
1050.0
477.0
361.0
297.0
643.0
43.0
0.0
242.0
127.0
386.0
771.0
1577.0
1788.0
452.0
529.0
371.0
8.0
137.0
89.0
0.0
114.0
537.0
395.0
1549.0
845.0
451.0
554.0
644.0
135.0
104.0
53.0
25.0
288.0
459.0
187.0
1296.0
1614.0
1118.0
1266.0
342.0
301.0
13.0
107.0
292.0
0.0
310.0
488.0
666.0
556.0
1512.0
1214.0
861.0
165.0
137.0
25.0
51.0
376.0
482.0
795.0
134.0
956.0
638.0
1209.0
1187.0
43.0
56.0
114.0
224.0
343.0
101.0
307.0
1284.0
655.0
771.0
585.0
2162.0
181.0
13.0
650.0
106.0
247.0
49.0
346.0
652.0
1311.0
907.0
3206.0
461.0
315.0
0.0
237.0
102.0
38.0
0.0
489.0
787.0
2044.0
330.0
372.0
314.0
407.0
44.0
236.0
28.0
119.0
84.0
891.0
344.0
1094.0
864.0
1067.0
279.0
917.0
185.0
183.0
165.0
182.0
61.0
38.0
NaN
1343.0
770.0
833.0
458.0
993.0
76.0
198.0
13.0
58.0
221.0
773.0
409.0
561.0
374.0
408.0
1311.0
527.0
186.0
0.0
107.0
549.0
199.0
462.0
944.0
1351.0
699.0
57.0
467.0
577.0
440.0
180.0
5.0
11.0
107.0
664.0
2049.0
368.0
1600.0
277.0
665.0
303.0
453.0
229.0
104.0
143.0
1346.0
483.0
644.0
409.0
1611.0
420.0
1552.0
238.0
464.0
351.0
160.0
61.0
176.0
424.0
744.0
568.0
579.0
575.0
168.0
374.0
77.0
132.0
122.0
105.0
271.0
1245.0
483.0
1935.0
434.0
394.0
264.0
76.0
994.0
41.0
117.0
176.0
556.0
1071.0
1231.0
972.0
831.0
142.0
633.0
128.0
0.0
36.0
92.0
79.0
902.0
1439.0
1668.0
570.0
1768.0
1674.0
457.0
499.0
293.0
159.0
15.0
373.0
170.0
1664.0
661.0
593.0
984.0
1619.0
198.0
66.0
294.0
241.0
145.0
28.0
1068.0
803.0
1003.0
849.0
1229.0
238.0
318.0
611.0
422.0
235.0
25.0
253.0
459.0
416.0
470.0
379.0
779.0
744.0
159.0
453.0
18.0
56.0
15.0
31.0
229.0
181.0
935.0
729.0
1502.0
1444.0
471.0
244.0
986.0
266.0
262.0
31.0
569.0
630.0
1478.0
530.0
579.0
1112.0
358.0
919.0
500.0
564.0
178.0
63.0
931.0
405.0
992.0
1461.0
480.0
165.0
479.0
289.0
1099.0
186.0
79.0
587.0
463.0
1821.0
1022.0
977.0
513.0
560.0
61.0
NaN
559.0
273.0
76.0
0.0
359.0
1661.0
1072.0
854.0
1363.0
351.0
1625.0
303.0
125.0
84.0
0.0
130.0
810.0
627.0
1164.0
985.0
1249.0
1452.0
1045.0
277.0
56.0
94.0
41.0
353.0
2215.0
315.0
1168.0
312.0
274.0
1159.0
599.0
178.0
267.0
313.0
117.0
0.0
NaN
584.0
662.0
1125.0
696.0
711.0
1214.0
41.0
63.0
NaN
310.0
191.0
389.0
36.0
549.0
1174.0
641.0
558.0
1088.0
154.0
13.0
0.0
224.0
140.0
586.0
117.0
864.0
2078.0
651.0
412.0
148.0
415.0
854.0
79.0
0.0
51.0
556.0
423.0
1257.0
177.0
270.0
165.0
258.0
NaN
284.0
236.0
NaN
87.0
673.0
177.0
616.0
1516.0
781.0
1387.0
1116.0
333.0
244.0
0.0
484.0
250.0
64.0
419.0
1652.0
1774.0
3485.0
985.0
1100.0
342.0
318.0
35.0
0.0
8.0
10.0
262.0
325.0
1621.0
1606.0
234.0
655.0
614.0
267.0
0.0
81.0
NaN
NaN
570.0
1912.0
994.0
254.0
439.0
595.0
424.0
112.0
59.0
172.0
15.0
142.0
470.0
1461.0
1197.0
693.0
1163.0
650.0
28.0
955.0
38.0
48.0
215.0
94.0
590.0
731.0
383.0
204.0
1042.0
946.0
767.0
13.0
75.0
75.0
86.0
522.0
789.0
622.0
1660.0
1041.0
978.0
140.0
726.0
393.0
68.0
71.0
162.0
329.0
1161.0
859.0
1748.0
472.0
420.0
103.0
117.0
23.0
58.0
54.0
369.0
340.0
323.0
834.0
284.0
1515.0
203.0
214.0
666.0
403.0
112.0
397.0
225.0
88.0
1186.0
1245.0
300.0
399.0
1323.0
894.0
156.0
550.0
5.0
48.0
51.0
189.0
373.0
735.0
373.0
279.0
832.0
440.0
826.0
11.0
21.0
124.0
165.0
139.0
1133.0
789.0
955.0
472.0
389.0
784.0
194.0
249.0
5.0
82.0
221.0
514.0
503.0
1087.0
1285.0
737.0
413.0
1145.0
239.0
481.0
11.0
74.0
217.0
595.0
494.0
498.0
1665.0
238.0
711.0
119.0
224.0
455.0
97.0
25.0
23.0
938.0
632.0
89.0
373.0
919.0
1235.0
1847.0
386.0
132.0
692.0
203.0
282.0
831.0
1200.0
2007.0
1313.0
394.0
1388.0
694.0
1210.0
3.0
470.0
9.0
69.0
168.0
791.0
2053.0
1226.0
630.0
415.0
664.0
1523.0
347.0
379.0
112.0
184.0
59.0
327.0
547.0
1109.0
700.0
2374.0
273.0
1056.0
13.0
233.0
89.0
184.0
390.0
482.0
1097.0
3028.0
1055.0
351.0
590.0
274.0
33.0
38.0
NaN
NaN
328.0
NaN
NaN
NaN
NaN
NaN
178.0
783.0
13.0
86.0
23.0
326.0
158.0
725.0
1010.0
114.0
44.0
237.0
91.0
44.0
41.0
140.0
56.0
130.0
191.0
831.0
1693.0
523.0
256.0
1104.0
788.0
1324.0
155.0
10.0
15.0
33.0
24.0
569.0
158.0
1898.0
422.0
1190.0
567.0
183.0
46.0
260.0
8.0
92.0
28.0
630.0
846.0
883.0
517.0
800.0
717.0
289.0
553.0
289.0
85.0
168.0
194.0
1707.0
994.0
163.0
969.0
405.0
259.0
134.0
310.0
80.0
233.0
166.0
439.0
1249.0
1489.0
201.0
683.0
871.0
515.0
NaN
