0.406666666667
-2.72258064516
-2.20967741935
0.735714285714
1.11290322581
6.70333333333
14.6032258065
17.33
19.2258064516
17.8193548387
15.0517241379
7.41612903226
2.75862068966
-2.05806451613
-6.32903225806
-1.01785714286
-0.661290322581
9.05
11.5580645161
17.2
20.3548387097
16.0806451613
11.26
5.88064516129
3.36666666667
-2.97741935484
-6.19677419355
-0.524137931034
2.36774193548
5.37
13.2225806452
16.4966666667
17.8129032258
18.4967741935
12.4433333333
8.60967741935
-0.0166666666667
-11.3290322581
-7.1935483871
-3.72142857143
-2.02666666667
8.68666666667
12.0766666667
14.98
18.6580645161
17.335483871
10.7033333333
6.27666666667
3.61
-1.53225806452
-4.67741935484
-3.875
-1.34838709677
6.45666666667
9.07419354839
17.03
19.6774193548
18.6838709677
14.34
5.75161290323
-0.6
-4.96451612903
-10.6612903226
-7.17857142857
-0.122580645161
5.77333333333
10.0225806452
12.87
17.3161290323
17.4032258065
10.11
5.18709677419
2.64
-2.96774193548
-8.01290322581
-5.44482758621
2.27741935484
6.43333333333
14.2580645161
14.73
16.7548387097
14.2967741935
NaN
8.13225806452
4.60666666667
-4.85483870968
-2.89032258065
-1.34642857143
-0.503225806452
7.95666666667
9.74193548387
17.8733333333
19.1967741935
19.7838709677
15.4066666667
6.97096774194
2.22333333333
-5.43225806452
-0.235483870968
-6.10714285714
1.15483870968
8.01666666667
11.4774193548
16.5233333333
19.4166666667
18.2677419355
11.4733333333
4.95806451613
1.87
-1.82580645161
-3.93870967742
-9.07142857143
4.3
4.41333333333
13.9774193548
16.6666666667
16.9903225806
20.3
14.79
9.47096774194
0.476666666667
-3.23548387097
-7.16774193548
-5.71379310345
-0.706451612903
5.28666666667
9.72258064516
17.6466666667
18.2806451613
16.3
13.8933333333
6.54193548387
0.844827586207
-6.27419354839
-9.14516129032
-4.38214285714
1.46451612903
6.26
12.0032258065
17.7233333333
16.964516129
16.4161290323
13.4233333333
5.66774193548
3.79333333333
-4.39032258065
-8.46129032258
-7.675
1.40322580645
8.60333333333
12.6387096774
18.89
20.0774193548
18.5933333333
13.1133333333
5.80322580645
0.553333333333
-7.17333333333
-8.12413793103
-4.3
0.713333333333
7.69642857143
11.4166666667
18.0033333333
21.4774193548
18.0033333333
11.36
6.44193548387
4.19310344828
-1.35333333333
-4.51333333333
-2.06071428571
8.1724137931
6.48275862069
14.2344827586
15.3068965517
21.3866666667
16.4225806452
12.5
6.50344827586
-0.706666666667
-0.91935483871
-5.12580645161
-4.83571428571
-3.1
4.88620689655
11.5935483871
15.9392857143
16.9103448276
16.8933333333
13.7888888889
7.02068965517
-1.23928571429
-6.37407407407
-11.59
NaN
-4.37666666667
6.63793103448
12.18
17.5
15.1833333333
18.4516129032
11.73
7.65517241379
-3.31379310345
-1.25161290323
-7.23571428571
-10.8185185185
-1.56774193548
7.5037037037
12.8064516129
17.7222222222
19.0870967742
16.375862069
15.26
NaN
4.16538461538
2.00967741935
-6.7064516129
-2.90689655172
3.64838709677
6.34333333333
11.0
18.1533333333
19.6677419355
19.7741935484
15.71
10.1419354839
3.52666666667
-5.05161290323
-2.97096774194
-0.521428571429
1.61612903226
8.53
11.8451612903
16.1633333333
19.2387096774
15.3741935484
NaN
NaN
