3.6037037037
-1.29666666667
-6.17
-1.93703703704
1.83103448276
6.25333333333
8.63225806452
16.58
19.5677419355
15.9967741935
13.5766666667
8.61290322581
1.78666666667
-2.81290322581
-1.81935483871
-2.38214285714
3.31612903226
5.11666666667
12.8774193548
17.5933333333
18.9451612903
18.6322580645
16.0366666667
7.91290322581
0.103333333333
-4.7
-4.72903225806
-9.61785714286
-0.764516129032
7.86
13.4612903226
18.5166666667
18.6258064516
19.5733333333
13.1833333333
9.63548387097
4.53666666667
-5.03225806452
-2.88387096774
-7.26785714286
-1.11666666667
6.83
12.5290322581
17.9066666667
20.2193548387
21.7967741935
17.37
11.6483870968
1.89333333333
-2.34838709677
-3.69677419355
-7.34230769231
1.38333333333
4.64285714286
11.5741935484
19.05
21.9483870968
18.6612903226
14.1433333333
7.50967741935
-0.876666666667
-5.81666666667
-5.24193548387
-8.69285714286
3.25806451613
5.11666666667
15.8903225806
17.05
19.4935483871
17.8387096774
13.1
9.19032258065
6.47666666667
-3.4935483871
-5.08709677419
-4.08571428571
4.26774193548
6.94666666667
14.2806451613
15.0233333333
19.8870967742
18.8677419355
13.7966666667
7.88064516129
-0.613333333333
-7.61612903226
-8.57741935484
-7.07931034483
1.44193548387
4.46333333333
12.3709677419
16.7433333333
18.4935483871
17.1225806452
15.2866666667
7.4
0.383333333333
-4.29677419355
-8.19677419355
-9.82142857143
3.85483870968
5.12068965517
12.0806451613
16.5566666667
17.8451612903
17.4161290323
13.4566666667
6.23548387097
0.0733333333333
-2.83333333333
-2.34516129032
-6.50714285714
-2.30322580645
7.8
11.6548387097
16.36
16.635483871
18.7290322581
16.26
7.58387096774
0.736666666667
-1.40967741935
-1.6935483871
-4.125
5.94516129032
1.6724137931
8.72333333333
14.9433333333
19.5161290323
17.0806451613
13.6466666667
6.10967741935
-0.41
-0.983870967742
-3.97741935484
-3.04827586207
4.07096774194
7.22333333333
13.3516129032
16.7066666667
18.7709677419
17.864516129
14.3866666667
5.99032258065
1.79333333333
-1.67096774194
-3.18709677419
-1.13571428571
0.641935483871
6.84137931034
11.2903225806
17.8166666667
18.3451612903
18.8548387097
13.02
5.46129032258
6.65
-7.43870967742
-4.13870967742
-6.77777777778
5.51612903226
7.05333333333
10.0709677419
14.79
19.764516129
17.1612903226
15.56
8.64193548387
-1.40333333333
-5.33870967742
-2.37741935484
-0.892857142857
0.848387096774
6.46
14.0838709677
17.7233333333
17.9258064516
18.135483871
17.9466666667
9.01935483871
-0.74
0.28064516129
-10.9741935484
-7.36551724138
-2.09677419355
8.75172413793
14.0870967742
15.1466666667
20.4193548387
NaN
NaN
NaN
0.265517241379
NaN
-3.22903225806
-6.776
-1.21666666667
5.22
11.2064516129
16.0586206897
19.13
18.0
12.7928571429
6.37741935484
3.8724137931
-0.625806451613
-1.57741935484
-10.1607142857
-1.41290322581
6.71666666667
11.3967741935
18.2133333333
18.4838709677
18.0433333333
12.375862069
8.4064516129
0.665517241379
-6.55666666667
-9.07
-0.525
-2.29333333333
8.02333333333
10.6225806452
15.4766666667
17.4870967742
14.9633333333
14.6766666667
7.12903225806
1.23793103448
-3.94642857143
-4.7724137931
-6.81724137931
-1.94285714286
4.75
11.8451612903
13.91
19.3774193548
18.4290322581
11.15
4.71935483871
-0.226666666667
-7.02
-7.08387096774
-8.925
-0.783870967742
5.01333333333
7.77741935484
14.1
17.5548387097
15.2709677419
10.9833333333
1.21612903226
0.133333333333
-9.89333333333
-16.7225806452
-7.28571428571
1.55161290323
3.70666666667
13.5290322581
15.1133333333
15.8482758621
19.4620689655
8.50666666667
8.83548387097
0.843333333333
0.551612903226
-4.04516129032
-3.40357142857
0.445161290323
6.55
10.3387096774
17.7066666667
18.0806451613
15.7451612903
13.4566666667
10.2580645161
0.35
-6.97096774194
-7.90322580645
-4.36785714286
0.454838709677
3.92
10.9161290323
14.9866666667
16.5
15.8032258065
NaN
8.18666666667
0.368965517241
-2.82903225806
-1.97741935484
NaN
5.77741935484
8.49666666667
12.3935483871
19.6933333333
20.8290322581
18.0580645161
17.64
6.91290322581
3.23
-0.658064516129
-6.01612903226
-1.86785714286
2.98333333333
8.29
14.2806451613
17.4866666667
18.3741935484
17.7064516129
15.1266666667
8.22258064516
3.19333333333
-2.6
-0.529032258065
-5.10714285714
-0.451612903226
5.44666666667
11.4838709677
17.5366666667
18.6161290323
18.7290322581
14.9
5.79032258065
2.78
2.39677419355
-7.70322580645
-3.2275862069
0.112903225806
7.39333333333
8.8064516129
17.4
16.7903225806
18.0838709677
11.9033333333
8.47419354839
2.07333333333
-5.55483870968
-4.71935483871
-0.0714285714286
2.58387096774
9.40333333333
8.66129032258
18.91
18.2032258065
16.5612903226
17.7066666667
5.1935483871
0.636666666667
-4.88064516129
-4.18064516129
-0.75
-1.71935483871
3.49666666667
11.7935483871
13.8333333333
18.7766666667
19.3935483871
16.5
8.25483870968
-0.426666666667
-3.79677419355
-4.62903225806
0.603571428571
3.37
8.54
12.6064516129
15.0333333333
17.4709677419
14.2290322581
15.5933333333
8.17741935484
3.96333333333
-4.49032258065
-4.80967741935
-2.35517241379
0.848387096774
4.30666666667
10.7516129032
14.7
18.9129032258
18.6548387097
10.2466666667
9.62903225806
3.0
-2.0064516129
-7.25806451613
-6.93703703704
4.01612903226
8.43
10.7709677419
15.2366666667
18.8516129032
15.7419354839
13.6633333333
7.40322580645
0.106666666667
NaN
-7.81935483871
1.53214285714
-0.0903225806452
7.85333333333
12.0129032258
15.23
19.1483870968
17.5
14.9266666667
6.48387096774
2.29666666667
-2.44193548387
-2.43870967742
-0.525
-0.354838709677
6.51333333333
9.97741935484
17.63
19.2677419355
17.9733333333
16.61
9.77419354839
6.82666666667
1.8
0.232258064516
0.389655172414
-2.26129032258
7.40333333333
11.1290322581
16.9366666667
18.2903225806
17.8
13.1666666667
6.90666666667
-0.816666666667
-4.06451612903
0.0548387096774
-4.36428571429
0.925806451613
6.48
14.1419354839
17.4533333333
19.3
16.5032258065
17.09
6.82258064516
0.413333333333
-1.10322580645
-1.80322580645
-7.27857142857
-0.893548387097
6.3
11.8419354839
18.46
19.9935483871
18.2903225806
13.48
7.43870967742
3.73
-3.70967741935
-3.57096774194
-1.92142857143
5.60322580645
5.93333333333
10.6516129032
15.2466666667
20.0064516129
18.7258064516
12.3233333333
8.19032258065
2.39666666667
-6.5064516129
-8.32903225806
-9.10689655172
2.96129032258
3.66333333333
12.4032258065
15.0833333333
21.2838709677
20.3419354839
16.6966666667
7.90322580645
-0.933333333333
-2.11290322581
-3.60967741935
-3.78571428571
-1.07419354839
6.22
11.864516129
16.73
16.9838709677
18.6451612903
11.63
6.17096774194
-0.8
-4.08709677419
-4.8935483871
1.64285714286
4.87419354839
7.71666666667
11.9258064516
15.6833333333
18.5870967742
19.264516129
14.2633333333
6.95161290323
1.58333333333
-3.55161290323
-1.62903225806
-4.54615384615
1.63548387097
5.16333333333
11.9387096774
17.37
18.4129032258
16.7774193548
14.9733333333
6.99677419355
-0.383333333333
-2.88709677419
-12.76
-2.0724137931
0.735483870968
5.96333333333
10.235483871
16.89
17.6032258065
18.3709677419
10.9633333333
8.38709677419
0.84
-0.451612903226
-2.76129032258
-5.725
-2.10967741935
8.61
12.464516129
17.0433333333
18.2709677419
17.4032258065
14.2896551724
10.8903225806
2.55333333333
0.570967741935
-5.96129032258
-3.51071428571
2.67096774194
8.14333333333
12.4129032258
17.71
19.4129032258
17.4870967742
13.7233333333
8.36129032258
3.97
-4.23225806452
-3.85161290323
-3.03928571429
-1.86129032258
5.72
13.2096774194
19.4566666667
19.2064516129
19.0451612903
11.7066666667
6.56774193548
0.0933333333333
-4.85806451613
-3.13225806452
-1.72068965517
-0.3
6.26
14.7612903226
18.2566666667
17.2548387097
18.435483871
14.19
6.11290322581
3.78965517241
-5.89032258065
-6.54838709677
-3.11428571429
6.57096774194
7.90666666667
9.89677419355
15.7733333333
17.0516129032
16.864516129
15.2966666667
6.24838709677
2.93333333333
-6.44516129032
-4.48709677419
-1.94285714286
7.47096774194
7.59333333333
11.2
16.8166666667
17.9580645161
15.5419354839
12.7566666667
8.14193548387
3.44666666667
-0.503225806452
-1.98709677419
-7.35
-2.66451612903
6.81666666667
10.2096774194
16.7133333333
15.935483871
21.0419354839
14.0733333333
11.5161290323
0.826666666667
-2.03870967742
-7.98387096774
-3.12413793103
2.29032258065
8.9
10.4064516129
16.3833333333
18.76
16.9612903226
14.69
5.66129032258
3.23448275862
-1.19032258065
-2.05806451613
-2.42142857143
1.22903225806
6.61666666667
12.2129032258
18.6633333333
21.6064516129
18.1161290323
NaN
NaN
NaN
-1.60322580645
-0.516129032258
-2.13076923077
0.31935483871
4.78
13.5870967742
16.81
16.8903225806
15.2806451613
14.0166666667
9.35483870968
-1.50333333333
-7.93333333333
-3.40333333333
-3.21785714286
0.42
5.25666666667
10.5548387097
16.5466666667
18.8838709677
17.1
12.0466666667
8.91290322581
-1.29
-2.67096774194
-1.67666666667
-0.4
1.0935483871
5.9
11.8161290323
19.9033333333
19.2677419355
17.064516129
11.2068965517
2.5935483871
1.94333333333
-0.374193548387
-0.936666666667
-1.53571428571
2.36129032258
5.48333333333
12.9933333333
19.5433333333
18.6516129032
16.7548387097
12.45
6.87096774194
0.836666666667
-3.15483870968
-3.72903225806
0.117857142857
-0.606666666667
NaN
9.03461538462
18.2233333333
19.94
19.664516129
14.6833333333
NaN
NaN
NaN
NaN
-2.70357142857
0.327586206897
8.72666666667
NaN
14.9034482759
NaN
18.8
14.6448275862
7.91290322581
-0.134482758621
-4.1935483871
-6.2275862069
NaN
NaN
NaN
NaN
16.9666666667
18.7967741935
18.7290322581
12.624137931
9.96129032258
0.596428571429
1.18461538462
-6.77407407407
0.477777777778
NaN
NaN
NaN
18.2966666667
19.5806451613
17.9580645161
13.4233333333
5.94516129032
1.68
-0.183333333333
-3.97741935484
-8.425
-0.303225806452
7.14333333333
11.6935483871
15.2433333333
19.1870967742
18.2258064516
13.6
7.05161290323
3.23666666667
-6.65161290323
-6.97096774194
-2.79642857143
0.874193548387
7.32666666667
14.9451612903
16.9633333333
18.5838709677
20.4258064516
15.4466666667
7.9
-0.983333333333
0.477419354839
-2.07419354839
-3.97931034483
-5.92142857143
7.97666666667
10.7129032258
16.5166666667
17.6322580645
18.9419354839
16.0966666667
8.56129032258
2.14827586207
-5.38064516129
-6.82580645161
-1.55
3.74838709677
4.90666666667
9.12258064516
15.56
18.6709677419
17.8096774194
15.8533333333
8.8
2.48333333333
-3.24516129032
-7.54516129032
-2.95185185185
0.0677419354839
5.2
16.0387096774
16.8310344828
18.2806451613
16.5258064516
12.3133333333
10.0321428571
1.43666666667
-6.93225806452
-10.4483870968
-8.15
2.49032258065
7.47
10.8290322581
15.5137931034
16.3064516129
13.5741935484
8.95333333333
7.23548387097
2.28
-10.7677419355
-4.42258064516
-4.31379310345
0.251612903226
9.13793103448
12.6966666667
16.85
17.2419354839
15.9451612903
12.92
4.44516129032
1.83448275862
-4.05333333333
-5.61333333333
-5.76428571429
-2.71333333333
7.86
14.2870967742
NaN
17.235483871
16.4
15.3266666667
6.02258064516
2.65666666667
0.02
-7.52258064516
-4.1962962963
1.54193548387
6.18333333333
9.50967741935
14.7733333333
19.9387096774
15.8
12.52
4.77096774194
2.54666666667
-2.22580645161
-2.97
-5.7
3.31290322581
8.72666666667
10.2870967742
17.07
16.0580645161
14.5516129032
11.7633333333
7.69333333333
-0.326666666667
-1.93225806452
-6.38064516129
-7.21034482759
0.687096774194
6.65
10.6064516129
16.53
18.6677419355
18.6419354839
12.3310344828
6.01612903226
2.55172413793
-3.78387096774
-5.51935483871
-2.12142857143
-3.03548387097
6.88
11.2580645161
16.32
20.28
16.3903225806
12.89
7.1
0.253333333333
-4.83870967742
-11.0193548387
-5.63214285714
0.0709677419355
7.28666666667
12.9741935484
16.57
17.6419354839
17.6709677419
16.2033333333
8.08064516129
1.64
-1.93870967742
-7.67096774194
-4.39642857143
-0.803225806452
5.26
9.05161290323
18.4233333333
17.1258064516
15.9322580645
15.4833333333
10.935483871
1.86666666667
0.835483870968
-6.27096774194
-4.74137931034
0.81935483871
6.89666666667
11.6548387097
14.0433333333
17.9806451613
16.7161290323
16.1
6.77419354839
1.78
-3.50322580645
-4.08666666667
-3.71785714286
6.47096774194
7.40689655172
10.0709677419
17.4066666667
19.6419354839
18.2870967742
16.1866666667
9.95333333333
4.24
-3.73225806452
-3.36451612903
-2.66071428571
2.95483870968
7.73666666667
12.8064516129
14.7366666667
19.0322580645
17.4096774194
11.7033333333
6.04838709677
3.03666666667
-1.45333333333
-2.57096774194
-2.15
-0.235483870968
5.54666666667
13.6419354839
17.3666666667
17.5451612903
19.2193548387
11.9633333333
8.54838709677
3.47
-1.57741935484
-7.14333333333
0.168965517241
4.24516129032
6.0
8.94193548387
16.1333333333
17.9741935484
15.3419354839
10.9633333333
3.80967741935
-3.85666666667
-7.97419354839
-15.9870967742
-5.99642857143
3.9064516129
8.34
13.8709677419
16.17
19.7741935484
18.3774193548
15.42
6.05161290323
3.76
-5.4935483871
-12.164516129
-12.0142857143
-2.07419354839
7.50333333333
10.8741935484
16.76
19.1451612903
17.8133333333
14.0166666667
5.71935483871
3.71034482759
-3.15161290323
-11.6633333333
-11.2321428571
1.91034482759
6.51666666667
10.2096774194
16.1
18.535483871
17.9387096774
12.4793103448
7.47419354839
1.13666666667
-2.02068965517
-4.7
-8.38965517241
-0.683870967742
5.09655172414
11.6466666667
16.07
20.5709677419
20.0161290323
14.837037037
5.19032258065
1.36071428571
-2.68709677419
-7.54838709677
-3.38928571429
0.0548387096774
9.68
10.1866666667
18.4833333333
19.6419354839
17.5419354839
13.0366666667
6.81333333333
2.18333333333
-5.5
NaN
-6.91481481481
1.07586206897
4.12666666667
13.7935483871
14.68
19.7322580645
16.5903225806
13.5333333333
7.56774193548
2.73076923077
NaN
-3.54482758621
-2.64074074074
1.81666666667
5.17
10.775862069
15.7633333333
19.6451612903
19.6129032258
13.65
9.10322580645
3.63333333333
-8.15925925926
-7.57419354839
-1.55517241379
-0.883333333333
6.48
10.5870967742
19.0933333333
16.9258064516
17.77
13.33
11.9161290323
1.44666666667
0.541935483871
-10.1548387097
-6.76428571429
3.36333333333
8.95
12.6129032258
16.3733333333
18.5161290323
17.6266666667
13.6133333333
10.4161290323
4.86333333333
-8.83333333333
-5.55483870968
-2.725
1.97741935484
7.70333333333
13.4483870968
17.7266666667
20.3967741935
NaN
15.8866666667
NaN
NaN
-2.13225806452
NaN
-1.86785714286
2.53870967742
NaN
14.0258064516
17.2833333333
18.4806451613
18.0161290323
11.9866666667
2.78064516129
3.02
-1.70322580645
-7.97419354839
-6.43793103448
0.5
5.09666666667
9.90322580645
14.68
18.3096774194
18.6774193548
13.5533333333
3.20322580645
1.22413793103
-4.23225806452
-1.66129032258
-5.21428571429
1.49677419355
6.45
9.74838709677
16.37
18.7483870968
17.7064516129
13.2733333333
7.86774193548
1.03666666667
-11.4533333333
-0.51935483871
0.192857142857
3.19032258065
NaN
NaN
NaN
18.7677419355
16.9548387097
15.0666666667
5.80967741935
3.79333333333
-3.37741935484
-4.97096774194
-1.28214285714
3.53548387097
9.73666666667
16.7903225806
19.11
19.8096774194
18.3548387097
14.2633333333
9.41612903226
1.22068965517
-1.13225806452
-2.3
0.0206896551724
1.98064516129
7.13333333333
11.2290322581
15.6266666667
20.1741935484
15.8677419355
14.0366666667
6.71290322581
3.61666666667
-2.78387096774
-3.27741935484
-6.04285714286
0.04
6.31333333333
13.335483871
18.0
22.2612903226
NaN
14.35
5.84193548387
1.21034482759
-1.39677419355
-8.16896551724
-3.81071428571
0.71935483871
7.28666666667
9.74516129032
18.1
18.3225806452
16.6516129032
12.2766666667
8.16333333333
5.02068965517
0.5
-4.37586206897
-4.40714285714
2.91290322581
6.72666666667
12.6903225806
16.5933333333
19.4064516129
20.9032258065
11.7033333333
7.51333333333
-1.11666666667
-4.70666666667
-6.54516129032
-3.35172413793
-2.32903225806
5.43333333333
14.1967741935
18.2066666667
17.8233333333
18.4870967742
13.1466666667
7.91935483871
-0.06
-1.99333333333
-7.51290322581
-0.489285714286
2.48387096774
4.02333333333
9.66129032258
17.9833333333
19.2451612903
17.9870967742
13.8966666667
8.1935483871
0.966666666667
NaN
-1.20740740741
0.62962962963
NaN
6.90666666667
14.4071428571
17.9724137931
20.1612903226
18.8870967742
15.8833333333
8.5064516129
2.52333333333
-2.11
-5.84516129032
-1.04642857143
-1.26129032258
8.35666666667
11.4903225806
17.4933333333
20.4516129032
16.4258064516
10.4866666667
5.26129032258
3.52
-2.75806451613
-5.5
-1.00689655172
0.95
4.5
13.6870967742
16.9666666667
18.2290322581
19.1096774194
12.8666666667
9.28387096774
1.14
-10.0419354839
-7.07
-2.81785714286
-1.71612903226
8.61333333333
11.84
15.5366666667
18.7838709677
18.8548387097
12.1233333333
6.64838709677
3.34666666667
-0.941935483871
-3.12258064516
-3.475
-1.0064516129
7.16333333333
9.48709677419
17.6433333333
19.7225806452
19.3290322581
14.87
7.56451612903
0.15
-3.66451612903
-9.39677419355
NaN
0.561290322581
6.91
11.4161290323
14.06
18.535483871
18.3483870968
11.7766666667
5.39677419355
3.39666666667
-2.72580645161
-6.63870967742
-5.37931034483
2.39666666667
6.69333333333
14.8870967742
15.6966666667
18.4387096774
15.4290322581
13.51
8.13225806452
4.13666666667
-4.51612903226
-3.22580645161
-0.639285714286
-0.461290322581
7.14333333333
10.1838709677
17.5466666667
18.8032258065
19.7733333333
15.93
8.39677419355
1.78
-5.92580645161
-0.287096774194
-5.01071428571
0.954838709677
7.87333333333
11.7322580645
17.2366666667
19.464516129
19.2806451613
11.7866666667
4.78709677419
1.54333333333
-1.86451612903
-3.46451612903
-9.02142857143
3.91612903226
3.69666666667
13.2774193548
15.97
16.5709677419
19.6838709677
14.2366666667
9.42258064516
0.43
-2.95161290323
-7.43225806452
-5.29310344828
-0.91
5.67
9.05161290323
17.8733333333
17.6967741935
16.3774193548
14.4066666667
6.43548387097
-0.55
-5.78709677419
-9.44838709677
-4.99642857143
1.36451612903
6.10666666667
11.7516129032
17.67
16.6
16.9580645161
14.61
5.93870967742
3.49
-3.82903225806
-8.04516129032
-7.16428571429
1.69032258065
8.63333333333
13.364516129
19.2833333333
20.3709677419
18.7290322581
12.65
5.2
-0.327586206897
-7.37741935484
-7.85483870968
-3.63571428571
2.00333333333
7.31333333333
11.8838709677
18.1666666667
20.9677419355
17.864516129
12.92
5.7
4.37666666667
-1.07741935484
-3.48709677419
-1.45172413793
8.06774193548
5.94
13.8741935484
14.8333333333
20.964516129
15.8064516129
12.1466666667
6.31290322581
-1.16333333333
-0.677419354839
-5.87741935484
-4.08571428571
-2.51612903226
5.34137931034
12.0548387097
16.6466666667
17.6677419355
17.3903225806
13.9033333333
6.81612903226
-1.81
-6.28709677419
-11.6129032258
-10.6214285714
-5.07741935484
6.86666666667
12.1677419355
17.8
15.0483870968
18.3258064516
11.6566666667
7.58387096774
-3.28333333333
-1.13870967742
-6.99032258065
-11.925
-1.91935483871
6.69333333333
12.6032258065
17.5666666667
NaN
16.0387096774
14.3366666667
7.47096774194
3.10666666667
2.11935483871
-6.34838709677
-2.94137931034
3.62903225806
5.64
10.7774193548
18.1866666667
19.2677419355
NaN
15.3866666667
9.79677419355
2.44333333333
-5.09032258065
-2.79677419355
-0.971428571429
1.56774193548
8.00666666667
NaN
15.3733333333
19.1161290323
15.6870967742
NaN
NaN
