NaN
28.4133333333
30.8535714286
26.9741935484
24.9166666667
NaN
6.26
NaN
NaN
NaN
NaN
NaN
22.135483871
28.94
32.6846153846
31.9962962963
25.0233333333
16.6206896552
3.24
2.29032258065
-6.11612903226
-3.21785714286
7.04666666667
19.43
22.8166666667
27.4666666667
29.52
28.3741935484
24.9793103448
14.2516129032
5.07666666667
-1.41290322581
-2.04838709677
1.56206896552
4.42258064516
17.3233333333
23.8233333333
26.7724137931
28.5166666667
27.525
19.6633333333
14.0677419355
1.63103448276
1.87
NaN
NaN
NaN
NaN
NaN
NaN
28.8322580645
26.0516129032
27.42
18.7133333333
5.09
-4.08620689655
-1.02580645161
-1.18888888889
7.12333333333
14.2566666667
20.6612903226
25.8366666667
28.7225806452
27.3516129032
24.5366666667
12.0033333333
5.30689655172
-3.88148148148
NaN
-7.2
-2.47419354839
14.5464285714
NaN
NaN
29.1037037037
29.3925925926
23.6925925926
20.2214285714
NaN
NaN
-0.0833333333333
-6.0037037037
NaN
17.4366666667
23.2225806452
NaN
NaN
NaN
NaN
NaN
NaN
NaN
NaN
NaN
NaN
NaN
NaN
NaN
NaN
NaN
NaN
NaN
NaN
NaN
NaN
NaN
NaN
NaN
NaN
NaN
NaN
NaN
NaN
NaN
NaN
NaN
NaN
-1.40714285714
9.3064516129
15.3206896552
21.7064516129
24.31
28.2096774194
24.8258064516
20.93
16.4741935484
5.52333333333
-3.76129032258
-6.38620689655
-6.56896551724
4.12903225806
11.4466666667
21.6387096774
24.31
26.8838709677
26.0064516129
22.33
15.4806451613
9.38333333333
-1.56451612903
-8.63225806452
-6.58571428571
6.88064516129
13.0433333333
19.2741935484
25.9633333333
26.9677419355
29.0451612903
23.0833333333
13.6709677419
7.79666666667
1.25806451613
-0.0387096774194
-0.192857142857
0.674193548387
16.13
21.0290322581
25.8933333333
27.8677419355
28.3483870968
24.5133333333
14.9419354839
5.73103448276
-0.00645161290323
-4.07096774194
-0.392857142857
7.97419354839
10.07
17.2935483871
24.6566666667
28.9548387097
26.735483871
21.9766666667
15.7096774194
5.83
1.22258064516
-0.312903225806
-1.23103448276
6.38387096774
14.4266666667
19.8
23.8166666667
27.4903225806
25.6161290323
25.3333333333
15.0612903226
7.51666666667
0.125806451613
-3.56774193548
-1.47857142857
1.70322580645
9.2
19.4483870968
25.05
26.8064516129
28.7903225806
20.8266666667
13.8322580645
8.46333333333
-6.46451612903
-5.52903225806
-5.45357142857
13.7129032258
18.1166666667
18.3548387097
27.5266666667
30.4129032258
27.3064516129
22.35
18.5838709677
3.02666666667
-1.4935483871
-4.36774193548
0.0
9.20967741935
12.15
24.2933333333
29.9586206897
30.4733333333
25.9633333333
22.48
12.2225806452
2.08666666667
0.406451612903
-13.2066666667
-5.1
-0.00322580645161
15.3666666667
21.7580645161
24.2466666667
28.2580645161
25.735483871
21.3533333333
16.5451612903
9.11
2.03548387097
-2.53225806452
-2.96785714286
3.82903225806
15.8464285714
20.3483870968
29.6533333333
31.0548387097
29.7233333333
23.58
15.1666666667
10.6689655172
4.28709677419
0.338709677419
-5.29642857143
4.49677419355
13.7733333333
22.4193548387
26.9066666667
30.7419354839
28.8866666667
24.0666666667
18.8935483871
8.26333333333
-6.26451612903
-4.96774193548
-0.253571428571
1.49677419355
18.6892857143
17.835483871
23.5482758621
26.6032258065
26.4153846154
23.0933333333
17.3233333333
6.98333333333
-2.22903225806
-4.34838709677
-4.8724137931
3.92258064516
12.2633333333
20.9129032258
23.2233333333
32.6064516129
29.3129032258
20.9433333333
15.2655172414
7.39666666667
-2.48387096774
-5.07741935484
-5.025
4.86774193548
12.5533333333
19.5741935484
24.6033333333
29.6322580645
27.9193548387
22.7666666667
11.0903225806
10.0
-5.7
-7.99032258065
-0.107142857143
11.1387096774
12.7266666667
24.4172413793
26.524
28.1193548387
NaN
NaN
17.3407407407
10.7068965517
NaN
4.55
-2.46428571429
7.21935483871
13.03
19.8225806452
26.4533333333
32.2967741935
28.6838709677
24.375862069
13.8516129032
3.78333333333
-6.0
NaN
-1.52857142857
7.70322580645
10.8933333333
21.2
27.0620689655
27.9451612903
26.4935483871
24.6266666667
20.2129032258
5.23
-1.26774193548
-0.683333333333
NaN
10.0555555556
17.2233333333
22.5064516129
29.5
32.864516129
28.035483871
24.33
18.1322580645
4.17307692308
0.725806451613
-3.77741935484
-1.57142857143
6.27096774194
14.2033333333
22.6387096774
28.7931034483
27.4266666667
29.55
25.2275862069
18.835483871
8.62
-1.10689655172
-0.945161290323
-3.80714285714
1.41333333333
14.0074074074
21.4466666667
27.6733333333
31.735483871
27.7451612903
23.29
15.0967741935
9.40666666667
4.58387096774
-7.06451612903
-0.320689655172
2.23870967742
15.0133333333
18.3322580645
23.24
26.4419354839
26.735483871
19.7933333333
20.5580645161
7.60344827586
-6.63548387097
-3.96129032258
0.542857142857
9.25161290323
19.45
21.1838709677
25.9466666667
28.4258064516
28.2451612903
26.05
7.77741935484
6.41
-3.74516129032
-2.16451612903
1.39642857143
2.2275862069
13.92
24.4290322581
23.9033333333
29.7866666667
27.7451612903
20.47
14.9967741935
2.88620689655
-3.81612903226
-4.35161290323
1.98571428571
8.19032258065
13.2
18.9419354839
24.0033333333
28.9806451613
26.8290322581
24.3066666667
18.3870967742
5.19666666667
-4.56451612903
-1.10967741935
0.510344827586
7.43870967742
10.5933333333
22.39
22.87
28.5838709677
26.7387096774
22.6566666667
16.3161290323
5.72
1.34516129032
-9.51935483871
-7.76071428571
6.41935483871
14.5733333333
18.5129032258
24.72
29.0451612903
27.8064516129
22.2
15.464516129
3.20333333333
-1.64838709677
-8.79677419355
3.66785714286
7.27741935484
16.22
20.3677419355
25.3966666667
30.7129032258
29.0
23.9366666667
13.8
9.59333333333
-0.806666666667
1.70967741935
5.58214285714
5.27096774194
16.72
19.6709677419
29.65
31.8806451613
28.7516129032
26.3533333333
17.3483870968
9.40333333333
2.67741935484
-3.15333333333
-0.155172413793
-0.938709677419
13.87
21.3193548387
26.2233333333
28.6741935484
26.0161290323
22.5533333333
14.3322580645
4.70333333333
-2.3935483871
3.67096774194
-2.0
4.9935483871
14.1366666667
20.4870967742
32.6233333333
30.4838709677
27.8483870968
25.9066666667
14.9096774194
6.82
-0.374193548387
-0.374193548387
-0.557142857143
5.51612903226
14.5833333333
28.3935483871
30.86
30.7161290323
27.6709677419
20.9866666667
19.0677419355
8.92666666667
-3.38064516129
-4.6935483871
-0.164285714286
7.69032258065
11.1733333333
17.1870967742
23.24
31.0709677419
28.3870967742
24.1766666667
15.4129032258
3.43666666667
-4.26451612903
-10.1451612903
-12.2827586207
4.77096774194
11.5733333333
24.4032258065
25.83
35.7129032258
31.4451612903
23.7666666667
14.0838709677
4.91333333333
1.22580645161
-7.51290322581
-4.02857142857
2.87419354839
12.3766666667
20.9838709677
24.8433333333
30.5870967742
30.964516129
24.85
13.8483870968
5.1
-2.82903225806
-4.64838709677
-0.360714285714
9.75806451613
14.1466666667
18.9935483871
25.07
29.2032258065
29.3580645161
24.41
20.2387096774
5.96333333333
-0.903225806452
-0.648387096774
-2.87857142857
5.92903225806
13.6633333333
25.8387096774
26.9
30.4516129032
27.3419354839
26.5466666667
16.3387096774
9.64333333333
4.35161290323
-8.80322580645
-1.47586206897
1.93870967742
12.98
20.8258064516
26.94
31.2870967742
24.7806451613
24.1933333333
18.7935483871
3.44666666667
-0.696774193548
-2.81290322581
-3.25357142857
3.40967741935
16.9833333333
24.4903225806
26.0133333333
29.2741935484
29.2290322581
23.7966666667
16.6225806452
7.87666666667
2.66774193548
-2.66129032258
-1.86785714286
6.4064516129
18.5133333333
19.7612903226
24.99
27.8677419355
27.1548387097
20.24
17.0806451613
6.87
-4.66
-7.0
-0.775
2.49032258065
14.24
18.7838709677
26.3366666667
29.0483870968
27.2741935484
20.3366666667
15.7741935484
3.22
1.41612903226
3.42258064516
0.558620689655
0.98064516129
11.1
22.6451612903
26.6733333333
28.0322580645
27.4580645161
22.52
17.7193548387
6.88666666667
-3.67419354839
-4.73225806452
-1.28571428571
11.2709677419
13.02
17.2935483871
22.3366666667
27.4225806452
27.0612903226
21.8966666667
16.9387096774
5.55666666667
-5.37096774194
-2.65806451613
0.514285714286
11.6322580645
17.9033333333
18.6419354839
26.15
28.5129032258
25.2161290323
21.85
18.6225806452
6.8
1.69032258065
-0.325806451613
-5.08571428571
2.54838709677
11.6133333333
17.9612903226
23.1566666667
28.3451612903
33.0741935484
24.5766666667
21.7838709677
2.94333333333
-1.37096774194
-4.98709677419
-1.63448275862
4.28709677419
17.67
19.7838709677
25.8068965517
30.1935483871
30.0451612903
27.15
17.6129032258
6.67666666667
-0.429032258065
-4.04516129032
-3.11428571429
3.73225806452
15.73
22.7419354839
28.0933333333
30.3193548387
29.0612903226
22.0068965517
18.7193548387
9.37333333333
0.532258064516
-3.99032258065
-2.72142857143
1.36451612903
9.00666666667
20.1064516129
25.2533333333
26.8387096774
25.5903225806
23.0733333333
20.2548387097
4.68333333333
-4.55161290323
-5.24516129032
-2.55357142857
-0.809677419355
9.43
22.0967741935
22.5233333333
27.1866666667
25.1451612903
20.3066666667
15.7
3.11666666667
-3.36666666667
-3.76129032258
0.989655172414
1.91935483871
15.6866666667
19.5193548387
28.0
28.4580645161
26.2419354839
25.0827586207
15.0612903226
8.37333333333
-1.39677419355
-3.31612903226
-0.967857142857
5.46774193548
9.8
20.9129032258
27.79
27.9129032258
28.1548387097
24.5466666667
21.1774193548
9.72
0.783870967742
-4.0
5.80357142857
3.1935483871
16.1066666667
17.9677419355
26.7966666667
29.2258064516
26.3903225806
22.5333333333
14.4806451613
9.11333333333
-1.09032258065
-3.82580645161
-2.67142857143
4.44516129032
18.87
23.7032258065
25.5533333333
31.6129032258
32.1903225806
25.9933333333
17.0419354839
2.87
-4.3064516129
-4.96774193548
-2.31379310345
2.55161290323
12.8866666667
21.8322580645
29.7033333333
26.2903225806
27.0032258065
22.6533333333
20.8129032258
5.67666666667
0.748387096774
-5.92580645161
1.31785714286
5.47096774194
14.69
19.6
25.18
30.5870967742
27.5483870968
21.4066666667
14.3548387097
4.73
1.73870967742
-1.93548387097
-3.70714285714
4.40322580645
14.8033333333
23.1064516129
23.5133333333
26.2258064516
29.0451612903
23.5633333333
19.0838709677
9.07333333333
-3.16129032258
-5.87741935484
-3.875
3.52258064516
14.9966666667
21.7064516129
27.16
27.8290322581
29.2967741935
22.23
12.6580645161
1.08666666667
2.73548387097
-2.69677419355
-2.34827586207
-1.48709677419
14.9433333333
20.5774193548
24.8
28.2096774194
27.7322580645
22.6633333333
16.935483871
8.97
-1.85483870968
-3.56451612903
1.21785714286
3.87741935484
9.61
19.8064516129
27.06
27.1967741935
28.264516129
21.63
18.3193548387
5.83333333333
-3.13225806452
-6.20967741935
-4.22857142857
0.4
13.15
23.1548387097
25.43
25.7709677419
26.5870967742
20.5366666667
16.9033333333
8.96
-0.267741935484
-9.10322580645
-3.16071428571
7.86451612903
15.4566666667
20.3580645161
28.7433333333
28.264516129
26.564516129
24.4533333333
23.1161290323
10.2766666667
-6.29666666667
1.06451612903
3.83103448276
3.06451612903
14.45
25.1233333333
27.5733333333
30.75
26.4322580645
21.7733333333
16.5580645161
8.39333333333
-3.08709677419
-5.12903225806
-3.78214285714
-2.34193548387
11.5
22.7580645161
25.83
28.2290322581
27.1774193548
18.8733333333
17.4870967742
7.66333333333
3.24516129032
-8.88709677419
-1.48928571429
8.38387096774
10.46
19.7161290323
26.1333333333
29.4096774194
26.0709677419
22.6166666667
17.4548387097
5.90666666667
-1.77419354839
-2.18387096774
-3.13214285714
7.48064516129
14.91
18.9225806452
25.5766666667
27.0806451613
25.335483871
22.4033333333
15.2483870968
4.83333333333
0.229032258065
-3.45483870968
-2.19655172414
11.435483871
16.5333333333
18.6032258065
26.7633333333
27.3516129032
26.9032258065
21.7266666667
16.8258064516
5.73666666667
-3.12903225806
-7.43870967742
-2.65
0.0193548387097
14.7551724138
21.7935483871
22.5482758621
28.0580645161
29.0903225806
23.15
13.6258064516
6.77
-2.8
-9.3935483871
-1.65714285714
2.4
15.18
22.5451612903
27.42
29.3580645161
27.2838709677
21.9433333333
15.6806451613
5.27
-2.13548387097
-8.15806451613
-3.82857142857
2.54516129032
15.6666666667
20.2677419355
29.17
26.5806451613
27.6516129032
23.79
18.2387096774
6.44333333333
-1.15161290323
-6.82258064516
-4.36206896552
5.12258064516
11.7933333333
22.6548387097
26.7533333333
26.6129032258
27.1838709677
21.3533333333
13.5
3.74
-5.75806451613
-3.02258064516
-0.214285714286
NaN
NaN
NaN
NaN
NaN
28.9548387097
22.1966666667
20.0733333333
NaN
-3.11935483871
-4.60322580645
-0.771428571429
6.0
16.2266666667
19.2666666667
26.7724137931
31.6677419355
26.4433333333
22.4866666667
17.8612903226
6.50666666667
-0.841935483871
-3.51290322581
-2.69642857143
0.877419354839
9.71379310345
23.8870967742
26.8033333333
NaN
NaN
NaN
NaN
NaN
NaN
-1.60967741935
5.72068965517
6.93225806452
17.4275862069
21.4966666667
28.3733333333
31.235483871
28.4774193548
25.3866666667
14.064516129
4.48965517241
-3.08709677419
-9.75806451613
2.66923076923
9.95806451613
19.8206896552
27.4741935484
29.3433333333
31.5612903226
26.1612903226
24.0620689655
15.51
NaN
-5.26129032258
NaN
NaN
NaN
NaN
23.2655172414
28.01
28.2451612903
28.7133333333
27.2233333333
16.5225806452
6.13333333333
-3.68064516129
-10.9580645161
-7.0
3.25161290323
11.45
22.1193548387
27.8433333333
28.8225806452
27.3064516129
25.3933333333
16.7466666667
6.20333333333
3.28064516129
-2.9064516129
-2.6962962963
4.85483870968
17.0551724138
24.3129032258
28.56
31.0258064516
28.46
25.5962962963
14.4166666667
9.92666666667
-0.0903225806452
0.509677419355
2.94642857143
10.9193548387
18.44
21.3290322581
27.71
28.8033333333
26.9774193548
23.4066666667
15.0741935484
9.42
-2.14333333333
-7.88214285714
-2.55714285714
4.03571428571
12.2423076923
22.7566666667
23.8666666667
29.7129032258
27.2896551724
22.3785714286
16.7666666667
5.65517241379
2.20322580645
-1.30322580645
0.767857142857
5.41
10.9266666667
19.85
26.9866666667
31.7548387097
31.6483870968
24.9206896552
15.8967741935
6.06
-9.94838709677
-4.62580645161
3.3962962963
1.32258064516
13.4827586207
20.0516129032
27.6275862069
28.1096774194
30.2483870968
24.69
17.4612903226
7.18333333333
0.377419354839
-4.52580645161
-2.81785714286
8.50967741935
19.1066666667
25.8032258065
26.2633333333
29.6533333333
26.5612903226
22.5066666667
15.8032258065
1.96333333333
-5.88
-0.83
-3.30357142857
8.56129032258
17.9448275862
22.2709677419
28.4433333333
29.9733333333
25.9666666667
23.0933333333
15.7516129032
4.30689655172
-1.07419354839
-0.453333333333
6.02857142857
9.25161290323
19.3966666667
25.864516129
30.2633333333
30.8096774194
26.9133333333
23.8206896552
14.9
8.86
0.425806451613
-5.71935483871
-4.85555555556
8.11612903226
15.6068965517
26.5741935484
31.7068965517
30.4741935484
31.235483871
25.424137931
14.4290322581
6.28275862069
-1.67096774194
0.716129032258
-5.925
2.44193548387
13.24
21.0419354839
25.9535714286
29.5677419355
28.1451612903
21.85
17.5322580645
4.1
-6.02903225806
2.02258064516
-0.0714285714286
7.78709677419
13.64
18.235483871
25.6066666667
26.7580645161
26.2709677419
23.96
15.8064516129
9.74666666667
-3.51935483871
-7.02258064516
0.517857142857
6.32258064516
14.6344827586
21.1483870968
28.4366666667
27.5290322581
26.5193548387
20.8
14.7322580645
0.0133333333333
-0.703225806452
-1.31290322581
0.948275862069
5.85666666667
10.5733333333
21.8129032258
25.5233333333
23.5612903226
23.9451612903
20.9633333333
15.7133333333
2.83666666667
-1.92333333333
-5.72903225806
-5.03928571429
0.932258064516
10.68
18.3483870968
23.5933333333
25.5612903226
25.4290322581
18.13
14.5870967742
4.41333333333
-1.57741935484
-9.9064516129
-6.38571428571
6.5935483871
14.28
21.3516129032
26.25
25.6862068966
24.9032258065
23.3166666667
16.4322580645
7.6
-0.393548387097
-5.37096774194
-1.85185185185
5.47096774194
10.47
18.7225806452
26.2566666667
28.0967741935
28.5709677419
21.0793103448
15.2322580645
1.27666666667
-2.04516129032
-6.17741935484
-2.38275862069
2.90666666667
11.6033333333
16.9419354839
25.3689655172
26.5032258065
25.9193548387
21.0333333333
16.4225806452
0.757142857143
-5.32258064516
-6.73333333333
-2.36071428571
4.48387096774
12.1966666667
17.0967741935
27.1933333333
26.6322580645
25.5096774194
22.8566666667
16.9064516129
2.61666666667
-0.0548387096774
-3.05483870968
2.66428571429
2.68
14.6866666667
24.0677419355
24.1933333333
28.1709677419
27.0
26.31
16.1096774194
8.38333333333
2.28709677419
-6.23225806452
2.64285714286
6.57741935484
13.52
20.7129032258
25.2166666667
29.9419354839
25.6225806452
22.75
17.0433333333
11.9133333333
1.03870967742
-2.88387096774
3.10344827586
11.0225806452
14.5933333333
22.1096774194
24.61
27.1161290323
26.4032258065
24.3366666667
17.2580645161
3.75172413793
-9.31935483871
-3.3064516129
-5.41428571429
0.751612903226
15.5333333333
20.2129032258
25.3266666667
28.7516129032
27.1870967742
20.82
14.9612903226
13.8166666667
2.74516129032
1.73870967742
2.08928571429
1.65806451613
13.14
19.5
26.93
29.7161290323
26.0322580645
23.7833333333
11.9516129032
5.53666666667
1.76129032258
-3.97741935484
-2.35
5.27096774194
14.5733333333
19.2580645161
24.9233333333
27.5193548387
28.8903225806
22.6066666667
17.1483870968
4.75
0.0838709677419
-5.22580645161
-2.60689655172
7.27419354839
16.6133333333
19.8677419355
24.4066666667
25.8612903226
23.8806451613
25.175862069
15.4032258065
7.95666666667
-0.177419354839
-5.25862068966
2.225
4.91290322581
16.8733333333
18.3161290323
27.6310344828
28.5903225806
27.0
24.98
17.2225806452
8.1275862069
-4.94516129032
1.63225806452
-0.660714285714
5.26774193548
16.6433333333
20.4709677419
25.8366666667
29.9129032258
26.5193548387
19.8068965517
13.335483871
7.81333333333
2.27741935484
-2.59032258065
-7.47857142857
6.80967741935
12.7233333333
23.8193548387
26.72
28.6677419355
26.6032258065
24.2766666667
17.6
6.77333333333
-4.0
-6.08709677419
-5.47586206897
2.73548387097
11.92
19.735483871
26.01
28.0129032258
26.6
23.22
15.4387096774
6.42
-5.06451612903
-8.00967741935
-0.217857142857
5.88064516129
13.4433333333
20.0580645161
24.2366666667
24.4677419355
24.8870967742
23.7
10.6806451613
10.58
-4.13548387097
-7.98387096774
-4.82857142857
7.04193548387
18.5266666667
21.4870967742
25.3866666667
27.8129032258
29.0
22.2366666667
19.1580645161
6.97666666667
-5.19677419355
-6.96129032258
-2.97857142857
3.61034482759
12.27
19.8419354839
25.4366666667
29.5548387097
27.3548387097
21.2233333333
18.4903225806
8.78
1.20322580645
0.00322580645161
2.6275862069
15.2066666667
15.4433333333
23.7741935484
27.2033333333
31.6935483871
28.2419354839
24.37
14.1935483871
8.54333333333
0.667741935484
-2.60322580645
-2.45
0.283870967742
9.59666666667
18.6935483871
24.65
27.6516129032
26.8225806452
24.9266666667
15.6419354839
4.58333333333
-5.05483870968
-6.55806451613
-7.59642857143
0.909677419355
12.34
19.9903225806
25.4666666667
25.4387096774
26.5580645161
21.9666666667
15.3161290323
1.55666666667
-1.03225806452
-3.35161290323
-7.00357142857
6.92258064516
15.5966666667
19.5838709677
25.12
27.4466666667
25.7741935484
26.27
17.3935483871
9.39333333333
2.75806451613
-5.07096774194
-0.1
9.34193548387
14.7833333333
20.5935483871
27.7366666667
27.235483871
26.6838709677
24.3366666667
17.7838709677
12.4266666667
-2.65483870968
-2.83548387097
4.29642857143
4.84516129032
14.88
19.6064516129
27.9633333333
28.3612903226
24.8096774194
25.7566666667
NaN
