107.0
NaN
750.0
771.0
1329.0
1100.0
975.0
892.0
25.0
419.0
610.0
158.0
267.0
245.0
797.0
1872.0
614.0
2301.0
1787.0
957.0
825.0
199.0
166.0
379.0
329.0
282.0
2154.0
332.0
1080.0
442.0
175.0
306.0
224.0
277.0
542.0
886.0
214.0
406.0
561.0
1315.0
1211.0
1765.0
359.0
1083.0
1344.0
423.0
212.0
84.0
156.0
361.0
708.0
1766.0
642.0
1829.0
1145.0
206.0
532.0
297.0
563.0
38.0
471.0
567.0
749.0
882.0
669.0
1600.0
1233.0
1310.0
1199.0
407.0
123.0
241.0
287.0
750.0
514.0
327.0
1315.0
1080.0
155.0
516.0
432.0
148.0
385.0
188.0
NaN
281.0
869.0
1425.0
NaN
2557.0
2093.0
2312.0
1157.0
737.0
486.0
64.0
289.0
217.0
NaN
1969.0
917.0
1125.0
3569.0
707.0
533.0
28.0
67.0
547.0
5.0
819.0
1184.0
711.0
NaN
1305.0
843.0
677.0
114.0
0.0
304.0
291.0
515.0
849.0
1101.0
1400.0
2464.0
1248.0
1966.0
932.0
880.0
648.0
165.0
509.0
407.0
431.0
706.0
566.0
NaN
396.0
1231.0
936.0
213.0
546.0
407.0
641.0
64.0
483.0
261.0
1097.0
1242.0
1289.0
988.0
526.0
322.0
216.0
394.0
89.0
185.0
252.0
460.0
2498.0
849.0
450.0
868.0
239.0
801.0
343.0
51.0
381.0
216.0
406.0
1273.0
988.0
1608.0
1551.0
208.0
1009.0
543.0
1204.0
620.0
178.0
171.0
0.0
105.0
1288.0
389.0
404.0
94.0
767.0
0.0
0.0
100.0
387.0
1196.0
332.0
736.0
1161.0
452.0
132.0
111.0
1614.0
645.0
330.0
495.0
38.0
457.0
623.0
805.0
NaN
863.0
826.0
570.0
636.0
NaN
137.0
355.0
203.0
185.0
335.0
741.0
1053.0
922.0
140.0
547.0
292.0
1401.0
722.0
328.0
148.0
NaN
811.0
458.0
NaN
322.0
491.0
540.0
2728.0
NaN
0.0
NaN
350.0
420.0
285.0
209.0
1812.0
1255.0
2962.0
1039.0
1887.0
186.0
193.0
0.0
592.0
173.0
361.0
726.0
1387.0
696.0
422.0
718.0
513.0
504.0
708.0
170.0
114.0
0.0
457.0
1659.0
NaN
2467.0
132.0
682.0
1049.0
375.0
0.0
111.0
187.0
218.0
41.0
NaN
NaN
1336.0
338.0
NaN
680.0
NaN
448.0
315.0
0.0
558.0
833.0
1469.0
1021.0
1376.0
1265.0
644.0
1758.0
504.0
827.0
71.0
125.0
66.0
945.0
1535.0
640.0
764.0
1313.0
475.0
1523.0
371.0
381.0
358.0
132.0
104.0
437.0
1099.0
767.0
1862.0
737.0
1288.0
2373.0
562.0
71.0
244.0
216.0
419.0
948.0
439.0
1511.0
443.0
1896.0
1057.0
564.0
525.0
1134.0
50.0
89.0
66.0
395.0
417.0
474.0
810.0
431.0
1313.0
840.0
279.0
199.0
111.0
283.0
194.0
356.0
387.0
392.0
2081.0
598.0
1240.0
648.0
407.0
0.0
304.0
28.0
343.0
188.0
564.0
275.0
2371.0
803.0
935.0
1172.0
1059.0
97.0
270.0
206.0
253.0
345.0
107.0
820.0
1923.0
770.0
586.0
3476.0
620.0
349.0
71.0
53.0
709.0
366.0
1891.0
418.0
610.0
336.0
411.0
732.0
1198.0
117.0
221.0
0.0
460.0
404.0
389.0
262.0
NaN
1204.0
582.0
1149.0
854.0
NaN
NaN
NaN
86.0
241.0
1036.0
208.0
663.0
1195.0
498.0
617.0
985.0
282.0
73.0
213.0
256.0
314.0
267.0
810.0
1247.0
183.0
584.0
470.0
653.0
580.0
284.0
107.0
107.0
389.0
656.0
465.0
1027.0
1167.0
628.0
2659.0
1134.0
1422.0
790.0
195.0
179.0
202.0
696.0
639.0
961.0
702.0
2152.0
799.0
297.0
254.0
431.0
127.0
36.0
525.0
272.0
643.0
0.0
180.0
1171.0
1330.0
394.0
25.0
116.0
198.0
195.0
188.0
463.0
266.0
414.0
101.0
367.0
1369.0
249.0
1713.0
79.0
175.0
331.0
NaN
385.0
2259.0
2259.0
1788.0
274.0
1275.0
551.0
838.0
205.0
574.0
63.0
152.0
150.0
NaN
1290.0
46.0
399.0
1353.0
440.0
99.0
399.0
NaN
186.0
293.0
1000.0
NaN
487.0
1051.0
726.0
114.0
391.0
292.0
82.0
239.0
102.0
416.0
851.0
1673.0
657.0
561.0
1583.0
188.0
244.0
1048.0
295.0
281.0
435.0
1031.0
609.0
204.0
1763.0
242.0
1482.0
74.0
142.0
287.0
217.0
469.0
345.0
412.0
768.0
613.0
409.0
943.0
989.0
117.0
229.0
519.0
NaN
569.0
94.0
226.0
230.0
363.0
1520.0
526.0
913.0
NaN
2247.0
264.0
592.0
254.0
320.0
280.0
325.0
NaN
2174.0
1763.0
729.0
675.0
813.0
551.0
NaN
64.0
145.0
NaN
883.0
1297.0
2041.0
1321.0
1565.0
707.0
394.0
249.0
214.0
243.0
206.0
688.0
NaN
1400.0
997.0
605.0
1592.0
865.0
287.0
616.0
688.0
NaN
249.0
696.0
1193.0
NaN
1179.0
566.0
586.0
2122.0
102.0
504.0
531.0
690.0
51.0
1270.0
736.0
802.0
2123.0
1197.0
1623.0
918.0
523.0
NaN
NaN
414.0
53.0
483.0
1468.0
1097.0
3178.0
224.0
388.0
330.0
1240.0
335.0
373.0
188.0
474.0
513.0
743.0
655.0
912.0
1026.0
371.0
590.0
275.0
639.0
455.0
671.0
66.0
413.0
264.0
669.0
1882.0
1016.0
506.0
493.0
NaN
168.0
429.0
477.0
396.0
91.0
NaN
2116.0
1788.0
671.0
807.0
389.0
NaN
157.0
46.0
174.0
488.0
823.0
1082.0
1357.0
1659.0
821.0
1380.0
315.0
NaN
328.0
152.0
126.0
174.0
695.0
403.0
1021.0
2105.0
318.0
1286.0
584.0
NaN
1482.0
224.0
151.0
486.0
1153.0
546.0
450.0
1886.0
376.0
229.0
193.0
0.0
249.0
292.0
15.0
254.0
203.0
589.0
871.0
1015.0
248.0
NaN
154.0
1199.0
15.0
139.0
343.0
312.0
165.0
633.0
NaN
624.0
1413.0
1068.0
663.0
205.0
51.0
70.0
20.0
148.0
97.0
152.0
516.0
587.0
1017.0
1421.0
328.0
160.0
328.0
48.0
112.0
71.0
524.0
1095.0
742.0
1288.0
711.0
657.0
726.0
610.0
249.0
102.0
300.0
231.0
133.0
414.0
608.0
655.0
2388.0
562.0
963.0
221.0
651.0
18.0
404.0
366.0
1134.0
1118.0
2489.0
650.0
529.0
1163.0
1873.0
843.0
170.0
550.0
780.0
553.0
875.0
1196.0
1990.0
1230.0
545.0
1690.0
968.0
741.0
350.0
125.0
118.0
625.0
1799.0
546.0
448.0
1055.0
1279.0
419.0
3638.0
777.0
1380.0
742.0
584.0
823.0
456.0
712.0
1314.0
829.0
1137.0
1385.0
638.0
1520.0
401.0
178.0
222.0
171.0
999.0
1162.0
704.0
273.0
1315.0
668.0
697.0
161.0
474.0
174.0
76.0
117.0
387.0
1438.0
1179.0
2209.0
850.0
920.0
1473.0
38.0
359.0
160.0
391.0
177.0
572.0
1384.0
467.0
1039.0
609.0
867.0
2922.0
131.0
444.0
671.0
282.0
132.0
259.0
686.0
1598.0
1207.0
1181.0
473.0
691.0
239.0
170.0
395.0
NaN
264.0
NaN
1224.0
1012.0
2069.0
786.0
132.0
643.0
1245.0
132.0
NaN
239.0
28.0
185.0
1567.0
434.0
775.0
1576.0
NaN
744.0
719.0
451.0
418.0
397.0
247.0
496.0
1096.0
895.0
1807.0
1425.0
739.0
1280.0
1030.0
13.0
239.0
63.0
23.0
525.0
1223.0
817.0
624.0
1636.0
2561.0
1790.0
1029.0
164.0
394.0
234.0
407.0
76.0
381.0
720.0
597.0
592.0
206.0
1075.0
917.0
956.0
495.0
91.0
123.0
284.0
828.0
1305.0
567.0
1641.0
1026.0
2066.0
320.0
691.0
338.0
583.0
495.0
1187.0
1373.0
1901.0
1380.0
1785.0
978.0
2188.0
747.0
358.0
702.0
453.0
211.0
346.0
1190.0
1517.0
960.0
599.0
963.0
505.0
1077.0
503.0
281.0
279.0
386.0
446.0
726.0
1025.0
1659.0
43.0
1322.0
1228.0
91.0
1284.0
234.0
69.0
426.0
965.0
1379.0
931.0
1257.0
1260.0
351.0
418.0
596.0
13.0
14.0
129.0
NaN
1029.0
713.0
542.0
269.0
522.0
2753.0
1246.0
1704.0
220.0
240.0
182.0
250.0
153.0
1342.0
1185.0
2193.0
1103.0
572.0
2257.0
419.0
927.0
160.0
447.0
171.0
1042.0
784.0
982.0
1390.0
498.0
718.0
228.0
1166.0
314.0
81.0
456.0
191.0
460.0
410.0
274.0
2913.0
962.0
1720.0
662.0
754.0
122.0
595.0
10.0
559.0
274.0
1004.0
503.0
2605.0
1986.0
909.0
412.0
504.0
1024.0
302.0
504.0
207.0
883.0
631.0
1617.0
992.0
3122.0
1576.0
838.0
1347.0
600.0
723.0
203.0
256.0
678.0
473.0
1010.0
881.0
20.0
760.0
1194.0
1219.0
1758.0
286.0
119.0
139.0
543.0
1757.0
1130.0
1487.0
1548.0
145.0
354.0
1236.0
354.0
511.0
227.0
377.0
675.0
130.0
507.0
1225.0
1349.0
991.0
1832.0
1150.0
634.0
365.0
0.0
359.0
532.0
979.0
2190.0
529.0
1483.0
1015.0
2981.0
965.0
262.0
239.0
93.0
132.0
823.0
515.0
942.0
1411.0
873.0
2723.0
742.0
193.0
1146.0
547.0
37.0
84.0
119.0
297.0
650.0
320.0
409.0
1238.0
1070.0
91.0
639.0
129.0
209.0
174.0
49.0
219.0
1094.0
778.0
599.0
1201.0
1386.0
512.0
8.0
117.0
354.0
351.0
922.0
758.0
1846.0
1454.0
1929.0
739.0
533.0
841.0
654.0
317.0
203.0
54.0
1028.0
2287.0
1024.0
665.0
600.0
618.0
325.0
961.0
992.0
382.0
190.0
466.0
394.0
1567.0
342.0
162.0
2638.0
490.0
3201.0
89.0
1107.0
391.0
310.0
230.0
769.0
814.0
1493.0
888.0
4458.0
2105.0
1000.0
279.0
219.0
122.0
191.0
399.0
90.0
751.0
524.0
1229.0
584.0
399.0
616.0
401.0
696.0
357.0
146.0
138.0
749.0
1189.0
2303.0
857.0
904.0
497.0
661.0
307.0
483.0
127.0
559.0
214.0
474.0
463.0
2661.0
862.0
401.0
776.0
992.0
824.0
403.0
62.0
167.0
760.0
347.0
646.0
1320.0
1071.0
983.0
840.0
595.0
1381.0
312.0
403.0
231.0
600.0
1304.0
1089.0
1860.0
1778.0
723.0
634.0
802.0
1714.0
667.0
164.0
176.0
296.0
280.0
1600.0
1599.0
1330.0
1255.0
1003.0
584.0
303.0
396.0
112.0
126.0
566.0
333.0
483.0
458.0
2613.0
972.0
894.0
860.0
342.0
368.0
317.0
355.0
800.0
460.0
807.0
1981.0
1846.0
421.0
744.0
1414.0
1169.0
105.0
255.0
171.0
181.0
413.0
941.0
1885.0
947.0
1381.0
757.0
295.0
757.0
23.0
8.0
107.0
220.0
255.0
1054.0
969.0
1326.0
772.0
326.0
1439.0
367.0
1057.0
306.0
288.0
298.0
729.0
200.0
1533.0
1394.0
1030.0
2182.0
229.0
382.0
482.0
148.0
468.0
296.0
238.0
1119.0
608.0
1386.0
618.0
867.0
205.0
310.0
320.0
215.0
240.0
124.0
658.0
829.0
935.0
461.0
699.0
2173.0
864.0
364.0
611.0
424.0
204.0
454.0
715.0
1479.0
1957.0
717.0
637.0
2884.0
590.0
1193.0
13.0
985.0
253.0
589.0
381.0
1440.0
1209.0
2357.0
2599.0
442.0
1634.0
825.0
649.0
600.0
110.0
108.0
1164.0
956.0
1042.0
1951.0
462.0
2286.0
252.0
1441.0
377.0
NaN
119.0
NaN
607.0
1372.0
1625.0
2638.0
2869.0
1223.0
1405.0
320.0
483.0
96.0
305.0
416.0
259.0
818.0
1665.0
2559.0
799.0
1235.0
236.0
59.0
953.0
744.0
34.0
394.0
402.0
1106.0
NaN
NaN
NaN
NaN
NaN
NaN
NaN
NaN
NaN
NaN
298.0
1678.0
2198.0
NaN
1181.0
NaN
NaN
NaN
NaN
NaN
NaN
NaN
NaN
NaN
NaN
NaN
NaN
2977.0
1276.0
1087.0
138.0
102.0
25.0
350.0
108.0
863.0
1316.0
2058.0
2635.0
758.0
1053.0
470.0
1109.0
1415.0
158.0
534.0
331.0
1038.0
NaN
NaN
1683.0
1066.0
894.0
331.0
244.0
290.0
401.0
41.0
726.0
1994.0
1214.0
729.0
76.0
1222.0
NaN
NaN
