837.0
2274.0
943.0
1728.0
603.0
87.0
158.0
NaN
179.0
282.0
240.0
927.0
1495.0
1036.0
1306.0
565.0
594.0
338.0
206.0
308.0
451.0
56.0
1287.0
1699.0
962.0
1247.0
2435.0
358.0
1035.0
514.0
170.0
30.0
66.0
243.0
119.0
436.0
1087.0
1303.0
1244.0
622.0
549.0
75.0
129.0
49.0
113.0
208.0
436.0
549.0
854.0
1400.0
482.0
1377.0
381.0
378.0
224.0
313.0
58.0
162.0
415.0
1152.0
369.0
822.0
764.0
1025.0
783.0
86.0
499.0
544.0
127.0
240.0
485.0
2290.0
1468.0
361.0
449.0
707.0
751.0
1090.0
230.0
108.0
223.0
430.0
271.0
1683.0
549.0
1163.0
930.0
685.0
471.0
209.0
262.0
396.0
86.0
608.0
904.0
1096.0
1241.0
310.0
267.0
2733.0
1632.0
237.0
561.0
175.0
44.0
NaN
1132.0
836.0
1418.0
333.0
272.0
1237.0
579.0
190.0
488.0
278.0
286.0
715.0
853.0
391.0
584.0
605.0
807.0
294.0
631.0
336.0
229.0
259.0
25.0
73.0
64.0
479.0
995.0
1302.0
1758.0
926.0
467.0
508.0
369.0
546.0
118.0
148.0
514.0
901.0
1176.0
451.0
866.0
316.0
346.0
110.0
61.0
193.0
298.0
344.0
983.0
NaN
1453.0
1418.0
359.0
378.0
607.0
505.0
NaN
NaN
402.0
477.0
1363.0
749.0
1496.0
1448.0
647.0
312.0
779.0
328.0
624.0
270.0
474.0
288.0
510.0
1080.0
1520.0
803.0
521.0
NaN
NaN
NaN
NaN
NaN
NaN
NaN
NaN
NaN
NaN
NaN
NaN
NaN
NaN
NaN
NaN
NaN
NaN
NaN
NaN
NaN
NaN
NaN
NaN
NaN
364.0
NaN
NaN
256.0
673.0
NaN
NaN
111.0
981.0
638.0
1116.0
NaN
NaN
