8.68333333333
0.790322580645
1.77419354839
4.736
5.74516129032
NaN
NaN
26.2966666667
29.8935483871
NaN
22.46
20.9129032258
11.3333333333
5.28387096774
-2.83333333333
8.01428571429
12.65
19.5166666667
23.7096774194
31.2066666667
32.7774193548
30.5967741935
25.6466666667
24.0612903226
12.8
1.25483870968
6.93548387097
2.95357142857
8.50967741935
NaN
27.1066666667
28.0827586207
33.5516129032
28.0290322581
25.4482758621
20.3451612903
11.1103448276
4.74333333333
5.24838709677
3.17142857143
3.25666666667
18.78
NaN
26.6310344828
30.3516129032
29.66
18.6166666667
21.1032258065
12.48
6.70322580645
-1.1064516129
2.69285714286
13.4
13.9533333333
25.3161290323
28.1233333333
32.5225806452
28.0451612903
24.26
20.4419354839
10.4833333333
3.72258064516
3.3064516129
8.67777777778
14.33
NaN
19.1
26.1666666667
NaN
28.5838709677
24.43
19.4064516129
10.5933333333
3.16774193548
3.32580645161
4.92068965517
13.8178571429
17.1344827586
19.9633333333
30.82
30.1516129032
29.5870967742
25.7066666667
19.9433333333
NaN
-0.377419354839
-2.73548387097
1.23214285714
4.49032258065
19.0133333333
23.2193548387
25.53
30.8258064516
30.0064516129
25.72
12.1870967742
12.2733333333
3.44516129032
0.693548387097
8.48214285714
6.65161290323
17.3233333333
26.3741935484
28.9533333333
32.0161290323
32.0612903226
24.8433333333
15.464516129
9.00666666667
6.98333333333
1.34838709677
3.11071428571
9.95483870968
17.375862069
20.5032258065
30.61
29.6612903226
30.1677419355
24.6733333333
19.7129032258
10.7966666667
4.88064516129
1.56774193548
7.35517241379
14.2032258065
16.3666666667
22.0580645161
29.38
29.2366666667
29.2258064516
24.9
16.0451612903
5.37
-1.27419354839
2.19677419355
5.37857142857
10.1096774194
15.6633333333
21.9677419355
30.3266666667
30.6266666667
32.0733333333
21.28
19.4419354839
7.68
0.212903225806
-1.09666666667
7.38461538462
12.5448275862
17.6793103448
24.8225806452
28.7518518519
35.0580645161
27.5129032258
24.95
19.7225806452
9.86666666667
4.13
3.93076923077
1.03571428571
6.05806451613
15.0517241379
24.3692307692
27.4714285714
32.0741935484
31.464516129
23.9033333333
21.5870967742
9.28214285714
2.96666666667
1.06666666667
10.9310344828
10.8103448276
17.8448275862
21.5903225806
29.6533333333
31.71
31.5096774194
24.85
16.1419354839
10.0344827586
6.99677419355
-0.68064516129
10.2
11.5967741935
19.2275862069
24.5548387097
29.7862068966
32.7903225806
28.2032258065
26.6034482759
19.064516129
10.6366666667
3.82258064516
-4.98064516129
-3.50740740741
8.35806451613
17.6266666667
21.2678571429
28.1535714286
32.1741935484
29.9612903226
28.5033333333
19.9724137931
7.89
-0.235483870968
-6.99032258065
-1.22692307692
9.23548387097
16.5896551724
20.564516129
27.6535714286
28.7
29.1148148148
28.3266666667
21.0451612903
6.81333333333
7.75161290323
0.609677419355
1.72068965517
6.41612903226
17.5366666667
23.75
29.2965517241
33.8580645161
31.4096774194
27.3466666667
19.5903225806
13.12
7.92258064516
7.38064516129
7.46071428571
12.0129032258
21.8214285714
19.2689655172
29.68
29.6580645161
27.9838709677
26.0666666667
17.4607142857
12.1275862069
2.74
-1.04838709677
4.04285714286
8.63225806452
16.9607142857
21.6133333333
24.3714285714
31.4935483871
28.8193548387
24.3
18.0258064516
7.98965517241
5.73870967742
2.41333333333
6.15769230769
8.56774193548
12.09
20.35
26.1
32.964516129
33.3709677419
27.6166666667
17.8533333333
9.19
-7.42580645161
0.583870967742
6.66551724138
5.65806451613
12.3586206897
20.8709677419
28.8142857143
30.1774193548
31.7774193548
24.32
15.9612903226
9.87037037037
3.89666666667
-1.00967741935
1.425
14.5548387097
20.2633333333
24.6266666667
27.6833333333
30.7774193548
27.1612903226
21.33
17.035483871
1.98666666667
0.377419354839
8.56774193548
4.31785714286
14.6193548387
18.6533333333
22.2258064516
29.4
31.1774193548
27.6032258065
24.24
16.8483870968
NaN
NaN
NaN
NaN
NaN
NaN
23.8258064516
29.0933333333
30.2774193548
27.5448275862
26.0233333333
18.22
10.9689655172
4.67096774194
-1.07419354839
4.23448275862
11.9935483871
17.4833333333
24.3935483871
31.9266666667
29.7322580645
30.7387096774
25.11
17.4322580645
11.76
8.06451612903
6.86451612903
-1.27857142857
9.44516129032
20.7310344828
22.3677419355
25.24
29.3580645161
27.5387096774
23.3733333333
20.3548387097
11.7266666667
1.08064516129
7.28064516129
5.67142857143
10.8
16.5366666667
19.8258064516
29.09
29.2096774194
29.2129032258
28.2566666667
19.5903225806
12.3766666667
0.98
1.22258064516
12.0071428571
12.3870967742
16.76
22.4903225806
29.0034482759
31.2774193548
29.6806451613
26.2366666667
19.4290322581
5.72666666667
5.97419354839
6.56774193548
9.62413793103
13.1870967742
18.0166666667
23.4064516129
24.35
26.864516129
25.8709677419
24.9466666667
19.0548387097
5.03333333333
0.774193548387
-2.57419354839
-2.25357142857
8.36774193548
13.64
21.3612903226
25.3466666667
27.0580645161
27.7806451613
21.44
17.4064516129
8.31666666667
5.68709677419
1.4
-0.471428571429
13.4225806452
16.9689655172
24.7870967742
29.0766666667
28.4967741935
29.5612903226
26.3333333333
18.8709677419
9.56333333333
5.1
3.66129032258
9.76785714286
9.54838709677
13.4666666667
16.2483870968
26.0
31.1548387097
31.5580645161
23.3933333333
17.8870967742
11.1733333333
3.85483870968
-0.106451612903
8.50344827586
7.88387096774
17.8333333333
18.9806451613
28.2766666667
27.9806451613
26.9129032258
21.71
18.2129032258
4.96333333333
2.88387096774
3.3
3.92857142857
13.7806451613
12.98
21.1419354839
28.3166666667
30.6709677419
28.7451612903
25.6833333333
17.9935483871
9.00666666667
4.66451612903
3.36774193548
6.51428571429
5.79677419355
15.8533333333
25.4096774194
26.4966666667
29.6193548387
30.5064516129
28.7866666667
18.4096774194
11.7333333333
6.52903225806
4.51612903226
12.6259259259
9.86206896552
14.7933333333
21.6967741935
24.9166666667
31.8451612903
28.9129032258
23.5833333333
21.0225806452
15.68
7.95806451613
5.48333333333
9.04827586207
12.6677419355
18.5566666667
23.5967741935
27.8633333333
29.7642857143
31.4290322581
26.4379310345
19.3322580645
3.88666666667
-1.34516129032
4.0
-0.155555555556
6.4
17.39
22.0741935484
27.1933333333
31.4709677419
30.0225806452
24.75
18.6419354839
14.6035714286
7.44193548387
6.66451612903
7.71071428571
7.34838709677
18.4896551724
20.5709677419
31.26
33.1548387097
29.4870967742
26.1766666667
13.9806451613
12.24
9.45483870968
6.32333333333
4.63703703704
12.0193548387
18.1448275862
21.0419354839
26.05
32.0806451613
30.8967741935
25.8166666667
22.0290322581
9.62666666667
7.03333333333
2.44666666667
3.08965517241
14.6290322581
17.9733333333
23.6806451613
26.1346153846
28.5838709677
27.4419354839
27.39
18.3866666667
10.4896551724
7.14666666667
0.423333333333
NaN
12.0612903226
17.01
22.5870967742
27.5266666667
31.3258064516
28.8483870968
28.61
19.6
13.7766666667
2.83333333333
12.4793103448
6.52592592593
10.1580645161
21.14
25.5709677419
30.1533333333
31.7258064516
28.5870967742
23.4310344828
16.7903225806
11.1566666667
6.27419354839
-0.167741935484
0.38
15.9366666667
NaN
NaN
26.4666666667
29.8064516129
31.55
26.0766666667
19.8483870968
14.0133333333
0.888888888889
1.22
4.76428571429
11.8433333333
13.4266666667
20.6833333333
27.2066666667
30.7741935484
27.3161290323
24.6966666667
17.335483871
11.3366666667
0.812903225806
4.67419354839
8.35714285714
10.6733333333
15.44
22.6451612903
25.33
27.8225806452
27.4838709677
22.63
11.4322580645
13.5433333333
-1.58064516129
1.97741935484
1.41785714286
10.5193548387
18.41
20.3387096774
27.7689655172
29.8580645161
30.6225806452
26.2233333333
21.1290322581
10.9166666667
3.61935483871
0.603225806452
3.86428571429
9.53548387097
15.8733333333
21.0225806452
27.3666666667
30.8451612903
29.3032258065
23.4366666667
19.6935483871
12.3233333333
4.37666666667
7.64516129032
5.36896551724
20.4
19.1833333333
25.2709677419
29.9166666667
33.3451612903
30.0566666667
27.4633333333
17.4
13.2133333333
5.14193548387
3.46666666667
5.87037037037
9.16666666667
13.65
22.5935483871
NaN
29.7129032258
29.5838709677
27.9
17.9258064516
9.63333333333
3.75161290323
5.04193548387
0.248148148148
9.07419354839
16.3433333333
21.8032258065
26.8833333333
28.7451612903
29.1225806452
23.6233333333
20.5516129032
8.63666666667
2.23548387097
4.33548387097
3.33928571429
15.4290322581
17.3166666667
19.7677419355
27.59
30.2129032258
28.1967741935
28.0133333333
20.6580645161
11.3366666667
3.87096774194
3.25806451613
7.89310344828
15.2225806452
17.6633333333
21.5838709677
30.2433333333
30.035483871
28.5483870968
25.8233333333
21.4677419355
15.2733333333
3.43548387097
1.61612903226
9.88571428571
13.3451612903
17.0862068966
NaN
30.8620689655
31.4387096774
27.7870967742
27.12
NaN
