5.14516129032
3.63548387097
11.1259259259
12.9357142857
13.8275862069
20.05
NaN
30.2533333333
31.0769230769
23.175862069
18.6033333333
15.4586206897
9.11333333333
4.8064516129
6.93793103448
12.9037037037
16.5518518519
22.2161290323
26.0857142857
31.5433333333
33.3724137931
27.1666666667
19.3678571429
2.77666666667
-0.56
4.75517241379
-0.317857142857
8.70740740741
15.7666666667
21.65
25.4
32.2111111111
33.4071428571
26.5846153846
18.9677419355
13.3233333333
4.75517241379
5.02580645161
8.64444444444
2.21
17.2103448276
18.96
30.3357142857
34.9258064516
31.3344827586
24.2379310345
12.3466666667
10.0275862069
7.60344827586
5.77666666667
2.55555555556
10.1642857143
18.625
20.9066666667
25.0066666667
35.6774193548
34.1290322581
25.2821428571
21.1551724138
6.14137931034
6.04
2.85806451613
5.66896551724
12.1740740741
18.4285714286
22.8607142857
25.86
31.8035714286
30.1576923077
25.1379310345
17.5888888889
9.74
7.16206896552
1.47666666667
9.12142857143
11.4346153846
16.2862068966
19.6233333333
26.8142857143
NaN
NaN
27.0566666667
18.5961538462
13.3714285714
2.28387096774
10.0033333333
3.55555555556
9.93333333333
18.825
23.1064516129
NaN
33.6533333333
30.5965517241
22.724137931
15.0366666667
10.1833333333
5.8
2.20666666667
0.239130434783
15.7111111111
14.6964285714
24.6888888889
NaN
36.2074074074
32.3321428571
27.02
NaN
12.575862069
0.686666666667
0.161290322581
3.94642857143
10.4423076923
14.7
19.3633333333
NaN
32.8931034483
30.6833333333
25.1482758621
17.7035714286
10.5444444444
0.845161290323
3.32666666667
6.67037037037
NaN
11.4071428571
22.0310344828
24.4481481481
NaN
29.5923076923
25.575862069
10.5814814815
13.6733333333
-2.76129032258
-0.770967741935
-0.671428571429
10.0516129032
16.0866666667
18.6903225806
25.5
31.0161290323
33.0064516129
26.9931034483
20.0741935484
7.94137931034
3.57741935484
NaN
NaN
NaN
NaN
NaN
NaN
NaN
NaN
NaN
NaN
NaN
NaN
NaN
5.38965517241
NaN
NaN
23.0677419355
29.9344827586
34.7903225806
NaN
28.0133333333
16.3483870968
11.4333333333
4.25161290323
1.93548387097
5.58214285714
9.83225806452
11.09
21.1709677419
25.74
29.4774193548
29.9548387097
26.9233333333
12.5193548387
9.43
-0.0193548387097
4.48387096774
0.3
9.54193548387
14.9666666667
19.5483870968
24.7966666667
29.1774193548
29.1032258065
24.29
19.7806451613
6.20333333333
6.14193548387
4.75161290323
6.5
15.1612903226
16.64
17.8870967742
27.07
29.3230769231
29.8548387097
27.7233333333
18.9161290323
10.44
2.44193548387
2.46451612903
9.94827586207
14.2258064516
16.8034482759
20.4129032258
31.5966666667
32.3741935484
31.1206896552
23.6444444444
20.3551724138
15.4366666667
NaN
