8.3
8.3
11.7
16.7
16.1
10.6
10.6
11.1
12.2
11.1
8.9
8.9
7.2
11.7
11.7
12.2
12.2
9.4
8.9
10.0
8.9
8.9
10.0
11.1
12.2
16.1
17.8
17.8
20.0
19.4
18.3
18.3
18.9
18.9
14.4
18.9
20.6
16.7
13.9
10.0
13.9
NaN
NaN
19.4
18.9
20.0
21.1
NaN
NaN
NaN
NaN
NaN
NaN
NaN
NaN
NaN
17.2
14.4
16.7
14.4
13.3
19.4
15.0
14.4
15.6
14.4
15.6
16.7
15.6
16.1
17.2
18.3
17.8
18.3
16.1
17.8
18.3
17.2
16.1
15.0
13.3
15.6
14.4
15.0
15.6
13.3
13.9
12.8
9.4
7.8
8.3
7.8
7.8
8.9
10.6
6.1
8.9
10.6
13.3
13.9
14.4
10.0
11.1
8.3
8.9
NaN
NaN
NaN
NaN
NaN
NaN
5.0
-1.1
-0.6
-1.1
6.1
5.6
7.2
7.2
6.7
6.1
7.2
8.9
9.4
9.4
8.9
7.8
7.2
3.3
3.3
-0.6
-1.1
-3.3
-4.4
NaN
NaN
NaN
NaN
NaN
NaN
NaN
NaN
NaN
NaN
-1.1
-1.7
-1.1
1.1
2.2
1.1
1.1
-0.6
0.6
1.1
0.6
1.1
1.1
0.0
-1.1
-1.7
-2.2
-4.4
-6.7
-5.6
-6.1
-6.7
-11.1
-16.7
-15.6
-13.9
-7.8
-5.6
-7.8
-5.0
-3.3
-3.9
-3.3
-4.4
-6.7
-7.2
-5.0
-3.3
-6.7
-10.0
-15.6
-12.2
-13.3
-12.2
-11.1
-10.0
-11.1
-12.2
-11.1
NaN
-13.9
-11.1
-6.7
-18.9
-23.3
-21.1
-18.9
-18.9
-19.4
-18.9
-25.0
NaN
NaN
NaN
NaN
-7.8
-5.0
0.6
-0.6
-3.3
2.8
5.0
5.0
4.4
2.8
9.4
8.3
5.0
1.7
4.4
3.3
7.2
4.4
8.3
3.3
4.4
2.8
4.4
2.2
7.2
4.4
8.3
2.8
4.4
5.6
2.8
6.1
7.2
10.6
10.0
8.9
9.4
NaN
11.7
11.7
13.9
15.0
13.3
NaN
12.8
14.4
14.4
16.1
17.2
17.2
15.6
15.0
16.1
17.8
17.2
16.7
17.8
NaN
4.4
10.0
NaN
NaN
NaN
NaN
14.4
13.9
15.6
12.8
14.4
13.9
15.6
13.9
13.9
16.1
15.0
16.7
16.7
17.8
16.7
17.2
17.8
16.7
17.2
17.8
14.4
12.8
13.9
18.3
17.2
16.7
15.6
20.0
15.6
13.9
