NaN
5.46129032258
13.11
15.7366666667
11.0322580645
6.37333333333
0.225806451613
-7.76333333333
-14.7933333333
-19.14
-16.2
-3.43
2.71785714286
6.78333333333
13.6066666667
15.3258064516
14.6483870968
10.4566666667
5.18333333333
-7.30714285714
-7.4
-21.1333333333
-17.7
-9.7935483871
4.34333333333
5.47333333333
9.87
12.2419354839
10.0225806452
9.13448275862
-0.309677419355
-7.12068965517
-14.1033333333
-12.1333333333
-11.4344827586
-10.0633333333
NaN
7.14516129032
12.0346153846
12.9225806452
12.3766666667
3.68666666667
-3.26451612903
-13.9689655172
-7.52580645161
-15.9724137931
-12.9214285714
-9.13548387097
0.831034482759
4.73666666667
11.33
14.064516129
10.1806451613
10.2931034483
3.36666666667
NaN
-15.2032258065
-11.6903225806
NaN
-6.36896551724
-1.24482758621
5.9064516129
NaN
13.3433333333
NaN
NaN
0.322580645161
NaN
-16.64
-16.7466666667
-23.324
NaN
NaN
NaN
NaN
NaN
NaN
NaN
NaN
NaN
NaN
NaN
NaN
NaN
NaN
NaN
NaN
NaN
NaN
NaN
NaN
NaN
NaN
NaN
NaN
NaN
NaN
NaN
NaN
NaN
NaN
NaN
NaN
NaN
NaN
NaN
NaN
NaN
NaN
NaN
NaN
NaN
NaN
NaN
NaN
NaN
NaN
NaN
NaN
NaN
NaN
NaN
NaN
NaN
NaN
NaN
NaN
NaN
NaN
-16.9
-17.675
-5.53793103448
-0.526666666667
7.00322580645
12.7034482759
14.3161290323
12.3806451613
8.33
4.18064516129
-4.06333333333
-12.5466666667
-17.8172413793
-17.3666666667
-0.733333333333
-0.133333333333
5.78064516129
13.4466666667
14.9096774194
16.9580645161
13.8933333333
1.50344827586
-1.64482758621
-8.3275862069
-10.55
-12.1407407407
-9.54137931034
2.89
NaN
12.5533333333
14.5516129032
15.5483870968
11.23
0.387096774194
-3.85333333333
-10.8964285714
-18.2642857143
-11.4857142857
-2.79032258065
-2.40333333333
3.37096774194
11.1833333333
14.9322580645
13.7580645161
8.09666666667
-0.532258064516
-4.48
-9.62666666667
-12.0774193548
-12.4071428571
-5.04193548387
2.08666666667
6.52258064516
13.2933333333
16.9677419355
15.0580645161
12.83
NaN
NaN
NaN
-14.0451612903
-10.4423076923
-5.85483870968
-2.13333333333
5.74838709677
14.8566666667
17.5161290323
18.3677419355
10.6333333333
3.39032258065
-3.37
-15.4555555556
-14.0580645161
-16.8464285714
-1.0935483871
3.82666666667
NaN
NaN
16.0225806452
16.37
8.40666666667
3.32258064516
-6.86666666667
-11.0766666667
-15.935483871
-10.4678571429
-3.11935483871
1.74666666667
9.51935483871
15.61
14.0866666667
13.7064516129
10.4433333333
2.38064516129
-8.42
-10.2483870968
-21.91
-12.0730769231
-9.61290322581
1.91724137931
8.70967741935
10.4133333333
14.9870967742
12.6870967742
7.04
-0.203333333333
-5.38
-10.5387096774
NaN
-16.4107142857
-9.22580645161
0.81
6.34516129032
NaN
NaN
16.5142857143
9.33333333333
-0.629032258065
-1.41379310345
-8.85666666667
-9.05161290323
-18.0
NaN
-0.937037037037
9.28709677419
16.1666666667
18.2387096774
14.5774193548
9.51
4.46451612903
-4.28
-17.1129032258
-15.6322580645
NaN
-6.91333333333
5.25666666667
5.37741935484
10.8333333333
13.71
10.4129032258
8.61
2.7064516129
-3.46206896552
-10.8433333333
NaN
-15.0620689655
-5.70967741935
0.46
6.57419354839
10.0833333333
19.0741935484
15.1225806452
8.64666666667
1.75806451613
-5.41
-17.1096774194
-17.6548387097
-17.7
-6.66774193548
1.19666666667
4.58333333333
10.5733333333
15.2451612903
12.8032258065
9.31
-2.47741935484
-2.27333333333
-17.7
-20.35
-14.3214285714
-2.68064516129
-0.346666666667
8.9064516129
13.24
14.6612903226
15.4387096774
5.26206896552
4.01290322581
-1.87333333333
-5.54838709677
-9.12903225806
-11.35
-4.80322580645
2.36333333333
6.92258064516
15.6066666667
17.4516129032
12.9466666667
10.4433333333
0.806451612903
-7.45
-14.6466666667
-14.1548387097
-10.4827586207
-6.26
-1.33793103448
6.94838709677
13.7896551724
15.164516129
11.4096774194
11.4
5.66129032258
-3.68666666667
-9.47419354839
-8.38387096774
-8.47857142857
-2.36129032258
2.70333333333
9.31612903226
16.06
17.1322580645
15.164516129
10.5166666667
4.03548387097
-6.87
-10.2677419355
-15.6161290323
-15.9321428571
-3.64666666667
2.41
10.1774193548
14.2033333333
14.3935483871
15.1516129032
11.0933333333
4.33548387097
-0.22
-13.7870967742
-10.5
-15.837037037
-9.54666666667
0.353333333333
7.67096774194
15.0133333333
17.4774193548
13.5419354839
11.0533333333
1.9064516129
-3.00333333333
-7.78064516129
-18.7032258065
-10.4620689655
-5.45806451613
0.97
3.60322580645
12.5833333333
13.5290322581
14.3
7.70666666667
6.16451612903
-4.80666666667
-17.3548387097
-16.4129032258
-9.92142857143
-3.45806451613
5.36333333333
5.30967741935
13.58
14.6903225806
14.88
12.6533333333
-2.33548387097
-5.08620689655
-11.7580645161
-13.5516129032
-6.87857142857
-6.87096774194
-1.26
10.3161290323
11.1033333333
16.1290322581
15.4870967742
9.81333333333
2.85161290323
-6.42333333333
-13.6580645161
-11.7387096774
-8.475
-2.76129032258
1.91333333333
7.36451612903
11.6666666667
13.0290322581
11.3193548387
11.8033333333
3.0
-4.90333333333
-18.2806451613
-11.8032258065
-9.69655172414
-4.25161290323
-2.63333333333
7.79032258065
10.1366666667
15.3806451613
14.7161290323
7.18333333333
3.38709677419
-3.22333333333
-7.95483870968
-19.8451612903
-19.35
-3.44193548387
1.7
5.87419354839
11.4133333333
16.2064516129
14.1741935484
8.64666666667
3.15483870968
-6.62666666667
-11.464516129
-20.1838709677
-5.91428571429
-5.83225806452
2.26333333333
7.70967741935
12.0733333333
16.264516129
15.6516129032
8.36666666667
2.98387096774
-3.85
-8.65483870968
-9.75483870968
-6.53571428571
-5.56451612903
1.26333333333
5.96451612903
16.5966666667
15.8419354839
15.0870967742
13.7366666667
6.13225806452
-2.83
-5.72258064516
-14.4483870968
-11.7034482759
-9.00322580645
2.55333333333
8.79032258065
14.9866666667
16.5483870968
15.3774193548
7.7
1.60322580645
-6.71333333333
-14.9935483871
-8.93870967742
-16.4222222222
-4.91935483871
0.776666666667
7.98064516129
16.0933333333
16.7806451613
13.2580645161
12.0366666667
0.806451612903
-5.16896551724
-11.2516129032
-10.564516129
-10.4821428571
-7.19032258065
1.59
12.0612903226
15.0966666667
17.2709677419
13.9322580645
6.62666666667
4.76129032258
-2.0
-13.0322580645
-14.1741935484
-6.01785714286
-2.38709677419
1.67666666667
6.50322580645
12.19
19.4580645161
15.8161290323
10.0566666667
1.20322580645
-6.46666666667
-10.7709677419
-21.0516129032
-24.524137931
-4.74838709677
-1.2
11.1838709677
13.2066666667
18.8806451613
17.0709677419
11.8724137931
0.83
-5.33
-9.4935483871
-21.2548387097
-14.7892857143
-5.46774193548
2.09333333333
9.72903225806
12.9448275862
16.6612903226
18.4741935484
10.3733333333
2.04838709677
-6.5
-13.2709677419
-14.9774193548
-11.5214285714
-2.38709677419
2.93333333333
8.43870967742
13.6866666667
17.2967741935
16.7096774194
11.5866666667
6.21290322581
-5.55333333333
-9.33548387097
-8.6
-17.425
-5.84193548387
0.663333333333
11.0387096774
14.78
17.2548387097
14.0233333333
10.54
2.71935483871
-5.34666666667
-7.75806451613
-20.1451612903
-11.4413793103
-6.12580645161
0.91724137931
6.86451612903
14.0766666667
17.4161290323
15.2967741935
12.0533333333
6.21612903226
-7.15
-8.4
-10.964516129
-11.8428571429
-4.98333333333
5.54
11.7677419355
14.6666666667
16.7709677419
16.5225806452
11.64
4.23666666667
-3.5
-7.96451612903
-11.5870967742
-10.0607142857
-2.59032258065
3.43333333333
7.69677419355
14.4033333333
15.9709677419
15.7483870968
8.55666666667
2.4
-4.64827586207
-12.8193548387
-17.335483871
-9.85714285714
-8.93870967742
1.33666666667
6.25483870968
15.19
17.1451612903
16.7806451613
7.79333333333
1.65
-4.61333333333
-10.5741935484
-8.43548387097
-11.1931034483
-7.13870967742
0.613333333333
11.4
14.9266666667
15.4741935484
15.7483870968
10.33
2.90967741935
-1.13333333333
-9.90967741935
-11.035483871
-10.0178571429
-2.29032258065
1.03666666667
5.41290322581
11.48
15.6161290323
15.8580645161
10.0066666667
2.36774193548
-4.78333333333
-14.2290322581
-14.7129032258
-10.5321428571
0.583870967742
4.02666666667
6.45161290323
13.9793103448
16.8032258065
13.6387096774
9.74
3.81290322581
-5.0
-9.58387096774
-9.87096774194
-13.9464285714
-5.30967741935
1.44666666667
5.78064516129
12.5566666667
15.87
18.8419354839
11.48
7.97096774194
-4.93
-10.3266666667
-14.6935483871
-13.0068965517
-6.8935483871
4.31333333333
8.1935483871
13.4966666667
16.4838709677
16.2387096774
11.92
2.27741935484
-3.25666666667
-11.5612903226
-15.2483870968
-14.8392857143
-4.27419354839
1.34333333333
10.7032258065
15.31
17.2935483871
16.0806451613
7.29666666667
4.44516129032
-2.21666666667
-11.3516129032
-19.8774193548
-12.1392857143
-7.82903225806
-1.36333333333
6.71935483871
13.74
14.1129032258
12.9032258065
9.71666666667
4.74516129032
-7.22333333333
-13.2806451613
-16.1709677419
-10.2857142857
-10.6709677419
0.693333333333
9.81612903226
11.9633333333
15.7870967742
14.9903225806
7.78333333333
3.17419354839
-7.67
-14.3032258065
-16.5967741935
-7.08965517241
-6.14516129032
2.52
8.08709677419
15.63
16.5741935484
14.8064516129
10.11
-1.15161290323
-5.30333333333
-10.235483871
-13.3870967742
-9.37857142857
-4.35483870968
0.0566666666667
8.38709677419
15.6833333333
16.6451612903
16.3451612903
8.94333333333
4.9
-3.17
-10.7032258065
-16.7838709677
-3.61071428571
-5.92580645161
2.35666666667
5.18387096774
15.4766666667
17.7903225806
15.9935483871
11.4133333333
4.07419354839
-1.99333333333
-8.44838709677
-12.0612903226
-14.8214285714
-7.05806451613
4.78
9.97741935484
13.3933333333
19.76
17.9741935484
10.37
3.25333333333
-9.33
-15.9806451613
-16.2193548387
-15.824137931
-7.38709677419
-1.55
9.53870967742
16.5233333333
15.1967741935
15.4870967742
7.94666666667
6.1
-4.35
-9.17419354839
-17.7774193548
-9.85714285714
-5.32258064516
1.27333333333
8.28387096774
13.1866666667
19.6193548387
15.9838709677
8.95
4.10322580645
-3.06
-6.94838709677
-9.94193548387
-15.0857142857
-4.16451612903
1.74
8.88709677419
11.7166666667
15.3870967742
15.7870967742
10.8266666667
4.15
-4.80666666667
-14.2322580645
-16.8677419355
-16.4285714286
-3.78709677419
0.793333333333
9.75161290323
15.9233333333
15.5387096774
18.3129032258
10.36
1.66774193548
-9.11333333333
-4.53225806452
-13.635483871
-12.9464285714
-12.7
2.60666666667
7.83548387097
13.35
15.9903225806
16.5225806452
10.94
3.15161290323
-3.66666666667
-11.5258064516
-16.4451612903
-10.7321428571
-2.39032258065
-0.0333333333333
6.97419354839
13.7433333333
15.5133333333
16.0483870968
9.86666666667
3.24193548387
-4.46666666667
-14.0419354839
-16.8612903226
-11.9071428571
-8.22258064516
0.74
11.9677419355
14.2633333333
16.1483870968
15.3741935484
8.76
5.27096774194
-1.45666666667
-10.6612903226
-19.4933333333
-12.7214285714
-2.0
3.56
8.81935483871
16.5275862069
17.9387096774
16.0580645161
12.2633333333
8.01290322581
-2.25666666667
-16.1419354839
-11.0032258065
-9.57586206897
-8.35161290323
2.89333333333
10.5225806452
14.2066666667
18.4225806452
13.7419354839
10.2033333333
2.54838709677
-3.92333333333
-13.8032258065
-15.7903225806
-16.0928571429
-9.89032258065
1.64333333333
10.0548387097
14.94
16.4366666667
14.5
7.74666666667
4.39032258065
-4.73333333333
NaN
-18.8096774194
-13.45
-3.39032258065
0.0
5.54193548387
13.8433333333
18.4870967742
13.564516129
9.81
2.47419354839
-6.00666666667
-11.7566666667
-13.2612903226
-15.375
-3.50666666667
1.94333333333
4.78666666667
13.5333333333
14.9903225806
13.3387096774
9.00344827586
2.03
-5.83
-9.82580645161
-14.2516129032
-12.4689655172
-3.26451612903
2.20333333333
5.04193548387
14.5533333333
15.7935483871
16.1451612903
10.34
3.92903225806
-3.35333333333
-11.6266666667
-17.5275862069
-10.6714285714
-11.635483871
2.44
9.20967741935
10.7233333333
NaN
NaN
9.13333333333
1.16774193548
-4.72666666667
-11.3806451613
-21.664516129
-15.1
-8.31290322581
1.28333333333
8.44193548387
14.47
16.264516129
15.0709677419
9.59
2.24516129032
-4.63
-15.0516129032
-18.0741935484
-12.6892857143
-6.61612903226
1.21666666667
5.77419354839
16.35
14.1
13.3516129032
8.20333333333
4.85483870968
-5.19
-12.7096774194
-19.7451612903
-17.8551724138
-6.44838709677
0.726666666667
9.87419354839
13.4866666667
15.035483871
14.8709677419
8.16666666667
0.248387096774
-3.22333333333
-14.5935483871
-12.8967741935
-10.4214285714
-0.154838709677
1.62333333333
6.0
13.8033333333
16.8838709677
16.4903225806
9.46333333333
4.68387096774
NaN
-13.2806451613
-18.0774193548
-10.5571428571
-5.34193548387
2.04666666667
7.07419354839
12.8966666667
17.6548387097
NaN
5.22
0.603225806452
-4.16333333333
-10.6129032258
-14.8741935484
-14.975
-10.4677419355
0.41
8.43225806452
12.7333333333
15.8571428571
16.0290322581
7.02333333333
2.25483870968
-4.73666666667
-11.0419354839
-15.6
-7.02413793103
-5.83225806452
3.63
6.09677419355
13.02
16.7612903226
14.9419354839
8.37666666667
-1.19333333333
-8.68333333333
NaN
-21.5129032258
-10.7571428571
-2.62903225806
5.46333333333
12.4833333333
14.9033333333
18.0193548387
13.5133333333
10.1793103448
1.73103448276
-4.82142857143
-12.9714285714
-22.1870967742
NaN
-7.73870967742
2.55517241379
8.17931034483
13.8571428571
16.0366666667
15.1310344828
12.4111111111
1.71935483871
-7.48333333333
-15.6965517241
-23.2096774194
-21.55
-7.41724137931
0.793103448276
5.52068965517
13.44
15.9322580645
13.9903225806
8.86666666667
0.303333333333
-6.28666666667
-8.93
-13.6806451613
-13.6379310345
-7.24
1.76
7.43548387097
13.3333333333
15.1225806452
14.0870967742
8.86333333333
-0.166666666667
-4.49333333333
-12.0903225806
-13.6903225806
-11.2333333333
-6.98571428571
4.02333333333
6.54193548387
12.9068965517
16.6548387097
14.7096774194
7.62333333333
1.42258064516
-3.08620689655
-13.6
-22.8566666667
NaN
-5.20967741935
-0.903333333333
10.1068965517
10.2964285714
17.1612903226
14.4433333333
9.36296296296
2.14666666667
-5.7037037037
-9.53333333333
-12.6633333333
-8.51785714286
-4.22
-0.466666666667
5.51612903226
13.62
18.4419354839
17.135483871
8.66
2.04193548387
-2.34666666667
-22.9290322581
-15.1741935484
-8.27931034483
-9.22666666667
2.43448275862
6.84193548387
14.424137931
15.4466666667
15.1064516129
5.02
2.73548387097
-6.10333333333
-14.0451612903
-19.2
-14.6892857143
-3.18275862069
3.48275862069
9.52666666667
11.0
13.8620689655
11.8806451613
9.06206896552
0.893548387097
-10.775862069
-20.3741935484
-13.0580645161
-13.9407407407
-4.18846153846
2.075
8.72258064516
14.85
16.464516129
11.0161290323
8.46206896552
2.32903225806
-8.19642857143
-10.8
-12.5517241379
-7.31481481481
-3.46129032258
1.08928571429
10.3333333333
14.9833333333
17.8166666667
13.9709677419
9.15
-1.62
-1.87666666667
-8.38064516129
-20.2741935484
-16.9
-4.52903225806
-0.56
10.7387096774
16.6333333333
16.3677419355
15.7129032258
9.00357142857
-0.976666666667
-5.12333333333
-11.6677419355
-10.2612903226
-19.1071428571
-7.32903225806
0.15
6.44193548387
12.2666666667
17.7580645161
15.135483871
8.06666666667
0.258064516129
-7.90666666667
-18.0838709677
-9.55483870968
-12.525
-4.05806451613
-0.956666666667
6.38387096774
14.16
15.5935483871
14.7290322581
10.5833333333
0.116129032258
-5.54333333333
-14.8903225806
-17.8451612903
-9.19285714286
-5.06774193548
2.44
10.8935483871
17.13
15.9322580645
14.8032258065
8.85
-0.193548387097
-9.48
-10.0838709677
-8.90322580645
-5.93103448276
-4.20967741935
-0.6
7.14516129032
12.35
13.0225806452
11.8766666667
7.68666666667
1.31935483871
-4.37
-11.8133333333
-17.1714285714
-15.0178571429
-8.7935483871
-0.123333333333
7.41935483871
12.15
16.2933333333
15.4322580645
6.42333333333
0.770967741935
-7.67
-10.7774193548
-19.8733333333
-17.9285714286
-3.98387096774
-0.0896551724138
9.23666666667
15.63
14.1967741935
13.1516129032
10.5166666667
3.90322580645
-3.80344827586
-10.7032258065
-13.6833333333
-10.8321428571
-4.66451612903
-0.796428571429
5.66129032258
14.5166666667
16.0548387097
17.33
7.65
2.46896551724
-7.84
-9.69032258065
-17.68
-11.6321428571
-10.3
-1.79
7.40967741935
14.8633333333
14.4451612903
14.2633333333
8.72666666667
1.54516129032
-8.5275862069
-15.18
-18.0838709677
-12.5428571429
-6.36206896552
-1.525
4.27666666667
14.6466666667
17.0193548387
14.5225806452
9.65862068966
2.63333333333
-6.73333333333
-7.84
-10.7068965517
-4.50740740741
-6.2
1.79333333333
10.6516129032
12.52
16.7233333333
16.4451612903
10.98
4.08709677419
-2.52
-10.1580645161
-15.7064516129
-7.02857142857
-5.17666666667
2.4
8.5935483871
14.08
17.8193548387
14.135483871
7.49333333333
0.158064516129
-3.26666666667
-10.8566666667
-15.4193548387
-8.25862068966
-3.3
0.403333333333
8.54137931034
12.6517241379
16.3387096774
15.22
7.59333333333
3.74666666667
-8.11666666667
-19.1612903226
-13.3133333333
-16.4307692308
-8.94
1.34137931034
9.20967741935
13.7689655172
18.37
15.7548387097
9.36
1.50967741935
-0.876666666667
-8.40967741935
-12.3387096774
-9.77142857143
-10.4483870968
0.979310344828
5.11333333333
15.6517241379
17.8193548387
14.8566666667
10.2103448276
-0.222580645161
-6.15666666667
-10.2866666667
-14.87
-15.5444444444
-7.68666666667
1.70666666667
7.17419354839
13.3
16.2222222222
15.2967741935
7.07333333333
2.16129032258
-6.13
-9.02258064516
-16.45
-13.1
-2.14516129032
0.586666666667
7.38064516129
12.2896551724
15.264516129
11.6466666667
11.7633333333
3.48
-3.44333333333
-10.0612903226
-14.9966666667
-8.30357142857
-6.75806451613
3.5
7.82580645161
16.2766666667
17.5774193548
15.1387096774
11.9931034483
2.91
-3.27333333333
-12.2290322581
-5.03333333333
-11.1961538462
-4.94333333333
4.35333333333
9.24516129032
13.59
17.5677419355
15.63
7.95172413793
0.990322580645
-5.45
-7.83
-13.57
-16.2214285714
-2.54193548387
0.54
11.0966666667
15.07
16.5064516129
16.6129032258
9.79333333333
5.5935483871
-5.13
-14.1935483871
-17.2580645161
-16.1862068966
-7.38387096774
-0.357142857143
6.56129032258
13.82
16.4516129032
14.4322580645
9.35333333333
2.5
-3.91333333333
-15.8870967742
-17.4161290323
-11.4074074074
-6.16129032258
-0.0166666666667
7.92258064516
13.77
13.8161290323
13.0838709677
10.0857142857
0.887096774194
-1.51071428571
-14.0
-17.064516129
-15.5321428571
-2.79032258065
4.68333333333
7.97096774194
14.6551724138
17.1
17.6838709677
8.68275862069
2.94838709677
-5.22068965517
-14.4266666667
NaN
NaN
NaN
NaN
NaN
NaN
NaN
NaN
NaN
NaN
NaN
NaN
-11.4833333333
-9.62857142857
1.56451612903
3.04666666667
10.2709677419
15.37
19.3935483871
14.2032258065
7.13666666667
0.229032258065
-4.71666666667
-10.9709677419
-14.1677419355
-11.1142857143
-8.03870967742
-2.63333333333
7.4064516129
13.91
15.8935483871
15.2580645161
11.6466666667
2.84838709677
-7.22666666667
-16.6870967742
-18.235483871
-18.3928571429
-8.95806451613
-0.126666666667
7.52258064516
14.0566666667
14.3548387097
15.5387096774
9.55666666667
2.89677419355
-7.856
-7.76451612903
-11.8032258065
-15.8607142857
-5.81666666667
2.07333333333
7.99677419355
14.4233333333
15.7516129032
14.1806451613
12.9766666667
4.32580645161
-2.35333333333
-6.78333333333
-13.3129032258
-7.39655172414
-1.87741935484
2.45
8.38387096774
15.9866666667
15.5433333333
15.7096774194
12.2433333333
4.21612903226
-1.15333333333
-12.0833333333
-10.4322580645
-6.51785714286
-4.11935483871
2.7
7.56129032258
14.42
16.8322580645
13.3838709677
NaN
NaN
