127.0
0.0
0.0
64.0
127.0
64.0
64.0
0.0
0.0
0.0
0.0
64.0
0.0
0.0
25.0
38.0
0.0
0.0
0.0
0.0
127.0
0.0
0.0
0.0
0.0
25.0
0.0
0.0
0.0
0.0
0.0
0.0
0.0
191.0
0.0
0.0
0.0
203.0
0.0
0.0
25.0
0.0
25.0
0.0
64.0
0.0
0.0
64.0
0.0
0.0
0.0
0.0
0.0
0.0
0.0
0.0
0.0
0.0
0.0
0.0
0.0
0.0
0.0
64.0
0.0
0.0
0.0
0.0
0.0
0.0
0.0
279.0
0.0
0.0
0.0
0.0
25.0
127.0
0.0
0.0
0.0
0.0
0.0
0.0
0.0
203.0
0.0
0.0
0.0
13.0
381.0
0.0
0.0
0.0
0.0
0.0
76.0
0.0
89.0
0.0
0.0
0.0
0.0
0.0
25.0
267.0
0.0
249.0
0.0
0.0
0.0
114.0
0.0
0.0
0.0
25.0
0.0
724.0
0.0
191.0
0.0
0.0
0.0
0.0
0.0
0.0
13.0
0.0
0.0
0.0
0.0
0.0
25.0
0.0
0.0
0.0
0.0
0.0
0.0
13.0
0.0
0.0
0.0
0.0
0.0
318.0
0.0
203.0
0.0
0.0
127.0
0.0
0.0
0.0
0.0
0.0
445.0
0.0
241.0
0.0
0.0
0.0
0.0
0.0
0.0
0.0
0.0
0.0
114.0
0.0
0.0
0.0
0.0
0.0
0.0
25.0
0.0
0.0
64.0
0.0
0.0
0.0
0.0
0.0
0.0
0.0
0.0
0.0
51.0
0.0
0.0
0.0
0.0
38.0
0.0
0.0
0.0
0.0
0.0
0.0
0.0
0.0
0.0
0.0
0.0
0.0
0.0
0.0
0.0
0.0
0.0
0.0
0.0
0.0
0.0
0.0
0.0
0.0
0.0
25.0
51.0
114.0
191.0
0.0
0.0
0.0
25.0
0.0
0.0
13.0
0.0
0.0
13.0
10.0
0.0
10.0
8.0
38.0
173.0
119.0
0.0
0.0
15.0
0.0
30.0
18.0
0.0
13.0
0.0
0.0
0.0
0.0
0.0
0.0
5.0
0.0
0.0
0.0
0.0
0.0
0.0
653.0
935.0
109.0
25.0
0.0
58.0
180.0
0.0
0.0
0.0
0.0
0.0
5.0
0.0
0.0
0.0
0.0
0.0
0.0
0.0
0.0
0.0
0.0
0.0
0.0
0.0
0.0
0.0
0.0
0.0
0.0
0.0
0.0
0.0
3.0
48.0
71.0
51.0
3.0
0.0
0.0
0.0
0.0
0.0
18.0
0.0
79.0
112.0
18.0
0.0
0.0
0.0
0.0
0.0
0.0
0.0
180.0
71.0
0.0
0.0
0.0
0.0
0.0
3.0
0.0
0.0
5.0
25.0
0.0
0.0
0.0
0.0
0.0
30.0
5.0
0.0
3.0
0.0
30.0
53.0
0.0
13.0
0.0
0.0
0.0
0.0
0.0
58.0
0.0
0.0
0.0
23.0
25.0
0.0
3.0
0.0
30.0
0.0
0.0
56.0
0.0
23.0
0.0
0.0
0.0
5.0
0.0
0.0
0.0
0.0
0.0
0.0
104.0
99.0
0.0
0.0
0.0
51.0
0.0
0.0
0.0
0.0
0.0
74.0
0.0
0.0
0.0
0.0
0.0
0.0
0.0
0.0
0.0
86.0
0.0
0.0
0.0
0.0
0.0
0.0
0.0
0.0
0.0
0.0
0.0
0.0
0.0
0.0
114.0
0.0
66.0
25.0
160.0
135.0
221.0
246.0
43.0
0.0
0.0
0.0
0.0
46.0
0.0
0.0
0.0
284.0
5.0
102.0
20.0
0.0
0.0
18.0
0.0
378.0
13.0
0.0
0.0
8.0
0.0
0.0
0.0
0.0
5.0
0.0
0.0
0.0
0.0
246.0
79.0
0.0
0.0
0.0
33.0
0.0
0.0
0.0
0.0
8.0
15.0
97.0
0.0
61.0
0.0
0.0
0.0
0.0
0.0
0.0
0.0
0.0
102.0
30.0
0.0
5.0
475.0
137.0
3.0
69.0
0.0
635.0
0.0
0.0
0.0
0.0
0.0
0.0
15.0
51.0
0.0
0.0
0.0
0.0
0.0
0.0
0.0
0.0
0.0
0.0
107.0
0.0
0.0
0.0
97.0
0.0
0.0
0.0
0.0
0.0
0.0
0.0
0.0
0.0
0.0
0.0
0.0
0.0
0.0
0.0
0.0
0.0
91.0
0.0
0.0
0.0
0.0
0.0
0.0
0.0
58.0
0.0
25.0
0.0
74.0
76.0
358.0
51.0
112.0
0.0
0.0
0.0
0.0
0.0
0.0
15.0
51.0
46.0
51.0
5.0
0.0
8.0
0.0
0.0
0.0
97.0
0.0
0.0
0.0
5.0
282.0
10.0
0.0
0.0
0.0
0.0
0.0
0.0
0.0
0.0
0.0
0.0
0.0
0.0
0.0
0.0
0.0
0.0
20.0
0.0
0.0
0.0
13.0
0.0
89.0
114.0
0.0
0.0
0.0
0.0
25.0
0.0
0.0
0.0
0.0
0.0
0.0
0.0
0.0
0.0
5.0
61.0
0.0
0.0
0.0
0.0
97.0
10.0
0.0
0.0
0.0
0.0
0.0
0.0
0.0
0.0
0.0
0.0
20.0
0.0
0.0
0.0
0.0
0.0
0.0
0.0
0.0
10.0
13.0
0.0
0.0
0.0
0.0
0.0
0.0
0.0
0.0
0.0
0.0
5.0
8.0
0.0
30.0
511.0
480.0
5.0
0.0
0.0
20.0
0.0
0.0
0.0
0.0
0.0
114.0
0.0
0.0
58.0
76.0
0.0
0.0
152.0
0.0
3.0
0.0
5.0
0.0
0.0
43.0
0.0
0.0
0.0
0.0
0.0
0.0
0.0
25.0
94.0
0.0
0.0
30.0
0.0
0.0
0.0
25.0
0.0
0.0
33.0
0.0
0.0
0.0
0.0
0.0
15.0
0.0
0.0
0.0
0.0
5.0
0.0
0.0
5.0
226.0
0.0
231.0
119.0
0.0
0.0
15.0
74.0
0.0
0.0
0.0
0.0
0.0
0.0
0.0
145.0
3.0
15.0
3.0
0.0
0.0
122.0
13.0
0.0
0.0
0.0
25.0
0.0
3.0
46.0
173.0
142.0
0.0
0.0
0.0
0.0
0.0
76.0
41.0
15.0
0.0
64.0
13.0
0.0
28.0
0.0
0.0
0.0
15.0
13.0
0.0
0.0
112.0
5.0
140.0
0.0
0.0
18.0
231.0
0.0
0.0
0.0
0.0
0.0
0.0
0.0
0.0
0.0
53.0
0.0
0.0
0.0
58.0
0.0
0.0
0.0
0.0
0.0
0.0
0.0
18.0
0.0
0.0
0.0
0.0
0.0
599.0
102.0
0.0
0.0
0.0
0.0
23.0
43.0
0.0
0.0
10.0
0.0
0.0
0.0
0.0
0.0
0.0
0.0
0.0
94.0
10.0
30.0
0.0
0.0
0.0
0.0
64.0
127.0
439.0
48.0
0.0
132.0
28.0
3.0
43.0
48.0
216.0
0.0
0.0
0.0
0.0
0.0
0.0
0.0
305.0
142.0
0.0
0.0
0.0
0.0
0.0
0.0
0.0
5.0
38.0
0.0
0.0
0.0
180.0
79.0
0.0
0.0
0.0
0.0
107.0
0.0
0.0
0.0
0.0
201.0
0.0
0.0
0.0
0.0
0.0
0.0
0.0
0.0
0.0
10.0
0.0
0.0
0.0
0.0
33.0
0.0
0.0
287.0
0.0
0.0
0.0
0.0
0.0
0.0
0.0
0.0
0.0
0.0
0.0
0.0
0.0
0.0
0.0
0.0
0.0
0.0
0.0
0.0
0.0
0.0
0.0
0.0
30.0
0.0
0.0
0.0
0.0
0.0
0.0
0.0
0.0
0.0
0.0
0.0
0.0
0.0
0.0
0.0
0.0
0.0
0.0
0.0
0.0
0.0
0.0
0.0
0.0
48.0
0.0
0.0
0.0
0.0
0.0
0.0
0.0
0.0
0.0
0.0
0.0
0.0
0.0
0.0
0.0
0.0
0.0
0.0
0.0
13.0
38.0
0.0
0.0
0.0
0.0
0.0
211.0
56.0
33.0
0.0
0.0
0.0
0.0
345.0
290.0
36.0
0.0
0.0
0.0
0.0
0.0
0.0
0.0
0.0
178.0
66.0
0.0
0.0
0.0
0.0
0.0
0.0
86.0
36.0
0.0
0.0
0.0
0.0
0.0
109.0
58.0
0.0
74.0
74.0
0.0
0.0
157.0
0.0
0.0
0.0
0.0
0.0
0.0
0.0
0.0
0.0
0.0
0.0
3.0
13.0
84.0
0.0
0.0
0.0
0.0
0.0
20.0
0.0
0.0
249.0
0.0
157.0
119.0
0.0
0.0
51.0
0.0
0.0
0.0
20.0
292.0
0.0
198.0
38.0
0.0
155.0
0.0
0.0
0.0
0.0
33.0
0.0
0.0
0.0
0.0
0.0
0.0
0.0
0.0
0.0
0.0
0.0
150.0
0.0
0.0
41.0
0.0
0.0
0.0
25.0
356.0
5.0
0.0
0.0
0.0
0.0
0.0
0.0
0.0
10.0
10.0
0.0
0.0
0.0
0.0
0.0
0.0
0.0
0.0
0.0
165.0
157.0
25.0
0.0
0.0
15.0
0.0
46.0
28.0
25.0
84.0
485.0
0.0
0.0
0.0
0.0
445.0
30.0
0.0
0.0
0.0
0.0
0.0
0.0
140.0
0.0
0.0
0.0
0.0
33.0
0.0
0.0
0.0
140.0
13.0
0.0
0.0
64.0
25.0
0.0
0.0
0.0
165.0
56.0
0.0
53.0
53.0
0.0
3.0
0.0
165.0
53.0
0.0
0.0
79.0
41.0
61.0
0.0
0.0
0.0
64.0
18.0
64.0
0.0
130.0
41.0
104.0
0.0
94.0
25.0
30.0
475.0
0.0
0.0
0.0
0.0
0.0
53.0
0.0
193.0
0.0
0.0
107.0
0.0
0.0
0.0
0.0
0.0
18.0
0.0
572.0
117.0
20.0
0.0
5.0
66.0
79.0
239.0
51.0
0.0
0.0
0.0
0.0
0.0
25.0
0.0
0.0
109.0
0.0
0.0
0.0
0.0
0.0
0.0
0.0
0.0
0.0
0.0
97.0
0.0
0.0
0.0
0.0
0.0
0.0
0.0
0.0
0.0
0.0
0.0
0.0
81.0
0.0
0.0
0.0
0.0
0.0
0.0
0.0
109.0
38.0
185.0
10.0
0.0
163.0
211.0
0.0
0.0
0.0
5.0
18.0
0.0
0.0
0.0
0.0
0.0
122.0
0.0
0.0
5.0
0.0
0.0
0.0
0.0
0.0
0.0
74.0
36.0
0.0
0.0
0.0
0.0
0.0
0.0
0.0
0.0
0.0
170.0
5.0
244.0
0.0
0.0
0.0
0.0
0.0
0.0
150.0
15.0
79.0
0.0
15.0
0.0
0.0
0.0
13.0
582.0
0.0
348.0
0.0
0.0
0.0
0.0
0.0
94.0
257.0
66.0
0.0
0.0
0.0
0.0
0.0
0.0
0.0
130.0
66.0
0.0
0.0
0.0
0.0
0.0
76.0
74.0
15.0
249.0
0.0
0.0
0.0
0.0
86.0
18.0
0.0
0.0
0.0
0.0
0.0
0.0
0.0
0.0
0.0
206.0
0.0
0.0
10.0
188.0
132.0
0.0
0.0
15.0
0.0
0.0
0.0
5.0
0.0
0.0
0.0
5.0
56.0
0.0
0.0
0.0
13.0
0.0
3.0
0.0
0.0
0.0
0.0
0.0
0.0
0.0
0.0
0.0
0.0
0.0
0.0
0.0
0.0
0.0
0.0
0.0
0.0
0.0
0.0
117.0
0.0
0.0
155.0
0.0
0.0
13.0
0.0
5.0
0.0
0.0
0.0
0.0
0.0
0.0
0.0
94.0
0.0
23.0
0.0
0.0
10.0
0.0
0.0
0.0
10.0
64.0
0.0
0.0
0.0
0.0
0.0
0.0
0.0
0.0
0.0
15.0
0.0
0.0
0.0
10.0
0.0
10.0
0.0
0.0
0.0
0.0
0.0
0.0
3.0
0.0
0.0
0.0
0.0
23.0
0.0
0.0
0.0
0.0
0.0
0.0
0.0
0.0
0.0
51.0
0.0
25.0
0.0
292.0
216.0
0.0
0.0
0.0
0.0
112.0
46.0
8.0
0.0
0.0
0.0
0.0
0.0
53.0
0.0
0.0
64.0
0.0
0.0
13.0
229.0
0.0
0.0
109.0
0.0
0.0
0.0
38.0
0.0
10.0
46.0
10.0
107.0
0.0
0.0
61.0
28.0
0.0
0.0
0.0
0.0
0.0
0.0
0.0
0.0
0.0
0.0
0.0
23.0
0.0
0.0
0.0
0.0
216.0
18.0
0.0
97.0
18.0
0.0
0.0
0.0
0.0
0.0
0.0
0.0
0.0
51.0
43.0
0.0
64.0
310.0
15.0
0.0
69.0
165.0
0.0
0.0
3.0
0.0
0.0
229.0
0.0
0.0
290.0
318.0
10.0
0.0
0.0
0.0
620.0
107.0
13.0
112.0
0.0
254.0
30.0
0.0
0.0
0.0
0.0
0.0
43.0
119.0
33.0
0.0
0.0
0.0
0.0
97.0
0.0
0.0
0.0
0.0
0.0
0.0
0.0
0.0
0.0
56.0
0.0
0.0
0.0
0.0
0.0
0.0
0.0
0.0
0.0
193.0
193.0
0.0
5.0
0.0
0.0
0.0
0.0
0.0
0.0
0.0
0.0
46.0
0.0
0.0
0.0
0.0
0.0
0.0
0.0
0.0
0.0
0.0
0.0
0.0
94.0
0.0
114.0
76.0
0.0
0.0
3.0
5.0
36.0
0.0
406.0
20.0
66.0
0.0
0.0
23.0
0.0
0.0
0.0
0.0
0.0
0.0
180.0
0.0
0.0
0.0
0.0
0.0
0.0
0.0
0.0
0.0
0.0
0.0
0.0
0.0
0.0
0.0
0.0
0.0
0.0
211.0
0.0
64.0
0.0
0.0
0.0
0.0
0.0
0.0
56.0
170.0
0.0
0.0
0.0
122.0
0.0
0.0
0.0
0.0
0.0
61.0
0.0
0.0
0.0
0.0
0.0
0.0
0.0
0.0
0.0
0.0
0.0
13.0
226.0
0.0
0.0
0.0
0.0
165.0
168.0
0.0
94.0
0.0
0.0
0.0
0.0
0.0
0.0
102.0
320.0
206.0
0.0
0.0
0.0
0.0
46.0
173.0
0.0
0.0
0.0
0.0
0.0
0.0
0.0
0.0
0.0
23.0
43.0
0.0
0.0
135.0
0.0
0.0
0.0
43.0
0.0
15.0
0.0
0.0
0.0
0.0
0.0
0.0
0.0
0.0
0.0
0.0
15.0
0.0
0.0
0.0
0.0
28.0
5.0
193.0
23.0
0.0
61.0
0.0
0.0
0.0
97.0
0.0
0.0
0.0
0.0
0.0
0.0
0.0
0.0
0.0
0.0
0.0
0.0
0.0
0.0
0.0
0.0
0.0
0.0
0.0
0.0
0.0
0.0
0.0
0.0
0.0
15.0
0.0
0.0
0.0
56.0
36.0
0.0
0.0
0.0
0.0
0.0
0.0
0.0
0.0
0.0
0.0
0.0
0.0
0.0
0.0
0.0
0.0
64.0
0.0
0.0
53.0
94.0
0.0
0.0
0.0
0.0
15.0
36.0
0.0
0.0
0.0
0.0
0.0
0.0
94.0
0.0
13.0
41.0
0.0
13.0
25.0
447.0
13.0
0.0
0.0
0.0
229.0
91.0
0.0
0.0
0.0
0.0
0.0
0.0
0.0
0.0
0.0
3.0
0.0
0.0
3.0
0.0
0.0
0.0
0.0
0.0
0.0
0.0
0.0
0.0
0.0
3.0
0.0
0.0
0.0
0.0
0.0
0.0
0.0
0.0
0.0
0.0
0.0
30.0
0.0
0.0
0.0
28.0
69.0
25.0
0.0
0.0
0.0
0.0
0.0
86.0
69.0
0.0
0.0
0.0
0.0
0.0
0.0
0.0
0.0
0.0
0.0
0.0
114.0
30.0
84.0
130.0
0.0
0.0
0.0
0.0
0.0
0.0
33.0
99.0
46.0
104.0
0.0
0.0
0.0
0.0
0.0
0.0
0.0
0.0
53.0
13.0
0.0
140.0
0.0
0.0
0.0
0.0
0.0
0.0
0.0
0.0
0.0
0.0
0.0
0.0
185.0
0.0
0.0
0.0
3.0
0.0
0.0
0.0
127.0
10.0
0.0
274.0
0.0
0.0
0.0
119.0
0.0
229.0
43.0
0.0
0.0
0.0
0.0
0.0
175.0
0.0
0.0
0.0
0.0
0.0
10.0
0.0
46.0
254.0
81.0
0.0
91.0
71.0
0.0
0.0
0.0
15.0
0.0
0.0
0.0
0.0
0.0
0.0
0.0
0.0
0.0
0.0
0.0
0.0
0.0
0.0
0.0
0.0
0.0
0.0
3.0
46.0
130.0
33.0
282.0
0.0
0.0
18.0
0.0
0.0
0.0
8.0
213.0
117.0
0.0
0.0
0.0
0.0
0.0
0.0
226.0
81.0
140.0
0.0
0.0
0.0
0.0
0.0
0.0
0.0
0.0
0.0
0.0
0.0
10.0
0.0
0.0
30.0
206.0
5.0
0.0
0.0
36.0
0.0
0.0
284.0
165.0
208.0
69.0
0.0
0.0
0.0
0.0
0.0
0.0
20.0
218.0
0.0
0.0
0.0
0.0
0.0
0.0
0.0
0.0
0.0
0.0
0.0
0.0
0.0
0.0
323.0
0.0
0.0
0.0
0.0
0.0
0.0
124.0
25.0
76.0
5.0
0.0
0.0
0.0
0.0
0.0
0.0
0.0
0.0
0.0
0.0
0.0
0.0
0.0
0.0
64.0
165.0
38.0
79.0
33.0
180.0
0.0
0.0
94.0
38.0
0.0
0.0
0.0
0.0
0.0
0.0
0.0
0.0
0.0
0.0
0.0
38.0
0.0
0.0
0.0
0.0
0.0
0.0
0.0
0.0
0.0
0.0
0.0
0.0
0.0
0.0
0.0
0.0
0.0
0.0
0.0
0.0
0.0
0.0
41.0
13.0
0.0
0.0
0.0
0.0
0.0
0.0
0.0
0.0
343.0
56.0
0.0
0.0
0.0
0.0
0.0
0.0
0.0
0.0
0.0
0.0
0.0
0.0
25.0
0.0
0.0
51.0
0.0
0.0
0.0
0.0
0.0
0.0
91.0
150.0
3.0
0.0
0.0
5.0
86.0
18.0
0.0
8.0
0.0
0.0
0.0
0.0
0.0
0.0
0.0
0.0
0.0
5.0
5.0
3.0
0.0
5.0
0.0
0.0
0.0
0.0
0.0
0.0
5.0
3.0
0.0
0.0
0.0
64.0
282.0
0.0
0.0
0.0
3.0
5.0
0.0
0.0
0.0
61.0
13.0
0.0
0.0
107.0
122.0
15.0
0.0
0.0
0.0
0.0
0.0
0.0
0.0
150.0
0.0
0.0
97.0
28.0
0.0
0.0
0.0
0.0
0.0
3.0
0.0
0.0
0.0
71.0
76.0
43.0
0.0
0.0
0.0
0.0
0.0
0.0
0.0
0.0
0.0
0.0
0.0
0.0
0.0
0.0
0.0
0.0
234.0
0.0
30.0
18.0
0.0
0.0
0.0
0.0
0.0
0.0
0.0
0.0
0.0
71.0
0.0
0.0
0.0
0.0
114.0
0.0
0.0
0.0
20.0
0.0
0.0
0.0
0.0
0.0
0.0
0.0
0.0
28.0
198.0
0.0
102.0
0.0
0.0
0.0
66.0
0.0
0.0
0.0
0.0
0.0
0.0
0.0
0.0
0.0
0.0
191.0
0.0
0.0
0.0
0.0
0.0
0.0
0.0
0.0
8.0
0.0
0.0
0.0
0.0
0.0
0.0
0.0
0.0
0.0
0.0
0.0
0.0
30.0
0.0
0.0
0.0
0.0
0.0
0.0
0.0
0.0
0.0
0.0
0.0
0.0
0.0
28.0
3.0
0.0
0.0
0.0
0.0
0.0
0.0
0.0
0.0
0.0
0.0
36.0
0.0
0.0
0.0
0.0
0.0
0.0
152.0
28.0
0.0
0.0
0.0
0.0
198.0
0.0
0.0
15.0
0.0
0.0
0.0
0.0
0.0
0.0
0.0
0.0
0.0
0.0
0.0
0.0
0.0
81.0
0.0
107.0
0.0
0.0
127.0
0.0
0.0
33.0
0.0
13.0
13.0
0.0
0.0
0.0
0.0
0.0
0.0
0.0
0.0
0.0
0.0
0.0
0.0
0.0
0.0
0.0
0.0
0.0
38.0
0.0
0.0
5.0
356.0
25.0
5.0
0.0
0.0
0.0
0.0
0.0
0.0
0.0
0.0
0.0
0.0
0.0
0.0
0.0
0.0
0.0
0.0
0.0
0.0
0.0
79.0
0.0
0.0
0.0
0.0
0.0
33.0
0.0
5.0
71.0
0.0
0.0
0.0
0.0
0.0
0.0
0.0
0.0
0.0
79.0
0.0
0.0
0.0
0.0
0.0
0.0
0.0
0.0
0.0
0.0
0.0
0.0
0.0
0.0
0.0
312.0
0.0
0.0
0.0
0.0
320.0
0.0
0.0
0.0
8.0
0.0
0.0
0.0
0.0
0.0
0.0
0.0
13.0
0.0
0.0
51.0
0.0
0.0
0.0
38.0
0.0
13.0
0.0
0.0
0.0
0.0
0.0
0.0
0.0
0.0
0.0
0.0
0.0
0.0
0.0
0.0
0.0
0.0
0.0
0.0
0.0
0.0
0.0
0.0
0.0
147.0
71.0
5.0
0.0
0.0
0.0
0.0
0.0
71.0
5.0
0.0
0.0
239.0
168.0
0.0
0.0
25.0
0.0
0.0
0.0
0.0
0.0
0.0
0.0
0.0
0.0
0.0
216.0
0.0
23.0
0.0
0.0
0.0
0.0
0.0
0.0
0.0
5.0
130.0
0.0
0.0
0.0
0.0
0.0
0.0
0.0
0.0
0.0
0.0
0.0
0.0
84.0
0.0
71.0
0.0
0.0
0.0
152.0
0.0
38.0
0.0
229.0
0.0
33.0
0.0
0.0
0.0
0.0
86.0
0.0
0.0
0.0
0.0
0.0
0.0
0.0
0.0
0.0
0.0
66.0
0.0
0.0
69.0
0.0
0.0
0.0
236.0
0.0
0.0
0.0
0.0
0.0
20.0
23.0
36.0
0.0
33.0
0.0
61.0
0.0
0.0
71.0
0.0
0.0
81.0
0.0
61.0
0.0
51.0
0.0
0.0
0.0
0.0
165.0
0.0
0.0
0.0
0.0
0.0
0.0
198.0
874.0
335.0
13.0
51.0
0.0
0.0
0.0
0.0
0.0
0.0
0.0
119.0
0.0
0.0
0.0
0.0
0.0
0.0
0.0
0.0
0.0
282.0
0.0
0.0
0.0
0.0
0.0
0.0
0.0
0.0
38.0
0.0
0.0
114.0
0.0
0.0
13.0
155.0
30.0
0.0
0.0
0.0
61.0
48.0
0.0
0.0
8.0
0.0
0.0
0.0
89.0
508.0
0.0
229.0
10.0
0.0
0.0
0.0
0.0
41.0
0.0
0.0
0.0
0.0
0.0
0.0
0.0
0.0
0.0
0.0
130.0
0.0
150.0
0.0
0.0
43.0
0.0
0.0
0.0
0.0
0.0
127.0
51.0
0.0
0.0
0.0
0.0
165.0
3.0
351.0
0.0
3.0
0.0
0.0
0.0
0.0
3.0
318.0
99.0
38.0
0.0
0.0
0.0
0.0
0.0
0.0
119.0
20.0
0.0
0.0
0.0
36.0
0.0
0.0
0.0
0.0
0.0
0.0
0.0
0.0
0.0
0.0
0.0
0.0
0.0
0.0
8.0
51.0
0.0
18.0
356.0
0.0
0.0
0.0
0.0
0.0
0.0
0.0
0.0
33.0
0.0
145.0
20.0
0.0
0.0
0.0
0.0
0.0
0.0
107.0
0.0
0.0
0.0
0.0
0.0
0.0
0.0
117.0
20.0
0.0
0.0
0.0
13.0
0.0
0.0
38.0
94.0
20.0
0.0
43.0
64.0
0.0
0.0
0.0
13.0
20.0
30.0
0.0
0.0
0.0
0.0
0.0
0.0
0.0
0.0
0.0
0.0
0.0
71.0
13.0
0.0
43.0
0.0
13.0
0.0
0.0
0.0
81.0
0.0
0.0
0.0
0.0
8.0
0.0
0.0
0.0
0.0
0.0
0.0
0.0
86.0
0.0
0.0
0.0
0.0
0.0
0.0
0.0
0.0
0.0
292.0
0.0
0.0
0.0
3.0
69.0
0.0
0.0
119.0
0.0
0.0
0.0
89.0
0.0
0.0
5.0
0.0
0.0
0.0
0.0
0.0
0.0
0.0
0.0
51.0
0.0
0.0
0.0
0.0
18.0
13.0
8.0
61.0
0.0
0.0
0.0
0.0
0.0
0.0
0.0
0.0
0.0
0.0
0.0
0.0
234.0
0.0
0.0
0.0
0.0
0.0
0.0
0.0
0.0
0.0
0.0
0.0
0.0
0.0
368.0
0.0
0.0
0.0
0.0
0.0
0.0
399.0
33.0
0.0
0.0
97.0
0.0
0.0
0.0
0.0
20.0
0.0
0.0
0.0
0.0
0.0
48.0
0.0
0.0
0.0
0.0
13.0
0.0
0.0
8.0
0.0
0.0
0.0
0.0
0.0
0.0
124.0
0.0
0.0
102.0
0.0
0.0
0.0
0.0
0.0
0.0
0.0
178.0
13.0
0.0
279.0
89.0
0.0
25.0
0.0
53.0
0.0
343.0
94.0
30.0
30.0
97.0
107.0
0.0
0.0
254.0
0.0
0.0
0.0
0.0
0.0
0.0
0.0
0.0
0.0
0.0
64.0
0.0
0.0
330.0
0.0
0.0
0.0
0.0
0.0
0.0
0.0
0.0
0.0
0.0
0.0
0.0
0.0
0.0
0.0
0.0
0.0
0.0
0.0
147.0
0.0
0.0
0.0
0.0
300.0
0.0
0.0
0.0
0.0
0.0
0.0
0.0
0.0
0.0
0.0
0.0
170.0
0.0
0.0
0.0
0.0
0.0
0.0
386.0
0.0
0.0
0.0
0.0
0.0
0.0
0.0
183.0
0.0
18.0
0.0
0.0
0.0
0.0
0.0
0.0
0.0
0.0
0.0
0.0
0.0
0.0
368.0
0.0
0.0
0.0
0.0
0.0
0.0
0.0
25.0
0.0
0.0
58.0
127.0
178.0
0.0
0.0
170.0
13.0
89.0
102.0
3.0
0.0
0.0
0.0
0.0
0.0
0.0
0.0
0.0
0.0
185.0
0.0
0.0
0.0
0.0
0.0
0.0
198.0
279.0
0.0
0.0
0.0
0.0
0.0
0.0
0.0
0.0
23.0
0.0
0.0
0.0
0.0
0.0
0.0
0.0
0.0
0.0
0.0
0.0
0.0
0.0
0.0
0.0
0.0
0.0
0.0
46.0
0.0
0.0
0.0
0.0
0.0
0.0
0.0
0.0
86.0
0.0
15.0
0.0
0.0
122.0
0.0
0.0
0.0
0.0
0.0
0.0
0.0
0.0
5.0
0.0
0.0
0.0
0.0
0.0
0.0
0.0
0.0
0.0
0.0
0.0
0.0
0.0
0.0
5.0
0.0
165.0
0.0
0.0
0.0
0.0
0.0
0.0
132.0
0.0
0.0
0.0
0.0
33.0
0.0
0.0
0.0
0.0
0.0
0.0
0.0
0.0
51.0
0.0
0.0
0.0
0.0
0.0
0.0
0.0
8.0
51.0
64.0
0.0
0.0
0.0
0.0
0.0
0.0
5.0
8.0
320.0
0.0
0.0
0.0
114.0
0.0
0.0
0.0
0.0
0.0
0.0
0.0
0.0
0.0
0.0
0.0
0.0
25.0
0.0
0.0
5.0
0.0
0.0
0.0
0.0
0.0
0.0
107.0
71.0
0.0
0.0
135.0
0.0
0.0
0.0
0.0
0.0
0.0
0.0
0.0
0.0
0.0
0.0
0.0
0.0
5.0
0.0
0.0
0.0
0.0
0.0
0.0
64.0
0.0
0.0
0.0
191.0
0.0
0.0
25.0
18.0
381.0
0.0
0.0
351.0
0.0
0.0
0.0
0.0
104.0
43.0
43.0
0.0
0.0
0.0
5.0
64.0
0.0
170.0
13.0
0.0
0.0
0.0
0.0
0.0
0.0
0.0
0.0
0.0
0.0
0.0
0.0
0.0
13.0
279.0
394.0
152.0
0.0
0.0
0.0
0.0
0.0
0.0
0.0
0.0
0.0
58.0
58.0
64.0
0.0
0.0
0.0
0.0
33.0
0.0
0.0
127.0
0.0
13.0
0.0
0.0
0.0
25.0
23.0
30.0
0.0
168.0
0.0
0.0
140.0
76.0
0.0
0.0
0.0
254.0
127.0
0.0
0.0
0.0
0.0
0.0
0.0
0.0
0.0
0.0
0.0
206.0
0.0
0.0
193.0
0.0
191.0
127.0
0.0
0.0
56.0
0.0
0.0
0.0
0.0
0.0
56.0
0.0
0.0
0.0
76.0
38.0
142.0
0.0
165.0
0.0
0.0
323.0
0.0
0.0
86.0
23.0
0.0
0.0
0.0
20.0
0.0
0.0
0.0
0.0
0.0
0.0
0.0
145.0
0.0
0.0
0.0
0.0
0.0
0.0
0.0
295.0
0.0
0.0
0.0
0.0
0.0
0.0
0.0
0.0
0.0
0.0
0.0
0.0
0.0
127.0
165.0
84.0
0.0
206.0
0.0
0.0
0.0
0.0
0.0
0.0
51.0
0.0
0.0
0.0
0.0
0.0
0.0
0.0
0.0
0.0
0.0
0.0
0.0
0.0
0.0
0.0
254.0
0.0
0.0
0.0
64.0
152.0
0.0
0.0
0.0
0.0
170.0
0.0
0.0
241.0
0.0
0.0
0.0
0.0
0.0
0.0
0.0
0.0
0.0
0.0
0.0
0.0
13.0
0.0
0.0
0.0
0.0
0.0
0.0
0.0
0.0
0.0
0.0
0.0
0.0
0.0
0.0
0.0
0.0
0.0
0.0
0.0
0.0
0.0
0.0
0.0
0.0
0.0
0.0
0.0
0.0
0.0
0.0
0.0
0.0
0.0
0.0
0.0
0.0
0.0
0.0
0.0
0.0
0.0
0.0
0.0
0.0
0.0
0.0
0.0
0.0
0.0
0.0
0.0
0.0
0.0
0.0
0.0
0.0
0.0
0.0
0.0
0.0
0.0
25.0
0.0
0.0
0.0
0.0
8.0
13.0
0.0
0.0
0.0
0.0
0.0
0.0
89.0
0.0
8.0
30.0
0.0
0.0
0.0
0.0
0.0
0.0
0.0
0.0
0.0
8.0
0.0
0.0
33.0
23.0
432.0
0.0
0.0
0.0
0.0
0.0
0.0
18.0
0.0
0.0
0.0
0.0
10.0
0.0
0.0
0.0
0.0
8.0
0.0
0.0
0.0
0.0
0.0
13.0
0.0
114.0
0.0
0.0
20.0
0.0
0.0
13.0
0.0
0.0
13.0
0.0
8.0
0.0
0.0
0.0
0.0
0.0
0.0
0.0
13.0
0.0
0.0
64.0
0.0
0.0
0.0
0.0
0.0
0.0
0.0
0.0
8.0
0.0
0.0
0.0
0.0
0.0
13.0
0.0
0.0
0.0
0.0
5.0
0.0
0.0
0.0
193.0
0.0
13.0
0.0
0.0
0.0
229.0
0.0
0.0
0.0
0.0
0.0
0.0
0.0
0.0
0.0
0.0
0.0
0.0
0.0
0.0
0.0
0.0
0.0
0.0
0.0
0.0
0.0
0.0
71.0
0.0
0.0
0.0
196.0
124.0
0.0
109.0
0.0
0.0
0.0
0.0
0.0
56.0
112.0
76.0
0.0
0.0
84.0
38.0
81.0
0.0
89.0
0.0
0.0
46.0
28.0
0.0
0.0
0.0
0.0
0.0
0.0
0.0
114.0
0.0
0.0
0.0
0.0
0.0
0.0
0.0
0.0
0.0
0.0
0.0
0.0
0.0
0.0
0.0
432.0
0.0
0.0
0.0
0.0
0.0
0.0
0.0
0.0
51.0
0.0
0.0
0.0
0.0
0.0
0.0
0.0
0.0
597.0
0.0
66.0
66.0
0.0
33.0
0.0
0.0
0.0
0.0
76.0
127.0
216.0
282.0
0.0
0.0
0.0
0.0
0.0
0.0
0.0
0.0
0.0
0.0
0.0
0.0
0.0
0.0
0.0
0.0
0.0
0.0
0.0
0.0
0.0
0.0
295.0
0.0
0.0
343.0
0.0
0.0
0.0
0.0
0.0
0.0
127.0
254.0
0.0
0.0
0.0
0.0
0.0
0.0
0.0
94.0
0.0
185.0
0.0
0.0
0.0
0.0
0.0
0.0
0.0
0.0
173.0
0.0
0.0
0.0
64.0
0.0
0.0
0.0
188.0
0.0
0.0
0.0
0.0
51.0
0.0
38.0
0.0
64.0
0.0
0.0
0.0
0.0
0.0
0.0
0.0
0.0
0.0
0.0
0.0
107.0
0.0
0.0
0.0
0.0
0.0
0.0
0.0
0.0
71.0
0.0
0.0
0.0
0.0
25.0
0.0
81.0
351.0
56.0
0.0
0.0
0.0
0.0
135.0
0.0
0.0
0.0
0.0
0.0
25.0
41.0
0.0
3.0
0.0
0.0
185.0
0.0
0.0
0.0
0.0
0.0
0.0
0.0
0.0
0.0
0.0
0.0
0.0
25.0
38.0
0.0
0.0
0.0
0.0
13.0
0.0
0.0
0.0
127.0
0.0
0.0
13.0
51.0
0.0
0.0
0.0
0.0
0.0
0.0
0.0
0.0
0.0
0.0
0.0
0.0
0.0
0.0
0.0
0.0
0.0
25.0
25.0
0.0
5.0
0.0
0.0
0.0
0.0
254.0
41.0
0.0
0.0
0.0
25.0
89.0
0.0
0.0
0.0
0.0
0.0
0.0
0.0
10.0
0.0
0.0
0.0
25.0
0.0
0.0
0.0
0.0
0.0
394.0
203.0
0.0
0.0
0.0
0.0
0.0
0.0
0.0
0.0
0.0
0.0
0.0
0.0
25.0
0.0
0.0
0.0
0.0
0.0
0.0
0.0
0.0
76.0
0.0
0.0
0.0
0.0
0.0
0.0
13.0
76.0
0.0
152.0
97.0
0.0
91.0
0.0
0.0
0.0
76.0
0.0
0.0
0.0
0.0
25.0
0.0
0.0
0.0
178.0
0.0
109.0
13.0
10.0
10.0
0.0
0.0
267.0
0.0
0.0
0.0
0.0
13.0
0.0
160.0
0.0
0.0
0.0
5.0
0.0
0.0
0.0
0.0
0.0
213.0
0.0
0.0
185.0
0.0
0.0
0.0
13.0
36.0
56.0
0.0
0.0
0.0
0.0
0.0
0.0
0.0
0.0
0.0
0.0
0.0
0.0
0.0
0.0
0.0
13.0
38.0
287.0
0.0
0.0
0.0
0.0
0.0
0.0
0.0
0.0
89.0
0.0
0.0
0.0
0.0
0.0
0.0
0.0
0.0
0.0
0.0
0.0
0.0
0.0
74.0
0.0
74.0
0.0
0.0
419.0
241.0
0.0
0.0
0.0
20.0
0.0
0.0
0.0
229.0
0.0
0.0
0.0
0.0
0.0
140.0
0.0
0.0
0.0
0.0
51.0
0.0
0.0
0.0
112.0
51.0
0.0
0.0
0.0
0.0
0.0
13.0
140.0
0.0
0.0
0.0
0.0
0.0
0.0
0.0
0.0
0.0
0.0
0.0
36.0
0.0
0.0
0.0
0.0
0.0
0.0
0.0
0.0
0.0
0.0
0.0
0.0
25.0
46.0
0.0
0.0
0.0
0.0
0.0
0.0
0.0
76.0
15.0
25.0
46.0
0.0
122.0
0.0
0.0
0.0
0.0
0.0
0.0
0.0
127.0
318.0
0.0
0.0
74.0
0.0
0.0
0.0
0.0
165.0
0.0
0.0
0.0
0.0
0.0
0.0
33.0
0.0
0.0
0.0
0.0
0.0
0.0
0.0
0.0
0.0
84.0
0.0
0.0
0.0
0.0
0.0
0.0
0.0
0.0
25.0
0.0
0.0
0.0
0.0
0.0
0.0
318.0
292.0
0.0
0.0
0.0
0.0
114.0
25.0
0.0
0.0
0.0
0.0
0.0
0.0
0.0
0.0
0.0
0.0
0.0
0.0
13.0
0.0
0.0
0.0
0.0
0.0
152.0
0.0
0.0
25.0
0.0
0.0
0.0
0.0
0.0
0.0
0.0
0.0
0.0
0.0
0.0
0.0
0.0
0.0
0.0
0.0
0.0
0.0
0.0
0.0
191.0
0.0
8.0
318.0
348.0
0.0
0.0
0.0
0.0
0.0
0.0
0.0
0.0
25.0
97.0
0.0
0.0
0.0
216.0
173.0
0.0
0.0
13.0
13.0
0.0
0.0
0.0
89.0
0.0
0.0
0.0
0.0
0.0
0.0
0.0
0.0
0.0
0.0
0.0
0.0
0.0
0.0
0.0
221.0
38.0
0.0
5.0
13.0
64.0
0.0
0.0
36.0
0.0
0.0
0.0
0.0
0.0
0.0
5.0
267.0
191.0
0.0
419.0
521.0
0.0
0.0
0.0
0.0
0.0
5.0
0.0
13.0
0.0
0.0
0.0
102.0
0.0
0.0
0.0
0.0
13.0
0.0
5.0
0.0
0.0
0.0
0.0
0.0
0.0
0.0
0.0
0.0
0.0
0.0
0.0
0.0
0.0
0.0
18.0
13.0
0.0
0.0
0.0
0.0
191.0
0.0
0.0
0.0
25.0
0.0
0.0
0.0
64.0
89.0
127.0
86.0
64.0
0.0
0.0
0.0
0.0
0.0
0.0
0.0
0.0
0.0
0.0
36.0
0.0
33.0
56.0
267.0
38.0
0.0
0.0
0.0
0.0
51.0
0.0
0.0
0.0
76.0
13.0
0.0
0.0
0.0
0.0
0.0
0.0
5.0
0.0
0.0
18.0
13.0
0.0
0.0
0.0
114.0
0.0
13.0
0.0
0.0
0.0
254.0
107.0
0.0
0.0
56.0
0.0
79.0
0.0
91.0
0.0
0.0
0.0
0.0
0.0
0.0
157.0
0.0
0.0
0.0
0.0
33.0
0.0
0.0
0.0
0.0
112.0
15.0
28.0
0.0
0.0
0.0
0.0
102.0
97.0
0.0
0.0
69.0
0.0
0.0
124.0
0.0
0.0
64.0
0.0
0.0
0.0
0.0
0.0
0.0
0.0
0.0
0.0
0.0
0.0
51.0
38.0
109.0
36.0
0.0
0.0
0.0
0.0
0.0
76.0
0.0
0.0
0.0
0.0
0.0
0.0
0.0
0.0
25.0
79.0
0.0
0.0
38.0
206.0
183.0
848.0
277.0
262.0
0.0
0.0
0.0
0.0
0.0
0.0
178.0
0.0
290.0
0.0
0.0
0.0
0.0
0.0
0.0
0.0
292.0
406.0
508.0
0.0
0.0
0.0
0.0
0.0
8.0
0.0
51.0
0.0
406.0
0.0
0.0
513.0
0.0
0.0
0.0
0.0
0.0
0.0
61.0
0.0
0.0
0.0
0.0
0.0
0.0
0.0
0.0
0.0
0.0
0.0
0.0
0.0
71.0
0.0
0.0
0.0
0.0
0.0
0.0
0.0
0.0
0.0
147.0
0.0
0.0
0.0
0.0
0.0
0.0
91.0
0.0
0.0
0.0
0.0
0.0
0.0
114.0
0.0
0.0
51.0
0.0
0.0
0.0
0.0
0.0
0.0
0.0
135.0
0.0
0.0
0.0
0.0
0.0
0.0
0.0
0.0
0.0
0.0
76.0
0.0
0.0
0.0
0.0
0.0
193.0
0.0
0.0
0.0
0.0
0.0
0.0
0.0
0.0
0.0
0.0
0.0
0.0
0.0
0.0
0.0
0.0
0.0
0.0
381.0
0.0
0.0
0.0
0.0
0.0
0.0
0.0
0.0
0.0
0.0
0.0
0.0
0.0
0.0
0.0
0.0
0.0
0.0
173.0
0.0
0.0
0.0
0.0
38.0
0.0
0.0
8.0
0.0
0.0
0.0
0.0
0.0
399.0
0.0
0.0
0.0
0.0
8.0
13.0
0.0
0.0
0.0
0.0
0.0
38.0
0.0
0.0
0.0
0.0
0.0
0.0
76.0
229.0
0.0
0.0
0.0
0.0
0.0
0.0
0.0
0.0
0.0
0.0
0.0
0.0
0.0
0.0
0.0
0.0
0.0
0.0
0.0
13.0
0.0
0.0
46.0
165.0
0.0
0.0
0.0
0.0
0.0
0.0
64.0
0.0
318.0
38.0
0.0
0.0
264.0
64.0
0.0
0.0
0.0
0.0
0.0
0.0
76.0
0.0
0.0
0.0
0.0
0.0
0.0
0.0
97.0
0.0
0.0
191.0
0.0
0.0
0.0
0.0
0.0
0.0
0.0
0.0
0.0
0.0
152.0
0.0
0.0
0.0
0.0
0.0
0.0
0.0
0.0
185.0
0.0
38.0
0.0
20.0
0.0
0.0
0.0
119.0
0.0
23.0
30.0
0.0
10.0
0.0
0.0
0.0
0.0
114.0
0.0
0.0
5.0
0.0
0.0
0.0
0.0
94.0
307.0
15.0
191.0
20.0
0.0
0.0
0.0
0.0
0.0
109.0
132.0
137.0
25.0
36.0
5.0
0.0
0.0
160.0
0.0
122.0
185.0
0.0
0.0
0.0
102.0
0.0
0.0
203.0
20.0
0.0
0.0
79.0
0.0
33.0
86.0
175.0
0.0
0.0
20.0
0.0
0.0
0.0
13.0
23.0
0.0
23.0
3.0
109.0
0.0
0.0
114.0
13.0
0.0
0.0
8.0
0.0
0.0
0.0
NaN
NaN
13.0
0.0
0.0
0.0
0.0
51.0
91.0
0.0
0.0
0.0
114.0
8.0
0.0
0.0
808.0
0.0
0.0
0.0
0.0
0.0
0.0
0.0
0.0
86.0
20.0
0.0
0.0
0.0
0.0
0.0
0.0
508.0
0.0
0.0
0.0
0.0
0.0
0.0
0.0
0.0
0.0
0.0
0.0
0.0
140.0
0.0
0.0
0.0
48.0
0.0
38.0
0.0
0.0
0.0
0.0
0.0
0.0
0.0
0.0
0.0
0.0
0.0
0.0
0.0
0.0
0.0
0.0
284.0
0.0
0.0
46.0
0.0
0.0
0.0
0.0
0.0
0.0
0.0
0.0
0.0
0.0
0.0
0.0
0.0
0.0
0.0
0.0
0.0
0.0
0.0
0.0
211.0
0.0
0.0
0.0
0.0
119.0
89.0
0.0
0.0
0.0
0.0
0.0
0.0
0.0
0.0
0.0
0.0
0.0
0.0
0.0
0.0
0.0
0.0
0.0
0.0
0.0
0.0
0.0
0.0
0.0
0.0
0.0
13.0
0.0
5.0
0.0
0.0
0.0
0.0
0.0
0.0
0.0
0.0
0.0
0.0
0.0
0.0
0.0
0.0
0.0
0.0
0.0
0.0
0.0
0.0
0.0
0.0
0.0
0.0
0.0
0.0
0.0
160.0
71.0
48.0
0.0
0.0
0.0
5.0
155.0
0.0
0.0
0.0
71.0
0.0
5.0
0.0
0.0
0.0
0.0
0.0
0.0
0.0
0.0
0.0
0.0
0.0
0.0
0.0
0.0
0.0
0.0
0.0
0.0
0.0
0.0
0.0
0.0
254.0
127.0
0.0
0.0
0.0
0.0
0.0
0.0
0.0
0.0
0.0
5.0
13.0
13.0
38.0
0.0
0.0
0.0
18.0
0.0
0.0
0.0
0.0
0.0
122.0
0.0
0.0
0.0
0.0
0.0
343.0
76.0
25.0
0.0
0.0
0.0
0.0
0.0
97.0
0.0
38.0
13.0
84.0
0.0
0.0
0.0
0.0
508.0
76.0
76.0
0.0
0.0
58.0
0.0
0.0
0.0
292.0
0.0
0.0
0.0
0.0
0.0
0.0
0.0
0.0
0.0
0.0
0.0
0.0
30.0
127.0
0.0
0.0
0.0
0.0
0.0
0.0
0.0
0.0
0.0
33.0
0.0
0.0
0.0
0.0
94.0
0.0
0.0
0.0
0.0
0.0
0.0
0.0
0.0
0.0
0.0
0.0
0.0
216.0
0.0
0.0
0.0
0.0
0.0
401.0
28.0
0.0
0.0
0.0
0.0
142.0
221.0
20.0
310.0
0.0
0.0
0.0
0.0
0.0
79.0
0.0
0.0
127.0
0.0
0.0
0.0
0.0
0.0
0.0
0.0
191.0
170.0
0.0
0.0
0.0
66.0
0.0
5.0
0.0
0.0
0.0
0.0
0.0
0.0
0.0
0.0
0.0
318.0
0.0
41.0
0.0
0.0
48.0
89.0
0.0
76.0
0.0
33.0
0.0
0.0
0.0
61.0
0.0
28.0
0.0
15.0
0.0
0.0
0.0
15.0
0.0
0.0
0.0
0.0
0.0
0.0
0.0
0.0
0.0
64.0
318.0
0.0
0.0
0.0
0.0
0.0
0.0
0.0
445.0
89.0
130.0
0.0
0.0
0.0
363.0
109.0
0.0
0.0
0.0
0.0
0.0
0.0
0.0
0.0
0.0
0.0
0.0
0.0
0.0
122.0
0.0
0.0
0.0
0.0
0.0
0.0
0.0
0.0
0.0
0.0
0.0
0.0
0.0
0.0
0.0
0.0
0.0
0.0
0.0
0.0
127.0
0.0
0.0
0.0
0.0
0.0
0.0
0.0
0.0
8.0
178.0
0.0
0.0
0.0
0.0
0.0
0.0
0.0
64.0
0.0
0.0
10.0
0.0
13.0
64.0
0.0
0.0
0.0
0.0
264.0
0.0
0.0
0.0
0.0
0.0
0.0
234.0
69.0
0.0
0.0
0.0
0.0
0.0
0.0
0.0
0.0
0.0
0.0
0.0
0.0
0.0
0.0
0.0
0.0
0.0
178.0
0.0
0.0
43.0
13.0
0.0
0.0
191.0
432.0
0.0
76.0
0.0
0.0
41.0
0.0
0.0
0.0
0.0
0.0
0.0
0.0
0.0
163.0
0.0
0.0
0.0
0.0
0.0
51.0
104.0
0.0
0.0
102.0
356.0
0.0
28.0
0.0
203.0
0.0
0.0
0.0
0.0
0.0
46.0
0.0
0.0
0.0
0.0
0.0
0.0
0.0
0.0
15.0
0.0
0.0
13.0
51.0
0.0
71.0
0.0
0.0
0.0
0.0
51.0
76.0
0.0
0.0
0.0
0.0
0.0
0.0
0.0
0.0
0.0
0.0
25.0
30.0
0.0
0.0
0.0
0.0
0.0
0.0
0.0
0.0
0.0
64.0
165.0
0.0
0.0
0.0
0.0
0.0
0.0
91.0
13.0
0.0
0.0
0.0
64.0
0.0
0.0
0.0
10.0
0.0
0.0
0.0
0.0
0.0
0.0
0.0
0.0
38.0
0.0
0.0
13.0
0.0
0.0
0.0
0.0
0.0
0.0
13.0
0.0
0.0
0.0
0.0
0.0
0.0
64.0
0.0
0.0
0.0
0.0
0.0
0.0
0.0
0.0
0.0
102.0
25.0
0.0
0.0
0.0
0.0
0.0
0.0
0.0
0.0
0.0
0.0
0.0
0.0
0.0
0.0
0.0
0.0
0.0
0.0
0.0
0.0
0.0
0.0
0.0
0.0
0.0
0.0
0.0
0.0
0.0
0.0
0.0
0.0
0.0
0.0
76.0
0.0
191.0
25.0
0.0
0.0
0.0
0.0
0.0
0.0
0.0
0.0
216.0
89.0
25.0
0.0
0.0
0.0
0.0
51.0
0.0
38.0
0.0
0.0
0.0
0.0
0.0
0.0
0.0
51.0
102.0
0.0
0.0
0.0
229.0
25.0
0.0
0.0
381.0
0.0
0.0
0.0
0.0
89.0
135.0
0.0
0.0
64.0
0.0
0.0
234.0
0.0
0.0
0.0
0.0
0.0
102.0
0.0
0.0
0.0
0.0
0.0
33.0
0.0
0.0
0.0
64.0
13.0
38.0
0.0
0.0
5.0
0.0
0.0
0.0
0.0
0.0
71.0
0.0
0.0
0.0
0.0
0.0
0.0
173.0
198.0
0.0
0.0
0.0
0.0
0.0
0.0
0.0
0.0
97.0
0.0
0.0
0.0
76.0
89.0
140.0
0.0
0.0
178.0
51.0
0.0
0.0
0.0
0.0
0.0
0.0
0.0
0.0
0.0
38.0
0.0
0.0
127.0
0.0
0.0
0.0
0.0
0.0
0.0
0.0
0.0
119.0
0.0
0.0
0.0
0.0
0.0
0.0
0.0
0.0
0.0
38.0
0.0
0.0
0.0
20.0
0.0
0.0
0.0
0.0
0.0
0.0
0.0
0.0
0.0
0.0
76.0
0.0
76.0
102.0
33.0
0.0
0.0
508.0
0.0
0.0
0.0
0.0
0.0
0.0
0.0
0.0
0.0
0.0
0.0
0.0
0.0
0.0
191.0
142.0
0.0
231.0
0.0
0.0
0.0
0.0
0.0
0.0
51.0
94.0
64.0
191.0
0.0
0.0
0.0
0.0
0.0
0.0
0.0
0.0
0.0
0.0
0.0
0.0
0.0
0.0
94.0
0.0
0.0
0.0
0.0
0.0
0.0
0.0
0.0
0.0
0.0
0.0
0.0
0.0
0.0
48.0
0.0
0.0
0.0
0.0
0.0
0.0
0.0
0.0
0.0
0.0
0.0
0.0
0.0
0.0
0.0
20.0
0.0
0.0
0.0
0.0
0.0
351.0
0.0
0.0
0.0
0.0
0.0
0.0
0.0
0.0
0.0
0.0
0.0
0.0
0.0
0.0
0.0
0.0
0.0
0.0
0.0
0.0
0.0
0.0
0.0
0.0
0.0
0.0
0.0
0.0
0.0
0.0
191.0
0.0
0.0
0.0
38.0
13.0
0.0
0.0
0.0
0.0
0.0
0.0
0.0
0.0
0.0
13.0
381.0
64.0
0.0
0.0
13.0
0.0
0.0
0.0
18.0
0.0
0.0
0.0
0.0
0.0
183.0
0.0
13.0
0.0
0.0
0.0
0.0
0.0
0.0
76.0
69.0
0.0
0.0
0.0
0.0
0.0
0.0
0.0
64.0
0.0
0.0
0.0
140.0
64.0
0.0
0.0
0.0
0.0
0.0
0.0
0.0
0.0
13.0
0.0
0.0
0.0
0.0
0.0
0.0
267.0
0.0
0.0
0.0
0.0
20.0
0.0
0.0
0.0
0.0
0.0
0.0
0.0
0.0
0.0
0.0
0.0
0.0
0.0
127.0
0.0
0.0
0.0
0.0
0.0
0.0
102.0
64.0
89.0
51.0
0.0
0.0
0.0
0.0
0.0
25.0
64.0
216.0
13.0
0.0
0.0
0.0
76.0
15.0
0.0
0.0
0.0
0.0
0.0
0.0
0.0
76.0
84.0
0.0
132.0
0.0
0.0
0.0
0.0
0.0
0.0
0.0
0.0
0.0
0.0
0.0
0.0
0.0
0.0
0.0
0.0
0.0
0.0
0.0
0.0
152.0
0.0
0.0
0.0
0.0
0.0
0.0
64.0
0.0
127.0
81.0
0.0
0.0
0.0
0.0
0.0
0.0
0.0
0.0
0.0
0.0
0.0
0.0
0.0
0.0
0.0
0.0
0.0
99.0
0.0
0.0
0.0
0.0
51.0
56.0
0.0
89.0
0.0
0.0
0.0
0.0
0.0
0.0
0.0
0.0
0.0
0.0
0.0
0.0
0.0
0.0
102.0
0.0
0.0
0.0
0.0
36.0
0.0
0.0
69.0
0.0
0.0
0.0
191.0
0.0
0.0
0.0
0.0
0.0
152.0
0.0
0.0
221.0
0.0
81.0
0.0
0.0
0.0
262.0
18.0
53.0
15.0
0.0
0.0
0.0
0.0
0.0
0.0
0.0
0.0
0.0
0.0
0.0
0.0
254.0
211.0
0.0
0.0
0.0
18.0
0.0
0.0
0.0
0.0
0.0
0.0
13.0
152.0
0.0
224.0
287.0
0.0
25.0
0.0
0.0
89.0
0.0
381.0
114.0
94.0
127.0
0.0
0.0
28.0
0.0
0.0
434.0
417.0
0.0
0.0
1359.0
292.0
0.0
170.0
0.0
0.0
76.0
0.0
0.0
15.0
0.0
0.0
0.0
0.0
0.0
0.0
0.0
0.0
0.0
0.0
0.0
0.0
0.0
127.0
10.0
0.0
0.0
0.0
0.0
0.0
0.0
0.0
89.0
0.0
0.0
0.0
0.0
0.0
25.0
109.0
0.0
0.0
0.0
0.0
330.0
76.0
0.0
0.0
0.0
0.0
127.0
0.0
0.0
0.0
0.0
0.0
5.0
0.0
0.0
0.0
25.0
127.0
0.0
0.0
0.0
0.0
0.0
0.0
0.0
0.0
0.0
0.0
89.0
76.0
0.0
0.0
0.0
0.0
0.0
140.0
0.0
0.0
0.0
112.0
0.0
0.0
0.0
0.0
0.0
135.0
0.0
0.0
0.0
51.0
5.0
0.0
0.0
0.0
0.0
0.0
30.0
0.0
5.0
0.0
0.0
25.0
13.0
0.0
0.0
0.0
0.0
0.0
229.0
0.0
0.0
0.0
0.0
0.0
0.0
0.0
0.0
0.0
0.0
0.0
0.0
0.0
0.0
0.0
51.0
0.0
0.0
0.0
0.0
0.0
0.0
0.0
0.0
0.0
0.0
0.0
0.0
0.0
0.0
0.0
25.0
0.0
119.0
0.0
0.0
0.0
8.0
165.0
0.0
0.0
0.0
0.0
89.0
38.0
0.0
0.0
0.0
25.0
5.0
0.0
0.0
89.0
0.0
0.0
64.0
0.0
0.0
0.0
0.0
5.0
406.0
64.0
0.0
0.0
13.0
0.0
0.0
25.0
46.0
152.0
0.0
0.0
97.0
0.0
0.0
0.0
0.0
0.0
0.0
0.0
0.0
0.0
0.0
165.0
0.0
41.0
0.0
0.0
267.0
0.0
0.0
0.0
51.0
0.0
0.0
0.0
0.0
165.0
0.0
363.0
229.0
0.0
0.0
0.0
0.0
0.0
241.0
0.0
0.0
25.0
0.0
0.0
262.0
229.0
0.0
0.0
51.0
61.0
0.0
0.0
0.0
0.0
0.0
0.0
0.0
56.0
0.0
23.0
0.0
191.0
0.0
0.0
0.0
30.0
0.0
0.0
15.0
61.0
38.0
0.0
0.0
0.0
0.0
0.0
0.0
0.0
3.0
112.0
259.0
28.0
0.0
0.0
102.0
127.0
0.0
0.0
0.0
0.0
0.0
0.0
18.0
0.0
0.0
305.0
25.0
64.0
0.0
0.0
483.0
0.0
0.0
0.0
193.0
0.0
18.0
0.0
0.0
0.0
0.0
0.0
0.0
0.0
0.0
0.0
0.0
0.0
0.0
0.0
0.0
0.0
94.0
0.0
69.0
0.0
0.0
0.0
0.0
0.0
0.0
0.0
20.0
13.0
25.0
0.0
0.0
74.0
33.0
0.0
0.0
102.0
8.0
0.0
0.0
0.0
0.0
38.0
0.0
0.0
0.0
508.0
0.0
0.0
272.0
0.0
0.0
0.0
0.0
0.0
0.0
0.0
0.0
0.0
0.0
0.0
0.0
0.0
0.0
13.0
51.0
58.0
0.0
97.0
0.0
0.0
13.0
254.0
0.0
0.0
0.0
8.0
0.0
0.0
0.0
0.0
0.0
0.0
0.0
20.0
0.0
0.0
0.0
0.0
13.0
0.0
48.0
0.0
48.0
0.0
0.0
0.0
0.0
0.0
419.0
0.0
0.0
0.0
107.0
0.0
0.0
0.0
0.0
0.0
0.0
18.0
0.0
262.0
91.0
0.0
0.0
0.0
191.0
71.0
0.0
0.0
0.0
0.0
0.0
0.0
102.0
0.0
0.0
0.0
0.0
0.0
0.0
0.0
0.0
0.0
0.0
0.0
0.0
0.0
0.0
0.0
0.0
0.0
13.0
15.0
0.0
5.0
0.0
0.0
0.0
0.0
0.0
0.0
0.0
0.0
0.0
0.0
0.0
0.0
81.0
0.0
0.0
0.0
0.0
0.0
0.0
0.0
0.0
0.0
0.0
0.0
0.0
0.0
0.0
