NaN
NaN
NaN
NaN
NaN
-12.6
-10.9034482759
-0.861290322581
2.5
7.43548387097
13.3133333333
18.1806451613
11.68
5.67
-0.264516129032
-6.8
-14.2677419355
-16.5387096774
NaN
NaN
NaN
6.73870967742
NaN
NaN
NaN
NaN
NaN
NaN
NaN
-19.3838709677
-19.4678571429
-9.17741935484
-1.59
6.90322580645
11.9833333333
14.064516129
14.5741935484
8.69666666667
1.36774193548
-11.6733333333
-10.0516129032
-14.1344827586
-17.5892857143
-6.62580645161
0.853333333333
6.00322580645
13.96
15.2709677419
13.7741935484
10.96
2.81935483871
-3.96206896552
-10.3580645161
-13.7290322581
-8.04827586207
-3.1935483871
0.313333333333
6.88387096774
13.4433333333
15.1322580645
14.3677419355
9.91
2.84838709677
-3.23666666667
-16.2275862069
-14.9129032258
-8.09285714286
-6.43870967742
0.206666666667
6.20322580645
12.3866666667
15.7483870968
12.7548387097
NaN
NaN
