541.0
632.0
NaN
430.0
256.0
1156.0
610.0
459.0
754.0
233.0
652.0
774.0
1052.0
1238.0
1298.0
1325.0
409.0
507.0
419.0
966.0
444.0
387.0
412.0
432.0
361.0
1292.0
2167.0
1059.0
1166.0
805.0
330.0
313.0
142.0
542.0
247.0
305.0
562.0
513.0
1709.0
1174.0
637.0
466.0
618.0
495.0
717.0
457.0
930.0
799.0
402.0
1087.0
1083.0
1168.0
685.0
1058.0
623.0
1623.0
769.0
393.0
859.0
448.0
586.0
1392.0
1635.0
918.0
957.0
907.0
239.0
494.0
189.0
379.0
144.0
320.0
599.0
838.0
1263.0
1387.0
1844.0
762.0
1034.0
492.0
1215.0
434.0
171.0
133.0
929.0
563.0
1714.0
747.0
826.0
1152.0
209.0
1272.0
1319.0
523.0
1071.0
554.0
226.0
505.0
279.0
677.0
557.0
546.0
965.0
310.0
988.0
313.0
990.0
191.0
646.0
1260.0
543.0
563.0
1688.0
1319.0
642.0
709.0
862.0
854.0
789.0
631.0
1474.0
1279.0
605.0
934.0
857.0
740.0
146.0
666.0
423.0
1121.0
911.0
1112.0
470.0
694.0
1502.0
1329.0
1125.0
630.0
2727.0
669.0
276.0
970.0
184.0
531.0
1560.0
1855.0
1451.0
1293.0
789.0
1129.0
671.0
2267.0
848.0
930.0
450.0
379.0
822.0
960.0
1530.0
1731.0
957.0
515.0
1227.0
542.0
457.0
769.0
382.0
810.0
459.0
1409.0
1301.0
1580.0
724.0
354.0
805.0
246.0
1257.0
965.0
260.0
338.0
382.0
663.0
398.0
859.0
300.0
1173.0
1105.0
1265.0
278.0
436.0
1054.0
635.0
712.0
1896.0
1527.0
771.0
451.0
306.0
369.0
1048.0
773.0
404.0
601.0
721.0
535.0
815.0
476.0
1535.0
906.0
2068.0
1140.0
783.0
381.0
304.0
485.0
401.0
179.0
679.0
1321.0
2828.0
1543.0
610.0
953.0
353.0
1641.0
1865.0
218.0
234.0
527.0
471.0
989.0
645.0
1385.0
2355.0
1053.0
773.0
616.0
277.0
334.0
180.0
1117.0
1466.0
940.0
625.0
1348.0
720.0
NaN
NaN
