127.0
0.0
0.0
0.0
0.0
0.0
0.0
0.0
0.0
0.0
0.0
0.0
0.0
0.0
0.0
0.0
0.0
0.0
0.0
0.0
0.0
0.0
0.0
0.0
0.0
0.0
0.0
0.0
0.0
0.0
0.0
0.0
0.0
0.0
0.0
0.0
0.0
0.0
0.0
36.0
0.0
0.0
0.0
0.0
102.0
0.0
0.0
0.0
0.0
0.0
0.0
0.0
0.0
0.0
NaN
0.0
0.0
0.0
0.0
0.0
0.0
0.0
0.0
0.0
0.0
NaN
0.0
0.0
0.0
0.0
0.0
0.0
0.0
0.0
0.0
0.0
0.0
0.0
0.0
0.0
0.0
0.0
0.0
0.0
76.0
64.0
0.0
0.0
0.0
0.0
0.0
0.0
NaN
NaN
51.0
NaN
NaN
25.0
NaN
NaN
NaN
NaN
NaN
NaN
NaN
NaN
NaN
NaN
NaN
NaN
NaN
NaN
NaN
NaN
NaN
NaN
NaN
NaN
NaN
NaN
NaN
NaN
51.0
NaN
NaN
NaN
NaN
NaN
NaN
NaN
NaN
NaN
38.0
NaN
NaN
NaN
NaN
NaN
NaN
NaN
NaN
NaN
NaN
NaN
NaN
NaN
NaN
NaN
NaN
NaN
127.0
0.0
0.0
0.0
74.0
0.0
0.0
61.0
0.0
0.0
0.0
0.0
0.0
0.0
0.0
173.0
0.0
0.0
0.0
0.0
53.0
0.0
0.0
0.0
0.0
0.0
0.0
0.0
0.0
170.0
0.0
0.0
46.0
0.0
0.0
0.0
0.0
0.0
0.0
0.0
0.0
0.0
0.0
0.0
0.0
0.0
0.0
0.0
0.0
0.0
0.0
0.0
0.0
0.0
0.0
0.0
0.0
0.0
0.0
0.0
127.0
203.0
0.0
0.0
196.0
160.0
0.0
0.0
0.0
0.0
0.0
0.0
0.0
0.0
0.0
104.0
0.0
0.0
0.0
0.0
0.0
0.0
0.0
0.0
0.0
0.0
0.0
0.0
0.0
851.0
51.0
0.0
0.0
NaN
NaN
NaN
NaN
221.0
NaN
NaN
NaN
NaN
203.0
NaN
NaN
NaN
132.0
NaN
NaN
NaN
NaN
244.0
25.0
NaN
NaN
NaN
0.0
NaN
25.0
NaN
NaN
432.0
NaN
127.0
NaN
NaN
NaN
NaN
0.0
NaN
NaN
NaN
NaN
NaN
NaN
NaN
NaN
NaN
NaN
NaN
NaN
NaN
NaN
NaN
NaN
99.0
NaN
NaN
NaN
NaN
NaN
NaN
NaN
NaN
0.0
0.0
0.0
0.0
0.0
0.0
173.0
0.0
0.0
0.0
0.0
0.0
0.0
0.0
0.0
0.0
0.0
0.0
0.0
0.0
0.0
0.0
NaN
0.0
0.0
0.0
0.0
0.0
0.0
0.0
0.0
0.0
0.0
NaN
0.0
0.0
0.0
0.0
0.0
0.0
0.0
0.0
0.0
0.0
0.0
0.0
163.0
0.0
51.0
0.0
0.0
0.0
0.0
0.0
127.0
0.0
0.0
0.0
0.0
0.0
0.0
0.0
0.0
0.0
0.0
0.0
0.0
0.0
0.0
0.0
0.0
0.0
0.0
NaN
0.0
51.0
0.0
NaN
0.0
0.0
0.0
0.0
51.0
0.0
0.0
0.0
0.0
0.0
0.0
0.0
0.0
0.0
0.0
0.0
NaN
0.0
0.0
0.0
0.0
0.0
0.0
0.0
0.0
51.0
0.0
0.0
0.0
0.0
0.0
0.0
0.0
0.0
0.0
0.0
0.0
0.0
0.0
0.0
0.0
0.0
NaN
0.0
0.0
NaN
0.0
0.0
0.0
0.0
0.0
0.0
0.0
0.0
0.0
NaN
38.0
0.0
0.0
0.0
25.0
0.0
0.0
0.0
51.0
0.0
0.0
0.0
0.0
127.0
0.0
0.0
0.0
0.0
0.0
0.0
0.0
0.0
0.0
0.0
119.0
0.0
234.0
0.0
89.0
38.0
15.0
0.0
0.0
0.0
254.0
5.0
0.0
0.0
0.0
5.0
0.0
0.0
0.0
0.0
0.0
119.0
0.0
0.0
NaN
NaN
381.0
NaN
NaN
NaN
NaN
NaN
30.0
NaN
38.0
198.0
203.0
155.0
1067.0
NaN
NaN
NaN
41.0
394.0
NaN
127.0
NaN
NaN
NaN
NaN
NaN
NaN
127.0
508.0
NaN
127.0
165.0
0.0
86.0
0.0
0.0
0.0
0.0
0.0
0.0
0.0
0.0
0.0
0.0
0.0
0.0
0.0
89.0
394.0
0.0
0.0
0.0
51.0
0.0
0.0
0.0
46.0
0.0
241.0
0.0
0.0
NaN
NaN
NaN
NaN
NaN
699.0
NaN
NaN
51.0
38.0
NaN
NaN
NaN
NaN
NaN
254.0
127.0
NaN
NaN
NaN
NaN
140.0
NaN
NaN
NaN
NaN
NaN
NaN
81.0
NaN
NaN
0.0
89.0
0.0
25.0
0.0
0.0
0.0
0.0
203.0
127.0
25.0
13.0
0.0
356.0
13.0
0.0
0.0
635.0
0.0
0.0
0.0
0.0
0.0
0.0
0.0
0.0
0.0
0.0
0.0
0.0
0.0
0.0
0.0
0.0
0.0
0.0
0.0
0.0
0.0
114.0
89.0
25.0
0.0
0.0
0.0
0.0
0.0
0.0
0.0
0.0
0.0
0.0
0.0
0.0
0.0
0.0
0.0
0.0
368.0
0.0
0.0
0.0
0.0
0.0
0.0
0.0
0.0
0.0
0.0
0.0
0.0
0.0
0.0
0.0
0.0
0.0
0.0
0.0
0.0
0.0
0.0
0.0
0.0
0.0
0.0
81.0
0.0
0.0
0.0
0.0
0.0
0.0
0.0
0.0
0.0
0.0
0.0
0.0
0.0
0.0
0.0
0.0
0.0
0.0
0.0
0.0
0.0
0.0
0.0
0.0
0.0
0.0
0.0
0.0
0.0
0.0
0.0
0.0
0.0
0.0
0.0
229.0
0.0
0.0
51.0
0.0
0.0
0.0
0.0
0.0
0.0
0.0
0.0
51.0
0.0
0.0
0.0
0.0
0.0
0.0
51.0
25.0
0.0
0.0
0.0
0.0
0.0
0.0
0.0
0.0
0.0
0.0
0.0
0.0
0.0
0.0
51.0
0.0
0.0
0.0
0.0
25.0
102.0
0.0
0.0
0.0
0.0
0.0
0.0
0.0
0.0
0.0
0.0
0.0
0.0
0.0
0.0
51.0
0.0
0.0
0.0
0.0
0.0
0.0
0.0
0.0
0.0
0.0
0.0
0.0
0.0
0.0
0.0
0.0
0.0
0.0
0.0
0.0
102.0
0.0
51.0
0.0
0.0
152.0
0.0
0.0
0.0
0.0
165.0
13.0
152.0
0.0
46.0
0.0
0.0
0.0
0.0
0.0
0.0
132.0
0.0
0.0
0.0
20.0
0.0
0.0
0.0
0.0
0.0
0.0
0.0
0.0
0.0
165.0
716.0
132.0
0.0
0.0
0.0
89.0
0.0
0.0
0.0
0.0
0.0
0.0
0.0
0.0
0.0
140.0
0.0
0.0
0.0
89.0
0.0
0.0
0.0
0.0
0.0
0.0
13.0
0.0
0.0
25.0
0.0
0.0
432.0
178.0
216.0
0.0
0.0
0.0
0.0
0.0
0.0
0.0
0.0
0.0
0.0
0.0
89.0
0.0
0.0
0.0
0.0
0.0
173.0
203.0
0.0
0.0
0.0
267.0
0.0
25.0
0.0
114.0
38.0
13.0
76.0
0.0
0.0
0.0
0.0
NaN
NaN
279.0
NaN
NaN
NaN
NaN
NaN
NaN
NaN
NaN
NaN
NaN
NaN
NaN
NaN
140.0
NaN
NaN
127.0
NaN
NaN
NaN
97.0
NaN
NaN
NaN
NaN
NaN
NaN
NaN
0.0
0.0
168.0
0.0
521.0
0.0
0.0
0.0
188.0
0.0
0.0
0.0
356.0
0.0
0.0
0.0
0.0
0.0
0.0
46.0
0.0
0.0
0.0
0.0
0.0
0.0
0.0
0.0
51.0
0.0
0.0
0.0
0.0
0.0
0.0
0.0
0.0
0.0
0.0
0.0
0.0
0.0
0.0
0.0
64.0
165.0
0.0
0.0
0.0
0.0
0.0
0.0
0.0
0.0
0.0
0.0
0.0
0.0
0.0
0.0
0.0
0.0
0.0
0.0
0.0
0.0
0.0
0.0
0.0
0.0
89.0
0.0
0.0
0.0
0.0
0.0
203.0
191.0
0.0
0.0
0.0
0.0
0.0
0.0
0.0
0.0
13.0
38.0
0.0
0.0
0.0
0.0
0.0
0.0
0.0
0.0
0.0
0.0
0.0
76.0
0.0
0.0
0.0
0.0
0.0
0.0
0.0
0.0
0.0
0.0
0.0
0.0
0.0
0.0
0.0
0.0
0.0
0.0
0.0
0.0
0.0
0.0
NaN
NaN
152.0
NaN
NaN
NaN
NaN
NaN
NaN
NaN
NaN
NaN
NaN
NaN
NaN
NaN
NaN
NaN
NaN
38.0
NaN
NaN
NaN
NaN
NaN
NaN
NaN
NaN
NaN
NaN
NaN
0.0
0.0
0.0
0.0
0.0
0.0
0.0
0.0
0.0
0.0
267.0
51.0
0.0
76.0
51.0
0.0
0.0
0.0
0.0
0.0
0.0
203.0
0.0
0.0
51.0
0.0
0.0
0.0
0.0
0.0
0.0
0.0
0.0
0.0
0.0
0.0
0.0
0.0
0.0
254.0
127.0
0.0
0.0
0.0
0.0
0.0
0.0
0.0
0.0
0.0
0.0
0.0
0.0
0.0
0.0
0.0
0.0
0.0
0.0
0.0
0.0
0.0
0.0
0.0
0.0
0.0
0.0
0.0
267.0
0.0
0.0
0.0
0.0
0.0
0.0
0.0
216.0
0.0
0.0
51.0
NaN
0.0
0.0
0.0
0.0
0.0
0.0
0.0
0.0
0.0
0.0
0.0
152.0
0.0
0.0
0.0
0.0
0.0
0.0
0.0
0.0
191.0
0.0
0.0
0.0
0.0
0.0
114.0
76.0
0.0
127.0
0.0
13.0
0.0
0.0
0.0
0.0
0.0
30.0
109.0
130.0
0.0
30.0
81.0
33.0
0.0
0.0
0.0
0.0
0.0
0.0
0.0
229.0
0.0
25.0
0.0
0.0
28.0
208.0
203.0
0.0
0.0
0.0
0.0
0.0
0.0
267.0
0.0
0.0
25.0
490.0
0.0
0.0
0.0
0.0
0.0
0.0
305.0
343.0
0.0
0.0
203.0
0.0
0.0
61.0
0.0
0.0
0.0
203.0
0.0
0.0
0.0
0.0
0.0
0.0
114.0
76.0
0.0
0.0
0.0
0.0
0.0
198.0
0.0
0.0
0.0
279.0
0.0
0.0
0.0
0.0
0.0
0.0
0.0
0.0
0.0
0.0
0.0
0.0
76.0
0.0
0.0
0.0
0.0
0.0
0.0
0.0
107.0
157.0
0.0
0.0
0.0
0.0
25.0
0.0
0.0
0.0
0.0
0.0
0.0
0.0
0.0
0.0
33.0
0.0
0.0
13.0
0.0
0.0
0.0
0.0
0.0
0.0
0.0
30.0
0.0
0.0
0.0
0.0
0.0
0.0
0.0
0.0
NaN
NaN
38.0
41.0
378.0
991.0
NaN
NaN
NaN
102.0
140.0
445.0
NaN
NaN
NaN
114.0
20.0
NaN
NaN
NaN
NaN
NaN
NaN
NaN
NaN
NaN
NaN
NaN
NaN
NaN
13.0
0.0
0.0
0.0
0.0
0.0
0.0
0.0
0.0
89.0
0.0
0.0
0.0
0.0
0.0
229.0
102.0
51.0
0.0
0.0
0.0
0.0
0.0
0.0
76.0
0.0
0.0
0.0
0.0
0.0
0.0
0.0
0.0
0.0
0.0
0.0
0.0
0.0
0.0
0.0
0.0
0.0
0.0
0.0
102.0
0.0
0.0
0.0
0.0
0.0
0.0
102.0
0.0
0.0
0.0
0.0
0.0
0.0
76.0
0.0
0.0
0.0
0.0
10.0
0.0
0.0
0.0
0.0
0.0
0.0
0.0
0.0
0.0
0.0
0.0
0.0
0.0
0.0
254.0
0.0
0.0
0.0
0.0
0.0
0.0
0.0
0.0
0.0
0.0
0.0
0.0
0.0
0.0
0.0
0.0
0.0
0.0
0.0
0.0
0.0
0.0
0.0
0.0
0.0
0.0
0.0
0.0
0.0
0.0
0.0
0.0
0.0
0.0
0.0
0.0
0.0
0.0
0.0
0.0
51.0
0.0
0.0
0.0
0.0
0.0
0.0
0.0
0.0
0.0
0.0
0.0
0.0
76.0
0.0
0.0
0.0
0.0
0.0
0.0
0.0
0.0
0.0
0.0
0.0
0.0
0.0
0.0
0.0
51.0
0.0
0.0
0.0
127.0
76.0
0.0
0.0
0.0
0.0
0.0
0.0
0.0
0.0
254.0
0.0
102.0
0.0
0.0
0.0
0.0
0.0
0.0
0.0
25.0
0.0
0.0
0.0
51.0
25.0
0.0
0.0
203.0
0.0
0.0
0.0
0.0
0.0
165.0
0.0
0.0
0.0
0.0
0.0
0.0
0.0
0.0
0.0
0.0
0.0
0.0
0.0
76.0
0.0
0.0
64.0
0.0
0.0
0.0
38.0
102.0
0.0
0.0
0.0
0.0
0.0
0.0
0.0
0.0
0.0
0.0
0.0
127.0
0.0
0.0
0.0
0.0
114.0
0.0
0.0
0.0
0.0
546.0
229.0
0.0
0.0
0.0
0.0
76.0
0.0
0.0
0.0
0.0
0.0
0.0
127.0
0.0
89.0
0.0
0.0
0.0
0.0
241.0
102.0
0.0
0.0
0.0
0.0
0.0
0.0
0.0
0.0
0.0
0.0
0.0
0.0
64.0
114.0
0.0
0.0
0.0
38.0
0.0
0.0
0.0
0.0
185.0
0.0
0.0
0.0
584.0
0.0
0.0
0.0
0.0
0.0
0.0
0.0
0.0
0.0
20.0
0.0
0.0
0.0
0.0
0.0
0.0
0.0
0.0
0.0
0.0
0.0
508.0
305.0
0.0
0.0
0.0
0.0
0.0
254.0
127.0
203.0
0.0
0.0
0.0
0.0
0.0
406.0
0.0
0.0
0.0
0.0
0.0
0.0
0.0
0.0
0.0
0.0
25.0
0.0
0.0
635.0
381.0
0.0
0.0
0.0
0.0
0.0
0.0
0.0
0.0
0.0
0.0
84.0
0.0
0.0
0.0
0.0
0.0
0.0
0.0
0.0
56.0
0.0
0.0
0.0
0.0
0.0
0.0
0.0
0.0
0.0
0.0
0.0
0.0
0.0
0.0
0.0
0.0
0.0
0.0
0.0
0.0
0.0
0.0
0.0
0.0
0.0
0.0
0.0
38.0
51.0
0.0
0.0
0.0
0.0
0.0
0.0
0.0
0.0
0.0
254.0
102.0
0.0
0.0
0.0
0.0
0.0
0.0
0.0
0.0
0.0
0.0
381.0
0.0
0.0
0.0
0.0
0.0
0.0
0.0
0.0
0.0
0.0
0.0
0.0
0.0
0.0
114.0
152.0
0.0
0.0
0.0
0.0
0.0
0.0
0.0
0.0
38.0
0.0
0.0
0.0
0.0
0.0
0.0
173.0
33.0
152.0
0.0
0.0
0.0
0.0
0.0
0.0
0.0
0.0
0.0
0.0
0.0
0.0
0.0
0.0
0.0
64.0
0.0
0.0
0.0
0.0
0.0
0.0
0.0
0.0
0.0
0.0
0.0
0.0
0.0
0.0
0.0
0.0
0.0
0.0
0.0
0.0
38.0
0.0
0.0
0.0
0.0
0.0
0.0
0.0
0.0
0.0
0.0
0.0
0.0
0.0
0.0
0.0
0.0
NaN
0.0
0.0
0.0
0.0
0.0
51.0
13.0
0.0
0.0
76.0
0.0
0.0
0.0
0.0
0.0
0.0
0.0
25.0
0.0
0.0
0.0
0.0
0.0
0.0
102.0
0.0
NaN
NaN
NaN
NaN
254.0
NaN
NaN
NaN
NaN
NaN
NaN
NaN
NaN
25.0
NaN
NaN
NaN
NaN
NaN
NaN
NaN
NaN
64.0
NaN
NaN
NaN
NaN
NaN
NaN
NaN
NaN
0.0
0.0
0.0
0.0
0.0
0.0
0.0
0.0
0.0
0.0
0.0
0.0
0.0
0.0
356.0
0.0
89.0
0.0
0.0
0.0
0.0
64.0
165.0
89.0
109.0
406.0
0.0
43.0
0.0
0.0
NaN
NaN
NaN
NaN
64.0
191.0
140.0
NaN
NaN
NaN
NaN
NaN
NaN
NaN
470.0
254.0
51.0
64.0
13.0
NaN
NaN
NaN
NaN
NaN
NaN
NaN
NaN
76.0
NaN
NaN
NaN
NaN
NaN
NaN
NaN
NaN
51.0
NaN
NaN
NaN
NaN
NaN
NaN
NaN
NaN
NaN
711.0
NaN
NaN
NaN
NaN
NaN
NaN
NaN
NaN
NaN
NaN
711.0
NaN
NaN
NaN
97.0
NaN
NaN
NaN
NaN
NaN
NaN
NaN
NaN
NaN
1041.0
NaN
NaN
NaN
381.0
508.0
NaN
NaN
381.0
NaN
NaN
NaN
38.0
25.0
NaN
NaN
NaN
25.0
NaN
NaN
NaN
NaN
NaN
NaN
NaN
NaN
NaN
NaN
NaN
NaN
NaN
15.0
1016.0
NaN
NaN
64.0
NaN
NaN
NaN
NaN
NaN
NaN
NaN
147.0
NaN
NaN
279.0
NaN
NaN
NaN
NaN
NaN
0.0
0.0
0.0
0.0
0.0
0.0
0.0
0.0
0.0
165.0
0.0
0.0
0.0
0.0
0.0
0.0
0.0
0.0
0.0
0.0
0.0
0.0
0.0
0.0
0.0
0.0
0.0
0.0
0.0
0.0
64.0
76.0
229.0
318.0
0.0
216.0
0.0
0.0
0.0
0.0
0.0
0.0
0.0
0.0
0.0
0.0
0.0
0.0
0.0
0.0
89.0
152.0
0.0
0.0
0.0
0.0
0.0
64.0
0.0
0.0
152.0
0.0
0.0
0.0
0.0
0.0
0.0
0.0
0.0
0.0
0.0
0.0
0.0
0.0
0.0
0.0
0.0
0.0
0.0
0.0
64.0
0.0
0.0
0.0
0.0
0.0
0.0
0.0
0.0
0.0
0.0
0.0
0.0
0.0
0.0
0.0
0.0
0.0
0.0
0.0
0.0
0.0
0.0
0.0
0.0
0.0
0.0
0.0
0.0
0.0
0.0
0.0
0.0
0.0
0.0
0.0
0.0
0.0
0.0
0.0
0.0
51.0
0.0
0.0
0.0
0.0
826.0
25.0
0.0
NaN
0.0
0.0
0.0
0.0
0.0
0.0
25.0
0.0
0.0
0.0
0.0
0.0
0.0
279.0
165.0
0.0
0.0
0.0
0.0
0.0
0.0
0.0
0.0
0.0
0.0
0.0
254.0
318.0
0.0
13.0
0.0
0.0
0.0
0.0
0.0
0.0
0.0
0.0
0.0
0.0
51.0
0.0
0.0
127.0
0.0
0.0
0.0
0.0
0.0
0.0
0.0
0.0
0.0
NaN
NaN
91.0
NaN
NaN
NaN
NaN
NaN
178.0
NaN
384.0
NaN
NaN
NaN
NaN
NaN
NaN
NaN
NaN
NaN
76.0
NaN
NaN
NaN
NaN
46.0
NaN
NaN
0.0
NaN
NaN
0.0
0.0
0.0
0.0
0.0
0.0
0.0
0.0
0.0
0.0
140.0
0.0
0.0
140.0
0.0
119.0
0.0
0.0
0.0
0.0
0.0
0.0
0.0
0.0
163.0
0.0
0.0
0.0
0.0
0.0
0.0
0.0
0.0
0.0
0.0
0.0
0.0
0.0
0.0
0.0
254.0
0.0
0.0
0.0
0.0
0.0
0.0
0.0
0.0
0.0
0.0
0.0
0.0
0.0
64.0
0.0
0.0
0.0
0.0
0.0
0.0
0.0
0.0
254.0
0.0
0.0
0.0
0.0
0.0
0.0
0.0
0.0
0.0
0.0
0.0
0.0
0.0
0.0
0.0
0.0
0.0
0.0
0.0
0.0
0.0
0.0
0.0
0.0
0.0
0.0
0.0
0.0
0.0
0.0
0.0
0.0
0.0
0.0
0.0
0.0
0.0
0.0
64.0
0.0
0.0
0.0
13.0
25.0
25.0
0.0
0.0
0.0
0.0
0.0
0.0
0.0
0.0
0.0
13.0
0.0
0.0
0.0
0.0
0.0
0.0
0.0
0.0
0.0
0.0
0.0
0.0
0.0
0.0
0.0
0.0
0.0
0.0
0.0
0.0
0.0
0.0
127.0
0.0
0.0
0.0
0.0
76.0
0.0
0.0
0.0
38.0
25.0
0.0
0.0
0.0
0.0
0.0
0.0
0.0
0.0
0.0
0.0
0.0
0.0
0.0
0.0
0.0
0.0
0.0
0.0
0.0
0.0
0.0
0.0
0.0
0.0
0.0
0.0
0.0
0.0
25.0
0.0
0.0
0.0
0.0
0.0
0.0
0.0
0.0
0.0
64.0
0.0
0.0
0.0
51.0
0.0
0.0
0.0
0.0
0.0
0.0
0.0
0.0
0.0
23.0
0.0
0.0
64.0
0.0
0.0
0.0
0.0
NaN
NaN
NaN
NaN
NaN
NaN
NaN
0.0
NaN
NaN
NaN
NaN
NaN
NaN
NaN
0.0
NaN
NaN
NaN
NaN
NaN
NaN
NaN
0.0
NaN
NaN
NaN
0.0
NaN
NaN
0.0
NaN
NaN
0.0
13.0
NaN
NaN
NaN
NaN
NaN
NaN
NaN
NaN
254.0
157.0
NaN
NaN
NaN
0.0
NaN
127.0
295.0
71.0
102.0
NaN
NaN
NaN
NaN
NaN
NaN
414.0
0.0
0.0
147.0
0.0
0.0
320.0
363.0
0.0
0.0
0.0
46.0
0.0
0.0
0.0
91.0
0.0
0.0
0.0
0.0
66.0
0.0
0.0
0.0
0.0
0.0
0.0
0.0
300.0
130.0
36.0
178.0
178.0
71.0
0.0
0.0
140.0
533.0
0.0
330.0
267.0
0.0
0.0
0.0
173.0
0.0
0.0
0.0
267.0
36.0
0.0
0.0
13.0
0.0
0.0
0.0
150.0
0.0
5.0
0.0
0.0
0.0
0.0
0.0
0.0
0.0
0.0
0.0
0.0
0.0
0.0
18.0
0.0
0.0
0.0
0.0
25.0
0.0
0.0
0.0
51.0
0.0
0.0
71.0
30.0
51.0
0.0
102.0
152.0
0.0
0.0
81.0
432.0
0.0
0.0
0.0
0.0
274.0
0.0
0.0
0.0
0.0
0.0
0.0
0.0
0.0
0.0
0.0
0.0
5.0
0.0
0.0
0.0
13.0
173.0
323.0
610.0
0.0
0.0
0.0
0.0
0.0
272.0
0.0
0.0
0.0
457.0
36.0
0.0
0.0
0.0
0.0
0.0
0.0
546.0
0.0
0.0
0.0
0.0
0.0
0.0
0.0
0.0
0.0
0.0
0.0
0.0
0.0
0.0
0.0
0.0
0.0
0.0
114.0
102.0
0.0
0.0
13.0
0.0
0.0
0.0
0.0
0.0
0.0
0.0
66.0
249.0
0.0
25.0
0.0
0.0
0.0
0.0
0.0
0.0
0.0
0.0
91.0
0.0
0.0
0.0
0.0
5.0
0.0
0.0
30.0
25.0
13.0
0.0
0.0
0.0
0.0
0.0
0.0
0.0
0.0
38.0
13.0
76.0
0.0
0.0
0.0
0.0
25.0
0.0
0.0
0.0
0.0
0.0
0.0
0.0
0.0
0.0
0.0
0.0
0.0
0.0
0.0
0.0
0.0
0.0
0.0
0.0
0.0
0.0
0.0
0.0
0.0
0.0
0.0
0.0
0.0
0.0
0.0
0.0
0.0
0.0
0.0
5.0
0.0
0.0
0.0
0.0
0.0
0.0
0.0
0.0
0.0
13.0
38.0
0.0
0.0
25.0
0.0
0.0
0.0
0.0
0.0
0.0
25.0
25.0
0.0
0.0
0.0
0.0
0.0
0.0
0.0
0.0
0.0
0.0
0.0
119.0
0.0
0.0
0.0
0.0
0.0
25.0
38.0
0.0
0.0
0.0
0.0
0.0
0.0
0.0
0.0
0.0
0.0
0.0
0.0
0.0
0.0
0.0
NaN
112.0
0.0
0.0
0.0
0.0
0.0
0.0
0.0
0.0
0.0
0.0
0.0
0.0
0.0
0.0
0.0
0.0
0.0
76.0
0.0
0.0
0.0
0.0
0.0
0.0
0.0
0.0
89.0
13.0
51.0
0.0
0.0
0.0
0.0
0.0
0.0
0.0
102.0
58.0
0.0
0.0
0.0
0.0
0.0
0.0
0.0
0.0
86.0
0.0
20.0
673.0
15.0
10.0
18.0
0.0
89.0
0.0
56.0
0.0
241.0
140.0
254.0
0.0
178.0
254.0
325.0
0.0
254.0
254.0
549.0
208.0
51.0
168.0
43.0
0.0
43.0
0.0
0.0
36.0
0.0
0.0
0.0
0.0
0.0
0.0
0.0
0.0
0.0
211.0
0.0
0.0
170.0
0.0
0.0
203.0
53.0
0.0
0.0
0.0
0.0
0.0
0.0
0.0
284.0
0.0
0.0
0.0
0.0
0.0
0.0
0.0
0.0
0.0
0.0
0.0
0.0
58.0
0.0
0.0
0.0
0.0
0.0
0.0
0.0
0.0
0.0
0.0
0.0
25.0
0.0
0.0
406.0
0.0
0.0
0.0
0.0
0.0
0.0
107.0
0.0
38.0
0.0
71.0
330.0
0.0
277.0
0.0
0.0
0.0
0.0
0.0
0.0
0.0
0.0
0.0
338.0
0.0
185.0
0.0
0.0
0.0
0.0
0.0
0.0
0.0
0.0
0.0
0.0
0.0
0.0
572.0
81.0
0.0
0.0
241.0
737.0
66.0
0.0
0.0
0.0
0.0
0.0
0.0
0.0
0.0
0.0
0.0
0.0
0.0
0.0
0.0
249.0
0.0
0.0
0.0
0.0
0.0
0.0
81.0
0.0
0.0
0.0
0.0
0.0
41.0
114.0
18.0
0.0
0.0
0.0
0.0
0.0
0.0
0.0
0.0
0.0
0.0
0.0
0.0
0.0
0.0
0.0
127.0
102.0
142.0
64.0
71.0
61.0
0.0
0.0
0.0
0.0
0.0
0.0
0.0
0.0
0.0
0.0
0.0
0.0
0.0
0.0
0.0
0.0
0.0
0.0
0.0
13.0
0.0
0.0
0.0
0.0
0.0
25.0
0.0
0.0
0.0
0.0
0.0
0.0
0.0
25.0
0.0
0.0
0.0
0.0
0.0
0.0
0.0
0.0
0.0
0.0
0.0
0.0
0.0
0.0
0.0
0.0
0.0
0.0
0.0
0.0
0.0
0.0
0.0
25.0
0.0
20.0
0.0
0.0
0.0
0.0
0.0
0.0
0.0
0.0
0.0
0.0
0.0
0.0
0.0
0.0
0.0
254.0
0.0
0.0
0.0
13.0
5.0
0.0
0.0
0.0
0.0
38.0
97.0
0.0
0.0
0.0
0.0
0.0
0.0
0.0
0.0
13.0
0.0
0.0
0.0
0.0
0.0
0.0
0.0
0.0
0.0
0.0
0.0
0.0
0.0
0.0
0.0
0.0
0.0
0.0
0.0
0.0
0.0
0.0
0.0
0.0
0.0
0.0
0.0
0.0
0.0
61.0
0.0
0.0
NaN
94.0
0.0
0.0
0.0
0.0
0.0
0.0
0.0
0.0
0.0
15.0
432.0
0.0
0.0
0.0
0.0
28.0
25.0
0.0
0.0
0.0
0.0
79.0
0.0
0.0
0.0
58.0
0.0
0.0
0.0
0.0
0.0
0.0
0.0
0.0
0.0
0.0
241.0
0.0
107.0
0.0
178.0
295.0
81.0
0.0
0.0
0.0
0.0
0.0
0.0
0.0
0.0
0.0
20.0
0.0
127.0
0.0
0.0
0.0
0.0
241.0
0.0
0.0
160.0
8.0
0.0
0.0
0.0
0.0
0.0
0.0
0.0
178.0
0.0
0.0
0.0
165.0
221.0
0.0
0.0
0.0
0.0
218.0
76.0
279.0
41.0
71.0
23.0
13.0
10.0
0.0
0.0
163.0
0.0
0.0
0.0
0.0
267.0
244.0
279.0
38.0
0.0
0.0
0.0
0.0
246.0
0.0
0.0
0.0
0.0
0.0
0.0
0.0
0.0
0.0
0.0
25.0
0.0
251.0
0.0
0.0
0.0
0.0
0.0
0.0
23.0
0.0
0.0
356.0
0.0
114.0
0.0
0.0
0.0
0.0
0.0
0.0
0.0
462.0
0.0
0.0
0.0
0.0
0.0
0.0
0.0
0.0
0.0
0.0
0.0
0.0
69.0
0.0
122.0
0.0
0.0
0.0
0.0
0.0
0.0
0.0
0.0
0.0
0.0
196.0
0.0
0.0
0.0
0.0
25.0
0.0
0.0
0.0
0.0
13.0
0.0
0.0
0.0
0.0
0.0
0.0
25.0
0.0
0.0
0.0
0.0
48.0
0.0
0.0
0.0
0.0
0.0
0.0
0.0
0.0
0.0
25.0
13.0
0.0
0.0
0.0
0.0
0.0
0.0
0.0
0.0
0.0
0.0
0.0
0.0
0.0
0.0
102.0
25.0
0.0
0.0
0.0
0.0
0.0
0.0
0.0
0.0
0.0
0.0
109.0
0.0
0.0
0.0
0.0
0.0
0.0
13.0
13.0
25.0
0.0
51.0
0.0
0.0
51.0
0.0
127.0
0.0
0.0
25.0
38.0
0.0
0.0
0.0
0.0
0.0
0.0
0.0
0.0
0.0
0.0
0.0
0.0
0.0
0.0
0.0
0.0
0.0
0.0
0.0
0.0
0.0
0.0
0.0
0.0
0.0
0.0
0.0
0.0
0.0
0.0
0.0
0.0
157.0
51.0
46.0
0.0
0.0
0.0
114.0
0.0
0.0
0.0
0.0
33.0
0.0
0.0
0.0
0.0
18.0
33.0
0.0
0.0
0.0
0.0
0.0
0.0
38.0
112.0
0.0
41.0
0.0
0.0
0.0
0.0
0.0
0.0
69.0
33.0
0.0
0.0
10.0
216.0
20.0
0.0
76.0
0.0
0.0
0.0
0.0
0.0
0.0
0.0
0.0
0.0
0.0
38.0
38.0
0.0
0.0
0.0
132.0
178.0
0.0
25.0
0.0
0.0
0.0
0.0
0.0
0.0
0.0
13.0
0.0
130.0
216.0
20.0
0.0
0.0
0.0
0.0
0.0
0.0
0.0
0.0
0.0
0.0
0.0
0.0
0.0
0.0
0.0
0.0
0.0
97.0
262.0
0.0
38.0
99.0
0.0
0.0
0.0
0.0
0.0
0.0
0.0
0.0
0.0
58.0
0.0
0.0
114.0
76.0
102.0
NaN
NaN
NaN
0.0
NaN
NaN
NaN
NaN
114.0
NaN
NaN
NaN
NaN
NaN
203.0
NaN
NaN
38.0
NaN
NaN
140.0
46.0
NaN
NaN
NaN
NaN
0.0
0.0
0.0
0.0
0.0
127.0
0.0
0.0
0.0
0.0
0.0
0.0
107.0
0.0
0.0
0.0
0.0
254.0
0.0
0.0
0.0
137.0
0.0
13.0
0.0
0.0
56.0
0.0
0.0
0.0
0.0
0.0
0.0
0.0
0.0
0.0
356.0
0.0
0.0
0.0
28.0
0.0
0.0
41.0
127.0
234.0
978.0
203.0
0.0
79.0
0.0
0.0
0.0
0.0
0.0
0.0
0.0
0.0
0.0
0.0
0.0
23.0
0.0
0.0
0.0
0.0
0.0
0.0
0.0
0.0
178.0
0.0
0.0
0.0
25.0
0.0
0.0
0.0
173.0
36.0
0.0
0.0
0.0
0.0
114.0
0.0
0.0
0.0
0.0
0.0
76.0
0.0
NaN
NaN
NaN
NaN
546.0
NaN
NaN
NaN
NaN
NaN
NaN
NaN
NaN
NaN
NaN
NaN
NaN
NaN
NaN
NaN
NaN
NaN
NaN
25.0
NaN
NaN
NaN
310.0
NaN
NaN
279.0
0.0
76.0
13.0
0.0
0.0
0.0
0.0
0.0
0.0
51.0
0.0
0.0
0.0
25.0
0.0
0.0
0.0
0.0
0.0
0.0
0.0
0.0
0.0
0.0
0.0
0.0
0.0
0.0
0.0
0.0
0.0
0.0
0.0
0.0
0.0
0.0
0.0
0.0
0.0
0.0
0.0
0.0
254.0
0.0
0.0
0.0
0.0
0.0
0.0
114.0
0.0
0.0
0.0
0.0
140.0
13.0
NaN
0.0
0.0
0.0
13.0
0.0
0.0
127.0
165.0
0.0
0.0
0.0
51.0
0.0
25.0
0.0
0.0
0.0
0.0
0.0
25.0
0.0
0.0
0.0
0.0
0.0
0.0
64.0
0.0
0.0
0.0
0.0
0.0
0.0
0.0
0.0
46.0
114.0
0.0
0.0
356.0
0.0
0.0
53.0
0.0
305.0
0.0
0.0
0.0
0.0
0.0
0.0
0.0
0.0
0.0
0.0
0.0
0.0
0.0
0.0
178.0
0.0
0.0
0.0
0.0
0.0
0.0
43.0
0.0
69.0
0.0
0.0
0.0
0.0
0.0
0.0
0.0
0.0
0.0
0.0
0.0
0.0
0.0
0.0
0.0
0.0
0.0
56.0
0.0
0.0
0.0
0.0
15.0
0.0
0.0
0.0
0.0
13.0
0.0
0.0
36.0
0.0
0.0
0.0
0.0
0.0
0.0
0.0
0.0
0.0
333.0
307.0
0.0
0.0
0.0
0.0
0.0
0.0
0.0
0.0
0.0
0.0
0.0
295.0
99.0
91.0
0.0
0.0
0.0
0.0
0.0
0.0
0.0
0.0
0.0
0.0
0.0
0.0
0.0
0.0
287.0
0.0
0.0
0.0
0.0
0.0
0.0
0.0
0.0
0.0
0.0
0.0
0.0
0.0
0.0
0.0
0.0
0.0
0.0
56.0
0.0
0.0
58.0
0.0
0.0
0.0
0.0
0.0
0.0
0.0
0.0
0.0
0.0
0.0
0.0
0.0
0.0
660.0
0.0
0.0
0.0
0.0
0.0
0.0
203.0
0.0
0.0
0.0
0.0
0.0
0.0
0.0
0.0
0.0
0.0
0.0
0.0
1118.0
0.0
711.0
0.0
0.0
193.0
206.0
0.0
0.0
0.0
0.0
0.0
0.0
0.0
0.0
0.0
0.0
0.0
0.0
0.0
0.0
0.0
0.0
0.0
0.0
0.0
0.0
0.0
0.0
0.0
0.0
0.0
0.0
0.0
0.0
0.0
0.0
0.0
0.0
0.0
368.0
102.0
0.0
0.0
0.0
0.0
0.0
0.0
0.0
0.0
0.0
0.0
0.0
0.0
0.0
0.0
0.0
0.0
0.0
0.0
0.0
0.0
0.0
25.0
0.0
0.0
0.0
0.0
25.0
51.0
25.0
0.0
0.0
0.0
381.0
0.0
0.0
0.0
51.0
0.0
0.0
0.0
0.0
0.0
25.0
NaN
0.0
0.0
0.0
0.0
0.0
0.0
0.0
0.0
0.0
0.0
0.0
0.0
0.0
0.0
0.0
0.0
0.0
0.0
0.0
0.0
0.0
0.0
51.0
0.0
0.0
0.0
127.0
0.0
0.0
0.0
0.0
0.0
0.0
0.0
0.0
0.0
0.0
0.0
0.0
13.0
25.0
13.0
0.0
127.0
0.0
0.0
0.0
0.0
0.0
0.0
0.0
13.0
0.0
0.0
0.0
0.0
0.0
0.0
NaN
51.0
25.0
51.0
0.0
0.0
0.0
0.0
0.0
0.0
0.0
0.0
0.0
0.0
0.0
0.0
0.0
0.0
51.0
0.0
0.0
0.0
0.0
0.0
0.0
127.0
0.0
0.0
0.0
0.0
0.0
0.0
127.0
0.0
0.0
0.0
64.0
0.0
0.0
0.0
0.0
0.0
0.0
13.0
38.0
0.0
0.0
0.0
0.0
0.0
0.0
0.0
0.0
0.0
25.0
102.0
0.0
0.0
51.0
0.0
0.0
0.0
0.0
0.0
0.0
0.0
0.0
0.0
0.0
559.0
0.0
0.0
0.0
64.0
0.0
0.0
0.0
0.0
0.0
0.0
0.0
0.0
0.0
0.0
25.0
0.0
165.0
0.0
0.0
0.0
0.0
0.0
572.0
0.0
0.0
203.0
0.0
0.0
0.0
0.0
0.0
0.0
0.0
0.0
0.0
381.0
0.0
191.0
0.0
0.0
127.0
0.0
0.0
0.0
0.0
0.0
0.0
0.0
0.0
0.0
0.0
0.0
254.0
0.0
0.0
0.0
229.0
0.0
0.0
64.0
0.0
1270.0
0.0
0.0
381.0
0.0
0.0
0.0
0.0
0.0
0.0
0.0
0.0
0.0
152.0
0.0
572.0
0.0
0.0
0.0
0.0
0.0
254.0
0.0
0.0
318.0
0.0
0.0
0.0
0.0
0.0
0.0
318.0
0.0
0.0
0.0
0.0
30.0
0.0
0.0
0.0
0.0
0.0
0.0
0.0
508.0
0.0
0.0
0.0
