46.0
506.0
343.0
1119.0
1004.0
389.0
169.0
252.0
476.0
119.0
524.0
20.0
109.0
124.0
201.0
1011.0
357.0
548.0
721.0
483.0
0.0
346.0
561.0
122.0
0.0
0.0
516.0
206.0
673.0
676.0
540.0
815.0
124.0
158.0
77.0
43.0
152.0
201.0
152.0
564.0
1745.0
960.0
175.0
423.0
391.0
135.0
195.0
107.0
70.0
NaN
46.0
318.0
577.0
625.0
854.0
247.0
13.0
30.0
432.0
106.0
18.0
0.0
290.0
703.0
1178.0
1147.0
1184.0
351.0
137.0
366.0
82.0
74.0
15.0
183.0
346.0
606.0
566.0
1402.0
1457.0
676.0
376.0
140.0
60.0
222.0
91.0
92.0
507.0
155.0
1126.0
709.0
72.0
240.0
453.0
474.0
53.0
81.0
315.0
381.0
217.0
692.0
1098.0
409.0
57.0
451.0
275.0
248.0
76.0
91.0
0.0
94.0
422.0
409.0
1381.0
355.0
1753.0
89.0
645.0
64.0
86.0
39.0
53.0
124.0
89.0
64.0
1207.0
1750.0
692.0
285.0
102.0
328.0
74.0
150.0
342.0
173.0
287.0
201.0
552.0
762.0
289.0
199.0
716.0
476.0
56.0
31.0
0.0
80.0
112.0
655.0
290.0
662.0
122.0
50.0
86.0
54.0
82.0
25.0
116.0
162.0
46.0
338.0
784.0
1907.0
1492.0
226.0
1028.0
495.0
71.0
287.0
180.0
68.0
358.0
525.0
28.0
975.0
853.0
503.0
475.0
84.0
74.0
33.0
36.0
16.0
68.0
290.0
1074.0
1919.0
603.0
89.0
76.0
180.0
114.0
374.0
5.0
43.0
56.0
477.0
1360.0
285.0
679.0
2458.0
30.0
150.0
128.0
119.0
109.0
92.0
60.0
130.0
1956.0
1245.0
587.0
250.0
239.0
1044.0
145.0
54.0
63.0
8.0
121.0
623.0
471.0
949.0
519.0
56.0
94.0
180.0
94.0
86.0
68.0
267.0
160.0
886.0
1138.0
625.0
830.0
221.0
402.0
300.0
69.0
76.0
97.0
5.0
74.0
761.0
731.0
1943.0
870.0
210.0
622.0
188.0
760.0
91.0
269.0
46.0
843.0
767.0
398.0
275.0
802.0
129.0
1354.0
246.0
142.0
147.0
91.0
153.0
193.0
530.0
307.0
666.0
369.0
452.0
155.0
66.0
91.0
51.0
33.0
44.0
236.0
287.0
1551.0
691.0
612.0
362.0
104.0
89.0
274.0
132.0
216.0
49.0
69.0
734.0
581.0
541.0
580.0
418.0
132.0
156.0
33.0
0.0
43.0
10.0
386.0
1247.0
765.0
495.0
391.0
686.0
99.0
23.0
198.0
38.0
92.0
294.0
83.0
540.0
872.0
180.0
934.0
427.0
53.0
259.0
81.0
206.0
99.0
0.0
747.0
282.0
633.0
933.0
1220.0
325.0
NaN
345.0
463.0
36.0
119.0
137.0
688.0
521.0
620.0
782.0
242.0
475.0
71.0
214.0
66.0
0.0
67.0
13.0
475.0
708.0
1554.0
322.0
959.0
759.0
86.0
330.0
206.0
41.0
20.0
26.0
259.0
140.0
743.0
1047.0
1214.0
575.0
319.0
135.0
374.0
196.0
18.0
0.0
1022.0
445.0
773.0
1240.0
437.0
521.0
66.0
196.0
380.0
146.0
66.0
173.0
140.0
846.0
678.0
374.0
303.0
214.0
44.0
291.0
58.0
302.0
71.0
0.0
89.0
523.0
684.0
396.0
884.0
749.0
919.0
133.0
250.0
251.0
0.0
285.0
136.0
988.0
672.0
781.0
397.0
554.0
272.0
331.0
82.0
84.0
5.0
485.0
379.0
145.0
1717.0
644.0
681.0
926.0
223.0
89.0
342.0
337.0
254.0
13.0
223.0
248.0
2034.0
260.0
882.0
852.0
360.0
0.0
10.0
NaN
72.0
235.0
132.0
46.0
707.0
78.0
495.0
578.0
581.0
64.0
38.0
109.0
196.0
26.0
397.0
336.0
897.0
174.0
736.0
271.0
440.0
277.0
395.0
24.0
82.0
89.0
435.0
68.0
968.0
1183.0
214.0
210.0
273.0
262.0
270.0
0.0
188.0
385.0
809.0
112.0
308.0
1723.0
927.0
1154.0
127.0
158.0
180.0
59.0
84.0
280.0
299.0
577.0
671.0
909.0
1157.0
665.0
627.0
443.0
282.0
66.0
203.0
103.0
33.0
187.0
373.0
373.0
986.0
177.0
366.0
1408.0
190.0
208.0
35.0
41.0
231.0
639.0
1267.0
1643.0
1033.0
328.0
369.0
243.0
66.0
25.0
101.0
0.0
130.0
360.0
982.0
431.0
1271.0
713.0
1133.0
155.0
119.0
28.0
73.0
61.0
53.0
137.0
563.0
NaN
810.0
NaN
576.0
693.0
0.0
178.0
0.0
125.0
198.0
170.0
1106.0
1625.0
559.0
728.0
159.0
655.0
371.0
175.0
10.0
16.0
28.0
967.0
661.0
425.0
551.0
643.0
302.0
0.0
76.0
48.0
115.0
109.0
819.0
833.0
384.0
207.0
692.0
373.0
592.0
356.0
224.0
49.0
188.0
NaN
89.0
586.0
689.0
389.0
952.0
305.0
970.0
293.0
266.0
0.0
41.0
30.0
154.0
313.0
176.0
353.0
390.0
924.0
188.0
686.0
38.0
0.0
56.0
156.0
544.0
509.0
605.0
913.0
688.0
596.0
293.0
38.0
78.0
91.0
43.0
76.0
249.0
739.0
390.0
752.0
622.0
522.0
714.0
513.0
203.0
25.0
61.0
41.0
165.0
718.0
534.0
1875.0
591.0
1110.0
10.0
688.0
97.0
34.0
239.0
92.0
272.0
209.0
156.0
779.0
434.0
336.0
444.0
226.0
0.0
775.0
155.0
61.0
495.0
808.0
932.0
591.0
719.0
438.0
370.0
221.0
28.0
255.0
0.0
39.0
88.0
592.0
779.0
812.0
937.0
706.0
610.0
452.0
127.0
46.0
99.0
109.0
119.0
1006.0
856.0
2281.0
831.0
666.0
591.0
591.0
31.0
129.0
5.0
236.0
613.0
937.0
579.0
1233.0
820.0
623.0
10.0
219.0
127.0
74.0
NaN
NaN
NaN
NaN
NaN
NaN
NaN
NaN
NaN
NaN
NaN
NaN
NaN
NaN
NaN
NaN
NaN
427.0
195.0
336.0
75.0
183.0
43.0
79.0
40.0
190.0
229.0
428.0
915.0
417.0
425.0
237.0
673.0
297.0
21.0
33.0
130.0
221.0
172.0
130.0
859.0
1188.0
465.0
825.0
523.0
228.0
148.0
260.0
78.0
242.0
13.0
877.0
1714.0
727.0
881.0
366.0
30.0
310.0
286.0
239.0
41.0
173.0
248.0
1181.0
941.0
394.0
790.0
259.0
117.0
262.0
91.0
82.0
170.0
117.0
449.0
430.0
840.0
288.0
789.0
922.0
