30.3
20.8633333333
17.7966666667
8.91379310345
3.95806451613
0.325806451613
6.40714285714
7.44193548387
17.6666666667
22.1741935484
24.1733333333
28.2612903226
30.3548387097
NaN
19.7612903226
12.8566666667
6.83548387097
-2.31290322581
8.98928571429
9.66451612903
15.7666666667
23.5161290323
27.15
32.164516129
30.6
26.9633333333
23.1677419355
12.7
3.65483870968
5.37096774194
2.76551724138
5.38387096774
13.67
21.8774193548
25.3666666667
NaN
28.4193548387
24.63
20.1935483871
10.3068965517
4.21935483871
7.63870967742
4.62142857143
2.13225806452
17.1166666667
20.0193548387
23.5766666667
28.8580645161
28.4806451613
18.1933333333
20.3806451613
13.35
6.77419354839
2.10967741935
2.12857142857
11.8064516129
13.2766666667
23.5612903226
26.0566666667
32.9419354839
27.9967741935
24.2633333333
17.4483870968
11.3
4.72580645161
6.09677419355
7.1
12.6290322581
16.2233333333
15.9806451613
21.6133333333
28.8290322581
29.0387096774
23.6866666667
19.5
9.03
0.529032258065
4.8935483871
7.13793103448
12.0419354839
11.9833333333
17.4387096774
25.7633333333
29.4258064516
27.1225806452
23.3766666667
18.6225806452
8.98333333333
3.8
4.10967741935
6.57142857143
4.86129032258
17.3133333333
21.735483871
21.8166666667
30.8258064516
32.0064516129
26.4633333333
9.15483870968
9.97666666667
6.58387096774
3.78709677419
9.48571428571
5.27096774194
10.81
21.9322580645
25.1233333333
29.8129032258
30.9483870968
22.2833333333
14.0903225806
10.1206896552
6.26774193548
4.40322580645
3.56071428571
7.36774193548
14.7866666667
18.0064516129
27.1333333333
27.5677419355
30.5903225806
20.9533333333
15.7580645161
10.12
5.93
2.67096774194
7.96551724138
14.16
14.27
19.6612903226
26.9
27.9161290323
28.1548387097
23.2466666667
16.5933333333
4.98333333333
0.487096774194
0.706451612903
4.83928571429
7.08064516129
10.97
19.3419354839
26.85
28.1709677419
30.5387096774
20.35
19.0677419355
8.45
4.25483870968
-0.306451612903
7.10714285714
10.0096774194
14.5733333333
21.8483870968
26.97
31.6322580645
27.5451612903
21.78
19.2064516129
10.0766666667
5.48387096774
3.81290322581
3.6962962963
7.32580645161
12.5466666667
18.5161290323
24.56
31.6161290323
29.7129032258
23.5066666667
19.2096774194
9.68333333333
7.03870967742
1.07419354839
8.58275862069
9.26451612903
15.57
19.8161290323
25.7066666667
31.2451612903
29.8193548387
24.0366666667
16.1935483871
9.30666666667
7.70322580645
0.577419354839
9.03928571429
8.19032258065
16.3033333333
22.8161290323
28.6433333333
30.0322580645
26.8870967742
26.31
18.7967741935
8.81666666667
5.14516129032
-1.37741935484
0.828571428571
10.5709677419
15.6866666667
18.1741935484
26.1633333333
30.2580645161
28.0612903226
26.2533333333
18.4419354839
7.43333333333
-0.5
-4.56774193548
4.825
9.52258064516
16.03
18.4064516129
25.62
30.2903225806
27.8935483871
27.1866666667
18.364516129
4.54
6.04193548387
0.629032258065
4.25172413793
7.26774193548
14.9266666667
19.3064516129
28.9466666667
32.4193548387
29.4967741935
26.1566666667
17.2322580645
11.03
10.464516129
8.67741935484
7.525
11.7387096774
19.3166666667
18.3193548387
27.97
30.2032258065
28.4709677419
26.02
17.4129032258
14.0966666667
7.50967741935
3.36666666667
6.65714285714
10.9
15.1466666667
19.735483871
22.8633333333
30.2064516129
29.7516129032
23.7633333333
14.735483871
6.04
3.47419354839
6.63548387097
9.63571428571
7.41290322581
10.8166666667
17.2806451613
23.5866666667
30.6032258065
31.7677419355
26.4366666667
18.9290322581
9.47666666667
-3.03225806452
3.55806451613
6.03103448276
8.11612903226
9.97333333333
22.4032258065
26.1366666667
29.9387096774
29.8258064516
21.85
14.2258064516
13.04
5.98387096774
1.32258064516
3.80714285714
12.1838709677
18.1033333333
23.5225806452
26.15
31.2387096774
29.735483871
21.8333333333
16.7516129032
3.54333333333
1.34516129032
8.71612903226
6.10357142857
15.2096774194
14.69
20.1935483871
27.6933333333
30.2483870968
29.0838709677
21.8366666667
16.0258064516
10.09
6.14838709677
6.05161290323
7.84642857143
8.02903225806
18.94
22.1870967742
27.8666666667
31.2032258065
28.15
24.3833333333
18.5129032258
11.2566666667
5.12903225806
-0.229032258065
4.99310344828
8.11935483871
16.4866666667
22.3838709677
30.11
31.1709677419
30.6258064516
24.65
18.4806451613
11.25
6.79032258065
9.15483870968
0.271428571429
10.235483871
17.2
21.7709677419
25.9266666667
32.7612903226
29.4258064516
23.7
18.1580645161
12.2133333333
3.5935483871
7.94193548387
6.47142857143
8.85483870968
15.6827586207
18.4387096774
28.4233333333
28.8
29.5774193548
26.67
18.2483870968
12.9333333333
2.12258064516
3.34838709677
12.0678571429
11.6193548387
15.01
20.8709677419
26.0566666667
30.1967741935
30.4516129032
25.0
18.1032258065
6.73666666667
8.54516129032
5.84838709677
11.2482758621
12.7774193548
18.9666666667
23.7483870968
25.3933333333
27.0096774194
26.9096774194
26.41
19.5516129032
6.44333333333
0.461290322581
0.658064516129
1.42592592593
9.96129032258
14.21
22.3129032258
24.37
27.8733333333
28.6193548387
21.61
15.7161290323
5.59333333333
4.64193548387
5.76774193548
5.30740740741
13.2419354839
16.4633333333
24.8032258065
29.4033333333
29.0709677419
31.1612903226
26.5433333333
16.8451612903
9.11333333333
7.43870967742
5.01666666667
9.28214285714
11.2064516129
13.2266666667
14.9870967742
24.1166666667
30.8032258065
32.8483870968
23.87
16.4516129032
12.15
7.14838709677
2.87419354839
8.3724137931
8.76129032258
16.89
19.3612903226
27.65
30.4161290323
30.3935483871
23.1166666667
18.4
9.29
7.48620689655
3.25161290323
5.5
13.4064516129
11.5066666667
20.9225806452
26.9666666667
30.6451612903
28.7322580645
25.5266666667
17.364516129
9.33103448276
3.53225806452
6.3935483871
7.40714285714
7.29032258065
14.7766666667
22.9064516129
24.22
30.6258064516
30.3392857143
29.2166666667
16.064516129
11.2433333333
5.98387096774
6.92580645161
11.2464285714
13.7258064516
12.5566666667
19.6129032258
26.19
31.9774193548
30.7677419355
23.1
20.164516129
16.8433333333
7.87419354839
6.55806451613
9.78965517241
11.36
16.91
22.8774193548
27.69
32.8806451613
33.7774193548
25.5833333333
17.835483871
4.03
3.78387096774
5.03548387097
3.57142857143
9.63870967742
15.175862069
20.3838709677
27.5733333333
33.39
32.3129032258
27.13
17.9419354839
14.3533333333
5.26129032258
5.94838709677
7.75714285714
6.06129032258
17.1466666667
21.2193548387
31.0366666667
34.3903225806
30.535483871
24.7166666667
13.3225806452
7.89333333333
8.07096774194
9.48387096774
3.23928571429
9.60322580645
17.21
20.6096774194
24.04
34.0580645161
32.7806451613
24.0266666667
NaN
8.09666666667
6.16451612903
7.34838709677
6.16551724138
13.3677419355
16.7666666667
22.6193548387
25.1233333333
29.6
28.3193548387
25.2633333333
17.5
9.15
6.77419354839
6.96451612903
9.025
11.4387096774
14.58
19.635483871
25.4133333333
32.935483871
28.6677419355
27.1333333333
18.8935483871
13.8033333333
4.62580645161
10.4548387097
4.14285714286
8.80967741935
18.7933333333
22.9387096774
29.7866666667
33.6032258065
29.9290322581
21.72
16.0935483871
12.0
6.51
-0.216129032258
3.93214285714
14.6580645161
14.0833333333
22.564516129
28.9666666667
33.48
32.5161290323
26.2733333333
19.8
12.7933333333
1.2
0.732258064516
4.88965517241
10.5967741935
14.71
19.4064516129
26.3966666667
33.4387096774
28.7451612903
24.2066666667
18.1290322581
13.5892857143
3.80967741935
6.1
8.71428571429
12.2258064516
12.3833333333
20.6096774194
24.4433333333
29.1870967742
29.3838709677
25.3833333333
10.3548387097
12.9066666667
-0.503225806452
5.06451612903
2.875
9.8064516129
15.53
18.1870967742
26.7433333333
30.6096774194
31.5741935484
27.87
20.264516129
8.61666666667
6.79677419355
3.58387096774
NaN
11.6774193548
14.1
NaN
NaN
32.1032258065
NaN
26.2866666667
NaN
10.9833333333
NaN
7.5935483871
3.73448275862
17.9741935484
19.7133333333
23.7838709677
32.1933333333
34.3451612903
32.2129032258
27.41
16.1516129032
14.1866666667
6.26774193548
5.3064516129
4.78214285714
10.5064516129
11.27
21.1709677419
28.4433333333
30.1064516129
32.0419354839
26.0
13.7838709677
10.6533333333
3.57096774194
5.49677419355
0.439285714286
10.2483870968
15.3366666667
19.3774193548
25.6133333333
30.5935483871
29.8838709677
25.6033333333
20.464516129
7.96
5.33548387097
6.32258064516
7.46428571429
14.6387096774
16.3133333333
16.0064516129
27.35
29.2225806452
29.6741935484
27.7266666667
19.1064516129
9.93
3.78064516129
3.03548387097
9.23793103448
13.0967741935
14.4666666667
18.3516129032
30.2066666667
31.6774193548
29.1870967742
25.5633333333
22.5032258065
15.2766666667
2.85666666667
2.41935483871
10.05
14.8032258065
15.6137931034
19.2806451613
27.9066666667
33.0225806452
29.0161290323
NaN
NaN
