NaN
14.6
2.65806451613
-3.15555555556
-6.55862068966
NaN
-3.69285714286
-4.43
9.21379310345
15.0419354839
17.85
19.8741935484
18.6903225806
11.0033333333
5.03225806452
-5.56
-3.18387096774
-9.24838709677
-7.59285714286
-3.55483870968
4.02666666667
8.14193548387
11.4066666667
18.4935483871
14.8806451613
12.4266666667
5.63870967742
-4.26666666667
-10.3266666667
-6.73548387097
-5.8
-2.56451612903
4.25333333333
9.74516129032
16.87
15.7193548387
16.8266666667
10.5533333333
1.74444444444
-7.33333333333
-10.8733333333
-10.9838709677
-15.2807692308
-7.72258064516
2.16
10.6483870968
15.3166666667
16.3193548387
17.1258064516
8.67
6.4064516129
-0.0733333333333
-9.44193548387
-7.05483870968
-13.2321428571
-4.05161290323
5.91
9.90967741935
14.32
17.3166666667
18.9612903226
11.8566666667
7.11379310345
-4.96
-6.57419354839
-9.05357142857
-11.32
-4.02857142857
4.20357142857
7.93548387097
14.9964285714
19.7766666667
15.6580645161
11.0851851852
3.7037037037
NaN
-10.4310344828
NaN
NaN
NaN
1.83103448276
11.2551724138
12.5642857143
16.2032258065
15.3566666667
7.14482758621
4.24333333333
-2.0275862069
-11.5344827586
-9.0064516129
-12.8678571429
-2.42666666667
2.65172413793
8.98333333333
10.7066666667
16.1580645161
13.2533333333
8.55333333333
3.17586206897
-2.575
NaN
-12.1068965517
-13.024
-4.03333333333
-0.286666666667
8.04193548387
12.1933333333
15.39
13.4193548387
11.22
4.76333333333
-3.51333333333
-9.41612903226
-16.0666666667
-15.9071428571
0.596666666667
2.18666666667
8.19677419355
15.06
14.4580645161
16.2612903226
12.4433333333
1.92666666667
-2.51
-9.32258064516
-7.7
-9.67857142857
-8.70967741935
5.28333333333
10.1290322581
13.2
14.8032258065
18.0741935484
13.35
4.82258064516
-1.23
-4.39032258065
-8.5935483871
-7.43571428571
1.6
0.903333333333
6.19666666667
14.99
18.335483871
17.8677419355
12.4266666667
5.50322580645
-1.56
-5.37333333333
-6.45806451613
-5.86551724138
-0.532258064516
5.63
10.1064516129
15.4034482759
17.8677419355
17.135483871
13.4233333333
5.46666666667
-1.25862068966
-5.52
-9.54444444444
-7.39615384615
-3.01666666667
1.98965517241
9.32580645161
16.35
18.9935483871
18.8903225806
12.5033333333
5.78387096774
1.66896551724
-14.2185185185
-9.17586206897
-9.01851851852
2.61666666667
5.24333333333
7.78333333333
15.2166666667
17.6193548387
16.3096774194
13.2266666667
6.49310344828
-2.79
-6.88571428571
-8.92222222222
-4.91153846154
-1.12666666667
2.81379310345
11.7933333333
17.6866666667
18.0266666667
16.1677419355
14.8533333333
5.10666666667
-5.84814814815
-6.50333333333
-15.6931034483
-7.45769230769
-7.33793103448
5.50666666667
11.0612903226
13.1066666667
18.1838709677
17.9419354839
11.2206896552
4.98387096774
-1.22
-6.67931034483
-11.1307692308
-11.2185185185
-5.09310344828
4.20357142857
10.0551724138
15.6866666667
19.3193548387
18.4322580645
12.7066666667
3.54516129032
2.94
-4.35517241379
-4.85
-11.4652173913
-3.47
3.41851851852
10.6806451613
17.8066666667
18.9580645161
17.3096774194
13.3333333333
7.35806451613
-1.44827586207
-14.375
-9.96
-3.59642857143
-5.66333333333
7.12333333333
8.35333333333
13.7566666667
16.0032258065
13.6870967742
13.1533333333
6.41935483871
-0.0533333333333
-6.21935483871
-11.5225806452
-8.8275862069
-1.59
2.72142857143
9.44193548387
13.01
18.8483870968
17.3064516129
10.7933333333
5.03666666667
-2.0
-12.1966666667
-9.73214285714
-11.6111111111
-3.77333333333
3.04482758621
7.03225806452
13.6
17.6258064516
13.8548387097
12.1482758621
0.689655172414
0.536666666667
-12.0571428571
-16.4464285714
-8.31923076923
0.558620689655
1.67666666667
12.9133333333
17.63
18.3774193548
19.7193548387
8.65517241379
9.45666666667
-0.659259259259
-3.37142857143
-6.07419354839
-6.524
-1.50666666667
4.22857142857
9.39
16.54
20.4129032258
17.4866666667
14.7482758621
4.51851851852
-2.78518518519
-9.87857142857
-7.47666666667
-5.15185185185
-2.34642857143
1.56
11.3709677419
16.7966666667
17.7838709677
15.4548387097
12.71
9.18571428571
-2.18214285714
-5.96666666667
-4.06206896552
-3.77037037037
0.362068965517
4.64642857143
11.7
17.98
19.1548387097
18.1225806452
15.2724137931
5.91
-2.63333333333
-7.01724137931
-10.8620689655
-9.43461538462
-2.03666666667
5.72
11.3806451613
16.8933333333
17.2161290323
17.5322580645
14.16
6.47419354839
0.465517241379
-7.83793103448
-5.81666666667
-9.82142857143
-6.23703703704
3.16666666667
8.79032258065
16.9666666667
19.2322580645
17.6967741935
13.83
5.05333333333
-0.755172413793
-4.08928571429
-14.5464285714
-5.16896551724
-3.69
4.21785714286
6.30322580645
15.31
16.4766666667
18.11
10.4166666667
9.35806451613
-1.36785714286
NaN
-10.7896551724
-4.35714285714
0.467741935484
8.34
9.24666666667
17.53
18.7741935484
17.6387096774
15.8703703704
2.36451612903
-2.24285714286
-6.70357142857
-6.66071428571
-2.325
-2.69666666667
2.73666666667
12.8258064516
14.8133333333
19.2064516129
18.5161290323
13.4296296296
7.25161290323
-2.64482758621
-6.93928571429
-7.17586206897
-3.91923076923
-0.289655172414
6.84285714286
10.6833333333
15.2633333333
17.6193548387
15.7166666667
14.2896551724
6.78666666667
-0.781481481481
-11.4230769231
-7.33793103448
-4.65185185185
0.0612903225806
2.63103448276
10.35
13.5
18.8096774194
18.364516129
11.0533333333
6.50714285714
-0.355555555556
-3.71071428571
-12.35
-11.6913043478
0.683333333333
6.18620689655
9.80967741935
15.0896551724
19.7903225806
18.7903225806
11.724137931
7.38064516129
-3.40666666667
-5.9
-15.4068965517
0.357142857143
-2.68
6.80666666667
10.3666666667
15.2366666667
20.4774193548
19.2870967742
14.5266666667
6.39666666667
0.341379310345
-4.81612903226
-5.01666666667
-2.68148148148
-2.53448275862
4.92666666667
8.68333333333
19.04
19.7
17.0225806452
17.0666666667
8.73666666667
0.875
-1.47931034483
-10.5961538462
-4.72592592593
-4.40333333333
6.70344827586
10.9
16.75
20.1935483871
18.0366666667
11.2482758621
4.15
-2.78620689655
-9.8037037037
-3.74333333333
-8.85555555556
-0.320689655172
4.74827586207
10.5096774194
19.2933333333
19.7967741935
17.5741935484
15.2925925926
5.27096774194
-0.228571428571
-4.4
-5.23225806452
-6.216
-2.58333333333
5.64482758621
13.5
19.2033333333
22.2774193548
19.6133333333
10.0535714286
8.49032258065
1.71538461538
-6.45
-7.56129032258
-3.43214285714
1.96
4.45
8.83103448276
14.7566666667
21.8322580645
19.1096774194
12.92
5.9
-1.74827586207
-5.25483870968
-12.3290322581
-16.1103448276
0.186666666667
3.20333333333
13.635483871
16.6733333333
21.8903225806
20.864516129
15.9321428571
5.52068965517
-2.26896551724
-4.16785714286
-15.9153846154
-7.2
-2.76428571429
5.02666666667
11.6322580645
16.2068965517
19.7580645161
21.2161290323
14.3
6.41935483871
-2.4
-7.56428571429
-7.68275862069
-6.688
2.4724137931
6.15
10.28
16.41
19.7870967742
20.27
14.25
9.96774193548
-2.59259259259
-5.70322580645
-3.66333333333
-10.1615384615
-0.768965517241
4.01428571429
12.9
17.11
20.735483871
17.2225806452
14.5833333333
6.34193548387
-1.25666666667
-3.95483870968
-17.6821428571
-6.39259259259
-0.824137931034
4.74482758621
9.03666666667
16.3066666667
20.5709677419
17.664516129
14.5266666667
9.49677419355
-3.14615384615
-3.91
-6.36551724138
-7.02608695652
-2.48620689655
6.42222222222
13.5967741935
17.0766666667
19.3322580645
19.1612903226
14.9103448276
8.01785714286
-0.711538461538
NaN
-7.83
-6.04444444444
-0.820689655172
6.35
9.79677419355
16.4333333333
18.9806451613
18.4612903226
11.6678571429
6.19677419355
-0.660714285714
-7.29259259259
NaN
-4.976
-4.78620689655
5.49333333333
9.02580645161
16.9666666667
19.1064516129
19.9483870968
11.2066666667
4.82258064516
-2.89655172414
-7.6
-4.94838709677
-5.67857142857
-4.33448275862
2.79285714286
13.0935483871
17.5
18.4709677419
18.8774193548
13.3466666667
6.23333333333
0.337037037037
-6.61
-5.94516129032
-5.12
2.18
3.98214285714
8.47586206897
13.0133333333
17.8419354839
18.9483870968
12.8689655172
5.92903225806
-1.13333333333
-10.1035714286
-6.65357142857
-3.76296296296
4.1724137931
7.72
7.72413793103
17.3172413793
18.864516129
17.8
12.7551724138
6.9962962963
0.293333333333
-4.18214285714
-7.06428571429
-8.72307692308
-2.62666666667
3.94642857143
9.01666666667
15.4033333333
18.1774193548
22.4935483871
15.0733333333
11.5966666667
-1.575
-5.35
-10.4214285714
-7.9625
-4.60689655172
8.20344827586
10.74
16.4666666667
19.5096774194
19.2677419355
14.8633333333
4.59032258065
-0.03
-6.20714285714
-11.5566666667
-8.692
-0.958064516129
5.35666666667
13.1935483871
17.97
20.464516129
17.9032258065
10.5566666667
8.20322580645
2.00333333333
-6.44137931034
-11.175862069
-6.06296296296
-2.60967741935
2.91333333333
10.8387096774
16.3333333333
16.9290322581
16.2838709677
12.0933333333
8.28064516129
-2.6
-7.92
-9.23793103448
NaN
-4.78333333333
3.38275862069
11.1870967742
13.78
17.8451612903
18.0709677419
10.8655172414
6.0935483871
-3.71
-8.51333333333
-8.78620689655
-2.80344827586
-3.85666666667
3.89
10.1290322581
19.3933333333
18.5935483871
17.3580645161
12.9166666667
2.99677419355
-1.61724137931
-7.56666666667
-7.25806451613
-4.60714285714
-0.196774193548
2.26
9.40322580645
18.07
NaN
17.2322580645
10.6333333333
5.96774193548
-0.47
-6.13666666667
-12.3483870968
-2.75714285714
-3.8
5.83333333333
8.36129032258
17.3466666667
20.2903225806
18.8193548387
14.1566666667
6.91290322581
-1.32666666667
-6.43548387097
-9.32580645161
-11.15
-4.41290322581
6.60666666667
11.2935483871
14.29
20.4709677419
18.3193548387
13.37
4.63548387097
-7.18
-10.4967741935
-11.8387096774
-9.92413793103
-4.27741935484
1.05333333333
11.4516129032
16.9266666667
18.1935483871
18.135483871
11.4433333333
7.38064516129
-2.84666666667
-6.29032258065
-13.6258064516
-6.82142857143
-2.23548387097
4.28333333333
10.0516129032
14.89
20.5032258065
18.4612903226
10.4866666667
5.89677419355
-2.36666666667
-5.4064516129
-9.21935483871
-10.8285714286
-3.85483870968
3.39666666667
11.3225806452
14.4366666667
17.3161290323
17.2741935484
13.4566666667
4.98064516129
-1.55666666667
NaN
-13.3290322581
-9.92142857143
-2.43
2.78
11.035483871
16.5366666667
16.13
20.5419354839
11.5033333333
2.84838709677
-7.27666666667
-4.80322580645
-11.064516129
-10.4172413793
-9.80322580645
5.11333333333
8.37419354839
14.224137931
16.6258064516
16.5322580645
11.7766666667
5.13548387097
-4.27666666667
-9.09666666667
-12.3677419355
-6.9
-1.8064516129
1.25357142857
8.56129032258
14.9666666667
17.2612903226
16.2161290323
9.16666666667
4.21290322581
-2.95172413793
-11.8290322581
-12.5967741935
-7.025
-5.98709677419
1.63333333333
13.64
15.34
17.1483870968
16.7032258065
10.5666666667
5.9
-1.90333333333
-8.10666666667
-15.2612903226
-7.35185185185
-1.30967741935
4.57
10.5161290323
17.8466666667
19.635483871
17.8516129032
14.3827586207
9.45806451613
-1.98333333333
-12.8838709677
-9.6
-8.46896551724
-6.4
3.62857142857
11.7866666667
14.2666666667
19.7677419355
15.2774193548
12.67
3.01290322581
-0.69
-9.54193548387
-10.7870967742
-12.5821428571
-8.51290322581
4.11
12.0967741935
15.45
18.3
16.5193548387
10.1466666667
4.90967741935
-1.92
-4.78709677419
-13.0033333333
-10.3178571429
-2.52903225806
1.48
7.36666666667
15.4633333333
20.4806451613
15.4225806452
10.9166666667
2.94666666667
-3.84333333333
-10.0548387097
-10.4903225806
-9.21785714286
-3.41071428571
4.00333333333
7.23225806452
14.26
16.0258064516
14.4290322581
10.0233333333
4.80967741935
-3.14666666667
-6.71333333333
-11.6
-8.71034482759
-2.59032258065
2.73666666667
6.81612903226
16.0
17.9
17.635483871
10.9433333333
5.86451612903
-2.52666666667
-9.96129032258
-11.8032258065
-8.82857142857
-5.8935483871
3.47666666667
10.57
12.2166666667
19.5322580645
17.6967741935
13.0266666667
3.18064516129
-2.23666666667
-8.15806451613
-13.1161290323
-8.74444444444
-5.18387096774
1.66
11.5290322581
15.2833333333
17.3066666667
18.4677419355
11.1666666667
4.18387096774
-3.54137931034
-7.76129032258
-13.2612903226
-10.7142857143
-4.79677419355
3.31666666667
7.5935483871
17.2033333333
15.6967741935
16.1096774194
10.7066666667
6.71290322581
-1.80333333333
-5.29032258065
-11.79
-9.96206896552
-2.35806451613
3.04
9.54
14.9066666667
17.3677419355
16.3967741935
12.54
3.09032258065
-2.15333333333
-11.164516129
-10.4806451613
-6.31428571429
1.00322580645
3.05
6.37741935484
14.5933333333
17.7612903226
17.91
12.6833333333
6.78064516129
-0.81
-8.65483870968
-13.1064516129
-6.35
-0.945161290323
4.53666666667
10.0161290323
13.0533333333
18.8774193548
15.1806451613
7.92333333333
5.71333333333
-1.90333333333
-7.88387096774
-9.04838709677
-10.175
-6.2064516129
2.56
9.81935483871
14.75
17.7935483871
18.7933333333
9.39333333333
3.30967741935
-1.38
-6.3064516129
-10.864516129
-4.72068965517
-2.84516129032
5.44
7.23870967742
13.4966666667
18.4677419355
16.1258064516
11.725
1.38064516129
-7.9
-11.8032258065
-15.9793103448
-7.94285714286
-0.625806451613
6.78
13.79
16.54
19.0483870968
16.3129032258
12.4233333333
4.25161290323
-2.09
-9.96774193548
-16.5064516129
-15.7107142857
-6.24838709677
4.76666666667
9.39333333333
15.1533333333
18.2870967742
16.4483870968
13.6466666667
2.9935483871
-2.29
-9.74516129032
-17.8258064516
-16.5285714286
-2.20322580645
2.46551724138
7.97096774194
14.0965517241
18.4033333333
17.0612903226
10.9103448276
3.6935483871
-3.73
-6.21935483871
-9.38387096774
-11.3413793103
-4.27419354839
3.29655172414
9.1
16.7586206897
19.6612903226
18.3516129032
11.1666666667
2.65483870968
-2.48620689655
-6.52903225806
-9.12258064516
-8.23571428571
-2.35161290323
7.07333333333
7.75483870968
16.02
19.4
16.0903225806
11.2533333333
4.70967741935
-1.03666666667
-6.85806451613
-15.9548387097
-10.5964285714
-3.11290322581
1.33103448276
11.2451612903
12.89
18.7129032258
17.835483871
12.1366666667
4.85483870968
-3.83333333333
-5.96451612903
-7.2935483871
-5.5962962963
-0.990322580645
1.70333333333
7.31290322581
14.5733333333
19.8096774194
21.0161290323
11.7703703704
6.92666666667
0.0766666666667
-17.7566666667
NaN
-3.8
-4.26071428571
2.91
8.36785714286
NaN
NaN
NaN
NaN
NaN
NaN
NaN
NaN
-12.2928571429
-1.36333333333
4.53666666667
10.6677419355
12.53
16.8387096774
15.1903225806
12.6724137931
5.00967741935
-5.50333333333
-13.2
-7.4935483871
-7.47142857143
-0.274193548387
4.32666666667
10.4096774194
16.76
18.9666666667
15.8966666667
14.6275862069
5.94
-4.94
-5.95483870968
-8.1
-3.66428571429
-1.3064516129
3.57931034483
12.5838709677
16.4333333333
19.0483870968
16.7580645161
11.3566666667
0.767741935484
0.58
-4.61290322581
-12.2548387097
-11.1678571429
-3.83548387097
1.56
11.635483871
16.7833333333
17.4096774194
17.0064516129
11.52
1.82258064516
-2.27333333333
-6.63870967742
-6.26
-15.4321428571
-4.03870967742
3.34333333333
8.11935483871
13.1633333333
18.5096774194
16.8032258065
10.6433333333
4.44666666667
-4.26666666667
-13.8419354839
-5.63870967742
-6.49285714286
-0.403225806452
2.67586206897
8.34516129032
16.2827586207
18.0806451613
17.4064516129
13.89
4.2935483871
0.153333333333
-10.0967741935
-12.8161290323
-4.64285714286
-1.72258064516
5.91
12.0161290323
18.12
18.5096774194
16.7129032258
11.7766666667
4.19677419355
-5.20666666667
-3.79677419355
-4.35483870968
-3.17586206897
-0.361290322581
2.51071428571
9.07741935484
13.4933333333
16.2387096774
14.8935483871
11.2733333333
5.14516129032
-2.18333333333
-6.59666666667
-11.7193548387
-9.69642857143
-2.72580645161
2.41333333333
10.0096774194
14.2633333333
18.6903225806
18.2483870968
8.79310344828
4.55161290323
-4.47333333333
-5.44193548387
-10.9612903226
-11.4607142857
-2.41935483871
3.06666666667
10.2838709677
17.2766666667
16.2266666667
16.4032258065
11.5266666667
6.11612903226
-0.358620689655
-5.93548387097
-9.56774193548
-5.43214285714
-1.46451612903
1.99333333333
7.37741935484
14.7966666667
18.1677419355
19.5733333333
10.8862068966
4.50322580645
-4.67333333333
-6.42666666667
-12.5766666667
-9.15862068966
-8.4064516129
1.23
10.5161290323
15.9766666667
17.2933333333
16.6129032258
10.38
5.46774193548
-3.64666666667
-9.56129032258
-12.6
-7.11071428571
-2.65806451613
0.88
5.8064516129
14.7966666667
18.1806451613
16.4709677419
12.6266666667
5.78064516129
-3.15
-5.68064516129
-7.4935483871
-2.15714285714
-4.27741935484
3.33448275862
11.67
14.17
20.035483871
17.8096774194
NaN
NaN
NaN
NaN
-8.85161290323
-2.48571428571
-2.20967741935
5.25333333333
10.0733333333
15.5
20.5516129032
17.3032258065
10.5933333333
3.35333333333
0.166666666667
-4.74838709677
-7.08387096774
-4.42413793103
0.109677419355
3.18275862069
11.1516129032
15.1103448276
18.4066666667
20.7166666667
12.56
7.75806451613
-4.74333333333
-13.7838709677
-8.22903225806
NaN
-3.66333333333
6.07333333333
11.3466666667
15.2
20.8838709677
18.3193548387
12.275
5.69677419355
3.26666666667
-4.96666666667
-6.81935483871
-7.0
-5.85483870968
4.74333333333
9.01666666667
18.52
20.5258064516
18.0
12.6862068966
3.15333333333
-2.15555555556
-6.05483870968
NaN
-7.768
-1.72068965517
4.85666666667
8.45806451613
14.4266666667
19.0
18.6677419355
9.57
5.54193548387
-1.95333333333
-4.73225806452
-10.2516129032
-9.47142857143
1.17741935484
4.28666666667
10.9290322581
14.5
17.0677419355
15.0
13.9633333333
6.62903225806
0.486666666667
-7.54827586207
-10.0774193548
-4.5
-2.02580645161
5.32
9.17741935484
17.4633333333
18.7258064516
17.5612903226
14.1066666667
5.9064516129
-0.91
-9.23666666667
-3.96451612903
-8.275
-2.15806451613
5.87
10.7032258065
16.17
19.1258064516
18.1225806452
10.0366666667
4.08709677419
-2.97
-5.60967741935
-9.6064516129
-9.76785714286
2.45161290323
3.23
12.1161290323
16.2133333333
19.6161290323
20.3290322581
12.4133333333
7.15161290323
-2.19
-9.10967741935
-10.2838709677
-9.04482758621
-3.21935483871
1.61428571429
9.02258064516
15.7766666667
18.3580645161
16.5451612903
11.8966666667
5.01290322581
-0.846666666667
-10.5709677419
-10.1451612903
-6.78928571429
NaN
1.32333333333
9.71290322581
15.5033333333
15.4870967742
14.9096774194
10.2066666667
2.25483870968
-0.556666666667
-12.3064516129
-11.6548387097
-9.75714285714
-0.71935483871
5.57333333333
9.3935483871
16.3566666667
18.8548387097
17.7870967742
12.3866666667
4.12258064516
-2.35
-9.61935483871
NaN
NaN
NaN
NaN
NaN
NaN
20.7096774194
17.4322580645
8.29333333333
3.25714285714
-3.38
-6.65483870968
-7.98387096774
-7.01379310345
4.01290322581
5.88333333333
11.2774193548
15.6133333333
19.7483870968
14.6290322581
7.98
2.81290322581
-2.66666666667
-7.86774193548
-9.64838709677
-8.03214285714
-5.93548387097
-0.683333333333
9.03225806452
14.6766666667
16.3870967742
17.3870967742
13.4033333333
4.12903225806
-4.33666666667
-11.3677419355
-12.635483871
-11.1857142857
-6.51935483871
2.32
8.85806451613
15.77
14.9161290323
16.8774193548
10.7266666667
4.38709677419
-6.07333333333
-4.61290322581
-10.5935483871
-12.2214285714
-3.26451612903
4.89666666667
9.37419354839
15.5933333333
17.7741935484
15.2709677419
15.4933333333
5.5935483871
1.18666666667
-4.14193548387
-9.17419354839
-4.42068965517
0.641935483871
5.22666666667
9.22903225806
17.4466666667
18.7774193548
17.4741935484
13.4833333333
6.11290322581
0.123333333333
-9.6935483871
-8.03225806452
-4.13703703704
-0.745161290323
3.86785714286
8.54516129032
15.7833333333
18.6032258065
14.0387096774
NaN
NaN
