-0.0695652173913
3.47419354839
9.73333333333
15.6903225806
24.14
NaN
NaN
NaN
NaN
NaN
NaN
NaN
NaN
NaN
NaN
NaN
NaN
NaN
NaN
NaN
NaN
NaN
NaN
NaN
NaN
NaN
NaN
NaN
NaN
NaN
NaN
NaN
NaN
NaN
NaN
NaN
NaN
NaN
NaN
NaN
NaN
NaN
NaN
NaN
NaN
NaN
NaN
NaN
NaN
NaN
NaN
NaN
NaN
NaN
NaN
NaN
NaN
NaN
NaN
NaN
NaN
NaN
NaN
NaN
NaN
NaN
NaN
NaN
NaN
NaN
NaN
NaN
NaN
NaN
NaN
NaN
NaN
NaN
NaN
NaN
NaN
NaN
NaN
NaN
NaN
NaN
NaN
NaN
NaN
NaN
NaN
NaN
NaN
NaN
NaN
NaN
NaN
NaN
NaN
NaN
NaN
NaN
NaN
NaN
NaN
NaN
NaN
NaN
NaN
NaN
NaN
NaN
NaN
NaN
NaN
NaN
NaN
NaN
0.41724137931
-1.26129032258
-0.978571428571
8.35
11.8275862069
20.7161290323
21.35
25.735483871
22.8290322581
NaN
15.5709677419
5.35666666667
-2.0
-4.43666666667
-6.78275862069
3.01379310345
10.0933333333
17.9666666667
23.4933333333
26.04
24.535483871
NaN
15.5193548387
10.35
-0.387096774194
-4.08709677419
-4.79642857143
4.80322580645
11.4666666667
18.2774193548
24.996
26.6516129032
26.5129032258
23.52
15.7516129032
7.16
2.66774193548
3.14516129032
-1.06785714286
1.7935483871
13.5
18.8655172414
24.9233333333
27.7612903226
28.9161290323
27.3566666667
15.8633333333
7.57666666667
1.07419354839
-2.15161290323
-2.59285714286
7.02903225806
8.28
15.9
NaN
26.5322580645
23.9580645161
19.2833333333
12.7862068966
6.17142857143
1.45333333333
0.829032258065
-1.13793103448
3.61935483871
11.6233333333
18.9096774194
23.5066666667
26.19
24.2103448276
24.91
15.4967741935
8.47
1.50344827586
0.836666666667
0.960714285714
2.6
9.78
17.5516129032
23.4566666667
24.6838709677
NaN
21.0103448276
12.6935483871
11.1466666667
-1.48275862069
-1.51935483871
-1.73214285714
9.69032258065
14.9333333333
15.17
23.7533333333
NaN
NaN
NaN
NaN
NaN
NaN
NaN
NaN
NaN
NaN
NaN
NaN
NaN
NaN
NaN
NaN
NaN
NaN
NaN
NaN
NaN
NaN
NaN
NaN
NaN
NaN
NaN
NaN
NaN
NaN
NaN
NaN
NaN
NaN
NaN
NaN
NaN
NaN
NaN
NaN
NaN
NaN
NaN
NaN
NaN
NaN
NaN
NaN
NaN
NaN
NaN
NaN
NaN
NaN
NaN
NaN
NaN
NaN
NaN
NaN
NaN
NaN
NaN
NaN
NaN
NaN
NaN
NaN
NaN
NaN
NaN
NaN
NaN
NaN
NaN
NaN
NaN
NaN
NaN
NaN
NaN
NaN
NaN
NaN
NaN
NaN
NaN
NaN
NaN
NaN
NaN
NaN
NaN
NaN
NaN
NaN
NaN
NaN
NaN
NaN
NaN
NaN
NaN
NaN
NaN
NaN
NaN
NaN
NaN
NaN
NaN
NaN
NaN
NaN
NaN
NaN
NaN
NaN
NaN
NaN
NaN
NaN
NaN
NaN
NaN
NaN
NaN
NaN
NaN
NaN
NaN
NaN
NaN
NaN
NaN
NaN
NaN
NaN
NaN
NaN
NaN
NaN
NaN
NaN
NaN
NaN
NaN
NaN
NaN
NaN
NaN
NaN
NaN
NaN
NaN
NaN
NaN
NaN
NaN
NaN
NaN
NaN
NaN
NaN
NaN
NaN
NaN
NaN
NaN
NaN
NaN
NaN
NaN
NaN
NaN
NaN
NaN
NaN
NaN
NaN
NaN
NaN
NaN
NaN
NaN
NaN
NaN
NaN
NaN
NaN
NaN
NaN
NaN
NaN
NaN
NaN
NaN
NaN
NaN
NaN
NaN
NaN
NaN
NaN
NaN
NaN
NaN
NaN
NaN
NaN
NaN
NaN
NaN
NaN
NaN
NaN
NaN
NaN
NaN
NaN
NaN
NaN
NaN
NaN
NaN
NaN
NaN
NaN
NaN
NaN
NaN
NaN
NaN
NaN
NaN
NaN
NaN
NaN
NaN
NaN
NaN
NaN
NaN
NaN
NaN
NaN
NaN
NaN
NaN
NaN
NaN
NaN
NaN
NaN
NaN
NaN
NaN
NaN
NaN
NaN
NaN
NaN
NaN
NaN
NaN
NaN
NaN
NaN
NaN
NaN
NaN
NaN
NaN
NaN
NaN
NaN
NaN
NaN
NaN
NaN
NaN
NaN
NaN
NaN
NaN
NaN
NaN
NaN
NaN
NaN
NaN
NaN
NaN
NaN
NaN
NaN
NaN
NaN
NaN
NaN
NaN
NaN
NaN
NaN
NaN
NaN
NaN
NaN
NaN
NaN
NaN
NaN
NaN
NaN
NaN
NaN
NaN
NaN
NaN
NaN
NaN
NaN
NaN
NaN
NaN
NaN
NaN
NaN
NaN
NaN
NaN
NaN
NaN
NaN
NaN
NaN
NaN
NaN
NaN
NaN
NaN
NaN
NaN
NaN
NaN
NaN
NaN
NaN
NaN
NaN
NaN
NaN
NaN
NaN
NaN
NaN
NaN
NaN
NaN
NaN
NaN
NaN
NaN
NaN
NaN
NaN
NaN
NaN
NaN
NaN
NaN
NaN
NaN
NaN
NaN
NaN
NaN
NaN
NaN
NaN
NaN
NaN
NaN
NaN
NaN
NaN
NaN
NaN
NaN
NaN
NaN
NaN
NaN
NaN
NaN
NaN
NaN
NaN
NaN
NaN
NaN
NaN
NaN
NaN
NaN
NaN
NaN
NaN
NaN
NaN
NaN
NaN
NaN
NaN
NaN
NaN
NaN
NaN
NaN
NaN
NaN
NaN
NaN
NaN
NaN
NaN
NaN
NaN
NaN
NaN
NaN
NaN
NaN
NaN
NaN
NaN
NaN
NaN
NaN
NaN
NaN
NaN
NaN
NaN
NaN
NaN
NaN
NaN
NaN
NaN
NaN
NaN
NaN
NaN
NaN
NaN
NaN
NaN
NaN
NaN
NaN
NaN
NaN
NaN
NaN
NaN
NaN
NaN
NaN
NaN
NaN
NaN
NaN
NaN
NaN
NaN
NaN
NaN
21.0516129032
24.26
25.7709677419
25.564516129
22.1066666667
19.4483870968
6.6
0.0451612903226
0.290322580645
1.54285714286
5.18387096774
11.4766666667
22.3806451613
24.3533333333
26.4870967742
25.0741935484
21.6166666667
16.7064516129
4.33666666667
2.36333333333
1.79677419355
3.07931034483
4.98709677419
15.5366666667
19.6548387097
26.3033333333
28.5419354839
26.7387096774
23.5413793103
14.1096774194
9.17586206897
3.58709677419
1.88387096774
2.692
6.9064516129
11.4233333333
20.6838709677
26.6966666667
28.7290322581
28.3290322581
23.692
19.8935483871
10.8933333333
4.15806451613
0.270967741935
5.38928571429
4.87096774194
14.9366666667
18.3548387097
26.2466666667
26.6806451613
25.8576923077
22.4633333333
16.4161290323
9.59666666667
2.22666666667
0.0193548387097
1.69642857143
5.98387096774
18.13
21.8258064516
25.0466666667
30.7
29.9064516129
NaN
17.564516129
6.48666666667
0.448387096774
0.917857142857
1.45172413793
3.54516129032
12.7833333333
17.9387096774
26.7766666667
25.5967741935
NaN
21.38
20.1225806452
9.59655172414
3.7
-1.77096774194
2.56071428571
7.7935483871
13.0666666667
18.9838709677
25.5517241379
27.8516129032
27.5
22.09
16.0142857143
8.50333333333
4.46129032258
1.30967741935
-0.7
6.86129032258
15.0433333333
20.4161290323
21.9766666667
26.1580645161
26.4677419355
21.9833333333
17.5322580645
9.38333333333
-1.07931034483
-2.73870967742
0.214285714286
5.09677419355
12.6133333333
22.0290322581
26.1566666667
27.2935483871
28.6419354839
23.8733333333
14.3548387097
4.90333333333
4.07741935484
0.678571428571
1.03214285714
2.70322580645
14.3833333333
19.4774193548
23.65
26.4548387097
26.5129032258
24.2566666667
17.0870967742
9.86
0.712903225806
-0.754838709677
4.46071428571
7.70322580645
10.5333333333
18.2419354839
24.24
26.6322580645
26.2709677419
23.83
16.6064516129
8.96
1.47741935484
-1.94516129032
-0.971428571429
6.07666666667
13.1933333333
22.4483870968
26.1066666667
26.0290322581
26.5
21.2333333333
16.9903225806
9.10666666667
1.28709677419
-4.71935483871
-2.63928571429
6.66774193548
14.5766666667
18.335483871
26.0533333333
27.6870967742
24.7580645161
22.2733333333
21.0225806452
11.0333333333
-0.593548387097
2.63548387097
2.30689655172
6.52258064516
14.7066666667
22.8064516129
25.6966666667
27.5225806452
25.6419354839
21.6666666667
15.1258064516
10.5166666667
1.15806451613
-0.658064516129
0.0357142857143
2.62903225806
12.45
21.8161290323
25.1766666667
25.9193548387
24.5322580645
21.67
15.92
8.48333333333
4.83870967742
-1.80322580645
1.46071428571
7.65161290323
12.3233333333
17.3387096774
25.39
28.7516129032
25.3451612903
22.3666666667
15.0903225806
8.11
1.67419354839
1.56129032258
-0.55
6.53225806452
13.9
17.2
25.7766666667
25.2516129032
24.5709677419
22.18
15.1967741935
5.55666666667
3.18709677419
-0.145161290323
0.220689655172
9.19032258065
15.7666666667
18.6774193548
24.5133333333
26.7774193548
26.9774193548
22.85
17.2290322581
7.74666666667
0.916129032258
-1.46129032258
2.57857142857
4.72903225806
15.11
20.2
21.24
26.8129032258
27.9322580645
22.5333333333
15.2862068966
7.44333333333
1.5
-2.43548387097
0.596428571429
4.79032258065
14.3733333333
20.5225806452
25.3766666667
27.2
26.7935483871
22.1266666667
17.9967741935
7.85
2.20322580645
-2.27741935484
0.044
4.28965517241
13.9233333333
20.6892857143
27.2466666667
26.5806451613
26.7677419355
24.5533333333
21.0129032258
9.86666666667
4.96774193548
0.0225806451613
0.489655172414
5.0935483871
13.13
23.2870967742
24.4566666667
26.635483871
25.8193548387
22.3166666667
14.0096774194
6.92
1.66451612903
2.10967741935
2.28214285714
12.1161290323
13.8733333333
18.1548387097
NaN
27.8064516129
27.6387096774
NaN
NaN
NaN
NaN
NaN
NaN
NaN
NaN
NaN
NaN
NaN
NaN
NaN
NaN
8.11
2.40322580645
0.793548387097
0.0464285714286
3.55666666667
9.58275862069
20.8451612903
23.5966666667
26.5612903226
25.4967741935
18.7366666667
16.78
10.0666666667
1.49032258065
-2.57741935484
2.91379310345
7.32903225806
14.0033333333
16.7032258065
25.7333333333
26.9290322581
25.3903225806
20.42
12.6903225806
4.36666666667
-2.07741935484
-6.16129032258
-1.01428571429
8.33225806452
15.0933333333
23.3870967742
22.4833333333
26.435483871
23.3870967742
20.1
13.8903225806
10.148
NaN
NaN
NaN
NaN
11.7866666667
18.7838709677
22.9066666667
24.1967741935
25.3580645161
22.2066666667
13.9903225806
7.91333333333
0.245161290323
-5.17741935484
-4.13928571429
5.91612903226
10.9366666667
18.6741935484
24.0066666667
26.0290322581
23.4612903226
21.8533333333
13.9129032258
7.47
3.61290322581
-1.01935483871
-1.53448275862
3.38709677419
11.71
20.2548387097
22.1633333333
26.235483871
25.9133333333
21.2066666667
12.4032258065
7.32333333333
0.341935483871
-1.87741935484
0.95
6.48709677419
14.4233333333
18.5677419355
22.91
26.5387096774
25.6677419355
19.81
13.164516129
8.53333333333
1.26774193548
-3.97777777778
-1.37857142857
3.37419354839
9.53448275862
22.6580645161
20.424137931
26.864516129
24.6586206897
20.325
16.2193548387
8.0724137931
5.74193548387
0.324137931034
2.55714285714
7.38064516129
10.8678571429
16.1724137931
25.1466666667
28.175862069
27.075
21.537037037
15.6774193548
8.46206896552
-3.42
-3.47096774194
4.03103448276
1.91333333333
13.5366666667
16.3
24.6620689655
25.8074074074
27.0483870968
NaN
16.6
8.57142857143
3.31935483871
-2.78
-1.38518518519
6.29
15.2464285714
20.5903225806
23.0153846154
26.3413793103
24.7066666667
21.76
15.1774193548
6.03448275862
-1.64516129032
-0.432258064516
NaN
6.89333333333
15.5137931034
20.5366666667
23.3827586207
26.8166666667
24.3741935484
21.2068965517
14.5903225806
5.98333333333
1.5935483871
0.325806451613
3.03571428571
8.69666666667
15.3933333333
21.5096774194
26.0724137931
28.0161290323
24.7612903226
21.075862069
11.9322580645
8.59666666667
2.34838709677
-1.88387096774
-2.0275862069
5.25161290323
13.0724137931
21.89
26.5551724138
28.0366666667
27.2709677419
21.2172413793
11.91
8.13
1.04137931034
2.6275862069
-2.95357142857
NaN
11.5233333333
18.7066666667
23.2666666667
27.7677419355
25.4161290323
20.5
15.6
6.42142857143
-3.65666666667
2.53333333333
1.63928571429
6.96
12.5620689655
16.85
23.0533333333
25.6888888889
24.4733333333
22.2206896552
14.5322580645
9.36666666667
2.71
-2.01
1.50357142857
7.46333333333
14.6633333333
22.1548387097
26.7275862069
26.3
26.0
20.7862068966
15.2966666667
5.14666666667
1.92333333333
-0.0161290322581
1.31851851852
4.86333333333
10.037037037
19.3548387097
20.8068965517
23.2548387097
23.0483870968
20.5607142857
13.564516129
5.29333333333
1.60322580645
-0.289655172414
-1.48571428571
4.27666666667
11.3266666667
18.76
22.4857142857
25.7633333333
25.9903225806
18.7566666667
13.2064516129
6.27333333333
1.35161290323
-5.6275862069
-2.97142857143
4.5935483871
12.6366666667
17.88
NaN
25.0870967742
23.24
22.5566666667
16.1466666667
9.61666666667
3.73666666667
-0.335483870968
-1.21739130435
8.35769230769
11.0928571429
18.2566666667
26.4310344828
28.2965517241
27.8741935484
20.7827586207
15.8419354839
4.00344827586
-0.960714285714
-1.53870967742
-1.21034482759
NaN
10.3933333333
17.1290322581
22.4733333333
23.5806451613
26.2
NaN
14.764516129
4.19666666667
1.24333333333
-1.71935483871
0.22962962963
4.26774193548
10.9703703704
15.3566666667
25.6888888889
25.7032258065
NaN
21.0379310345
15.5172413793
5.82666666667
2.23225806452
0.906451612903
5.35
6.03548387097
15.2033333333
23.23
22.9296296296
26.6709677419
NaN
23.6714285714
16.2965517241
9.35666666667
4.96774193548
-1.87741935484
4.28214285714
5.01612903226
14.9966666667
21.7516129032
NaN
NaN
24.1580645161
22.9266666667
15.2448275862
11.0966666667
2.63333333333
-0.416129032258
4.22068965517
10.2
12.1466666667
NaN
22.6862068966
25.4322580645
25.21
21.1733333333
16.8580645161
6.68
-3.10333333333
0.143333333333
0.133333333333
4.34137931034
14.6034482759
20.78
22.6148148148
28.437037037
27.2
20.5566666667
14.9290322581
12.0333333333
4.63870967742
3.18709677419
3.91481481481
4.11
NaN
15.7870967742
24.175862069
29.0068965517
27.0233333333
NaN
13.39
6.65384615385
2.67419354839
-2.70322580645
-1.32916666667
5.27931034483
NaN
18.4903225806
23.62
25.9967741935
27.8692307692
23.488
14.6516129032
NaN
3.36333333333
-3.40967741935
1.24137931034
7.33225806452
13.3133333333
19.3482758621
NaN
25.3870967742
24.0032258065
24.37
16.5161290323
8.77666666667
1.54516129032
-1.15483870968
NaN
5.12258064516
16.26
18.0677419355
NaN
27.4580645161
27.1903225806
NaN
16.33
8.94
-1.20322580645
3.75666666667
-0.0185185185185
6.42580645161
15.9
18.5322580645
24.2724137931
27.2387096774
27.1483870968
20.5
12.8806451613
8.72333333333
4.15483870968
1.05483870968
-3.78928571429
8.77666666667
11.7827586207
22.2129032258
25.93
25.4483870968
26.04
24.11
18.34
7.09
0.8
0.596774193548
-1.79285714286
3.32580645161
14.9793103448
17.5290322581
NaN
25.464516129
25.8433333333
22.5185185185
13.8903225806
6.50666666667
-0.616666666667
-3.40666666667
1.75185185185
6.67096774194
13.46
18.7483870968
23.48
23.264516129
23.7633333333
22.2066666667
12.2366666667
10.2033333333
0.390322580645
-1.03
1.37407407407
10.0935483871
16.1615384615
NaN
25.35
27.9032258065
NaN
21.1466666667
16.6709677419
10.1333333333
0.0483870967742
NaN
NaN
NaN
NaN
NaN
NaN
NaN
NaN
NaN
NaN
NaN
NaN
NaN
2.67931034483
14.0290322581
13.3
22.0451612903
26.0633333333
30.1193548387
25.7903225806
21.9066666667
14.5
7.94666666667
4.2064516129
0.845161290323
-0.996428571429
2.86333333333
10.7433333333
NaN
23.2833333333
26.0032258065
24.8741935484
22.2266666667
15.3290322581
6.37666666667
-1.53548387097
-4.34193548387
-4.34285714286
1.55806451613
12.2133333333
18.9214285714
24.72
23.8741935484
NaN
21.1266666667
13.3838709677
3.89333333333
1.99032258065
-1.91612903226
-5.47142857143
3.88709677419
13.8066666667
20.2677419355
22.9233333333
25.6612903226
24.7322580645
23.6833333333
15.0
11.02
6.57419354839
-0.535483870968
1.18275862069
7.65161290323
12.4333333333
19.7451612903
25.54
26.8290322581
26.8258064516
23.7766666667
16.5451612903
11.35
0.803225806452
0.825806451613
5.01071428571
5.38064516129
14.74
17.5612903226
24.15
25.7225806452
24.4612903226
