-19.3038461538
-18.3148148148
-10.5555555556
-0.896428571429
3.13870967742
12.9666666667
14.1266666667
12.1483870968
NaN
-0.616129032258
-7.98333333333
-15.0933333333
-20.4965517241
-18.6538461538
-4.94
2.05172413793
6.86
12.3586206897
14.064516129
12.9483870968
6.61379310345
0.409677419355
-9.57857142857
-10.61
-20.5071428571
-19.05
-10.3516129032
2.77
4.87096774194
9.05333333333
11.3258064516
9.37419354839
6.72
-3.3
-8.16206896552
-14.52
-15.1724137931
-12.375862069
-13.4733333333
1.40666666667
9.34838709677
11.0933333333
NaN
12.9806451613
6.21666666667
-0.703225806452
-13.5148148148
-9.93666666667
-18.9892857143
-16.3037037037
-12.0310344828
0.653333333333
5.21428571429
12.7379310345
15.6225806452
10.3387096774
NaN
2.44516129032
-7.49230769231
-14.19
-10.73
-11.75
-6.74482758621
-0.36
6.54516129032
12.94
13.4870967742
13.6774193548
NaN
NaN
NaN
-13.3548387097
-14.5233333333
-20.1307692308
-14.5724137931
0.57
7.07741935484
13.91
14.4741935484
15.0903225806
4.54
-0.212903225806
-2.55666666667
-14.6464285714
-11.0133333333
-17.8074074074
-8.83225806452
3.64666666667
9.35483870968
13.3933333333
15.335483871
20.4741935484
6.92
3.56451612903
-8.49666666667
-10.9233333333
-14.7296296296
NaN
NaN
1.62307692308
6.72413793103
12.1068965517
17.2
14.1275862069
8.29642857143
1.33214285714
-7.91153846154
NaN
NaN
-15.3260869565
NaN
NaN
7.53870967742
9.76071428571
14.9366666667
11.7466666667
5.26296296296
1.23
-4.73214285714
-18.3111111111
-16.07
-19.3541666667
NaN
-0.6
7.27586206897
10.6892857143
13.5103448276
13.3419354839
NaN
NaN
-7.096
-16.9153846154
-17.4074074074
NaN
-5.07142857143
-2.10384615385
7.06129032258
11.975
13.724137931
12.5827586207
6.74333333333
3.3
-4.80344827586
-13.4807692308
-18.7838709677
-18.7259259259
-2.94
0.39
4.81481481481
11.1269230769
14.8655172414
16.69
8.98333333333
0.354838709677
-4.38275862069
-10.3068965517
-11.2233333333
-13.3928571429
-11.4
2.01379310345
8.02258064516
11.1833333333
13.3064516129
14.7193548387
9.11333333333
0.806451612903
-6.27666666667
-11.3533333333
-19.2419354839
-11.3571428571
-4.46129032258
-3.2
2.9935483871
12.4466666667
NaN
14.3483870968
7.40333333333
0.587096774194
-4.2
NaN
-12.2793103448
-11.2703703704
-4.94482758621
2.28620689655
7.72258064516
13.6482758621
16.2870967742
12.2666666667
11.825
2.8
-3.44827586207
-11.0322580645
-14.09
-12.8392857143
-6.00322580645
-1.46
8.12258064516
14.1866666667
16.7225806452
17.7322580645
9.56
2.88387096774
-2.77857142857
-17.3035714286
-16.7709677419
-18.662962963
0.81
2.59
6.22580645161
12.9
15.2774193548
12.61
8.54
4.68709677419
NaN
NaN
-16.4419354839
-13.4892857143
-4.73548387097
1.13103448276
12.8517241379
17.8166666667
15.5
16.4678571429
9.96206896552
2.67419354839
-9.76896551724
-11.3566666667
-22.3161290323
-12.4142857143
-9.64516129032
2.09
NaN
NaN
NaN
NaN
NaN
NaN
NaN
-11.9903225806
NaN
-16.0678571429
-10.7387096774
1.48214285714
6.46774193548
11.1166666667
14.9548387097
15.6161290323
9.37931034483
-0.0733333333333
NaN
-9.60967741935
-11.0290322581
-17.6464285714
NaN
NaN
6.3935483871
12.1366666667
15.1064516129
13.7935483871
8.06333333333
2.3724137931
-6.21666666667
-16.235483871
NaN
-9.86785714286
-9.85806451613
5.00357142857
5.78275862069
9.50333333333
13.4548387097
11.6903225806
9.76
2.61935483871
-4.78666666667
-10.4161290323
-20.6172413793
-13.8111111111
-6.21935483871
0.34
5.85806451613
9.67666666667
19.1096774194
14.5387096774
7.04482758621
NaN
-6.55172413793
-17.0419354839
-16.425
NaN
NaN
NaN
NaN
10.7433333333
15.3935483871
12.0258064516
8.27333333333
-3.33548387097
-2.64827586207
-16.6793103448
-20.02
NaN
NaN
-1.82666666667
7.42258064516
12.4222222222
14.3774193548
15.22
4.78
NaN
NaN
NaN
-10.0193548387
-12.6148148148
-5.97096774194
1.32068965517
6.50967741935
15.97
17.0129032258
11.6290322581
9.08
-1.26666666667
NaN
NaN
-13.9870967742
-10.8346153846
-7.02258064516
-3.73333333333
6.84516129032
14.975862069
15.8333333333
12.7612903226
9.23333333333
NaN
-4.62142857143
NaN
NaN
-10.175
-3.85517241379
2.16666666667
8.87333333333
15.7066666667
16.435483871
15.2838709677
10.98
3.16774193548
-7.56551724138
-11.1827586207
-15.28
-18.7666666667
-4.98064516129
1.34482758621
9.0064516129
12.21
14.0451612903
15.7193548387
10.0933333333
1.98275862069
-3.64827586207
-13.6033333333
-11.2
-15.9928571429
-9.91333333333
-0.776666666667
6.87419354839
14.375
16.9032258065
13.9032258065
11.4888888889
1.89677419355
-3.57
-8.14193548387
-19.5448275862
-11.5392857143
-5.97666666667
0.93
2.88709677419
10.4866666667
10.2935483871
11.3290322581
8.16333333333
6.17096774194
-5.24
-16.5032258065
-16.6
-9.08214285714
-3.29310344828
5.27666666667
4.81935483871
13.2566666667
14.6258064516
14.9966666667
11.7655172414
-3.1
-5.94333333333
-11.5870967742
-13.764516129
-6.51153846154
-6.83225806452
-1.04666666667
10.2387096774
11.87
15.5806451613
14.65
9.33103448276
2.5064516129
-7.49333333333
-12.8548387097
-12.7129032258
-9.22857142857
-4.22258064516
2.00333333333
6.58709677419
11.56
13.0967741935
13.2612903226
10.94
3.18709677419
-6.98
-19.6137931034
-12.2741935484
-9.1
-4.65666666667
-3.03
7.83548387097
9.62413793103
15.8258064516
15.2
7.0
2.90967741935
-4.29333333333
-8.71538461538
-21.0967741935
-19.0107142857
-3.2935483871
1.81666666667
5.27666666667
12.1933333333
15.7166666667
14.5032258065
8.30666666667
3.36774193548
-7.44333333333
-11.7206896552
-19.5290322581
-5.47142857143
-5.95161290323
2.88666666667
6.92666666667
11.5233333333
16.4620689655
16.6419354839
8.89333333333
2.67096774194
-4.54666666667
-8.67419354839
-10.46
-6.50357142857
-6.29032258065
1.11666666667
5.1064516129
16.2533333333
16.9741935484
15.2322580645
12.56
5.52258064516
-4.31333333333
-8.79677419355
-16.464516129
-12.1137931034
-9.15483870968
3.46333333333
8.97419354839
14.724137931
16.7066666667
16.0935483871
8.37
1.24838709677
-5.29666666667
-14.0451612903
-8.81612903226
-16.7285714286
-4.44838709677
1.10666666667
7.53548387097
16.7633333333
16.8709677419
13.9833333333
12.9733333333
1.05161290323
-4.79333333333
-11.5
-10.6096774194
-10.9678571429
-6.59666666667
1.60333333333
12.8612903226
15.06
18.0
14.53
7.16333333333
5.21612903226
-1.44333333333
-10.4967741935
-14.3935483871
-5.83214285714
-2.43225806452
1.31333333333
6.80967741935
11.7266666667
19.4741935484
15.3903225806
9.55666666667
0.658064516129
-6.85666666667
-10.8129032258
-22.064516129
-25.4068965517
-4.37741935484
-0.91
10.8225806452
13.7366666667
20.2516129032
17.9903225806
12.44
1.03870967742
-5.87
-9.16129032258
-22.1482758621
-14.7714285714
-5.51612903226
1.91034482759
9.76451612903
13.0966666667
17.8483870968
19.1967741935
11.3466666667
2.53548387097
-5.66333333333
-12.2419354839
-14.1032258065
-12.9321428571
-1.82
2.76333333333
8.26666666667
13.6366666667
17.7161290323
17.8548387097
12.1266666667
6.72580645161
-6.09333333333
-9.26774193548
-8.87096774194
-17.5607142857
-5.60967741935
0.68
11.4833333333
14.1866666667
17.8741935484
15.1064516129
11.24
2.77419354839
-3.72666666667
-6.91935483871
-20.4161290323
-10.6285714286
-5.39032258065
1.35333333333
6.73548387097
13.76
18.6290322581
15.4612903226
13.4766666667
6.60967741935
-6.70666666667
-7.75806451613
-11.6935483871
-11.3928571429
-4.62580645161
5.4
11.4387096774
14.6133333333
17.6741935484
17.2870967742
12.1033333333
5.10967741935
-3.21333333333
-6.73
-10.8290322581
-10.3857142857
-3.02333333333
4.11
7.78064516129
14.8666666667
16.6967741935
16.2709677419
8.46
3.21290322581
-4.22333333333
-11.9612903226
-17.8580645161
-9.05
-9.1
2.33666666667
6.75483870968
14.93
17.5451612903
17.0677419355
9.11
3.51290322581
-3.74
-10.4290322581
-9.59677419355
-13.3655172414
-7.71612903226
1.58666666667
11.1451612903
13.8833333333
15.8741935484
15.7064516129
10.0933333333
3.37096774194
-2.36551724138
-10.4322580645
-11.5935483871
-9.84285714286
-3.04838709677
0.466666666667
5.08064516129
11.22
15.6903225806
16.0387096774
9.66333333333
2.83548387097
-5.25666666667
-15.4161290323
-13.1419354839
-11.5392857143
-1.05806451613
3.72333333333
5.75161290323
13.39
16.3516129032
13.6387096774
10.0266666667
3.51290322581
-5.33333333333
-9.35333333333
-9.33870967742
-14.1071428571
-5.65161290323
0.993333333333
5.36451612903
12.5433333333
16.1096774194
19.4838709677
10.9966666667
7.63548387097
-5.91
-11.2161290323
-14.86
-13.6896551724
-6.38387096774
4.34
8.27096774194
12.57
17.4322580645
16.8129032258
12.9533333333
2.7935483871
-4.37
-12.0966666667
-17.1387096774
-16.275
-4.60967741935
2.24333333333
10.52
14.7466666667
17.7903225806
16.8064516129
7.64666666667
4.2064516129
-0.26
-11.8290322581
-20.9096774194
-12.5285714286
-9.23225806452
-1.45
6.41612903226
12.92
14.3161290323
13.1258064516
10.36
5.28387096774
-6.45
-12.2225806452
-14.8032258065
-9.93571428571
-11.0870967742
0.976666666667
9.0
11.4733333333
15.9322580645
15.1806451613
7.48666666667
2.85161290323
-6.6724137931
-15.6774193548
-15.3387096774
-7.16896551724
-6.93870967742
2.80666666667
8.23225806452
16.0633333333
16.8096774194
15.6838709677
11.0233333333
0.258064516129
-4.68666666667
-9.2935483871
-11.2838709677
-9.29642857143
-4.29032258065
-0.283333333333
7.73548387097
15.8333333333
16.7838709677
17.1322580645
10.1433333333
6.39677419355
-2.22333333333
-11.0516129032
-17.4483870968
-2.83928571429
-6.70967741935
1.77333333333
5.36129032258
14.8333333333
18.3161290323
16.5032258065
11.9066666667
3.67419354839
-1.67
NaN
-12.0451612903
-15.1035714286
-6.77419354839
5.18333333333
10.6548387097
13.4233333333
20.2258064516
18.9806451613
11.4466666667
4.02903225806
-10.0033333333
-15.7967741935
-16.1419354839
-15.275862069
-7.53870967742
-1.72333333333
9.28709677419
16.7633333333
15.9903225806
15.8483870968
8.72333333333
5.88064516129
-3.98275862069
-8.11935483871
-17.8677419355
-10.7285714286
-5.96774193548
1.46333333333
8.54838709677
12.6866666667
19.3322580645
16.5
9.00333333333
5.00967741935
-2.83666666667
-6.51290322581
-10.0
-14.4607142857
-6.23870967742
2.25333333333
9.19032258065
11.96
15.2225806452
16.0612903226
11.5366666667
3.90322580645
-4.58333333333
-13.4419354839
-16.4451612903
-14.9714285714
-2.9
0.69
8.90322580645
15.7566666667
15.9935483871
18.3193548387
10.3466666667
1.20322580645
-8.16333333333
-5.1
-14.0580645161
-13.5896551724
-12.8419354839
2.55333333333
7.52258064516
12.9266666667
16.4677419355
15.7548387097
11.1866666667
3.89032258065
-3.96666666667
-11.2096774194
-15.0806451613
-9.11428571429
-2.71290322581
-0.823333333333
7.25806451613
14.1466666667
15.4096774194
16.635483871
9.60666666667
3.73225806452
-4.13
-14.0129032258
-15.4129032258
-11.7464285714
-8.38709677419
1.29666666667
10.9774193548
14.28
15.7548387097
14.5322580645
8.44
4.52333333333
-1.56
-10.0322580645
-18.8483870968
-10.8142857143
-2.00967741935
3.14666666667
9.03225806452
15.7633333333
17.8935483871
15.4161290323
12.82
7.91612903226
-3.37
-15.0967741935
-10.9774193548
-8.48620689655
-8.93225806452
3.08
9.04516129032
13.7466666667
18.4774193548
13.6806451613
9.71666666667
2.86451612903
-5.33
-14.1967741935
-15.7967741935
-14.4607142857
-10.4766666667
2.23666666667
9.13225806452
14.21
15.8774193548
14.5741935484
7.13
4.84193548387
-4.33666666667
-5.74838709677
-18.5483870968
-12.3178571429
-2.56774193548
-0.26
6.36451612903
14.55
19.4741935484
14.4806451613
10.5633333333
3.54516129032
-5.7
-10.2870967742
-11.564516129
-13.45
-2.42580645161
2.71
6.34838709677
13.85
15.5290322581
14.2322580645
10.2933333333
3.64838709677
-4.28666666667
-9.71612903226
-13.4677419355
-11.2275862069
-2.30967741935
2.07666666667
5.74193548387
14.62
16.3935483871
16.5838709677
10.26
4.77419354839
-2.03666666667
-11.9548387097
-17.3580645161
-9.26785714286
-10.4129032258
3.81333333333
9.6935483871
11.2033333333
17.6
16.6
11.5066666667
2.10322580645
-3.07
-9.09032258065
-18.4741935484
-9.82142857143
-6.24838709677
1.84666666667
9.44193548387
14.9466666667
16.8741935484
16.5709677419
10.9966666667
3.56129032258
-3.56666666667
-12.9290322581
-15.7
-11.6857142857
-4.8935483871
3.0
7.6
16.6
14.7161290323
15.6580645161
9.92333333333
5.24516129032
-2.92666666667
-11.3290322581
-16.9709677419
-14.5620689655
-4.61935483871
1.79666666667
10.5032258065
14.5066666667
15.9838709677
16.2032258065
10.2233333333
2.75161290323
-2.52
-12.7451612903
-11.5161290323
-8.64285714286
0.448387096774
1.67
7.33225806452
13.8033333333
16.7387096774
18.3580645161
10.3933333333
6.61290322581
-2.37333333333
-11.7903225806
-14.1032258065
-8.33571428571
-3.61612903226
3.08666666667
7.64193548387
12.76
18.8677419355
13.5612903226
7.21
4.28387096774
-3.43
-9.15161290323
-11.9870967742
-12.525
-8.1
1.64666666667
9.32258064516
13.9766666667
17.9677419355
16.9903225806
8.99333333333
4.71290322581
-3.96666666667
-9.58387096774
-13.3387096774
-5.55172413793
-3.82580645161
4.79333333333
6.98709677419
13.89
17.5548387097
16.7580645161
10.18
0.796774193548
-7.7
-12.8548387097
-18.9935483871
-7.725
-2.02580645161
5.67
13.3741935484
14.9666666667
18.6322580645
14.3709677419
11.95
4.0
-4.17
-11.7580645161
-21.2741935484
-16.2392857143
-5.22258064516
3.37
9.39
14.1566666667
16.935483871
15.964516129
13.43
3.67096774194
-4.79
-13.3935483871
-20.8483870968
-18.3962962963
-4.86774193548
1.79333333333
7.18387096774
14.0066666667
17.2516129032
16.2225806452
11.68
3.53225806452
-4.95517241379
-6.60967741935
-12.3290322581
-10.9655172414
-5.43225806452
3.00333333333
9.20967741935
14.8233333333
17.6580645161
16.6806451613
11.04
3.18064516129
-1.74666666667
-9.69032258065
-9.84516129032
-8.74642857143
-3.36451612903
5.87666666667
7.8
14.0862068966
18.4870967742
16.1612903226
10.5166666667
4.62903225806
0.01
-10.6419354839
-19.8166666667
-10.9714285714
-3.84333333333
0.426666666667
10.9322580645
11.83
17.9064516129
16.7903225806
10.64
4.83548387097
-5.00333333333
-7.52258064516
-8.31612903226
-5.46071428571
-2.0064516129
1.05
7.12
14.2533333333
19.1322580645
19.5870967742
11.35
5.32580645161
-1.61666666667
-20.8225806452
-12.1
-5.11724137931
-7.08666666667
3.08333333333
8.26129032258
15.2866666667
17.3322580645
17.5
7.96
5.11612903226
-2.92666666667
-11.3838709677
-15.4064516129
-11.5178571429
-2.13793103448
5.50689655172
11.0580645161
12.35
16.5225806452
14.4032258065
10.9233333333
4.01612903226
-9.48
-17.0225806452
-9.86129032258
-11.4607142857
-0.945161290323
3.34666666667
10.2193548387
16.0966666667
18.2225806452
14.5225806452
11.38
5.28387096774
-5.51379310345
-7.67096774194
-8.10333333333
-3.91785714286
-1.49333333333
4.88333333333
12.3870967742
15.7966666667
18.7903225806
14.9129032258
10.8666666667
1.04838709677
-0.496666666667
-7.11935483871
-17.3586206897
-14.424137931
-3.29032258065
1.79333333333
11.9709677419
17.73
18.1548387097
16.735483871
10.97
1.83870967742
-3.07666666667
-9.23225806452
-9.05806451613
-16.8071428571
-6.30322580645
2.94666666667
8.5
12.6033333333
18.6258064516
16.5548387097
10.1733333333
3.15806451613
-5.12333333333
-15.5935483871
-6.59032258065
-8.81785714286
-2.26129032258
1.01666666667
8.39677419355
14.8066666667
16.5870967742
16.7193548387
12.4
2.7064516129
-2.53333333333
-13.9419354839
-13.9612903226
-6.05714285714
-3.30322580645
3.78333333333
11.2064516129
18.17
17.1838709677
16.8419354839
11.3233333333
1.87741935484
-7.05333333333
-7.28064516129
-6.86129032258
-4.35517241379
-1.87741935484
1.64666666667
8.58064516129
12.8666666667
13.7096774194
13.7258064516
9.75666666667
3.46129032258
-3.46
-10.7935483871
-14.3161290323
-13.1464285714
-5.2064516129
2.25333333333
9.36774193548
13.5233333333
16.8806451613
16.4225806452
8.24666666667
3.0
-5.56785714286
-9.48709677419
-18.0580645161
-15.2
-2.25483870968
1.72
10.5258064516
15.7266666667
15.0322580645
15.264516129
11.8466666667
5.65161290323
-2.22333333333
-9.2064516129
-11.8677419355
-8.71071428571
-3.83225806452
0.666666666667
8.20322580645
15.0566666667
17.2
18.7580645161
10.4066666667
3.97419354839
-5.58
-8.70333333333
-16.1677419355
-10.1214285714
-8.54516129032
-0.03
8.65161290323
15.5866666667
14.8903225806
15.9129032258
10.28
3.51
-7.85925925926
-15.8074074074
-17.1
-11.332
-5.375
-0.131034482759
6.66666666667
15.5266666667
17.5225806452
15.8580645161
11.89
4.26774193548
-6.07333333333
-6.16129032258
-10.6129032258
-3.09642857143
-5.82580645161
3.06
11.4
12.7066666667
18.1096774194
17.5774193548
13.1433333333
5.43870967742
-1.23448275862
-8.81612903226
-12.6903225806
-4.17142857143
-2.90322580645
3.08333333333
9.95483870968
14.62
18.8677419355
15.3612903226
9.15333333333
2.3064516129
-0.556666666667
-7.90322580645
-11.1612903226
-5.63448275862
-1.18064516129
1.72857142857
9.9
13.8033333333
17.25
NaN
10.5366666667
5.58333333333
-8.16666666667
-17.0172413793
-12.1034482759
-15.6285714286
-7.7935483871
3.56206896552
10.1548387097
14.82
19.2
16.4233333333
11.26
3.61333333333
0.68
-7.53666666667
-8.57741935484
-6.5037037037
-9.5064516129
2.73666666667
6.01935483871
16.8366666667
19.6096774194
16.1677419355
12.1333333333
1.40322580645
-3.79
-7.17
-12.1366666667
-12.972
-5.11666666667
3.77333333333
8.01
13.27
17.4806451613
17.3161290323
9.75666666667
4.78709677419
-5.0
-6.36129032258
-13.1741935484
-10.324137931
-1.45806451613
2.59666666667
8.66129032258
12.59
16.1161290323
14.1387096774
12.85
4.97666666667
-2.11333333333
-7.50333333333
-12.5677419355
-6.68148148148
-4.65806451613
4.24333333333
8.00322580645
17.0766666667
18.8096774194
16.3741935484
13.6068965517
4.04666666667
-2.17666666667
-10.6827586207
-3.47741935484
-9.44074074074
-3.11612903226
5.62333333333
8.85483870968
14.9933333333
18.8129032258
16.9741935484
9.35333333333
2.41612903226
-4.02333333333
-7.21
-11.3724137931
-12.6185185185
0.0322580645161
1.83793103448
12.0967741935
15.7233333333
18.1064516129
17.2033333333
12.22
6.0935483871
-3.89333333333
-11.7233333333
-14.3935483871
-13.5655172414
-5.03870967742
0.02
7.13870967742
13.8
17.5419354839
16.3166666667
11.1766666667
4.14193548387
-2.49333333333
-14.1548387097
-15.0387096774
-9.7
-5.30967741935
1.28333333333
8.50967741935
13.71
15.1903225806
14.3866666667
12.09
2.00322580645
-0.746666666667
-13.3275862069
-14.2580645161
-13.0392857143
-1.4064516129
5.90333333333
8.85161290323
15.8655172414
18.4935483871
18.3903225806
10.61
4.84193548387
-3.0
-12.0903225806
NaN
NaN
NaN
NaN
NaN
NaN
NaN
NaN
NaN
NaN
NaN
NaN
-8.92903225806
-8.06551724138
3.48387096774
5.15666666667
11.3709677419
NaN
NaN
NaN
NaN
NaN
NaN
-11.8
-13.5483870968
-11.7321428571
-9.11290322581
-4.36538461538
7.25483870968
12.796
15.7161290323
15.6433333333
12.3233333333
2.09677419355
-7.15769230769
-17.964516129
-16.4193548387
-18.8833333333
-10.1966666667
-1.15862068966
7.26129032258
13.4
14.1068965517
15.1806451613
9.37333333333
2.2064516129
-10.2433333333
-9.99677419355
-11.9032258065
-16.0703703704
-6.80967741935
1.02666666667
6.89259259259
14.4733333333
16.1451612903
13.1258064516
13.0233333333
3.8064516129
-2.25333333333
-8.61612903226
-13.8677419355
-6.58620689655
-3.00967741935
1.77333333333
NaN
15.94
16.064516129
15.7774193548
11.5566666667
4.1
-1.31
-13.8833333333
-10.9827586207
-7.13214285714
-4.65483870968
1.57333333333
5.47096774194
13.0703703704
17.364516129
12.95
NaN
NaN
