NaN
NaN
NaN
NaN
NaN
NaN
NaN
NaN
NaN
NaN
NaN
NaN
NaN
NaN
NaN
NaN
NaN
NaN
NaN
NaN
NaN
NaN
NaN
NaN
0.0
0.0
0.0
0.0
0.0
0.0
0.0
0.0
0.0
0.0
0.0
0.0
0.0
0.0
25.0
0.0
0.0
0.0
0.0
0.0
0.0
0.0
15.0
0.0
0.0
0.0
0.0
0.0
0.0
0.0
0.0
0.0
0.0
0.0
0.0
0.0
0.0
0.0
0.0
0.0
0.0
0.0
0.0
0.0
0.0
0.0
0.0
0.0
0.0
0.0
8.0
0.0
20.0
0.0
0.0
0.0
0.0
0.0
0.0
0.0
0.0
NaN
NaN
0.0
18.0
0.0
0.0
0.0
0.0
0.0
0.0
25.0
8.0
0.0
0.0
0.0
0.0
0.0
0.0
0.0
0.0
0.0
0.0
0.0
0.0
0.0
51.0
0.0
0.0
0.0
0.0
0.0
0.0
56.0
0.0
0.0
0.0
0.0
0.0
0.0
0.0
0.0
0.0
0.0
0.0
0.0
18.0
0.0
0.0
0.0
5.0
0.0
0.0
0.0
0.0
0.0
0.0
0.0
0.0
0.0
0.0
0.0
5.0
0.0
0.0
0.0
94.0
10.0
0.0
61.0
0.0
0.0
0.0
23.0
0.0
0.0
51.0
0.0
0.0
0.0
0.0
0.0
15.0
0.0
0.0
0.0
0.0
0.0
0.0
0.0
5.0
0.0
0.0
0.0
0.0
0.0
0.0
0.0
0.0
0.0
0.0
0.0
0.0
0.0
0.0
0.0
0.0
20.0
0.0
0.0
0.0
8.0
0.0
0.0
0.0
23.0
0.0
46.0
41.0
0.0
0.0
0.0
0.0
0.0
0.0
0.0
0.0
163.0
18.0
0.0
0.0
0.0
15.0
0.0
0.0
0.0
0.0
0.0
0.0
0.0
5.0
0.0
8.0
0.0
0.0
142.0
0.0
0.0
0.0
0.0
0.0
0.0
71.0
0.0
0.0
0.0
0.0
114.0
216.0
89.0
221.0
10.0
0.0
0.0
0.0
0.0
18.0
58.0
46.0
0.0
0.0
0.0
0.0
58.0
0.0
0.0
71.0
170.0
13.0
8.0
20.0
0.0
0.0
0.0
0.0
0.0
0.0
0.0
0.0
0.0
0.0
272.0
0.0
0.0
0.0
0.0
0.0
51.0
0.0
0.0
0.0
0.0
0.0
0.0
0.0
107.0
0.0
0.0
5.0
0.0
0.0
0.0
0.0
0.0
74.0
0.0
0.0
0.0
25.0
0.0
0.0
99.0
0.0
8.0
69.0
0.0
0.0
0.0
0.0
0.0
38.0
18.0
0.0
0.0
23.0
0.0
0.0
0.0
0.0
94.0
0.0
0.0
0.0
0.0
58.0
0.0
107.0
109.0
0.0
36.0
0.0
13.0
0.0
0.0
241.0
0.0
0.0
0.0
0.0
0.0
20.0
0.0
0.0
0.0
0.0
0.0
0.0
0.0
0.0
0.0
36.0
0.0
0.0
0.0
20.0
28.0
61.0
0.0
0.0
0.0
0.0
0.0
0.0
0.0
193.0
23.0
18.0
0.0
0.0
0.0
0.0
0.0
0.0
36.0
0.0
0.0
0.0
0.0
0.0
0.0
33.0
89.0
0.0
0.0
0.0
0.0
0.0
0.0
0.0
0.0
94.0
0.0
0.0
0.0
0.0
0.0
0.0
0.0
0.0
0.0
0.0
0.0
0.0
0.0
0.0
0.0
0.0
0.0
0.0
0.0
0.0
0.0
0.0
0.0
20.0
0.0
0.0
0.0
0.0
0.0
0.0
0.0
0.0
0.0
0.0
0.0
0.0
102.0
56.0
0.0
0.0
0.0
0.0
0.0
0.0
0.0
0.0
0.0
28.0
0.0
66.0
18.0
0.0
0.0
0.0
0.0
0.0
0.0
0.0
0.0
0.0
0.0
71.0
0.0
0.0
0.0
0.0
0.0
0.0
0.0
0.0
0.0
0.0
0.0
0.0
0.0
43.0
20.0
0.0
0.0
0.0
0.0
0.0
94.0
109.0
0.0
0.0
0.0
0.0
15.0
0.0
0.0
0.0
0.0
0.0
0.0
0.0
0.0
0.0
0.0
0.0
61.0
0.0
0.0
0.0
0.0
NaN
NaN
0.0
0.0
61.0
20.0
28.0
33.0
0.0
0.0
0.0
0.0
0.0
0.0
0.0
0.0
0.0
20.0
0.0
0.0
0.0
0.0
0.0
28.0
0.0
0.0
0.0
0.0
0.0
0.0
0.0
0.0
0.0
91.0
0.0
0.0
56.0
0.0
58.0
0.0
0.0
0.0
0.0
0.0
0.0
0.0
0.0
0.0
0.0
0.0
0.0
0.0
0.0
0.0
0.0
36.0
0.0
0.0
0.0
0.0
0.0
0.0
0.0
0.0
0.0
0.0
0.0
94.0
0.0
0.0
0.0
0.0
0.0
0.0
0.0
0.0
0.0
0.0
0.0
0.0
0.0
0.0
0.0
0.0
0.0
0.0
0.0
0.0
0.0
0.0
0.0
0.0
0.0
0.0
0.0
0.0
18.0
25.0
0.0
0.0
0.0
0.0
0.0
64.0
0.0
0.0
5.0
13.0
18.0
0.0
0.0
0.0
0.0
0.0
0.0
0.0
0.0
0.0
0.0
48.0
0.0
0.0
0.0
0.0
0.0
0.0
0.0
0.0
30.0
0.0
0.0
25.0
18.0
28.0
5.0
102.0
107.0
0.0
0.0
8.0
84.0
0.0
0.0
0.0
0.0
0.0
0.0
0.0
0.0
0.0
91.0
0.0
0.0
0.0
0.0
0.0
64.0
8.0
140.0
0.0
0.0
0.0
0.0
0.0
0.0
0.0
0.0
0.0
0.0
0.0
0.0
0.0
51.0
0.0
0.0
0.0
8.0
53.0
0.0
0.0
0.0
0.0
0.0
0.0
0.0
18.0
0.0
13.0
0.0
269.0
0.0
15.0
0.0
0.0
0.0
5.0
0.0
0.0
0.0
152.0
0.0
0.0
0.0
0.0
0.0
0.0
0.0
0.0
25.0
0.0
0.0
0.0
0.0
130.0
5.0
0.0
0.0
0.0
0.0
0.0
0.0
38.0
0.0
0.0
0.0
0.0
0.0
0.0
0.0
0.0
0.0
0.0
0.0
0.0
0.0
0.0
0.0
0.0
0.0
0.0
0.0
0.0
0.0
20.0
0.0
8.0
5.0
0.0
0.0
0.0
0.0
0.0
0.0
0.0
0.0
0.0
0.0
0.0
0.0
0.0
0.0
0.0
0.0
0.0
0.0
0.0
0.0
0.0
0.0
0.0
0.0
0.0
0.0
0.0
0.0
0.0
0.0
0.0
213.0
249.0
0.0
0.0
0.0
0.0
0.0
0.0
0.0
0.0
0.0
0.0
0.0
0.0
0.0
0.0
0.0
0.0
0.0
0.0
0.0
0.0
0.0
0.0
46.0
0.0
0.0
0.0
0.0
0.0
0.0
0.0
0.0
0.0
0.0
23.0
0.0
0.0
0.0
0.0
0.0
0.0
0.0
0.0
0.0
0.0
0.0
0.0
0.0
0.0
0.0
0.0
0.0
0.0
0.0
0.0
0.0
0.0
0.0
0.0
0.0
0.0
0.0
0.0
0.0
0.0
0.0
0.0
0.0
0.0
0.0
0.0
38.0
8.0
0.0
0.0
0.0
0.0
0.0
0.0
0.0
0.0
0.0
0.0
0.0
170.0
0.0
0.0
0.0
0.0
0.0
0.0
0.0
0.0
0.0
0.0
0.0
0.0
0.0
0.0
0.0
0.0
0.0
0.0
0.0
30.0
0.0
0.0
0.0
0.0
23.0
0.0
0.0
0.0
0.0
0.0
0.0
89.0
0.0
0.0
0.0
0.0
0.0
0.0
0.0
0.0
0.0
0.0
0.0
0.0
0.0
0.0
0.0
0.0
0.0
0.0
0.0
0.0
0.0
0.0
0.0
38.0
122.0
56.0
0.0
0.0
0.0
0.0
0.0
0.0
5.0
0.0
0.0
0.0
0.0
0.0
0.0
0.0
376.0
122.0
5.0
0.0
0.0
25.0
363.0
84.0
18.0
0.0
0.0
0.0
0.0
0.0
0.0
66.0
33.0
112.0
8.0
0.0
0.0
0.0
0.0
30.0
0.0
0.0
97.0
58.0
81.0
0.0
46.0
8.0
0.0
0.0
0.0
46.0
20.0
0.0
0.0
0.0
51.0
0.0
0.0
0.0
23.0
25.0
0.0
0.0
0.0
0.0
0.0
213.0
612.0
53.0
0.0
0.0
23.0
323.0
0.0
0.0
46.0
0.0
0.0
0.0
28.0
0.0
0.0
0.0
0.0
0.0
0.0
0.0
0.0
0.0
0.0
20.0
0.0
0.0
0.0
0.0
0.0
0.0
0.0
0.0
76.0
0.0
0.0
0.0
170.0
0.0
0.0
53.0
18.0
0.0
0.0
0.0
0.0
0.0
0.0
0.0
0.0
53.0
13.0
0.0
25.0
0.0
0.0
76.0
5.0
0.0
0.0
0.0
0.0
0.0
0.0
0.0
0.0
0.0
0.0
0.0
0.0
0.0
0.0
0.0
0.0
0.0
0.0
76.0
5.0
0.0
107.0
8.0
0.0
0.0
0.0
0.0
0.0
0.0
0.0
0.0
0.0
0.0
0.0
0.0
0.0
0.0
0.0
0.0
0.0
0.0
0.0
0.0
0.0
86.0
0.0
5.0
0.0
0.0
0.0
0.0
0.0
0.0
0.0
0.0
0.0
0.0
0.0
0.0
0.0
0.0
0.0
0.0
0.0
0.0
0.0
38.0
183.0
0.0
0.0
0.0
0.0
89.0
0.0
0.0
43.0
0.0
0.0
0.0
0.0
0.0
0.0
0.0
0.0
0.0
0.0
0.0
0.0
0.0
0.0
0.0
0.0
0.0
0.0
0.0
0.0
0.0
0.0
0.0
0.0
0.0
127.0
0.0
0.0
8.0
0.0
0.0
102.0
0.0
0.0
0.0
0.0
0.0
5.0
23.0
15.0
0.0
0.0
0.0
0.0
0.0
25.0
0.0
18.0
0.0
0.0
20.0
0.0
0.0
0.0
0.0
0.0
0.0
0.0
0.0
0.0
0.0
0.0
10.0
15.0
30.0
0.0
0.0
0.0
23.0
0.0
0.0
0.0
0.0
0.0
8.0
20.0
0.0
0.0
0.0
0.0
23.0
0.0
18.0
0.0
0.0
0.0
0.0
0.0
0.0
0.0
0.0
91.0
0.0
0.0
0.0
0.0
0.0
0.0
0.0
0.0
0.0
0.0
0.0
0.0
0.0
0.0
0.0
0.0
0.0
0.0
0.0
8.0
0.0
0.0
0.0
0.0
0.0
0.0
0.0
10.0
0.0
0.0
0.0
0.0
0.0
0.0
15.0
0.0
0.0
0.0
0.0
0.0
0.0
0.0
0.0
18.0
10.0
30.0
0.0
0.0
0.0
0.0
0.0
0.0
0.0
0.0
18.0
76.0
0.0
122.0
69.0
0.0
0.0
0.0
0.0
0.0
0.0
0.0
8.0
0.0
0.0
0.0
0.0
18.0
0.0
0.0
0.0
0.0
0.0
0.0
0.0
0.0
0.0
0.0
0.0
0.0
46.0
185.0
0.0
10.0
0.0
0.0
0.0
0.0
0.0
48.0
0.0
8.0
23.0
5.0
0.0
0.0
0.0
0.0
0.0
0.0
0.0
0.0
0.0
0.0
15.0
0.0
0.0
0.0
0.0
0.0
0.0
0.0
0.0
23.0
0.0
0.0
36.0
48.0
152.0
0.0
0.0
0.0
8.0
53.0
10.0
0.0
0.0
8.0
363.0
0.0
0.0
165.0
569.0
0.0
0.0
23.0
91.0
5.0
10.0
20.0
5.0
5.0
20.0
0.0
0.0
0.0
5.0
0.0
0.0
0.0
30.0
0.0
0.0
279.0
0.0
0.0
0.0
0.0
20.0
0.0
0.0
0.0
0.0
0.0
0.0
0.0
0.0
0.0
0.0
0.0
0.0
0.0
0.0
0.0
0.0
0.0
0.0
0.0
112.0
0.0
23.0
157.0
5.0
66.0
0.0
8.0
5.0
0.0
0.0
0.0
0.0
0.0
0.0
0.0
0.0
0.0
5.0
33.0
0.0
5.0
0.0
109.0
0.0
0.0
0.0
0.0
0.0
0.0
0.0
38.0
0.0
0.0
0.0
0.0
0.0
0.0
124.0
69.0
0.0
53.0
0.0
33.0
84.0
0.0
0.0
8.0
170.0
137.0
0.0
41.0
0.0
0.0
0.0
0.0
0.0
0.0
0.0
0.0
0.0
0.0
0.0
0.0
36.0
0.0
61.0
0.0
0.0
0.0
0.0
0.0
0.0
0.0
0.0
56.0
10.0
23.0
0.0
18.0
0.0
0.0
0.0
0.0
0.0
0.0
0.0
0.0
0.0
0.0
15.0
76.0
0.0
0.0
0.0
0.0
0.0
0.0
0.0
0.0
0.0
0.0
0.0
0.0
0.0
0.0
0.0
0.0
0.0
0.0
0.0
0.0
0.0
0.0
0.0
0.0
8.0
0.0
0.0
0.0
0.0
0.0
23.0
0.0
13.0
0.0
0.0
15.0
0.0
0.0
0.0
0.0
0.0
0.0
0.0
0.0
0.0
0.0
0.0
0.0
0.0
0.0
30.0
0.0
0.0
0.0
0.0
0.0
0.0
0.0
0.0
0.0
0.0
13.0
0.0
0.0
0.0
0.0
0.0
0.0
0.0
0.0
0.0
0.0
0.0
15.0
0.0
0.0
0.0
18.0
0.0
0.0
0.0
0.0
0.0
0.0
0.0
10.0
0.0
0.0
0.0
20.0
0.0
0.0
30.0
0.0
20.0
0.0
0.0
0.0
0.0
0.0
61.0
0.0
0.0
0.0
0.0
0.0
0.0
0.0
0.0
0.0
0.0
0.0
0.0
0.0
0.0
0.0
140.0
10.0
0.0
20.0
0.0
0.0
0.0
18.0
0.0
0.0
0.0
0.0
28.0
0.0
0.0
30.0
0.0
0.0
0.0
25.0
0.0
0.0
0.0
0.0
0.0
0.0
0.0
0.0
0.0
0.0
0.0
30.0
0.0
0.0
0.0
0.0
0.0
0.0
0.0
0.0
0.0
0.0
0.0
0.0
119.0
0.0
0.0
0.0
0.0
0.0
13.0
0.0
0.0
0.0
0.0
10.0
13.0
5.0
5.0
23.0
10.0
0.0
0.0
10.0
0.0
5.0
0.0
0.0
0.0
0.0
20.0
0.0
0.0
0.0
0.0
0.0
0.0
0.0
28.0
0.0
0.0
0.0
0.0
0.0
0.0
0.0
30.0
0.0
0.0
0.0
0.0
0.0
86.0
5.0
102.0
173.0
254.0
89.0
18.0
0.0
0.0
25.0
89.0
234.0
109.0
20.0
122.0
5.0
69.0
94.0
15.0
0.0
0.0
0.0
0.0
0.0
0.0
0.0
0.0
48.0
64.0
0.0
0.0
0.0
8.0
0.0
0.0
0.0
58.0
145.0
23.0
10.0
0.0
0.0
574.0
0.0
0.0
46.0
221.0
0.0
76.0
203.0
508.0
25.0
0.0
0.0
0.0
0.0
0.0
0.0
0.0
0.0
0.0
0.0
0.0
0.0
10.0
0.0
76.0
432.0
18.0
0.0
0.0
97.0
0.0
0.0
0.0
168.0
0.0
18.0
0.0
0.0
0.0
0.0
0.0
0.0
0.0
0.0
0.0
0.0
46.0
0.0
8.0
23.0
117.0
0.0
58.0
0.0
0.0
5.0
0.0
0.0
0.0
0.0
0.0
0.0
0.0
0.0
0.0
0.0
0.0
18.0
0.0
0.0
0.0
0.0
0.0
0.0
0.0
0.0
0.0
0.0
5.0
137.0
53.0
0.0
0.0
0.0
38.0
25.0
0.0
5.0
0.0
0.0
0.0
0.0
0.0
0.0
0.0
0.0
0.0
0.0
0.0
0.0
13.0
0.0
0.0
0.0
0.0
0.0
0.0
0.0
0.0
0.0
0.0
0.0
0.0
0.0
0.0
0.0
20.0
0.0
0.0
0.0
0.0
0.0
0.0
0.0
0.0
0.0
0.0
5.0
30.0
0.0
0.0
0.0
5.0
0.0
51.0
0.0
0.0
0.0
0.0
0.0
0.0
0.0
0.0
0.0
0.0
0.0
0.0
0.0
0.0
0.0
0.0
8.0
13.0
46.0
0.0
0.0
0.0
0.0
0.0
0.0
0.0
0.0
23.0
0.0
0.0
0.0
0.0
0.0
0.0
0.0
0.0
0.0
0.0
0.0
0.0
0.0
0.0
0.0
0.0
0.0
0.0
0.0
0.0
0.0
0.0
0.0
0.0
0.0
0.0
0.0
0.0
0.0
0.0
0.0
10.0
20.0
10.0
0.0
0.0
0.0
0.0
0.0
0.0
0.0
18.0
58.0
23.0
28.0
18.0
0.0
0.0
0.0
0.0
0.0
0.0
0.0
0.0
0.0
0.0
0.0
0.0
0.0
0.0
0.0
0.0
0.0
0.0
71.0
0.0
0.0
0.0
0.0
0.0
0.0
0.0
0.0
0.0
13.0
0.0
0.0
0.0
0.0
0.0
0.0
0.0
0.0
0.0
0.0
0.0
0.0
0.0
0.0
0.0
0.0
0.0
0.0
0.0
74.0
5.0
10.0
0.0
0.0
0.0
0.0
0.0
0.0
0.0
152.0
132.0
30.0
0.0
0.0
0.0
0.0
170.0
0.0
0.0
56.0
0.0
0.0
0.0
0.0
0.0
0.0
0.0
0.0
0.0
0.0
0.0
0.0
0.0
0.0
0.0
0.0
0.0
0.0
53.0
0.0
25.0
0.0
0.0
0.0
84.0
53.0
18.0
0.0
0.0
0.0
0.0
0.0
23.0
97.0
56.0
0.0
0.0
0.0
0.0
0.0
0.0
0.0
0.0
0.0
0.0
0.0
0.0
122.0
0.0
5.0
0.0
239.0
10.0
318.0
0.0
0.0
0.0
0.0
0.0
18.0
152.0
0.0
0.0
0.0
0.0
0.0
0.0
0.0
18.0
0.0
8.0
15.0
0.0
198.0
0.0
104.0
0.0
0.0
0.0
51.0
0.0
0.0
0.0
69.0
18.0
0.0
0.0
20.0
8.0
114.0
140.0
368.0
38.0
0.0
0.0
0.0
0.0
71.0
0.0
0.0
0.0
0.0
109.0
8.0
0.0
0.0
0.0
30.0
0.0
36.0
0.0
15.0
10.0
0.0
84.0
0.0
0.0
119.0
53.0
0.0
0.0
0.0
0.0
46.0
0.0
46.0
0.0
8.0
0.0
0.0
0.0
10.0
0.0
15.0
0.0
0.0
0.0
0.0
0.0
0.0
30.0
0.0
0.0
13.0
0.0
25.0
53.0
0.0
0.0
0.0
61.0
25.0
0.0
0.0
0.0
0.0
0.0
0.0
0.0
0.0
56.0
8.0
0.0
0.0
0.0
0.0
0.0
0.0
0.0
0.0
0.0
0.0
0.0
0.0
0.0
0.0
0.0
0.0
0.0
0.0
0.0
0.0
0.0
0.0
0.0
0.0
0.0
0.0
0.0
10.0
0.0
0.0
0.0
0.0
0.0
0.0
0.0
0.0
0.0
0.0
0.0
246.0
0.0
0.0
0.0
0.0
277.0
0.0
0.0
229.0
137.0
0.0
102.0
20.0
0.0
0.0
NaN
0.0
0.0
0.0
0.0
25.0
0.0
0.0
0.0
0.0
0.0
0.0
0.0
25.0
0.0
0.0
0.0
0.0
0.0
0.0
0.0
0.0
0.0
0.0
0.0
0.0
0.0
15.0
0.0
0.0
0.0
0.0
0.0
0.0
0.0
69.0
8.0
0.0
0.0
0.0
0.0
0.0
0.0
0.0
0.0
0.0
0.0
0.0
33.0
10.0
0.0
0.0
0.0
0.0
0.0
18.0
0.0
28.0
0.0
0.0
0.0
0.0
0.0
0.0
0.0
0.0
0.0
0.0
0.0
0.0
0.0
0.0
0.0
25.0
0.0
0.0
0.0
0.0
0.0
0.0
0.0
0.0
0.0
0.0
0.0
13.0
0.0
0.0
0.0
0.0
0.0
0.0
0.0
0.0
0.0
0.0
0.0
0.0
0.0
0.0
0.0
0.0
0.0
41.0
0.0
0.0
0.0
0.0
0.0
0.0
0.0
0.0
0.0
0.0
0.0
NaN
0.0
0.0
0.0
18.0
0.0
0.0
0.0
0.0
0.0
0.0
0.0
0.0
0.0
0.0
0.0
0.0
0.0
0.0
0.0
0.0
0.0
0.0
0.0
0.0
0.0
18.0
5.0
0.0
0.0
0.0
0.0
5.0
0.0
0.0
8.0
0.0
23.0
0.0
0.0
0.0
0.0
0.0
0.0
0.0
20.0
358.0
163.0
0.0
0.0
13.0
33.0
0.0
0.0
0.0
0.0
0.0
0.0
41.0
0.0
5.0
0.0
0.0
0.0
56.0
20.0
0.0
0.0
0.0
0.0
8.0
89.0
0.0
0.0
25.0
0.0
0.0
267.0
25.0
5.0
0.0
0.0
229.0
0.0
0.0
0.0
0.0
0.0
0.0
0.0
0.0
0.0
0.0
0.0
0.0
0.0
0.0
48.0
5.0
64.0
0.0
15.0
241.0
0.0
53.0
28.0
0.0
0.0
0.0
53.0
147.0
8.0
0.0
0.0
0.0
358.0
5.0
0.0
0.0
15.0
25.0
0.0
46.0
5.0
0.0
0.0
0.0
0.0
0.0
0.0
13.0
0.0
0.0
0.0
0.0
208.0
0.0
152.0
8.0
0.0
66.0
0.0
86.0
5.0
0.0
0.0
0.0
0.0
213.0
0.0
102.0
0.0
0.0
0.0
0.0
0.0
0.0
0.0
84.0
0.0
0.0
0.0
363.0
15.0
3.0
0.0
46.0
0.0
0.0
69.0
0.0
20.0
36.0
0.0
0.0
0.0
117.0
20.0
0.0
36.0
10.0
41.0
376.0
0.0
0.0
36.0
0.0
0.0
0.0
10.0
0.0
0.0
8.0
0.0
0.0
0.0
0.0
0.0
114.0
124.0
28.0
10.0
8.0
0.0
0.0
0.0
0.0
0.0
0.0
0.0
0.0
0.0
0.0
0.0
0.0
76.0
10.0
8.0
46.0
0.0
0.0
0.0
0.0
0.0
0.0
432.0
185.0
0.0
0.0
0.0
0.0
30.0
8.0
10.0
0.0
0.0
0.0
0.0
0.0
0.0
0.0
0.0
236.0
56.0
0.0
0.0
0.0
0.0
0.0
0.0
0.0
0.0
0.0
0.0
0.0
0.0
0.0
0.0
0.0
0.0
0.0
0.0
0.0
0.0
0.0
0.0
0.0
0.0
0.0
0.0
18.0
0.0
0.0
0.0
28.0
0.0
0.0
0.0
38.0
0.0
0.0
0.0
0.0
0.0
0.0
0.0
0.0
0.0
0.0
0.0
0.0
0.0
0.0
0.0
0.0
0.0
0.0
0.0
0.0
0.0
18.0
28.0
0.0
0.0
0.0
0.0
0.0
0.0
0.0
0.0
0.0
0.0
0.0
0.0
0.0
0.0
0.0
0.0
0.0
0.0
10.0
0.0
0.0
0.0
0.0
0.0
0.0
58.0
0.0
0.0
0.0
0.0
0.0
0.0
0.0
0.0
0.0
0.0
0.0
0.0
0.0
0.0
0.0
0.0
0.0
0.0
0.0
13.0
0.0
0.0
0.0
0.0
0.0
0.0
0.0
0.0
0.0
0.0
0.0
10.0
236.0
20.0
0.0
0.0
0.0
0.0
0.0
0.0
0.0
0.0
0.0
0.0
0.0
0.0
0.0
0.0
8.0
0.0
0.0
0.0
0.0
0.0
0.0
10.0
5.0
0.0
0.0
0.0
0.0
0.0
0.0
0.0
0.0
46.0
18.0
0.0
122.0
119.0
25.0
0.0
0.0
0.0
0.0
0.0
0.0
0.0
0.0
0.0
0.0
0.0
0.0
0.0
0.0
43.0
0.0
0.0
0.0
0.0
0.0
0.0
208.0
0.0
0.0
0.0
0.0
0.0
0.0
15.0
0.0
0.0
0.0
0.0
0.0
0.0
0.0
523.0
56.0
0.0
0.0
30.0
0.0
0.0
0.0
0.0
0.0
0.0
5.0
0.0
15.0
0.0
0.0
0.0
66.0
18.0
0.0
0.0
84.0
249.0
0.0
0.0
0.0
0.0
0.0
91.0
0.0
30.0
0.0
0.0
0.0
216.0
170.0
10.0
0.0
0.0
0.0
48.0
5.0
86.0
10.0
0.0
0.0
0.0
0.0
295.0
0.0
0.0
76.0
71.0
5.0
0.0
0.0
97.0
18.0
8.0
0.0
8.0
0.0
0.0
0.0
0.0
0.0
23.0
0.0
0.0
0.0
0.0
0.0
20.0
0.0
0.0
84.0
0.0
0.0
0.0
0.0
0.0
0.0
0.0
30.0
0.0
0.0
0.0
0.0
0.0
0.0
74.0
0.0
0.0
0.0
0.0
38.0
0.0
0.0
0.0
10.0
0.0
135.0
201.0
0.0
5.0
0.0
0.0
0.0
5.0
178.0
0.0
0.0
0.0
0.0
0.0
130.0
0.0
0.0
0.0
0.0
0.0
0.0
0.0
30.0
20.0
0.0
0.0
0.0
0.0
0.0
0.0
0.0
0.0
0.0
0.0
0.0
0.0
0.0
0.0
0.0
33.0
0.0
0.0
0.0
0.0
0.0
0.0
0.0
0.0
112.0
0.0
0.0
0.0
0.0
0.0
0.0
0.0
0.0
0.0
0.0
0.0
18.0
23.0
36.0
5.0
0.0
10.0
8.0
0.0
0.0
0.0
0.0
0.0
0.0
0.0
0.0
84.0
0.0
5.0
0.0
0.0
0.0
0.0
0.0
0.0
0.0
0.0
89.0
15.0
56.0
0.0
0.0
0.0
0.0
23.0
0.0
0.0
0.0
0.0
0.0
0.0
0.0
0.0
33.0
0.0
0.0
0.0
0.0
0.0
0.0
0.0
0.0
0.0
0.0
0.0
0.0
0.0
0.0
0.0
0.0
0.0
0.0
0.0
0.0
0.0
0.0
0.0
0.0
0.0
0.0
0.0
0.0
0.0
0.0
0.0
0.0
0.0
0.0
0.0
0.0
0.0
0.0
0.0
0.0
0.0
0.0
0.0
0.0
0.0
0.0
0.0
0.0
0.0
0.0
0.0
0.0
0.0
0.0
0.0
0.0
0.0
0.0
0.0
0.0
0.0
0.0
8.0
36.0
0.0
0.0
0.0
0.0
5.0
0.0
0.0
0.0
0.0
56.0
0.0
0.0
0.0
0.0
0.0
0.0
0.0
0.0
0.0
0.0
0.0
0.0
13.0
0.0
0.0
0.0
0.0
18.0
0.0
0.0
0.0
0.0
0.0
0.0
0.0
0.0
0.0
0.0
0.0
0.0
0.0
0.0
0.0
0.0
0.0
0.0
0.0
0.0
0.0
0.0
0.0
0.0
0.0
0.0
0.0
0.0
0.0
10.0
0.0
0.0
0.0
0.0
0.0
0.0
0.0
0.0
0.0
0.0
0.0
0.0
117.0
122.0
0.0
0.0
0.0
0.0
0.0
0.0
13.0
8.0
0.0
0.0
0.0
0.0
0.0
0.0
0.0
8.0
51.0
97.0
0.0
0.0
0.0
43.0
23.0
5.0
0.0
0.0
0.0
0.0
0.0
0.0
0.0
18.0
10.0
8.0
0.0
0.0
0.0
30.0
178.0
0.0
91.0
0.0
119.0
0.0
0.0
0.0
0.0
155.0
0.0
0.0
0.0
23.0
0.0
3.0
0.0
0.0
0.0
0.0
0.0
0.0
231.0
0.0
0.0
43.0
23.0
0.0
89.0
0.0
0.0
33.0
89.0
0.0
0.0
18.0
0.0
0.0
0.0
94.0
0.0
0.0
0.0
91.0
0.0
5.0
0.0
0.0
0.0
0.0
241.0
119.0
8.0
0.0
0.0
5.0
0.0
0.0
0.0
0.0
0.0
0.0
0.0
0.0
10.0
0.0
0.0
0.0
0.0
13.0
0.0
8.0
25.0
0.0
0.0
0.0
0.0
0.0
97.0
15.0
0.0
0.0
15.0
0.0
0.0
0.0
0.0
0.0
0.0
46.0
0.0
701.0
0.0
0.0
5.0
0.0
0.0
0.0
122.0
0.0
0.0
0.0
0.0
0.0
0.0
0.0
0.0
0.0
0.0
0.0
0.0
0.0
0.0
0.0
0.0
84.0
20.0
0.0
0.0
30.0
0.0
0.0
76.0
0.0
0.0
5.0
18.0
5.0
0.0
0.0
0.0
0.0
0.0
0.0
28.0
239.0
0.0
109.0
0.0
0.0
0.0
0.0
0.0
0.0
0.0
0.0
0.0
0.0
58.0
0.0
0.0
5.0
13.0
224.0
0.0
0.0
0.0
0.0
0.0
0.0
0.0
0.0
20.0
18.0
0.0
0.0
0.0
0.0
0.0
0.0
0.0
0.0
0.0
0.0
0.0
0.0
0.0
0.0
0.0
0.0
18.0
5.0
8.0
79.0
0.0
5.0
0.0
0.0
0.0
0.0
0.0
0.0
0.0
0.0
0.0
0.0
0.0
0.0
0.0
0.0
0.0
0.0
0.0
0.0
0.0
0.0
0.0
0.0
0.0
0.0
0.0
0.0
0.0
10.0
56.0
0.0
0.0
15.0
0.0
0.0
97.0
20.0
0.0
0.0
0.0
0.0
0.0
0.0
0.0
0.0
0.0
0.0
0.0
0.0
0.0
0.0
0.0
10.0
0.0
0.0
0.0
0.0
0.0
0.0
0.0
10.0
0.0
0.0
0.0
0.0
0.0
0.0
0.0
81.0
20.0
0.0
0.0
0.0
0.0
0.0
0.0
0.0
0.0
0.0
15.0
0.0
0.0
0.0
0.0
0.0
0.0
0.0
0.0
0.0
0.0
0.0
0.0
0.0
0.0
0.0
0.0
0.0
0.0
0.0
0.0
23.0
0.0
0.0
0.0
61.0
0.0
0.0
0.0
0.0
23.0
0.0
0.0
0.0
0.0
0.0
0.0
0.0
0.0
0.0
0.0
0.0
0.0
0.0
8.0
0.0
0.0
272.0
43.0
0.0
8.0
0.0
0.0
0.0
0.0
0.0
0.0
0.0
0.0
97.0
0.0
0.0
0.0
0.0
0.0
0.0
13.0
0.0
0.0
61.0
0.0
69.0
8.0
0.0
0.0
0.0
0.0
0.0
0.0
135.0
10.0
0.0
0.0
0.0
0.0
0.0
0.0
0.0
0.0
0.0
0.0
0.0
0.0
8.0
193.0
455.0
0.0
0.0
0.0
0.0
361.0
137.0
178.0
0.0
0.0
30.0
0.0
0.0
36.0
0.0
0.0
25.0
0.0
0.0
0.0
0.0
122.0
104.0
0.0
0.0
0.0
0.0
0.0
43.0
0.0
0.0
10.0
69.0
51.0
0.0
18.0
5.0
0.0
0.0
196.0
30.0
0.0
0.0
0.0
224.0
0.0
20.0
145.0
0.0
0.0
0.0
0.0
0.0
0.0
0.0
0.0
0.0
0.0
0.0
0.0
0.0
0.0
0.0
0.0
0.0
0.0
0.0
13.0
0.0
0.0
0.0
0.0
0.0
0.0
0.0
0.0
274.0
0.0
43.0
0.0
0.0
0.0
41.0
0.0
0.0
0.0
0.0
0.0
0.0
0.0
46.0
10.0
0.0
0.0
0.0
0.0
378.0
0.0
505.0
0.0
0.0
0.0
0.0
0.0
0.0
0.0
0.0
0.0
0.0
0.0
18.0
0.0
18.0
0.0
0.0
0.0
0.0
0.0
0.0
0.0
25.0
0.0
0.0
0.0
0.0
69.0
0.0
76.0
18.0
0.0
0.0
0.0
0.0
0.0
0.0
0.0
0.0
0.0
0.0
0.0
0.0
0.0
0.0
0.0
0.0
0.0
18.0
0.0
15.0
0.0
0.0
0.0
0.0
0.0
0.0
0.0
0.0
0.0
0.0
0.0
0.0
0.0
0.0
74.0
114.0
0.0
0.0
0.0
0.0
0.0
0.0
0.0
0.0
0.0
0.0
0.0
0.0
0.0
0.0
0.0
0.0
8.0
10.0
8.0
0.0
0.0
0.0
0.0
0.0
0.0
0.0
0.0
0.0
140.0
13.0
0.0
0.0
0.0
0.0
0.0
287.0
0.0
0.0
0.0
0.0
0.0
0.0
0.0
0.0
0.0
0.0
18.0
0.0
0.0
0.0
0.0
0.0
0.0
36.0
0.0
0.0
0.0
0.0
0.0
0.0
0.0
0.0
0.0
0.0
0.0
0.0
0.0
0.0
0.0
0.0
0.0
0.0
0.0
0.0
0.0
0.0
0.0
0.0
0.0
0.0
0.0
0.0
0.0
0.0
0.0
0.0
0.0
0.0
0.0
0.0
0.0
0.0
0.0
41.0
30.0
0.0
0.0
0.0
0.0
0.0
0.0
0.0
0.0
0.0
0.0
0.0
0.0
0.0
0.0
0.0
0.0
0.0
0.0
0.0
0.0
0.0
0.0
0.0
0.0
0.0
0.0
0.0
0.0
0.0
0.0
0.0
0.0
0.0
0.0
0.0
0.0
0.0
0.0
0.0
0.0
0.0
0.0
0.0
0.0
0.0
0.0
18.0
0.0
0.0
0.0
0.0
84.0
8.0
0.0
0.0
0.0
0.0
0.0
89.0
10.0
81.0
0.0
0.0
0.0
0.0
0.0
0.0
0.0
0.0
0.0
0.0
0.0
0.0
0.0
0.0
0.0
25.0
0.0
0.0
290.0
10.0
0.0
0.0
18.0
0.0
0.0
0.0
0.0
0.0
0.0
0.0
18.0
165.0
43.0
0.0
0.0
0.0
0.0
5.0
0.0
61.0
0.0
0.0
41.0
0.0
64.0
0.0
0.0
0.0
0.0
8.0
0.0
0.0
0.0
0.0
0.0
0.0
0.0
15.0
0.0
0.0
0.0
0.0
0.0
0.0
0.0
0.0
0.0
0.0
81.0
0.0
0.0
0.0
0.0
0.0
0.0
0.0
0.0
13.0
0.0
0.0
0.0
0.0
0.0
33.0
0.0
206.0
61.0
0.0
0.0
0.0
0.0
0.0
0.0
0.0
0.0
0.0
145.0
28.0
25.0
23.0
0.0
0.0
0.0
0.0
53.0
0.0
417.0
5.0
0.0
0.0
0.0
0.0
20.0
86.0
0.0
46.0
0.0
0.0
0.0
18.0
13.0
0.0
0.0
0.0
0.0
0.0
0.0
0.0
36.0
0.0
0.0
0.0
0.0
0.0
348.0
61.0
0.0
0.0
46.0
0.0
0.0
0.0
0.0
0.0
66.0
0.0
91.0
13.0
0.0
0.0
20.0
0.0
0.0
81.0
0.0
46.0
5.0
0.0
343.0
13.0
13.0
38.0
15.0
0.0
0.0
5.0
0.0
330.0
76.0
5.0
0.0
0.0
0.0
0.0
38.0
30.0
0.0
0.0
0.0
0.0
0.0
0.0
0.0
0.0
0.0
0.0
0.0
0.0
79.0
216.0
15.0
0.0
0.0
0.0
0.0
0.0
0.0
0.0
0.0
0.0
0.0
0.0
0.0
10.0
0.0
0.0
0.0
0.0
0.0
0.0
0.0
0.0
0.0
0.0
0.0
0.0
0.0
0.0
0.0
0.0
0.0
0.0
0.0
0.0
0.0
28.0
0.0
0.0
0.0
0.0
8.0
0.0
0.0
0.0
0.0
0.0
0.0
0.0
0.0
0.0
0.0
0.0
5.0
13.0
0.0
10.0
0.0
0.0
46.0
0.0
0.0
0.0
0.0
0.0
0.0
0.0
0.0
23.0
38.0
0.0
0.0
5.0
10.0
0.0
0.0
0.0
0.0
0.0
0.0
0.0
0.0
0.0
0.0
0.0
0.0
0.0
0.0
0.0
0.0
0.0
0.0
0.0
0.0
56.0
0.0
0.0
0.0
0.0
0.0
0.0
0.0
58.0
0.0
0.0
0.0
0.0
0.0
0.0
0.0
0.0
18.0
0.0
0.0
0.0
0.0
0.0
0.0
0.0
0.0
0.0
0.0
0.0
0.0
5.0
122.0
0.0
0.0
0.0
0.0
0.0
25.0
0.0
20.0
0.0
33.0
20.0
0.0
0.0
0.0
0.0
0.0
0.0
0.0
112.0
0.0
0.0
0.0
0.0
0.0
0.0
33.0
41.0
0.0
0.0
0.0
0.0
0.0
0.0
0.0
0.0
0.0
41.0
0.0
0.0
0.0
0.0
0.0
0.0
0.0
0.0
30.0
0.0
0.0
0.0
0.0
0.0
0.0
0.0
0.0
0.0
43.0
0.0
0.0
0.0
0.0
0.0
0.0
0.0
0.0
0.0
0.0
10.0
0.0
0.0
0.0
0.0
0.0
10.0
0.0
104.0
0.0
0.0
0.0
0.0
0.0
36.0
0.0
5.0
0.0
71.0
0.0
0.0
13.0
89.0
46.0
183.0
168.0
0.0
5.0
18.0
0.0
36.0
351.0
259.0
5.0
0.0
0.0
0.0
8.0
112.0
56.0
5.0
0.0
0.0
0.0
0.0
0.0
15.0
53.0
5.0
152.0
13.0
0.0
0.0
0.0
0.0
66.0
345.0
91.0
0.0
8.0
0.0
56.0
132.0
25.0
0.0
5.0
0.0
0.0
0.0
0.0
0.0
348.0
8.0
241.0
706.0
0.0
348.0
399.0
0.0
0.0
13.0
0.0
0.0
0.0
43.0
107.0
0.0
0.0
0.0
732.0
0.0
0.0
15.0
61.0
0.0
0.0
0.0
0.0
0.0
5.0
0.0
0.0
