18.3
15.0
22.8
21.1
24.4
11.7
20.0
23.3
25.6
19.4
18.9
21.1
23.9
20.6
21.1
26.1
26.7
22.8
21.7
17.8
14.4
13.9
14.4
25.0
18.9
23.3
26.7
24.4
20.6
24.4
28.9
28.9
27.8
27.8
30.6
31.1
27.8
30.0
32.2
30.6
30.6
27.2
33.9
34.4
31.1
27.2
29.4
25.0
25.0
31.1
30.6
31.7
25.0
29.4
27.8
28.9
NaN
31.1
28.9
28.9
32.8
35.0
33.3
36.7
27.2
24.4
26.1
24.4
30.0
30.0
20.0
15.6
20.6
20.0
29.4
32.8
33.3
31.7
NaN
28.9
25.0
21.1
NaN
NaN
31.7
23.9
26.1
25.0
31.1
28.9
31.1
25.6
20.0
25.6
33.9
26.7
25.0
23.3
25.0
28.9
23.9
17.8
21.1
21.1
18.3
11.1
16.7
11.1
20.6
27.8
27.8
20.0
17.2
21.1
21.7
24.4
21.1
15.6
11.1
12.2
19.4
24.4
8.9
3.3
2.2
3.3
16.7
18.9
8.9
5.0
9.4
15.0
18.3
15.6
21.7
19.4
17.8
13.9
14.4
8.3
0.6
9.4
12.8
7.2
8.3
12.8
10.6
12.8
16.1
7.8
15.6
11.7
16.7
13.3
14.4
15.0
20.0
22.2
22.2
6.1
6.7
2.2
-2.2
-6.1
-12.2
-11.1
-4.4
6.7
8.3
10.6
13.3
8.3
0.0
0.6
7.2
1.7
-3.3
4.4
6.1
2.8
6.1
3.3
6.1
9.4
8.3
12.8
6.1
6.7
-1.1
-5.6
-6.7
-5.6
-11.1
-15.6
-16.7
-22.8
-6.1
1.7
1.1
-7.2
NaN
-21.1
-25.0
-24.4
-19.4
-20.6
-18.9
-19.4
-20.0
-20.6
-21.7
-19.4
-7.8
-6.7
-4.4
-2.2
-3.3
-1.1
-1.7
2.2
0.6
4.4
3.3
-0.6
3.9
-10.6
-21.1
-19.4
-16.1
-12.2
-5.0
-3.3
-1.1
-8.9
-8.9
-15.0
-7.8
-10.6
-11.7
-7.2
3.9
0.6
-15.6
-15.6
-28.9
NaN
-22.2
-22.2
-21.1
-4.4
0.6
1.7
-10.6
-11.1
-12.8
-10.6
-7.8
-3.9
-4.4
-0.6
5.0
-4.4
-14.4
-12.2
-11.7
-15.0
-18.9
-15.6
-11.7
-13.9
-15.6
-8.9
-8.9
-7.2
-10.6
-15.6
-2.8
5.6
1.1
0.0
-1.1
-5.0
-1.1
-1.7
-3.3
0.0
1.7
-1.1
-3.9
-3.9
5.0
-0.6
6.1
4.4
4.4
2.8
2.8
3.3
4.4
5.6
5.0
6.1
NaN
NaN
