976.0
762.0
80.0
269.0
64.0
33.0
122.0
38.0
523.0
284.0
828.0
690.0
610.0
615.0
37.0
182.0
145.0
41.0
3.0
18.0
336.0
694.0
428.0
243.0
2135.0
1108.0
117.0
510.0
41.0
47.0
21.0
61.0
184.0
530.0
466.0
1843.0
488.0
1187.0
1333.0
685.0
23.0
254.0
105.0
122.0
456.0
602.0
636.0
635.0
479.0
1357.0
179.0
152.0
198.0
642.0
21.0
191.0
313.0
405.0
689.0
691.0
1292.0
732.0
409.0
84.0
150.0
216.0
71.0
107.0
91.0
676.0
227.0
1096.0
576.0
631.0
64.0
572.0
21.0
88.0
145.0
89.0
375.0
305.0
1330.0
1874.0
715.0
233.0
482.0
588.0
161.0
5.0
252.0
179.0
255.0
1534.0
1206.0
1284.0
347.0
1119.0
742.0
777.0
109.0
219.0
281.0
152.0
NaN
337.0
739.0
677.0
1466.0
518.0
546.0
321.0
15.0
181.0
54.0
270.0
175.0
668.0
1540.0
1676.0
721.0
412.0
298.0
348.0
194.0
260.0
110.0
238.0
62.0
224.0
1351.0
399.0
559.0
1168.0
168.0
284.0
411.0
458.0
280.0
46.0
117.0
353.0
450.0
1063.0
731.0
342.0
508.0
91.0
38.0
219.0
38.0
203.0
58.0
866.0
597.0
632.0
919.0
679.0
713.0
1045.0
87.0
152.0
28.0
18.0
219.0
1058.0
945.0
81.0
1592.0
851.0
261.0
127.0
0.0
71.0
28.0
109.0
486.0
671.0
654.0
951.0
996.0
465.0
390.0
120.0
107.0
59.0
60.0
289.0
302.0
925.0
596.0
1471.0
391.0
713.0
789.0
826.0
5.0
205.0
120.0
711.0
555.0
827.0
1073.0
1417.0
1497.0
167.0
469.0
337.0
41.0
157.0
162.0
38.0
152.0
515.0
1018.0
961.0
531.0
756.0
308.0
173.0
75.0
169.0
254.0
109.0
573.0
811.0
1423.0
648.0
730.0
221.0
496.0
53.0
66.0
234.0
329.0
178.0
305.0
681.0
984.0
902.0
728.0
658.0
56.0
142.0
213.0
536.0
38.0
368.0
167.0
899.0
597.0
1359.0
428.0
274.0
310.0
633.0
780.0
88.0
51.0
254.0
311.0
1164.0
813.0
1404.0
378.0
498.0
140.0
577.0
455.0
38.0
13.0
0.0
376.0
254.0
808.0
396.0
563.0
1572.0
819.0
218.0
74.0
51.0
114.0
267.0
51.0
287.0
451.0
1106.0
1003.0
692.0
0.0
363.0
457.0
203.0
89.0
0.0
102.0
417.0
693.0
1463.0
495.0
1186.0
493.0
172.0
71.0
102.0
25.0
272.0
160.0
160.0
231.0
1744.0
88.0
1021.0
914.0
209.0
102.0
381.0
0.0
0.0
107.0
298.0
133.0
1207.0
935.0
762.0
331.0
204.0
112.0
76.0
173.0
74.0
0.0
0.0
619.0
477.0
405.0
500.0
1375.0
432.0
33.0
25.0
13.0
51.0
674.0
1697.0
1268.0
250.0
427.0
447.0
86.0
119.0
78.0
272.0
0.0
165.0
293.0
53.0
468.0
889.0
222.0
636.0
130.0
488.0
346.0
0.0
0.0
229.0
323.0
564.0
762.0
858.0
882.0
71.0
608.0
1003.0
255.0
0.0
76.0
102.0
89.0
685.0
513.0
1233.0
262.0
1015.0
285.0
582.0
431.0
0.0
51.0
58.0
412.0
176.0
551.0
1250.0
333.0
211.0
372.0
384.0
182.0
135.0
135.0
152.0
NaN
NaN
788.0
1574.0
258.0
749.0
396.0
265.0
0.0
54.0
0.0
56.0
223.0
445.0
727.0
341.0
1167.0
1031.0
182.0
0.0
0.0
129.0
50.0
25.0
305.0
64.0
157.0
879.0
414.0
429.0
381.0
254.0
81.0
0.0
51.0
356.0
248.0
1472.0
985.0
668.0
215.0
211.0
206.0
20.0
211.0
268.0
133.0
185.0
197.0
373.0
516.0
576.0
204.0
140.0
382.0
266.0
152.0
155.0
226.0
25.0
462.0
313.0
738.0
1015.0
280.0
572.0
215.0
254.0
25.0
107.0
101.0
292.0
724.0
1767.0
1266.0
520.0
539.0
277.0
401.0
0.0
28.0
25.0
330.0
89.0
89.0
463.0
958.0
813.0
1328.0
218.0
292.0
299.0
0.0
0.0
20.0
184.0
533.0
387.0
36.0
832.0
148.0
882.0
196.0
165.0
312.0
170.0
133.0
97.0
122.0
1190.0
450.0
1003.0
442.0
739.0
587.0
1097.0
25.0
147.0
0.0
282.0
596.0
949.0
2301.0
1543.0
398.0
562.0
561.0
79.0
NaN
147.0
122.0
89.0
180.0
415.0
601.0
851.0
328.0
467.0
132.0
397.0
25.0
0.0
509.0
173.0
179.0
980.0
1128.0
2048.0
656.0
1742.0
210.0
343.0
607.0
NaN
122.0
130.0
127.0
500.0
725.0
1010.0
291.0
851.0
381.0
117.0
43.0
38.0
63.0
99.0
897.0
259.0
948.0
881.0
513.0
668.0
1325.0
1400.0
254.0
94.0
117.0
33.0
101.0
751.0
432.0
1886.0
452.0
142.0
317.0
349.0
183.0
20.0
68.0
90.0
132.0
648.0
475.0
1478.0
664.0
266.0
274.0
297.0
180.0
115.0
422.0
0.0
561.0
439.0
686.0
320.0
902.0
789.0
717.0
699.0
107.0
382.0
80.0
253.0
642.0
280.0
712.0
427.0
2139.0
993.0
597.0
310.0
0.0
0.0
51.0
275.0
205.0
770.0
1330.0
714.0
821.0
787.0
744.0
465.0
188.0
483.0
310.0
277.0
292.0
216.0
432.0
606.0
371.0
925.0
0.0
0.0
208.0
20.0
0.0
NaN
23.0
1018.0
538.0
1661.0
321.0
1207.0
25.0
43.0
132.0
51.0
0.0
130.0
215.0
372.0
490.0
1847.0
578.0
1115.0
457.0
268.0
140.0
0.0
0.0
330.0
28.0
452.0
434.0
813.0
340.0
302.0
287.0
79.0
8.0
38.0
13.0
5.0
435.0
479.0
240.0
315.0
852.0
618.0
188.0
396.0
442.0
102.0
127.0
127.0
361.0
614.0
1504.0
1058.0
802.0
297.0
570.0
604.0
745.0
0.0
58.0
268.0
177.0
935.0
503.0
698.0
858.0
191.0
116.0
0.0
216.0
30.0
106.0
206.0
321.0
286.0
1438.0
698.0
399.0
516.0
699.0
508.0
373.0
175.0
228.0
224.0
302.0
832.0
1280.0
643.0
142.0
1008.0
454.0
109.0
282.0
51.0
104.0
121.0
197.0
204.0
881.0
692.0
814.0
496.0
474.0
289.0
101.0
68.0
91.0
670.0
1013.0
340.0
2046.0
1592.0
NaN
NaN
355.0
119.0
25.0
3.0
356.0
41.0
183.0
620.0
NaN
NaN
1748.0
132.0
1057.0
81.0
191.0
50.0
56.0
20.0
541.0
835.0
632.0
1381.0
1069.0
233.0
391.0
0.0
0.0
284.0
46.0
82.0
204.0
401.0
672.0
1910.0
210.0
175.0
1053.0
132.0
102.0
170.0
69.0
87.0
377.0
597.0
251.0
584.0
607.0
1470.0
434.0
274.0
48.0
83.0
192.0
76.0
43.0
274.0
387.0
1954.0
55.0
573.0
341.0
196.0
0.0
88.0
72.0
25.0
158.0
1653.0
741.0
1101.0
140.0
230.0
455.0
586.0
205.0
427.0
146.0
272.0
21.0
201.0
1101.0
352.0
803.0
660.0
829.0
490.0
33.0
99.0
91.0
38.0
438.0
1074.0
651.0
914.0
127.0
227.0
363.0
557.0
375.0
205.0
13.0
277.0
165.0
1119.0
777.0
722.0
532.0
343.0
332.0
994.0
311.0
124.0
30.0
36.0
61.0
852.0
2009.0
1289.0
830.0
369.0
99.0
420.0
452.0
96.0
223.0
178.0
1007.0
293.0
1057.0
376.0
566.0
210.0
1227.0
434.0
439.0
97.0
18.0
119.0
305.0
849.0
922.0
1086.0
289.0
224.0
150.0
119.0
56.0
26.0
218.0
45.0
556.0
350.0
201.0
1369.0
256.0
134.0
325.0
257.0
203.0
25.0
170.0
61.0
74.0
371.0
592.0
232.0
417.0
243.0
605.0
114.0
5.0
38.0
59.0
739.0
1066.0
912.0
1165.0
485.0
1149.0
1031.0
1103.0
787.0
312.0
102.0
77.0
119.0
55.0
1087.0
1280.0
541.0
791.0
162.0
170.0
135.0
35.0
66.0
285.0
3.0
440.0
586.0
695.0
539.0
1408.0
587.0
102.0
660.0
383.0
0.0
54.0
53.0
149.0
242.0
626.0
750.0
208.0
1012.0
285.0
788.0
13.0
106.0
51.0
13.0
571.0
288.0
742.0
877.0
1571.0
422.0
106.0
295.0
364.0
182.0
295.0
0.0
342.0
331.0
2426.0
978.0
1245.0
547.0
869.0
1412.0
307.0
230.0
13.0
0.0
694.0
465.0
772.0
1525.0
765.0
124.0
183.0
326.0
487.0
247.0
23.0
382.0
437.0
1493.0
837.0
1141.0
726.0
997.0
172.0
826.0
45.0
60.0
245.0
0.0
373.0
700.0
580.0
673.0
714.0
1367.0
1246.0
236.0
509.0
111.0
124.0
30.0
434.0
1041.0
717.0
1029.0
524.0
554.0
978.0
242.0
129.0
13.0
67.0
436.0
1274.0
310.0
298.0
917.0
1070.0
635.0
426.0
157.0
299.0
222.0
449.0
105.0
226.0
659.0
1820.0
183.0
433.0
455.0
1293.0
91.0
226.0
130.0
8.0
156.0
213.0
337.0
250.0
463.0
631.0
314.0
374.0
61.0
165.0
283.0
15.0
77.0
349.0
709.0
1373.0
671.0
903.0
890.0
98.0
341.0
113.0
90.0
54.0
270.0
289.0
763.0
1047.0
788.0
223.0
514.0
208.0
502.0
363.0
8.0
201.0
174.0
299.0
271.0
155.0
486.0
1215.0
788.0
537.0
13.0
227.0
53.0
59.0
250.0
288.0
739.0
862.0
1569.0
1099.0
274.0
510.0
156.0
403.0
87.0
134.0
144.0
28.0
805.0
378.0
1165.0
1134.0
538.0
552.0
451.0
163.0
120.0
76.0
112.0
925.0
1307.0
1603.0
388.0
346.0
1012.0
1085.0
962.0
242.0
82.0
288.0
46.0
252.0
416.0
1795.0
658.0
402.0
150.0
1893.0
693.0
285.0
149.0
131.0
262.0
61.0
843.0
750.0
678.0
790.0
490.0
589.0
627.0
45.0
31.0
107.0
76.0
380.0
690.0
713.0
1472.0
831.0
1124.0
973.0
1343.0
411.0
40.0
80.0
152.0
159.0
1253.0
1482.0
1768.0
842.0
834.0
539.0
44.0
36.0
51.0
168.0
224.0
91.0
347.0
870.0
609.0
249.0
213.0
70.0
376.0
542.0
139.0
592.0
287.0
70.0
1612.0
778.0
327.0
1110.0
11.0
1094.0
43.0
455.0
28.0
94.0
8.0
329.0
419.0
646.0
345.0
276.0
798.0
348.0
564.0
21.0
43.0
NaN
150.0
127.0
714.0
845.0
878.0
493.0
883.0
148.0
226.0
198.0
44.0
76.0
71.0
711.0
221.0
1143.0
1446.0
555.0
271.0
1065.0
525.0
96.0
34.0
110.0
152.0
259.0
638.0
1057.0
2233.0
251.0
391.0
607.0
173.0
581.0
190.0
117.0
69.0
477.0
654.0
323.0
701.0
479.0
872.0
1029.0
63.0
145.0
419.0
56.0
238.0
648.0
987.0
1543.0
1120.0
163.0
1095.0
392.0
1416.0
3.0
189.0
77.0
130.0
179.0
617.0
683.0
1716.0
597.0
825.0
335.0
1039.0
230.0
163.0
174.0
175.0
386.0
312.0
220.0
NaN
0.0
1273.0
226.0
1069.0
0.0
173.0
193.0
125.0
268.0
715.0
907.0
1471.0
1308.0
396.0
653.0
194.0
39.0
38.0
190.0
217.0
84.0
610.0
1057.0
2527.0
735.0
654.0
125.0
442.0
25.0
46.0
89.0
460.0
287.0
1023.0
855.0
417.0
170.0
318.0
28.0
71.0
48.0
159.0
45.0
215.0
155.0
540.0
1377.0
1037.0
1233.0
762.0
351.0
780.0
66.0
89.0
30.0
29.0
94.0
426.0
527.0
699.0
21.0
1803.0
239.0
127.0
68.0
251.0
38.0
49.0
31.0
183.0
1248.0
562.0
1530.0
1262.0
757.0
270.0
505.0
228.0
69.0
74.0
292.0
1481.0
793.0
276.0
281.0
1203.0
1228.0
258.0
246.0
275.0
179.0
51.0
46.0
802.0
433.0
295.0
57.0
1114.0
NaN
NaN
