315.0
539.0
1161.0
652.0
562.0
1707.0
394.0
168.0
23.0
88.0
41.0
49.0
127.0
261.0
580.0
1662.0
78.0
191.0
522.0
750.0
137.0
63.0
104.0
89.0
64.0
783.0
384.0
1753.0
1291.0
585.0
631.0
179.0
138.0
107.0
28.0
59.0
328.0
421.0
1128.0
768.0
1087.0
428.0
510.0
139.0
346.0
64.0
59.0
78.0
210.0
126.0
86.0
654.0
548.0
1617.0
366.0
137.0
135.0
198.0
211.0
122.0
155.0
1553.0
778.0
739.0
655.0
606.0
283.0
228.0
110.0
3.0
92.0
109.0
1039.0
533.0
882.0
923.0
352.0
160.0
33.0
62.0
184.0
67.0
69.0
234.0
895.0
786.0
1824.0
920.0
2391.0
1350.0
145.0
204.0
206.0
61.0
8.0
146.0
653.0
843.0
1112.0
1349.0
255.0
1514.0
573.0
305.0
224.0
65.0
116.0
615.0
390.0
421.0
1081.0
1410.0
1448.0
424.0
125.0
136.0
290.0
310.0
110.0
197.0
1091.0
310.0
859.0
177.0
325.0
204.0
232.0
186.0
295.0
155.0
14.0
276.0
434.0
363.0
2122.0
1567.0
865.0
656.0
439.0
76.0
138.0
557.0
121.0
26.0
422.0
674.0
997.0
552.0
468.0
421.0
497.0
65.0
233.0
164.0
34.0
211.0
618.0
1104.0
1321.0
266.0
742.0
588.0
637.0
212.0
203.0
222.0
38.0
155.0
209.0
546.0
754.0
1073.0
579.0
922.0
1438.0
118.0
113.0
173.0
188.0
122.0
267.0
367.0
623.0
761.0
331.0
614.0
333.0
164.0
241.0
33.0
46.0
170.0
160.0
549.0
567.0
883.0
742.0
1622.0
274.0
267.0
159.0
154.0
45.0
68.0
737.0
953.0
423.0
694.0
1698.0
99.0
503.0
231.0
130.0
308.0
47.0
266.0
468.0
310.0
1219.0
1352.0
316.0
846.0
478.0
91.0
94.0
156.0
88.0
213.0
221.0
115.0
1404.0
730.0
1159.0
52.0
3.0
10.0
103.0
118.0
199.0
164.0
105.0
1291.0
424.0
970.0
531.0
1304.0
439.0
853.0
196.0
16.0
34.0
26.0
181.0
628.0
687.0
1315.0
506.0
467.0
51.0
147.0
125.0
135.0
237.0
212.0
909.0
807.0
328.0
745.0
819.0
343.0
350.0
394.0
30.0
168.0
115.0
211.0
NaN
54.0
377.0
582.0
1093.0
570.0
413.0
306.0
59.0
47.0
42.0
241.0
206.0
491.0
1692.0
520.0
868.0
980.0
576.0
204.0
54.0
189.0
40.0
NaN
255.0
940.0
652.0
1619.0
416.0
683.0
NaN
NaN
108.0
71.0
178.0
610.0
143.0
437.0
1434.0
647.0
1203.0
797.0
NaN
303.0
101.0
39.0
226.0
36.0
359.0
274.0
1506.0
214.0
570.0
120.0
1116.0
80.0
258.0
43.0
93.0
120.0
346.0
1401.0
1556.0
433.0
1470.0
644.0
327.0
314.0
70.0
84.0
90.0
15.0
629.0
483.0
955.0
833.0
408.0
823.0
102.0
526.0
41.0
92.0
181.0
200.0
5.0
1134.0
190.0
1484.0
560.0
417.0
183.0
138.0
115.0
166.0
37.0
332.0
0.0
762.0
248.0
693.0
439.0
772.0
173.0
194.0
208.0
381.0
65.0
307.0
220.0
1025.0
973.0
191.0
519.0
320.0
111.0
264.0
94.0
150.0
85.0
315.0
405.0
212.0
1401.0
334.0
818.0
271.0
61.0
14.0
231.0
142.0
171.0
104.0
671.0
1420.0
841.0
1043.0
435.0
1189.0
409.0
186.0
165.0
160.0
229.0
148.0
336.0
600.0
755.0
873.0
1060.0
1009.0
84.0
294.0
200.0
194.0
13.0
72.0
241.0
399.0
1156.0
1519.0
1520.0
183.0
191.0
154.0
144.0
126.0
107.0
69.0
137.0
359.0
1355.0
1400.0
586.0
734.0
460.0
597.0
69.0
137.0
185.0
318.0
128.0
661.0
584.0
1259.0
842.0
789.0
400.0
419.0
200.0
303.0
230.0
115.0
230.0
1020.0
646.0
1282.0
471.0
440.0
389.0
667.0
336.0
233.0
49.0
181.0
627.0
640.0
709.0
1193.0
105.0
508.0
741.0
351.0
64.0
221.0
209.0
28.0
208.0
1029.0
1118.0
1457.0
1298.0
105.0
1362.0
312.0
68.0
233.0
55.0
203.0
522.0
1482.0
980.0
794.0
980.0
1403.0
362.0
11.0
84.0
50.0
214.0
183.0
306.0
274.0
1283.0
575.0
NaN
564.0
714.0
793.0
206.0
18.0
131.0
28.0
546.0
741.0
430.0
840.0
1154.0
594.0
518.0
84.0
124.0
37.0
33.0
186.0
286.0
915.0
2368.0
714.0
1154.0
412.0
79.0
91.0
140.0
46.0
111.0
252.0
198.0
614.0
1181.0
134.0
312.0
1002.0
484.0
127.0
183.0
176.0
21.0
219.0
192.0
1982.0
228.0
1330.0
1185.0
946.0
662.0
19.0
226.0
225.0
46.0
34.0
144.0
843.0
1717.0
1331.0
953.0
367.0
470.0
532.0
298.0
140.0
117.0
522.0
333.0
326.0
376.0
493.0
895.0
389.0
427.0
166.0
196.0
27.0
158.0
239.0
517.0
NaN
NaN
NaN
NaN
NaN
1032.0
136.0
237.0
25.0
NaN
56.0
506.0
NaN
NaN
NaN
NaN
NaN
NaN
NaN
NaN
75.0
239.0
651.0
293.0
NaN
NaN
NaN
NaN
NaN
492.0
110.0
316.0
245.0
123.0
165.0
NaN
NaN
NaN
NaN
NaN
NaN
NaN
375.0
NaN
NaN
NaN
35.0
NaN
NaN
NaN
NaN
NaN
NaN
NaN
NaN
31.0
NaN
173.0
NaN
NaN
NaN
NaN
NaN
NaN
NaN
NaN
NaN
NaN
NaN
NaN
NaN
NaN
1108.0
NaN
NaN
NaN
NaN
NaN
NaN
NaN
NaN
NaN
NaN
NaN
NaN
NaN
NaN
NaN
NaN
NaN
NaN
NaN
NaN
NaN
NaN
NaN
NaN
NaN
NaN
NaN
NaN
NaN
NaN
NaN
NaN
NaN
NaN
NaN
NaN
NaN
NaN
NaN
NaN
NaN
NaN
NaN
NaN
NaN
NaN
NaN
NaN
NaN
NaN
