1280.0
267.0
170.0
750.0
0.0
942.0
238.0
949.0
1060.0
1606.0
957.0
919.0
992.0
438.0
640.0
356.0
350.0
678.0
211.0
905.0
806.0
679.0
0.0
922.0
1562.0
1547.0
480.0
257.0
330.0
349.0
NaN
935.0
1303.0
1019.0
253.0
2203.0
366.0
528.0
116.0
204.0
92.0
89.0
437.0
715.0
2089.0
467.0
1190.0
NaN
618.0
375.0
1347.0
681.0
170.0
274.0
746.0
417.0
1955.0
1195.0
537.0
783.0
264.0
793.0
794.0
317.0
NaN
NaN
341.0
NaN
656.0
159.0
447.0
856.0
345.0
221.0
878.0
334.0
792.0
384.0
792.0
826.0
908.0
835.0
369.0
714.0
1330.0
1158.0
658.0
665.0
338.0
568.0
864.0
953.0
263.0
958.0
2170.0
2302.0
329.0
1112.0
215.0
991.0
452.0
1096.0
252.0
1046.0
1191.0
1018.0
1537.0
627.0
3778.0
695.0
294.0
1307.0
295.0
663.0
1191.0
1065.0
877.0
961.0
751.0
1358.0
285.0
1366.0
351.0
867.0
282.0
289.0
485.0
778.0
1219.0
1784.0
1595.0
798.0
684.0
266.0
505.0
413.0
NaN
NaN
NaN
NaN
NaN
NaN
NaN
NaN
NaN
NaN
951.0
764.0
340.0
385.0
599.0
664.0
540.0
495.0
NaN
782.0
325.0
1069.0
254.0
556.0
958.0
783.0
658.0
1892.0
1028.0
854.0
938.0
570.0
432.0
553.0
865.0
394.0
577.0
652.0
263.0
675.0
1210.0
1849.0
979.0
1519.0
944.0
826.0
392.0
234.0
338.0
493.0
NaN
995.0
1687.0
2872.0
1319.0
NaN
1130.0
528.0
1190.0
1689.0
237.0
281.0
790.0
552.0
1937.0
815.0
1971.0
911.0
NaN
830.0
644.0
358.0
525.0
190.0
NaN
1463.0
1464.0
958.0
1178.0
519.0
NaN
NaN
