-5.48888888889
-3.85806451613
7.94333333333
11.3387096774
16.1433333333
17.5741935484
19.535483871
16.1925925926
7.42903225806
0.993333333333
-2.75161290323
-4.03666666667
-4.98214285714
NaN
1.93
8.56896551724
15.5966666667
20.0322580645
17.9225806452
13.7366666667
6.14838709677
-0.516666666667
-1.77419354839
-5.42
-4.84482758621
NaN
5.46
12.6096774194
15.8
18.7903225806
16.5806451613
NaN
5.78709677419
-0.00666666666667
-4.73548387097
-6.67096774194
-4.54642857143
-1.70333333333
4.46666666667
NaN
NaN
NaN
NaN
NaN
3.31290322581
4.47333333333
-10.1903225806
-6.12258064516
-7.19642857143
4.02903225806
4.67586206897
7.61935483871
13.7933333333
17.4516129032
14.6225806452
12.6233333333
6.36129032258
-3.39
-7.46129032258
-5.84838709677
-2.91428571429
-1.2935483871
3.95333333333
12.3870967742
17.1466666667
16.9161290323
15.8064516129
15.5233333333
6.37096774194
-2.89333333333
-3.17096774194
-14.2419354839
-9.02413793103
-5.27096774194
5.61333333333
12.564516129
12.9793103448
18.2366666667
NaN
13.1966666667
5.0
-0.0931034482759
-4.35161290323
-5.5
-9.41851851852
-2.83225806452
4.28620689655
10.3161290323
14.5566666667
18.3806451613
17.9290322581
11.91
5.87419354839
3.85666666667
-1.05483870968
-3.13548387097
-12.1071428571
-1.75483870968
5.66
10.8741935484
17.0866666667
17.4032258065
17.3
11.8482758621
7.2
-0.486666666667
-9.86451612903
-9.97096774194
-0.685714285714
-3.31290322581
7.83333333333
9.11612903226
13.8233333333
16.7870967742
14.2806451613
14.0620689655
5.03548387097
0.79
-5.94230769231
-6.2064516129
-8.23448275862
-2.31612903226
4.46666666667
10.6064516129
12.9
18.1387096774
17.135483871
10.8266666667
5.12903225806
0.406666666667
-7.82903225806
-7.36451612903
-9.92142857143
-0.570967741935
4.19
6.55806451613
13.9733333333
16.2193548387
14.2
10.14
1.21935483871
-0.963333333333
-10.9483870968
-17.3096774194
-6.82142857143
0.267741935484
3.35
13.4064516129
15.5166666667
15.4129032258
19.0322580645
7.62333333333
7.71290322581
0.976666666667
-1.42258064516
-6.14838709677
-4.68214285714
0.232258064516
5.51666666667
8.89677419355
17.7633333333
17.8612903226
15.235483871
12.7066666667
8.06451612903
-0.746666666667
-9.38064516129
-10.3677419355
-5.35862068966
0.196774193548
2.73666666667
10.1612903226
15.4133333333
16.0935483871
14.8032258065
13.3166666667
8.26129032258
-0.293333333333
-4.08387096774
-3.01290322581
-1.94642857143
3.48064516129
6.60333333333
11.0774193548
18.57
18.5483870968
17.4258064516
16.02
6.20322580645
0.68
-3.09677419355
-10.3516129032
-4.56428571429
1.59032258065
6.45
12.9903225806
15.52
17.1129032258
15.7483870968
12.5433333333
5.70322580645
1.28333333333
-6.04838709677
-2.85161290323
-7.97857142857
-3.02903225806
3.32666666667
9.42903225806
16.41
17.4096774194
16.3935483871
12.9333333333
3.40967741935
0.626666666667
-0.348387096774
-11.864516129
-5.82413793103
-1.63225806452
5.68666666667
6.97741935484
14.9266666667
14.9806451613
16.7129032258
9.58666666667
5.79032258065
-0.36
-9.45161290323
-9.32258064516
-3.70714285714
-1.36774193548
6.96333333333
6.73870967742
16.8766666667
16.9193548387
15.6032258065
16.2566666667
2.91935483871
-1.91
-7.01935483871
-6.50967741935
-2.91428571429
-4.61333333333
1.42
10.7709677419
12.4266666667
17.3129032258
17.8548387097
14.72
6.82903225806
-2.03333333333
-5.5064516129
-9.57419354839
-1.71071428571
1.45161290323
6.36
10.3161290323
14.0766666667
16.5419354839
12.9709677419
14.1766666667
6.75161290323
1.87
-7.7935483871
-7.42903225806
-4.25517241379
-0.951612903226
1.96333333333
8.99677419355
12.7566666667
17.4580645161
16.7064516129
7.98333333333
7.54193548387
1.68333333333
-3.98387096774
-11.8548387097
-10.4964285714
1.97741935484
7.04333333333
9.1935483871
13.34
17.8290322581
14.2741935484
11.3266666667
5.21290322581
-2.37333333333
-6.26774193548
-11.8258064516
-0.835714285714
-2.01290322581
5.76333333333
10.9774193548
14.4366666667
17.1161290323
16.4838709677
13.5633333333
5.01935483871
-0.69
-4.42258064516
-4.87741935484
-2.57857142857
-2.49677419355
4.72
8.36129032258
17.2233333333
18.3774193548
15.7193548387
15.96
9.21290322581
5.42333333333
-0.193548387097
-1.98709677419
-2.39655172414
-4.64516129032
4.16333333333
10.0870967742
16.35
17.3129032258
16.7
10.8
5.68064516129
-3.81333333333
-7.12666666667
-1.82580645161
-8.03571428571
-0.409677419355
5.29333333333
12.3451612903
16.8933333333
17.6451612903
15.4096774194
14.59
4.40666666667
-2.03
-3.21935483871
-3.72903225806
-9.66785714286
-4.33548387097
4.33333333333
11.1258064516
18.0033333333
19.7967741935
17.2
12.6033333333
7.76451612903
3.21
-5.97096774194
-5.98387096774
-3.00357142857
2.98064516129
4.33
9.24516129032
14.6366666667
19.9548387097
18.1451612903
12.5066666667
6.95483870968
0.653333333333
-7.90322580645
-10.9516129032
-13.5310344828
0.5
3.02333333333
12.9774193548
14.7466666667
21.1709677419
19.9193548387
16.0379310345
7.43548387097
-1.13666666667
-2.95806451613
-7.6064516129
-6.025
-1.59677419355
5.42333333333
11.7806451613
16.3566666667
18.1225806452
19.064516129
12.1466666667
6.19677419355
-2.32666666667
-5.30322580645
-6.41612903226
-0.489285714286
3.85806451613
6.43
11.4
15.6433333333
18.7483870968
19.2419354839
14.2266666667
8.23870967742
1.1
-4.56451612903
-3.5
-6.475
-0.0322580645161
3.84
12.2903225806
17.4233333333
18.4967741935
16.4548387097
14.1266666667
6.88387096774
-0.593333333333
-3.63870967742
-14.6903225806
-4.20344827586
-1.68709677419
4.17333333333
9.23225806452
16.88
17.6806451613
17.4709677419
11.2966666667
8.33225806452
-1.59
-2.04193548387
-5.32903225806
-7.45714285714
-3.22258064516
7.70333333333
12.8096774194
16.7833333333
17.8225806452
17.8677419355
14.37
9.28387096774
1.60333333333
-0.651612903226
-7.08387096774
-6.02857142857
1.26774193548
6.97666666667
11.2516129032
16.9466666667
18.8419354839
16.9741935484
12.5233333333
6.42580645161
1.88
-7.61612903226
-6.92903225806
-5.2
-3.1
3.86666666667
10.8322580645
18.76
18.5322580645
18.6612903226
10.8
6.21935483871
-1.53
-6.46666666667
-4.64193548387
-4.42413793103
-1.46333333333
4.44666666667
14.1741935484
18.3533333333
17.3677419355
17.6258064516
13.7
6.43870967742
3.82
-8.38387096774
-8.8064516129
-3.51428571429
4.78709677419
6.68
8.8
15.1533333333
16.9333333333
17.0064516129
14.09
5.20322580645
-0.0433333333333
-8.76666666667
-5.98387096774
-4.40357142857
5.36129032258
6.50333333333
10.1548387097
16.024137931
18.1548387097
15.9064516129
12.2266666667
7.98275862069
2.11333333333
-3.15161290323
-5.07741935484
-8.88928571429
-3.50666666667
5.66333333333
9.18064516129
15.1966666667
16.2451612903
20.8064516129
14.0821428571
10.5290322581
-1.69666666667
-3.29677419355
-9.85161290323
-6.66206896552
-0.68064516129
7.51666666667
9.56451612903
16.0566666667
18.7516129032
17.5612903226
14.0933333333
5.57419354839
2.52
-3.48387096774
-5.32258064516
-4.88214285714
-0.58064516129
4.11333333333
12.4
18.1833333333
20.4161290323
17.4451612903
9.50333333333
8.70322580645
1.29666666667
-2.90322580645
-4.74838709677
-5.27857142857
-1.81290322581
2.67333333333
12.1258064516
15.67
16.5225806452
14.9387096774
12.9933333333
8.44193548387
-3.24333333333
-10.3032258065
-6.82903225806
-5.71071428571
-2.28709677419
3.79333333333
11.2161290323
15.0566666667
17.3466666667
15.8033333333
11.35
7.39677419355
-3.37
-6.81290322581
-6.27741935484
-2.66551724138
-2.17096774194
4.44666666667
10.2741935484
18.51
18.6516129032
15.7161290323
10.53
1.6064516129
0.727586206897
-2.61290322581
-3.95806451613
-3.51785714286
0.2
3.06551724138
11.1064516129
18.0366666667
18.0870967742
15.9838709677
11.12
6.05161290323
0.0766666666667
-5.43870967742
-6.65806451613
-1.84642857143
-2.27741935484
7.55666666667
8.18387096774
18.2233333333
18.9129032258
18.1064516129
13.9033333333
7.32258064516
0.453333333333
-3.34838709677
-6.68709677419
-5.72142857143
-1.95483870968
8.25666666667
11.5161290323
14.0
20.664516129
17.6516129032
12.92
6.32258064516
-2.95333333333
-7.58064516129
-8.25161290323
-4.74827586207
-1.69666666667
3.12333333333
11.9225806452
16.1433333333
17.2096774194
17.0
10.7
7.95161290323
-0.8
-2.79677419355
-10.9387096774
-2.16071428571
-0.990322580645
6.05666666667
11.4161290323
16.8866666667
18.7612903226
17.364516129
11.4678571429
4.76451612903
0.576666666667
-2.64838709677
-6.28709677419
-10.4785714286
-1.46451612903
5.59310344828
10.2612903226
13.9633333333
17.1076923077
NaN
12.67
5.76129032258
1.39
-9.46451612903
-11.4741935484
-6.77857142857
-1.4
4.83666666667
13.3193548387
15.5928571429
NaN
19.2548387097
13.4666666667
6.72258064516
-3.44666666667
-1.24193548387
-5.68064516129
-6.75
-8.5064516129
6.39666666667
9.72258064516
15.52
16.6838709677
17.5193548387
14.8
5.94516129032
NaN
NaN
NaN
NaN
NaN
2.62
7.94193548387
14.27
17.5548387097
16.3064516129
13.5833333333
6.75806451613
0.63
-7.26129032258
-11.6064516129
-5.60357142857
-2.36774193548
4.16666666667
14.9580645161
15.7793103448
16.8806451613
NaN
11.4466666667
7.77096774194
0.0533333333333
-9.01612903226
-14.1666666667
-11.9428571429
0.512903225806
6.27666666667
9.12580645161
15.1357142857
17.2483870968
14.5741935484
11.7
10.0967741935
1.71
-12.5580645161
-6.8064516129
-6.64827586207
-1.77419354839
6.6
12.9548387097
16.5833333333
18.635483871
15.8
12.45
3.01935483871
1.33
-6.36451612903
-8.04516129032
-6.90714285714
-5.74516129032
6.33
13.5322580645
15.8366666667
17.5741935484
16.3032258065
14.2066666667
6.46774193548
1.50333333333
-1.60967741935
-10.3419354839
-6.3
-0.538709677419
4.09333333333
7.86129032258
14.99
19.3870967742
15.4870967742
12.2133333333
4.79032258065
1.63
-4.5
-5.83225806452
-8.71071428571
0.645161290323
6.81333333333
8.53225806452
16.9833333333
16.3806451613
14.5806451613
11.41
6.83548387097
-0.886666666667
-3.68709677419
-9.20967741935
-8.52068965517
-0.306451612903
5.18
10.035483871
16.9433333333
18.1387096774
18.3129032258
12.69
6.43548387097
1.00333333333
-5.73870967742
-9.34193548387
-3.81785714286
-4.30322580645
6.03666666667
10.9387096774
14.64
19.8903225806
17.0709677419
13.2433333333
6.02580645161
-1.0
-5.73548387097
-12.0806451613
-7.02857142857
-1.79032258065
6.07
13.064516129
16.1766666667
18.2
17.8225806452
14.4966666667
7.65483870968
0.0566666666667
-3.52903225806
-10.2548387097
-5.675
-2.27096774194
4.52333333333
8.95483870968
18.7533333333
16.6387096774
16.0806451613
15.06
10.8032258065
0.906666666667
-0.854838709677
-9.39032258065
-7.44137931034
-1.16451612903
4.80333333333
11.9387096774
14.1633333333
18.0516129032
17.4387096774
14.8866666667
6.27741935484
0.451724137931
-6.18387096774
-5.65161290323
-5.01071428571
4.37419354839
5.89333333333
9.90322580645
16.85
18.9290322581
18.2580645161
15.1166666667
10.0290322581
1.70333333333
-6.56129032258
-7.50322580645
-4.67857142857
1.33870967742
6.49333333333
11.3258064516
14.5733333333
19.1709677419
17.1516129032
10.4766666667
6.11290322581
0.906666666667
-3.20322580645
-5.18064516129
-5.16785714286
-2.19032258065
3.86666666667
12.6935483871
17.3333333333
17.5032258065
19.1
11.56
7.30322580645
3.08666666667
-3.18064516129
-9.51290322581
-2.26206896552
1.66129032258
5.8
9.17096774194
15.83
18.05
15.2258064516
11.2966666667
3.5935483871
-4.66666666667
-10.164516129
-16.4290322581
-6.24285714286
2.2064516129
8.15333333333
14.3612903226
15.65
19.435483871
17.1161290323
14.6266666667
6.21290322581
1.47666666667
-7.25483870968
-13.2967741935
-12.4464285714
-3.51
5.84333333333
10.8741935484
16.81
18.8096774194
17.0774193548
14.8466666667
5.59677419355
2.06666666667
-4.96451612903
-14.1709677419
-12.4107142857
-0.193548387097
4.77333333333
10.2774193548
16.4466666667
17.5677419355
17.8838709677
11.9866666667
6.93870967742
0.146666666667
-3.23870967742
-6.68709677419
-8.98928571429
-1.97741935484
4.35333333333
11.7741935484
15.47
20.4290322581
19.4322580645
14.3333333333
5.01290322581
0.613333333333
-4.33870967742
-8.51612903226
-6.11785714286
-0.648387096774
8.66
8.97096774194
17.5466666667
19.0
17.3935483871
12.6666666667
6.38064516129
2.57333333333
-7.1
-13.8129032258
-8.45357142857
-0.774193548387
2.48333333333
13.8741935484
13.8666666667
19.0064516129
16.6322580645
13.0733333333
5.82258064516
1.13
-0.638709677419
-5.35806451613
-3.58214285714
-0.01
2.88275862069
9.02580645161
16.7766666667
20.1967741935
19.6258064516
11.9466666667
6.79677419355
2.20666666667
-13.0419354839
-10.2903225806
-3.4275862069
-3.76
5.25
9.36451612903
17.91
16.5580645161
17.1612903226
11.5172413793
8.30357142857
-0.653571428571
-2.87307692308
NaN
NaN
0.451851851852
7.10689655172
11.0703703704
14.4428571429
16.5931034483
15.5615384615
12.6466666667
7.13928571429
1.58214285714
NaN
NaN
-7.69130434783
-0.0846153846154
6.244
NaN
NaN
19.4821428571
13.8074074074
13.9307692308
7.59285714286
-2.03846153846
NaN
NaN
NaN
-0.253846153846
3.81428571429
13.0592592593
17.0428571429
19.0
17.0310344828
11.2269230769
1.48620689655
NaN
NaN
NaN
NaN
NaN
NaN
NaN
15.075862069
18.6967741935
17.5733333333
11.5310344828
0.85
-2.01851851852
-8.39
-4.51612903226
-12.2407407407
-1.56206896552
4.63928571429
9.22258064516
15.0733333333
17.96
NaN
NaN
NaN
NaN
NaN
NaN
NaN
NaN
2.28148148148
NaN
NaN
16.32
15.0962962963
12.3
2.74333333333
NaN
NaN
-10.4115384615
-5.02916666667
-0.986666666667
6.09285714286
13.35
18.6366666667
18.864516129
17.8129032258
12.9137931034
6.85517241379
-1.22068965517
-3.27096774194
-3.48333333333
-1.20344827586
1.51935483871
4.3275862069
9.38387096774
14.3655172414
17.8322580645
13.635483871
11.18
4.21935483871
1.25666666667
-5.16774193548
-7.00967741935
-8.39642857143
-2.42
4.48
9.67419354839
15.6366666667
18.9483870968
17.4774193548
9.67586206897
2.6
-0.814814814815
-3.98064516129
-11.1366666667
-9.30434782609
-1.59032258065
4.61034482759
9.66551724138
17.1413793103
16.4516129032
14.0483870968
10.1413793103
6.21935483871
1.92142857143
-2.4935483871
-7.8064516129
-7.51428571429
-0.728571428571
2.95357142857
9.95161290323
15.9535714286
18.135483871
20.2066666667
9.32142857143
3.83
-4.55185185185
-8.46333333333
-11.35
-8.40689655172
-5.93225806452
1.05172413793
10.08
16.3
15.4225806452
16.3580645161
10.1533333333
3.9064516129
-3.83
-5.71290322581
-13.1225806452
-2.9
-0.238709677419
1.60666666667
8.44193548387
15.6066666667
17.1161290323
16.0566666667
11.9366666667
5.36666666667
-0.76
-2.78709677419
-3.65172413793
0.151851851852
0.136666666667
5.38666666667
14.1741935484
16.8266666667
18.8225806452
18.2064516129
13.4433333333
6.21612903226
0.82
-3.83225806452
-10.4903225806
-3.09642857143
-4.19032258065
5.19666666667
11.4580645161
16.92
18.8064516129
14.935483871
9.14666666667
3.77419354839
0.636666666667
-4.81612903226
-9.31290322581
-3.14137931034
0.374193548387
3.43793103448
11.4533333333
15.9344827586
17.0482758621
16.9517241379
11.5107142857
6.64285714286
-1.27586206897
-13.3516129032
-8.8275862069
-6.06538461538
-3.54137931034
6.32413793103
11.7766666667
14.54
17.4741935484
16.2870967742
10.1833333333
5.29677419355
2.17
-3.08709677419
-5.32580645161
-4.44642857143
-3.31612903226
4.57
8.54193548387
17.4933333333
18.9451612903
17.2433333333
12.0066666667
4.55666666667
-1.05333333333
-5.94838709677
-11.0419354839
-8.85357142857
-2.44838709677
4.63333333333
9.83548387097
13.4166666667
17.1419354839
16.7161290323
10.1833333333
4.54193548387
0.726666666667
-3.86774193548
-9.16451612903
-7.52413793103
0.609677419355
4.7
12.7193548387
15.1466666667
16.4193548387
12.6677419355
10.98
5.47741935484
1.87666666667
-5.61290322581
-6.93548387097
-3.03571428571
-3.00967741935
5.53793103448
8.72903225806
16.7466666667
17.1838709677
16.8161290323
13.44
6.42258064516
0.756666666667
-7.43225806452
-0.716129032258
-7.01071428571
-0.251612903226
6.40333333333
11.6225806452
15.3733333333
18.735483871
17.6032258065
11.2733333333
3.8
0.466666666667
-3.23870967742
-5.61290322581
-10.9571428571
2.80967741935
3.51333333333
13.2225806452
15.4433333333
15.7258064516
NaN
12.5033333333
8.05161290323
-0.563333333333
-5.23
-8.48064516129
-8.92068965517
-1.55806451613
3.91428571429
8.65161290323
16.55
17.1161290323
14.5290322581
12.56
5.31935483871
-1.06666666667
-8.36129032258
-12.3709677419
-5.34285714286
0.122580645161
4.65666666667
10.6387096774
17.1866666667
15.2966666667
14.8709677419
11.8233333333
5.22903225806
2.35333333333
-6.85483870968
-10.9774193548
-8.72142857143
0.312903225806
6.9
11.5580645161
18.0433333333
18.5
17.8193548387
12.3166666667
4.27419354839
-1.07
-8.8
NaN
NaN
NaN
NaN
NaN
NaN
NaN
NaN
NaN
NaN
NaN
NaN
NaN
NaN
NaN
NaN
NaN
NaN
NaN
NaN
NaN
NaN
NaN
-2.16774193548
-7.39032258065
-5.26071428571
-3.02580645161
4.04
11.9096774194
16.39
16.7806451613
15.2290322581
11.9433333333
5.30322580645
-2.52
-8.65806451613
-12.7677419355
-13.7
-4.53870967742
4.75666666667
11.6
16.82
14.335483871
17.6258064516
10.78
6.05806451613
-4.33333333333
-3.1935483871
-8.65483870968
-12.9785714286
-2.67096774194
4.99
12.4870967742
17.1533333333
17.4612903226
15.3258064516
13.3733333333
5.79032258065
1.76333333333
0.590322580645
-8.19677419355
-4.16896551724
2.64838709677
4.92
10.8290322581
16.7966666667
18.4612903226
18.4580645161
15.11
8.75806451613
2.57666666667
-5.48387096774
-4.26129032258
-2.475
0.474193548387
7.60333333333
10.8096774194
16.1066666667
18.0258064516
13.8387096774
NaN
NaN
