24.25
19.3
14.0733333333
6.71290322581
6.59677419355
7.54642857143
6.74193548387
18.2866666667
20.9451612903
32.1833333333
34.4806451613
30.8612903226
26.4366666667
12.6967741935
10.65
7.69677419355
4.89032258065
2.59642857143
10.9064516129
16.5533333333
20.3064516129
25.37
33.5161290323
32.864516129
25.9666666667
22.1322580645
8.50333333333
6.31612903226
2.12580645161
2.94137931034
13.8903225806
18.0666666667
24.235483871
26.0933333333
28.6870967742
28.6193548387
28.1333333333
18.2709677419
9.8
6.59677419355
0.422580645161
8.675
11.7161290323
16.22
22.0580645161
27.6
33.2129032258
30.0580645161
27.8166666667
19.2967741935
13.11
2.06774193548
11.1548387097
5.65
9.53225806452
19.7633333333
24.7322580645
30.45
33.5451612903
29.2193548387
22.4166666667
16.2903225806
10.31
5.57419354839
-1.01612903226
-0.85
14.4322580645
13.7766666667
23.6677419355
26.75
29.6806451613
30.7677419355
26.1166666667
19.8161290323
13.3766666667
0.367741935484
1.11612903226
4.36206896552
10.8483870968
13.2966666667
20.6225806452
26.61
30.9580645161
27.4903225806
24.1566666667
17.0967741935
11.0633333333
0.787096774194
4.20967741935
7.68928571429
10.6032258065
14.3033333333
21.3161290323
24.8433333333
27.464516129
27.3322580645
22.3833333333
10.5806451613
11.5862068966
-2.0
1.02258064516
0.210714285714
9.67741935484
17.4
19.1
26.98
30.3580645161
31.11
26.29
21.0193548387
10.2033333333
3.39677419355
NaN
NaN
NaN
NaN
NaN
NaN
NaN
NaN
NaN
NaN
NaN
NaN
NaN
NaN
NaN
NaN
NaN
31.5766666667
35.2870967742
31.1838709677
27.8933333333
17.1451612903
13.0133333333
4.73548387097
2.85806451613
4.87142857143
8.33870967742
13.08
22.6161290323
29.1866666667
30.1064516129
30.5161290323
28.3733333333
17.0580645161
9.54333333333
3.34838709677
4.89677419355
-0.721428571429
9.3064516129
16.6033333333
21.835483871
26.5933333333
29.2967741935
30.2870967742
23.9866666667
20.5516129032
8.74333333333
2.34516129032
4.34666666667
4.53928571429
15.1774193548
17.1733333333
18.8870967742
26.8166666667
30.3967741935
28.5806451613
28.8166666667
20.0
10.54
4.74193548387
3.70967741935
7.61379310345
15.2838709677
16.3033333333
19.9129032258
29.8166666667
28.9935483871
28.0806451613
25.64
21.4870967742
14.6333333333
2.43548387097
1.46774193548
9.62857142857
13.3
16.77
20.135483871
30.32
31.6967741935
27.164516129
26.97
NaN
