351.0
191.0
108.0
2765.0
1577.0
1939.0
127.0
328.0
433.0
138.0
6.0
134.0
93.0
483.0
1351.0
464.0
2168.0
942.0
363.0
790.0
229.0
10.0
78.0
80.0
107.0
148.0
328.0
888.0
1785.0
860.0
229.0
282.0
28.0
87.0
448.0
275.0
41.0
213.0
480.0
2267.0
1961.0
1275.0
787.0
664.0
43.0
56.0
110.0
64.0
242.0
178.0
921.0
25.0
190.0
1069.0
986.0
624.0
218.0
112.0
222.0
74.0
122.0
169.0
693.0
1096.0
1966.0
387.0
357.0
350.0
89.0
111.0
164.0
173.0
66.0
122.0
325.0
689.0
1617.0
447.0
809.0
385.0
20.0
112.0
171.0
110.0
294.0
171.0
405.0
577.0
1144.0
1801.0
198.0
298.0
407.0
54.0
54.0
74.0
89.0
432.0
1010.0
1486.0
920.0
486.0
502.0
470.0
289.0
187.0
140.0
294.0
192.0
440.0
1511.0
2032.0
516.0
494.0
458.0
721.0
369.0
271.0
101.0
58.0
94.0
207.0
462.0
874.0
2332.0
727.0
732.0
127.0
228.0
101.0
120.0
31.0
102.0
NaN
901.0
312.0
508.0
896.0
276.0
391.0
122.0
534.0
181.0
153.0
53.0
46.0
221.0
405.0
444.0
662.0
356.0
320.0
558.0
89.0
30.0
175.0
200.0
232.0
NaN
NaN
1186.0
332.0
292.0
37.0
87.0
193.0
215.0
33.0
290.0
112.0
1100.0
914.0
1434.0
952.0
594.0
213.0
28.0
51.0
51.0
69.0
53.0
644.0
421.0
329.0
758.0
1242.0
617.0
528.0
237.0
135.0
226.0
106.0
179.0
66.0
596.0
1917.0
397.0
1171.0
412.0
178.0
98.0
167.0
168.0
76.0
91.0
96.0
236.0
426.0
1176.0
2127.0
752.0
43.0
147.0
45.0
25.0
59.0
67.0
201.0
333.0
496.0
703.0
711.0
831.0
148.0
508.0
64.0
97.0
10.0
25.0
41.0
168.0
1777.0
323.0
1058.0
434.0
102.0
629.0
0.0
199.0
143.0
89.0
238.0
NaN
1356.0
1050.0
511.0
523.0
511.0
358.0
88.0
99.0
31.0
13.0
365.0
159.0
863.0
768.0
163.0
491.0
78.0
638.0
317.0
115.0
26.0
62.0
99.0
720.0
549.0
1585.0
861.0
291.0
249.0
171.0
86.0
64.0
59.0
0.0
211.0
106.0
195.0
287.0
437.0
149.0
643.0
94.0
465.0
201.0
23.0
240.0
181.0
834.0
415.0
1411.0
280.0
502.0
1516.0
414.0
108.0
0.0
10.0
363.0
568.0
0.0
1216.0
198.0
432.0
663.0
149.0
176.0
0.0
94.0
85.0
71.0
78.0
199.0
407.0
1049.0
576.0
519.0
87.0
148.0
355.0
64.0
15.0
225.0
240.0
423.0
243.0
610.0
416.0
537.0
1305.0
265.0
83.0
158.0
6.0
81.0
411.0
577.0
1758.0
612.0
1436.0
274.0
345.0
177.0
122.0
175.0
31.0
145.0
127.0
1079.0
1647.0
1502.0
657.0
249.0
442.0
337.0
228.0
0.0
18.0
68.0
562.0
209.0
723.0
999.0
983.0
388.0
130.0
232.0
47.0
138.0
183.0
215.0
203.0
846.0
1523.0
1287.0
825.0
448.0
234.0
416.0
132.0
122.0
112.0
229.0
193.0
235.0
718.0
317.0
316.0
922.0
196.0
1386.0
54.0
167.0
26.0
254.0
332.0
810.0
2604.0
1262.0
1116.0
358.0
374.0
785.0
105.0
40.0
302.0
24.0
519.0
623.0
1837.0
527.0
604.0
1435.0
614.0
1304.0
131.0
380.0
86.0
255.0
135.0
956.0
1545.0
648.0
1360.0
511.0
783.0
224.0
34.0
84.0
220.0
358.0
787.0
321.0
814.0
1586.0
923.0
974.0
731.0
1230.0
439.0
8.0
355.0
46.0
234.0
697.0
541.0
2562.0
1083.0
353.0
424.0
115.0
49.0
63.0
92.0
93.0
297.0
1111.0
685.0
432.0
647.0
112.0
196.0
524.0
362.0
89.0
116.0
290.0
263.0
544.0
920.0
1164.0
1248.0
475.0
609.0
427.0
213.0
35.0
54.0
70.0
493.0
626.0
891.0
430.0
802.0
464.0
813.0
NaN
157.0
39.0
188.0
157.0
434.0
973.0
419.0
552.0
90.0
629.0
385.0
154.0
369.0
115.0
115.0
325.0
94.0
412.0
697.0
481.0
841.0
343.0
752.0
128.0
33.0
3.0
164.0
77.0
234.0
437.0
1013.0
403.0
874.0
619.0
210.0
340.0
51.0
43.0
43.0
NaN
721.0
399.0
954.0
820.0
333.0
771.0
418.0
133.0
200.0
46.0
51.0
185.0
323.0
509.0
926.0
292.0
532.0
439.0
305.0
273.0
23.0
122.0
87.0
61.0
368.0
NaN
NaN
843.0
489.0
586.0
299.0
379.0
295.0
153.0
144.0
153.0
396.0
1389.0
647.0
940.0
1342.0
396.0
499.0
756.0
71.0
224.0
77.0
168.0
88.0
1107.0
1903.0
1021.0
438.0
234.0
415.0
219.0
137.0
209.0
NaN
NaN
NaN
NaN
NaN
NaN
NaN
NaN
NaN
191.0
451.0
NaN
NaN
139.0
46.0
596.0
782.0
480.0
1126.0
69.0
36.0
171.0
99.0
73.0
155.0
62.0
260.0
1115.0
401.0
552.0
905.0
1200.0
334.0
907.0
133.0
113.0
98.0
199.0
290.0
345.0
881.0
1326.0
730.0
777.0
1228.0
216.0
165.0
104.0
68.0
70.0
45.0
631.0
2573.0
1969.0
611.0
1078.0
72.0
393.0
119.0
171.0
59.0
217.0
295.0
360.0
1161.0
404.0
1345.0
671.0
440.0
172.0
51.0
305.0
218.0
305.0
164.0
1044.0
594.0
839.0
1036.0
456.0
NaN
NaN
