16.2653846154
11.6142857143
2.325
-1.70666666667
-3.11
-3.53333333333
-0.332258064516
7.232
NaN
20.0766666667
27.8
22.8129032258
23.32
14.3225806452
2.43103448276
-3.09333333333
-3.35483870968
-3.6037037037
3.4935483871
10.3333333333
16.9580645161
21.5633333333
25.4774193548
23.1483870968
21.0
11.1870967742
5.16333333333
-3.56774193548
-4.26774193548
-7.57037037037
-3.05161290323
9.64666666667
21.364516129
NaN
26.3677419355
27.2225806452
14.675
13.4387096774
6.23666666667
-2.17666666667
-2.1275862069
-6.21851851852
-2.00333333333
13.0766666667
18.2322580645
23.5933333333
22.5903225806
26.7290322581
17.9766666667
16.8516129032
1.94137931034
-2.66551724138
-3.80384615385
-4.63076923077
-0.722222222222
12.9357142857
NaN
25.0931034483
27.5137931034
26.9724137931
19.0482758621
14.1379310345
4.45333333333
-3.77333333333
-2.42222222222
-2.6875
4.61612903226
11.9142857143
17.6233333333
18.9266666667
25.4032258065
22.7258064516
17.5379310345
14.3870967742
NaN
0.38275862069
-0.46
-1.26153846154
5.48148148148
11.3333333333
NaN
24.0321428571
27.9407407407
25.0774193548
NaN
16.4322580645
NaN
-4.51290322581
-6.47586206897
-8.2
-0.5
NaN
17.0483870968
23.724137931
23.8
NaN
19.48
11.0193548387
7.72
-2.47096774194
-8.63870967742
-7.70357142857
-0.435483870968
NaN
NaN
18.7931034483
19.6612903226
NaN
NaN
NaN
2.53793103448
NaN
-0.796428571429
-3.51538461538
-4.72580645161
8.57333333333
13.61
24.6633333333
26.5451612903
26.1548387097
19.91
11.9413793103
3.53333333333
-2.79310344828
-6.18709677419
NaN
NaN
NaN
NaN
NaN
NaN
NaN
20.6766666667
NaN
1.69333333333
-3.37419354839
-3.44333333333
-5.32962962963
-4.16666666667
NaN
15.1310344828
18.9233333333
26.7703703704
NaN
NaN
NaN
NaN
-0.436666666667
NaN
NaN
-1.44666666667
NaN
NaN
NaN
NaN
23.464516129
19.9733333333
12.164516129
9.37
-1.54827586207
NaN
-4.51538461538
8.69655172414
13.3766666667
14.25
25.4733333333
27.35
23.3677419355
NaN
NaN
NaN
NaN
-3.74333333333
-2.71153846154
1.04666666667
9.12333333333
19.1032258065
23.075862069
24.4903225806
22.6161290323
18.29
11.1096774194
1.86333333333
0.041935483871
-12.135483871
-7.34827586207
-1.94838709677
8.15666666667
16.35
21.9233333333
23.7129032258
19.6032258065
19.46
13.364516129
4.33666666667
-0.264516129032
-3.29032258065
-7.67407407407
-0.954838709677
10.04
14.4774193548
23.7033333333
23.5903225806
23.9741935484
18.41
11.9387096774
6.18333333333
1.65483870968
-3.26774193548
-7.83571428571
-0.0870967741935
7.24
19.135483871
21.8333333333
26.2580645161
23.8193548387
19.5966666667
15.7903225806
3.34666666667
-4.04516129032
-5.25161290323
-1.80714285714
0.829032258065
12.9333333333
15.0419354839
19.7733333333
23.435483871
21.6290322581
19.38
12.1290322581
4.42666666667
-2.07
-3.74193548387
-5.78275862069
-1.93333333333
8.05666666667
15.2967741935
19.0866666667
28.6709677419
25.535483871
16.5133333333
11.0903225806
3.33333333333
-4.13870967742
-6.95806451613
-9.42592592593
-0.235483870968
4.85666666667
13.35
18.0366666667
25.4774193548
22.1689655172
18.2566666667
6.55806451613
3.98333333333
-6.2935483871
-10.7032258065
-7.17407407407
3.07096774194
9.79666666667
16.0580645161
20.76
24.2612903226
23.4806451613
14.9
12.1290322581
5.83333333333
-0.0354838709677
-2.29032258065
-1.975
2.27419354839
8.44666666667
17.7419354839
27.4566666667
27.3451612903
23.5566666667
19.3666666667
11.564516129
1.92333333333
-6.29032258065
-9.05161290323
-5.81379310345
1.63333333333
5.07333333333
16.4387096774
22.9433333333
22.4290322581
25.0322580645
21.44
16.0548387097
2.66
-0.925806451613
-2.22580645161
-1.3962962963
1.69677419355
12.0533333333
17.5935483871
25.3566666667
30.37
23.5225806452
22.0482758621
12.0333333333
1.09310344828
-2.15161290323
-4.40666666667
-4.46071428571
2.44193548387
7.98666666667
20.6466666667
22.7366666667
22.7233333333
24.27
21.4666666667
11.7774193548
5.31666666667
-3.5
-5.19677419355
-6.91481481481
-3.36451612903
6.55
18.2548387097
24.9866666667
25.9290322581
21.4548387097
17.89
11.664516129
5.99333333333
1.85806451613
-7.7064516129
-4.52413793103
0.990322580645
7.57
12.835483871
21.0733333333
22.9193548387
22.2064516129
17.2068965517
15.8225806452
4.41
-5.94193548387
-5.80967741935
-3.20357142857
1.61935483871
11.9733333333
14.2032258065
21.6966666667
22.8870967742
25.8612903226
18.98
6.31612903226
3.95666666667
-3.08709677419
-4.06451612903
-3.77142857143
-2.92258064516
4.98666666667
17.2612903226
18.59
24.135483871
23.135483871
15.96
9.62
1.00666666667
-3.8
-5.34838709677
-1.89642857143
3.14838709677
10.0933333333
13.1466666667
20.0766666667
23.8903225806
22.2193548387
19.9233333333
13.5580645161
3.47666666667
-3.29677419355
-3.36451612903
-4.74827586207
-0.0709677419355
5.42333333333
15.6266666667
19.9172413793
24.4793103448
23.6870967742
15.7633333333
11.9032258065
4.48333333333
0.261290322581
-7.81290322581
-6.14642857143
2.49032258065
10.1933333333
14.2451612903
19.4833333333
24.2709677419
22.3290322581
18.3724137931
11.235483871
2.54
-4.55806451613
-6.66774193548
-2.81071428571
0.154838709677
8.15333333333
17.2935483871
22.3933333333
24.4225806452
25.9709677419
19.4666666667
11.1451612903
5.56
-2.04838709677
-2.80967741935
-0.325
0.925806451613
9.32666666667
15.9903225806
23.4862068966
25.9483870968
24.1548387097
21.84
15.19
8.62068965517
1.38387096774
0.435483870968
-1.45862068966
-1.32258064516
8.40666666667
16.4516129032
24.5466666667
23.61
25.0548387097
20.2266666667
11.0161290323
2.9724137931
-1.47741935484
-0.322580645161
-4.15357142857
NaN
8.42666666667
17.2387096774
26.0
26.7935483871
24.2838709677
20.7137931034
9.58064516129
0.18
-5.06774193548
-2.64137931034
-7.45925925926
-2.08387096774
5.3724137931
18.6677419355
23.7166666667
26.0967741935
22.7033333333
18.0931034483
12.6366666667
5.5
-3.63
-5.23548387097
-3.06666666667
2.13225806452
10.2033333333
15.7290322581
20.1566666667
27.7766666667
24.4066666667
17.1533333333
12.0838709677
2.76333333333
-3.27666666667
-5.71290322581
-8.13793103448
2.05483870968
5.55517241379
19.0451612903
21.8833333333
29.8586206897
24.0548387097
19.9620689655
10.1
1.57857142857
0.977419354839
-3.20322580645
-1.66785714286
-0.809677419355
8.59655172414
18.8392857143
23.6222222222
27.1903225806
27.5129032258
19.06
10.5548387097
3.70344827586
-3.43
-5.94193548387
-3.175
3.43870967742
9.04137931034
17.7580645161
21.2833333333
25.5064516129
25.4666666667
17.7366666667
14.1548387097
5.95666666667
-1.51612903226
-2.62068965517
-5.88928571429
-0.883333333333
6.65
17.0266666667
22.1666666667
26.3774193548
24.4903225806
18.52
10.5064516129
4.25
0.758064516129
-6.06333333333
-2.46551724138
-1.91935483871
7.64666666667
14.5193548387
18.3793103448
23.9677419355
22.264516129
18.27
10.5870967742
1.52068965517
-1.78571428571
-4.82580645161
-3.63928571429
-0.609677419355
12.8733333333
17.1903225806
24.19
26.0129032258
23.6709677419
19.1655172414
12.4193548387
4.79666666667
0.361290322581
-4.19677419355
-3.77142857143
2.84838709677
13.8466666667
16.2967741935
23.0666666667
24.7033333333
24.2870967742
17.8866666667
14.4806451613
4.61666666667
-4.04838709677
-6.58333333333
-3.03571428571
-2.54193548387
6.34482758621
16.1516129032
21.91
26.6612903226
23.6258064516
17.48
12.4935483871
2.42666666667
-1.72333333333
-0.403225806452
-2.91034482759
-1.25806451613
8.28
19.09
22.11
25.1838709677
24.8103448276
17.8266666667
12.1612903226
4.35
-3.09310344828
-7.29333333333
-2.225
7.99666666667
9.41
13.1466666667
21.2111111111
23.5419354839
24.0766666667
18.9928571429
11.19
3.75517241379
-3.38666666667
-3.49666666667
-4.78571428571
8.25483870968
9.31333333333
15.4709677419
20.95
24.87
22.3903225806
18.9310344828
14.7548387097
5.29642857143
-1.6275862069
-2.91290322581
-4.49285714286
0.890322580645
6.4724137931
11.1451612903
19.8827586207
24.8666666667
27.1933333333
18.4620689655
17.6206896552
2.26
-3.09
-6.32903225806
-3.925
0.516666666667
10.4740740741
15.8266666667
21.75
26.0
23.6096774194
22.0392857143
12.4580645161
5.44666666667
-0.229032258065
-2.04193548387
-2.09259259259
0.841935483871
11.24
17.32
24.46
25.6548387097
25.0633333333
17.38
15.05
3.79333333333
-0.777419354839
-2.61612903226
-4.03928571429
-0.444827586207
3.02142857143
15.964516129
21.22
23.33
21.15
18.1172413793
13.6466666667
2.81333333333
-3.14516129032
-3.88709677419
-2.575
0.867741935484
9.39333333333
18.6666666667
20.73
23.9838709677
20.7733333333
17.0933333333
11.5966666667
1.57
-2.53548387097
-2.78709677419
-1.03103448276
0.361290322581
12.98
16.5193548387
21.9733333333
25.2483870968
23.3419354839
19.4433333333
9.72903225806
5.39655172414
0.525806451613
-2.55
-1.60357142857
2.37096774194
7.71724137931
17.6935483871
22.45
25.2387096774
25.7862068966
18.89
15.664516129
7.62413793103
0.688461538462
-6.07142857143
1.28928571429
-0.476666666667
8.50666666667
13.3483870968
22.9833333333
24.5903225806
23.1387096774
16.6066666667
11.8096774194
5.46
-1.32258064516
-3.33548387097
-2.76785714286
-0.333333333333
13.27
18.8516129032
23.6833333333
29.1709677419
26.5064516129
17.8866666667
13.3516129032
1.85666666667
-3.79032258065
-3.26129032258
-1.98620689655
-0.00967741935484
6.39
13.9096774194
22.9433333333
22.235483871
22.3967741935
15.5733333333
15.7419354839
4.57666666667
-1.2
-7.20322580645
-2.16071428571
2.22258064516
9.57
15.6774193548
20.9
25.4935483871
22.8
17.6133333333
12.6870967742
3.84333333333
-0.512903225806
-2.82580645161
-5.58928571429
3.43870967742
11.6833333333
15.0709677419
19.31
23.2580645161
23.9032258065
18.7933333333
12.6580645161
6.04
-4.73870967742
-6.59677419355
-5.49642857143
0.822580645161
8.65
17.6903225806
23.4233333333
25.2193548387
25.535483871
19.4233333333
9.51612903226
0.296666666667
-0.351612903226
-3.29032258065
-2.71379310345
-1.07096774194
8.71333333333
16.6870967742
21.1433333333
23.5096774194
25.0483870968
19.2333333333
12.8870967742
6.20666666667
-3.37419354839
-5.73548387097
-0.610714285714
2.04193548387
8.48
15.735483871
21.0333333333
24.7064516129
25.0419354839
20.1966666667
12.8290322581
4.83
-2.34516129032
-6.84838709677
-6.64285714286
3.27741935484
8.21
18.2419354839
21.9433333333
24.3
23.5129032258
17.2233333333
13.064516129
4.95333333333
-2.0
-9.14516129032
-7.54642857143
1.43870967742
10.43
15.4709677419
23.9833333333
25.3032258065
22.1580645161
17.4333333333
18.0903225806
7.05517241379
-4.53870967742
-1.28064516129
-1.66206896552
0.683870967742
9.72333333333
18.7451612903
22.09
26.2677419355
20.5451612903
17.5966666667
12.2258064516
6.22333333333
-3.47419354839
-5.43870967742
-4.44642857143
-0.0483870967742
7.81
18.4193548387
20.9966666667
22.4903225806
21.3161290323
16.32
10.9193548387
3.72333333333
0.416129032258
-5.73548387097
-2.57142857143
2.68064516129
8.28
13.5193548387
23.81
27.5
22.2322580645
18.86
11.5935483871
2.03
-2.84838709677
-3.06451612903
-6.17142857143
1.77096774194
8.71333333333
14.4903225806
23.02
23.0967741935
22.1548387097
20.45
11.1838709677
1.24333333333
-1.63225806452
-5.73870967742
-5.2724137931
3.87096774194
11.76
16.4193548387
20.1266666667
23.6774193548
23.5677419355
20.6633333333
13.2612903226
3.19
-2.38709677419
-3.68387096774
-0.9
0.522580645161
9.21333333333
15.8
17.9533333333
24.7838709677
26.3096774194
19.0366666667
9.75161290323
4.57
-2.11935483871
-6.3935483871
-4.22857142857
0.758064516129
10.2233333333
13.9870967742
23.5366666667
25.5677419355
24.1903225806
17.9766666667
13.6225806452
4.49
-2.53225806452
-6.47096774194
-3.62857142857
0.716129032258
8.55
14.8677419355
23.3233333333
23.2451612903
22.5774193548
19.64
15.5225806452
3.71666666667
-0.94
-4.95862068966
-5.28275862069
-1.43870967742
6.96
20.6161290323
20.71
23.7387096774
21.5322580645
17.5133333333
9.56451612903
2.48666666667
-3.92903225806
-2.18064516129
-3.64642857143
6.33548387097
9.5
14.1290322581
21.1833333333
24.2806451613
24.8419354839
18.6566666667
15.1225806452
3.18333333333
-2.8064516129
-5.03870967742
-4.65
-0.0193548387097
8.88
14.3709677419
20.79
24.7806451613
22.9096774194
15.63
10.4064516129
5.20666666667
0.158064516129
-2.67096774194
-2.13214285714
0.496774193548
7.00333333333
20.2129032258
22.5633333333
25.8290322581
23.9096774194
16.6166666667
13.8129032258
6.96333333333
-2.23870967742
-6.34838709677
-0.706896551724
1.07096774194
10.89
15.5064516129
25.0233333333
25.0161290323
25.264516129
18.3266666667
9.10322580645
0.55
-5.94838709677
-8.38709677419
-4.26071428571
4.15483870968
11.4466666667
21.7225806452
20.65
25.0548387097
21.2741935484
16.6866666667
12.1580645161
4.91666666667
-3.1
-5.94516129032
-4.46071428571
1.71290322581
6.78
19.2838709677
20.5333333333
22.8483870968
23.264516129
17.9366666667
11.1129032258
4.12666666667
-3.57096774194
-8.37096774194
-7.2
1.75806451613
7.86666666667
14.4225806452
20.66
25.0903225806
21.9387096774
18.7533333333
9.46451612903
3.66333333333
0.270967741935
-3.98064516129
-4.41034482759
0.664516129032
10.3833333333
20.3580645161
19.7566666667
24.2516129032
23.2806451613
17.0166666667
8.86129032258
3.37931034483
-4.4
-5.08333333333
-1.60357142857
3.62258064516
9.59333333333
16.65
21.07
25.5032258065
23.9967741935
16.91
9.29032258065
6.25
-1.3935483871
-7.64516129032
-4.46428571429
0.63
6.82666666667
19.9322580645
19.4066666667
24.9466666667
20.9516129032
17.25
13.6133333333
4.00666666667
0.374193548387
-2.61612903226
-0.639285714286
1.75806451613
7.26333333333
13.1612903226
23.0166666667
28.1290322581
26.0161290323
19.32
12.2387096774
4.51666666667
-6.25161290323
-6.34838709677
1.11071428571
-0.427586206897
12.4333333333
14.7870967742
21.7633333333
24.1580645161
24.3387096774
17.52
13.235483871
4.84482758621
-1.09677419355
-6.31935483871
-5.21785714286
2.70333333333
10.02
17.4870967742
19.5133333333
23.5870967742
22.5419354839
19.2233333333
12.9193548387
2.94666666667
-5.66129032258
-4.25161290323
-3.54285714286
2.84838709677
12.2733333333
19.6833333333
20.3533333333
25.0161290323
21.8290322581
17.7966666667
12.2064516129
2.82
-0.323333333333
-1.81612903226
0.878571428571
4.60967741935
13.2866666667
18.82
23.5233333333
25.2870967742
22.4193548387
19.7066666667
9.66129032258
5.16
0.0387096774194
-5.4
-5.28888888889
0.393548387097
9.36666666667
19.6709677419
24.0533333333
26.7806451613
23.9774193548
18.3733333333
8.77096774194
4.85333333333
-3.58709677419
-1.80967741935
-6.46785714286
-1.7935483871
8.46333333333
17.4741935484
20.1433333333
27.1516129032
23.4580645161
19.1833333333
12.2225806452
0.883333333333
-8.72903225806
-0.836666666667
-2.6962962963
2.45806451613
10.9766666667
15.3580645161
20.775862069
23.42
23.1193548387
18.2566666667
10.7935483871
6.03793103448
-1.91935483871
-6.38387096774
-1.66785714286
2.56774193548
11.1633333333
19.3290322581
24.25
24.4774193548
25.4322580645
17.8142857143
NaN
3.31724137931
-1.91612903226
-3.73333333333
-2.71379310345
0.710344827586
6.56666666667
17.5566666667
20.3333333333
19.6096774194
21.4387096774
17.1966666667
10.51
1.73928571429
-1.72666666667
-4.44666666667
-5.11428571429
2.68064516129
7.55
NaN
NaN
NaN
24.9115384615
16.9689655172
10.8533333333
NaN
-1.07419354839
-10.1166666667
-7.79615384615
2.35333333333
10.34
NaN
24.0928571429
24.3387096774
22.3774193548
20.6133333333
14.5172413793
NaN
2.63448275862
-2.65483870968
-4.08571428571
3.6962962963
7.66153846154
17.3148148148
26.6137931034
25.0333333333
26.17
NaN
12.9333333333
NaN
-4.91379310345
-5.43103448276
-4.584
-0.841379310345
6.00357142857
16.6161290323
23.7769230769
22.9
25.0965517241
21.2166666667
13.8366666667
2.275
NaN
-5.92413793103
-1.3
1.28
9.08666666667
13.3357142857
25.5
25.4551724138
23.6516129032
19.4966666667
13.2709677419
4.58888888889
0.832258064516
-2.7
2.94285714286
3.44333333333
14.4866666667
22.8
21.76
26.3064516129
26.1903225806
21.6964285714
15.2833333333
6.02413793103
1.70333333333
-6.07666666667
-0.489285714286
3.13870967742
13.2833333333
20.1677419355
NaN
26.9032258065
NaN
22.1466666667
12.0724137931
8.72
-0.610714285714
-4.73333333333
0.603448275862
7.60714285714
10.7115384615
18.7892857143
22.4833333333
25.0709677419
25.3129032258
19.35
14.4153846154
4.69310344828
-5.64137931034
NaN
-4.175
2.25483870968
11.724137931
18.4785714286
24.196
24.7148148148
25.9172413793
18.7266666667
13.1034482759
8.45517241379
1.7
-0.870967741935
-0.591304347826
0.874193548387
8.84666666667
13.724137931
22.8965517241
28.5518518519
NaN
23.3714285714
10.8333333333
3.18275862069
0.813333333333
-5.41724137931
-5.325
NaN
10.5769230769
19.1967741935
23.6
25.2032258065
25.9
19.9607142857
NaN
5.08888888889
1.02692307692
-8.54230769231
NaN
2.89230769231
NaN
NaN
NaN
NaN
NaN
NaN
NaN
NaN
NaN
NaN
NaN
NaN
NaN
NaN
NaN
NaN
NaN
NaN
NaN
NaN
NaN
NaN
NaN
NaN
NaN
NaN
NaN
26.73
NaN
NaN
NaN
NaN
NaN
NaN
NaN
NaN
NaN
NaN
NaN
NaN
NaN
NaN
NaN
NaN
NaN
NaN
NaN
NaN
NaN
NaN
NaN
NaN
NaN
NaN
NaN
NaN
NaN
NaN
NaN
NaN
NaN
NaN
NaN
NaN
NaN
NaN
NaN
NaN
NaN
NaN
NaN
NaN
NaN
NaN
NaN
NaN
NaN
NaN
NaN
NaN
NaN
NaN
NaN
NaN
NaN
NaN
NaN
NaN
NaN
NaN
NaN
NaN
NaN
NaN
NaN
NaN
NaN
NaN
23.2481481481
27.4071428571
24.6607142857
18.56
11.7
4.33333333333
-0.177419354839
-3.11612903226
-3.88888888889
0.374193548387
5.3
17.4774193548
22.3137931034
25.1178571429
24.3333333333
19.64
12.07
2.71851851852
-6.37
-8.27857142857
-7.284
-2.96071428571
6.70344827586
15.2482758621
23.524137931
22.6392857143
23.0709677419
19.7148148148
10.0935483871
0.666666666667
-0.646666666667
-6.89333333333
-9.95185185185
-0.332142857143
8.20666666667
17.4193548387
21.0678571429
25.035483871
23.1193548387
22.8620689655
12.0533333333
7.74666666667
3.30322580645
-3.87419354839
-2.77037037037
3.23
6.68333333333
17.5225806452
22.0933333333
25.2766666667
NaN
21.537037037
14.0068965517
8.74642857143
-1.57586206897
-2.62666666667
-0.639285714286
0.833333333333
10.0965517241
14.6838709677
21.5724137931
NaN
21.7966666667
NaN
NaN
