592.0
517.0
NaN
343.0
545.0
952.0
480.0
NaN
772.0
97.0
97.0
400.0
330.0
657.0
753.0
1908.0
487.0
707.0
135.0
1171.0
1838.0
368.0
627.0
427.0
710.0
1646.0
1786.0
1294.0
490.0
855.0
295.0
259.0
127.0
728.0
485.0
1718.0
1654.0
297.0
1267.0
946.0
314.0
28.0
18.0
967.0
690.0
1498.0
329.0
2034.0
807.0
2293.0
887.0
1292.0
517.0
1151.0
1106.0
587.0
340.0
284.0
640.0
947.0
739.0
2033.0
655.0
577.0
840.0
371.0
1205.0
552.0
600.0
194.0
1147.0
NaN
528.0
NaN
645.0
1026.0
624.0
1178.0
451.0
582.0
244.0
451.0
497.0
625.0
366.0
97.0
386.0
534.0
274.0
114.0
473.0
426.0
985.0
262.0
244.0
1004.0
678.0
359.0
2155.0
331.0
910.0
951.0
484.0
619.0
NaN
425.0
NaN
NaN
865.0
NaN
863.0
341.0
1127.0
1393.0
470.0
135.0
417.0
889.0
108.0
1568.0
1311.0
846.0
1522.0
1357.0
1163.0
1061.0
343.0
81.0
468.0
355.0
170.0
532.0
746.0
757.0
NaN
1293.0
1069.0
1133.0
2077.0
390.0
556.0
472.0
805.0
1037.0
NaN
1128.0
1347.0
406.0
1083.0
1351.0
359.0
995.0
862.0
1403.0
361.0
605.0
798.0
667.0
1406.0
1712.0
973.0
140.0
588.0
416.0
436.0
519.0
981.0
706.0
1713.0
1066.0
727.0
1386.0
183.0
442.0
136.0
527.0
365.0
517.0
924.0
640.0
1406.0
1372.0
988.0
1543.0
326.0
1059.0
994.0
1710.0
522.0
884.0
986.0
107.0
741.0
1335.0
848.0
1676.0
782.0
1848.0
1089.0
173.0
431.0
176.0
708.0
625.0
1213.0
381.0
527.0
550.0
881.0
1394.0
787.0
787.0
603.0
375.0
860.0
1458.0
1945.0
1205.0
1061.0
804.0
893.0
786.0
495.0
685.0
106.0
1520.0
257.0
1424.0
838.0
142.0
772.0
487.0
61.0
1279.0
1315.0
895.0
400.0
617.0
788.0
236.0
896.0
109.0
164.0
741.0
840.0
737.0
960.0
439.0
NaN
705.0
503.0
167.0
424.0
2042.0
1523.0
1088.0
2114.0
769.0
176.0
703.0
776.0
2108.0
342.0
534.0
538.0
1326.0
713.0
20.0
2123.0
1166.0
624.0
673.0
269.0
401.0
163.0
671.0
1378.0
1400.0
379.0
919.0
682.0
602.0
421.0
71.0
158.0
424.0
165.0
145.0
1775.0
1181.0
650.0
274.0
683.0
1374.0
1007.0
NaN
325.0
127.0
343.0
592.0
312.0
1454.0
885.0
224.0
910.0
1518.0
1675.0
735.0
94.0
174.0
143.0
1030.0
1154.0
NaN
336.0
206.0
1990.0
1172.0
591.0
195.0
671.0
477.0
348.0
1654.0
1647.0
1041.0
1532.0
NaN
1146.0
1487.0
NaN
568.0
873.0
285.0
213.0
1555.0
2232.0
525.0
905.0
640.0
394.0
457.0
345.0
726.0
852.0
275.0
NaN
1156.0
915.0
950.0
1482.0
436.0
NaN
1710.0
1139.0
492.0
1337.0
399.0
438.0
721.0
197.0
1445.0
NaN
1099.0
1154.0
811.0
290.0
658.0
946.0
199.0
343.0
902.0
588.0
275.0
1202.0
NaN
757.0
508.0
1557.0
1009.0
330.0
381.0
891.0
904.0
685.0
520.0
1016.0
511.0
1917.0
1868.0
1312.0
890.0
435.0
279.0
101.0
1354.0
2648.0
1636.0
976.0
819.0
768.0
932.0
1036.0
1598.0
691.0
334.0
505.0
371.0
1144.0
568.0
2367.0
780.0
733.0
574.0
NaN
NaN
487.0
903.0
270.0
1393.0
1634.0
NaN
1442.0
661.0
917.0
814.0
1211.0
528.0
581.0
1673.0
467.0
307.0
308.0
422.0
687.0
335.0
198.0
968.0
541.0
785.0
190.0
141.0
562.0
667.0
669.0
NaN
366.0
787.0
1216.0
851.0
1117.0
NaN
656.0
813.0
267.0
333.0
709.0
198.0
1430.0
752.0
1395.0
327.0
749.0
422.0
774.0
828.0
477.0
1496.0
949.0
2444.0
8.0
119.0
327.0
882.0
808.0
132.0
390.0
333.0
269.0
834.0
381.0
84.0
436.0
421.0
1133.0
1614.0
601.0
1067.0
533.0
592.0
320.0
1203.0
609.0
2306.0
1444.0
733.0
64.0
799.0
717.0
1210.0
279.0
228.0
463.0
265.0
600.0
252.0
414.0
33.0
239.0
1387.0
890.0
983.0
759.0
1415.0
374.0
420.0
1264.0
1013.0
1267.0
115.0
201.0
218.0
729.0
403.0
644.0
356.0
731.0
1701.0
1140.0
1054.0
1138.0
1062.0
281.0
851.0
331.0
915.0
658.0
861.0
923.0
485.0
1527.0
285.0
1121.0
1070.0
1718.0
218.0
394.0
464.0
553.0
410.0
377.0
714.0
595.0
850.0
830.0
102.0
1067.0
0.0
312.0
483.0
484.0
937.0
108.0
227.0
1499.0
702.0
618.0
475.0
742.0
1247.0
2157.0
858.0
246.0
368.0
730.0
415.0
722.0
1075.0
2787.0
3043.0
780.0
370.0
961.0
1867.0
1088.0
135.0
253.0
740.0
451.0
3370.0
1024.0
315.0
925.0
980.0
656.0
503.0
561.0
116.0
622.0
920.0
2241.0
921.0
730.0
714.0
1066.0
876.0
320.0
374.0
416.0
317.0
804.0
1643.0
1491.0
596.0
1608.0
277.0
880.0
2670.0
398.0
403.0
468.0
446.0
645.0
705.0
422.0
1463.0
875.0
1102.0
3503.0
381.0
1082.0
2350.0
548.0
406.0
0.0
724.0
1722.0
909.0
1083.0
729.0
143.0
892.0
883.0
718.0
370.0
585.0
408.0
1625.0
303.0
760.0
1080.0
2358.0
619.0
902.0
755.0
701.0
622.0
1804.0
873.0
554.0
432.0
828.0
1854.0
1870.0
392.0
891.0
1581.0
0.0
1035.0
1572.0
910.0
730.0
677.0
769.0
508.0
119.0
1115.0
450.0
249.0
683.0
204.0
247.0
1599.0
1071.0
786.0
626.0
1502.0
1095.0
660.0
932.0
526.0
577.0
230.0
242.0
208.0
531.0
874.0
517.0
543.0
1044.0
769.0
246.0
86.0
538.0
431.0
537.0
345.0
940.0
794.0
452.0
582.0
198.0
239.0
178.0
404.0
188.0
152.0
318.0
263.0
301.0
721.0
520.0
531.0
368.0
936.0
562.0
582.0
366.0
275.0
495.0
833.0
497.0
577.0
491.0
1097.0
912.0
183.0
657.0
1082.0
312.0
36.0
200.0
696.0
186.0
720.0
1759.0
673.0
1663.0
905.0
483.0
137.0
792.0
1016.0
342.0
1401.0
834.0
2074.0
1578.0
1580.0
1067.0
117.0
457.0
578.0
659.0
1005.0
241.0
363.0
806.0
628.0
1276.0
1481.0
1922.0
986.0
391.0
533.0
1136.0
43.0
388.0
576.0
470.0
473.0
802.0
20.0
381.0
1657.0
858.0
645.0
582.0
511.0
489.0
328.0
683.0
849.0
1981.0
1819.0
488.0
211.0
114.0
561.0
761.0
513.0
99.0
488.0
929.0
774.0
2200.0
306.0
1712.0
805.0
1507.0
1001.0
927.0
381.0
796.0
617.0
648.0
229.0
705.0
866.0
1288.0
381.0
463.0
932.0
348.0
361.0
163.0
43.0
1260.0
493.0
1159.0
1018.0
595.0
1203.0
305.0
269.0
713.0
108.0
435.0
520.0
1110.0
1320.0
967.0
870.0
1234.0
794.0
438.0
150.0
1051.0
320.0
640.0
323.0
542.0
1168.0
NaN
717.0
432.0
1823.0
1441.0
134.0
152.0
419.0
91.0
686.0
452.0
NaN
NaN
249.0
424.0
691.0
541.0
615.0
609.0
NaN
555.0
397.0
607.0
927.0
1029.0
859.0
1688.0
234.0
994.0
958.0
532.0
1024.0
386.0
259.0
643.0
437.0
1498.0
441.0
1250.0
1204.0
947.0
74.0
1305.0
630.0
921.0
610.0
608.0
1110.0
541.0
1704.0
1865.0
84.0
1341.0
1879.0
218.0
568.0
41.0
197.0
680.0
1781.0
1282.0
1745.0
561.0
1216.0
2111.0
751.0
195.0
419.0
200.0
734.0
271.0
385.0
1178.0
551.0
1105.0
58.0
1069.0
310.0
491.0
1657.0
184.0
168.0
882.0
2021.0
348.0
470.0
467.0
767.0
1361.0
452.0
1456.0
887.0
478.0
321.0
1740.0
1002.0
1004.0
1639.0
1410.0
575.0
812.0
541.0
862.0
1207.0
1301.0
876.0
648.0
908.0
NaN
NaN
243.0
1872.0
1034.0
416.0
1071.0
381.0
1214.0
971.0
1049.0
1407.0
1066.0
710.0
889.0
693.0
716.0
222.0
987.0
594.0
151.0
330.0
1089.0
316.0
679.0
429.0
488.0
905.0
364.0
1571.0
287.0
210.0
408.0
573.0
1825.0
345.0
355.0
813.0
622.0
1616.0
1274.0
845.0
769.0
828.0
333.0
318.0
1687.0
857.0
1765.0
935.0
842.0
166.0
698.0
428.0
1400.0
587.0
612.0
340.0
886.0
1756.0
275.0
584.0
804.0
1265.0
51.0
570.0
547.0
516.0
135.0
276.0
903.0
597.0
577.0
1001.0
1026.0
970.0
794.0
778.0
267.0
134.0
110.0
424.0
633.0
1550.0
1664.0
1633.0
2819.0
864.0
420.0
664.0
574.0
671.0
1174.0
279.0
535.0
834.0
NaN
870.0
1455.0
1084.0
1051.0
503.0
863.0
2459.0
160.0
281.0
724.0
1358.0
1979.0
871.0
134.0
874.0
NaN
1530.0
1541.0
783.0
114.0
756.0
1118.0
2106.0
NaN
605.0
309.0
56.0
1663.0
929.0
1119.0
623.0
500.0
1010.0
1329.0
NaN
NaN
NaN
858.0
NaN
NaN
227.0
2288.0
836.0
94.0
NaN
171.0
142.0
525.0
667.0
1240.0
NaN
1508.0
1080.0
385.0
257.0
738.0
79.0
556.0
640.0
267.0
946.0
1019.0
1566.0
691.0
434.0
1231.0
1826.0
517.0
1010.0
1348.0
258.0
360.0
671.0
1071.0
884.0
292.0
658.0
1485.0
858.0
543.0
336.0
904.0
1164.0
706.0
371.0
802.0
1098.0
985.0
236.0
198.0
169.0
284.0
998.0
711.0
1113.0
2489.0
700.0
616.0
453.0
386.0
1238.0
708.0
1698.0
326.0
179.0
770.0
779.0
1176.0
163.0
1235.0
191.0
805.0
1184.0
862.0
181.0
176.0
349.0
926.0
934.0
513.0
81.0
1244.0
546.0
657.0
120.0
2142.0
1008.0
1121.0
451.0
NaN
1601.0
807.0
1535.0
1766.0
1203.0
2912.0
528.0
1207.0
401.0
333.0
318.0
407.0
2881.0
356.0
644.0
529.0
1017.0
425.0
556.0
1529.0
483.0
1008.0
330.0
939.0
936.0
2296.0
962.0
1004.0
1115.0
369.0
532.0
252.0
483.0
682.0
94.0
725.0
1999.0
1729.0
736.0
1699.0
472.0
574.0
564.0
1702.0
178.0
1530.0
1093.0
640.0
706.0
1149.0
368.0
196.0
622.0
412.0
461.0
1258.0
531.0
595.0
805.0
1401.0
835.0
1274.0
1661.0
778.0
986.0
864.0
836.0
534.0
226.0
781.0
165.0
272.0
NaN
889.0
1167.0
NaN
429.0
0.0
NaN
NaN
102.0
707.0
NaN
869.0
580.0
NaN
2240.0
736.0
696.0
NaN
NaN
NaN
NaN
NaN
NaN
77.0
NaN
1149.0
NaN
750.0
NaN
NaN
1210.0
NaN
NaN
NaN
NaN
NaN
NaN
NaN
NaN
NaN
NaN
NaN
NaN
NaN
NaN
NaN
NaN
NaN
NaN
NaN
NaN
NaN
NaN
NaN
NaN
NaN
NaN
NaN
NaN
NaN
NaN
NaN
NaN
NaN
NaN
NaN
NaN
NaN
NaN
NaN
NaN
NaN
NaN
NaN
NaN
NaN
NaN
NaN
NaN
NaN
NaN
NaN
NaN
NaN
NaN
NaN
NaN
NaN
NaN
NaN
NaN
NaN
NaN
NaN
NaN
NaN
NaN
NaN
NaN
NaN
NaN
NaN
NaN
NaN
NaN
NaN
NaN
NaN
NaN
NaN
NaN
NaN
NaN
NaN
NaN
NaN
NaN
NaN
NaN
NaN
NaN
NaN
NaN
NaN
NaN
NaN
NaN
NaN
NaN
NaN
NaN
NaN
NaN
NaN
NaN
NaN
NaN
NaN
NaN
NaN
NaN
NaN
NaN
NaN
NaN
NaN
NaN
NaN
NaN
NaN
NaN
NaN
NaN
NaN
NaN
NaN
NaN
NaN
NaN
NaN
NaN
NaN
NaN
NaN
NaN
NaN
NaN
NaN
NaN
NaN
NaN
NaN
NaN
NaN
NaN
NaN
NaN
NaN
NaN
NaN
NaN
NaN
NaN
NaN
NaN
NaN
NaN
NaN
NaN
NaN
NaN
NaN
NaN
NaN
NaN
NaN
NaN
NaN
NaN
NaN
NaN
NaN
NaN
NaN
NaN
NaN
NaN
NaN
NaN
NaN
NaN
NaN
NaN
NaN
NaN
NaN
NaN
NaN
NaN
NaN
NaN
NaN
NaN
