30.0
72.0
608.0
566.0
709.0
NaN
803.0
1486.0
NaN
NaN
NaN
56.0
10.0
292.0
NaN
1431.0
885.0
978.0
555.0
694.0
863.0
1146.0
91.0
325.0
88.0
438.0
1068.0
157.0
1014.0
1223.0
503.0
181.0
495.0
32.0
237.0
10.0
171.0
183.0
793.0
1271.0
2330.0
1039.0
953.0
239.0
612.0
314.0
81.0
16.0
196.0
328.0
277.0
1341.0
1465.0
580.0
1077.0
NaN
NaN
NaN
NaN
NaN
0.0
254.0
459.0
NaN
NaN
NaN
NaN
NaN
NaN
NaN
NaN
NaN
NaN
NaN
NaN
NaN
NaN
NaN
NaN
NaN
NaN
NaN
NaN
NaN
NaN
NaN
NaN
NaN
NaN
NaN
NaN
NaN
NaN
NaN
NaN
NaN
NaN
NaN
NaN
NaN
NaN
NaN
NaN
NaN
NaN
NaN
NaN
NaN
NaN
NaN
NaN
NaN
NaN
NaN
NaN
NaN
NaN
NaN
NaN
NaN
NaN
NaN
NaN
NaN
NaN
NaN
NaN
NaN
NaN
NaN
NaN
NaN
NaN
NaN
NaN
NaN
NaN
NaN
NaN
NaN
NaN
NaN
NaN
NaN
NaN
NaN
NaN
NaN
NaN
NaN
NaN
NaN
NaN
NaN
NaN
NaN
NaN
NaN
NaN
NaN
NaN
NaN
NaN
NaN
NaN
NaN
NaN
NaN
NaN
NaN
NaN
NaN
NaN
NaN
NaN
NaN
NaN
NaN
NaN
NaN
NaN
NaN
NaN
NaN
NaN
NaN
NaN
NaN
NaN
NaN
NaN
NaN
NaN
NaN
NaN
510.0
297.0
169.0
522.0
1064.0
562.0
51.0
584.0
NaN
NaN
444.0
975.0
NaN
501.0
802.0
863.0
645.0
452.0
292.0
NaN
64.0
165.0
446.0
1340.0
NaN
407.0
702.0
1451.0
707.0
NaN
196.0
20.0
178.0
278.0
353.0
712.0
1551.0
1123.0
368.0
812.0
NaN
455.0
10.0
380.0
198.0
805.0
178.0
259.0
1089.0
653.0
935.0
492.0
1167.0
311.0
NaN
NaN
NaN
180.0
NaN
692.0
NaN
NaN
NaN
NaN
NaN
NaN
NaN
NaN
NaN
NaN
NaN
NaN
NaN
NaN
NaN
NaN
NaN
NaN
NaN
NaN
NaN
NaN
NaN
NaN
NaN
NaN
NaN
NaN
NaN
NaN
NaN
NaN
NaN
605.0
206.0
1172.0
881.0
1616.0
1059.0
523.0
1038.0
326.0
738.0
102.0
106.0
101.0
813.0
1104.0
969.0
511.0
1412.0
1227.0
906.0
540.0
554.0
216.0
76.0
330.0
236.0
574.0
1367.0
512.0
191.0
889.0
1057.0
275.0
184.0
114.0
507.0
102.0
192.0
1058.0
313.0
334.0
1256.0
1410.0
245.0
547.0
1055.0
38.0
153.0
177.0
419.0
816.0
678.0
1186.0
145.0
1322.0
1047.0
341.0
30.0
183.0
101.0
229.0
623.0
236.0
371.0
1208.0
176.0
1395.0
1199.0
71.0
73.0
381.0
268.0
310.0
188.0
432.0
84.0
903.0
444.0
612.0
1873.0
445.0
188.0
395.0
281.0
100.0
182.0
277.0
894.0
896.0
1639.0
650.0
2462.0
150.0
365.0
516.0
40.0
249.0
432.0
1676.0
1275.0
466.0
119.0
532.0
1432.0
150.0
162.0
385.0
43.0
306.0
394.0
767.0
994.0
1384.0
376.0
1534.0
421.0
442.0
312.0
154.0
407.0
335.0
278.0
813.0
521.0
557.0
586.0
515.0
965.0
584.0
357.0
107.0
234.0
88.0
75.0
738.0
1096.0
630.0
81.0
704.0
850.0
326.0
635.0
33.0
43.0
13.0
247.0
398.0
629.0
861.0
509.0
1113.0
1481.0
853.0
937.0
606.0
611.0
238.0
377.0
315.0
1078.0
643.0
617.0
1096.0
596.0
327.0
339.0
135.0
211.0
128.0
957.0
201.0
323.0
151.0
1281.0
1030.0
828.0
250.0
173.0
330.0
188.0
33.0
218.0
501.0
61.0
1982.0
1391.0
719.0
772.0
398.0
618.0
149.0
154.0
258.0
340.0
794.0
672.0
1596.0
987.0
792.0
493.0
571.0
169.0
409.0
352.0
564.0
296.0
141.0
883.0
818.0
152.0
1122.0
736.0
370.0
163.0
321.0
445.0
98.0
533.0
845.0
1629.0
1312.0
268.0
1851.0
558.0
689.0
75.0
282.0
125.0
275.0
384.0
734.0
1543.0
1372.0
1231.0
333.0
3050.0
165.0
325.0
187.0
224.0
387.0
144.0
306.0
710.0
1150.0
696.0
1761.0
126.0
298.0
8.0
104.0
101.0
289.0
378.0
909.0
323.0
1913.0
395.0
855.0
23.0
760.0
513.0
271.0
265.0
127.0
314.0
894.0
513.0
1904.0
699.0
436.0
1634.0
809.0
808.0
290.0
102.0
211.0
528.0
119.0
1815.0
1470.0
1050.0
1026.0
846.0
193.0
221.0
279.0
239.0
158.0
396.0
232.0
1185.0
2267.0
1349.0
1039.0
300.0
427.0
421.0
18.0
262.0
NaN
NaN
395.0
1215.0
1518.0
1446.0
2213.0
512.0
119.0
254.0
33.0
114.0
308.0
401.0
727.0
1258.0
1598.0
918.0
422.0
402.0
18.0
81.0
448.0
0.0
18.0
NaN
NaN
NaN
NaN
NaN
NaN
NaN
NaN
NaN
NaN
167.0
16.0
46.0
NaN
NaN
NaN
0.0
114.0
NaN
NaN
795.0
150.0
14.0
326.0
82.0
NaN
NaN
NaN
851.0
770.0
194.0
331.0
442.0
157.0
441.0
97.0
402.0
359.0
1124.0
NaN
754.0
596.0
1244.0
313.0
3.0
101.0
234.0
120.0
239.0
NaN
NaN
NaN
1631.0
175.0
807.0
246.0
62.0
89.0
130.0
668.0
1090.0
1122.0
1312.0
1482.0
1721.0
1657.0
913.0
442.0
83.0
182.0
422.0
110.0
394.0
303.0
695.0
1077.0
992.0
1128.0
241.0
0.0
133.0
92.0
195.0
346.0
749.0
845.0
484.0
1968.0
577.0
862.0
249.0
116.0
371.0
262.0
50.0
460.0
426.0
808.0
813.0
1994.0
NaN
1690.0
665.0
1014.0
49.0
66.0
69.0
302.0
88.0
667.0
466.0
827.0
1190.0
152.0
457.0
333.0
68.0
205.0
149.0
90.0
216.0
460.0
668.0
677.0
1070.0
1428.0
97.0
328.0
696.0
84.0
42.0
58.0
329.0
201.0
1484.0
1135.0
554.0
876.0
691.0
691.0
663.0
118.0
86.0
68.0
117.0
820.0
324.0
958.0
552.0
287.0
198.0
44.0
160.0
51.0
74.0
404.0
544.0
186.0
2898.0
824.0
44.0
929.0
882.0
488.0
450.0
446.0
186.0
125.0
357.0
629.0
1777.0
566.0
711.0
872.0
1022.0
150.0
262.0
229.0
52.0
577.0
932.0
421.0
866.0
384.0
1591.0
491.0
1025.0
374.0
196.0
279.0
83.0
789.0
428.0
286.0
727.0
1550.0
1746.0
1419.0
433.0
260.0
100.0
65.0
143.0
195.0
333.0
267.0
560.0
741.0
1253.0
587.0
547.0
579.0
10.0
115.0
91.0
15.0
268.0
NaN
1001.0
948.0
1524.0
1173.0
2229.0
175.0
69.0
315.0
142.0
443.0
687.0
911.0
1308.0
533.0
392.0
1055.0
2023.0
156.0
174.0
120.0
152.0
151.0
203.0
392.0
773.0
606.0
509.0
691.0
199.0
419.0
26.0
201.0
242.0
83.0
104.0
744.0
852.0
2009.0
114.0
227.0
112.0
315.0
NaN
NaN
136.0
NaN
NaN
597.0
623.0
777.0
1499.0
598.0
NaN
1185.0
138.0
329.0
367.0
449.0
375.0
341.0
1285.0
NaN
1916.0
1533.0
359.0
630.0
62.0
390.0
39.0
58.0
480.0
439.0
1414.0
679.0
375.0
330.0
983.0
1540.0
519.0
122.0
NaN
NaN
300.0
254.0
578.0
1390.0
1603.0
269.0
381.0
1114.0
NaN
119.0
90.0
147.0
279.0
838.0
873.0
633.0
NaN
NaN
773.0
NaN
331.0
392.0
NaN
138.0
NaN
1195.0
NaN
NaN
NaN
1024.0
1577.0
516.0
860.0
271.0
33.0
25.0
305.0
397.0
605.0
669.0
214.0
1034.0
384.0
332.0
170.0
82.0
409.0
102.0
546.0
1745.0
1095.0
1662.0
57.0
3082.0
201.0
94.0
698.0
55.0
35.0
173.0
943.0
269.0
NaN
691.0
311.0
143.0
664.0
292.0
34.0
147.0
74.0
191.0
1167.0
1002.0
620.0
562.0
664.0
1316.0
1067.0
890.0
792.0
NaN
NaN
70.0
145.0
1004.0
660.0
506.0
2264.0
768.0
387.0
94.0
274.0
NaN
293.0
184.0
883.0
NaN
653.0
NaN
1577.0
1498.0
736.0
NaN
378.0
23.0
216.0
175.0
229.0
195.0
884.0
NaN
NaN
NaN
NaN
291.0
NaN
NaN
69.0
110.0
304.0
323.0
1070.0
1332.0
NaN
NaN
NaN
NaN
NaN
NaN
NaN
48.0
NaN
381.0
1673.0
656.0
1617.0
1224.0
1450.0
955.0
694.0
464.0
119.0
150.0
1038.0
503.0
742.0
1957.0
1003.0
442.0
1003.0
596.0
469.0
121.0
132.0
115.0
384.0
1170.0
1103.0
2309.0
681.0
666.0
114.0
913.0
348.0
385.0
50.0
9.0
932.0
1361.0
1161.0
902.0
173.0
1385.0
1794.0
360.0
338.0
173.0
31.0
8.0
404.0
1549.0
1369.0
1381.0
1448.0
987.0
746.0
738.0
270.0
60.0
31.0
76.0
780.0
254.0
1192.0
507.0
2569.0
828.0
710.0
87.0
188.0
145.0
104.0
62.0
188.0
789.0
382.0
381.0
917.0
1165.0
920.0
94.0
570.0
48.0
90.0
47.0
150.0
927.0
320.0
747.0
684.0
837.0
974.0
43.0
42.0
24.0
69.0
41.0
671.0
385.0
1182.0
1198.0
816.0
1257.0
347.0
404.0
74.0
172.0
128.0
119.0
802.0
1750.0
1242.0
859.0
1263.0
537.0
523.0
399.0
803.0
171.0
182.0
176.0
523.0
1310.0
861.0
355.0
1499.0
NaN
NaN
NaN
307.0
179.0
224.0
206.0
368.0
1066.0
1749.0
2371.0
1661.0
2004.0
587.0
239.0
109.0
214.0
154.0
49.0
24.0
611.0
378.0
2067.0
1006.0
430.0
905.0
364.0
294.0
162.0
33.0
55.0
693.0
893.0
1359.0
669.0
700.0
1576.0
772.0
665.0
104.0
112.0
252.0
28.0
291.0
200.0
957.0
966.0
796.0
1377.0
651.0
482.0
806.0
166.0
249.0
186.0
84.0
409.0
909.0
747.0
530.0
576.0
706.0
368.0
222.0
64.0
162.0
133.0
509.0
728.0
1075.0
1123.0
783.0
1582.0
233.0
848.0
255.0
21.0
212.0
43.0
120.0
1069.0
500.0
1552.0
1046.0
143.0
201.0
229.0
61.0
67.0
179.0
285.0
302.0
323.0
1205.0
731.0
892.0
728.0
183.0
510.0
692.0
260.0
331.0
237.0
131.0
1666.0
1213.0
693.0
814.0
331.0
638.0
219.0
643.0
49.0
76.0
46.0
215.0
720.0
668.0
837.0
716.0
1575.0
594.0
687.0
56.0
26.0
52.0
66.0
557.0
384.0
1063.0
1476.0
933.0
NaN
364.0
140.0
208.0
268.0
140.0
184.0
782.0
620.0
1535.0
510.0
1550.0
351.0
3581.0
346.0
489.0
28.0
74.0
450.0
122.0
1212.0
1119.0
1094.0
822.0
521.0
1687.0
305.0
540.0
282.0
93.0
51.0
795.0
1420.0
275.0
707.0
173.0
1498.0
847.0
115.0
324.0
403.0
130.0
179.0
750.0
593.0
971.0
477.0
813.0
2532.0
800.0
976.0
13.0
353.0
105.0
176.0
299.0
722.0
1034.0
1055.0
1121.0
311.0
618.0
856.0
243.0
282.0
160.0
170.0
436.0
408.0
NaN
752.0
1341.0
328.0
411.0
2078.0
348.0
580.0
679.0
199.0
488.0
1057.0
612.0
3255.0
1700.0
1225.0
1556.0
343.0
211.0
178.0
307.0
317.0
254.0
860.0
1077.0
1353.0
2190.0
490.0
61.0
71.0
91.0
386.0
201.0
671.0
401.0
1199.0
1551.0
594.0
86.0
566.0
351.0
451.0
310.0
264.0
87.0
317.0
502.0
1142.0
1725.0
1498.0
195.0
414.0
119.0
979.0
132.0
109.0
55.0
227.0
185.0
857.0
359.0
2648.0
651.0
1696.0
778.0
563.0
198.0
240.0
182.0
171.0
165.0
772.0
1032.0
475.0
818.0
1978.0
455.0
404.0
1393.0
670.0
85.0
241.0
595.0
1776.0
1827.0
1224.0
967.0
795.0
1763.0
837.0
549.0
973.0
384.0
296.0
588.0
898.0
973.0
827.0
561.0
2248.0
NaN
NaN
