9.96666666667
3.56774193548
-2.35333333333
-12.7612903226
-11.9
-8.50714285714
-5.17096774194
0.983333333333
9.27096774194
14.64
14.5322580645
14.3806451613
9.81666666667
1.61935483871
-1.22
-13.0677419355
-13.0129032258
-11.925
-1.2935483871
4.80666666667
9.00322580645
15.9566666667
18.3483870968
17.6709677419
11.4033333333
2.61612903226
-4.36666666667
-10.5903225806
-14.3870967742
-10.9928571429
-3.46451612903
2.97666666667
8.35483870968
15.3366666667
20.4903225806
17.0258064516
7.92
4.03870967742
-4.07333333333
-8.69677419355
-8.49677419355
-9.15172413793
2.65161290323
4.69
10.4612903226
15.2133333333
19.0967741935
13.8258064516
7.04666666667
1.46774193548
-3.52
-10.2741935484
-10.5967741935
-7.49642857143
-6.75806451613
-0.376666666667
8.74516129032
14.5733333333
16.3225806452
17.2870967742
12.8310344828
3.46774193548
-5.04
-12.6709677419
-13.9322580645
-12.4821428571
-7.61935483871
1.31
7.52962962963
15.3366666667
14.5677419355
16.3290322581
10.29
4.01935483871
-7.87666666667
-6.13225806452
-10.6129032258
-13.0321428571
-4.83870967742
3.85
9.11935483871
15.22
17.2129032258
15.2258064516
14.5966666667
5.24838709677
0.12
-5.22903225806
-9.83548387097
-5.13448275862
-1.18709677419
3.31666666667
8.65806451613
16.87
17.6774193548
16.6419354839
12.5766666667
5.38387096774
-0.0566666666667
-10.4064516129
-7.97741935484
-4.78928571429
-1.29032258065
4.00333333333
8.49677419355
15.41
18.2096774194
13.8870967742
12.04
NaN
