0.0
56.0
262.0
0.0
0.0
0.0
0.0
0.0
0.0
0.0
0.0
0.0
0.0
0.0
249.0
0.0
0.0
0.0
56.0
0.0
0.0
56.0
208.0
0.0
0.0
0.0
0.0
0.0
0.0
0.0
0.0
0.0
0.0
0.0
0.0
0.0
0.0
0.0
0.0
0.0
0.0
0.0
0.0
274.0
0.0
0.0
0.0
0.0
0.0
107.0
0.0
0.0
0.0
0.0
173.0
0.0
0.0
0.0
0.0
0.0
64.0
51.0
0.0
0.0
0.0
0.0
10.0
0.0
0.0
0.0
5.0
0.0
0.0
0.0
0.0
0.0
0.0
61.0
0.0
0.0
0.0
0.0
0.0
0.0
325.0
0.0
0.0
0.0
0.0
0.0
0.0
0.0
0.0
0.0
56.0
0.0
0.0
71.0
91.0
0.0
0.0
0.0
0.0
0.0
0.0
0.0
0.0
0.0
0.0
0.0
0.0
0.0
0.0
0.0
0.0
0.0
0.0
137.0
0.0
0.0
198.0
0.0
0.0
0.0
0.0
0.0
0.0
132.0
0.0
0.0
0.0
99.0
61.0
0.0
0.0
51.0
0.0
NaN
0.0
0.0
0.0
0.0
36.0
NaN
NaN
224.0
173.0
0.0
114.0
0.0
0.0
0.0
0.0
0.0
114.0
33.0
0.0
203.0
0.0
0.0
0.0
NaN
0.0
0.0
5.0
38.0
0.0
0.0
0.0
58.0
119.0
0.0
0.0
0.0
0.0
0.0
41.0
84.0
0.0
145.0
0.0
0.0
41.0
86.0
0.0
0.0
0.0
0.0
0.0
0.0
0.0
0.0
0.0
0.0
51.0
0.0
0.0
0.0
0.0
0.0
0.0
0.0
71.0
0.0
0.0
0.0
0.0
0.0
330.0
0.0
0.0
0.0
0.0
0.0
0.0
127.0
0.0
287.0
71.0
483.0
0.0
0.0
0.0
165.0
0.0
0.0
0.0
287.0
0.0
0.0
165.0
0.0
0.0
0.0
0.0
168.0
0.0
0.0
0.0
0.0
0.0
0.0
0.0
0.0
305.0
0.0
0.0
0.0
0.0
0.0
0.0
0.0
0.0
0.0
0.0
0.0
0.0
0.0
NaN
0.0
0.0
0.0
0.0
NaN
0.0
0.0
0.0
33.0
0.0
0.0
218.0
0.0
0.0
0.0
0.0
0.0
0.0
0.0
0.0
0.0
0.0
0.0
0.0
0.0
0.0
0.0
0.0
0.0
0.0
0.0
36.0
0.0
0.0
0.0
0.0
224.0
10.0
0.0
0.0
0.0
0.0
152.0
0.0
0.0
0.0
0.0
0.0
0.0
0.0
0.0
0.0
0.0
0.0
61.0
0.0
0.0
0.0
0.0
0.0
0.0
0.0
0.0
0.0
0.0
320.0
0.0
0.0
0.0
0.0
325.0
0.0
0.0
30.0
0.0
0.0
0.0
0.0
0.0
124.0
0.0
0.0
0.0
0.0
0.0
0.0
0.0
46.0
0.0
0.0
0.0
0.0
0.0
0.0
0.0
0.0
0.0
0.0
0.0
0.0
33.0
0.0
0.0
25.0
330.0
NaN
0.0
76.0
0.0
0.0
0.0
0.0
3.0
0.0
0.0
0.0
0.0
0.0
0.0
0.0
20.0
0.0
0.0
0.0
427.0
0.0
0.0
0.0
0.0
0.0
0.0
0.0
0.0
0.0
56.0
NaN
NaN
0.0
0.0
0.0
0.0
0.0
46.0
0.0
0.0
0.0
0.0
0.0
0.0
0.0
0.0
0.0
0.0
0.0
0.0
0.0
23.0
0.0
0.0
0.0
0.0
0.0
0.0
0.0
0.0
56.0
0.0
0.0
0.0
0.0
0.0
53.0
0.0
0.0
0.0
28.0
0.0
13.0
0.0
NaN
0.0
0.0
0.0
0.0
0.0
0.0
0.0
0.0
0.0
53.0
0.0
0.0
287.0
0.0
0.0
0.0
0.0
0.0
74.0
0.0
0.0
0.0
244.0
0.0
0.0
0.0
0.0
0.0
0.0
0.0
0.0
0.0
0.0
0.0
0.0
0.0
0.0
0.0
0.0
46.0
0.0
0.0
0.0
NaN
170.0
NaN
0.0
0.0
33.0
0.0
18.0
0.0
0.0
0.0
0.0
0.0
0.0
0.0
0.0
185.0
0.0
0.0
0.0
0.0
0.0
0.0
0.0
36.0
147.0
295.0
0.0
41.0
0.0
0.0
0.0
0.0
0.0
0.0
0.0
229.0
0.0
0.0
0.0
356.0
0.0
0.0
36.0
76.0
20.0
0.0
0.0
0.0
0.0
0.0
0.0
0.0
0.0
0.0
119.0
99.0
163.0
10.0
0.0
0.0
0.0
0.0
13.0
0.0
0.0
8.0
0.0
76.0
0.0
0.0
119.0
0.0
340.0
28.0
0.0
0.0
127.0
76.0
259.0
0.0
0.0
0.0
0.0
554.0
0.0
0.0
114.0
20.0
0.0
0.0
0.0
0.0
0.0
0.0
0.0
0.0
0.0
0.0
56.0
56.0
417.0
43.0
0.0
0.0
0.0
0.0
0.0
0.0
0.0
386.0
0.0
0.0
297.0
0.0
0.0
0.0
0.0
0.0
0.0
51.0
18.0
0.0
145.0
0.0
0.0
0.0
0.0
0.0
23.0
0.0
0.0
163.0
0.0
0.0
8.0
0.0
0.0
0.0
0.0
0.0
33.0
566.0
605.0
0.0
137.0
0.0
0.0
36.0
0.0
0.0
0.0
NaN
NaN
0.0
0.0
48.0
0.0
3.0
0.0
0.0
0.0
0.0
0.0
0.0
0.0
0.0
0.0
0.0
0.0
0.0
0.0
0.0
0.0
0.0
0.0
0.0
0.0
0.0
18.0
0.0
0.0
18.0
0.0
0.0
58.0
0.0
61.0
0.0
0.0
13.0
0.0
0.0
0.0
0.0
23.0
0.0
0.0
0.0
0.0
0.0
0.0
0.0
0.0
0.0
0.0
279.0
0.0
0.0
0.0
0.0
0.0
0.0
0.0
0.0
0.0
36.0
0.0
0.0
0.0
0.0
0.0
0.0
0.0
0.0
132.0
0.0
0.0
0.0
0.0
NaN
0.0
0.0
0.0
0.0
0.0
0.0
0.0
0.0
0.0
0.0
0.0
0.0
0.0
0.0
NaN
NaN
0.0
0.0
0.0
0.0
0.0
0.0
0.0
0.0
0.0
0.0
0.0
0.0
30.0
0.0
0.0
0.0
0.0
0.0
0.0
0.0
0.0
0.0
0.0
0.0
0.0
0.0
25.0
0.0
0.0
0.0
0.0
13.0
43.0
0.0
0.0
0.0
282.0
0.0
0.0
0.0
0.0
0.0
0.0
0.0
0.0
0.0
0.0
0.0
0.0
236.0
0.0
0.0
0.0
0.0
0.0
0.0
51.0
0.0
0.0
0.0
0.0
61.0
0.0
0.0
0.0
43.0
56.0
0.0
0.0
0.0
0.0
0.0
0.0
0.0
0.0
61.0
0.0
0.0
0.0
28.0
0.0
0.0
0.0
0.0
0.0
0.0
0.0
160.0
0.0
0.0
236.0
0.0
152.0
0.0
0.0
0.0
61.0
30.0
69.0
0.0
0.0
76.0
0.0
0.0
0.0
0.0
0.0
0.0
0.0
76.0
0.0
0.0
0.0
0.0
69.0
279.0
76.0
86.0
36.0
0.0
0.0
0.0
0.0
0.0
0.0
36.0
163.0
0.0
28.0
0.0
0.0
0.0
109.0
0.0
84.0
185.0
0.0
46.0
0.0
599.0
0.0
0.0
30.0
0.0
0.0
0.0
0.0
0.0
0.0
300.0
0.0
71.0
0.0
0.0
0.0
84.0
0.0
0.0
109.0
0.0
0.0
0.0
0.0
0.0
74.0
53.0
0.0
0.0
0.0
0.0
0.0
51.0
343.0
0.0
0.0
0.0
0.0
0.0
0.0
0.0
81.0
0.0
203.0
0.0
79.0
91.0
20.0
0.0
163.0
0.0
0.0
0.0
0.0
127.0
109.0
0.0
0.0
0.0
356.0
102.0
0.0
0.0
0.0
0.0
0.0
0.0
0.0
0.0
0.0
0.0
0.0
0.0
8.0
0.0
0.0
0.0
0.0
0.0
0.0
0.0
0.0
0.0
25.0
0.0
97.0
0.0
0.0
0.0
132.0
8.0
0.0
0.0
0.0
0.0
0.0
0.0
0.0
0.0
0.0
0.0
0.0
69.0
0.0
0.0
58.0
0.0
0.0
0.0
0.0
0.0
0.0
0.0
0.0
0.0
0.0
0.0
0.0
64.0
0.0
0.0
0.0
0.0
0.0
0.0
0.0
0.0
0.0
0.0
0.0
0.0
0.0
0.0
297.0
0.0
0.0
0.0
0.0
0.0
0.0
0.0
0.0
0.0
0.0
0.0
0.0
0.0
0.0
0.0
0.0
0.0
0.0
0.0
0.0
0.0
0.0
104.0
0.0
0.0
84.0
69.0
28.0
10.0
0.0
0.0
0.0
0.0
0.0
0.0
0.0
0.0
0.0
0.0
0.0
0.0
0.0
0.0
0.0
0.0
0.0
0.0
0.0
0.0
0.0
0.0
0.0
0.0
0.0
0.0
150.0
284.0
69.0
0.0
0.0
0.0
0.0
102.0
0.0
0.0
0.0
0.0
0.0
135.0
0.0
0.0
0.0
0.0
0.0
5.0
0.0
0.0
0.0
0.0
135.0
0.0
0.0
0.0
0.0
0.0
0.0
0.0
0.0
0.0
0.0
0.0
0.0
0.0
0.0
0.0
0.0
0.0
0.0
0.0
0.0
0.0
0.0
0.0
0.0
0.0
0.0
0.0
0.0
0.0
84.0
0.0
0.0
0.0
0.0
0.0
46.0
86.0
0.0
0.0
0.0
0.0
0.0
478.0
0.0
0.0
0.0
0.0
0.0
0.0
0.0
0.0
127.0
0.0
173.0
0.0
0.0
0.0
0.0
NaN
0.0
0.0
0.0
0.0
48.0
0.0
0.0
157.0
0.0
0.0
0.0
0.0
0.0
0.0
0.0
0.0
0.0
0.0
0.0
0.0
0.0
99.0
198.0
28.0
0.0
0.0
0.0
0.0
0.0
0.0
0.0
91.0
0.0
0.0
0.0
0.0
0.0
0.0
0.0
8.0
0.0
0.0
0.0
0.0
0.0
0.0
13.0
0.0
0.0
NaN
51.0
0.0
5.0
0.0
0.0
178.0
0.0
0.0
36.0
0.0
61.0
8.0
513.0
0.0
0.0
279.0
0.0
0.0
58.0
0.0
137.0
25.0
577.0
180.0
13.0
8.0
8.0
0.0
0.0
0.0
30.0
0.0
76.0
0.0
0.0
0.0
0.0
0.0
155.0
307.0
0.0
0.0
0.0
0.0
0.0
0.0
0.0
0.0
0.0
0.0
91.0
8.0
0.0
102.0
0.0
351.0
0.0
102.0
0.0
0.0
0.0
0.0
305.0
147.0
130.0
0.0
0.0
0.0
46.0
0.0
0.0
0.0
0.0
0.0
0.0
0.0
0.0
25.0
0.0
198.0
74.0
0.0
81.0
0.0
0.0
0.0
0.0
3.0
0.0
3.0
43.0
15.0
0.0
0.0
0.0
0.0
0.0
0.0
0.0
0.0
20.0
0.0
0.0
0.0
0.0
0.0
0.0
0.0
0.0
0.0
0.0
5.0
5.0
41.0
0.0
0.0
0.0
0.0
0.0
51.0
203.0
0.0
0.0
0.0
0.0
81.0
0.0
145.0
152.0
0.0
864.0
163.0
0.0
0.0
0.0
0.0
0.0
0.0
10.0
0.0
0.0
0.0
0.0
213.0
0.0
0.0
0.0
0.0
0.0
140.0
0.0
0.0
0.0
0.0
69.0
0.0
0.0
0.0
0.0
119.0
69.0
439.0
0.0
0.0
0.0
0.0
0.0
0.0
0.0
36.0
0.0
0.0
0.0
0.0
0.0
0.0
0.0
0.0
0.0
0.0
0.0
0.0
0.0
0.0
0.0
0.0
218.0
0.0
36.0
0.0
0.0
0.0
0.0
0.0
0.0
0.0
0.0
114.0
0.0
41.0
127.0
0.0
0.0
0.0
0.0
0.0
0.0
0.0
0.0
239.0
0.0
0.0
0.0
0.0
0.0
36.0
38.0
0.0
0.0
104.0
0.0
107.0
61.0
0.0
340.0
0.0
0.0
0.0
0.0
0.0
147.0
0.0
43.0
0.0
0.0
0.0
56.0
0.0
0.0
0.0
76.0
51.0
61.0
239.0
0.0
46.0
0.0
0.0
13.0
NaN
272.0
38.0
0.0
0.0
0.0
0.0
0.0
0.0
0.0
25.0
0.0
0.0
NaN
94.0
43.0
0.0
0.0
0.0
0.0
0.0
0.0
0.0
0.0
0.0
196.0
0.0
0.0
0.0
0.0
0.0
0.0
94.0
0.0
259.0
0.0
0.0
0.0
109.0
0.0
0.0
0.0
0.0
0.0
0.0
0.0
0.0
0.0
0.0
0.0
10.0
0.0
0.0
0.0
0.0
0.0
0.0
0.0
0.0
0.0
0.0
0.0
0.0
0.0
0.0
0.0
0.0
0.0
0.0
0.0
13.0
38.0
0.0
25.0
0.0
0.0
0.0
66.0
0.0
0.0
15.0
0.0
0.0
0.0
0.0
0.0
0.0
0.0
0.0
0.0
0.0
0.0
0.0
0.0
0.0
0.0
0.0
0.0
0.0
0.0
0.0
0.0
0.0
0.0
0.0
0.0
0.0
0.0
18.0
0.0
0.0
0.0
0.0
20.0
0.0
196.0
224.0
0.0
0.0
0.0
0.0
23.0
0.0
0.0
0.0
234.0
124.0
41.0
25.0
0.0
0.0
0.0
236.0
102.0
0.0
0.0
86.0
0.0
0.0
0.0
0.0
0.0
193.0
0.0
0.0
0.0
0.0
23.0
0.0
0.0
0.0
36.0
0.0
0.0
0.0
0.0
79.0
137.0
0.0
0.0
114.0
119.0
NaN
10.0
0.0
84.0
0.0
0.0
30.0
51.0
0.0
0.0
0.0
107.0
0.0
66.0
5.0
18.0
0.0
0.0
0.0
0.0
0.0
0.0
0.0
0.0
0.0
0.0
0.0
130.0
0.0
0.0
0.0
0.0
0.0
0.0
0.0
155.0
0.0
0.0
0.0
0.0
0.0
0.0
0.0
0.0
0.0
0.0
0.0
0.0
0.0
33.0
0.0
0.0
0.0
0.0
0.0
0.0
262.0
0.0
0.0
0.0
0.0
0.0
0.0
0.0
0.0
0.0
0.0
0.0
0.0
0.0
0.0
28.0
0.0
0.0
0.0
0.0
0.0
0.0
0.0
0.0
0.0
0.0
0.0
86.0
8.0
142.0
0.0
0.0
155.0
0.0
36.0
0.0
0.0
0.0
0.0
450.0
0.0
0.0
0.0
0.0
86.0
0.0
0.0
0.0
0.0
18.0
64.0
10.0
0.0
0.0
0.0
0.0
0.0
693.0
0.0
0.0
0.0
0.0
0.0
0.0
0.0
0.0
0.0
0.0
330.0
0.0
0.0
145.0
0.0
0.0
0.0
0.0
0.0
0.0
71.0
5.0
0.0
0.0
0.0
0.0
0.0
0.0
0.0
0.0
0.0
0.0
0.0
0.0
0.0
0.0
0.0
30.0
119.0
0.0
0.0
0.0
0.0
0.0
0.0
0.0
0.0
0.0
0.0
86.0
0.0
0.0
0.0
51.0
0.0
0.0
0.0
0.0
0.0
0.0
0.0
0.0
0.0
0.0
0.0
0.0
0.0
0.0
0.0
8.0
0.0
0.0
13.0
0.0
0.0
36.0
0.0
0.0
0.0
0.0
0.0
15.0
0.0
0.0
0.0
0.0
0.0
46.0
0.0
0.0
0.0
0.0
0.0
0.0
0.0
0.0
8.0
0.0
0.0
0.0
0.0
8.0
0.0
41.0
0.0
0.0
0.0
0.0
0.0
0.0
NaN
58.0
0.0
0.0
56.0
0.0
0.0
0.0
0.0
0.0
0.0
0.0
0.0
0.0
0.0
0.0
18.0
0.0
0.0
0.0
0.0
0.0
0.0
0.0
0.0
8.0
0.0
0.0
0.0
0.0
0.0
0.0
0.0
0.0
0.0
206.0
0.0
0.0
0.0
0.0
0.0
0.0
0.0
0.0
269.0
0.0
264.0
198.0
61.0
0.0
0.0
0.0
0.0
0.0
0.0
0.0
61.0
0.0
0.0
0.0
0.0
0.0
0.0
0.0
0.0
0.0
0.0
0.0
0.0
0.0
0.0
0.0
0.0
0.0
0.0
0.0
0.0
0.0
0.0
0.0
18.0
0.0
0.0
0.0
137.0
0.0
0.0
46.0
0.0
0.0
0.0
53.0
0.0
46.0
76.0
86.0
0.0
10.0
0.0
0.0
0.0
18.0
160.0
0.0
0.0
0.0
0.0
53.0
0.0
0.0
0.0
0.0
0.0
0.0
0.0
0.0
0.0
25.0
124.0
0.0
213.0
0.0
0.0
0.0
0.0
0.0
0.0
69.0
0.0
0.0
0.0
0.0
0.0
152.0
0.0
0.0
0.0
0.0
0.0
0.0
335.0
175.0
18.0
0.0
0.0
0.0
0.0
30.0
10.0
0.0
0.0
0.0
152.0
0.0
15.0
0.0
208.0
0.0
0.0
0.0
0.0
23.0
0.0
0.0
0.0
0.0
13.0
378.0
0.0
0.0
0.0
0.0
0.0
0.0
0.0
0.0
13.0
0.0
0.0
0.0
0.0
0.0
0.0
0.0
0.0
0.0
152.0
0.0
0.0
160.0
18.0
0.0
0.0
0.0
0.0
0.0
0.0
0.0
0.0
0.0
0.0
0.0
0.0
64.0
20.0
23.0
0.0
0.0
147.0
0.0
0.0
53.0
28.0
0.0
15.0
269.0
8.0
NaN
69.0
0.0
18.0
152.0
551.0
315.0
396.0
384.0
0.0
292.0
3.0
0.0
0.0
0.0
0.0
58.0
0.0
13.0
0.0
0.0
0.0
0.0
0.0
0.0
NaN
0.0
0.0
0.0
0.0
0.0
76.0
0.0
0.0
0.0
38.0
130.0
0.0
0.0
384.0
0.0
0.0
10.0
290.0
0.0
8.0
137.0
0.0
0.0
0.0
0.0
0.0
38.0
48.0
0.0
46.0
338.0
15.0
124.0
0.0
43.0
46.0
0.0
0.0
0.0
53.0
0.0
0.0
10.0
358.0
13.0
0.0
64.0
0.0
0.0
0.0
0.0
0.0
0.0
0.0
0.0
13.0
0.0
0.0
0.0
109.0
0.0
0.0
0.0
0.0
0.0
0.0
168.0
0.0
0.0
239.0
0.0
160.0
0.0
0.0
0.0
0.0
0.0
135.0
0.0
0.0
5.0
0.0
33.0
0.0
0.0
0.0
0.0
0.0
89.0
0.0
0.0
0.0
0.0
0.0
0.0
0.0
0.0
0.0
0.0
0.0
10.0
0.0
0.0
0.0
0.0
0.0
0.0
0.0
0.0
0.0
0.0
51.0
0.0
0.0
0.0
0.0
145.0
51.0
0.0
0.0
0.0
46.0
0.0
0.0
0.0
0.0
0.0
0.0
0.0
46.0
0.0
0.0
0.0
0.0
0.0
38.0
0.0
0.0
0.0
23.0
0.0
8.0
0.0
0.0
0.0
0.0
0.0
0.0
0.0
0.0
0.0
0.0
0.0
41.0
0.0
0.0
0.0
0.0
0.0
0.0
0.0
0.0
0.0
0.0
0.0
28.0
0.0
0.0
0.0
0.0
0.0
0.0
0.0
0.0
0.0
NaN
64.0
0.0
203.0
0.0
0.0
0.0
0.0
0.0
20.0
0.0
0.0
0.0
0.0
0.0
0.0
0.0
86.0
0.0
0.0
0.0
130.0
0.0
0.0
0.0
0.0
0.0
208.0
0.0
0.0
0.0
0.0
0.0
0.0
0.0
0.0
0.0
0.0
20.0
0.0
0.0
0.0
0.0
28.0
0.0
0.0
0.0
0.0
0.0
0.0
0.0
109.0
0.0
0.0
NaN
51.0
0.0
0.0
51.0
0.0
0.0
0.0
0.0
117.0
0.0
79.0
0.0
33.0
0.0
25.0
0.0
5.0
0.0
0.0
46.0
0.0
0.0
0.0
577.0
0.0
0.0
0.0
46.0
30.0
0.0
0.0
8.0
198.0
338.0
0.0
71.0
0.0
0.0
196.0
0.0
0.0
0.0
0.0
0.0
36.0
58.0
0.0
0.0
25.0
0.0
0.0
0.0
0.0
0.0
0.0
41.0
28.0
89.0
64.0
0.0
0.0
0.0
86.0
56.0
0.0
0.0
0.0
0.0
0.0
0.0
0.0
0.0
0.0
122.0
0.0
0.0
13.0
0.0
0.0
0.0
43.0
0.0
0.0
211.0
0.0
0.0
5.0
0.0
0.0
0.0
0.0
0.0
0.0
340.0
76.0
0.0
0.0
0.0
0.0
0.0
0.0
239.0
0.0
20.0
56.0
0.0
0.0
0.0
0.0
8.0
38.0
0.0
173.0
0.0
183.0
0.0
28.0
33.0
0.0
0.0
0.0
5.0
20.0
490.0
0.0
0.0
0.0
0.0
0.0
0.0
0.0
0.0
0.0
0.0
0.0
0.0
188.0
0.0
0.0
36.0
0.0
0.0
0.0
0.0
0.0
0.0
0.0
0.0
0.0
0.0
335.0
43.0
0.0
163.0
147.0
130.0
0.0
0.0
0.0
0.0
46.0
0.0
8.0
188.0
0.0
0.0
0.0
0.0
48.0
0.0
0.0
0.0
0.0
137.0
274.0
46.0
264.0
112.0
0.0
0.0
0.0
0.0
0.0
0.0
0.0
79.0
216.0
46.0
0.0
0.0
0.0
0.0
0.0
0.0
5.0
0.0
0.0
0.0
0.0
0.0
0.0
0.0
61.0
0.0
0.0
0.0
0.0
0.0
97.0
163.0
0.0
0.0
0.0
0.0
0.0
0.0
0.0
0.0
0.0
0.0
0.0
0.0
0.0
0.0
0.0
0.0
0.0
91.0
203.0
0.0
0.0
0.0
0.0
0.0
0.0
0.0
0.0
0.0
0.0
0.0
0.0
0.0
0.0
64.0
0.0
0.0
13.0
0.0
0.0
0.0
0.0
0.0
0.0
0.0
0.0
0.0
0.0
0.0
0.0
0.0
0.0
0.0
0.0
38.0
140.0
0.0
0.0
0.0
0.0
0.0
0.0
0.0
0.0
0.0
0.0
0.0
0.0
0.0
0.0
0.0
198.0
0.0
0.0
0.0
0.0
13.0
0.0
0.0
10.0
0.0
0.0
0.0
0.0
0.0
0.0
0.0
0.0
0.0
0.0
0.0
0.0
0.0
0.0
0.0
0.0
3.0
0.0
0.0
0.0
0.0
188.0
0.0
0.0
0.0
23.0
0.0
0.0
30.0
0.0
18.0
0.0
0.0
0.0
0.0
0.0
0.0
0.0
0.0
0.0
71.0
165.0
23.0
0.0
8.0
0.0
0.0
0.0
168.0
0.0
91.0
145.0
0.0
36.0
0.0
0.0
0.0
0.0
0.0
0.0
53.0
46.0
97.0
0.0
0.0
0.0
0.0
61.0
221.0
23.0
0.0
0.0
0.0
0.0
0.0
0.0
0.0
0.0
0.0
0.0
0.0
0.0
0.0
0.0
0.0
0.0
0.0
0.0
0.0
0.0
0.0
0.0
236.0
330.0
0.0
0.0
46.0
0.0
0.0
0.0
20.0
196.0
46.0
269.0
0.0
0.0
0.0
56.0
523.0
53.0
0.0
0.0
0.0
0.0
452.0
0.0
0.0
0.0
0.0
0.0
0.0
0.0
0.0
0.0
30.0
645.0
0.0
0.0
0.0
0.0
0.0
0.0
0.0
0.0
89.0
0.0
0.0
0.0
0.0
28.0
79.0
0.0
0.0
0.0
58.0
0.0
0.0
0.0
0.0
269.0
0.0
0.0
0.0
86.0
61.0
0.0
0.0
226.0
0.0
0.0
155.0
109.0
0.0
119.0
150.0
0.0
0.0
127.0
0.0
0.0
0.0
0.0
109.0
0.0
0.0
0.0
0.0
0.0
0.0
0.0
56.0
0.0
0.0
0.0
0.0
76.0
94.0
51.0
0.0
0.0
157.0
0.0
0.0
53.0
191.0
0.0
0.0
0.0
310.0
0.0
0.0
0.0
0.0
0.0
0.0
0.0
0.0
0.0
0.0
0.0
0.0
0.0
0.0
0.0
0.0
0.0
0.0
0.0
0.0
53.0
0.0
0.0
183.0
0.0
0.0
0.0
0.0
163.0
0.0
0.0
0.0
399.0
0.0
0.0
0.0
0.0
28.0
0.0
0.0
0.0
36.0
315.0
0.0
0.0
0.0
0.0
0.0
0.0
10.0
0.0
0.0
323.0
0.0
0.0
0.0
0.0
0.0
94.0
119.0
0.0
0.0
0.0
0.0
0.0
0.0
0.0
0.0
94.0
0.0
0.0
165.0
28.0
0.0
0.0
0.0
0.0
0.0
0.0
0.0
0.0
38.0
0.0
0.0
0.0
0.0
0.0
0.0
0.0
0.0
0.0
0.0
211.0
0.0
28.0
0.0
0.0
0.0
0.0
0.0
0.0
0.0
30.0
142.0
46.0
0.0
0.0
0.0
0.0
33.0
0.0
0.0
0.0
0.0
0.0
0.0
0.0
0.0
0.0
0.0
0.0
0.0
0.0
0.0
0.0
0.0
0.0
0.0
0.0
0.0
0.0
0.0
0.0
0.0
0.0
23.0
0.0
0.0
0.0
0.0
0.0
0.0
0.0
0.0
0.0
0.0
0.0
0.0
0.0
0.0
0.0
0.0
53.0
0.0
0.0
0.0
0.0
0.0
0.0
43.0
0.0
0.0
0.0
132.0
0.0
0.0
0.0
74.0
0.0
0.0
0.0
124.0
0.0
0.0
0.0
0.0
0.0
0.0
0.0
0.0
28.0
0.0
0.0
0.0
0.0
0.0
0.0
61.0
0.0
0.0
0.0
0.0
0.0
0.0
0.0
0.0
0.0
0.0
0.0
51.0
0.0
0.0
0.0
15.0
0.0
0.0
0.0
0.0
0.0
0.0
23.0
0.0
0.0
0.0
15.0
5.0
0.0
0.0
41.0
71.0
0.0
8.0
94.0
0.0
61.0
13.0
0.0
0.0
0.0
0.0
94.0
0.0
0.0
0.0
61.0
0.0
0.0
0.0
0.0
0.0
8.0
0.0
109.0
107.0
0.0
0.0
0.0
10.0
114.0
0.0
0.0
25.0
81.0
0.0
0.0
0.0
0.0
43.0
142.0
0.0
0.0
20.0
0.0
0.0
0.0
170.0
117.0
0.0
0.0
0.0
0.0
0.0
0.0
0.0
0.0
130.0
0.0
15.0
107.0
0.0
86.0
0.0
81.0
28.0
0.0
284.0
109.0
0.0
28.0
NaN
475.0
48.0
0.0
0.0
0.0
0.0
0.0
114.0
0.0
196.0
30.0
0.0
0.0
0.0
81.0
0.0
91.0
91.0
0.0
0.0
43.0
79.0
284.0
0.0
0.0
0.0
38.0
0.0
0.0
23.0
0.0
0.0
0.0
0.0
0.0
0.0
0.0
119.0
0.0
13.0
0.0
102.0
3.0
0.0
0.0
0.0
0.0
0.0
0.0
99.0
NaN
NaN
NaN
NaN
NaN
NaN
NaN
0.0
0.0
0.0
0.0
0.0
0.0
0.0
0.0
0.0
25.0
0.0
0.0
0.0
0.0
0.0
361.0
0.0
0.0
627.0
0.0
0.0
0.0
0.0
0.0
0.0
0.0
0.0
0.0
0.0
0.0
0.0
676.0
0.0
0.0
0.0
61.0
107.0
0.0
10.0
0.0
135.0
0.0
0.0
0.0
1062.0
373.0
0.0
0.0
0.0
0.0
0.0
0.0
94.0
0.0
10.0
0.0
0.0
0.0
0.0
0.0
0.0
0.0
0.0
0.0
0.0
0.0
0.0
119.0
36.0
5.0
15.0
0.0
58.0
340.0
117.0
51.0
224.0
102.0
0.0
0.0
0.0
0.0
0.0
0.0
102.0
0.0
0.0
0.0
0.0
0.0
0.0
0.0
0.0
0.0
13.0
0.0
0.0
0.0
0.0
0.0
0.0
0.0
0.0
0.0
0.0
0.0
102.0
0.0
0.0
0.0
0.0
0.0
0.0
0.0
0.0
0.0
0.0
0.0
0.0
0.0
0.0
28.0
0.0
0.0
0.0
0.0
0.0
25.0
48.0
163.0
0.0
0.0
0.0
0.0
15.0
0.0
0.0
0.0
0.0
0.0
18.0
NaN
122.0
0.0
0.0
0.0
0.0
0.0
0.0
0.0
279.0
0.0
0.0
0.0
0.0
5.0
0.0
0.0
81.0
0.0
0.0
0.0
0.0
30.0
0.0
0.0
0.0
109.0
0.0
0.0
0.0
28.0
43.0
0.0
18.0
0.0
0.0
0.0
0.0
0.0
0.0
0.0
NaN
152.0
206.0
0.0
0.0
107.0
0.0
38.0
0.0
0.0
0.0
0.0
0.0
0.0
33.0
23.0
0.0
0.0
0.0
0.0
0.0
0.0
66.0
76.0
122.0
0.0
0.0
0.0
0.0
0.0
0.0
0.0
0.0
0.0
127.0
74.0
0.0
0.0
0.0
0.0
0.0
0.0
0.0
0.0
8.0
5.0
0.0
10.0
0.0
23.0
0.0
0.0
0.0
0.0
0.0
0.0
0.0
0.0
0.0
0.0
0.0
0.0
0.0
0.0
0.0
0.0
0.0
0.0
0.0
0.0
0.0
10.0
0.0
0.0
0.0
0.0
20.0
0.0
0.0
0.0
0.0
0.0
0.0
0.0
0.0
0.0
18.0
20.0
18.0
0.0
0.0
0.0
191.0
325.0
13.0
0.0
0.0
51.0
0.0
0.0
0.0
0.0
0.0
8.0
53.0
43.0
8.0
18.0
97.0
0.0
201.0
61.0
0.0
13.0
61.0
211.0
0.0
20.0
229.0
218.0
0.0
0.0
0.0
0.0
0.0
0.0
0.0
0.0
61.0
30.0
0.0
203.0
23.0
25.0
216.0
13.0
0.0
0.0
0.0
175.0
0.0
18.0
0.0
0.0
0.0
0.0
0.0
0.0
0.0
0.0
0.0
0.0
0.0
0.0
0.0
152.0
0.0
107.0
620.0
41.0
0.0
0.0
0.0
0.0
0.0
0.0
0.0
0.0
338.0
137.0
0.0
8.0
13.0
0.0
0.0
0.0
0.0
0.0
145.0
28.0
33.0
71.0
0.0
170.0
0.0
198.0
140.0
8.0
0.0
0.0
0.0
0.0
0.0
0.0
0.0
0.0
0.0
0.0
0.0
0.0
0.0
0.0
0.0
0.0
0.0
89.0
0.0
0.0
0.0
0.0
0.0
18.0
0.0
0.0
0.0
0.0
0.0
0.0
28.0
99.0
0.0
76.0
0.0
244.0
0.0
13.0
264.0
5.0
114.0
462.0
0.0
0.0
0.0
86.0
0.0
0.0
0.0
0.0
NaN
1257.0
51.0
0.0
0.0
0.0
0.0
56.0
0.0
0.0
0.0
23.0
0.0
0.0
0.0
0.0
0.0
0.0
117.0
0.0
0.0
8.0
145.0
10.0
0.0
0.0
0.0
0.0
0.0
0.0
0.0
0.0
0.0
0.0
0.0
0.0
0.0
0.0
0.0
0.0
0.0
0.0
0.0
0.0
0.0
0.0
23.0
61.0
0.0
0.0
0.0
0.0
0.0
0.0
0.0
64.0
0.0
0.0
NaN
58.0
0.0
0.0
249.0
0.0
46.0
0.0
0.0
0.0
0.0
0.0
0.0
0.0
0.0
0.0
0.0
0.0
0.0
5.0
30.0
0.0
0.0
0.0
0.0
61.0
0.0
0.0
0.0
0.0
0.0
0.0
0.0
0.0
0.0
0.0
0.0
0.0
0.0
0.0
119.0
0.0
0.0
0.0
0.0
0.0
0.0
0.0
0.0
0.0
NaN
66.0
38.0
0.0
0.0
0.0
0.0
0.0
51.0
0.0
173.0
0.0
0.0
0.0
0.0
30.0
259.0
0.0
61.0
NaN
61.0
0.0
0.0
0.0
NaN
64.0
13.0
0.0
0.0
0.0
0.0
0.0
0.0
0.0
0.0
0.0
0.0
0.0
0.0
0.0
0.0
0.0
56.0
0.0
0.0
0.0
13.0
0.0
5.0
0.0
NaN
NaN
NaN
NaN
NaN
NaN
NaN
NaN
NaN
NaN
NaN
NaN
NaN
NaN
NaN
NaN
NaN
NaN
NaN
NaN
NaN
NaN
NaN
NaN
NaN
145.0
0.0
0.0
0.0
0.0
0.0
18.0
25.0
0.0
0.0
0.0
0.0
0.0
0.0
0.0
0.0
0.0
0.0
0.0
0.0
0.0
0.0
0.0
0.0
241.0
0.0
0.0
0.0
0.0
0.0
0.0
0.0
0.0
0.0
0.0
0.0
0.0
0.0
0.0
0.0
30.0
0.0
0.0
0.0
0.0
363.0
30.0
0.0
0.0
0.0
0.0
0.0
0.0
0.0
0.0
0.0
0.0
0.0
0.0
0.0
0.0
69.0
0.0
0.0
0.0
0.0
13.0
178.0
0.0
0.0
254.0
292.0
0.0
132.0
0.0
0.0
0.0
0.0
216.0
0.0
0.0
0.0
0.0
0.0
0.0
0.0
0.0
8.0
15.0
0.0
0.0
0.0
211.0
361.0
10.0
0.0
0.0
0.0
0.0
0.0
0.0
0.0
0.0
0.0
0.0
0.0
0.0
0.0
64.0
0.0
0.0
38.0
0.0
0.0
0.0
0.0
356.0
13.0
0.0
13.0
102.0
173.0
0.0
23.0
18.0
109.0
0.0
41.0
0.0
0.0
0.0
0.0
0.0
0.0
23.0
119.0
48.0
0.0
30.0
0.0
64.0
0.0
0.0
0.0
0.0
0.0
0.0
0.0
0.0
30.0
102.0
0.0
0.0
0.0
0.0
0.0
0.0
0.0
0.0
0.0
0.0
0.0
0.0
0.0
53.0
0.0
0.0
0.0
0.0
8.0
0.0
0.0
0.0
0.0
0.0
0.0
10.0
0.0
0.0
0.0
0.0
114.0
0.0
84.0
0.0
0.0
0.0
0.0
0.0
51.0
0.0
0.0
0.0
0.0
0.0
0.0
0.0
0.0
10.0
0.0
71.0
0.0
0.0
0.0
0.0
0.0
0.0
0.0
0.0
191.0
0.0
0.0
0.0
0.0
0.0
0.0
0.0
0.0
0.0
5.0
5.0
0.0
0.0
0.0
0.0
0.0
0.0
0.0
0.0
0.0
0.0
0.0
0.0
0.0
0.0
0.0
0.0
0.0
46.0
0.0
0.0
0.0
0.0
0.0
0.0
0.0
0.0
0.0
0.0
0.0
0.0
0.0
0.0
0.0
38.0
0.0
0.0
5.0
0.0
0.0
203.0
10.0
0.0
89.0
0.0
0.0
0.0
0.0
0.0
0.0
23.0
0.0
0.0
0.0
0.0
0.0
0.0
0.0
0.0
10.0
13.0
0.0
0.0
0.0
0.0
5.0
0.0
0.0
0.0
0.0
0.0
0.0
0.0
0.0
8.0
33.0
0.0
640.0
0.0
8.0
10.0
5.0
18.0
127.0
0.0
0.0
0.0
124.0
152.0
119.0
0.0
0.0
69.0
0.0
0.0
0.0
0.0
0.0
0.0
0.0
0.0
0.0
0.0
0.0
0.0
0.0
0.0
69.0
51.0
81.0
226.0
0.0
0.0
0.0
46.0
33.0
0.0
0.0
107.0
109.0
0.0
376.0
0.0
66.0
0.0
208.0
10.0
0.0
81.0
0.0
0.0
86.0
124.0
10.0
0.0
0.0
0.0
0.0
0.0
0.0
18.0
94.0
109.0
0.0
15.0
0.0
0.0
10.0
0.0
112.0
89.0
0.0
0.0
0.0
0.0
58.0
0.0
0.0
0.0
0.0
84.0
0.0
0.0
0.0
0.0
30.0
30.0
0.0
0.0
0.0
15.0
229.0
48.0
0.0
0.0
0.0
0.0
0.0
0.0
0.0
0.0
5.0
0.0
0.0
0.0
0.0
0.0
406.0
0.0
0.0
0.0
0.0
0.0
51.0
0.0
0.0
0.0
0.0
0.0
0.0
0.0
0.0
0.0
13.0
0.0
0.0
0.0
0.0
0.0
0.0
0.0
0.0
0.0
0.0
38.0
0.0
51.0
58.0
244.0
0.0
13.0
0.0
0.0
0.0
102.0
0.0
0.0
0.0
0.0
0.0
0.0
0.0
0.0
0.0
0.0
0.0
0.0
142.0
23.0
0.0
0.0
0.0
0.0
0.0
33.0
0.0
0.0
0.0
0.0
0.0
13.0
15.0
69.0
0.0
0.0
0.0
15.0
0.0
89.0
0.0
0.0
0.0
56.0
25.0
76.0
0.0
0.0
254.0
8.0
15.0
140.0
0.0
0.0
0.0
0.0
0.0
0.0
0.0
0.0
0.0
0.0
0.0
0.0
0.0
0.0
0.0
0.0
0.0
0.0
0.0
0.0
0.0
0.0
0.0
0.0
0.0
0.0
0.0
13.0
51.0
0.0
0.0
0.0
0.0
0.0
0.0
5.0
10.0
5.0
0.0
0.0
0.0
0.0
0.0
46.0
71.0
0.0
0.0
0.0
0.0
0.0
0.0
0.0
0.0
0.0
8.0
0.0
0.0
0.0
0.0
5.0
0.0
15.0
0.0
15.0
0.0
0.0
0.0
20.0
203.0
0.0
0.0
0.0
0.0
56.0
0.0
0.0
0.0
0.0
0.0
0.0
0.0
0.0
0.0
0.0
0.0
20.0
0.0
0.0
117.0
0.0
109.0
0.0
0.0
0.0
0.0
0.0
0.0
0.0
0.0
0.0
0.0
46.0
51.0
0.0
10.0
18.0
0.0
102.0
0.0
51.0
0.0
0.0
10.0
0.0
0.0
0.0
0.0
0.0
61.0
0.0
0.0
84.0
0.0
0.0
0.0
0.0
0.0
0.0
0.0
0.0
97.0
0.0
0.0
0.0
229.0
46.0
0.0
0.0
0.0
0.0
0.0
0.0
0.0
0.0
0.0
0.0
0.0
0.0
0.0
0.0
0.0
0.0
0.0
0.0
28.0
0.0
0.0
0.0
147.0
38.0
0.0
0.0
0.0
0.0
0.0
0.0
0.0
0.0
102.0
0.0
30.0
0.0
33.0
84.0
18.0
25.0
0.0
0.0
0.0
0.0
137.0
36.0
10.0
0.0
0.0
0.0
0.0
0.0
71.0
119.0
71.0
165.0
15.0
0.0
0.0
0.0
0.0
0.0
0.0
229.0
0.0
254.0
0.0
64.0
445.0
0.0
132.0
8.0
0.0
46.0
10.0
51.0
0.0
0.0
84.0
15.0
89.0
30.0
8.0
0.0
0.0
0.0
8.0
0.0
0.0
0.0
0.0
0.0
0.0
0.0
0.0
84.0
0.0
117.0
0.0
0.0
0.0
0.0
145.0
0.0
81.0
0.0
0.0
157.0
0.0
0.0
81.0
0.0
160.0
0.0
91.0
0.0
114.0
46.0
0.0
0.0
0.0
0.0
147.0
33.0
0.0
0.0
0.0
0.0
0.0
0.0
0.0
25.0
5.0
140.0
0.0
89.0
0.0
0.0
0.0
0.0
0.0
0.0
38.0
0.0
0.0
0.0
0.0
0.0
137.0
89.0
0.0
0.0
191.0
0.0
178.0
86.0
8.0
0.0
0.0
0.0
0.0
0.0
0.0
0.0
0.0
0.0
0.0
0.0
18.0
0.0
0.0
0.0
0.0
89.0
0.0
0.0
0.0
0.0
0.0
30.0
284.0
0.0
0.0
0.0
0.0
0.0
0.0
43.0
0.0
0.0
0.0
0.0
0.0
0.0
0.0
0.0
0.0
0.0
0.0
0.0
18.0
0.0
0.0
0.0
0.0
0.0
0.0
38.0
0.0
0.0
191.0
8.0
0.0
0.0
0.0
0.0
0.0
0.0
20.0
64.0
0.0
0.0
0.0
86.0
0.0
5.0
460.0
15.0
13.0
8.0
18.0
0.0
0.0
28.0
0.0
0.0
0.0
41.0
25.0
0.0
0.0
0.0
0.0
0.0
0.0
8.0
53.0
152.0
13.0
8.0
13.0
0.0
0.0
0.0
0.0
0.0
0.0
0.0
305.0
0.0
0.0
15.0
0.0
0.0
0.0
0.0
0.0
0.0
0.0
132.0
0.0
0.0
13.0
79.0
8.0
0.0
0.0
0.0
0.0
0.0
10.0
56.0
0.0
0.0
191.0
0.0
0.0
0.0
0.0
0.0
0.0
20.0
64.0
0.0
0.0
0.0
10.0
0.0
0.0
0.0
0.0
0.0
0.0
0.0
0.0
0.0
0.0
0.0
0.0
0.0
0.0
0.0
0.0
0.0
0.0
0.0
0.0
0.0
0.0
0.0
0.0
0.0
0.0
NaN
NaN
NaN
NaN
NaN
51.0
NaN
NaN
NaN
NaN
NaN
NaN
NaN
NaN
NaN
NaN
NaN
NaN
NaN
NaN
NaN
NaN
NaN
NaN
NaN
NaN
NaN
NaN
NaN
NaN
NaN
