NaN
198.0
0.0
15.0
NaN
0.0
0.0
0.0
0.0
0.0
0.0
0.0
43.0
0.0
0.0
74.0
69.0
0.0
0.0
0.0
0.0
351.0
0.0
0.0
0.0
0.0
0.0
0.0
272.0
0.0
0.0
0.0
0.0
0.0
10.0
0.0
0.0
3.0
28.0
0.0
198.0
0.0
0.0
180.0
216.0
0.0
0.0
0.0
0.0
5.0
5.0
0.0
0.0
0.0
0.0
0.0
0.0
0.0
0.0
0.0
0.0
0.0
0.0
0.0
0.0
0.0
0.0
0.0
0.0
0.0
0.0
0.0
0.0
0.0
0.0
0.0
0.0
0.0
0.0
0.0
0.0
0.0
0.0
0.0
0.0
0.0
13.0
13.0
0.0
0.0
8.0
0.0
0.0
0.0
0.0
0.0
0.0
30.0
0.0
0.0
0.0
0.0
0.0
0.0
0.0
0.0
0.0
0.0
0.0
0.0
0.0
0.0
0.0
0.0
0.0
0.0
114.0
0.0
0.0
0.0
0.0
91.0
0.0
0.0
0.0
0.0
0.0
8.0
5.0
0.0
0.0
51.0
8.0
239.0
0.0
30.0
0.0
0.0
0.0
0.0
0.0
0.0
0.0
0.0
0.0
0.0
5.0
3.0
0.0
0.0
0.0
0.0
0.0
0.0
104.0
0.0
0.0
0.0
0.0
0.0
71.0
69.0
0.0
89.0
0.0
0.0
0.0
0.0
8.0
13.0
8.0
0.0
0.0
0.0
0.0
0.0
0.0
0.0
46.0
0.0
13.0
0.0
30.0
0.0
0.0
0.0
0.0
0.0
0.0
0.0
0.0
0.0
168.0
188.0
0.0
0.0
0.0
0.0
41.0
0.0
0.0
0.0
46.0
0.0
0.0
0.0
0.0
8.0
0.0
152.0
18.0
13.0
0.0
33.0
0.0
0.0
109.0
0.0
0.0
0.0
38.0
0.0
198.0
0.0
5.0
3.0
0.0
48.0
0.0
53.0
0.0
0.0
0.0
0.0
8.0
0.0
0.0
0.0
5.0
5.0
23.0
25.0
284.0
0.0
0.0
0.0
0.0
8.0
8.0
10.0
0.0
0.0
0.0
0.0
0.0
10.0
0.0
0.0
0.0
0.0
0.0
0.0
0.0
0.0
0.0
183.0
0.0
0.0
0.0
3.0
23.0
0.0
0.0
0.0
0.0
0.0
0.0
0.0
0.0
0.0
0.0
0.0
5.0
0.0
0.0
0.0
0.0
0.0
0.0
0.0
0.0
0.0
0.0
183.0
5.0
0.0
0.0
0.0
0.0
0.0
0.0
0.0
0.0
0.0
5.0
18.0
0.0
0.0
0.0
0.0
0.0
86.0
84.0
0.0
0.0
0.0
0.0
0.0
0.0
0.0
0.0
0.0
3.0
0.0
0.0
0.0
0.0
0.0
0.0
0.0
0.0
0.0
0.0
0.0
0.0
8.0
5.0
0.0
0.0
0.0
30.0
0.0
0.0
0.0
0.0
0.0
0.0
0.0
0.0
20.0
0.0
46.0
0.0
0.0
25.0
0.0
0.0
46.0
74.0
0.0
0.0
0.0
0.0
0.0
0.0
0.0
0.0
0.0
0.0
0.0
0.0
0.0
0.0
0.0
0.0
5.0
0.0
0.0
0.0
0.0
0.0
201.0
10.0
5.0
0.0
0.0
0.0
0.0
411.0
51.0
102.0
25.0
3.0
76.0
0.0
0.0
0.0
0.0
18.0
71.0
0.0
81.0
0.0
0.0
0.0
0.0
0.0
0.0
0.0
114.0
0.0
0.0
8.0
3.0
0.0
0.0
208.0
0.0
81.0
218.0
23.0
5.0
0.0
0.0
0.0
0.0
36.0
150.0
0.0
0.0
0.0
0.0
15.0
0.0
102.0
51.0
0.0
20.0
163.0
76.0
0.0
0.0
51.0
274.0
0.0
0.0
818.0
0.0
0.0
0.0
0.0
10.0
0.0
0.0
0.0
13.0
3.0
0.0
53.0
0.0
0.0
10.0
53.0
41.0
0.0
0.0
0.0
0.0
0.0
23.0
0.0
0.0
0.0
18.0
0.0
0.0
0.0
0.0
0.0
0.0
0.0
0.0
0.0
0.0
3.0
0.0
0.0
28.0
173.0
0.0
79.0
0.0
0.0
411.0
8.0
0.0
185.0
0.0
13.0
132.0
0.0
13.0
0.0
0.0
48.0
447.0
0.0
0.0
0.0
0.0
97.0
0.0
0.0
0.0
132.0
0.0
86.0
0.0
8.0
0.0
84.0
0.0
0.0
0.0
0.0
0.0
0.0
0.0
0.0
0.0
0.0
3.0
0.0
0.0
0.0
66.0
0.0
137.0
0.0
3.0
569.0
0.0
0.0
0.0
0.0
33.0
0.0
10.0
145.0
554.0
8.0
0.0
0.0
0.0
0.0
0.0
0.0
0.0
0.0
0.0
0.0
33.0
3.0
0.0
0.0
0.0
8.0
0.0
0.0
0.0
0.0
0.0
0.0
0.0
0.0
0.0
0.0
5.0
43.0
3.0
61.0
0.0
0.0
0.0
0.0
114.0
0.0
0.0
10.0
0.0
3.0
5.0
0.0
0.0
0.0
0.0
0.0
0.0
69.0
5.0
0.0
3.0
0.0
0.0
0.0
0.0
56.0
0.0
0.0
0.0
330.0
23.0
0.0
0.0
0.0
0.0
0.0
0.0
0.0
0.0
0.0
0.0
0.0
25.0
0.0
0.0
0.0
0.0
0.0
0.0
10.0
0.0
10.0
56.0
0.0
0.0
0.0
38.0
185.0
135.0
0.0
0.0
0.0
0.0
0.0
0.0
0.0
0.0
5.0
0.0
43.0
36.0
76.0
0.0
0.0
0.0
0.0
0.0
0.0
0.0
25.0
10.0
0.0
0.0
0.0
79.0
20.0
0.0
10.0
8.0
0.0
0.0
0.0
0.0
0.0
0.0
0.0
0.0
15.0
0.0
3.0
94.0
69.0
0.0
71.0
18.0
0.0
145.0
361.0
41.0
10.0
3.0
0.0
0.0
0.0
0.0
0.0
0.0
152.0
173.0
58.0
145.0
5.0
0.0
0.0
0.0
0.0
0.0
0.0
0.0
0.0
0.0
28.0
0.0
0.0
0.0
0.0
8.0
0.0
196.0
0.0
46.0
36.0
0.0
48.0
0.0
0.0
0.0
0.0
0.0
0.0
0.0
15.0
0.0
0.0
0.0
218.0
3.0
0.0
20.0
0.0
33.0
295.0
0.0
43.0
0.0
20.0
0.0
0.0
0.0
0.0
0.0
0.0
0.0
0.0
3.0
0.0
0.0
5.0
0.0
0.0
0.0
0.0
0.0
0.0
0.0
5.0
5.0
0.0
0.0
0.0
8.0
0.0
0.0
0.0
23.0
13.0
53.0
0.0
0.0
0.0
112.0
0.0
0.0
0.0
0.0
18.0
41.0
0.0
0.0
0.0
0.0
0.0
0.0
0.0
0.0
0.0
0.0
0.0
0.0
0.0
0.0
0.0
41.0
64.0
0.0
0.0
0.0
0.0
0.0
0.0
0.0
0.0
0.0
0.0
0.0
0.0
0.0
0.0
0.0
0.0
0.0
0.0
0.0
0.0
0.0
0.0
0.0
0.0
0.0
0.0
0.0
0.0
0.0
0.0
0.0
0.0
0.0
0.0
48.0
64.0
0.0
0.0
0.0
0.0
0.0
0.0
0.0
0.0
0.0
0.0
0.0
0.0
0.0
0.0
0.0
0.0
0.0
0.0
0.0
0.0
0.0
0.0
0.0
13.0
71.0
51.0
13.0
0.0
0.0
8.0
0.0
0.0
0.0
0.0
117.0
0.0
0.0
20.0
0.0
41.0
0.0
0.0
0.0
0.0
97.0
69.0
0.0
0.0
0.0
0.0
18.0
13.0
5.0
0.0
15.0
0.0
0.0
0.0
0.0
3.0
0.0
0.0
51.0
0.0
0.0
0.0
94.0
0.0
0.0
0.0
0.0
0.0
0.0
0.0
15.0
10.0
0.0
0.0
0.0
13.0
310.0
69.0
0.0
0.0
0.0
150.0
0.0
0.0
0.0
427.0
0.0
5.0
15.0
0.0
3.0
0.0
0.0
0.0
0.0
20.0
3.0
79.0
0.0
0.0
0.0
3.0
0.0
0.0
0.0
0.0
46.0
3.0
0.0
0.0
0.0
0.0
0.0
0.0
33.0
0.0
0.0
53.0
0.0
0.0
0.0
0.0
0.0
3.0
0.0
0.0
0.0
10.0
0.0
3.0
0.0
0.0
0.0
0.0
0.0
0.0
0.0
3.0
3.0
5.0
0.0
0.0
8.0
0.0
0.0
0.0
150.0
0.0
0.0
0.0
0.0
0.0
0.0
0.0
0.0
0.0
0.0
0.0
0.0
0.0
0.0
0.0
0.0
0.0
25.0
0.0
18.0
0.0
0.0
0.0
0.0
18.0
0.0
559.0
0.0
0.0
0.0
0.0
0.0
0.0
5.0
0.0
0.0
0.0
0.0
180.0
0.0
43.0
0.0
0.0
0.0
3.0
97.0
0.0
5.0
5.0
0.0
0.0
20.0
0.0
0.0
13.0
33.0
0.0
0.0
0.0
0.0
46.0
0.0
0.0
0.0
5.0
0.0
0.0
3.0
0.0
0.0
0.0
0.0
0.0
0.0
0.0
36.0
61.0
0.0
0.0
0.0
0.0
0.0
0.0
0.0
0.0
76.0
5.0
0.0
0.0
0.0
0.0
0.0
0.0
10.0
5.0
0.0
0.0
0.0
30.0
0.0
0.0
0.0
0.0
0.0
0.0
0.0
0.0
0.0
0.0
0.0
0.0
0.0
0.0
0.0
0.0
0.0
10.0
0.0
0.0
0.0
0.0
0.0
0.0
0.0
8.0
0.0
0.0
0.0
0.0
0.0
0.0
0.0
0.0
15.0
18.0
0.0
0.0
0.0
0.0
0.0
0.0
0.0
41.0
0.0
0.0
0.0
0.0
0.0
41.0
64.0
20.0
86.0
0.0
3.0
0.0
0.0
0.0
0.0
137.0
3.0
0.0
0.0
5.0
0.0
36.0
0.0
0.0
41.0
0.0
30.0
0.0
8.0
0.0
0.0
0.0
0.0
0.0
0.0
0.0
0.0
0.0
5.0
0.0
23.0
124.0
267.0
0.0
373.0
0.0
0.0
0.0
0.0
0.0
0.0
5.0
10.0
0.0
0.0
0.0
0.0
0.0
0.0
10.0
3.0
0.0
0.0
0.0
0.0
0.0
0.0
0.0
33.0
0.0
0.0
0.0
0.0
0.0
3.0
0.0
0.0
0.0
0.0
0.0
5.0
0.0
132.0
0.0
0.0
15.0
0.0
201.0
5.0
0.0
0.0
0.0
0.0
0.0
0.0
0.0
0.0
84.0
5.0
0.0
290.0
23.0
28.0
43.0
203.0
84.0
0.0
165.0
0.0
94.0
0.0
8.0
18.0
0.0
0.0
0.0
0.0
0.0
0.0
0.0
0.0
0.0
3.0
140.0
0.0
0.0
3.0
0.0
493.0
0.0
0.0
0.0
0.0
0.0
0.0
0.0
0.0
25.0
335.0
0.0
0.0
0.0
8.0
0.0
8.0
0.0
0.0
0.0
0.0
0.0
0.0
155.0
0.0
3.0
46.0
3.0
8.0
0.0
0.0
0.0
0.0
0.0
5.0
0.0
0.0
0.0
0.0
0.0
0.0
0.0
0.0
0.0
8.0
0.0
0.0
0.0
0.0
0.0
10.0
0.0
0.0
0.0
10.0
3.0
0.0
0.0
28.0
0.0
0.0
0.0
0.0
0.0
0.0
259.0
107.0
0.0
0.0
0.0
5.0
0.0
0.0
112.0
28.0
0.0
10.0
3.0
0.0
0.0
0.0
0.0
5.0
0.0
0.0
376.0
81.0
5.0
48.0
79.0
0.0
0.0
175.0
0.0
5.0
168.0
173.0
300.0
135.0
246.0
69.0
13.0
0.0
13.0
5.0
53.0
0.0
0.0
0.0
0.0
0.0
0.0
0.0
0.0
0.0
10.0
0.0
0.0
0.0
0.0
5.0
0.0
196.0
0.0
48.0
0.0
0.0
20.0
10.0
0.0
0.0
0.0
0.0
0.0
132.0
97.0
0.0
213.0
0.0
0.0
0.0
442.0
10.0
0.0
0.0
0.0
0.0
51.0
203.0
5.0
0.0
10.0
0.0
0.0
0.0
0.0
0.0
0.0
0.0
0.0
0.0
0.0
38.0
0.0
0.0
599.0
5.0
25.0
0.0
0.0
0.0
0.0
0.0
0.0
0.0
0.0
53.0
0.0
0.0
13.0
0.0
0.0
0.0
0.0
0.0
0.0
0.0
0.0
0.0
0.0
0.0
91.0
0.0
0.0
0.0
0.0
0.0
0.0
0.0
15.0
0.0
0.0
0.0
0.0
0.0
0.0
20.0
3.0
0.0
0.0
0.0
0.0
3.0
0.0
18.0
5.0
36.0
0.0
43.0
188.0
58.0
0.0
257.0
0.0
3.0
3.0
0.0
0.0
0.0
51.0
3.0
0.0
0.0
23.0
15.0
0.0
0.0
0.0
0.0
0.0
0.0
0.0
0.0
46.0
0.0
0.0
0.0
0.0
0.0
15.0
0.0
0.0
0.0
798.0
0.0
0.0
0.0
0.0
0.0
0.0
0.0
0.0
13.0
140.0
0.0
0.0
0.0
46.0
0.0
8.0
51.0
13.0
0.0
0.0
0.0
0.0
0.0
0.0
0.0
0.0
0.0
0.0
0.0
0.0
0.0
0.0
0.0
0.0
0.0
0.0
0.0
0.0
0.0
0.0
0.0
0.0
0.0
66.0
0.0
0.0
0.0
0.0
0.0
0.0
0.0
0.0
48.0
56.0
0.0
0.0
0.0
0.0
0.0
0.0
0.0
0.0
0.0
0.0
0.0
0.0
0.0
0.0
0.0
0.0
135.0
0.0
20.0
104.0
0.0
0.0
0.0
0.0
0.0
0.0
0.0
0.0
0.0
0.0
0.0
0.0
8.0
0.0
0.0
18.0
0.0
0.0
0.0
23.0
3.0
0.0
5.0
0.0
0.0
0.0
0.0
0.0
0.0
0.0
0.0
0.0
0.0
0.0
185.0
188.0
0.0
0.0
0.0
0.0
0.0
25.0
0.0
0.0
0.0
0.0
18.0
142.0
0.0
254.0
3.0
25.0
13.0
0.0
0.0
0.0
0.0
0.0
0.0
0.0
0.0
0.0
66.0
3.0
0.0
0.0
0.0
0.0
0.0
5.0
51.0
0.0
0.0
41.0
417.0
3.0
0.0
0.0
0.0
56.0
0.0
0.0
0.0
0.0
229.0
3.0
36.0
0.0
0.0
3.0
36.0
0.0
3.0
8.0
0.0
0.0
64.0
0.0
0.0
0.0
69.0
0.0
0.0
0.0
0.0
0.0
0.0
0.0
0.0
0.0
0.0
0.0
0.0
432.0
0.0
0.0
0.0
0.0
0.0
0.0
0.0
0.0
0.0
0.0
0.0
0.0
0.0
0.0
0.0
122.0
0.0
0.0
0.0
0.0
0.0
0.0
0.0
0.0
0.0
13.0
0.0
0.0
0.0
8.0
3.0
0.0
180.0
5.0
0.0
0.0
43.0
0.0
191.0
0.0
0.0
0.0
3.0
0.0
0.0
0.0
25.0
0.0
0.0
0.0
18.0
8.0
188.0
0.0
36.0
0.0
0.0
0.0
0.0
0.0
51.0
20.0
0.0
0.0
10.0
3.0
0.0
0.0
0.0
0.0
0.0
0.0
0.0
0.0
0.0
0.0
0.0
0.0
0.0
0.0
0.0
0.0
61.0
58.0
5.0
23.0
244.0
234.0
0.0
13.0
0.0
0.0
0.0
0.0
0.0
0.0
0.0
0.0
0.0
0.0
0.0
0.0
28.0
0.0
0.0
0.0
13.0
0.0
0.0
0.0
0.0
0.0
0.0
0.0
23.0
0.0
3.0
0.0
0.0
0.0
0.0
5.0
0.0
8.0
0.0
0.0
0.0
0.0
0.0
0.0
0.0
0.0
84.0
76.0
0.0
0.0
0.0
0.0
0.0
0.0
0.0
0.0
208.0
94.0
0.0
0.0
0.0
0.0
3.0
0.0
0.0
3.0
0.0
0.0
0.0
0.0
269.0
224.0
0.0
0.0
3.0
0.0
0.0
0.0
0.0
0.0
0.0
0.0
69.0
0.0
0.0
0.0
86.0
89.0
0.0
0.0
0.0
0.0
0.0
0.0
0.0
0.0
10.0
0.0
0.0
0.0
0.0
0.0
0.0
0.0
373.0
627.0
0.0
0.0
0.0
206.0
140.0
0.0
33.0
8.0
104.0
0.0
0.0
0.0
0.0
36.0
0.0
114.0
0.0
0.0
3.0
5.0
0.0
13.0
0.0
28.0
0.0
20.0
0.0
0.0
41.0
0.0
0.0
0.0
43.0
0.0
15.0
0.0
0.0
191.0
257.0
51.0
0.0
0.0
0.0
0.0
0.0
168.0
3.0
0.0
0.0
0.0
0.0
0.0
0.0
5.0
0.0
3.0
0.0
0.0
0.0
0.0
0.0
0.0
0.0
5.0
208.0
0.0
0.0
160.0
0.0
0.0
0.0
0.0
0.0
0.0
20.0
0.0
0.0
0.0
0.0
0.0
0.0
0.0
0.0
3.0
0.0
0.0
0.0
18.0
0.0
0.0
0.0
0.0
0.0
13.0
0.0
0.0
0.0
300.0
13.0
0.0
102.0
94.0
180.0
3.0
0.0
0.0
0.0
0.0
0.0
0.0
3.0
0.0
0.0
0.0
0.0
0.0
0.0
0.0
0.0
404.0
56.0
180.0
8.0
5.0
0.0
0.0
0.0
91.0
0.0
0.0
0.0
0.0
0.0
15.0
163.0
30.0
0.0
0.0
0.0
0.0
0.0
5.0
0.0
0.0
0.0
0.0
0.0
0.0
0.0
0.0
0.0
0.0
142.0
76.0
152.0
0.0
0.0
0.0
0.0
0.0
0.0
43.0
0.0
0.0
0.0
0.0
0.0
5.0
0.0
0.0
0.0
0.0
46.0
0.0
0.0
0.0
0.0
0.0
0.0
5.0
0.0
0.0
0.0
0.0
0.0
0.0
5.0
0.0
0.0
0.0
0.0
0.0
0.0
0.0
0.0
0.0
10.0
0.0
3.0
3.0
112.0
0.0
38.0
312.0
30.0
86.0
0.0
0.0
0.0
0.0
0.0
0.0
53.0
0.0
69.0
66.0
13.0
0.0
0.0
5.0
0.0
3.0
274.0
150.0
178.0
81.0
147.0
15.0
8.0
0.0
0.0
0.0
0.0
0.0
18.0
0.0
0.0
0.0
0.0
0.0
0.0
0.0
0.0
10.0
0.0
0.0
0.0
0.0
0.0
89.0
89.0
13.0
18.0
0.0
0.0
0.0
0.0
0.0
0.0
0.0
0.0
0.0
0.0
0.0
0.0
43.0
0.0
0.0
8.0
0.0
0.0
178.0
3.0
0.0
0.0
0.0
0.0
0.0
0.0
0.0
0.0
0.0
0.0
0.0
3.0
0.0
0.0
0.0
0.0
0.0
0.0
0.0
0.0
0.0
0.0
0.0
0.0
5.0
0.0
0.0
0.0
0.0
0.0
0.0
33.0
0.0
0.0
0.0
NaN
NaN
NaN
NaN
97.0
NaN
0.0
0.0
0.0
0.0
0.0
0.0
0.0
30.0
0.0
18.0
15.0
61.0
8.0
0.0
25.0
18.0
0.0
0.0
0.0
0.0
13.0
0.0
0.0
0.0
56.0
84.0
3.0
0.0
0.0
15.0
0.0
0.0
0.0
0.0
0.0
0.0
0.0
0.0
8.0
0.0
0.0
0.0
0.0
0.0
0.0
0.0
0.0
0.0
0.0
0.0
160.0
0.0
0.0
0.0
0.0
0.0
36.0
5.0
8.0
20.0
0.0
0.0
0.0
0.0
0.0
0.0
13.0
3.0
0.0
0.0
239.0
0.0
0.0
0.0
0.0
0.0
0.0
0.0
0.0
0.0
0.0
0.0
28.0
0.0
3.0
NaN
0.0
0.0
18.0
0.0
3.0
0.0
0.0
0.0
0.0
0.0
0.0
0.0
0.0
0.0
0.0
0.0
0.0
0.0
0.0
5.0
0.0
0.0
0.0
46.0
0.0
3.0
165.0
51.0
0.0
0.0
0.0
0.0
69.0
30.0
3.0
0.0
0.0
0.0
0.0
0.0
0.0
0.0
0.0
0.0
0.0
74.0
0.0
0.0
0.0
0.0
269.0
5.0
0.0
0.0
0.0
0.0
0.0
0.0
0.0
0.0
0.0
0.0
0.0
0.0
0.0
20.0
0.0
0.0
0.0
137.0
117.0
76.0
0.0
0.0
0.0
0.0
0.0
0.0
3.0
0.0
0.0
0.0
0.0
0.0
0.0
0.0
0.0
0.0
0.0
0.0
15.0
0.0
0.0
0.0
203.0
20.0
5.0
28.0
41.0
0.0
0.0
0.0
18.0
0.0
3.0
0.0
25.0
0.0
0.0
0.0
0.0
20.0
41.0
3.0
0.0
0.0
0.0
0.0
0.0
0.0
0.0
0.0
38.0
0.0
0.0
0.0
61.0
0.0
0.0
0.0
10.0
0.0
0.0
0.0
0.0
0.0
0.0
0.0
0.0
0.0
0.0
3.0
0.0
0.0
0.0
0.0
0.0
0.0
0.0
0.0
0.0
0.0
0.0
0.0
13.0
0.0
0.0
30.0
0.0
0.0
20.0
0.0
0.0
0.0
0.0
0.0
0.0
0.0
0.0
0.0
0.0
18.0
0.0
0.0
0.0
0.0
0.0
25.0
0.0
5.0
0.0
0.0
0.0
0.0
0.0
33.0
0.0
0.0
0.0
0.0
0.0
0.0
0.0
0.0
0.0
0.0
0.0
0.0
0.0
8.0
0.0
18.0
297.0
0.0
0.0
0.0
0.0
0.0
193.0
0.0
0.0
0.0
41.0
0.0
0.0
0.0
0.0
13.0
0.0
0.0
119.0
0.0
0.0
23.0
0.0
0.0
117.0
0.0
0.0
0.0
0.0
0.0
0.0
0.0
0.0
104.0
0.0
0.0
0.0
0.0
0.0
0.0
23.0
10.0
3.0
66.0
0.0
0.0
0.0
0.0
8.0
0.0
0.0
0.0
0.0
0.0
0.0
0.0
0.0
51.0
0.0
91.0
0.0
0.0
0.0
0.0
0.0
0.0
0.0
0.0
0.0
0.0
0.0
48.0
0.0
0.0
0.0
0.0
0.0
0.0
0.0
0.0
0.0
0.0
0.0
0.0
0.0
0.0
0.0
23.0
15.0
0.0
135.0
0.0
0.0
0.0
0.0
0.0
0.0
0.0
0.0
0.0
0.0
0.0
0.0
0.0
15.0
0.0
13.0
33.0
0.0
0.0
0.0
0.0
0.0
0.0
0.0
0.0
0.0
0.0
0.0
0.0
0.0
0.0
28.0
127.0
0.0
0.0
15.0
0.0
0.0
0.0
0.0
0.0
61.0
0.0
3.0
0.0
0.0
13.0
0.0
0.0
0.0
0.0
0.0
0.0
0.0
0.0
0.0
0.0
0.0
0.0
0.0
0.0
53.0
3.0
3.0
0.0
10.0
76.0
3.0
15.0
3.0
0.0
0.0
0.0
0.0
23.0
0.0
0.0
0.0
211.0
25.0
38.0
0.0
0.0
0.0
0.0
0.0
0.0
0.0
18.0
3.0
3.0
0.0
0.0
0.0
0.0
0.0
0.0
292.0
386.0
0.0
0.0
0.0
0.0
36.0
0.0
173.0
0.0
0.0
0.0
20.0
0.0
0.0
8.0
0.0
30.0
15.0
41.0
3.0
0.0
0.0
48.0
0.0
3.0
0.0
0.0
0.0
0.0
0.0
8.0
0.0
0.0
0.0
0.0
0.0
0.0
0.0
132.0
0.0
5.0
0.0
0.0
0.0
0.0
0.0
0.0
0.0
0.0
0.0
0.0
48.0
3.0
0.0
38.0
0.0
0.0
0.0
3.0
0.0
0.0
0.0
0.0
36.0
0.0
0.0
0.0
0.0
51.0
0.0
0.0
0.0
173.0
0.0
28.0
0.0
0.0
234.0
53.0
0.0
0.0
0.0
0.0
0.0
0.0
0.0
0.0
0.0
0.0
0.0
0.0
0.0
0.0
109.0
0.0
38.0
0.0
0.0
0.0
0.0
0.0
0.0
0.0
0.0
0.0
0.0
0.0
76.0
64.0
206.0
0.0
0.0
0.0
0.0
0.0
0.0
0.0
0.0
0.0
0.0
0.0
0.0
0.0
20.0
3.0
0.0
0.0
0.0
0.0
0.0
0.0
36.0
0.0
0.0
0.0
0.0
0.0
0.0
0.0
0.0
0.0
0.0
0.0
0.0
0.0
0.0
69.0
0.0
0.0
0.0
114.0
0.0
0.0
0.0
0.0
0.0
0.0
0.0
0.0
0.0
0.0
0.0
30.0
0.0
0.0
0.0
0.0
0.0
8.0
0.0
0.0
0.0
0.0
0.0
0.0
0.0
0.0
0.0
0.0
0.0
0.0
0.0
0.0
0.0
0.0
0.0
0.0
0.0
0.0
0.0
0.0
0.0
0.0
0.0
0.0
0.0
0.0
0.0
5.0
33.0
5.0
0.0
0.0
0.0
0.0
0.0
0.0
0.0
0.0
0.0
0.0
0.0
0.0
0.0
0.0
0.0
0.0
0.0
0.0
0.0
0.0
0.0
0.0
0.0
0.0
0.0
0.0
0.0
0.0
0.0
0.0
0.0
0.0
0.0
0.0
0.0
0.0
0.0
0.0
0.0
0.0
0.0
0.0
0.0
0.0
0.0
0.0
0.0
0.0
0.0
0.0
97.0
0.0
0.0
0.0
23.0
0.0
13.0
0.0
0.0
0.0
0.0
0.0
0.0
10.0
0.0
0.0
0.0
0.0
0.0
0.0
0.0
0.0
0.0
0.0
0.0
0.0
0.0
0.0
0.0
0.0
0.0
0.0
140.0
38.0
0.0
0.0
0.0
0.0
0.0
0.0
0.0
0.0
0.0
0.0
0.0
127.0
193.0
5.0
0.0
0.0
0.0
0.0
102.0
0.0
0.0
0.0
0.0
71.0
0.0
5.0
8.0
3.0
0.0
0.0
0.0
0.0
0.0
0.0
5.0
0.0
0.0
0.0
0.0
0.0
0.0
0.0
0.0
0.0
0.0
0.0
0.0
0.0
0.0
3.0
0.0
0.0
0.0
0.0
269.0
0.0
5.0
0.0
0.0
0.0
0.0
76.0
79.0
13.0
13.0
30.0
8.0
0.0
0.0
0.0
0.0
0.0
0.0
0.0
0.0
0.0
0.0
48.0
0.0
0.0
0.0
0.0
69.0
10.0
0.0
0.0
0.0
25.0
0.0
33.0
10.0
0.0
183.0
142.0
0.0
0.0
0.0
0.0
0.0
0.0
0.0
0.0
0.0
0.0
0.0
0.0
18.0
0.0
0.0
0.0
0.0
0.0
0.0
0.0
0.0
5.0
3.0
99.0
0.0
0.0
0.0
0.0
117.0
8.0
0.0
0.0
0.0
259.0
28.0
51.0
5.0
0.0
0.0
66.0
0.0
0.0
0.0
13.0
74.0
3.0
0.0
0.0
0.0
0.0
0.0
0.0
0.0
0.0
0.0
0.0
0.0
0.0
0.0
0.0
0.0
0.0
64.0
0.0
5.0
5.0
0.0
0.0
137.0
0.0
64.0
340.0
0.0
0.0
0.0
38.0
0.0
0.0
0.0
0.0
0.0
0.0
0.0
0.0
150.0
23.0
0.0
48.0
3.0
0.0
0.0
0.0
0.0
0.0
0.0
0.0
0.0
0.0
0.0
0.0
0.0
0.0
0.0
0.0
0.0
0.0
0.0
0.0
0.0
0.0
0.0
0.0
0.0
0.0
0.0
0.0
0.0
0.0
0.0
0.0
0.0
0.0
0.0
0.0
0.0
0.0
0.0
0.0
69.0
0.0
0.0
0.0
0.0
0.0
0.0
0.0
0.0
0.0
71.0
107.0
0.0
0.0
0.0
0.0
0.0
0.0
0.0
0.0
0.0
0.0
0.0
0.0
0.0
0.0
0.0
0.0
0.0
0.0
0.0
0.0
0.0
0.0
0.0
0.0
0.0
0.0
13.0
0.0
0.0
0.0
0.0
0.0
0.0
0.0
0.0
0.0
0.0
0.0
0.0
0.0
0.0
0.0
28.0
0.0
0.0
0.0
0.0
0.0
0.0
0.0
0.0
0.0
0.0
0.0
56.0
0.0
0.0
0.0
0.0
0.0
0.0
0.0
0.0
15.0
0.0
0.0
0.0
15.0
0.0
0.0
48.0
0.0
0.0
0.0
0.0
0.0
0.0
0.0
0.0
0.0
15.0
0.0
0.0
0.0
0.0
0.0
0.0
0.0
0.0
0.0
84.0
0.0
0.0
0.0
0.0
0.0
0.0
56.0
0.0
0.0
0.0
0.0
0.0
0.0
0.0
0.0
0.0
0.0
0.0
99.0
191.0
0.0
0.0
0.0
0.0
0.0
0.0
0.0
0.0
0.0
0.0
0.0
0.0
0.0
NaN
NaN
NaN
NaN
NaN
NaN
NaN
NaN
NaN
140.0
NaN
NaN
NaN
130.0
NaN
NaN
NaN
NaN
NaN
NaN
165.0
429.0
NaN
NaN
NaN
99.0
114.0
28.0
NaN
NaN
NaN
61.0
0.0
0.0
0.0
23.0
58.0
84.0
0.0
0.0
279.0
0.0
0.0
0.0
226.0
71.0
0.0
0.0
0.0
0.0
0.0
0.0
0.0
0.0
0.0
0.0
0.0
0.0
51.0
0.0
0.0
0.0
0.0
0.0
0.0
23.0
0.0
0.0
0.0
23.0
0.0
0.0
0.0
0.0
0.0
0.0
33.0
0.0
0.0
0.0
0.0
0.0
0.0
0.0
0.0
46.0
0.0
0.0
0.0
0.0
0.0
0.0
0.0
130.0
15.0
0.0
142.0
0.0
0.0
0.0
0.0
10.0
0.0
0.0
3.0
20.0
0.0
861.0
0.0
38.0
0.0
18.0
89.0
36.0
0.0
0.0
0.0
0.0
0.0
0.0
0.0
0.0
0.0
0.0
0.0
0.0
0.0
0.0
0.0
0.0
0.0
0.0
0.0
0.0
0.0
0.0
0.0
0.0
0.0
0.0
41.0
145.0
0.0
0.0
0.0
0.0
0.0
0.0
0.0
0.0
76.0
0.0
0.0
18.0
0.0
0.0
0.0
0.0
0.0
0.0
0.0
0.0
0.0
0.0
0.0
0.0
0.0
0.0
0.0
0.0
0.0
0.0
0.0
0.0
0.0
0.0
0.0
0.0
0.0
0.0
0.0
0.0
0.0
0.0
0.0
0.0
0.0
0.0
0.0
0.0
0.0
0.0
3.0
0.0
0.0
89.0
74.0
0.0
0.0
0.0
0.0
0.0
0.0
0.0
13.0
0.0
0.0
0.0
0.0
0.0
8.0
0.0
0.0
0.0
99.0
140.0
0.0
0.0
0.0
0.0
0.0
0.0
0.0
0.0
0.0
0.0
15.0
0.0
0.0
0.0
0.0
0.0
0.0
0.0
0.0
5.0
0.0
8.0
41.0
0.0
0.0
0.0
0.0
20.0
8.0
0.0
0.0
0.0
0.0
0.0
0.0
0.0
0.0
0.0
0.0
0.0
0.0
0.0
0.0
0.0
0.0
0.0
0.0
0.0
0.0
8.0
0.0
0.0
0.0
0.0
0.0
0.0
0.0
0.0
8.0
48.0
0.0
0.0
0.0
8.0
38.0
0.0
0.0
0.0
0.0
0.0
0.0
0.0
0.0
0.0
0.0
0.0
0.0
0.0
0.0
0.0
0.0
0.0
56.0
0.0
0.0
0.0
0.0
0.0
0.0
0.0
0.0
0.0
0.0
79.0
0.0
25.0
0.0
33.0
0.0
0.0
0.0
0.0
104.0
79.0
86.0
25.0
0.0
5.0
0.0
0.0
0.0
0.0
0.0
0.0
0.0
0.0
0.0
0.0
0.0
0.0
0.0
0.0
0.0
0.0
0.0
0.0
0.0
0.0
157.0
0.0
0.0
0.0
0.0
13.0
0.0
0.0
0.0
0.0
0.0
0.0
36.0
0.0
0.0
0.0
0.0
0.0
0.0
0.0
0.0
0.0
231.0
38.0
0.0
0.0
0.0
8.0
0.0
0.0
295.0
0.0
0.0
0.0
3.0
0.0
0.0
5.0
0.0
0.0
13.0
0.0
0.0
0.0
0.0
160.0
0.0
0.0
0.0
0.0
206.0
0.0
0.0
3.0
0.0
0.0
0.0
0.0
13.0
0.0
0.0
0.0
0.0
152.0
0.0
0.0
0.0
0.0
18.0
53.0
224.0
53.0
0.0
0.0
0.0
0.0
0.0
0.0
0.0
0.0
0.0
0.0
23.0
0.0
0.0
15.0
0.0
0.0
188.0
0.0
0.0
43.0
0.0
0.0
5.0
0.0
0.0
0.0
0.0
0.0
8.0
0.0
0.0
0.0
0.0
8.0
33.0
10.0
0.0
0.0
0.0
0.0
0.0
0.0
0.0
0.0
0.0
254.0
0.0
0.0
13.0
0.0
0.0
0.0
0.0
0.0
0.0
0.0
0.0
0.0
0.0
0.0
0.0
0.0
0.0
0.0
0.0
0.0
0.0
0.0
0.0
10.0
0.0
0.0
0.0
0.0
0.0
5.0
0.0
0.0
48.0
333.0
335.0
0.0
0.0
10.0
0.0
15.0
0.0
0.0
0.0
0.0
132.0
0.0
0.0
0.0
99.0
0.0
0.0
0.0
0.0
0.0
43.0
0.0
0.0
0.0
0.0
226.0
401.0
137.0
81.0
107.0
0.0
0.0
0.0
0.0
0.0
0.0
0.0
0.0
0.0
15.0
0.0
0.0
0.0
0.0
0.0
8.0
0.0
0.0
0.0
0.0
0.0
0.0
0.0
0.0
0.0
0.0
0.0
0.0
53.0
292.0
13.0
0.0
216.0
0.0
0.0
0.0
0.0
0.0
0.0
0.0
0.0
0.0
0.0
0.0
0.0
0.0
0.0
5.0
0.0
0.0
0.0
0.0
0.0
0.0
0.0
0.0
0.0
0.0
0.0
0.0
0.0
0.0
0.0
0.0
0.0
3.0
0.0
0.0
0.0
0.0
0.0
0.0
0.0
8.0
0.0
0.0
0.0
0.0
0.0
0.0
0.0
23.0
0.0
0.0
0.0
0.0
0.0
0.0
0.0
0.0
0.0
0.0
0.0
0.0
0.0
0.0
25.0
0.0
0.0
0.0
0.0
0.0
0.0
10.0
0.0
0.0
0.0
0.0
0.0
0.0
0.0
0.0
0.0
0.0
0.0
NaN
NaN
NaN
NaN
NaN
NaN
NaN
NaN
NaN
NaN
NaN
NaN
NaN
NaN
NaN
NaN
13.0
NaN
NaN
NaN
NaN
NaN
NaN
NaN
NaN
NaN
NaN
NaN
NaN
NaN
NaN
NaN
NaN
NaN
NaN
NaN
0.0
NaN
NaN
0.0
NaN
NaN
0.0
0.0
0.0
NaN
NaN
NaN
NaN
NaN
NaN
NaN
NaN
NaN
NaN
0.0
NaN
NaN
23.0
0.0
23.0
25.0
25.0
0.0
0.0
0.0
0.0
0.0
23.0
0.0
0.0
0.0
0.0
0.0
0.0
0.0
0.0
0.0
0.0
0.0
0.0
99.0
3.0
0.0
0.0
0.0
0.0
30.0
0.0
33.0
0.0
0.0
0.0
0.0
20.0
0.0
0.0
0.0
0.0
0.0
0.0
0.0
0.0
41.0
0.0
0.0
0.0
13.0
0.0
0.0
33.0
0.0
0.0
3.0
0.0
46.0
79.0
130.0
0.0
0.0
0.0
0.0
0.0
130.0
0.0
0.0
168.0
0.0
0.0
333.0
5.0
104.0
163.0
8.0
0.0
28.0
18.0
5.0
0.0
0.0
5.0
193.0
15.0
0.0
0.0
0.0
0.0
89.0
10.0
279.0
0.0
0.0
0.0
0.0
91.0
56.0
0.0
0.0
0.0
0.0
8.0
0.0
0.0
0.0
0.0
0.0
0.0
0.0
0.0
69.0
0.0
0.0
0.0
0.0
0.0
0.0
0.0
0.0
0.0
0.0
0.0
0.0
0.0
0.0
0.0
0.0
0.0
0.0
0.0
0.0
0.0
0.0
0.0
0.0
0.0
0.0
0.0
56.0
0.0
28.0
0.0
0.0
0.0
0.0
23.0
5.0
0.0
0.0
0.0
0.0
0.0
0.0
0.0
0.0
0.0
0.0
0.0
0.0
13.0
0.0
8.0
89.0
0.0
0.0
0.0
0.0
0.0
0.0
0.0
0.0
0.0
0.0
0.0
0.0
0.0
0.0
0.0
0.0
0.0
0.0
0.0
5.0
0.0
0.0
0.0
0.0
0.0
0.0
0.0
0.0
3.0
0.0
0.0
112.0
0.0
0.0
66.0
74.0
0.0
0.0
0.0
0.0
0.0
0.0
69.0
3.0
0.0
0.0
66.0
0.0
0.0
0.0
231.0
38.0
0.0
0.0
86.0
69.0
5.0
23.0
0.0
0.0
0.0
0.0
0.0
0.0
0.0
130.0
25.0
0.0
38.0
8.0
25.0
180.0
0.0
0.0
0.0
0.0
3.0
0.0
8.0
0.0
0.0
0.0
0.0
0.0
20.0
104.0
0.0
0.0
8.0
0.0
0.0
0.0
0.0
0.0
0.0
0.0
0.0
0.0
0.0
0.0
0.0
0.0
0.0
0.0
0.0
0.0
0.0
0.0
0.0
0.0
0.0
0.0
