16.8033333333
18.0833333333
9.55517241379
4.73548387097
-4.98333333333
-13.1133333333
-14.4192307692
-14.6333333333
NaN
NaN
5.97666666667
13.6533333333
16.8387096774
14.3225806452
8.83448275862
2.01785714286
-3.90333333333
-14.9586206897
-14.8642857143
-9.27142857143
-6.72666666667
-0.0928571428571
7.4275862069
13.3724137931
13.6214285714
13.3827586207
9.25172413793
0.43
-2.35172413793
-13.83
-15.8133333333
-13.7107142857
-3.43703703704
3.31034482759
7.04193548387
14.5448275862
17.1935483871
16.5064516129
9.30357142857
1.93225806452
-5.5
-12.4548387097
NaN
NaN
NaN
NaN
NaN
NaN
NaN
NaN
NaN
NaN
NaN
NaN
-11.4290322581
-9.2724137931
2.05806451613
3.94333333333
10.035483871
15.75
18.7064516129
13.5516129032
7.05333333333
1.93225806452
-4.16666666667
-10.2032258065
-12.0935483871
-10.2785714286
-7.61612903226
NaN
NaN
NaN
NaN
NaN
NaN
NaN
-5.43333333333
-14.9451612903
-16.0580645161
-14.5464285714
-8.28709677419
1.19333333333
8.11290322581
14.8266666667
14.8161290323
16.9290322581
10.3857142857
3.76774193548
-7.45333333333
-7.04838709677
-10.1903225806
-14.0071428571
-4.42580645161
3.3
8.86129032258
15.9533333333
16.8225806452
14.6677419355
13.7133333333
5.15806451613
-1.02
-6.28709677419
NaN
NaN
NaN
NaN
NaN
NaN
NaN
NaN
NaN
NaN
NaN
NaN
NaN
NaN
NaN
4.06333333333
8.65161290323
15.5666666667
18.5322580645
14.3774193548
NaN
NaN
