-2.03076923077
-1.96333333333
2.55666666667
10.57
12.5862068966
16.2516129032
16.7965517241
12.8571428571
7.27096774194
2.10344827586
-3.38
-9.63448275862
-5.71481481481
-3.63
3.5275862069
9.46333333333
14.1033333333
17.3935483871
15.0966666667
11.4107142857
4.72580645161
2.28666666667
-3.93225806452
-8.91290322581
-5.81785714286
-0.335483870968
0.973333333333
8.67419354839
13.1666666667
15.1064516129
14.56
10.8766666667
7.08064516129
1.77666666667
-8.21
-5.27741935484
-7.29642857143
-4.43225806452
3.01666666667
8.86129032258
13.3566666667
15.5032258065
17.0258064516
11.2266666667
5.16451612903
3.89333333333
-0.796774193548
-3.92580645161
-5.69642857143
-6.03870967742
1.89
4.5
13.2933333333
18.2483870968
16.0258064516
13.7266666667
4.15806451613
-0.736666666667
-4.42333333333
-8.94193548387
-11.5607142857
-6.18709677419
-0.0233333333333
6.94666666667
11.86
14.97
16.5129032258
12.3333333333
5.35483870968
0.848275862069
-2.93
-10.6733333333
-6.94827586207
-2.03548387097
0.903333333333
5.99655172414
11.6366666667
14.4419354839
13.45
13.44
6.17096774194
1.9
-5.89677419355
-9.03548387097
-5.025
-5.36129032258
3.15666666667
6.47741935484
16.1666666667
17.1516129032
16.9870967742
14.24
8.14
0.496666666667
-4.53548387097
-2.11290322581
-6.44285714286
-2.85483870968
3.80666666667
8.87741935484
12.7
17.1322580645
16.164516129
11.0966666667
4.6935483871
2.44
-1.81290322581
-5.57419354839
-10.3481481481
-2.52580645161
0.99
8.36451612903
14.31
15.7451612903
16.9129032258
12.7
10.0935483871
0.373333333333
-4.6935483871
-6.33548387097
-9.47931034483
-6.86774193548
2.88666666667
5.08387096774
13.4166666667
16.364516129
15.4838709677
12.8266666667
5.87096774194
1.12
-7.5
-11.264516129
-8.07857142857
-5.66666666667
1.29666666667
7.38387096774
11.9678571429
13.4580645161
14.9612903226
12.0366666667
4.75483870968
3.33
-5.55666666667
-6.22580645161
-6.40357142857
-1.32580645161
4.42413793103
9.68666666667
13.5206896552
17.9833333333
18.1
11.2633333333
6.88064516129
1.29333333333
-5.48387096774
-8.78709677419
-7.58928571429
-5.62903225806
0.756666666667
7.49032258065
12.5366666667
18.0967741935
16.2870967742
11.1166666667
6.75806451613
2.09
-2.29032258065
-5.53225806452
-3.8275862069
3.04193548387
1.63793103448
8.88333333333
14.2633333333
18.2966666667
16.1387096774
11.0034482759
5.56451612903
1.00333333333
-1.65483870968
-6.93548387097
-7.675
-4.80322580645
0.77
7.7935483871
12.64
16.6451612903
15.1258064516
11.1033333333
6.59032258065
-0.18
-7.63225806452
-11.6258064516
-12.3392857143
-11.6387096774
-0.0137931034483
6.95333333333
13.96
13.9870967742
14.9709677419
11.38
6.07666666667
-2.17666666667
-3.21612903226
-10.8392857143
-16.1535714286
-5.55161290323
1.45333333333
8.1935483871
12.07
15.7387096774
15.9580645161
15.04
6.62580645161
3.04
0.435483870968
-6.37741935484
-6.06206896552
-1.44516129032
0.883333333333
7.64516129032
13.05
16.9322580645
17.8387096774
14.59
8.55806451613
3.65
-4.42903225806
-4.97096774194
-4.33571428571
-4.36774193548
3.38666666667
6.73225806452
14.1034482759
16.035483871
15.3333333333
NaN
NaN
