696.0
397.0
26.0
44.0
108.0
38.0
0.0
25.0
199.0
631.0
686.0
691.0
582.0
949.0
0.0
62.0
76.0
21.0
8.0
0.0
195.0
353.0
543.0
247.0
826.0
92.0
171.0
28.0
31.0
95.0
27.0
90.0
835.0
62.0
383.0
244.0
172.0
279.0
494.0
39.0
201.0
59.0
3.0
176.0
231.0
502.0
334.0
575.0
1589.0
554.0
66.0
36.0
47.0
251.0
237.0
52.0
41.0
147.0
753.0
1333.0
543.0
100.0
214.0
8.0
110.0
120.0
82.0
73.0
582.0
617.0
550.0
976.0
199.0
715.0
140.0
109.0
59.0
148.0
18.0
360.0
247.0
165.0
1357.0
254.0
318.0
394.0
909.0
25.0
24.0
62.0
114.0
88.0
137.0
780.0
592.0
553.0
664.0
505.0
190.0
14.0
85.0
0.0
8.0
46.0
236.0
388.0
976.0
830.0
240.0
540.0
218.0
170.0
114.0
73.0
105.0
87.0
606.0
1116.0
236.0
NaN
NaN
142.0
204.0
132.0
78.0
105.0
34.0
78.0
1043.0
641.0
877.0
475.0
677.0
724.0
132.0
74.0
131.0
84.0
101.0
108.0
616.0
58.0
853.0
103.0
175.0
68.0
13.0
0.0
60.0
76.0
43.0
28.0
11.0
233.0
672.0
811.0
564.0
803.0
190.0
211.0
251.0
23.0
11.0
23.0
221.0
1163.0
346.0
889.0
167.0
305.0
114.0
92.0
38.0
21.0
175.0
226.0
322.0
403.0
505.0
726.0
368.0
109.0
131.0
13.0
77.0
110.0
80.0
46.0
18.0
163.0
726.0
537.0
1202.0
725.0
457.0
160.0
59.0
87.0
168.0
36.0
260.0
381.0
978.0
326.0
489.0
736.0
168.0
104.0
44.0
128.0
39.0
224.0
51.0
682.0
1003.0
883.0
178.0
244.0
1185.0
74.0
233.0
81.0
107.0
345.0
106.0
650.0
904.0
574.0
212.0
594.0
171.0
176.0
95.0
88.0
40.0
254.0
767.0
46.0
697.0
415.0
114.0
168.0
528.0
212.0
76.0
71.0
40.0
344.0
272.0
923.0
554.0
180.0
1126.0
289.0
379.0
153.0
48.0
81.0
54.0
27.0
835.0
150.0
363.0
1101.0
229.0
559.0
101.0
209.0
14.0
73.0
213.0
125.0
43.0
531.0
351.0
1345.0
525.0
83.0
5.0
33.0
13.0
52.0
11.0
254.0
0.0
426.0
413.0
119.0
183.0
198.0
36.0
196.0
183.0
177.0
13.0
NaN
200.0
NaN
633.0
620.0
394.0
376.0
33.0
145.0
23.0
0.0
10.0
277.0
236.0
487.0
1315.0
715.0
426.0
249.0
135.0
18.0
43.0
26.0
64.0
74.0
444.0
444.0
900.0
488.0
903.0
641.0
439.0
154.0
43.0
15.0
0.0
94.0
112.0
302.0
290.0
NaN
272.0
179.0
8.0
201.0
114.0
91.0
15.0
87.0
259.0
776.0
1512.0
1516.0
727.0
26.0
33.0
410.0
133.0
207.0
107.0
30.0
91.0
1317.0
1562.0
275.0
787.0
603.0
1719.0
454.0
102.0
140.0
140.0
479.0
158.0
521.0
274.0
622.0
280.0
288.0
246.0
274.0
98.0
292.0
229.0
235.0
123.0
533.0
1143.0
1072.0
333.0
445.0
178.0
332.0
195.0
193.0
26.0
138.0
1148.0
183.0
495.0
1433.0
159.0
124.0
374.0
36.0
39.0
64.0
742.0
61.0
274.0
602.0
858.0
841.0
384.0
147.0
722.0
415.0
31.0
109.0
77.0
112.0
478.0
1865.0
815.0
874.0
929.0
601.0
30.0
8.0
89.0
57.0
216.0
94.0
204.0
856.0
950.0
640.0
1522.0
409.0
389.0
714.0
65.0
26.0
101.0
25.0
250.0
401.0
901.0
1493.0
265.0
124.0
221.0
59.0
128.0
63.0
41.0
115.0
379.0
270.0
1527.0
457.0
1012.0
263.0
239.0
57.0
377.0
132.0
71.0
224.0
104.0
756.0
662.0
630.0
280.0
512.0
72.0
124.0
159.0
311.0
147.0
400.0
109.0
928.0
1041.0
788.0
504.0
675.0
272.0
53.0
77.0
144.0
5.0
80.0
122.0
496.0
1828.0
646.0
623.0
140.0
645.0
371.0
187.0
18.0
181.0
205.0
189.0
206.0
615.0
474.0
570.0
341.0
173.0
10.0
228.0
90.0
57.0
195.0
24.0
1796.0
526.0
180.0
670.0
158.0
84.0
48.0
72.0
54.0
161.0
24.0
241.0
276.0
978.0
567.0
765.0
531.0
537.0
636.0
522.0
154.0
232.0
643.0
262.0
828.0
542.0
398.0
190.0
397.0
561.0
20.0
428.0
126.0
183.0
157.0
714.0
721.0
1238.0
610.0
487.0
1073.0
287.0
134.0
438.0
NaN
NaN
NaN
NaN
NaN
NaN
NaN
NaN
NaN
NaN
NaN
NaN
89.0
62.0
189.0
517.0
344.0
793.0
235.0
NaN
23.0
855.0
165.0
88.0
150.0
297.0
331.0
123.0
1016.0
1276.0
374.0
438.0
NaN
716.0
94.0
115.0
195.0
28.0
226.0
444.0
547.0
1115.0
175.0
623.0
183.0
163.0
NaN
13.0
71.0
99.0
44.0
136.0
738.0
732.0
766.0
292.0
416.0
400.0
53.0
147.0
53.0
91.0
165.0
720.0
582.0
755.0
1184.0
321.0
904.0
288.0
81.0
46.0
36.0
41.0
58.0
128.0
194.0
426.0
323.0
511.0
