-8.63666666667
-5.6
-2.80666666667
3.63448275862
12.4137931034
15.8366666667
18.1517241379
15.2566666667
9.648
-0.183333333333
NaN
-5.65714285714
-15.1428571429
-11.6103448276
-4.05333333333
1.39655172414
12.0033333333
17.3310344828
17.4827586207
16.35
10.8851851852
0.964516129032
-2.63666666667
-7.33333333333
-7.48709677419
-15.7461538462
-5.0
2.36206896552
8.44
13.3037037037
17.9266666667
15.8612903226
NaN
2.3064516129
-5.00333333333
-14.6633333333
-7.14285714286
-8.15357142857
-1.2
1.42142857143
8.01333333333
16.1233333333
16.9655172414
16.8
10.9230769231
2.41333333333
-2.51034482759
-12.6933333333
-14.6333333333
-5.9
-3.29666666667
4.83703703704
12.1566666667
18.0517241379
16.6518518519
15.6533333333
9.24814814815
1.53666666667
-7.08333333333
-5.86
-5.94
-3.72068965517
-1.0935483871
1.59
8.25161290323
13.3862068966
15.3034482759
14.4129032258
9.22857142857
2.90322580645
-3.45185185185
-8.96
-15.35
-13.1
-4.37419354839
2.02333333333
8.44193548387
13.1346153846
16.625
15.6296296296
6.46
0.961290322581
-7.92413793103
-8.69
-15.3551724138
NaN
NaN
-1.25862068966
NaN
NaN
15.5666666667
14.9633333333
10.7896551724
5.32
-2.33214285714
-8.19333333333
-11.8566666667
-7.01153846154
-2.80322580645
1.41
7.54333333333
14.8827586207
17.0967741935
18.8677419355
9.28275862069
3.00967741935
-6.42068965517
-7.96
-14.15
-10.0958333333
-8.30322580645
0.614285714286
9.55333333333
15.9366666667
16.4655172414
16.2032258065
9.98275862069
3.14516129032
-5.77931034483
-11.3129032258
-13.8677419355
-7.63928571429
-3.17333333333
0.21
6.57666666667
15.4034482759
17.8133333333
15.44
11.7275862069
3.79032258065
-4.81034482759
-6.43870967742
-9.74
-3.1
-5.16129032258
3.06333333333
12.2233333333
13.5433333333
19.4193548387
17.5580645161
12.8517241379
5.34516129032
-0.573333333333
-9.01935483871
-10.9064516129
-5.43928571429
-3.15483870968
4.25666666667
10.1548387097
15.5931034483
20.0766666667
15.7516129032
8.79
1.54193548387
-1.7
-6.85
-9.25333333333
-6.8275862069
-0.561290322581
2.4
11.2193548387
13.9310344828
17.9066666667
18.86
9.12666666667
4.77
-6.44666666667
-15.6709677419
-9.71379310345
-10.6962962963
-3.88
4.07142857143
10.7741935484
15.1333333333
19.7166666667
17.0677419355
10.2551724138
3.09
1.09333333333
-7.69310344828
-8.94516129032
-9.42222222222
-6.96774193548
3.54137931034
NaN
18.6535714286
19.9419354839
18.1516129032
12.2793103448
3.88387096774
-2.16206896552
-7.73103448276
-10.7483870968
-9.81071428571
-2.69
4.7275862069
8.76774193548
14.66
18.4258064516
17.6433333333
8.16666666667
4.77
-3.48333333333
-5.5
-11.7774193548
-9.45
0.664516129032
3.69310344828
10.8612903226
14.28
17.2677419355
15.2516129032
13.8482758621
5.85
0.0566666666667
-6.11666666667
-9.25483870968
-3.49285714286
-1.63548387097
6.00666666667
9.66206896552
17.4931034483
18.5206896552
17.4
13.2172413793
5.83
-0.383333333333
-8.10322580645
-3.06774193548
-6.75714285714
-1.73548387097
6.06
10.9379310345
16.6310344828
18.9612903226
17.6129032258
9.91153846154
3.68666666667
-2.29655172414
-5.30322580645
-9.14838709677
-8.49642857143
1.94516129032
3.97
12.2612903226
15.9034482759
19.3321428571
20.0709677419
12.6366666667
6.91612903226
-2.03333333333
-9.44516129032
-10.9548387097
-8.34827586207
-2.27096774194
1.30333333333
8.18387096774
15.9366666667
18.39
15.9064516129
10.9275862069
5.05666666667
-1.72
-12.39
-9.39032258065
-6.45
-3.82258064516
1.25862068966
9.59032258065
15.7966666667
16.0333333333
15.235483871
10.8
2.28387096774
-0.620689655172
-11.6870967742
NaN
-10.7222222222
-0.06
5.69642857143
9.77741935484
17.24
19.764516129
18.69
12.0266666667
3.75483870968
-2.76
NaN
NaN
NaN
NaN
NaN
NaN
NaN
NaN
NaN
NaN
NaN
NaN
NaN
NaN
NaN
NaN
NaN
NaN
NaN
NaN
14.4612903226
8.3
2.01935483871
-3.6275862069
-7.80967741935
-11.1032258065
-7.45357142857
-6.40967741935
-0.426666666667
9.11935483871
14.8866666667
16.9903225806
17.6766666667
13.2466666667
3.71290322581
-5.36333333333
-12.8483870968
-14.8
-13.5285714286
-7.57419354839
1.5
9.02903225806
15.6379310345
14.5
16.8193548387
10.6034482759
4.18387096774
-7.53
-6.33225806452
-10.964516129
-13.3142857143
-4.89677419355
3.56
9.25806451613
15.9777777778
17.3866666667
15.1322580645
14.8966666667
5.57741935484
0.206666666667
-5.75666666667
-10.964516129
-5.92413793103
-0.841935483871
3.96666666667
8.72903225806
NaN
17.4689655172
16.6580645161
12.5068965517
5.03225806452
-0.33
-11.1548387097
-8.53870967742
-5.43928571429
-1.53870967742
3.15333333333
8.32903225806
15.3103448276
18.3612903226
13.96
NaN
NaN
