58.0
35.0
140.0
277.0
157.0
956.0
1049.0
1041.0
1125.0
377.0
2755.0
82.0
236.0
55.0
158.0
354.0
111.0
296.0
404.0
673.0
1151.0
792.0
160.0
245.0
3.0
114.0
157.0
155.0
535.0
831.0
338.0
1545.0
1881.0
1124.0
137.0
612.0
450.0
224.0
307.0
117.0
79.0
913.0
337.0
1541.0
259.0
615.0
749.0
832.0
407.0
217.0
127.0
280.0
429.0
138.0
1097.0
2306.0
825.0
377.0
879.0
99.0
162.0
218.0
31.0
147.0
200.0
362.0
721.0
1092.0
1351.0
277.0
656.0
189.0
166.0
13.0
261.0
153.0
567.0
1081.0
1432.0
2163.0
651.0
2152.0
74.0
97.0
191.0
188.0
88.0
501.0
613.0
842.0
1728.0
766.0
1021.0
579.0
765.0
46.0
43.0
372.0
40.0
117.0
948.0
290.0
1447.0
1197.0
267.0
1509.0
765.0
960.0
451.0
69.0
505.0
68.0
119.0
880.0
691.0
1730.0
216.0
117.0
635.0
783.0
429.0
283.0
21.0
489.0
369.0
NaN
NaN
790.0
1019.0
1019.0
56.0
498.0
544.0
98.0
501.0
25.0
425.0
224.0
743.0
661.0
483.0
620.0
658.0
419.0
0.0
13.0
130.0
232.0
140.0
NaN
1305.0
1895.0
1731.0
1312.0
348.0
548.0
56.0
35.0
54.0
963.0
486.0
1177.0
938.0
2053.0
947.0
2113.0
823.0
584.0
100.0
108.0
361.0
145.0
529.0
633.0
1294.0
1999.0
1830.0
834.0
297.0
0.0
84.0
204.0
180.0
300.0
633.0
756.0
808.0
1391.0
404.0
558.0
152.0
94.0
444.0
310.0
66.0
598.0
579.0
1108.0
1718.0
1240.0
262.0
1034.0
717.0
994.0
18.0
5.0
89.0
172.0
93.0
576.0
104.0
1079.0
521.0
445.0
488.0
140.0
76.0
115.0
51.0
110.0
84.0
313.0
635.0
916.0
761.0
650.0
97.0
419.0
584.0
115.0
51.0
61.0
378.0
262.0
716.0
1264.0
1028.0
737.0
878.0
696.0
627.0
117.0
145.0
198.0
319.0
436.0
488.0
711.0
1560.0
355.0
236.0
0.0
165.0
18.0
74.0
259.0
790.0
670.0
2461.0
1252.0
225.0
914.0
481.0
718.0
366.0
481.0
335.0
148.0
378.0
517.0
1504.0
967.0
613.0
1401.0
1264.0
193.0
61.0
58.0
0.0
381.0
900.0
394.0
656.0
858.0
922.0
693.0
851.0
643.0
335.0
217.0
54.0
627.0
422.0
327.0
1719.0
1039.0
1960.0
402.0
475.0
304.0
94.0
61.0
160.0
79.0
473.0
490.0
643.0
1698.0
473.0
1030.0
696.0
449.0
18.0
81.0
76.0
82.0
198.0
1190.0
1365.0
1042.0
914.0
961.0
1350.0
137.0
211.0
220.0
99.0
354.0
534.0
840.0
1255.0
618.0
852.0
514.0
2264.0
241.0
100.0
51.0
112.0
163.0
427.0
145.0
545.0
1707.0
699.0
643.0
412.0
99.0
23.0
178.0
109.0
30.0
242.0
501.0
737.0
3228.0
185.0
401.0
343.0
392.0
25.0
125.0
40.0
26.0
201.0
712.0
719.0
1760.0
595.0
1056.0
1166.0
1527.0
191.0
414.0
321.0
375.0
76.0
490.0
980.0
1141.0
983.0
881.0
206.0
564.0
38.0
379.0
43.0
23.0
555.0
432.0
1315.0
399.0
587.0
404.0
1011.0
1439.0
530.0
140.0
84.0
849.0
162.0
323.0
805.0
771.0
756.0
295.0
466.0
1121.0
346.0
176.0
64.0
239.0
350.0
1101.0
1216.0
783.0
1781.0
866.0
826.0
610.0
514.0
351.0
381.0
209.0
742.0
446.0
785.0
1012.0
1328.0
394.0
1337.0
1138.0
495.0
166.0
130.0
29.0
155.0
470.0
2387.0
663.0
306.0
1259.0
198.0
231.0
96.0
135.0
462.0
96.0
312.0
1711.0
630.0
1134.0
265.0
812.0
564.0
58.0
655.0
NaN
18.0
198.0
724.0
685.0
1250.0
279.0
369.0
259.0
406.0
125.0
0.0
120.0
43.0
45.0
941.0
765.0
650.0
906.0
1551.0
1025.0
737.0
866.0
543.0
276.0
66.0
225.0
172.0
917.0
1129.0
843.0
898.0
1166.0
1840.0
277.0
312.0
183.0
278.0
84.0
1324.0
382.0
571.0
517.0
374.0
914.0
381.0
1537.0
520.0
13.0
216.0
77.0
202.0
233.0
749.0
676.0
283.0
1764.0
374.0
612.0
36.0
66.0
28.0
48.0
353.0
178.0
638.0
1062.0
1262.0
378.0
300.0
494.0
410.0
196.0
250.0
81.0
371.0
NaN
1565.0
619.0
1732.0
907.0
1403.0
565.0
584.0
594.0
224.0
241.0
1302.0
627.0
1066.0
2202.0
688.0
363.0
730.0
470.0
754.0
134.0
8.0
173.0
407.0
1727.0
1644.0
2173.0
602.0
332.0
210.0
1577.0
313.0
770.0
77.0
72.0
477.0
1014.0
756.0
254.0
262.0
1063.0
1051.0
393.0
250.0
256.0
8.0
269.0
919.0
2164.0
726.0
1176.0
824.0
631.0
948.0
808.0
322.0
142.0
20.0
102.0
1410.0
386.0
1357.0
463.0
1172.0
1932.0
431.0
142.0
281.0
226.0
232.0
122.0
13.0
544.0
584.0
379.0
659.0
1196.0
1305.0
18.0
670.0
241.0
390.0
88.0
238.0
201.0
926.0
830.0
857.0
436.0
1001.0
145.0
41.0
87.0
68.0
104.0
1002.0
331.0
1837.0
2014.0
1087.0
744.0
279.0
348.0
211.0
289.0
218.0
117.0
549.0
1188.0
1382.0
1741.0
213.0
632.0
938.0
416.0
1066.0
284.0
257.0
191.0
772.0
726.0
574.0
986.0
1592.0
906.0
802.0
1333.0
605.0
277.0
255.0
349.0
495.0
990.0
1097.0
1701.0
2355.0
1773.0
922.0
320.0
251.0
274.0
241.0
261.0
0.0
422.0
293.0
1220.0
1168.0
1728.0
1194.0
384.0
428.0
261.0
163.0
33.0
465.0
959.0
1580.0
818.0
1379.0
275.0
1122.0
833.0
208.0
74.0
302.0
13.0
NaN
361.0
NaN
1561.0
2757.0
1330.0
598.0
226.0
500.0
249.0
170.0
256.0
303.0
1122.0
679.0
761.0
658.0
244.0
882.0
528.0
69.0
76.0
272.0
167.0
695.0
1593.0
1535.0
2282.0
860.0
1596.0
183.0
765.0
302.0
56.0
246.0
204.0
267.0
1727.0
871.0
1600.0
1187.0
985.0
485.0
53.0
254.0
170.0
131.0
437.0
236.0
585.0
NaN
NaN
549.0
149.0
366.0
396.0
445.0
NaN
NaN
NaN
NaN
NaN
NaN
NaN
NaN
NaN
NaN
323.0
615.0
124.0
20.0
185.0
437.0
756.0
1370.0
778.0
609.0
1416.0
564.0
1025.0
48.0
13.0
69.0
350.0
213.0
766.0
1305.0
811.0
2266.0
267.0
695.0
432.0
480.0
198.0
306.0
208.0
948.0
550.0
1121.0
750.0
373.0
251.0
1053.0
176.0
751.0
46.0
112.0
424.0
111.0
1089.0
994.0
1608.0
511.0
584.0
171.0
159.0
412.0
277.0
94.0
74.0
930.0
971.0
616.0
128.0
349.0
1891.0
1286.0
211.0
249.0
457.0
146.0
274.0
704.0
1389.0
1637.0
482.0
704.0
1922.0
812.0
790.0
0.0
420.0
132.0
183.0
232.0
891.0
1836.0
1378.0
1191.0
267.0
622.0
1243.0
496.0
246.0
NaN
190.0
274.0
377.0
289.0
1566.0
1934.0
692.0
371.0
1658.0
239.0
582.0
363.0
NaN
572.0
589.0
321.0
1852.0
2625.0
866.0
700.0
178.0
354.0
377.0
NaN
NaN
NaN
NaN
NaN
NaN
NaN
NaN
NaN
176.0
64.0
350.0
40.0
603.0
303.0
930.0
1427.0
1029.0
112.0
630.0
149.0
522.0
163.0
297.0
48.0
168.0
457.0
1660.0
1851.0
786.0
187.0
480.0
770.0
745.0
290.0
33.0
44.0
180.0
165.0
864.0
1891.0
2173.0
1254.0
2245.0
1348.0
484.0
63.0
311.0
81.0
243.0
76.0
1264.0
1431.0
1050.0
1856.0
1420.0
1110.0
290.0
1043.0
1116.0
135.0
230.0
530.0
1251.0
1378.0
303.0
1101.0
851.0
1141.0
305.0
507.0
369.0
212.0
280.0
538.0
672.0
1721.0
693.0
396.0
2641.0
NaN
NaN
