56.0
262.0
185.0
1110.0
NaN
NaN
NaN
NaN
NaN
NaN
NaN
NaN
NaN
NaN
NaN
NaN
NaN
991.0
51.0
381.0
5.0
214.0
NaN
64.0
NaN
285.0
373.0
773.0
1523.0
1020.0
1274.0
228.0
38.0
NaN
110.0
244.0
NaN
NaN
NaN
NaN
NaN
NaN
NaN
NaN
NaN
NaN
NaN
NaN
NaN
NaN
NaN
NaN
NaN
NaN
NaN
NaN
NaN
NaN
NaN
NaN
NaN
NaN
NaN
NaN
NaN
NaN
NaN
NaN
NaN
NaN
NaN
NaN
NaN
NaN
NaN
NaN
NaN
NaN
NaN
NaN
NaN
NaN
NaN
NaN
NaN
NaN
NaN
NaN
NaN
NaN
NaN
NaN
NaN
NaN
NaN
NaN
NaN
NaN
NaN
NaN
NaN
NaN
NaN
NaN
NaN
NaN
NaN
NaN
NaN
NaN
NaN
NaN
NaN
NaN
NaN
NaN
NaN
NaN
NaN
NaN
NaN
NaN
NaN
NaN
NaN
NaN
NaN
NaN
NaN
NaN
NaN
NaN
NaN
NaN
NaN
NaN
NaN
NaN
NaN
NaN
NaN
NaN
NaN
NaN
NaN
NaN
NaN
NaN
NaN
NaN
NaN
NaN
NaN
NaN
NaN
NaN
NaN
NaN
NaN
NaN
NaN
NaN
NaN
NaN
NaN
NaN
NaN
NaN
NaN
NaN
NaN
NaN
NaN
NaN
NaN
NaN
NaN
NaN
NaN
NaN
NaN
NaN
NaN
NaN
NaN
NaN
NaN
NaN
NaN
NaN
NaN
NaN
NaN
NaN
NaN
NaN
NaN
NaN
NaN
NaN
NaN
NaN
NaN
NaN
NaN
NaN
NaN
NaN
NaN
NaN
NaN
NaN
NaN
NaN
NaN
NaN
NaN
NaN
NaN
NaN
NaN
NaN
NaN
NaN
NaN
NaN
NaN
NaN
NaN
NaN
NaN
NaN
NaN
NaN
NaN
NaN
NaN
NaN
NaN
NaN
NaN
NaN
NaN
NaN
NaN
NaN
NaN
NaN
NaN
NaN
NaN
NaN
NaN
NaN
NaN
NaN
NaN
NaN
NaN
NaN
NaN
NaN
NaN
NaN
NaN
NaN
NaN
NaN
NaN
NaN
NaN
NaN
NaN
NaN
NaN
NaN
NaN
NaN
NaN
NaN
NaN
NaN
NaN
NaN
NaN
NaN
NaN
NaN
NaN
NaN
NaN
NaN
NaN
NaN
NaN
NaN
NaN
NaN
NaN
NaN
NaN
NaN
NaN
NaN
NaN
NaN
NaN
NaN
NaN
NaN
NaN
NaN
NaN
NaN
NaN
NaN
NaN
NaN
NaN
NaN
NaN
NaN
NaN
NaN
NaN
NaN
NaN
NaN
NaN
NaN
NaN
NaN
NaN
NaN
NaN
NaN
NaN
NaN
NaN
NaN
NaN
NaN
NaN
NaN
NaN
NaN
NaN
NaN
NaN
NaN
NaN
NaN
NaN
NaN
NaN
NaN
NaN
NaN
NaN
NaN
471.0
191.0
463.0
501.0
102.0
592.0
140.0
125.0
183.0
178.0
102.0
38.0
76.0
1194.0
870.0
709.0
401.0
480.0
229.0
292.0
0.0
51.0
0.0
64.0
399.0
175.0
875.0
687.0
433.0
191.0
153.0
51.0
0.0
191.0
0.0
38.0
160.0
25.0
165.0
377.0
335.0
NaN
224.0
330.0
25.0
89.0
3.0
102.0
318.0
852.0
347.0
287.0
383.0
79.0
28.0
5.0
93.0
124.0
98.0
94.0
293.0
273.0
379.0
300.0
48.0
463.0
289.0
25.0
201.0
48.0
167.0
114.0
234.0
137.0
560.0
569.0
1105.0
224.0
127.0
25.0
20.0
195.0
76.0
153.0
231.0
NaN
616.0
811.0
338.0
145.0
839.0
31.0
113.0
26.0
198.0
209.0
0.0
244.0
350.0
1684.0
412.0
326.0
163.0
320.0
0.0
71.0
0.0
150.0
315.0
694.0
103.0
557.0
454.0
363.0
0.0
145.0
60.0
35.0
130.0
81.0
152.0
766.0
404.0
1519.0
662.0
401.0
625.0
289.0
21.0
3.0
0.0
221.0
254.0
472.0
1037.0
1174.0
1102.0
154.0
496.0
139.0
94.0
21.0
157.0
43.0
78.0
28.0
769.0
1372.0
231.0
373.0
287.0
333.0
173.0
5.0
208.0
122.0
155.0
265.0
513.0
1173.0
736.0
760.0
229.0
117.0
484.0
10.0
137.0
110.0
252.0
121.0
774.0
1080.0
696.0
313.0
537.0
13.0
0.0
89.0
0.0
58.0
605.0
482.0
660.0
1170.0
624.0
480.0
719.0
660.0
114.0
18.0
105.0
25.0
150.0
471.0
225.0
1178.0
87.0
82.0
333.0
480.0
339.0
0.0
64.0
97.0
153.0
836.0
114.0
1257.0
1358.0
570.0
244.0
246.0
145.0
21.0
33.0
49.0
178.0
274.0
914.0
429.0
394.0
522.0
315.0
711.0
38.0
198.0
142.0
212.0
NaN
261.0
1143.0
145.0
556.0
408.0
327.0
116.0
34.0
31.0
13.0
185.0
132.0
317.0
1047.0
487.0
217.0
1263.0
163.0
594.0
11.0
358.0
226.0
528.0
145.0
8.0
335.0
1918.0
250.0
846.0
155.0
8.0
269.0
63.0
147.0
139.0
421.0
821.0
578.0
1448.0
667.0
1043.0
133.0
291.0
107.0
155.0
46.0
38.0
183.0
203.0
317.0
1447.0
289.0
399.0
293.0
335.0
41.0
51.0
25.0
111.0
8.0
398.0
288.0
915.0
325.0
168.0
470.0
16.0
89.0
137.0
144.0
41.0
184.0
181.0
1331.0
1316.0
986.0
528.0
283.0
323.0
701.0
54.0
41.0
92.0
46.0
734.0
1594.0
1082.0
539.0
863.0
404.0
368.0
229.0
10.0
132.0
348.0
132.0
721.0
587.0
576.0
571.0
513.0
24.0
115.0
130.0
43.0
69.0
199.0
53.0
138.0
972.0
432.0
260.0
72.0
948.0
181.0
136.0
68.0
184.0
209.0
168.0
487.0
1093.0
1035.0
353.0
1171.0
137.0
59.0
132.0
363.0
3.0
59.0
122.0
275.0
1049.0
237.0
404.0
140.0
551.0
114.0
13.0
129.0
130.0
238.0
139.0
183.0
1430.0
963.0
354.0
1458.0
307.0
221.0
48.0
50.0
132.0
86.0
139.0
667.0
577.0
738.0
1087.0
705.0
552.0
391.0
94.0
267.0
26.0
41.0
175.0
1002.0
655.0
1403.0
290.0
272.0
125.0
0.0
61.0
146.0
36.0
63.0
239.0
876.0
1162.0
280.0
826.0
346.0
720.0
215.0
89.0
226.0
43.0
173.0
754.0
455.0
322.0
654.0
918.0
952.0
387.0
320.0
156.0
11.0
119.0
160.0
92.0
694.0
262.0
1527.0
234.0
279.0
254.0
181.0
24.0
183.0
23.0
33.0
112.0
1113.0
461.0
1517.0
529.0
888.0
249.0
41.0
154.0
185.0
271.0
379.0
85.0
122.0
500.0
797.0
717.0
402.0
389.0
267.0
18.0
184.0
47.0
105.0
150.0
1212.0
714.0
414.0
510.0
356.0
671.0
368.0
397.0
165.0
58.0
118.0
38.0
1005.0
585.0
1110.0
152.0
772.0
237.0
922.0
233.0
307.0
96.0
83.0
156.0
294.0
1473.0
368.0
665.0
86.0
13.0
549.0
72.0
392.0
125.0
49.0
463.0
340.0
888.0
333.0
398.0
559.0
362.0
546.0
134.0
NaN
5.0
84.0
238.0
741.0
974.0
485.0
544.0
419.0
61.0
125.0
33.0
NaN
195.0
46.0
736.0
582.0
687.0
1079.0
325.0
506.0
305.0
168.0
36.0
113.0
163.0
193.0
155.0
399.0
159.0
177.0
134.0
116.0
112.0
94.0
18.0
112.0
162.0
224.0
602.0
487.0
407.0
566.0
671.0
457.0
922.0
288.0
952.0
355.0
184.0
216.0
NaN
675.0
451.0
915.0
889.0
832.0
79.0
56.0
138.0
79.0
132.0
136.0
255.0
365.0
358.0
648.0
874.0
1221.0
56.0
199.0
160.0
43.0
104.0
112.0
99.0
125.0
420.0
846.0
580.0
414.0
172.0
792.0
13.0
44.0
10.0
NaN
NaN
241.0
462.0
827.0
961.0
650.0
211.0
265.0
162.0
229.0
335.0
89.0
287.0
259.0
1391.0
639.0
522.0
82.0
186.0
1109.0
140.0
8.0
5.0
8.0
490.0
292.0
1060.0
774.0
1059.0
1126.0
396.0
270.0
188.0
71.0
8.0
51.0
405.0
750.0
471.0
1232.0
769.0
408.0
131.0
321.0
40.0
69.0
53.0
3.0
519.0
188.0
203.0
336.0
371.0
764.0
580.0
291.0
450.0
195.0
106.0
288.0
247.0
1505.0
1346.0
661.0
721.0
522.0
440.0
113.0
324.0
3.0
42.0
569.0
547.0
21.0
557.0
416.0
1164.0
606.0
135.0
83.0
48.0
77.0
52.0
93.0
87.0
301.0
1123.0
310.0
326.0
757.0
141.0
41.0
183.0
265.0
104.0
152.0
526.0
1154.0
113.0
329.0
511.0
589.0
668.0
170.0
232.0
59.0
25.0
102.0
442.0
609.0
744.0
1273.0
453.0
475.0
323.0
184.0
59.0
131.0
16.0
251.0
81.0
615.0
1117.0
1566.0
414.0
354.0
415.0
350.0
116.0
0.0
223.0
175.0
66.0
57.0
180.0
NaN
1497.0
932.0
327.0
18.0
428.0
72.0
NaN
168.0
63.0
243.0
355.0
1233.0
864.0
127.0
308.0
142.0
231.0
66.0
0.0
66.0
0.0
299.0
274.0
419.0
1778.0
375.0
566.0
1183.0
46.0
0.0
76.0
58.0
333.0
805.0
850.0
1166.0
NaN
485.0
332.0
NaN
0.0
68.0
66.0
147.0
174.0
163.0
1362.0
448.0
602.0
482.0
1588.0
468.0
425.0
94.0
NaN
NaN
NaN
NaN
646.0
985.0
NaN
552.0
NaN
NaN
NaN
41.0
NaN
299.0
274.0
369.0
743.0
1020.0
295.0
719.0
20.0
1263.0
160.0
43.0
185.0
119.0
160.0
477.0
1548.0
1226.0
411.0
946.0
937.0
205.0
5.0
49.0
97.0
65.0
467.0
579.0
912.0
758.0
575.0
196.0
78.0
300.0
440.0
762.0
130.0
314.0
15.0
831.0
828.0
376.0
1136.0
864.0
NaN
NaN
NaN
41.0
102.0
67.0
242.0
224.0
NaN
379.0
NaN
786.0
NaN
409.0
0.0
231.0
199.0
145.0
124.0
NaN
464.0
907.0
505.0
333.0
508.0
NaN
77.0
NaN
0.0
8.0
643.0
442.0
932.0
1079.0
1218.0
395.0
780.0
814.0
25.0
NaN
5.0
NaN
NaN
NaN
NaN
1313.0
153.0
198.0
582.0
134.0
144.0
133.0
16.0
85.0
82.0
318.0
279.0
307.0
357.0
1413.0
737.0
21.0
31.0
96.0
11.0
71.0
549.0
340.0
937.0
1759.0
373.0
1322.0
576.0
841.0
8.0
74.0
30.0
55.0
159.0
167.0
456.0
1469.0
1385.0
707.0
627.0
430.0
113.0
149.0
67.0
315.0
222.0
351.0
527.0
571.0
764.0
970.0
191.0
1002.0
26.0
120.0
33.0
40.0
378.0
523.0
948.0
741.0
445.0
121.0
660.0
289.0
77.0
135.0
NaN
NaN
NaN
NaN
NaN
NaN
NaN
NaN
NaN
NaN
NaN
0.0
NaN
185.0
NaN
NaN
NaN
536.0
433.0
241.0
NaN
96.0
NaN
152.0
NaN
151.0
109.0
455.0
NaN
NaN
NaN
NaN
NaN
1699.0
21.0
53.0
41.0
346.0
263.0
1238.0
643.0
1223.0
324.0
341.0
474.0
161.0
249.0
33.0
43.0
72.0
30.0
163.0
1631.0
647.0
866.0
902.0
259.0
242.0
208.0
317.0
32.0
216.0
159.0
1412.0
578.0
389.0
313.0
1082.0
794.0
144.0
152.0
351.0
70.0
89.0
142.0
275.0
235.0
666.0
1001.0
1262.0
NaN
NaN
