NaN
NaN
NaN
NaN
NaN
NaN
NaN
NaN
NaN
NaN
NaN
NaN
NaN
NaN
NaN
NaN
NaN
NaN
NaN
NaN
NaN
NaN
NaN
NaN
NaN
NaN
NaN
NaN
NaN
NaN
NaN
NaN
NaN
NaN
NaN
NaN
NaN
NaN
NaN
NaN
NaN
NaN
NaN
NaN
NaN
NaN
NaN
NaN
NaN
NaN
NaN
NaN
NaN
NaN
NaN
NaN
NaN
NaN
NaN
NaN
NaN
NaN
NaN
NaN
NaN
NaN
NaN
NaN
335.0
318.0
1047.0
43.0
66.0
255.0
42.0
33.0
159.0
310.0
582.0
402.0
779.0
613.0
178.0
13.0
312.0
78.0
51.0
54.0
158.0
571.0
1442.0
1043.0
349.0
450.0
140.0
571.0
61.0
0.0
61.0
33.0
88.0
678.0
329.0
858.0
1468.0
175.0
10.0
23.0
34.0
66.0
28.0
99.0
104.0
245.0
1106.0
708.0
328.0
55.0
612.0
28.0
92.0
0.0
43.0
183.0
87.0
352.0
755.0
1068.0
233.0
617.0
90.0
0.0
79.0
36.0
0.0
59.0
349.0
110.0
896.0
534.0
257.0
115.0
477.0
208.0
10.0
39.0
49.0
171.0
159.0
122.0
1435.0
1622.0
859.0
200.0
156.0
338.0
21.0
3.0
72.0
54.0
53.0
333.0
587.0
567.0
623.0
179.0
393.0
161.0
39.0
33.0
0.0
3.0
16.0
753.0
636.0
1468.0
944.0
407.0
69.0
3.0
8.0
147.0
95.0
8.0
89.0
455.0
1603.0
861.0
407.0
401.0
390.0
173.0
71.0
145.0
35.0
99.0
114.0
500.0
168.0
326.0
598.0
511.0
434.0
259.0
96.0
135.0
5.0
62.0
78.0
463.0
620.0
1835.0
214.0
150.0
505.0
74.0
36.0
115.0
38.0
21.0
15.0
358.0
404.0
1408.0
298.0
778.0
170.0
67.0
49.0
25.0
43.0
85.0
69.0
238.0
550.0
549.0
892.0
201.0
84.0
NaN
0.0
163.0
11.0
122.0
377.0
1016.0
405.0
432.0
287.0
110.0
465.0
214.0
116.0
68.0
331.0
130.0
34.0
1032.0
1021.0
331.0
239.0
188.0
598.0
931.0
102.0
102.0
8.0
10.0
107.0
887.0
571.0
356.0
605.0
646.0
41.0
NaN
NaN
0.0
NaN
NaN
652.0
536.0
847.0
214.0
503.0
41.0
652.0
271.0
110.0
41.0
0.0
10.0
79.0
860.0
328.0
303.0
285.0
577.0
152.0
81.0
28.0
0.0
161.0
92.0
370.0
NaN
168.0
1077.0
244.0
305.0
25.0
5.0
49.0
66.0
46.0
74.0
0.0
769.0
765.0
394.0
525.0
425.0
77.0
50.0
38.0
28.0
122.0
NaN
226.0
464.0
976.0
270.0
639.0
323.0
547.0
465.0
401.0
55.0
NaN
170.0
13.0
409.0
1500.0
239.0
789.0
796.0
218.0
100.0
206.0
107.0
155.0
31.0
216.0
280.0
333.0
1310.0
539.0
546.0
8.0
453.0
28.0
5.0
39.0
86.0
222.0
369.0
350.0
534.0
352.0
402.0
58.0
743.0
112.0
242.0
39.0
3.0
18.0
171.0
636.0
683.0
866.0
696.0
61.0
409.0
NaN
NaN
248.0
25.0
NaN
130.0
1849.0
744.0
1108.0
474.0
346.0
1044.0
59.0
38.0
54.0
8.0
420.0
392.0
855.0
460.0
475.0
275.0
75.0
269.0
463.0
111.0
39.0
43.0
137.0
555.0
605.0
905.0
327.0
331.0
NaN
10.0
213.0
88.0
160.0
5.0
219.0
231.0
106.0
402.0
507.0
371.0
478.0
280.0
386.0
147.0
77.0
134.0
351.0
1113.0
511.0
1054.0
637.0
744.0
897.0
394.0
124.0
0.0
18.0
703.0
717.0
157.0
895.0
186.0
452.0
345.0
104.0
150.0
14.0
120.0
67.0
NaN
77.0
109.0
903.0
747.0
76.0
249.0
201.0
135.0
176.0
88.0
16.0
102.0
378.0
534.0
275.0
180.0
491.0
188.0
1036.0
230.0
67.0
142.0
3.0
64.0
282.0
184.0
1029.0
690.0
758.0
401.0
138.0
94.0
106.0
97.0
49.0
254.0
92.0
488.0
1658.0
1969.0
249.0
574.0
423.0
296.0
161.0
25.0
214.0
199.0
387.0
280.0
389.0
800.0
1012.0
338.0
41.0
164.0
197.0
61.0
155.0
206.0
91.0
1052.0
683.0
1199.0
1091.0
638.0
666.0
284.0
215.0
196.0
93.0
139.0
31.0
404.0
574.0
917.0
485.0
786.0
129.0
502.0
81.0
74.0
79.0
180.0
245.0
831.0
1596.0
930.0
445.0
209.0
221.0
742.0
153.0
NaN
NaN
31.0
168.0
339.0
1727.0
650.0
203.0
247.0
803.0
816.0
125.0
286.0
308.0
252.0
100.0
607.0
1197.0
997.0
1393.0
756.0
235.0
528.0
32.0
27.0
69.0
130.0
791.0
31.0
1019.0
1443.0
1014.0
594.0
209.0
1221.0
341.0
23.0
112.0
35.0
331.0
773.0
642.0
1641.0
763.0
864.0
791.0
83.0
284.0
58.0
105.0
55.0
612.0
1179.0
305.0
446.0
590.0
262.0
60.0
264.0
504.0
88.0
171.0
273.0
120.0
634.0
509.0
944.0
1422.0
265.0
86.0
267.0
171.0
0.0
30.0
63.0
262.0
244.0
588.0
163.0
NaN
460.0
675.0
256.0
18.0
38.0
94.0
209.0
280.0
675.0
733.0
648.0
554.0
111.0
280.0
168.0
157.0
36.0
87.0
83.0
236.0
71.0
454.0
482.0
427.0
110.0
1040.0
241.0
20.0
0.0
94.0
6.0
346.0
774.0
1275.0
589.0
NaN
390.0
140.0
120.0
93.0
75.0
104.0
53.0
520.0
581.0
255.0
213.0
97.0
429.0
773.0
118.0
173.0
15.0
18.0
147.0
NaN
136.0
1232.0
758.0
74.0
764.0
155.0
391.0
0.0
175.0
88.0
152.0
117.0
NaN
NaN
1353.0
998.0
94.0
701.0
312.0
NaN
217.0
136.0
321.0
648.0
644.0
128.0
594.0
273.0
252.0
21.0
1163.0
43.0
272.0
159.0
83.0
442.0
901.0
622.0
741.0
321.0
351.0
214.0
471.0
74.0
259.0
NaN
NaN
NaN
NaN
NaN
NaN
NaN
NaN
NaN
99.0
64.0
NaN
NaN
226.0
23.0
662.0
670.0
1090.0
38.0
90.0
3.0
180.0
92.0
80.0
213.0
70.0
176.0
806.0
1339.0
543.0
364.0
890.0
299.0
1699.0
112.0
182.0
13.0
103.0
161.0
541.0
754.0
1517.0
127.0
348.0
478.0
44.0
166.0
166.0
8.0
28.0
0.0
334.0
2405.0
1513.0
135.0
490.0
271.0
391.0
212.0
325.0
56.0
53.0
489.0
1031.0
352.0
155.0
655.0
682.0
85.0
97.0
102.0
294.0
236.0
100.0
155.0
833.0
381.0
493.0
249.0
91.0
NaN
NaN
