19.9066666667
14.26
4.54137931034
1.22258064516
-0.425806451613
2.1037037037
4.42903225806
12.5965517241
21.1931034483
23.8793103448
26.1586206897
25.9
23.7034482759
15.3193548387
7.7724137931
4.08709677419
-3.83548387097
1.54642857143
3.6935483871
11.975862069
20.4033333333
25.6689655172
NaN
23.5033333333
NaN
13.4266666667
9.18333333333
1.41290322581
-2.48709677419
0.748275862069
8.74838709677
9.51
18.6096774194
23.0033333333
22.9137931034
23.4185185185
19.5413793103
15.5387096774
NaN
NaN
NaN
NaN
NaN
NaN
NaN
NaN
NaN
NaN
NaN
NaN
NaN
4.63
1.73103448276
2.12142857143
2.93793103448
11.725
15.1607142857
24.1689655172
28.0931034483
25.4962962963
24.8666666667
13.17
5.88518518519
0.733333333333
-4.71612903226
-3.49259259259
NaN
10.9769230769
16.0133333333
22.8724137931
25.6322580645
26.2071428571
22.3964285714
13.7827586207
8.34137931034
1.91935483871
-5.31935483871
-1.63448275862
5.81034482759
12.4266666667
17.4
23.0482758621
24.93
23.6903225806
24.54
15.1064516129
8.02068965517
-0.683870967742
-2.72258064516
0.348148148148
1.83870967742
12.94
17.1
26.3066666667
26.6903225806
26.9689655172
24.9482758621
15.8413793103
8.90689655172
-1.78387096774
2.11612903226
-1.4962962963
4.3064516129
13.9206896552
19.9451612903
24.0222222222
27.2740740741
25.5033333333
19.3482758621
11.7482758621
8.72666666667
3.31612903226
-0.13
-5.17857142857
NaN
9.24444444444
NaN
26.54
25.6966666667
26.6166666667
23.6074074074
18.4103448276
6.43103448276
-0.0258064516129
-0.367741935484
-2.93793103448
1.58064516129
14.3896551724
16.6814814815
23.85
26.1838709677
24.6935483871
20.904
NaN
6.85333333333
-0.803225806452
-5.88666666667
0.371428571429
4.88064516129
11.1206896552
19.1032258065
22.04
23.8724137931
24.5741935484
22.3851851852
12.1066666667
10.95
-0.684615384615
-2.52580645161
-1.3
7.85483870968
16.1607142857
21.0741935484
23.7035714286
27.8129032258
27.064516129
20.996
15.7107142857
9.308
-1.57096774194
NaN
NaN
NaN
NaN
NaN
NaN
28.6903225806
25.5928571429
21.4448275862
15.8071428571
10.0642857143
3.23666666667
0.838709677419
2.16428571429
12.7483870968
11.8068965517
20.85
25.0166666667
30.1807692308
26.0870967742
21.3
14.5903225806
7.30344827586
3.45483870968
-0.338709677419
-1.64642857143
1.24615384615
NaN
19.9566666667
22.6464285714
26.0193548387
24.9064516129
21.0833333333
15.5225806452
NaN
-1.91612903226
-5.93870967742
-5.03928571429
-0.941935483871
11.7107142857
NaN
24.17
24.3666666667
NaN
21.1620689655
14.362962963
4.60384615385
NaN
NaN
-8.33928571429
2.00967741935
11.3931034483
NaN
22.2266666667
24.8296296296
24.1481481481
23.87
13.9032258065
NaN
5.96451612903
-1.17857142857
0.455172413793
6.24
NaN
NaN
23.9333333333
NaN
27.975
23.07
16.1777777778
NaN
-0.996296296296
-0.276923076923
2.91785714286
NaN
14.6653846154
16.6214285714
NaN
NaN
23.8967741935
NaN
NaN
