1426.0
488.0
84.0
201.0
396.0
445.0
56.0
191.0
395.0
25.0
557.0
1227.0
495.0
221.0
123.0
455.0
73.0
138.0
149.0
97.0
119.0
566.0
720.0
750.0
584.0
802.0
676.0
76.0
143.0
150.0
118.0
344.0
121.0
292.0
271.0
NaN
172.0
1523.0
386.0
322.0
119.0
48.0
158.0
16.0
42.0
5.0
150.0
1160.0
286.0
529.0
479.0
28.0
52.0
50.0
116.0
91.0
257.0
412.0
769.0
1774.0
246.0
190.0
129.0
396.0
125.0
67.0
179.0
46.0
145.0
402.0
615.0
2109.0
295.0
579.0
1190.0
216.0
10.0
13.0
236.0
39.0
306.0
522.0
574.0
353.0
1009.0
380.0
303.0
140.0
194.0
136.0
93.0
73.0
388.0
175.0
327.0
1442.0
724.0
491.0
159.0
104.0
202.0
132.0
46.0
41.0
106.0
419.0
483.0
923.0
274.0
666.0
117.0
231.0
104.0
73.0
NaN
237.0
26.0
78.0
133.0
373.0
372.0
183.0
130.0
301.0
77.0
62.0
48.0
71.0
77.0
163.0
529.0
697.0
251.0
340.0
934.0
444.0
335.0
147.0
112.0
25.0
NaN
241.0
685.0
283.0
674.0
676.0
10.0
3.0
148.0
119.0
58.0
351.0
112.0
321.0
313.0
158.0
214.0
21.0
593.0
20.0
41.0
77.0
163.0
165.0
71.0
111.0
1024.0
942.0
647.0
770.0
79.0
554.0
97.0
38.0
20.0
104.0
89.0
437.0
557.0
1928.0
537.0
709.0
451.0
44.0
10.0
3.0
152.0
44.0
102.0
247.0
583.0
787.0
1171.0
247.0
261.0
0.0
73.0
202.0
64.0
25.0
23.0
270.0
1222.0
718.0
NaN
327.0
971.0
0.0
93.0
17.0
5.0
64.0
41.0
280.0
472.0
594.0
736.0
633.0
206.0
152.0
67.0
56.0
46.0
25.0
101.0
478.0
145.0
51.0
129.0
165.0
41.0
414.0
56.0
64.0
55.0
13.0
0.0
86.0
534.0
412.0
829.0
1382.0
310.0
254.0
38.0
31.0
152.0
26.0
79.0
167.0
362.0
984.0
1141.0
473.0
49.0
109.0
0.0
15.0
0.0
48.0
34.0
485.0
379.0
577.0
1168.0
171.0
489.0
172.0
8.0
18.0
44.0
13.0
10.0
373.0
374.0
965.0
345.0
56.0
870.0
574.0
38.0
10.0
15.0
49.0
41.0
49.0
NaN
495.0
545.0
1008.0
312.0
53.0
51.0
NaN
0.0
5.0
38.0
467.0
315.0
1232.0
894.0
593.0
871.0
111.0
46.0
NaN
30.0
25.0
23.0
204.0
835.0
288.0
638.0
NaN
15.0
10.0
0.0
38.0
62.0
76.0
356.0
727.0
379.0
1092.0
396.0
472.0
643.0
282.0
84.0
40.0
NaN
33.0
0.0
NaN
239.0
744.0
416.0
150.0
18.0
0.0
0.0
10.0
33.0
21.0
0.0
93.0
818.0
618.0
534.0
160.0
625.0
206.0
25.0
147.0
0.0
0.0
NaN
NaN
952.0
317.0
285.0
475.0
587.0
84.0
64.0
NaN
20.0
NaN
NaN
NaN
338.0
33.0
553.0
122.0
314.0
114.0
13.0
71.0
23.0
74.0
58.0
180.0
0.0
441.0
363.0
922.0
612.0
142.0
122.0
18.0
173.0
0.0
0.0
93.0
143.0
488.0
460.0
1181.0
147.0
267.0
122.0
NaN
NaN
NaN
0.0
NaN
495.0
434.0
677.0
735.0
462.0
787.0
8.0
96.0
33.0
18.0
199.0
0.0
205.0
520.0
890.0
434.0
NaN
211.0
156.0
13.0
49.0
0.0
41.0
409.0
NaN
NaN
639.0
307.0
404.0
972.0
64.0
5.0
48.0
0.0
56.0
89.0
NaN
602.0
128.0
1553.0
607.0
251.0
23.0
23.0
25.0
25.0
50.0
243.0
346.0
296.0
1573.0
153.0
385.0
168.0
58.0
0.0
30.0
96.0
194.0
10.0
286.0
505.0
1302.0
105.0
284.0
36.0
15.0
0.0
55.0
NaN
128.0
41.0
501.0
480.0
517.0
393.0
371.0
35.0
143.0
112.0
89.0
NaN
60.0
252.0
350.0
762.0
151.0
275.0
345.0
81.0
71.0
0.0
18.0
20.0
282.0
270.0
285.0
898.0
569.0
133.0
163.0
25.0
76.0
63.0
31.0
51.0
23.0
422.0
402.0
884.0
657.0
430.0
502.0
389.0
28.0
223.0
10.0
NaN
79.0
246.0
165.0
410.0
579.0
353.0
135.0
23.0
104.0
74.0
38.0
18.0
98.0
63.0
275.0
1539.0
1291.0
450.0
181.0
48.0
43.0
77.0
76.0
38.0
46.0
69.0
490.0
863.0
345.0
367.0
289.0
514.0
214.0
NaN
NaN
NaN
148.0
208.0
585.0
1293.0
646.0
191.0
398.0
480.0
NaN
0.0
0.0
0.0
0.0
124.0
257.0
358.0
982.0
122.0
375.0
165.0
NaN
NaN
64.0
0.0
0.0
183.0
109.0
375.0
1356.0
234.0
64.0
124.0
0.0
8.0
NaN
115.0
0.0
63.0
457.0
983.0
227.0
394.0
153.0
518.0
79.0
99.0
NaN
0.0
0.0
0.0
2143.0
774.0
897.0
392.0
454.0
53.0
13.0
30.0
NaN
64.0
127.0
358.0
598.0
758.0
711.0
677.0
142.0
256.0
NaN
NaN
0.0
0.0
254.0
185.0
255.0
635.0
1004.0
36.0
53.0
120.0
53.0
NaN
NaN
0.0
0.0
NaN
158.0
1000.0
429.0
918.0
274.0
58.0
0.0
0.0
0.0
NaN
NaN
NaN
512.0
492.0
368.0
581.0
254.0
8.0
0.0
NaN
NaN
NaN
0.0
223.0
1014.0
774.0
848.0
735.0
175.0
191.0
15.0
1702.0
NaN
0.0
NaN
51.0
468.0
1595.0
490.0
605.0
81.0
338.0
NaN
NaN
NaN
NaN
0.0
324.0
374.0
322.0
88.0
406.0
414.0
105.0
0.0
NaN
25.0
76.0
326.0
73.0
1134.0
788.0
359.0
148.0
84.0
127.0
13.0
0.0
3.0
NaN
101.0
10.0
758.0
881.0
346.0
577.0
730.0
386.0
18.0
NaN
0.0
0.0
1016.0
274.0
97.0
521.0
1136.0
393.0
272.0
485.0
3.0
396.0
247.0
43.0
127.0
292.0
904.0
973.0
234.0
763.0
259.0
NaN
NaN
NaN
NaN
NaN
NaN
NaN
NaN
NaN
NaN
NaN
NaN
NaN
NaN
NaN
NaN
NaN
NaN
617.0
NaN
528.0
NaN
NaN
13.0
NaN
NaN
NaN
NaN
NaN
NaN
NaN
NaN
NaN
NaN
NaN
NaN
NaN
NaN
NaN
NaN
NaN
NaN
NaN
NaN
NaN
NaN
NaN
NaN
NaN
NaN
NaN
NaN
NaN
NaN
NaN
NaN
NaN
NaN
NaN
NaN
NaN
NaN
NaN
NaN
NaN
NaN
NaN
NaN
NaN
513.0
792.0
735.0
648.0
462.0
400.0
123.0
78.0
279.0
120.0
193.0
753.0
124.0
282.0
NaN
NaN
