NaN
NaN
-17.8
-15.6
-12.2
-13.3
-11.1
-12.2
NaN
-21.7
-22.8
-13.3
-16.7
-24.4
-25.6
-18.9
-17.8
-11.1
-18.9
-18.9
-11.1
-5.6
-3.3
-6.1
-5.6
-10.0
-12.2
NaN
-8.9
-8.3
-5.6
-5.6
-11.7
-13.3
-19.4
-11.1
NaN
-15.0
-17.8
NaN
-1.1
-4.4
-12.2
-6.7
1.1
-2.2
-8.9
-11.1
-8.9
-15.6
-21.1
-13.3
-14.4
-5.0
-5.6
-12.2
-15.6
-10.0
-3.3
-5.6
-8.3
-8.9
-12.2
-8.9
-11.1
1.1
-2.2
4.4
2.2
5.0
2.2
1.1
NaN
-9.4
-12.2
-4.4
-7.8
-3.3
-2.2
NaN
0.0
0.0
1.1
-2.2
-2.8
-4.4
-4.4
-6.7
4.4
1.1
6.7
7.2
5.6
5.6
4.4
4.4
6.7
4.4
7.8
6.7
11.1
12.8
11.1
11.7
10.0
8.9
7.8
7.8
4.4
15.6
14.4
13.3
7.2
3.3
10.6
8.9
8.9
6.7
10.0
12.2
NaN
15.6
17.8
17.8
20.0
20.0
14.4
10.0
15.6
NaN
20.0
14.4
12.2
13.3
15.6
17.2
18.9
17.8
18.9
17.8
21.1
22.2
16.7
13.3
15.6
21.1
16.7
15.6
15.6
15.6
15.6
17.8
17.8
16.7
13.3
17.8
15.6
16.7
21.1
18.9
15.6
15.6
20.0
23.9
22.2
24.4
20.0
20.0
18.9
17.8
17.8
15.6
18.9
15.6
16.7
22.2
21.1
15.6
15.6
21.1
21.1
21.1
16.7
14.4
15.6
14.4
20.0
16.7
12.2
12.2
13.3
15.6
21.1
17.8
13.3
14.4
15.6
16.7
18.3
15.6
14.4
16.7
13.3
14.4
12.2
17.8
21.1
16.7
20.0
NaN
14.4
10.0
11.1
10.0
10.0
8.9
13.3
16.7
11.7
17.8
11.1
11.1
14.4
14.4
18.3
18.9
20.0
18.9
11.7
6.7
14.4
20.0
11.1
13.3
13.3
12.2
5.6
5.6
0.0
0.6
4.4
3.3
12.2
10.0
10.0
13.3
7.8
7.8
13.3
10.0
12.2
12.8
8.9
10.0
12.2
NaN
5.6
3.3
-1.1
0.0
1.1
7.2
7.8
5.0
2.2
6.7
4.4
0.0
NaN
4.4
NaN
0.0
-2.2
-1.1
-8.9
-13.3
-3.3
-14.4
-6.7
-7.8
1.1
-1.1
NaN
-1.1
NaN
-8.9
-8.9
-7.8
-10.0
-11.1
NaN
-3.3
-7.8
-11.1
-13.3
-18.9
-13.3
-22.2
-20.0
-10.0
-5.6
0.0
1.1
2.2
-3.3
2.2
11.1
3.3
0.0
0.0
0.0
2.2
5.6
-1.1
1.1
-4.4
0.0
0.6
3.3
11.1
NaN
4.4
6.7
4.4
NaN
-1.1
-5.6
-10.0
-8.9
-4.4
-4.4
-4.4
2.8
0.0
0.0
0.0
NaN
2.2
-1.1
2.2
-1.1
-2.2
2.2
-5.6
1.1
1.7
7.8
11.1
4.4
6.7
7.8
NaN
7.8
5.6
4.4
6.7
5.6
1.1
4.4
6.7
15.6
10.6
7.2
16.7
14.4
8.9
13.3
12.8
10.0
11.1
8.9
6.7
13.3
8.9
7.8
13.3
10.0
10.0
14.4
15.6
NaN
2.2
1.1
NaN
7.2
8.9
7.8
13.3
13.3
14.4
2.2
6.7
7.8
5.6
23.3
22.2
16.7
16.7
16.7
15.6
11.1
11.1
11.1
12.2
17.8
22.2
22.2
16.7
17.8
20.0
18.3
21.1
20.0
23.9
17.8
15.6
15.6
17.8
22.2
17.8
21.1
22.2
22.2
16.7
21.1
18.9
NaN
12.8
8.9
10.0
12.2
15.6
21.1
20.0
16.7
12.2
16.7
16.7
16.7
15.6
11.1
10.0
16.7
18.9
14.4
11.1
7.8
12.2
14.4
18.9
15.6
11.1
15.6
15.6
14.4
10.0
10.0
13.3
15.6
22.2
17.8
16.7
16.7
21.1
20.0
13.3
10.0
10.0
17.8
17.8
18.9
12.2
11.1
14.4
12.2
11.1
12.2
15.6
12.2
7.8
4.4
2.2
5.6
10.0
11.1
11.1
3.3
6.7
11.1
8.9
8.9
6.7
3.3
7.2
5.6
5.6
4.4
5.6
5.6
0.0
-2.2
NaN
7.8
1.1
6.7
12.2
10.0
12.2
12.2
8.9
4.4
11.1
6.7
10.0
6.7
7.8
3.3
4.4
8.9
6.7
2.2
NaN
1.1
1.1
1.1
-2.2
-4.4
-6.7
-7.8
-1.1
0.0
2.2
NaN
-3.3
-4.4
-7.8
-5.6
-1.1
-2.2
0.0
-1.1
-3.3
-2.2
NaN
-7.8
-10.0
0.0
1.1
0.0
-2.2
-4.4
-2.2
-3.3
2.2
4.4
1.1
0.0
NaN
-1.1
-2.2
-2.2
3.3
2.2
-1.1
-7.8
-5.6
-3.3
NaN
-1.1
-1.1
NaN
-6.7
-10.0
-15.6
-20.0
-13.3
-7.8
-14.4
