18.9483870968
20.4566666667
29.54
24.7
20.8896551724
12.4655172414
5.95357142857
-7.95
-5.42413793103
-8.74642857143
-1.05161290323
8.94666666667
16.6620689655
23.1965517241
30.8666666667
27.05
22.9423076923
11.9148148148
NaN
-6.73333333333
-9.43333333333
-3.41071428571
9.61612903226
12.1833333333
20.3064516129
26.5962962963
27.9290322581
28.2333333333
21.1692307692
16.5833333333
5.05517241379
NaN
3.60322580645
-4.24642857143
0.9
12.61
19.7307692308
29.4535714286
NaN
NaN
NaN
7.01379310345
NaN
NaN
NaN
NaN
NaN
NaN
NaN
NaN
NaN
NaN
NaN
NaN
NaN
-0.554838709677
2.79032258065
5.61785714286
8.25333333333
13.7933333333
17.2666666667
NaN
NaN
NaN
NaN
NaN
NaN
NaN
NaN
NaN
NaN
NaN
NaN
NaN
NaN
NaN
NaN
NaN
NaN
NaN
NaN
NaN
NaN
NaN
NaN
NaN
NaN
NaN
NaN
NaN
NaN
NaN
NaN
NaN
NaN
NaN
NaN
NaN
NaN
NaN
NaN
NaN
NaN
NaN
NaN
NaN
NaN
NaN
NaN
NaN
NaN
NaN
NaN
NaN
NaN
NaN
NaN
NaN
NaN
NaN
NaN
NaN
NaN
NaN
NaN
NaN
NaN
NaN
NaN
NaN
NaN
NaN
NaN
NaN
NaN
NaN
NaN
NaN
NaN
NaN
NaN
NaN
NaN
NaN
NaN
NaN
NaN
NaN
NaN
NaN
NaN
NaN
NaN
NaN
NaN
NaN
NaN
NaN
NaN
NaN
NaN
NaN
NaN
NaN
NaN
NaN
NaN
NaN
NaN
NaN
NaN
NaN
NaN
NaN
NaN
NaN
NaN
NaN
NaN
NaN
NaN
NaN
NaN
NaN
NaN
NaN
NaN
3.40666666667
-3.52413793103
-1.26551724138
NaN
15.3038461538
20.3419354839
25.1866666667
30.3935483871
28.7548387097
23.23
11.064516129
6.04827586207
-1.31
1.9064516129
-2.22222222222
6.52258064516
12.9566666667
17.0258064516
31.0466666667
34.4032258065
28.9387096774
25.5833333333
17.9935483871
8.33
0.190322580645
4.75483870968
4.9
6.79333333333
15.9633333333
28.7580645161
27.6466666667
33.5096774194
31.8032258065
NaN
NaN
NaN
NaN
NaN
7.36071428571
9.2
10.2137931034
15.0903225806
23.0933333333
34.0966666667
31.4870967742
25.6766666667
16.8741935484
3.55333333333
0.103225806452
-8.11935483871
-16.1689655172
5.19677419355
11.66
25.5774193548
30.5433333333
37.8322580645
32.1129032258
26.6333333333
16.2322580645
7.48
-1.17741935484
-12.6
-3.12142857143
4.51290322581
12.0133333333
22.5129032258
23.93
30.6677419355
33.2612903226
25.4333333333
15.6225806452
3.30666666667
-0.864516129032
-1.10322580645
-2.56428571429
7.67096774194
15.0766666667
18.1366666667
26.6466666667
29.9322580645
31.7419354839
24.024137931
18.8161290323
3.49666666667
1.17
1.86666666667
-6.47857142857
5.56451612903
14.1066666667
24.9806451613
22.4433333333
32.8103448276
30.47
25.475862069
12.7464285714
8.46896551724
4.60967741935
-10.8827586207
-5.12068965517
0.229032258065
8.45333333333
20.3741935484
25.9172413793
31.0333333333
27.6233333333
23.8344827586
NaN
1.16333333333
3.12580645161
-1.52580645161
1.36296296296
NaN
12.3551724138
23.9892857143
24.0366666667
31.7387096774
30.5709677419
20.88
14.4178571429
7.85925925926
5.03846153846
2.79032258065
-1.80357142857
5.87586206897
16.6833333333
16.0517241379
22.2
29.6935483871
29.2833333333
21.5464285714
16.0321428571
NaN
NaN
-10.0689655172
2.64814814815
NaN
NaN
18.2296296296
23.2703703704
NaN
32.75
NaN
19.6703703704
3.53666666667
2.35806451613
4.47142857143
-2.06896551724
-1.62142857143
NaN
NaN
22.9607142857
NaN
NaN
NaN
NaN
NaN
NaN
-0.838709677419
-0.688
NaN
NaN
14.6137931034
18.25
29.3580645161
NaN
NaN
18.0071428571
5.56153846154
NaN
2.44193548387
3.75
11.4259259259
NaN
NaN
24.1407407407
28.9806451613
NaN
NaN
NaN
NaN
NaN
NaN
NaN
NaN
NaN
NaN
21.3185185185
30.0966666667
NaN
23.425
NaN
1.67777777778
1.67407407407
-0.296428571429
NaN
3.83
16.5666666667
NaN
NaN
NaN
30.6423076923
NaN
NaN
NaN
NaN
NaN
NaN
NaN
NaN
22.99
28.2344827586
32.4322580645
32.2258064516
22.0633333333
13.0064516129
13.6206896552
-3.09677419355
-13.0451612903
-2.06428571429
-1.4
6.01
15.9433333333
25.0066666667
28.2064516129
27.5612903226
21.8
18.4870967742
5.00689655172
0.120689655172
-3.62258064516
2.604
NaN
NaN
20.0535714286
20.4785714286
28.7518518519
25.6620689655
19.0620689655
NaN
4.292
-6.80967741935
-6.06774193548
-0.68275862069
-3.11290322581
16.5896551724
19.8387096774
27.2733333333
29.2741935484
29.0566666667
27.0733333333
15.5870967742
6.26666666667
4.54516129032
2.53225806452
1.52962962963
4.14193548387
8.16333333333
16.3321428571
23.71
27.5903225806
27.9387096774
24.4633333333
19.9322580645
9.01666666667
NaN
NaN
9.81481481481
NaN
12.5862068966
19.7
NaN
32.3407407407
28.25
22.3037037037
13.5193548387
NaN
5.11290322581
-0.748387096774
-2.952
NaN
17.7233333333
23.2709677419
22.2433333333
33.1964285714
32.7307692308
24.6961538462
NaN
-1.37
-4.44193548387
-5.99310344828
-2.0275862069
5.73214285714
10.4833333333
19.2206896552
30.3733333333
28.8225806452
27.8903225806
22.8153846154
18.8888888889
4.95666666667
NaN
-7.46
1.38148148148
5.76666666667
10.9068965517
17.9387096774
22.7366666667
32.5516129032
27.3724137931
20.9464285714
12.5032258065
4.91
5.88275862069
4.08709677419
-1.96785714286
1.46774193548
12.7965517241
24.9535714286
21.45
25.8448275862
32.07
25.2428571429
17.5925925926
7.36071428571
1.91071428571
-3.98
-3.25769230769
7.95161290323
11.7413793103
NaN
28.92
31.9774193548
33.0172413793
21.4566666667
NaN
1.08461538462
3.46153846154
-2.33225806452
-2.35357142857
-0.461538461538
15.164
20.6516129032
23.8833333333
33.1892857143
29.7096774194
25.2766666667
NaN
6.82068965517
-0.364285714286
1.2935483871
NaN
8.35333333333
12.908
18.4774193548
29.8066666667
30.2
32.5806451613
19.9333333333
NaN
7.08666666667
NaN
-2.94193548387
-0.548148148148
1.47096774194
15.8740740741
18.3962962963
24.5
26.6935483871
29.5193548387
23.2033333333
NaN
NaN
NaN
-6.7
1.844
9.72258064516
13.06
21.3580645161
26.9633333333
31.3258064516
31.5903225806
25.9833333333
NaN
10.32
-3.28
NaN
3.4275862069
4.42580645161
14.1633333333
NaN
24.4407407407
31.9466666667
27.8333333333
22.1266666667
18.3516129032
NaN
-5.72
-2.61333333333
NaN
-3.50740740741
NaN
NaN
23.1966666667
28.3551724138
27.6709677419
14.7344827586
19.55
6.89
3.88666666667
-7.88571428571
-3.67692307692
7.77586206897
10.1827586207
20.6379310345
26.5206896552
31.7933333333
26.2709677419
23.3333333333
16.95
3.65555555556
0.861290322581
0.674193548387
1.0
6.70666666667
12.6733333333
15.7620689655
21.4928571429
29.3225806452
30.4806451613
24.0931034483
14.9967741935
6.74642857143
-1.88709677419
-0.95
-0.275
10.61
13.5633333333
18.3892857143
24.0172413793
29.0032258065
27.8225806452
23.18
17.49
5.48275862069
-6.86451612903
-9.74333333333
-3.37407407407
0.838709677419
16.93
22.0129032258
22.1133333333
27.2741935484
33.23
26.2166666667
11.2178571429
9.81034482759
0.0387096774194
-7.24642857143
3.05357142857
1.75333333333
9.25
20.4178571429
27.4310344828
31.3258064516
30.9413793103
23.9931034483
13.8366666667
2.67
-3.61290322581
-6.68709677419
-2.78928571429
4.02258064516
14.9066666667
19.3466666667
25.2413793103
28.9448275862
33.4451612903
22.3172413793
14.13
6.03666666667
-4.14827586207
-5.92666666667
-3.34285714286
6.13
12.1310344828
19.5129032258
25.8034482759
28.335483871
31.0838709677
23.4137931034
13.835483871
3.96333333333
-4.63
-0.0451612903226
3.25357142857
7.86774193548
12.4733333333
20.8666666667
25.1266666667
30.3709677419
33.4548387097
20.5724137931
17.575862069
3.71
0.0964285714286
NaN
4.92222222222
7.42903225806
14.5857142857
18.1366666667
27.7642857143
33.4483870968
27.5064516129
23.6535714286
18.0785714286
7.91034482759
2.50666666667
0.122580645161
-4.13928571429
1.73870967742
7.6
19.0866666667
24.7566666667
31.3333333333
NaN
NaN
NaN
NaN
NaN
NaN
NaN
NaN
NaN
NaN
NaN
NaN
31.0580645161
26.5333333333
15.0516129032
4.57666666667
1.42258064516
-8.98064516129
3.25357142857
7.97741935484
17.9310344828
24.8387096774
28.8344827586
30.6225806452
26.3967741935
21.1833333333
14.6666666667
4.44333333333
-5.67741935484
-10.8419354839
-7.825
4.45806451613
10.7466666667
20.2344827586
25.36
28.1741935484
29.5838709677
NaN
17.1516129032
2.66206896552
-5.87419354839
-11.8806451613
-7.18571428571
3.57
11.7066666667
18.3419354839
26.2566666667
28.1967741935
27.5032258065
27.2965517241
17.9068965517
5.19666666667
6.64838709677
-3.67419354839
0.372413793103
5.45517241379
18.0166666667
23.9064516129
28.0966666667
33.1
28.1666666667
24.4275862069
14.4419354839
9.14333333333
1.62666666667
2.93548387097
1.79259259259
10.8806451613
18.4333333333
19.5580645161
24.6466666667
30.7548387097
28.9258064516
24.7
14.1548387097
9.57666666667
-2.32903225806
-9.48275862069
-1.26785714286
3.66785714286
10.2733333333
17.9677419355
23.1482758621
29.6
29.3838709677
22.8413793103
14.0933333333
2.69333333333
1.52258064516
1.83333333333
5.36428571429
4.12903225806
10.6033333333
18.4032258065
24.7233333333
30.6
32.6193548387
22.05
15.4766666667
5.71481481481
-12.6677419355
0.573333333333
6.5275862069
4.08620689655
12.8310344828
19.7774193548
24.5481481481
30.6903225806
31.8129032258
19.7733333333
12.8516129032
5.37666666667
-4.72333333333
-4.22258064516
-1.62857142857
5.44838709677
17.1466666667
23.7064516129
23.4275862069
31.5935483871
27.2466666667
19.2407407407
14.2933333333
-3.97586206897
-2.79285714286
1.53870967742
-4.03214285714
10.9586206897
11.6892857143
19.664516129
26.8857142857
28.4266666667
28.5866666667
17.3166666667
14.7677419355
3.71428571429
2.57419354839
3.33333333333
3.39285714286
2.95
19.1133333333
22.2225806452
27.6655172414
30.1709677419
26.3827586207
23.7733333333
14.8741935484
9.82
3.50967741935
-1.89
1.08928571429
6.86451612903
17.3566666667
22.0733333333
32.0466666667
31.435483871
31.8193548387
22.9357142857
17.9064516129
7.31034482759
3.17333333333
1.30344827586
-5.76666666667
2.44666666667
14.2034482759
20.8580645161
26.4
32.1258064516
30.864516129
24.5633333333
16.52
5.82333333333
-4.70967741935
1.86451612903
2.00357142857
8.33333333333
15.2066666667
19.4548387097
27.4
29.9129032258
31.2
27.6482758621
16.8774193548
10.4857142857
-2.59
-4.83
6.88214285714
9.15483870968
14.4233333333
19.9612903226
26.4233333333
31.0419354839
NaN
24.4266666667
16.0193548387
1.80740740741
4.93225806452
6.01935483871
7.4
11.09
15.11
23.4233333333
24.4413793103
23.2551724138
25.5107142857
25.0
15.8193548387
2.13103448276
-3.12903225806
-6.5064516129
-5.46666666667
7.62258064516
12.7448275862
20.6032258065
22.0533333333
23.3310344828
26.1741935484
20.7966666667
16.7433333333
4.98275862069
1.01935483871
-6.8
-7.05714285714
9.36896551724
15.2655172414
24.275862069
25.9
28.2933333333
29.9966666667
25.924137931
15.3548387097
5.40666666667
1.22666666667
0.196774193548
4.84642857143
4.59
9.80333333333
18.0129032258
23.9185185185
28.9096774194
31.9206896552
23.524137931
15.2766666667
5.55333333333
-0.262068965517
-6.7
2.18275862069
0.71935483871
12.5413793103
15.7
27.0137931034
28.44
31.9
22.11
14.5642857143
-3.39310344828
-7.12666666667
-6.94
0.25
6.85666666667
9.64666666667
18.7586206897
27.2037037037
27.9
28.5633333333
25.9133333333
18.2586206897
5.73666666667
3.72333333333
-1.05862068966
4.58571428571
0.706666666667
16.0033333333
22.6870967742
21.8517241379
30.76
31.1689655172
28.7033333333
14.7
6.04642857143
2.06129032258
-1.25172413793
6.58928571429
11.2733333333
13.0533333333
19.9655172414
24.72
29.9344827586
30.25
21.32
16.8064516129
13.6448275862
5.38064516129
-0.276666666667
4.17931034483
10.1580645161
16.1166666667
21.3322580645
24.9266666667
30.4451612903
32.1290322581
25.85
16.5733333333
-0.146666666667
-5.34333333333
1.42580645161
-5.65357142857
7.16774193548
15.5592592593
22.1096774194
24.7307692308
30.7533333333
32.0225806452
24.3866666667
15.2483870968
11.35
1.33870967742
2.31612903226
4.61111111111
0.493548387097
14.3466666667
19.8032258065
29.3428571429
33.2933333333
NaN
26.0551724138
11.0333333333
9.92222222222
4.20333333333
0.232142857143
-1.296
5.38666666667
16.7481481481
19.3967741935
23.2148148148
32.7464285714
33.1827586207
24.8642857143
NaN
1.2275862069
2.13870967742
-4.12068965517
0.0107142857143
9.63214285714
17.5740740741
21.2482758621
24.3592592593
30.5724137931
27.8225806452
24.7857142857
17.4384615385
9.63076923077
4.17777777778
-1.2
6.85
9.23666666667
NaN
NaN
26.3428571429
32.9074074074
30.2074074074
27.328
18.2366666667
8.64333333333
-1.2037037037
4.75333333333
1.52222222222
5.05806451613
18.6137931034
22.9482758621
NaN
35.4448275862
31.5580645161
22.05
14.4633333333
6.98
4.19677419355
3.66428571429
-4.08888888889
14.1870967742
12.4931034483
22.275862069
27.1586206897
34.39
29.9966666667
26.775862069
17.6322580645
8.12142857143
0.464516129032
-0.313333333333
NaN
9.41785714286
14.0448275862
17.624137931
23.58
31.5903225806
30.5161290323
24.0833333333
15.3161290323
5.61
-5.27419354839
-1.52903225806
-0.303571428571
2.11612903226
11.0033333333
20.7193548387
23.0366666667
27.4774193548
28.0677419355
26.3
8.13548387097
12.13
-7.27419354839
-4.97096774194
-4.45
6.74333333333
15.7166666667
17.6709677419
24.34
30.0161290323
30.4451612903
23.54
19.1161290323
4.58
-4.40322580645
NaN
NaN
NaN
NaN
NaN
NaN
NaN
NaN
NaN
17.9612903226
8.37
NaN
NaN
2.2724137931
16.9774193548
18.4033333333
21.4096774194
29.1266666667
33.7419354839
31.0580645161
27.7466666667
15.0935483871
8.32
-0.625806451613
-1.3
3.81071428571
7.23548387097
10.7966666667
20.9225806452
24.8366666667
29.9967741935
29.2451612903
25.8733333333
11.0866666667
6.99655172414
-4.68709677419
-0.0322580645161
-3.96428571429
5.18064516129
13.0733333333
19.9677419355
21.5533333333
27.7258064516
27.4161290323
22.8066666667
17.4580645161
2.07666666667
1.99677419355
1.35161290323
2.24642857143
14.0516129032
16.2533333333
17.9161290323
25.87
29.7935483871
30.0225806452
27.76
17.364516129
7.44333333333
-0.393548387097
-0.11935483871
7.19310344828
13.2451612903
15.6633333333
21.864516129
29.84
30.5677419355
30.435483871
24.1
17.9161290323
11.4633333333
-6.75483870968
-5.96129032258
2.96071428571
8.23225806452
14.98
20.9333333333
28.02
33.9612903226
27.5258064516
NaN
NaN
