0.0
0.0
0.0
0.0
0.0
NaN
0.0
0.0
0.0
0.0
NaN
0.0
0.0
0.0
NaN
0.0
NaN
NaN
0.0
0.0
0.0
NaN
0.0
0.0
0.0
0.0
NaN
0.0
0.0
NaN
NaN
NaN
NaN
NaN
NaN
NaN
NaN
NaN
NaN
NaN
NaN
NaN
NaN
NaN
NaN
NaN
NaN
NaN
NaN
NaN
0.0
290.0
8.0
NaN
NaN
NaN
NaN
NaN
NaN
0.0
0.0
0.0
89.0
0.0
0.0
0.0
0.0
NaN
0.0
0.0
0.0
0.0
0.0
0.0
0.0
0.0
0.0
0.0
163.0
102.0
NaN
NaN
0.0
0.0
0.0
0.0
0.0
0.0
0.0
0.0
0.0
0.0
0.0
NaN
0.0
NaN
0.0
0.0
0.0
0.0
0.0
0.0
0.0
10.0
0.0
185.0
NaN
53.0
86.0
127.0
NaN
0.0
23.0
0.0
0.0
262.0
15.0
8.0
0.0
0.0
10.0
0.0
0.0
0.0
0.0
0.0
33.0
0.0
0.0
216.0
0.0
0.0
0.0
86.0
10.0
0.0
0.0
0.0
0.0
0.0
25.0
102.0
312.0
0.0
201.0
0.0
0.0
25.0
0.0
0.0
0.0
0.0
0.0
0.0
0.0
0.0
0.0
0.0
0.0
0.0
137.0
23.0
0.0
0.0
0.0
122.0
124.0
0.0
8.0
0.0
0.0
94.0
58.0
18.0
3.0
0.0
0.0
10.0
0.0
0.0
0.0
NaN
NaN
NaN
NaN
NaN
NaN
NaN
NaN
NaN
NaN
76.0
NaN
NaN
NaN
NaN
269.0
NaN
NaN
NaN
NaN
NaN
488.0
15.0
NaN
NaN
NaN
NaN
63.0
NaN
NaN
NaN
0.0
0.0
0.0
0.0
0.0
0.0
69.0
0.0
157.0
0.0
0.0
0.0
0.0
43.0
0.0
0.0
15.0
0.0
0.0
18.0
0.0
0.0
178.0
109.0
0.0
0.0
0.0
0.0
28.0
0.0
117.0
0.0
0.0
102.0
208.0
0.0
0.0
0.0
0.0
0.0
0.0
0.0
0.0
0.0
0.0
0.0
0.0
0.0
0.0
81.0
0.0
0.0
0.0
0.0
0.0
0.0
97.0
124.0
51.0
0.0
0.0
0.0
0.0
0.0
0.0
0.0
0.0
0.0
0.0
0.0
0.0
18.0
0.0
122.0
0.0
0.0
0.0
0.0
0.0
0.0
0.0
0.0
0.0
0.0
20.0
0.0
0.0
0.0
0.0
0.0
0.0
36.0
0.0
0.0
155.0
0.0
0.0
0.0
0.0
53.0
147.0
0.0
0.0
0.0
0.0
0.0
0.0
0.0
0.0
0.0
0.0
0.0
0.0
0.0
0.0
0.0
0.0
63.0
0.0
0.0
0.0
0.0
0.0
0.0
86.0
188.0
0.0
0.0
0.0
0.0
0.0
0.0
0.0
5.0
5.0
109.0
3.0
0.0
3.0
0.0
0.0
0.0
0.0
13.0
0.0
0.0
0.0
0.0
0.0
0.0
0.0
NaN
NaN
0.0
0.0
0.0
0.0
0.0
0.0
0.0
0.0
0.0
0.0
0.0
36.0
48.0
0.0
0.0
0.0
0.0
0.0
0.0
5.0
239.0
0.0
43.0
0.0
0.0
0.0
0.0
0.0
0.0
0.0
0.0
0.0
0.0
0.0
0.0
0.0
0.0
0.0
0.0
0.0
0.0
0.0
0.0
0.0
23.0
0.0
0.0
0.0
0.0
0.0
0.0
33.0
0.0
0.0
8.0
0.0
0.0
0.0
0.0
188.0
8.0
0.0
3.0
0.0
0.0
0.0
0.0
5.0
0.0
0.0
0.0
76.0
0.0
0.0
0.0
0.0
0.0
0.0
0.0
119.0
0.0
18.0
119.0
13.0
0.0
0.0
43.0
0.0
0.0
102.0
0.0
0.0
0.0
0.0
0.0
0.0
0.0
0.0
8.0
0.0
0.0
0.0
0.0
0.0
25.0
213.0
0.0
0.0
13.0
0.0
432.0
0.0
8.0
0.0
0.0
0.0
0.0
0.0
86.0
8.0
132.0
0.0
213.0
8.0
0.0
91.0
0.0
122.0
0.0
8.0
0.0
0.0
0.0
0.0
0.0
0.0
0.0
0.0
0.0
0.0
0.0
0.0
0.0
0.0
0.0
221.0
594.0
63.0
0.0
0.0
0.0
89.0
0.0
0.0
0.0
36.0
0.0
0.0
0.0
0.0
0.0
0.0
127.0
0.0
0.0
0.0
NaN
NaN
NaN
0.0
0.0
0.0
213.0
0.0
0.0
0.0
0.0
0.0
0.0
0.0
0.0
0.0
