709.0
1043.0
144.0
243.0
94.0
172.0
594.0
1181.0
649.0
844.0
1537.0
1028.0
868.0
331.0
1150.0
374.0
348.0
513.0
1019.0
451.0
1413.0
1316.0
649.0
691.0
210.0
1055.0
553.0
512.0
340.0
326.0
271.0
415.0
388.0
350.0
549.0
1267.0
908.0
380.0
977.0
255.0
507.0
210.0
261.0
513.0
1859.0
323.0
904.0
656.0
908.0
1297.0
289.0
449.0
299.0
410.0
562.0
397.0
310.0
671.0
1003.0
348.0
438.0
1082.0
90.0
493.0
802.0
374.0
272.0
838.0
580.0
1206.0
854.0
102.0
402.0
410.0
334.0
866.0
155.0
262.0
176.0
759.0
653.0
576.0
217.0
1035.0
384.0
1443.0
295.0
569.0
138.0
125.0
257.0
767.0
671.0
1655.0
1388.0
714.0
1616.0
374.0
269.0
359.0
146.0
158.0
381.0
1606.0
769.0
981.0
687.0
431.0
810.0
554.0
754.0
333.0
323.0
155.0
498.0
515.0
706.0
705.0
826.0
277.0
202.0
1231.0
214.0
333.0
586.0
549.0
376.0
660.0
656.0
745.0
1043.0
714.0
425.0
740.0
1139.0
419.0
298.0
180.0
232.0
841.0
671.0
872.0
509.0
1339.0
1324.0
1055.0
822.0
341.0
74.0
70.0
109.0
273.0
747.0
629.0
328.0
929.0
1008.0
566.0
788.0
1459.0
190.0
162.0
594.0
712.0
306.0
927.0
1847.0
1162.0
1110.0
576.0
444.0
389.0
602.0
102.0
NaN
779.0
613.0
1232.0
734.0
1572.0
NaN
NaN
