-12.62
-5.63571428571
0.446666666667
6.84137931034
11.1413793103
16.104
19.3724137931
15.2129032258
13.2733333333
5.79655172414
-0.758620689655
-3.94838709677
-4.09032258065
-5.90357142857
2.41612903226
NaN
NaN
16.1633333333
17.6866666667
17.5483870968
14.4466666667
6.51935483871
-0.639285714286
-3.33103448276
-8.8037037037
NaN
NaN
NaN
10.9266666667
17.7666666667
18.2838709677
17.5967741935
14.32
0.448387096774
0.7
-2.5064516129
-3.17741935484
-3.19642857143
-1.75483870968
9.69
14.5193548387
16.6733333333
18.8741935484
17.7096774194
11.4266666667
4.88333333333
2.33928571429
-1.17307692308
-5.68333333333
-1.68214285714
2.95172413793
6.33333333333
7.93548387097
15.71
19.1266666667
15.7483870968
13.37
9.0
1.01
-2.0064516129
-1.5064516129
-2.39642857143
4.32258064516
4.5
11.6774193548
15.8533333333
17.3032258065
16.5806451613
13.77
6.53548387097
-2.66333333333
-6.41612903226
-6.48
-11.562962963
-1.29032258065
6.04666666667
11.6516129032
16.88
16.6064516129
17.7225806452
10.6833333333
8.56774193548
2.70666666667
-5.18064516129
-4.44
-6.22142857143
-2.07741935484
6.55333333333
10.9433333333
17.5166666667
19.3838709677
18.9258064516
14.9733333333
9.46774193548
0.716666666667
-4.13870967742
-4.55161290323
-8.07142857143
-1.07142857143
3.71
9.17333333333
16.46
19.7161290323
15.04
11.2433333333
5.90322580645
-2.09333333333
-7.25862068966
-5.76774193548
-9.42857142857
2.67419354839
5.11
14.8064516129
16.74
18.2096774194
17.364516129
12.51
7.88064516129
5.32666666667
-5.11290322581
-6.79677419355
-5.04444444444
3.26129032258
5.49666666667
13.4806451613
13.4066666667
19.0709677419
17.7225806452
12.54
6.36774193548
0.326923076923
-8.35806451613
-9.52903225806
-7.51379310345
0.603448275862
4.07931034483
11.3096774194
15.7566666667
17.0935483871
15.9290322581
14.4275862069
6.13548387097
0.1
-5.20967741935
-8.13870967742
-10.3642857143
3.60322580645
6.24
13.1580645161
16.64
18.1290322581
17.8064516129
14.8233333333
6.52258064516
0.77
-3.10666666667
-2.36129032258
-7.00357142857
-2.43225806452
7.65
11.6
16.36
16.7258064516
19.0483870968
16.0533333333
7.79032258065
-0.48
-1.3
-2.10666666667
-4.58888888889
5.41290322581
2.17333333333
9.3
14.7833333333
18.2838709677
17.02
13.0133333333
5.93928571429
-0.613333333333
NaN
NaN
-3.50344827586
3.80322580645
6.81851851852
NaN
16.3310344828
NaN
16.6903225806
12.9766666667
5.83
2.93333333333
-2.72580645161
NaN
NaN
0.35
5.51034482759
10.2161290323
17.3166666667
16.9193548387
18.7846153846
12.4133333333
5.01935483871
5.52
-7.4064516129
-4.90333333333
-8.12857142857
4.89677419355
5.72666666667
10.3806451613
14.88
19.1
16.5
14.25
8.03666666667
-1.48666666667
-5.98
-2.82580645161
-1.21538461538
0.625806451613
5.72
13.5967741935
17.4766666667
17.6483870968
17.6774193548
16.8166666667
8.12666666667
-1.26
-0.412903225806
-11.1516129032
-8.15862068966
-2.45161290323
7.76
13.1064516129
14.54
19.8129032258
17.5580645161
15.35
7.88709677419
1.56
-2.61935483871
-1.84193548387
-6.16428571429
-0.473333333333
6.63
11.59
17.4724137931
19.4580645161
19.3935483871
13.6166666667
7.48064516129
5.26551724138
-0.324137931034
-0.893333333333
-8.26071428571
0.212903225806
7.49666666667
12.4903225806
19.5366666667
19.7733333333
19.0580645161
13.9866666667
9.95161290323
2.38666666667
-5.73870967742
-7.28333333333
0.375
-1.29032258065
8.73333333333
11.2032258065
16.0966666667
18.4225806452
15.635483871
16.0766666667
8.67
3.54666666667
-2.85161290323
-3.70333333333
-4.69655172414
-0.961290322581
5.76333333333
13.3333333333
14.9133333333
20.6612903226
19.3419354839
13.2607142857
7.02580645161
2.13333333333
-5.86129032258
-4.38387096774
-6.43214285714
1.1064516129
6.03
8.98064516129
15.5966666667
18.3366666667
17.0806451613
12.7466666667
3.56774193548
1.79666666667
-8.50322580645
-14.1064516129
-4.36785714286
3.03870967742
5.45
14.3580645161
16.4931034483
17.2032258065
20.4064516129
9.91666666667
10.3
2.18333333333
1.0064516129
-3.30967741935
-2.88928571429
2.66153846154
7.0
11.364516129
18.8533333333
19.23
17.2516129032
15.34
10.8206896552
1.8
-6.49677419355
-7.92333333333
-3.94482758621
1.06129032258
4.72666666667
11.7741935484
16.1178571429
17.5741935484
17.2870967742
15.0866666667
9.47419354839
0.989655172414
-2.45806451613
-1.11724137931
-0.328571428571
5.26774193548
8.49
12.6516129032
19.4733333333
20.82
17.8838709677
17.59
7.03548387097
2.98333333333
-0.951612903226
-6.20322580645
-2.16428571429
3.08709677419
8.244
NaN
17.9962962963
NaN
16.4379310345
14.74
7.30967741935
2.408
-4.68387096774
-1.63103448276
-6.575
-1.53333333333
3.94333333333
10.735483871
16.8137931034
17.3935483871
16.835483871
13.37
4.71290322581
0.776666666667
1.41290322581
-8.83225806452
-4.21379310345
-1.05666666667
6.62962962963
7.65862068966
16.7066666667
14.9774193548
15.4258064516
9.57
5.33870967742
-0.25
-7.6064516129
-6.87741935484
-2.1
0.163333333333
7.04
7.53928571429
18.0
18.535483871
16.93
17.84
4.67419354839
-0.226666666667
-5.76451612903
-4.59032258065
-0.942857142857
-2.09032258065
2.90344827586
11.1689655172
13.9172413793
18.84
19.4766666667
16.2666666667
8.16666666667
-0.683333333333
-4.42903225806
-5.48387096774
-0.0785714285714
2.37419354839
7.70333333333
12.1516129032
14.5571428571
17.5258064516
14.4290322581
15.0068965517
6.66896551724
2.192
NaN
NaN
NaN
-0.148275862069
NaN
10.0366666667
14.6866666667
18.6483870968
18.3387096774
9.85666666667
9.15161290323
2.73666666667
-2.80322580645
-8.04838709677
-8.43214285714
3.63548387097
8.19
10.8142857143
14.9222222222
18.3451612903
15.4290322581
13.484
6.46428571429
-0.0214285714286
-3.73225806452
-7.87
1.00714285714
-0.638709677419
6.97586206897
12.3451612903
15.8
18.9096774194
17.5806451613
14.6964285714
6.10344827586
2.16071428571
-2.87741935484
-3.28666666667
-1.27857142857
-1.30967741935
6.19
10.0806451613
17.4466666667
19.7884615385
NaN
16.6115384615
9.61935483871
6.83
1.10740740741
NaN
0.444827586207
-2.38387096774
6.76
11.1677419355
17.1533333333
18.9064516129
17.9387096774
13.4933333333
7.1064516129
-1.37666666667
-4.17096774194
0.309677419355
-4.42142857143
0.71935483871
6.93666666667
14.6935483871
18.3833333333
18.864516129
16.5516129032
16.9866666667
6.36129032258
0.21
-1.18709677419
-2.54193548387
-7.57142857143
-1.79677419355
5.53
11.2903225806
18.7366666667
20.8548387097
18.4161290323
13.95
NaN
3.19
-3.74
-3.93548387097
-2.55357142857
5.39677419355
5.55333333333
10.4838709677
15.37
20.1193548387
18.8580645161
12.2033333333
7.88064516129
2.02
-6.9935483871
-8.98709677419
-9.39655172414
2.37096774194
3.52333333333
12.5290322581
15.0
21.5935483871
20.4580645161
16.5633333333
7.90333333333
-0.756666666667
-2.44838709677
-3.25333333333
-4.58571428571
-2.20666666667
5.24
11.7290322581
16.9433333333
16.9580645161
18.6483870968
11.72
6.21935483871
-0.996666666667
-4.17096774194
-5.59333333333
0.989285714286
4.40967741935
7.82
11.4548387097
15.7233333333
18.54
18.8709677419
14.0033333333
6.1935483871
0.83
-4.01935483871
-2.25483870968
-4.87857142857
1.12580645161
4.48333333333
12.0806451613
17.2533333333
17.9387096774
15.8774193548
14.0866666667
6.36774193548
-1.13
-3.47741935484
-13.5516129032
-3.24137931034
-0.561290322581
4.36333333333
9.39677419355
17.1433333333
17.6935483871
18.0967741935
10.7033333333
7.63548387097
0.283333333333
-0.841935483871
-3.8
-6.36071428571
-2.81935483871
8.06666666667
12.0032258065
16.66
18.6032258065
17.1258064516
14.39
10.0967741935
1.31
-0.770967741935
-6.86129032258
-4.575
1.77096774194
6.57
11.5677419355
16.8833333333
18.4516129032
17.0870967742
13.1633333333
7.42903225806
3.26896551724
-4.85161290323
-4.84516129032
-3.75
-2.36774193548
4.94666666667
13.0838709677
19.4833333333
19.3193548387
19.0096774194
11.4966666667
6.20322580645
-0.63
-5.60967741935
-3.62258064516
-2.32068965517
-0.661290322581
6.36
14.864516129
18.4172413793
17.6709677419
18.6193548387
13.7233333333
5.78709677419
3.67666666667
-6.44838709677
-6.83225806452
-3.34285714286
6.12580645161
7.8
10.4580645161
16.175862069
17.364516129
16.7903225806
14.9620689655
5.55483870968
1.78965517241
-7.25483870968
-5.53333333333
-2.65357142857
6.98333333333
6.91
11.0096774194
16.3666666667
17.2225806452
14.9258064516
12.1333333333
7.45806451613
3.03333333333
-1.42580645161
-2.03548387097
-8.05714285714
-2.89655172414
6.61666666667
10.1129032258
16.2931034483
16.3677419355
21.4225806452
14.28
10.0129032258
0.143333333333
-3.19032258065
-9.09032258065
-5.125
1.51935483871
8.69666666667
10.4032258065
16.48
18.5935483871
16.3096774194
14.3566666667
5.04193548387
3.02333333333
-1.95161290323
-2.03548387097
-2.03928571429
0.696774193548
5.79666666667
11.9741935484
18.3566666667
20.9483870968
17.6225806452
9.61333333333
9.13548387097
1.25666666667
-1.63
-0.474193548387
-2.93571428571
-0.492857142857
3.98666666667
12.6709677419
15.4413793103
16.664516129
15.4806451613
13.2933333333
8.76451612903
-1.79333333333
-8.72258064516
-4.24838709677
-3.22857142857
-0.374193548387
5.27333333333
10.9516129032
16.2466666667
18.1066666667
16.5387096774
10.8333333333
7.21935483871
-2.04
-4.1935483871
-2.61
-1.05
0.0354838709677
5.44333333333
10.8
19.37
18.8166666667
16.7612903226
11.4433333333
1.86774193548
1.28666666667
-1.2064516129
-1.55806451613
-2.06428571429
1.75483870968
4.79666666667
12.864516129
18.9266666667
17.7774193548
16.3258064516
11.24
6.32333333333
0.437931034483
-4.2
-4.40967741935
0.117857142857
-0.970967741935
9.09666666667
9.18064516129
18.28
19.5129032258
19.4032258065
14.8666666667
NaN
1.45
-2.03333333333
-4.84333333333
-3.20357142857
0.22
8.95333333333
12.0129032258
13.6633333333
20.6838709677
16.8290322581
12.98
6.60322580645
-1.80666666667
-5.18
-6.82580645161
-1.66551724138
0.0322580645161
4.40666666667
11.5064516129
15.79
17.0193548387
16.0516129032
8.45666666667
7.54516129032
-0.433333333333
0.390322580645
-8.15161290323
-0.589285714286
0.554838709677
8.18333333333
11.3161290323
16.9033333333
17.98
15.6580645161
12.0133333333
5.14838709677
0.426666666667
-0.767741935484
-4.32258064516
-8.88571428571
-0.58
6.41
10.5
15.0533333333
18.6419354839
16.5903225806
12.5566666667
5.23225806452
2.26666666667
-8.24193548387
-7.83225806452
-3.34285714286
0.467741935484
6.77333333333
14.1161290323
15.5133333333
17.6419354839
20.0419354839
14.5533333333
6.88064516129
-1.75
-0.322580645161
-2.88709677419
-4.87586206897
-7.73225806452
7.49666666667
10.2322580645
16.2366666667
17.3258064516
18.4193548387
15.4466666667
7.45161290323
1.36666666667
-6.37419354839
-8.08387096774
-2.41071428571
3.22580645161
4.64666666667
9.13548387097
15.176
18.4129032258
17.1161290323
15.0766666667
8.21612903226
1.38333333333
-4.36129032258
-7.77419354839
-2.925
0.138709677419
4.98333333333
15.8419354839
17.0866666667
18.1266666667
16.6032258065
12.0
9.13870967742
0.492307692308
-7.95666666667
-10.3709677419
-9.06428571429
2.6064516129
7.22333333333
10.8387096774
15.9433333333
17.6967741935
15.8
11.6733333333
9.16774193548
2.25
-10.864516129
-4.53548387097
-4.48620689655
-0.0741935483871
8.56
13.4806451613
17.6966666667
18.3612903226
16.7612903226
13.1866666667
3.33548387097
1.87666666667
-3.39032258065
-6.23225806452
-5.84642857143
-2.75666666667
7.83333333333
14.6290322581
16.76
17.9161290323
17.0451612903
15.16
6.50967741935
2.62
-0.625806451613
-8.19677419355
-4.61428571429
1.19032258065
5.90666666667
8.95806451613
15.32
20.135483871
16.2322580645
12.76
5.37419354839
1.72068965517
-2.33225806452
-3.33225806452
-6.54814814815
3.04838709677
8.43333333333
9.94838709677
17.5633333333
17.2548387097
15.1580645161
11.76
7.4935483871
-0.0233333333333
-2.34838709677
-6.63548387097
-7.36896551724
0.596774193548
6.59333333333
10.8466666667
17.2766666667
19.2483870968
18.9903225806
13.2566666667
6.65483870968
3.09333333333
-3.58387096774
-6.48709677419
-2.18214285714
-2.60322580645
6.88
12.0129032258
16.12
20.0709677419
16.935483871
12.99
7.31935483871
-0.166666666667
-4.91612903226
-11.7193548387
-5.65
-0.0133333333333
7.67
13.5064516129
16.7166666667
18.3516129032
18.3129032258
16.5433333333
8.19032258065
2.01
-2.10322580645
-7.52580645161
-4.26428571429
-0.922580645161
4.91333333333
9.94516129032
18.8933333333
17.6870967742
16.935483871
16.05
10.9612903226
2.18333333333
0.722580645161
-6.63548387097
-4.87586206897
0.374193548387
6.74333333333
12.0580645161
14.91
18.9451612903
18.0677419355
16.0266666667
7.50967741935
1.87666666667
-3.33548387097
-3.70322580645
NaN
5.97741935484
7.18333333333
10.2806451613
18.0366666667
19.7193548387
18.7806451613
16.4166666667
10.235483871
3.79666666667
-4.37419354839
-3.80322580645
-3.15714285714
3.58275862069
7.37
12.6612903226
15.1533333333
19.1064516129
17.9322580645
11.7137931034
6.2935483871
2.86333333333
-1.07096774194
-2.62903225806
-2.45714285714
-0.516129032258
5.25333333333
13.935483871
17.8733333333
17.9129032258
19.8709677419
12.03
8.5935483871
3.85
-1.82258064516
-7.32580645161
0.00689655172414
4.32580645161
6.26
9.2064516129
16.55
18.5806451613
15.9774193548
11.6833333333
4.55483870968
-2.92666666667
-7.97096774194
-15.5838709677
-5.64814814815
3.8935483871
8.59333333333
14.7225806452
15.924137931
19.8967741935
18.0419354839
15.1833333333
6.41290322581
3.83333333333
-5.35806451613
-12.1258064516
-12.6035714286
-2.5064516129
7.77
10.9677419355
17.0833333333
19.3483870968
17.7838709677
14.36
5.66774193548
3.53666666667
-2.83225806452
-11.3870967742
-11.3321428571
2.08064516129
6.27666666667
10.535483871
17.1133333333
18.964516129
18.564516129
12.9933333333
7.72580645161
1.25666666667
-1.88064516129
-4.61290322581
-8.28275862069
-0.625806451613
5.51666666667
12.3290322581
16.1933333333
21.3096774194
20.2225806452
15.22
5.51935483871
1.66666666667
-2.73870967742
-6.81333333333
-3.38571428571
0.51935483871
10.22
10.72
19.1133333333
20.0064516129
17.9483870968
13.4633333333
6.69
2.32666666667
-5.10967741935
-10.4903225806
-6.77142857143
1.75161290323
4.06
14.7870967742
14.9333333333
20.0064516129
16.7064516129
13.2833333333
6.93666666667
2.98
1.60967741935
-3.02903225806
-2.75357142857
1.85161290323
5.29333333333
11.0419354839
16.75
20.8387096774
20.7566666667
13.4366666667
8.38620689655
3.04
-8.93870967742
-7.9
-1.39310344828
-1.34
6.67666666667
10.9870967742
19.28
17.3225806452
18.0193548387
11.1961538462
11.2806451613
0.611111111111
0.0322580645161
-9.74
-7.74642857143
2.72666666667
NaN
5.80666666667
NaN
NaN
NaN
NaN
NaN
NaN
NaN
NaN
NaN
NaN
NaN
NaN
NaN
NaN
NaN
NaN
NaN
NaN
NaN
NaN
-1.26071428571
NaN
NaN
NaN
NaN
20.5806451613
20.2064516129
NaN
NaN
4.02
-0.27037037037
-6.70384615385
-5.264
1.43571428571
6.43
NaN
6.40689655172
10.3321428571
NaN
6.42666666667
NaN
NaN
-3.69
NaN
-4.72307692308
NaN
6.776
NaN
18.0071428571
20.1037037037
18.8074074074
14.164
NaN
NaN
NaN
NaN
NaN
NaN
NaN
NaN
19.3482758621
20.0333333333
16.5935483871
14.7066666667
4.20666666667
3.16071428571
NaN
NaN
NaN
NaN
NaN
16.0769230769
19.6620689655
19.78
18.6333333333
14.5285714286
10.1481481481
NaN
NaN
-1.17407407407
1.58461538462
3.07142857143
NaN
12.3103448276
16.7066666667
19.5285714286
17.7576923077
14.2666666667
8.01153846154
1.928
-1.39642857143
NaN
-4.08076923077
NaN
NaN
13.1931034483
18.4137931034
21.2862068966
19.9193548387
13.6576923077
6.58888888889
2.66923076923
-1.87586206897
NaN
-3.52608695652
2.4
8.88518518519
11.2296296296
20.09
20.7225806452
17.5733333333
13.37
8.44074074074
5.36666666667
0.516129032258
NaN
NaN
NaN
5.85862068966
12.7620689655
18.6633333333
21.0
21.3483870968
13.1142857143
NaN
-2.48333333333
-6.01612903226
-7.34516129032
-3.91379310345
-2.77096774194
4.28
13.5483870968
17.5933333333
17.0064516129
16.5161290323
11.8533333333
6.63225806452
-0.903333333333
-2.96129032258
-8.28387096774
-1.25185185185
2.1
2.61666666667
9.07096774194
17.5233333333
17.8516129032
16.2387096774
11.87
5.73548387097
0.0366666666667
-2.61935483871
-1.1
0.435714285714
1.03870967742
6.18333333333
14.2870967742
17.7066666667
18.7580645161
18.0677419355
14.0366666667
7.15806451613
2.12666666667
-2.01290322581
-6.03225806452
-2.26785714286
-2.42580645161
7.27666666667
11.3258064516
16.89
19.3516129032
14.4290322581
8.92333333333
4.63548387097
2.08666666667
-3.39677419355
-6.5064516129
-1.30689655172
0.245161290323
4.72
13.835483871
17.1133333333
17.6387096774
18.4233333333
11.8133333333
8.0935483871
0.55
-10.8580645161
-7.25806451613
-2.46071428571
-2.29677419355
8.21724137931
11.9129032258
15.0896551724
18.3483870968
17.3419354839
10.6068965517
6.04
2.71
-1.24516129032
-2.66451612903
-3.38928571429
0.925806451613
8.57333333333
11.1451612903
18.5
20.4322580645
18.7548387097
14.24
7.14838709677
0.753333333333
-2.47096774194
-7.2935483871
-5.13214285714
1.35
6.20333333333
12.4838709677
14.8366666667
18.4612903226
18.1580645161
11.38
6.85161290323
3.98666666667
-1.46774193548
-5.72903225806
-4.50344827586
4.74516129032
8.17
15.3548387097
16.26
17.9967741935
15.1516129032
12.8266666667
8.12580645161
5.10333333333
-3.83870967742
-2.36451612903
-0.32962962963
0.996774193548
7.33
10.3516129032
17.3333333333
18.535483871
19.3612903226
15.0366666667
7.58387096774
3.22
-4.39032258065
1.58064516129
-2.03461538462
2.78387096774
9.06333333333
12.4129032258
16.74
19.0838709677
18.3870967742
12.2766666667
6.26774193548
2.57
-0.0483870967742
-2.36451612903
-8.13928571429
5.13225806452
5.18333333333
NaN
17.02
16.4419354839
19.6741935484
14.1433333333
10.3806451613
1.35666666667
-1.88709677419
-5.26129032258
-3.81379310345
NaN
6.48
11.2233333333
18.04
18.4677419355
NaN
14.0366666667
7.1
-0.136666666667
-4.57419354839
-9.08709677419
-2.95357142857
3.15483870968
7.37333333333
12.7419354839
18.37
16.635483871
16.9064516129
13.6866666667
6.63548387097
3.30333333333
-3.51612903226
-7.68709677419
-6.64285714286
2.01290322581
9.57666666667
14.1322580645
19.3466666667
20.3032258065
19.0161290323
13.8413793103
6.4
0.666666666667
-6.19677419355
-7.50322580645
-2.325
2.74193548387
8.28333333333
13.3064516129
18.46
21.2193548387
17.3322580645
13.75
6.27096774194
4.86
-0.18064516129
-3.42258064516
-0.937931034483
7.48709677419
7.66666666667
14.7032258065
15.5266666667
21.1064516129
16.2516129032
13.1
7.4935483871
-0.573333333333
0.0387096774194
-5.06774193548
-3.84285714286
-1.9
6.67
13.1612903226
17.3
18.2032258065
17.0387096774
14.33
8.02580645161
-0.456666666667
-5.23225806452
-9.77741935484
-9.34642857143
-2.22903225806
7.32333333333
13.0677419355
18.3833333333
15.3103448276
18.5161290323
11.82
7.52903225806
-2.25
-1.65483870968
-6.28709677419
-11.6678571429
-1.64838709677
7.55
14.2580645161
18.2966666667
19.635483871
NaN
14.7233333333
8.19032258065
2.90666666667
2.36451612903
-6.34516129032
-2.76551724138
4.89032258065
NaN
11.9580645161
18.76
NaN
NaN
NaN
NaN
NaN
-4.60967741935
-2.32903225806
0.507142857143
NaN
