13.9266666667
NaN
NaN
27.635483871
28.264516129
24.1033333333
10.5516129032
12.47
-4.21666666667
-3.8935483871
-3.04642857143
9.48709677419
18.7166666667
21.0967741935
27.3466666667
30.16
31.1161290323
23.97
19.9483870968
8.61
-0.961290322581
NaN
NaN
NaN
NaN
NaN
NaN
32.6533333333
29.7516129032
23.9233333333
19.9225806452
11.3034482759
4.44516129032
4.79677419355
4.40689655172
18.5566666667
19.32
24.2290322581
30.6166666667
37.4387096774
32.8967741935
28.51
16.5096774194
10.024137931
2.31935483871
NaN
NaN
5.60322580645
11.69
21.6419354839
26.004
29.9096774194
28.7096774194
28.2066666667
15.5548387097
8.24333333333
-1.53870967742
0.822580645161
-0.607407407407
7.29032258065
17.0766666667
21.7677419355
27.72
28.7258064516
28.2419354839
24.675862069
20.1451612903
6.76
2.38709677419
3.08064516129
1.58571428571
14.7161290323
19.2366666667
21.6548387097
28.3933333333
31.2129032258
29.4
28.1633333333
20.3032258065
11.3133333333
3.50967741935
0.229032258065
6.73448275862
13.7366666667
16.9931034483
22.7571428571
31.6103448276
31.9225806452
30.2076923077
25.8733333333
19.2451612903
13.71
1.07096774194
0.293333333333
7.53571428571
10.2516129032
16.57
20.7533333333
NaN
NaN
26.8384615385
NaN
NaN
