-8.23548387097
-11.4535714286
NaN
-2.55666666667
2.56451612903
10.49
13.5419354839
11.1774193548
NaN
-0.183870967742
-6.48333333333
-6.88709677419
NaN
NaN
-6.16129032258
-0.66
5.98709677419
NaN
NaN
11.9258064516
5.61333333333
0.229032258065
NaN
-11.1516129032
-12.9193548387
-14.9178571429
-8.44
1.11333333333
4.51290322581
9.14333333333
12.1419354839
12.2806451613
6.21
-1.23548387097
-7.51379310345
-10.1612903226
-8.11290322581
NaN
NaN
-0.383333333333
5.8935483871
11.2633333333
13.9870967742
13.0516129032
7.11
-0.186666666667
-8.42333333333
-4.71612903226
-11.1096774194
-8.6
-6.19677419355
-0.426666666667
6.24193548387
10.2966666667
12.7064516129
12.2451612903
10.72
2.14838709677
-5.27857142857
-10.39
-10.7
-5.58571428571
-7.76
-0.327586206897
5.1064516129
10.0133333333
13.1870967742
12.9387096774
6.33666666667
-0.416129032258
-7.70666666667
-10.9580645161
-10.8935483871
-17.4307692308
-8.39655172414
-0.496666666667
3.15483870968
9.07333333333
13.0612903226
13.4806451613
7.98666666667
0.148387096774
-2.41666666667
-9.0935483871
-7.50967741935
-10.5821428571
-4.98387096774
0.933333333333
6.65483870968
11.96
12.2322580645
12.7612903226
6.02
0.893548387097
-5.60689655172
-8.06774193548
-9.91538461538
NaN
-5.95
0.726923076923
5.7
9.59333333333
15.1387096774
13.1161290323
7.54642857143
1.17142857143
NaN
NaN
-11.2666666667
-6.90434782609
-5.29615384615
-0.816
6.59655172414
10.0833333333
11.8806451613
12.8774193548
NaN
1.43703703704
NaN
-9.6
NaN
NaN
NaN
-1.28888888889
3.84666666667
9.39
12.6806451613
12.5571428571
NaN
-0.374193548387
NaN
-7.6962962963
NaN
NaN
NaN
-1.72962962963
5.28571428571
9.57333333333
11.7225806452
12.0387096774
6.52068965517
0.517857142857
-5.75862068966
-8.54838709677
NaN
-15.25
-2.14074074074
-1.0962962963
4.41379310345
10.7275862069
12.0806451613
11.59
7.20714285714
-1.88148148148
-5.29285714286
-11.7153846154
-9.32258064516
-9.344
-9.40740740741
1.51851851852
4.72580645161
8.39
11.8741935484
12.1935483871
7.1
-0.670967741935
NaN
NaN
NaN
-5.75925925926
-1.77741935484
-2.26333333333
2.6064516129
8.73666666667
13.0806451613
12.1433333333
7.22666666667
0.932258064516
-7.18
-8.00322580645
-9.51666666667
-8.725
-4.42258064516
-0.0633333333333
3.67741935484
7.64
12.3387096774
10.9451612903
7.13666666667
-0.370967741935
-6.26
-7.80322580645
-8.66774193548
-9.95384615385
-4.70967741935
-2.81666666667
2.07741935484
10.1266666667
13.6677419355
13.6258064516
8.20333333333
0.923333333333
-3.56333333333
-13.2866666667
-10.89
-11.7692307692
-1.68064516129
0.77
3.90322580645
10.54
13.4387096774
10.9483870968
8.5
1.1
-4.37
-12.4129032258
-9.97419354839
-11.0321428571
-3.4935483871
-1.6
4.7935483871
11.9666666667
11.9161290323
11.3903225806
9.11
-1.3064516129
-7.5
-11.7870967742
-11.0258064516
-9.04482758621
-11.6466666667
-0.52
4.42580645161
NaN
NaN
NaN
NaN
NaN
NaN
NaN
NaN
NaN
NaN
NaN
NaN
NaN
NaN
NaN
NaN
NaN
NaN
NaN
NaN
NaN
NaN
NaN
NaN
NaN
NaN
NaN
NaN
NaN
NaN
NaN
NaN
NaN
NaN
NaN
NaN
NaN
NaN
NaN
NaN
NaN
NaN
NaN
NaN
NaN
NaN
NaN
NaN
NaN
NaN
NaN
NaN
NaN
NaN
NaN
NaN
NaN
NaN
NaN
NaN
NaN
NaN
NaN
NaN
NaN
NaN
NaN
NaN
NaN
NaN
NaN
NaN
NaN
NaN
NaN
NaN
NaN
NaN
NaN
NaN
NaN
-4.24
-0.00344827586207
3.20967741935
9.16333333333
13.8580645161
11.6935483871
9.04666666667
-1.3935483871
-7.46333333333
-11.0642857143
-7.51379310345
-7.60714285714
-6.48965517241
-4.13793103448
5.46451612903
9.27
11.3967741935
9.82580645161
6.16666666667
-1.05333333333
-6.86896551724
-9.22
-9.23870967742
-7.22142857143
-4.39032258065
-2.33333333333
4.05806451613
10.69
12.4935483871
11.3290322581
7.01666666667
1.11935483871
-4.93
-8.81428571429
-13.9466666667
-11.3307692308
-6.27419354839
-1.28620689655
3.88709677419
10.3866666667
11.635483871
13.535483871
7.16666666667
-0.390322580645
-6.02857142857
-8.30666666667
-7.31290322581
-12.1285714286
-7.42333333333
-1.85
5.15161290323
10.1833333333
14.4032258065
11.5032258065
5.90666666667
-0.51935483871
-3.74827586207
-10.4344827586
-13.1866666667
-7.05172413793
-9.44838709677
-2.03448275862
0.938709677419
8.69
11.1483870968
10.9741935484
5.57666666667
1.81290322581
-4.57666666667
-13.575
-11.56
NaN
NaN
NaN
5.68064516129
10.0066666667
12.6903225806
11.4322580645
7.24333333333
-2.45806451613
-5.34827586207
-9.075
-9.10322580645
-4.41481481481
-5.61290322581
-0.748275862069
5.81612903226
10.0266666667
12.7129032258
11.7322580645
5.93
1.27419354839
-4.23103448276
-9.05517241379
-9.04333333333
-7.696
-5.46129032258
0.0166666666667
4.54482758621
9.50689655172
11.6741935484
11.0806451613
6.93448275862
0.890322580645
-3.41379310345
-13.2555555556
-7.6
-9.21724137931
-5.02580645161
-2.03666666667
6.8
7.63
12.735483871
10.7451612903
5.09310344828
0.913793103448
-5.60666666667
-11.6266666667
-13.1258064516
-15.2692307692
-4.41290322581
-1.45517241379
3.46451612903
NaN
NaN
NaN
6.45517241379
0.587096774194
-10.1607142857
-6.78275862069
-18.75
-4.19259259259
-7.18
2.81333333333
4.03548387097
8.51666666667
13.5548387097
13.4290322581
5.99310344828
0.503225806452
-5.42068965517
-9.08709677419
-8.78064516129
-6.42857142857
-6.58965517241
-0.926666666667
3.5064516129
12.48
13.9580645161
11.835483871
9.24827586207
1.37931034483
-7.00333333333
-8.92903225806
-12.5310344828
-5.87586206897
-9.05333333333
0.296428571429
5.64838709677
9.80666666667
13.8193548387
13.0838709677
6.89333333333
-1.25666666667
-4.11666666667
-15.1
-8.92258064516
-13.1076923077
-4.24838709677
-1.72333333333
3.97419354839
11.9266666667
14.4225806452
12.335483871
9.25666666667
0.438709677419
-3.08965517241
-4.83548387097
-5.74193548387
-6.48518518519
-3.35161290323
0.38275862069
7.88709677419
10.9793103448
14.6225806452
12.9806451613
4.26551724138
2.70322580645
-4.07931034483
-7.93870967742
-8.92580645161
-7.63703703704
-3.65806451613
-1.65666666667
3.6935483871
8.64137931034
14.25
12.6935483871
6.78666666667
-0.0366666666667
-5.81333333333
-8.43870967742
-9.58709677419
-15.6178571429
-4.67
-0.476666666667
7.2064516129
13.4566666667
16.9741935484
14.3580645161
8.31333333333
1.2935483871
-4.89333333333
-7.45161290323
-18.0064516129
-9.3
-5.44193548387
-0.106666666667
6.77419354839
10.0833333333
14.3741935484
15.5225806452
9.18
1.68387096774
-4.73333333333
-9.51612903226
-7.94137931034
-7.01111111111
-2.31851851852
0.666666666667
5.49666666667
10.59
13.4967741935
13.91
9.22333333333
2.77666666667
-6.16666666667
NaN
-6.39032258065
-12.675
-3.94193548387
0.476666666667
6.34838709677
9.05
14.45
11.3258064516
8.41
1.59032258065
-5.35666666667
-5.47096774194
-13.0142857143
-5.79310344828
-2.57096774194
-0.223333333333
5.45483870968
10.9866666667
14.4387096774
11.8
10.6266666667
3.63870967742
-6.23666666667
-6.93870967742
-7.72258064516
-6.64285714286
-4.41935483871
0.976666666667
7.20967741935
9.83448275862
13.1129032258
13.4806451613
7.16666666667
2.30967741935
-3.99
-8.08709677419
-11.4225806452
-9.81785714286
-4.89677419355
2.04333333333
4.08709677419
10.34
12.8866666667
11.4870967742
6.08965517241
1.90322580645
-5.14666666667
-6.64838709677
-9.24838709677
-5.47142857143
-8.60322580645
2.6
3.84193548387
9.42666666667
13.4741935484
13.9032258065
5.46666666667
-0.390322580645
-4.63
-7.46129032258
-9.05172413793
-8.71724137931
-6.45161290323
-0.616666666667
5.52580645161
9.36333333333
12.5096774194
12.4290322581
5.79642857143
0.837037037037
-3.57666666667
-9.75483870968
-8.42142857143
-6.36071428571
-4.04193548387
-2.96296296296
3.90967741935
7.84333333333
12.8387096774
12.89
5.00357142857
1.49666666667
-4.57666666667
-10.0193548387
-8.78709677419
-7.81428571429
-3.08888888889
2.81333333333
3.39032258065
9.25666666667
13.3612903226
12.43
6.61
-0.0225806451613
-5.35333333333
-6.25483870968
-9.15333333333
-10.5571428571
-6.5935483871
-0.59
4.62580645161
8.03
13.2193548387
NaN
8.42333333333
4.33
-7.67333333333
-6.75483870968
-10.2032258065
-10.1586206897
-8.31290322581
1.325
5.67419354839
10.3866666667
NaN
12.1387096774
8.26333333333
0.0161290322581
-5.71666666667
-9.72903225806
-16.8612903226
-10.5357142857
-4.13666666667
0.296
6.61724137931
10.8933333333
NaN
12.2870967742
6.59
0.441935483871
-1.68333333333
-10.5387096774
-13.6193548387
-6.63703703704
-6.55483870968
-1.91666666667
2.11290322581
9.01333333333
11.7935483871
10.4709677419
7.61111111111
2.08387096774
-5.18666666667
-6.74193548387
-11.0444444444
-8.85
-8.54
-2.77
4.80384615385
7.22333333333
13.1548387097
11.8741935484
5.4037037037
0.854838709677
-7.07407407407
-10.8870967742
-9.60357142857
-7.48888888889
-7.04838709677
-0.456666666667
4.57142857143
12.0
12.4032258065
12.8935483871
6.92333333333
NaN
-9.31153846154
-8.42903225806
-6.22142857143
-8.66785714286
-3.5275862069
-2.43103448276
2.96538461538
11.02
13.8166666667
12.7096774194
7.38
1.08461538462
-3.54
-9.18333333333
-8.62258064516
-4.83333333333
-8.56774193548
NaN
4.15357142857
10.384
15.1821428571
12.3806451613
8.31428571429
0.322580645161
-3.79333333333
-7.74482758621
-11.8161290323
-12.68
-7.70322580645
-1.2275862069
5.5064516129
8.875
NaN
13.675862069
7.99
1.55806451613
-7.00666666667
-8.09032258065
-8.61935483871
-10.1034482759
-5.91290322581
-2.85
6.55483870968
12.1833333333
12.864516129
11.3827586207
6.53
1.21935483871
-5.63
-6.07419354839
-13.3161290323
-6.33214285714
-5.41290322581
-1.84
4.14193548387
9.21333333333
13.435483871
13.1064516129
5.23666666667
3.35161290323
-4.91333333333
-5.75161290323
-8.61935483871
-6.68461538462
-7.56129032258
-0.606666666667
7.76129032258
10.65
12.2387096774
13.3741935484
7.72333333333
2.1935483871
-4.61
-7.66774193548
-9.51612903226
-9.55
-5.32580645161
-1.15333333333
5.01612903226
11.2233333333
12.2548387097
13.635483871
6.19
-0.0516129032258
-7.41333333333
-6.34516129032
-9.98709677419
-10.2689655172
-5.06774193548
0.99
5.03870967742
10.11
13.564516129
11.6451612903
7.72
1.76774193548
-4.81666666667
-8.39677419355
-8.85161290323
-6.15714285714
-3.64193548387
-1.44
4.96451612903
10.71
13.1580645161
13.3677419355
5.17333333333
0.561290322581
-6.56
-10.1612903226
-13.6322580645
-8.55
-6.30322580645
0.833333333333
6.41290322581
9.57333333333
12.2516129032
10.9548387097
6.57666666667
1.91612903226
-2.76
-7.34193548387
-16.0741935484
-5.24642857143
-4.44516129032
0.613333333333
5.91935483871
11.2033333333
14.6741935484
13.4096774194
10.43
3.67096774194
-4.18666666667
-9.94516129032
-9.17741935484
-9.92413793103
-7.75161290323
-0.58
5.77096774194
8.92
15.0548387097
11.5
5.35333333333
0.0935483870968
-4.67333333333
-8.76129032258
-6.87741935484
-10.2142857143
-10.935483871
1.17333333333
5.25806451613
10.4766666667
13.8709677419
11.6064516129
4.07333333333
2.7935483871
-2.59
-7.84838709677
-12.1903225806
-9.87857142857
-4.42580645161
-2.37
4.75483870968
9.91333333333
15.6677419355
11.0193548387
7.95666666667
-0.212903225806
-4.37
-9.47741935484
-7.43870967742
-7.83214285714
-3.98387096774
-0.203333333333
3.90967741935
9.31333333333
13.1935483871
11.1967741935
6.81333333333
0.961290322581
-6.38333333333
-11.5419354839
-10.4709677419
-7.56551724138
-4.82580645161
-2.26
3.4
10.39
12.98
10.6129032258
5.44
1.11612903226
-5.85666666667
-11.4741935484
-10.3193548387
-7.89285714286
-8.57419354839
1.27666666667
6.32258064516
8.58
14.3387096774
14.4419354839
9.72333333333
-0.754838709677
-4.02333333333
-6.35806451613
-9.81935483871
-6.16428571429
-6.59677419355
-1.92
5.66129032258
9.72333333333
14.4451612903
14.5161290323
6.15
-0.716129032258
-4.03333333333
-9.83870967742
-8.99677419355
-8.45357142857
-5.79032258065
-0.243333333333
4.34193548387
11.1666666667
12.3677419355
12.7096774194
5.35333333333
0.429032258065
-4.87
-9.95161290323
-11.6129032258
-6.84482758621
-2.68709677419
0.0366666666667
4.81290322581
10.7166666667
11.2064516129
12.1838709677
7.15666666667
1.41612903226
-6.36666666667
-12.6032258065
-10.0733333333
-8.25714285714
-3.96451612903
-1.97586206897
3.89032258065
10.38
12.9967741935
12.6870967742
6.43793103448
1.75483870968
-3.74074074074
-8.6
-12.9709677419
-6.86538461538
-4.38
-0.516666666667
5.03548387097
9.94666666667
14.4387096774
11.2064516129
4.19333333333
1.7
-5.48666666667
-10.3806451613
-10.5032258065
-11.4821428571
-7.70967741935
-2.71666666667
4.00967741935
8.68
13.9
11.8290322581
4.33
-0.429032258065
-6.82333333333
-7.27741935484
-10.9225806452
-5.20689655172
-7.64193548387
0.863333333333
4.61290322581
9.5
13.8741935484
11.5612903226
6.86
-2.63870967742
-7.95
-8.86451612903
-14.9161290323
-6.86071428571
-5.77096774194
1.89666666667
7.58709677419
12.7633333333
14.9866666667
12.1322580645
7.24
0.274193548387
-5.0
-8.6
-13.3
-10.9178571429
-4.4935483871
1.24
4.41290322581
10.1633333333
13.2
10.6580645161
6.81
-0.8
-7.20666666667
-14.1387096774
-16.3419354839
-10.8428571429
-4.11935483871
0.236666666667
4.27741935484
9.25
13.4935483871
11.3612903226
7.58666666667
1.71612903226
-8.20666666667
-7.73548387097
-11.6548387097
-9.44827586207
-6.75806451613
-0.663333333333
5.01935483871
10.72
14.5838709677
11.8419354839
6.79333333333
-0.825806451613
-5.14666666667
-5.61935483871
-8.28064516129
-8.70714285714
-3.87741935484
2.90666666667
5.23548387097
10.92
14.3709677419
11.6258064516
7.77333333333
-0.0225806451613
-3.51
-8.48064516129
-12.8870967742
-11.8928571429
-5.06774193548
-2.95172413793
4.54516129032
8.78
13.6709677419
13.6935483871
7.02666666667
-0.103225806452
-7.62333333333
-7.77419354839
-6.10322580645
-6.11428571429
-4.24516129032
-2.64
3.05806451613
9.16
13.6517241379
14.9903225806
5.91379310345
0.287096774194
-5.58666666667
-16.4677419355
-10.964516129
-6.36206896552
-5.22666666667
-1.9
5.18387096774
9.08333333333
13.8806451613
13.6258064516
5.08
-0.146666666667
-4.96666666667
-11.4483870968
-12.4161290323
-12.1857142857
-5.34516129032
1.61666666667
6.56451612903
9.5
14.1870967742
11.7193548387
5.77333333333
-1.07096774194
-10.0931034483
-11.6935483871
-6.84193548387
-8.275
-1.45161290323
1.06666666667
4.48387096774
12.0933333333
13.5322580645
11.9903225806
7.04
0.967741935484
-5.40666666667
-9.50967741935
-9.04838709677
-5.91428571429
-5.47096774194
-0.0620689655172
7.81290322581
11.76
13.8
12.1814814815
NaN
NaN
NaN
NaN
NaN
-8.33461538462
-6.55806451613
-0.975
5.85714285714
13.6965517241
13.8806451613
12.9225806452
6.54827586207
1.21724137931
-4.57
-9.17419354839
-10.3517241379
-13.5739130435
-5.81
-0.826666666667
5.29032258065
9.22333333333
14.1774193548
12.52
7.16551724138
-0.0483870967742
-4.08333333333
-11.4322580645
-7.31935483871
-8.23928571429
-4.62258064516
-0.1
3.47419354839
11.93
12.8193548387
11.5774193548
8.83666666667
-0.344827586207
-3.90666666667
-13.3193548387
-11.5064516129
-5.63571428571
-4.65
-0.976666666667
6.08
11.8034482759
13.3566666667
13.4741935484
7.59333333333
-0.35
-5.07
-8.03225806452
-7.11034482759
-4.35185185185
-2.97142857143
0.0137931034483
5.47586206897
9.82
12.1096774194
10.8206896552
6.95517241379
0.48275862069
NaN
NaN
-10.7129032258
-10.396
-2.24333333333
0.873333333333
NaN
NaN
NaN
12.0612903226
4.87
-0.432258064516
-9.0
-7.55161290323
-8.02903225806
-11.3178571429
-4.21290322581
-0.65
6.32580645161
11.4
12.5387096774
12.7966666667
7.16
1.58387096774
-5.86666666667
-8.08709677419
-9.72258064516
-6.94285714286
-6.01290322581
-2.52333333333
3.68064516129
8.95
12.1870967742
13.38
7.12333333333
-1.23548387097
-4.89
-9.77419354839
-12.7612903226
-9.89310344828
-7.81290322581
-0.876666666667
5.61612903226
10.9133333333
13.8677419355
12.4258064516
7.45333333333
0.270967741935
-6.27333333333
-9.18709677419
-11.7322580645
-8.63214285714
-4.95806451613
-3.24333333333
4.51935483871
11.41
13.6225806452
12.7677419355
8.37333333333
0.5
-6.72333333333
-8.57096774194
-9.4935483871
-5.99642857143
-6.10967741935
-2.08
6.37096774194
7.66666666667
14.7322580645
12.9032258065
9.14333333333
1.44838709677
-2.83333333333
-11.3516129032
-7.29677419355
-5.86785714286
-4.70967741935
-1.17586206897
4.48064516129
9.94333333333
14.0741935484
12.9774193548
5.57666666667
-1.44516129032
-4.58666666667
-7.31666666667
-9.86666666667
-6.65
-3.94838709677
-2.15333333333
5.55483870968
8.89666666667
14.2741935484
13.464516129
6.48333333333
1.2
-10.48
-12.5967741935
-9.58064516129
-10.6178571429
-4.58387096774
0.346666666667
5.15161290323
9.72666666667
15.2580645161
11.6161290323
7.32413793103
-0.510344827586
-5.50333333333
-9.33225806452
-10.864516129
-11.05
-8.88387096774
-0.9
3.13548387097
11.9866666667
14.735483871
12.435483871
7.59333333333
-2.81935483871
-5.26333333333
-7.73548387097
-8.53548387097
-11.2357142857
-4.3
1.36666666667
5.98709677419
9.41
14.635483871
13.4258064516
5.40666666667
0.522580645161
-6.07333333333
-8.67096774194
-9.35483870968
-9.7724137931
-3.35806451613
0.456666666667
4.9935483871
8.70689655172
12.4709677419
9.97741935484
7.50666666667
1.94516129032
-5.58965517241
-8.2064516129
-8.18387096774
-7.63928571429
-4.73548387097
-0.386206896552
3.67096774194
10.2966666667
13.1838709677
10.8724137931
6.72333333333
-0.106451612903
-4.41724137931
-10.5677419355
-6.81612903226
-11.4
-6.5935483871
-0.206666666667
3.4064516129
NaN
14.5580645161
12.6161290323
3.74
-1.04838709677
-6.63333333333
-9.70357142857
-12.8387096774
-8.56296296296
-2.0935483871
-1.91
5.71612903226
10.0133333333
14.6290322581
13.8032258065
7.46551724138
0.293548387097
-6.37
-13.8161290323
-13.2967741935
-9.55862068966
-5.69032258065
-3.39666666667
3.00967741935
8.61666666667
12.7225806452
11.9193548387
5.31666666667
-1.02903225806
-3.93666666667
-13.6612903226
-9.6064516129
-7.75714285714
-7.82580645161
-1.31333333333
5.6
9.83
NaN
NaN
NaN
NaN
-4.54
-14.5548387097
-9.42666666667
-11.0925925926
-3.74193548387
-0.743333333333
3.37741935484
10.9266666667
13.4233333333
12.064516129
4.75333333333
1.61935483871
-6.65333333333
-8.48387096774
-10.7709677419
NaN
-4.94838709677
-0.996666666667
2.74516129032
NaN
14.3387096774
13.4387096774
6.07
-0.122580645161
-6.88666666667
-11.4612903226
NaN
NaN
NaN
1.52333333333
4.74838709677
11.6866666667
14.8064516129
10.9419354839
6.13
-1.19677419355
-5.63
-10.964516129
-12.5870967742
-10.6214285714
-7.13225806452
-3.96666666667
4.89677419355
10.27
13.4870967742
12.2580645161
9.32
-0.338709677419
-6.23666666667
-11.0225806452
-9.63548387097
-14.0535714286
-5.72258064516
-1.08666666667
4.88387096774
8.75
12.7903225806
10.9612903226
5.77666666667
0.338709677419
-9.55666666667
-11.0967741935
-9.96451612903
-8.77142857143
-4.62580645161
-0.956666666667
4.60967741935
12.3466666667
12.2774193548
10.6548387097
7.46666666667
2.4064516129
-6.26333333333
-11.6451612903
-10.064516129
-6.66206896552
-5.19677419355
-0.24
3.13225806452
11.3566666667
13.0709677419
10.4290322581
6.4
0.770967741935
-4.47666666667
-13.6741935484
-10.8225806452
-7.16785714286
-3.60967741935
-0.09
4.06153846154
