2003.0
522.0
614.0
434.0
579.0
223.0
371.0
616.0
982.0
725.0
398.0
591.0
1111.0
1078.0
1123.0
359.0
222.0
745.0
251.0
1030.0
1130.0
1083.0
1092.0
1461.0
1213.0
830.0
47.0
66.0
369.0
295.0
478.0
325.0
854.0
1047.0
1787.0
592.0
1327.0
632.0
931.0
539.0
279.0
680.0
485.0
720.0
693.0
570.0
692.0
282.0
514.0
987.0
367.0
593.0
435.0
1225.0
28.0
1019.0
471.0
591.0
568.0
2033.0
1416.0
329.0
146.0
273.0
396.0
203.0
838.0
470.0
553.0
2301.0
1421.0
525.0
300.0
358.0
165.0
837.0
133.0
740.0
800.0
391.0
1366.0
874.0
NaN
NaN
NaN
NaN
NaN
NaN
NaN
NaN
NaN
NaN
NaN
NaN
NaN
NaN
NaN
NaN
NaN
NaN
NaN
NaN
NaN
NaN
NaN
NaN
NaN
NaN
NaN
NaN
NaN
529.0
784.0
29.0
314.0
365.0
991.0
655.0
376.0
NaN
602.0
608.0
1178.0
158.0
192.0
281.0
830.0
808.0
804.0
698.0
782.0
41.0
275.0
480.0
559.0
688.0
438.0
531.0
381.0
403.0
468.0
411.0
569.0
634.0
689.0
1226.0
241.0
58.0
393.0
526.0
430.0
148.0
467.0
1867.0
1598.0
2873.0
323.0
1164.0
82.0
674.0
272.0
1834.0
NaN
NaN
596.0
1871.0
774.0
233.0
1472.0
1156.0
696.0
487.0
239.0
198.0
58.0
908.0
843.0
1164.0
2942.0
451.0
763.0
1031.0
527.0
3.0
221.0
420.0
521.0
221.0
570.0
1527.0
1506.0
321.0
637.0
600.0
1215.0
466.0
623.0
0.0
460.0
555.0
310.0
1286.0
1437.0
1695.0
619.0
1136.0
330.0
765.0
102.0
188.0
58.0
1377.0
1470.0
1003.0
1136.0
1060.0
369.0
833.0
479.0
302.0
276.0
470.0
56.0
1015.0
1362.0
594.0
958.0
544.0
1155.0
2227.0
962.0
395.0
438.0
239.0
474.0
1031.0
1142.0
896.0
485.0
1615.0
570.0
992.0
302.0
1182.0
114.0
351.0
165.0
753.0
240.0
694.0
879.0
986.0
1046.0
1204.0
531.0
368.0
488.0
421.0
432.0
556.0
458.0
692.0
2317.0
2060.0
1023.0
808.0
455.0
407.0
564.0
109.0
396.0
292.0
1169.0
503.0
1256.0
685.0
869.0
884.0
806.0
532.0
336.0
306.0
378.0
526.0
590.0
467.0
1614.0
1394.0
502.0
2529.0
773.0
1092.0
242.0
369.0
587.0
951.0
1189.0
1435.0
1101.0
952.0
716.0
1065.0
1588.0
836.0
540.0
117.0
308.0
285.0
798.0
804.0
1025.0
634.0
480.0
767.0
817.0
1233.0
449.0
960.0
216.0
1227.0
1070.0
838.0
1922.0
2433.0
599.0
693.0
909.0
464.0
268.0
705.0
277.0
294.0
640.0
357.0
1039.0
125.0
495.0
389.0
738.0
736.0
107.0
145.0
360.0
850.0
602.0
1093.0
874.0
811.0
844.0
1658.0
876.0
1030.0
628.0
411.0
267.0
602.0
163.0
1287.0
721.0
1221.0
1593.0
491.0
714.0
259.0
940.0
605.0
239.0
714.0
560.0
1825.0
442.0
907.0
1299.0
979.0
415.0
89.0
334.0
170.0
209.0
588.0
363.0
166.0
960.0
356.0
481.0
2264.0
371.0
1698.0
297.0
539.0
619.0
960.0
607.0
2491.0
1425.0
1573.0
209.0
1665.0
547.0
940.0
313.0
463.0
500.0
236.0
462.0
567.0
373.0
104.0
717.0
1920.0
662.0
165.0
626.0
926.0
183.0
284.0
938.0
853.0
1483.0
1461.0
672.0
843.0
483.0
431.0
425.0
1093.0
507.0
1331.0
945.0
1516.0
1453.0
649.0
715.0
397.0
632.0
580.0
361.0
302.0
335.0
949.0
1325.0
627.0
1034.0
558.0
1832.0
77.0
723.0
232.0
216.0
326.0
207.0
443.0
765.0
555.0
569.0
579.0
733.0
13.0
756.0
527.0
440.0
740.0
124.0
163.0
910.0
725.0
1457.0
259.0
915.0
1697.0
2551.0
357.0
360.0
122.0
945.0
670.0
700.0
1222.0
1305.0
944.0
702.0
812.0
281.0
1414.0
837.0
356.0
186.0
375.0
1169.0
1994.0
963.0
1118.0
598.0
455.0
545.0
183.0
196.0
93.0
501.0
1431.0
2025.0
1181.0
517.0
475.0
1514.0
1131.0
1083.0
724.0
331.0
276.0
327.0
1477.0
1239.0
1941.0
1657.0
120.0
145.0
1910.0
447.0
419.0
600.0
737.0
132.0
856.0
505.0
1161.0
1879.0
275.0
1259.0
544.0
834.0
1019.0
590.0
410.0
47.0
776.0
1454.0
1010.0
NaN
653.0
333.0
691.0
633.0
594.0
487.0
245.0
491.0
1437.0
450.0
699.0
1013.0
2322.0
117.0
724.0
361.0
294.0
532.0
1015.0
461.0
855.0
456.0
661.0
1520.0
503.0
808.0
803.0
646.0
125.0
1012.0
800.0
389.0
346.0
1211.0
486.0
1616.0
1285.0
784.0
269.0
99.0
280.0
149.0
384.0
802.0
1092.0
916.0
741.0
1100.0
941.0
893.0
546.0
733.0
447.0
285.0
263.0
353.0
881.0
1161.0
1245.0
1678.0
1125.0
1239.0
409.0
193.0
832.0
470.0
271.0
321.0
945.0
647.0
696.0
780.0
509.0
650.0
502.0
640.0
170.0
421.0
201.0
450.0
783.0
1807.0
440.0
1538.0
769.0
1344.0
620.0
1264.0
832.0
514.0
805.0
776.0
386.0
1316.0
1392.0
1202.0
275.0
813.0
708.0
1055.0
251.0
61.0
55.0
295.0
192.0
719.0
516.0
1101.0
1100.0
1619.0
133.0
145.0
460.0
466.0
590.0
332.0
554.0
1256.0
1242.0
1703.0
181.0
615.0
566.0
1158.0
456.0
703.0
216.0
59.0
100.0
465.0
572.0
1386.0
2004.0
985.0
693.0
290.0
643.0
71.0
335.0
530.0
709.0
484.0
1256.0
510.0
885.0
1595.0
959.0
1184.0
132.0
585.0
537.0
440.0
352.0
925.0
1847.0
2102.0
666.0
1380.0
514.0
748.0
222.0
143.0
97.0
368.0
743.0
795.0
753.0
1014.0
2460.0
759.0
3375.0
493.0
813.0
456.0
541.0
378.0
484.0
295.0
1291.0
780.0
1014.0
502.0
319.0
1344.0
233.0
95.0
128.0
154.0
941.0
482.0
843.0
52.0
1712.0
651.0
343.0
248.0
455.0
168.0
239.0
229.0
1163.0
1889.0
120.0
1047.0
1040.0
691.0
803.0
13.0
756.0
201.0
2067.0
232.0
860.0
1113.0
709.0
669.0
1308.0
1002.0
1805.0
209.0
262.0
685.0
315.0
268.0
657.0
950.0
1321.0
692.0
355.0
695.0
786.0
451.0
331.0
NaN
326.0
226.0
929.0
NaN
1237.0
1314.0
1204.0
333.0
602.0
1379.0
388.0
588.0
189.0
356.0
262.0
550.0
751.0
1151.0
NaN
391.0
1552.0
451.0
782.0
409.0
754.0
331.0
341.0
491.0
692.0
1337.0
914.0
808.0
940.0
1678.0
109.0
323.0
97.0
40.0
302.0
1395.0
2059.0
1385.0
668.0
1611.0
2235.0
795.0
433.0
309.0
264.0
516.0
419.0
188.0
732.0
809.0
2210.0
401.0
629.0
686.0
292.0
955.0
127.0
206.0
459.0
1331.0
447.0
1235.0
782.0
249.0
1308.0
703.0
673.0
494.0
351.0
325.0
1489.0
1020.0
1325.0
1300.0
1027.0
NaN
1275.0
1536.0
394.0
768.0
456.0
148.0
899.0
1132.0
1959.0
1726.0
794.0
634.0
338.0
450.0
836.0
341.0
246.0
432.0
422.0
707.0
1304.0
895.0
692.0
850.0
1025.0
414.0
528.0
518.0
99.0
320.0
1171.0
1232.0
981.0
381.0
625.0
701.0
653.0
752.0
82.0
89.0
280.0
226.0
1110.0
285.0
543.0
358.0
818.0
2254.0
1419.0
1110.0
806.0
289.0
97.0
180.0
437.0
1207.0
1713.0
636.0
920.0
480.0
947.0
629.0
652.0
487.0
700.0
308.0
1288.0
1229.0
NaN
751.0
1052.0
584.0
8.0
614.0
505.0
467.0
167.0
206.0
496.0
547.0
490.0
2150.0
791.0
1558.0
1788.0
356.0
128.0
717.0
40.0
499.0
228.0
1800.0
1810.0
1697.0
1782.0
914.0
976.0
571.0
491.0
319.0
705.0
200.0
1174.0
883.0
895.0
959.0
1867.0
1412.0
808.0
503.0
947.0
1868.0
53.0
260.0
571.0
1246.0
529.0
416.0
199.0
325.0
869.0
986.0
1461.0
615.0
75.0
402.0
996.0
1099.0
1168.0
1435.0
1215.0
409.0
NaN
NaN
NaN
NaN
NaN
NaN
2040.0
NaN
NaN
NaN
NaN
1078.0
661.0
NaN
2618.0
NaN
NaN
NaN
NaN
NaN
NaN
NaN
NaN
420.0
1733.0
NaN
NaN
NaN
268.0
67.0
600.0
481.0
198.0
792.0
303.0
1486.0
931.0
153.0
730.0
914.0
485.0
180.0
678.0
526.0
297.0
360.0
321.0
793.0
706.0
186.0
730.0
493.0
239.0
252.0
211.0
1126.0
626.0
513.0
754.0
1163.0
596.0
406.0
145.0
218.0
320.0
613.0
1078.0
727.0
2001.0
2394.0
1141.0
1310.0
295.0
677.0
769.0
955.0
325.0
145.0
719.0
823.0
1776.0
84.0
422.0
581.0
1189.0
1981.0
690.0
538.0
188.0
369.0
519.0
641.0
137.0
342.0
2029.0
138.0
1296.0
632.0
1319.0
830.0
581.0
449.0
785.0
1178.0
668.0
1391.0
3840.0
944.0
1978.0
637.0
496.0
310.0
247.0
507.0
150.0
1149.0
1044.0
1009.0
528.0
1009.0
178.0
460.0
1318.0
599.0
650.0
212.0
384.0
1862.0
2823.0
534.0
986.0
1096.0
471.0
796.0
504.0
117.0
584.0
183.0
421.0
486.0
2271.0
1282.0
1477.0
716.0
556.0
278.0
369.0
66.0
382.0
1377.0
684.0
661.0
1107.0
1261.0
379.0
1356.0
527.0
414.0
598.0
429.0
570.0
910.0
1100.0
980.0
1405.0
1960.0
380.0
701.0
910.0
1392.0
649.0
335.0
617.0
295.0
402.0
1219.0
1120.0
331.0
1301.0
794.0
863.0
247.0
59.0
713.0
236.0
635.0
472.0
430.0
638.0
1927.0
1034.0
156.0
1013.0
636.0
675.0
607.0
957.0
945.0
285.0
872.0
1487.0
1279.0
692.0
1212.0
NaN
1435.0
471.0
352.0
623.0
196.0
412.0
1601.0
2001.0
1289.0
660.0
1313.0
132.0
637.0
118.0
388.0
176.0
294.0
315.0
749.0
762.0
1048.0
1526.0
538.0
1678.0
442.0
882.0
854.0
81.0
155.0
514.0
356.0
909.0
572.0
826.0
1222.0
559.0
1551.0
866.0
480.0
982.0
414.0
242.0
1034.0
399.0
490.0
737.0
795.0
1034.0
510.0
557.0
159.0
805.0
8.0
1256.0
963.0
987.0
1095.0
587.0
758.0
563.0
503.0
1256.0
336.0
605.0
567.0
820.0
866.0
465.0
1662.0
495.0
420.0
453.0
389.0
209.0
912.0
1334.0
995.0
614.0
1174.0
307.0
1756.0
902.0
855.0
1772.0
585.0
256.0
703.0
78.0
482.0
1619.0
1418.0
905.0
1203.0
935.0
1613.0
463.0
1891.0
827.0
943.0
416.0
415.0
755.0
1144.0
2297.0
2337.0
2006.0
1798.0
1497.0
462.0
253.0
168.0
NaN
NaN
NaN
NaN
NaN
NaN
NaN
NaN
NaN
NaN
NaN
NaN
NaN
NaN
NaN
419.0
361.0
654.0
239.0
757.0
593.0
1112.0
290.0
384.0
331.0
741.0
650.0
2561.0
2180.0
1056.0
693.0
41.0
567.0
920.0
464.0
384.0
499.0
757.0
325.0
930.0
380.0
1782.0
965.0
1552.0
1347.0
1026.0
318.0
247.0
355.0
425.0
79.0
523.0
1521.0
3102.0
2667.0
908.0
610.0
437.0
1878.0
1606.0
128.0
135.0
501.0
724.0
1169.0
315.0
1499.0
1554.0
897.0
678.0
695.0
171.0
445.0
130.0
875.0
1494.0
1206.0
435.0
996.0
1004.0
NaN
NaN
