19.937037037
21.6892857143
25.2580645161
25.0413793103
NaN
NaN
10.3461538462
1.72580645161
-0.783870967742
NaN
NaN
15.7142857143
18.7035714286
NaN
30.2290322581
29.5322580645
25.6928571429
17.1620689655
11.3793103448
0.161290322581
4.67096774194
2.34285714286
7.33
16.78
20.8870967742
25.8433333333
28.9806451613
28.5612903226
22.3
14.3838709677
10.4566666667
5.89677419355
2.39
-2.98928571429
8.9275862069
12.7533333333
22.0774193548
29.85
28.8096774194
28.4387096774
25.8533333333
21.1516129032
9.07333333333
1.98064516129
1.5935483871
-0.275862068966
4.48709677419
16.65
18.8193548387
27.2733333333
29.1225806452
27.9580645161
25.7733333333
16.5967741935
8.43333333333
1.36451612903
-3.05483870968
2.85714285714
7.59677419355
14.9666666667
21.6483870968
25.2517241379
26.5387096774
27.5290322581
24.83
14.6290322581
12.0466666667
2.37
-1.15161290323
0.953571428571
10.9
18.2137931034
23.06
27.36
30.9233333333
30.19
23.125
18.7357142857
10.8851851852
-0.460714285714
NaN
NaN
NaN
NaN
NaN
NaN
NaN
NaN
NaN
NaN
NaN
5.1
3.47857142857
NaN
14.6259259259
NaN
23.4576923077
28.0392857143
31.0962962963
28.4964285714
NaN
16.4444444444
NaN
4.98461538462
NaN
1.06956521739
NaN
NaN
NaN
NaN
28.7296296296
NaN
NaN
NaN
7.69285714286
NaN
NaN
NaN
NaN
NaN
NaN
NaN
27.6111111111
27.3407407407
24.2071428571
16.3068965517
NaN
NaN
NaN
NaN
NaN
NaN
NaN
NaN
NaN
NaN
NaN
17.6038461538
12.7807692308
NaN
1.23076923077
NaN
NaN
13.3769230769
22.0769230769
29.1740740741
29.7423076923
30.6344827586
NaN
NaN
12.775
2.61851851852
3.33333333333
7.4
6.97931034483
16.1103448276
19.18
27.0066666667
28.6483870968
26.9433333333
NaN
NaN
