244.0
419.0
732.0
NaN
625.0
349.0
275.0
175.0
907.0
118.0
571.0
392.0
416.0
225.0
642.0
434.0
554.0
NaN
252.0
452.0
1314.0
296.0
412.0
158.0
338.0
48.0
89.0
262.0
644.0
399.0
NaN
697.0
1314.0
222.0
NaN
NaN
297.0
202.0
202.0
1077.0
NaN
790.0
NaN
937.0
1698.0
NaN
361.0
77.0
1248.0
314.0
1180.0
663.0
270.0
233.0
913.0
257.0
625.0
58.0
508.0
275.0
859.0
363.0
NaN
704.0
2219.0
NaN
245.0
1812.0
976.0
695.0
557.0
156.0
62.0
352.0
685.0
367.0
1543.0
NaN
716.0
608.0
624.0
1103.0
313.0
435.0
434.0
NaN
NaN
344.0
1088.0
130.0
937.0
2086.0
1180.0
663.0
414.0
41.0
287.0
449.0
687.0
243.0
384.0
941.0
NaN
351.0
723.0
298.0
275.0
276.0
113.0
328.0
1060.0
526.0
1273.0
2278.0
2603.0
961.0
1537.0
833.0
463.0
418.0
188.0
497.0
692.0
1034.0
1377.0
926.0
1465.0
1247.0
1348.0
479.0
274.0
233.0
554.0
227.0
931.0
611.0
774.0
632.0
2246.0
1519.0
1395.0
61.0
58.0
498.0
171.0
415.0
594.0
1214.0
1006.0
1310.0
549.0
656.0
375.0
725.0
477.0
397.0
764.0
557.0
568.0
488.0
593.0
887.0
535.0
635.0
1021.0
175.0
530.0
453.0
824.0
50.0
323.0
804.0
720.0
622.0
1329.0
1627.0
683.0
164.0
364.0
282.0
465.0
764.0
1183.0
888.0
2368.0
978.0
682.0
993.0
399.0
361.0
925.0
123.0
299.0
928.0
401.0
1038.0
844.0
758.0
1205.0
230.0
724.0
660.0
1370.0
926.0
444.0
321.0
84.0
641.0
1412.0
390.0
569.0
204.0
987.0
298.0
81.0
226.0
436.0
700.0
323.0
772.0
413.0
405.0
1014.0
620.0
2122.0
506.0
701.0
608.0
46.0
340.0
567.0
1181.0
906.0
651.0
803.0
437.0
742.0
1486.0
551.0
199.0
334.0
518.0
1106.0
599.0
1180.0
1571.0
168.0
954.0
470.0
520.0
443.0
175.0
236.0
211.0
539.0
402.0
602.0
732.0
72.0
353.0
1628.0
592.0
97.0
430.0
461.0
564.0
211.0
177.0
1820.0
826.0
1743.0
610.0
1262.0
72.0
995.0
169.0
1212.0
92.0
760.0
553.0
1347.0
1196.0
277.0
744.0
978.0
1029.0
409.0
504.0
217.0
45.0
577.0
966.0
1052.0
1538.0
637.0
367.0
971.0
700.0
17.0
160.0
521.0
386.0
56.0
524.0
1832.0
1458.0
1358.0
1337.0
618.0
776.0
456.0
550.0
25.0
435.0
669.0
754.0
1094.0
800.0
577.0
1151.0
798.0
781.0
704.0
64.0
117.0
49.0
1247.0
1473.0
874.0
350.0
631.0
615.0
423.0
605.0
211.0
460.0
322.0
80.0
1420.0
1551.0
313.0
927.0
605.0
1569.0
1512.0
601.0
476.0
628.0
227.0
296.0
891.0
881.0
1139.0
122.0
1063.0
239.0
778.0
151.0
628.0
186.0
237.0
296.0
1090.0
293.0
786.0
1107.0
249.0
667.0
807.0
638.0
244.0
483.0
353.0
461.0
870.0
327.0
763.0
2138.0
802.0
3185.0
745.0
254.0
209.0
510.0
162.0
274.0
330.0
1118.0
378.0
558.0
1135.0
369.0
1166.0
778.0
452.0
405.0
230.0
592.0
619.0
740.0
590.0
1328.0
1292.0
1558.0
2468.0
452.0
1110.0
265.0
254.0
549.0
754.0
1790.0
2133.0
998.0
355.0
766.0
1968.0
1122.0
1055.0
448.0
111.0
431.0
420.0
959.0
670.0
1520.0
1272.0
735.0
664.0
1191.0
1394.0
448.0
983.0
205.0
1124.0
1525.0
426.0
1059.0
1629.0
642.0
600.0
867.0
465.0
185.0
614.0
590.0
300.0
NaN
429.0
805.0
334.0
602.0
468.0
550.0
572.0
133.0
153.0
167.0
621.0
663.0
1178.0
502.0
279.0
1227.0
1416.0
916.0
1219.0
537.0
352.0
208.0
541.0
NaN
1786.0
1123.0
856.0
967.0
457.0
1130.0
295.0
822.0
614.0
220.0
621.0
802.0
1860.0
338.0
524.0
532.0
1118.0
461.0
115.0
252.0
193.0
200.0
303.0
NaN
193.0
981.0
829.0
819.0
2008.0
282.0
1535.0
323.0
442.0
541.0
821.0
491.0
1563.0
1678.0
1262.0
411.0
610.0
353.0
1095.0
284.0
389.0
466.0
174.0
460.0
508.0
247.0
107.0
778.0
2115.0
505.0
115.0
766.0
805.0
191.0
402.0
1158.0
627.0
701.0
739.0
622.0
366.0
625.0
362.0
323.0
976.0
476.0
1065.0
931.0
1572.0
889.0
1507.0
392.0
707.0
272.0
498.0
271.0
420.0
382.0
881.0
889.0
607.0
1767.0
916.0
1051.0
92.0
531.0
228.0
79.0
273.0
177.0
308.0
891.0
523.0
920.0
709.0
1012.0
292.0
800.0
523.0
427.0
546.0
203.0
368.0
1158.0
1722.0
1600.0
1217.0
460.0
1595.0
3313.0
409.0
465.0
176.0
743.0
577.0
402.0
1368.0
1374.0
1228.0
749.0
621.0
256.0
1194.0
664.0
377.0
362.0
433.0
1367.0
1247.0
997.0
635.0
1151.0
316.0
508.0
340.0
79.0
89.0
542.0
1310.0
1274.0
924.0
1078.0
512.0
862.0
659.0
251.0
646.0
321.0
152.0
318.0
1096.0
1291.0
1907.0
956.0
318.0
383.0
1594.0
21.0
505.0
461.0
590.0
189.0
730.0
262.0
1473.0
1778.0
326.0
762.0
747.0
523.0
787.0
544.0
372.0
102.0
734.0
1622.0
917.0
1951.0
756.0
226.0
891.0
329.0
600.0
475.0
223.0
497.0
1094.0
339.0
711.0
906.0
1657.0
455.0
848.0
536.0
321.0
571.0
761.0
397.0
516.0
521.0
513.0
1022.0
614.0
1335.0
363.0
675.0
175.0
846.0
856.0
602.0
234.0
1395.0
445.0
1465.0
815.0
505.0
1028.0
188.0
295.0
125.0
274.0
774.0
1042.0
1035.0
1287.0
1593.0
2372.0
1510.0
759.0
932.0
730.0
389.0
340.0
159.0
824.0
453.0
1164.0
1379.0
724.0
981.0
292.0
185.0
693.0
431.0
269.0
333.0
859.0
424.0
813.0
853.0
978.0
267.0
641.0
238.0
63.0
572.0
177.0
449.0
1473.0
1349.0
1029.0
1134.0
912.0
1371.0
397.0
1974.0
751.0
493.0
447.0
593.0
335.0
1134.0
1014.0
1513.0
66.0
706.0
508.0
1514.0
167.0
66.0
62.0
388.0
127.0
535.0
817.0
250.0
929.0
1484.0
71.0
117.0
566.0
369.0
535.0
465.0
396.0
1364.0
985.0
849.0
922.0
742.0
630.0
826.0
508.0
854.0
320.0
163.0
46.0
639.0
691.0
2569.0
1407.0
802.0
460.0
423.0
284.0
69.0
354.0
576.0
805.0
1263.0
918.0
841.0
1134.0
619.0
1010.0
1583.0
280.0
623.0
823.0
417.0
486.0
972.0
1056.0
1206.0
552.0
1293.0
344.0
1432.0
243.0
125.0
53.0
201.0
852.0
310.0
313.0
285.0
2169.0
382.0
2892.0
933.0
882.0
357.0
594.0
364.0
374.0
465.0
1673.0
388.0
1125.0
518.0
347.0
1583.0
285.0
68.0
266.0
162.0
883.0
1331.0
490.0
92.0
1341.0
730.0
492.0
375.0
419.0
327.0
278.0
251.0
1075.0
1315.0
244.0
1566.0
834.0
297.0
1120.0
21.0
404.0
269.0
1283.0
282.0
816.0
1933.0
1107.0
634.0
1012.0
2321.0
1653.0
175.0
288.0
938.0
474.0
267.0
269.0
1002.0
1579.0
1117.0
1049.0
670.0
1063.0
626.0
607.0
591.0
272.0
129.0
277.0
2299.0
585.0
1954.0
1419.0
599.0
505.0
1468.0
684.0
457.0
200.0
138.0
447.0
751.0
551.0
861.0
458.0
353.0
1352.0
206.0
838.0
724.0
588.0
13.0
643.0
499.0
1115.0
1479.0
1903.0
751.0
550.0
1429.0
194.0
197.0
98.0
167.0
394.0
1100.0
2204.0
1856.0
1102.0
951.0
2581.0
642.0
329.0
387.0
274.0
513.0
391.0
246.0
467.0
698.0
959.0
549.0
638.0
721.0
461.0
1314.0
254.0
251.0
511.0
1099.0
966.0
1577.0
1085.0
1735.0
1226.0
609.0
616.0
559.0
414.0
410.0
1183.0
1855.0
2055.0
1074.0
922.0
839.0
1285.0
1158.0
332.0
920.0
1016.0
427.0
818.0
944.0
1684.0
2423.0
546.0
248.0
572.0
467.0
807.0
525.0
528.0
612.0
745.0
1372.0
1052.0
1332.0
902.0
1254.0
610.0
151.0
592.0
801.0
186.0
272.0
1226.0
1471.0
1106.0
392.0
637.0
308.0
590.0
699.0
99.0
81.0
206.0
358.0
1290.0
346.0
623.0
550.0
1394.0
2101.0
1338.0
1208.0
1054.0
416.0
231.0
124.0
312.0
1139.0
1613.0
744.0
798.0
506.0
1245.0
479.0
711.0
553.0
895.0
331.0
1015.0
1469.0
867.0
599.0
988.0
701.0
325.0
425.0
623.0
886.0
178.0
493.0
710.0
821.0
851.0
1599.0
727.0
2656.0
1085.0
445.0
178.0
863.0
23.0
534.0
178.0
1790.0
823.0
1601.0
1375.0
1919.0
849.0
550.0
427.0
290.0
NaN
179.0
1048.0
1107.0
959.0
813.0
3068.0
665.0
360.0
526.0
1322.0
1279.0
153.0
300.0
831.0
1497.0
421.0
1102.0
256.0
324.0
1242.0
775.0
1219.0
598.0
139.0
228.0
907.0
1283.0
1192.0
706.0
1059.0
470.0
781.0
1419.0
692.0
665.0
533.0
765.0
1294.0
323.0
772.0
666.0
748.0
767.0
490.0
1192.0
2017.0
495.0
95.0
491.0
188.0
466.0
1125.0
1433.0
1574.0
486.0
1819.0
1100.0
232.0
431.0
304.0
5.0
763.0
444.0
475.0
448.0
547.0
3034.0
638.0
239.0
997.0
1154.0
588.0
235.0
638.0
578.0
622.0
414.0
99.0
940.0
455.0
474.0
907.0
354.0
241.0
387.0
257.0
1072.0
486.0
1055.0
610.0
1014.0
2571.0
319.0
295.0
244.0
419.0
581.0
1350.0
619.0
1543.0
2152.0
998.0
1303.0
258.0
662.0
1077.0
727.0
361.0
190.0
1374.0
887.0
1227.0
1270.0
338.0
764.0
302.0
1373.0
1010.0
341.0
284.0
379.0
318.0
1095.0
119.0
514.0
3177.0
448.0
2067.0
255.0
1525.0
981.0
665.0
460.0
1077.0
1281.0
1057.0
1696.0
2088.0
2145.0
1012.0
147.0
671.0
NaN
172.0
305.0
259.0
569.0
NaN
NaN
754.0
515.0
438.0
NaN
NaN
NaN
NaN
NaN
364.0
NaN
NaN
NaN
1270.0
NaN
NaN
NaN
NaN
NaN
NaN
NaN
NaN
NaN
NaN
NaN
NaN
NaN
NaN
NaN
NaN
349.0
NaN
NaN
NaN
NaN
NaN
NaN
NaN
NaN
NaN
NaN
NaN
231.0
617.0
579.0
1102.0
1317.0
980.0
1743.0
582.0
920.0
933.0
1822.0
750.0
337.0
642.0
94.0
200.0
1454.0
1210.0
1862.0
315.0
1102.0
935.0
218.0
64.0
583.0
343.0
650.0
285.0
1273.0
837.0
1437.0
750.0
717.0
1476.0
364.0
262.0
279.0
666.0
813.0
348.0
1078.0
NaN
NaN
317.0
593.0
775.0
1188.0
369.0
338.0
320.0
254.0
280.0
1249.0
1438.0
955.0
528.0
1106.0
89.0
1141.0
147.0
346.0
70.0
143.0
297.0
1259.0
1492.0
683.0
992.0
538.0
488.0
355.0
NaN
904.0
117.0
190.0
741.0
490.0
1836.0
593.0
508.0
1168.0
488.0
1412.0
NaN
244.0
958.0
366.0
NaN
319.0
368.0
NaN
447.0
485.0
834.0
239.0
538.0
254.0
795.0
66.0
934.0
1227.0
282.0
382.0
574.0
1326.0
663.0
638.0
1272.0
323.0
229.0
586.0
759.0
NaN
723.0
721.0
1520.0
1772.0
132.0
312.0
360.0
757.0
419.0
663.0
320.0
1077.0
1283.0
1441.0
759.0
394.0
2878.0
522.0
227.0
NaN
92.0
717.0
1682.0
1262.0
1203.0
1304.0
1653.0
1103.0
612.0
1499.0
452.0
NaN
422.0
241.0
875.0
1321.0
1788.0
2828.0
931.0
1978.0
812.0
483.0
505.0
520.0
NaN
NaN
NaN
NaN
NaN
NaN
NaN
NaN
NaN
NaN
NaN
NaN
NaN
NaN
NaN
NaN
NaN
NaN
276.0
671.0
1164.0
985.0
284.0
401.0
752.0
NaN
456.0
2151.0
2291.0
1089.0
346.0
73.0
267.0
943.0
345.0
311.0
356.0
753.0
371.0
1135.0
774.0
1433.0
1125.0
852.0
1289.0
638.0
270.0
NaN
244.0
58.0
149.0
793.0
1125.0
2311.0
1126.0
557.0
800.0
479.0
1185.0
1530.0
54.0
204.0
NaN
513.0
758.0
1040.0
1538.0
1712.0
791.0
550.0
421.0
249.0
455.0
51.0
1234.0
1611.0
971.0
1247.0
715.0
