25.85
30.8548387097
NaN
19.43
11.9838709677
NaN
0.490322580645
-4.12903225806
-7.50357142857
5.48064516129
11.9566666667
22.6161290323
26.9066666667
28.9419354839
26.0612903226
22.9033333333
15.2193548387
4.30333333333
-7.12258064516
-7.55806451613
-6.23448275862
0.916129032258
9.98
17.5
23.7566666667
27.4193548387
27.0774193548
21.2066666667
13.1935483871
4.25333333333
-7.00322580645
-10.5258064516
-3.84642857143
1.97741935484
11.94
20.4290322581
23.4966666667
24.3129032258
24.3903225806
23.7766666667
8.43225806452
8.70333333333
-6.25483870968
-8.25806451613
-3.87857142857
8.07741935484
17.63
20.1129032258
23.43
27.9870967742
27.4612903226
18.6833333333
16.3774193548
4.46333333333
-7.05483870968
-9.56451612903
-4.66785714286
0.632258064516
11.1133333333
18.1935483871
22.9068965517
28.8193548387
26.0709677419
20.8933333333
16.2322580645
6.44666666667
0.106451612903
-2.07741935484
0.172413793103
NaN
13.85
21.2483870968
25.7482758621
29.7193548387
26.1612903226
23.3172413793
12.2612903226
4.87333333333
-3.20357142857
-5.82580645161
-5.09285714286
NaN
6.07333333333
18.0838709677
23.59
27.3838709677
27.7258064516
23.48
12.1967741935
3.10333333333
-9.60322580645
-10.2774193548
-9.43571428571
-1.83666666667
8.94333333333
18.5516129032
24.33
25.3935483871
25.6612903226
20.7566666667
13.6870967742
-1.65
-2.87096774194
-4.81290322581
-8.16071428571
5.32580645161
14.6133333333
18.9580645161
24.6133333333
26.9870967742
24.9
24.5033333333
15.0193548387
8.21333333333
-0.174193548387
-6.27096774194
-0.758620689655
NaN
11.67
20.6258064516
25.0
26.8129032258
26.2741935484
21.0766666667
14.6387096774
9.74333333333
-4.47096774194
-4.80967741935
1.75
3.76451612903
13.25
18.2677419355
25.22
26.8387096774
23.1967741935
NaN
NaN
