-3.01612903226
-4.82258064516
-6.40357142857
-4.88275862069
3.36428571429
5.83103448276
13.6827586207
16.0
15.14
10.5285714286
3.15161290323
-1.39655172414
-6.97666666667
-11.7451612903
-12.3259259259
-6.03870967742
1.33571428571
7.12666666667
11.5833333333
14.7482758621
15.0967741935
9.57931034483
2.51612903226
0.786666666667
-4.68387096774
-13.0161290323
-9.39310344828
-0.977419354839
2.19666666667
9.66129032258
12.35
14.9193548387
13.3548387097
11.05
4.37096774194
-0.11
NaN
-10.9034482759
-8.11739130435
-5.69
2.31428571429
5.58214285714
15.4357142857
NaN
NaN
11.2862068966
4.87931034483
-0.843333333333
-7.84838709677
-2.68333333333
-7.74285714286
-3.10967741935
3.22333333333
8.57741935484
12.8689655172
16.8064516129
NaN
NaN
NaN
-1.088
NaN
-7.68846153846
NaN
NaN
NaN
NaN
12.308
NaN
NaN
NaN
NaN
-2.132
NaN
NaN
NaN
NaN
NaN
NaN
NaN
NaN
NaN
NaN
NaN
NaN
NaN
-15.9653846154
NaN
NaN
NaN
NaN
12.35
NaN
NaN
NaN
NaN
NaN
NaN
NaN
NaN
NaN
NaN
9.04074074074
NaN
NaN
NaN
NaN
3.76153846154
NaN
NaN
NaN
NaN
NaN
NaN
NaN
14.1566666667
17.5233333333
14.8838709677
11.4133333333
4.74838709677
1.09666666667
-3.0
-6.47419354839
-5.19310344828
2.93548387097
1.46333333333
9.72258064516
12.824137931
17.2034482759
13.8933333333
9.24666666667
3.99677419355
-2.67333333333
-2.8064516129
-8.58709677419
-8.75
-4.59677419355
1.01
8.60322580645
13.3896551724
16.0741935484
13.9709677419
10.33
4.26774193548
-2.14666666667
-7.52258064516
-15.435483871
-14.7142857143
-10.5032258065
0.91
7.67741935484
14.35
13.3566666667
14.5967741935
9.51333333333
4.06451612903
-3.41034482759
-2.86333333333
-11.0033333333
-19.137037037
-7.04285714286
1.43571428571
9.95925925926
13.7678571429
14.3366666667
14.1774193548
12.3413793103
5.33225806452
-0.157142857143
0.306451612903
-7.83870967742
-6.91785714286
-0.383870967742
0.87
7.10967741935
12.7166666667
16.2433333333
16.5129032258
12.5233333333
6.55172413793
0.76
-6.34516129032
-5.3
-4.21785714286
-3.19032258065
4.73793103448
7.47419354839
12.8655172414
15.8
13.6032258065
NaN
NaN
