NaN
1459.0
NaN
NaN
NaN
NaN
NaN
NaN
NaN
NaN
NaN
NaN
NaN
NaN
NaN
NaN
NaN
NaN
NaN
NaN
NaN
NaN
NaN
NaN
NaN
NaN
NaN
NaN
NaN
NaN
NaN
NaN
NaN
NaN
NaN
NaN
NaN
NaN
NaN
NaN
NaN
NaN
NaN
NaN
NaN
NaN
NaN
NaN
NaN
NaN
NaN
NaN
NaN
NaN
NaN
NaN
NaN
NaN
NaN
NaN
NaN
NaN
NaN
NaN
NaN
NaN
NaN
NaN
NaN
NaN
NaN
NaN
NaN
NaN
NaN
NaN
NaN
NaN
NaN
NaN
NaN
NaN
NaN
NaN
NaN
NaN
NaN
NaN
NaN
NaN
NaN
NaN
NaN
NaN
NaN
NaN
NaN
NaN
NaN
NaN
NaN
NaN
NaN
NaN
NaN
NaN
NaN
NaN
NaN
NaN
NaN
NaN
NaN
NaN
NaN
NaN
NaN
NaN
NaN
NaN
NaN
NaN
NaN
271.0
262.0
150.0
359.0
125.0
518.0
784.0
972.0
1132.0
849.0
770.0
181.0
162.0
236.0
102.0
258.0
497.0
407.0
765.0
793.0
855.0
627.0
422.0
130.0
575.0
186.0
348.0
108.0
186.0
739.0
1161.0
1477.0
506.0
1140.0
916.0
454.0
621.0
465.0
80.0
396.0
460.0
525.0
930.0
578.0
642.0
921.0
1480.0
465.0
742.0
462.0
242.0
97.0
509.0
570.0
213.0
448.0
272.0
NaN
NaN
775.0
NaN
396.0
420.0
199.0
307.0
1385.0
NaN
NaN
1320.0
1069.0
579.0
341.0
NaN
NaN
170.0
46.0
658.0
NaN
NaN
NaN
1581.0
NaN
NaN
NaN
NaN
NaN
NaN
NaN
NaN
NaN
702.0
NaN
NaN
NaN
NaN
NaN
NaN
NaN
NaN
NaN
NaN
NaN
NaN
NaN
NaN
897.0
NaN
NaN
NaN
NaN
NaN
NaN
NaN
NaN
NaN
NaN
NaN
NaN
NaN
1137.0
677.0
308.0
616.0
320.0
599.0
457.0
209.0
399.0
1497.0
595.0
584.0
362.0
177.0
NaN
151.0
89.0
706.0
150.0
835.0
1016.0
1684.0
1336.0
864.0
549.0
NaN
NaN
356.0
219.0
264.0
654.0
976.0
891.0
562.0
1879.0
791.0
489.0
795.0
221.0
691.0
140.0
360.0
214.0
178.0
959.0
991.0
822.0
540.0
663.0
808.0
164.0
431.0
323.0
861.0
218.0
66.0
1829.0
908.0
320.0
293.0
293.0
71.0
154.0
38.0
200.0
476.0
513.0
465.0
1073.0
865.0
1467.0
2438.0
699.0
684.0
545.0
149.0
86.0
275.0
268.0
907.0
1030.0
782.0
1476.0
659.0
339.0
344.0
84.0
NaN
NaN
894.0
478.0
783.0
1030.0
784.0
837.0
502.0
599.0
274.0
183.0
313.0
336.0
271.0
51.0
336.0
603.0
884.0
1024.0
1272.0
372.0
218.0
372.0
0.0
463.0
102.0
NaN
267.0
1368.0
500.0
761.0
596.0
1066.0
183.0
191.0
499.0
81.0
363.0
285.0
934.0
454.0
1306.0
784.0
800.0
1364.0
671.0
35.0
NaN
238.0
56.0
238.0
491.0
644.0
1153.0
1022.0
1194.0
651.0
355.0
228.0
172.0
305.0
148.0
651.0
628.0
1410.0
636.0
509.0
421.0
437.0
114.0
775.0
205.0
182.0
198.0
482.0
950.0
1237.0
1231.0
790.0
1168.0
498.0
765.0
51.0
350.0
330.0
263.0
711.0
449.0
1040.0
791.0
661.0
1078.0
522.0
610.0
96.0
104.0
83.0
89.0
46.0
922.0
566.0
2396.0
2509.0
621.0
301.0
273.0
106.0
203.0
102.0
335.0
0.0
471.0
1103.0
688.0
2755.0
743.0
523.0
851.0
239.0
378.0
78.0
257.0
227.0
612.0
1310.0
475.0
912.0
790.0
NaN
77.0
74.0
242.0
152.0
224.0
1032.0
249.0
1975.0
582.0
589.0
503.0
997.0
300.0
493.0
198.0
203.0
167.0
323.0
633.0
963.0
867.0
99.0
922.0
418.0
1027.0
221.0
104.0
285.0
71.0
482.0
861.0
838.0
787.0
927.0
1178.0
254.0
199.0
350.0
247.0
35.0
139.0
607.0
653.0
474.0
1305.0
1419.0
717.0
547.0
NaN
157.0
138.0
106.0
287.0
330.0
680.0
NaN
NaN
NaN
NaN
NaN
NaN
NaN
NaN
NaN
NaN
NaN
NaN
NaN
NaN
NaN
NaN
NaN
NaN
NaN
NaN
NaN
NaN
NaN
NaN
NaN
NaN
NaN
NaN
NaN
NaN
NaN
NaN
NaN
NaN
NaN
NaN
NaN
NaN
NaN
572.0
185.0
NaN
NaN
260.0
360.0
92.0
NaN
NaN
NaN
NaN
NaN
NaN
0.0
0.0
0.0
0.0
NaN
NaN
NaN
NaN
NaN
NaN
NaN
NaN
NaN
NaN
NaN
NaN
128.0
376.0
530.0
689.0
1231.0
1003.0
1418.0
592.0
684.0
NaN
285.0
342.0
398.0
142.0
1285.0
844.0
529.0
845.0
1993.0
406.0
799.0
520.0
370.0
117.0
81.0
342.0
220.0
339.0
898.0
621.0
706.0
602.0
748.0
156.0
137.0
45.0
134.0
234.0
524.0
531.0
902.0
960.0
496.0
1293.0
462.0
378.0
242.0
396.0
206.0
346.0
494.0
953.0
753.0
706.0
565.0
490.0
773.0
165.0
470.0
508.0
170.0
112.0
87.0
1367.0
863.0
624.0
742.0
714.0
970.0
855.0
249.0
178.0
139.0
221.0
126.0
1501.0
431.0
857.0
676.0
NaN
430.0
127.0
323.0
235.0
73.0
373.0
550.0
370.0
1270.0
630.0
287.0
2495.0
1271.0
218.0
365.0
183.0
59.0
125.0
1049.0
1113.0
1449.0
996.0
621.0
1069.0
599.0
693.0
419.0
199.0
319.0
325.0
577.0
630.0
620.0
NaN
1197.0
272.0
457.0
415.0
281.0
264.0
69.0
91.0
63.0
600.0
1133.0
920.0
654.0
1171.0
377.0
361.0
295.0
279.0
116.0
163.0
653.0
557.0
744.0
684.0
500.0
547.0
679.0
118.0
152.0
272.0
160.0
455.0
675.0
1545.0
1090.0
1887.0
517.0
189.0
733.0
312.0
122.0
339.0
188.0
175.0
654.0
948.0
554.0
2033.0
404.0
915.0
636.0
221.0
369.0
271.0
356.0
223.0
638.0
682.0
1275.0
1070.0
1097.0
582.0
511.0
186.0
213.0
216.0
190.0
158.0
458.0
595.0
893.0
843.0
1132.0
476.0
527.0
505.0
535.0
193.0
371.0
533.0
435.0
754.0
1693.0
1068.0
840.0
1097.0
515.0
NaN
349.0
279.0
325.0
231.0
585.0
530.0
1558.0
785.0
958.0
NaN
NaN
