11.5666666667
6.05333333333
1.84838709677
-2.09333333333
-4.92903225806
-10.7161290323
-12.3035714286
-9.12258064516
-2.91666666667
5.39677419355
9.71333333333
12.2774193548
10.5935483871
7.31666666667
2.7
-3.97
-11.4548387097
-15.4129032258
-16.5178571429
-16.59
-2.76333333333
4.35161290323
11.0233333333
9.93548387097
11.4935483871
8.27586206897
2.35483870968
-5.26333333333
-6.93548387097
-15.4806451613
-22.3392857143
-10.5741935484
-2.38666666667
5.21612903226
8.60344827586
11.1903225806
12.435483871
11.0533333333
2.50322580645
-1.04
-2.28709677419
-9.86129032258
-9.21724137931
-5.11428571429
-2.87
3.72
8.81
12.6935483871
14.1677419355
10.58
4.81935483871
-0.57
-7.34838709677
-8.9935483871
-8.15357142857
-7.85
0.376666666667
3.31290322581
10.7344827586
12.0903225806
11.5290322581
NaN
NaN
