NaN
14.2066666667
22.2258064516
29.39
32.3903225806
30.4580645161
25.4833333333
16.2741935484
NaN
2.61
-8.61666666667
-5.50357142857
5.85806451613
19.2233333333
NaN
NaN
30.6935483871
29.2290322581
25.9233333333
14.4677419355
3.81
-2.07419354839
-2.69677419355
0.851724137931
3.72258064516
16.3466666667
23.7838709677
26.7233333333
28.2064516129
28.7935483871
20.1266666667
13.8870967742
-0.33
0.42
-6.9
-2.33214285714
0.741935483871
12.1933333333
19.6548387097
24.3333333333
28.2766666667
24.8903225806
28.1466666667
18.4612903226
6.26
-5.12258064516
-1.55806451613
-1.40714285714
7.23870967742
14.0275862069
20.1870967742
25.67
28.1935483871
26.8193548387
25.0833333333
12.9833333333
3.96896551724
-4.98928571429
-3.34838709677
-7.7
-2.34
14.8466666667
20.4741935484
25.2333333333
27.9
29.6322580645
23.61
20.164516129
12.3333333333
-1.79655172414
0.33
-5.675
2.45483870968
17.1066666667
24.2433333333
26.41
27.6967741935
30.3870967742
22.4266666667
21.6032258065
3.24
-0.687096774194
-1.52333333333
-4.0962962963
4.28709677419
15.65
21.9866666667
27.4137931034
34.064516129
29.6064516129
22.3892857143
17.6482758621
6.91
-2.38666666667
-0.996774193548
-4.325
7.32258064516
14.8866666667
22.4290322581
22.87
28.2258064516
25.735483871
20.6133333333
16.8580645161
7.32
-3.63
-2.79333333333
-4.54814814815
4.50967741935
12.9214285714
20.9133333333
23.59
28.1064516129
25.4483870968
20.4433333333
17.4933333333
4.69333333333
-3.63103448276
-6.80714285714
-7.63333333333
4.54137931034
11.4413793103
21.5419354839
25.02
27.1225806452
25.8451612903
23.024137931
16.81
10.2366666667
-1.46333333333
-8.72666666667
-6.47037037037
7.57
13.2133333333
19.5387096774
25.8933333333
27.3612903226
29.8193548387
24.4586206897
13.9677419355
8.43103448276
1.55517241379
-0.348148148148
-0.769230769231
0.386206896552
17.075862069
21.2433333333
25.4166666667
27.8838709677
28.7774193548
25.9
15.4566666667
4.54137931034
-0.903571428571
-5.08148148148
-0.430769230769
7.66551724138
9.29
16.9586206897
24.2333333333
27.9967741935
NaN
22.16
15.8193548387
6.93928571429
1.16896551724
-0.727586206897
-0.368
5.66129032258
15.0892857143
19.7774193548
24.2137931034
28.2064516129
26.4516129032
27.2862068966
16.3
8.41785714286
1.01333333333
-1.07692307692
-0.776923076923
2.36129032258
9.46333333333
19.5451612903
25.8586206897
27.0548387097
30.5483870968
22.4333333333
15.0896551724
8.93571428571
-6.76923076923
-5.25357142857
-4.88518518519
14.8483870968
19.2931034483
18.6033333333
27.6133333333
29.7677419355
27.435483871
22.5733333333
19.5
2.99259259259
-1.85517241379
-3.36666666667
-0.119230769231
10.1206896552
12.22
24.6322580645
30.3966666667
31.0225806452
26.5793103448
22.7275862069
11.8580645161
0.866666666667
0.168965517241
-13.9344827586
-4.71111111111
-0.143333333333
15.6724137931
22.6096774194
26.0533333333
28.8548387097
26.3096774194
21.56
17.1290322581
9.27333333333
1.33571428571
-3.40740740741
-2.15925925926
3.98571428571
14.8733333333
18.964516129
28.8533333333
30.1838709677
29.5580645161
22.7966666667
14.464516129
10.6379310345
3.88666666667
NaN
-4.324
5.20357142857
15.0148148148
22.9655172414
26.8793103448
30.2419354839
27.9193548387
23.5571428571
18.9033333333
9.42413793103
-6.2
NaN
0.3
1.02666666667
19.6133333333
17.7777777778
23.1103448276
25.9774193548
26.0444444444
22.8535714286
17.9689655172
7.54615384615
-1.3
NaN
-5.27037037037
4.96153846154
11.9275862069
20.5766666667
23.4566666667
32.3870967742
30.0096774194
23.4571428571
15.9172413793
NaN
-3.84814814815
NaN
-6.59583333333
3.59655172414
10.624137931
18.9966666667
23.45
28.6225806452
26.8516129032
21.4965517241
10.3571428571
8.94444444444
-6.10740740741
NaN
1.20434782609
11.4466666667
13.7035714286
24.3666666667
26.1333333333
27.9633333333
27.7193548387
19.6233333333
17.4935483871
8.53666666667
3.05161290323
2.47666666667
-2.39285714286
7.85666666667
13.13
20.1612903226
25.8689655172
30.3806451613
27.9419354839
24.0333333333
13.764516129
4.53666666667
-6.59677419355
-5.63225806452
-1.03448275862
7.65483870968
9.97931034483
21.6451612903
26.61
27.5612903226
26.3612903226
24.5333333333
20.1258064516
4.88
-1.06451612903
0.493548387097
2.48928571429
NaN
17.6103448276
NaN
29.2633333333
32.1451612903
27.9193548387
24.9066666667
17.8612903226
3.54074074074
1.84666666667
-3.47096774194
-1.81785714286
6.40322580645
13.9433333333
23.1838709677
27.3655172414
28.9033333333
29.8333333333
26.0482758621
19.6516129032
8.27931034483
-1.10967741935
-1.16129032258
-3.52857142857
1.16451612903
12.3933333333
19.7483870968
27.07
32.1533333333
27.6633333333
23.4233333333
15.0870967742
10.2066666667
6.21612903226
-5.4
0.613793103448
2.86451612903
15.4666666667
17.8677419355
23.7966666667
26.7580645161
26.7032258065
20.6433333333
20.9483870968
8.01333333333
-6.32068965517
-3.36451612903
0.832142857143
9.79032258065
19.91
21.0322580645
25.93
28.3066666667
28.2966666667
25.5566666667
8.22903225806
7.26
-2.50322580645
-2.06129032258
1.93703703704
4.2
14.3633333333
25.0483870968
24.1266666667
29.2903225806
28.0193548387
21.01
15.7129032258
2.74666666667
-3.53225806452
-3.57741935484
2.06071428571
8.45483870968
13.4966666667
18.9451612903
23.9866666667
28.3548387097
26.8483870968
24.18
19.0322580645
5.8
-3.62333333333
-0.287096774194
1.10344827586
8.8
11.8166666667
23.5870967742
23.6827586207
NaN
29.9774193548
22.1566666667
17.9548387097
7.12666666667
1.71612903226
-8.94333333333
-6.84285714286
7.525
14.8533333333
19.0870967742
25.3275862069
28.8516129032
27.2225806452
21.9933333333
16.1612903226
4.03
-1.36451612903
-7.24193548387
4.48571428571
8.32
17.2827586207
20.5233333333
25.92
31.4870967742
29.9709677419
24.99
14.5870967742
10.87
-0.1
2.25483870968
6.69285714286
5.87419354839
17.4566666667
20.4129032258
29.9733333333
31.8580645161
28.9741935484
27.05
18.2483870968
9.74
3.45806451613
-3.18387096774
0.537931034483
0.212903225806
14.5033333333
22.8
27.3833333333
29.7322580645
27.7935483871
22.8833333333
14.8741935484
4.88333333333
-2.25806451613
3.27741935484
-1.65
5.31612903226
14.54
21.0612903226
33.0333333333
30.6612903226
27.9225806452
26.0766666667
15.6870967742
7.49
-0.716129032258
0.15
0.0821428571429
6.27419354839
14.9266666667
28.3322580645
30.8666666667
30.8387096774
28.0258064516
20.93
19.1225806452
8.87333333333
-2.96333333333
-3.04074074074
0.960714285714
8.48064516129
11.5
17.7225806452
23.4233333333
31.4129032258
28.4741935484
24.4413793103
15.6666666667
3.85666666667
-3.42
-9.46
-11.3862068966
6.1935483871
10.93
23.2774193548
25.45
36.4903225806
31.7193548387
25.5793103448
14.9612903226
5.38666666667
1.05806451613
-7.9064516129
-3.975
3.39032258065
12.35
21.7677419355
25.2133333333
30.5548387097
31.2064516129
24.59
14.4774193548
5.52666666667
-3.00322580645
-4.31
-0.442857142857
10.0
14.9103448276
19.5677419355
25.76
29.8967741935
29.2774193548
24.92
21.2032258065
6.40666666667
-0.370967741935
-0.161290322581
-2.81785714286
6.93103448276
14.1566666667
26.3225806452
26.9466666667
30.6451612903
27.8193548387
27.0966666667
17.3677419355
10.5933333333
4.78064516129
-8.90967741935
-1.64482758621
1.79677419355
13.4433333333
21.2967741935
27.5133333333
31.5161290323
25.3451612903
24.6166666667
19.5935483871
3.98965517241
-0.287096774194
-2.61935483871
-2.54642857143
3.51612903226
17.5533333333
25.0
26.0333333333
29.5677419355
29.2451612903
24.1733333333
16.9161290323
7.73666666667
2.99032258065
-2.27419354839
-2.2
6.82580645161
18.9466666667
20.0483870968
25.26
28.2967741935
27.8322580645
20.79
17.6580645161
7.88
-4.55483870968
-7.06129032258
-0.0142857142857
2.95161290323
15.38
19.1935483871
26.47
29.6387096774
27.6193548387
21.0333333333
16.5903225806
3.7
1.88387096774
3.76129032258
1.21034482759
1.32903225806
11.46
23.0903225806
27.2233333333
28.0322580645
27.3451612903
23.0166666667
18.3064516129
7.01724137931
-2.66666666667
-4.12666666667
-0.925925925926
11.5451612903
13.3551724138
18.0333333333
22.5533333333
27.7548387097
27.0870967742
22.11
17.1166666667
6.44137931034
NaN
-2.61935483871
0.453571428571
11.7709677419
17.57
18.4548387097
25.9933333333
28.6193548387
NaN
23.05
18.4612903226
7.43333333333
2.30967741935
0.409677419355
-4.07407407407
2.8
12.8851851852
18.7933333333
23.44
28.6677419355
32.8290322581
25.5
21.8483870968
3.79666666667
NaN
NaN
-0.386206896552
5.51333333333
18.3965517241
20.3533333333
25.5266666667
30.0967741935
29.8419354839
27.4633333333
NaN
NaN
NaN
NaN
NaN
NaN
NaN
NaN
28.18
29.9741935484
29.0225806452
21.94
18.9967741935
9.65
0.824137931034
-5.10322580645
-2.57857142857
-0.310344827586
8.79333333333
20.0580645161
25.7833333333
26.4161290323
25.2580645161
NaN
19.8903225806
4.17931034483
-4.58387096774
-5.24838709677
-2.36428571429
-0.590322580645
9.27333333333
22.1548387097
22.8551724138
27.3258064516
25.2935483871
20.4733333333
15.5032258065
2.78333333333
-3.38387096774
-4.33870967742
1.07586206897
2.1935483871
15.4966666667
19.7419354839
NaN
NaN
26.5419354839
25.4724137931
15.2129032258
8.25333333333
-1.71612903226
-3.30322580645
-1.12857142857
5.65161290323
9.80333333333
21.2580645161
28.16
28.064516129
28.9967741935
24.6833333333
21.3580645161
9.83
0.774193548387
-4.35806451613
6.28214285714
2.94516129032
16.3033333333
18.5580645161
27.3733333333
29.7870967742
27.1193548387
23.2466666667
14.4419354839
8.81666666667
-0.645161290323
-4.13548387097
-2.62142857143
3.96129032258
19.2133333333
24.4548387097
25.92
31.3451612903
31.9225806452
25.2433333333
17.1580645161
2.0275862069
-4.93333333333
-5.02258064516
-2.6
2.44516129032
12.9433333333
22.0741935484
29.8
26.9258064516
27.6935483871
23.32
21.0741935484
5.46
0.670967741935
-6.16129032258
1.16428571429
5.28387096774
15.3733333333
19.7677419355
25.3433333333
31.035483871
27.4258064516
21.63
14.1677419355
3.83333333333
1.56451612903
-1.9
-3.58928571429
4.66129032258
15.4
23.6290322581
24.0166666667
26.6967741935
29.4096774194
24.15
19.3451612903
9.25666666667
-3.2064516129
-5.74516129032
-3.65
4.4064516129
15.68
22.3566666667
27.9333333333
28.6709677419
30.0580645161
22.4448275862
12.564516129
1.11333333333
3.34838709677
-2.65483870968
-2.15517241379
-1.37741935484
14.9233333333
21.2806451613
25.48
29.8129032258
28.9258064516
23.2
17.6870967742
8.13666666667
-1.68064516129
-3.62580645161
0.796428571429
4.12903225806
9.89
20.3064516129
27.4933333333
27.6
28.5064516129
21.6633333333
18.7870967742
6.13
-3.49677419355
-6.18620689655
-4.56785714286
0.716129032258
13.17
23.7096774194
26.3466666667
26.6064516129
27.6290322581
21.2633333333
17.5733333333
8.43
0.0166666666667
-8.55483870968
-2.48214285714
8.18064516129
16.4166666667
20.9096774194
29.0466666667
27.7612903226
26.8419354839
24.05
23.3741935484
10.1633333333
-5.91612903226
1.07096774194
4.21379310345
3.39
14.7266666667
25.28
28.2166666667
30.8870967742
26.9677419355
22.0266666667
17.0133333333
7.81724137931
-2.52666666667
-4.77741935484
-3.42962962963
-2.38064516129
11.5466666667
22.9870967742
26.8733333333
28.7967741935
27.4483870968
18.5366666667
17.2774193548
7.12666666667
2.76774193548
-8.91290322581
-0.866666666667
9.17419354839
10.4733333333
20.6774193548
27.03
29.9870967742
26.1903225806
22.8633333333
17.9419354839
6.04333333333
-2.00322580645
-2.63225806452
-2.75714285714
8.35483870968
15.09
19.1258064516
25.53
27.6
26.5483870968
22.42
14.2
5.31666666667
0.509677419355
-3.53548387097
-2.3
13.2533333333
NaN
19.9451612903
27.3566666667
27.8838709677
27.7935483871
NaN
NaN
5.47666666667
-1.53214285714
-7.13548387097
-2.63928571429
0.251612903226
15.5333333333
23.6333333333
23.3
NaN
28.9903225806
22.8033333333
13.6806451613
6.05666666667
-3.71612903226
-9.58709677419
-2.98214285714
1.67
14.8933333333
22.1133333333
26.9214285714
28.2733333333
27.4866666667
21.7379310345
15.0064516129
5.27666666667
-3.00357142857
-7.35333333333
-4.1962962963
NaN
NaN
20.1225806452
NaN
NaN
NaN
24.51
18.4709677419
6.44666666667
-1.62580645161
-7.07741935484
-4.41724137931
4.94516129032
12.49
22.5032258065
26.6233333333
26.5612903226
27.5096774194
22.09
13.7290322581
3.57333333333
-6.11290322581
-3.13548387097
-0.882142857143
8.8
12.7866666667
19.8548387097
27.9533333333
28.6580645161
28.4258064516
21.6166666667
19.2677419355
6.59
-3.83870967742
-4.90322580645
-1.36071428571
5.03225806452
15.67
19.1774193548
26.2178571429
31.2
25.3870967742
21.8933333333
17.6129032258
5.77333333333
-1.17
-3.65483870968
-3.18214285714
0.690322580645
8.85
23.4161290323
25.9866666667
30.1419354839
28.5290322581
21.15
20.5806451613
8.71
-0.951612903226
-2.38064516129
5.38275862069
6.55161290323
17.7766666667
21.2935483871
27.7733333333
30.1387096774
28.8516129032
24.52
13.7419354839
3.98666666667
-3.05806451613
-9.89032258065
3.28888888889
9.67741935484
19.5033333333
26.9225806452
28.7266666667
30.5387096774
26.0064516129
23.2366666667
15.15
5.49333333333
-4.65333333333
-8.9
-6.18214285714
4.99677419355
12.7733333333
22.4774193548
27.0966666667
27.6580645161
28.1451612903
26.3233333333
15.8419354839
4.66666666667
-4.90967741935
-12.4161290323
-7.26071428571
1.84838709677
10.2333333333
20.7677419355
26.7866666667
27.4612903226
26.0387096774
24.9827586207
15.935483871
4.38333333333
2.33548387097
-3.68333333333
-3.9
3.91935483871
15.4033333333
24.0533333333
27.77
30.0322580645
26.8419354839
NaN
13.3838709677
NaN
NaN
-0.612903225806
1.86428571429
9.94193548387
16.7366666667
19.7774193548
26.1833333333
28.1709677419
26.1419354839
22.4833333333
NaN
8.67
NaN
-10.4516129032
-3.62962962963
3.6
10.83
NaN
23.8666666667
29.0290322581
26.7733333333
NaN
16.7965517241
5.11428571429
1.25483870968
-2.2
0.0148148148148
4.44137931034
NaN
NaN
NaN
NaN
NaN
NaN
NaN
NaN
NaN
NaN
NaN
NaN
NaN
NaN
26.2566666667
27.7741935484
29.5161290323
22.06
15.9516129032
6.45172413793
-1.70322580645
-5.98387096774
-4.22592592593
7.5
17.2066666667
23.8741935484
24.3566666667
27.4129032258
24.6225806452
20.0533333333
14.4258064516
-0.656666666667
-8.36129032258
-3.16451612903
-5.31071428571
7.68709677419
15.5666666667
20.6451612903
26.5733333333
28.6161290323
24.88
22.3333333333
15.1
3.10344827586
-1.07
-1.03225806452
5.65
8.71290322581
18.7533333333
25.3129032258
29.1333333333
29.9666666667
24.5612903226
22.4033333333
12.9806451613
7.81666666667
-0.522580645161
-7.47419354839
-5.65862068966
7.06
15.2074074074
25.6774193548
29.8166666667
29.8580645161
29.0741935484
23.6166666667
13.3366666667
5.45666666667
-1.73225806452
0.516666666667
-6.30714285714
2.53548387097
13.91
21.5741935484
26.1966666667
29.4
27.8322580645
22.2433333333
17.2935483871
3.41
-7.09677419355
2.59
0.325
8.06451612903
14.1133333333
19.1
26.63
26.6
26.5935483871
23.87
15.7806451613
9.05333333333
-4.45161290323
-7.76129032258
-0.146428571429
6.07741935484
14.9466666667
21.3225806452
28.4233333333
27.4677419355
26.4290322581
20.66
14.5677419355
-0.0607142857143
-0.536666666667
-1.27741935484
0.513793103448
5.65806451613
11.7724137931
22.52
25.7066666667
23.6935483871
24.0612903226
22.0766666667
14.8419354839
1.78333333333
-2.66451612903
-6.25806451613
-6.12142857143
0.193548387097
11.09
18.9357142857
23.6777777778
26.1258064516
26.0066666667
19.9576923077
15.39
5.41034482759
-1.25862068966
-10.6310344828
-5.7
7.95714285714
15.8964285714
23.46
27.0678571429
25.9333333333
24.9148148148
24.2538461538
16.5851851852
8.33703703704
-1.14642857143
-4.73448275862
-1.00769230769
5.94666666667
12.2666666667
19.4
26.5344827586
28.56
29.7
21.3962962963
NaN
NaN
-2.04230769231
NaN
-1.8
3.33666666667
12.5925925926
18.0888888889
25.6666666667
26.2793103448
26.4111111111
21.4357142857
NaN
0.544
-5.28518518519
-5.06296296296
-1.55769230769
5.36666666667
14.7192307692
NaN
29.2814814815
29.2
26.2516129032
23.8533333333
18.1466666667
1.81666666667
-0.235483870968
-3.18709677419
2.76296296296
3.23225806452
15.5178571429
24.7966666667
23.92
28.2193548387
27.635483871
26.2464285714
15.8793103448
8.42857142857
2.02903225806
-6.63
2.99615384615
7.04333333333
14.6033333333
21.6774193548
25.3931034483
30.0064516129
26.33
23.3714285714
16.2096774194
12.6034482759
0.535483870968
-3.36333333333
2.48571428571
11.0225806452
15.4857142857
22.7612903226
24.4566666667
26.5774193548
26.735483871
23.5551724138
18.5064516129
2.95666666667
-9.90714285714
-4.0
-6.16296296296
0.0
15.3344827586
20.364516129
25.43
28.6548387097
27.3967741935
21.46
15.2733333333
14.35
2.7962962963
0.983333333333
1.64444444444
1.3
13.35
19.6741935484
26.9966666667
29.9677419355
26.0333333333
24.0133333333
12.1551724138
5.39
1.78387096774
-4.11
-2.68928571429
6.24333333333
15.45
19.9483870968
25.2933333333
27.8666666667
29.42
24.29
18.0448275862
5.95357142857
0.651724137931
-4.70967741935
-3.06071428571
8.53214285714
17.8333333333
20.4193548387
24.3566666667
26.35
23.8935483871
25.3344827586
16.1366666667
8.23928571429
-0.325806451613
-5.49655172414
1.87142857143
4.56129032258
17.55
18.9774193548
27.86
28.9483870968
26.9172413793
25.475862069
18.0032258065
9.14137931034
-4.97419354839
1.0064516129
-1.47857142857
4.62580645161
17.2034482759
21.0451612903
26.7266666667
30.4896551724
27.4677419355
20.8321428571
14.5129032258
8.23
2.31290322581
-3.2
-7.90384615385
6.83103448276
12.4275862069
24.4666666667
27.692
29.0615384615
26.9689655172
23.9142857143
17.4466666667
6.54827586207
-4.79333333333
-6.21
-5.31923076923
NaN
11.625
20.0366666667
25.1066666667
27.6066666667
26.5451612903
23.0933333333
15.54
5.68
-5.33870967742
-8.24193548387
-0.507142857143
5.38387096774
13.3321428571
20.7580645161
24.5566666667
24.6517241379
24.4516129032
23.8185185185
10.2677419355
10.6482758621
-4.82666666667
-8.74333333333
-6.14285714286
6.24333333333
18.8137931034
21.5366666667
24.8103448276
27.6827586207
29.41
22.2
18.8586206897
6.8
-5.54
NaN
-3.132
3.21666666667
11.6892857143
NaN
25.5321428571
NaN
27.16
21.0666666667
18.3064516129
NaN
0.741379310345
-0.22
1.52857142857
14.7935483871
15.76
23.42
27.5576923077
NaN
27.62
NaN
14.3032258065
8.04137931034
-0.421428571429
-3.56296296296
-2.75
-0.120689655172
9.81785714286
NaN
24.7714285714
28.0551724138
26.7517241379
25.8153846154
15.2571428571
4.21724137931
-5.57333333333
-6.41724137931
-8.375
NaN
13.2038461538
20.1333333333
25.7071428571
25.0193548387
26.36
21.724137931
15.5785714286
2.06296296296
-1.19285714286
-2.88461538462
-6.7
7.67586206897
16.26
19.675862069
25.0724137931
26.7366666667
24.8366666667
25.4233333333
16.8366666667
8.79310344828
1.88709677419
-5.90333333333
-0.95
9.07777777778
14.3678571429
20.1225806452
27.2
26.9
26.2677419355
23.5933333333
17.3533333333
11.83
-3.34838709677
-3.76333333333
3.39230769231
3.44
13.8733333333
19.26
26.6892857143
28.1333333333
23.83
NaN
NaN
