NaN
24.296
13.8896551724
-0.203333333333
-6.84666666667
-3.74333333333
-3.19642857143
3.79
11.8533333333
17.8741935484
23.8233333333
25.6225806452
23.5387096774
20.8933333333
9.97741935484
1.6
-6.44838709677
-9.51379310345
-11.912
-5.13
11.44
16.5548387097
23.6379310345
26.7741935484
23.7387096774
17.9266666667
12.8483870968
8.01333333333
-4.24827586207
-3.47142857143
-10.176
-0.923333333333
17.8166666667
21.6666666667
25.1466666667
25.1032258065
28.0225806452
19.6533333333
18.0548387097
-0.776666666667
-4.70333333333
-7.18709677419
-8.41481481481
1.25161290323
13.7166666667
20.8161290323
22.6333333333
27.3741935484
26.3258064516
19.7433333333
16.6032258065
4.57333333333
-5.34333333333
-5.55666666667
-2.47037037037
6.75333333333
10.3206896552
18.6096774194
22.7866666667
27.7096774194
25.3967741935
17.2366666667
13.34
4.16428571429
-5.43666666667
-8.1
-7.17777777778
2.84
12.0296296296
19.5733333333
26.2185185185
25.6
22.3233333333
18.7115384615
13.7838709677
2.67407407407
NaN
NaN
-12.3538461538
-0.529032258065
8.60666666667
19.2161290323
23.224137931
26.2612903226
25.1483870968
17.8931034483
11.2935483871
7.59333333333
-5.20666666667
-11.8413793103
-6.35555555556
4.16451612903
10.2233333333
18.2935483871
23.83
26.4548387097
27.4129032258
22.1233333333
13.13
4.48
-2.01290322581
-3.02580645161
-4.78928571429
-2.06451612903
14.8033333333
15.28
22.4833333333
26.4580645161
25.0129032258
23.3
12.7096774194
2.61
-6.15483870968
-12.2193548387
0.435714285714
1.55161290323
5.45666666667
13.0516129032
23.9033333333
25.7903225806
24.5709677419
18.23
12.8612903226
3.83333333333
-2.15483870968
-3.65161290323
-3.66206896552
1.42258064516
12.34
17.9935483871
22.4137931034
26.9709677419
23.8709677419
23.6333333333
13.1580645161
4.81333333333
-4.77096774194
-7.67096774194
-6.58571428571
0.177419354839
5.86206896552
17.3483870968
24.7766666667
26.6677419355
27.064516129
21.3074074074
11.6451612903
5.16333333333
-7.62258064516
-6.41612903226
-8.09642857143
11.1451612903
16.2566666667
17.9033333333
28.5066666667
28.9064516129
25.7766666667
21.8333333333
17.4161290323
-0.563333333333
-6.34814814815
-9.42903225806
-3.33928571429
5.66774193548
12.0566666667
22.6225806452
27.4133333333
26.1870967742
23.3733333333
19.0933333333
11.3483870968
-2.8724137931
-3.83225806452
-16.5806451613
-7.43448275862
-1.37419354839
14.2233333333
19.5580645161
23.45
25.3580645161
21.7838709677
19.58
15.0225806452
6.03333333333
-1.58333333333
-8.8
-7.60714285714
-2.45483870968
14.87
17.3870967742
26.4033333333
26.0935483871
26.7870967742
21.3466666667
11.3666666667
8.08666666667
1.22258064516
-3.87
-10.1925925926
2.50967741935
10.1266666667
22.0225806452
23.2566666667
29.7322580645
25.5
21.84
17.9322580645
6.00333333333
-7.27419354839
-8.2935483871
-0.710714285714
2.96129032258
18.3066666667
17.5193548387
21.86
24.4677419355
25.9161290323
21.6310344828
16.4774193548
4.22333333333
-3.8935483871
-10.9387096774
-8.29655172414
0.3
10.6133333333
18.264516129
21.6
31.0193548387
26.9387096774
19.9833333333
10.3433333333
3.99333333333
-7.74333333333
-10.7290322581
-10.5
0.958064516129
8.53666666667
19.1129032258
22.54
27.7064516129
23.764516129
19.4966666667
5.94838709677
6.94666666667
-8.80333333333
-13.1
-4.425
7.61290322581
12.4466666667
19.7
23.82
26.7
26.6967741935
18.0466666667
13.6407407407
4.66333333333
-1.54333333333
-3.40333333333
-6.3
1.70322580645
11.2766666667
19.4387096774
25.28
27.4741935484
23.9967741935
20.2266666667
8.66451612903
-1.40666666667
-8.97037037037
-10.95
-6.51379310345
3.23870967742
7.22413793103
19.9935483871
23.0533333333
25.4677419355
26.4387096774
22.2566666667
16.3290322581
1.94827586207
-4.25172413793
-3.87
-0.721428571429
3.08709677419
14.1633333333
20.3677419355
26.0366666667
29.3548387097
25.9838709677
20.5933333333
14.5193548387
-1.20333333333
-3.8275862069
NaN
-8.4
1.86129032258
10.6266666667
21.6580645161
24.7
25.9903225806
27.4161290323
22.2866666667
15.364516129
4.78620689655
-6.67741935484
-6.29032258065
-9.34285714286
-3.16451612903
9.56666666667
20.0225806452
26.6366666667
27.5838709677
NaN
21.52
14.0387096774
7.00666666667
-0.0193548387097
-11.2
-2.38620689655
2.14193548387
9.73
14.5483870968
22.3566666667
25.1064516129
23.2
17.8833333333
17.9580645161
2.52
-11.0161290323
-7.26774193548
-4.25555555556
4.48387096774
15.1966666667
19.1032258065
22.8533333333
25.6516129032
26.8096774194
20.1233333333
5.52580645161
3.53333333333
-5.59032258065
-4.87419354839
-2.13214285714
-0.78
12.0233333333
22.0290322581
22.1333333333
26.7419354839
24.3483870968
16.5366666667
11.2612903226
NaN
-7.45161290323
-8.13333333333
-3.37857142857
3.65161290323
10.6166666667
13.7709677419
22.1633333333
24.135483871
23.8096774194
20.1366666667
14.2516129032
-0.493333333333
-11.5193548387
-6.83548387097
-3.79310344828
2.57419354839
8.03333333333
21.0387096774
21.0766666667
25.3612903226
24.564516129
16.8466666667
12.9033333333
4.82333333333
-1.47
-14.5516129032
-9.23571428571
3.3935483871
11.54
16.4838709677
24.0933333333
27.8870967742
25.9870967742
18.52
NaN
1.16333333333
-6.60322580645
-11.9290322581
-0.935714285714
2.44482758621
13.0033333333
18.65
24.6066666667
29.1161290323
29.2032258065
22.12
11.5419354839
5.25333333333
-2.72258064516
-1.97741935484
2.28928571429
2.47741935484
13.9066666667
18.5483870968
26.2766666667
28.0064516129
24.6419354839
23.7133333333
16.664516129
7.32
0.432258064516
-4.6064516129
-3.72068965517
-2.74838709677
11.6633333333
20.3451612903
26.38
28.3903225806
27.1516129032
21.532
10.8741935484
1.74666666667
-6.03870967742
-2.10322580645
-8.41428571429
1.65483870968
10.77
19.0129032258
29.4633333333
28.2258064516
25.9666666667
22.93
11.5774193548
1.01
-6.58666666667
-4.82903225806
-5.51428571429
0.516129032258
10.47
24.1774193548
25.0533333333
26.6714285714
24.6193548387
17.9433333333
15.2322580645
5.68666666667
-7.04193548387
-10.2064516129
-0.867857142857
2.49032258065
9.43333333333
16.8451612903
20.9666666667
28.9451612903
24.9677419355
16.21
12.3096774194
-1.23666666667
-5.96451612903
-13.3193548387
-14.375862069
0.874193548387
6.59333333333
21.5419354839
23.4933333333
31.1903225806
24.8703703704
21.3038461538
10.6612903226
0.663333333333
-3.68387096774
-11.6967741935
-6.35555555556
-0.0161290322581
8.08666666667
19.6214285714
22.6866666667
27.3806451613
27.8
19.9466666667
10.7612903226
2.35333333333
-5.48064516129
-8.55925925926
-3.41071428571
7.19032258065
12.0933333333
16.1862068966
23.79
25.7677419355
27.2709677419
20.19
16.6483870968
2.03666666667
-4.37419354839
-5.35161290323
-8.80714285714
1.64516129032
9.93666666667
21.8387096774
23.3366666667
27.864516129
26.264516129
21.78
11.935483871
7.03
1.57741935484
-10.1258064516
-3.85
-1.5935483871
9.45862068966
18.4709677419
23.2466666667
27.0870967742
22.6193548387
21.9633333333
15.1419354839
-0.13
-2.37096774194
-5.57419354839
-5.41071428571
1.36129032258
14.0366666667
21.0580645161
23.7466666667
27.964516129
25.0193548387
20.0
14.1935483871
5.07857142857
-1.09677419355
-2.89032258065
-3.88214285714
6.23225806452
NaN
17.4
21.93
24.9516129032
24.6774193548
17.3
14.4290322581
3.47
-6.95
-10.7935483871
NaN
-1.2
12.28
17.3580645161
NaN
28.8032258065
25.9677419355
NaN
15.4838709677
1.36666666667
0.526666666667
1.04193548387
-2.29655172414
0.0806451612903
11.3793103448
18.4961538462
24.628
26.1419354839
25.7161290323
18.97
15.6379310345
4.54666666667
-4.17741935484
-8.19677419355
-3.51785714286
8.20322580645
9.79333333333
15.9935483871
20.9333333333
25.7193548387
24.9709677419
18.0133333333
13.9709677419
1.23666666667
-7.38387096774
-6.60967741935
-5.53571428571
9.02258064516
14.3866666667
17.1838709677
23.5033333333
25.9290322581
23.5451612903
NaN
13.1903225806
4.16333333333
-5.01290322581
-3.63548387097
-7.22142857143
0.9
9.2
15.3384615385
21.9
27.7548387097
28.364516129
19.9533333333
19.1258064516
NaN
-5.02258064516
-8.64516129032
-4.94137931034
1.43225806452
13.29
20.0548387097
23.1833333333
26.9225806452
25.88
22.9433333333
15.1129032258
2.80333333333
-4.29333333333
-7.15
NaN
-0.2
NaN
NaN
23.3965517241
NaN
25.6935483871
NaN
NaN
4.82068965517
NaN
NaN
-4.33214285714
-0.586666666667
4.91
17.0193548387
25.3233333333
25.5387096774
23.8516129032
20.8766666667
14.6
0.65
-7.42903225806
-8.85806451613
-4.32857142857
-0.922580645161
9.27333333333
21.9096774194
22.08
26.7935483871
22.0096774194
17.39
11.7129032258
-0.706666666667
-6.41
-6.73870967742
-0.655172413793
0.303225806452
15.85
21.0193548387
26.1066666667
26.2709677419
24.1129032258
21.54
12.03
5.16333333333
-1.72903225806
-5.83870967742
-3.67142857143
2.75161290323
8.88
19.8419354839
24.6166666667
25.6483870968
25.7580645161
19.2966666667
19.0
6.55
-3.05161290323
-10.3548387097
2.61428571429
0.838709677419
10.58
15.2451612903
24.0862068966
26.3838709677
24.1483870968
17.8
12.1709677419
5.94666666667
-1.84193548387
-7.37096774194
-6.14642857143
-0.4
16.63
23.0870967742
23.8033333333
28.3580645161
26.9741935484
19.9166666667
14.9580645161
-0.72
-8.31290322581
-6.47741935484
-4.83103448276
0.783870967742
9.3
18.6870967742
25.7833333333
24.9689655172
25.4129032258
19.4266666667
17.9548387097
4.56333333333
-2.29677419355
-10.0774193548
-3.89285714286
2.85161290323
12.6566666667
20.1482758621
22.6466666667
28.2935483871
25.41
18.8933333333
12.8322580645
2.83666666667
-1.51290322581
-3.29032258065
-4.43928571429
4.48387096774
14.4966666667
21.9548387097
21.0566666667
24.9806451613
26.1741935484
20.1533333333
15.1483870968
4.65333333333
-7.16774193548
-9.46129032258
-4.30357142857
4.9064516129
12.6833333333
20.7483870968
25.66
27.8806451613
27.3903225806
20.02
9.33870967742
-1.61724137931
0.363333333333
-6.28387096774
-4.10689655172
-1.39677419355
11.5366666667
20.6161290323
22.99
27.7580645161
26.7161290323
21.1333333333
15.1129032258
4.47666666667
-4.43548387097
-7.07419354839
1.31785714286
6.99677419355
8.21333333333
19.5548387097
27.0766666667
25.9677419355
27.9516129032
20.3466666667
15.2225806452
3.13
-5.82258064516
-8.8935483871
-5.78928571429
2.16129032258
10.8666666667
19.8516129032
23.35
24.2935483871
26.035483871
19.6
16.2
6.11
-2.75161290323
-11.4032258065
-5.08571428571
6.7935483871
13.8566666667
18.4612903226
25.7033333333
28.4516129032
25.8892857143
21.4633333333
20.6806451613
7.42666666667
-7.92258064516
-2.53666666667
-0.203571428571
1.10967741935
13.9866666667
22.51
24.0655172414
28.9806451613
23.3548387097
19.1533333333
14.4774193548
4.25666666667
-7.81290322581
-7.75806451613
-6.12857142857
-1.7064516129
9.79
19.9612903226
24.4666666667
26.8193548387
25.7161290323
15.0866666667
15.2935483871
4.32333333333
-0.809677419355
-12.5290322581
-3.65714285714
5.59032258065
8.36666666667
17.8483870968
25.8133333333
29.7096774194
24.5833333333
22.0466666667
14.9290322581
1.71
-4.16451612903
-5.01666666667
-6.44642857143
3.46451612903
11.34
16.5580645161
23.77
27.4225806452
26.1870967742
22.96
13.1935483871
2.88333333333
-3.26129032258
-6.10322580645
-4.37931034483
9.26451612903
13.9733333333
17.7774193548
24.7766666667
26.4903225806
26.5935483871
20.8333333333
15.3129032258
3.67333333333
-5.81935483871
-9.19032258065
-2.775
2.24193548387
14.24
20.1774193548
21.3233333333
26.8677419355
29.764516129
21.8133333333
11.3741935484
3.85666666667
-3.00666666667
-9.26774193548
-2.80357142857
1.77666666667
10.9566666667
17.9580645161
27.0933333333
30.3580645161
28.5774193548
22.0
14.3516129032
2.38666666667
-5.37096774194
-10.8483870968
-2.61428571429
2.55161290323
13.7966666667
19.6
27.0566666667
25.7516129032
26.8225806452
22.2333333333
15.6466666667
3.03666666667
-4.4
-9.71612903226
-6.87586206897
1.62580645161
9.58
22.6129032258
26.42
26.4419354839
26.0172413793
19.6533333333
12.4896551724
1.58620689655
-7.78709677419
-3.34137931034
-1.47857142857
8.25483870968
12.76
19.0419354839
25.5033333333
27.3838709677
27.0966666667
19.9857142857
16.93
3.98928571429
-4.65483870968
-7.0935483871
-1.49642857143
1.99032258065
13.5172413793
16.9
25.72
30.0161290323
24.7322580645
19.8066666667
15.3677419355
4.92
-0.583870967742
-4.46129032258
-3.26785714286
0.877419354839
7.74333333333
22.7677419355
24.83
29.664516129
26.2633333333
18.5266666667
16.4322580645
6.78333333333
-4.9
-7.57419354839
1.9724137931
3.54333333333
16.7366666667
21.2225806452
27.6172413793
29.5774193548
29.7516129032
23.87
13.12
0.66
NaN
-12.7533333333
-0.439285714286
7.68333333333
17.4366666667
26.7066666667
25.28
28.1133333333
23.3870967742
19.8733333333
14.1032258065
3.46
-6.88387096774
-9.41333333333
-5.57142857143
5.23225806452
12.1666666667
22.8193548387
24.56
26.4516129032
27.0806451613
23.1233333333
15.4870967742
4.24444444444
-5.86333333333
-12.1709677419
-7.91785714286
1.63225806452
8.92
17.0032258065
24.5166666667
27.3709677419
24.3793103448
22.7033333333
12.9741935484
3.76666666667
0.358064516129
-6.12333333333
-3.84137931034
3.15806451613
16.2766666667
25.3322580645
26.0533333333
29.6516129032
26.6838709677
21.0296296296
12.5451612903
6.08
-3.93225806452
-1.72580645161
1.01428571429
7.81290322581
15.1
21.39
24.89
28.4741935484
26.4451612903
21.1733333333
12.4161290323
7.75
-4.21935483871
-10.7461538462
-3.7
1.81724137931
12.2192307692
22.3931034483
22.84
28.7931034483
26.6103448276
21.0321428571
NaN
NaN
-0.734482758621
-3.48888888889
0.492592592593
4.19032258065
12.1928571429
19.5103448276
25.4964285714
30.4451612903
30.1733333333
NaN
NaN
3.204
NaN
-6.32413793103
2.82068965517
2.69666666667
14.9535714286
20.1483870968
25.1965517241
29.0935483871
30.5566666667
18.4642857143
15.1866666667
4.36666666667
-4.29333333333
-6.02333333333
-4.075
7.15517241379
15.7433333333
23.0709677419
23.3
27.96
24.1633333333
19.5642857143
14.6838709677
-0.541379310345
-9.1935483871
-2.7275862069
-4.01428571429
6.51379310345
15.1344827586
22.2206896552
26.9964285714
28.2193548387
24.7709677419
19.3107142857
14.8032258065
1.71428571429
-0.487096774194
-2.36666666667
3.95
NaN
20.6785714286
23.5413793103
28.8931034483
30.57
27.0033333333
22.7172413793
12.5935483871
7.28620689655
-1.57419354839
-7.45666666667
-5.95714285714
3.64482758621
15.388
26.475
30.4535714286
32.3793103448
28.4655172414
21.87
12.5483870968
4.06071428571
-2.43103448276
-1.66666666667
-7.41481481481
2.41666666667
12.3678571429
21.8032258065
25.6357142857
30.7516129032
28.0161290323
22.24
16.74
2.46333333333
-8.12580645161
0.325806451613
0.339285714286
6.26774193548
14.3466666667
20.6
26.0766666667
27.9548387097
26.3129032258
21.85
12.6677419355
6.30666666667
-5.11612903226
-8.50322580645
1.448
4.21290322581
14.59
20.9741935484
26.54
26.0322580645
27.9064516129
19.0166666667
12.2451612903
-0.906896551724
-4.06129032258
-3.96451612903
-1.21034482759
4.03870967742
8.67
21.3967741935
22.6733333333
21.9387096774
23.0451612903
19.94
13.3516129032
0.253333333333
-5.52258064516
-6.61034482759
-4.89230769231
3.51290322581
10.71
17.7709677419
21.56
23.9290322581
24.9096774194
16.17
11.864516129
0.153333333333
-5.06774193548
-13.3064516129
-8.55185185185
3.26774193548
11.9448275862
20.6064516129
24.9766666667
24.7193548387
24.0741935484
21.3566666667
14.2290322581
6.64666666667
-0.6
-7.45769230769
-5.15185185185
4.09032258065
8.09642857143
17.9225806452
27.1034482759
25.5709677419
27.1161290323
19.4666666667
11.224137931
-2.08333333333
-6.83
-11.3516129032
-5.97142857143
-1.83548387097
8.24333333333
17.1709677419
24.1566666667
24.7419354839
26.2225806452
19.7066666667
12.6483870968
-1.83333333333
-9.12333333333
-9.33
-2.80357142857
1.72580645161
9.88
14.8032258065
25.5275862069
24.7677419355
23.4096774194
21.7033333333
12.8096774194
-0.596551724138
-0.986666666667
-5.82666666667
2.10357142857
1.47741935484
14.2233333333
23.435483871
21.2966666667
26.8677419355
26.3677419355
23.32
13.5838709677
4.18333333333
-2.26551724138
NaN
NaN
NaN
NaN
19.1387096774
23.3166666667
27.7612903226
NaN
19.02
12.0129032258
9.29333333333
-0.970967741935
-6.64838709677
-0.339285714286
7.76129032258
11.22
19.8064516129
22.0
26.3838709677
25.3933333333
19.3366666667
14.6483870968
2.33793103448
-12.35
-3.78064516129
-8.97037037037
1.95161290323
10.44
19.5741935484
24.1966666667
27.235483871
27.52
19.7066666667
12.5225806452
10.0586206897
-0.432142857143
-3.89032258065
0.857692307692
-2.13225806452
8.2
15.3419354839
25.4766666667
27.9387096774
24.7
21.5133333333
6.89677419355
2.37333333333
-1.83214285714
-7.39677419355
-6.824
2.58275862069
12.5766666667
18.7806451613
23.8033333333
27.2322580645
28.5322580645
20.2733333333
14.3741935484
0.953571428571
-1.94333333333
-10.0333333333
NaN
NaN
12.225
16.0290322581
21.56
25.5903225806
22.2967741935
22.81
12.8677419355
5.76333333333
-4.77419354839
-8.97096774194
-2.00357142857
2.50322580645
15.15
15.7612903226
24.84
27.6266666667
25.6935483871
22.2033333333
14.2451612903
5.17333333333
-4.28387096774
-0.423333333333
-5.65357142857
3.78064516129
16.11
18.9322580645
24.5933333333
29.964516129
26.6548387097
19.4933333333
11.5258064516
4.84333333333
-0.309677419355
-4.60967741935
-7.66428571429
4.8935483871
11.1133333333
21.5419354839
26.2633333333
27.9129032258
25.4774193548
21.0965517241
13.9838709677
3.78275862069
-6.48709677419
-7.35666666667
-7.49259259259
0.483870967742
10.0333333333
16.5032258065
22.62
26.6709677419
27.0225806452
20.71
13.4741935484
3.98
-8.47419354839
-11.1322580645
-3.66785714286
1.79677419355
10.7633333333
19.2620689655
23.2533333333
NaN
23.6096774194
23.6333333333
7.80666666667
7.79333333333
-6.76774193548
-7.65161290323
-2.89642857143
8.32258064516
17.1433333333
20.0322580645
22.93
27.0322580645
27.0032258065
18.1333333333
16.5806451613
3.87333333333
-6.87419354839
-10.535483871
-3.88214285714
1.7935483871
10.0533333333
17.8258064516
22.22
28.6161290323
26.3161290323
21.3633333333
15.5290322581
5.63666666667
-0.838709677419
-3.67419354839
-0.424137931034
10.2033333333
13.0633333333
20.0516129032
25.1066666667
29.5838709677
26.3
21.65
11.7129032258
3.82666666667
-4.58709677419
-5.75161290323
-5.09285714286
0.238709677419
5.44333333333
17.72
23.29
26.5774193548
26.7516129032
23.1166666667
11.6709677419
1.91333333333
-11.5387096774
-10.9129032258
-9.16785714286
-1.00322580645
7.87333333333
NaN
NaN
NaN
NaN
20.74
13.1709677419
-1.09666666667
-2.46451612903
-5.10322580645
-7.88214285714
4.55161290323
13.21
18.6225806452
24.3633333333
27.4225806452
24.535483871
24.0533333333
14.1064516129
7.58
-0.535483870968
-6.29032258065
-1.61034482759
7.98064516129
10.9379310345
19.9806451613
24.0
25.9870967742
26.0064516129
20.55
13.8161290323
9.35
-4.75161290323
-4.9
0.757142857143
3.36774193548
12.5766666667
17.4612903226
24.4666666667
26.7290322581
23.2935483871
NaN
NaN
