-16.2866666667
-7.90384615385
-7.01612903226
6.64333333333
5.70666666667
10.7517241379
13.9580645161
11.5967741935
10.24
4.61290322581
NaN
-11.2064516129
-18.0516129032
-18.1206896552
-8.47741935484
0.496551724138
6.71935483871
10.1033333333
18.2387096774
14.1419354839
7.86785714286
-0.01
-5.975
-20.1655172414
-23.0857142857
-23.472
-8.95483870968
-0.786206896552
4.18
10.4233333333
14.7709677419
10.9709677419
7.09333333333
-2.90689655172
-2.7
-19.6428571429
-23.6
-16.4923076923
-4.55666666667
-2.57666666667
7.85806451613
12.56
14.4483870968
15.4741935484
5.45172413793
3.80333333333
-3.84814814815
-6.54827586207
-11.0862068966
-14.5043478261
-7.3
1.77333333333
7.18387096774
14.8633333333
16.0096774194
12.5
11.2
1.42903225806
-7.68333333333
-16.9
-19.7225806452
-12.6689655172
-6.17096774194
-1.99666666667
7.06129032258
13.48
13.6548387097
12.4419354839
11.4633333333
6.05806451613
-4.57333333333
-9.82903225806
-10.0903225806
-10.5
-3.52
2.40333333333
9.15161290323
16.29
17.6548387097
14.1064516129
10.7966666667
3.98709677419
-8.23666666667
-11.0967741935
-16.1433333333
-16.3142857143
-4.12258064516
1.19310344828
10.18
13.9833333333
13.3548387097
15.035483871
11.3933333333
5.04838709677
0.223333333333
-14.0741935484
-13.3677419355
-18.3296296296
-11.0366666667
0.0533333333333
7.48064516129
14.6233333333
16.964516129
12.7516129032
10.8233333333
1.82903225806
-3.07
-7.49677419355
-20.6451612903
-11.0931034483
-6.11290322581
0.423333333333
2.86785714286
11.6133333333
12.6483870968
13.6870967742
8.07666666667
6.72258064516
-4.39666666667
-17.6935483871
-16.6677419355
-10.7714285714
-3.9935483871
4.51666666667
4.37741935484
13.1766666667
14.5903225806
14.6096774194
12.7166666667
-1.68387096774
-5.07666666667
-12.8548387097
-13.935483871
-8.40714285714
-7.92903225806
-1.04
9.42580645161
9.94666666667
15.8419354839
15.0387096774
10.11
2.44193548387
-6.47
-15.1193548387
-15.7032258065
-9.74285714286
-2.08064516129
2.78666666667
6.9064516129
11.7933333333
13.4064516129
11.0451612903
12.1866666667
3.76451612903
-4.62666666667
-17.9225806452
-12.535483871
-10.0655172414
-4.68064516129
-1.86666666667
9.1
10.6866666667
15.8709677419
14.6741935484
7.79666666667
4.06451612903
-2.21333333333
-8.5
-23.0129032258
-18.9321428571
-4.19677419355
2.22
5.76451612903
11.7533333333
15.6032258065
14.7903225806
9.02
3.35161290323
-7.56333333333
-12.8193548387
-19.9870967742
-6.825
-4.9064516129
2.09666666667
8.08387096774
13.0466666667
16.5096774194
15.2322580645
9.50666666667
3.60322580645
-2.86333333333
-9.71612903226
-8.34838709677
-5.73214285714
-4.90967741935
2.31
6.14838709677
16.5266666667
16.464516129
14.1709677419
13.7933333333
6.48064516129
-0.613333333333
-4.40967741935
-14.0967741935
-12.3724137931
-9.96129032258
2.19666666667
8.94516129032
15.1433333333
15.8774193548
15.0064516129
7.58
1.9
-6.18666666667
-13.3161290323
-9.0
-16.5821428571
-5.31612903226
1.36666666667
8.5064516129
16.59
17.0967741935
12.7290322581
13.2333333333
1.98387096774
-5.59
-12.3806451613
-10.9580645161
-11.7107142857
-7.73870967742
0.723333333333
12.5903225806
15.4366666667
17.435483871
13.3548387097
7.96333333333
5.80967741935
-1.15
-15.1580645161
-16.735483871
-7.87857142857
-3.29677419355
1.47333333333
6.50322580645
11.5833333333
18.5580645161
13.5516129032
9.02222222222
1.7064516129
-6.49666666667
-12.8161290323
-21.5741935484
-24.7310344828
-6.30322580645
-1.59333333333
10.4064516129
11.41
18.064516129
16.035483871
11.4566666667
0.745161290323
-6.44
-10.6032258065
-21.1258064516
-16.0
-7.61935483871
2.12333333333
8.76129032258
12.59
16.3258064516
18.8064516129
10.41
2.29677419355
-6.23
-12.5290322581
-13.9967741935
-10.0142857143
-2.31935483871
2.25333333333
7.93870967742
12.8833333333
16.5741935484
15.7161290323
10.74
6.66451612903
-5.41
-10.2935483871
-10.3032258065
-17.2428571429
-6.56666666667
0.206666666667
10.7419354839
14.0366666667
16.1516129032
14.064516129
11.0533333333
3.1935483871
-3.69666666667
-6.75806451613
-18.5483870968
-10.175862069
-7.76774193548
0.703333333333
5.79
13.6133333333
16.4741935484
14.6096774194
11.24
6.14838709677
-5.88666666667
-9.82258064516
-11.7741935484
-14.2
-5.79677419355
5.39
11.3064516129
15.2620689655
16.1967741935
15.6
11.51
5.39032258065
-2.40333333333
-6.55806451613
-12.0870967742
-10.7821428571
-2.6064516129
3.97666666667
7.55806451613
13.52
15.0419354839
14.8
8.98666666667
3.22258064516
-4.01333333333
-14.0548387097
-18.2451612903
-13.5357142857
-9.47096774194
0.553333333333
6.50322580645
15.28
16.5064516129
16.1419354839
6.94666666667
2.61290322581
-6.17333333333
-10.0387096774
-8.38709677419
-11.575862069
-7.41935483871
0.536666666667
10.935483871
14.93
14.7483870968
15.4419354839
10.63
3.63870967742
0.39
-11.5483870968
-14.7580645161
-11.8785714286
-1.66129032258
1.50666666667
5.18387096774
10.65
14.5548387097
15.0580645161
9.23666666667
2.50967741935
-4.10666666667
-14.3774193548
-14.3548387097
-11.9821428571
0.951612903226
3.57333333333
5.69677419355
13.5166666667
16.0258064516
12.6032258065
9.61333333333
4.66451612903
-4.79333333333
-10.2580645161
-10.6258064516
-15.2851851852
-6.23870967742
0.496666666667
5.74516129032
11.9466666667
15.0290322581
18.8032258065
11.4266666667
8.94193548387
-7.06666666667
-13.135483871
-17.9709677419
-14.1551724138
-7.91612903226
3.75333333333
7.62903225806
12.54
15.964516129
15.7774193548
12.26
3.04838709677
-1.33
-11.9741935484
-14.8548387097
-15.4785714286
-5.20322580645
1.43448275862
10.0806451613
14.91
17.3129032258
15.4258064516
7.65333333333
5.64838709677
-2.13666666667
-11.2193548387
-18.2806451613
-13.5714285714
-8.12580645161
-1.35
7.18709677419
12.11
13.8935483871
12.9258064516
9.78333333333
5.34516129032
-8.29666666667
-17.0419354839
-18.8935483871
-13.2892857143
-12.2033333333
0.0566666666667
9.58709677419
11.1166666667
14.4419354839
13.3806451613
7.26666666667
2.97741935484
-9.72333333333
-14.2903225806
-17.5741935484
-8.56206896552
-8.52903225806
1.5275862069
6.96451612903
14.3333333333
15.2
13.1548387097
8.99333333333
-1.74193548387
-5.40666666667
-10.3967741935
-13.2096774194
-12.1464285714
-5.36774193548
-0.58
7.88387096774
15.26
16.0451612903
NaN
8.69333333333
5.91612903226
-2.30333333333
-10.5548387097
-17.0741935484
-4.56666666667
-7.3
1.5
5.47741935484
15.2928571429
16.6
14.0709677419
10.51
3.41
-1.63103448276
-9.40666666667
-14.6483870968
-15.4428571429
-9.02903225806
4.90666666667
10.0709677419
12.94
19.035483871
17.0225806452
9.79333333333
3.62258064516
-8.65333333333
-16.0806451613
-16.5
-16.4
-8.8
-1.63
8.12258064516
15.5366666667
14.2290322581
14.6032258065
6.98620689655
6.39333333333
-4.65
-9.84516129032
-18.2032258065
-11.3464285714
-6.23225806452
1.03333333333
7.43548387097
13.0103448276
17.7870967742
15.1096774194
8.38666666667
2.96129032258
-4.58965517241
-8.37096774194
-9.73548387097
-15.8321428571
-5.44516129032
0.92
8.44516129032
10.51
14.2516129032
14.9774193548
10.7966666667
5.05806451613
-4.31666666667
-14.8451612903
-18.2290322581
-16.4678571429
-5.55483870968
1.44666666667
9.87096774194
14.2133333333
14.8935483871
17.5193548387
10.1333333333
1.83870967742
-9.15333333333
-5.60967741935
-12.6064516129
-12.6034482759
-12.9322580645
2.03
7.97096774194
11.96
15.2677419355
15.6870967742
11.0366666667
3.08709677419
-2.96666666667
-13.1741935484
-15.2516129032
-9.48214285714
-4.42580645161
-1.3
6.19032258065
12.7933333333
14.4935483871
14.964516129
9.60357142857
3.42580645161
-4.85333333333
-14.6275862069
-18.4166666667
-13.9148148148
-9.35806451613
-0.573333333333
10.5064516129
12.3033333333
13.64
13.2870967742
6.66785714286
4.15483870968
-2.77333333333
-12.4193548387
-21.2870967742
-15.6214285714
-5.61612903226
1.54
6.96774193548
14.51
16.2870967742
13.8870967742
10.71
8.12903225806
-1.93
-17.0967741935
-11.8580645161
-11.2678571429
NaN
1.81666666667
9.3
12.7366666667
16.5741935484
10.9466666667
8.94333333333
1.95161290323
NaN
-15.1451612903
-19.1689655172
-19.2851851852
-14.535483871
0.926666666667
8.67419354839
12.61
14.4612903226
13.4466666667
NaN
2.82903225806
-5.39
-7.36774193548
-23.1580645161
-16.5428571429
-4.16451612903
-0.0633333333333
3.70967741935
12.5413793103
16.9129032258
12.3774193548
8.12666666667
0.674193548387
-6.41
-12.4387096774
-16.0387096774
-18.0178571429
-6.02258064516
1.92666666667
4.63548387097
13.66
14.1483870968
12.3419354839
8.12666666667
1.52903225806
-5.69
-11.1548387097
-15.2
-14.6172413793
-4.40322580645
1.89
5.73548387097
13.7866666667
15.0
14.7580645161
9.13666666667
4.36774193548
-3.20689655172
-12.6322580645
-20.0838709677
-14.0714285714
-11.7548387097
1.85862068966
8.22
9.42333333333
15.2935483871
13.3806451613
9.18620689655
1.14516129032
-3.95333333333
-12.7433333333
-23.0612903226
-17.7666666667
-9.19032258065
0.836666666667
8.27666666667
14.5620689655
15.4806451613
14.035483871
9.13333333333
3.1064516129
-4.77333333333
-14.7774193548
-20.7516129032
-14.9428571429
-7.5064516129
0.583333333333
5.45483870968
16.2633333333
13.464516129
12.5096774194
9.21333333333
5.91935483871
-3.58965517241
-12.9677419355
-21.6451612903
-18.4827586207
-7.85483870968
0.0666666666667
9.87096774194
11.7866666667
14.5032258065
15.1290322581
8.37333333333
0.0290322580645
-3.51
-16.92
-13.6275862069
-11.9857142857
0.203225806452
1.43666666667
5.85806451613
14.0433333333
15.7838709677
15.9096774194
9.96206896552
5.42580645161
-3.01666666667
-13.5483870968
-17.8838709677
-14.3071428571
-5.84193548387
1.84333333333
6.48666666667
11.7633333333
17.0133333333
12.6870967742
5.33666666667
2.0064516129
-4.24333333333
-9.53548387097
-15.6290322581
-15.2821428571
-11.9935483871
-0.783333333333
9.49666666667
13.6266666667
16.0419354839
15.0322580645
6.70333333333
2.47096774194
-2.94333333333
-10.7322580645
-16.8483870968
-7.98620689655
-5.54193548387
3.66333333333
6.81290322581
13.2033333333
15.6806451613
14.0677419355
7.18333333333
-0.445161290323
-9.64666666667
-19.1709677419
-24.9193548387
-12.0464285714
-2.28387096774
5.09
12.4709677419
13.5366666667
16.7483870968
12.1129032258
9.96
1.66774193548
-6.3
-14.7
-21.6129032258
-19.8428571429
-9.40322580645
2.01666666667
8.41612903226
12.95
15.2193548387
14.2870967742
11.7333333333
1.81290322581
-7.26
-17.3967741935
-24.1451612903
-20.9571428571
-8.52903225806
0.206666666667
5.46774193548
12.9333333333
15.3366666667
14.0903225806
9.44333333333
2.40322580645
-4.16666666667
-9.54838709677
-14.7677419355
-14.3344827586
-9.19677419355
1.25666666667
7.74193548387
12.18
14.6419354839
13.6161290323
7.29
0.509677419355
-4.32333333333
-12.3225806452
-15.2290322581
-10.5
-4.38709677419
3.02333333333
7.31935483871
12.9933333333
16.1548387097
15.0193548387
7.92666666667
1.35806451613
-2.60666666667
-14.5935483871
-23.5838709677
-15.9571428571
-6.48709677419
-1.10666666667
10.3032258065
10.7033333333
16.5096774194
14.1774193548
9.36666666667
4.10322580645
-5.11
-8.05806451613
-12.8129032258
-8.59285714286
-4.8
-1.01724137931
5.94838709677
13.7066666667
18.3709677419
17.0344827586
10.41
3.54193548387
-1.99333333333
-23.4612903226
-16.5483870968
-7.60344827586
-9.96774193548
2.3
6.69032258065
14.6166666667
14.5709677419
15.9483870968
6.59333333333
4.96774193548
-4.53666666667
-13.2290322581
-18.6774193548
-14.8785714286
-2.43870967742
4.17333333333
10.1129032258
11.5533333333
13.835483871
12.2612903226
10.0566666667
1.85161290323
-9.56333333333
-21.5580645161
-15.1366666667
-14.8214285714
-5.39677419355
3.19333333333
8.90666666667
14.3666666667
16.7322580645
11.7516129032
9.81666666667
3.43548387097
-8.27
-9.07419354839
-12.1548387097
-7.12142857143
-2.88387096774
2.13333333333
10.3806451613
14.1333333333
17.7387096774
13.7935483871
9.65
-0.390322580645
-2.31666666667
NaN
-20.26
-17.2928571429
-4.15161290323
0.396666666667
10.7193548387
15.3333333333
16.3806451613
16.0774193548
9.14137931034
-0.81935483871
-4.81034482759
-12.435483871
-11.3333333333
-19.0107142857
-8.39333333333
1.35862068966
7.48709677419
12.4103448276
17.5064516129
15.0193548387
8.37666666667
2.23870967742
-8.7
-18.3806451613
-9.1
-11.1142857143
-3.52333333333
1.20666666667
7.12903225806
14.8413793103
16.235483871
15.5612903226
12.0933333333
1.73225806452
-3.5275862069
-14.6032258065
-18.5967741935
-9.89642857143
-4.11935483871
3.64666666667
11.8612903226
17.44
16.5935483871
15.6935483871
9.26
0.767741935484
-9.11333333333
-10.9193548387
-10.0096774194
-6.03103448276
-4.66451612903
0.65
8.85806451613
12.7166666667
13.0129032258
12.4967741935
8.03333333333
1.88387096774
-3.71
-11.264516129
-18.2225806452
-15.0178571429
-8.18387096774
0.7
8.67741935484
13.2066666667
16.5838709677
15.8516129032
7.32
1.57741935484
-5.74333333333
-10.3096774194
-21.1548387097
-18.8964285714
-4.03548387097
0.596666666667
8.90967741935
15.4066666667
14.2483870968
13.4870967742
11.96
5.58709677419
-2.21
-8.39032258065
-13.1129032258
-12.7071428571
-3.81612903226
-0.146666666667
7.80967741935
15.7633333333
16.135483871
17.5806451613
8.67666666667
2.7064516129
-7.26
-11.9387096774
NaN
-13.4137931034
-8.7064516129
-0.483333333333
7.36451612903
15.4566666667
14.4387096774
14.6193548387
9.81333333333
3.00666666667
-8.44666666667
-15.3419354839
-18.0838709677
-11.825
-5.64193548387
-0.476666666667
5.20322580645
15.0
16.5774193548
14.7
10.9833333333
3.17419354839
-6.44333333333
-6.78709677419
-12.7290322581
-4.83571428571
-5.31935483871
3.84
12.335483871
13.1866666667
16.3
16.364516129
12.0366666667
4.6935483871
-1.68
-9.62580645161
-16.8580645161
-7.42142857143
-4.56451612903
3.72333333333
10.5419354839
14.5166666667
18.1064516129
15.3161290323
8.57
1.14838709677
-1.37
-10.8516129032
-15.5129032258
-7.88620689655
-1.13548387097
1.56333333333
10.0903225806
13.59
16.5870967742
16.2935483871
8.83333333333
4.74666666667
-5.36333333333
-19.1548387097
-13.2612903226
-19.6821428571
-10.2677419355
2.52
9.61935483871
14.32
17.1258064516
15.7903225806
9.01666666667
2.32580645161
1.78
-7.03225806452
-10.5322580645
-8.73928571429
-8.87419354839
1.37333333333
5.94193548387
15.9833333333
18.5451612903
15.2709677419
11.22
-0.00967741935484
-5.32
-8.95483870968
-16.3161290323
-15.1035714286
-7.11612903226
2.06666666667
7.85161290323
13.1833333333
15.7709677419
15.6677419355
8.09
2.20322580645
-4.61
-9.2064516129
-16.1258064516
-12.0862068966
-2.51666666667
1.89
8.26129032258
12.8366666667
15.4838709677
12.3258064516
12.6466666667
3.90967741935
-2.11
-9.89666666667
-14.1225806452
-8.79285714286
-6.31935483871
5.01666666667
7.88387096774
17.09
17.7806451613
14.6451612903
12.2533333333
4.56129032258
-2.97
-14.0
-6.74193548387
-13.3392857143
-4.64516129032
4.50666666667
9.83225806452
14.6733333333
17.664516129
16.3774193548
8.91666666667
1.07741935484
-3.97
-6.51935483871
-12.3870967742
-17.3178571429
-2.81612903226
0.903333333333
10.0483870968
14.92
15.7258064516
15.9741935484
9.53793103448
6.34193548387
-4.63
-14.1451612903
-16.9870967742
-14.6379310345
-7.27741935484
0.66
6.5
13.5066666667
15.8225806452
13.5838709677
10.7866666667
2.31935483871
-3.61333333333
-16.635483871
-20.2548387097
-11.2857142857
-5.22903225806
1.74
8.15806451613
13.5566666667
13.064516129
13.5516129032
11.48
1.31290322581
-0.153333333333
-13.7032258065
-18.4806451613
-17.4571428571
-3.32580645161
5.23
8.97096774194
14.42
16.864516129
16.6709677419
8.73666666667
3.04516129032
-4.22
-14.7709677419
-18.6064516129
-14.2892857143
-7.02903225806
1.63333333333
8.89032258065
15.39
19.7193548387
15.5580645161
9.20333333333
3.58064516129
-2.8275862069
-8.21612903226
-10.6064516129
-7.83448275862
2.86129032258
2.45
10.8774193548
14.89
19.0129032258
13.3580645161
6.74
1.36129032258
-3.66
-10.6032258065
-14.4064516129
-12.9321428571
-8.73225806452
-0.816666666667
7.81612903226
14.6233333333
16.5225806452
15.0032258065
11.3166666667
2.84838709677
-6.02666666667
-15.4548387097
-20.5580645161
-21.0678571429
-9.58709677419
0.62
7.93548387097
15.2966666667
14.4709677419
16.0290322581
9.75333333333
2.57419354839
-9.84333333333
-7.97419354839
-13.135483871
-17.7464285714
-6.08064516129
2.13333333333
8.83225806452
14.8366666667
15.6806451613
13.8161290323
13.8166666667
4.02580645161
-0.263333333333
-4.65806451613
-13.7322580645
-8.88275862069
-0.983870967742
3.18666666667
8.66774193548
15.0733333333
17.4580645161
16.4677419355
13.39
5.20967741935
1.044
-12.1193548387
-10.4258064516
-6.27142857143
-4.83548387097
4.21666666667
8.61290322581
14.4633333333
17.1709677419
13.3516129032
NaN
NaN
