16.6161290323
NaN
NaN
NaN
NaN
NaN
NaN
NaN
NaN
NaN
NaN
NaN
NaN
NaN
NaN
NaN
NaN
NaN
NaN
NaN
NaN
NaN
NaN
NaN
NaN
NaN
NaN
NaN
NaN
NaN
NaN
NaN
NaN
NaN
NaN
NaN
NaN
NaN
NaN
NaN
NaN
NaN
NaN
NaN
NaN
NaN
NaN
NaN
NaN
NaN
NaN
NaN
NaN
NaN
NaN
NaN
NaN
NaN
NaN
NaN
NaN
NaN
NaN
NaN
NaN
NaN
NaN
NaN
NaN
NaN
NaN
NaN
NaN
NaN
NaN
NaN
NaN
NaN
NaN
NaN
NaN
NaN
NaN
NaN
NaN
NaN
NaN
NaN
NaN
NaN
NaN
NaN
NaN
NaN
NaN
NaN
NaN
NaN
NaN
NaN
NaN
NaN
NaN
NaN
NaN
NaN
NaN
NaN
NaN
NaN
NaN
NaN
NaN
NaN
NaN
NaN
NaN
NaN
NaN
NaN
NaN
NaN
NaN
NaN
NaN
NaN
NaN
NaN
NaN
NaN
NaN
NaN
NaN
NaN
NaN
NaN
NaN
NaN
NaN
NaN
NaN
NaN
NaN
NaN
NaN
NaN
NaN
NaN
NaN
NaN
NaN
NaN
NaN
NaN
NaN
NaN
NaN
NaN
NaN
NaN
NaN
NaN
NaN
NaN
NaN
NaN
NaN
NaN
NaN
NaN
NaN
NaN
NaN
NaN
NaN
NaN
NaN
NaN
NaN
NaN
NaN
NaN
NaN
NaN
NaN
NaN
NaN
NaN
NaN
NaN
NaN
NaN
NaN
NaN
NaN
NaN
NaN
NaN
NaN
NaN
NaN
NaN
NaN
NaN
NaN
NaN
NaN
NaN
NaN
NaN
NaN
NaN
NaN
NaN
NaN
15.2275862069
NaN
29.6466666667
37.9517241379
34.6344827586
27.6724137931
NaN
NaN
NaN
NaN
NaN
NaN
NaN
NaN
NaN
NaN
NaN
NaN
NaN
NaN
NaN
NaN
NaN
NaN
NaN
NaN
NaN
NaN
NaN
NaN
NaN
NaN
NaN
NaN
NaN
NaN
NaN
NaN
NaN
NaN
NaN
NaN
NaN
NaN
NaN
NaN
NaN
NaN
NaN
NaN
NaN
NaN
NaN
NaN
NaN
NaN
NaN
NaN
NaN
NaN
NaN
NaN
NaN
NaN
NaN
NaN
NaN
NaN
NaN
NaN
NaN
NaN
NaN
NaN
NaN
NaN
NaN
NaN
NaN
NaN
NaN
NaN
NaN
NaN
NaN
NaN
NaN
NaN
NaN
NaN
NaN
NaN
NaN
NaN
NaN
NaN
NaN
NaN
NaN
NaN
NaN
NaN
NaN
NaN
NaN
NaN
NaN
NaN
NaN
NaN
NaN
NaN
NaN
NaN
NaN
NaN
NaN
NaN
NaN
NaN
NaN
NaN
NaN
NaN
NaN
NaN
NaN
NaN
NaN
NaN
NaN
NaN
NaN
NaN
NaN
NaN
NaN
NaN
NaN
NaN
NaN
NaN
NaN
NaN
13.8966666667
NaN
NaN
NaN
NaN
NaN
NaN
NaN
NaN
NaN
NaN
NaN
NaN
NaN
NaN
NaN
NaN
NaN
NaN
NaN
NaN
NaN
NaN
NaN
NaN
22.6548387097
26.3733333333
30.8419354839
30.2806451613
24.64
NaN
NaN
NaN
NaN
NaN
NaN
13.4866666667
NaN
NaN
NaN
NaN
22.5533333333
NaN
NaN
NaN
NaN
NaN
NaN
14.0433333333
21.3225806452
21.9366666667
27.064516129
27.5677419355
22.0166666667
NaN
NaN
NaN
NaN
NaN
NaN
NaN
NaN
NaN
NaN
NaN
NaN
NaN
NaN
NaN
NaN
NaN
NaN
NaN
NaN
NaN
NaN
NaN
NaN
NaN
NaN
NaN
NaN
NaN
NaN
NaN
NaN
NaN
NaN
NaN
NaN
NaN
NaN
NaN
NaN
NaN
NaN
NaN
NaN
NaN
NaN
NaN
NaN
NaN
NaN
NaN
NaN
NaN
NaN
NaN
NaN
NaN
NaN
NaN
NaN
NaN
NaN
NaN
NaN
NaN
NaN
NaN
NaN
NaN
NaN
NaN
NaN
NaN
NaN
NaN
NaN
NaN
NaN
NaN
NaN
NaN
NaN
NaN
NaN
NaN
NaN
NaN
NaN
NaN
NaN
NaN
NaN
NaN
NaN
NaN
NaN
NaN
NaN
NaN
NaN
NaN
NaN
NaN
NaN
NaN
NaN
NaN
NaN
NaN
NaN
NaN
NaN
NaN
NaN
NaN
18.2833333333
27.43
31.5806451613
32.1709677419
22.0
18.3483870968
8.00333333333
1.63548387097
1.34516129032
5.49285714286
5.81290322581
17.8033333333
25.3166666667
24.4666666667
28.6483870968
30.2193548387
23.1233333333
20.7612903226
11.7733333333
5.7064516129
-5.54333333333
7.24642857143
11.1516129032
18.78
22.8967741935
30.11
33.8516129032
31.2129032258
25.3266666667
23.8935483871
12.39
0.822580645161
6.71935483871
2.20689655172
6.25806451613
14.9666666667
23.7483870968
26.6266666667
32.8032258065
28.335483871
24.08
20.0032258065
11.7068965517
3.43870967742
5.23548387097
2.50714285714
2.59677419355
17.9766666667
23.6161290323
25.2333333333
29.6258064516
29.55
17.4633333333
21.0290322581
12.2966666667
5.5935483871
-1.40967741935
-0.6
11.0419354839
13.7344827586
24.4
27.1933333333
31.9677419355
27.0548387097
24.7933333333
19.81
10.8933333333
2.90322580645
3.46129032258
7.52142857143
13.6366666667
17.06
17.3451612903
23.6166666667
28.0548387097
30.0387096774
24.7966666667
20.3806451613
9.85666666667
3.40967741935
2.95
5.25862068966
14.1322580645
14.41
18.9741935484
28.97
30.0774193548
29.7580645161
25.2533333333
20.1774193548
8.36333333333
-0.251612903226
-3.07741935484
0.0964285714286
3.61612903226
18.8066666667
22.9580645161
24.5566666667
30.4322580645
31.1193548387
27.39
11.9580645161
11.74
5.25161290323
1.91935483871
8.925
5.63225806452
15.13
25.5612903226
27.85
33.29
33.4774193548
24.8666666667
15.9290322581
8.36666666667
6.21935483871
1.91612903226
2.14642857143
6.88709677419
16.04
18.6612903226
28.7833333333
28.6612903226
31.0903225806
24.06
18.5516129032
10.36
4.26774193548
1.22333333333
7.61034482759
15.0870967742
15.3333333333
21.0064516129
27.5266666667
30.0322580645
29.0258064516
24.8666666667
16.0633333333
3.2
-2.17419354839
0.683870967742
5.28214285714
9.76451612903
14.2793103448
20.6096774194
28.2733333333
30.7483870968
32.3967741935
21.0733333333
19.2451612903
8.41
2.34516129032
-1.84193548387
8.04285714286
11.7903225806
17.8448275862
23.2451612903
27.6333333333
35.6866666667
28.3935483871
24.4233333333
19.9709677419
10.0733333333
4.35806451613
3.90967741935
2.03928571429
6.43548387097
14.6666666667
22.0548387097
25.91
32.2612903226
31.6322580645
24.3166666667
21.3064516129
8.43
2.99032258065
0.00322580645161
9.81379310345
10.4633333333
16.4333333333
20.3612903226
27.57
32.3064516129
31.4096774194
25.5933333333
15.55
9.09
7.36774193548
-0.825806451613
9.41428571429
9.47419354839
18.625
23.3709677419
28.2703703704
31.9
28.1344827586
27.2066666667
19.6333333333
10.18
4.09032258065
-4.2935483871
-3.90357142857
8.48275862069
16.6366666667
20.0655172414
28.48
33.1193548387
30.7387096774
29.1620689655
20.4266666667
7.15
-1.69032258065
-8.52258064516
-1.97037037037
8.40967741935
15.8733333333
20.2033333333
26.01
29.0290322581
29.3379310345
28.3866666667
20.5451612903
5.69666666667
7.41290322581
0.574193548387
3.23103448276
6.18064516129
15.3333333333
21.5741935484
28.8366666667
35.1967741935
31.2516129032
26.5733333333
19.1838709677
12.5133333333
8.30322580645
7.49032258065
6.72142857143
11.7741935484
19.9866666667
18.2965517241
28.57
29.9451612903
27.6032258065
26.4466666667
16.5290322581
11.7517241379
3.17419354839
-1.69032258065
5.34814814815
9.24666666667
15.4777777778
NaN
23.3466666667
30.864516129
29.7677419355
24.9966666667
17.0413793103
7.37666666667
6.25
2.48333333333
6.93928571429
7.99677419355
11.4633333333
18.6774193548
24.5666666667
32.4677419355
34.0133333333
27.2666666667
18.6903225806
9.49333333333
-8.19032258065
-0.861290322581
6.49655172414
7.18709677419
10.8
20.0290322581
27.3533333333
30.3666666667
32.6566666667
24.2433333333
15.1225806452
NaN
1.82333333333
-2.56
-0.538461538462
13.0258064516
18.9344827586
23.6225806452
27.9433333333
32.8870967742
29.3903225806
22.8933333333
16.2566666667
0.813333333333
-1.60689655172
5.82903225806
3.49642857143
14.4064516129
17.2517241379
21.3870967742
29.2033333333
32.3538461538
29.6066666667
23.2206896552
16.7935483871
9.75
5.91935483871
5.28709677419
8.2
7.35483870968
19.3433333333
23.7870967742
28.9
31.5387096774
28.4709677419
24.5366666667
17.3290322581
8.67
3.32580645161
-3.35161290323
2.44827586207
10.6
16.63
22.7290322581
31.7866666667
30.3206896552
30.6142857143
24.9866666667
17.3451612903
11.39
7.04516129032
6.48064516129
-2.08214285714
8.54193548387
19.92
22.7032258065
25.9166666667
31.3709677419
28.8451612903
23.7033333333
20.3064516129
11.6366666667
0.493548387097
6.32258064516
5.16428571429
10.2032258065
16.2633333333
19.8548387097
29.5733333333
30.2322580645
30.5032258065
28.6733333333
18.2741935484
11.0633333333
0.373333333333
0.845161290323
10.9928571429
11.8290322581
15.47
21.5806451613
27.6166666667
31.1064516129
31.164516129
25.69
18.5774193548
4.96
6.07096774194
4.45806451613
9.05862068966
12.0935483871
17.1066666667
23.1290322581
23.7133333333
26.6580645161
25.5903225806
25.2066666667
18.4935483871
4.88333333333
0.383870967742
-3.23870967742
-2.59642857143
8.26774193548
13.3166666667
21.364516129
24.3933333333
27.4451612903
27.6032258065
21.21
17.3419354839
7.14666666667
4.83870967742
0.664516129032
0.160714285714
13.7032258065
16.5
24.264516129
29.3966666667
28.9290322581
30.8096774194
26.92
18.2806451613
8.5
5.44838709677
2.42903225806
9.62142857143
8.76129032258
12.8666666667
15.4161290323
25.77
30.7
33.4225806452
24.6666666667
17.4741935484
11.3533333333
4.74516129032
0.416129032258
7.33793103448
7.14838709677
17.4333333333
19.1129032258
26.9766666667
28.4419354839
27.4032258065
21.3633333333
18.3
4.36666666667
2.77096774194
1.97741935484
4.57142857143
12.9419354839
12.9666666667
20.8419354839
27.63
31.0258064516
28.5064516129
25.5137931034
18.2387096774
8.58
3.98709677419
3.53225806452
6.83928571429
6.45483870968
15.7266666667
23.935483871
24.9866666667
31.0322580645
30.5870967742
29.3733333333
17.2967741935
10.7566666667
6.16129032258
4.9
11.95
11.2096774194
14.2666666667
21.9
25.75
32.0419354839
29.0677419355
NaN
20.1806451613
15.85
8.3
5.32903225806
8.75172413793
12.2774193548
18.7033333333
24.1483870968
28.93
32.235483871
33.6451612903
26.4533333333
18.4967741935
2.97333333333
-0.912903225806
4.33870967742
0.314285714286
8.47419354839
16.6466666667
21.3806451613
27.3
32.8258064516
30.535483871
24.6066666667
18.6064516129
13.61
5.89677419355
6.39032258065
8.81071428571
5.9935483871
17.85
20.4483870968
31.61
33.9483870968
30.764516129
25.6
12.4612903226
10.1233333333
7.26129032258
5.21935483871
3.27142857143
11.2709677419
16.98
20.5
24.9266666667
33.0161290323
32.1967741935
25.03
21.8483870968
7.86333333333
5.62903225806
3.2
NaN
13.464516129
17.4266666667
23.5774193548
25.1433333333
28.635483871
27.2193548387
26.48
17.7612903226
9.70666666667
5.74516129032
0.683870967742
9.01428571429
11.4387096774
15.5433333333
21.1322580645
26.0666666667
32.035483871
29.6225806452
27.3033333333
18.6516129032
13.05
2.26129032258
10.9903225806
5.26071428571
9.38064516129
19.8433333333
24.6612903226
29.7633333333
32.5870967742
29.1387096774
21.8766666667
16.1290322581
10.4933333333
4.58064516129
-1.81290322581
0.203571428571
14.9935483871
13.63
22.9
25.9633333333
29.9774193548
30.6806451613
26.4233333333
19.4032258065
13.3633333333
-0.409677419355
1.53870967742
5.48620689655
10.9709677419
13.7366666667
20.0870967742
25.6866666667
31.035483871
28.2193548387
24.22
16.9903225806
10.8933333333
0.612903225806
4.01290322581
7.6
10.8967741935
14.2833333333
20.964516129
24.5033333333
27.7612903226
27.7193548387
22.5133333333
9.91935483871
12.29
-2.46129032258
1.43548387097
1.23928571429
10.164516129
16.85
19.0161290323
26.08
29.3741935484
30.5741935484
25.2533333333
19.6387096774
8.98666666667
3.47741935484
NaN
NaN
NaN
NaN
18.9774193548
NaN
30.8387096774
NaN
NaN
NaN
NaN
NaN
7.16451612903
3.4275862069
18.5838709677
18.0966666667
24.464516129
31.5866666667
35.1193548387
31.7580645161
27.76
16.6161290323
13.69
4.06451612903
2.65161290323
4.62142857143
9.27096774194
13.02
21.5612903226
28.0
29.8935483871
30.6129032258
26.9866666667
15.9516129032
8.76666666667
2.74193548387
4.97096774194
-1.17142857143
9.34838709677
16.4
20.9290322581
25.7866666667
28.9838709677
29.7516129032
23.72
20.3
8.41
2.77419354839
4.10967741935
4.60357142857
15.6387096774
17.2933333333
18.4290322581
26.4
30.3483870968
27.9935483871
28.1666666667
19.3096774194
10.3
4.23548387097
3.58387096774
7.65517241379
15.1612903226
16.0533333333
19.3935483871
29.0966666667
29.0419354839
28.8838709677
25.4633333333
20.7677419355
14.44
2.73870967742
1.18709677419
9.04642857143
13.6935483871
16.67
19.5838709677
29.5033333333
32.3935483871
27.764516129
NaN
NaN
