NaN
NaN
NaN
NaN
NaN
NaN
NaN
NaN
NaN
NaN
NaN
NaN
NaN
NaN
NaN
NaN
NaN
NaN
NaN
NaN
NaN
NaN
NaN
NaN
NaN
241.0
38.0
NaN
NaN
NaN
NaN
NaN
NaN
NaN
NaN
NaN
NaN
NaN
NaN
NaN
NaN
38.0
91.0
43.0
168.0
NaN
NaN
NaN
NaN
NaN
76.0
71.0
33.0
NaN
533.0
NaN
NaN
NaN
NaN
201.0
NaN
NaN
30.0
53.0
NaN
NaN
25.0
NaN
NaN
185.0
417.0
NaN
NaN
NaN
81.0
66.0
NaN
NaN
NaN
NaN
183.0
109.0
NaN
69.0
NaN
NaN
NaN
76.0
NaN
NaN
NaN
NaN
NaN
NaN
NaN
NaN
NaN
NaN
NaN
NaN
NaN
173.0
NaN
36.0
NaN
NaN
NaN
NaN
NaN
NaN
NaN
NaN
140.0
NaN
97.0
NaN
NaN
NaN
NaN
NaN
NaN
NaN
NaN
NaN
NaN
485.0
NaN
NaN
NaN
NaN
NaN
NaN
NaN
NaN
NaN
NaN
NaN
NaN
NaN
NaN
89.0
NaN
NaN
NaN
NaN
NaN
NaN
71.0
0.0
NaN
NaN
NaN
NaN
NaN
NaN
NaN
NaN
NaN
NaN
NaN
NaN
NaN
NaN
NaN
NaN
NaN
NaN
NaN
NaN
NaN
NaN
NaN
NaN
NaN
NaN
NaN
NaN
NaN
NaN
NaN
NaN
NaN
NaN
NaN
NaN
343.0
NaN
NaN
NaN
NaN
109.0
NaN
NaN
NaN
NaN
NaN
NaN
NaN
NaN
NaN
NaN
NaN
NaN
NaN
NaN
NaN
NaN
NaN
NaN
NaN
NaN
NaN
NaN
0.0
0.0
0.0
0.0
0.0
0.0
0.0
79.0
0.0
0.0
0.0
140.0
0.0
0.0
0.0
0.0
0.0
0.0
0.0
66.0
0.0
61.0
13.0
0.0
0.0
0.0
0.0
0.0
0.0
211.0
0.0
28.0
0.0
0.0
0.0
0.0
0.0
0.0
38.0
0.0
0.0
0.0
0.0
0.0
117.0
282.0
0.0
0.0
0.0
0.0
239.0
0.0
13.0
0.0
0.0
0.0
0.0
0.0
216.0
8.0
74.0
0.0
107.0
20.0
94.0
0.0
0.0
38.0
0.0
0.0
0.0
0.0
0.0
0.0
0.0
0.0
0.0
0.0
0.0
0.0
0.0
0.0
0.0
0.0
0.0
5.0
13.0
0.0
30.0
0.0
0.0
84.0
91.0
3.0
0.0
0.0
0.0
25.0
0.0
0.0
0.0
0.0
53.0
0.0
0.0
0.0
0.0
86.0
53.0
0.0
0.0
0.0
132.0
0.0
0.0
10.0
0.0
0.0
0.0
0.0
0.0
249.0
0.0
0.0
0.0
0.0
0.0
0.0
0.0
0.0
0.0
0.0
0.0
0.0
0.0
51.0
0.0
0.0
0.0
0.0
0.0
0.0
0.0
0.0
0.0
0.0
0.0
152.0
0.0
0.0
127.0
0.0
0.0
0.0
0.0
0.0
0.0
302.0
0.0
0.0
51.0
150.0
8.0
0.0
0.0
163.0
0.0
0.0
137.0
0.0
0.0
0.0
69.0
0.0
0.0
0.0
0.0
0.0
91.0
86.0
0.0
0.0
0.0
0.0
0.0
0.0
0.0
0.0
137.0
0.0
409.0
5.0
0.0
0.0
0.0
0.0
25.0
41.0
0.0
0.0
0.0
20.0
0.0
0.0
0.0
0.0
0.0
0.0
0.0
0.0
0.0
0.0
0.0
0.0
0.0
0.0
0.0
0.0
0.0
0.0
0.0
0.0
0.0
25.0
0.0
0.0
66.0
478.0
130.0
0.0
0.0
13.0
46.0
8.0
0.0
0.0
168.0
0.0
0.0
38.0
0.0
0.0
0.0
0.0
0.0
0.0
0.0
0.0
5.0
38.0
10.0
41.0
0.0
0.0
0.0
155.0
302.0
0.0
0.0
0.0
0.0
0.0
0.0
0.0
0.0
0.0
0.0
0.0
0.0
0.0
0.0
0.0
0.0
0.0
0.0
0.0
0.0
0.0
0.0
0.0
0.0
5.0
0.0
71.0
0.0
0.0
0.0
0.0
0.0
114.0
20.0
0.0
0.0
0.0
41.0
0.0
0.0
0.0
0.0
0.0
0.0
0.0
0.0
0.0
0.0
0.0
0.0
0.0
0.0
0.0
0.0
0.0
0.0
0.0
0.0
0.0
0.0
0.0
0.0
0.0
0.0
0.0
0.0
0.0
0.0
0.0
0.0
0.0
0.0
0.0
0.0
0.0
0.0
0.0
0.0
107.0
0.0
0.0
0.0
0.0
114.0
0.0
0.0
0.0
0.0
0.0
38.0
0.0
0.0
0.0
0.0
0.0
0.0
0.0
0.0
0.0
0.0
0.0
152.0
0.0
0.0
0.0
0.0
NaN
NaN
0.0
0.0
0.0
0.0
79.0
0.0
0.0
0.0
254.0
384.0
0.0
0.0
0.0
0.0
0.0
0.0
0.0
0.0
0.0
0.0
0.0
0.0
0.0
13.0
5.0
0.0
0.0
0.0
0.0
0.0
0.0
0.0
0.0
0.0
0.0
0.0
0.0
0.0
28.0
193.0
533.0
168.0
18.0
0.0
0.0
188.0
8.0
30.0
1080.0
48.0
0.0
0.0
0.0
25.0
0.0
0.0
0.0
0.0
0.0
0.0
0.0
0.0
91.0
107.0
345.0
130.0
0.0
0.0
0.0
15.0
51.0
0.0
0.0
0.0
0.0
0.0
0.0
0.0
0.0
178.0
287.0
0.0
0.0
30.0
0.0
38.0
368.0
348.0
185.0
10.0
76.0
69.0
0.0
0.0
0.0
0.0
53.0
20.0
0.0
0.0
0.0
0.0
0.0
0.0
0.0
0.0
107.0
23.0
0.0
0.0
0.0
0.0
0.0
46.0
0.0
43.0
368.0
58.0
0.0
0.0
0.0
30.0
0.0
0.0
0.0
0.0
0.0
0.0
0.0
0.0
0.0
46.0
0.0
0.0
0.0
0.0
0.0
53.0
0.0
0.0
0.0
0.0
0.0
104.0
0.0
0.0
0.0
394.0
0.0
0.0
0.0
15.0
0.0
0.0
0.0
0.0
0.0
0.0
0.0
23.0
0.0
0.0
0.0
0.0
18.0
0.0
0.0
0.0
0.0
0.0
0.0
0.0
0.0
0.0
0.0
0.0
0.0
0.0
0.0
0.0
0.0
0.0
0.0
0.0
0.0
0.0
0.0
0.0
0.0
0.0
0.0
0.0
0.0
0.0
0.0
0.0
0.0
0.0
33.0
43.0
0.0
0.0
0.0
165.0
0.0
0.0
0.0
0.0
0.0
0.0
0.0
0.0
71.0
0.0
0.0
0.0
0.0
91.0
561.0
0.0
0.0
0.0
0.0
0.0
0.0
0.0
0.0
0.0
58.0
0.0
0.0
0.0
5.0
3.0
0.0
53.0
8.0
0.0
0.0
0.0
0.0
0.0
0.0
175.0
64.0
5.0
0.0
0.0
3.0
91.0
38.0
0.0
0.0
0.0
0.0
5.0
0.0
0.0
0.0
0.0
8.0
38.0
0.0
0.0
84.0
20.0
5.0
0.0
0.0
0.0
0.0
0.0
0.0
0.0
0.0
0.0
0.0
0.0
20.0
0.0
0.0
NaN
NaN
NaN
NaN
NaN
NaN
NaN
NaN
NaN
NaN
NaN
NaN
NaN
NaN
NaN
NaN
NaN
NaN
NaN
NaN
NaN
NaN
NaN
NaN
NaN
0.0
0.0
0.0
0.0
0.0
0.0
0.0
0.0
0.0
0.0
0.0
0.0
0.0
0.0
0.0
0.0
0.0
51.0
0.0
0.0
25.0
0.0
0.0
0.0
0.0
0.0
0.0
0.0
0.0
0.0
0.0
208.0
0.0
0.0
0.0
23.0
0.0
0.0
81.0
0.0
0.0
0.0
30.0
0.0
0.0
NaN
NaN
0.0
0.0
0.0
0.0
0.0
0.0
0.0
0.0
28.0
0.0
0.0
0.0
15.0
58.0
0.0
0.0
0.0
0.0
0.0
0.0
0.0
0.0
0.0
0.0
0.0
0.0
0.0
0.0
0.0
0.0
0.0
0.0
0.0
0.0
0.0
0.0
0.0
0.0
20.0
28.0
0.0
0.0
0.0
28.0
0.0
15.0
30.0
0.0
0.0
0.0
30.0
0.0
0.0
0.0
0.0
305.0
1072.0
0.0
0.0
0.0
0.0
0.0
0.0
18.0
201.0
0.0
30.0
135.0
0.0
13.0
127.0
66.0
8.0
43.0
0.0
0.0
0.0
0.0
0.0
0.0
0.0
0.0
0.0
0.0
91.0
74.0
0.0
0.0
41.0
0.0
0.0
0.0
13.0
0.0
0.0
0.0
0.0
0.0
46.0
10.0
13.0
0.0
0.0
0.0
15.0
145.0
0.0
137.0
0.0
0.0
0.0
236.0
0.0
0.0
0.0
0.0
0.0
0.0
0.0
0.0
389.0
0.0
0.0
645.0
0.0
0.0
333.0
0.0
0.0
0.0
0.0
69.0
259.0
0.0
1140.0
0.0
13.0
0.0
0.0
185.0
41.0
0.0
0.0
0.0
0.0
366.0
201.0
0.0
0.0
0.0
0.0
0.0
0.0
0.0
0.0
0.0
8.0
0.0
89.0
381.0
0.0
0.0
13.0
0.0
0.0
0.0
0.0
152.0
0.0
0.0
0.0
38.0
10.0
0.0
0.0
0.0
0.0
0.0
0.0
0.0
8.0
0.0
0.0
0.0
0.0
25.0
109.0
787.0
71.0
0.0
53.0
0.0
0.0
175.0
229.0
0.0
203.0
0.0
0.0
8.0
0.0
36.0
0.0
0.0
38.0
439.0
0.0
0.0
43.0
0.0
15.0
0.0
0.0
0.0
0.0
0.0
0.0
0.0
0.0
0.0
28.0
0.0
0.0
0.0
0.0
0.0
0.0
0.0
0.0
0.0
0.0
0.0
0.0
0.0
66.0
0.0
0.0
0.0
25.0
572.0
99.0
0.0
0.0
0.0
0.0
0.0
0.0
0.0
0.0
0.0
0.0
0.0
0.0
0.0
0.0
0.0
0.0
0.0
0.0
0.0
NaN
NaN
NaN
0.0
0.0
0.0
0.0
0.0
0.0
0.0
0.0
0.0
13.0
0.0
0.0
0.0
0.0
0.0
0.0
0.0
206.0
0.0
0.0
5.0
0.0
0.0
0.0
0.0
0.0
0.0
0.0
0.0
0.0
0.0
0.0
0.0
0.0
0.0
0.0
0.0
0.0
20.0
NaN
NaN
NaN
NaN
NaN
NaN
NaN
NaN
NaN
NaN
NaN
NaN
NaN
NaN
NaN
NaN
0.0
0.0
0.0
NaN
NaN
NaN
0.0
0.0
0.0
0.0
0.0
0.0
0.0
NaN
NaN
NaN
NaN
NaN
NaN
NaN
NaN
NaN
NaN
NaN
NaN
NaN
NaN
NaN
NaN
NaN
NaN
