0.0
0.0
0.0
0.0
165.0
0.0
41.0
8.0
0.0
0.0
25.0
97.0
0.0
0.0
0.0
0.0
0.0
43.0
13.0
0.0
74.0
0.0
20.0
0.0
0.0
0.0
0.0
0.0
363.0
0.0
0.0
0.0
0.0
23.0
0.0
0.0
0.0
0.0
0.0
0.0
0.0
0.0
33.0
0.0
10.0
5.0
0.0
0.0
0.0
0.0
0.0
157.0
43.0
0.0
10.0
3.0
0.0
0.0
0.0
130.0
0.0
0.0
0.0
3.0
0.0
0.0
0.0
0.0
0.0
0.0
0.0
10.0
0.0
0.0
0.0
0.0
76.0
10.0
15.0
0.0
0.0
0.0
0.0
0.0
0.0
0.0
0.0
0.0
0.0
0.0
0.0
0.0
15.0
0.0
0.0
0.0
0.0
0.0
0.0
137.0
0.0
0.0
0.0
0.0
0.0
0.0
0.0
0.0
0.0
64.0
0.0
64.0
0.0
0.0
0.0
0.0
0.0
0.0
0.0
0.0
48.0
23.0
0.0
0.0
0.0
0.0
0.0
0.0
173.0
0.0
5.0
0.0
20.0
0.0
0.0
0.0
0.0
0.0
0.0
0.0
0.0
0.0
0.0
0.0
0.0
0.0
0.0
0.0
0.0
0.0
0.0
0.0
0.0
0.0
0.0
206.0
48.0
61.0
56.0
0.0
0.0
99.0
0.0
0.0
15.0
8.0
0.0
0.0
56.0
20.0
0.0
267.0
10.0
8.0
0.0
0.0
0.0
10.0
0.0
0.0
0.0
0.0
0.0
0.0
0.0
0.0
0.0
114.0
0.0
0.0
0.0
0.0
25.0
0.0
28.0
0.0
13.0
244.0
0.0
0.0
0.0
61.0
5.0
5.0
0.0
0.0
0.0
0.0
0.0
0.0
48.0
157.0
0.0
0.0
0.0
0.0
0.0
8.0
61.0
0.0
0.0
0.0
0.0
0.0
0.0
0.0
0.0
0.0
23.0
0.0
0.0
25.0
1676.0
0.0
0.0
0.0
56.0
36.0
5.0
53.0
43.0
224.0
0.0
0.0
0.0
0.0
0.0
0.0
30.0
0.0
46.0
0.0
0.0
0.0
0.0
0.0
0.0
213.0
0.0
97.0
0.0
0.0
0.0
0.0
0.0
33.0
18.0
0.0
76.0
0.0
0.0
0.0
0.0
0.0
15.0
0.0
0.0
0.0
5.0
0.0
3.0
64.0
0.0
0.0
0.0
0.0
0.0
0.0
0.0
0.0
0.0
0.0
0.0
0.0
46.0
0.0
0.0
0.0
43.0
69.0
0.0
0.0
13.0
244.0
38.0
0.0
0.0
0.0
13.0
0.0
0.0
0.0
0.0
0.0
0.0
0.0
0.0
0.0
302.0
13.0
46.0
38.0
0.0
0.0
0.0
66.0
5.0
10.0
0.0
0.0
0.0
0.0
0.0
0.0
112.0
0.0
0.0
0.0
0.0
0.0
0.0
0.0
0.0
0.0
0.0
0.0
0.0
13.0
33.0
0.0
30.0
66.0
3.0
0.0
0.0
61.0
0.0
0.0
NaN
0.0
0.0
0.0
0.0
0.0
0.0
0.0
0.0
0.0
0.0
0.0
0.0
0.0
0.0
0.0
0.0
0.0
0.0
203.0
323.0
155.0
0.0
0.0
0.0
0.0
0.0
5.0
0.0
0.0
0.0
180.0
0.0
0.0
99.0
0.0
0.0
