0.0
0.0
0.0
0.0
0.0
0.0
0.0
0.0
0.0
0.0
0.0
0.0
0.0
0.0
0.0
0.0
0.0
0.0
0.0
0.0
0.0
0.0
0.0
0.0
0.0
0.0
3.0
0.0
0.0
0.0
0.0
0.0
0.0
0.0
0.0
0.0
0.0
0.0
0.0
0.0
0.0
74.0
0.0
315.0
48.0
0.0
10.0
0.0
0.0
3.0
130.0
0.0
0.0
0.0
0.0
0.0
0.0
0.0
0.0
0.0
0.0
0.0
0.0
61.0
0.0
0.0
0.0
25.0
109.0
0.0
170.0
0.0
0.0
0.0
0.0
165.0
0.0
0.0
0.0
0.0
0.0
48.0
25.0
0.0
0.0
0.0
0.0
0.0
0.0
0.0
15.0
0.0
76.0
226.0
0.0
0.0
0.0
0.0
8.0
0.0
0.0
0.0
0.0
0.0
0.0
0.0
0.0
0.0
0.0
0.0
38.0
0.0
503.0
0.0
0.0
0.0
56.0
0.0
0.0
56.0
8.0
0.0
0.0
0.0
23.0
0.0
0.0
0.0
0.0
18.0
0.0
NaN
0.0
0.0
0.0
23.0
0.0
0.0
0.0
0.0
0.0
3.0
0.0
0.0
0.0
0.0
0.0
0.0
0.0
0.0
0.0
NaN
0.0
0.0
0.0
0.0
0.0
0.0
0.0
0.0
0.0
0.0
0.0
23.0
0.0
0.0
0.0
127.0
91.0
0.0
0.0
0.0
0.0
0.0
0.0
0.0
0.0
0.0
0.0
5.0
0.0
0.0
3.0
0.0
0.0
0.0
18.0
0.0
0.0
0.0
0.0
0.0
0.0
0.0
NaN
0.0
0.0
8.0
0.0
0.0
0.0
13.0
0.0
0.0
3.0
0.0
0.0
0.0
41.0
0.0
0.0
0.0
0.0
0.0
NaN
0.0
0.0
10.0
5.0
0.0
10.0
0.0
0.0
3.0
0.0
0.0
5.0
8.0
0.0
0.0
0.0
0.0
0.0
0.0
0.0
0.0
0.0
0.0
0.0
0.0
43.0
23.0
0.0
0.0
0.0
0.0
0.0
3.0
3.0
0.0
0.0
0.0
0.0
0.0
3.0
5.0
0.0
51.0
0.0
0.0
0.0
0.0
0.0
0.0
0.0
0.0
0.0
0.0
0.0
0.0
0.0
0.0
28.0
91.0
201.0
0.0
0.0
0.0
0.0
170.0
28.0
8.0
0.0
0.0
0.0
0.0
0.0
0.0
218.0
0.0
0.0
0.0
0.0
0.0
0.0
0.0
0.0
0.0
0.0
107.0
0.0
0.0
318.0
0.0
15.0
38.0
0.0
79.0
5.0
58.0
272.0
0.0
0.0
33.0
0.0
0.0
10.0
0.0
0.0
0.0
0.0
0.0
0.0
0.0
0.0
0.0
0.0
0.0
0.0
0.0
13.0
0.0
0.0
290.0
0.0
0.0
76.0
5.0
0.0
0.0
0.0
0.0
0.0
338.0
28.0
0.0
140.0
0.0
163.0
0.0
0.0
170.0
13.0
0.0
0.0
0.0
0.0
185.0
150.0
74.0
0.0
25.0
3.0
0.0
0.0
0.0
0.0
0.0
0.0
0.0
0.0
0.0
0.0
0.0
0.0
0.0
0.0
0.0
41.0
150.0
0.0
0.0
0.0
0.0
470.0
0.0
0.0
0.0
0.0
0.0
0.0
0.0
13.0
211.0
0.0
0.0
0.0
3.0
0.0
25.0
0.0
0.0
0.0
0.0
302.0
0.0
0.0
8.0
0.0
0.0
0.0
0.0
0.0
0.0
0.0
0.0
0.0
3.0
478.0
0.0
0.0
0.0
0.0
335.0
0.0
0.0
18.0
0.0
0.0
0.0
0.0
0.0
61.0
0.0
0.0
0.0
0.0
0.0
0.0
124.0
0.0
246.0
0.0
0.0
0.0
0.0
102.0
0.0
165.0
0.0
0.0
0.0
0.0
0.0
0.0
0.0
0.0
0.0
0.0
0.0
28.0
0.0
66.0
0.0
0.0
0.0
0.0
104.0
0.0
0.0
0.0
0.0
0.0
0.0
0.0
0.0
0.0
0.0
0.0
0.0
0.0
0.0
0.0
0.0
0.0
0.0
0.0
0.0
0.0
0.0
0.0
0.0
0.0
145.0
160.0
0.0
0.0
0.0
0.0
0.0
25.0
36.0
0.0
5.0
0.0
0.0
0.0
3.0
0.0
0.0
5.0
0.0
61.0
0.0
0.0
0.0
3.0
0.0
NaN
NaN
NaN
5.0
NaN
NaN
NaN
NaN
NaN
NaN
NaN
NaN
NaN
NaN
NaN
NaN
130.0
NaN
NaN
NaN
NaN
NaN
5.0
NaN
114.0
NaN
NaN
NaN
NaN
NaN
NaN
0.0
0.0
0.0
0.0
5.0
0.0
0.0
0.0
0.0
0.0
0.0
0.0
0.0
0.0
0.0
0.0
5.0
0.0
0.0
0.0
0.0
0.0
0.0
10.0
0.0
0.0
0.0
0.0
0.0
0.0
33.0
0.0
0.0
0.0
5.0
0.0
0.0
0.0
0.0
13.0
33.0
0.0
46.0
0.0
0.0
0.0
0.0
5.0
0.0
0.0
0.0
0.0
30.0
0.0
0.0
0.0
0.0
0.0
0.0
0.0
5.0
0.0
89.0
0.0
0.0
0.0
0.0
0.0
0.0
0.0
0.0
0.0
0.0
0.0
0.0
0.0
0.0
0.0
0.0
0.0
0.0
15.0
0.0
0.0
0.0
0.0
61.0
58.0
0.0
0.0
25.0
NaN
0.0
0.0
0.0
0.0
0.0
0.0
254.0
165.0
10.0
5.0
30.0
43.0
0.0
0.0
0.0
0.0
43.0
0.0
203.0
0.0
0.0
168.0
0.0
0.0
191.0
0.0
64.0
64.0
3.0
38.0
0.0
0.0
0.0
0.0
0.0
0.0
0.0
0.0
20.0
0.0
46.0
163.0
475.0
94.0
876.0
15.0
104.0
0.0
64.0
0.0
0.0
0.0
0.0
264.0
0.0
295.0
0.0
0.0
0.0
0.0
NaN
30.0
NaN
71.0
76.0
15.0
15.0
23.0
NaN
NaN
NaN
46.0
NaN
41.0
NaN
NaN
NaN
NaN
25.0
NaN
0.0
8.0
NaN
122.0
NaN
NaN
NaN
NaN
NaN
NaN
0.0
0.0
203.0
0.0
0.0
0.0
0.0
0.0
0.0
0.0
0.0
0.0
0.0
0.0
51.0
0.0
0.0
25.0
0.0
0.0
198.0
38.0
572.0
0.0
0.0
277.0
203.0
0.0
38.0
0.0
493.0
43.0
0.0
0.0
0.0
8.0
0.0
0.0
0.0
64.0
0.0
0.0
0.0
0.0
533.0
30.0
0.0
0.0
0.0
0.0
0.0
5.0
0.0
0.0
0.0
0.0
0.0
0.0
0.0
0.0
0.0
0.0
18.0
43.0
5.0
64.0
NaN
NaN
NaN
15.0
356.0
NaN
NaN
NaN
NaN
130.0
NaN
203.0
NaN
56.0
NaN
NaN
NaN
NaN
NaN
NaN
3.0
58.0
NaN
NaN
15.0
NaN
0.0
0.0
0.0
0.0
13.0
0.0
0.0
0.0
0.0
251.0
0.0
0.0
0.0
0.0
0.0
0.0
0.0
0.0
0.0
0.0
0.0
0.0
0.0
0.0
0.0
0.0
18.0
0.0
376.0
91.0
0.0
0.0
0.0
25.0
0.0
0.0
3.0
0.0
NaN
23.0
84.0
0.0
0.0
0.0
0.0
0.0
0.0
0.0
0.0
0.0
0.0
0.0
0.0
15.0
0.0
91.0
191.0
0.0
0.0
0.0
0.0
0.0
0.0
0.0
0.0
8.0
38.0
0.0
0.0
0.0
0.0
0.0
0.0
0.0
0.0
0.0
0.0
33.0
0.0
0.0
0.0
0.0
0.0
0.0
0.0
0.0
0.0
0.0
0.0
0.0
0.0
41.0
53.0
76.0
5.0
0.0
0.0
0.0
0.0
0.0
0.0
0.0
0.0
15.0
20.0
0.0
86.0
18.0
0.0
0.0
0.0
0.0
0.0
15.0
8.0
0.0
0.0
0.0
0.0
0.0
0.0
3.0
0.0
0.0
0.0
0.0
0.0
5.0
0.0
0.0
0.0
0.0
8.0
20.0
0.0
0.0
0.0
5.0
0.0
0.0
0.0
0.0
10.0
0.0
89.0
0.0
0.0
0.0
0.0
0.0
0.0
0.0
3.0
0.0
18.0
0.0
0.0
15.0
114.0
0.0
0.0
15.0
0.0
0.0
25.0
0.0
0.0
8.0
0.0
43.0
0.0
0.0
8.0
18.0
0.0
0.0
0.0
0.0
0.0
0.0
0.0
150.0
226.0
64.0
8.0
48.0
0.0
NaN
NaN
0.0
15.0
0.0
NaN
122.0
38.0
NaN
20.0
NaN
0.0
0.0
0.0
229.0
64.0
58.0
208.0
56.0
NaN
NaN
0.0
102.0
74.0
NaN
0.0
0.0
0.0
0.0
0.0
0.0
0.0
0.0
249.0
0.0
0.0
20.0
18.0
0.0
0.0
0.0
0.0
0.0
137.0
0.0
0.0
0.0
0.0
0.0
0.0
0.0
20.0
0.0
0.0
0.0
0.0
119.0
0.0
0.0
0.0
0.0
0.0
0.0
3.0
28.0
0.0
0.0
0.0
0.0
0.0
51.0
0.0
0.0
0.0
33.0
0.0
0.0
15.0
64.0
0.0
13.0
152.0
0.0
0.0
0.0
8.0
0.0
0.0
0.0
23.0
13.0
0.0
0.0
0.0
0.0
43.0
0.0
0.0
0.0
91.0
0.0
0.0
0.0
0.0
0.0
178.0
0.0
0.0
86.0
0.0
0.0
0.0
0.0
0.0
0.0
107.0
0.0
NaN
0.0
0.0
610.0
NaN
NaN
NaN
119.0
NaN
NaN
NaN
NaN
NaN
3.0
NaN
NaN
38.0
NaN
NaN
NaN
102.0
NaN
NaN
0.0
8.0
NaN
NaN
NaN
56.0
NaN
NaN
0.0
0.0
0.0
0.0
0.0
0.0
0.0
0.0
0.0
28.0
292.0
0.0
0.0
0.0
18.0
445.0
0.0
0.0
0.0
0.0
0.0
0.0
0.0
0.0
0.0
0.0
0.0
0.0
0.0
0.0
0.0
0.0
0.0
0.0
0.0
0.0
0.0
0.0
0.0
79.0
38.0
0.0
0.0
0.0
0.0
163.0
8.0
38.0
10.0
0.0
0.0
0.0
0.0
0.0
0.0
0.0
0.0
0.0
0.0
0.0
0.0
0.0
0.0
0.0
0.0
18.0
0.0
0.0
0.0
0.0
0.0
0.0
0.0
0.0
18.0
NaN
0.0
0.0
0.0
0.0
0.0
0.0
0.0
0.0
0.0
8.0
23.0
0.0
0.0
8.0
0.0
NaN
61.0
99.0
145.0
NaN
NaN
NaN
NaN
NaN
NaN
NaN
NaN
8.0
NaN
NaN
NaN
30.0
NaN
NaN
8.0
NaN
NaN
NaN
NaN
NaN
NaN
NaN
NaN
NaN
NaN
10.0
0.0
0.0
0.0
0.0
0.0
0.0
0.0
0.0
0.0
0.0
0.0
163.0
0.0
0.0
0.0
0.0
0.0
0.0
0.0
20.0
0.0
36.0
8.0
8.0
0.0
0.0
0.0
0.0
0.0
0.0
0.0
0.0
8.0
0.0
0.0
3.0
0.0
0.0
0.0
0.0
191.0
10.0
0.0
0.0
0.0
0.0
5.0
0.0
0.0
41.0
0.0
0.0
0.0
0.0
0.0
0.0
0.0
0.0
0.0
0.0
0.0
0.0
0.0
0.0
0.0
0.0
0.0
0.0
0.0
51.0
0.0
0.0
0.0
25.0
0.0
0.0
51.0
18.0
0.0
0.0
211.0
0.0
0.0
0.0
0.0
165.0
8.0
0.0
NaN
0.0
5.0
NaN
NaN
NaN
NaN
NaN
NaN
46.0
NaN
NaN
NaN
51.0
8.0
NaN
NaN
NaN
NaN
114.0
NaN
NaN
NaN
66.0
NaN
NaN
0.0
20.0
8.0
NaN
NaN
66.0
0.0
41.0
0.0
76.0
38.0
0.0
0.0
0.0
56.0
0.0
0.0
0.0
0.0
165.0
0.0
0.0
0.0
23.0
0.0
0.0
206.0
114.0
0.0
0.0
0.0
257.0
142.0
20.0
36.0
0.0
28.0
0.0
0.0
0.0
81.0
257.0
0.0
48.0
0.0
213.0
226.0
0.0
0.0
18.0
0.0
18.0
0.0
0.0
465.0
0.0
0.0
0.0
117.0
0.0
0.0
51.0
0.0
0.0
0.0
0.0
0.0
0.0
0.0
5.0
0.0
0.0
0.0
0.0
20.0
0.0
0.0
0.0
0.0
0.0
0.0
0.0
0.0
0.0
0.0
8.0
0.0
0.0
0.0
0.0
0.0
30.0
0.0
218.0
0.0
33.0
5.0
109.0
0.0
196.0
10.0
0.0
3.0
58.0
0.0
0.0
0.0
0.0
0.0
0.0
13.0
0.0
0.0
0.0
0.0
0.0
0.0
305.0
0.0
0.0
145.0
0.0
0.0
0.0
0.0
0.0
0.0
0.0
0.0
0.0
0.0
130.0
254.0
244.0
5.0
0.0
0.0
53.0
0.0
0.0
244.0
53.0
5.0
0.0
0.0
0.0
0.0
0.0
0.0
0.0
0.0
0.0
0.0
0.0
0.0
0.0
0.0
0.0
5.0
0.0
0.0
0.0
0.0
10.0
0.0
0.0
0.0
193.0
132.0
0.0
13.0
0.0
0.0
0.0
122.0
277.0
30.0
5.0
0.0
0.0
0.0
0.0
0.0
0.0
0.0
0.0
0.0
211.0
0.0
0.0
NaN
NaN
NaN
NaN
NaN
NaN
NaN
NaN
NaN
5.0
NaN
NaN
15.0
NaN
NaN
NaN
0.0
0.0
NaN
NaN
140.0
124.0
NaN
NaN
20.0
NaN
NaN
20.0
NaN
NaN
0.0
0.0
20.0
0.0
0.0
0.0
3.0
0.0
0.0
0.0
0.0
0.0
0.0
0.0
0.0
0.0
0.0
0.0
43.0
0.0
0.0
0.0
0.0
0.0
18.0
0.0
0.0
0.0
0.0
0.0
0.0
0.0
0.0
0.0
0.0
0.0
5.0
0.0
0.0
0.0
0.0
0.0
10.0
0.0
0.0
0.0
0.0
0.0
0.0
0.0
0.0
0.0
0.0
3.0
0.0
0.0
0.0
5.0
5.0
0.0
0.0
0.0
0.0
0.0
0.0
0.0
0.0
0.0
0.0
5.0
0.0
5.0
0.0
0.0
0.0
0.0
0.0
0.0
0.0
0.0
0.0
0.0
0.0
0.0
10.0
0.0
0.0
76.0
0.0
0.0
0.0
0.0
0.0
0.0
0.0
0.0
0.0
0.0
0.0
0.0
114.0
127.0
0.0
53.0
0.0
0.0
46.0
0.0
0.0
0.0
0.0
0.0
0.0
5.0
0.0
0.0
0.0
0.0
0.0
0.0
0.0
0.0
8.0
28.0
0.0
0.0
25.0
0.0
0.0
0.0
0.0
0.0
0.0
56.0
0.0
0.0
0.0
0.0
0.0
0.0
13.0
0.0
0.0
0.0
0.0
0.0
0.0
41.0
102.0
0.0
140.0
0.0
0.0
0.0
0.0
0.0
30.0
218.0
0.0
0.0
89.0
0.0
0.0
0.0
160.0
152.0
0.0
76.0
0.0
0.0
58.0
157.0
0.0
0.0
0.0
0.0
0.0
173.0
800.0
25.0
0.0
41.0
0.0
25.0
5.0
0.0
0.0
0.0
51.0
0.0
0.0
15.0
0.0
0.0
267.0
127.0
0.0
64.0
0.0
114.0
94.0
605.0
183.0
180.0
0.0
0.0
0.0
0.0
102.0
0.0
0.0
0.0
0.0
0.0
109.0
0.0
0.0
267.0
0.0
0.0
0.0
0.0
0.0
0.0
25.0
0.0
13.0
0.0
0.0
0.0
0.0
0.0
0.0
0.0
0.0
30.0
0.0
0.0
0.0
0.0
64.0
0.0
43.0
178.0
0.0
0.0
152.0
196.0
0.0
5.0
58.0
0.0
0.0
0.0
0.0
0.0
0.0
0.0
0.0
0.0
0.0
0.0
257.0
0.0
38.0
58.0
0.0
0.0
0.0
0.0
0.0
0.0
0.0
0.0
5.0
0.0
0.0
0.0
0.0
0.0
127.0
64.0
0.0
0.0
0.0
0.0
0.0
0.0
0.0
0.0
0.0
0.0
0.0
0.0
0.0
0.0
0.0
122.0
0.0
0.0
0.0
0.0
0.0
0.0
0.0
0.0
0.0
0.0
0.0
0.0
0.0
0.0
0.0
0.0
64.0
130.0
0.0
58.0
0.0
0.0
0.0
0.0
0.0
0.0
0.0
0.0
0.0
0.0
259.0
0.0
0.0
0.0
0.0
0.0
0.0
0.0
0.0
0.0
0.0
0.0
0.0
25.0
0.0
0.0
0.0
0.0
0.0
0.0
51.0
0.0
0.0
0.0
0.0
0.0
0.0
102.0
0.0
0.0
0.0
0.0
0.0
0.0
0.0
15.0
102.0
0.0
18.0
0.0
13.0
0.0
0.0
0.0
0.0
191.0
13.0
152.0
0.0
0.0
0.0
0.0
0.0
0.0
0.0
0.0
0.0
0.0
0.0
0.0
0.0
33.0
0.0
0.0
0.0
0.0
0.0
0.0
5.0
0.0
0.0
0.0
0.0
0.0
0.0
0.0
41.0
0.0
0.0
0.0
0.0
0.0
0.0
0.0
33.0
0.0
0.0
0.0
0.0
0.0
0.0
0.0
0.0
0.0
0.0
0.0
0.0
0.0
0.0
0.0
0.0
0.0
0.0
0.0
0.0
0.0
178.0
0.0
0.0
0.0
0.0
0.0
89.0
0.0
0.0
0.0
0.0
0.0
0.0
0.0
0.0
0.0
0.0
0.0
10.0
0.0
0.0
0.0
0.0
0.0
25.0
107.0
0.0
0.0
0.0
0.0
0.0
0.0
0.0
0.0
0.0
0.0
3.0
0.0
0.0
0.0
0.0
0.0
0.0
0.0
0.0
0.0
0.0
107.0
269.0
13.0
8.0
0.0
0.0
0.0
0.0
0.0
0.0
0.0
0.0
0.0
0.0
0.0
0.0
15.0
0.0
0.0
51.0
102.0
445.0
15.0
0.0
0.0
0.0
0.0
41.0
25.0
0.0
0.0
193.0
0.0
0.0
0.0
0.0
0.0
0.0
0.0
0.0
267.0
25.0
89.0
0.0
0.0
0.0
0.0
0.0
274.0
38.0
0.0
51.0
114.0
0.0
0.0
0.0
0.0
0.0
0.0
20.0
0.0
0.0
15.0
56.0
274.0
0.0
104.0
0.0
0.0
0.0
0.0
0.0
0.0
0.0
0.0
137.0
0.0
0.0
396.0
0.0
0.0
5.0
493.0
18.0
0.0
94.0
5.0
0.0
0.0
0.0
0.0
0.0
348.0
0.0
0.0
0.0
0.0
51.0
0.0
0.0
0.0
368.0
577.0
0.0
0.0
97.0
0.0
0.0
0.0
0.0
58.0
356.0
5.0
0.0
64.0
147.0
0.0
0.0
178.0
140.0
0.0
0.0
0.0
0.0
0.0
0.0
0.0
0.0
0.0
0.0
0.0
0.0
0.0
0.0
51.0
0.0
0.0
102.0
114.0
81.0
178.0
462.0
470.0
279.0
0.0
0.0
0.0
0.0
0.0
279.0
0.0
102.0
0.0
0.0
0.0
0.0
0.0
0.0
0.0
0.0
0.0
0.0
0.0
0.0
0.0
0.0
0.0
0.0
259.0
0.0
0.0
0.0
18.0
0.0
0.0
25.0
739.0
0.0
0.0
422.0
0.0
254.0
0.0
0.0
25.0
0.0
0.0
0.0
20.0
5.0
0.0
0.0
0.0
0.0
0.0
0.0
0.0
0.0
0.0
0.0
0.0
0.0
0.0
0.0
0.0
0.0
0.0
0.0
0.0
97.0
8.0
0.0
0.0
0.0
36.0
191.0
13.0
0.0
437.0
76.0
0.0
0.0
0.0
0.0
0.0
0.0
0.0
0.0
0.0
0.0
0.0
0.0
0.0
0.0
0.0
0.0
41.0
0.0
0.0
38.0
3.0
0.0
10.0
0.0
0.0
0.0
0.0
0.0
0.0
0.0
0.0
0.0
0.0
0.0
0.0
0.0
0.0
0.0
0.0
0.0
0.0
0.0
0.0
0.0
5.0
0.0
0.0
0.0
0.0
0.0
23.0
8.0
5.0
0.0
0.0
0.0
0.0
0.0
0.0
0.0
0.0
0.0
0.0
0.0
0.0
0.0
0.0
0.0
25.0
38.0
30.0
0.0
0.0
0.0
0.0
0.0
0.0
25.0
0.0
0.0
0.0
0.0
0.0
0.0
0.0
20.0
0.0
0.0
0.0
0.0
0.0
0.0
0.0
0.0
0.0
0.0
0.0
20.0
69.0
18.0
0.0
0.0
0.0
0.0
0.0
0.0
0.0
46.0
0.0
0.0
0.0
0.0
0.0
0.0
0.0
0.0
0.0
0.0
0.0
0.0
0.0
0.0
0.0
0.0
0.0
0.0
0.0
13.0
81.0
0.0
0.0
56.0
0.0
0.0
0.0
0.0
0.0
33.0
13.0
0.0
0.0
0.0
18.0
20.0
3.0
0.0
0.0
0.0
173.0
0.0
NaN
25.0
25.0
NaN
NaN
140.0
NaN
NaN
NaN
NaN
0.0
38.0
8.0
NaN
NaN
178.0
NaN
NaN
NaN
NaN
NaN
NaN
NaN
NaN
NaN
NaN
NaN
10.0
NaN
NaN
0.0
0.0
0.0
5.0
152.0
145.0
76.0
0.0
0.0
18.0
0.0
0.0
0.0
0.0
0.0
216.0
0.0
0.0
0.0
0.0
13.0
0.0
56.0
5.0
5.0
0.0
0.0
0.0
0.0
0.0
0.0
0.0
46.0
0.0
38.0
97.0
0.0
0.0
0.0
84.0
94.0
0.0
0.0
0.0
0.0
0.0
56.0
0.0
0.0
119.0
0.0
137.0
30.0
0.0
0.0
0.0
0.0
0.0
0.0
0.0
0.0
104.0
0.0
142.0
13.0
0.0
0.0
0.0
0.0
0.0
0.0
0.0
0.0
0.0
0.0
0.0
0.0
0.0
0.0
0.0
0.0
0.0
0.0
23.0
0.0
0.0
0.0
0.0
318.0
13.0
0.0
0.0
NaN
NaN
30.0
NaN
NaN
NaN
0.0
135.0
188.0
NaN
NaN
NaN
NaN
NaN
NaN
NaN
NaN
NaN
NaN
NaN
NaN
NaN
NaN
NaN
5.0
NaN
NaN
NaN
NaN
NaN
NaN
0.0
0.0
0.0
0.0
0.0
0.0
155.0
25.0
117.0
0.0
262.0
0.0
0.0
25.0
38.0
8.0
0.0
0.0
188.0
0.0
0.0
0.0
0.0
0.0
0.0
84.0
0.0
20.0
808.0
15.0
NaN
NaN
NaN
NaN
NaN
NaN
NaN
56.0
NaN
36.0
389.0
NaN
30.0
0.0
NaN
25.0
NaN
NaN
NaN
NaN
NaN
NaN
NaN
NaN
NaN
NaN
NaN
64.0
NaN
NaN
216.0
0.0
0.0
191.0
0.0
0.0
0.0
0.0
0.0
0.0
0.0
0.0
0.0
0.0
0.0
0.0
0.0
0.0
0.0
0.0
0.0
0.0
0.0
0.0
30.0
0.0
0.0
0.0
0.0
0.0
0.0
NaN
NaN
NaN
NaN
152.0
NaN
NaN
NaN
NaN
NaN
NaN
25.0
NaN
NaN
NaN
NaN
NaN
25.0
NaN
NaN
NaN
NaN
203.0
NaN
NaN
NaN
13.0
13.0
NaN
NaN
NaN
0.0
0.0
0.0
0.0
0.0
0.0
0.0
0.0
0.0
0.0
0.0
0.0
0.0
0.0
0.0
0.0
0.0
0.0
0.0
79.0
25.0
0.0
0.0
0.0
61.0
76.0
0.0
0.0
20.0
13.0
0.0
0.0
0.0
0.0
0.0
0.0
0.0
0.0
0.0
0.0
0.0
25.0
0.0
0.0
0.0
0.0
0.0
0.0
0.0
0.0
0.0
0.0
0.0
0.0
0.0
0.0
0.0
0.0
13.0
0.0
0.0
5.0
0.0
0.0
0.0
0.0
0.0
0.0
152.0
114.0
0.0
0.0
0.0
46.0
0.0
0.0
0.0
0.0
91.0
0.0
0.0
0.0
0.0
33.0
25.0
0.0
0.0
0.0
8.0
0.0
0.0
0.0
0.0
0.0
0.0
0.0
0.0
0.0
0.0
20.0
0.0
0.0
0.0
0.0
0.0
10.0
13.0
0.0
0.0
0.0
0.0
0.0
0.0
0.0
224.0
25.0
0.0
0.0
20.0
0.0
NaN
472.0
25.0
132.0
NaN
241.0
NaN
NaN
NaN
8.0
NaN
102.0
NaN
NaN
0.0
NaN
13.0
NaN
NaN
241.0
272.0
20.0
58.0
NaN
69.0
NaN
NaN
NaN
NaN
NaN
NaN
36.0
8.0
0.0
0.0
0.0
526.0
58.0
0.0
0.0
0.0
76.0
13.0
127.0
94.0
20.0
0.0
0.0
76.0
64.0
13.0
0.0
28.0
239.0
51.0
208.0
0.0
51.0
0.0
254.0
5.0
0.0
368.0
13.0
0.0
89.0
279.0
0.0
406.0
292.0
0.0
0.0
38.0
119.0
0.0
0.0
0.0
0.0
272.0
0.0
0.0
0.0
0.0
0.0
0.0
0.0
300.0
76.0
0.0
0.0
0.0
0.0
0.0
0.0
0.0
0.0
0.0
0.0
0.0
0.0
0.0
69.0
0.0
0.0
0.0
0.0
572.0
0.0
658.0
0.0
30.0
0.0
0.0
0.0
0.0
0.0
241.0
0.0
0.0
0.0
0.0
170.0
41.0
0.0
0.0
0.0
0.0
58.0
0.0
0.0
0.0
0.0
0.0
0.0
0.0
0.0
0.0
0.0
0.0
0.0
0.0
0.0
0.0
20.0
81.0
368.0
0.0
0.0
0.0
18.0
0.0
168.0
112.0
NaN
NaN
NaN
170.0
84.0
NaN
NaN
NaN
NaN
NaN
NaN
127.0
13.0
NaN
NaN
NaN
107.0
152.0
NaN
NaN
NaN
NaN
NaN
NaN
183.0
NaN
NaN
NaN
NaN
NaN
NaN
38.0
114.0
0.0
0.0
0.0
0.0
0.0
0.0
0.0
0.0
0.0
0.0
58.0
290.0
0.0
0.0
0.0
0.0
0.0
0.0
0.0
0.0
0.0
0.0
0.0
0.0
0.0
13.0
0.0
0.0
0.0
0.0
178.0
0.0
0.0
51.0
0.0
0.0
0.0
0.0
0.0
0.0
0.0
0.0
56.0
0.0
0.0
0.0
0.0
114.0
0.0
0.0
0.0
0.0
0.0
0.0
15.0
0.0
0.0
0.0
0.0
0.0
0.0
0.0
0.0
0.0
0.0
3.0
13.0
0.0
25.0
0.0
0.0
0.0
0.0
0.0
0.0
0.0
0.0
0.0
0.0
0.0
0.0
0.0
0.0
0.0
0.0
0.0
0.0
5.0
0.0
0.0
0.0
0.0
0.0
102.0
0.0
0.0
0.0
51.0
0.0
0.0
0.0
0.0
0.0
0.0
0.0
0.0
0.0
0.0
0.0
0.0
0.0
0.0
0.0
0.0
0.0
0.0
76.0
13.0
0.0
0.0
0.0
10.0
0.0
0.0
33.0
0.0
0.0
0.0
0.0
0.0
0.0
0.0
0.0
25.0
0.0
0.0
18.0
0.0
0.0
64.0
0.0
0.0
0.0
51.0
76.0
0.0
0.0
0.0
0.0
10.0
0.0
0.0
0.0
0.0
0.0
0.0
0.0
0.0
38.0
81.0
28.0
66.0
0.0
0.0
0.0
102.0
102.0
0.0
0.0
0.0
0.0
0.0
0.0
0.0
0.0
0.0
102.0
114.0
13.0
13.0
13.0
64.0
0.0
13.0
28.0
0.0
0.0
5.0
234.0
43.0
74.0
38.0
0.0
0.0
0.0
0.0
170.0
10.0
0.0
0.0
343.0
36.0
0.0
69.0
89.0
810.0
152.0
0.0
483.0
97.0
89.0
43.0
0.0
61.0
51.0
0.0
0.0
43.0
0.0
15.0
0.0
0.0
0.0
0.0
0.0
0.0
0.0
0.0
635.0
0.0
0.0
33.0
0.0
8.0
0.0
196.0
0.0
0.0
0.0
203.0
0.0
71.0
0.0
97.0
0.0
0.0
0.0
117.0
91.0
0.0
0.0
0.0
0.0
0.0
0.0
0.0
66.0
749.0
0.0
0.0
64.0
0.0
0.0
0.0
0.0
0.0
0.0
0.0
292.0
0.0
0.0
0.0
0.0
457.0
51.0
0.0
0.0
0.0
0.0
79.0
25.0
0.0
0.0
25.0
0.0
56.0
0.0
0.0
0.0
0.0
3.0
0.0
0.0
0.0
0.0
38.0
25.0
356.0
0.0
20.0
0.0
0.0
0.0
0.0
0.0
0.0
0.0
0.0
0.0
229.0
0.0
79.0
0.0
0.0
84.0
51.0
10.0
0.0
30.0
0.0
0.0
0.0
0.0
0.0
0.0
0.0
0.0
0.0
0.0
0.0
0.0
51.0
127.0
0.0
76.0
41.0
0.0
0.0
208.0
0.0
0.0
0.0
0.0
0.0
0.0
0.0
0.0
25.0
0.0
0.0
0.0
0.0
0.0
0.0
0.0
0.0
0.0
0.0
0.0
0.0
0.0
0.0
30.0
0.0
0.0
38.0
0.0
0.0
0.0
0.0
0.0
0.0
0.0
0.0
0.0
0.0
0.0
0.0
0.0
0.0
0.0
0.0
0.0
0.0
0.0
0.0
25.0
0.0
0.0
0.0
0.0
0.0
0.0
0.0
0.0
0.0
0.0
13.0
0.0
0.0
13.0
0.0
25.0
0.0
0.0
0.0
0.0
0.0
0.0
0.0
0.0
0.0
0.0
0.0
0.0
0.0
0.0
0.0
0.0
0.0
0.0
0.0
0.0
0.0
0.0
13.0
0.0
0.0
0.0
0.0
0.0
0.0
0.0
0.0
0.0
25.0
0.0
38.0
0.0
0.0
0.0
0.0
0.0
25.0
76.0
0.0
0.0
0.0
0.0
0.0
13.0
0.0
0.0
13.0
0.0
0.0
0.0
0.0
0.0
0.0
0.0
0.0
0.0
15.0
0.0
0.0
0.0
0.0
0.0
0.0
0.0
0.0
30.0
0.0
0.0
0.0
0.0
0.0
8.0
13.0
0.0
0.0
0.0
0.0
0.0
0.0
0.0
0.0
0.0
0.0
0.0
0.0
0.0
0.0
0.0
0.0
38.0
0.0
0.0
0.0
56.0
0.0
0.0
0.0
0.0
56.0
0.0
56.0
127.0
0.0
0.0
0.0
0.0
0.0
76.0
0.0
0.0
0.0
0.0
0.0
0.0
0.0
0.0
0.0
0.0
0.0
0.0
0.0
0.0
0.0
0.0
0.0
0.0
0.0
0.0
0.0
33.0
279.0
61.0
25.0
0.0
0.0
0.0
0.0
0.0
0.0
0.0
0.0
0.0
0.0
0.0
71.0
152.0
0.0
0.0
0.0
71.0
0.0
0.0
0.0
20.0
71.0
0.0
0.0
0.0
0.0
0.0
15.0
10.0
185.0
71.0
0.0
0.0
0.0
0.0
0.0
439.0
99.0
66.0
13.0
0.0
0.0
5.0
0.0
0.0
0.0
0.0
0.0
0.0
0.0
0.0
0.0
0.0
102.0
102.0
25.0
0.0
0.0
0.0
84.0
0.0
0.0
0.0
48.0
48.0
0.0
0.0
0.0
226.0
18.0
0.0
46.0
41.0
0.0
0.0
478.0
206.0
0.0
0.0
234.0
0.0
0.0
0.0
5.0
198.0
51.0
0.0
18.0
0.0
0.0
0.0
0.0
0.0
0.0
13.0
28.0
0.0
0.0
0.0
0.0
0.0
0.0
0.0
3.0
0.0
307.0
0.0
0.0
0.0
0.0
0.0
0.0
0.0
61.0
0.0
23.0
0.0
0.0
0.0
0.0
0.0
0.0
0.0
0.0
10.0
234.0
0.0
0.0
46.0
145.0
0.0
0.0
0.0
0.0
0.0
0.0
0.0
0.0
135.0
0.0
46.0
25.0
0.0
0.0
0.0
0.0
0.0
368.0
0.0
0.0
0.0
33.0
0.0
0.0
0.0
0.0
94.0
0.0
0.0
0.0
0.0
0.0
0.0
0.0
28.0
0.0
178.0
0.0
0.0
0.0
0.0
0.0
0.0
0.0
0.0
0.0
183.0
0.0
0.0
0.0
0.0
0.0
0.0
0.0
0.0
0.0
0.0
0.0
0.0
0.0
0.0
0.0
0.0
0.0
0.0
0.0
0.0
0.0
5.0
0.0
0.0
0.0
0.0
0.0
0.0
0.0
0.0
0.0
0.0
0.0
0.0
0.0
0.0
0.0
0.0
0.0
0.0
0.0
0.0
0.0
0.0
0.0
0.0
0.0
0.0
0.0
0.0
0.0
0.0
102.0
0.0
0.0
0.0
0.0
76.0
0.0
0.0
0.0
0.0
0.0
0.0
0.0
0.0
0.0
0.0
127.0
0.0
0.0
0.0
0.0
0.0
0.0
0.0
0.0
0.0
13.0
0.0
0.0
0.0
0.0
114.0
0.0
0.0
0.0
0.0
0.0
0.0
0.0
0.0
0.0
0.0
13.0
0.0
13.0
0.0
0.0
0.0
0.0
0.0
89.0
0.0
0.0
0.0
0.0
0.0
102.0
0.0
0.0
114.0
0.0
0.0
165.0
0.0
0.0
38.0
0.0
0.0
0.0
0.0
0.0
0.0
0.0
0.0
0.0
5.0
0.0
0.0
0.0
0.0
0.0
0.0
0.0
0.0
0.0
0.0
0.0
0.0
0.0
0.0
0.0
18.0
33.0
38.0
0.0
0.0
244.0
28.0
155.0
0.0
0.0
51.0
0.0
0.0
51.0
0.0
0.0
0.0
0.0
0.0
0.0
0.0
140.0
25.0
0.0
0.0
0.0
0.0
0.0
0.0
0.0
0.0
0.0
0.0
13.0
0.0
0.0
0.0
0.0
0.0
262.0
15.0
0.0
0.0
0.0
8.0
132.0
36.0
0.0
0.0
13.0
0.0
0.0
0.0
0.0
41.0
10.0
0.0
168.0
0.0
155.0
493.0
0.0
51.0
203.0
10.0
33.0
0.0
0.0
0.0
0.0
0.0
0.0
0.0
0.0
0.0
0.0
38.0
81.0
89.0
0.0
0.0
15.0
0.0
0.0
0.0
0.0
15.0
0.0
0.0
445.0
127.0
0.0
0.0
0.0
0.0
0.0
0.0
0.0
505.0
0.0
30.0
0.0
0.0
0.0
0.0
0.0
0.0
112.0
0.0
229.0
135.0
0.0
13.0
20.0
0.0
58.0
0.0
0.0
0.0
0.0
0.0
0.0
33.0
391.0
0.0
0.0
0.0
0.0
0.0
173.0
0.0
0.0
0.0
0.0
0.0
0.0
48.0
3.0
0.0
0.0
0.0
0.0
18.0
74.0
0.0
0.0
0.0
0.0
0.0
0.0
0.0
0.0
0.0
0.0
145.0
8.0
5.0
165.0
0.0
122.0
0.0
0.0
51.0
135.0
0.0
163.0
0.0
0.0
0.0
0.0
0.0
0.0
99.0
0.0
0.0
8.0
0.0
99.0
0.0
0.0
0.0
0.0
0.0
0.0
36.0
5.0
94.0
0.0
196.0
0.0
163.0
5.0
0.0
0.0
0.0
0.0
0.0
0.0
0.0
0.0
0.0
0.0
0.0
0.0
0.0
0.0
0.0
0.0
0.0
0.0
0.0
140.0
51.0
0.0
0.0
0.0
198.0
84.0
0.0
165.0
155.0
53.0
0.0
0.0
0.0
0.0
0.0
0.0
0.0
0.0
0.0
0.0
0.0
0.0
0.0
0.0
0.0
18.0
234.0
0.0
0.0
20.0
0.0
0.0
0.0
0.0
0.0
0.0
0.0
0.0
0.0
0.0
0.0
0.0
0.0
0.0
254.0
20.0
0.0
0.0
41.0
0.0
0.0
0.0
0.0
0.0
0.0
0.0
0.0
0.0
0.0
0.0
0.0
0.0
0.0
0.0
0.0
0.0
0.0
0.0
0.0
0.0
0.0
0.0
102.0
0.0
25.0
0.0
0.0
0.0
0.0
0.0
0.0
0.0
0.0
0.0
0.0
0.0
0.0
0.0
0.0
0.0
5.0
0.0
0.0
13.0
13.0
246.0
0.0
0.0
38.0
0.0
0.0
0.0
0.0
0.0
0.0
0.0
0.0
0.0
25.0
0.0
0.0
25.0
0.0
0.0
0.0
0.0
38.0
0.0
76.0
0.0
0.0
0.0
0.0
18.0
13.0
0.0
0.0
0.0
3.0
5.0
0.0
0.0
0.0
0.0
71.0
10.0
165.0
0.0
0.0
0.0
0.0
0.0
0.0
0.0
0.0
58.0
94.0
0.0
0.0
89.0
0.0
0.0
0.0
3.0
178.0
0.0
0.0
0.0
0.0
0.0
0.0
0.0
0.0
0.0
0.0
0.0
0.0
0.0
0.0
254.0
0.0
38.0
163.0
0.0
0.0
3.0
0.0
0.0
10.0
0.0
0.0
0.0
0.0
0.0
86.0
239.0
23.0
86.0
0.0
0.0
0.0
0.0
10.0
5.0
0.0
0.0
20.0
0.0
33.0
0.0
94.0
0.0
0.0
0.0
0.0
0.0
163.0
0.0
76.0
0.0
0.0
0.0
0.0
0.0
0.0
0.0
0.0
0.0
0.0
0.0
71.0
884.0
0.0
0.0
0.0
0.0
0.0
0.0
0.0
160.0
0.0
94.0
0.0
10.0
66.0
0.0
191.0
0.0
0.0
0.0
0.0
0.0
0.0
0.0
109.0
0.0
224.0
0.0
94.0
0.0
3.0
38.0
0.0
0.0
0.0
0.0
0.0
119.0
8.0
0.0
109.0
0.0
0.0
18.0
20.0
3.0
0.0
48.0
0.0
356.0
25.0
351.0
10.0
0.0
0.0
0.0
0.0
0.0
257.0
0.0
0.0
0.0
0.0
0.0
0.0
15.0
13.0
0.0
0.0
0.0
0.0
0.0
0.0
0.0
0.0
257.0
38.0
0.0
0.0
0.0
0.0
0.0
0.0
0.0
0.0
99.0
8.0
0.0
0.0
71.0
18.0
244.0
0.0
0.0
56.0
0.0
0.0
0.0
0.0
0.0
0.0
0.0
0.0
0.0
0.0
0.0
0.0
0.0
0.0
0.0
0.0
58.0
0.0
0.0
25.0
0.0
0.0
0.0
89.0
0.0
8.0
10.0
0.0
0.0
0.0
25.0
0.0
0.0
0.0
127.0
86.0
0.0
0.0
28.0
0.0
0.0
0.0
0.0
0.0
122.0
0.0
0.0
0.0
0.0
0.0
0.0
0.0
0.0
0.0
0.0
0.0
0.0
0.0
0.0
0.0
0.0
0.0
0.0
0.0
0.0
0.0
0.0
0.0
0.0
145.0
0.0
0.0
23.0
0.0
0.0
0.0
0.0
0.0
0.0
0.0
0.0
0.0
0.0
0.0
0.0
0.0
13.0
0.0
0.0
61.0
0.0
0.0
0.0
0.0
0.0
0.0
0.0
0.0
25.0
25.0
0.0
13.0
0.0
0.0
0.0
8.0
0.0
0.0
0.0
0.0
0.0
0.0
0.0
0.0
0.0
0.0
0.0
0.0
0.0
0.0
0.0
0.0
0.0
0.0
0.0
0.0
0.0
0.0
0.0
81.0
0.0
0.0
0.0
0.0
0.0
0.0
89.0
0.0
0.0
0.0
0.0
0.0
0.0
0.0
0.0
0.0
0.0
20.0
18.0
0.0
0.0
0.0
0.0
0.0
0.0
0.0
0.0
84.0
0.0
0.0
0.0
0.0
0.0
0.0
28.0
0.0
0.0
0.0
0.0
0.0
0.0
0.0
0.0
0.0
0.0
53.0
43.0
0.0
0.0
0.0
79.0
0.0
368.0
20.0
20.0
20.0
0.0
0.0
0.0
20.0
358.0
33.0
0.0
0.0
0.0
0.0
36.0
15.0
0.0
318.0
307.0
0.0
0.0
0.0
0.0
170.0
23.0
0.0
157.0
41.0
330.0
0.0
0.0
0.0
0.0
127.0
0.0
0.0
0.0
0.0
0.0
46.0
0.0
0.0
0.0
107.0
0.0
53.0
127.0
74.0
0.0
0.0
0.0
0.0
0.0
0.0
48.0
0.0
0.0
0.0
23.0
0.0
0.0
0.0
0.0
0.0
0.0
15.0
0.0
53.0
1003.0
0.0
0.0
NaN
NaN
NaN
NaN
NaN
NaN
NaN
NaN
NaN
NaN
NaN
NaN
NaN
NaN
NaN
NaN
NaN
25.0
NaN
23.0
15.0
NaN
NaN
46.0
NaN
NaN
NaN
NaN
NaN
NaN
NaN
NaN
NaN
NaN
NaN
NaN
NaN
NaN
25.0
76.0
NaN
NaN
NaN
NaN
76.0
NaN
NaN
NaN
NaN
NaN
NaN
NaN
127.0
305.0
NaN
NaN
NaN
NaN
NaN
NaN
76.0
102.0
NaN
NaN
NaN
NaN
NaN
56.0
NaN
NaN
NaN
NaN
NaN
NaN
NaN
NaN
NaN
NaN
152.0
NaN
102.0
89.0
NaN
NaN
NaN
NaN
NaN
NaN
178.0
13.0
NaN
NaN
NaN
64.0
38.0
51.0
203.0
25.0
NaN
NaN
127.0
330.0
25.0
13.0
NaN
NaN
NaN
NaN
NaN
51.0
NaN
152.0
102.0
NaN
NaN
NaN
NaN
NaN
NaN
432.0
NaN
279.0
279.0
NaN
NaN
NaN
NaN
NaN
NaN
NaN
NaN
NaN
NaN
0.0
NaN
NaN
NaN
NaN
NaN
NaN
NaN
NaN
NaN
NaN
NaN
NaN
NaN
NaN
NaN
127.0
127.0
254.0
114.0
NaN
NaN
NaN
NaN
NaN
NaN
NaN
25.0
NaN
0.0
NaN
NaN
0.0
NaN
NaN
NaN
51.0
NaN
NaN
NaN
NaN
NaN
NaN
NaN
NaN
NaN
NaN
102.0
76.0
NaN
NaN
76.0
NaN
NaN
25.0
NaN
NaN
NaN
NaN
NaN
NaN
NaN
NaN
NaN
178.0
51.0
25.0
NaN
NaN
NaN
NaN
NaN
NaN
229.0
NaN
NaN
NaN
NaN
NaN
NaN
229.0
NaN
343.0
NaN
NaN
NaN
NaN
NaN
NaN
NaN
25.0
NaN
NaN
NaN
NaN
NaN
NaN
51.0
25.0
178.0
NaN
13.0
13.0
NaN
NaN
51.0
102.0
102.0
NaN
NaN
NaN
NaN
