0.0
0.0
0.0
0.0
0.0
0.0
0.0
0.0
15.0
51.0
0.0
0.0
0.0
147.0
165.0
8.0
0.0
0.0
0.0
99.0
0.0
0.0
0.0
0.0
0.0
0.0
48.0
0.0
0.0
0.0
0.0
0.0
0.0
0.0
0.0
13.0
0.0
0.0
0.0
0.0
0.0
0.0
0.0
0.0
0.0
0.0
0.0
0.0
0.0
18.0
0.0
0.0
0.0
0.0
0.0
0.0
0.0
0.0
0.0
0.0
0.0
0.0
0.0
0.0
0.0
0.0
0.0
0.0
0.0
0.0
0.0
0.0
0.0
0.0
0.0
20.0
0.0
0.0
0.0
0.0
0.0
0.0
0.0
0.0
0.0
0.0
0.0
0.0
0.0
3.0
69.0
0.0
25.0
30.0
25.0
10.0
0.0
0.0
0.0
0.0
0.0
0.0
0.0
0.0
20.0
8.0
0.0
0.0
0.0
0.0
0.0
0.0
0.0
0.0
15.0
5.0
20.0
5.0
0.0
0.0
0.0
0.0
18.0
0.0
0.0
0.0
5.0
58.0
25.0
0.0
0.0
61.0
8.0
0.0
0.0
5.0
53.0
8.0
0.0
0.0
5.0
20.0
0.0
0.0
0.0
0.0
0.0
0.0
0.0
0.0
0.0
0.0
0.0
0.0
41.0
0.0
56.0
33.0
5.0
0.0
46.0
0.0
0.0
0.0
0.0
0.0
0.0
NaN
NaN
0.0
0.0
0.0
NaN
NaN
0.0
48.0
13.0
18.0
0.0
0.0
0.0
0.0
NaN
NaN
0.0
0.0
0.0
0.0
13.0
23.0
0.0
0.0
0.0
0.0
0.0
0.0
0.0
0.0
0.0
0.0
0.0
0.0
8.0
0.0
0.0
0.0
NaN
NaN
0.0
69.0
0.0
0.0
0.0
0.0
0.0
0.0
0.0
0.0
0.0
0.0
0.0
0.0
0.0
0.0
0.0
0.0
0.0
0.0
0.0
0.0
0.0
NaN
NaN
NaN
NaN
NaN
NaN
NaN
NaN
NaN
0.0
0.0
0.0
0.0
0.0
0.0
18.0
0.0
0.0
0.0
0.0
0.0
0.0
0.0
0.0
0.0
0.0
0.0
15.0
0.0
0.0
0.0
0.0
5.0
0.0
0.0
0.0
0.0
0.0
0.0
0.0
0.0
0.0
206.0
0.0
0.0
25.0
117.0
0.0
0.0
0.0
0.0
28.0
0.0
0.0
0.0
0.0
0.0
0.0
84.0
NaN
NaN
NaN
5.0
0.0
0.0
0.0
0.0
61.0
0.0
0.0
206.0
25.0
478.0
13.0
0.0
0.0
0.0
0.0
0.0
0.0
15.0
0.0
0.0
0.0
97.0
0.0
25.0
10.0
NaN
71.0
0.0
28.0
0.0
0.0
0.0
0.0
10.0
25.0
5.0
46.0
0.0
104.0
76.0
0.0
0.0
89.0
0.0
13.0
0.0
0.0
25.0
0.0
0.0
0.0
0.0
0.0
64.0
0.0
0.0
0.0
25.0
0.0
20.0
5.0
0.0
607.0
0.0
0.0
0.0
43.0
145.0
0.0
0.0
91.0
0.0
0.0
0.0
323.0
0.0
0.0
0.0
0.0
0.0
0.0
0.0
89.0
0.0
0.0
297.0
86.0
0.0
13.0
0.0
0.0
0.0
0.0
0.0
0.0
0.0
0.0
0.0
0.0
23.0
0.0
0.0
0.0
3.0
13.0
0.0
0.0
0.0
0.0
0.0
0.0
0.0
13.0
76.0
38.0
0.0
0.0
0.0
8.0
33.0
0.0
0.0
0.0
0.0
0.0
0.0
0.0
0.0
0.0
0.0
0.0
0.0
23.0
0.0
15.0
0.0
0.0
117.0
0.0
13.0
5.0
338.0
46.0
0.0
0.0
0.0
0.0
0.0
0.0
46.0
36.0
51.0
58.0
0.0
0.0
NaN
NaN
0.0
0.0
0.0
23.0
0.0
10.0
0.0
0.0
0.0
0.0
0.0
0.0
0.0
0.0
0.0
0.0
5.0
58.0
0.0
0.0
0.0
5.0
0.0
0.0
23.0
15.0
0.0
0.0
0.0
0.0
36.0
41.0
0.0
8.0
0.0
0.0
0.0
0.0
0.0
0.0
0.0
0.0
0.0
0.0
0.0
18.0
145.0
10.0
0.0
0.0
0.0
0.0
0.0
0.0
18.0
0.0
0.0
0.0
0.0
89.0
25.0
15.0
0.0
48.0
0.0
0.0
0.0
0.0
NaN
NaN
0.0
0.0
0.0
0.0
0.0
36.0
23.0
0.0
0.0
15.0
5.0
30.0
0.0
10.0
0.0
0.0
20.0
30.0
0.0
8.0
48.0
0.0
0.0
0.0
0.0
0.0
0.0
0.0
0.0
0.0
0.0
0.0
0.0
0.0
25.0
0.0
8.0
0.0
0.0
0.0
0.0
0.0
0.0
0.0
38.0
0.0
0.0
0.0
0.0
0.0
0.0
0.0
0.0
0.0
0.0
10.0
0.0
0.0
0.0
0.0
0.0
0.0
20.0
0.0
0.0
0.0
0.0
0.0
0.0
13.0
0.0
51.0
0.0
0.0
0.0
5.0
20.0
0.0
0.0
0.0
0.0
56.0
23.0
0.0
0.0
0.0
0.0
10.0
130.0
13.0
13.0
0.0
0.0
0.0
56.0
46.0
104.0
0.0
0.0
0.0
0.0
0.0
0.0
0.0
0.0
0.0
0.0
0.0
0.0
0.0
28.0
43.0
5.0
0.0
0.0
0.0
41.0
0.0
127.0
0.0
109.0
56.0
23.0
0.0
66.0
51.0
0.0
0.0
0.0
0.0
0.0
0.0
79.0
0.0
0.0
284.0
13.0
0.0
0.0
0.0
0.0
0.0
0.0
0.0
0.0
74.0
0.0
41.0
0.0
0.0
0.0
0.0
0.0
18.0
0.0
0.0
0.0
0.0
0.0
0.0
0.0
0.0
79.0
0.0
0.0
0.0
43.0
0.0
0.0
320.0
0.0
91.0
795.0
124.0
18.0
10.0
0.0
30.0
23.0
3.0
0.0
18.0
0.0
0.0
0.0
0.0
0.0
0.0
97.0
0.0
56.0
5.0
58.0
0.0
0.0
18.0
0.0
0.0
0.0
46.0
0.0
0.0
0.0
0.0
0.0
0.0
0.0
0.0
191.0
10.0
0.0
0.0
0.0
0.0
48.0
0.0
41.0
0.0
0.0
0.0
0.0
102.0
25.0
0.0
0.0
0.0
0.0
0.0
15.0
0.0
30.0
5.0
249.0
0.0
0.0
0.0
0.0
0.0
3.0
0.0
0.0
0.0
0.0
0.0
0.0
0.0
0.0
0.0
46.0
648.0
84.0
0.0
0.0
0.0
0.0
0.0
5.0
145.0
0.0
0.0
0.0
0.0
0.0
0.0
0.0
0.0
152.0
0.0
0.0
119.0
30.0
112.0
0.0
0.0
15.0
51.0
0.0
0.0
0.0
0.0
0.0
0.0
13.0
0.0
0.0
0.0
0.0
10.0
0.0
0.0
0.0
0.0
0.0
0.0
0.0
0.0
0.0
0.0
0.0
0.0
0.0
0.0
0.0
0.0
0.0
0.0
0.0
23.0
71.0
0.0
0.0
0.0
0.0
0.0
0.0
0.0
0.0
0.0
41.0
3.0
0.0
13.0
53.0
0.0
13.0
33.0
0.0
0.0
0.0
0.0
0.0
0.0
0.0
0.0
5.0
25.0
0.0
0.0
0.0
0.0
13.0
5.0
0.0
0.0
43.0
0.0
0.0
0.0
0.0
0.0
0.0
10.0
0.0
8.0
0.0
0.0
0.0
0.0
0.0
0.0
0.0
0.0
0.0
0.0
5.0
13.0
0.0
0.0
0.0
0.0
0.0
0.0
0.0
0.0
0.0
0.0
0.0
0.0
0.0
0.0
0.0
0.0
0.0
23.0
8.0
0.0
0.0
0.0
0.0
0.0
0.0
0.0
0.0
0.0
0.0
0.0
0.0
25.0
0.0
0.0
0.0
0.0
18.0
10.0
0.0
0.0
0.0
0.0
0.0
0.0
0.0
0.0
0.0
0.0
0.0
10.0
38.0
15.0
0.0
0.0
23.0
30.0
0.0
23.0
0.0
0.0
0.0
0.0
5.0
0.0
NaN
NaN
0.0
0.0
0.0
0.0
10.0
8.0
41.0
30.0
0.0
0.0
0.0
0.0
0.0
0.0
0.0
0.0
0.0
0.0
33.0
38.0
0.0
0.0
0.0
0.0
0.0
0.0
0.0
10.0
79.0
10.0
10.0
0.0
0.0
43.0
10.0
0.0
0.0
0.0
0.0
13.0
58.0
10.0
0.0
0.0
0.0
0.0
76.0
0.0
0.0
41.0
76.0
0.0
23.0
0.0
0.0
0.0
0.0
0.0
0.0
0.0
0.0
0.0
5.0
0.0
0.0
0.0
0.0
86.0
0.0
0.0
0.0
0.0
0.0
102.0
38.0
0.0
0.0
0.0
0.0
0.0
0.0
0.0
74.0
58.0
33.0
0.0
0.0
0.0
0.0
0.0
0.0
0.0
0.0
0.0
0.0
0.0
122.0
0.0
0.0
0.0
0.0
0.0
0.0
0.0
0.0
20.0
0.0
0.0
0.0
0.0
0.0
0.0
0.0
0.0
0.0
0.0
0.0
0.0
10.0
0.0
0.0
0.0
0.0
0.0
0.0
0.0
0.0
0.0
0.0
0.0
0.0
0.0
0.0
0.0
0.0
0.0
0.0
0.0
0.0
305.0
0.0
61.0
0.0
0.0
0.0
0.0
84.0
20.0
13.0
0.0
0.0
175.0
0.0
0.0
0.0
0.0
71.0
254.0
0.0
38.0
0.0
69.0
0.0
0.0
0.0
0.0
51.0
0.0
91.0
64.0
0.0
660.0
0.0
0.0
0.0
0.0
25.0
86.0
0.0
0.0
0.0
0.0
64.0
0.0
0.0
48.0
0.0
0.0
0.0
0.0
0.0
8.0
28.0
0.0
0.0
20.0
0.0
0.0
132.0
64.0
0.0
0.0
0.0
