29.6419354839
NaN
NaN
NaN
11.5066666667
3.35333333333
0.790322580645
5.17931034483
14.3516129032
15.1833333333
21.3967741935
28.55
29.3161290323
28.4225806452
25.39
16.5032258065
5.93
-0.61935483871
0.267741935484
3.20714285714
10.1451612903
14.7344827586
20.3387096774
28.9633333333
30.4096774194
32.3838709677
22.41
20.5774193548
8.83
0.677419354839
-3.49677419355
5.80357142857
NaN
17.9033333333
23.9387096774
28.1166666667
36.1935483871
28.824137931
25.4034482759
19.9333333333
10.8185185185
3.69677419355
2.01785714286
-1.475
5.62903225806
14.6266666667
23.9193548387
26.3533333333
31.7
31.4387096774
23.8833333333
22.135483871
8.99
3.39677419355
4.07692307692
11.1310344828
10.2344827586
17.5655172414
21.8548387097
29.1333333333
31.6258064516
31.5580645161
26.1148148148
14.7071428571
8.688
6.17741935484
-1.42413793103
9.43571428571
12.8548387097
19.61
25.0709677419
29.2866666667
32.0677419355
27.9870967742
26.44
19.3133333333
9.72
3.16451612903
-5.19677419355
-3.03333333333
8.39677419355
17.66
20.6333333333
28.55
31.7935483871
30.9516129032
28.21
20.0
8.56666666667
0.803225806452
-7.40322580645
-4.05
8.83548387097
14.89
20.4516129032
27.7633333333
29.4032258065
30.2516129032
27.9233333333
21.0709677419
7.50333333333
7.27419354839
0.741935483871
-0.244827586207
5.8064516129
17.5133333333
22.9387096774
29.0133333333
33.7903225806
31.8419354839
27.5933333333
19.4290322581
13.31
4.98387096774
6.23225806452
8.64444444444
12.8838709677
21.39
20.3483870968
30.1666666667
30.1903225806
28.0322580645
25.8566666667
16.9806451613
12.2310344828
2.20967741935
-2.52903225806
0.875
8.33225806452
16.32
21.3258064516
24.5
30.5096774194
28.5741935484
24.41
18.2935483871
8.98928571429
5.5
0.622580645161
4.02142857143
8.24333333333
12.17
20.2451612903
26.2966666667
33.3677419355
35.2633333333
27.6466666667
17.7032258065
8.93
-7.76551724138
-1.00333333333
7.604
5.52666666667
13.668
20.5433333333
28.6464285714
30.7862068966
33.0307692308
25.13
17.4310344828
11.52
5.08709677419
-1.37419354839
0.185714285714
13.7677419355
19.4633333333
24.0161290323
26.3033333333
31.55
27.1580645161
21.92
16.9483870968
3.16666666667
0.844827586207
8.84193548387
3.488
13.9538461538
18.5357142857
22.8387096774
30.3576923077
31.7580645161
26.425
25.1620689655
17.2785714286
8.1724137931
4.60666666667
4.72068965517
9.26428571429
NaN
19.1535714286
24.7516129032
30.0517241379
31.824137931
27.8
26.0933333333
17.3193548387
11.6275862069
3.35666666667
-1.36333333333
3.76206896552
12.735483871
17.952
25.5032258065
32.5821428571
30.1035714286
31.5633333333
25.2633333333
17.1806451613
11.25
7.13448275862
6.50333333333
-2.61851851852
10.1193548387
20.8866666667
23.1064516129
25.97
29.7333333333
28.5965517241
23.7733333333
20.7741935484
10.8366666667
0.21935483871
7.22258064516
5.72692307692
11.2225806452
16.75
19.6935483871
28.54
29.8419354839
29.175862069
28.0466666667
19.1766666667
14.0133333333
1.53333333333
-1.43548387097
10.7923076923
12.6833333333
18.08
23.4161290323
30.0034482759
31.4677419355
29.6935483871
26.3733333333
19.1833333333
4.52
4.66333333333
5.91935483871
8.93571428571
12.8322580645
16.7433333333
23.3806451613
25.0533333333
26.8862068966
26.0967741935
24.9034482759
17.725
4.55
1.375
-2.78666666667
-1.62857142857
6.52258064516
14.2833333333
21.2258064516
26.44
27.8419354839
NaN
NaN
16.3655172414
NaN
6.04193548387
0.686666666667
0.174074074074
12.6935483871
17.3178571429
23.4517241379
30.3533333333
28.8259259259
29.5586206897
25.9233333333
19.924137931
10.8733333333
3.63548387097
1.38846153846
9.06071428571
10.3
13.9
17.6419354839
26.7862068966
31.8838709677
31.7222222222
24.0
18.835483871
8.75517241379
4.02068965517
-0.161290322581
6.44482758621
7.36774193548
17.3266666667
19.4612903226
28.8666666667
28.9103448276
27.21
23.1428571429
19.2896551724
4.86333333333
0.806451612903
0.396774193548
3.95555555556
13.1392857143
13.53
20.6096774194
28.4233333333
31.3724137931
28.4387096774
25.9033333333
18.7766666667
7.95172413793
2.61612903226
1.2935483871
6.94615384615
4.36551724138
15.4833333333
25.3161290323
27.4633333333
30.5206896552
29.6607142857
28.7285714286
19.37
11.1206896552
6.24827586207
2.25925925926
9.37037037037
10.6290322581
15.292
22.0566666667
25.2482758621
32.1068965517
28.7379310345
24.575
19.8862068966
16.3576923077
6.32
4.75806451613
8.9
12.575
18.4214285714
24.5322580645
28.3464285714
29.8533333333
32.5
27.2892857143
19.7862068966
4.46206896552
-3.18
1.91612903226
-1.18518518519
6.87692307692
19.2933333333
23.7161290323
27.6133333333
31.6066666667
31.2357142857
24.6133333333
18.5068965517
15.2535714286
6.73103448276
5.74838709677
4.98260869565
7.4
17.5428571429
20.9586206897
NaN
NaN
29.4892857143
25.7884615385
14.6703703704
10.2833333333
8.4
2.50967741935
2.66071428571
10.9677419355
16.9814814815
21.4
27.1724137931
32.1064516129
31.8571428571
24.2379310345
21.59
9.22222222222
5.11428571429
2.25714285714
0.318518518519
14.0551724138
NaN
NaN
26.4517241379
28.0935483871
27.9066666667
28.4571428571
19.06
11.0464285714
6.48571428571
NaN
7.36923076923
12.7966666667
18.688
24.2
29.9535714286
32.7928571429
30.2407407407
NaN
NaN
13.2222222222
2.51481481481
NaN
5.87916666667
10.5714285714
21.2034482759
24.7148148148
30.5857142857
32.8533333333
NaN
24.1857142857
15.8037037037
12.6148148148
6.14193548387
0.845161290323
1.35
15.6612903226
15.6533333333
24.3933333333
28.34
30.79
32.58
26.2466666667
NaN
12.8333333333
NaN
-0.310714285714
2.364
10.5903225806
14.6296296296
21.8066666667
NaN
30.8366666667
28.6580645161
24.4733333333
17.3133333333
11.1346153846
0.196774193548
2.65161290323
7.61071428571
10.8258064516
16.2766666667
23.3096774194
27.5166666667
29.0896551724
28.3896551724
23.2821428571
12.21
13.22
-2.35666666667
-3.14193548387
-1.07142857143
9.16451612903
19.5392857143
20.9096774194
NaN
29.9448275862
31.8533333333
26.1344827586
22.1448275862
12.0346153846
2.80689655172
-1.88275862069
3.71071428571
9.37741935484
16.57
22.5466666667
28.4066666667
32.024137931
29.5161290323
23.8233333333
20.3548387097
11.6482758621
4.27419354839
6.79666666667
6.36551724138
19.6666666667
20.9833333333
27.1129032258
30.59
33.6709677419
29.8580645161
27.7566666667
17.0806451613
13.8206896552
4.38387096774
1.27096774194
4.00714285714
8.04516129032
14.0833333333
22.4774193548
29.3633333333
29.7774193548
29.4838709677
27.7833333333
18.4225806452
9.78333333333
2.33548387097
3.3
0.817857142857
10.1129032258
17.9666666667
24.0322580645
28.3766666667
29.1064516129
29.1193548387
24.7766666667
20.6161290323
8.68
3.4
5.2935483871
1.81428571429
14.7483870968
18.5266666667
21.3290322581
28.3766666667
30.264516129
28.9451612903
28.7
20.9709677419
13.2566666667
5.64838709677
1.91290322581
7.6
15.7548387097
18.57
21.9935483871
31.87
30.7193548387
29.5032258065
26.28
21.9870967742
14.4933333333
2.84193548387
1.65161290323
9.98214285714
12.5903225806
17.3833333333
22.3161290323
30.7833333333
31.8677419355
27.6
26.7333333333
NaN
