119.0
5.0
0.0
0.0
0.0
0.0
0.0
NaN
0.0
0.0
8.0
15.0
0.0
0.0
0.0
0.0
8.0
0.0
0.0
0.0
0.0
51.0
81.0
NaN
0.0
0.0
0.0
25.0
0.0
3.0
0.0
0.0
0.0
0.0
0.0
0.0
0.0
0.0
0.0
0.0
0.0
46.0
84.0
0.0
0.0
0.0
0.0
0.0
0.0
0.0
0.0
13.0
0.0
0.0
33.0
0.0
0.0
0.0
0.0
165.0
8.0
173.0
0.0
0.0
0.0
0.0
46.0
0.0
46.0
0.0
0.0
0.0
0.0
0.0
0.0
0.0
0.0
0.0
0.0
0.0
0.0
0.0
0.0
0.0
0.0
0.0
0.0
0.0
305.0
102.0
0.0
0.0
0.0
0.0
0.0
89.0
0.0
0.0
0.0
0.0
0.0
0.0
0.0
0.0
0.0
0.0
0.0
0.0
0.0
0.0
0.0
0.0
0.0
0.0
0.0
0.0
0.0
0.0
0.0
0.0
0.0
0.0
0.0
0.0
0.0
0.0
0.0
0.0
0.0
0.0
0.0
0.0
0.0
0.0
0.0
0.0
0.0
0.0
0.0
0.0
0.0
0.0
0.0
0.0
0.0
0.0
0.0
0.0
0.0
0.0
0.0
0.0
23.0
0.0
0.0
0.0
0.0
0.0
0.0
0.0
0.0
0.0
0.0
0.0
0.0
0.0
0.0
20.0
0.0
0.0
43.0
15.0
0.0
0.0
0.0
0.0
36.0
0.0
0.0
0.0
0.0
0.0
0.0
0.0
20.0
0.0
33.0
0.0
0.0
0.0
0.0
28.0
0.0
0.0
0.0
0.0
0.0
0.0
0.0
0.0
0.0
0.0
38.0
0.0
0.0
0.0
18.0
305.0
142.0
0.0
0.0
0.0
0.0
0.0
0.0
0.0
36.0
8.0
0.0
0.0
0.0
0.0
3.0
64.0
0.0
56.0
406.0
262.0
86.0
0.0
0.0
251.0
147.0
0.0
66.0
69.0
30.0
0.0
0.0
0.0
0.0
0.0
0.0
0.0
0.0
0.0
0.0
216.0
23.0
28.0
0.0
58.0
0.0
0.0
145.0
450.0
262.0
0.0
69.0
58.0
0.0
0.0
0.0
0.0
0.0
0.0
0.0
0.0
0.0
0.0
0.0
0.0
0.0
5.0
94.0
0.0
0.0
0.0
0.0
0.0
0.0
0.0
0.0
0.0
0.0
0.0
0.0
0.0
0.0
0.0
64.0
0.0
0.0
0.0
89.0
8.0
0.0
0.0
0.0
0.0
0.0
0.0
0.0
69.0
0.0
0.0
0.0
0.0
0.0
0.0
0.0
0.0
0.0
0.0
46.0
191.0
5.0
8.0
0.0
0.0
0.0
58.0
0.0
69.0
84.0
33.0
13.0
0.0
0.0
0.0
5.0
102.0
0.0
15.0
0.0
0.0
20.0
3.0
0.0
0.0
0.0
0.0
0.0
0.0
0.0
0.0
0.0
0.0
0.0
0.0
0.0
198.0
0.0
0.0
0.0
0.0
0.0
0.0
0.0
0.0
13.0
0.0
0.0
0.0
0.0
0.0
0.0
38.0
0.0
102.0
102.0
0.0
51.0
0.0
348.0
33.0
0.0
201.0
107.0
0.0
0.0
0.0
0.0
0.0
0.0
79.0
23.0
0.0
0.0
0.0
0.0
18.0
0.0
0.0
48.0
25.0
8.0
0.0
0.0
0.0
0.0
0.0
0.0
0.0
0.0
229.0
0.0
0.0
0.0
0.0
0.0
0.0
0.0
0.0
0.0
0.0
0.0
25.0
0.0
15.0
0.0
0.0
25.0
211.0
0.0
0.0
0.0
536.0
33.0
0.0
0.0
0.0
0.0
0.0
0.0
0.0
0.0
0.0
0.0
0.0
0.0
0.0
0.0
0.0
0.0
0.0
0.0
43.0
0.0
0.0
0.0
0.0
0.0
0.0
0.0
0.0
0.0
0.0
0.0
0.0
0.0
64.0
0.0
0.0
38.0
41.0
0.0
53.0
0.0
8.0
0.0
0.0
53.0
0.0
0.0
0.0
0.0
0.0
0.0
0.0
0.0
0.0
0.0
0.0
0.0
0.0
0.0
0.0
0.0
0.0
0.0
41.0
0.0
0.0
0.0
0.0
0.0
0.0
0.0
0.0
0.0
0.0
0.0
0.0
0.0
0.0
0.0
38.0
0.0
0.0
15.0
0.0
0.0
0.0
28.0
20.0
0.0
0.0
0.0
41.0
0.0
36.0
30.0
0.0
0.0
0.0
0.0
0.0
0.0
0.0
71.0
0.0
25.0
46.0
0.0
0.0
0.0
0.0
18.0
15.0
0.0
25.0
13.0
13.0
0.0
0.0
0.0
0.0
0.0
18.0
0.0
0.0
0.0
0.0
0.0
0.0
0.0
127.0
0.0
0.0
0.0
0.0
0.0
0.0
0.0
0.0
0.0
0.0
0.0
0.0
0.0
0.0
0.0
0.0
0.0
0.0
0.0
0.0
0.0
0.0
0.0
0.0
8.0
0.0
102.0
48.0
0.0
0.0
0.0
0.0
0.0
0.0
0.0
0.0
0.0
0.0
0.0
18.0
0.0
0.0
0.0
0.0
0.0
109.0
13.0
0.0
18.0
0.0
0.0
0.0
0.0
0.0
0.0
0.0
8.0
0.0
53.0
0.0
25.0
229.0
0.0
213.0
0.0
8.0
0.0
526.0
18.0
8.0
165.0
462.0
36.0
0.0
0.0
0.0
0.0
69.0
48.0
5.0
0.0
0.0
0.0
56.0
3.0
0.0
0.0
0.0
5.0
104.0
0.0
0.0
0.0
0.0
0.0
0.0
66.0
81.0
0.0
0.0
0.0
117.0
302.0
5.0
0.0
0.0
0.0
0.0
318.0
0.0
18.0
152.0
0.0
43.0
0.0
64.0
0.0
0.0
0.0
30.0
0.0
0.0
0.0
0.0
0.0
0.0
0.0
0.0
71.0
0.0
0.0
38.0
0.0
5.0
76.0
0.0
0.0
0.0
0.0
58.0
8.0
0.0
0.0
0.0
0.0
0.0
91.0
0.0
0.0
0.0
0.0
236.0
97.0
0.0
0.0
0.0
0.0
0.0
0.0
0.0
0.0
0.0
0.0
615.0
0.0
0.0
0.0
0.0
38.0
0.0
109.0
211.0
0.0
0.0
66.0
163.0
0.0
0.0
0.0
0.0
236.0
277.0
5.0
0.0
0.0
0.0
8.0
0.0
0.0
0.0
0.0
0.0
0.0
0.0
0.0
102.0
0.0
0.0
0.0
0.0
0.0
0.0
0.0
0.0
0.0
66.0
0.0
0.0
0.0
36.0
0.0
0.0
0.0
0.0
0.0
0.0
0.0
0.0
0.0
0.0
0.0
0.0
0.0
89.0
0.0
0.0
0.0
0.0
0.0
0.0
0.0
0.0
0.0
0.0
0.0
0.0
23.0
0.0
0.0
0.0
0.0
0.0
0.0
0.0
0.0
0.0
0.0
0.0
71.0
0.0
0.0
0.0
0.0
0.0
0.0
28.0
0.0
0.0
0.0
0.0
0.0
0.0
0.0
0.0
0.0
0.0
8.0
0.0
0.0
0.0
0.0
0.0
0.0
0.0
0.0
0.0
0.0
36.0
0.0
0.0
0.0
0.0
0.0
0.0
36.0
0.0
0.0
15.0
0.0
0.0
0.0
0.0
0.0
0.0
0.0
0.0
0.0
0.0
0.0
0.0
0.0
0.0
0.0
0.0
0.0
69.0
0.0
0.0
0.0
0.0
13.0
0.0
0.0
0.0
0.0
13.0
0.0
0.0
0.0
0.0
0.0
0.0
0.0
0.0
0.0
30.0
0.0
0.0
0.0
0.0
0.0
0.0
0.0
0.0
23.0
33.0
0.0
0.0
0.0
0.0
0.0
0.0
25.0
28.0
0.0
0.0
0.0
0.0
0.0
0.0
0.0
0.0
0.0
0.0
0.0
0.0
0.0
0.0
36.0
0.0
0.0
33.0
0.0
23.0
15.0
0.0
0.0
0.0
30.0
28.0
0.0
107.0
0.0
0.0
0.0
0.0
0.0
0.0
0.0
0.0
0.0
0.0
0.0
0.0
0.0
170.0
13.0
0.0
0.0
0.0
0.0
56.0
0.0
0.0
0.0
0.0
0.0
0.0
0.0
15.0
0.0
0.0
53.0
15.0
0.0
0.0
0.0
0.0
33.0
196.0
0.0
36.0
178.0
25.0
0.0
30.0
15.0
0.0
0.0
0.0
0.0
135.0
0.0
107.0
0.0
0.0
160.0
15.0
8.0
0.0
43.0
13.0
0.0
38.0
15.0
0.0
0.0
0.0
0.0
0.0
130.0
114.0
0.0
0.0
10.0
0.0
0.0
0.0
28.0
5.0
0.0
48.0
0.0
8.0
104.0
0.0
0.0
10.0
0.0
0.0
0.0
0.0
25.0
56.0
0.0
0.0
0.0
0.0
0.0
0.0
401.0
0.0
0.0
0.0
0.0
0.0
0.0
0.0
0.0
0.0
10.0
0.0
0.0
0.0
0.0
0.0
13.0
18.0
0.0
0.0
0.0
0.0
0.0
0.0
0.0
0.0
0.0
0.0
0.0
56.0
0.0
20.0
292.0
0.0
56.0
107.0
0.0
94.0
0.0
0.0
0.0
0.0
0.0
0.0
38.0
0.0
0.0
323.0
38.0
0.0
0.0
18.0
0.0
0.0
0.0
0.0
0.0
28.0
0.0
0.0
0.0
0.0
61.0
0.0
43.0
0.0
0.0
0.0
213.0
0.0
0.0
0.0
0.0
0.0
0.0
0.0
0.0
0.0
239.0
0.0
0.0
18.0
30.0
0.0
46.0
0.0
0.0
0.0
0.0
0.0
287.0
155.0
0.0
0.0
71.0
0.0
0.0
