5.0
169.0
417.0
82.0
750.0
300.0
2674.0
1167.0
541.0
81.0
201.0
64.0
546.0
330.0
547.0
502.0
346.0
1638.0
714.0
18.0
NaN
NaN
NaN
NaN
NaN
NaN
NaN
NaN
NaN
1184.0
640.0
1989.0
239.0
79.0
295.0
13.0
46.0
46.0
101.0
593.0
2221.0
1466.0
708.0
1394.0
819.0
718.0
289.0
102.0
111.0
51.0
291.0
851.0
906.0
1477.0
1590.0
856.0
348.0
1263.0
91.0
356.0
259.0
277.0
331.0
1438.0
1305.0
779.0
203.0
294.0
945.0
480.0
234.0
229.0
0.0
127.0
356.0
262.0
1295.0
1091.0
1312.0
757.0
148.0
929.0
132.0
396.0
0.0
302.0
286.0
1176.0
647.0
777.0
1109.0
1079.0
948.0
452.0
13.0
265.0
206.0
163.0
312.0
526.0
531.0
783.0
993.0
740.0
730.0
601.0
51.0
38.0
290.0
69.0
107.0
211.0
1168.0
3197.0
2371.0
1961.0
1100.0
826.0
345.0
226.0
51.0
298.0
188.0
806.0
3373.0
417.0
1112.0
750.0
475.0
853.0
351.0
NaN
163.0
49.0
517.0
649.0
1099.0
1324.0
1040.0
290.0
999.0
233.0
54.0
57.0
271.0
188.0
163.0
834.0
1775.0
841.0
2182.0
1035.0
760.0
432.0
607.0
20.0
107.0
268.0
413.0
1240.0
793.0
493.0
531.0
948.0
1243.0
537.0
117.0
191.0
213.0
428.0
193.0
391.0
480.0
1521.0
2063.0
838.0
1630.0
348.0
163.0
229.0
36.0
647.0
137.0
555.0
2037.0
4247.0
1081.0
1271.0
439.0
544.0
193.0
46.0
263.0
307.0
512.0
325.0
1329.0
823.0
1478.0
594.0
1581.0
249.0
1710.0
863.0
321.0
38.0
0.0
107.0
1872.0
722.0
183.0
1134.0
710.0
181.0
30.0
221.0
13.0
637.0
241.0
625.0
516.0
266.0
455.0
1600.0
1607.0
325.0
110.0
612.0
41.0
686.0
702.0
968.0
966.0
712.0
153.0
886.0
863.0
747.0
36.0
38.0
109.0
302.0
277.0
739.0
2073.0
1362.0
50.0
325.0
906.0
236.0
517.0
1068.0
77.0
389.0
375.0
544.0
797.0
1732.0
302.0
954.0
648.0
483.0
0.0
224.0
556.0
701.0
651.0
445.0
1202.0
1631.0
1423.0
1215.0
619.0
703.0
457.0
305.0
496.0
81.0
280.0
556.0
1275.0
1056.0
891.0
700.0
306.0
362.0
137.0
212.0
96.0
5.0
257.0
934.0
1332.0
485.0
491.0
486.0
198.0
163.0
30.0
62.0
176.0
502.0
94.0
533.0
2057.0
826.0
486.0
673.0
403.0
1137.0
425.0
371.0
20.0
775.0
218.0
1481.0
1257.0
1168.0
142.0
383.0
1875.0
458.0
605.0
21.0
43.0
351.0
144.0
1228.0
496.0
859.0
990.0
738.0
879.0
726.0
432.0
247.0
142.0
73.0
193.0
755.0
521.0
858.0
1437.0
374.0
410.0
361.0
0.0
18.0
226.0
411.0
697.0
523.0
1004.0
816.0
1857.0
341.0
675.0
698.0
521.0
15.0
35.0
23.0
411.0
1135.0
1086.0
1255.0
436.0
1372.0
869.0
119.0
71.0
73.0
222.0
188.0
625.0
558.0
788.0
1130.0
986.0
725.0
198.0
231.0
175.0
446.0
66.0
274.0
381.0
656.0
1072.0
1287.0
681.0
2162.0
633.0
382.0
190.0
190.0
279.0
282.0
298.0
86.0
829.0
1022.0
748.0
258.0
1347.0
257.0
706.0
237.0
46.0
283.0
798.0
1130.0
252.0
949.0
664.0
3337.0
1052.0
98.0
30.0
179.0
42.0
613.0
129.0
465.0
815.0
1589.0
1668.0
975.0
541.0
1114.0
926.0
10.0
272.0
265.0
23.0
1049.0
1205.0
861.0
295.0
252.0
495.0
1293.0
461.0
10.0
300.0
136.0
192.0
1243.0
1090.0
1065.0
263.0
1336.0
147.0
406.0
735.0
69.0
46.0
234.0
276.0
843.0
1300.0
650.0
1345.0
744.0
1156.0
608.0
1146.0
389.0
379.0
283.0
195.0
193.0
631.0
1611.0
1272.0
1180.0
645.0
541.0
5.0
143.0
78.0
48.0
498.0
367.0
656.0
173.0
628.0
1599.0
714.0
41.0
177.0
186.0
50.0
224.0
94.0
35.0
449.0
740.0
25.0
501.0
629.0
368.0
581.0
205.0
23.0
206.0
186.0
373.0
2693.0
1516.0
426.0
964.0
869.0
546.0
358.0
76.0
270.0
92.0
45.0
507.0
496.0
672.0
23.0
610.0
1094.0
170.0
0.0
292.0
388.0
56.0
643.0
470.0
553.0
728.0
1224.0
202.0
676.0
528.0
35.0
33.0
77.0
393.0
419.0
690.0
1847.0
1226.0
1115.0
731.0
526.0
38.0
356.0
41.0
98.0
282.0
529.0
1022.0
574.0
1250.0
721.0
1249.0
91.0
142.0
0.0
278.0
250.0
277.0
438.0
504.0
397.0
270.0
425.0
1252.0
217.0
518.0
582.0
304.0
372.0
216.0
301.0
490.0
878.0
2487.0
297.0
170.0
3159.0
642.0
641.0
748.0
127.0
261.0
792.0
343.0
1813.0
1403.0
773.0
1772.0
1125.0
323.0
160.0
344.0
71.0
252.0
262.0
448.0
633.0
2403.0
555.0
523.0
337.0
133.0
112.0
127.0
368.0
387.0
712.0
1346.0
640.0
1889.0
665.0
2101.0
306.0
293.0
623.0
169.0
127.0
400.0
244.0
1266.0
1970.0
785.0
957.0
382.0
707.0
308.0
56.0
384.0
184.0
18.0
686.0
59.0
737.0
670.0
775.0
616.0
923.0
884.0
869.0
13.0
206.0
94.0
349.0
1439.0
1110.0
2276.0
221.0
300.0
409.0
515.0
261.0
562.0
231.0
803.0
457.0
482.0
1631.0
869.0
580.0
742.0
445.0
282.0
676.0
191.0
625.0
222.0
312.0
388.0
1109.0
1968.0
833.0
1265.0
1576.0
677.0
0.0
142.0
31.0
194.0
171.0
220.0
1404.0
611.0
3036.0
2216.0
610.0
734.0
104.0
30.0
129.0
455.0
569.0
981.0
1123.0
2793.0
1301.0
2051.0
1151.0
434.0
140.0
98.0
87.0
217.0
787.0
1015.0
747.0
800.0
739.0
1459.0
130.0
0.0
443.0
403.0
42.0
138.0
412.0
671.0
789.0
1162.0
911.0
318.0
346.0
272.0
659.0
435.0
14.0
458.0
67.0
422.0
1532.0
1295.0
271.0
2490.0
206.0
597.0
0.0
86.0
198.0
267.0
89.0
269.0
317.0
1153.0
889.0
292.0
830.0
126.0
64.0
154.0
176.0
110.0
37.0
372.0
894.0
1966.0
589.0
254.0
247.0
284.0
195.0
23.0
114.0
90.0
752.0
893.0
1153.0
2288.0
355.0
2026.0
616.0
600.0
393.0
160.0
255.0
428.0
701.0
361.0
640.0
874.0
2434.0
600.0
970.0
15.0
233.0
NaN
100.0
169.0
619.0
272.0
2071.0
607.0
884.0
729.0
1438.0
1190.0
8.0
130.0
372.0
190.0
428.0
692.0
817.0
1639.0
874.0
664.0
907.0
354.0
49.0
25.0
28.0
113.0
913.0
485.0
1513.0
970.0
319.0
602.0
2361.0
493.0
538.0
193.0
203.0
269.0
554.0
120.0
1084.0
1251.0
737.0
699.0
699.0
997.0
196.0
192.0
115.0
0.0
390.0
574.0
1063.0
1749.0
1674.0
957.0
1242.0
442.0
64.0
46.0
20.0
211.0
277.0
936.0
349.0
1284.0
466.0
1349.0
1154.0
96.0
345.0
101.0
125.0
794.0
330.0
489.0
941.0
1694.0
685.0
457.0
1649.0
64.0
38.0
300.0
102.0
329.0
61.0
266.0
260.0
361.0
1802.0
574.0
666.0
254.0
38.0
259.0
143.0
36.0
145.0
816.0
566.0
2410.0
216.0
345.0
1256.0
673.0
69.0
200.0
74.0
135.0
10.0
1039.0
655.0
659.0
1118.0
2745.0
836.0
1040.0
273.0
364.0
281.0
570.0
373.0
699.0
1741.0
594.0
1644.0
711.0
650.0
886.0
21.0
201.0
21.0
35.0
311.0
600.0
1464.0
757.0
320.0
833.0
1504.0
762.0
208.0
92.0
351.0
605.0
252.0
368.0
1765.0
871.0
1460.0
221.0
269.0
865.0
1004.0
189.0
55.0
57.0
100.0
893.0
1263.0
475.0
546.0
1534.0
348.0
840.0
973.0
358.0
324.0
222.0
1517.0
636.0
675.0
709.0
1843.0
861.0
2316.0
1294.0
366.0
485.0
106.0
13.0
127.0
943.0
885.0
524.0
56.0
444.0
60.0
531.0
252.0
183.0
238.0
381.0
455.0
979.0
924.0
1407.0
850.0
884.0
295.0
18.0
892.0
138.0
31.0
239.0
973.0
1260.0
827.0
221.0
993.0
431.0
746.0
165.0
15.0
5.0
220.0
0.0
897.0
690.0
1951.0
823.0
1464.0
2391.0
1396.0
556.0
411.0
18.0
84.0
355.0
477.0
942.0
1029.0
873.0
1938.0
577.0
1433.0
150.0
377.0
87.0
506.0
92.0
1518.0
406.0
906.0
1024.0
986.0
836.0
304.0
991.0
378.0
51.0
376.0
153.0
962.0
489.0
345.0
843.0
539.0
1157.0
259.0
824.0
30.0
450.0
0.0
84.0
397.0
424.0
887.0
681.0
2510.0
1154.0
1126.0
212.0
781.0
270.0
234.0
95.0
773.0
640.0
1693.0
892.0
783.0
1234.0
528.0
508.0
233.0
514.0
317.0
231.0
646.0
478.0
615.0
1969.0
236.0
1024.0
882.0
411.0
735.0
224.0
79.0
201.0
684.0
1371.0
1098.0
1472.0
478.0
284.0
678.0
780.0
52.0
722.0
123.0
210.0
404.0
679.0
828.0
965.0
848.0
1723.0
1648.0
632.0
100.0
199.0
0.0
257.0
480.0
1314.0
797.0
980.0
1092.0
1776.0
1483.0
909.0
303.0
351.0
51.0
63.0
1896.0
582.0
1366.0
804.0
278.0
1949.0
843.0
352.0
378.0
134.0
147.0
115.0
30.0
724.0
1112.0
1128.0
438.0
657.0
415.0
5.0
278.0
178.0
178.0
198.0
117.0
46.0
646.0
1161.0
1009.0
1606.0
1327.0
235.0
5.0
119.0
264.0
74.0
929.0
234.0
1246.0
2167.0
662.0
1116.0
320.0
424.0
274.0
241.0
155.0
132.0
555.0
431.0
842.0
154.0
252.0
664.0
203.0
435.0
839.0
445.0
342.0
106.0
440.0
343.0
777.0
1158.0
3522.0
454.0
712.0
807.0
770.0
305.0
337.0
252.0
623.0
669.0
1092.0
2830.0
3714.0
1163.0
989.0
267.0
141.0
189.0
155.0
192.0
5.0
582.0
624.0
1231.0
940.0
1061.0
342.0
470.0
593.0
264.0
254.0
64.0
603.0
740.0
2760.0
487.0
959.0
1009.0
693.0
226.0
194.0
36.0
291.0
0.0
300.0
623.0
1749.0
447.0
890.0
1123.0
819.0
297.0
1015.0
8.0
58.0
299.0
64.0
992.0
683.0
1688.0
1311.0
484.0
882.0
878.0
310.0
429.0
100.0
538.0
909.0
817.0
231.0
1368.0
1732.0
552.0
NaN
NaN
NaN
11.0
233.0
221.0
253.0
1284.0
1582.0
1080.0
567.0
904.0
323.0
5.0
254.0
211.0
46.0
311.0
421.0
492.0
634.0
645.0
1506.0
442.0
365.0
869.0
271.0
287.0
429.0
NaN
347.0
653.0
2254.0
1195.0
1208.0
292.0
1234.0
661.0
241.0
51.0
152.0
211.0
373.0
536.0
2480.0
204.0
338.0
716.0
216.0
1374.0
94.0
0.0
143.0
299.0
336.0
888.0
1587.0
1739.0
38.0
838.0
1328.0
442.0
370.0
292.0
330.0
196.0
1029.0
389.0
1950.0
994.0
663.0
1036.0
735.0
108.0
408.0
46.0
295.0
600.0
358.0
920.0
468.0
1493.0
785.0
1558.0
869.0
541.0
279.0
77.0
234.0
3.0
606.0
1019.0
758.0
1151.0
950.0
1405.0
1085.0
241.0
35.0
717.0
300.0
363.0
824.0
787.0
2366.0
2121.0
450.0
2260.0
922.0
1316.0
45.0
537.0
71.0
111.0
473.0
1719.0
1821.0
1106.0
2666.0
906.0
1067.0
1354.0
195.0
171.0
51.0
196.0
105.0
961.0
517.0
1348.0
664.0
529.0
515.0
1150.0
478.0
694.0
75.0
225.0
775.0
908.0
899.0
2074.0
636.0
602.0
1693.0
5.0
841.0
31.0
NaN
NaN
NaN
NaN
NaN
NaN
1284.0
1517.0
327.0
218.0
404.0
407.0
124.0
579.0
402.0
1178.0
52.0
1032.0
240.0
570.0
440.0
344.0
112.0
209.0
248.0
178.0
207.0
991.0
2589.0
500.0
698.0
655.0
849.0
1006.0
450.0
76.0
58.0
174.0
36.0
381.0
284.0
2277.0
523.0
1166.0
911.0
681.0
31.0
119.0
79.0
308.0
281.0
886.0
964.0
2761.0
961.0
302.0
695.0
189.0
615.0
720.0
277.0
222.0
131.0
932.0
1424.0
138.0
868.0
1118.0
543.0
241.0
194.0
308.0
344.0
89.0
806.0
788.0
1947.0
491.0
398.0
710.0
NaN
NaN
