NaN
NaN
NaN
NaN
NaN
NaN
NaN
NaN
NaN
NaN
NaN
NaN
NaN
NaN
NaN
NaN
NaN
NaN
NaN
NaN
NaN
NaN
NaN
NaN
NaN
NaN
NaN
NaN
NaN
NaN
NaN
NaN
NaN
NaN
NaN
NaN
NaN
NaN
NaN
NaN
NaN
NaN
NaN
NaN
NaN
NaN
NaN
NaN
NaN
NaN
NaN
NaN
NaN
NaN
NaN
NaN
NaN
NaN
NaN
NaN
NaN
NaN
NaN
NaN
-4.76451612903
-1.19642857143
4.84193548387
11.54
19.5709677419
25.0866666667
29.4516129032
27.2741935484
19.6266666667
17.5064516129
8.52666666667
2.36538461538
1.15483870968
2.43103448276
15.664516129
15.08
22.8290322581
27.65
31.4
27.2774193548
22.0448275862
15.3838709677
8.28846153846
3.61
1.31111111111
NaN
2.17857142857
11.9275862069
20.5206896552
24.2038461538
27.36
NaN
NaN
NaN
6.75
NaN
-5.12258064516
-6.48928571429
2.05806451613
13.1633333333
21.0064516129
26.2066666667
24.8387096774
27.0387096774
22.4066666667
15.0741935484
3.6
3.19032258065
-2.67333333333
-5.22142857143
6.61290322581
16.6033333333
22.4032258065
25.3833333333
27.0483870968
26.4677419355
26.5333333333
17.3481481481
12.0
5.40666666667
-2.3064516129
1.6724137931
9.97096774194
14.4925925926
21.2322580645
26.8566666667
27.7666666667
28.0290322581
24.5833333333
19.064516129
13.4466666667
-0.48064516129
-1.02258064516
6.05
8.17096774194
16.5071428571
19.26
26.34
27.8266666667
25.3322580645
NaN
NaN
