-10.268
NaN
NaN
NaN
NaN
NaN
NaN
NaN
NaN
NaN
NaN
NaN
NaN
NaN
NaN
NaN
NaN
NaN
NaN
NaN
NaN
NaN
NaN
NaN
NaN
NaN
NaN
NaN
NaN
NaN
NaN
NaN
NaN
NaN
NaN
NaN
NaN
NaN
NaN
NaN
NaN
NaN
NaN
NaN
NaN
NaN
NaN
NaN
NaN
NaN
NaN
NaN
NaN
NaN
NaN
NaN
NaN
NaN
NaN
NaN
NaN
NaN
NaN
NaN
NaN
NaN
NaN
NaN
NaN
NaN
NaN
NaN
NaN
NaN
NaN
NaN
NaN
NaN
NaN
NaN
NaN
NaN
NaN
NaN
NaN
NaN
NaN
NaN
NaN
NaN
NaN
NaN
NaN
NaN
NaN
NaN
NaN
NaN
NaN
NaN
NaN
NaN
NaN
NaN
NaN
NaN
NaN
NaN
NaN
NaN
NaN
NaN
NaN
NaN
NaN
NaN
NaN
NaN
NaN
NaN
NaN
NaN
NaN
NaN
NaN
NaN
NaN
NaN
NaN
NaN
NaN
NaN
NaN
NaN
NaN
NaN
NaN
NaN
NaN
NaN
NaN
NaN
NaN
NaN
NaN
NaN
NaN
NaN
NaN
NaN
NaN
NaN
NaN
NaN
NaN
NaN
NaN
NaN
NaN
NaN
NaN
NaN
NaN
NaN
NaN
NaN
NaN
NaN
NaN
NaN
NaN
NaN
NaN
NaN
NaN
NaN
NaN
NaN
NaN
NaN
NaN
NaN
NaN
NaN
NaN
NaN
NaN
NaN
NaN
NaN
NaN
NaN
NaN
NaN
NaN
NaN
NaN
NaN
NaN
NaN
NaN
NaN
NaN
NaN
NaN
NaN
NaN
NaN
NaN
NaN
NaN
NaN
NaN
NaN
NaN
NaN
NaN
NaN
NaN
NaN
NaN
NaN
NaN
NaN
NaN
NaN
NaN
NaN
NaN
NaN
NaN
NaN
NaN
NaN
NaN
NaN
NaN
NaN
NaN
NaN
NaN
NaN
NaN
NaN
NaN
NaN
NaN
NaN
NaN
NaN
NaN
NaN
NaN
NaN
NaN
NaN
NaN
NaN
NaN
NaN
NaN
NaN
NaN
NaN
NaN
NaN
NaN
NaN
NaN
NaN
NaN
NaN
NaN
NaN
NaN
NaN
NaN
NaN
NaN
NaN
NaN
NaN
NaN
NaN
NaN
NaN
NaN
NaN
NaN
NaN
NaN
NaN
NaN
NaN
NaN
NaN
NaN
NaN
NaN
NaN
NaN
NaN
NaN
NaN
NaN
NaN
NaN
NaN
NaN
NaN
NaN
NaN
NaN
NaN
NaN
NaN
NaN
NaN
NaN
NaN
NaN
NaN
NaN
NaN
NaN
NaN
NaN
NaN
NaN
NaN
NaN
NaN
NaN
NaN
NaN
NaN
NaN
NaN
NaN
NaN
NaN
NaN
NaN
NaN
NaN
NaN
NaN
NaN
NaN
NaN
NaN
NaN
NaN
NaN
NaN
NaN
NaN
NaN
NaN
-1.96129032258
3.44074074074
4.08333333333
13.7233333333
22.7033333333
23.9266666667
26.8741935484
26.4483870968
24.2433333333
15.0516129032
8.37333333333
2.09
-5.28709677419
1.72857142857
6.18
13.71
20.2870967742
25.0766666667
28.7064516129
24.1967741935
21.7366666667
13.9483870968
10.3333333333
-0.103225806452
-3.77741935484
1.93448275862
9.65806451613
12.2833333333
19.8935483871
23.5
25.2870967742
25.5161290323
20.5366666667
16.3870967742
4.33448275862
-6.61935483871
-1.98709677419
-3.22142857143
3.22258064516
15.1766666667
20.1677419355
24.4166666667
28.3192307692
27.1870967742
19.9633333333
13.964516129
11.16
2.18709677419
0.173333333333
2.096
1.81935483871
12.2366666667
16.6677419355
25.1310344828
29.5677419355
26.8419354839
24.24
11.4290322581
5.10666666667
0.8
-5.29666666667
-4.22857142857
4.10322580645
11.6333333333
17.9741935484
23.98
27.0612903226
27.3096774194
21.32
14.3161290323
6.01
1.10967741935
-6.8935483871
-0.555172413793
5.45806451613
13.5633333333
17.7741935484
23.0033333333
24.9516129032
23.0
24.77
14.9032258065
7.95
-0.641935483871
-4.6064516129
0.485714285714
3.08709677419
15.3233333333
17.4870967742
27.7633333333
28.0096774194
27.2225806452
24.5433333333
16.0935483871
6.78
-4.11612903226
1.70967741935
-2.875
4.66451612903
15.5333333333
18.8903225806
24.0433333333
28.8258064516
26.2387096774
20.3366666667
11.7483870968
8.01333333333
1.50322580645
-1.13548387097
-6.43571428571
6.56774193548
11.3866666667
21.5967741935
26.0833333333
26.5064516129
26.0483870968
23.1866666667
17.3838709677
5.62666666667
-2.91612903226
-4.47419354839
-5.30344827586
1.32903225806
12.2033333333
18.2580645161
23.8896551724
26.6870967742
25.7096774194
22.6033333333
14.1935483871
6.20666666667
-3.74516129032
-8.49032258065
-0.596428571429
3.73225806452
11.7233333333
19.3419354839
23.5333333333
24.4935483871
24.8870967742
23.2333333333
10.6935483871
10.0133333333
-2.48064516129
-4.39032258065
-1.31428571429
8.24516129032
16.0533333333
20.9166666667
24.0933333333
27.9258064516
27.6225806452
20.52
16.6
7.13
-3.66129032258
-5.66451612903
-2.975
2.7935483871
9.77333333333
16.7096774194
22.6833333333
28.6677419355
26.4516129032
19.7566666667
15.9225806452
7.05333333333
1.6064516129
-0.883870967742
1.5724137931
12.6193548387
13.0066666667
22.4774193548
27.3633333333
30.4903225806
26.4451612903
21.6533333333
13.8935483871
7.02333333333
1.67741935484
-2.24193548387
-3.09642857143
0.470967741935
8.60666666667
20.1064516129
23.78
26.6322580645
26.9193548387
22.63
14.6806451613
5.11
-4.73225806452
-8.17741935484
-7.17857142857
-0.174193548387
10.22
19.24
25.03
25.5838709677
25.7
21.7966666667
13.6266666667
1.83
0.283870967742
-3.92258064516
-7.40714285714
5.32903225806
13.06
20.7677419355
23.7566666667
27.2833333333
25.3225806452
24.8033333333
15.1548387097
9.76
4.37096774194
-3.43548387097
-0.137931034483
7.32580645161
11.0066666667
20.2709677419
25.3166666667
27.8838709677
27.764516129
23.5466666667
16.6032258065
11.05
-1.81612903226
-2.45161290323
3.05714285714
3.36774193548
14.5566666667
18.2935483871
25.98
27.5258064516
24.7677419355
NaN
NaN
