0.0
0.0
152.0
272.0
0.0
0.0
0.0
0.0
0.0
0.0
3.0
0.0
0.0
0.0
102.0
0.0
0.0
10.0
0.0
43.0
0.0
0.0
0.0
0.0
0.0
10.0
0.0
338.0
53.0
5.0
0.0
0.0
0.0
0.0
0.0
0.0
0.0
203.0
5.0
5.0
0.0
0.0
0.0
0.0
0.0
0.0
0.0
0.0
0.0
0.0
0.0
0.0
0.0
0.0
0.0
0.0
0.0
0.0
0.0
0.0
0.0
0.0
48.0
0.0
0.0
0.0
0.0
0.0
0.0
28.0
0.0
0.0
0.0
0.0
13.0
71.0
38.0
13.0
0.0
0.0
0.0
0.0
0.0
33.0
0.0
0.0
25.0
0.0
0.0
127.0
38.0
0.0
13.0
102.0
5.0
102.0
13.0
0.0
0.0
0.0
0.0
0.0
0.0
0.0
0.0
0.0
0.0
56.0
3.0
0.0
43.0
58.0
0.0
0.0
0.0
178.0
46.0
0.0
46.0
51.0
15.0
20.0
142.0
0.0
0.0
0.0
0.0
23.0
381.0
0.0
0.0
74.0
23.0
53.0
15.0
0.0
0.0
0.0
0.0
0.0
15.0
0.0
0.0
0.0
267.0
0.0
0.0
0.0
0.0
0.0
0.0
0.0
28.0
0.0
51.0
43.0
33.0
94.0
107.0
0.0
74.0
0.0
0.0
74.0
104.0
107.0
0.0
0.0
15.0
0.0
0.0
56.0
0.0
0.0
191.0
0.0
0.0
0.0
0.0
0.0
0.0
0.0
0.0
0.0
0.0
0.0
0.0
0.0
0.0
0.0
74.0
51.0
51.0
0.0
0.0
0.0
0.0
152.0
51.0
147.0
8.0
0.0
0.0
117.0
0.0
69.0
0.0
0.0
13.0
3.0
0.0
28.0
173.0
0.0
0.0
0.0
0.0
0.0
3.0
0.0
0.0
8.0
28.0
25.0
0.0
0.0
0.0
0.0
0.0
3.0
28.0
8.0
0.0
0.0
10.0
0.0
0.0
0.0
0.0
0.0
0.0
0.0
0.0
0.0
56.0
0.0
0.0
0.0
0.0
0.0
0.0
0.0
0.0
0.0
0.0
0.0
0.0
0.0
0.0
0.0
NaN
NaN
NaN
0.0
30.0
81.0
127.0
46.0
0.0
0.0
0.0
0.0
0.0
0.0
10.0
0.0
0.0
0.0
0.0
5.0
0.0
0.0
3.0
20.0
0.0
109.0
132.0
0.0
0.0
0.0
0.0
13.0
28.0
0.0
36.0
69.0
5.0
0.0
0.0
0.0
51.0
0.0
0.0
0.0
0.0
0.0
0.0
0.0
0.0
30.0
0.0
0.0
287.0
18.0
201.0
8.0
66.0
3.0
8.0
36.0
0.0
0.0
0.0
0.0
86.0
0.0
0.0
0.0
0.0
0.0
0.0
0.0
107.0
378.0
0.0
0.0
0.0
0.0
0.0
0.0
43.0
41.0
0.0
0.0
0.0
0.0
0.0
18.0
0.0
46.0
0.0
33.0
18.0
0.0
69.0
NaN
0.0
117.0
0.0
160.0
198.0
0.0
0.0
0.0
0.0
0.0
0.0
0.0
0.0
0.0
0.0
0.0
0.0
0.0
0.0
0.0
33.0
36.0
51.0
0.0
5.0
NaN
0.0
0.0
38.0
0.0
0.0
0.0
0.0
0.0
0.0
142.0
NaN
0.0
0.0
15.0
0.0
0.0
0.0
0.0
0.0
0.0
0.0
0.0
0.0
0.0
0.0
0.0
0.0
8.0
0.0
239.0
8.0
0.0
0.0
0.0
0.0
229.0
33.0
0.0
53.0
99.0
0.0
0.0
124.0
0.0
0.0
0.0
38.0
0.0
0.0
0.0
0.0
0.0
0.0
0.0
0.0
0.0
0.0
0.0
0.0
0.0
15.0
0.0
0.0
0.0
0.0
0.0
0.0
0.0
30.0
0.0
0.0
0.0
0.0
0.0
0.0
0.0
0.0
0.0
0.0
0.0
15.0
0.0
0.0
56.0
0.0
0.0
0.0
28.0
0.0
307.0
373.0
0.0
0.0
0.0
0.0
0.0
0.0
81.0
203.0
0.0
178.0
48.0
43.0
0.0
0.0
127.0
0.0
0.0
46.0
0.0
0.0
0.0
0.0
102.0
0.0
10.0
0.0
0.0
0.0
152.0
0.0
0.0
NaN
0.0
0.0
0.0
0.0
0.0
0.0
147.0
46.0
0.0
25.0
0.0
0.0
64.0
0.0
46.0
10.0
10.0
15.0
0.0
0.0
13.0
0.0
0.0
58.0
0.0
76.0
91.0
0.0
0.0
140.0
122.0
0.0
0.0
203.0
0.0
0.0
8.0
0.0
0.0
0.0
163.0
163.0
8.0
0.0
0.0
0.0
104.0
160.0
102.0
0.0
0.0
0.0
0.0
0.0
25.0
0.0
0.0
0.0
0.0
114.0
173.0
0.0
0.0
0.0
0.0
0.0
0.0
0.0
0.0
0.0
0.0
0.0
0.0
51.0
0.0
0.0
0.0
0.0
0.0
0.0
137.0
130.0
0.0
51.0
193.0
0.0
0.0
0.0
0.0
0.0
0.0
0.0
0.0
0.0
0.0
0.0
25.0
0.0
0.0
0.0
0.0
0.0
0.0
104.0
13.0
94.0
0.0
203.0
0.0
213.0
0.0
0.0
0.0
0.0
102.0
0.0
56.0
0.0
0.0
0.0
0.0
0.0
0.0
0.0
76.0
89.0
0.0
10.0
0.0
0.0
0.0
0.0
0.0
0.0
147.0
36.0
5.0
0.0
0.0
0.0
0.0
0.0
0.0
417.0
51.0
104.0
127.0
53.0
28.0
18.0
0.0
38.0
0.0
38.0
0.0
0.0
0.0
5.0
76.0
0.0
0.0
0.0
0.0
130.0
8.0
0.0
61.0
28.0
0.0
0.0
38.0
0.0
0.0
0.0
0.0
0.0
0.0
0.0
0.0
0.0
0.0
114.0
109.0
0.0
104.0
173.0
0.0
0.0
0.0
0.0
127.0
23.0
0.0
0.0
0.0
23.0
8.0
36.0
0.0
0.0
0.0
0.0
0.0
23.0
13.0
66.0
0.0
71.0
8.0
0.0
0.0
102.0
0.0
18.0
0.0
0.0
0.0
0.0
0.0
239.0
224.0
48.0
0.0
170.0
0.0
0.0
0.0
91.0
0.0
0.0
0.0
0.0
0.0
0.0
0.0
0.0
0.0
0.0
0.0
0.0
0.0
0.0
13.0
137.0
0.0
0.0
0.0
0.0
41.0
23.0
0.0
61.0
20.0
295.0
0.0
0.0
8.0
5.0
0.0
0.0
0.0
15.0
0.0
0.0
8.0
0.0
0.0
53.0
599.0
104.0
0.0
0.0
0.0
84.0
5.0
0.0
0.0
0.0
30.0
46.0
0.0
0.0
15.0
0.0
0.0
66.0
8.0
89.0
81.0
25.0
0.0
0.0
0.0
0.0
0.0
0.0
157.0
38.0
0.0
0.0
0.0
0.0
292.0
0.0
10.0
13.0
5.0
61.0
0.0
0.0
0.0
0.0
89.0
188.0
0.0
0.0
0.0
0.0
20.0
0.0
0.0
0.0
0.0
135.0
0.0
0.0
0.0
99.0
0.0
0.0
0.0
5.0
178.0
18.0
0.0
5.0
0.0
0.0
0.0
0.0
0.0
0.0
0.0
0.0
0.0
0.0
292.0
353.0
0.0
0.0
5.0
8.0
0.0
8.0
0.0
0.0
0.0
0.0
74.0
76.0
0.0
0.0
0.0
3.0
0.0
0.0
0.0
18.0
163.0
0.0
0.0
8.0
56.0
0.0
0.0
0.0
0.0
295.0
3.0
0.0
0.0
15.0
295.0
69.0
13.0
28.0
0.0
0.0
0.0
18.0
51.0
61.0
208.0
10.0
0.0
0.0
28.0
20.0
8.0
13.0
0.0
3.0
0.0
15.0
0.0
0.0
0.0
25.0
0.0
0.0
0.0
51.0
8.0
0.0
0.0
0.0
0.0
0.0
0.0
0.0
203.0
28.0
109.0
0.0
0.0
51.0
0.0
0.0
0.0
0.0
0.0
0.0
0.0
48.0
0.0
229.0
0.0
246.0
145.0
5.0
0.0
0.0
0.0
43.0
0.0
0.0
8.0
0.0
0.0
0.0
25.0
124.0
0.0
51.0
0.0
48.0
0.0
236.0
56.0
0.0
51.0
25.0
25.0
0.0
152.0
0.0
0.0
0.0
76.0
0.0
5.0
0.0
5.0
5.0
15.0
0.0
0.0
0.0
168.0
117.0
0.0
0.0
0.0
0.0
0.0
0.0
0.0
0.0
0.0
0.0
0.0
0.0
185.0
127.0
64.0
10.0
18.0
0.0
193.0
0.0
0.0
0.0
0.0
0.0
0.0
0.0
203.0
102.0
0.0
0.0
0.0
0.0
76.0
53.0
8.0
0.0
5.0
0.0
0.0
0.0
0.0
0.0
0.0
127.0
48.0
0.0
0.0
0.0
0.0
0.0
274.0
114.0
102.0
30.0
0.0
0.0
28.0
0.0
0.0
0.0
0.0
0.0
0.0
0.0
0.0
0.0
0.0
25.0
0.0
36.0
0.0
0.0
0.0
0.0
0.0
279.0
0.0
0.0
0.0
0.0
0.0
0.0
203.0
43.0
0.0
0.0
0.0
0.0
0.0
0.0
0.0
0.0
0.0
0.0
0.0
56.0
0.0
107.0
0.0
0.0
0.0
0.0
10.0
30.0
5.0
457.0
320.0
0.0
0.0
0.0
0.0
0.0
0.0
0.0
102.0
20.0
119.0
8.0
94.0
5.0
0.0
0.0
0.0
0.0
0.0
0.0
0.0
0.0
206.0
584.0
10.0
13.0
86.0
249.0
38.0
0.0
0.0
0.0
0.0
10.0
0.0
0.0
0.0
0.0
0.0
0.0
0.0
20.0
0.0
20.0
0.0
89.0
0.0
0.0
0.0
0.0
0.0
0.0
0.0
0.0
0.0
0.0
0.0
0.0
0.0
0.0
25.0
15.0
0.0
0.0
0.0
97.0
66.0
8.0
0.0
0.0
0.0
0.0
0.0
20.0
5.0
13.0
0.0
0.0
23.0
15.0
46.0
0.0
28.0
0.0
0.0
0.0
0.0
132.0
0.0
0.0
23.0
61.0
0.0
0.0
0.0
0.0
0.0
0.0
0.0
0.0
13.0
10.0
0.0
0.0
0.0
0.0
0.0
0.0
0.0
0.0
5.0
0.0
23.0
0.0
0.0
13.0
254.0
152.0
5.0
0.0
0.0
66.0
0.0
0.0
0.0
0.0
0.0
221.0
0.0
0.0
25.0
0.0
0.0
0.0
5.0
0.0
102.0
0.0
132.0
0.0
8.0
366.0
0.0
0.0
0.0
0.0
0.0
0.0
122.0
8.0
0.0
0.0
5.0
51.0
0.0
0.0
13.0
178.0
0.0
0.0
0.0
10.0
18.0
0.0
229.0
5.0
0.0
163.0
0.0
0.0
0.0
30.0
0.0
0.0
15.0
5.0
8.0
0.0
33.0
8.0
5.0
0.0
18.0
5.0
0.0
25.0
28.0
0.0
94.0
0.0
0.0
13.0
56.0
297.0
76.0
10.0
18.0
30.0
0.0
61.0
5.0
0.0
0.0
0.0
157.0
0.0
0.0
0.0
0.0
15.0
0.0
0.0
0.0
97.0
0.0
0.0
64.0
25.0
0.0
28.0
43.0
206.0
0.0
0.0
23.0
0.0
0.0
0.0
0.0
0.0
0.0
0.0
0.0
0.0
51.0
84.0
0.0
43.0
81.0
0.0
0.0
0.0
0.0
76.0
97.0
0.0
3.0
69.0
124.0
0.0
0.0
53.0
0.0
0.0
0.0
0.0
5.0
20.0
94.0
51.0
71.0
0.0
0.0
0.0
0.0
0.0
0.0
0.0
0.0
0.0
0.0
0.0
41.0
0.0
0.0
20.0
0.0
0.0
NaN
NaN
NaN
NaN
NaN
NaN
NaN
NaN
NaN
NaN
NaN
NaN
NaN
NaN
NaN
NaN
NaN
NaN
NaN
NaN
NaN
NaN
NaN
NaN
NaN
NaN
NaN
NaN
NaN
NaN
NaN
