-19.06
-18.25
NaN
-1.32333333333
5.38387096774
14.03
15.0225806452
11.9612903226
NaN
NaN
-7.6962962963
NaN
NaN
NaN
NaN
NaN
NaN
14.14
15.2903225806
13.8774193548
9.63
2.15666666667
NaN
-7.52258064516
-18.0357142857
-17.0925925926
-7.76206896552
3.9
7.19655172414
11.7166666667
13.0068965517
13.2586206897
10.044
-2.30666666667
-6.58148148148
NaN
-13.9464285714
NaN
-11.0444444444
2.35172413793
NaN
NaN
NaN
NaN
NaN
NaN
NaN
NaN
NaN
NaN
NaN
NaN
NaN
NaN
NaN
NaN
NaN
NaN
NaN
NaN
NaN
NaN
NaN
NaN
NaN
NaN
NaN
NaN
NaN
NaN
NaN
NaN
NaN
NaN
NaN
NaN
NaN
NaN
NaN
NaN
NaN
NaN
NaN
NaN
NaN
NaN
NaN
NaN
NaN
NaN
NaN
NaN
NaN
NaN
NaN
NaN
NaN
NaN
NaN
NaN
NaN
NaN
NaN
NaN
NaN
NaN
NaN
NaN
NaN
NaN
NaN
NaN
NaN
NaN
NaN
NaN
NaN
NaN
NaN
NaN
NaN
NaN
NaN
NaN
NaN
NaN
NaN
NaN
NaN
NaN
NaN
NaN
NaN
NaN
NaN
NaN
NaN
NaN
NaN
NaN
NaN
NaN
NaN
NaN
NaN
NaN
NaN
NaN
NaN
NaN
NaN
NaN
NaN
NaN
NaN
NaN
NaN
NaN
NaN
NaN
NaN
NaN
NaN
NaN
NaN
NaN
NaN
NaN
NaN
NaN
NaN
NaN
NaN
NaN
NaN
NaN
NaN
NaN
NaN
NaN
NaN
NaN
NaN
NaN
NaN
NaN
NaN
NaN
NaN
NaN
NaN
NaN
NaN
NaN
NaN
NaN
NaN
NaN
NaN
NaN
NaN
NaN
NaN
NaN
NaN
NaN
NaN
NaN
NaN
NaN
NaN
NaN
NaN
NaN
NaN
NaN
NaN
NaN
NaN
NaN
NaN
NaN
NaN
NaN
NaN
NaN
NaN
NaN
NaN
NaN
NaN
NaN
NaN
NaN
NaN
NaN
NaN
NaN
NaN
NaN
NaN
NaN
NaN
NaN
NaN
NaN
NaN
NaN
NaN
NaN
NaN
NaN
NaN
NaN
NaN
NaN
NaN
NaN
NaN
NaN
NaN
NaN
NaN
NaN
NaN
NaN
NaN
NaN
NaN
NaN
NaN
NaN
NaN
NaN
NaN
NaN
NaN
NaN
NaN
NaN
NaN
NaN
NaN
NaN
NaN
NaN
NaN
NaN
NaN
NaN
NaN
NaN
NaN
NaN
NaN
NaN
NaN
NaN
NaN
NaN
NaN
NaN
NaN
NaN
NaN
NaN
NaN
NaN
NaN
NaN
NaN
NaN
NaN
NaN
NaN
NaN
NaN
NaN
NaN
NaN
NaN
NaN
NaN
NaN
NaN
NaN
NaN
NaN
NaN
NaN
NaN
NaN
NaN
NaN
NaN
NaN
NaN
NaN
NaN
NaN
NaN
NaN
NaN
NaN
NaN
NaN
NaN
NaN
NaN
NaN
NaN
NaN
NaN
NaN
NaN
NaN
NaN
NaN
NaN
NaN
NaN
NaN
NaN
NaN
NaN
NaN
NaN
NaN
NaN
NaN
NaN
NaN
NaN
NaN
NaN
NaN
NaN
NaN
NaN
NaN
NaN
NaN
NaN
NaN
NaN
NaN
NaN
NaN
NaN
NaN
NaN
NaN
NaN
NaN
NaN
NaN
NaN
NaN
NaN
NaN
NaN
NaN
NaN
NaN
NaN
NaN
NaN
NaN
NaN
NaN
NaN
NaN
NaN
NaN
NaN
NaN
NaN
NaN
NaN
NaN
NaN
NaN
NaN
NaN
NaN
NaN
NaN
NaN
NaN
NaN
NaN
NaN
NaN
NaN
NaN
NaN
NaN
NaN
NaN
NaN
NaN
NaN
NaN
NaN
NaN
NaN
NaN
NaN
NaN
NaN
NaN
NaN
NaN
NaN
NaN
NaN
NaN
NaN
NaN
NaN
NaN
NaN
NaN
NaN
NaN
NaN
NaN
NaN
NaN
NaN
NaN
NaN
NaN
NaN
NaN
NaN
NaN
NaN
NaN
NaN
NaN
NaN
NaN
NaN
NaN
NaN
NaN
NaN
NaN
NaN
NaN
NaN
NaN
NaN
NaN
NaN
NaN
NaN
NaN
NaN
NaN
NaN
NaN
NaN
NaN
NaN
NaN
NaN
NaN
NaN
NaN
NaN
NaN
NaN
NaN
NaN
NaN
NaN
NaN
NaN
NaN
NaN
NaN
NaN
NaN
NaN
NaN
NaN
NaN
NaN
NaN
NaN
NaN
NaN
NaN
NaN
NaN
NaN
NaN
NaN
NaN
NaN
NaN
NaN
NaN
NaN
NaN
NaN
NaN
NaN
NaN
NaN
NaN
NaN
NaN
NaN
NaN
NaN
NaN
NaN
NaN
NaN
NaN
NaN
NaN
NaN
NaN
NaN
NaN
NaN
NaN
NaN
NaN
NaN
NaN
NaN
NaN
NaN
NaN
NaN
NaN
NaN
NaN
NaN
NaN
NaN
NaN
NaN
NaN
NaN
NaN
NaN
NaN
14.4866666667
15.9064516129
15.0548387097
9.25666666667
NaN
NaN
NaN
NaN
NaN
NaN
NaN
NaN
NaN
NaN
NaN
NaN
NaN
NaN
NaN
NaN
NaN
NaN
NaN
NaN
NaN
NaN
NaN
NaN
NaN
NaN
NaN
NaN
NaN
NaN
NaN
NaN
NaN
NaN
NaN
NaN
NaN
NaN
NaN
NaN
NaN
NaN
NaN
NaN
NaN
NaN
NaN
NaN
NaN
-4.0
-9.57096774194
-9.17666666667
-14.5678571429
-5.26333333333
1.39666666667
6.33225806452
12.58
15.4258064516
18.0666666667
12.1666666667
8.42903225806
-5.49655172414
-11.0172413793
-14.9896551724
-11.8620689655
-7.51290322581
3.93333333333
8.24516129032
13.4066666667
16.8870967742
16.6677419355
12.05
2.75806451613
-1.63666666667
-10.5387096774
-14.4870967742
-14.4928571429
-4.16451612903
1.54666666667
10.0967741935
15.74
17.7096774194
15.9548387097
7.90333333333
5.71290322581
-1.46
-9.8935483871
-18.1967741935
-11.8178571429
-7.08064516129
-1.11
7.67096774194
NaN
NaN
13.7161290323
9.8
5.87741935484
-6.38
-13.5827586207
-14.7451612903
-10.0321428571
-9.93225806452
0.943333333333
10.5064516129
12.3733333333
15.4290322581
14.9161290323
8.50333333333
4.10322580645
-7.49666666667
-12.9225806452
-15.0451612903
-5.99310344828
-5.78709677419
2.59
8.94193548387
16.1966666667
16.8483870968
14.564516129
9.96666666667
0.148387096774
-3.65
-8.42903225806
-12.5032258065
-9.49259259259
-3.93548387097
0.336666666667
8.94516129032
15.9333333333
16.6322580645
15.6290322581
9.19
5.90967741935
-2.11333333333
-9.08387096774
-16.1290322581
-3.43571428571
-5.64193548387
3.02
5.87741935484
16.0966666667
NaN
15.5193548387
11.4233333333
4.3
-1.31333333333
-7.38064516129
-11.9806451613
-13.9888888889
-7.0
4.99
9.89032258065
12.9133333333
19.5290322581
16.4935483871
10.11
3.87419354839
-8.23214285714
-14.4322580645
-14.8935483871
-14.8344827586
-6.28620689655
-0.436666666667
9.1935483871
16.23
15.0483870968
15.4033333333
7.74
6.01935483871
-3.72333333333
-8.74666666667
-16.6677419355
-8.89285714286
-5.48333333333
2.21
7.99032258065
13.3172413793
19.1419354839
15.9612903226
8.81333333333
3.72903225806
-3.0
-6.55806451613
-9.06774193548
-14.2
-4.28064516129
2.37666666667
9.14193548387
11.9666666667
15.0548387097
15.8580645161
10.57
5.28064516129
-3.70333333333
-13.5483870968
-16.5870967742
-14.9642857143
-4.79677419355
2.08666666667
10.635483871
15.0733333333
15.5516129032
17.7774193548
10.5166666667
2.10967741935
-8.4
-4.25483870968
-11.7774193548
-11.4896551724
-12.5612903226
2.54
8.73870967742
12.88
15.6322580645
16.1677419355
11.4433333333
3.58064516129
-2.35666666667
-11.1064516129
-14.0870967742
-9.95925925926
-3.03225806452
0.163333333333
6.86451612903
14.36
15.6129032258
16.1935483871
9.94
4.34516129032
-3.59333333333
-11.9161290323
-17.0033333333
-11.4535714286
-8.51612903226
1.11
11.9903225806
13.5766666667
16.0677419355
14.9612903226
9.01666666667
5.85161290323
-1.00333333333
-9.87419354839
-19.0142857143
-13.5185185185
-2.99666666667
3.54
8.27741935484
15.5766666667
16.5290322581
14.5870967742
10.8533333333
7.31290322581
-1.8
-15.3677419355
-10.8193548387
-9.6275862069
-8.48709677419
2.01666666667
10.6193548387
13.7433333333
17.2225806452
13.1322580645
9.20333333333
NaN
-3.51071428571
-14.1677419355
-15.8387096774
-14.9928571429
-10.2580645161
2.05172413793
10.7451612903
14.5033333333
16.2966666667
13.9677419355
7.72333333333
4.38620689655
-4.54
-5.54
-18.91
-12.4892857143
-2.79677419355
0.746666666667
5.62903225806
15.0034482759
18.1870967742
13.4806451613
9.19
2.64838709677
-5.51333333333
-11.1838709677
-12.5096774194
-14.3857142857
-3.53870967742
2.36666666667
5.35
14.2966666667
15.0709677419
13.3580645161
8.22
2.74516129032
-4.14137931034
-9.35483870968
-13.5033333333
-12.5793103448
-2.46451612903
2.4
5.72903225806
13.8133333333
15.5193548387
14.4709677419
9.95517241379
4.2
-3.07333333333
-12.2033333333
-16.9129032258
-10.975
-10.864516129
3.00666666667
9.26666666667
11.2068965517
17.4935483871
15.0290322581
9.84
2.17333333333
-4.47142857143
-10.1548387097
-19.4709677419
-13.1857142857
-7.11
2.50333333333
10.2290322581
15.09
16.2774193548
15.6838709677
11.07
3.63870967742
-3.35714285714
-13.2214285714
-16.2
-11.1142857143
-5.25483870968
2.33333333333
7.0064516129
17.1433333333
14.8
13.9741935484
10.4666666667
6.9935483871
-2.84482758621
-9.7
-16.435483871
-15.4
-5.08064516129
0.646666666667
9.95161290323
14.11
15.764516129
15.8516129032
10.0379310345
2.21612903226
NaN
NaN
NaN
-8.71428571429
0.374193548387
1.72
8.22258064516
15.3166666667
17.0612903226
16.3387096774
11.51
7.37419354839
-1.85
-11.7
-14.1258064516
-9.12142857143
-3.50322580645
3.29
8.04838709677
13.2733333333
18.0290322581
13.7774193548
7.45666666667
4.72258064516
-2.72
-8.83548387097
-13.8516129032
-13.075
-8.15806451613
1.11
10.1774193548
14.74
NaN
16.3741935484
NaN
4.07419354839
-2.18333333333
-8.72
-13.5258064516
-5.89655172414
-3.70666666667
4.53333333333
7.14193548387
12.6966666667
16.3677419355
14.9129032258
9.64666666667
0.535483870968
-7.56206896552
-15.2612903226
-20.1935483871
-9.05
-1.33548387097
6.14
13.0096774194
14.8766666667
17.6193548387
14.2677419355
11.72
3.8064516129
-3.58275862069
-11.464516129
-18.85
-16.2285714286
-5.28709677419
2.67
8.65483870968
14.3566666667
16.3032258065
15.0161290323
12.55
3.72333333333
-4.30714285714
-13.3533333333
-22.1535714286
-18.7857142857
-6.28709677419
1.28
7.6
13.8142857143
16.3838709677
14.3580645161
10.41
3.29032258065
-3.65862068966
-7.02
-11.6733333333
-12.5692307692
-6.14666666667
3.20333333333
9.31290322581
12.9766666667
17.2677419355
15.4357142857
10.6535714286
1.9064516129
NaN
NaN
NaN
NaN
NaN
NaN
NaN
14.3666666667
17.0870967742
14.7129032258
NaN
2.24193548387
-2.19333333333
-12.5225806452
-21.0766666667
-12.9964285714
-4.72258064516
-0.453333333333
10.6225806452
11.1133333333
16.835483871
14.9387096774
10.5266666667
3.87419354839
-5.40666666667
-7.80967741935
-10.8612903226
-6.65357142857
-3.41935483871
0.443333333333
6.16129032258
14.0366666667
18.535483871
17.8709677419
10.1233333333
NaN
-2.3
-19.3129032258
-12.8133333333
-6.63928571429
-7.59677419355
2.59333333333
7.83870967742
15.06
15.9612903226
15.5870967742
6.97
4.2
-3.67
-11.2193548387
-16.1741935484
-12.3535714286
-2.27096774194
3.65333333333
9.58064516129
11.89
15.6129032258
13.3322580645
10.4566666667
2.97741935484
-9.18333333333
-18.6419354839
-10.8322580645
-12.0071428571
-2.16774193548
4.09333333333
9.64193548387
15.1233333333
18.0903225806
13.9419354839
12.2733333333
4.8
-6.7
-8.13548387097
-9.05161290323
-4.93571428571
-1.45161290323
4.96666666667
11.7709677419
16.56
18.8322580645
15.3161290323
11.3133333333
1.21935483871
-0.0833333333333
-6.7064516129
-16.5096774194
-13.4892857143
-3.81
1.93333333333
11.6935483871
16.6333333333
17.0967741935
17.2387096774
11.48
1.4
-3.11
-10.7483870968
-7.81612903226
-15.55
-5.7
2.38666666667
8.2935483871
13.9566666667
18.1387096774
16.0774193548
9.95666666667
3.78064516129
-6.77
-15.7032258065
-7.68709677419
-9.20357142857
-2.42258064516
2.16
7.7935483871
16.04
16.9903225806
16.6193548387
12.7433333333
2.96129032258
-1.81666666667
-13.6129032258
-16.22
-7.4
-3.11935483871
4.71333333333
12.2322580645
17.46
17.4935483871
16.5903225806
10.9366666667
2.89032258065
-7.60666666667
-8.0724137931
-7.77419354839
-4.36896551724
-1.95161290323
1.89666666667
9.37096774194
13.6466666667
14.5870967742
13.5933333333
9.93666666667
3.58064516129
-3.20666666667
-9.91612903226
-14.2516129032
-12.1607142857
-6.31612903226
1.45
9.41612903226
13.8166666667
17.4806451613
16.4806451613
8.88666666667
3.17419354839
-4.87333333333
-9.42903225806
-19.3096774194
-15.0857142857
-2.5935483871
1.67
9.74516129032
16.32
15.735483871
14.435483871
12.18
6.16129032258
-1.80689655172
-9.12333333333
-12.0233333333
-9.52142857143
-2.85161290323
1.17931034483
8.28709677419
14.9466666667
17.3032258065
18.9258064516
9.76
4.34193548387
-6.49666666667
-8.89677419355
-16.46
-10.1896551724
-8.31290322581
0.516666666667
8.31612903226
15.3551724138
15.8838709677
15.1258064516
9.67
3.60344827586
-6.01538461538
-12.96
-17.0655172414
-9.61071428571
-4.03225806452
0.5
5.675
15.1766666667
17.4428571429
NaN
NaN
NaN
-5.49642857143
-6.00689655172
-11.55
-4.928
-5.64516129032
3.11724137931
11.3833333333
13.4137931034
16.8071428571
17.2461538462
NaN
NaN
-0.942857142857
-8.31153846154
NaN
NaN
NaN
3.67777777778
NaN
NaN
NaN
NaN
NaN
NaN
NaN
NaN
NaN
NaN
NaN
NaN
NaN
NaN
NaN
16.7322580645
9.98965517241
5.50967741935
-4.56
-18.3774193548
-11.6655172414
-15.3535714286
-6.54
3.89310344828
10.5225806452
14.3862068966
18.6451612903
17.0366666667
10.16
NaN
2.41785714286
-5.89
-9.17741935484
-7.776
-8.33448275862
2.52
7.18064516129
17.1833333333
19.5068965517
15.635483871
11.7333333333
1.5064516129
-3.85172413793
-7.69230769231
-13.5896551724
-14.262962963
-5.67
3.30333333333
8.81935483871
14.3166666667
16.8888888889
17.57
9.0
3.88709677419
-4.08666666667
-7.81785714286
-14.6466666667
-10.9172413793
-1.37096774194
2.72068965517
9.7
14.0
16.0733333333
13.6387096774
13.0066666667
5.05806451613
-0.737931034483
-8.68
-12.9580645161
-6.14642857143
-5.28387096774
5.61
8.55517241379
17.2066666667
18.2933333333
15.5741935484
12.6
4.15161290323
-2.78666666667
NaN
-5.76153846154
-11.7259259259
-3.93225806452
5.58571428571
9.91034482759
14.8166666667
18.1266666667
16.6322580645
8.94444444444
1.90666666667
-3.72592592593
-7.70344827586
-12.8233333333
-15.6714285714
-2.00322580645
1.05357142857
NaN
14.3307692308
16.5870967742
16.4451612903
10.46
6.13793103448
-4.76333333333
-13.0290322581
-15.8733333333
-16.175862069
-7.66333333333
0.206666666667
6.72903225806
13.9166666667
16.5733333333
14.1133333333
10.0633333333
3.37931034483
NaN
NaN
NaN
NaN
NaN
NaN
NaN
NaN
NaN
NaN
NaN
NaN
NaN
NaN
NaN
NaN
NaN
NaN
7.83870967742
14.8666666667
NaN
16.9516129032
9.64
3.77666666667
-5.60357142857
-14.2193548387
-16.6642857143
-12.5642857143
-6.28275862069
1.93666666667
8.32903225806
15.4166666667
19.6103448276
15.5533333333
8.48846153846
4.02
-3.39333333333
-7.6935483871
-10.51
-7.96896551724
2.6935483871
3.72413793103
11.3580645161
15.9333333333
19.4290322581
14.9
8.24333333333
2.47419354839
-2.33461538462
-9.11666666667
-13.3833333333
-10.9148148148
-7.46774193548
-0.67
8.15483870968
15.1214285714
16.4096774194
14.7814814815
10.9
2.45172413793
-6.45517241379
NaN
-17.3296296296
-17.8037037037
-7.71612903226
1.70357142857
7.65806451613
NaN
NaN
17.1322580645
11.2933333333
4.41935483871
-8.48666666667
-6.91290322581
-11.1677419355
-15.7607142857
-4.49032258065
4.10666666667
9.27741935484
15.6766666667
16.9161290323
14.6387096774
13.4266666667
4.7
-0.723333333333
-5.76774193548
-12.725
-7.64827586207
-0.142857142857
3.75666666667
9.39
16.4033333333
17.1774193548
15.0866666667
12.7533333333
6.5
1.01333333333
-10.7516129032
-8.73548387097
-5.20740740741
-3.65172413793
4.52333333333
7.36774193548
NaN
17.6
14.3548387097
NaN
NaN
