1107.0
413.0
482.0
782.0
84.0
575.0
318.0
123.0
351.0
305.0
730.0
1092.0
836.0
308.0
1904.0
1463.0
220.0
857.0
279.0
508.0
230.0
769.0
308.0
606.0
884.0
46.0
334.0
633.0
319.0
636.0
421.0
386.0
NaN
280.0
939.0
1154.0
735.0
677.0
635.0
1407.0
441.0
725.0
307.0
213.0
457.0
800.0
743.0
779.0
800.0
342.0
267.0
380.0
158.0
845.0
534.0
445.0
377.0
490.0
363.0
343.0
1706.0
1180.0
628.0
368.0
454.0
98.0
427.0
569.0
210.0
578.0
821.0
594.0
1086.0
1551.0
606.0
727.0
145.0
229.0
469.0
476.0
439.0
950.0
1371.0
402.0
463.0
920.0
707.0
851.0
1532.0
766.0
253.0
477.0
147.0
513.0
477.0
845.0
599.0
2032.0
1012.0
141.0
10.0
907.0
367.0
201.0
346.0
160.0
717.0
931.0
1471.0
546.0
542.0
366.0
201.0
110.0
349.0
154.0
193.0
49.0
977.0
504.0
2379.0
1210.0
1266.0
829.0
987.0
154.0
291.0
168.0
289.0
170.0
1040.0
821.0
1191.0
641.0
136.0
394.0
685.0
206.0
114.0
69.0
231.0
411.0
656.0
1044.0
372.0
1528.0
971.0
151.0
58.0
428.0
205.0
104.0
95.0
207.0
769.0
1031.0
1014.0
566.0
734.0
242.0
335.0
531.0
402.0
106.0
18.0
66.0
398.0
641.0
632.0
348.0
1051.0
1111.0
790.0
812.0
30.0
264.0
310.0
704.0
640.0
304.0
426.0
650.0
635.0
747.0
1232.0
450.0
471.0
607.0
375.0
418.0
852.0
1165.0
862.0
1286.0
1922.0
1613.0
625.0
466.0
0.0
26.0
156.0
713.0
508.0
326.0
521.0
473.0
648.0
1737.0
613.0
606.0
283.0
203.0
249.0
299.0
240.0
424.0
406.0
1091.0
384.0
511.0
486.0
345.0
145.0
139.0
37.0
332.0
250.0
872.0
960.0
420.0
1054.0
601.0
154.0
628.0
111.0
377.0
24.0
449.0
1143.0
558.0
261.0
2569.0
636.0
551.0
58.0
651.0
124.0
385.0
206.0
732.0
726.0
368.0
358.0
830.0
983.0
2548.0
1007.0
418.0
778.0
315.0
262.0
622.0
607.0
507.0
279.0
302.0
749.0
425.0
489.0
389.0
555.0
259.0
214.0
344.0
542.0
595.0
1209.0
331.0
481.0
259.0
859.0
565.0
301.0
151.0
89.0
100.0
1108.0
1026.0
1413.0
728.0
788.0
975.0
343.0
487.0
492.0
486.0
10.0
185.0
626.0
781.0
1665.0
849.0
889.0
315.0
996.0
335.0
531.0
161.0
49.0
372.0
330.0
1323.0
679.0
1229.0
285.0
1618.0
611.0
434.0
446.0
236.0
811.0
457.0
707.0
595.0
752.0
443.0
770.0
473.0
618.0
746.0
1065.0
128.0
82.0
306.0
374.0
666.0
780.0
1195.0
1893.0
2261.0
685.0
284.0
608.0
170.0
234.0
515.0
1207.0
1372.0
523.0
176.0
427.0
1067.0
1100.0
463.0
678.0
511.0
319.0
708.0
879.0
781.0
1133.0
899.0
839.0
285.0
595.0
483.0
465.0
412.0
272.0
633.0
551.0
256.0
1099.0
1312.0
1681.0
200.0
69.0
1064.0
191.0
278.0
376.0
1179.0
828.0
689.0
444.0
524.0
284.0
199.0
501.0
127.0
69.0
82.0
114.0
919.0
464.0
148.0
1364.0
1420.0
1712.0
822.0
673.0
717.0
468.0
203.0
65.0
91.0
668.0
1126.0
1565.0
1141.0
389.0
1367.0
415.0
597.0
371.0
405.0
165.0
915.0
887.0
564.0
422.0
624.0
1333.0
0.0
473.0
600.0
416.0
282.0
127.0
117.0
814.0
444.0
864.0
883.0
1846.0
1309.0
298.0
285.0
241.0
8.0
427.0
137.0
937.0
295.0
756.0
1447.0
1116.0
1431.0
1244.0
434.0
161.0
310.0
31.0
489.0
938.0
1002.0
735.0
676.0
810.0
275.0
521.0
1159.0
727.0
140.0
307.0
641.0
922.0
1108.0
651.0
535.0
1638.0
871.0
469.0
899.0
469.0
127.0
453.0
337.0
1185.0
1002.0
1570.0
1153.0
889.0
778.0
1296.0
1156.0
719.0
336.0
508.0
619.0
449.0
412.0
461.0
861.0
751.0
1220.0
1216.0
1703.0
519.0
198.0
652.0
453.0
685.0
478.0
1269.0
1320.0
1355.0
2648.0
617.0
257.0
91.0
262.0
0.0
673.0
1038.0
635.0
555.0
1180.0
1155.0
1130.0
362.0
702.0
1085.0
638.0
134.0
287.0
874.0
135.0
303.0
263.0
562.0
1268.0
495.0
1088.0
388.0
94.0
110.0
523.0
296.0
963.0
681.0
1549.0
1568.0
837.0
375.0
169.0
69.0
460.0
279.0
597.0
518.0
1606.0
1085.0
543.0
1436.0
1085.0
670.0
666.0
695.0
254.0
64.0
845.0
961.0
833.0
1076.0
1182.0
880.0
1010.0
1389.0
832.0
411.0
246.0
394.0
702.0
734.0
198.0
292.0
1011.0
1078.0
1029.0
315.0
1317.0
483.0
550.0
295.0
397.0
2151.0
676.0
1397.0
1365.0
835.0
1060.0
199.0
399.0
72.0
379.0
783.0
211.0
326.0
399.0
858.0
2226.0
953.0
458.0
191.0
819.0
250.0
396.0
34.0
536.0
1025.0
866.0
247.0
579.0
2294.0
305.0
1062.0
762.0
175.0
504.0
232.0
126.0
812.0
748.0
2366.0
1005.0
554.0
514.0
1203.0
74.0
359.0
457.0
693.0
348.0
313.0
1046.0
2441.0
1374.0
1116.0
475.0
359.0
292.0
359.0
826.0
532.0
1062.0
1138.0
702.0
1099.0
513.0
957.0
356.0
774.0
537.0
214.0
1174.0
261.0
371.0
1716.0
1263.0
1155.0
2131.0
522.0
861.0
177.0
259.0
391.0
237.0
374.0
433.0
753.0
2105.0
1167.0
1283.0
964.0
1344.0
340.0
732.0
1273.0
369.0
778.0
82.0
991.0
1179.0
1305.0
518.0
833.0
1634.0
813.0
163.0
280.0
318.0
390.0
417.0
995.0
584.0
1488.0
586.0
1368.0
933.0
736.0
191.0
160.0
115.0
191.0
290.0
537.0
1622.0
587.0
658.0
938.0
537.0
453.0
1442.0
488.0
228.0
250.0
1087.0
739.0
3057.0
1374.0
478.0
623.0
23.0
796.0
572.0
400.0
885.0
544.0
310.0
277.0
798.0
485.0
832.0
904.0
1166.0
199.0
1073.0
312.0
636.0
191.0
799.0
1079.0
1553.0
605.0
717.0
919.0
944.0
1155.0
420.0
429.0
298.0
392.0
764.0
830.0
596.0
462.0
1621.0
2737.0
486.0
584.0
55.0
432.0
463.0
510.0
327.0
1978.0
339.0
2508.0
856.0
376.0
1012.0
554.0
308.0
799.0
186.0
303.0
812.0
1156.0
736.0
704.0
289.0
773.0
481.0
1106.0
296.0
894.0
188.0
153.0
129.0
1274.0
834.0
1652.0
2189.0
435.0
576.0
458.0
234.0
359.0
256.0
426.0
727.0
1305.0
644.0
1083.0
1176.0
420.0
1636.0
263.0
553.0
313.0
265.0
214.0
733.0
626.0
927.0
97.0
725.0
893.0
337.0
1182.0
131.0
920.0
687.0
636.0
284.0
1703.0
1428.0
1242.0
658.0
207.0
627.0
450.0
649.0
226.0
142.0
131.0
166.0
1210.0
676.0
1887.0
594.0
637.0
294.0
589.0
418.0
240.0
92.0
21.0
162.0
1473.0
824.0
607.0
793.0
989.0
1372.0
321.0
825.0
1361.0
72.0
95.0
705.0
417.0
550.0
992.0
734.0
1042.0
1165.0
1048.0
388.0
407.0
473.0
296.0
509.0
1108.0
1266.0
1685.0
956.0
636.0
NaN
NaN
