574.0
25.0
66.0
122.0
0.0
115.0
419.0
859.0
517.0
1654.0
439.0
86.0
162.0
635.0
0.0
56.0
0.0
417.0
854.0
2156.0
1241.0
652.0
1601.0
1418.0
373.0
102.0
196.0
0.0
290.0
343.0
117.0
400.0
1082.0
584.0
865.0
246.0
135.0
76.0
752.0
20.0
193.0
56.0
957.0
632.0
894.0
622.0
1834.0
223.0
289.0
46.0
203.0
115.0
0.0
25.0
13.0
660.0
945.0
555.0
1323.0
315.0
142.0
0.0
38.0
51.0
87.0
521.0
1271.0
737.0
634.0
686.0
1475.0
293.0
51.0
0.0
107.0
41.0
89.0
180.0
10.0
980.0
1102.0
758.0
247.0
218.0
648.0
234.0
45.0
101.0
305.0
221.0
1093.0
1349.0
520.0
687.0
417.0
777.0
837.0
91.0
3.0
89.0
45.0
152.0
1265.0
899.0
1049.0
158.0
1357.0
142.0
830.0
500.0
0.0
76.0
76.0
442.0
145.0
478.0
669.0
267.0
262.0
307.0
386.0
404.0
157.0
198.0
208.0
204.0
460.0
696.0
1071.0
537.0
440.0
374.0
134.0
102.0
51.0
0.0
107.0
432.0
407.0
1044.0
229.0
1224.0
275.0
813.0
0.0
15.0
213.0
38.0
94.0
23.0
102.0
76.0
582.0
270.0
434.0
1171.0
107.0
134.0
148.0
NaN
170.0
120.0
812.0
2002.0
994.0
442.0
406.0
191.0
51.0
318.0
51.0
56.0
228.0
208.0
287.0
907.0
567.0
68.0
244.0
137.0
145.0
0.0
71.0
254.0
20.0
216.0
432.0
781.0
702.0
224.0
490.0
377.0
447.0
0.0
25.0
84.0
140.0
439.0
462.0
1153.0
462.0
700.0
646.0
487.0
NaN
107.0
0.0
127.0
137.0
127.0
414.0
740.0
1956.0
343.0
NaN
66.0
313.0
0.0
114.0
167.0
115.0
356.0
375.0
NaN
1005.0
533.0
300.0
165.0
490.0
64.0
203.0
284.0
86.0
218.0
1088.0
777.0
1343.0
443.0
315.0
1205.0
556.0
0.0
167.0
0.0
221.0
348.0
292.0
NaN
1325.0
376.0
763.0
1455.0
0.0
0.0
NaN
NaN
5.0
161.0
589.0
378.0
916.0
214.0
664.0
234.0
252.0
66.0
0.0
422.0
180.0
389.0
1440.0
1931.0
1186.0
328.0
526.0
124.0
272.0
259.0
76.0
188.0
153.0
198.0
834.0
853.0
993.0
902.0
384.0
NaN
0.0
43.0
341.0
43.0
274.0
863.0
130.0
1304.0
401.0
800.0
340.0
1131.0
1679.0
262.0
NaN
292.0
33.0
66.0
573.0
630.0
2456.0
379.0
NaN
386.0
459.0
498.0
338.0
15.0
NaN
NaN
NaN
NaN
NaN
NaN
NaN
NaN
NaN
NaN
NaN
NaN
NaN
NaN
NaN
NaN
NaN
NaN
740.0
272.0
255.0
134.0
128.0
102.0
0.0
359.0
460.0
1135.0
401.0
1794.0
659.0
458.0
NaN
NaN
NaN
89.0
318.0
192.0
1009.0
1337.0
875.0
558.0
1317.0
873.0
389.0
56.0
0.0
234.0
56.0
151.0
262.0
811.0
384.0
194.0
515.0
89.0
28.0
121.0
0.0
106.0
124.0
310.0
977.0
1092.0
879.0
948.0
283.0
168.0
35.0
23.0
0.0
5.0
84.0
340.0
668.0
582.0
1705.0
119.0
858.0
436.0
354.0
28.0
28.0
10.0
0.0
84.0
127.0
536.0
921.0
101.0
130.0
469.0
112.0
59.0
0.0
152.0
109.0
0.0
505.0
410.0
1107.0
386.0
327.0
53.0
237.0
217.0
33.0
26.0
0.0
552.0
742.0
1676.0
649.0
353.0
947.0
1003.0
515.0
174.0
127.0
84.0
258.0
284.0
886.0
730.0
593.0
2026.0
330.0
394.0
0.0
236.0
38.0
56.0
208.0
625.0
405.0
960.0
1096.0
1140.0
1094.0
373.0
759.0
10.0
76.0
419.0
310.0
236.0
821.0
1867.0
674.0
273.0
1068.0
767.0
41.0
208.0
89.0
0.0
89.0
654.0
386.0
1145.0
541.0
574.0
574.0
583.0
279.0
209.0
120.0
43.0
353.0
419.0
206.0
1321.0
2064.0
1003.0
1106.0
498.0
141.0
5.0
93.0
285.0
76.0
303.0
378.0
328.0
635.0
492.0
1797.0
805.0
44.0
124.0
43.0
23.0
312.0
444.0
997.0
NaN
1552.0
828.0
713.0
567.0
0.0
20.0
66.0
129.0
119.0
73.0
394.0
1163.0
1302.0
1090.0
1400.0
1525.0
444.0
28.0
221.0
158.0
109.0
61.0
548.0
291.0
1745.0
1205.0
837.0
330.0
91.0
26.0
163.0
127.0
67.0
21.0
302.0
953.0
1921.0
176.0
146.0
107.0
297.0
76.0
129.0
33.0
91.0
135.0
824.0
262.0
1244.0
584.0
852.0
195.0
662.0
159.0
213.0
318.0
409.0
152.0
61.0
160.0
777.0
1522.0
296.0
691.0
850.0
61.0
147.0
18.0
79.0
193.0
821.0
537.0
852.0
912.0
470.0
782.0
379.0
203.0
72.0
97.0
388.0
168.0
532.0
766.0
1253.0
369.0
219.0
NaN
369.0
558.0
128.0
18.0
5.0
148.0
351.0
771.0
NaN
NaN
283.0
663.0
249.0
383.0
299.0
142.0
97.0
919.0
632.0
1131.0
732.0
1265.0
793.0
1663.0
221.0
440.0
328.0
105.0
33.0
110.0
NaN
1010.0
1050.0
298.0
852.0
104.0
211.0
24.0
NaN
123.0
84.0
140.0
456.0
427.0
1872.0
524.0
191.0
280.0
25.0
599.0
106.0
231.0
29.0
381.0
1230.0
650.0
728.0
859.0
763.0
381.0
92.0
102.0
51.0
13.0
25.0
1054.0
1009.0
1812.0
642.0
1861.0
1210.0
183.0
323.0
280.0
284.0
56.0
456.0
234.0
1110.0
822.0
546.0
482.0
857.0
137.0
36.0
213.0
325.0
176.0
15.0
540.0
742.0
572.0
1337.0
981.0
529.0
367.0
505.0
1174.0
51.0
10.0
122.0
498.0
211.0
752.0
620.0
109.0
1129.0
33.0
721.0
0.0
33.0
0.0
71.0
336.0
291.0
1092.0
1035.0
1808.0
1471.0
439.0
148.0
525.0
1080.0
302.0
0.0
175.0
390.0
1754.0
457.0
214.0
1785.0
114.0
1114.0
635.0
457.0
18.0
51.0
1016.0
265.0
1093.0
1643.0
800.0
465.0
211.0
300.0
633.0
156.0
39.0
813.0
363.0
1649.0
682.0
1168.0
363.0
411.0
104.0
862.0
320.0
8.0
89.0
6.0
97.0
808.0
798.0
620.0
775.0
598.0
1000.0
372.0
197.0
113.0
3.0
376.0
258.0
706.0
865.0
571.0
1323.0
1016.0
1150.0
494.0
136.0
64.0
13.0
415.0
1639.0
300.0
1592.0
354.0
595.0
462.0
669.0
67.0
420.0
223.0
369.0
13.0
33.0
627.0
1026.0
617.0
722.0
850.0
1072.0
41.0
84.0
NaN
265.0
123.0
217.0
41.0
552.0
1228.0
473.0
671.0
466.0
222.0
3.0
75.0
233.0
46.0
528.0
201.0
944.0
811.0
235.0
859.0
203.0
531.0
678.0
30.0
92.0
135.0
117.0
970.0
788.0
487.0
130.0
430.0
938.0
715.0
488.0
102.0
272.0
130.0
870.0
107.0
278.0
925.0
1254.0
1396.0
652.0
890.0
178.0
130.0
302.0
353.0
82.0
708.0
1360.0
1550.0
2025.0
639.0
340.0
532.0
322.0
31.0
155.0
257.0
20.0
889.0
148.0
1055.0
1963.0
490.0
1222.0
302.0
302.0
211.0
200.0
204.0
1020.0
978.0
2105.0
785.0
621.0
463.0
1076.0
522.0
142.0
8.0
465.0
0.0
68.0
398.0
1581.0
467.0
326.0
600.0
776.0
127.0
340.0
86.0
41.0
180.0
119.0
860.0
718.0
506.0
1832.0
1204.0
896.0
1178.0
16.0
54.0
41.0
99.0
703.0
512.0
750.0
1619.0
834.0
617.0
134.0
737.0
601.0
44.0
57.0
156.0
435.0
1017.0
948.0
1746.0
153.0
659.0
488.0
43.0
71.0
81.0
30.0
204.0
345.0
465.0
1118.0
508.0
867.0
191.0
363.0
648.0
594.0
82.0
436.0
218.0
101.0
1909.0
939.0
261.0
556.0
897.0
498.0
82.0
701.0
10.0
50.0
45.0
440.0
375.0
640.0
514.0
81.0
743.0
184.0
836.0
39.0
38.0
153.0
295.0
219.0
1152.0
875.0
1113.0
422.0
124.0
131.0
244.0
219.0
38.0
59.0
228.0
502.0
577.0
1049.0
824.0
638.0
503.0
1361.0
41.0
569.0
0.0
130.0
190.0
715.0
841.0
939.0
1312.0
264.0
948.0
225.0
124.0
NaN
101.0
91.0
133.0
729.0
NaN
115.0
780.0
115.0
910.0
1086.0
346.0
111.0
871.0
223.0
747.0
851.0
1978.0
2324.0
1023.0
952.0
597.0
298.0
796.0
0.0
409.0
26.0
107.0
155.0
1128.0
1936.0
895.0
NaN
460.0
577.0
1611.0
173.0
407.0
102.0
279.0
241.0
780.0
344.0
1820.0
483.0
1346.0
405.0
1605.0
30.0
340.0
56.0
206.0
377.0
1025.0
847.0
3166.0
735.0
733.0
369.0
435.0
56.0
132.0
372.0
NaN
NaN
NaN
NaN
NaN
NaN
NaN
NaN
NaN
NaN
NaN
NaN
566.0
150.0
1591.0
387.0
31.0
66.0
211.0
25.0
102.0
51.0
166.0
72.0
322.0
216.0
862.0
1326.0
537.0
334.0
950.0
571.0
541.0
175.0
8.0
13.0
138.0
182.0
NaN
NaN
NaN
NaN
NaN
NaN
NaN
NaN
NaN
NaN
NaN
NaN
NaN
NaN
NaN
NaN
NaN
NaN
NaN
NaN
NaN
79.0
152.0
389.0
1691.0
1508.0
283.0
1786.0
86.0
241.0
64.0
582.0
140.0
261.0
238.0
477.0
1011.0
780.0
548.0
1031.0
1852.0
864.0
