NaN
NaN
559.0
761.0
483.0
305.0
432.0
305.0
127.0
0.0
38.0
NaN
280.0
0.0
229.0
950.0
53.0
330.0
21.0
546.0
733.0
NaN
NaN
NaN
127.0
NaN
216.0
388.0
625.0
942.0
597.0
993.0
643.0
86.0
218.0
NaN
51.0
109.0
NaN
NaN
NaN
NaN
NaN
NaN
NaN
NaN
NaN
NaN
NaN
NaN
NaN
NaN
NaN
NaN
NaN
NaN
NaN
501.0
NaN
152.0
0.0
177.0
221.0
648.0
967.0
500.0
529.0
157.0
485.0
792.0
208.0
25.0
190.0
102.0
241.0
552.0
987.0
817.0
452.0
1227.0
81.0
1119.0
165.0
NaN
111.0
127.0
1140.0
418.0
230.0
772.0
1386.0
1755.0
872.0
429.0
203.0
76.0
51.0
178.0
NaN
685.0
686.0
2131.0
223.0
642.0
1675.0
413.0
284.0
315.0
203.0
55.0
549.0
579.0
1056.0
972.0
902.0
1252.0
115.0
381.0
83.0
NaN
NaN
NaN
NaN
305.0
1250.0
1472.0
809.0
1001.0
NaN
NaN
NaN
NaN
50.0
127.0
25.0
473.0
490.0
NaN
696.0
370.0
25.0
882.0
13.0
165.0
179.0
NaN
NaN
NaN
NaN
2084.0
1132.0
NaN
NaN
NaN
NaN
30.0
48.0
76.0
198.0
777.0
857.0
866.0
403.0
NaN
1067.0
854.0
304.0
76.0
330.0
115.0
48.0
213.0
838.0
1296.0
1027.0
13.0
245.0
229.0
25.0
115.0
25.0
NaN
318.0
391.0
1079.0
858.0
617.0
351.0
343.0
775.0
347.0
77.0
178.0
445.0
51.0
76.0
724.0
691.0
458.0
1334.0
266.0
389.0
152.0
305.0
508.0
153.0
178.0
488.0
178.0
457.0
272.0
796.0
236.0
203.0
NaN
86.0
152.0
178.0
106.0
204.0
685.0
330.0
729.0
571.0
988.0
719.0
NaN
158.0
25.0
25.0
114.0
1542.0
691.0
406.0
1225.0
1169.0
488.0
76.0
0.0
0.0
0.0
46.0
173.0
592.0
1064.0
544.0
1405.0
148.0
208.0
74.0
91.0
NaN
147.0
NaN
NaN
624.0
1257.0
3469.0
152.0
665.0
1573.0
1288.0
0.0
NaN
140.0
384.0
NaN
452.0
474.0
933.0
NaN
NaN
335.0
481.0
41.0
NaN
NaN
10.0
NaN
NaN
NaN
NaN
NaN
NaN
185.0
484.0
0.0
NaN
NaN
NaN
NaN
NaN
NaN
618.0
NaN
458.0
61.0
0.0
NaN
NaN
NaN
NaN
NaN
455.0
1369.0
797.0
1370.0
501.0
NaN
455.0
NaN
NaN
NaN
131.0
NaN
NaN
NaN
NaN
NaN
NaN
NaN
427.0
NaN
NaN
25.0
63.0
483.0
367.0
NaN
2898.0
NaN
534.0
NaN
465.0
411.0
254.0
84.0
0.0
310.0
357.0
NaN
74.0
2283.0
544.0
1540.0
196.0
89.0
NaN
482.0
623.0
191.0
157.0
995.0
825.0
548.0
538.0
76.0
259.0
598.0
NaN
NaN
102.0
100.0
445.0
598.0
1455.0
534.0
NaN
480.0
NaN
114.0
102.0
8.0
331.0
359.0
294.0
417.0
2291.0
NaN
1447.0
361.0
276.0
50.0
229.0
229.0
0.0
0.0
572.0
132.0
1739.0
447.0
234.0
217.0
76.0
399.0
NaN
394.0
5.0
76.0
NaN
623.0
850.0
829.0
946.0
745.0
600.0
282.0
117.0
26.0
119.0
454.0
1453.0
NaN
NaN
1083.0
280.0
378.0
277.0
51.0
407.0
NaN
13.0
NaN
NaN
NaN
NaN
NaN
709.0
655.0
542.0
391.0
0.0
763.0
255.0
NaN
NaN
NaN
NaN
909.0
NaN
1453.0
538.0
NaN
NaN
NaN
101.0
234.0
797.0
NaN
579.0
36.0
228.0
320.0
515.0
400.0
33.0
13.0
55.0
109.0
300.0
244.0
617.0
152.0
564.0
458.0
257.0
186.0
216.0
279.0
76.0
238.0
387.0
790.0
679.0
92.0
794.0
310.0
89.0
102.0
101.0
0.0
25.0
394.0
102.0
583.0
452.0
509.0
317.0
282.0
0.0
0.0
155.0
101.0
8.0
313.0
0.0
278.0
1208.0
478.0
288.0
933.0
287.0
89.0
45.0
51.0
81.0
410.0
1562.0
229.0
884.0
1380.0
937.0
10.0
84.0
70.0
148.0
142.0
283.0
209.0
394.0
826.0
331.0
96.0
1000.0
207.0
58.0
174.0
112.0
157.0
61.0
447.0
931.0
495.0
716.0
320.0
585.0
185.0
172.0
53.0
171.0
124.0
117.0
238.0
778.0
1047.0
738.0
292.0
446.0
686.0
133.0
74.0
80.0
279.0
125.0
61.0
247.0
934.0
1134.0
591.0
452.0
229.0
297.0
0.0
15.0
10.0
208.0
650.0
360.0
206.0
1117.0
567.0
914.0
5.0
127.0
330.0
112.0
155.0
51.0
66.0
1267.0
363.0
1106.0
275.0
401.0
648.0
770.0
24.0
77.0
5.0
20.0
780.0
NaN
2266.0
747.0
745.0
742.0
715.0
414.0
15.0
77.0
206.0
250.0
261.0
86.0
593.0
1143.0
805.0
1376.0
247.0
859.0
127.0
0.0
277.0
162.0
130.0
731.0
848.0
1208.0
1127.0
NaN
NaN
NaN
NaN
13.0
160.0
251.0
381.0
233.0
804.0
1933.0
1087.0
NaN
NaN
NaN
NaN
128.0
107.0
203.0
772.0
64.0
675.0
1719.0
783.0
269.0
1135.0
1160.0
487.0
56.0
269.0
86.0
28.0
1139.0
328.0
1618.0
147.0
185.0
694.0
970.0
1096.0
107.0
51.0
NaN
177.0
941.0
341.0
1132.0
871.0
504.0
602.0
389.0
198.0
46.0
374.0
0.0
432.0
NaN
NaN
NaN
NaN
NaN
666.0
587.0
228.0
290.0
160.0
64.0
262.0
463.0
495.0
359.0
564.0
462.0
1072.0
NaN
198.0
127.0
175.0
97.0
385.0
386.0
750.0
2347.0
623.0
1078.0
356.0
519.0
84.0
341.0
379.0
105.0
264.0
227.0
190.0
975.0
466.0
493.0
190.0
0.0
460.0
129.0
130.0
380.0
209.0
1367.0
939.0
1447.0
1069.0
371.0
180.0
145.0
264.0
394.0
78.0
153.0
399.0
564.0
1110.0
1139.0
345.0
1249.0
736.0
396.0
127.0
0.0
61.0
304.0
109.0
642.0
541.0
1429.0
1415.0
634.0
289.0
66.0
90.0
391.0
171.0
NaN
256.0
631.0
533.0
1474.0
966.0
1843.0
409.0
831.0
272.0
107.0
73.0
126.0
160.0
563.0
1496.0
1294.0
430.0
1175.0
947.0
381.0
279.0
69.0
0.0
167.0
127.0
441.0
602.0
1080.0
1055.0
465.0
434.0
0.0
350.0
158.0
115.0
231.0
0.0
233.0
1025.0
835.0
506.0
1054.0
575.0
709.0
248.0
236.0
157.0
114.0
399.0
524.0
782.0
1116.0
430.0
1356.0
290.0
160.0
308.0
358.0
51.0
18.0
219.0
340.0
1146.0
1391.0
699.0
91.0
491.0
1115.0
109.0
213.0
0.0
402.0
516.0
571.0
2078.0
1202.0
1800.0
658.0
363.0
121.0
59.0
38.0
204.0
183.0
285.0
663.0
544.0
543.0
1476.0
183.0
448.0
265.0
191.0
334.0
8.0
53.0
439.0
617.0
476.0
535.0
659.0
710.0
339.0
0.0
82.0
162.0
33.0
177.0
536.0
775.0
1870.0
1497.0
452.0
351.0
1152.0
254.0
186.0
79.0
61.0
190.0
363.0
585.0
269.0
443.0
577.0
882.0
381.0
457.0
43.0
74.0
300.0
336.0
23.0
458.0
191.0
1969.0
717.0
240.0
488.0
214.0
58.0
77.0
99.0
0.0
145.0
1260.0
594.0
1237.0
590.0
751.0
559.0
871.0
175.0
515.0
345.0
461.0
142.0
79.0
746.0
588.0
848.0
302.0
344.0
816.0
43.0
206.0
129.0
0.0
388.0
970.0
580.0
1177.0
780.0
287.0
304.0
534.0
531.0
178.0
15.0
368.0
13.0
526.0
683.0
986.0
529.0
567.0
272.0
902.0
867.0
153.0
129.0
124.0
361.0
1050.0
1596.0
856.0
1524.0
239.0
313.0
524.0
439.0
361.0
132.0
160.0
482.0
150.0
564.0
307.0
704.0
617.0
642.0
285.0
206.0
220.0
0.0
285.0
353.0
162.0
1077.0
549.0
465.0
753.0
13.0
35.0
20.0
30.0
521.0
58.0
809.0
691.0
440.0
1104.0
33.0
1310.0
475.0
226.0
381.0
38.0
359.0
147.0
369.0
381.0
109.0
374.0
328.0
127.0
623.0
63.0
15.0
97.0
208.0
610.0
892.0
658.0
511.0
1976.0
356.0
742.0
802.0
830.0
773.0
194.0
203.0
77.0
173.0
774.0
1226.0
493.0
725.0
184.0
470.0
53.0
158.0
206.0
170.0
89.0
501.0
812.0
579.0
852.0
506.0
631.0
20.0
656.0
117.0
48.0
106.0
117.0
175.0
170.0
434.0
1339.0
472.0
1059.0
242.0
340.0
20.0
25.0
122.0
132.0
398.0
163.0
276.0
982.0
1200.0
604.0
176.0
571.0
270.0
81.0
292.0
20.0
236.0
396.0
1600.0
471.0
1173.0
592.0
704.0
1224.0
223.0
111.0
53.0
81.0
834.0
268.0
333.0
860.0
520.0
366.0
874.0
326.0
564.0
97.0
135.0
175.0
325.0
880.0
535.0
2950.0
395.0
1486.0
564.0
1235.0
43.0
175.0
139.0
64.0
891.0
607.0
976.0
638.0
842.0
1068.0
1936.0
356.0
497.0
242.0
83.0
113.0
340.0
1927.0
987.0
727.0
1893.0
881.0
1132.0
97.0
154.0
0.0
45.0
206.0
839.0
115.0
247.0
454.0
2111.0
834.0
447.0
267.0
234.0
256.0
362.0
157.0
414.0
297.0
579.0
436.0
415.0
615.0
970.0
43.0
262.0
115.0
94.0
164.0
475.0
699.0
547.0
1186.0
1161.0
838.0
660.0
135.0
226.0
18.0
0.0
81.0
207.0
188.0
1270.0
2466.0
793.0
593.0
43.0
513.0
13.0
74.0
0.0
165.0
89.0
1032.0
1357.0
1587.0
383.0
381.0
541.0
160.0
333.0
0.0
180.0
264.0
277.0
513.0
348.0
1062.0
1070.0
793.0
931.0
219.0
231.0
154.0
127.0
146.0
318.0
789.0
923.0
2220.0
1356.0
822.0
NaN
0.0
224.0
224.0
333.0
101.0
NaN
337.0
368.0
661.0
852.0
983.0
658.0
NaN
64.0
0.0
81.0
142.0
702.0
1094.0
1176.0
922.0
1423.0
694.0
1029.0
543.0
64.0
56.0
191.0
NaN
102.0
51.0
1282.0
417.0
526.0
378.0
960.0
622.0
375.0
282.0
163.0
304.0
102.0
323.0
NaN
394.0
1859.0
307.0
1090.0
508.0
20.0
31.0
148.0
77.0
533.0
567.0
864.0
931.0
941.0
1161.0
66.0
1080.0
160.0
8.0
211.0
71.0
254.0
739.0
642.0
1136.0
1852.0
907.0
868.0
249.0
229.0
0.0
89.0
178.0
88.0
406.0
1240.0
939.0
630.0
467.0
134.0
249.0
1057.0
114.0
442.0
645.0
218.0
1594.0
830.0
1485.0
673.0
237.0
438.0
211.0
371.0
20.0
109.0
23.0
633.0
305.0
477.0
460.0
NaN
1115.0
330.0
618.0
0.0
124.0
99.0
244.0
76.0
613.0
533.0
NaN
626.0
358.0
280.0
343.0
234.0
89.0
204.0
122.0
259.0
350.0
1463.0
1241.0
1368.0
455.0
NaN
753.0
161.0
23.0
94.0
102.0
63.0
259.0
622.0
879.0
566.0
373.0
2463.0
135.0
564.0
432.0
13.0
8.0
404.0
455.0
249.0
592.0
218.0
1731.0
1399.0
53.0
74.0
276.0
107.0
413.0
861.0
870.0
1079.0
566.0
267.0
1060.0
544.0
727.0
13.0
237.0
68.0
559.0
557.0
841.0
562.0
957.0
789.0
290.0
331.0
843.0
218.0
322.0
151.0
102.0
577.0
485.0
1046.0
848.0
1778.0
500.0
652.0
1415.0
38.0
267.0
299.0
188.0
341.0
315.0
798.0
2722.0
1966.0
635.0
822.0
302.0
48.0
469.0
302.0
407.0
612.0
590.0
1060.0
732.0
799.0
720.0
88.0
224.0
56.0
77.0
122.0
418.0
181.0
926.0
964.0
320.0
256.0
709.0
216.0
552.0
69.0
424.0
35.0
252.0
234.0
689.0
1167.0
1341.0
284.0
374.0
672.0
984.0
0.0
269.0
20.0
94.0
260.0
247.0
642.0
1542.0
536.0
1103.0
292.0
239.0
194.0
267.0
61.0
145.0
40.0
105.0
504.0
771.0
1057.0
1687.0
459.0
493.0
538.0
206.0
160.0
479.0
273.0
600.0
722.0
392.0
582.0
1377.0
879.0
635.0
594.0
414.0
121.0
55.0
326.0
504.0
695.0
519.0
1572.0
875.0
NaN
NaN
