20.9633333333
5.6
1.15806451613
-5.62258064516
-0.211111111111
4.56451612903
14.9733333333
20.8161290323
26.0066666667
31.1580645161
27.2451612903
22.18
14.3096774194
4.21666666667
1.5935483871
-0.941935483871
-3.34642857143
4.72580645161
15.67
24.6677419355
23.79
26.864516129
29.5033333333
24.29
19.5766666667
7.61
-3.63548387097
-6.32903225806
-2.91785714286
7.85161290323
16.4966666667
23.0451612903
28.7633333333
30.5387096774
30.3580645161
23.37
11.7774193548
0.98
2.55806451613
-4.46451612903
-3.7
-1.37419354839
14.3866666667
20.4129032258
25.7633333333
29.6967741935
28.7774193548
23.03
17.7419354839
7.77586206897
-1.62903225806
-3.08387096774
2.31785714286
6.47419354839
10.5433333333
20.4419354839
27.9066666667
27.8225806452
28.7677419355
22.45
17.8161290323
5.26
-4.71935483871
-6.2935483871
-5.44285714286
0.751612903226
12.5033333333
22.8032258065
25.95
26.664516129
28.0677419355
21.4133333333
17.6451612903
8.67
-0.487096774194
-9.32580645161
-3.28928571429
7.35483870968
16.15
20.564516129
28.65
28.7709677419
27.2096774194
24.3533333333
22.5806451613
9.49666666667
-6.39677419355
0.0225806451613
3.97586206897
3.17741935484
15.58
24.0096774194
28.37
31.2967741935
26.7516129032
22.42
17.135483871
7.40666666667
-4.82580645161
-6.19677419355
-4.91071428571
-2.38709677419
11.07
22.3419354839
26.7866666667
28.4161290323
26.5806451613
16.74
18.1064516129
6.04482758621
1.79677419355
-10.4129032258
-3.32857142857
8.31290322581
10.9233333333
20.6548387097
27.3166666667
31.3129032258
26.2064516129
23.34
16.7322580645
4.24333333333
-3.18064516129
-3.22580645161
-4.83214285714
5.26129032258
13.5233333333
18.8032258065
25.44
27.764516129
26.9322580645
23.2133333333
15.7129032258
5.95666666667
0.109677419355
-3.63548387097
-2.96896551724
12.4225806452
17.0033333333
19.4096774194
26.8766666667
27.9387096774
27.7032258065
22.38
16.8451612903
5.32666666667
-3.18709677419
-8.1935483871
-2.76071428571
-0.216129032258
15.5966666667
22.8677419355
22.82
28.9870967742
30.3709677419
24.0366666667
13.9129032258
5.92666666667
-2.79677419355
-10.1225806452
-2.16071428571
0.809677419355
13.4666666667
22.8516129032
28.6566666667
30.6806451613
28.0580645161
22.7333333333
15.3129032258
3.85666666667
-3.0064516129
-8.40967741935
-3.03928571429
3.15333333333
16.4066666667
21.0032258065
28.3333333333
27.0612903226
28.2580645161
23.2551724138
18.0870967742
5.33333333333
-2.99032258065
-7.91935483871
-5.66551724138
3.13225806452
12.2466666667
23.0193548387
26.82
27.4516129032
26.9612903226
21.5033333333
13.5967741935
3.54
-6.03225806452
-2.65161290323
-0.0535714285714
8.92580645161
13.5233333333
20.5741935484
27.9433333333
28.7612903226
29.5
21.97
18.9774193548
6.57333333333
-4.25483870968
-5.63548387097
-2.36071428571
4.27096774194
15.18
18.7225806452
26.8066666667
32.5161290323
25.7548387097
22.1666666667
17.6322580645
5.56
-0.751612903226
-4.66451612903
-4.3
-0.309677419355
7.18333333333
23.7677419355
25.9933333333
31.5903225806
27.9064516129
20.76
18.2032258065
7.32333333333
-2.56129032258
-4.82903225806
2.78275862069
5.53870967742
17.7966666667
22.1419354839
29.6866666667
31.9774193548
29.22
24.5066666667
13.1741935484
3.30666666667
-3.78
-12.8322580645
1.025
7.39032258065
19.0266666667
27.0290322581
28.0133333333
30.6258064516
25.9612903226
22.3733333333
14.6516129032
4.61
-5.12903225806
-9.74838709677
-6.63928571429
4.21935483871
12.5033333333
23.2709677419
27.6866666667
28.1
28.8580645161
26.2966666667
16.3580645161
4.46
-5.06774193548
-12.2838709677
-8.06428571429
1.07741935484
10.44
20.3225806452
27.4103448276
29.0225806452
25.6677419355
23.6275862069
14.7064516129
4.29666666667
1.27419354839
-3.45806451613
-4.36551724138
2.66774193548
16.71
24.635483871
28.06
31.8322580645
28.4193548387
23.9066666667
14.0225806452
9.18965517241
-1.46129032258
-0.938709677419
1.43703703704
11.0548387097
17.65
21.8709677419
26.9633333333
29.064516129
26.7741935484
22.91
15.7230769231
9.85333333333
-2.98709677419
-11.4741935484
-3.97857142857
3.21935483871
12.4833333333
21.9741935484
24.85
30.39
27.4451612903
21.2366666667
16.0677419355
3.2
0.648387096774
-2.31290322581
0.178571428571
4.08064516129
11.2933333333
20.6931034483
26.1266666667
31.5612903226
31.1466666667
23.11
14.5
4.51034482759
-12.3827586207
-4.95
0.789655172414
0.11935483871
13.52
21.2366666667
27.35
29.1548387097
29.764516129
20.6133333333
16.3166666667
6.34137931034
-1.37
-4.81612903226
-3.175
7.46129032258
18.8482758621
23.8866666667
25.1448275862
29.8774193548
24.7806451613
20.5103448276
14.9266666667
-0.557142857143
-7.72413793103
-2.89666666667
-3.7
7.02
15.31
22.5322580645
28.0766666667
29.22
26.2258064516
21.075862069
16.4233333333
1.93666666667
0.570967741935
-0.372413793103
6.00740740741
9.56774193548
20.0466666667
25.6066666667
30.2966666667
31.0133333333
26.5096774194
23.8766666667
14.235483871
8.06206896552
-0.820689655172
-7.91935483871
-5.82413793103
6.24333333333
15.7
26.7741935484
32.7233333333
32.5129032258
30.2387096774
24.1285714286
12.4551724138
4.04333333333
-0.296666666667
0.722580645161
-5.55769230769
2.04516129032
14.2740740741
21.95
27.4966666667
30.4793103448
27.9290322581
22.84
18.0677419355
3.62333333333
-7.21935483871
2.62903225806
3.55384615385
7.50967741935
16.56
20.5483870968
27.6433333333
28.1741935484
26.9548387097
24.8733333333
15.5161290323
7.77666666667
-3.45
-5.98387096774
2.30714285714
6.5935483871
15.7966666667
21.9741935484
29.2666666667
28.6161290323
27.2
21.1533333333
16.1322580645
-0.489655172414
-1.63666666667
-1.32903225806
1.11071428571
5.79310344828
11.5444444444
23.1774193548
24.9633333333
23.4612903226
24.2032258065
21.7785714286
15.2066666667
1.672
-3.01071428571
-6.02580645161
-6.03703703704
1.79032258065
11.5366666667
20.1033333333
23.0233333333
25.3483870968
27.035483871
18.8633333333
13.735483871
2.89666666667
-2.92903225806
-12.2233333333
-8.20740740741
4.37419354839
12.7766666667
22.7967741935
26.1333333333
26.8258064516
25.2419354839
22.9379310345
15.26
7.33793103448
-1.63333333333
-4.70333333333
-2.42592592593
4.29032258065
9.01034482759
18.7172413793
27.0033333333
28.5096774194
28.1709677419
21.2666666667
13.064516129
0.1
-3.73666666667
-8.27857142857
-4.79642857143
0.39
9.91
17.3
26.1821428571
26.6580645161
26.864516129
21.4586206897
15.1193548387
-0.544827586207
-7.01724137931
-8.29285714286
-2.75555555556
1.99032258065
11.724137931
17.5967741935
27.21
26.3766666667
26.0258064516
22.8833333333
15.6451612903
0.956666666667
0.135483870968
-4.68333333333
2.09285714286
1.49677419355
14.72
25.42
24.1633333333
27.8612903226
27.964516129
25.7333333333
15.9633333333
6.53448275862
1.18387096774
-6.77037037037
1.46785714286
5.05483870968
13.78
20.2066666667
24.5793103448
29.8419354839
26.0172413793
22.38
15.1322580645
11.7214285714
1.84
-5.07586206897
0.844827586207
10.0161290323
13.124137931
21.8483870968
24.7266666667
27.3290322581
26.8733333333
23.25
16.7366666667
3.02
-9.89310344828
-3.38571428571
-7.68888888889
0.529032258065
13.8166666667
21.2258064516
26.0033333333
29.4451612903
28.4032258065
21.0566666667
14.2233333333
13.5482758621
1.42666666667
NaN
2.552
0.41
12.975
18.3870967742
27.11
30.2709677419
26.8032258065
23.54
9.76451612903
4.78571428571
1.13793103448
-5.00344827586
-4.69259259259
3.70967741935
14.01
19.0387096774
25.3333333333
27.8129032258
29.2709677419
22.6137931034
16.4870967742
4.44814814815
NaN
NaN
-3.34827586207
6.4
NaN
19.4766666667
23.6166666667
26.6129032258
23.4709677419
25.6566666667
15.2838709677
6.41666666667
-0.475862068966
-6.20344827586
0.453571428571
3.66333333333
16.17
17.4612903226
28.3933333333
29.435483871
26.9032258065
24.6633333333
16.34
7.51379310345
-4.76666666667
0.0516129032258
-2.925
3.28387096774
16.17
21.4580645161
26.32
30.7
26.9096774194
19.2566666667
13.0612903226
6.94
1.21612903226
-4.08064516129
-7.91071428571
5.81290322581
12.2466666667
23.76
26.6733333333
28.3870967742
25.3064516129
22.8366666667
15.5
4.96333333333
-5.5935483871
-7.57666666667
NaN
1.46206896552
9.92333333333
19.0129032258
25.0566666667
28.8741935484
26.9774193548
22.4333333333
14.064516129
4.52666666667
-6.33333333333
-9.39032258065
-2.89642857143
2.56129032258
12.77
21.3387096774
24.4466666667
25.4741935484
25.1806451613
23.57
8.88387096774
9.01333333333
-5.88387096774
-9.76451612903
-6.65714285714
6.02258064516
18.0466666667
21.1032258065
25.4933333333
29.6032258065
29.5741935484
20.2233333333
16.5129032258
4.65
-7.33225806452
-9.11290322581
-5.60357142857
0.48275862069
10.85
18.5322580645
25.1666666667
31.1709677419
27.3741935484
21.6833333333
16.7451612903
6.90666666667
-0.196774193548
-1.50967741935
0.255172413793
12.0161290323
14.7633333333
23.2774193548
27.7133333333
32.1709677419
27.3290322581
23.2866666667
12.5
6.05
-2.8064516129
-5.20967741935
-5.15357142857
-1.17741935484
7.18333333333
18.6967741935
24.7566666667
29.0161290323
27.9806451613
24.4733333333
13.2419354839
3.94666666667
-7.64516129032
-8.27741935484
-9.39285714286
-0.567741935484
10.4133333333
19.1225806452
25.92
26.9677419355
27.3161290323
22.08
14.4838709677
-0.06
-1.80322580645
-4.3935483871
-7.5
5.91935483871
14.0
18.3193548387
25.7166666667
NaN
26.0193548387
24.3033333333
15.3333333333
6.73333333333
-1.01666666667
-4.84193548387
-0.689655172414
8.29032258065
14.0
21.1129032258
26.8233333333
27.8322580645
27.0548387097
22.9266666667
15.0423076923
10.5533333333
-4.32258064516
-4.39032258065
3.7
4.50967741935
14.04
19.0225806452
27.02
29.0258064516
25.0903225806
NaN
NaN
