13.2464285714
-0.35
-3.70666666667
-10.1064516129
-2.94642857143
0.2
18.9433333333
21.7903225806
27.8933333333
30.9838709677
28.7933333333
NaN
17.8322580645
11.2466666667
3.27666666667
-5.31
0.0444444444444
3.13225806452
19.024137931
19.2333333333
30.3066666667
32.2741935484
32.9833333333
25.42
13.5322580645
10.8862068966
1.34193548387
0.223333333333
-7.075
5.48666666667
NaN
24.0833333333
31.6166666667
36.4322580645
29.4833333333
27.3533333333
18.3551724138
9.71
-5.45357142857
-5.57037037037
-2.375
-0.438709677419
19.9833333333
18.8838709677
22.27
24.9709677419
26.01
20.2964285714
17.5666666667
NaN
-0.493103448276
NaN
NaN
5.26666666667
12.6033333333
19.5548387097
23.8
32.4785714286
27.1225806452
NaN
14.69
7.15666666667
NaN
-4.29259259259
NaN
0.587096774194
8.27333333333
NaN
NaN
32.95
29.7096774194
NaN
NaN
NaN
NaN
NaN
0.257692307692
9.08076923077
NaN
19.5966666667
NaN
30.94
28.38
24.2892857143
NaN
NaN
1.20689655172
4.24482758621
NaN
NaN
NaN
NaN
NaN
NaN
NaN
NaN
NaN
NaN
NaN
NaN
NaN
NaN
NaN
NaN
NaN
NaN
NaN
NaN
NaN
NaN
NaN
NaN
NaN
NaN
NaN
NaN
NaN
NaN
NaN
NaN
NaN
NaN
NaN
NaN
NaN
NaN
NaN
NaN
NaN
NaN
NaN
NaN
NaN
NaN
NaN
NaN
NaN
NaN
NaN
NaN
NaN
NaN
NaN
NaN
NaN
NaN
NaN
NaN
NaN
NaN
NaN
NaN
NaN
NaN
NaN
NaN
NaN
NaN
NaN
NaN
NaN
NaN
NaN
NaN
NaN
NaN
NaN
NaN
NaN
NaN
NaN
-2.33448275862
2.28214285714
4.61
14.5166666667
22.06
24.48
31.3333333333
28.8
21.8642857143
16.6033333333
3.43
-2.02413793103
-1.96774193548
-1.13214285714
9.34827586207
12.664
16.5096774194
25.1566666667
27.3129032258
27.7806451613
24.2
19.1806451613
1.75666666667
-10.3482758621
-2.33225806452
1.78275862069
8.16774193548
11.4266666667
24.9225806452
23.1633333333
28.3903225806
28.8774193548
22.2566666667
16.8392857143
7.64333333333
2.54193548387
-10.5967741935
-6.64074074074
5.69677419355
14.4793103448
19.6612903226
26.2266666667
30.8933333333
28.9892857143
16.9466666667
NaN
3.1
-3.28709677419
-10.9806451613
4.42962962963
4.01290322581
17.7466666667
NaN
NaN
34.4677419355
30.48
24.2066666667
11.8806451613
5.94666666667
-0.116666666667
1.78
5.14285714286
4.6064516129
16.3166666667
21.0580645161
30.5333333333
32.7580645161
28.1548387097
27.6448275862
17.0451612903
6.35333333333
-1.26774193548
-5.80322580645
-2.9724137931
-0.322580645161
15.24
21.8129032258
26.3533333333
31.3096774194
28.6161290323
23.9833333333
11.0870967742
5.88333333333
-4.03548387097
-1.41935483871
-0.7
5.54516129032
13.5133333333
17.8967741935
32.0433333333
33.0193548387
NaN
24.4766666667
NaN
6.08333333333
NaN
NaN
NaN
NaN
NaN
NaN
NaN
NaN
NaN
NaN
NaN
NaN
-2.19032258065
-3.51333333333
4.41785714286
7.11
9.52333333333
15.0580645161
24.38
33.9903225806
29.7967741935
26.61
17.0096774194
2.72
0.345161290323
-10.364516129
-16.9482758621
NaN
11.18
25.4258064516
32.4033333333
39.4032258065
33.0322580645
NaN
NaN
4.90333333333
-2.02258064516
-15.7566666667
-5.6
NaN
12.6448275862
22.9066666667
25.5366666667
31.7096774194
34.1193548387
24.87
15.8451612903
3.87666666667
-1.90322580645
-2.14838709677
-3.83571428571
8.48387096774
16.18
18.8903225806
27.2233333333
30.7903225806
33.0290322581
25.18
19.81
3.53333333333
1.78709677419
1.36451612903
-6.64444444444
7.51612903226
15.37
25.0258064516
23.4466666667
32.9935483871
30.6870967742
27.02
15.5225806452
11.9866666667
5.90344827586
NaN
-2.51785714286
NaN
10.65
21.7225806452
25.8137931034
31.5612903226
30.4
27.94
20.6806451613
2.71034482759
2.4935483871
-4.09032258065
-1.27857142857
4.60967741935
14.2833333333
24.3870967742
24.9966666667
32.135483871
30.9483870968
21.8133333333
15.3580645161
7.31666666667
3.53225806452
2.25806451613
-1.98571428571
4.20967741935
15.69
16.7419354839
23.34
28.3451612903
28.4612903226
21.6066666667
16.4709677419
7.27333333333
-2.30967741935
-10.3903225806
0.885714285714
2.41333333333
17.5433333333
19.1870967742
24.3433333333
31.664516129
30.8548387097
24.0733333333
18.7677419355
4.17333333333
2.9935483871
3.08064516129
-3.16206896552
-1.18333333333
12.0833333333
24.2419354839
24.9666666667
29.5322580645
28.2193548387
23.1833333333
19.4451612903
2.85666666667
0.00967741935484
-1.56774193548
-0.707142857143
10.3032258065
12.57
18.3419354839
20.9033333333
30.864516129
30.364516129
22.23
18.2161290323
5.99666666667
-4.51290322581
2.27741935484
2.26666666667
12.5806451613
19.9066666667
17.8935483871
26.6233333333
31.2193548387
27.5774193548
22.9366666667
11.3870967742
5.09666666667
-0.68064516129
0.0483870967742
-3.61785714286
1.68387096774
12.71
20.1516129032
23.3166666667
32.2451612903
33.1870967742
24.0566666667
19.8677419355
1.78666666667
0.606451612903
-1.90967741935
-3.67931034483
2.14838709677
16.6433333333
21.5580645161
24.89
30.064516129
31.2133333333
28.24
17.2516129032
6.09666666667
-1.63548387097
-10.1709677419
-7.46428571429
2.61333333333
18.2266666667
23.5387096774
28.4033333333
32.6612903226
32.3129032258
NaN
14.1258064516
13.1333333333
-4.11935483871
-14.3387096774
-4.81071428571
-1.01935483871
7.52
17.8
26.94
28.964516129
27.7806451613
22.5266666667
18.7483870968
3.29310344828
-1.81290322581
-4.1935483871
1.91428571429
-3.03870967742
12.8733333333
22.0322580645
21.71
28.6612903226
27.5071428571
NaN
NaN
3.36896551724
-8.27741935484
-9.10322580645
-1.98965517241
-2.56774193548
17.4466666667
21.1451612903
28.37
30.0166666667
28.7419354839
27.86
16.3258064516
7.12
1.41
0.712903225806
0.239285714286
4.1064516129
9.08666666667
18.2419354839
24.76
28.0516129032
28.864516129
24.58
20.1483870968
9.21333333333
2.88
-6.56129032258
9.54642857143
2.77741935484
13.49
19.0
24.0366666667
32.4033333333
28.7258064516
21.3833333333
13.2419354839
10.3866666667
2.9
-0.925806451613
-4.025
4.65161290323
19.1833333333
23.9258064516
23.6633333333
32.1483870968
33.2161290323
24.0733333333
17.9774193548
-1.09666666667
-6.62258064516
-6.48709677419
-4.36551724138
3.94838709677
10.76
20.2741935484
31.07
28.4709677419
27.7258064516
22.8933333333
19.2096774194
5.90666666667
1.94838709677
-8.65161290323
-0.471428571429
4.8935483871
11.7733333333
18.4064516129
24.2866666667
31.4096774194
27.6419354839
21.22
12.9290322581
5.62
4.64193548387
2.59677419355
-2.84285714286
2.2
14.0633333333
24.2870967742
22.5166666667
26.7741935484
31.7096774194
25.2866666667
17.6096774194
6.18
-1.14193548387
-5.73870967742
-5.07857142857
8.10322580645
14.1066666667
19.2419354839
28.7
31.2580645161
31.1483870968
21.41
12.4483870968
0.92
3.27741935484
-3.65806451613
-3.45172413793
0.0645161290323
14.9633333333
21.6322580645
24.07
31.9290322581
29.6903225806
23.424137931
16.8806451613
7.09333333333
-3.21935483871
-2.30322580645
0.489285714286
8.66129032258
12.58
19.3870967742
29.1033333333
28.9733333333
31.4387096774
19.6733333333
16.4322580645
7.26333333333
-2.83548387097
-4.24193548387
-4.38571428571
0.677419354839
15.6833333333
19.3290322581
24.0233333333
25.7322580645
28.0612903226
21.2566666667
17.7
8.76333333333
1.31290322581
-6.95483870968
2.06071428571
10.6064516129
12.96
19.6935483871
26.6333333333
29.5129032258
29.0838709677
22.8866666667
20.6903225806
9.36333333333
-3.66
1.25161290323
2.72068965517
4.25161290323
14.0433333333
21.8838709677
24.49
30.2419354839
26.6466666667
21.8333333333
17.1612903226
5.31333333333
-7.4935483871
-5.92903225806
-2.15714285714
-1.89032258065
11.76
19.8612903226
23.7766666667
28.6935483871
27.3741935484
14.4666666667
19.0064516129
7.30666666667
2.03225806452
-10.9451612903
-5.70357142857
5.59032258065
10.0733333333
20.7161290323
26.08
31.1516129032
25.4516129032
22.38
16.7967741935
3.13333333333
0.806451612903
0.203225806452
-1.275
6.97741935484
12.65
17.6466666667
22.4766666667
29.1290322581
29.8
23.7033333333
14.6548387097
6.43
-2.3935483871
-3.30322580645
-1.31428571429
10.3903225806
13.58
18.0935483871
24.4633333333
28.7612903226
27.2032258065
22.4966666667
17.9
5.68666666667
-6.83870967742
-10.6903225806
-3.53214285714
0.403225806452
17.6833333333
23.0516129032
22.5866666667
28.1516129032
31.9483870968
25.31
11.4161290323
9.07
-0.845161290323
-8.62580645161
0.728571428571
1.64838709677
9.99333333333
21.2096774194
28.23
31.0064516129
30.5741935484
23.0233333333
14.3838709677
2.61333333333
-4.47419354839
-9.15483870968
-2.89285714286
3.95483870968
15.6933333333
19.5838709677
26.57
28.2129032258
31.0
22.35
14.3741935484
6.24333333333
-5.02258064516
-7.28709677419
-4.53448275862
3.91290322581
11.66
20.864516129
25.4566666667
28.1032258065
29.835483871
23.73
13.9741935484
3.51666666667
-5.43870967742
-1.5064516129
2.85714285714
8.78064516129
13.4466666667
21.6322580645
26.5066666667
31.0387096774
32.3096774194
20.31
17.5741935484
3.26333333333
-2.4935483871
-0.636666666667
3.31071428571
6.91935483871
14.87
18.7612903226
28.0
33.9161290323
27.1451612903
22.5566666667
18.635483871
6.39
0.970967741935
-0.951612903226
-4.47142857143
1.36774193548
7.52
20.3580645161
25.44
31.5866666667
27.8483870968
21.2933333333
16.2870967742
6.7
1.02258064516
-2.49677419355
5.41724137931
6.05806451613
16.55
22.8129032258
28.4833333333
31.5516129032
31.4129032258
25.7689655172
14.0
4.74666666667
-0.577419354839
-8.78064516129
3.12142857143
8.23870967742
18.33
25.5129032258
27.6833333333
30.735483871
25.9806451613
21.5366666667
14.9096774194
3.74
-5.59032258065
-12.2096774194
-8.13571428571
3.54193548387
10.7
21.0064516129
25.6866666667
28.0129032258
28.8032258065
26.6033333333
17.4483870968
2.64
-5.75161290323
-11.4935483871
-9.25
3.63225806452
10.8333333333
19.1903225806
26.65
28.635483871
27.3290322581
26.87
16.2870967742
4.22
4.78387096774
-3.98064516129
0.18275862069
5.06451612903
18.3933333333
23.6741935484
27.5433333333
32.2741935484
27.3709677419
22.7866666667
14.34
8.54666666667
0.412903225806
2.16451612903
2.08928571429
9.86774193548
18.01
19.4129032258
25.1666666667
30.2193548387
27.535483871
23.8133333333
14.5129032258
9.07
-2.9064516129
-9.77096774194
-1.62857142857
3.18064516129
12.56
19.0129032258
22.9033333333
30.1064516129
29.2966666667
23.6166666667
14.1516129032
3.41
1.60322580645
2.85806451613
5.14285714286
3.12258064516
11.3166666667
19.3806451613
25.8566666667
31.3193548387
32.5548387097
22.59
14.4161290323
4.24
-12.3193548387
-1.13225806452
5.93448275862
2.66333333333
12.8833333333
20.5483870968
24.54
29.6838709677
31.4290322581
20.7066666667
14.0129032258
6.57333333333
-5.83225806452
-3.94838709677
-1.09285714286
6.66129032258
17.97
25.0161290323
24.1566666667
32.0935483871
26.3833333333
19.06
15.0741935484
-4.12333333333
-4.95161290323
-0.145161290323
-5.00357142857
10.3709677419
12.35
20.4451612903
26.91
28.9483870968
27.9741935484
17.6633333333
15.1096774194
2.51
2.20967741935
2.81290322581
3.16428571429
1.43225806452
19.52
22.7451612903
27.9133333333
31.0064516129
25.6903225806
23.82
14.3516129032
8.65
1.73225806452
-3.45161290323
-1.10689655172
6.76451612903
17.7633333333
22.81
32.69
31.2387096774
31.564516129
22.8633333333
15.6967741935
5.50333333333
0.4
-1.27096774194
-7.42142857143
1.43548387097
14.0533333333
21.0806451613
26.22
31.4064516129
29.935483871
23.7666666667
17.1870967742
5.79
-6.29677419355
2.22903225806
1.76785714286
8.18709677419
15.3466666667
19.7903225806
25.9733333333
28.8451612903
29.4766666667
25.48
16.4709677419
8.50333333333
-3.51666666667
-4.75161290323
4.96428571429
8.04516129032
14.6833333333
19.5451612903
25.6933333333
29.935483871
30.6806451613
24.5333333333
14.4483870968
0.83
3.11935483871
3.17419354839
4.0
9.6935483871
14.17
23.8129032258
23.59
23.4967741935
25.2677419355
24.2033333333
15.3
1.31666666667
-4.19032258065
-6.61935483871
-6.09285714286
7.05161290323
12.4448275862
21.0322580645
21.72
21.6322580645
25.864516129
21.0666666667
16.0322580645
2.63666666667
-0.767741935484
-9.98709677419
-7.61785714286
8.19677419355
14.8633333333
23.3290322581
25.73
27.164516129
27.9064516129
24.6137931034
14.9193548387
5.07333333333
-1.81935483871
-5.61935483871
1.85
3.74193548387
8.72666666667
17.9580645161
24.3033333333
27.9193548387
30.6677419355
22.91
14.1064516129
3.10666666667
-2.15806451613
-8.0935483871
0.206896551724
-0.18064516129
12.2433333333
15.8161290323
26.11
27.1451612903
30.0225806452
21.0766666667
14.4666666667
-2.72666666667
-8.71935483871
-8.60967741935
-1.49642857143
4.22580645161
9.82
19.0451612903
26.9066666667
27.4
27.9290322581
25.3133333333
17.6548387097
3.88333333333
3.31333333333
-3.25806451613
3.825
0.587096774194
16.4566666667
22.3677419355
22.2866666667
29.8548387097
30.0290322581
27.9633333333
14.1096774194
5.99
2.04838709677
-3.30322580645
4.69642857143
9.42258064516
13.35
19.3516129032
24.68
29.2387096774
29.5516129032
20.39
15.5032258065
12.3733333333
4.19677419355
-1.57741935484
3.60344827586
9.92903225806
14.87
21.4870967742
24.3566666667
29.0161290323
30.5193548387
25.3133333333
15.5967741935
-0.37
-8.03225806452
0.0806451612903
-6.76785714286
4.83225806452
14.71
21.2677419355
24.93
29.7290322581
31.2032258065
23.89
14.635483871
10.8966666667
0.645161290323
0.687096774194
4.50714285714
-0.458064516129
14.37
19.4225806452
29.39
32.3516129032
29.3548387097
25.5
8.65483870968
8.14
2.5
-2.69677419355
-2.825
5.05483870968
16.1866666667
18.6225806452
23.4533333333
31.7548387097
32.3290322581
23.47
18.2032258065
0.643333333333
1.5064516129
-5.9064516129
-1.12068965517
8.76774193548
16.5066666667
20.1806451613
23.7533333333
28.8161290323
27.0451612903
24.0
15.2838709677
8.53666666667
2.30967741935
-3.6064516129
4.00357142857
7.50967741935
16.18
18.4935483871
25.7566666667
31.2322580645
29.6129032258
27.3366666667
16.4967741935
7.44
-1.91935483871
3.44838709677
0.3
5.34516129032
17.9833333333
22.5451612903
28.4633333333
35.5566666667
30.6838709677
20.6066666667
13.2193548387
6.70333333333
3.20967741935
0.606451612903
-5.45714285714
12.2612903226
11.99
22.2548387097
26.6633333333
32.2096774194
28.0129032258
27.1133333333
16.3225806452
8.6
-0.483870967742
-1.9064516129
-0.134482758621
8.15483870968
14.2766666667
19.1612903226
24.1166666667
30.7129032258
30.7774193548
23.8933333333
14.7612903226
5.52333333333
-5.41612903226
-2.93225806452
-1.75
2.17419354839
12.5733333333
21.6129032258
23.28
27.1580645161
NaN
25.93
7.95161290323
10.8133333333
-7.07741935484
-6.72903225806
-6.97857142857
5.81290322581
16.4366666667
18.764516129
25.3666666667
30.2258064516
31.135483871
21.8766666667
17.6451612903
4.03666666667
-5.91612903226
NaN
NaN
NaN
NaN
NaN
NaN
NaN
NaN
NaN
NaN
NaN
NaN
2.21612903226
1.52068965517
16.7064516129
17.74
21.7548387097
28.1333333333
33.8258064516
30.7741935484
26.82
14.2903225806
5.94666666667
-2.23870967742
-3.41935483871
1.86428571429
4.98709677419
9.73666666667
21.2838709677
25.1266666667
29.4806451613
29.3967741935
25.8533333333
11.035483871
5.22666666667
-6.53870967742
-1.91612903226
-5.58214285714
4.86129032258
13.3133333333
19.8806451613
24.07
28.1903225806
26.5612903226
23.5433333333
16.2193548387
1.35666666667
0.106451612903
0.122580645161
-0.614285714286
13.0451612903
17.0066666667
19.2548387097
26.8833333333
30.3935483871
30.1709677419
27.8566666667
17.7774193548
7.68333333333
-1.18709677419
-3.08709677419
4.73793103448
12.3451612903
16.0366666667
21.8
28.5166666667
31.0419354839
30.3967741935
24.21
17.6870967742
11.5966666667
-8.08064516129
-7.41612903226
1.19285714286
7.20322580645
15.3266666667
22.0225806452
28.3033333333
33.6387096774
26.4451612903
NaN
NaN
