3.0
33.0
0.0
0.0
0.0
0.0
18.0
277.0
0.0
0.0
0.0
13.0
216.0
0.0
97.0
8.0
0.0
0.0
0.0
66.0
10.0
0.0
0.0
0.0
0.0
109.0
132.0
0.0
0.0
0.0
0.0
0.0
0.0
612.0
493.0
3.0
30.0
191.0
3.0
0.0
0.0
0.0
0.0
0.0
0.0
147.0
94.0
0.0
0.0
0.0
0.0
0.0
8.0
264.0
0.0
0.0
0.0
0.0
0.0
0.0
0.0
0.0
0.0
0.0
3.0
0.0
0.0
0.0
10.0
30.0
61.0
0.0
0.0
0.0
0.0
0.0
0.0
0.0
3.0
0.0
5.0
0.0
0.0
0.0
0.0
0.0
0.0
3.0
0.0
0.0
0.0
0.0
0.0
0.0
3.0
15.0
13.0
0.0
0.0
0.0
0.0
0.0
0.0
0.0
0.0
0.0
0.0
0.0
0.0
0.0
0.0
0.0
0.0
112.0
0.0
0.0
5.0
0.0
0.0
0.0
89.0
320.0
0.0
0.0
25.0
0.0
0.0
150.0
5.0
43.0
8.0
64.0
33.0
0.0
0.0
0.0
0.0
0.0
0.0
328.0
43.0
0.0
5.0
340.0
119.0
3.0
5.0
0.0
0.0
0.0
198.0
28.0
5.0
0.0
0.0
8.0
0.0
81.0
0.0
0.0
0.0
0.0
20.0
0.0
13.0
0.0
0.0
0.0
0.0
0.0
0.0
119.0
0.0
0.0
48.0
0.0
0.0
0.0
3.0
30.0
15.0
0.0
0.0
0.0
0.0
0.0
191.0
0.0
46.0
0.0
0.0
0.0
0.0
53.0
0.0
0.0
0.0
0.0
0.0
10.0
0.0
0.0
0.0
33.0
0.0
0.0
0.0
0.0
0.0
0.0
0.0
0.0
0.0
0.0
0.0
0.0
10.0
3.0
3.0
5.0
0.0
142.0
107.0
3.0
0.0
0.0
10.0
51.0
0.0
104.0
549.0
0.0
0.0
0.0
0.0
0.0
0.0
51.0
0.0
0.0
0.0
0.0
0.0
0.0
0.0
0.0
0.0
0.0
5.0
0.0
0.0
38.0
8.0
157.0
46.0
58.0
0.0
0.0
38.0
0.0
0.0
28.0
28.0
0.0
241.0
119.0
0.0
0.0
0.0
0.0
0.0
0.0
0.0
0.0
0.0
0.0
196.0
0.0
94.0
10.0
0.0
0.0
127.0
0.0
0.0
0.0
0.0
218.0
81.0
0.0
0.0
0.0
64.0
0.0
0.0
43.0
0.0
13.0
0.0
0.0
0.0
0.0
0.0
0.0
0.0
0.0
79.0
107.0
8.0
0.0
0.0
0.0
0.0
0.0
0.0
0.0
5.0
0.0
0.0
119.0
3.0
155.0
0.0
0.0
0.0
0.0
0.0
0.0
0.0
0.0
0.0
0.0
56.0
0.0
28.0
0.0
0.0
310.0
0.0
0.0
0.0
99.0
41.0
0.0
0.0
0.0
0.0
0.0
0.0
0.0
0.0
0.0
0.0
0.0
0.0
0.0
0.0
0.0
0.0
0.0
0.0
0.0
0.0
0.0
0.0
3.0
0.0
3.0
284.0
3.0
173.0
0.0
0.0
0.0
0.0
0.0
173.0
465.0
0.0
36.0
30.0
0.0
0.0
0.0
5.0
0.0
102.0
231.0
0.0
0.0
0.0
0.0
0.0
0.0
0.0
0.0
0.0
0.0
0.0
0.0
0.0
0.0
0.0
0.0
0.0
0.0
0.0
91.0
0.0
33.0
0.0
0.0
0.0
0.0
0.0
15.0
0.0
5.0
221.0
3.0
28.0
0.0
0.0
0.0
8.0
13.0
0.0
43.0
0.0
0.0
0.0
41.0
300.0
0.0
0.0
0.0
0.0
0.0
0.0
0.0
30.0
0.0
0.0
0.0
0.0
0.0
0.0
0.0
0.0
0.0
0.0
0.0
0.0
0.0
0.0
0.0
0.0
0.0
0.0
0.0
0.0
163.0
0.0
3.0
13.0
58.0
0.0
0.0
0.0
0.0
0.0
0.0
0.0
0.0
0.0
0.0
0.0
0.0
0.0
0.0
38.0
10.0
3.0
109.0
10.0
0.0
0.0
3.0
84.0
0.0
0.0
3.0
0.0
0.0
0.0
0.0
0.0
0.0
0.0
0.0
0.0
0.0
0.0
0.0
0.0
0.0
0.0
0.0
0.0
0.0
0.0
0.0
0.0
15.0
0.0
0.0
0.0
0.0
0.0
8.0
0.0
0.0
0.0
0.0
0.0
0.0
0.0
69.0
0.0
0.0
0.0
10.0
0.0
0.0
81.0
0.0
0.0
0.0
5.0
15.0
0.0
0.0
198.0
0.0
8.0
234.0
3.0
0.0
0.0
132.0
23.0
0.0
140.0
0.0
0.0
0.0
0.0
41.0
0.0
0.0
0.0
10.0
18.0
0.0
170.0
178.0
0.0
0.0
0.0
30.0
0.0
0.0
180.0
33.0
46.0
23.0
0.0
0.0
41.0
0.0
0.0
0.0
0.0
0.0
56.0
3.0
155.0
419.0
180.0
0.0
0.0
53.0
0.0
0.0
0.0
5.0
0.0
0.0
0.0
282.0
147.0
0.0
0.0
13.0
3.0
0.0
0.0
0.0
196.0
0.0
48.0
102.0
18.0
25.0
0.0
36.0
191.0
0.0
0.0
0.0
0.0
0.0
0.0
0.0
0.0
0.0
0.0
28.0
147.0
0.0
0.0
25.0
0.0
0.0
5.0
0.0
0.0
137.0
0.0
15.0
0.0
0.0
0.0
0.0
0.0
0.0
0.0
0.0
0.0
0.0
91.0
3.0
94.0
0.0
0.0
0.0
0.0
0.0
0.0
53.0
0.0
0.0
0.0
0.0
0.0
0.0
0.0
168.0
0.0
0.0
0.0
0.0
0.0
0.0
0.0
0.0
0.0
0.0
206.0
20.0
0.0
0.0
0.0
0.0
0.0
0.0
0.0
0.0
0.0
0.0
0.0
0.0
23.0
56.0
13.0
0.0
0.0
0.0
0.0
0.0
0.0
0.0
0.0
0.0
0.0
0.0
0.0
0.0
0.0
0.0
0.0
0.0
0.0
0.0
0.0
46.0
130.0
0.0
0.0
0.0
0.0
236.0
10.0
0.0
0.0
56.0
94.0
0.0
0.0
503.0
8.0
0.0
0.0
0.0
15.0
0.0
0.0
0.0
0.0
0.0
0.0
33.0
3.0
0.0
0.0
0.0
0.0
0.0
0.0
0.0
0.0
0.0
0.0
0.0
0.0
0.0
0.0
89.0
91.0
0.0
0.0
0.0
264.0
0.0
0.0
0.0
0.0
0.0
0.0
0.0
0.0
0.0
0.0
0.0
0.0
0.0
0.0
0.0
0.0
0.0
0.0
0.0
0.0
0.0
0.0
0.0
0.0
0.0
0.0
0.0
0.0
0.0
0.0
10.0
33.0
0.0
0.0
0.0
0.0
229.0
38.0
0.0
0.0
0.0
0.0
218.0
0.0
0.0
0.0
0.0
89.0
5.0
0.0
0.0
0.0
0.0
66.0
8.0
0.0
0.0
0.0
0.0
0.0
0.0
0.0
0.0
8.0
10.0
0.0
0.0
0.0
66.0
0.0
0.0
0.0
0.0
0.0
0.0
0.0
0.0
0.0
0.0
0.0
0.0
0.0
69.0
132.0
0.0
127.0
0.0
0.0
0.0
0.0
0.0
0.0
0.0
0.0
0.0
5.0
0.0
0.0
0.0
0.0
0.0
66.0
0.0
46.0
51.0
0.0
0.0
0.0
117.0
0.0
0.0
0.0
0.0
0.0
0.0
0.0
0.0
58.0
0.0
0.0
0.0
0.0
0.0
0.0
0.0
0.0
0.0
18.0
0.0
0.0
18.0
0.0
99.0
8.0
0.0
38.0
41.0
41.0
8.0
0.0
147.0
231.0
0.0
0.0
0.0
277.0
437.0
0.0
0.0
145.0
226.0
0.0
3.0
279.0
455.0
0.0
0.0
0.0
0.0
0.0
0.0
0.0
0.0
81.0
0.0
140.0
122.0
638.0
38.0
46.0
0.0
0.0
0.0
112.0
3.0
0.0
0.0
25.0
556.0
0.0
429.0
5.0
71.0
0.0
0.0
0.0
0.0
0.0
0.0
0.0
5.0
36.0
414.0
292.0
152.0
135.0
0.0
0.0
66.0
0.0
0.0
0.0
66.0
10.0
155.0
3.0
3.0
36.0
0.0
3.0
112.0
43.0
33.0
3.0
0.0
0.0
91.0
0.0
30.0
8.0
0.0
0.0
0.0
5.0
155.0
33.0
8.0
0.0
0.0
0.0
0.0
0.0
0.0
0.0
66.0
0.0
0.0
41.0
140.0
28.0
0.0
0.0
53.0
0.0
0.0
18.0
0.0
323.0
267.0
112.0
312.0
231.0
140.0
0.0
0.0
0.0
185.0
257.0
30.0
0.0
0.0
0.0
0.0
0.0
0.0
69.0
0.0
0.0
15.0
89.0
424.0
66.0
0.0
0.0
0.0
0.0
0.0
0.0
0.0
0.0
0.0
0.0
0.0
0.0
254.0
0.0
0.0
0.0
0.0
0.0
0.0
0.0
0.0
0.0
0.0
10.0
0.0
0.0
0.0
0.0
0.0
0.0
0.0
249.0
0.0
0.0
0.0
152.0
0.0
0.0
0.0
930.0
480.0
478.0
0.0
0.0
140.0
0.0
0.0
0.0
0.0
0.0
0.0
20.0
259.0
0.0
0.0
0.0
0.0
0.0
0.0
0.0
0.0
0.0
0.0
0.0
0.0
0.0
53.0
25.0
69.0
0.0
30.0
0.0
3.0
160.0
0.0
0.0
0.0
0.0
0.0
0.0
0.0
0.0
236.0
0.0
394.0
89.0
201.0
257.0
0.0
58.0
0.0
0.0
0.0
0.0
20.0
0.0
0.0
0.0
0.0
0.0
0.0
0.0
0.0
0.0
0.0
13.0
0.0
0.0
0.0
0.0
0.0
203.0
71.0
0.0
0.0
0.0
0.0
0.0
0.0
0.0
0.0
0.0
0.0
58.0
0.0
0.0
0.0
0.0
0.0
297.0
104.0
135.0
0.0
97.0
28.0
0.0
0.0
0.0
0.0
0.0
0.0
0.0
175.0
0.0
0.0
0.0
0.0
0.0
140.0
0.0
0.0
0.0
0.0
0.0
0.0
0.0
0.0
0.0
0.0
0.0
0.0
0.0
13.0
46.0
0.0
0.0
0.0
0.0
0.0
33.0
0.0
0.0
0.0
0.0
3.0
183.0
0.0
0.0
0.0
0.0
0.0
0.0
3.0
0.0
0.0
0.0
109.0
112.0
0.0
0.0
0.0
0.0
0.0
0.0
0.0
556.0
0.0
0.0
0.0
0.0
13.0
84.0
0.0
0.0
0.0
0.0
0.0
0.0
61.0
0.0
0.0
30.0
0.0
0.0
0.0
0.0
25.0
0.0
0.0
0.0
0.0
0.0
0.0
13.0
43.0
0.0
46.0
28.0
0.0
0.0
0.0
0.0
0.0
48.0
0.0
25.0
0.0
0.0
0.0
10.0
104.0
0.0
0.0
0.0
0.0
0.0
20.0
36.0
0.0
0.0
0.0
0.0
0.0
0.0
0.0
0.0
163.0
0.0
0.0
0.0
0.0
0.0
0.0
0.0
23.0
91.0
0.0
0.0
0.0
160.0
91.0
165.0
475.0
0.0
23.0
0.0
0.0
0.0
0.0
0.0
0.0
518.0
33.0
0.0
0.0
0.0
107.0
51.0
196.0
0.0
0.0
0.0
0.0
0.0
130.0
107.0
69.0
15.0
0.0
0.0
0.0
0.0
0.0
76.0
0.0
0.0
0.0
0.0
0.0
0.0
0.0
0.0
0.0
0.0
0.0
0.0
0.0
0.0
0.0
0.0
0.0
0.0
43.0
0.0
0.0
0.0
0.0
0.0
0.0
0.0
0.0
0.0
23.0
28.0
0.0
0.0
0.0
0.0
173.0
0.0
0.0
0.0
564.0
0.0
0.0
0.0
0.0
0.0
0.0
0.0
0.0
23.0
0.0
104.0
20.0
0.0
0.0
0.0
0.0
0.0
0.0
0.0
64.0
0.0
0.0
338.0
132.0
0.0
267.0
0.0
10.0
20.0
0.0
0.0
0.0
0.0
18.0
218.0
983.0
574.0
251.0
0.0
0.0
0.0
0.0
0.0
0.0
0.0
0.0
0.0
0.0
0.0
0.0
0.0
0.0
140.0
0.0
0.0
0.0
0.0
0.0
0.0
0.0
0.0
0.0
0.0
0.0
0.0
0.0
0.0
0.0
0.0
0.0
0.0
36.0
0.0
5.0
330.0
0.0
0.0
0.0
0.0
0.0
0.0
0.0
0.0
0.0
0.0
0.0
0.0
0.0
0.0
0.0
0.0
0.0
0.0
0.0
0.0
0.0
0.0
0.0
208.0
0.0
0.0
0.0
0.0
0.0
0.0
424.0
0.0
0.0
0.0
0.0
0.0
0.0
43.0
224.0
117.0
33.0
0.0
0.0
30.0
56.0
0.0
23.0
147.0
0.0
0.0
0.0
0.0
13.0
140.0
0.0
0.0
0.0
0.0
0.0
0.0
0.0
0.0
160.0
140.0
0.0
0.0
0.0
0.0
0.0
0.0
0.0
0.0
0.0
0.0
0.0
0.0
28.0
165.0
119.0
150.0
0.0
0.0
0.0
0.0
0.0
0.0
0.0
0.0
0.0
0.0
0.0
0.0
0.0
0.0
0.0
218.0
3.0
0.0
0.0
0.0
165.0
0.0
0.0
23.0
0.0
28.0
0.0
0.0
0.0
33.0
0.0
0.0
0.0
91.0
0.0
0.0
0.0
23.0
147.0
0.0
0.0
0.0
0.0
23.0
0.0
0.0
0.0
0.0
170.0
0.0
0.0
0.0
0.0
0.0
0.0
5.0
0.0
0.0
0.0
0.0
0.0
0.0
0.0
0.0
0.0
0.0
0.0
5.0
0.0
0.0
0.0
0.0
0.0
0.0
0.0
0.0
0.0
36.0
10.0
0.0
0.0
0.0
175.0
0.0
0.0
0.0
0.0
0.0
0.0
0.0
112.0
0.0
0.0
0.0
0.0
0.0
0.0
25.0
0.0
0.0
122.0
53.0
0.0
0.0
193.0
0.0
0.0
0.0
0.0
178.0
0.0
0.0
13.0
89.0
0.0
0.0
198.0
5.0
472.0
43.0
0.0
0.0
0.0
122.0
5.0
0.0
0.0
0.0
119.0
18.0
0.0
0.0
300.0
76.0
0.0
0.0
0.0
18.0
79.0
36.0
61.0
0.0
0.0
0.0
3.0
8.0
3.0
0.0
0.0
0.0
13.0
0.0
3.0
51.0
30.0
94.0
0.0
41.0
89.0
69.0
0.0
0.0
15.0
74.0
3.0
0.0
0.0
391.0
0.0
0.0
264.0
46.0
0.0
0.0
0.0
0.0
0.0
191.0
0.0
0.0
0.0
64.0
0.0
0.0
0.0
0.0
0.0
0.0
0.0
0.0
46.0
36.0
74.0
0.0
112.0
0.0
198.0
0.0
0.0
157.0
0.0
0.0
0.0
0.0
13.0
0.0
0.0
0.0
0.0
0.0
0.0
0.0
0.0
0.0
0.0
0.0
0.0
0.0
0.0
109.0
0.0
0.0
0.0
0.0
0.0
168.0
0.0
0.0
0.0
0.0
0.0
0.0
0.0
0.0
0.0
0.0
0.0
221.0
0.0
0.0
0.0
0.0
0.0
0.0
13.0
117.0
5.0
0.0
0.0
0.0
0.0
0.0
0.0
0.0
48.0
25.0
0.0
0.0
0.0
0.0
0.0
0.0
69.0
0.0
0.0
0.0
0.0
0.0
0.0
0.0
170.0
0.0
254.0
0.0
0.0
0.0
0.0
132.0
0.0
0.0
0.0
0.0
391.0
0.0
0.0
0.0
0.0
0.0
0.0
0.0
0.0
0.0
0.0
0.0
0.0
0.0
0.0
0.0
0.0
0.0
0.0
0.0
0.0
0.0
0.0
0.0
0.0
0.0
0.0
0.0
0.0
0.0
0.0
0.0
0.0
0.0
152.0
610.0
292.0
33.0
0.0
0.0
226.0
56.0
0.0
30.0
38.0
0.0
0.0
0.0
0.0
0.0
0.0
257.0
0.0
0.0
56.0
0.0
0.0
0.0
41.0
0.0
0.0
0.0
135.0
0.0
0.0
0.0
0.0
0.0
0.0
0.0
0.0
0.0
0.0
0.0
51.0
0.0
0.0
38.0
0.0
0.0
43.0
0.0
0.0
0.0
0.0
267.0
0.0
0.0
0.0
0.0
0.0
0.0
0.0
0.0
0.0
0.0
0.0
0.0
0.0
0.0
0.0
798.0
97.0
0.0
0.0
0.0
0.0
0.0
0.0
0.0
0.0
0.0
8.0
107.0
0.0
0.0
0.0
0.0
0.0
0.0
0.0
13.0
0.0
41.0
0.0
0.0
0.0
0.0
0.0
0.0
0.0
0.0
0.0
0.0
0.0
23.0
107.0
74.0
13.0
0.0
0.0
0.0
0.0
137.0
51.0
114.0
3.0
0.0
0.0
0.0
0.0
0.0
0.0
0.0
0.0
0.0
0.0
99.0
8.0
97.0
0.0
0.0
107.0
0.0
0.0
0.0
0.0
112.0
0.0
0.0
0.0
28.0
15.0
0.0
0.0
0.0
0.0
0.0
0.0
0.0
0.0
0.0
97.0
114.0
127.0
0.0
0.0
358.0
0.0
0.0
0.0
109.0
13.0
0.0
0.0
0.0
0.0
76.0
0.0
48.0
0.0
0.0
0.0
267.0
315.0
41.0
0.0
0.0
0.0
0.0
0.0
0.0
0.0
0.0
0.0
0.0
0.0
0.0
0.0
0.0
0.0
0.0
0.0
0.0
51.0
0.0
102.0
25.0
74.0
0.0
0.0
0.0
0.0
157.0
152.0
0.0
0.0
683.0
0.0
0.0
0.0
0.0
0.0
0.0
0.0
0.0
0.0
0.0
0.0
0.0
0.0
0.0
0.0
0.0
0.0
0.0
0.0
0.0
51.0
173.0
0.0
0.0
0.0
0.0
0.0
18.0
0.0
0.0
43.0
0.0
10.0
0.0
0.0
0.0
0.0
0.0
0.0
0.0
0.0
23.0
340.0
46.0
124.0
0.0
0.0
0.0
0.0
25.0
152.0
0.0
0.0
0.0
0.0
0.0
0.0
0.0
0.0
0.0
152.0
0.0
127.0
0.0
102.0
229.0
0.0
51.0
0.0
0.0
152.0
279.0
0.0
533.0
0.0
0.0
0.0
0.0
0.0
0.0
112.0
0.0
0.0
0.0
0.0
0.0
0.0
0.0
0.0
0.0
0.0
0.0
0.0
0.0
302.0
0.0
0.0
0.0
0.0
0.0
0.0
0.0
0.0
0.0
0.0
0.0
0.0
0.0
0.0
0.0
0.0
0.0
378.0
384.0
0.0
53.0
0.0
0.0
0.0
0.0
0.0
0.0
0.0
0.0
0.0
0.0
0.0
0.0
0.0
0.0
0.0
0.0
0.0
0.0
0.0
168.0
0.0
0.0
0.0
0.0
0.0
0.0
0.0
0.0
79.0
0.0
0.0
0.0
0.0
0.0
0.0
0.0
0.0
361.0
64.0
0.0
0.0
0.0
0.0
15.0
0.0
0.0
0.0
0.0
0.0
0.0
0.0
51.0
48.0
0.0
422.0
0.0
81.0
358.0
0.0
0.0
0.0
175.0
0.0
0.0
0.0
0.0
0.0
0.0
191.0
0.0
292.0
0.0
0.0
0.0
0.0
0.0
0.0
152.0
23.0
0.0
127.0
0.0
0.0
127.0
0.0
0.0
0.0
0.0
0.0
0.0
0.0
0.0
0.0
0.0
0.0
0.0
203.0
109.0
0.0
0.0
20.0
0.0
0.0
0.0
0.0
5.0
28.0
0.0
0.0
0.0
363.0
10.0
0.0
0.0
0.0
0.0
23.0
404.0
104.0
0.0
0.0
0.0
0.0
15.0
0.0
0.0
0.0
0.0
23.0
277.0
0.0
338.0
0.0
5.0
5.0
0.0
267.0
620.0
104.0
33.0
229.0
0.0
0.0
0.0
15.0
0.0
0.0
81.0
0.0
0.0
3.0
0.0
0.0
0.0
0.0
0.0
0.0
206.0
409.0
102.0
0.0
0.0
0.0
0.0
0.0
0.0
0.0
0.0
51.0
0.0
0.0
10.0
0.0
0.0
0.0
0.0
0.0
20.0
0.0
0.0
99.0
305.0
0.0
0.0
18.0
38.0
0.0
0.0
99.0
361.0
0.0
0.0
0.0
36.0
18.0
0.0
0.0
18.0
396.0
0.0
0.0
0.0
25.0
0.0
0.0
0.0
0.0
0.0
8.0
0.0
0.0
0.0
0.0
15.0
0.0
0.0
0.0
152.0
0.0
0.0
0.0
0.0
0.0
0.0
0.0
0.0
0.0
0.0
0.0
81.0
81.0
0.0
0.0
0.0
0.0
0.0
0.0
0.0
0.0
15.0
0.0
15.0
33.0
114.0
0.0
0.0
0.0
0.0
8.0
0.0
0.0
0.0
8.0
0.0
284.0
0.0
13.0
46.0
46.0
0.0
0.0
0.0
0.0
0.0
0.0
0.0
0.0
0.0
114.0
0.0
0.0
0.0
0.0
0.0
257.0
0.0
150.0
25.0
0.0
130.0
0.0
0.0
0.0
0.0
0.0
0.0
0.0
0.0
61.0
0.0
86.0
0.0
0.0
0.0
0.0
0.0
0.0
0.0
0.0
0.0
51.0
0.0
0.0
5.0
13.0
0.0
0.0
117.0
0.0
203.0
10.0
51.0
0.0
0.0
84.0
0.0
0.0
0.0
0.0
0.0
0.0
0.0
0.0
0.0
0.0
0.0
0.0
137.0
0.0
0.0
0.0
0.0
0.0
0.0
475.0
0.0
56.0
81.0
0.0
239.0
0.0
69.0
0.0
0.0
38.0
0.0
0.0
0.0
0.0
0.0
0.0
0.0
112.0
0.0
0.0
0.0
0.0
0.0
0.0
0.0
0.0
0.0
0.0
0.0
0.0
0.0
0.0
0.0
262.0
183.0
0.0
137.0
0.0
66.0
99.0
0.0
0.0
0.0
0.0
0.0
0.0
0.0
0.0
0.0
0.0
0.0
0.0
0.0
91.0
112.0
584.0
665.0
8.0
0.0
0.0
0.0
0.0
386.0
64.0
0.0
0.0
0.0
0.0
0.0
0.0
51.0
183.0
290.0
25.0
0.0
0.0
0.0
0.0
0.0
0.0
0.0
0.0
0.0
0.0
0.0
0.0
0.0
0.0
0.0
0.0
0.0
0.0
0.0
0.0
0.0
196.0
0.0
0.0
0.0
0.0
0.0
0.0
0.0
0.0
0.0
0.0
0.0
0.0
0.0
0.0
0.0
0.0
0.0
28.0
264.0
422.0
762.0
0.0
307.0
0.0
0.0
0.0
208.0
0.0
310.0
422.0
0.0
434.0
0.0
0.0
0.0
0.0
0.0
0.0
0.0
0.0
43.0
0.0
457.0
0.0
0.0
0.0
257.0
0.0
0.0
0.0
0.0
0.0
0.0
0.0
0.0
533.0
0.0
0.0
0.0
312.0
279.0
53.0
0.0
0.0
0.0
8.0
0.0
0.0
305.0
51.0
0.0
0.0
0.0
0.0
0.0
36.0
0.0
0.0
0.0
0.0
0.0
0.0
0.0
23.0
0.0
0.0
69.0
114.0
25.0
0.0
51.0
0.0
0.0
0.0
0.0
107.0
0.0
0.0
0.0
0.0
0.0
0.0
599.0
0.0
0.0
0.0
0.0
0.0
30.0
467.0
406.0
0.0
0.0
0.0
0.0
0.0
0.0
15.0
0.0
0.0
0.0
0.0
0.0
0.0
0.0
13.0
0.0
0.0
0.0
0.0
0.0
28.0
0.0
0.0
0.0
871.0
0.0
0.0
0.0
0.0
0.0
0.0
0.0
0.0
0.0
0.0
566.0
64.0
38.0
0.0
0.0
0.0
0.0
107.0
0.0
0.0
0.0
25.0
0.0
0.0
0.0
0.0
0.0
523.0
5.0
0.0
33.0
0.0
0.0
8.0
676.0
0.0
0.0
0.0
0.0
0.0
15.0
23.0
0.0
0.0
193.0
0.0
0.0
0.0
0.0
0.0
0.0
74.0
180.0
0.0
0.0
0.0
0.0
0.0
0.0
0.0
0.0
13.0
0.0
0.0
0.0
147.0
0.0
0.0
0.0
0.0
0.0
0.0
0.0
0.0
0.0
0.0
0.0
0.0
36.0
51.0
0.0
0.0
0.0
0.0
0.0
0.0
0.0
221.0
0.0
0.0
0.0
0.0
226.0
0.0
0.0
0.0
0.0
0.0
0.0
0.0
30.0
363.0
0.0
0.0
0.0
51.0
36.0
224.0
0.0
0.0
630.0
0.0
0.0
0.0
0.0
0.0
0.0
0.0
0.0
0.0
351.0
0.0
5.0
307.0
114.0
264.0
25.0
0.0
0.0
0.0
0.0
198.0
104.0
41.0
20.0
0.0
0.0
0.0
0.0
0.0
0.0
0.0
0.0
0.0
122.0
0.0
0.0
0.0
0.0
0.0
91.0
0.0
0.0
0.0
0.0
0.0
0.0
0.0
0.0
0.0
0.0
127.0
0.0
0.0
0.0
0.0
0.0
0.0
0.0
0.0
0.0
0.0
0.0
0.0
0.0
178.0
0.0
0.0
0.0
0.0
0.0
0.0
0.0
0.0
0.0
5.0
102.0
74.0
0.0
23.0
NaN
NaN
NaN
0.0
3.0
NaN
3.0
0.0
0.0
0.0
0.0
0.0
0.0
0.0
0.0
0.0
0.0
0.0
0.0
0.0
0.0
0.0
0.0
0.0
0.0
0.0
0.0
165.0
191.0
0.0
0.0
25.0
10.0
0.0
0.0
43.0
0.0
0.0
38.0
445.0
5.0
0.0
0.0
0.0
0.0
0.0
0.0
0.0
5.0
0.0
0.0
0.0
0.0
76.0
0.0
3.0
66.0
0.0
0.0
0.0
0.0
0.0
234.0
0.0
0.0
0.0
0.0
0.0
0.0
8.0
0.0
33.0
145.0
0.0
51.0
0.0
310.0
147.0
0.0
0.0
0.0
0.0
20.0
0.0
102.0
0.0
0.0
20.0
0.0
0.0
0.0
0.0
0.0
0.0
86.0
112.0
13.0
20.0
13.0
0.0
0.0
340.0
0.0
0.0
0.0
38.0
0.0
0.0
0.0
0.0
0.0
0.0
0.0
0.0
30.0
51.0
0.0
0.0
0.0
0.0
0.0
0.0
0.0
0.0
0.0
94.0
0.0
0.0
0.0
0.0
0.0
0.0
0.0
0.0
0.0
0.0
0.0
254.0
91.0
0.0
0.0
25.0
0.0
0.0
0.0
0.0
89.0
0.0
0.0
76.0
112.0
0.0
0.0
18.0
102.0
89.0
0.0
0.0
97.0
0.0
0.0
0.0
20.0
173.0
0.0
76.0
338.0
0.0
5.0
0.0
0.0
0.0
521.0
0.0
0.0
213.0
241.0
0.0
10.0
10.0
0.0
20.0
0.0
0.0
0.0
86.0
0.0
0.0
122.0
198.0
0.0
0.0
10.0
10.0
0.0
0.0
0.0
0.0
0.0
0.0
5.0
10.0
0.0
0.0
30.0
0.0
5.0
3.0
0.0
0.0
0.0
0.0
0.0
0.0
20.0
0.0
353.0
0.0
53.0
0.0
0.0
0.0
0.0
0.0
0.0
0.0
0.0
0.0
61.0
0.0
0.0
0.0
0.0
0.0
310.0
84.0
0.0
0.0
0.0
0.0
0.0
0.0
0.0
15.0
20.0
0.0
0.0
0.0
206.0
0.0
0.0
498.0
0.0
0.0
0.0
0.0
0.0
0.0
0.0
0.0
76.0
0.0
147.0
97.0
0.0
0.0
0.0
0.0
0.0
