10.6935483871
9.33666666667
1.7
-3.57333333333
-15.1870967742
-20.5612903226
-12.8964285714
-9.51333333333
-1.5
4.21
9.50333333333
8.57419354839
10.7806451613
7.26666666667
1.61935483871
-1.07333333333
-11.2161290323
-11.3096774194
-10.0
-4.58064516129
0.913333333333
6.58709677419
11.9066666667
15.0225806452
14.7833333333
6.7275862069
1.35161290323
-3.44
-10.7322580645
NaN
NaN
NaN
NaN
4.92903225806
9.62666666667
NaN
11.9419354839
6.52666666667
2.50967741935
-1.43
-7.34838709677
-10.8838709677
-8.28965517241
0.0903225806452
-1.07333333333
6.25161290323
10.5433333333
15.1612903226
11.6870967742
6.11666666667
1.59677419355
-4.02
-6.55806451613
-12.5806451613
-13.6678571429
-9.76129032258
-2.18666666667
4.99032258065
10.7866666667
13.2483870968
11.7266666667
7.19
1.81290322581
-3.62666666667
-14.6806451613
-20.9
-21.2178571429
-14.7741935484
-2.12413793103
5.54666666667
12.39
12.0933333333
13.0838709677
8.35
2.67096774194
-6.63
-8.47419354839
-13.9548387097
-19.4071428571
-8.48709677419
-0.77
6.26333333333
10.37
13.5892857143
13.0161290323
12.18
3.02903225806
-0.720689655172
-2.33
-12.43
-9.73448275862
-3.88333333333
-0.975862068966
6.10322580645
11.3137931034
14.9096774194
15.5935483871
11.66
4.8
-0.61724137931
-8.69677419355
-9.62258064516
-8.90357142857
-6.28387096774
1.08666666667
5.65161290323
12.4633333333
14.2290322581
12.1193548387
NaN
NaN
