0.0
0.0
0.0
0.0
0.0
0.0
0.0
0.0
0.0
0.0
330.0
0.0
0.0
0.0
0.0
51.0
0.0
0.0
0.0
0.0
0.0
0.0
0.0
0.0
0.0
0.0
0.0
152.0
0.0
84.0
0.0
203.0
8.0
0.0
0.0
51.0
0.0
0.0
0.0
0.0
0.0
25.0
102.0
0.0
0.0
0.0
0.0
0.0
0.0
0.0
0.0
0.0
0.0
0.0
0.0
0.0
0.0
0.0
0.0
0.0
0.0
76.0
0.0
0.0
0.0
0.0
0.0
0.0
0.0
0.0
0.0
0.0
0.0
0.0
0.0
NaN
NaN
NaN
0.0
51.0
0.0
0.0
43.0
NaN
0.0
0.0
0.0
66.0
0.0
0.0
0.0
0.0
0.0
0.0
0.0
NaN
0.0
0.0
0.0
0.0
0.0
0.0
0.0
0.0
0.0
0.0
0.0
0.0
0.0
0.0
0.0
0.0
0.0
0.0
0.0
0.0
0.0
157.0
25.0
0.0
0.0
234.0
0.0
0.0
0.0
0.0
0.0
0.0
0.0
25.0
NaN
0.0
0.0
0.0
0.0
0.0
0.0
0.0
76.0
0.0
0.0
378.0
0.0
0.0
0.0
0.0
0.0
0.0
0.0
0.0
NaN
69.0
0.0
0.0
183.0
0.0
0.0
23.0
0.0
0.0
0.0
0.0
208.0
0.0
0.0
0.0
0.0
0.0
13.0
0.0
0.0
NaN
NaN
0.0
0.0
0.0
0.0
213.0
NaN
0.0
25.0
0.0
0.0
0.0
0.0
0.0
0.0
0.0
0.0
0.0
104.0
0.0
0.0
0.0
231.0
25.0
NaN
NaN
0.0
0.0
0.0
0.0
0.0
0.0
0.0
0.0
0.0
86.0
0.0
0.0
0.0
38.0
30.0
NaN
NaN
86.0
320.0
0.0
0.0
114.0
0.0
0.0
0.0
0.0
0.0
0.0
0.0
0.0
244.0
0.0
231.0
0.0
51.0
0.0
0.0
0.0
0.0
0.0
0.0
33.0
0.0
NaN
NaN
NaN
NaN
0.0
NaN
0.0
0.0
0.0
13.0
76.0
13.0
18.0
10.0
58.0
43.0
0.0
0.0
0.0
25.0
56.0
0.0
0.0
0.0
0.0
0.0
0.0
0.0
0.0
0.0
0.0
30.0
0.0
0.0
0.0
0.0
0.0
0.0
0.0
66.0
0.0
0.0
0.0
91.0
0.0
0.0
0.0
0.0
0.0
0.0
0.0
0.0
0.0
0.0
0.0
0.0
0.0
76.0
0.0
0.0
36.0
0.0
0.0
0.0
0.0
0.0
0.0
76.0
0.0
0.0
0.0
0.0
51.0
38.0
0.0
0.0
0.0
0.0
0.0
0.0
0.0
0.0
0.0
0.0
30.0
0.0
0.0
0.0
188.0
0.0
51.0
0.0
0.0
0.0
0.0
3.0
0.0
0.0
8.0
0.0
0.0
0.0
8.0
0.0
0.0
0.0
0.0
25.0
5.0
216.0
66.0
307.0
10.0
0.0
0.0
51.0
0.0
0.0
0.0
43.0
0.0
0.0
0.0
0.0
20.0
NaN
NaN
NaN
3.0
41.0
36.0
18.0
41.0
3.0
3.0
NaN
NaN
NaN
18.0
0.0
0.0
0.0
NaN
NaN
NaN
36.0
NaN
NaN
NaN
NaN
NaN
NaN
NaN
NaN
0.0
231.0
71.0
0.0
0.0
0.0
15.0
0.0
0.0
0.0
0.0
0.0
0.0
0.0
0.0
97.0
0.0
0.0
0.0
0.0
0.0
0.0
0.0
0.0
0.0
0.0
0.0
0.0
0.0
0.0
0.0
221.0
0.0
0.0
0.0
0.0
0.0
0.0
0.0
102.0
0.0
124.0
130.0
NaN
0.0
0.0
NaN
0.0
NaN
0.0
0.0
0.0
0.0
3.0
0.0
NaN
NaN
NaN
NaN
NaN
NaN
0.0
358.0
114.0
10.0
0.0
0.0
0.0
25.0
0.0
0.0
0.0
0.0
0.0
3.0
28.0
0.0
8.0
20.0
0.0
0.0
0.0
0.0
0.0
0.0
0.0
0.0
0.0
0.0
0.0
0.0
79.0
NaN
0.0
NaN
0.0
0.0
290.0
38.0
NaN
NaN
0.0
41.0
0.0
102.0
114.0
15.0
NaN
NaN
NaN
NaN
0.0
8.0
NaN
NaN
NaN
0.0
0.0
NaN
NaN
NaN
NaN
0.0
0.0
25.0
0.0
0.0
0.0
18.0
20.0
0.0
NaN
NaN
NaN
NaN
NaN
NaN
NaN
368.0
5.0
64.0
160.0
183.0
NaN
NaN
NaN
NaN
NaN
NaN
NaN
NaN
NaN
NaN
NaN
NaN
NaN
NaN
NaN
NaN
NaN
NaN
NaN
NaN
NaN
NaN
0.0
25.0
0.0
0.0
0.0
28.0
10.0
NaN
0.0
0.0
0.0
155.0
3.0
0.0
0.0
0.0
38.0
0.0
0.0
NaN
0.0
0.0
0.0
584.0
NaN
NaN
NaN
28.0
0.0
0.0
0.0
0.0
79.0
231.0
0.0
0.0
0.0
0.0
0.0
25.0
NaN
NaN
NaN
0.0
0.0
NaN
NaN
NaN
0.0
23.0
0.0
3.0
0.0
0.0
0.0
0.0
51.0
76.0
NaN
NaN
0.0
0.0
0.0
0.0
NaN
0.0
0.0
0.0
28.0
74.0
0.0
0.0
0.0
15.0
10.0
737.0
0.0
0.0
0.0
0.0
0.0
0.0
0.0
5.0
0.0
0.0
48.0
10.0
20.0
0.0
0.0
0.0
89.0
8.0
3.0
0.0
0.0
0.0
0.0
0.0
0.0
0.0
0.0
0.0
NaN
0.0
0.0
0.0
0.0
203.0
NaN
0.0
0.0
NaN
0.0
0.0
NaN
0.0
NaN
NaN
0.0
0.0
NaN
NaN
NaN
0.0
NaN
0.0
NaN
NaN
NaN
NaN
0.0
NaN
NaN
NaN
NaN
NaN
0.0
0.0
NaN
0.0
0.0
0.0
0.0
13.0
18.0
0.0
NaN
NaN
0.0
0.0
0.0
48.0
0.0
0.0
0.0
0.0
51.0
NaN
0.0
0.0
0.0
0.0
0.0
0.0
0.0
0.0
0.0
0.0
25.0
0.0
0.0
0.0
NaN
NaN
0.0
0.0
0.0
0.0
0.0
NaN
0.0
NaN
0.0
0.0
NaN
0.0
0.0
NaN
NaN
0.0
NaN
0.0
0.0
0.0
0.0
NaN
NaN
0.0
0.0
0.0
0.0
0.0
0.0
0.0
0.0
0.0
99.0
0.0
0.0
0.0
0.0
0.0
0.0
0.0
0.0
0.0
0.0
NaN
NaN
NaN
0.0
0.0
0.0
0.0
0.0
0.0
104.0
0.0
0.0
178.0
38.0
33.0
3.0
25.0
0.0
0.0
0.0
0.0
0.0
0.0
5.0
0.0
119.0
0.0
0.0
0.0
0.0
0.0
0.0
0.0
53.0
0.0
0.0
0.0
0.0
0.0
0.0
0.0
0.0
0.0
0.0
102.0
79.0
3.0
58.0
0.0
8.0
0.0
130.0
10.0
0.0
89.0
0.0
0.0
0.0
155.0
0.0
0.0
0.0
0.0
0.0
36.0
0.0
28.0
0.0
0.0
20.0
30.0
0.0
0.0
