49.0
NaN
NaN
565.0
1299.0
820.0
1120.0
371.0
541.0
125.0
183.0
NaN
150.0
138.0
NaN
491.0
473.0
1219.0
254.0
NaN
117.0
376.0
25.0
NaN
48.0
265.0
235.0
656.0
970.0
1551.0
224.0
1296.0
536.0
41.0
270.0
33.0
118.0
23.0
138.0
1923.0
NaN
1391.0
NaN
NaN
610.0
516.0
612.0
69.0
346.0
163.0
459.0
1390.0
417.0
965.0
NaN
745.0
688.0
1048.0
NaN
NaN
NaN
240.0
208.0
707.0
NaN
993.0
346.0
1012.0
513.0
286.0
139.0
38.0
18.0
198.0
150.0
275.0
1406.0
1082.0
434.0
NaN
129.0
207.0
181.0
NaN
10.0
NaN
147.0
1492.0
807.0
496.0
1352.0
1761.0
2653.0
1208.0
56.0
NaN
13.0
148.0
267.0
671.0
427.0
1232.0
127.0
154.0
1942.0
733.0
330.0
178.0
153.0
103.0
265.0
249.0
1156.0
2381.0
NaN
NaN
NaN
809.0
81.0
249.0
0.0
262.0
552.0
675.0
NaN
335.0
2513.0
1808.0
363.0
167.0
340.0
0.0
36.0
6.0
35.0
453.0
1656.0
1561.0
1931.0
607.0
478.0
610.0
28.0
63.0
232.0
175.0
341.0
1116.0
2910.0
621.0
926.0
292.0
1555.0
97.0
NaN
10.0
125.0
257.0
524.0
1823.0
505.0
673.0
560.0
876.0
1011.0
813.0
125.0
290.0
147.0
381.0
76.0
214.0
519.0
995.0
2220.0
678.0
910.0
107.0
13.0
59.0
51.0
379.0
65.0
301.0
1734.0
2016.0
805.0
818.0
247.0
640.0
224.0
6.0
84.0
180.0
35.0
217.0
735.0
1220.0
1894.0
648.0
836.0
449.0
456.0
639.0
172.0
38.0
77.0
69.0
605.0
778.0
674.0
NaN
NaN
496.0
61.0
432.0
25.0
371.0
94.0
692.0
1341.0
417.0
539.0
646.0
806.0
1007.0
53.0
426.0
142.0
279.0
872.0
448.0
358.0
490.0
507.0
806.0
980.0
304.0
452.0
89.0
63.0
215.0
458.0
712.0
876.0
1652.0
592.0
814.0
884.0
20.0
343.0
1061.0
48.0
99.0
376.0
547.0
810.0
2173.0
316.0
1100.0
401.0
301.0
3.0
145.0
222.0
NaN
353.0
578.0
1352.0
1361.0
1227.0
761.0
1809.0
239.0
109.0
137.0
430.0
104.0
169.0
719.0
713.0
907.0
231.0
803.0
277.0
277.0
211.0
221.0
104.0
26.0
256.0
1361.0
857.0
790.0
447.0
719.0
923.0
0.0
117.0
62.0
NaN
NaN
188.0
343.0
NaN
571.0
642.0
215.0
NaN
818.0
NaN
NaN
25.0
NaN
118.0
559.0
563.0
1427.0
592.0
566.0
241.0
806.0
733.0
NaN
25.0
76.0
330.0
1171.0
1459.0
483.0
1987.0
1386.0
368.0
NaN
267.0
341.0
82.0
82.0
239.0
888.0
1330.0
130.0
1333.0
582.0
1168.0
347.0
84.0
76.0
275.0
25.0
605.0
474.0
647.0
815.0
1318.0
617.0
466.0
84.0
528.0
10.0
141.0
38.0
318.0
753.0
1284.0
2312.0
364.0
NaN
1747.0
239.0
71.0
280.0
30.0
256.0
451.0
337.0
331.0
2235.0
1976.0
1499.0
742.0
68.0
0.0
633.0
61.0
84.0
301.0
NaN
809.0
NaN
593.0
1080.0
598.0
352.0
48.0
279.0
NaN
87.0
107.0
51.0
905.0
NaN
787.0
1502.0
907.0
173.0
364.0
206.0
93.0
204.0
892.0
1197.0
NaN
740.0
NaN
1384.0
NaN
18.0
NaN
90.0
13.0
NaN
221.0
20.0
1069.0
896.0
641.0
94.0
351.0
873.0
NaN
13.0
68.0
173.0
43.0
822.0
511.0
1003.0
NaN
188.0
923.0
1261.0
333.0
0.0
177.0
30.0
104.0
909.0
2270.0
NaN
241.0
919.0
467.0
762.0
439.0
NaN
114.0
135.0
389.0
133.0
613.0
795.0
439.0
264.0
1321.0
NaN
NaN
551.0
NaN
205.0
369.0
215.0
641.0
2111.0
783.0
NaN
599.0
341.0
122.0
158.0
31.0
61.0
717.0
609.0
NaN
287.0
1077.0
543.0
704.0
0.0
94.0
529.0
0.0
206.0
150.0
300.0
119.0
1055.0
90.0
314.0
743.0
330.0
553.0
137.0
21.0
229.0
155.0
705.0
1850.0
1296.0
173.0
645.0
256.0
NaN
305.0
84.0
320.0
331.0
46.0
163.0
620.0
447.0
107.0
304.0
312.0
3.0
0.0
254.0
383.0
43.0
451.0
331.0
NaN
1310.0
1011.0
537.0
320.0
587.0
31.0
25.0
181.0
394.0
213.0
517.0
929.0
939.0
1006.0
13.0
1384.0
0.0
132.0
18.0
66.0
250.0
165.0
172.0
NaN
1248.0
881.0
800.0
69.0
51.0
0.0
109.0
165.0
111.0
224.0
574.0
983.0
1529.0
328.0
665.0
56.0
274.0
260.0
249.0
326.0
226.0
89.0
951.0
708.0
984.0
726.0
36.0
1648.0
416.0
239.0
280.0
25.0
210.0
381.0
224.0
775.0
1297.0
134.0
832.0
1216.0
18.0
53.0
225.0
NaN
191.0
67.0
557.0
558.0
1179.0
1014.0
203.0
61.0
528.0
58.0
0.0
262.0
262.0
383.0
1348.0
1152.0
1112.0
746.0
709.0
376.0
231.0
227.0
75.0
129.0
180.0
412.0
929.0
1361.0
844.0
1264.0
385.0
914.0
0.0
185.0
229.0
10.0
38.0
550.0
236.0
1546.0
1311.0
330.0
338.0
1018.0
1093.0
635.0
13.0
125.0
58.0
123.0
853.0
719.0
2600.0
222.0
NaN
480.0
236.0
371.0
229.0
92.0
369.0
134.0
194.0
NaN
1553.0
953.0
698.0
450.0
223.0
435.0
371.0
330.0
0.0
536.0
467.0
904.0
1629.0
546.0
1123.0
788.0
295.0
25.0
73.0
158.0
209.0
191.0
305.0
907.0
597.0
1821.0
589.0
137.0
271.0
157.0
25.0
94.0
421.0
485.0
956.0
1115.0
1038.0
551.0
1633.0
465.0
461.0
115.0
234.0
NaN
267.0
299.0
815.0
1072.0
589.0
1175.0
1701.0
204.0
25.0
43.0
477.0
224.0
389.0
165.0
1196.0
551.0
828.0
285.0
618.0
312.0
262.0
396.0
317.0
54.0
203.0
240.0
492.0
806.0
697.0
208.0
1474.0
279.0
470.0
10.0
28.0
78.0
238.0
30.0
190.0
1144.0
1342.0
1214.0
85.0
437.0
84.0
30.0
246.0
288.0
175.0
59.0
419.0
799.0
786.0
476.0
966.0
254.0
549.0
164.0
53.0
36.0
26.0
600.0
652.0
920.0
2136.0
1392.0
1065.0
868.0
444.0
133.0
96.0
71.0
386.0
302.0
1114.0
575.0
607.0
2247.0
231.0
333.0
0.0
163.0
0.0
79.0
140.0
795.0
508.0
1609.0
659.0
337.0
1547.0
473.0
394.0
46.0
102.0
219.0
186.0
389.0
628.0
1407.0
1361.0
336.0
678.0
422.0
96.0
158.0
205.0
13.0
168.0
179.0
465.0
875.0
637.0
761.0
458.0
652.0
101.0
111.0
219.0
30.0
650.0
430.0
169.0
798.0
542.0
1734.0
437.0
769.0
398.0
13.0
196.0
166.0
43.0
277.0
610.0
471.0
820.0
729.0
1095.0
1018.0
28.0
43.0
63.0
26.0
293.0
445.0
1487.0
1898.0
2198.0
710.0
685.0
NaN
52.0
87.0
110.0
132.0
387.0
271.0
414.0
2201.0
1861.0
1059.0
350.0
2259.0
86.0
37.0
123.0
103.0
433.0
158.0
292.0
368.0
1588.0
1138.0
1616.0
536.0
249.0
23.0
179.0
87.0
18.0
15.0
384.0
800.0
3155.0
559.0
741.0
408.0
521.0
38.0
189.0
54.0
62.0
447.0
812.0
432.0
1366.0
679.0
658.0
695.0
1375.0
195.0
620.0
210.0
603.0
37.0
85.0
762.0
919.0
816.0
1315.0
422.0
1001.0
15.0
298.0
26.0
45.0
120.0
662.0
962.0
334.0
699.0
826.0
1457.0
628.0
147.0
71.0
154.0
802.0
271.0
276.0
1323.0
1980.0
1001.0
140.0
320.0
564.0
530.0
142.0
16.0
51.0
148.0
641.0
2403.0
563.0
1049.0
307.0
1054.0
364.0
526.0
610.0
315.0
146.0
1511.0
310.0
1843.0
521.0
1024.0
457.0
1404.0
325.0
654.0
346.0
157.0
33.0
140.0
387.0
526.0
594.0
129.0
766.0
58.0
440.0
35.0
350.0
331.0
130.0
231.0
853.0
634.0
1892.0
498.0
419.0
282.0
25.0
985.0
69.0
94.0
247.0
819.0
511.0
885.0
597.0
621.0
271.0
614.0
64.0
20.0
46.0
97.0
183.0
722.0
953.0
1479.0
425.0
910.0
1347.0
476.0
547.0
414.0
100.0
38.0
360.0
164.0
1699.0
691.0
527.0
1009.0
780.0
188.0
155.0
298.0
287.0
229.0
116.0
1124.0
827.0
1071.0
837.0
643.0
348.0
384.0
841.0
500.0
125.0
116.0
225.0
398.0
404.0
426.0
826.0
871.0
1506.0
175.0
421.0
56.0
64.0
18.0
71.0
703.0
168.0
984.0
790.0
723.0
2166.0
587.0
349.0
940.0
181.0
248.0
142.0
632.0
442.0
2195.0
786.0
2365.0
1112.0
516.0
1014.0
517.0
452.0
201.0
148.0
1213.0
434.0
900.0
2768.0
526.0
327.0
649.0
472.0
1250.0
174.0
56.0
681.0
663.0
1727.0
1454.0
1361.0
758.0
559.0
63.0
1124.0
224.0
353.0
71.0
48.0
340.0
1331.0
1080.0
1060.0
633.0
558.0
1301.0
295.0
192.0
109.0
0.0
293.0
757.0
894.0
710.0
1450.0
1094.0
1491.0
1179.0
1063.0
44.0
163.0
24.0
176.0
2225.0
158.0
1123.0
457.0
717.0
1826.0
689.0
158.0
382.0
204.0
177.0
51.0
0.0
623.0
677.0
681.0
609.0
435.0
1284.0
10.0
359.0
302.0
262.0
181.0
137.0
79.0
505.0
977.0
358.0
772.0
1249.0
266.0
5.0
147.0
92.0
117.0
736.0
144.0
1631.0
2353.0
1330.0
476.0
189.0
361.0
431.0
277.0
160.0
44.0
599.0
617.0
1495.0
763.0
292.0
215.0
614.0
354.0
746.0
305.0
345.0
342.0
711.0
290.0
932.0
866.0
1724.0
982.0
428.0
1062.0
392.0
257.0
379.0
321.0
401.0
962.0
880.0
1711.0
2470.0
974.0
640.0
354.0
186.0
150.0
258.0
234.0
0.0
687.0
343.0
1412.0
1386.0
818.0
920.0
379.0
442.0
349.0
134.0
156.0
858.0
690.0
1641.0
536.0
280.0
401.0
1128.0
211.0
161.0
92.0
293.0
11.0
167.0
439.0
1395.0
903.0
818.0
1290.0
704.0
38.0
1046.0
73.0
37.0
134.0
18.0
701.0
584.0
965.0
323.0
631.0
1004.0
782.0
21.0
122.0
123.0
71.0
872.0
938.0
628.0
1455.0
1196.0
511.0
86.0
726.0
653.0
71.0
122.0
260.0
236.0
1251.0
857.0
2645.0
823.0
547.0
108.0
31.0
145.0
62.0
36.0
382.0
326.0
414.0
876.0
616.0
387.0
281.0
302.0
645.0
562.0
196.0
277.0
265.0
132.0
951.0
1539.0
268.0
267.0
483.0
762.0
229.0
628.0
19.0
147.0
8.0
291.0
531.0
897.0
649.0
475.0
952.0
483.0
759.0
59.0
8.0
130.0
213.0
92.0
1176.0
1135.0
995.0
485.0
312.0
1057.0
247.0
221.0
34.0
156.0
363.0
840.0
656.0
1451.0
477.0
1011.0
211.0
673.0
185.0
586.0
31.0
221.0
303.0
389.0
1121.0
1001.0
1172.0
396.0
504.0
460.0
481.0
289.0
168.0
89.0
33.0
957.0
847.0
249.0
1019.0
615.0
1269.0
1445.0
328.0
85.0
704.0
193.0
244.0
794.0
1142.0
1802.0
772.0
966.0
1690.0
912.0
1205.0
10.0
524.0
55.0
129.0
226.0
814.0
2803.0
1185.0
674.0
561.0
856.0
1550.0
289.0
319.0
116.0
249.0
127.0
446.0
236.0
1447.0
754.0
1324.0
552.0
940.0
200.0
455.0
132.0
198.0
384.0
462.0
534.0
3128.0
750.0
361.0
574.0
151.0
100.0
81.0
NaN
NaN
NaN
NaN
NaN
NaN
NaN
NaN
NaN
NaN
NaN
NaN
NaN
NaN
160.0
567.0
1174.0
401.0
13.0
152.0
127.0
197.0
179.0
309.0
126.0
173.0
534.0
1288.0
1971.0
985.0
549.0
812.0
323.0
1450.0
247.0
16.0
37.0
112.0
56.0
794.0
230.0
2433.0
280.0
1150.0
558.0
282.0
124.0
336.0
55.0
194.0
36.0
710.0
999.0
1363.0
816.0
842.0
959.0
151.0
601.0
454.0
195.0
308.0
420.0
1423.0
1105.0
181.0
895.0
862.0
990.0
393.0
224.0
198.0
313.0
124.0
391.0
1163.0
1138.0
408.0
408.0
2203.0
