-7.72666666667
-0.323076923077
5.56
13.4633333333
19.2258064516
28.59
30.7161290323
28.4034482759
25.5466666667
17.5741935484
NaN
NaN
NaN
NaN
NaN
NaN
NaN
NaN
NaN
NaN
NaN
NaN
NaN
NaN
NaN
NaN
NaN
NaN
NaN
NaN
NaN
31.4677419355
NaN
NaN
NaN
3.66666666667
4.08571428571
4.81851851852
6.96896551724
20.5933333333
28.2966666667
29.3586206897
31.2193548387
30.9064516129
22.2896551724
16.0233333333
8.16153846154
3.77333333333
-0.378571428571
2.45185185185
7.23
15.5392857143
24.3870967742
29.6533333333
34.3935483871
27.6483870968
29.58
21.8866666667
9.228
-0.439285714286
1.18620689655
0.735714285714
10.6612903226
14.1466666667
21.7233333333
28.1466666667
30.8677419355
28.2967741935
26.0833333333
14.4806451613
6.40357142857
-0.267741935484
-0.158064516129
-2.56666666667
3.06451612903
17.7566666667
22.9032258065
28.89
29.8225806452
31.2580645161
23.9
20.1741935484
11.6379310345
1.68387096774
2.65161290323
-1.12857142857
2.69677419355
16.6366666667
24.3870967742
26.3533333333
30.0129032258
32.2129032258
25.85
22.6612903226
NaN
NaN
0.0709677419355
-3.98928571429
5.64193548387
15.4413793103
21.7903225806
29.94
34.7741935484
29.0516129032
24.87
19.6709677419
7.95666666667
-1.08064516129
0.41935483871
-1.67142857143
9.13870967742
15.92
22.9806451613
24.5333333333
28.5870967742
25.6838709677
20.9666666667
17.4806451613
12.0866666667
-0.370967741935
-0.696774193548
-0.242857142857
10.335483871
15.6833333333
23.1483870968
24.2733333333
28.9774193548
25.9516129032
23.15
16.6032258065
7.11333333333
-2.18709677419
-4.57741935484
-3.31379310345
6.31290322581
11.8866666667
21.8838709677
26.4633333333
28.4516129032
25.8419354839
23.0033333333
16.735483871
10.7366666667
0.596774193548
-3.44838709677
-3.95
9.96774193548
15.0266666667
21.0064516129
26.7933333333
27.4677419355
28.3838709677
24.57
16.5096774194
9.39666666667
2.72258064516
2.95483870968
1.42857142857
1.78709677419
17.3633333333
22.5258064516
26.9233333333
29.3838709677
29.7290322581
25.6666666667
15.8258064516
7.63666666667
2.65806451613
1.08064516129
1.21071428571
11.2064516129
10.2033333333
17.8516129032
24.83
27.9677419355
26.4129032258
21.71
15.0580645161
8.08666666667
2.57741935484
1.32258064516
-0.210344827586
9.16774193548
15.8266666667
20.9709677419
25.9833333333
28.7903225806
27.9870967742
26.9466666667
17.8774193548
10.57
2.67419354839
1.49032258065
3.89285714286
5.80322580645
12.8
20.5225806452
25.42
27.7709677419
29.3774193548
22.0966666667
14.6548387097
13.43
-3.59677419355
-1.39677419355
-0.671428571429
15.2903225806
17.2233333333
18.3580645161
27.52
31.2161290323
28.5709677419
22.31
18.9967741935
5.44333333333
-1.02580645161
1.52580645161
3.21428571429
9.23548387097
13.0266666667
25.535483871
28.5733333333
29.9225806452
26.9
23.55
14.9290322581
5.49
3.61935483871
-8.6
-3.01379310345
1.89677419355
15.5724137931
22.2225806452
25.5
28.2967741935
25.8258064516
23.6833333333
17.56
9.86333333333
4.37096774194
NaN
-0.160714285714
6.52580645161
16.87
21.0193548387
28.5933333333
30.2129032258
28.7451612903
23.4266666667
15.7483870968
12.15
4.84516129032
2.66774193548
-3.46071428571
6.70322580645
16.0275862069
23.0580645161
26.79
30.5419354839
28.9612903226
23.2066666667
19.1806451613
11.0933333333
-1.98387096774
-2.72903225806
3.84642857143
5.35483870968
20.6566666667
18.2580645161
24.4433333333
25.9903225806
23.664516129
23.48
18.3
10.4133333333
-0.138709677419
1.68709677419
-1.05862068966
5.80322580645
14.9866666667
21.5903225806
22.7266666667
32.7935483871
30.7193548387
22.8766666667
17.0322580645
9.89666666667
-0.238709677419
-1.23548387097
-2.78571428571
8.40322580645
12.82
18.0709677419
23.76
28.1903225806
26.5516129032
21.85
10.6
9.33
-2.61612903226
-8.01290322581
1.41428571429
12.0774193548
12.3333333333
24.4451612903
26.2066666667
27.8548387097
29.335483871
19.66
18.3774193548
9.13
4.00384615385
1.75666666667
2.56785714286
8.49677419355
15.18
19.9387096774
28.3533333333
31.6290322581
28.3548387097
25.5266666667
18.2838709677
6.74
-3.68064516129
NaN
0.151724137931
9.37419354839
11.2166666667
20.2870967742
26.7933333333
28.5290322581
27.3419354839
25.37
20.8677419355
7.70333333333
2.82903225806
3.08709677419
3.7
13.9580645161
18.3633333333
23.8032258065
29.7333333333
33.6161290323
27.7387096774
25.4133333333
17.1483870968
7.05333333333
2.63548387097
0.345161290323
3.2
8.12258064516
15.12
24.0483870968
28.1766666667
28.5161290323
29.1258064516
26.3166666667
19.235483871
9.84333333333
2.39677419355
1.74838709677
-1.77857142857
5.28709677419
15.3533333333
21.2612903226
28.1266666667
30.3129032258
26.864516129
23.0166666667
15.3774193548
9.16
6.54516129032
-2.74193548387
0.589655172414
3.90967741935
14.79
18.3612903226
24.13
26.7612903226
26.1387096774
19.4966666667
20.5612903226
9.85666666667
-1.54516129032
-0.754838709677
3.98571428571
10.1096774194
19.4966666667
20.5096774194
27.77
28.7387096774
29.635483871
26.2566666667
10.6064516129
7.56333333333
-1.05161290323
1.04516129032
2.37857142857
3.8935483871
12.0566666667
23.2903225806
24.5133333333
28.2032258065
28.1741935484
21.67
15.0709677419
6.16333333333
0.0677419354839
-0.967741935484
5.21428571429
10.0193548387
14.3566666667
19.4935483871
24.27
28.9709677419
25.9161290323
26.3566666667
19.8322580645
10.67
1.31612903226
0.425806451613
3.30344827586
8.41935483871
13.67
23.2096774194
24.48
29.2838709677
29.1225806452
22.9133333333
18.6258064516
9.01
3.52903225806
-3.05161290323
-1.55714285714
11.7258064516
16.11
20.4903225806
25.2
29.4741935484
27.7612903226
24.1266666667
15.6096774194
6.44333333333
0.932258064516
-3.1
7.72857142857
8.04838709677
17.2266666667
21.7225806452
26.3633333333
30.5322580645
29.1774193548
24.61
15.4838709677
10.3566666667
1.77096774194
2.61111111111
5.94814814815
NaN
17.3
19.9935483871
28.79
31.6709677419
29.8129032258
27.2033333333
18.9193548387
13.5466666667
5.62580645161
3.29677419355
5.85172413793
2.91935483871
15.2033333333
23.1516129032
28.2033333333
30.9225806452
29.5322580645
23.9866666667
16.5935483871
7.19
NaN
6.2
1.58571428571
6.42580645161
14.4666666667
21.1451612903
32.5033333333
30.9870967742
28.6516129032
27.5566666667
16.7774193548
8.90333333333
2.90322580645
3.02903225806
-0.514285714286
5.6064516129
17.4833333333
27.6322580645
30.9333333333
32.2193548387
28.4580645161
22.6933333333
19.1032258065
11.3266666667
-0.654838709677
0.145161290323
1.48928571429
10.7290322581
13.4133333333
17.4
24.54
31.5516129032
28.7258064516
25.1133333333
17.7451612903
7.31666666667
-0.741935483871
-4.00967741935
-5.37586206897
9.48064516129
13.6633333333
25.335483871
27.6466666667
35.7935483871
32.1258064516
24.9066666667
17.0096774194
7.59
4.65483870968
0.774193548387
0.935714285714
5.31935483871
13.87
22.2032258065
25.8833333333
31.1935483871
32.1129032258
24.83
15.5774193548
8.47666666667
-0.232258064516
-0.3
4.78214285714
12.3451612903
15.7366666667
21.7419354839
25.7366666667
29.8193548387
30.5580645161
24.11
21.164516129
11.7666666667
2.39677419355
2.93225806452
1.80714285714
9.71612903226
13.48
24.8741935484
27.92
30.4258064516
29.3677419355
29.22
19.0096774194
9.32333333333
5.52258064516
-4.95806451613
1.62413793103
4.31612903226
14.17
19.0
26.9233333333
31.2096774194
28.7838709677
24.99
20.2129032258
8.37333333333
4.01290322581
1.37741935484
0.707142857143
5.39677419355
18.65
25.0483870968
26.8966666667
29.8967741935
29.5677419355
26.5533333333
17.8193548387
10.2433333333
5.08387096774
0.2
-0.360714285714
9.57096774194
19.1433333333
22.1290322581
27.0
29.7870967742
27.8548387097
22.4433333333
17.6387096774
10.2966666667
-1.14516129032
-0.467741935484
3.13214285714
6.17741935484
14.23
18.9838709677
28.24
30.1483870968
28.9774193548
22.0833333333
17.7548387097
6.3
2.25161290323
4.88064516129
2.40689655172
4.47419354839
13.1666666667
24.0483870968
28.6066666667
30.5483870968
30.1548387097
25.07
19.09
9.93333333333
-1.55483870968
-3.35806451613
1.59285714286
15.9466666667
15.76
18.4709677419
24.9766666667
28.5129032258
28.2806451613
22.4866666667
16.7966666667
8.64666666667
-2.55333333333
1.24838709677
3.03928571429
14.4064516129
17.8233333333
20.1870967742
26.1466666667
30.1032258065
27.1161290323
25.61
21.9064516129
10.46
4.63548387097
2.11935483871
-2.47857142857
4.29032258065
14.89
19.1322580645
25.58
28.1620689655
32.5774193548
24.8933333333
22.8290322581
5.47666666667
3.23225806452
-2.37419354839
1.52413793103
7.59677419355
18.34
19.9870967742
26.1666666667
29.2387096774
28.964516129
25.2433333333
16.7419354839
10.1066666667
2.74838709677
1.25161290323
1.12857142857
7.79677419355
15.6266666667
22.8806451613
29.4448275862
30.8741935484
29.3806451613
21.5966666667
20.88
10.08
4.24333333333
4.24193548387
0.632142857143
4.66774193548
11.0366666667
22.3967741935
26.1344827586
28.364516129
26.9096774194
23.2566666667
20.5870967742
5.70689655172
-3.12903225806
-1.41935483871
1.00714285714
6.16774193548
13.5333333333
23.1129032258
24.7633333333
28.1612903226
26.2032258065
NaN
18.3870967742
4.88
0.58064516129
1.38064516129
3.94137931034
5.76129032258
17.1366666667
20.764516129
28.5833333333
30.0032258065
27.5419354839
24.8933333333
16.0
10.9333333333
2.44193548387
1.16774193548
4.75185185185
7.97419354839
13.28
22.0225806452
29.03
29.8580645161
30.0096774194
26.11
21.7322580645
11.2166666667
3.29677419355
1.17741935484
6.99285714286
6.07741935484
17.4966666667
19.5838709677
29.0733333333
29.8193548387
26.9516129032
25.88
17.0387096774
9.58
2.12333333333
-0.838709677419
1.44642857143
8.27741935484
19.87
23.5516129032
25.1233333333
31.8612903226
30.4064516129
25.7033333333
18.5967741935
6.85666666667
0.570967741935
1.48387096774
1.95172413793
7.54193548387
15.3133333333
22.3580645161
29.1066666667
27.4633333333
28.3
25.5666666667
22.7129032258
9.57
3.21935483871
-3.32580645161
4.18928571429
7.79032258065
14.8833333333
20.1290322581
26.6
29.6322580645
28.1387096774
23.2233333333
16.3225806452
8.68333333333
5.10322580645
-1.1064516129
-3.29285714286
6.25483870968
16.2133333333
23.6225806452
23.29
27.1161290323
28.6935483871
24.5333333333
20.2064516129
11.02
-1.88064516129
-3.61612903226
0.178571428571
8.0
15.4266666667
24.3032258065
28.3666666667
29.0870967742
29.9516129032
25.5233333333
14.6483870968
4.80333333333
5.04838709677
0.364516129032
-0.706896551724
0.561290322581
17.2466666667
20.1129032258
25.2266666667
28.3612903226
28.4612903226
25.6066666667
18.4225806452
10.28
NaN
-0.806451612903
5.17857142857
8.92258064516
11.94
20.0
27.2266666667
27.8612903226
28.1709677419
25.36
17.8225806452
8.92666666667
0.158064516129
-4.46774193548
0.2
4.80322580645
15.7566666667
24.7709677419
28.0
26.5161290323
29.1935483871
23.5966666667
19.1903225806
9.94333333333
0.0548387096774
-6.77741935484
-2.51785714286
9.96451612903
17.63
20.9709677419
28.8566666667
28.9387096774
27.1774193548
24.7566666667
24.0322580645
11.8733333333
-4.13548387097
2.75161290323
2.49655172414
7.31290322581
16.0033333333
24.7612903226
28.53
29.2
27.1225806452
24.3166666667
17.1516129032
11.4233333333
0.329032258065
-0.390322580645
1.01071428571
1.73548387097
14.12
24.564516129
27.26
29.2
25.9806451613
22.4233333333
17.2580645161
9.43793103448
5.21935483871
-4.09032258065
1.325
8.83870967742
12.7366666667
18.5032258065
27.4333333333
31.0096774194
27.0096774194
23.2333333333
17.0483870968
9.82
0.248387096774
1.69
-2.20714285714
7.01666666667
15.4793103448
18.7612903226
27.5966666667
27.3483870968
25.9516129032
23.7233333333
15.9612903226
6.07
2.38709677419
-1.23870967742
0.320689655172
11.6483870968
17.1034482759
19.7096774194
27.46
28.5967741935
28.7064516129
24.3533333333
18.0451612903
7.83666666667
1.16774193548
-2.63870967742
1.78571428571
6.67419354839
16.6166666667
21.5935483871
24.1866666667
28.3774193548
29.2451612903
23.9666666667
16.4580645161
7.31
0.461290322581
-5.96129032258
0.778571428571
5.46451612903
15.8733333333
23.1548387097
27.24
30.264516129
28.8322580645
24.82
18.0258064516
7.79
2.92258064516
-3.21935483871
1.33214285714
5.6064516129
15.9233333333
21.7451612903
30.67
28.1709677419
28.7933333333
26.73
22.1032258065
10.0766666667
4.70967741935
-1.92258064516
0.348275862069
6.22666666667
13.5933333333
23.4935483871
25.86
28.2225806452
27.4419354839
23.7
15.5935483871
6.05666666667
-0.312903225806
2.22580645161
1.83928571429
11.5967741935
14.59
19.3193548387
28.1233333333
30.2064516129
29.7838709677
24.4
20.3225806452
10.0333333333
1.7
-0.622580645161
2.13571428571
7.99032258065
17.1633333333
19.7709677419
25.1466666667
30.3935483871
27.4548387097
23.5862068966
19.0322580645
10.0366666667
2.18709677419
2.54482758621
1.175
5.99
13.6966666667
25.9032258065
NaN
28.9806451613
28.8258064516
21.83
19.664516129
12.7481481481
1.95
-3.22142857143
5.93793103448
9.42413793103
17.06
19.6064516129
27.9733333333
30.0612903226
27.5032258065
23.68
14.1741935484
5.02
-2.25666666667
-8.00967741935
1.08214285714
10.9548387097
19.4266666667
26.7225806452
26.6
30.0903225806
26.4032258065
22.9666666667
15.95
8.35666666667
-0.825806451613
-4.82580645161
-3.4
4.63870967742
15.6633333333
20.5032258065
25.9344827586
26.5166666667
27.5096774194
27.2366666667
16.4064516129
9.05
-0.0741935483871
-6.85333333333
-4.70357142857
6.6935483871
12.4266666667
22.2870967742
27.1866666667
28.1967741935
26.6129032258
NaN
NaN
NaN
NaN
NaN
NaN
NaN
NaN
23.2193548387
26.08
30.3064516129
28.6322580645
NaN
15.0709677419
9.11333333333
NaN
-0.158064516129
2.79642857143
9.67419354839
17.35
19.8387096774
27.0166666667
27.2
26.9709677419
22.6333333333
15.8129032258
9.73666666667
0.458064516129
-5.41290322581
-0.746428571429
6.27419354839
13.11
25.0322580645
24.8166666667
29.0433333333
26.5387096774
23.0966666667
19.0451612903
8.95666666667
5.81935483871
0.561290322581
3.67142857143
8.23225806452
12.0833333333
18.8322580645
27.9965517241
NaN
30.9677419355
24.7689655172
17.4612903226
10.0766666667
-5.72258064516
-3.1064516129
5.78275862069
2.69032258065
13.6833333333
20.2967741935
28.1933333333
28.39
30.6518518519
24.228
NaN
NaN
NaN
-4.23225806452
-1.48571428571
9.57096774194
18.0733333333
23.87
25.5566666667
28.8419354839
26.564516129
24.37
17.3967741935
6.83
-2.85
0.0161290322581
-0.6
10.5838709677
18.4344827586
22.1774193548
26.5033333333
29.8129032258
NaN
NaN
NaN
NaN
NaN
0.0666666666667
5.81071428571
10.4483870968
17.21
24.8806451613
28.8333333333
NaN
27.1821428571
24.06
14.5322580645
10.7466666667
3.21612903226
-2.03225806452
-0.1
8.84838709677
15.6466666667
25.1387096774
30.2566666667
32.5419354839
30.8096774194
26.01
14.1903225806
9.56666666667
2.92258064516
4.62580645161
-1.90714285714
7.83548387097
15.04
21.5419354839
26.6533333333
29.6433333333
27.4322580645
22.9333333333
18.5161290323
8.15333333333
-3.38333333333
5.35161290323
4.35357142857
9.90967741935
NaN
19.435483871
27.55
27.635483871
27.4290322581
24.8833333333
17.5935483871
11.9833333333
2.34516129032
-1.56666666667
3.69642857143
9.97741935484
17.8137931034
25.9096774194
30.2366666667
31.4322580645
30.1806451613
24.7
17.4838709677
6.42333333333
3.39032258065
1.81
4.325
8.57419354839
13.9925925926
22.0612903226
26.4466666667
26.5612903226
25.7655172414
22.7620689655
16.2193548387
6.43571428571
1.12666666667
NaN
0.238461538462
NaN
13.4655172414
22.835483871
25.6392857143
28.635483871
27.7387096774
20.0366666667
16.4866666667
7.72666666667
1.33870967742
-4.97741935484
-0.103703703704
8.93870967742
16.97
22.5677419355
28.4766666667
28.4
25.7161290323
24.6633333333
17.8709677419
11.3137931034
4.82580645161
-1.07333333333
1.08928571429
10.2225806452
13.6518518519
20.5548387097
28.4666666667
30.6774193548
31.2064516129
23.07
18.3387096774
5.81071428571
1.29655172414
-0.937037037037
2.71785714286
5.6064516129
15.0551724138
19.4290322581
27.09
27.0666666667
28.7129032258
24.1724137931
17.9516129032
4.68666666667
1.51935483871
-2.2935483871
1.84444444444
8.64516129032
14.3733333333
19.0032258065
27.7966666667
29.6516129032
26.8741935484
24.8482758621
18.5774193548
6.46
2.69032258065
2.17096774194
7.76071428571
8.42857142857
15.8833333333
25.3741935484
26.9533333333
29.5387096774
28.9290322581
27.0
18.8387096774
11.5066666667
6.26
-0.703448275862
5.81428571429
7.94193548387
16.624137931
23.7064516129
27.88
31.7838709677
26.9838709677
25.0866666667
18.3967741935
14.02
3.40666666667
0.3
6.24827586207
13.6419354839
16.05
23.3161290323
25.86
27.7580645161
28.6290322581
24.7178571429
20.05
7.20344827586
-3.7064516129
0.0838709677419
1.81481481481
7.38387096774
19.3866666667
22.8
26.6866666667
31.0419354839
29.6290322581
23.3533333333
16.8258064516
15.1433333333
4.89666666667
4.6
5.5037037037
8.15
15.4965517241
19.8533333333
28.7366666667
31.7
29.6967741935
27.7466666667
15.3258064516
7.7
3.44838709677
-1.70322580645
1.17777777778
9.44838709677
17.4413793103
20.9225806452
26.26
28.4419354839
29.0433333333
23.6413793103
17.5774193548
10.2166666667
3.31
-2.93870967742
2.65172413793
10.4333333333
NaN
NaN
25.6766666667
27.4290322581
24.8709677419
26.0666666667
17.6516129032
10.5666666667
2.11612903226
-0.258064516129
4.26785714286
7.11290322581
18.1766666667
20.7333333333
30.21
30.1548387097
29.1193548387
27.2366666667
18.1516129032
10.6866666667
-2.02580645161
5.32258064516
2.875
8.40967741935
18.5733333333
21.0516129032
26.23
30.1967741935
27.8064516129
22.1833333333
14.5935483871
10.0566666667
4.6064516129
0.643333333333
-4.49642857143
11.6838709677
14.8733333333
24.964516129
27.78
28.4161290323
28.3225806452
26.76
20.5322580645
8.35333333333
1.05666666667
-0.0322580645161
-1.72068965517
6.07333333333
15.9586206897
20.0161290323
27.3166666667
28.6064516129
27.9
23.9233333333
16.7903225806
8.52333333333
-1.00333333333
-4.95161290323
2.42142857143
10.5379310345
14.72
21.6333333333
25.93
25.6290322581
25.7310344828
24.0233333333
13.3419354839
12.5033333333
0.141935483871
-2.94666666667
-0.0642857142857
11.2838709677
20.1533333333
22.464516129
26.9533333333
29.8774193548
29.3774193548
24.0033333333
19.8548387097
10.6833333333
-2.12580645161
NaN
NaN
NaN
NaN
NaN
NaN
NaN
NaN
NaN
NaN
10.6866666667
4.68064516129
2.49032258065
4.17931034483
17.035483871
15.55
24.5935483871
28.53
33.3612903226
28.6612903226
24.2066666667
16.1096774194
8.86666666667
5.38387096774
1.67741935484
-0.332142857143
3.27419354839
13.3933333333
22.3966666667
25.6666666667
27.6483870968
28.0548387097
25.2833333333
17.0096774194
7.18
-0.91935483871
-5.33870967742
-5.07857142857
3.37666666667
15.3366666667
21.3548387097
26.96
25.7903225806
27.7612903226
23.3666666667
16.1935483871
4.67
3.14193548387
-2.15161290323
-4.99642857143
6.69677419355
16.8133333333
22.0322580645
25.1666666667
27.3322580645
26.8612903226
26.3166666667
17.9935483871
11.27
7.18709677419
-1.16774193548
3.14285714286
11.1516129032
15.0366666667
21.0741935484
27.5333333333
28.3870967742
28.8
25.9433333333
18.8806451613
13.15
-0.822580645161
1.20322580645
7.91785714286
8.06774193548
17.1866666667
19.8419354839
27.84
28.1580645161
26.464516129
NaN
NaN
