574.0
760.0
1240.0
507.0
630.0
1026.0
NaN
NaN
NaN
135.0
407.0
410.0
519.0
867.0
862.0
774.0
339.0
359.0
1031.0
529.0
30.0
110.0
406.0
408.0
733.0
1111.0
1042.0
842.0
873.0
305.0
337.0
354.0
73.0
310.0
152.0
367.0
598.0
580.0
1135.0
960.0
602.0
1057.0
813.0
381.0
184.0
267.0
203.0
419.0
312.0
442.0
687.0
461.0
426.0
1265.0
716.0
172.0
13.0
228.0
187.0
492.0
249.0
3061.0
1875.0
2083.0
945.0
1715.0
355.0
602.0
813.0
16.0
152.0
427.0
883.0
1641.0
530.0
2052.0
1206.0
424.0
376.0
13.0
216.0
127.0
177.0
553.0
483.0
840.0
851.0
628.0
468.0
699.0
594.0
25.0
563.0
120.0
247.0
429.0
593.0
1868.0
1181.0
717.0
1082.0
NaN
834.0
605.0
143.0
410.0
276.0
1023.0
306.0
1263.0
900.0
842.0
584.0
1109.0
515.0
693.0
345.0
378.0
86.0
482.0
216.0
533.0
1562.0
1836.0
1323.0
952.0
170.0
190.0
244.0
76.0
233.0
341.0
492.0
1981.0
1541.0
969.0
801.0
348.0
645.0
387.0
305.0
486.0
166.0
787.0
2395.0
1068.0
1571.0
494.0
2083.0
604.0
264.0
1820.0
312.0
534.0
191.0
38.0
418.0
739.0
221.0
31.0
1222.0
554.0
136.0
55.0
102.0
216.0
582.0
155.0
807.0
1204.0
549.0
736.0
1337.0
977.0
1263.0
229.0
1125.0
50.0
76.0
280.0
315.0
789.0
589.0
1290.0
1280.0
708.0
597.0
203.0
285.0
208.0
182.0
1240.0
569.0
1406.0
689.0
969.0
652.0
877.0
1231.0
374.0
95.0
463.0
101.0
352.0
830.0
1210.0
2526.0
807.0
518.0
2004.0
1001.0
140.0
199.0
NaN
966.0
127.0
396.0
2373.0
1180.0
1514.0
688.0
1026.0
643.0
483.0
342.0
570.0
166.0
322.0
807.0
1083.0
1432.0
675.0
665.0
1696.0
661.0
307.0
323.0
177.0
279.0
178.0
881.0
1132.0
1320.0
907.0
638.0
1020.0
706.0
51.0
117.0
172.0
79.0
221.0
628.0
1986.0
1425.0
1451.0
1078.0
848.0
637.0
495.0
251.0
107.0
665.0
770.0
1015.0
549.0
2011.0
505.0
452.0
1117.0
987.0
795.0
115.0
101.0
77.0
962.0
861.0
981.0
939.0
912.0
1471.0
693.0
762.0
957.0
430.0
221.0
331.0
261.0
880.0
2076.0
471.0
316.0
1816.0
1934.0
632.0
330.0
64.0
267.0
734.0
345.0
716.0
1325.0
402.0
1429.0
541.0
652.0
713.0
919.0
101.0
254.0
166.0
635.0
567.0
418.0
1321.0
722.0
1746.0
1470.0
158.0
109.0
339.0
163.0
432.0
697.0
413.0
644.0
1142.0
952.0
2654.0
781.0
234.0
319.0
470.0
38.0
147.0
248.0
417.0
607.0
1954.0
958.0
1020.0
NaN
453.0
335.0
272.0
269.0
160.0
117.0
399.0
611.0
267.0
1045.0
859.0
NaN
NaN
NaN
NaN
76.0
101.0
NaN
790.0
1687.0
443.0
627.0
349.0
1671.0
573.0
394.0
331.0
18.0
574.0
NaN
427.0
NaN
NaN
NaN
2641.0
1320.0
1034.0
NaN
NaN
498.0
285.0
391.0
1002.0
925.0
321.0
491.0
431.0
1193.0
382.0
285.0
71.0
311.0
103.0
219.0
780.0
1153.0
1496.0
293.0
544.0
551.0
673.0
566.0
38.0
127.0
97.0
509.0
593.0
816.0
787.0
440.0
1409.0
1996.0
315.0
1489.0
465.0
706.0
252.0
590.0
551.0
1446.0
1530.0
815.0
1352.0
815.0
421.0
445.0
495.0
210.0
127.0
1049.0
267.0
1192.0
161.0
2044.0
275.0
990.0
616.0
102.0
201.0
236.0
46.0
399.0
269.0
287.0
679.0
912.0
1093.0
1463.0
470.0
1319.0
155.0
284.0
300.0
424.0
715.0
539.0
1353.0
444.0
627.0
558.0
1109.0
706.0
323.0
233.0
428.0
444.0
247.0
786.0
325.0
305.0
1551.0
2172.0
448.0
300.0
161.0
440.0
279.0
441.0
621.0
897.0
1106.0
305.0
966.0
752.0
671.0
180.0
NaN
NaN
91.0
774.0
1104.0
1430.0
2201.0
1034.0
1093.0
2160.0
269.0
1019.0
204.0
299.0
454.0
219.0
421.0
1115.0
1168.0
810.0
950.0
348.0
432.0
54.0
110.0
178.0
324.0
332.0
519.0
621.0
534.0
2254.0
1831.0
417.0
557.0
818.0
366.0
382.0
117.0
497.0
392.0
2306.0
1295.0
127.0
104.0
1557.0
1433.0
256.0
454.0
191.0
243.0
734.0
239.0
1448.0
1858.0
1894.0
836.0
1341.0
NaN
826.0
298.0
293.0
125.0
721.0
187.0
1237.0
1312.0
1075.0
2055.0
891.0
615.0
231.0
76.0
322.0
351.0
633.0
639.0
1640.0
1135.0
986.0
1101.0
629.0
94.0
390.0
188.0
180.0
401.0
778.0
1049.0
1199.0
1313.0
744.0
818.0
1040.0
63.0
684.0
434.0
675.0
152.0
911.0
117.0
622.0
1351.0
298.0
694.0
1788.0
834.0
371.0
155.0
NaN
NaN
NaN
NaN
NaN
NaN
NaN
409.0
NaN
NaN
NaN
NaN
0.0
NaN
353.0
NaN
NaN
NaN
524.0
987.0
655.0
818.0
673.0
476.0
366.0
259.0
555.0
290.0
370.0
951.0
400.0
215.0
455.0
192.0
104.0
257.0
308.0
501.0
285.0
692.0
1839.0
1248.0
1234.0
419.0
1354.0
302.0
82.0
331.0
175.0
556.0
571.0
1683.0
722.0
1656.0
864.0
1500.0
65.0
998.0
379.0
249.0
374.0
61.0
593.0
NaN
1445.0
783.0
1450.0
1249.0
147.0
0.0
286.0
132.0
28.0
266.0
429.0
616.0
512.0
1126.0
732.0
1187.0
214.0
170.0
382.0
270.0
28.0
40.0
166.0
1078.0
780.0
969.0
920.0
841.0
875.0
682.0
46.0
73.0
102.0
59.0
179.0
952.0
1290.0
428.0
531.0
452.0
504.0
681.0
156.0
135.0
166.0
56.0
465.0
579.0
914.0
1191.0
1203.0
578.0
510.0
464.0
445.0
132.0
112.0
69.0
217.0
404.0
937.0
984.0
757.0
804.0
661.0
418.0
732.0
228.0
151.0
13.0
34.0
348.0
317.0
895.0
1503.0
1070.0
653.0
56.0
311.0
91.0
118.0
326.0
524.0
114.0
1786.0
1288.0
377.0
1508.0
865.0
327.0
661.0
298.0
111.0
175.0
NaN
1041.0
1078.0
394.0
286.0
1450.0
521.0
752.0
142.0
153.0
69.0
249.0
824.0
392.0
460.0
424.0
2674.0
552.0
1171.0
1319.0
190.0
128.0
28.0
221.0
64.0
411.0
558.0
236.0
1642.0
1353.0
552.0
531.0
NaN
NaN
203.0
165.0
310.0
678.0
945.0
NaN
NaN
NaN
NaN
NaN
NaN
NaN
NaN
NaN
264.0
NaN
1364.0
757.0
277.0
1093.0
1778.0
63.0
301.0
310.0
149.0
536.0
545.0
934.0
1246.0
955.0
1128.0
900.0
2496.0
272.0
374.0
485.0
318.0
351.0
661.0
626.0
751.0
1458.0
1957.0
411.0
102.0
539.0
84.0
167.0
518.0
228.0
361.0
496.0
966.0
1841.0
617.0
730.0
412.0
646.0
82.0
305.0
196.0
29.0
306.0
1199.0
901.0
1653.0
1817.0
1061.0
1143.0
998.0
229.0
596.0
449.0
8.0
214.0
933.0
1127.0
3200.0
1542.0
29.0
1419.0
1029.0
82.0
524.0
52.0
57.0
584.0
381.0
1137.0
686.0
1208.0
727.0
1707.0
1476.0
606.0
303.0
201.0
604.0
351.0
292.0
1281.0
1594.0
670.0
224.0
457.0
697.0
897.0
302.0
123.0
162.0
406.0
524.0
1246.0
950.0
1900.0
986.0
2493.0
959.0
173.0
476.0
300.0
315.0
712.0
925.0
1669.0
935.0
641.0
543.0
1276.0
471.0
655.0
427.0
163.0
200.0
345.0
789.0
1366.0
1401.0
664.0
480.0
366.0
704.0
586.0
381.0
347.0
198.0
735.0
879.0
986.0
1135.0
529.0
1508.0
165.0
5.0
1062.0
280.0
44.0
278.0
852.0
1845.0
594.0
470.0
407.0
379.0
163.0
373.0
25.0
125.0
148.0
239.0
964.0
787.0
692.0
918.0
1867.0
1888.0
989.0
755.0
330.0
262.0
288.0
142.0
147.0
1175.0
585.0
1717.0
1395.0
380.0
1357.0
421.0
750.0
225.0
359.0
156.0
624.0
889.0
1336.0
1304.0
1173.0
2347.0
184.0
783.0
544.0
184.0
440.0
173.0
124.0
482.0
709.0
1179.0
600.0
3514.0
945.0
549.0
85.0
120.0
36.0
536.0
117.0
1776.0
1063.0
1439.0
1561.0
2034.0
816.0
519.0
424.0
343.0
601.0
53.0
703.0
590.0
1991.0
935.0
1137.0
874.0
941.0
899.0
859.0
987.0
241.0
435.0
771.0
1009.0
2732.0
1098.0
825.0
886.0
1565.0
936.0
1241.0
288.0
114.0
231.0
575.0
1270.0
986.0
958.0
625.0
396.0
525.0
1277.0
697.0
590.0
209.0
373.0
860.0
828.0
489.0
615.0
279.0
1212.0
1706.0
554.0
830.0
484.0
176.0
326.0
499.0
1210.0
875.0
488.0
1148.0
1086.0
1161.0
1023.0
433.0
214.0
113.0
0.0
797.0
571.0
641.0
656.0
941.0
1687.0
430.0
106.0
740.0
604.0
285.0
173.0
408.0
613.0
272.0
336.0
721.0
905.0
851.0
222.0
836.0
211.0
167.0
95.0
438.0
951.0
786.0
686.0
565.0
459.0
957.0
976.0
192.0
94.0
157.0
137.0
1158.0
893.0
1094.0
1376.0
2399.0
2063.0
452.0
566.0
228.0
528.0
203.0
59.0
940.0
2270.0
1379.0
1292.0
859.0
916.0
1027.0
676.0
1725.0
480.0
305.0
214.0
881.0
746.0
676.0
572.0
1787.0
599.0
1606.0
282.0
1422.0
519.0
359.0
422.0
683.0
1370.0
965.0
2587.0
1584.0
3803.0
528.0
520.0
143.0
205.0
627.0
394.0
46.0
676.0
636.0
2244.0
1913.0
747.0
926.0
617.0
699.0
251.0
177.0
13.0
557.0
1305.0
903.0
1114.0
1081.0
1081.0
599.0
455.0
533.0
99.0
797.0
23.0
523.0
503.0
1416.0
1555.0
296.0
873.0
478.0
742.0
1025.0
472.0
497.0
434.0
826.0
465.0
1285.0
1868.0
1322.0
1222.0
584.0
963.0
44.0
203.0
267.0
668.0
948.0
1144.0
1211.0
2684.0
299.0
1752.0
457.0
2084.0
229.0
75.0
468.0
178.0
264.0
1514.0
2112.0
901.0
4508.0
927.0
261.0
160.0
448.0
331.0
355.0
382.0
194.0
568.0
1323.0
2067.0
912.0
1464.0
472.0
528.0
1019.0
1126.0
363.0
637.0
79.0
824.0
1591.0
598.0
787.0
770.0
NaN
13.0
482.0
125.0
38.0
323.0
361.0
1314.0
586.0
1657.0
797.0
1192.0
64.0
99.0
0.0
0.0
224.0
NaN
264.0
516.0
1589.0
1402.0
1047.0
246.0
866.0
165.0
1011.0
147.0
94.0
423.0
1258.0
147.0
2616.0
1159.0
3003.0
645.0
995.0
802.0
802.0
173.0
406.0
94.0
320.0
583.0
845.0
2450.0
1037.0
1955.0
1735.0
127.0
358.0
292.0
178.0
101.0
360.0
1614.0
482.0
843.0
899.0
497.0
1197.0
343.0
513.0
721.0
220.0
860.0
650.0
1126.0
1328.0
1114.0
1602.0
3665.0
559.0
1496.0
0.0
725.0
138.0
249.0
284.0
2415.0
1025.0
3221.0
679.0
653.0
805.0
511.0
514.0
635.0
226.0
213.0
409.0
1266.0
1620.0
1334.0
852.0
656.0
458.0
1465.0
142.0
293.0
211.0
216.0
384.0
1230.0
1003.0
2672.0
1647.0
832.0
841.0
122.0
NaN
668.0
208.0
323.0
641.0
845.0
1206.0
941.0
909.0
693.0
680.0
195.0
381.0
523.0
241.0
200.0
513.0
1227.0
1028.0
422.0
246.0
765.0
499.0
922.0
320.0
392.0
287.0
445.0
354.0
1789.0
2043.0
1282.0
433.0
481.0
397.0
365.0
NaN
NaN
158.0
370.0
556.0
1547.0
790.0
3159.0
366.0
1435.0
933.0
574.0
202.0
412.0
183.0
109.0
261.0
999.0
1178.0
1087.0
722.0
793.0
838.0
452.0
793.0
398.0
244.0
213.0
1108.0
411.0
790.0
1728.0
2717.0
2575.0
2837.0
728.0
355.0
559.0
645.0
528.0
793.0
913.0
1443.0
2383.0
2266.0
292.0
NaN
NaN
