117.0
1700.0
2194.0
678.0
1143.0
243.0
545.0
937.0
812.0
15.0
356.0
153.0
909.0
1108.0
279.0
788.0
531.0
661.0
0.0
495.0
88.0
609.0
63.0
115.0
320.0
499.0
942.0
1199.0
849.0
588.0
177.0
479.0
202.0
51.0
0.0
203.0
316.0
249.0
1198.0
1591.0
819.0
1399.0
215.0
394.0
459.0
269.0
61.0
330.0
343.0
1057.0
244.0
869.0
3047.0
723.0
1780.0
429.0
86.0
51.0
20.0
160.0
271.0
432.0
1154.0
829.0
534.0
276.0
1771.0
443.0
153.0
140.0
249.0
51.0
165.0
681.0
370.0
1442.0
1797.0
928.0
1186.0
112.0
90.0
799.0
3.0
191.0
990.0
630.0
2513.0
965.0
1387.0
1470.0
965.0
0.0
64.0
64.0
89.0
203.0
356.0
890.0
826.0
NaN
831.0
488.0
216.0
NaN
13.0
38.0
224.0
152.0
559.0
318.0
2252.0
1095.0
728.0
984.0
2112.0
452.0
1252.0
25.0
102.0
295.0
254.0
632.0
1493.0
1385.0
305.0
NaN
2090.0
915.0
135.0
249.0
51.0
234.0
127.0
NaN
1121.0
1027.0
1652.0
279.0
404.0
150.0
133.0
177.0
48.0
342.0
337.0
970.0
2084.0
1052.0
922.0
598.0
208.0
884.0
269.0
216.0
104.0
383.0
205.0
690.0
1291.0
1833.0
1731.0
363.0
1454.0
486.0
1105.0
251.0
186.0
33.0
15.0
249.0
685.0
447.0
1316.0
921.0
525.0
198.0
41.0
3.0
89.0
246.0
49.0
737.0
572.0
1217.0
323.0
879.0
649.0
856.0
107.0
478.0
158.0
109.0
364.0
546.0
1106.0
830.0
1283.0
699.0
969.0
521.0
279.0
86.0
11.0
183.0
236.0
1401.0
1651.0
301.0
458.0
421.0
296.0
126.0
77.0
38.0
124.0
116.0
228.0
432.0
1532.0
879.0
698.0
320.0
1711.0
188.0
0.0
145.0
198.0
622.0
254.0
388.0
997.0
1385.0
1483.0
717.0
1228.0
274.0
380.0
112.0
356.0
34.0
199.0
424.0
1392.0
896.0
1019.0
284.0
874.0
361.0
198.0
224.0
216.0
93.0
283.0
976.0
678.0
950.0
942.0
536.0
364.0
74.0
140.0
176.0
326.0
215.0
211.0
324.0
1974.0
1233.0
497.0
614.0
239.0
531.0
422.0
94.0
43.0
495.0
295.0
NaN
NaN
NaN
1873.0
444.0
584.0
713.0
925.0
234.0
35.0
44.0
1003.0
1259.0
1046.0
866.0
721.0
1148.0
607.0
361.0
NaN
253.0
38.0
145.0
110.0
294.0
1387.0
431.0
731.0
1306.0
436.0
368.0
69.0
51.0
112.0
137.0
317.0
889.0
584.0
605.0
813.0
833.0
795.0
427.0
1093.0
71.0
145.0
26.0
213.0
819.0
1477.0
1495.0
532.0
1428.0
1866.0
180.0
64.0
71.0
353.0
150.0
363.0
278.0
359.0
1358.0
683.0
1530.0
795.0
376.0
18.0
440.0
89.0
20.0
31.0
610.0
165.0
1496.0
752.0
127.0
618.0
274.0
153.0
160.0
378.0
25.0
107.0
86.0
728.0
910.0
962.0
1051.0
1725.0
188.0
458.0
297.0
5.0
291.0
458.0
1959.0
987.0
960.0
455.0
457.0
1128.0
299.0
46.0
167.0
10.0
426.0
364.0
224.0
1080.0
675.0
1163.0
757.0
471.0
727.0
521.0
169.0
306.0
512.0
392.0
620.0
293.0
411.0
477.0
510.0
741.0
492.0
102.0
77.0
358.0
142.0
51.0
570.0
1536.0
770.0
92.0
622.0
426.0
274.0
739.0
104.0
89.0
10.0
171.0
377.0
695.0
763.0
336.0
488.0
730.0
341.0
1043.0
426.0
718.0
332.0
465.0
689.0
1187.0
911.0
994.0
835.0
619.0
254.0
323.0
198.0
99.0
21.0
582.0
308.0
348.0
554.0
1326.0
665.0
1029.0
193.0
48.0
374.0
99.0
66.0
288.0
500.0
183.0
2024.0
1186.0
586.0
917.0
313.0
334.0
257.0
137.0
290.0
254.0
1021.0
775.0
1028.0
907.0
416.0
705.0
464.0
251.0
243.0
380.0
605.0
104.0
209.0
802.0
544.0
132.0
803.0
582.0
304.0
78.0
307.0
427.0
41.0
604.0
645.0
974.0
508.0
186.0
881.0
480.0
679.0
56.0
114.0
137.0
333.0
266.0
842.0
1041.0
963.0
1257.0
343.0
2533.0
167.0
248.0
149.0
247.0
333.0
399.0
320.0
968.0
909.0
731.0
839.0
85.0
269.0
25.0
94.0
48.0
225.0
612.0
1101.0
253.0
1649.0
796.0
1614.0
556.0
744.0
435.0
134.0
238.0
209.0
257.0
993.0
762.0
1365.0
519.0
498.0
1797.0
742.0
460.0
211.0
66.0
150.0
857.0
109.0
873.0
1191.0
861.0
633.0
727.0
79.0
61.0
254.0
105.0
168.0
213.0
255.0
780.0
1503.0
1348.0
190.0
295.0
343.0
261.0
0.0
338.0
272.0
375.0
743.0
1471.0
976.0
1075.0
1236.0
592.0
125.0
298.0
38.0
178.0
418.0
445.0
652.0
1559.0
1858.0
1504.0
1369.0
431.0
51.0
58.0
349.0
36.0
191.0
582.0
257.0
1024.0
1035.0
283.0
1032.0
1795.0
786.0
529.0
140.0
NaN
0.0
83.0
NaN
NaN
NaN
33.0
NaN
NaN
NaN
NaN
0.0
0.0
NaN
58.0
NaN
NaN
NaN
930.0
968.0
129.0
650.0
368.0
303.0
269.0
48.0
947.0
259.0
1356.0
995.0
1262.0
517.0
2140.0
467.0
0.0
122.0
221.0
203.0
367.0
137.0
768.0
2452.0
1499.0
537.0
427.0
370.0
125.0
93.0
43.0
670.0
773.0
1262.0
1175.0
1288.0
902.0
2308.0
1414.0
534.0
94.0
200.0
448.0
185.0
343.0
242.0
986.0
1072.0
1517.0
1044.0
218.0
0.0
13.0
244.0
178.0
148.0
516.0
949.0
900.0
1500.0
1126.0
892.0
310.0
160.0
520.0
521.0
36.0
566.0
552.0
662.0
866.0
1652.0
346.0
737.0
520.0
629.0
94.0
45.0
71.0
269.0
74.0
902.0
213.0
528.0
733.0
274.0
386.0
394.0
64.0
116.0
154.0
NaN
NaN
357.0
702.0
238.0
477.0
709.0
105.0
128.0
346.0
97.0
129.0
132.0
470.0
434.0
727.0
1360.0
1079.0
1073.0
940.0
697.0
703.0
70.0
51.0
231.0
170.0
717.0
815.0
403.0
753.0
117.0
199.0
0.0
269.0
54.0
53.0
242.0
323.0
304.0
2059.0
624.0
373.0
1372.0
679.0
719.0
459.0
351.0
206.0
61.0
280.0
856.0
1546.0
729.0
191.0
1930.0
820.0
231.0
218.0
140.0
0.0
171.0
509.0
198.0
693.0
1403.0
651.0
860.0
580.0
548.0
88.0
74.0
26.0
413.0
575.0
629.0
1083.0
1379.0
1326.0
714.0
855.0
250.0
25.0
20.0
129.0
92.0
288.0
174.0
348.0
1026.0
772.0
915.0
578.0
156.0
0.0
81.0
36.0
32.0
369.0
801.0
1241.0
565.0
916.0
906.0
1384.0
104.0
33.0
188.0
45.0
386.0
455.0
874.0
1233.0
858.0
669.0
385.0
2244.0
140.0
121.0
107.0
117.0
216.0
320.0
132.0
459.0
1120.0
718.0
1040.0
462.0
472.0
13.0
203.0
144.0
56.0
38.0
283.0
886.0
2175.0
256.0
806.0
161.0
254.0
5.0
115.0
55.0
22.0
99.0
808.0
734.0
688.0
937.0
1069.0
1234.0
1446.0
117.0
582.0
426.0
340.0
951.0
257.0
796.0
1558.0
866.0
1112.0
684.0
675.0
63.0
292.0
86.0
30.0
415.0
354.0
592.0
236.0
481.0
160.0
1369.0
771.0
246.0
156.0
122.0
523.0
155.0
396.0
692.0
2340.0
590.0
176.0
259.0
809.0
547.0
203.0
105.0
178.0
169.0
882.0
1472.0
942.0
1588.0
496.0
488.0
356.0
450.0
577.0
171.0
111.0
844.0
326.0
762.0
566.0
1703.0
195.0
1047.0
554.0
NaN
195.0
51.0
16.0
429.0
547.0
863.0
1492.0
237.0
1346.0
285.0
337.0
134.0
157.0
509.0
85.0
457.0
1243.0
813.0
1312.0
256.0
1263.0
306.0
61.0
622.0
8.0
46.0
224.0
646.0
332.0
623.0
244.0
348.0
269.0
336.0
135.0
5.0
102.0
59.0
111.0
1149.0
642.0
1131.0
971.0
758.0
444.0
905.0
794.0
655.0
424.0
91.0
252.0
101.0
693.0
916.0
452.0
2525.0
1169.0
706.0
225.0
243.0
210.0
376.0
96.0
879.0
576.0
1369.0
722.0
590.0
1641.0
956.0
1213.0
519.0
32.0
99.0
167.0
214.0
272.0
856.0
392.0
608.0
1626.0
739.0
333.0
5.0
76.0
64.0
114.0
463.0
161.0
610.0
1339.0
966.0
730.0
218.0
608.0
338.0
232.0
587.0
74.0
272.0
234.0
1402.0
434.0
1206.0
430.0
670.0
1171.0
506.0
678.0
109.0
229.0
1080.0
719.0
1309.0
2410.0
245.0
110.0
768.0
526.0
1135.0
245.0
89.0
358.0
422.0
1750.0
1186.0
2027.0
798.0
570.0
292.0
1300.0
178.0
348.0
61.0
13.0
524.0
1911.0
852.0
889.0
130.0
3167.0
1038.0
272.0
259.0
168.0
20.0
19.0
536.0
1147.0
573.0
827.0
613.0
477.0
1549.0
789.0
244.0
53.0
65.0
89.0
1172.0
97.0
1025.0
188.0
1041.0
601.0
530.0
158.0
268.0
154.0
165.0
63.0
185.0
717.0
488.0
608.0
243.0
2124.0
1027.0
61.0
436.0
NaN
193.0
68.0
199.0
308.0
130.0
280.0
1362.0
252.0
785.0
0.0
23.0
0.0
323.0
NaN
580.0
424.0
1336.0
1055.0
561.0
1042.0
147.0
516.0
64.0
NaN
5.0
89.0
654.0
805.0
596.0
1320.0
623.0
733.0
NaN
140.0
1043.0
184.0
NaN
54.0
360.0
762.0
577.0
918.0
1701.0
1106.0
782.0
1207.0
324.0
225.0
NaN
250.0
40.0
1111.0
752.0
786.0
1079.0
788.0
336.0
460.0
289.0
165.0
162.0
89.0
0.0
725.0
378.0
968.0
594.0
779.0
899.0
124.0
300.0
272.0
51.0
56.0
685.0
843.0
1229.0
716.0
656.0
1100.0
906.0
226.0
110.0
21.0
247.0
3.0
302.0
129.0
881.0
1845.0
1289.0
1100.0
NaN
332.0
NaN
NaN
NaN
130.0
64.0
NaN
NaN
NaN
NaN
360.0
NaN
NaN
NaN
60.0
165.0
175.0
1608.0
902.0
1013.0
1097.0
613.0
NaN
181.0
947.0
414.0
30.0
152.0
110.0
297.0
1044.0
485.0
1566.0
1145.0
208.0
275.0
181.0
51.0
35.0
137.0
244.0
273.0
361.0
974.0
547.0
293.0
712.0
316.0
538.0
160.0
225.0
279.0
125.0
172.0
1366.0
845.0
NaN
NaN
NaN
683.0
168.0
585.0
46.0
13.0
NaN
NaN
NaN
1012.0
999.0
NaN
NaN
834.0
519.0
38.0
3.0
69.0
229.0
433.0
796.0
823.0
1238.0
391.0
541.0
1104.0
195.0
150.0
14.0
168.0
NaN
703.0
1075.0
2272.0
644.0
861.0
906.0
2257.0
443.0
543.0
38.0
132.0
249.0
205.0
725.0
1022.0
1900.0
315.0
340.0
1498.0
616.0
334.0
297.0
43.0
178.0
710.0
1036.0
277.0
900.0
41.0
2166.0
1084.0
237.0
127.0
546.0
147.0
5.0
827.0
1113.0
926.0
263.0
0.0
2576.0
1386.0
1593.0
0.0
155.0
0.0
223.0
51.0
535.0
1525.0
1499.0
1047.0
554.0
838.0
1289.0
196.0
474.0
160.0
132.0
366.0
365.0
531.0
1278.0
1894.0
869.0
343.0
1322.0
61.0
462.0
263.0
206.0
514.0
697.0
376.0
2383.0
2130.0
788.0
1042.0
265.0
123.0
211.0
407.0
417.0
159.0
971.0
1382.0
1981.0
432.0
574.0
219.0
432.0
16.0
284.0
130.0
594.0
142.0
712.0
1668.0
204.0
137.0
569.0
374.0
429.0
196.0
365.0
86.0
413.0
521.0
1402.0
2415.0
1013.0
609.0
1230.0
150.0
906.0
127.0
28.0
89.0
194.0
152.0
452.0
273.0
3889.0
333.0
1450.0
795.0
348.0
117.0
203.0
217.0
343.0
86.0
429.0
899.0
862.0
1541.0
3071.0
721.0
397.0
1052.0
841.0
148.0
341.0
648.0
1277.0
1900.0
810.0
518.0
772.0
1029.0
553.0
436.0
1298.0
397.0
0.0
NaN
529.0
1192.0
361.0
381.0
1529.0
NaN
