27.9321428571
29.464516129
27.9724137931
24.2366666667
16.0466666667
5.81923076923
3.53333333333
-1.96
-3.68571428571
4.19259259259
15.3785714286
21.7161290323
27.4933333333
27.1129032258
27.064516129
24.2133333333
13.0064516129
6.95
1.13103448276
-0.873333333333
NaN
1.57419354839
16.824137931
23.5290322581
25.0766666667
26.064516129
24.8387096774
18.9533333333
12.6193548387
8.23571428571
1.2
-0.957692307692
-0.123076923077
5.6
NaN
19.9964285714
NaN
30.135483871
26.1
26.0620689655
NaN
NaN
NaN
NaN
NaN
NaN
NaN
NaN
NaN
NaN
NaN
NaN
NaN
NaN
NaN
NaN
NaN
NaN
NaN
NaN
NaN
NaN
NaN
NaN
NaN
NaN
NaN
NaN
NaN
NaN
NaN
NaN
NaN
NaN
NaN
NaN
NaN
NaN
NaN
NaN
NaN
NaN
NaN
NaN
NaN
NaN
NaN
NaN
NaN
5.58571428571
0.0612903225806
NaN
-1.524
10.0548387097
NaN
NaN
NaN
NaN
NaN
NaN
NaN
NaN
NaN
NaN
NaN
NaN
NaN
NaN
NaN
NaN
NaN
NaN
NaN
NaN
NaN
NaN
NaN
NaN
NaN
NaN
NaN
NaN
NaN
NaN
NaN
NaN
NaN
NaN
NaN
NaN
NaN
NaN
NaN
NaN
NaN
24.7866666667
16.7935483871
8.76896551724
3.00967741935
5.08387096774
1.81538461538
2.52580645161
15.8166666667
20.6774193548
26.4689655172
28.48
NaN
27.2233333333
16.5666666667
NaN
0.703225806452
0.193333333333
-1.57857142857
NaN
NaN
NaN
NaN
NaN
NaN
NaN
NaN
NaN
NaN
NaN
-1.51379310345
7.26
14.6433333333
22.9064516129
28.8733333333
30.4066666667
28.4838709677
28.11
19.1774193548
10.4233333333
2.39677419355
2.6275862069
2.95714285714
4.67096774194
13.2466666667
19.3903225806
NaN
27.4903225806
27.9806451613
21.73
13.6
11.3
-1.41290322581
-1.28928571429
-1.41153846154
12.6709677419
15.15
17.7677419355
25.5733333333
29.9633333333
27.6322580645
22.9766666667
18.0612903226
4.66333333333
-1.78620689655
0.267741935484
1.44285714286
5.14193548387
11.8206896552
25.4965517241
27.08
30.0548387097
27.1032258065
23.3655172414
14.1677419355
6.40344827586
3.57692307692
-7.13870967742
-3.46428571429
0.251612903226
13.4433333333
20.3935483871
24.5866666667
26.5096774194
23.7322580645
23.3896551724
16.7
7.18666666667
2.56129032258
1.37741935484
-2.25357142857
5.44193548387
13.12
19.9612903226
26.3666666667
27.7466666667
27.0290322581
22.4233333333
15.1290322581
8.84666666667
2.98214285714
0.545161290323
-5.08148148148
3.55483870968
12.4666666667
21.235483871
24.8172413793
27.8290322581
25.2903225806
21.6766666667
17.3741935484
8.20666666667
-2.34838709677
-3.13870967742
1.12857142857
3.27419354839
17.1896551724
16.8032258065
22.59
25.6838709677
23.5258064516
23.3633333333
16.2870967742
9.36
-0.879310344828
3.35172413793
-3.325
1.3935483871
13.7033333333
19.5612903226
22.4866666667
31.6516129032
30.1903225806
23.8724137931
16.5225806452
8.14666666667
-1.21935483871
-2.43870967742
-4.38571428571
5.96129032258
10.7166666667
15.3413793103
22.8733333333
26.8
26.235483871
21.7133333333
10.4633333333
6.3
-3.72580645161
-8.4
-0.114285714286
8.91612903226
12.5633333333
22.9193548387
25.8068965517
28.664516129
30.1566666667
19.2793103448
17.0833333333
7.70666666667
3.04838709677
1.81935483871
0.410714285714
6.81290322581
12.8333333333
18.5709677419
28.34
29.4258064516
NaN
24.23
17.2935483871
6.33
-3.45161290323
-6.35161290323
-2.91724137931
7.68387096774
8.92333333333
18.68
25.45
26.7233333333
25.3111111111
24.3714285714
20.1161290323
5.64333333333
2.07741935484
1.57407407407
1.17142857143
11.09
16.8896551724
21.6379310345
27.9310344828
31.9115384615
26.9
25.5266666667
15.5032258065
NaN
0.863333333333
-1.55714285714
0.726923076923
6.76
13.8966666667
22.5096774194
26.2448275862
30.5709677419
27.9870967742
23.9866666667
16.9225806452
8.27
0.493548387097
-0.554838709677
-3.61071428571
3.35
13.1166666667
19.8612903226
27.7033333333
28.2066666667
NaN
22.81
15.09
7.29666666667
4.85806451613
-2.65333333333
-2.24137931034
2.65161290323
13.66
15.4870967742
23.2866666667
26.13
26.3129032258
19.5233333333
18.8483870968
8.57333333333
-2.51612903226
-2.86129032258
2.26071428571
7.69032258065
18.12
19.33
28.4633333333
29.1148148148
27.6161290323
23.35
9.68666666667
5.46333333333
-0.683870967742
-1.41612903226
-1.28571428571
1.27419354839
10.0433333333
21.135483871
NaN
NaN
NaN
NaN
13.7548387097
6.81666666667
-0.78064516129
-2.20322580645
3.04285714286
7.9
13.33
18.1387096774
22.2833333333
26.3451612903
24.3903225806
24.5333333333
17.8833333333
8.76333333333
0.267741935484
-0.789655172414
0.137931034483
4.52580645161
11.2866666667
19.3741935484
21.3866666667
26.9225806452
28.3677419355
20.22
16.2967741935
7.28333333333
1.58
-4.01935483871
-3.825
10.5516129032
13.8866666667
19.0096774194
24.15
28.2419354839
27.3533333333
23.6533333333
14.9870967742
4.93
-1.53225806452
-3.33548387097
3.07142857143
4.86129032258
14.2896551724
21.7633333333
25.9233333333
29.8806451613
28.9612903226
24.52
13.9032258065
8.85333333333
-0.0566666666667
0.0290322580645
2.89642857143
3.08064516129
15.0266666667
19.7548387097
26.0166666667
31.0586206897
28.7774193548
26.0266666667
17.5322580645
12.09
4.42666666667
3.71
3.35172413793
1.09677419355
11.2233333333
20.3419354839
25.7233333333
27.2413793103
27.0032258065
21.5666666667
15.11
4.35
0.983870967742
3.65483870968
1.00357142857
3.67096774194
13.4137931034
20.1741935484
29.6033333333
30.6258064516
27.6709677419
25.3344827586
14.8870967742
4.71666666667
0.512903225806
1.59333333333
-3.96785714286
3.95806451613
11.7965517241
23.535483871
30.6666666667
NaN
NaN
23.87
NaN
NaN
NaN
NaN
NaN
NaN
NaN
NaN
NaN
NaN
26.7366666667
22.1866666667
16.8366666667
6.38333333333
-2.15161290323
-3.14482758621
-5.17142857143
7.5
10.07
23.7677419355
25.7285714286
31.1064516129
29.9225806452
23.9266666667
15.5677419355
6.24137931034
2.96666666667
1.66451612903
1.07692307692
2.78064516129
11.8333333333
20.2896551724
24.1724137931
28.8451612903
29.36
22.3766666667
14.0225806452
7.05
-0.496666666667
-1.18387096774
3.14642857143
10.7193548387
14.5033333333
20.1774193548
24.8533333333
28.064516129
28.8225806452
21.4
19.3032258065
10.84
1.4064516129
-0.254838709677
0.475
4.74516129032
11.2066666667
21.7548387097
25.3566666667
28.0833333333
26.9
24.8413793103
16.4193548387
6.55862068966
2.47419354839
-5.13666666667
-0.272413793103
0.435483870968
10.3533333333
19.7838709677
25.46
28.4064516129
26.3233333333
22.2466666667
17.2
7.03333333333
2.11935483871
-1.07419354839
-0.4
3.33225806452
17.6866666667
22.6709677419
26.29
29.1258064516
27.0193548387
26.0933333333
17.1483870968
9.53
4.76666666667
-0.638709677419
-2.37857142857
6.51935483871
18.1933333333
21.0666666667
25.5866666667
27.7806451613
25.6612903226
22.1
16.64
8.11
-0.9
-2.85666666667
2.684
5.28709677419
12.5566666667
19.0193548387
27.17
27.7322580645
26.8322580645
21.1034482759
15.0258064516
6.22
1.09032258065
2.94193548387
1.39310344828
3.06451612903
10.6333333333
22.6903225806
27.54
29.0548387097
30.0379310345
24.5366666667
17.435483871
8.86
-1.44193548387
-3.97666666667
0.132142857143
15.2193548387
16.075862069
16.4451612903
23.5
26.7548387097
26.8580645161
22.8866666667
14.9233333333
8.57666666667
-1.12258064516
1.04516129032
0.878571428571
13.8516129032
15.39
19.0483870968
24.3666666667
28.7451612903
25.8709677419
24.6666666667
20.7451612903
9.81333333333
3.12666666667
1.59333333333
-2.225
2.58709677419
12.09
17.2709677419
23.5310344828
26.0935483871
30.0387096774
23.3633333333
21.4322580645
5.41
-0.158064516129
-3.41290322581
0.137931034483
5.59310344828
16.22
18.7225806452
24.9966666667
27.5806451613
27.8931034483
24.63
14.3741935484
10.1233333333
2.76451612903
2.41612903226
3.2
7.10322580645
14.62
21.9387096774
28.26
29.3096774194
27.4225806452
20.2833333333
20.1766666667
6.61
3.17419354839
4.21935483871
0.353571428571
3.51666666667
9.85
21.5451612903
24.7866666667
27.4548387097
27.9225806452
22.5133333333
18.8903225806
5.94333333333
-1.21290322581
0.109677419355
0.356
6.66451612903
12.3
22.5096774194
25.6785714286
28.6741935484
27.0933333333
23.44
19.3551724138
3.75172413793
1.21935483871
1.52580645161
NaN
5.1064516129
15.5233333333
20.0290322581
29.1866666667
30.9322580645
28.6548387097
24.89
15.5741935484
10.78
2.99032258065
1.35806451613
3.35
7.15806451613
12.08
21.864516129
27.6068965517
29.1580645161
29.4903225806
24.4466666667
21.1322580645
10.86
3.4
0.264516129032
4.35
6.30322580645
16.89
19.1193548387
27.2433333333
28.7548387097
27.4774193548
24.2833333333
16.8806451613
8.87
0.554838709677
-1.11935483871
0.861538461538
6.54838709677
18.9233333333
23.0838709677
25.96
31.5387096774
30.0129032258
25.72
18.1516129032
6.35862068966
-0.190322580645
-0.787096774194
1.12857142857
4.0064516129
13.5433333333
19.5290322581
26.9966666667
26.7266666667
26.59
21.9966666667
20.5935483871
8.50333333333
3.35161290323
-2.77096774194
2.93571428571
7.41290322581
14.41
19.2419354839
26.3033333333
27.74
27.2838709677
22.5928571429
15.2387096774
8.27333333333
4.46896551724
-0.464516129032
-2.16071428571
5.8064516129
16.17
22.7709677419
23.3533333333
27.5451612903
27.7838709677
23.13
18.4935483871
10.02
-2.04516129032
-2.67741935484
-0.128571428571
5.40322580645
15.3433333333
23.2032258065
27.83
29.4967741935
29.3225806452
25.26
14.7290322581
6.02333333333
3.60322580645
0.0225806451613
0.362068965517
1.12903225806
15.9633333333
19.8225806452
25.5633333333
28.3161290323
27.6774193548
25.3166666667
17.6193548387
10.71
-0.412903225806
-1.66774193548
4.23928571429
8.60322580645
11.59
19.4290322581
26.0
28.6548387097
27.2032258065
25.7766666667
18.2516129032
9.28
0.990322580645
-2.45806451613
-1.57857142857
5.55806451613
15.44
25.3387096774
26.3333333333
27.6838709677
27.2903225806
21.4366666667
17.3387096774
8.40333333333
0.212903225806
-5.23548387097
-2.83928571429
7.43225806452
15.9066666667
20.0
27.7333333333
29.535483871
26.2774193548
22.98
23.6774193548
11.1166666667
-1.86774193548
1.78709677419
2.00689655172
7.08064516129
15.9517241379
23.5451612903
27.5866666667
30.0838709677
26.2387096774
23.65
16.3677419355
11.5066666667
1.51612903226
-1.06451612903
0.428571428571
1.59032258065
12.07
24.3266666667
26.4766666667
27.6870967742
26.4258064516
24.23
15.6129032258
10.1033333333
4.33870967742
-2.6064516129
1.45
8.6935483871
12.2366666667
18.3225806452
27.6466666667
30.8032258065
27.3516129032
22.1833333333
16.0580645161
8.49666666667
0.870967741935
1.25483870968
-1.27857142857
6.3064516129
15.4133333333
17.7967741935
27.6866666667
26.635483871
26.0516129032
22.7433333333
16.0935483871
5.15333333333
3.33548387097
-1.81290322581
-0.244827586207
9.12
16.7275862069
18.7677419355
25.49
27.1709677419
27.735483871
24.17
17.3483870968
8.79333333333
1.0064516129
-1.50322580645
1.27857142857
6.36129032258
14.8333333333
20.5129032258
23.2433333333
27.4838709677
28.9096774194
23.5566666667
16.0580645161
6.76333333333
-0.0709677419355
-4.06774193548
0.678571428571
4.24516129032
15.0733333333
22.4
26.2833333333
NaN
NaN
23.4066666667
17.2709677419
7.89
1.79677419355
-3.07741935484
0.571428571429
4.04838709677
14.43
21.6
29.6833333333
28.3290322581
28.9967741935
24.9
NaN
NaN
4.87419354839
-0.98064516129
-0.486206896552
4.19032258065
12.3
22.9322580645
23.6566666667
27.7741935484
26.0387096774
22.7
13.4096774194
5.17666666667
0.887096774194
1.93548387097
0.510714285714
10.5451612903
14.2733333333
18.4096774194
27.0433333333
28.2806451613
28.3
24.4833333333
18.5870967742
8.93666666667
0.98064516129
0.496774193548
-0.335714285714
6.57741935484
16.0233333333
18.1903225806
24.8166666667
29.2774193548
27.8032258065
22.1866666667
15.9516129032
8.58
0.91935483871
1.48709677419
0.5
4.17419354839
9.92333333333
24.2419354839
25.7333333333
29.2580645161
27.2612903226
19.3366666667
18.1419354839
12.22
1.88064516129
-3.1935483871
5.15517241379
9.96451612903
15.7533333333
19.6258064516
27.7433333333
28.5967741935
27.2967741935
23.4166666667
13.0451612903
4.86
-1.99677419355
-6.96774193548
-0.189285714286
10.8166666667
17.8066666667
26.3258064516
25.1766666667
29.7387096774
27.0387096774
22.9466666667
15.8225806452
8.16333333333
0.0709677419355
-3.80322580645
-3.97142857143
3.03225806452
14.0866666667
21.5322580645
26.68
28.4709677419
29.0193548387
26.8333333333
15.764516129
9.70333333333
1.54193548387
-4.2064516129
-4.37857142857
8.93225806452
12.66
20.3387096774
26.7966666667
27.4451612903
26.0096774194
24.78
14.7387096774
8.68
4.00967741935
-0.774193548387
-1.65172413793
4.66774193548
13.9066666667
22.3483870968
24.8866666667
29.0225806452
28.2387096774
NaN
13.3129032258
7.61333333333
0.583870967742
-2.53548387097
1.98928571429
7.56129032258
16.6689655172
20.2870967742
26.8266666667
28.935483871
27.46
23.2896551724
13.27
9.83333333333
0.758064516129
-4.55483870968
-0.896428571429
4.87096774194
12.33
24.4433333333
24.09
28.4516129032
26.5
23.0413793103
18.5285714286
8.82592592593
6.07741935484
0.593548387097
4.09285714286
8.96
12.7586206897
19.3620689655
27.0233333333
29.8838709677
29.3666666667
25.0444444444
15.9413793103
9.80357142857
-2.64137931034
-4.07666666667
5.75714285714
2.35483870968
14.1966666667
18.6551724138
28.12
28.8677419355
28.9935483871
22.2655172414
17.8290322581
9.22413793103
4.68064516129
-3.4
-0.160714285714
8.64666666667
18.3166666667
23.3172413793
24.6566666667
28.04
26.4709677419
24.48
16.5838709677
7.80666666667
-1.92258064516
0.0322580645161
-0.953571428571
9.18387096774
17.2888888889
21.7166666667
25.7966666667
29.5413793103
25.9066666667
24.4333333333
16.6419354839
7.32333333333
1.31612903226
0.0225806451613
3.24285714286
10.7333333333
16.4866666667
25.3833333333
28.78
30.3225806452
27.5258064516
24.0678571429
13.4633333333
10.7827586207
2.94666666667
-0.662068965517
-0.589655172414
8.31379310345
15.88
23.7806451613
29.888
32.7333333333
28.9448275862
NaN
12.3653846154
7.864
NaN
4.03103448276
NaN
7.93928571429
NaN
19.4888888889
25.6689655172
NaN
27.5357142857
22.4896551724
17.58
7.10666666667
-4.39677419355
3.91290322581
3.47857142857
8.33870967742
16.075862069
19.0862068966
25.7296296296
28.1161290323
26.1892857143
22.8928571429
16.3928571429
11.0310344828
3.30666666667
-1.45161290323
3.72222222222
9.46551724138
15.7733333333
24.11
27.7551724138
28.5103448276
27.6612903226
22.7933333333
17.1857142857
6.7
2.10666666667
-0.0129032258065
2.28148148148
6.52
12.0724137931
21.6258064516
24.0965517241
24.83
23.8740740741
21.4666666667
14.3571428571
6.80714285714
2.29666666667
0.83
-1.23333333333
4.05333333333
13.6517241379
21.52
23.8785714286
28.1129032258
27.9066666667
18.7821428571
14.3448275862
7.26
NaN
-4.87
-1.28214285714
6.77419354839
16.2620689655
20.7846153846
26.7571428571
27.4142857143
25.4066666667
22.5103448276
16.8928571429
10.76
NaN
-0.323333333333
0.321739130435
8.67
11.9285714286
20.0741935484
26.7034482759
28.0533333333
28.89
22.78
17.0933333333
4.59666666667
NaN
NaN
0.339285714286
3.81612903226
12.7466666667
19.1214285714
25.6793103448
26.4032258065
27.9548387097
22.2517241379
16.5321428571
NaN
1.94642857143
-1.18709677419
2.975
6.96666666667
13.1592592593
16.4964285714
25.9344827586
27.5464285714
24.2482758621
22.0346153846
15.49
5.21
1.4935483871
1.72580645161
5.41428571429
7.03548387097
15.2233333333
24.3103448276
26.1931034483
28.83
NaN
25.65
NaN
NaN
NaN
-1.51612903226
NaN
NaN
NaN
NaN
NaN
NaN
NaN
NaN
NaN
NaN
NaN
NaN
NaN
NaN
NaN
NaN
NaN
NaN
NaN
NaN
NaN
NaN
NaN
NaN
NaN
NaN
NaN
NaN
NaN
NaN
NaN
NaN
NaN
NaN
NaN
NaN
NaN
NaN
NaN
NaN
NaN
NaN
NaN
NaN
NaN
NaN
NaN
NaN
NaN
NaN
NaN
NaN
NaN
NaN
NaN
NaN
NaN
NaN
NaN
NaN
NaN
NaN
NaN
NaN
NaN
NaN
NaN
NaN
NaN
NaN
NaN
NaN
NaN
NaN
NaN
NaN
NaN
NaN
NaN
NaN
NaN
NaN
NaN
NaN
NaN
NaN
NaN
NaN
NaN
NaN
NaN
NaN
NaN
NaN
NaN
NaN
NaN
NaN
NaN
NaN
NaN
NaN
NaN
NaN
NaN
NaN
NaN
NaN
NaN
NaN
NaN
NaN
NaN
NaN
NaN
NaN
NaN
NaN
NaN
NaN
NaN
NaN
NaN
NaN
NaN
NaN
NaN
NaN
NaN
NaN
NaN
NaN
NaN
NaN
NaN
NaN
NaN
NaN
NaN
NaN
NaN
NaN
NaN
NaN
NaN
NaN
NaN
NaN
NaN
NaN
NaN
NaN
16.164516129
10.8827586207
4.06451612903
2.11612903226
3.3724137931
14.3857142857
14.4866666667
23.12
26.5827586207
30.5193548387
27.4862068966
22.8896551724
15.0233333333
8.12068965517
4.67857142857
0.960714285714
-0.8
3.7064516129
12.0034482759
22.5548387097
24.5620689655
26.5066666667
26.1724137931
22.65
NaN
6.85925925926
0.156666666667
NaN
NaN
NaN
14.1518518519
NaN
NaN
25.4806451613
26.0703703704
22.7142857143
NaN
NaN
NaN
NaN
-5.18695652174
7.01785714286
15.3074074074
23.3483870968
NaN
NaN
NaN
NaN
NaN
NaN
NaN
NaN
NaN
NaN
NaN
NaN
NaN
29.5
29.24
25.2185185185
NaN
NaN
NaN
NaN
NaN
6.55769230769
NaN
19.1333333333
26.5517241379
27.4677419355
25.5322580645
NaN
NaN
