24.8166666667
28.0967741935
NaN
19.01
14.2161290323
1.65172413793
-8.71290322581
-11.7096774194
-6.58518518519
2.32258064516
11.0866666667
21.7275862069
23.3033333333
24.4833333333
25.8709677419
21.6566666667
13.0931034483
0.69
-8.15161290323
-14.1612903226
-10.575
-0.261290322581
6.78214285714
13.6896551724
22.2392857143
24.6161290323
22.1677419355
21.3666666667
10.7580645161
1.20666666667
-0.48275862069
-8.41666666667
-6.59655172414
NaN
16.624137931
NaN
24.3166666667
28.1413793103
NaN
19.4833333333
11.7766666667
5.18333333333
-5.12258064516
-3.95161290323
-1.36428571429
7.80967741935
14.3448275862
19.4935483871
23.1466666667
26.8516129032
25.8709677419
20.1633333333
11.5774193548
8.57586206897
NaN
-14.1724137931
-4.16785714286
-0.543333333333
10.4866666667
20.2322580645
21.5413793103
27.235483871
25.1258064516
19.2931034483
12.57
0.1
-2.21290322581
-4.82580645161
-1.58148148148
2.91612903226
10.6172413793
18.4838709677
23.4466666667
27.5548387097
28.5903225806
19.9633333333
11.9724137931
1.90333333333
-13.1096774194
-6.99677419355
1.74827586207
0.454838709677
13.72
19.25
23.9433333333
27.6766666667
29.5483870968
17.25
14.435483871
3.35666666667
-5.82903225806
-7.55483870968
-5.41428571429
NaN
NaN
NaN
NaN
NaN
NaN
NaN
NaN
NaN
NaN
-3.80357142857
NaN
5.52258064516
13.0344827586
20.4322580645
25.6533333333
27.0870967742
23.7833333333
17.33
NaN
NaN
NaN
NaN
NaN
4.89
18.28
22.3322580645
27.0214285714
NaN
24.47
NaN
11.13
NaN
-2.22142857143
NaN
NaN
NaN
13.984
23.6961538462
NaN
NaN
NaN
NaN
NaN
NaN
NaN
-4.50384615385
NaN
NaN
NaN
NaN
NaN
NaN
NaN
20.776
NaN
NaN
NaN
-0.465384615385
NaN
4.67857142857
10.9851851852
NaN
NaN
25.6407407407
26.4
NaN
NaN
NaN
NaN
-8.94333333333
-0.296153846154
NaN
13.2892857143
20.7592592593
25.52
25.2451612903
27.6516129032
19.2
11.9433333333
NaN
NaN
NaN
NaN
NaN
NaN
NaN
22.2428571429
21.4689655172
22.7607142857
19.5615384615
NaN
NaN
-6.6
-7.31724137931
-6.61304347826
NaN
11.9571428571
19.3
21.075862069
23.2517241379
24.6576923077
NaN
NaN
NaN
NaN
NaN
NaN
NaN
NaN
NaN
23.3166666667
23.0
22.8379310345
NaN
NaN
NaN
NaN
NaN
-7.04166666667
NaN
NaN
NaN
25.575862069
NaN
25.3166666667
NaN
NaN
NaN
NaN
NaN
NaN
NaN
NaN
NaN
23.6310344828
24.1133333333
25.4034482759
NaN
NaN
NaN
NaN
NaN
NaN
NaN
NaN
NaN
NaN
NaN
NaN
NaN
NaN
NaN
NaN
NaN
NaN
NaN
NaN
NaN
NaN
25.4571428571
26.3419354839
23.6407407407
NaN
NaN
NaN
NaN
NaN
NaN
NaN
NaN
NaN
NaN
NaN
NaN
NaN
NaN
NaN
NaN
NaN
NaN
NaN
NaN
NaN
NaN
NaN
NaN
NaN
NaN
NaN
NaN
NaN
NaN
NaN
NaN
NaN
NaN
NaN
NaN
11.7033333333
NaN
NaN
NaN
NaN
NaN
NaN
NaN
NaN
NaN
NaN
NaN
NaN
NaN
NaN
NaN
NaN
NaN
NaN
NaN
22.316
25.4966666667
27.3866666667
19.9586206897
14.6428571429
NaN
NaN
NaN
NaN
NaN
NaN
NaN
NaN
24.6423076923
22.5592592593
21.9461538462
12.0153846154
NaN
NaN
NaN
NaN
NaN
NaN
16.5814814815
NaN
27.1366666667
24.124137931
22.0206896552
13.8896551724
4.09285714286
-5.56896551724
-1.13
-5.56071428571
1.97419354839
15.5033333333
18.9387096774
23.4733333333
28.0193548387
25.135483871
18.4321428571
10.0689655172
4.35
-0.177419354839
-5.09655172414
-9.03703703704
4.2064516129
10.1566666667
20.535483871
24.6923076923
27.1709677419
24.3806451613
21.56
13.564516129
3.42307692308
-6.96785714286
-8.38076923077
NaN
NaN
NaN
NaN
NaN
NaN
NaN
NaN
NaN
NaN
NaN
NaN
NaN
NaN
NaN
17.0032258065
21.124137931
NaN
NaN
NaN
NaN
7.11
-8.23870967742
-9.51428571429
-5.48260869565
5.85666666667
16.975
17.1481481481
NaN
NaN
26.124137931
17.512
NaN
NaN
NaN
NaN
NaN
NaN
NaN
NaN
21.5535714286
28.0896551724
26.1965517241
NaN
NaN
NaN
NaN
NaN
NaN
NaN
NaN
NaN
NaN
NaN
NaN
NaN
NaN
NaN
NaN
NaN
NaN
NaN
NaN
NaN
NaN
NaN
NaN
NaN
NaN
NaN
NaN
NaN
NaN
NaN
NaN
NaN
NaN
24.8931034483
NaN
NaN
NaN
NaN
NaN
NaN
NaN
NaN
NaN
NaN
NaN
27.0884615385
25.3703703704
NaN
NaN
NaN
-2.22068965517
-8.96071428571
-3.25862068966
6.46451612903
10.0
20.7225806452
24.3733333333
26.4193548387
26.5419354839
20.82
12.9838709677
8.73448275862
-6.57419354839
-7.27096774194
-1.35
3.15161290323
12.4433333333
18.4178571429
24.5766666667
27.3566666667
NaN
NaN
