0.0
0.0
0.0
0.0
0.0
0.0
0.0
36.0
0.0
0.0
10.0
0.0
0.0
0.0
254.0
0.0
3.0
0.0
0.0
0.0
0.0
3.0
0.0
3.0
0.0
610.0
0.0
0.0
0.0
0.0
0.0
0.0
0.0
46.0
51.0
41.0
13.0
104.0
0.0
0.0
292.0
0.0
0.0
61.0
0.0
0.0
0.0
0.0
10.0
0.0
48.0
0.0
58.0
0.0
0.0
0.0
0.0
0.0
8.0
0.0
0.0
0.0
0.0
0.0
0.0
0.0
18.0
0.0
0.0
8.0
58.0
0.0
NaN
NaN
NaN
NaN
NaN
NaN
NaN
NaN
NaN
NaN
NaN
NaN
NaN
NaN
NaN
NaN
NaN
NaN
NaN
NaN
NaN
30.0
0.0
0.0
0.0
0.0
0.0
0.0
0.0
0.0
0.0
0.0
0.0
0.0
0.0
0.0
0.0
0.0
0.0
0.0
0.0
0.0
0.0
0.0
0.0
0.0
0.0
0.0
0.0
5.0
165.0
147.0
15.0
0.0
0.0
74.0
5.0
3.0
157.0
5.0
0.0
0.0
0.0
10.0
3.0
15.0
0.0
0.0
0.0
13.0
127.0
0.0
155.0
0.0
97.0
0.0
137.0
0.0
0.0
0.0
43.0
10.0
0.0
8.0
3.0
0.0
23.0
249.0
5.0
0.0
46.0
0.0
81.0
3.0
0.0
5.0
3.0
0.0
0.0
0.0
0.0
279.0
0.0
0.0
5.0
0.0
0.0
0.0
0.0
0.0
0.0
0.0
102.0
5.0
0.0
0.0
0.0
51.0
0.0
51.0
140.0
0.0
0.0
0.0
20.0
33.0
0.0
0.0
10.0
0.0
20.0
3.0
0.0
0.0
0.0
0.0
46.0
3.0
109.0
0.0
0.0
0.0
0.0
0.0
91.0
0.0
89.0
3.0
130.0
0.0
0.0
0.0
36.0
0.0
0.0
0.0
152.0
23.0
0.0
3.0
0.0
0.0
0.0
38.0
0.0
0.0
0.0
0.0
0.0
201.0
0.0
20.0
0.0
0.0
0.0
13.0
71.0
0.0
0.0
0.0
0.0
0.0
0.0
0.0
0.0
0.0
0.0
58.0
0.0
0.0
0.0
0.0
10.0
0.0
0.0
0.0
3.0
0.0
0.0
0.0
30.0
0.0
89.0
152.0
48.0
23.0
64.0
0.0
0.0
20.0
0.0
0.0
5.0
0.0
0.0
18.0
10.0
8.0
5.0
20.0
46.0
8.0
46.0
33.0
5.0
5.0
43.0
18.0
0.0
0.0
262.0
0.0
3.0
18.0
0.0
0.0
0.0
0.0
0.0
3.0
0.0
5.0
3.0
5.0
0.0
0.0
0.0
0.0
0.0
8.0
0.0
25.0
89.0
46.0
0.0
0.0
0.0
0.0
0.0
295.0
0.0
0.0
0.0
0.0
0.0
71.0
0.0
0.0
0.0
0.0
0.0
5.0
267.0
3.0
66.0
602.0
0.0
152.0
142.0
0.0
0.0
0.0
64.0
0.0
0.0
0.0
0.0
0.0
185.0
99.0
102.0
0.0
0.0
25.0
58.0
3.0
0.0
5.0
0.0
411.0
0.0
38.0
0.0
0.0
699.0
188.0
0.0
5.0
0.0
0.0
0.0
0.0
0.0
3.0
48.0
0.0
239.0
0.0
137.0
23.0
411.0
0.0
5.0
0.0
0.0
102.0
259.0
97.0
10.0
0.0
292.0
399.0
0.0
0.0
137.0
0.0
0.0
0.0
114.0
23.0
5.0
0.0
0.0
0.0
20.0
0.0
0.0
0.0
0.0
64.0
15.0
0.0
0.0
0.0
0.0
0.0
0.0
0.0
0.0
0.0
0.0
0.0
0.0
0.0
0.0
0.0
0.0
0.0
0.0
0.0
0.0
0.0
0.0
0.0
0.0
0.0
0.0
0.0
0.0
0.0
0.0
0.0
0.0
0.0
0.0
76.0
23.0
0.0
28.0
0.0
0.0
0.0
0.0
0.0
0.0
0.0
132.0
25.0
282.0
25.0
23.0
267.0
0.0
8.0
0.0
0.0
0.0
0.0
0.0
0.0
0.0
3.0
66.0
0.0
0.0
0.0
0.0
0.0
0.0
0.0
0.0
0.0
0.0
0.0
0.0
41.0
38.0
0.0
0.0
89.0
5.0
0.0
0.0
0.0
0.0
0.0
0.0
0.0
142.0
48.0
338.0
5.0
20.0
0.0
0.0
0.0
0.0
0.0
0.0
0.0
8.0
0.0
97.0
236.0
114.0
0.0
0.0
0.0
0.0
0.0
282.0
211.0
81.0
0.0
572.0
0.0
0.0
373.0
0.0
25.0
0.0
0.0
0.0
43.0
0.0
269.0
0.0
0.0
0.0
0.0
0.0
0.0
36.0
0.0
114.0
30.0
13.0
208.0
0.0
71.0
0.0
0.0
0.0
0.0
13.0
0.0
8.0
0.0
0.0
0.0
114.0
5.0
163.0
0.0
0.0
3.0
3.0
0.0
0.0
5.0
48.0
0.0
0.0
3.0
859.0
0.0
0.0
0.0
0.0
0.0
188.0
25.0
10.0
28.0
0.0
297.0
5.0
3.0
69.0
15.0
53.0
114.0
157.0
5.0
0.0
124.0
0.0
79.0
0.0
33.0
0.0
0.0
5.0
99.0
10.0
0.0
0.0
0.0
48.0
0.0
0.0
46.0
384.0
23.0
5.0
53.0
0.0
0.0
0.0
0.0
0.0
0.0
0.0
0.0
3.0
0.0
0.0
0.0
0.0
0.0
0.0
0.0
0.0
0.0
0.0
0.0
0.0
0.0
0.0
0.0
0.0
0.0
0.0
0.0
0.0
0.0
0.0
0.0
0.0
0.0
0.0
0.0
0.0
0.0
0.0
0.0
0.0
0.0
0.0
0.0
0.0
0.0
30.0
5.0
0.0
0.0
0.0
0.0
0.0
0.0
0.0
0.0
38.0
0.0
0.0
64.0
0.0
0.0
0.0
23.0
127.0
3.0
0.0
30.0
5.0
0.0
18.0
10.0
0.0
71.0
0.0
117.0
3.0
0.0
114.0
0.0
0.0
0.0
0.0
0.0
15.0
0.0
0.0
94.0
0.0
0.0
0.0
0.0
0.0
0.0
0.0
0.0
0.0
3.0
0.0
0.0
0.0
13.0
0.0
8.0
0.0
0.0
0.0
0.0
20.0
0.0
0.0
0.0
109.0
201.0
226.0
41.0
20.0
99.0
300.0
18.0
8.0
0.0
0.0
0.0
0.0
165.0
0.0
221.0
0.0
0.0
645.0
0.0
0.0
0.0
315.0
10.0
0.0
0.0
0.0
3.0
0.0
180.0
0.0
0.0
0.0
0.0
5.0
0.0
0.0
58.0
104.0
0.0
0.0
122.0
3.0
38.0
3.0
5.0
0.0
58.0
0.0
0.0
0.0
0.0
30.0
15.0
5.0
69.0
0.0
0.0
0.0
0.0
0.0
0.0
363.0
0.0
0.0
0.0
0.0
25.0
30.0
8.0
0.0
0.0
0.0
234.0
145.0
41.0
86.0
38.0
0.0
0.0
0.0
0.0
0.0
0.0
0.0
5.0
0.0
0.0
48.0
0.0
0.0
0.0
99.0
0.0
0.0
0.0
0.0
0.0
0.0
0.0
0.0
36.0
211.0
114.0
3.0
0.0
127.0
51.0
20.0
76.0
0.0
NaN
NaN
NaN
NaN
NaN
NaN
NaN
0.0
0.0
0.0
0.0
0.0
0.0
20.0
36.0
178.0
74.0
0.0
30.0
33.0
0.0
0.0
8.0
0.0
0.0
0.0
0.0
0.0
0.0
0.0
0.0
0.0
0.0
3.0
0.0
0.0
0.0
0.0
0.0
157.0
107.0
0.0
0.0
0.0
0.0
0.0
20.0
0.0
0.0
0.0
0.0
0.0
8.0
51.0
0.0
0.0
147.0
61.0
0.0
5.0
0.0
0.0
0.0
0.0
0.0
30.0
127.0
0.0
0.0
0.0
0.0
0.0
0.0
0.0
0.0
0.0
0.0
0.0
0.0
0.0
119.0
0.0
0.0
30.0
0.0
0.0
0.0
0.0
53.0
0.0
0.0
15.0
0.0
0.0
0.0
0.0
0.0
0.0
0.0
53.0
0.0
18.0
732.0
193.0
0.0
0.0
117.0
0.0
0.0
122.0
86.0
178.0
234.0
0.0
0.0
25.0
18.0
0.0
0.0
5.0
0.0
147.0
0.0
0.0
0.0
18.0
0.0
0.0
0.0
0.0
8.0
0.0
0.0
0.0
102.0
5.0
0.0
5.0
239.0
0.0
0.0
0.0
0.0
0.0
0.0
0.0
0.0
36.0
137.0
224.0
0.0
0.0
8.0
0.0
612.0
0.0
5.0
0.0
0.0
157.0
8.0
0.0
5.0
15.0
0.0
0.0
0.0
0.0
36.0
0.0
0.0
0.0
0.0
264.0
86.0
18.0
0.0
0.0
0.0
20.0
0.0
0.0
5.0
124.0
0.0
0.0
89.0
20.0
0.0
0.0
53.0
155.0
0.0
0.0
0.0
0.0
0.0
0.0
0.0
0.0
0.0
23.0
0.0
0.0
0.0
0.0
0.0
18.0
33.0
262.0
0.0
0.0
0.0
0.0
0.0
0.0
0.0
0.0
0.0
20.0
234.0
0.0
5.0
0.0
0.0
0.0
0.0
18.0
0.0
10.0
0.0
0.0
0.0
0.0
980.0
140.0
0.0
3.0
0.0
0.0
0.0
173.0
0.0
320.0
0.0
0.0
0.0
0.0
290.0
0.0
0.0
0.0
25.0
0.0
0.0
0.0
0.0
0.0
0.0
0.0
0.0
0.0
0.0
0.0
0.0
0.0
0.0
0.0
0.0
0.0
0.0
0.0
0.0
0.0
0.0
36.0
3.0
0.0
0.0
3.0
3.0
216.0
290.0
53.0
10.0
0.0
97.0
53.0
279.0
142.0
0.0
0.0
0.0
0.0
0.0
0.0
0.0
0.0
15.0
150.0
0.0
0.0
0.0
0.0
0.0
0.0
13.0
51.0
234.0
56.0
0.0
544.0
0.0
76.0
81.0
241.0
5.0
0.0
0.0
0.0
0.0
0.0
0.0
102.0
0.0
0.0
0.0
597.0
53.0
0.0
0.0
0.0
173.0
114.0
218.0
23.0
0.0
0.0
0.0
0.0
0.0
0.0
290.0
0.0
0.0
152.0
69.0
0.0
0.0
0.0
0.0
25.0
0.0
0.0
0.0
0.0
0.0
0.0
0.0
0.0
178.0
25.0
8.0
0.0
0.0
0.0
0.0
5.0
5.0
NaN
0.0
0.0
0.0
71.0
0.0
0.0
0.0
201.0
0.0
0.0
61.0
348.0
376.0
229.0
5.0
0.0
28.0
3.0
348.0
320.0
30.0
76.0
76.0
13.0
0.0
0.0
0.0
0.0
0.0
41.0
13.0
0.0
0.0
0.0
8.0
5.0
53.0
0.0
0.0
76.0
119.0
3.0
0.0
0.0
0.0
0.0
0.0
0.0
23.0
36.0
0.0
0.0
0.0
0.0
0.0
0.0
0.0
0.0
NaN
NaN
NaN
NaN
NaN
NaN
NaN
NaN
0.0
0.0
0.0
30.0
13.0
0.0
0.0
0.0
0.0
0.0
13.0
28.0
0.0
0.0
33.0
43.0
66.0
5.0
0.0
0.0
0.0
79.0
117.0
0.0
0.0
0.0
0.0
15.0
0.0
0.0
0.0
53.0
5.0
0.0
0.0
0.0
66.0
15.0
13.0
0.0
0.0
0.0
0.0
0.0
150.0
28.0
0.0
297.0
30.0
0.0
99.0
0.0
0.0
25.0
48.0
0.0
28.0
0.0
0.0
0.0
0.0
91.0
495.0
196.0
5.0
0.0
0.0
0.0
114.0
58.0
170.0
8.0
274.0
0.0
0.0
0.0
0.0
0.0
8.0
10.0
18.0
0.0
0.0
13.0
0.0
0.0
0.0
0.0
0.0
0.0
0.0
0.0
15.0
86.0
0.0
56.0
0.0
0.0
10.0
56.0
0.0
56.0
0.0
112.0
5.0
0.0
0.0
0.0
0.0
124.0
0.0
0.0
165.0
51.0
0.0
0.0
221.0
79.0
0.0
0.0
18.0
330.0
8.0
0.0
81.0
13.0
58.0
23.0
175.0
0.0
58.0
3.0
28.0
8.0
0.0
0.0
0.0
0.0
58.0
107.0
76.0
8.0
0.0
0.0
0.0
0.0
0.0
0.0
0.0
18.0
0.0
0.0
0.0
0.0
0.0
0.0
0.0
0.0
0.0
150.0
152.0
99.0
89.0
5.0
0.0
0.0
0.0
0.0
NaN
0.0
0.0
0.0
NaN
0.0
0.0
NaN
NaN
NaN
NaN
NaN
NaN
NaN
NaN
NaN
20.0
0.0
0.0
165.0
0.0
0.0
5.0
13.0
102.0
147.0
5.0
0.0
0.0
0.0
0.0
0.0
0.0
221.0
8.0
0.0
0.0
0.0
53.0
305.0
25.0
25.0
71.0
5.0
0.0
84.0
262.0
8.0
0.0
0.0
0.0
0.0
18.0
8.0
137.0
46.0
5.0
0.0
0.0
0.0
61.0
0.0
20.0
274.0
10.0
152.0
104.0
8.0
0.0
0.0
0.0
112.0
0.0
0.0
0.0
0.0
20.0
10.0
216.0
0.0
109.0
8.0
0.0
0.0
119.0
8.0
97.0
18.0
3.0
0.0
81.0
0.0
0.0
0.0
0.0
0.0
0.0
0.0
0.0
0.0
0.0
64.0
0.0
0.0
0.0
48.0
0.0
0.0
8.0
0.0
0.0
20.0
5.0
30.0
3.0
0.0
81.0
5.0
0.0
0.0
23.0
0.0
140.0
0.0
5.0
0.0
58.0
0.0
0.0
15.0
5.0
0.0
0.0
0.0
NaN
NaN
0.0
NaN
147.0
0.0
15.0
43.0
0.0
0.0
0.0
0.0
23.0
15.0
30.0
0.0
46.0
208.0
43.0
8.0
0.0
0.0
0.0
0.0
127.0
66.0
5.0
10.0
0.0
0.0
5.0
102.0
46.0
51.0
0.0
0.0
0.0
0.0
0.0
0.0
36.0
0.0
5.0
211.0
0.0
0.0
0.0
0.0
0.0
0.0
94.0
0.0
0.0
97.0
5.0
NaN
NaN
NaN
NaN
NaN
NaN
NaN
NaN
NaN
NaN
NaN
NaN
NaN
NaN
NaN
NaN
NaN
NaN
NaN
NaN
NaN
NaN
NaN
NaN
NaN
NaN
NaN
NaN
NaN
NaN
NaN
NaN
NaN
NaN
NaN
NaN
165.0
170.0
8.0
89.0
0.0
0.0
0.0
0.0
0.0
0.0
0.0
0.0
0.0
0.0
0.0
0.0
0.0
0.0
0.0
112.0
3.0
0.0
0.0
0.0
0.0
0.0
10.0
0.0
0.0
28.0
58.0
0.0
0.0
64.0
0.0
28.0
0.0
0.0
0.0
0.0
25.0
51.0
0.0
0.0
0.0
0.0
8.0
46.0
107.0
0.0
0.0
229.0
13.0
310.0
0.0
117.0
5.0
0.0
0.0
13.0
23.0
97.0
NaN
94.0
216.0
30.0
0.0
0.0
0.0
0.0
292.0
20.0
0.0
41.0
13.0
3.0
0.0
0.0
0.0
10.0
0.0
0.0
13.0
0.0
119.0
244.0
0.0
56.0
3.0
0.0
0.0
13.0
0.0
0.0
0.0
0.0
269.0
