NaN
NaN
NaN
NaN
NaN
-16.2620689655
-15.1642857143
-1.65161290323
0.843333333333
4.19666666667
10.39
14.6258064516
NaN
8.28965517241
1.77419354839
-4.84827586207
-14.4419354839
-15.0379310345
-14.8178571429
-1.66774193548
1.41666666667
5.44666666667
12.5566666667
15.1774193548
12.4870967742
8.17666666667
3.45161290323
-4.66
NaN
NaN
NaN
NaN
NaN
NaN
NaN
NaN
NaN
NaN
NaN
NaN
-12.8870967742
-20.4258064516
-14.4379310345
-9.60322580645
5.56551724138
6.56451612903
12.0666666667
15.6225806452
14.735483871
10.75
1.74516129032
-1.00666666667
-11.4483870968
-12.9225806452
-14.5571428571
-6.43225806452
0.0733333333333
NaN
13.9962962963
16.635483871
15.664516129
7.95333333333
4.70322580645
-2.64333333333
-11.0774193548
-19.4482758621
-14.7892857143
-9.60967741935
-2.27333333333
6.30967741935
11.8233333333
13.0032258065
10.9161290323
8.68666666667
4.5935483871
-7.06333333333
-16.2032258065
-18.1548387097
-13.9071428571
-10.4935483871
0.29
8.92258064516
10.5
14.3516129032
12.6709677419
7.42
3.37419354839
-9.16666666667
-12.3709677419
-15.6612903226
-11.1428571429
-9.20333333333
1.41724137931
7.00322580645
13.4866666667
15.5870967742
12.8935483871
8.25172413793
-2.00967741935
-3.83
-8.43666666667
-12.85
-14.8178571429
-6.6
-0.476666666667
7.34615384615
12.9433333333
14.1965517241
14.5419354839
8.16333333333
4.60666666667
-2.85
-11.1225806452
-17.1225806452
-6.11071428571
-7.86774193548
1.15
4.46451612903
13.9766666667
15.2677419355
13.635483871
8.61333333333
2.86451612903
-2.11333333333
-9.42903225806
-15.5193548387
-15.7
-9.41612903226
4.43333333333
8.65333333333
12.4333333333
17.7806451613
16.3642857143
8.975
4.07419354839
-7.20666666667
-15.9433333333
-16.0862068966
-16.6275862069
-9.70967741935
-0.624
7.50769230769
14.08
13.4620689655
13.6064516129
6.66
4.87741935484
-5.14
-10.3419354839
-19.5516129032
-12.6642857143
-6.88064516129
0.857142857143
6.68064516129
12.7266666667
16.5258064516
13.4
7.17666666667
2.06774193548
-3.89655172414
-10.4322580645
-11.2032258065
-15.6714285714
-5.21290322581
1.23333333333
6.17
9.53666666667
NaN
12.8225806452
9.58333333333
4.17586206897
-3.88666666667
-15.4096774194
-18.54
-15.4857142857
-6.58064516129
1.4
NaN
13.8142857143
14.7
16.8064516129
9.93666666667
2.20967741935
-9.12857142857
-5.72580645161
-12.6096774194
-12.4517241379
-12.5612903226
1.67
7.26774193548
10.5966666667
NaN
14.7689655172
10.1966666667
2.7
-2.98333333333
-12.8161290323
-15.3967741935
-9.625
-3.81290322581
-1.16666666667
5.2064516129
12.1466666667
14.2870967742
14.5862068966
9.53666666667
4.05806451613
-3.98
-12.36
-17.2903225806
-14.8321428571
-7.22903225806
-0.0633333333333
10.5419354839
11.9517241379
NaN
13.6258064516
7.75666666667
4.68709677419
-2.86666666667
-11.6419354839
-19.675862069
-17.0107142857
-5.37419354839
1.67
5.93793103448
12.6482758621
15.1322580645
12.8967741935
10.0866666667
7.64838709677
-1.80333333333
-16.7333333333
-11.9225806452
-11.1464285714
-7.6935483871
1.11666666667
8.83448275862
NaN
15.8806451613
12.8258064516
8.84285714286
2.45483870968
-2.78
-15.2516129032
-18.4870967742
-17.25
-11.9193548387
0.336666666667
9.4064516129
12.0733333333
13.664516129
13.064516129
7.2
3.39032258065
-3.98666666667
-7.0
-21.9903225806
-14.1071428571
-4.50967741935
-0.566666666667
3.82
NaN
16.1064516129
13.1483870968
8.14137931034
2.11935483871
-4.66333333333
-12.0096774194
-14.6387096774
-19.1392857143
-7.52580645161
1.39333333333
3.2
12.9633333333
13.8322580645
NaN
7.44666666667
2.47741935484
-5.01666666667
-11.0032258065
-15.8806451613
-15.5724137931
-3.18
1.74
5.78387096774
12.8233333333
14.4741935484
14.0129032258
9.46333333333
5.0
-3.66
-13.0548387097
-17.1677419355
-12.9928571429
-10.1387096774
1.93
7.51935483871
9.27666666667
14.6806451613
14.0870967742
9.39
2.1064516129
-4.62
-10.6612903226
-19.4419354839
-16.4714285714
-9.97419354839
1.28
8.01935483871
13.6266666667
15.6290322581
13.1032258065
9.36
4.55806451613
-4.3
-11.4064516129
-19.2290322581
-13.95
-8.51935483871
-0.296666666667
4.51612903226
14.8866666667
12.8870967742
12.2451612903
10.2266666667
7.16129032258
-3.58
-12.1709677419
-20.5741935484
-17.8275862069
-9.63548387097
-1.1
8.29032258065
11.0566666667
14.0423076923
NaN
8.67
1.03870967742
-2.75
-15.035483871
-14.2322580645
-12.1642857143
-0.490322580645
0.61
5.84516129032
13.3333333333
15.3666666667
15.4290322581
9.58666666667
5.72580645161
-3.16785714286
-12.7833333333
-15.7225806452
-14.1571428571
-6.57741935484
1.26333333333
6.32258064516
10.22
15.9677419355
12.4935483871
5.84827586207
2.91935483871
-2.98333333333
-8.8
-15.1193548387
-13.3285714286
-10.2548387097
-1.16666666667
8.57419354839
12.5966666667
15.0741935484
13.2096774194
6.49310344828
2.05333333333
-3.79333333333
-11.2161290323
-18.8516129032
-10.6551724138
-7.22258064516
0.89
3.85483870968
11.2566666667
13.1612903226
10.9677419355
4.57
-2.44516129032
-11.74
-20.3
-24.6709677419
-13.6
-3.86774193548
2.24
9.76129032258
11.0833333333
14.8774193548
9.8
9.4
0.429032258065
-6.26
-14.3741935484
-20.4677419355
-20.8357142857
-10.6322580645
-0.933333333333
6.24516129032
10.11
13.3483870968
12.435483871
9.24
1.39677419355
-7.90666666667
-18.5612903226
-23.2677419355
-20.2892857143
-8.48387096774
-2.17666666667
3.37741935484
9.68333333333
12.9903225806
12.0516129032
8.96
1.85483870968
-4.33333333333
-8.90967741935
-15.4741935484
-15.2413793103
-10.3064516129
0.796666666667
6.46774193548
11.4766666667
14.9548387097
14.1612903226
8.42333333333
0.677419354839
-4.18333333333
-12.4612903226
-14.9677419355
-11.3607142857
-4.71612903226
1.46
5.17419354839
11.84
13.7677419355
13.9612903226
7.41
1.61612903226
-3.54333333333
-12.5870967742
-23.2793103448
-16.9321428571
-8.24516129032
-1.49666666667
9.06451612903
8.00333333333
14.835483871
12.2032258065
8.43103448276
3.04193548387
-5.26333333333
-8.50967741935
-12.7833333333
-7.22857142857
-3.71290322581
-1.46666666667
4.23548387097
11.7066666667
16.5967741935
16.2129032258
9.8
3.29677419355
-1.59333333333
-19.6032258065
-17.5129032258
-7.36896551724
-9.16129032258
1.73666666667
5.27096774194
13.7333333333
13.6161290323
15.3774193548
6.99666666667
5.63548387097
-4.83333333333
-12.6806451613
-17.2161290323
-13.7892857143
-3.30967741935
3.49666666667
9.37419354839
10.4633333333
14.0290322581
12.7774193548
9.65333333333
2.34193548387
-7.49666666667
-19.1806451613
-14.3870967742
-13.8571428571
-4.31290322581
3.79
8.74193548387
12.51
16.6774193548
12.2774193548
9.95333333333
3.44516129032
-6.47666666667
-9.34838709677
-11.3866666667
-7.68571428571
-2.82580645161
2.98333333333
9.10967741935
13.45
17.3677419355
14.6451612903
9.79333333333
0.203225806452
-1.29
-7.43870967742
-17.564516129
-16.1482758621
-5.07666666667
0.22
8.5935483871
13.19
15.9806451613
16.2322580645
10.02
0.141935483871
-2.35333333333
-11.6548387097
-12.2633333333
-18.4357142857
-9.04193548387
0.53
6.8064516129
11.4433333333
15.8580645161
14.2566666667
8.40666666667
2.32903225806
-6.16666666667
-17.5225806452
-9.11935483871
-13.1642857143
-4.15806451613
1.96333333333
5.90967741935
13.7366666667
15.1806451613
14.6741935484
11.2333333333
2.26666666667
-2.37333333333
-13.2032258065
-16.3387096774
-11.5178571429
-4.85161290323
2.39
10.6096774194
15.4666666667
15.4967741935
14.3548387097
7.96551724138
0.725806451613
-9.17666666667
-12.6129032258
-12.0806451613
-8.01034482759
-5.89032258065
0.686666666667
7.38387096774
11.1333333333
12.4064516129
11.4870967742
7.41333333333
1.17419354839
-3.17666666667
-11.0806451613
-17.2161290323
-15.1321428571
-8.61935483871
-0.33
7.80967741935
11.1533333333
15.3290322581
14.4612903226
5.27666666667
-0.145161290323
-5.74482758621
-10.9266666667
-22.8612903226
-18.5407407407
-5.14
-0.0433333333333
6.70322580645
13.4833333333
14.1967741935
12.56
11.05
4.26774193548
-2.71379310345
-10.3290322581
-13.8903225806
-15.5037037037
-6.0
-1.47333333333
6.90322580645
14.7566666667
15.5193548387
16.9483870968
6.94482758621
2.74193548387
-8.41
-14.3580645161
-21.0387096774
-16.1724137931
-11.8935483871
-2.03
5.8
13.4233333333
13.6774193548
13.1903225806
9.09
1.74333333333
-8.73
-15.0483870968
-18.4741935484
-13.4928571429
-7.61333333333
-1.28
3.96333333333
13.1068965517
15.1933333333
12.5129032258
9.47
2.67741935484
-5.88333333333
-7.22580645161
-11.9064516129
-4.99285714286
-5.31034482759
2.84482758621
9.93333333333
12.31
15.0677419355
14.7129032258
10.4533333333
3.70666666667
-2.09333333333
-11.435483871
-17.9161290323
-8.53214285714
-5.89032258065
2.57666666667
9.26333333333
13.0666666667
17.1903225806
13.8032258065
7.77333333333
0.573333333333
-3.22666666667
-10.7225806452
-17.2096774194
-11.0344827586
-2.55161290323
NaN
8.41290322581
12.1766666667
NaN
14.4258064516
8.15333333333
3.36451612903
-4.31333333333
-19.7322580645
-14.15
-18.4214285714
-8.69032258065
2.06333333333
8.06451612903
13.19
15.164516129
15.2032258065
8.10666666667
0.870967741935
0.563333333333
-7.56129032258
-10.7838709677
-9.825
-10.3806451613
0.356666666667
4.62258064516
14.38
17.4580645161
13.9548387097
10.3833333333
0.5
-5.52
-9.76451612903
-15.8193548387
-18.1678571429
-7.81935483871
0.36
6.62903225806
11.98
14.7322580645
15.1387096774
8.86666666667
1.65806451613
-4.85
-9.73225806452
-17.4225806452
-13.3551724138
-4.80322580645
1.51
6.1064516129
11.1266666667
13.9612903226
10.5903225806
10.3566666667
3.38709677419
-2.68
-12.2774193548
-15.5322580645
-10.5928571429
-9.4
2.83
7.34666666667
14.7866666667
15.5838709677
13.6096774194
10.5448275862
3.11290322581
-4.0
NaN
-7.13870967742
-13.35
-5.38064516129
3.09333333333
8.69032258065
12.7033333333
16.4322580645
14.6258064516
7.24333333333
-0.5
-3.20666666667
-6.99032258065
-12.2451612903
-16.8214285714
-4.31612903226
0.313333333333
8.7064516129
13.2
14.9806451613
14.4741935484
9.77
6.03225806452
-4.33
-14.364516129
-16.5258064516
-17.7206896552
-11.63
-0.346666666667
4.70967741935
12.6366666667
15.0
12.7838709677
9.37333333333
2.12903225806
-4.40666666667
-18.264516129
-22.2064516129
-13.5071428571
-7.87096774194
0.24
6.83548387097
11.4933333333
11.8870967742
12.5870967742
9.62333333333
1.06451612903
-1.32333333333
-12.5225806452
-16.0774193548
-14.6892857143
-4.22903225806
3.23333333333
7.70967741935
13.44
16.6451612903
15.7870967742
7.37333333333
2.43870967742
-4.69
-14.6387096774
-17.9032258065
-15.1321428571
-10.0548387097
-0.03
7.36428571429
12.49
17.5258064516
14.1967741935
8.58333333333
3.2
-2.78620689655
-9.6064516129
-12.9933333333
-9.0724137931
0.89
1.13666666667
9.18064516129
12.8233333333
17.6806451613
12.7931034483
6.32666666667
-0.00666666666667
-4.17666666667
-9.72580645161
-15.6677419355
-14.3111111111
-11.4516129032
-2.09666666667
6.49032258065
13.2233333333
15.6516129032
13.735483871
9.03333333333
2.41935483871
-6.44666666667
-17.835483871
-22.3193548387
-22.3464285714
-12.2666666667
-1.61666666667
7.34193548387
14.3733333333
14.5612903226
14.664516129
8.4
1.64193548387
-9.2
-8.01290322581
-15.3258064516
-20.0428571429
-7.12903225806
0.853333333333
7.67096774194
13.0633333333
15.0290322581
13.6
12.42
2.71935483871
-1.19
-4.11290322581
-15.8064516129
-11.5379310345
-2.25806451613
1.03666666667
7.11935483871
13.78
15.7548387097
15.5935483871
11.9137931034
4.00967741935
-0.55
-11.43
-12.4580645161
-8.62142857143
-6.64838709677
1.83333333333
7.21935483871
12.82
15.1129032258
12.635483871
NaN
NaN
