NaN
7.31333333333
12.5846153846
NaN
NaN
9.61538461538
NaN
NaN
-12.3357142857
-14.9066666667
-13.8
-7.45333333333
-1.33
6.34193548387
12.11
13.9451612903
15.4967741935
8.73793103448
2.27333333333
-1.44615384615
-15.2903225806
-16.9034482759
-16.7214285714
0.112903225806
3.43448275862
4.23870967742
11.0066666667
13.4269230769
13.7137931034
9.00333333333
4.25161290323
-5.65333333333
-13.5482758621
-17.82
-8.89583333333
NaN
1.175
9.62
15.9285714286
13.3689655172
12.7806451613
9.78
2.16666666667
-9.51724137931
-7.68666666667
-27.5133333333
-17.6428571429
-12.53
1.72
7.89677419355
10.3285714286
15.0233333333
13.1677419355
9.71666666667
2.9935483871
-3.65
-10.6096774194
-15.4225806452
-18.4333333333
-9.83870967742
2.21
6.74137931034
12.9888888889
14.3161290323
NaN
NaN
1.63
-0.25
-6.64193548387
-9.74285714286
-19.5857142857
NaN
0.83
8.68333333333
14.2366666667
16.7129032258
15.7793103448
NaN
NaN
NaN
NaN
-18.224137931
-8.28333333333
-10.7862068966
4.87142857143
NaN
NaN
NaN
NaN
NaN
NaN
-3.01666666667
-10.6866666667
-16.3833333333
-16.1142857143
-7.59666666667
1.68620689655
6.96451612903
11.8965517241
19.0677419355
13.8566666667
8.27857142857
4.41
-5.18620689655
-17.6777777778
-21.7307692308
-22.4214285714
-9.0
-0.146666666667
3.21935483871
9.83
15.2838709677
12.4774193548
6.5275862069
-1.26774193548
-2.78965517241
-17.38
NaN
-14.6333333333
-4.74516129032
-1.65357142857
9.04838709677
11.92
13.3866666667
14.0838709677
4.47
4.26333333333
NaN
-5.67931034483
NaN
NaN
NaN
1.512
5.87419354839
15.0517241379
NaN
11.9633333333
NaN
NaN
NaN
-17.7571428571
-20.3178571429
-13.624137931
-6.98666666667
-1.79
5.85483870968
13.275862069
13.3161290323
10.8806451613
10.57
4.92580645161
-3.22666666667
-8.76896551724
-9.66333333333
-9.76538461538
-3.56666666667
3.72333333333
8.53870967742
14.63
17.7806451613
13.9806451613
11.58
4.64516129032
-4.68571428571
-9.6
-17.0703703704
-16.5391304348
-4.82903225806
1.25666666667
10.8129032258
13.72
13.1133333333
14.4258064516
10.87
4.29677419355
1.49655172414
-12.8258064516
-12.975862069
-20.8538461538
-11.1586206897
-0.29
6.33548387097
14.6833333333
15.3129032258
11.6064516129
9.71333333333
1.37
-2.02666666667
-6.26333333333
-23.4677419355
-13.8724137931
-7.18709677419
0.353571428571
3.63103448276
10.5333333333
12.6290322581
12.2451612903
5.76333333333
5.47096774194
-4.37037037037
-17.737037037
-16.2620689655
-12.075
-4.85806451613
3.05172413793
2.50967741935
13.1266666667
14.3193548387
13.37
13.4535714286
-1.35666666667
-4.07692307692
-13.72
-15.5066666667
-11.1
-11.5966666667
-1.48333333333
7.66129032258
9.76
15.4633333333
14.7516129032
9.13
1.85333333333
-7.51034482759
-15.5428571429
-16.3730769231
-9.6
-2.49666666667
1.4724137931
6.70322580645
10.2068965517
12.1451612903
9.04
11.93
2.91
-4.3
-18.6033333333
-13.2096774194
-10.2375
NaN
-2.15172413793
7.23666666667
9.44333333333
14.4896551724
13.264516129
6.82068965517
4.28387096774
-2.8
-9.31724137931
-24.3666666667
-21.537037037
-6.02258064516
1.21034482759
3.59677419355
9.72333333333
13.4
11.7612903226
8.43103448276
1.5275862069
-6.81666666667
-12.64
-21.2580645161
-10.1607142857
-6.33225806452
0.0866666666667
7.93870967742
11.9666666667
13.58
11.4322580645
7.02
3.03870967742
-3.23793103448
-9.03448275862
-7.99032258065
-6.40740740741
-4.82258064516
1.81
5.26
14.3566666667
14.3096774194
12.2516129032
12.42
5.71290322581
-0.556666666667
-5.69677419355
-13.924137931
-14.7931034483
NaN
-0.336666666667
NaN
14.1214285714
17.4285714286
NaN
NaN
2.0
NaN
NaN
NaN
NaN
NaN
NaN
9.37692307692
16.4724137931
17.0580645161
12.0612903226
11.8827586207
2.08518518519
-5.22333333333
-12.6774193548
-10.04
-13.3777777778
-8.06774193548
0.72
10.3206896552
NaN
15.6774193548
12.5387096774
8.37
4.99677419355
-1.17586206897
-15.7741935484
-18.3
-10.625
-5.16129032258
0.389655172414
4.33571428571
10.9423076923
18.1419354839
14.3838709677
8.88965517241
2.46451612903
-5.40333333333
-12.04
-19.4935483871
-24.5620689655
-5.97857142857
-2.36428571429
9.38214285714
10.0448275862
16.2903225806
15.7580645161
11.65
1.44
-5.57586206897
-11.1133333333
NaN
-15.3857142857
-9.24838709677
1.31333333333
8.56296296296
11.9266666667
NaN
17.7966666667
10.1066666667
2.40666666667
-5.46896551724
-13.0642857143
-15.13
-9.78214285714
-3.16774193548
1.67142857143
7.84444444444
12.7206896552
16.0966666667
NaN
NaN
NaN
-4.78
NaN
NaN
NaN
-7.50740740741
NaN
8.12962962963
NaN
NaN
NaN
NaN
2.29655172414
-6.62857142857
-8.48387096774
-19.6806451613
-12.9310344828
-11.7035714286
-1.60357142857
NaN
12.4538461538
15.2192307692
NaN
NaN
4.16785714286
-5.82592592593
-8.96774193548
-11.83
-13.7958333333
-9.46333333333
4.53571428571
9.66666666667
14.2857142857
NaN
13.6037037037
11.9965517241
4.48076923077
NaN
NaN
NaN
NaN
NaN
3.4
6.63548387097
12.8133333333
14.0129032258
13.9366666667
8.25666666667
1.47419354839
-5.50344827586
-14.7807692308
-18.9466666667
-14.8107142857
-11.1967741935
-1.09666666667
5.86129032258
14.3933333333
15.1290322581
14.6709677419
6.3
0.04
-5.71333333333
-11.3032258065
-10.5258064516
-12.4103448276
-7.92258064516
-1.13
9.67741935484
13.5965517241
13.17
14.02
9.88333333333
1.81935483871
0.12
-12.1838709677
-17.0290322581
-15.0857142857
-4.08620689655
0.626666666667
NaN
9.71333333333
13.9096774194
13.8193548387
NaN
0.390322580645
-4.94827586207
NaN
-15.2838709677
-14.35
NaN
NaN
NaN
NaN
NaN
NaN
NaN
NaN
-4.97666666667
-12.2838709677
-12.7387096774
-16.3576923077
-7.77419354839
NaN
3.19677419355
9.43333333333
12.235483871
16.0935483871
8.45333333333
4.89677419355
-8.64444444444
-14.864516129
-22.2
-17.304
-11.1633333333
0.686666666667
3.51290322581
8.42333333333
NaN
11.8838709677
10.1
1.70322580645
NaN
-12.2161290323
-14.6892857143
-15.6035714286
-7.09032258065
-2.09310344828
6.2064516129
NaN
15.9774193548
14.1466666667
NaN
2.49032258065
NaN
-11.8033333333
NaN
-17.6214285714
-10.1709677419
NaN
NaN
10.6633333333
11.3064516129
NaN
NaN
NaN
NaN
-17.9222222222
-18.7709677419
-13.4392857143
-10.4129032258
0.623333333333
9.41935483871
11.15
14.5064516129
13.1580645161
7.87
3.82903225806
-9.41666666667
-12.1903225806
-15.5193548387
-10.0862068966
NaN
0.88
6.68666666667
14.1833333333
15.6322580645
12.8857142857
8.27931034483
-3.21612903226
-4.06
-9.28387096774
-12.2516129032
-14.2892857143
-5.84516129032
-1.00689655172
6.56551724138
NaN
NaN
14.8419354839
8.40666666667
4.58387096774
-2.60333333333
-9.83548387097
-16.8483870968
-5.43214285714
-7.8
1.91
4.65483870968
NaN
15.7677419355
13.1225806452
9.77586206897
2.89677419355
-2.0275862069
-9.92903225806
-14.664516129
-15.2148148148
-8.94193548387
4.30333333333
8.43870967742
13.1538461538
18.7967741935
16.3580645161
8.88666666667
3.92258064516
-6.63333333333
-16.6038461538
-15.9769230769
-15.9344827586
-9.7
-1.25333333333
7.09
14.2233333333
13.6032258065
13.9161290323
6.37
5.6064516129
-4.96333333333
-9.77741935484
-18.7096774194
-11.8785714286
-6.60967741935
1.06333333333
5.92580645161
12.7833333333
16.5774193548
13.5161290323
7.07333333333
0.729032258065
-3.87333333333
-10.0774193548
-11.0612903226
-15.5142857143
-6.32258064516
0.546666666667
5.56153846154
8.92
12.235483871
12.7064516129
10.33
5.0
-3.44
-15.2193548387
-19.8064516129
-15.7107142857
-6.575
0.213333333333
10.0193548387
14.2233333333
14.5451612903
17.0096774194
9.96333333333
1.42666666667
-8.98461538462
-6.59032258065
NaN
-12.1827586207
NaN
2.18965517241
NaN
10.9481481481
13.2064516129
14.8225806452
10.2333333333
NaN
NaN
-12.3142857143
-15.7419354839
-9.64642857143
-3.61724137931
NaN
4.21290322581
11.2733333333
13.7516129032
13.935483871
8.93
3.70322580645
NaN
-12.8516129032
-17.0741935484
NaN
-7.58387096774
-1.22307692308
10.83
12.092
NaN
12.6931034483
7.02413793103
NaN
NaN
NaN
NaN
NaN
NaN
NaN
NaN
NaN
15.04
12.4275862069
10.2857142857
NaN
-1.81333333333
-16.5419354839
-11.5064516129
-10.8888888889
-7.9
1.79666666667
NaN
12.6833333333
16.2548387097
12.9903225806
9.5
NaN
-2.92666666667
-14.3
-18.2387096774
-17.2642857143
-11.3533333333
NaN
9.47741935484
11.8333333333
14.0233333333
NaN
8.06
3.59285714286
-3.46333333333
-5.94838709677
-21.8633333333
-14.3464285714
-4.12580645161
-0.03
NaN
12.6692307692
16.0857142857
12.7774193548
7.64666666667
2.19032258065
-4.85384615385
-11.4516129032
-14.8161290323
-18.8321428571
-6.45806451613
1.78
NaN
13.2233333333
13.8838709677
11.5483870968
7.15333333333
2.94516129032
-5.15
-9.96451612903
-14.7
-14.6724137931
-3.31290322581
2.27666666667
6.18387096774
13.5
14.8612903226
14.3935483871
9.33
4.80322580645
-3.18
-12.1451612903
-17.3806451613
-13.05
-11.6258064516
1.7
8.24516129032
10.8866666667
15.0741935484
14.2064516129
9.05666666667
1.88064516129
-5.05
-12.1096774194
-20.6483870968
-15.6884615385
-8.73225806452
1.88333333333
9.06666666667
NaN
15.3074074074
13.3677419355
9.75666666667
4.34333333333
-4.67857142857
-13.375
-21.1888888889
-14.8964285714
-9.74827586207
-0.343333333333
4.08076923077
14.18
13.3576923077
11.5137931034
10.5333333333
6.65806451613
-3.26666666667
-12.0387096774
-20.2387096774
-17.2115384615
-9.25806451613
NaN
7.51923076923
NaN
14.8214285714
15.1967741935
8.95384615385
2.33548387097
-2.20666666667
-14.8774193548
NaN
-11.175
-0.361290322581
1.25666666667
6.1935483871
13.9066666667
15.7387096774
15.8967741935
10.4035714286
6.51612903226
NaN
-12.5677419355
-13.2896551724
-14.6428571429
-5.42258064516
2.14666666667
7.16071428571
10.6448275862
16.6838709677
13.2192307692
6.41379310345
3.6
-2.19666666667
-8.0064516129
-14.72
-13.9714285714
-10.8774193548
-1.07666666667
9.01111111111
13.6133333333
16.3225806452
14.5161290323
7.76
3.7935483871
-2.3
-9.98709677419
-17.9066666667
-9.01071428571
-4.98709677419
2.66333333333
5.23548387097
12.9966666667
13.7677419355
13.7612903226
6.75
-0.590322580645
-10.2366666667
-18.7071428571
-22.9419354839
-12.2428571429
-1.49032258065
4.73
11.9935483871
13.08
16.864516129
12.2064516129
11.0766666667
2.54230769231
-4.59
-13.6
-20.7870967742
-20.3392857143
-9.28064516129
0.88
7.69642857143
12.5666666667
15.3666666667
13.9896551724
11.9033333333
2.75806451613
-7.0
-16.237037037
-22.8451612903
-19.8678571429
-6.07419354839
0.03
5.05666666667
11.7766666667
14.2064516129
13.9967741935
9.25333333333
2.32903225806
-4.39655172414
-9.23548387097
-15.5741935484
NaN
NaN
0.516666666667
6.9935483871
13.0366666667
15.5714285714
14.6935483871
NaN
-0.0933333333333
-4.25925925926
-12.6838709677
-15.5741935484
-11.55
-6.31538461538
2.96206896552
5.44838709677
12.268
15.0580645161
14.6225806452
NaN
NaN
NaN
-12.1677419355
-22.0806451613
-15.575
-6.84516129032
-1.18333333333
10.1548387097
9.33666666667
15.9967741935
13.664516129
10.0666666667
4.01612903226
-4.93448275862
-7.46774193548
-11.2225806452
-7.28214285714
-3.26129032258
-0.92
5.16451612903
12.4733333333
17.2483870968
16.5741935484
NaN
3.63548387097
-1.71
-19.664516129
-16.9064516129
-7.27586206897
-8.95483870968
1.73
5.66774193548
14.38
13.7419354839
15.4935483871
7.23333333333
5.36451612903
-4.57333333333
-11.935483871
-16.7387096774
-14.4214285714
-3.2935483871
4.02
9.15483870968
9.94333333333
13.3322580645
12.5741935484
9.92333333333
2.95161290323
-7.55666666667
-19.8129032258
-13.8903225806
-14.0285714286
-4.07096774194
3.35
8.20322580645
12.7033333333
16.8064516129
12.0838709677
10.1666666667
2.96774193548
-6.63
-8.78387096774
-10.7548387097
-7.66071428571
-2.95161290323
2.43666666667
9.1935483871
13.0933333333
17.6333333333
14.4193548387
9.33
-0.274193548387
-1.57666666667
-7.61612903226
-17.2741935484
-16.1793103448
-5.51612903226
-0.28
7.65483870968
12.6633333333
14.7935483871
16.6709677419
9.52333333333
-0.506451612903
-2.95333333333
-11.2806451613
-10.7548387097
-18.3428571429
-8.22258064516
0.373333333333
6.54193548387
11.4333333333
16.4451612903
14.2483870968
8.46333333333
2.50322580645
-6.3
-16.5064516129
-8.54516129032
-11.6642857143
-3.1
2.16333333333
5.91612903226
13.9766666667
15.364516129
14.9451612903
10.87
2.06774193548
-1.83
-13.7290322581
-16.1064516129
-10.8714285714
-4.08064516129
2.80333333333
11.3032258065
16.0666666667
15.4838709677
14.7838709677
9.46666666667
1.96774193548
-7.78333333333
-10.4516129032
NaN
-5.18965517241
-5.62903225806
1.41333333333
7.82903225806
10.6533333333
12.8161290323
11.5838709677
9.54
2.20967741935
-2.31666666667
-8.96774193548
-15.4548387097
-13.2321428571
-7.4
-0.156666666667
8.5064516129
11.7166666667
16.3451612903
15.5193548387
6.89
2.0064516129
-4.69333333333
-8.02580645161
-21.0322580645
-15.9785714286
-4.56774193548
1.09666666667
7.13225806452
14.5866666667
14.3
NaN
11.6266666667
5.97741935484
-1.36333333333
-8.07741935484
-11.4483870968
-11.4428571429
-2.93870967742
-0.49
6.10322580645
14.95
16.19
18.6258064516
8.16
NaN
-7.26
-11.6677419355
-18.5838709677
-12.5310344828
-9.42258064516
-0.7
6.53548387097
13.9033333333
14.0193548387
13.835483871
9.90666666667
3.29677419355
-6.81
-12.1903225806
-15.7516129032
-10.4607142857
-5.2
-0.236666666667
4.84838709677
13.0933333333
15.7548387097
13.7806451613
10.78
3.88709677419
-4.66333333333
-5.6
-9.83870967742
-4.02857142857
-3.77419354839
3.3
10.3580645161
12.65
15.7419354839
15.1032258065
11.0166666667
5.14516129032
-0.856666666667
-8.64516129032
-14.9741935484
-7.00357142857
-5.52258064516
3.11333333333
9.66451612903
13.7366666667
17.9032258065
14.3612903226
8.86333333333
2.19677419355
-1.75666666667
-10.1580645161
-15.035483871
-7.98275862069
-1.93870967742
0.8
9.03225806452
12.6633333333
15.6322580645
15.7064516129
9.11333333333
4.74838709677
-3.29666666667
-17.5064516129
-11.4161290323
-14.5785714286
-7.41612903226
3.64666666667
8.85483870968
13.4833333333
15.3258064516
15.6548387097
9.07
3.20967741935
1.90666666667
-5.94516129032
-8.14193548387
-6.45357142857
-7.7064516129
2.24333333333
5.49677419355
14.91
18.0451612903
15.0677419355
11.2666666667
1.71935483871
-4.44333333333
-8.04193548387
-14.0225806452
-15.0392857143
-5.75161290323
1.46
6.57096774194
11.8866666667
15.0612903226
15.0612903226
9.53333333333
2.78387096774
-3.36
-8.24193548387
-15.2741935484
-10.5206896552
-2.73548387097
1.0
6.83225806452
10.5433333333
13.7225806452
10.9193548387
10.7033333333
3.38709677419
-2.93
-10.6096774194
-13.5161290323
-9.05357142857
-8.41290322581
2.08
5.83870967742
14.9433333333
15.1774193548
12.935483871
10.5333333333
3.45483870968
-4.04666666667
-12.0322580645
-5.62258064516
-12.625
-5.76129032258
2.88666666667
7.80322580645
11.4433333333
15.7
13.8096774194
7.16333333333
0.0548387096774
-3.18333333333
-6.5064516129
-11.8258064516
-17.0678571429
-3.59032258065
-0.703333333333
8.67419354839
12.79
13.9258064516
14.2838709677
9.8
5.90967741935
-5.09333333333
-14.0612903226
-16.2
-16.9172413793
-9.02903225806
0.306666666667
4.01612903226
11.0
13.7225806452
11.3366666667
9.19666666667
1.38064516129
-5.1
-17.3322580645
-22.5806451613
-12.7785714286
-7.17419354839
-0.873333333333
5.6064516129
11.1133333333
10.5419354839
11.9225806452
8.24666666667
0.658064516129
-2.21666666667
-13.5290322581
-16.6580645161
-15.1214285714
-4.29032258065
2.38
6.10967741935
12.3833333333
15.6483870968
15.0741935484
7.25333333333
0.561290322581
-4.96
-15.3870967742
NaN
NaN
NaN
NaN
NaN
NaN
NaN
NaN
NaN
NaN
NaN
NaN
NaN
NaN
NaN
NaN
10.0741935484
14.2166666667
18.2419354839
13.6516129032
6.90666666667
1.55806451613
-2.55666666667
-8.65161290323
-12.4677419355
-11.85
-8.99677419355
-0.46
8.08387096774
13.9133333333
15.8225806452
14.2741935484
10.9766666667
3.59677419355
-4.42333333333
-14.9903225806
-19.7258064516
-20.4071428571
-9.26774193548
0.533333333333
7.75806451613
15.1233333333
14.5806451613
15.6064516129
9.42666666667
2.44516129032
-7.33666666667
-7.25806451613
-12.7064516129
-17.5357142857
-5.32258064516
1.55333333333
8.69677419355
14.0433333333
14.8483870968
14.3483870968
13.8966666667
3.40967741935
0.343333333333
-2.78387096774
-12.4967741935
-8.62068965517
-0.103225806452
2.72666666667
7.03870967742
14.5
16.5903225806
15.9935483871
12.9633333333
5.83548387097
0.0866666666667
-9.75483870968
-10.964516129
-6.81428571429
-4.64516129032
3.34333333333
7.24516129032
13.28
15.8193548387
13.4258064516
