0.0
NaN
NaN
NaN
NaN
NaN
NaN
NaN
NaN
NaN
NaN
NaN
25.0
NaN
0.0
NaN
NaN
NaN
NaN
NaN
NaN
0.0
NaN
NaN
NaN
5.0
NaN
NaN
NaN
127.0
NaN
0.0
0.0
0.0
0.0
0.0
0.0
0.0
0.0
0.0
25.0
0.0
0.0
0.0
0.0
0.0
0.0
0.0
0.0
0.0
0.0
0.0
0.0
0.0
0.0
0.0
0.0
0.0
0.0
0.0
NaN
0.0
0.0
0.0
0.0
0.0
25.0
10.0
0.0
0.0
0.0
0.0
0.0
0.0
0.0
0.0
41.0
0.0
0.0
0.0
0.0
0.0
0.0
25.0
0.0
0.0
0.0
0.0
0.0
51.0
0.0
NaN
NaN
NaN
NaN
NaN
25.0
0.0
NaN
NaN
NaN
64.0
NaN
48.0
NaN
0.0
NaN
NaN
NaN
NaN
NaN
241.0
NaN
NaN
NaN
28.0
262.0
NaN
NaN
NaN
NaN
64.0
0.0
191.0
30.0
0.0
0.0
0.0
0.0
0.0
0.0
0.0
0.0
0.0
0.0
86.0
0.0
0.0
0.0
86.0
0.0
0.0
254.0
0.0
0.0
0.0
102.0
0.0
0.0
0.0
0.0
0.0
0.0
0.0
79.0
18.0
41.0
0.0
0.0
0.0
0.0
0.0
64.0
0.0
0.0
64.0
267.0
0.0
0.0
0.0
0.0
0.0
0.0
0.0
0.0
0.0
0.0
0.0
0.0
0.0
0.0
0.0
0.0
0.0
58.0
0.0
0.0
69.0
28.0
38.0
20.0
0.0
0.0
0.0
76.0
0.0
38.0
0.0
25.0
0.0
0.0
0.0
0.0
0.0
137.0
0.0
0.0
0.0
0.0
185.0
0.0
25.0
0.0
0.0
10.0
0.0
0.0
0.0
170.0
112.0
5.0
391.0
170.0
0.0
0.0
0.0
0.0
0.0
0.0
262.0
0.0
0.0
43.0
0.0
0.0
109.0
0.0
0.0
0.0
0.0
140.0
0.0
71.0
5.0
140.0
0.0
0.0
33.0
0.0
0.0
0.0
711.0
0.0
0.0
0.0
0.0
0.0
0.0
48.0
69.0
18.0
0.0
0.0
51.0
102.0
0.0
0.0
0.0
81.0
0.0
0.0
0.0
0.0
0.0
0.0
0.0
0.0
0.0
0.0
0.0
0.0
0.0
0.0
0.0
0.0
284.0
0.0
0.0
0.0
0.0
0.0
0.0
0.0
0.0
0.0
0.0
0.0
0.0
0.0
0.0
0.0
0.0
38.0
0.0
0.0
0.0
0.0
0.0
0.0
0.0
0.0
0.0
15.0
0.0
0.0
0.0
0.0
0.0
0.0
0.0
0.0
0.0
0.0
0.0
0.0
0.0
0.0
0.0
0.0
0.0
64.0
0.0
0.0
0.0
0.0
0.0
191.0
0.0
0.0
13.0
107.0
13.0
0.0
0.0
0.0
0.0
0.0
0.0
0.0
0.0
0.0
64.0
25.0
0.0
38.0
20.0
0.0
0.0
0.0
0.0
0.0
0.0
0.0
0.0
0.0
0.0
0.0
0.0
13.0
0.0
0.0
0.0
0.0
0.0
0.0
0.0
0.0
0.0
0.0
0.0
0.0
0.0
0.0
0.0
0.0
0.0
13.0
0.0
0.0
0.0
0.0
25.0
0.0
0.0
0.0
25.0
25.0
NaN
NaN
NaN
NaN
NaN
NaN
0.0
NaN
NaN
0.0
NaN
NaN
NaN
0.0
38.0
3.0
NaN
NaN
NaN
0.0
NaN
8.0
0.0
NaN
NaN
NaN
NaN
NaN
5.0
0.0
38.0
0.0
25.0
0.0
0.0
0.0
38.0
18.0
0.0
0.0
0.0
25.0
0.0
0.0
0.0
0.0
0.0
0.0
25.0
0.0
13.0
51.0
0.0
0.0
0.0
0.0
0.0
25.0
0.0
0.0
3.0
76.0
38.0
0.0
0.0
0.0
0.0
0.0
102.0
38.0
0.0
0.0
0.0
0.0
0.0
0.0
0.0
0.0
0.0
0.0
38.0
0.0
0.0
0.0
0.0
0.0
0.0
0.0
0.0
0.0
25.0
0.0
38.0
0.0
0.0
0.0
25.0
0.0
0.0
0.0
0.0
0.0
0.0
25.0
0.0
38.0
0.0
0.0
38.0
0.0
0.0
0.0
0.0
0.0
0.0
0.0
0.0
38.0
0.0
0.0
0.0
0.0
0.0
0.0
0.0
127.0
0.0
0.0
0.0
0.0
0.0
0.0
0.0
0.0
127.0
0.0
0.0
0.0
165.0
0.0
0.0
0.0
0.0
0.0
64.0
216.0
114.0
0.0
0.0
0.0
0.0
0.0
406.0
25.0
43.0
0.0
0.0
127.0
0.0
0.0
0.0
292.0
0.0
0.0
0.0
89.0
0.0
0.0
0.0
0.0
0.0
15.0
0.0
0.0
0.0
274.0
0.0
198.0
0.0
0.0
0.0
0.0
0.0
0.0
0.0
0.0
0.0
0.0
152.0
0.0
0.0
0.0
0.0
0.0
13.0
0.0
160.0
0.0
0.0
0.0
0.0
25.0
0.0
5.0
0.0
0.0
0.0
102.0
0.0
0.0
0.0
0.0
0.0
224.0
0.0
15.0
0.0
0.0
0.0
0.0
0.0
0.0
30.0
0.0
0.0
0.0
0.0
0.0
0.0
0.0
0.0
368.0
76.0
25.0
0.0
0.0
38.0
0.0
0.0
0.0
0.0
0.0
241.0
0.0
0.0
0.0
0.0
0.0
0.0
0.0
76.0
127.0
0.0
0.0
0.0
0.0
0.0
0.0
0.0
0.0
0.0
0.0
0.0
0.0
0.0
0.0
0.0
0.0
0.0
0.0
254.0
0.0
0.0
0.0
0.0
23.0
0.0
0.0
0.0
0.0
51.0
0.0
0.0
0.0
0.0
0.0
0.0
0.0
0.0
0.0
0.0
0.0
0.0
0.0
0.0
0.0
0.0
0.0
3.0
0.0
0.0
178.0
0.0
0.0
0.0
0.0
0.0
0.0
0.0
3.0
0.0
0.0
0.0
0.0
0.0
0.0
0.0
0.0
0.0
0.0
0.0
0.0
0.0
0.0
0.0
0.0
0.0
0.0
0.0
0.0
0.0
0.0
0.0
0.0
0.0
NaN
NaN
NaN
NaN
NaN
NaN
NaN
NaN
NaN
NaN
NaN
NaN
NaN
NaN
NaN
NaN
NaN
NaN
NaN
NaN
NaN
NaN
NaN
NaN
NaN
NaN
76.0
NaN
NaN
NaN
NaN
NaN
NaN
NaN
NaN
NaN
NaN
NaN
NaN
NaN
NaN
NaN
NaN
NaN
NaN
NaN
NaN
NaN
NaN
NaN
NaN
NaN
NaN
NaN
NaN
NaN
NaN
3.0
0.0
0.0
0.0
0.0
0.0
305.0
0.0
0.0
0.0
0.0
0.0
0.0
0.0
0.0
0.0
0.0
0.0
0.0
0.0
0.0
0.0
0.0
0.0
0.0
51.0
51.0
0.0
0.0
13.0
0.0
0.0
76.0
51.0
0.0
0.0
0.0
38.0
0.0
25.0
0.0
25.0
0.0
0.0
0.0
0.0
0.0
0.0
0.0
0.0
20.0
0.0
0.0
0.0
0.0
61.0
25.0
0.0
0.0
183.0
38.0
0.0
NaN
NaN
0.0
NaN
NaN
51.0
5.0
NaN
NaN
33.0
0.0
NaN
NaN
NaN
NaN
NaN
NaN
NaN
NaN
30.0
145.0
NaN
NaN
NaN
NaN
33.0
NaN
81.0
NaN
NaN
NaN
NaN
NaN
97.0
NaN
NaN
13.0
NaN
NaN
NaN
NaN
NaN
NaN
NaN
NaN
NaN
NaN
NaN
25.0
51.0
30.0
206.0
51.0
NaN
251.0
NaN
38.0
305.0
NaN
NaN
99.0
25.0
0.0
0.0
0.0
0.0
0.0
0.0
0.0
0.0
0.0
0.0
226.0
51.0
0.0
0.0
0.0
28.0
0.0
76.0
0.0
0.0
25.0
241.0
0.0
0.0
0.0
79.0
0.0
0.0
0.0
0.0
0.0
0.0
0.0
61.0
0.0
0.0
0.0
0.0
0.0
559.0
0.0
25.0
152.0
0.0
0.0
216.0
0.0
79.0
0.0
119.0
0.0
0.0
323.0
0.0
0.0
25.0
0.0
0.0
0.0
0.0
89.0
25.0
81.0
36.0
0.0
0.0
0.0
0.0
0.0
0.0
109.0
0.0
0.0
0.0
69.0
175.0
0.0
18.0
0.0
0.0
0.0
0.0
0.0
5.0
0.0
0.0
0.0
0.0
0.0
0.0
0.0
0.0
0.0
0.0
0.0
0.0
89.0
102.0
127.0
0.0
0.0
76.0
0.0
0.0
0.0
0.0
0.0
0.0
0.0
0.0
0.0
0.0
0.0
18.0
0.0
0.0
64.0
0.0
0.0
0.0
0.0
0.0
0.0
0.0
51.0
25.0
0.0
0.0
0.0
0.0
0.0
0.0
0.0
0.0
102.0
0.0
51.0
0.0
0.0
0.0
0.0
0.0
0.0
0.0
0.0
0.0
0.0
0.0
0.0
0.0
38.0
0.0
0.0
0.0
0.0
0.0
0.0
0.0
0.0
0.0
25.0
0.0
0.0
0.0
0.0
25.0
0.0
NaN
0.0
0.0
0.0
0.0
13.0
0.0
0.0
13.0
0.0
0.0
0.0
0.0
38.0
0.0
0.0
