NaN
4.22258064516
-2.29666666667
-10.7548387097
-15.9387096774
-18.2137931034
-1.59677419355
1.64
12.1933333333
12.5482758621
18.1548387097
17.3129032258
14.2466666667
4.58064516129
-3.18
-5.97419354839
-11.8709677419
-9.33214285714
-4.13
4.07333333333
10.4214285714
14.7433333333
16.3451612903
18.1709677419
10.2766666667
4.26774193548
-4.89666666667
-7.99677419355
-10.0033333333
-2.72142857143
1.41612903226
5.31333333333
10.2806451613
14.0433333333
17.5580645161
17.3225806452
12.2566666667
6.60967741935
-1.14
-7.83548387097
-6.23225806452
-10.3357142857
-3.12666666667
2.50333333333
10.9419354839
15.7233333333
16.864516129
14.2379310345
11.94
3.78275862069
-2.14666666667
-4.76
-17.1548387097
-7.31379310345
-4.13548387097
2.59333333333
7.21935483871
15.4366666667
16.8032258065
16.0870967742
9.78666666667
5.62903225806
-3.70666666667
-4.71290322581
-6.83225806452
-9.85714285714
-4.32580645161
5.9
11.6903225806
15.0172413793
16.4419354839
16.4129032258
12.6166666667
6.57096774194
-0.52
-3.30322580645
-10.1838709677
-7.27142857143
-0.88275862069
4.97333333333
10.0064516129
15.92
17.0193548387
15.5129032258
11.12
4.10967741935
-0.833333333333
-10.0096774194
-12.1766666667
-8.29642857143
-5.7935483871
2.74666666667
8.42903225806
17.4266666667
17.3548387097
17.3
9.20333333333
4.03225806452
-4.06666666667
-8.25483870968
-7.15161290323
-7.70689655172
-3.92903225806
2.49666666667
12.6838709677
16.8
14.7774193548
15.8774193548
12.75
4.96451612903
2.52
-9.90967741935
-11.3225806452
-5.85714285714
2.24333333333
4.81333333333
6.73225806452
13.31
14.4741935484
16.0806451613
11.1862068966
3.56774193548
-1.45
-10.3774193548
-8.2935483871
-6.62857142857
2.65161290323
5.53666666667
8.30967741935
14.7366666667
15.8580645161
14.1935483871
9.60689655172
5.92903225806
-1.31666666667
-7.24333333333
-8.26451612903
NaN
NaN
NaN
8.12258064516
14.59
16.1161290323
21.2806451613
14.0
10.72
-2.26333333333
-5.52580645161
-11.4516129032
-8.74814814815
-3.03870967742
7.49666666667
8.9064516129
14.8
17.9161290323
17.4129032258
13.76
4.27741935484
1.25666666667
-6.10967741935
-9.66451612903
-8.61428571429
-2.02580645161
3.46333333333
11.7225806452
17.4433333333
19.9548387097
17.0258064516
8.94
7.67096774194
0.616666666667
-5.28333333333
-8.76129032258
-7.93571428571
-3.6064516129
0.886666666667
10.7548387097
14.9233333333
15.0548387097
14.7741935484
11.7666666667
7.91935483871
-4.54137931034
-11.3677419355
-10.764516129
-7.58571428571
-4.53225806452
3.33333333333
11.6096774194
14.5866666667
16.9161290323
16.3967741935
10.9766666667
7.45161290323
-4.24333333333
-8.5
-8.77419354839
-3.89310344828
-3.2064516129
4.47666666667
10.1290322581
18.3
18.8612903226
16.2483870968
11.2033333333
1.03870967742
-0.166666666667
-3.83870967742
-7.17741935484
-4.84285714286
-1.34838709677
2.55333333333
10.5161290323
17.6266666667
18.735483871
16.9161290323
11.57
7.53548387097
0.69
-5.26774193548
-9.45161290323
-2.01785714286
-3.45161290323
6.23
7.56774193548
18.0866666667
19.3064516129
17.4741935484
13.5366666667
6.73548387097
0.373333333333
-4.83870967742
-8.8064516129
-8.22857142857
-2.88064516129
8.00666666667
11.3032258065
14.37
21.5032258065
18.6741935484
12.46
6.52258064516
-4.01666666667
-8.81290322581
-9.9935483871
-7.03103448276
-3.00322580645
2.35666666667
11.264516129
17.4233333333
17.7032258065
17.864516129
11.2433333333
9.16129032258
-0.72
-5.32258064516
-12.3064516129
-3.28928571429
-1.85806451613
5.76333333333
10.4741935484
16.0266666667
19.9387096774
17.6903225806
11.42
5.20967741935
-0.103333333333
-3.86451612903
-7.68387096774
-12.4
-2.17741935484
4.93
9.84516129032
14.2366666667
16.9064516129
17.5258064516
12.5766666667
6.97096774194
0.74
-9.83870967742
-13.6161290323
-7.88928571429
-2.15483870968
4.24
12.7451612903
16.7433333333
17.535483871
20.4903225806
14.0933333333
5.86129032258
-4.86666666667
-2.22258064516
-7.94838709677
-9.88620689655
-10.6580645161
6.13666666667
9.98709677419
15.2
17.5387096774
18.5129032258
15.0466666667
6.63225806452
0.67
-8.19032258065
-10.5032258065
-4.95357142857
-0.212903225806
1.89
8.48387096774
15.3966666667
17.7580645161
17.9096774194
13.7833333333
7.97419354839
0.61
-8.7
-13.5193548387
-8.60714285714
-4.56774193548
3.76
14.4612903226
15.8033333333
17.1
16.9677419355
11.22
8.56129032258
0.0733333333333
-8.48709677419
-15.8548387097
-11.9642857143
0.274193548387
6.17
10.164516129
17.31
18.4032258065
NaN
13.3633333333
12.264516129
1.79666666667
-13.8161290323
-6.5935483871
-6.62413793103
-3.13870967742
5.31333333333
13.7677419355
16.5533333333
19.4387096774
15.864516129
13.2433333333
4.77419354839
1.70333333333
-8.15806451613
-10.6580645161
-9.175
-6.7935483871
4.66333333333
13.4096774194
15.4433333333
17.4806451613
16.9903225806
12.9866666667
6.85161290323
0.726666666667
-2.09677419355
-13.9129032258
-7.975
-0.71935483871
3.40333333333
7.76129032258
15.91
19.3903225806
15.7161290323
11.5966666667
5.81290322581
0.82
-5.8935483871
-7.8
-10.9142857143
-0.541935483871
5.89333333333
7.55161290323
16.7366666667
16.2709677419
14.7866666667
11.1866666667
6.23870967742
-1.22666666667
-5.0
-9.69677419355
-9.67931034483
-0.0838709677419
5.30666666667
8.78064516129
16.7966666667
17.8806451613
17.9774193548
12.75
7.46774193548
0.0206896551724
-7.34838709677
-11.4290322581
-5.70357142857
-4.82580645161
6.10333333333
10.7451612903
13.5333333333
19.2032258065
17.2548387097
12.8233333333
5.98064516129
-1.48333333333
-7.72903225806
-14.1032258065
-9.00714285714
-3.32903225806
5.51
12.8451612903
16.06
18.1612903226
17.3806451613
13.6666666667
8.08709677419
-0.11
-5.91612903226
-13.8709677419
-7.4
-2.97419354839
4.01
8.66129032258
18.5533333333
16.6709677419
15.9161290323
14.8866666667
10.2709677419
0.83
-3.18709677419
-11.8129032258
-10.7689655172
-2.6935483871
3.51333333333
11.5967741935
14.22
17.8935483871
18.1225806452
14.2
5.40322580645
-0.276666666667
-9.29677419355
-6.82258064516
-5.30357142857
3.0064516129
5.04
9.16774193548
16.9633333333
18.8161290323
18.4225806452
13.99
9.80322580645
0.663333333333
-8.23548387097
-9.61612903226
-6.73333333333
-0.970967741935
6.23666666667
10.435483871
13.9033333333
19.4935483871
16.0903225806
10.1033333333
6.65806451613
0.69
-4.97419354839
-7.97419354839
-7.09642857143
-5.34193548387
2.52333333333
12.1516129032
16.8233333333
18.1741935484
18.6483870968
10.74
6.6935483871
3.08666666667
-4.45806451613
-11.6774193548
-3.78275862069
-0.196774193548
5.99666666667
8.93870967742
15.4466666667
18.1483870968
15.7903225806
11.1533333333
3.47419354839
-5.65
-12.3806451613
-18.04
-7.59642857143
2.00967741935
7.85333333333
14.4806451613
15.9233333333
19.4806451613
16.4774193548
14.0266666667
5.97096774194
-0.443333333333
-9.1
NaN
-14.4714285714
-4.33225806452
5.07666666667
10.6096774194
16.2033333333
18.5870967742
17.2193548387
15.1233333333
5.9935483871
0.106666666667
-8.39032258065
-17.5548387097
-14.5928571429
-1.83548387097
3.40333333333
10.3161290323
15.5566666667
17.5967741935
17.7548387097
11.6666666667
5.93225806452
-1.46666666667
-4.85483870968
-8.19677419355
NaN
-3.53548387097
3.96551724138
10.6931034483
14.3607142857
19.775862069
19.0
12.6689655172
3.63548387097
-0.989655172414
-6.14666666667
-9.11612903226
-7.1
-1.51666666667
6.42692307692
8.65806451613
16.4724137931
17.8225806452
16.5193548387
11.5482758621
NaN
1.07586206897
-7.66333333333
-17.18
-10.0074074074
-4.66
2.06428571429
13.2870967742
12.8833333333
18.6068965517
16.9
12.4827586207
5.44333333333
-1.21
-3.46296296296
-6.66551724138
-5.41481481481
-0.912903225806
2.48
8.84516129032
16.0586206897
19.5620689655
19.9827586207
12.1689655172
6.58064516129
0.576666666667
-14.8903225806
-11.4806451613
-4.29310344828
-5.03225806452
3.848
8.06333333333
16.1896551724
16.0870967742
16.2161290323
10.3933333333
6.41612903226
-1.88571428571
-6.01724137931
-15.0366666667
-10.8642857143
-0.586666666667
5.00333333333
10.75
13.65
19.924137931
16.7857142857
13.68
6.31333333333
-2.46333333333
-15.0551724138
-8.83225806452
-8.96428571429
0.88064516129
6.27666666667
11.2870967742
18.062962963
20.63
NaN
14.04
5.29333333333
-4.03666666667
-5.96785714286
-8.65161290323
-5.00357142857
-0.806451612903
5.31333333333
12.3451612903
18.8866666667
20.4774193548
17.4548387097
12.53
2.94193548387
1.74827586207
-3.96129032258
-11.2451612903
-11.1068965517
-2.02903225806
3.77931034483
11.87
16.5724137931
19.6709677419
17.3483870968
10.4586206897
0.04
-3.00689655172
-9.71612903226
-6.28
-14.9
-4.17741935484
1.9
9.53225806452
15.55
19.4258064516
17.3193548387
10.3533333333
5.94838709677
-1.73333333333
-14.035483871
-4.25806451613
-5.16785714286
1.77096774194
4.92666666667
9.99677419355
17.2966666667
18.8322580645
18.1129032258
14.35
5.44838709677
2.35333333333
-8.48
-12.1322580645
-4.65
0.354838709677
7.30333333333
15.1225806452
18.41
18.6612903226
17.5419354839
12.6933333333
6.2935483871
-3.55666666667
-4.6064516129
-5.21290322581
-1.99655172414
0.232258064516
4.77333333333
10.1333333333
14.5066666667
17.4838709677
14.1483870968
11.95
5.58709677419
0.243333333333
-6.16129032258
-7.91290322581
-8.06071428571
-2.09677419355
4.20666666667
12.0066666667
15.5233333333
19.3548387097
18.9451612903
11.08
5.35806451613
-0.846666666667
-4.97096774194
-13.9451612903
-10.2857142857
-1.1064516129
4.92
10.2064516129
17.04
17.6709677419
16.3451612903
12.6133333333
8.26774193548
1.93333333333
-2.76129032258
-9.32666666667
-7.02222222222
-0.296774193548
3.41851851852
10.2129032258
17.5
18.5066666667
20.9870967742
11.3966666667
5.92903225806
-4.33666666667
-6.84193548387
-11.1838709677
-8.29655172414
-4.75161290323
2.93793103448
9.95483870968
17.0862068966
16.9161290323
17.3290322581
12.1566666667
6.91935483871
-3.02333333333
-6.77419354839
-13.0096774194
-4.77142857143
-0.396774193548
2.99333333333
8.19677419355
16.7
18.8333333333
16.5774193548
13.9966666667
6.85161290323
-0.603333333333
-4.45925925926
-6.23225806452
0.728571428571
0.058064516129
6.32333333333
14.364516129
16.0586206897
19.0903225806
19.0580645161
15.6666666667
7.96774193548
2.17666666667
-4.43548387097
-9.88709677419
-2.29642857143
-2.01935483871
7.12666666667
12.6903225806
17.1035714286
20.6451612903
16.5161290323
10.4066666667
5.55862068966
1.34
-5.89333333333
-8.96
-2.57857142857
1.69333333333
5.17666666667
12.2161290323
15.5846153846
17.8689655172
19.0935483871
13.24
8.36774193548
-2.33793103448
-14.5733333333
-10.0709677419
-8.4962962963
-3.37096774194
7.62413793103
12.3466666667
15.6633333333
19.9
18.3903225806
12.13
5.98064516129
4.72333333333
-3.17741935484
-4.83548387097
-4.62142857143
-3.41612903226
5.83333333333
9.43548387097
17.5933333333
19.9838709677
18.0935483871
13.5833333333
5.18064516129
-1.96
-5.06774193548
-10.1225806452
-10.2892857143
-2.8
5.88666666667
10.0322580645
15.0166666667
18.5161290323
18.4838709677
11.19
5.80322580645
0.0
-3.64333333333
-10.3967741935
-7.65517241379
1.47096774194
6.16666666667
12.835483871
15.96
17.4935483871
14.4290322581
13.04
7.55161290323
2.72333333333
-5.71935483871
-7.94838709677
-2.87142857143
-1.82903225806
7.35
9.33870967742
18.6633333333
19.13
17.8838709677
15.25
7.34838709677
0.183333333333
-9.37096774194
-1.64838709677
-7.36071428571
-0.203225806452
7.14666666667
11.6483870968
16.24
20.0677419355
18.7032258065
11.4866666667
4.47096774194
0.833333333333
-3.19032258065
-8.99333333333
-11.6535714286
2.49032258065
3.60333333333
13.9433333333
16.6931034483
17.6806451613
20.1806451613
13.2566666667
9.74838709677
-0.71
-7.38709677419
-10.564516129
-10.9413793103
-2.2935483871
4.96
9.73548387097
16.8
18.2935483871
16.6096774194
13.78
6.42258064516
0.0633333333333
-11.4322580645
-14.0870967742
-5.93214285714
-0.258064516129
4.27666666667
10.7466666667
16.95
15.9064516129
16.3677419355
12.74
4.94838709677
3.4
-7.44
-11.6724137931
-10.2
1.58064516129
8.34333333333
11.7580645161
18.1533333333
20.2903225806
19.1838709677
13.2172413793
5.94838709677
0.203333333333
-9.58709677419
NaN
NaN
NaN
NaN
NaN
NaN
NaN
NaN
NaN
NaN
NaN
NaN
NaN
NaN
NaN
NaN
NaN
NaN
21.1903225806
15.9483870968
10.2066666667
4.28709677419
-1.09
-4.99677419355
-9.58387096774
-7.28571428571
-5.34193548387
2.90333333333
11.2064516129
16.9633333333
17.5193548387
16.4387096774
13.1233333333
5.37096774194
-3.56333333333
-12.1903225806
-16.2709677419
-16.9178571429
-7.2064516129
2.70689655172
10.4322580645
16.96
15.1451612903
17.6548387097
10.53
5.08064516129
-5.91
-4.31290322581
-11.3290322581
-15.4035714286
-4.98064516129
3.63333333333
11.2032258065
16.1866666667
17.7387096774
15.9516129032
14.9448275862
6.07666666667
-0.233333333333
-1.03870967742
-9.81935483871
-5.56551724138
0.574193548387
4.52
10.5551724138
17.11
18.3074074074
18.6037037037
15.13
8.54193548387
1.67333333333
-7.75483870968
-7.00322580645
-4.36428571429
-1.01935483871
5.63
9.67741935484
15.91
18.0580645161
14.8064516129
12.2333333333
NaN
