NaN
NaN
NaN
NaN
NaN
140.0
NaN
NaN
NaN
NaN
NaN
305.0
NaN
NaN
NaN
NaN
NaN
NaN
NaN
NaN
NaN
8.0
NaN
NaN
18.0
NaN
NaN
NaN
NaN
NaN
0.0
0.0
0.0
0.0
33.0
0.0
0.0
0.0
0.0
0.0
0.0
0.0
0.0
NaN
0.0
0.0
NaN
NaN
0.0
NaN
0.0
0.0
0.0
0.0
28.0
0.0
0.0
0.0
0.0
0.0
0.0
0.0
NaN
0.0
NaN
0.0
0.0
0.0
0.0
0.0
0.0
0.0
0.0
0.0
8.0
0.0
0.0
0.0
0.0
13.0
0.0
0.0
61.0
0.0
0.0
0.0
18.0
0.0
0.0
0.0
0.0
0.0
0.0
0.0
48.0
0.0
0.0
0.0
0.0
0.0
0.0
0.0
0.0
0.0
147.0
0.0
0.0
0.0
0.0
0.0
23.0
0.0
0.0
NaN
NaN
0.0
0.0
0.0
0.0
0.0
NaN
0.0
0.0
0.0
0.0
0.0
0.0
0.0
0.0
0.0
295.0
0.0
18.0
0.0
0.0
0.0
0.0
0.0
0.0
300.0
0.0
0.0
0.0
33.0
0.0
0.0
0.0
0.0
0.0
0.0
64.0
104.0
0.0
0.0
0.0
127.0
0.0
0.0
0.0
0.0
86.0
0.0
0.0
191.0
127.0
0.0
0.0
0.0
0.0
0.0
0.0
0.0
18.0
462.0
10.0
0.0
0.0
0.0
0.0
0.0
0.0
0.0
0.0
10.0
0.0
0.0
97.0
0.0
53.0
0.0
356.0
0.0
36.0
0.0
0.0
5.0
0.0
74.0
0.0
0.0
0.0
0.0
0.0
28.0
0.0
25.0
0.0
0.0
71.0
0.0
0.0
0.0
251.0
0.0
58.0
0.0
107.0
0.0
0.0
0.0
58.0
0.0
185.0
0.0
0.0
0.0
25.0
0.0
0.0
0.0
0.0
0.0
307.0
185.0
41.0
0.0
0.0
0.0
0.0
0.0
0.0
0.0
0.0
0.0
234.0
0.0
0.0
0.0
0.0
180.0
0.0
0.0
0.0
0.0
0.0
0.0
142.0
0.0
0.0
20.0
53.0
0.0
0.0
0.0
0.0
0.0
0.0
0.0
0.0
0.0
0.0
0.0
0.0
0.0
0.0
0.0
97.0
0.0
20.0
0.0
0.0
91.0
0.0
41.0
71.0
0.0
0.0
97.0
13.0
0.0
33.0
0.0
0.0
579.0
0.0
0.0
0.0
0.0
0.0
0.0
0.0
0.0
0.0
0.0
0.0
762.0
0.0
0.0
0.0
0.0
0.0
0.0
0.0
0.0
0.0
0.0
0.0
0.0
25.0
0.0
282.0
0.0
0.0
0.0
0.0
0.0
0.0
0.0
0.0
0.0
0.0
0.0
0.0
0.0
NaN
0.0
0.0
0.0
0.0
0.0
0.0
0.0
0.0
0.0
0.0
0.0
0.0
0.0
201.0
0.0
0.0
0.0
0.0
0.0
0.0
0.0
0.0
0.0
0.0
0.0
NaN
NaN
NaN
0.0
0.0
0.0
0.0
13.0
0.0
0.0
0.0
0.0
0.0
5.0
0.0
0.0
0.0
0.0
0.0
0.0
0.0
89.0
178.0
0.0
0.0
0.0
0.0
0.0
0.0
185.0
124.0
0.0
0.0
0.0
0.0
0.0
58.0
0.0
5.0
0.0
0.0
0.0
0.0
0.0
0.0
0.0
0.0
0.0
0.0
0.0
0.0
0.0
0.0
0.0
323.0
175.0
0.0
86.0
0.0
0.0
0.0
0.0
0.0
0.0
0.0
0.0
0.0
0.0
0.0
0.0
0.0
0.0
508.0
0.0
0.0
0.0
0.0
0.0
0.0
0.0
0.0
0.0
0.0
508.0
0.0
0.0
762.0
0.0
0.0
201.0
0.0
0.0
0.0
0.0
0.0
0.0
0.0
0.0
0.0
0.0
0.0
0.0
221.0
0.0
0.0
0.0
0.0
104.0
0.0
0.0
0.0
0.0
0.0
0.0
0.0
0.0
272.0
23.0
0.0
0.0
0.0
0.0
0.0
0.0
0.0
0.0
1080.0
0.0
762.0
0.0
0.0
0.0
254.0
0.0
0.0
0.0
0.0
56.0
0.0
76.0
0.0
0.0
36.0
0.0
203.0
213.0
81.0
201.0
0.0
0.0
0.0
0.0
0.0
0.0
0.0
452.0
102.0
0.0
0.0
0.0
0.0
0.0
0.0
0.0
102.0
0.0
0.0
48.0
0.0
0.0
86.0
30.0
0.0
1270.0
0.0
0.0
0.0
0.0
0.0
0.0
284.0
0.0
0.0
0.0
0.0
0.0
81.0
0.0
0.0
0.0
0.0
145.0
23.0
0.0
0.0
0.0
0.0
0.0
0.0
13.0
0.0
0.0
267.0
10.0
30.0
0.0
0.0
0.0
51.0
28.0
0.0
0.0
0.0
0.0
0.0
0.0
0.0
0.0
0.0
0.0
0.0
0.0
0.0
102.0
0.0
142.0
147.0
0.0
0.0
0.0
76.0
0.0
0.0
0.0
0.0
0.0
0.0
0.0
0.0
0.0
0.0
30.0
23.0
0.0
213.0
0.0
0.0
0.0
0.0
15.0
0.0
0.0
0.0
0.0
0.0
0.0
0.0
0.0
0.0
0.0
0.0
0.0
0.0
102.0
0.0
53.0
0.0
0.0
137.0
0.0
0.0
0.0
0.0
0.0
0.0
0.0
0.0
0.0
25.0
0.0
0.0
234.0
0.0
0.0
0.0
0.0
0.0
0.0
0.0
0.0
0.0
0.0
0.0
0.0
0.0
0.0
48.0
0.0
0.0
0.0
0.0
0.0
0.0
0.0
0.0
0.0
0.0
NaN
NaN
0.0
0.0
114.0
0.0
0.0
0.0
0.0
0.0
0.0
0.0
0.0
0.0
0.0
0.0
0.0
0.0
0.0
0.0
0.0
0.0
0.0
0.0
0.0
0.0
0.0
102.0
20.0
0.0
0.0
0.0
0.0
0.0
0.0
0.0
0.0
0.0
0.0
0.0
0.0
0.0
0.0
0.0
0.0
0.0
0.0
0.0
0.0
0.0
0.0
56.0
58.0
0.0
0.0
0.0
0.0
0.0
0.0
0.0
0.0
0.0
0.0
0.0
165.0
36.0
0.0
61.0
0.0
0.0
0.0
0.0
0.0
0.0
0.0
0.0
0.0
0.0
0.0
0.0
0.0
0.0
0.0
0.0
1016.0
0.0
0.0
0.0
0.0
0.0
0.0
0.0
0.0
0.0
