0.0
0.0
0.0
0.0
0.0
0.0
0.0
0.0
0.0
0.0
0.0
0.0
0.0
0.0
0.0
0.0
0.0
10.0
0.0
191.0
5.0
0.0
0.0
0.0
0.0
0.0
0.0
0.0
0.0
25.0
0.0
0.0
0.0
0.0
0.0
0.0
0.0
8.0
140.0
0.0
0.0
0.0
8.0
79.0
0.0
0.0
0.0
0.0
0.0
0.0
0.0
0.0
279.0
0.0
0.0
0.0
0.0
231.0
0.0
8.0
0.0
0.0
0.0
0.0
51.0
0.0
0.0
0.0
0.0
0.0
0.0
64.0
69.0
10.0
0.0
0.0
0.0
0.0
0.0
0.0
0.0
0.0
0.0
13.0
0.0
0.0
0.0
0.0
0.0
0.0
0.0
28.0
28.0
0.0
NaN
43.0
246.0
0.0
0.0
0.0
0.0
0.0
3.0
33.0
0.0
165.0
84.0
0.0
0.0
229.0
74.0
0.0
0.0
0.0
0.0
0.0
112.0
0.0
0.0
0.0
0.0
25.0
0.0
0.0
0.0
226.0
0.0
0.0
163.0
0.0
0.0
0.0
0.0
0.0
0.0
0.0
0.0
0.0
13.0
61.0
0.0
0.0
0.0
0.0
0.0
0.0
0.0
0.0
165.0
0.0
15.0
30.0
173.0
0.0
0.0
0.0
119.0
0.0
28.0
58.0
0.0
46.0
0.0
0.0
0.0
0.0
97.0
0.0
0.0
53.0
0.0
0.0
0.0
0.0
71.0
348.0
20.0
122.0
69.0
0.0
0.0
0.0
15.0
0.0
43.0
345.0
191.0
28.0
381.0
18.0
5.0
0.0
180.0
0.0
193.0
13.0
0.0
0.0
0.0
234.0
69.0
0.0
0.0
188.0
0.0
0.0
48.0
18.0
15.0
0.0
41.0
0.0
0.0
0.0
0.0
119.0
0.0
0.0
0.0
0.0
25.0
28.0
0.0
0.0
0.0
0.0
89.0
0.0
0.0
0.0
0.0
13.0
117.0
0.0
0.0
61.0
0.0
0.0
0.0
0.0
0.0
262.0
0.0
0.0
0.0
51.0
0.0
0.0
0.0
94.0
0.0
0.0
0.0
0.0
0.0
0.0
102.0
0.0
15.0
64.0
0.0
0.0
84.0
0.0
51.0
0.0
0.0
0.0
0.0
490.0
0.0
0.0
0.0
0.0
0.0
0.0
0.0
0.0
0.0
0.0
0.0
0.0
0.0
69.0
0.0
0.0
13.0
0.0
30.0
0.0
0.0
0.0
0.0
0.0
0.0
0.0
0.0
0.0
0.0
0.0
0.0
102.0
0.0
0.0
0.0
69.0
0.0
0.0
0.0
0.0
0.0
0.0
0.0
0.0
0.0
0.0
0.0
0.0
0.0
0.0
0.0
0.0
0.0
0.0
0.0
0.0
38.0
0.0
0.0
0.0
0.0
236.0
46.0
20.0
0.0
0.0
0.0
0.0
0.0
0.0
0.0
0.0
0.0
0.0
0.0
0.0
0.0
0.0
0.0
0.0
0.0
0.0
0.0
0.0
0.0
0.0
0.0
0.0
25.0
0.0
18.0
15.0
0.0
0.0
0.0
0.0
0.0
0.0
0.0
0.0
0.0
0.0
0.0
0.0
0.0
25.0
0.0
0.0
0.0
0.0
0.0
0.0
0.0
0.0
0.0
0.0
0.0
0.0
157.0
84.0
51.0
0.0
0.0
0.0
8.0
279.0
0.0
0.0
0.0
112.0
0.0
0.0
0.0
0.0
0.0
0.0
0.0
0.0
0.0
0.0
0.0
0.0
25.0
0.0
0.0
0.0
0.0
0.0
0.0
10.0
0.0
0.0
0.0
0.0
76.0
211.0
0.0
0.0
0.0
28.0
5.0
0.0
0.0
0.0
0.0
13.0
8.0
0.0
152.0
0.0
0.0
0.0
127.0
0.0
0.0
0.0
0.0
0.0
51.0
0.0
3.0
0.0
0.0
0.0
282.0
114.0
0.0
0.0
0.0
0.0
0.0
0.0
81.0
58.0
0.0
53.0
208.0
0.0
0.0
15.0
5.0
0.0
315.0
51.0
0.0
0.0
236.0
0.0
0.0
0.0
211.0
0.0
0.0
0.0
0.0
0.0
0.0
0.0
0.0
0.0
0.0
0.0
0.0
3.0
145.0
0.0
0.0
0.0
0.0
0.0
0.0
0.0
0.0
15.0
0.0
0.0
0.0
0.0
0.0
109.0
0.0
0.0
28.0
0.0
0.0
0.0
0.0
NaN
18.0
NaN
NaN
NaN
356.0
185.0
NaN
NaN
NaN
NaN
381.0
373.0
NaN
NaN
NaN
NaN
NaN
NaN
76.0
NaN
102.0
NaN
NaN
NaN
NaN
NaN
NaN
NaN
249.0
NaN
NaN
NaN
NaN
NaN
142.0
NaN
33.0
117.0
NaN
NaN
NaN
NaN
30.0
33.0
NaN
NaN
NaN
NaN
NaN
NaN
NaN
NaN
5.0
434.0
335.0
NaN
NaN
NaN
262.0
84.0
0.0
0.0
0.0
30.0
0.0
0.0
0.0
140.0
46.0
0.0
0.0
0.0
0.0
0.0
0.0
0.0
64.0
0.0
0.0
0.0
66.0
71.0
0.0
0.0
0.0
0.0
198.0
0.0
0.0
0.0
NaN
NaN
NaN
NaN
470.0
170.0
277.0
NaN
NaN
NaN
356.0
470.0
20.0
NaN
NaN
NaN
NaN
33.0
NaN
NaN
NaN
NaN
NaN
NaN
NaN
46.0
NaN
NaN
NaN
NaN
NaN
0.0
0.0
0.0
36.0
0.0
0.0
0.0
0.0
0.0
0.0
0.0
0.0
0.0
0.0
0.0
58.0
0.0
0.0
0.0
0.0
0.0
0.0
0.0
0.0
493.0
394.0
0.0
0.0
0.0
0.0
0.0
0.0
180.0
0.0
0.0
0.0
0.0
28.0
0.0
0.0
0.0
0.0
0.0
0.0
0.0
99.0
0.0
0.0
0.0
0.0
0.0
229.0
191.0
127.0
0.0
0.0
0.0
0.0
0.0
0.0
0.0
0.0
0.0
0.0
0.0
0.0
0.0
0.0
0.0
0.0
10.0
3.0
5.0
15.0
28.0
0.0
0.0
122.0
277.0
0.0
76.0
3.0
46.0
132.0
0.0
0.0
0.0
0.0
0.0
0.0
0.0
0.0
119.0
8.0
0.0
0.0
0.0
0.0
0.0
0.0
0.0
0.0
0.0
165.0
0.0
64.0
0.0
279.0
0.0
0.0
0.0
0.0
0.0
122.0
0.0
0.0
0.0
0.0
0.0
0.0
0.0
0.0
0.0
0.0
0.0
38.0
51.0
0.0
102.0
0.0
0.0
0.0
0.0
0.0
51.0
0.0
0.0
0.0
0.0
0.0
0.0
0.0
0.0
0.0
0.0
0.0
254.0
0.0
0.0
0.0
0.0
0.0
0.0
13.0
3.0
NaN
211.0
NaN
NaN
NaN
NaN
NaN
NaN
NaN
0.0
13.0
0.0
NaN
NaN
64.0
NaN
NaN
NaN
NaN
NaN
NaN
NaN
NaN
NaN
NaN
NaN
NaN
38.0
NaN
0.0
0.0
0.0
0.0
0.0
0.0
0.0
0.0
25.0
0.0
0.0
0.0
0.0
0.0
0.0
25.0
102.0
25.0
0.0
0.0
0.0
0.0
0.0
0.0
0.0
140.0
76.0
0.0
0.0
0.0
0.0
0.0
3.0
0.0
0.0
0.0
0.0
0.0
0.0
0.0
0.0
0.0
0.0
0.0
0.0
0.0
0.0
36.0
0.0
0.0
0.0
0.0
0.0
66.0
0.0
0.0
0.0
0.0
0.0
0.0
0.0
25.0
0.0
30.0
18.0
0.0
0.0
0.0
0.0
0.0
0.0
0.0
0.0
0.0
196.0
20.0
51.0
0.0
0.0
81.0
170.0
64.0
0.0
0.0
140.0
0.0
0.0
0.0
0.0
84.0
163.0
163.0
0.0
0.0
0.0
224.0
38.0
0.0
0.0
216.0
0.0
0.0
0.0
0.0
0.0
0.0
0.0
0.0
124.0
221.0
0.0
368.0
0.0
0.0
0.0
0.0
0.0
216.0
0.0
0.0
0.0
5.0
0.0
56.0
0.0
0.0
0.0
0.0
38.0
28.0
0.0
0.0
0.0
5.0
0.0
0.0
0.0
0.0
0.0
0.0
0.0
0.0
0.0
0.0
0.0
0.0
292.0
0.0
0.0
0.0
0.0
0.0
30.0
0.0
0.0
0.0
0.0
0.0
0.0
0.0
0.0
218.0
229.0
0.0
71.0
396.0
0.0
0.0
0.0
0.0
0.0
0.0
0.0
0.0
0.0
0.0
0.0
318.0
353.0
0.0
0.0
0.0
0.0
0.0
0.0
0.0
0.0
69.0
0.0
0.0
0.0
0.0
0.0
0.0
0.0
0.0
480.0
0.0
15.0
0.0
0.0
0.0
0.0
91.0
0.0
5.0
0.0
0.0
0.0
0.0
0.0
5.0
0.0
23.0
191.0
0.0
191.0
0.0
0.0
64.0
0.0
0.0
0.0
0.0
0.0
0.0
0.0
0.0
0.0
0.0
25.0
0.0
0.0
0.0
89.0
241.0
0.0
142.0
0.0
0.0
0.0
0.0
0.0
0.0
0.0
142.0
147.0
64.0
0.0
0.0
0.0
0.0
0.0
0.0
0.0
0.0
0.0
0.0
0.0
0.0
0.0
0.0
0.0
97.0
0.0
0.0
0.0
0.0
5.0
0.0
0.0
0.0
0.0
0.0
0.0
0.0
0.0
48.0
0.0
0.0
0.0
0.0
0.0
0.0
0.0
0.0
0.0
0.0
0.0
0.0
0.0
0.0
0.0
0.0
0.0
0.0
5.0
0.0
0.0
432.0
0.0
0.0
0.0
0.0
0.0
38.0
0.0
0.0
0.0
0.0
0.0
0.0
0.0
0.0
0.0
178.0
0.0
0.0
0.0
0.0
0.0
0.0
0.0
0.0
8.0
0.0
0.0
0.0
0.0
0.0
381.0
51.0
0.0
0.0
64.0
0.0
0.0
0.0
0.0
0.0
0.0
0.0
0.0
0.0
8.0
13.0
173.0
33.0
0.0
0.0
127.0
0.0
0.0
0.0
0.0
0.0
0.0
0.0
3.0
8.0
165.0
0.0
5.0
0.0
0.0
0.0
0.0
0.0
5.0
20.0
112.0
0.0
0.0
0.0
0.0
0.0
18.0
0.0
0.0
0.0
140.0
0.0
69.0
0.0
76.0
0.0
0.0
0.0
0.0
0.0
13.0
0.0
25.0
0.0
0.0
0.0
0.0
8.0
10.0
259.0
0.0
0.0
0.0
0.0
71.0
0.0
0.0
0.0
0.0
0.0
0.0
0.0
0.0
0.0
0.0
0.0
0.0
0.0
213.0
0.0
0.0
0.0
5.0
0.0
0.0
127.0
66.0
290.0
25.0
0.0
0.0
0.0
0.0
0.0
79.0
23.0
267.0
130.0
0.0
0.0
0.0
76.0
15.0
0.0
13.0
3.0
0.0
0.0
0.0
0.0
48.0
157.0
43.0
58.0
58.0
0.0
0.0
0.0
0.0
0.0
0.0
0.0
0.0
0.0
0.0
0.0
0.0
0.0
0.0
0.0
0.0
0.0
0.0
0.0
201.0
43.0
0.0
0.0
0.0
0.0
0.0
51.0
0.0
0.0
3.0
0.0
0.0
0.0
0.0
0.0
23.0
0.0
0.0
0.0
0.0
0.0
0.0
0.0
0.0
0.0
0.0
0.0
0.0
0.0
0.0
0.0
0.0
0.0
325.0
8.0
33.0
46.0
0.0
0.0
0.0
NaN
NaN
NaN
NaN
NaN
NaN
NaN
NaN
NaN
NaN
NaN
NaN
NaN
NaN
NaN
NaN
NaN
NaN
89.0
NaN
NaN
NaN
84.0
NaN
NaN
NaN
NaN
NaN
NaN
NaN
NaN
0.0
0.0
0.0
0.0
0.0
0.0
33.0
0.0
0.0
13.0
0.0
0.0
0.0
0.0
0.0
0.0
0.0
0.0
0.0
0.0
0.0
0.0
48.0
516.0
5.0
0.0
0.0
8.0
0.0
0.0
0.0
0.0
0.0
0.0
0.0
168.0
0.0
196.0
56.0
5.0
84.0
5.0
0.0
536.0
0.0
132.0
254.0
5.0
140.0
0.0
0.0
33.0
0.0
0.0
61.0
465.0
107.0
0.0
295.0
145.0
3.0
69.0
119.0
0.0
56.0
0.0
3.0
18.0
0.0
0.0
0.0
0.0
0.0
0.0
0.0
0.0
28.0
66.0
0.0
0.0
20.0
157.0
94.0
0.0
0.0
0.0
0.0
0.0
0.0
0.0
69.0
3.0
0.0
0.0
0.0
0.0
0.0
130.0
0.0
0.0
0.0
18.0
0.0
38.0
0.0
0.0
0.0
0.0
300.0
0.0
0.0
0.0
0.0
0.0
30.0
0.0
0.0
0.0
0.0
89.0
38.0
0.0
NaN
NaN
0.0
NaN
NaN
NaN
NaN
38.0
20.0
69.0
NaN
NaN
NaN
NaN
NaN
48.0
NaN
NaN
NaN
97.0
33.0
NaN
NaN
NaN
NaN
137.0
3.0
NaN
0.0
41.0
NaN
0.0
5.0
0.0
0.0
0.0
30.0
0.0
18.0
0.0
0.0
46.0
13.0
0.0
0.0
0.0
0.0
0.0
249.0
0.0
0.0
0.0
0.0
0.0
0.0
0.0
0.0
0.0
0.0
0.0
0.0
0.0
10.0
5.0
30.0
0.0
5.0
0.0
0.0
0.0
0.0
0.0
0.0
0.0
0.0
13.0
0.0
0.0
0.0
0.0
0.0
51.0
267.0
3.0
0.0
0.0
0.0
229.0
0.0
0.0
0.0
NaN
NaN
20.0
61.0
NaN
NaN
23.0
NaN
13.0
NaN
46.0
NaN
NaN
13.0
127.0
NaN
NaN
NaN
178.0
429.0
99.0
NaN
NaN
0.0
NaN
NaN
NaN
81.0
173.0
NaN
NaN
119.0
30.0
NaN
NaN
NaN
NaN
178.0
NaN
NaN
NaN
NaN
NaN
10.0
58.0
NaN
NaN
NaN
18.0
NaN
NaN
NaN
74.0
NaN
NaN
NaN
51.0
NaN
211.0
208.0
3.0
NaN
NaN
NaN
NaN
117.0
NaN
NaN
NaN
23.0
0.0
127.0
135.0
NaN
5.0
13.0
30.0
NaN
NaN
NaN
NaN
NaN
NaN
NaN
99.0
NaN
0.0
NaN
241.0
36.0
NaN
NaN
0.0
0.0
66.0
0.0
0.0
0.0
0.0
0.0
0.0
0.0
0.0
5.0
0.0
23.0
10.0
404.0
0.0
8.0
0.0
74.0
3.0
0.0
0.0
0.0
0.0
0.0
0.0
0.0
0.0
0.0
0.0
0.0
112.0
0.0
0.0
0.0
0.0
15.0
5.0
64.0
0.0
0.0
0.0
46.0
0.0
0.0
0.0
0.0
0.0
0.0
5.0
0.0
0.0
0.0
0.0
0.0
0.0
366.0
0.0
5.0
0.0
NaN
NaN
NaN
NaN
NaN
0.0
NaN
NaN
NaN
NaN
NaN
NaN
NaN
NaN
33.0
8.0
NaN
NaN
NaN
264.0
NaN
61.0
NaN
NaN
NaN
208.0
NaN
NaN
NaN
NaN
NaN
0.0
0.0
3.0
0.0
0.0
0.0
0.0
3.0
102.0
64.0
0.0
0.0
0.0
0.0
0.0
0.0
0.0
142.0
0.0
0.0
0.0
89.0
0.0
0.0
0.0
0.0
0.0
0.0
5.0
0.0
102.0
132.0
NaN
NaN
NaN
147.0
38.0
NaN
NaN
NaN
NaN
NaN
NaN
71.0
NaN
NaN
NaN
NaN
NaN
NaN
NaN
NaN
NaN
NaN
0.0
NaN
NaN
NaN
NaN
NaN
NaN
0.0
152.0
0.0
0.0
0.0
0.0
0.0
0.0
0.0
0.0
0.0
0.0
0.0
0.0
0.0
0.0
71.0
0.0
0.0
0.0
0.0
0.0
0.0
0.0
0.0
0.0
0.0
0.0
0.0
0.0
0.0
0.0
0.0
0.0
10.0
0.0
191.0
0.0
0.0
30.0
0.0
102.0
10.0
0.0
0.0
38.0
10.0
178.0
130.0
0.0
343.0
0.0
0.0
244.0
0.0
0.0
0.0
0.0
20.0
0.0
0.0
15.0
0.0
0.0
84.0
0.0
10.0
0.0
0.0
0.0
0.0
0.0
0.0
0.0
0.0
0.0
0.0
0.0
0.0
0.0
0.0
0.0
0.0
0.0
0.0
10.0
0.0
41.0
0.0
0.0
0.0
0.0
0.0
8.0
8.0
0.0
0.0
0.0
0.0
0.0
0.0
0.0
8.0
104.0
0.0
0.0
3.0
0.0
0.0
0.0
211.0
0.0
394.0
320.0
437.0
51.0
0.0
0.0
0.0
0.0
5.0
0.0
0.0
102.0
5.0
0.0
0.0
10.0
203.0
213.0
109.0
0.0
36.0
0.0
0.0
0.0
0.0
0.0
0.0
0.0
0.0
0.0
0.0
0.0
0.0
264.0
0.0
0.0
0.0
0.0
0.0
0.0
0.0
0.0
0.0
3.0
0.0
0.0
0.0
0.0
0.0
0.0
0.0
0.0
0.0
0.0
0.0
0.0
0.0
0.0
0.0
13.0
0.0
0.0
0.0
0.0
122.0
0.0
0.0
0.0
0.0
0.0
0.0
0.0
0.0
0.0
0.0
0.0
28.0
0.0
0.0
0.0
0.0
0.0
0.0
0.0
0.0
0.0
0.0
0.0
0.0
0.0
23.0
163.0
0.0
48.0
0.0
0.0
0.0
0.0
119.0
0.0
15.0
0.0
0.0
0.0
71.0
0.0
0.0
0.0
0.0
0.0
0.0
8.0
0.0
0.0
0.0
0.0
0.0
0.0
0.0
0.0
0.0
0.0
0.0
0.0
0.0
0.0
0.0
0.0
0.0
0.0
0.0
0.0
0.0
0.0
0.0
0.0
8.0
61.0
0.0
0.0
0.0
0.0
0.0
0.0
0.0
0.0
0.0
76.0
0.0
46.0
0.0
254.0
0.0
0.0
0.0
0.0
0.0
0.0
0.0
0.0
0.0
0.0
0.0
0.0
0.0
0.0
84.0
0.0
0.0
0.0
0.0
0.0
0.0
0.0
0.0
0.0
0.0
89.0
0.0
0.0
0.0
30.0
0.0
178.0
127.0
3.0
0.0
0.0
112.0
10.0
28.0
0.0
0.0
0.0
0.0
0.0
0.0
0.0
0.0
0.0
18.0
0.0
0.0
0.0
0.0
13.0
152.0
318.0
20.0
0.0
0.0
84.0
0.0
0.0
0.0
0.0
0.0
0.0
41.0
0.0
53.0
97.0
213.0
30.0
81.0
0.0
0.0
0.0
0.0
15.0
0.0
0.0
0.0
0.0
0.0
0.0
0.0
0.0
0.0
0.0
0.0
0.0
33.0
0.0
0.0
NaN
61.0
NaN
51.0
0.0
0.0
0.0
0.0
0.0
0.0
0.0
15.0
0.0
0.0
0.0
0.0
0.0
0.0
0.0
0.0
0.0
0.0
0.0
0.0
0.0
0.0
10.0
0.0
0.0
0.0
0.0
0.0
193.0
0.0
13.0
0.0
0.0
25.0
0.0
267.0
0.0
0.0
0.0
0.0
0.0
0.0
0.0
0.0
0.0
0.0
0.0
18.0
74.0
0.0
10.0
0.0
0.0
226.0
43.0
0.0
0.0
0.0
94.0
0.0
0.0
0.0
0.0
0.0
0.0
0.0
0.0
13.0
0.0
5.0
25.0
23.0
0.0
3.0
0.0
0.0
0.0
0.0
0.0
0.0
10.0
NaN
20.0
0.0
0.0
10.0
0.0
8.0
0.0
71.0
89.0
0.0
5.0
0.0
0.0
130.0
0.0
0.0
0.0
0.0
64.0
135.0
0.0
0.0
0.0
0.0
0.0
0.0
0.0
0.0
0.0
0.0
0.0
13.0
0.0
0.0
0.0
0.0
18.0
0.0
0.0
33.0
38.0
0.0
0.0
0.0
0.0
0.0
363.0
0.0
53.0
71.0
5.0
0.0
0.0
74.0
91.0
0.0
0.0
0.0
0.0
0.0
0.0
0.0
0.0
0.0
0.0
0.0
0.0
0.0
0.0
0.0
0.0
0.0
0.0
0.0
0.0
0.0
0.0
0.0
201.0
0.0
0.0
0.0
0.0
0.0
0.0
216.0
175.0
8.0
0.0
0.0
0.0
0.0
0.0
0.0
0.0
0.0
33.0
0.0
0.0
33.0
0.0
0.0
0.0
0.0
84.0
0.0
0.0
0.0
0.0
0.0
0.0
0.0
0.0
0.0
0.0
0.0
0.0
0.0
0.0
46.0
183.0
0.0
0.0
0.0
0.0
0.0
0.0
0.0
437.0
0.0
0.0
0.0
0.0
0.0
0.0
0.0
0.0
0.0
0.0
0.0
0.0
0.0
0.0
0.0
28.0
0.0
0.0
81.0
0.0
0.0
0.0
0.0
0.0
64.0
38.0
0.0
0.0
0.0
66.0
0.0
0.0
0.0
135.0
15.0
0.0
30.0
0.0
140.0
0.0
0.0
0.0
218.0
0.0
13.0
0.0
0.0
8.0
0.0
0.0
0.0
0.0
0.0
0.0
0.0
0.0
0.0
0.0
0.0
3.0
0.0
0.0
0.0
0.0
0.0
0.0
0.0
0.0
0.0
0.0
0.0
0.0
0.0
0.0
5.0
112.0
94.0
0.0
0.0
0.0
198.0
0.0
0.0
203.0
0.0
0.0
0.0
0.0
0.0
0.0
0.0
0.0
0.0
0.0
0.0
0.0
0.0
0.0
0.0
0.0
33.0
0.0
0.0
0.0
0.0
127.0
0.0
0.0
0.0
0.0
0.0
0.0
5.0
0.0
0.0
0.0
0.0
0.0
0.0
0.0
0.0
0.0
0.0
0.0
0.0
0.0
13.0
25.0
NaN
76.0
25.0
15.0
18.0
0.0
0.0
58.0
109.0
5.0
3.0
0.0
10.0
NaN
NaN
0.0
0.0
0.0
127.0
20.0
36.0
NaN
NaN
0.0
NaN
NaN
NaN
127.0
127.0
0.0
0.0
0.0
0.0
0.0
0.0
0.0
43.0
0.0
0.0
0.0
0.0
15.0
0.0
0.0
0.0
0.0
64.0
23.0
0.0
NaN
18.0
0.0
163.0
0.0
0.0
0.0
0.0
0.0
0.0
0.0
152.0
76.0
15.0
74.0
0.0
91.0
58.0
0.0
0.0
0.0
0.0
0.0
0.0
0.0
18.0
0.0
0.0
0.0
0.0
0.0
0.0
0.0
13.0
89.0
185.0
0.0
0.0
0.0
0.0
0.0
0.0
0.0
0.0
0.0
152.0
0.0
13.0
0.0
0.0
0.0
0.0
0.0
0.0
0.0
0.0
0.0
0.0
0.0
97.0
3.0
0.0
0.0
0.0
0.0
5.0
10.0
0.0
0.0
0.0
0.0
0.0
0.0
0.0
0.0
0.0
0.0
0.0
5.0
0.0
61.0
51.0
0.0
5.0
0.0
0.0
0.0
0.0
0.0
0.0
0.0
0.0
28.0
135.0
76.0
0.0
0.0
0.0
0.0
0.0
0.0
0.0
0.0
150.0
117.0
0.0
51.0
53.0
104.0
0.0
0.0
0.0
0.0
0.0
0.0
23.0
0.0
0.0
0.0
3.0
10.0
61.0
71.0
0.0
20.0
0.0
127.0
528.0
102.0
61.0
175.0
5.0
0.0
0.0
25.0
0.0
0.0
0.0
0.0
0.0
0.0
0.0
0.0
168.0
0.0
0.0
84.0
0.0
0.0
0.0
25.0
0.0
175.0
224.0
0.0
0.0
0.0
0.0
0.0
0.0
0.0
0.0
0.0
43.0
0.0
5.0
74.0
0.0
0.0
213.0
257.0
0.0
196.0
175.0
0.0
0.0
0.0
46.0
0.0
0.0
0.0
0.0
0.0
0.0
5.0
0.0
5.0
13.0
5.0
8.0
0.0
203.0
0.0
356.0
3.0
41.0
84.0
0.0
0.0
0.0
0.0
0.0
0.0
0.0
36.0
0.0
0.0
61.0
0.0
0.0
58.0
0.0
0.0
673.0
3.0
0.0
0.0
0.0
0.0
0.0
0.0
0.0
15.0
0.0
0.0
0.0
0.0
0.0
0.0
203.0
0.0
89.0
0.0
0.0
0.0
170.0
0.0
0.0
0.0
79.0
0.0
320.0
178.0
0.0
86.0
0.0
0.0
0.0
0.0
0.0
0.0
76.0
0.0
0.0
0.0
0.0
0.0
0.0
0.0
0.0
0.0
0.0
0.0
30.0
0.0
0.0
0.0
41.0
0.0
0.0
0.0
13.0
13.0
10.0
0.0
0.0
0.0
0.0
0.0
0.0
0.0
0.0
0.0
0.0
0.0
0.0
0.0
0.0
0.0
0.0
0.0
0.0
0.0
0.0
0.0
0.0
56.0
0.0
0.0
0.0
0.0
0.0
0.0
0.0
152.0
0.0
0.0
0.0
0.0
0.0
5.0
0.0
0.0
NaN
64.0
0.0
0.0
0.0
0.0
0.0
0.0
0.0
0.0
0.0
0.0
0.0
414.0
0.0
0.0
0.0
0.0
180.0
0.0
0.0
0.0
0.0
0.0
0.0
15.0
NaN
231.0
0.0
81.0
0.0
0.0
0.0
0.0
145.0
0.0
0.0
0.0
15.0
0.0
0.0
0.0
8.0
0.0
0.0
559.0
0.0
0.0
0.0
0.0
0.0
0.0
10.0
94.0
53.0
0.0
0.0
0.0
0.0
0.0
94.0
71.0
0.0
363.0
178.0
0.0
0.0
0.0
0.0
0.0
NaN
0.0
0.0
0.0
0.0
0.0
0.0
112.0
0.0
0.0
0.0
0.0
0.0
0.0
0.0
0.0
0.0
99.0
0.0
0.0
0.0
0.0
0.0
0.0
76.0
0.0
0.0
0.0
0.0
0.0
0.0
0.0
0.0
0.0
0.0
0.0
0.0
43.0
0.0
0.0
0.0
0.0
0.0
0.0
0.0
0.0
0.0
0.0
0.0
152.0
30.0
15.0
0.0
0.0
0.0
38.0
0.0
0.0
0.0
0.0
0.0
0.0
0.0
0.0
0.0
0.0
0.0
0.0
15.0
0.0
15.0
0.0
15.0
0.0
69.0
18.0
0.0
0.0
46.0
36.0
33.0
0.0
0.0
0.0
0.0
36.0
0.0
112.0
0.0
0.0
0.0
0.0
0.0
0.0
0.0
0.0
178.0
13.0
20.0
234.0
0.0
0.0
0.0
0.0
13.0
0.0
8.0
0.0
117.0
0.0
0.0
284.0
66.0
193.0
0.0
81.0
0.0
0.0
0.0
0.0
0.0
165.0
13.0
13.0
33.0
0.0
0.0
0.0
0.0
206.0
0.0
165.0
30.0
94.0
0.0
71.0
0.0
0.0
0.0
0.0
0.0
0.0
0.0
0.0
0.0
0.0
0.0
0.0
0.0
0.0
0.0
0.0
0.0
0.0
0.0
0.0
0.0
229.0
130.0
0.0
0.0
0.0
76.0
0.0
0.0
0.0
58.0
0.0
0.0
0.0
15.0
0.0
0.0
0.0
0.0
0.0
221.0
0.0
0.0
0.0
0.0
0.0
0.0
0.0
71.0
0.0
147.0
0.0
218.0
51.0
0.0
498.0
0.0
0.0
0.0
0.0
0.0
0.0
0.0
0.0
0.0
0.0
0.0
38.0
0.0
0.0
0.0
0.0
71.0
0.0
0.0
0.0
0.0
251.0
25.0
0.0
0.0
0.0
0.0
0.0
0.0
0.0
0.0
0.0
0.0
0.0
0.0
0.0
0.0
0.0
0.0
0.0
0.0
0.0
165.0
38.0
0.0
0.0
0.0
0.0
0.0
0.0
0.0
0.0
0.0
0.0
10.0
0.0
0.0
18.0
0.0
0.0
30.0
25.0
13.0
0.0
196.0
208.0
0.0
0.0
0.0
0.0
0.0
0.0
0.0
0.0
0.0
0.0
69.0
0.0
0.0
0.0
0.0
0.0
0.0
0.0
0.0
112.0
0.0
0.0
0.0
33.0
0.0
0.0
0.0
0.0
0.0
0.0
0.0
0.0
81.0
287.0
0.0
0.0
0.0
0.0
5.0
0.0
0.0
0.0
0.0
28.0
33.0
0.0
0.0
0.0
130.0
25.0
0.0
0.0
0.0
0.0
0.0
0.0
0.0
0.0
0.0
8.0
10.0
0.0
0.0
0.0
48.0
0.0
61.0
127.0
0.0
0.0
0.0
0.0
10.0
0.0
13.0
0.0
170.0
0.0
0.0
0.0
0.0
0.0
0.0
0.0
0.0
0.0
3.0
10.0
13.0
0.0
0.0
0.0
56.0
0.0
0.0
0.0
0.0
0.0
0.0
0.0
0.0
0.0
0.0
0.0
0.0
0.0
8.0
0.0
0.0
0.0
0.0
5.0
0.0
0.0
0.0
0.0
0.0
0.0
0.0
0.0
0.0
112.0
0.0
0.0
NaN
13.0
0.0
0.0
0.0
0.0
0.0
0.0
0.0
0.0
0.0
0.0
0.0
10.0
0.0
0.0
0.0
61.0
0.0
970.0
30.0
0.0
206.0
0.0
0.0
0.0
30.0
0.0
0.0
157.0
0.0
0.0
0.0
25.0
0.0
0.0
0.0
0.0
269.0
10.0
0.0
0.0
94.0
0.0
0.0
13.0
0.0
0.0
0.0
0.0
0.0
0.0
0.0
0.0
0.0
160.0
0.0
20.0
0.0
0.0
0.0
0.0
8.0
0.0
213.0
38.0
0.0
112.0
0.0
0.0
0.0
178.0
15.0
0.0
10.0
66.0
8.0
0.0
61.0
0.0
0.0
0.0
0.0
0.0
0.0
0.0
0.0
0.0
91.0
371.0
0.0
0.0
0.0
18.0
102.0
0.0
0.0
13.0
224.0
0.0
0.0
0.0
0.0
297.0
69.0
0.0
8.0
305.0
0.0
0.0
69.0
330.0
0.0
0.0
0.0
0.0
0.0
0.0
0.0
0.0
0.0
33.0
0.0
0.0
137.0
76.0
249.0
163.0
0.0
23.0
0.0
0.0
0.0
0.0
0.0
0.0
0.0
0.0
0.0
0.0
0.0
25.0
0.0
0.0
5.0
0.0
10.0
0.0
0.0
0.0
0.0
0.0
191.0
20.0
361.0
0.0
0.0
0.0
0.0
0.0
0.0
0.0
0.0
0.0
0.0
51.0
419.0
10.0
0.0
0.0
0.0
0.0
0.0
0.0
0.0
0.0
0.0
0.0
30.0
0.0
66.0
20.0
0.0
0.0
0.0
0.0
0.0
279.0
25.0
0.0
0.0
0.0
0.0
76.0
0.0
0.0
56.0
361.0
0.0
0.0
0.0
0.0
0.0
0.0
0.0
0.0
0.0
0.0
0.0
0.0
33.0
0.0
0.0
0.0
0.0
0.0
0.0
132.0
0.0
0.0
0.0
0.0
0.0
0.0
0.0
0.0
0.0
0.0
0.0
0.0
0.0
41.0
10.0
0.0
0.0
0.0
0.0
0.0
163.0
13.0
10.0
0.0
0.0
23.0
0.0
0.0
84.0
33.0
0.0
66.0
0.0
5.0
0.0
0.0
0.0
0.0
0.0
0.0
0.0
0.0
0.0
0.0
38.0
0.0
0.0
0.0
0.0
0.0
0.0
0.0
0.0
0.0
0.0
0.0
0.0
0.0
0.0
3.0
10.0
30.0
0.0
0.0
