NaN
NaN
NaN
NaN
NaN
NaN
NaN
NaN
NaN
NaN
NaN
NaN
NaN
NaN
NaN
NaN
NaN
NaN
NaN
NaN
NaN
NaN
NaN
NaN
NaN
NaN
NaN
NaN
NaN
NaN
NaN
NaN
NaN
NaN
NaN
NaN
NaN
NaN
NaN
15.7448275862
NaN
NaN
NaN
NaN
NaN
NaN
NaN
NaN
NaN
NaN
NaN
NaN
NaN
NaN
NaN
NaN
NaN
NaN
NaN
NaN
NaN
NaN
NaN
NaN
NaN
NaN
NaN
NaN
NaN
NaN
NaN
NaN
NaN
NaN
NaN
NaN
NaN
NaN
NaN
NaN
NaN
NaN
NaN
NaN
NaN
NaN
NaN
NaN
NaN
NaN
NaN
NaN
NaN
NaN
NaN
NaN
NaN
NaN
NaN
NaN
NaN
NaN
NaN
NaN
NaN
NaN
NaN
NaN
NaN
NaN
NaN
NaN
NaN
NaN
NaN
NaN
NaN
NaN
NaN
NaN
NaN
NaN
NaN
NaN
NaN
NaN
NaN
NaN
NaN
NaN
NaN
NaN
NaN
NaN
NaN
NaN
NaN
NaN
NaN
NaN
NaN
NaN
NaN
NaN
NaN
NaN
NaN
NaN
NaN
NaN
NaN
NaN
NaN
NaN
NaN
NaN
NaN
NaN
NaN
NaN
NaN
NaN
NaN
NaN
NaN
NaN
NaN
NaN
NaN
NaN
NaN
NaN
NaN
NaN
NaN
NaN
NaN
NaN
NaN
NaN
NaN
NaN
NaN
NaN
NaN
NaN
NaN
NaN
NaN
NaN
NaN
NaN
NaN
NaN
NaN
NaN
NaN
NaN
NaN
NaN
NaN
NaN
NaN
NaN
NaN
NaN
NaN
NaN
NaN
3.74193548387
-6.14666666667
-8.51
-13.9096774194
-11.3586206897
-8.6064516129
-0.221428571429
7.91379310345
15.4689655172
15.1178571429
15.0833333333
9.29310344828
4.02258064516
-6.14666666667
-10.6896551724
-15.164516129
-8.40714285714
-3.31666666667
0.17037037037
NaN
NaN
16.15
NaN
NaN
NaN
-3.21724137931
-5.71290322581
-9.22903225806
-2.46296296296
-4.14666666667
4.33214285714
12.1096774194
14.1655172414
17.9666666667
17.7034482759
12.7793103448
5.72258064516
-0.224137931034
-7.4935483871
-13.1064516129
-4.46666666667
-3.97741935484
4.41034482759
9.96666666667
15.46
19.2586206897
15.05
8.35333333333
1.64137931034
-0.888888888889
-9.05333333333
-11.3733333333
NaN
-0.662068965517
1.236
10.1571428571
13.5148148148
16.9961538462
16.37
NaN
NaN
-4.8
-18.0387096774
-10.5
-12.7851851852
-5.98709677419
4.32962962963
10.4566666667
13.7655172414
18.2862068966
16.1419354839
9.48275862069
2.54285714286
2.35
-5.27333333333
-7.8064516129
-7.91071428571
-7.37666666667
2.11785714286
7.14516129032
16.137037037
18.7741935484
15.2483870968
10.7689655172
2.47096774194
-4.21785714286
-8.22903225806
-12.1607142857
-13.044
-5.38387096774
3.67857142857
8.4064516129
13.8
16.4633333333
16.5466666667
7.97777777778
3.11935483871
-2.97857142857
-5.94516129032
-13.11
-11.0321428571
-0.477419354839
2.16206896552
9.54333333333
13.4965517241
15.8806451613
12.8033333333
NaN
5.23666666667
-1.03103448276
-8.68333333333
-12.0580645161
-5.21428571429
-4.33103448276
5.07586206897
7.45
16.69
17.1903225806
15.3709677419
12.0733333333
4.61666666667
-1.98965517241
-11.31
-4.37419354839
-10.9
-3.19677419355
5.20357142857
10.0032258065
14.38
17.9225806452
16.6766666667
9.56333333333
3.03548387097
-2.01666666667
-5.28387096774
-11.7161290323
-13.8142857143
-0.338709677419
1.59333333333
12.1709677419
15.3366666667
17.0193548387
18.2709677419
10.4666666667
7.68387096774
NaN
-10.5612903226
-14.1225806452
-13.8448275862
-4.15333333333
2.05333333333
7.41612903226
15.3275862069
17.0548387097
14.5258064516
11.15
4.32903225806
-1.92333333333
-13.6677419355
-17.3774193548
-9.26428571429
-3.22258064516
1.35
8.62258064516
14.5166666667
13.7516129032
14.3419354839
9.94
1.99032258065
0.613333333333
-12.2548387097
-14.5903225806
-14.6035714286
-2.81612903226
5.30333333333
8.81935483871
15.76
17.7967741935
17.4612903226
10.8133333333
3.73548387097
-2.50666666667
-11.9774193548
-14.9451612903
-9.97857142857
-4.26451612903
1.65
8.48709677419
15.21
19.7096774194
15.61
8.47
3.24516129032
-2.05666666667
-6.54838709677
-8.64666666667
-6.92222222222
3.01034482759
4.16666666667
10.7133333333
14.7433333333
18.7161290323
13.4419354839
7.68333333333
2.35161290323
-2.35333333333
-8.63548387097
-12.0483870968
-9.67857142857
-6.68387096774
0.0933333333333
8.78064516129
15.1866666667
15.6419354839
14.9548387097
12.1933333333
3.91935483871
-5.35666666667
-13.6225806452
-16.0838709677
-16.8107142857
-7.27096774194
0.93
8.86774193548
15.1433333333
14.1935483871
16.6161290323
10.1833333333
4.03225806452
-7.14333333333
-5.39677419355
-11.5516129032
-15.9
-4.98709677419
3.23
9.51290322581
14.78
16.0129032258
14.4612903226
13.69
5.16774193548
0.24
-3.26451612903
-11.2193548387
-7.00689655172
-0.696774193548
3.71333333333
8.27096774194
15.74
16.9
NaN
13.5107142857
6.35806451613
0.11
-9.21612903226
-8.0
-5.24285714286
-2.80967741935
4.27666666667
8.4064516129
14.1666666667
17.164516129
13.2419354839
11.8233333333
NaN
