2094.0
313.0
386.0
601.0
496.0
575.0
1643.0
806.0
510.0
468.0
665.0
1151.0
2716.0
325.0
869.0
1148.0
64.0
1077.0
1355.0
635.0
540.0
718.0
681.0
1039.0
469.0
476.0
813.0
363.0
662.0
109.0
99.0
1111.0
1008.0
668.0
757.0
984.0
410.0
905.0
NaN
NaN
NaN
NaN
NaN
NaN
NaN
NaN
NaN
NaN
NaN
NaN
NaN
NaN
NaN
NaN
NaN
NaN
NaN
NaN
NaN
NaN
NaN
NaN
NaN
NaN
NaN
NaN
NaN
NaN
NaN
NaN
NaN
NaN
NaN
NaN
NaN
NaN
NaN
NaN
NaN
NaN
NaN
NaN
NaN
NaN
NaN
NaN
NaN
NaN
NaN
NaN
NaN
NaN
NaN
NaN
NaN
NaN
NaN
NaN
NaN
NaN
NaN
NaN
NaN
NaN
NaN
NaN
NaN
NaN
NaN
NaN
NaN
NaN
NaN
NaN
NaN
NaN
NaN
NaN
NaN
NaN
NaN
NaN
NaN
NaN
NaN
NaN
NaN
NaN
NaN
NaN
NaN
NaN
NaN
NaN
NaN
NaN
NaN
NaN
NaN
NaN
NaN
NaN
NaN
NaN
NaN
NaN
NaN
NaN
NaN
NaN
NaN
NaN
NaN
NaN
NaN
NaN
NaN
NaN
NaN
NaN
NaN
NaN
NaN
NaN
NaN
NaN
NaN
NaN
NaN
NaN
NaN
NaN
NaN
NaN
NaN
NaN
NaN
NaN
NaN
NaN
NaN
NaN
NaN
NaN
NaN
NaN
NaN
NaN
NaN
NaN
NaN
NaN
NaN
NaN
NaN
NaN
NaN
NaN
NaN
NaN
NaN
NaN
NaN
NaN
NaN
NaN
NaN
NaN
NaN
NaN
NaN
NaN
NaN
NaN
NaN
NaN
NaN
NaN
NaN
NaN
NaN
NaN
NaN
NaN
NaN
NaN
NaN
NaN
NaN
NaN
NaN
NaN
NaN
NaN
NaN
NaN
NaN
NaN
NaN
NaN
NaN
NaN
NaN
NaN
NaN
NaN
NaN
NaN
NaN
NaN
NaN
NaN
NaN
NaN
NaN
NaN
NaN
NaN
NaN
NaN
NaN
NaN
NaN
NaN
NaN
NaN
NaN
NaN
NaN
NaN
NaN
NaN
NaN
NaN
NaN
NaN
NaN
NaN
NaN
NaN
NaN
NaN
NaN
NaN
NaN
NaN
NaN
NaN
NaN
NaN
NaN
NaN
NaN
NaN
NaN
NaN
NaN
NaN
NaN
NaN
NaN
NaN
NaN
NaN
NaN
NaN
NaN
NaN
NaN
NaN
NaN
NaN
NaN
NaN
NaN
NaN
NaN
NaN
NaN
NaN
NaN
NaN
NaN
NaN
NaN
NaN
NaN
NaN
NaN
NaN
NaN
NaN
NaN
NaN
NaN
NaN
NaN
NaN
NaN
NaN
NaN
NaN
NaN
NaN
NaN
NaN
NaN
NaN
NaN
NaN
NaN
NaN
NaN
NaN
NaN
NaN
NaN
NaN
NaN
NaN
NaN
NaN
NaN
NaN
NaN
NaN
NaN
NaN
NaN
NaN
NaN
NaN
NaN
NaN
NaN
NaN
542.0
546.0
180.0
264.0
914.0
707.0
364.0
382.0
326.0
701.0
1063.0
646.0
249.0
285.0
59.0
529.0
452.0
1386.0
1778.0
1769.0
3251.0
568.0
259.0
373.0
437.0
580.0
NaN
330.0
931.0
820.0
1077.0
1070.0
975.0
828.0
910.0
770.0
1069.0
2227.0
137.0
327.0
872.0
1309.0
1863.0
575.0
266.0
354.0
246.0
1191.0
1854.0
1046.0
190.0
615.0
1211.0
1783.0
1351.0
400.0
483.0
491.0
1938.0
748.0
1024.0
798.0
435.0
1104.0
1149.0
803.0
839.0
1255.0
839.0
1345.0
132.0
766.0
2344.0
755.0
18.0
452.0
339.0
351.0
594.0
1548.0
1415.0
234.0
1433.0
1360.0
493.0
422.0
432.0
51.0
578.0
1168.0
420.0
837.0
927.0
1062.0
580.0
370.0
998.0
1668.0
412.0
616.0
1165.0
346.0
460.0
273.0
643.0
643.0
285.0
696.0
1484.0
942.0
449.0
449.0
793.0
594.0
1088.0
364.0
579.0
712.0
900.0
NaN
169.0
216.0
488.0
1333.0
792.0
749.0
2572.0
600.0
936.0
665.0
683.0
787.0
635.0
1729.0
430.0
73.0
990.0
962.0
1448.0
1121.0
1016.0
940.0
508.0
1142.0
1033.0
506.0
275.0
455.0
874.0
946.0
323.0
178.0
1362.0
754.0
708.0
142.0
2168.0
1004.0
1137.0
490.0
782.0
1274.0
672.0
1642.0
1789.0
1553.0
2421.0
424.0
1090.0
339.0
420.0
292.0
433.0
3012.0
591.0
750.0
267.0
583.0
605.0
438.0
1651.0
523.0
1194.0
346.0
847.0
985.0
1816.0
989.0
476.0
1039.0
274.0
703.0
597.0
416.0
519.0
271.0
863.0
1388.0
1711.0
770.0
890.0
269.0
488.0
491.0
1088.0
446.0
683.0
597.0
727.0
439.0
739.0
553.0
179.0
1170.0
615.0
379.0
983.0
599.0
768.0
873.0
1298.0
1146.0
925.0
2296.0
727.0
172.0
774.0
1139.0
793.0
313.0
935.0
644.0
462.0
1538.0
765.0
1439.0
327.0
580.0
594.0
630.0
115.0
679.0
240.0
425.0
763.0
518.0
1306.0
2739.0
1060.0
716.0
728.0
1608.0
707.0
543.0
555.0
953.0
419.0
584.0
1602.0
1148.0
877.0
1041.0
777.0
1491.0
859.0
772.0
NaN
532.0
821.0
1721.0
3258.0
1201.0
643.0
1211.0
424.0
1016.0
152.0
354.0
3.0
576.0
675.0
1173.0
1022.0
1293.0
1145.0
213.0
1235.0
483.0
1616.0
523.0
757.0
138.0
922.0
541.0
1203.0
520.0
845.0
1001.0
53.0
1497.0
1230.0
434.0
1683.0
516.0
373.0
297.0
119.0
519.0
332.0
790.0
977.0
389.0
1024.0
355.0
430.0
183.0
1001.0
511.0
467.0
651.0
459.0
2083.0
846.0
781.0
720.0
705.0
671.0
505.0
427.0
757.0
882.0
1067.0
341.0
241.0
287.0
706.0
546.0
910.0
475.0
1406.0
1203.0
1382.0
1226.0
1539.0
2004.0
425.0
2439.0
341.0
336.0
1227.0
118.0
401.0
758.0
1382.0
904.0
1128.0
1097.0
752.0
1059.0
1982.0
1229.0
988.0
338.0
572.0
856.0
731.0
1574.0
1519.0
1486.0
889.0
1295.0
137.0
947.0
326.0
NaN
906.0
516.0
1104.0
NaN
NaN
NaN
NaN
NaN
NaN
NaN
NaN
NaN
NaN
NaN
NaN
NaN
488.0
NaN
969.0
1369.0
1024.0
338.0
605.0
768.0
889.0
882.0
1638.0
2857.0
1021.0
525.0
160.0
469.0
848.0
524.0
420.0
265.0
434.0
150.0
1525.0
1123.0
1725.0
227.0
1854.0
1024.0
2531.0
564.0
492.0
247.0
378.0
607.0
792.0
1801.0
2753.0
NaN
503.0
762.0
274.0
1435.0
1888.0
134.0
144.0
832.0
758.0
1036.0
203.0
3188.0
695.0
627.0
498.0
472.0
334.0
338.0
98.0
1041.0
NaN
1105.0
1060.0
1004.0
725.0
10.0
NaN
