7.2
7.2
0.6
-1.7
-2.8
-1.7
2.8
2.8
2.8
2.8
-3.3
-3.9
-4.4
-1.7
-1.7
-5.6
1.1
-2.8
-4.4
-3.9
-7.2
-5.6
-6.1
-8.3
-2.2
7.2
4.4
7.8
7.8
7.2
0.0
-1.7
-0.6
-2.8
-4.4
-3.3
NaN
-0.6
-1.1
-2.2
-4.4
-4.4
0.0
1.7
6.1
7.8
5.0
5.0
5.0
-2.2
-1.1
0.6
-2.8
1.7
-3.3
-2.2
-6.1
-4.4
-6.1
-4.4
NaN
-5.0
-0.6
-0.6
-7.8
3.3
-3.9
-3.9
-4.4
-2.8
-9.4
NaN
-13.9
-19.4
-17.8
-9.4
-4.4
-5.0
-3.9
-3.9
-4.4
-4.4
-6.7
-2.8
-1.1
-5.6
-5.6
-4.4
-1.1
-1.7
-5.0
-1.7
0.6
-2.2
-5.6
-1.7
3.3
2.2
7.2
9.4
8.3
0.0
-2.8
-2.8
-1.7
-2.2
0.6
3.3
4.4
7.8
2.2
7.2
2.8
2.8
7.8
4.4
11.1
6.1
3.3
1.7
2.8
7.8
0.0
-5.0
-0.6
-1.7
0.6
1.1
1.1
-10.0
-11.1
-4.4
-2.2
-4.4
-1.1
-1.1
0.6
5.0
3.9
5.6
7.2
5.6
4.4
4.4
8.9
10.6
10.6
12.2
17.2
5.0
5.6
8.3
2.2
8.9
13.9
14.4
15.6
10.0
3.9
9.4
12.8
15.6
19.4
21.7
13.9
7.2
8.9
8.9
13.3
15.6
17.2
17.2
18.3
21.1
22.2
18.3
18.9
15.0
18.3
21.7
24.4
25.6
25.6
21.7
21.1
26.1
18.3
24.4
24.4
21.1
21.7
23.9
22.8
17.8
22.8
28.3
28.9
16.7
26.1
32.2
22.2
22.2
20.6
20.0
21.1
21.1
25.0
25.0
26.1
23.3
15.0
13.9
13.9
12.8
10.6
12.2
13.3
12.8
15.0
18.3
20.0
20.6
16.1
18.3
21.1
26.7
27.2
27.8
27.8
25.6
25.0
25.0
25.6
23.3
20.0
21.1
26.1
23.3
29.4
27.8
28.3
22.2
26.7
27.8
28.3
22.8
26.1
21.7
22.8
20.6
27.8
29.4
28.3
30.6
28.3
31.1
26.7
23.3
23.3
25.6
24.4
28.3
28.3
23.3
22.2
20.6
19.4
25.6
23.9
25.6
23.9
23.3
23.3
25.6
27.2
26.1
24.4
27.8
28.3
28.9
26.7
27.8
27.8
27.8
28.9
28.9
30.6
23.9
25.6
28.9
22.8
20.0
21.7
27.8
27.2
17.8
27.8
25.0
26.7
29.4
22.8
26.7
26.7
27.2
27.8
22.2
20.6
24.4
30.6
31.1
24.4
20.0
21.1
24.4
28.9
28.9
24.4
22.8
27.2
23.9
28.3
28.9
28.3
28.3
15.0
15.0
16.1
17.2
19.4
18.9
14.4
17.8
23.3
16.7
11.1
12.2
13.9
15.0
14.4
12.2
12.8
13.3
16.1
20.6
14.4
15.6
5.6
7.8
7.8
10.6
12.2
20.0
5.0
6.1
8.3
11.1
20.0
22.2
21.1
7.2
10.6
17.8
15.0
8.3
8.9
11.1
8.9
5.6
0.6
-0.6
-2.2
0.0
0.6
1.1
2.8
2.2
-2.8
-5.6
0.6
1.1
-1.7
-0.6
-2.2
0.6
-5.6
-4.4
2.8
7.2
8.3
5.6
5.6
5.6
13.3
8.3
7.8
2.8
5.0
2.2
10.0
1.7
1.7
1.7
1.7
0.0
1.7
1.7
6.1
7.2
7.2
10.6
2.8
-0.6
-5.6
-3.9
-16.1
-16.1
-18.9
-15.6
-15.0
-12.2
-11.7
-11.1
-8.3
-9.4
-20.6
-19.4
NaN
NaN
NaN
NaN
NaN
NaN
NaN
NaN
NaN
NaN
NaN
NaN
16.7
17.8
20.6
20.0
18.3
17.8
21.1
17.8
18.3
17.2
12.2
8.9
16.7
20.6
24.4
25.0
29.4
31.7
27.2
10.6
8.9
19.4
22.8
26.7
26.7
28.3
25.6
26.1
28.9
24.4
26.1
24.4
18.3
15.0
15.0
17.8
22.8
23.3
20.0
23.9
26.1
28.9
26.1
26.7
30.0
19.4
21.7
15.6
22.8
