296.0
767.0
958.0
2312.0
1869.0
770.0
622.0
486.0
753.0
56.0
438.0
205.0
686.0
611.0
611.0
790.0
628.0
NaN
171.0
523.0
2113.0
284.0
742.0
431.0
446.0
95.0
263.0
732.0
836.0
986.0
1405.0
1233.0
874.0
135.0
NaN
1500.0
397.0
NaN
198.0
1130.0
1095.0
944.0
2442.0
451.0
NaN
404.0
344.0
170.0
1506.0
NaN
NaN
NaN
NaN
NaN
NaN
NaN
NaN
NaN
NaN
NaN
NaN
NaN
NaN
NaN
NaN
NaN
NaN
NaN
NaN
NaN
NaN
NaN
NaN
NaN
NaN
NaN
NaN
NaN
NaN
NaN
NaN
NaN
NaN
NaN
508.0
NaN
NaN
NaN
NaN
NaN
NaN
NaN
NaN
954.0
NaN
99.0
636.0
310.0
857.0
481.0
176.0
NaN
NaN
NaN
NaN
NaN
272.0
446.0
170.0
374.0
1185.0
702.0
691.0
2118.0
1112.0
1638.0
1097.0
727.0
509.0
678.0
274.0
381.0
622.0
1430.0
1119.0
574.0
795.0
1082.0
1014.0
503.0
246.0
241.0
780.0
175.0
1282.0
1676.0
1175.0
1043.0
1116.0
826.0
983.0
57.0
8.0
532.0
130.0
272.0
444.0
897.0
822.0
1354.0
718.0
768.0
1371.0
790.0
262.0
436.0
444.0
483.0
887.0
838.0
440.0
975.0
640.0
974.0
1224.0
132.0
569.0
635.0
1490.0
64.0
719.0
1013.0
929.0
1082.0
1731.0
1265.0
225.0
213.0
330.0
507.0
330.0
914.0
186.0
1146.0
1795.0
1241.0
968.0
670.0
327.0
102.0
774.0
241.0
513.0
685.0
259.0
1310.0
1412.0
892.0
1014.0
0.0
1012.0
741.0
652.0
589.0
409.0
180.0
30.0
717.0
1553.0
155.0
727.0
518.0
1069.0
303.0
151.0
294.0
622.0
411.0
592.0
931.0
449.0
589.0
781.0
485.0
3722.0
554.0
538.0
734.0
76.0
132.0
662.0
1248.0
866.0
454.0
384.0
520.0
1039.0
831.0
538.0
231.0
238.0
356.0
987.0
775.0
450.0
494.0
147.0
113.0
564.0
730.0
850.0
277.0
262.0
190.0
658.0
452.0
300.0
754.0
239.0
617.0
1223.0
568.0
0.0
677.0
638.0
331.0
224.0
579.0
1409.0
1670.0
1883.0
1188.0
1846.0
162.0
564.0
677.0
1392.0
161.0
457.0
333.0
1927.0
624.0
130.0
1109.0
445.0
415.0
353.0
275.0
101.0
25.0
373.0
999.0
1019.0
1932.0
181.0
775.0
1085.0
467.0
0.0
158.0
332.0
152.0
81.0
1407.0
1918.0
704.0
488.0
1019.0
614.0
957.0
721.0
479.0
13.0
488.0
542.0
648.0
1376.0
1494.0
371.0
658.0
1104.0
746.0
757.0
25.0
198.0
74.0
1280.0
1730.0
1414.0
193.0
1036.0
368.0
884.0
457.0
285.0
250.0
461.0
83.0
973.0
1249.0
479.0
851.0
221.0
905.0
1975.0
514.0
355.0
460.0
431.0
353.0
1843.0
1188.0
787.0
185.0
685.0
434.0
459.0
171.0
1238.0
329.0
210.0
177.0
1265.0
346.0
958.0
588.0
424.0
1593.0
1641.0
760.0
357.0
590.0
330.0
224.0
625.0
631.0
747.0
1551.0
943.0
686.0
616.0
356.0
282.0
775.0
50.0
404.0
488.0
894.0
429.0
1373.0
1465.0
1473.0
1349.0
557.0
662.0
270.0
282.0
653.0
330.0
653.0
695.0
1417.0
1176.0
1468.0
3003.0
625.0
936.0
358.0
305.0
423.0
1641.0
1390.0
1908.0
905.0
621.0
727.0
1021.0
1021.0
876.0
610.0
58.0
334.0
315.0
663.0
681.0
1831.0
1348.0
426.0
1200.0
950.0
938.0
382.0
950.0
183.0
978.0
912.0
1179.0
1590.0
2179.0
399.0
533.0
724.0
450.0
177.0
628.0
592.0
399.0
397.0
NaN
NaN
NaN
NaN
NaN
602.0
762.0
82.0
56.0
347.0
716.0
454.0
1513.0
1555.0
975.0
582.0
1633.0
540.0
1254.0
675.0
475.0
348.0
365.0
93.0
900.0
1321.0
1060.0
2078.0
619.0
696.0
278.0
1075.0
556.0
164.0
871.0
599.0
1910.0
717.0
558.0
510.0
693.0
455.0
75.0
407.0
204.0
168.0
418.0
318.0
74.0
579.0
366.0
880.0
2046.0
473.0
1499.0
455.0
391.0
430.0
742.0
672.0
3063.0
1776.0
897.0
404.0
759.0
567.0
1189.0
251.0
356.0
429.0
344.0
309.0
894.0
207.0
65.0
435.0
1911.0
822.0
475.0
581.0
1102.0
120.0
145.0
935.0
718.0
836.0
1190.0
647.0
417.0
694.0
386.0
491.0
1093.0
334.0
1050.0
1073.0
1772.0
691.0
560.0
646.0
619.0
260.0
501.0
536.0
504.0
475.0
909.0
1408.0
758.0
1598.0
1531.0
1908.0
92.0
127.0
178.0
214.0
278.0
243.0
764.0
853.0
836.0
593.0
650.0
2175.0
33.0
658.0
711.0
353.0
784.0
227.0
229.0
1687.0
619.0
965.0
369.0
939.0
1740.0
2279.0
465.0
321.0
180.0
1006.0
268.0
1019.0
1204.0
845.0
1425.0
264.0
613.0
429.0
1482.0
901.0
312.0
170.0
298.0
843.0
2441.0
1127.0
1100.0
414.0
409.0
505.0
217.0
500.0
92.0
441.0
1253.0
2131.0
1123.0
563.0
566.0
982.0
1324.0
392.0
865.0
333.0
261.0
343.0
1495.0
1375.0
1329.0
1727.0
104.0
410.0
2298.0
300.0
289.0
618.0
547.0
163.0
691.0
901.0
1351.0
722.0
369.0
1142.0
984.0
1483.0
1471.0
501.0
510.0
36.0
622.0
1586.0
1078.0
3357.0
684.0
475.0
615.0
938.0
821.0
460.0
305.0
510.0
1225.0
614.0
503.0
737.0
2160.0
409.0
437.0
216.0
348.0
485.0
1213.0
498.0
585.0
515.0
904.0
699.0
1266.0
648.0
796.0
860.0
148.0
1432.0
953.0
NaN
394.0
964.0
399.0
1473.0
1126.0
780.0
216.0
147.0
376.0
NaN
327.0
861.0
1402.0
693.0
541.0
1359.0
1151.0
617.0
432.0
605.0
584.0
255.0
177.0
347.0
904.0
906.0
1355.0
693.0
731.0
724.0
528.0
233.0
827.0
482.0
267.0
132.0
1044.0
596.0
426.0
872.0
1135.0
288.0
995.0
442.0
190.0
345.0
215.0
610.0
496.0
1510.0
739.0
720.0
295.0
1609.0
523.0
1047.0
413.0
680.0
475.0
793.0
493.0
1483.0
1704.0
1310.0
546.0
1306.0
685.0
1530.0
175.0
145.0
60.0
257.0
89.0
1041.0
1072.0
736.0
645.0
1670.0
0.0
183.0
810.0
548.0
558.0
404.0
727.0
2003.0
1520.0
1172.0
401.0
834.0
333.0
958.0
480.0
860.0
383.0
168.0
373.0
641.0
488.0
1819.0
2035.0
731.0
800.0
432.0
1034.0
71.0
651.0
451.0
754.0
595.0
749.0
259.0
330.0
1794.0
524.0
1527.0
140.0
609.0
478.0
695.0
391.0
584.0
1618.0
2183.0
586.0
1276.0
160.0
644.0
423.0
330.0
77.0
259.0
1030.0
288.0
1453.0
1089.0
1693.0
1125.0
2899.0
533.0
683.0
508.0
512.0
359.0
893.0
252.0
869.0
1310.0
959.0
887.0
704.0
1340.0
303.0
168.0
173.0
169.0
987.0
417.0
608.0
144.0
1837.0
844.0
399.0
414.0
497.0
293.0
397.0
271.0
1586.0
2116.0
441.0
813.0
454.0
830.0
607.0
38.0
960.0
444.0
1568.0
384.0
996.0
1200.0
701.0
1502.0
957.0
1404.0
1825.0
313.0
130.0
862.0
195.0
475.0
432.0
1626.0
1072.0
1595.0
596.0
1483.0
1427.0
282.0
216.0
800.0
343.0
227.0
812.0
1334.0
1457.0
662.0
1916.0
370.0
661.0
1269.0
462.0
839.0
292.0
292.0
63.0
493.0
1096.0
1190.0
1120.0
749.0
1432.0
713.0
877.0
758.0
630.0
581.0
546.0
1177.0
849.0
1314.0
2014.0
445.0
1036.0
2091.0
157.0
320.0
143.0
153.0
571.0
1994.0
1756.0
1220.0
753.0
2024.0
2855.0
471.0
419.0
509.0
381.0
572.0
448.0
142.0
545.0
407.0
1634.0
271.0
619.0
1028.0
585.0
1308.0
198.0
503.0
744.0
1640.0
482.0
490.0
224.0
975.0
1199.0
1002.0
547.0
773.0
547.0
394.0
2650.0
1613.0
1033.0
1137.0
949.0
603.0
934.0
2037.0
419.0
1116.0
978.0
50.0
558.0
999.0
2739.0
1274.0
463.0
NaN
221.0
63.0
548.0
734.0
571.0
394.0
89.0
971.0
866.0
1070.0
579.0
1001.0
1277.0
830.0
783.0
308.0
132.0
726.0
850.0
842.0
686.0
297.0
350.0
902.0
605.0
646.0
150.0
61.0
247.0
417.0
1334.0
366.0
1240.0
799.0
587.0
1944.0
1888.0
1313.0
691.0
398.0
136.0
129.0
453.0
1150.0
1326.0
623.0
946.0
513.0
895.0
361.0
711.0
375.0
491.0
401.0
855.0
1125.0
676.0
587.0
1028.0
461.0
41.0
649.0
564.0
528.0
236.0
209.0
900.0
771.0
786.0
907.0
585.0
2068.0
1311.0
287.0
188.0
668.0
66.0
395.0
386.0
1775.0
1529.0
1892.0
2869.0
1237.0
534.0
471.0
649.0
172.0
930.0
271.0
1086.0
904.0
706.0
1053.0
1798.0
1258.0
820.0
920.0
865.0
1621.0
102.0
371.0
747.0
1899.0
1822.0
638.0
179.0
629.0
724.0
798.0
1194.0
679.0
89.0
612.0
1169.0
1171.0
2060.0
673.0
1248.0
284.0
1349.0
1475.0
1096.0
761.0
454.0
738.0
1291.0
670.0
1118.0
504.0
1148.0
1397.0
773.0
1139.0
2632.0
703.0
21.0
609.0
216.0
569.0
1119.0
1023.0
1850.0
330.0
1677.0
1423.0
280.0
292.0
444.0
51.0
749.0
584.0
178.0
NaN
355.0
965.0
NaN
178.0
768.0
864.0
584.0
272.0
1019.0
336.0
775.0
698.0
165.0
592.0
292.0
482.0
1370.0
685.0
247.0
198.0
266.0
980.0
892.0
407.0
630.0
794.0
1016.0
462.0
246.0
107.0
445.0
795.0
921.0
674.0
1953.0
3120.0
1301.0
1167.0
NaN
926.0
940.0
1067.0
104.0
114.0
716.0
946.0
1910.0
104.0
696.0
1061.0
1299.0
2750.0
NaN
635.0
NaN
338.0
539.0
NaN
96.0
546.0
2008.0
107.0
1829.0
434.0
1973.0
605.0
878.0
518.0
1004.0
1518.0
565.0
1768.0
2009.0
826.0
2590.0
519.0
551.0
329.0
178.0
414.0
176.0
1605.0
1206.0
737.0
203.0
922.0
288.0
380.0
NaN
104.0
NaN
170.0
271.0
1331.0
2724.0
1162.0
925.0
1359.0
597.0
730.0
727.0
152.0
638.0
NaN
404.0
529.0
3482.0
1292.0
601.0
503.0
429.0
580.0
480.0
296.0
316.0
1056.0
755.0
551.0
816.0
431.0
297.0
1000.0
465.0
239.0
793.0
462.0
NaN
902.0
1025.0
1116.0
1378.0
1841.0
1298.0
176.0
585.0
1040.0
782.0
607.0
567.0
445.0
340.0
1167.0
833.0
1314.0
546.0
1740.0
259.0
226.0
38.0
642.0
185.0
498.0
689.0
788.0
1340.0
NaN
1338.0
912.0
661.0
502.0
563.0
366.0
903.0
889.0
419.0
1202.0
1168.0
1274.0
484.0
1959.0
NaN
1191.0
652.0
497.0
661.0
254.0
256.0
1379.0
2334.0
1210.0
NaN
848.0
129.0
631.0
137.0
547.0
290.0
331.0
614.0
945.0
684.0
1036.0
1928.0
624.0
1506.0
457.0
624.0
467.0
129.0
91.0
783.0
392.0
1585.0
NaN
NaN
NaN
NaN
1278.0
969.0
480.0
847.0
404.0
216.0
1022.0
236.0
358.0
534.0
718.0
1042.0
350.0
477.0
217.0
597.0
38.0
1267.0
705.0
449.0
661.0
1092.0
557.0
546.0
496.0
772.0
257.0
644.0
834.0
NaN
639.0
450.0
1387.0
242.0
226.0
201.0
745.0
173.0
1003.0
681.0
1010.0
550.0
828.0
1114.0
1225.0
1618.0
1219.0
2847.0
569.0
839.0
860.0
31.0
622.0
1345.0
1686.0
1307.0
1271.0
295.0
1781.0
858.0
2243.0
967.0
NaN
NaN
NaN
229.0
NaN
NaN
NaN
1743.0
1156.0
1824.0
643.0
198.0
488.0
339.0
692.0
482.0
1070.0
1276.0
2457.0
475.0
112.0
748.0
361.0
1251.0
762.0
214.0
262.0
486.0
629.0
368.0
420.0
237.0
595.0
1387.0
1384.0
208.0
370.0
890.0
806.0
615.0
1726.0
2787.0
1077.0
812.0
112.0
838.0
683.0
761.0
336.0
311.0
604.0
403.0
915.0
475.0
1676.0
689.0
1652.0
2437.0
1259.0
311.0
367.0
286.0
375.0
267.0
730.0
1654.0
3492.0
1243.0
658.0
310.0
425.0
1451.0
1841.0
161.0
111.0
385.0
571.0
1208.0
95.0
2007.0
1931.0
1254.0
701.0
310.0
281.0
367.0
185.0
NaN
NaN
NaN
NaN
NaN
NaN
NaN
NaN
