NaN
NaN
NaN
NaN
NaN
NaN
NaN
NaN
NaN
23.0
0.0
10.0
3.0
NaN
NaN
NaN
NaN
NaN
23.0
0.0
NaN
NaN
NaN
NaN
NaN
NaN
NaN
NaN
NaN
NaN
0.0
0.0
0.0
0.0
0.0
0.0
0.0
0.0
0.0
0.0
0.0
0.0
0.0
13.0
0.0
0.0
0.0
0.0
0.0
0.0
0.0
3.0
0.0
0.0
0.0
0.0
0.0
0.0
0.0
0.0
0.0
241.0
25.0
0.0
0.0
89.0
0.0
0.0
0.0
0.0
0.0
0.0
165.0
152.0
0.0
0.0
0.0
0.0
102.0
0.0
0.0
0.0
0.0
0.0
0.0
0.0
0.0
48.0
0.0
0.0
0.0
0.0
102.0
0.0
178.0
18.0
5.0
25.0
0.0
0.0
0.0
0.0
0.0
0.0
0.0
0.0
20.0
0.0
0.0
0.0
0.0
28.0
0.0
0.0
0.0
0.0
0.0
175.0
0.0
0.0
0.0
0.0
145.0
0.0
0.0
0.0
0.0
330.0
10.0
0.0
0.0
0.0
89.0
0.0
0.0
0.0
0.0
0.0
20.0
74.0
36.0
191.0
0.0
0.0
0.0
0.0
0.0
0.0
86.0
175.0
10.0
58.0
8.0
0.0
0.0
0.0
0.0
0.0
0.0
0.0
0.0
0.0
0.0
33.0
97.0
0.0
10.0
13.0
81.0
69.0
0.0
0.0
0.0
0.0
0.0
0.0
0.0
94.0
0.0
0.0
0.0
53.0
0.0
0.0
0.0
10.0
38.0
0.0
0.0
0.0
0.0
0.0
0.0
0.0
0.0
33.0
15.0
0.0
0.0
0.0
0.0
0.0
0.0
0.0
0.0
53.0
0.0
0.0
0.0
0.0
0.0
48.0
53.0
0.0
0.0
0.0
0.0
0.0
0.0
0.0
0.0
0.0
0.0
0.0
180.0
8.0
0.0
0.0
0.0
0.0
0.0
30.0
23.0
5.0
119.0
15.0
0.0
36.0
0.0
5.0
0.0
0.0
0.0
38.0
0.0
5.0
0.0
10.0
0.0
0.0
0.0
0.0
61.0
76.0
3.0
0.0
0.0
13.0
0.0
165.0
0.0
0.0
0.0
0.0
0.0
0.0
0.0
66.0
0.0
0.0
0.0
0.0
0.0
0.0
8.0
0.0
0.0
0.0
64.0
117.0
0.0
0.0
0.0
0.0
0.0
0.0
0.0
8.0
0.0
0.0
8.0
97.0
0.0
46.0
10.0
0.0
0.0
0.0
0.0
0.0
0.0
0.0
0.0
0.0
0.0
0.0
8.0
23.0
0.0
46.0
0.0
0.0
28.0
5.0
0.0
0.0
0.0
0.0
0.0
0.0
46.0
8.0
0.0
23.0
10.0
0.0
0.0
0.0
25.0
0.0
0.0
56.0
351.0
28.0
5.0
10.0
0.0
0.0
0.0
13.0
20.0
0.0
5.0
0.0
0.0
5.0
20.0
0.0
33.0
0.0
46.0
0.0
0.0
5.0
0.0
0.0
0.0
0.0
0.0
18.0
30.0
28.0
0.0
0.0
0.0
13.0
0.0
15.0
0.0
0.0
36.0
0.0
8.0
0.0
33.0
3.0
0.0
5.0
3.0
5.0
0.0
0.0
30.0
0.0
0.0
5.0
0.0
69.0
0.0
51.0
0.0
25.0
0.0
18.0
0.0
0.0
0.0
0.0
64.0
3.0
64.0
0.0
155.0
437.0
43.0
0.0
0.0
147.0
0.0
211.0
117.0
0.0
23.0
0.0
61.0
0.0
0.0
404.0
107.0
185.0
318.0
5.0
0.0
145.0
0.0
3.0
0.0
20.0
33.0
0.0
0.0
0.0
0.0
0.0
165.0
0.0
0.0
0.0
0.0
0.0
0.0
0.0
0.0
0.0
38.0
0.0
0.0
442.0
0.0
251.0
0.0
0.0
0.0
5.0
81.0
15.0
0.0
0.0
0.0
0.0
135.0
198.0
493.0
0.0
437.0
0.0
0.0
0.0
0.0
36.0
0.0
66.0
0.0
5.0
180.0
643.0
0.0
0.0
124.0
0.0
5.0
0.0
0.0
0.0
0.0
0.0
0.0
0.0
89.0
0.0
0.0
0.0
0.0
0.0
56.0
97.0
0.0
13.0
3.0
33.0
0.0
0.0
0.0
0.0
0.0
0.0
132.0
137.0
0.0
0.0
0.0
0.0
0.0
0.0
76.0
25.0
0.0
0.0
0.0
0.0
0.0
30.0
0.0
0.0
33.0
114.0
8.0
0.0
0.0
0.0
0.0
0.0
0.0
0.0
0.0
0.0
0.0
0.0
0.0
0.0
0.0
0.0
0.0
0.0
0.0
0.0
8.0
0.0
71.0
0.0
0.0
0.0
0.0
0.0
0.0
97.0
0.0
0.0
41.0
74.0
0.0
5.0
0.0
0.0
0.0
0.0
0.0
0.0
0.0
18.0
0.0
0.0
0.0
0.0
0.0
8.0
0.0
8.0
0.0
0.0
0.0
0.0
333.0
69.0
0.0
8.0
5.0
0.0
0.0
0.0
0.0
0.0
15.0
0.0
0.0
18.0
58.0
18.0
0.0
0.0
15.0
51.0
13.0
0.0
0.0
0.0
0.0
0.0
0.0
0.0
28.0
5.0
0.0
0.0
0.0
0.0
0.0
0.0
0.0
0.0
0.0
23.0
3.0
0.0
0.0
38.0
0.0
0.0
0.0
0.0
0.0
0.0
0.0
0.0
0.0
0.0
0.0
0.0
0.0
0.0
0.0
3.0
0.0
0.0
0.0
0.0
0.0
0.0
48.0
13.0
0.0
0.0
0.0
0.0
0.0
0.0
15.0
0.0
0.0
0.0
0.0
15.0
51.0
300.0
0.0
0.0
0.0
0.0
0.0
0.0
0.0
0.0
0.0
0.0
0.0
0.0
0.0
3.0
0.0
0.0
0.0
208.0
25.0
0.0
0.0
0.0
109.0
0.0
0.0
0.0
0.0
0.0
8.0
0.0
0.0
0.0
0.0
0.0
0.0
0.0
0.0
0.0
0.0
0.0
0.0
0.0
0.0
0.0
229.0
38.0
0.0
0.0
15.0
0.0
3.0
0.0
58.0
0.0
348.0
0.0
0.0
0.0
0.0
211.0
13.0
0.0
0.0
0.0
259.0
3.0
0.0
0.0
0.0
20.0
0.0
0.0
0.0
0.0
0.0
0.0
0.0
0.0
0.0
0.0
0.0
130.0
0.0
0.0
0.0
79.0
0.0
0.0
0.0
18.0
0.0
0.0
23.0
0.0
0.0
0.0
0.0
5.0
191.0
455.0
0.0
0.0
0.0
437.0
15.0
0.0
0.0
0.0
160.0
36.0
13.0
86.0
0.0
193.0
0.0
0.0
0.0
86.0
28.0
0.0
315.0
5.0
0.0
0.0
0.0
0.0
0.0
0.0
0.0
0.0
8.0
0.0
427.0
61.0
0.0
15.0
0.0
0.0
196.0
0.0
20.0
0.0
0.0
0.0
5.0
5.0
0.0
0.0
0.0
0.0
107.0
13.0
0.0
51.0
0.0
0.0
5.0
0.0
0.0
0.0
0.0
0.0
0.0
0.0
328.0
8.0
0.0
0.0
5.0
368.0
0.0
0.0
0.0
0.0
56.0
0.0
41.0
0.0
0.0
0.0
0.0
0.0
0.0
0.0
0.0
0.0
0.0
74.0
0.0
0.0
0.0
0.0
0.0
13.0
0.0
0.0
406.0
3.0
8.0
737.0
56.0
36.0
58.0
284.0
0.0
0.0
0.0
0.0
33.0
0.0
13.0
5.0
0.0
0.0
221.0
3.0
0.0
0.0
343.0
0.0
3.0
203.0
3.0
13.0
114.0
0.0
0.0
74.0
0.0
53.0
0.0
0.0
79.0
0.0
155.0
46.0
0.0
0.0
0.0
0.0
5.0
15.0
43.0
33.0
0.0
23.0
8.0
0.0
0.0
0.0
0.0
0.0
0.0
81.0
10.0
0.0
114.0
20.0
0.0
0.0
0.0
13.0
0.0
0.0
0.0
0.0
0.0
0.0
0.0
0.0
0.0
0.0
0.0
0.0
0.0
0.0
0.0
0.0
74.0
0.0
0.0
0.0
3.0
277.0
15.0
8.0
0.0
0.0
0.0
0.0
0.0
0.0
0.0
0.0
79.0
0.0
0.0
0.0
0.0
38.0
30.0
0.0
0.0
0.0
0.0
0.0
0.0
0.0
0.0
0.0
0.0
0.0
0.0
132.0
10.0
0.0
0.0
0.0
0.0
8.0
0.0
8.0
46.0
0.0
0.0
0.0
0.0
0.0
0.0
0.0
10.0
41.0
0.0
0.0
0.0
0.0
5.0
0.0
0.0
0.0
0.0
0.0
0.0
5.0
0.0
0.0
0.0
0.0
0.0
0.0
61.0
0.0
0.0
0.0
0.0
0.0
0.0
0.0
130.0
71.0
0.0
0.0
0.0
0.0
0.0
0.0
122.0
0.0
0.0
0.0
0.0
0.0
0.0
0.0
0.0
48.0
15.0
0.0
0.0
10.0
3.0
71.0
0.0
15.0
0.0
0.0
0.0
0.0
0.0
0.0
0.0
0.0
0.0
0.0
0.0
0.0
0.0
58.0
0.0
99.0
216.0
0.0
76.0
13.0
0.0
0.0
142.0
10.0
0.0
0.0
0.0
0.0
0.0
0.0
0.0
0.0
0.0
117.0
0.0
0.0
0.0
0.0
0.0
20.0
86.0
0.0
0.0
13.0
0.0
0.0
0.0
0.0
74.0
0.0
0.0
0.0
0.0
0.0
0.0
0.0
107.0
0.0
0.0
61.0
81.0
0.0
0.0
0.0
53.0
0.0
5.0
20.0
0.0
5.0
46.0
56.0
0.0
8.0
0.0
0.0
43.0
48.0
0.0
0.0
0.0
0.0
0.0
0.0
0.0
0.0
0.0
0.0
69.0
582.0
259.0
155.0
0.0
25.0
310.0
0.0
0.0
0.0
53.0
0.0
13.0
8.0
0.0
0.0
0.0
0.0
0.0
0.0
46.0
10.0
30.0
0.0
0.0
0.0
0.0
0.0
74.0
0.0
0.0
0.0
0.0
0.0
0.0
0.0
0.0
0.0
0.0
0.0
94.0
114.0
0.0
0.0
0.0
0.0
0.0
0.0
5.0
279.0
66.0
104.0
64.0
0.0
0.0
0.0
0.0
0.0
0.0
206.0
10.0
3.0
206.0
0.0
41.0
0.0
0.0
28.0
0.0
0.0
333.0
0.0
0.0
142.0
0.0
0.0
0.0
0.0
0.0
140.0
0.0
0.0
300.0
20.0
295.0
20.0
191.0
0.0
0.0
333.0
0.0
0.0
0.0
142.0
0.0
244.0
208.0
0.0
0.0
0.0
183.0
5.0
0.0
157.0
10.0
157.0
5.0
0.0
30.0
5.0
0.0
99.0
439.0
33.0
102.0
140.0
41.0
0.0
0.0
0.0
0.0
0.0
0.0
58.0
0.0
0.0
0.0
0.0
0.0
3.0
0.0
3.0
0.0
0.0
13.0
20.0
0.0
0.0
0.0
0.0
0.0
0.0
0.0
0.0
0.0
38.0
0.0
0.0
0.0
0.0
94.0
114.0
0.0
0.0
0.0
28.0
338.0
8.0
0.0
41.0
130.0
5.0
0.0
0.0
5.0
3.0
0.0
8.0
122.0
0.0
0.0
0.0
0.0
0.0
0.0
0.0
0.0
8.0
0.0
157.0
0.0
0.0
0.0
0.0
0.0
5.0
0.0
0.0
0.0
0.0
0.0
10.0
0.0
0.0
0.0
10.0
0.0
0.0
0.0
0.0
0.0
0.0
0.0
0.0
0.0
0.0
23.0
0.0
0.0
0.0
0.0
0.0
5.0
0.0
0.0
28.0
102.0
0.0
0.0
0.0
0.0
15.0
25.0
0.0
10.0
0.0
0.0
0.0
0.0
0.0
0.0
5.0
0.0
0.0
0.0
0.0
0.0
0.0
97.0
279.0
0.0
0.0
0.0
0.0
0.0
0.0
0.0
0.0
114.0
0.0
0.0
0.0
0.0
0.0
0.0
0.0
0.0
0.0
0.0
30.0
0.0
0.0
0.0
0.0
0.0
0.0
0.0
46.0
0.0
8.0
0.0
0.0
0.0
287.0
114.0
8.0
0.0
0.0
0.0
36.0
0.0
28.0
150.0
18.0
0.0
28.0
0.0
43.0
0.0
0.0
0.0
0.0
5.0
0.0
335.0
23.0
28.0
20.0
0.0
0.0
0.0
56.0
5.0
15.0
0.0
43.0
10.0
33.0
152.0
8.0
0.0
15.0
371.0
0.0
53.0
3.0
0.0
0.0
8.0
8.0
8.0
0.0
142.0
0.0
0.0
8.0
13.0
10.0
0.0
0.0
0.0
18.0
107.0
5.0
8.0
0.0
41.0
15.0
10.0
0.0
20.0
427.0
0.0
0.0
0.0
114.0
135.0
848.0
3.0
0.0
102.0
5.0
0.0
0.0
0.0
0.0
51.0
112.0
213.0
0.0
0.0
0.0
0.0
0.0
61.0
38.0
36.0
30.0
0.0
0.0
0.0
0.0
0.0
0.0
0.0
300.0
23.0
3.0
0.0
0.0
0.0
0.0
0.0
0.0
0.0
0.0
0.0
0.0
5.0
0.0
0.0
104.0
0.0
0.0
0.0
8.0
8.0
0.0
0.0
0.0
0.0
0.0
0.0
0.0
0.0
287.0
5.0
0.0
0.0
0.0
0.0
0.0
0.0
20.0
0.0
23.0
0.0
0.0
0.0
0.0
0.0
0.0
145.0
373.0
0.0
0.0
51.0
15.0
48.0
0.0
0.0
33.0
8.0
0.0
0.0
0.0
0.0
74.0
117.0
0.0
0.0
0.0
0.0
0.0
0.0
3.0
0.0
0.0
0.0
0.0
0.0
0.0
0.0
0.0
25.0
508.0
0.0
0.0
0.0
0.0
0.0
0.0
0.0
0.0
480.0
0.0
51.0
0.0
0.0
0.0
0.0
58.0
61.0
109.0
142.0
23.0
18.0
279.0
478.0
56.0
0.0
160.0
142.0
262.0
0.0
64.0
0.0
312.0
5.0
0.0
0.0
0.0
0.0
0.0
0.0
0.0
0.0
0.0
0.0
0.0
0.0
0.0
0.0
0.0
0.0
0.0
0.0
0.0
117.0
0.0
0.0
0.0
0.0
0.0
0.0
0.0
0.0
5.0
18.0
0.0
0.0
145.0
198.0
0.0
0.0
0.0
0.0
3.0
5.0
0.0
41.0
102.0
0.0
0.0
0.0
23.0
0.0
0.0
0.0
0.0
0.0
0.0
0.0
0.0
165.0
13.0
0.0
0.0
0.0
0.0
18.0
0.0
30.0
0.0
0.0
0.0
0.0
0.0
0.0
0.0
0.0
0.0
0.0
0.0
0.0
241.0
0.0
0.0
20.0
0.0
0.0
0.0
0.0
0.0
0.0
0.0
0.0
0.0
0.0
0.0
0.0
0.0
0.0
0.0
0.0
0.0
0.0
53.0
0.0
0.0
0.0
0.0
5.0
0.0
0.0
0.0
0.0
33.0
3.0
0.0
0.0
0.0
0.0
30.0
5.0
25.0
132.0
10.0
0.0
0.0
0.0
0.0
66.0
33.0
0.0
0.0
46.0
5.0
0.0
0.0
0.0
20.0
15.0
0.0
0.0
0.0
0.0
0.0
0.0
0.0
0.0
0.0
0.0
0.0
0.0
0.0
163.0
13.0
0.0
76.0
0.0
81.0
0.0
0.0
0.0
0.0
0.0
0.0
0.0
0.0
0.0
0.0
0.0
0.0
155.0
0.0
5.0
61.0
145.0
0.0
0.0
0.0
0.0
28.0
353.0
91.0
58.0
0.0
0.0
0.0
0.0
10.0
79.0
38.0
0.0
0.0
71.0
0.0
0.0
0.0
48.0
0.0
0.0
0.0
0.0
0.0
0.0
0.0
0.0
5.0
0.0
0.0
0.0
5.0
23.0
0.0
0.0
0.0
0.0
0.0
0.0
0.0
0.0
0.0
0.0
36.0
10.0
203.0
3.0
0.0
0.0
0.0
0.0
0.0
18.0
3.0
3.0
0.0
0.0
0.0
0.0
0.0
0.0
0.0
0.0
86.0
13.0
10.0
48.0
0.0
0.0
0.0
0.0
56.0
0.0
0.0
0.0
38.0
107.0
0.0
30.0
0.0
185.0
0.0
450.0
3.0
28.0
0.0
173.0
74.0
0.0
0.0
0.0
18.0
610.0
0.0
0.0
0.0
124.0
0.0
0.0
0.0
94.0
28.0
0.0
0.0
0.0
0.0
109.0
351.0
20.0
51.0
0.0
0.0
0.0
0.0
0.0
0.0
0.0
0.0
0.0
10.0
0.0
0.0
109.0
333.0
0.0
0.0
23.0
0.0
0.0
0.0
0.0
0.0
0.0
0.0
0.0
0.0
224.0
0.0
0.0
366.0
175.0
0.0
239.0
0.0
0.0
0.0
0.0
0.0
97.0
0.0
0.0
0.0
15.0
0.0
0.0
0.0
0.0
0.0
0.0
0.0
0.0
5.0
259.0
0.0
147.0
0.0
0.0
0.0
0.0
0.0
0.0
15.0
0.0
0.0
0.0
0.0
0.0
0.0
0.0
71.0
0.0
8.0
0.0
0.0
0.0
244.0
0.0
0.0
3.0
0.0
0.0
0.0
183.0
20.0
0.0
20.0
119.0
165.0
8.0
5.0
0.0
84.0
178.0
0.0
0.0
0.0
25.0
23.0
0.0
0.0
0.0
0.0
58.0
165.0
20.0
0.0
0.0
0.0
84.0
5.0
13.0
15.0
0.0
0.0
0.0
64.0
0.0
124.0
554.0
0.0
15.0
0.0
0.0
0.0
0.0
0.0
0.0
0.0
0.0
0.0
0.0
25.0
0.0
5.0
61.0
28.0
0.0
0.0
0.0
0.0
0.0
0.0
0.0
0.0
249.0
30.0
0.0
5.0
33.0
0.0
0.0
0.0
10.0
0.0
0.0
0.0
0.0
0.0
5.0
0.0
0.0
0.0
0.0
36.0
0.0
0.0
48.0
208.0
0.0
0.0
0.0
51.0
5.0
0.0
0.0
0.0
33.0
0.0
0.0
30.0
28.0
5.0
0.0
0.0
231.0
0.0
89.0
0.0
0.0
0.0
0.0
0.0
51.0
97.0
0.0
0.0
0.0
0.0
0.0
0.0
0.0
33.0
0.0
0.0
0.0
25.0
10.0
0.0
0.0
0.0
0.0
0.0
61.0
0.0
0.0
0.0
0.0
0.0
64.0
41.0
0.0
0.0
28.0
0.0
5.0
0.0
0.0
0.0
0.0
0.0
0.0
0.0
15.0
23.0
8.0
0.0
23.0
48.0
0.0
0.0
0.0
10.0
0.0
53.0
23.0
0.0
13.0
0.0
0.0
0.0
0.0
0.0
262.0
58.0
0.0
0.0
0.0
0.0
0.0
91.0
5.0
3.0
36.0
74.0
5.0
0.0
0.0
0.0
0.0
8.0
0.0
437.0
284.0
0.0
0.0
0.0
208.0
175.0
0.0
0.0
157.0
0.0
0.0
132.0
0.0
0.0
0.0
0.0
0.0
0.0
0.0
0.0
0.0
81.0
0.0
0.0
84.0
8.0
13.0
10.0
3.0
0.0
0.0
0.0
0.0
64.0
10.0
0.0
5.0
0.0
0.0
15.0
0.0
0.0
46.0
15.0
0.0
0.0
0.0
0.0
46.0
3.0
0.0
0.0
234.0
523.0
53.0
5.0
0.0
0.0
0.0
0.0
81.0
0.0
0.0
0.0
0.0
0.0
0.0
5.0
43.0
0.0
0.0
58.0
244.0
0.0
0.0
20.0
0.0
137.0
5.0
485.0
64.0
0.0
30.0
0.0
310.0
5.0
295.0
0.0
0.0
0.0
0.0
0.0
0.0
0.0
0.0
10.0
0.0
0.0
0.0
0.0
0.0
0.0
0.0
0.0
734.0
15.0
0.0
5.0
0.0
0.0
0.0
0.0
23.0
0.0
3.0
0.0
0.0
0.0
0.0
0.0
0.0
0.0
0.0
0.0
0.0
18.0
0.0
0.0
0.0
0.0
0.0
0.0
0.0
0.0
