0.720689655172
-0.98
-14.6258064516
-17.0580645161
-15.75
-3.03870967742
3.83333333333
7.75483870968
14.1266666667
16.3870967742
16.3483870968
8.66333333333
NaN
-5.65172413793
-14.5933333333
NaN
NaN
NaN
NaN
NaN
NaN
NaN
NaN
NaN
NaN
NaN
NaN
-11.4677419355
-10.6137931034
-0.841935483871
1.98333333333
9.63870967742
14.0633333333
18.5290322581
12.964516129
6.31666666667
0.646428571429
-5.24666666667
-13.8258064516
-15.6548387097
-15.8285714286
-13.0806451613
-4.07333333333
6.39677419355
13.1533333333
15.8387096774
14.2967741935
10.6866666667
1.92258064516
-7.78
-18.0096774194
-19.7935483871
-19.4178571429
-9.62580645161
-2.164
7.25161290323
14.0833333333
14.6419354839
14.7161290323
9.5
2.2935483871
-10.23
-9.70967741935
-12.4387096774
-18.5607142857
-5.66129032258
0.546666666667
6.94193548387
13.8
15.6483870968
13.5741935484
11.92
3.43225806452
-1.90333333333
-7.95161290323
-14.2903225806
-8.74827586207
-3.12903225806
0.113333333333
8.27741935484
14.0366666667
15.4580645161
14.5903225806
10.5833333333
2.96774193548
-0.386666666667
-13.235483871
-13.8741935484
-8.27142857143
-7.09677419355
0.54
7.34838709677
13.4066666667
15.3483870968
13.1774193548
NaN
NaN
