0.0
64.0
0.0
0.0
0.0
25.0
0.0
0.0
102.0
36.0
0.0
20.0
0.0
64.0
122.0
20.0
0.0
0.0
0.0
0.0
0.0
0.0
0.0
0.0
0.0
0.0
0.0
0.0
102.0
0.0
30.0
0.0
140.0
0.0
0.0
0.0
0.0
0.0
0.0
0.0
0.0
0.0
0.0
25.0
0.0
0.0
0.0
221.0
0.0
0.0
0.0
0.0
0.0
0.0
0.0
0.0
0.0
0.0
0.0
28.0
229.0
0.0
0.0
0.0
97.0
188.0
58.0
0.0
0.0
0.0
0.0
0.0
0.0
0.0
0.0
0.0
216.0
0.0
122.0
0.0
0.0
457.0
0.0
0.0
0.0
0.0
41.0
0.0
0.0
0.0
0.0
0.0
0.0
0.0
0.0
51.0
0.0
0.0
0.0
0.0
0.0
46.0
208.0
94.0
69.0
0.0
0.0
213.0
46.0
0.0
0.0
457.0
36.0
30.0
0.0
0.0
0.0
0.0
0.0
0.0
229.0
46.0
0.0
0.0
0.0
0.0
28.0
0.0
0.0
48.0
0.0
0.0
191.0
0.0
0.0
0.0
0.0
0.0
140.0
0.0
0.0
0.0
0.0
0.0
0.0
0.0
0.0
0.0
0.0
0.0
0.0
0.0
0.0
0.0
0.0
0.0
0.0
0.0
376.0
28.0
0.0
23.0
0.0
0.0
0.0
0.0
0.0
0.0
0.0
46.0
767.0
0.0
0.0
0.0
0.0
0.0
36.0
203.0
53.0
0.0
0.0
770.0
0.0
0.0
0.0
0.0
0.0
0.0
0.0
0.0
0.0
127.0
0.0
0.0
0.0
0.0
0.0
0.0
0.0
0.0
0.0
455.0
0.0
0.0
0.0
0.0
406.0
335.0
0.0
0.0
0.0
0.0
64.0
0.0
0.0
0.0
0.0
0.0
0.0
0.0
0.0
0.0
0.0
0.0
0.0
0.0
0.0
74.0
0.0
0.0
0.0
0.0
33.0
0.0
0.0
0.0
0.0
0.0
48.0
0.0
0.0
132.0
168.0
0.0
0.0
0.0
0.0
0.0
0.0
0.0
0.0
0.0
15.0
0.0
0.0
0.0
0.0
0.0
0.0
0.0
0.0
0.0
0.0
0.0
0.0
0.0
0.0
0.0
0.0
0.0
0.0
0.0
51.0
0.0
0.0
0.0
0.0
0.0
0.0
137.0
0.0
0.0
0.0
0.0
0.0
0.0
0.0
0.0
0.0
0.0
0.0
0.0
0.0
0.0
3.0
0.0
0.0
0.0
0.0
0.0
0.0
13.0
0.0
0.0
0.0
0.0
0.0
38.0
0.0
0.0
0.0
0.0
0.0
0.0
0.0
0.0
0.0
0.0
0.0
0.0
0.0
0.0
0.0
0.0
0.0
0.0
0.0
0.0
0.0
0.0
0.0
23.0
0.0
0.0
0.0
0.0
0.0
0.0
25.0
0.0
0.0
20.0
36.0
8.0
0.0
0.0
0.0
0.0
0.0
0.0
0.0
0.0
0.0
81.0
38.0
0.0
0.0
0.0
0.0
41.0
0.0
0.0
0.0
0.0
0.0
38.0
0.0
0.0
0.0
84.0
5.0
NaN
NaN
0.0
0.0
0.0
0.0
490.0
0.0
0.0
0.0
0.0
3.0
13.0
8.0
30.0
0.0
0.0
0.0
0.0
0.0
269.0
0.0
0.0
0.0
0.0
0.0
0.0
0.0
0.0
0.0
180.0
81.0
173.0
0.0
0.0
0.0
0.0
267.0
25.0
165.0
0.0
0.0
0.0
0.0
30.0
0.0
41.0
0.0
0.0
0.0
0.0
381.0
0.0
0.0
0.0
0.0
30.0
0.0
0.0
3.0
0.0
0.0
0.0
0.0
0.0
58.0
0.0
15.0
0.0
0.0
0.0
0.0
61.0
0.0
0.0
13.0
3.0
5.0
0.0
0.0
8.0
0.0
130.0
0.0
0.0
0.0
213.0
0.0
0.0
0.0
0.0
0.0
0.0
0.0
0.0
269.0
262.0
0.0
0.0
0.0
0.0
0.0
0.0
0.0
0.0
0.0
0.0
460.0
3.0
0.0
0.0
0.0
8.0
0.0
0.0
0.0
0.0
0.0
0.0
262.0
30.0
10.0
0.0
0.0
0.0
0.0
0.0
218.0
340.0
366.0
0.0
0.0
0.0
0.0
0.0
0.0
0.0
132.0
345.0
69.0
13.0
0.0
0.0
0.0
0.0
0.0
262.0
0.0
0.0
0.0
0.0
0.0
0.0
0.0
0.0
0.0
198.0
66.0
0.0
0.0
0.0
0.0
0.0
0.0
0.0
0.0
0.0
0.0
0.0
97.0
0.0
0.0
0.0
0.0
0.0
0.0
163.0
3.0
0.0
10.0
97.0
0.0
0.0
0.0
0.0
0.0
0.0
0.0
0.0
0.0
0.0
0.0
0.0
462.0
0.0
0.0
0.0
0.0
0.0
13.0
0.0
0.0
0.0
0.0
0.0
0.0
0.0
0.0
0.0
0.0
0.0
0.0
0.0
0.0
0.0
0.0
86.0
0.0
43.0
48.0
0.0
0.0
0.0
0.0
64.0
0.0
0.0
0.0
0.0
46.0
43.0
0.0
0.0
0.0
0.0
0.0
0.0
0.0
0.0
0.0
0.0
0.0
0.0
0.0
0.0
51.0
0.0
0.0
0.0
0.0
0.0
0.0
0.0
0.0
0.0
0.0
0.0
0.0
25.0
0.0
0.0
0.0
0.0
0.0
79.0
0.0
0.0
0.0
0.0
0.0
0.0
0.0
0.0
0.0
0.0
0.0
0.0
0.0
23.0
0.0
0.0
0.0
0.0
0.0
193.0
0.0
10.0
15.0
8.0
0.0
86.0
0.0
0.0
28.0
0.0
66.0
5.0
0.0
0.0
0.0
0.0
5.0
0.0
0.0
0.0
84.0
0.0
0.0
48.0
15.0
41.0
0.0
0.0
0.0
0.0
0.0
0.0
0.0
0.0
0.0
0.0
0.0
0.0
0.0
0.0
0.0
5.0
0.0
30.0
0.0
0.0
0.0
0.0
0.0
0.0
0.0
0.0
0.0
0.0
0.0
91.0
0.0
0.0
0.0
0.0
0.0
0.0
0.0
0.0
0.0
0.0
0.0
0.0
0.0
0.0
145.0
0.0
0.0
0.0
NaN
0.0
NaN
0.0
145.0
0.0
38.0
20.0
0.0
0.0
0.0
0.0
0.0
0.0
0.0
NaN
0.0
NaN
NaN
NaN
NaN
NaN
0.0
25.0
NaN
NaN
NaN
NaN
0.0
NaN
NaN
0.0
0.0
213.0
41.0
46.0
0.0
165.0
5.0
8.0
0.0
0.0
0.0
0.0
0.0
0.0
0.0
0.0
0.0
0.0
0.0
0.0
0.0
0.0
0.0
0.0
0.0
0.0
0.0
0.0
13.0
0.0
0.0
0.0
0.0
0.0
0.0
0.0
8.0
0.0
0.0
84.0
28.0
155.0
81.0
0.0
0.0
0.0
0.0
0.0
180.0
0.0
399.0
8.0
76.0
0.0
0.0
0.0
229.0
0.0
0.0
0.0
0.0
0.0
25.0
0.0
0.0
137.0
0.0
30.0
0.0
25.0
0.0
0.0
0.0
0.0
0.0
0.0
0.0
0.0
0.0
58.0
0.0
0.0
61.0
0.0
0.0
0.0
0.0
0.0
0.0
0.0
373.0
0.0
66.0
109.0
38.0
0.0
0.0
104.0
23.0
66.0
0.0
0.0
0.0
0.0
0.0
297.0
5.0
0.0
0.0
0.0
0.0
0.0
0.0
0.0
0.0
0.0
0.0
0.0
0.0
119.0
56.0
122.0
8.0
0.0
0.0
0.0
46.0
0.0
0.0
0.0
0.0
0.0
0.0
0.0
0.0
0.0
0.0
28.0
0.0
0.0
490.0
0.0
0.0
0.0
0.0
0.0
0.0
0.0
0.0
0.0
0.0
0.0
25.0
10.0
23.0
0.0
0.0
0.0
0.0
0.0
0.0
0.0
0.0
0.0
0.0
0.0
0.0
191.0
28.0
0.0
13.0
0.0
0.0
0.0
0.0
0.0
0.0
0.0
0.0
0.0
0.0
0.0
0.0
0.0
3.0
0.0
0.0
0.0
0.0
0.0
0.0
8.0
0.0
0.0
0.0
0.0
0.0
0.0
0.0
0.0
56.0
23.0
0.0
0.0
0.0
46.0
0.0
0.0
0.0
0.0
0.0
0.0
0.0
0.0
0.0
0.0
0.0
3.0
0.0
0.0
0.0
0.0
20.0
15.0
0.0
0.0
0.0
0.0
0.0
0.0
38.0
0.0
0.0
0.0
48.0
0.0
0.0
20.0
0.0
0.0
0.0
5.0
0.0
0.0
0.0
0.0
0.0
0.0
0.0
0.0
0.0
0.0
0.0
0.0
0.0
0.0
0.0
0.0
0.0
0.0
0.0
0.0
0.0
0.0
0.0
28.0
0.0
0.0
0.0
0.0
25.0
0.0
0.0
38.0
107.0
168.0
3.0
0.0
0.0
0.0
0.0
137.0
0.0
38.0
0.0
0.0
0.0
0.0
0.0
241.0
0.0
0.0
0.0
0.0
0.0
5.0
3.0
0.0
0.0
0.0
0.0
0.0
0.0
0.0
124.0
0.0
0.0
0.0
0.0
0.0
0.0
56.0
0.0
0.0
0.0
0.0
0.0
15.0
0.0
23.0
0.0
0.0
0.0
69.0
0.0
0.0
5.0
0.0
234.0
74.0
117.0
53.0
0.0
0.0
0.0
147.0
0.0
0.0
0.0
0.0
0.0
0.0
0.0
38.0
8.0
0.0
485.0
3.0
5.0
0.0
0.0
0.0
0.0
0.0
0.0
0.0
0.0
3.0
0.0
0.0
0.0
0.0
0.0
0.0
0.0
0.0
43.0
13.0
10.0
0.0
0.0
0.0
0.0
0.0
0.0
0.0
0.0
0.0
373.0
0.0
0.0
41.0
0.0
198.0
3.0
0.0
0.0
25.0
0.0
91.0
0.0
0.0
0.0
0.0
0.0
0.0
0.0
0.0
269.0
0.0
0.0
0.0
18.0
0.0
43.0
30.0
0.0
0.0
0.0
84.0
0.0
0.0
0.0
0.0
3.0
0.0
0.0
0.0
0.0
0.0
0.0
0.0
0.0
20.0
25.0
51.0
0.0
15.0
25.0
117.0
0.0
0.0
91.0
0.0
0.0
104.0
0.0
0.0
0.0
0.0
0.0
107.0
277.0
0.0
0.0
0.0
0.0
0.0
0.0
0.0
104.0
13.0
0.0
3.0
15.0
28.0
104.0
0.0
20.0
0.0
0.0
0.0
0.0
0.0
206.0
521.0
0.0
0.0
0.0
0.0
0.0
33.0
0.0
0.0
0.0
0.0
188.0
150.0
20.0
81.0
0.0
0.0
0.0
0.0
0.0
0.0
0.0
0.0
0.0
0.0
0.0
0.0
0.0
0.0
0.0
0.0
0.0
0.0
0.0
0.0
0.0
0.0
10.0
0.0
0.0
94.0
0.0
0.0
0.0
10.0
0.0
0.0
0.0
0.0
0.0
0.0
0.0
0.0
0.0
0.0
0.0
0.0
0.0
0.0
0.0
0.0
0.0
0.0
0.0
0.0
0.0
0.0
0.0
13.0
0.0
0.0
53.0
25.0
0.0
0.0
0.0
0.0
0.0
0.0
0.0
0.0
0.0
0.0
0.0
0.0
0.0
0.0
0.0
0.0
0.0
56.0
0.0
0.0
0.0
0.0
0.0
0.0
46.0
0.0
0.0
0.0
0.0
0.0
0.0
0.0
0.0
0.0
0.0
0.0
0.0
0.0
0.0
0.0
0.0
0.0
0.0
0.0
0.0
0.0
5.0
23.0
0.0
0.0
43.0
0.0
0.0
0.0
0.0
0.0
0.0
0.0
0.0
0.0
0.0
0.0
0.0
0.0
0.0
0.0
0.0
0.0
0.0
0.0
0.0
0.0
0.0
0.0
0.0
0.0
0.0
0.0
0.0
28.0
0.0
0.0
0.0
0.0
13.0
3.0
0.0
0.0
0.0
0.0
0.0
0.0
0.0
0.0
0.0
8.0
0.0
0.0
0.0
0.0
0.0
5.0
0.0
0.0
0.0
0.0
84.0
0.0
0.0
0.0
0.0
0.0
0.0
0.0
0.0
0.0
0.0
102.0
203.0
0.0
0.0
0.0
0.0
18.0
36.0
0.0
0.0
5.0
0.0
0.0
0.0
3.0
33.0
5.0
66.0
23.0
0.0
0.0
0.0
0.0
0.0
38.0
284.0
8.0
0.0
0.0
0.0
0.0
0.0
229.0
23.0
0.0
28.0
0.0
0.0
104.0
279.0
38.0
0.0
0.0
0.0
0.0
0.0
0.0
0.0
0.0
79.0
0.0
64.0
0.0
117.0
470.0
122.0
737.0
307.0
0.0
150.0
0.0
0.0
241.0
66.0
56.0
64.0
0.0
0.0
0.0
0.0
0.0
0.0
0.0
0.0
0.0
282.0
0.0
43.0
0.0
71.0
13.0
0.0
0.0
483.0
127.0
0.0
0.0
0.0
76.0
0.0
0.0
0.0
79.0
0.0
0.0
0.0
0.0
0.0
0.0
0.0
0.0
0.0
0.0
0.0
0.0
0.0
0.0
56.0
0.0
0.0
0.0
0.0
0.0
0.0
122.0
0.0
0.0
0.0
0.0
0.0
28.0
0.0
0.0
0.0
48.0
0.0
0.0
0.0
23.0
48.0
0.0
287.0
0.0
142.0
0.0
25.0
0.0
0.0
0.0
0.0
384.0
0.0
0.0
0.0
0.0
0.0
0.0
0.0
0.0
0.0
43.0
0.0
76.0
150.0
0.0
0.0
0.0
213.0
0.0
0.0
0.0
0.0
0.0
0.0
0.0
0.0
0.0
0.0
0.0
0.0
0.0
0.0
0.0
0.0
0.0
0.0
71.0
0.0
0.0
0.0
0.0
0.0
0.0
0.0
0.0
0.0
0.0
0.0
0.0
0.0
0.0
0.0
0.0
0.0
0.0
0.0
117.0
0.0
0.0
216.0
0.0
0.0
0.0
0.0
0.0
0.0
0.0
0.0
0.0
0.0
104.0
145.0
0.0
0.0
13.0
0.0
0.0
0.0
0.0
0.0
0.0
0.0
0.0
0.0
0.0
0.0
10.0
10.0
0.0
0.0
0.0
0.0
0.0
0.0
0.0
109.0
122.0
0.0
0.0
0.0
0.0
0.0
0.0
0.0
0.0
0.0
0.0
0.0
0.0
0.0
0.0
0.0
0.0
0.0
0.0
0.0
0.0
0.0
0.0
0.0
0.0
0.0
0.0
0.0
28.0
0.0
0.0
0.0
0.0
18.0
0.0
0.0
0.0
0.0
0.0
0.0
0.0
0.0
0.0
10.0
0.0
0.0
0.0
0.0
0.0
23.0
56.0
0.0
0.0
0.0
0.0
0.0
0.0
0.0
0.0
64.0
18.0
71.0
152.0
76.0
0.0
0.0
0.0
0.0
0.0
0.0
0.0
0.0
10.0
0.0
0.0
0.0
0.0
53.0
10.0
0.0
0.0
381.0
0.0
0.0
0.0
13.0
0.0
48.0
0.0
0.0
0.0
0.0
0.0
0.0
0.0
0.0
0.0
107.0
0.0
0.0
0.0
0.0
0.0
0.0
66.0
0.0
0.0
0.0
0.0
0.0
0.0
0.0
0.0
0.0
0.0
107.0
254.0
13.0
0.0
188.0
0.0
0.0
0.0
0.0
0.0
0.0
79.0
0.0
0.0
0.0
0.0
0.0
0.0
0.0
0.0
8.0
140.0
13.0
0.0
0.0
0.0
0.0
0.0
0.0
13.0
46.0
0.0
0.0
0.0
0.0
0.0
0.0
0.0
0.0
23.0
15.0
0.0
0.0
0.0
0.0
0.0
0.0
399.0
671.0
107.0
196.0
94.0
0.0
0.0
36.0
0.0
0.0
25.0
79.0
0.0
0.0
91.0
203.0
5.0
84.0
0.0
0.0
0.0
191.0
0.0
53.0
0.0
0.0
0.0
0.0
0.0
0.0
0.0
0.0
0.0
0.0
0.0
53.0
140.0
0.0
76.0
508.0
0.0
178.0
51.0
0.0
0.0
0.0
279.0
0.0
0.0
0.0
0.0
38.0
0.0
0.0
0.0
0.0
0.0
0.0
0.0
767.0
0.0
0.0
0.0
0.0
0.0
0.0
0.0
0.0
0.0
0.0
157.0
0.0
0.0
140.0
0.0
0.0
13.0
0.0
0.0
0.0
0.0
0.0
0.0
0.0
0.0
0.0
0.0
0.0
0.0
8.0
0.0
0.0
178.0
0.0
0.0
0.0
0.0
178.0
0.0
0.0
0.0
330.0
76.0
0.0
0.0
0.0
216.0
0.0
109.0
467.0
0.0
0.0
0.0
0.0
0.0
0.0
0.0
0.0
94.0
0.0
89.0
0.0
483.0
0.0
0.0
0.0
0.0
0.0
0.0
135.0
0.0
0.0
79.0
0.0
0.0
0.0
0.0
0.0
0.0
0.0
0.0
0.0
0.0
0.0
0.0
0.0
0.0
0.0
0.0
0.0
0.0
0.0
185.0
0.0
0.0
0.0
0.0
0.0
0.0
0.0
0.0
0.0
0.0
0.0
0.0
0.0
0.0
0.0
0.0
0.0
0.0
0.0
0.0
0.0
246.0
0.0
0.0
0.0
0.0
0.0
0.0
0.0
0.0
0.0
0.0
0.0
0.0
0.0
0.0
0.0
0.0
0.0
0.0
0.0
0.0
0.0
0.0
0.0
0.0
0.0
0.0
0.0
0.0
163.0
0.0
33.0
0.0
84.0
124.0
0.0
74.0
0.0
0.0
0.0
0.0
0.0
0.0
188.0
0.0
0.0
0.0
0.0
0.0
0.0
0.0
0.0
0.0
0.0
0.0
0.0
0.0
0.0
0.0
0.0
0.0
0.0
0.0
0.0
61.0
79.0
0.0
0.0
0.0
0.0
0.0
0.0
0.0
46.0
0.0
0.0
0.0
NaN
0.0
0.0
0.0
0.0
0.0
0.0
0.0
0.0
0.0
0.0
0.0
0.0
8.0
0.0
0.0
0.0
0.0
0.0
0.0
0.0
0.0
0.0
0.0
NaN
0.0
0.0
0.0
0.0
0.0
0.0
0.0
NaN
0.0
0.0
0.0
NaN
NaN
NaN
0.0
0.0
0.0
0.0
0.0
0.0
0.0
0.0
0.0
0.0
0.0
0.0
0.0
0.0
0.0
119.0
147.0
0.0
0.0
0.0
0.0
0.0
0.0
0.0
0.0
0.0
0.0
0.0
0.0
0.0
0.0
0.0
0.0
0.0
0.0
0.0
0.0
0.0
0.0
0.0
0.0
0.0
0.0
0.0
0.0
0.0
0.0
0.0
0.0
0.0
0.0
0.0
145.0
0.0
61.0
0.0
0.0
0.0
0.0
0.0
0.0
0.0
0.0
0.0
0.0
323.0
84.0
0.0
0.0
0.0
119.0
0.0
0.0
0.0
0.0
196.0
0.0
249.0
0.0
0.0
0.0
0.0
0.0
0.0
5.0
0.0
0.0
0.0
0.0
0.0
0.0
91.0
0.0
0.0
130.0
0.0
0.0
150.0
0.0
0.0
0.0
0.0
0.0
119.0
0.0
0.0
0.0
0.0
0.0
0.0
0.0
533.0
0.0
185.0
0.0
0.0
0.0
0.0
0.0
0.0
0.0
0.0
0.0
0.0
0.0
0.0
0.0
0.0
0.0
0.0
183.0
0.0
0.0
0.0
0.0
0.0
0.0
NaN
NaN
0.0
0.0
0.0
84.0
0.0
0.0
0.0
0.0
0.0
305.0
0.0
0.0
0.0
0.0
112.0
0.0
0.0
43.0
0.0
0.0
178.0
0.0
0.0
0.0
0.0
211.0
0.0
86.0
119.0
0.0
0.0
61.0
0.0
0.0
0.0
0.0
0.0
0.0
0.0
107.0
97.0
15.0
107.0
0.0
0.0
0.0
0.0
0.0
0.0
0.0
0.0
0.0
302.0
0.0
0.0
0.0
109.0
0.0
0.0
0.0
0.0
0.0
0.0
0.0
0.0
0.0
61.0
0.0
0.0
0.0
0.0
0.0
0.0
0.0
0.0
0.0
0.0
0.0
0.0
0.0
23.0
0.0
0.0
0.0
0.0
0.0
86.0
0.0
0.0
0.0
0.0
0.0
0.0
0.0
0.0
0.0
0.0
0.0
0.0
0.0
0.0
0.0
0.0
0.0
0.0
0.0
0.0
0.0
109.0
0.0
0.0
0.0
0.0
0.0
23.0
0.0
0.0
0.0
0.0
0.0
0.0
0.0
0.0
0.0
0.0
0.0
0.0
0.0
0.0
0.0
NaN
NaN
0.0
0.0
0.0
0.0
0.0
0.0
0.0
0.0
0.0
0.0
0.0
0.0
0.0
0.0
0.0
0.0
0.0
0.0
0.0
0.0
0.0
0.0
0.0
0.0
NaN
NaN
0.0
0.0
0.0
0.0
127.0
0.0
0.0
0.0
76.0
0.0
0.0
163.0
0.0
0.0
0.0
0.0
0.0
0.0
0.0
0.0
0.0
91.0
0.0
0.0
0.0
0.0
0.0
36.0
107.0
0.0
0.0
0.0
0.0
30.0
NaN
NaN
0.0
0.0
0.0
0.0
0.0
0.0
0.0
0.0
0.0
0.0
0.0
0.0
0.0
0.0
0.0
0.0
0.0
0.0
0.0
0.0
0.0
0.0
0.0
0.0
0.0
0.0
0.0
0.0
0.0
0.0
0.0
0.0
0.0
0.0
0.0
0.0
0.0
0.0
0.0
0.0
0.0
0.0
0.0
0.0
0.0
56.0
0.0
0.0
0.0
0.0
79.0
160.0
0.0
0.0
0.0
0.0
30.0
0.0
0.0
0.0
0.0
0.0
0.0
0.0
163.0
0.0
0.0
0.0
221.0
157.0
43.0
0.0
0.0
0.0
0.0
0.0
NaN
NaN
0.0
NaN
NaN
0.0
79.0
0.0
0.0
0.0
0.0
0.0
0.0
109.0
239.0
43.0
15.0
0.0
0.0
0.0
0.0
0.0
0.0
0.0
0.0
0.0
0.0
0.0
0.0
0.0
0.0
0.0
0.0
0.0
0.0
0.0
0.0
0.0
46.0
56.0
284.0
312.0
0.0
0.0
0.0
0.0
947.0
0.0
0.0
566.0
467.0
373.0
18.0
168.0
30.0
338.0
28.0
503.0
0.0
0.0
0.0
0.0
1252.0
0.0
0.0
236.0
0.0
0.0
0.0
58.0
0.0
0.0
0.0
0.0
0.0
0.0
0.0
0.0
0.0
0.0
NaN
NaN
NaN
0.0
0.0
0.0
0.0
0.0
0.0
0.0
0.0
0.0
0.0
0.0
0.0
18.0
0.0
30.0
NaN
NaN
0.0
0.0
0.0
155.0
0.0
74.0
0.0
0.0
112.0
0.0
124.0
0.0
0.0
0.0
0.0
0.0
0.0
0.0
0.0
0.0
0.0
0.0
0.0
0.0
0.0
0.0
0.0
0.0
69.0
0.0
0.0
0.0
0.0
0.0
0.0
0.0
NaN
NaN
0.0
0.0
0.0
0.0
0.0
0.0
0.0
0.0
226.0
180.0
0.0
0.0
0.0
0.0
0.0
86.0
89.0
0.0
0.0
0.0
0.0
NaN
NaN
0.0
0.0
0.0
0.0
0.0
0.0
0.0
NaN
NaN
NaN
NaN
0.0
0.0
0.0
0.0
NaN
0.0
0.0
0.0
0.0
0.0
0.0
0.0
0.0
0.0
0.0
46.0
0.0
0.0
23.0
0.0
NaN
NaN
0.0
0.0
81.0
86.0
0.0
0.0
0.0
0.0
0.0
0.0
0.0
0.0
0.0
0.0
0.0
0.0
0.0
0.0
0.0
0.0
0.0
0.0
0.0
0.0
0.0
0.0
0.0
0.0
0.0
53.0
0.0
0.0
0.0
0.0
0.0
0.0
0.0
0.0
0.0
NaN
NaN
0.0
0.0
0.0
0.0
0.0
0.0
122.0
0.0
0.0
0.0
0.0
0.0
0.0
0.0
NaN
NaN
NaN
NaN
NaN
NaN
NaN
0.0
NaN
NaN
0.0
0.0
NaN
0.0
0.0
0.0
0.0
NaN
NaN
0.0
0.0
0.0
0.0
0.0
0.0
0.0
0.0
0.0
0.0
0.0
0.0
0.0
0.0
0.0
0.0
97.0
0.0
0.0
0.0
0.0
0.0
0.0
0.0
0.0
0.0
0.0
0.0
0.0
0.0
0.0
0.0
0.0
0.0
0.0
0.0
0.0
0.0
0.0
0.0
0.0
0.0
0.0
36.0
0.0
0.0
0.0
0.0
0.0
0.0
0.0
0.0
0.0
0.0
0.0
30.0
0.0
0.0
0.0
0.0
0.0
0.0
0.0
0.0
0.0
46.0
0.0
0.0
0.0
0.0
0.0
0.0
0.0
0.0
0.0
0.0
0.0
0.0
18.0
0.0
18.0
130.0
66.0
0.0
0.0
0.0
0.0
0.0
0.0
0.0
61.0
66.0
0.0
0.0
0.0
0.0
234.0
18.0
86.0
0.0
216.0
132.0
0.0
0.0
0.0
0.0
0.0
0.0
0.0
0.0
0.0
0.0
0.0
0.0
0.0
262.0
0.0
0.0
0.0
0.0
0.0
0.0
490.0
0.0
0.0
0.0
0.0
0.0
0.0
0.0
97.0
0.0
0.0
0.0
290.0
0.0
56.0
0.0
0.0
74.0
0.0
0.0
0.0
0.0
0.0
0.0
0.0
0.0
0.0
81.0
0.0
99.0
0.0
0.0
0.0
0.0
0.0
0.0
0.0
0.0
0.0
0.0
0.0
30.0
58.0
0.0
36.0
0.0
0.0
0.0
0.0
0.0
0.0
0.0
69.0
0.0
0.0
180.0
0.0
196.0
28.0
0.0
0.0
0.0
43.0
191.0
0.0
0.0
150.0
0.0
0.0
0.0
0.0
124.0
0.0
0.0
191.0
0.0
0.0
201.0
64.0
0.0
0.0
0.0
142.0
0.0
0.0
0.0
0.0
0.0
0.0
0.0
0.0
0.0
0.0
0.0
452.0
0.0
56.0
183.0
0.0
0.0
0.0
0.0
0.0
0.0
0.0
0.0
0.0
0.0
0.0
0.0
0.0
0.0
0.0
0.0
0.0
0.0
0.0
0.0
0.0
0.0
0.0
0.0
0.0
0.0
NaN
114.0
0.0
0.0
0.0
0.0
0.0
0.0
0.0
0.0
0.0
0.0
0.0
0.0
0.0
0.0
0.0
0.0
0.0
0.0
0.0
0.0
0.0
0.0
0.0
0.0
0.0
0.0
0.0
0.0
0.0
0.0
114.0
462.0
0.0
0.0
0.0
0.0
0.0
0.0
0.0
0.0
0.0
0.0
0.0
0.0
0.0
0.0
0.0
0.0
119.0
0.0
0.0
0.0
0.0
0.0
51.0
0.0
0.0
0.0
0.0
0.0
0.0
0.0
28.0
0.0
0.0
84.0
0.0
0.0
0.0
0.0
0.0
0.0
0.0
0.0
0.0
0.0
0.0
0.0
0.0
0.0
0.0
0.0
0.0
0.0
0.0
0.0
0.0
0.0
89.0
76.0
51.0
0.0
0.0
0.0
0.0
0.0
0.0
0.0
0.0
0.0
0.0
0.0
8.0
3.0
0.0
0.0
0.0
0.0
0.0
8.0
0.0
0.0
0.0
0.0
0.0
0.0
0.0
0.0
0.0
0.0
0.0
97.0
0.0
0.0
0.0
0.0
119.0
0.0
0.0
0.0
0.0
0.0
0.0
0.0
0.0
0.0
0.0
389.0
0.0
0.0
0.0
0.0
0.0
0.0
0.0
0.0
0.0
0.0
0.0
262.0
0.0
284.0
0.0
0.0
0.0
0.0
0.0
0.0
0.0
211.0
69.0
0.0
0.0
0.0
0.0
0.0
0.0
0.0
0.0
259.0
0.0
284.0
0.0
0.0
0.0
0.0
66.0
0.0
0.0
0.0
0.0
0.0
0.0
391.0
0.0
0.0
0.0
0.0
0.0
0.0
0.0
0.0
0.0
0.0
0.0
0.0
0.0
0.0
0.0
0.0
0.0
0.0
0.0
0.0
0.0
0.0
0.0
0.0
216.0
0.0
18.0
0.0
0.0
0.0
0.0
0.0
112.0
0.0
0.0
0.0
0.0
282.0
0.0
0.0
94.0
0.0
122.0
0.0
0.0
43.0
0.0
0.0
0.0
307.0
0.0
0.0
0.0
0.0
0.0
0.0
0.0
500.0
617.0
0.0
0.0
0.0
0.0
0.0
0.0
0.0
0.0
155.0
0.0
0.0
0.0
0.0
0.0
0.0
0.0
94.0
0.0
0.0
0.0
0.0
0.0
0.0
0.0
0.0
0.0
0.0
0.0
0.0
0.0
0.0
0.0
414.0
0.0
0.0
0.0
0.0
0.0
0.0
0.0
0.0
0.0
0.0
0.0
0.0
0.0
0.0
46.0
122.0
0.0
0.0
0.0
0.0
0.0
0.0
0.0
0.0
0.0
0.0
0.0
0.0
0.0
0.0
0.0
0.0
0.0
0.0
0.0
0.0
0.0
0.0
0.0
0.0
0.0
0.0
0.0
0.0
0.0
366.0
0.0
0.0
0.0
0.0
0.0
246.0
0.0
249.0
0.0
0.0
104.0
0.0
0.0
0.0
0.0
0.0
0.0
0.0
0.0
0.0
0.0
0.0
0.0
0.0
0.0
0.0
79.0
0.0
0.0
0.0
0.0
0.0
0.0
0.0
0.0
0.0
69.0
0.0
0.0
0.0
0.0
0.0
0.0
0.0
0.0
0.0
0.0
0.0
0.0
0.0
0.0
0.0
0.0
0.0
0.0
0.0
0.0
0.0
0.0
0.0
NaN
NaN
NaN
0.0
0.0
0.0
0.0
0.0
0.0
0.0
0.0
0.0
0.0
0.0
0.0
0.0
NaN
NaN
NaN
0.0
0.0
0.0
0.0
152.0
0.0
0.0
0.0
0.0
NaN
NaN
NaN
NaN
NaN
NaN
NaN
NaN
NaN
NaN
NaN
NaN
NaN
NaN
NaN
NaN
NaN
NaN
NaN
NaN
NaN
NaN
NaN
NaN
NaN
NaN
NaN
NaN
NaN
NaN
NaN
NaN
NaN
0.0
0.0
0.0
0.0
0.0
0.0
102.0
0.0
0.0
0.0
0.0
0.0
0.0
0.0
NaN
NaN
NaN
NaN
NaN
NaN
NaN
NaN
NaN
NaN
NaN
NaN
NaN
NaN
