21.7
22.2
24.4
23.9
23.3
20.0
18.3
20.0
18.9
17.2
17.8
18.3
20.0
20.0
21.1
21.7
22.2
23.3
22.2
20.0
19.4
17.8
12.8
16.1
18.3
19.4
18.9
20.0
21.1
18.3
20.0
13.3
15.6
18.3
18.3
19.4
22.2
21.1
18.3
21.1
21.7
20.0
19.4
18.3
15.0
15.6
18.3
14.4
18.3
15.6
9.4
5.6
5.6
8.3
8.9
7.8
10.0
11.1
7.8
8.9
7.8
8.9
10.0
5.6
2.2
2.2
1.7
-1.1
-1.7
5.6
4.4
7.2
10.0
8.9
7.8
5.6
-1.1
4.4
7.2
0.0
4.4
11.1
8.9
-1.7
3.3
8.9
-1.1
-1.7
-1.7
2.2
10.0
7.2
-1.7
4.4
7.8
6.7
NaN
-1.7
1.1
7.8
5.6
NaN
0.0
NaN
NaN
-6.7
-3.3
-2.2
-1.1
-2.2
NaN
-11.1
-6.7
-3.3
-2.2
-3.3
-1.1
-2.2
-3.3
-13.3
-2.8
NaN
-12.2
-11.1
-13.3
-15.6
NaN
-12.2
-15.6
-14.4
-12.2
-8.9
0.0
-3.3
-4.4
NaN
NaN
-1.1
-7.8
0.0
-1.1
-3.3
-4.4
-6.7
NaN
-16.1
-10.0
-9.4
-8.3
-12.2
-13.3
-14.4
-14.4
-13.9
-13.9
-9.4
-14.4
-15.0
-15.6
-14.4
-11.1
-17.8
-15.6
-12.2
-16.7
-12.2
-13.9
NaN
-16.7
-8.9
NaN
-1.1
-1.1
NaN
-13.3
-12.2
-6.7
-5.6
NaN
-9.4
-12.2
-11.1
-12.2
-11.1
-9.4
-15.0
-13.3
-9.4
-11.1
-12.2
-12.2
NaN
NaN
-17.2
-11.1
-12.2
-9.4
NaN
-6.7
NaN
NaN
-15.6
-9.4
-12.2
-3.9
0.0
-8.3
-12.2
-16.7
-11.1
-3.3
-1.1
-2.2
1.1
NaN
-7.8
-2.2
-1.1
-6.7
-6.7
-2.2
-12.2
-6.7
-1.1
3.3
-4.4
-12.2
-1.1
4.4
6.7
6.7
2.2
4.4
NaN
-3.3
-5.6
2.2
-6.7
-5.6
5.6
3.3
3.3
0.0
