-15.2192307692
-3.00322580645
0.837931034483
9.18387096774
12.6379310345
15.3225806452
13.1466666667
12.25
5.075
-1.77333333333
-10.7
-16.9233333333
-16.7538461538
-0.00689655172414
1.77333333333
NaN
13.6379310345
15.7766666667
16.8448275862
12.9724137931
4.42333333333
NaN
-8.68666666667
-10.0709677419
-10.9962962963
-6.91785714286
4.01851851852
9.41111111111
13.9678571429
NaN
NaN
NaN
NaN
NaN
NaN
NaN
NaN
NaN
NaN
NaN
NaN
NaN
NaN
NaN
NaN
NaN
NaN
NaN
NaN
NaN
NaN
NaN
NaN
NaN
NaN
NaN
NaN
NaN
NaN
NaN
NaN
NaN
NaN
NaN
NaN
NaN
NaN
NaN
NaN
NaN
NaN
NaN
NaN
NaN
NaN
NaN
NaN
NaN
NaN
NaN
NaN
NaN
NaN
NaN
NaN
NaN
NaN
NaN
NaN
NaN
NaN
NaN
NaN
NaN
NaN
NaN
NaN
NaN
NaN
NaN
NaN
NaN
NaN
NaN
NaN
NaN
NaN
NaN
NaN
NaN
NaN
NaN
NaN
NaN
NaN
NaN
NaN
NaN
NaN
NaN
NaN
NaN
NaN
NaN
NaN
NaN
NaN
NaN
NaN
NaN
NaN
NaN
NaN
NaN
NaN
NaN
NaN
NaN
NaN
NaN
NaN
NaN
NaN
NaN
NaN
NaN
NaN
NaN
NaN
NaN
NaN
NaN
NaN
NaN
NaN
NaN
NaN
NaN
NaN
NaN
NaN
NaN
NaN
NaN
NaN
NaN
NaN
NaN
NaN
NaN
NaN
NaN
NaN
NaN
NaN
NaN
NaN
NaN
NaN
NaN
NaN
NaN
NaN
NaN
NaN
NaN
NaN
NaN
NaN
NaN
NaN
NaN
NaN
NaN
NaN
NaN
NaN
NaN
NaN
NaN
NaN
NaN
NaN
NaN
NaN
NaN
NaN
NaN
NaN
NaN
NaN
NaN
NaN
NaN
NaN
NaN
NaN
NaN
NaN
NaN
NaN
NaN
NaN
NaN
NaN
NaN
NaN
NaN
NaN
NaN
NaN
NaN
NaN
NaN
NaN
NaN
NaN
NaN
NaN
NaN
NaN
NaN
NaN
NaN
NaN
NaN
NaN
NaN
NaN
NaN
NaN
NaN
NaN
NaN
NaN
NaN
NaN
NaN
NaN
NaN
NaN
NaN
NaN
NaN
NaN
NaN
NaN
NaN
NaN
NaN
NaN
NaN
NaN
NaN
NaN
NaN
NaN
NaN
NaN
NaN
NaN
NaN
NaN
NaN
NaN
NaN
NaN
NaN
NaN
NaN
NaN
NaN
NaN
NaN
NaN
NaN
NaN
NaN
NaN
NaN
NaN
NaN
NaN
NaN
NaN
NaN
NaN
NaN
NaN
NaN
NaN
NaN
NaN
NaN
NaN
NaN
NaN
NaN
NaN
NaN
NaN
NaN
NaN
NaN
NaN
NaN
NaN
NaN
NaN
NaN
NaN
NaN
NaN
NaN
NaN
NaN
NaN
NaN
NaN
NaN
NaN
NaN
NaN
NaN
NaN
NaN
NaN
NaN
NaN
NaN
NaN
NaN
NaN
NaN
NaN
NaN
NaN
NaN
NaN
NaN
NaN
NaN
NaN
NaN
NaN
NaN
NaN
NaN
NaN
NaN
NaN
NaN
NaN
NaN
NaN
NaN
NaN
NaN
NaN
NaN
NaN
NaN
NaN
NaN
NaN
NaN
NaN
NaN
NaN
NaN
NaN
NaN
NaN
NaN
NaN
NaN
NaN
NaN
NaN
NaN
NaN
NaN
NaN
NaN
NaN
NaN
NaN
NaN
NaN
NaN
NaN
NaN
NaN
NaN
NaN
NaN
NaN
NaN
NaN
NaN
NaN
NaN
NaN
NaN
NaN
NaN
NaN
NaN
NaN
NaN
NaN
NaN
NaN
NaN
NaN
NaN
NaN
NaN
NaN
NaN
NaN
NaN
NaN
NaN
NaN
NaN
NaN
NaN
NaN
NaN
NaN
NaN
NaN
-0.326666666667
-3.94838709677
-11.6483870968
-8.07307692308
-0.677419354839
4.83448275862
9.48571428571
NaN
16.9419354839
15.3862068966
10.07
3.75161290323
-2.20357142857
-11.2103448276
-13.9967741935
-9.4037037037
-6.66451612903
2.30344827586
8.48709677419
16.4633333333
17.3161290323
16.7322580645
8.05666666667
3.9935483871
-3.57333333333
-8.63
-7.16774193548
-7.94482758621
-4.88064516129
2.30666666667
12.4172413793
16.4766666667
15.7333333333
16.2903225806
12.4833333333
4.47096774194
1.85
-11.8838709677
-12.1483870968
-8.67037037037
1.45161290323
3.78620689655
5.99032258065
12.8633333333
14.7709677419
15.2709677419
10.1724137931
3.51290322581
-2.22
-11.7290322581
-11.0933333333
-8.01428571429
1.97419354839
4.81
6.86451612903
14.5133333333
NaN
NaN
10.7066666667
7.03870967742
-1.82666666667
-6.63225806452
-8.99677419355
-12.35
-4.5
3.01666666667
6.29677419355
13.3931034483
15.2870967742
19.6419354839
12.4344827586
9.7
-2.94285714286
-6.53666666667
-13.4533333333
NaN
NaN
5.075
8.11153846154
13.6214285714
16.6366666667
15.4387096774
11.53
2.15
0.28
-8.35666666667
NaN
-12.7
-3.36774193548
1.21
10.3258064516
16.4966666667
18.7935483871
15.1483870968
6.81666666667
6.46206896552
-0.731034482759
NaN
-12.435483871
-11.4142857143
NaN
-0.256666666667
11.3290322581
NaN
NaN
13.4225806452
9.95333333333
6.36551724138
-5.34137931034
-13.1533333333
-13.34
-10.844
-7.10344827586
1.98965517241
11.0214285714
13.6466666667
15.5566666667
15.1677419355
9.18
6.30333333333
-6.53448275862
-11.2
-11.98
-4.28620689655
-4.17741935484
3.03666666667
9.1064516129
17.51
17.4709677419
14.4793103448
9.14666666667
-2.03793103448
-3.28620689655
-6.04516129032
-8.82258064516
-6.90714285714
-2.48
0.9
8.99
16.3038461538
17.6413793103
NaN
9.72413793103
5.59333333333
-2.54482758621
-7.14074074074
-12.7733333333
-3.5037037037
-4.71923076923
5.12142857143
7.16333333333
17.2321428571
17.8258064516
15.8866666667
12.6607142857
4.5
-0.95
-6.78333333333
NaN
NaN
NaN
6.29333333333
10.235483871
13.02
20.2709677419
17.6
11.2366666667
5.27741935484
-5.45
-11.3387096774
-12.0774193548
-9.74074074074
-4.3
1.06
9.99677419355
16.9066666667
16.2806451613
16.7709677419
9.33666666667
7.42580645161
-2.28
-7.33870967742
-15.0935483871
-5.43928571429
-3.73225806452
4.33333333333
9.29677419355
14.8166666667
19.5322580645
16.7935483871
10.29
3.88709677419
-1.73333333333
-5.5935483871
-8.13225806452
-13.2607142857
-3.31290322581
3.32
9.17419354839
12.9566666667
15.7741935484
16.235483871
11.7866666667
5.98064516129
-1.17333333333
-11.8709677419
-14.6580645161
-11.15
-3.57419354839
3.23
11.5225806452
14.7266666667
15.5516129032
19.0290322581
11.7133333333
3.88387096774
-7.36
-3.53548387097
-10.4258064516
-10.9172413793
-12.2612903226
4.40333333333
9.15161290323
13.3533333333
15.6967741935
16.9516129032
12.5033333333
4.00322580645
-0.986666666667
-10.364516129
-12.3161290323
-7.04642857143
-1.38666666667
1.09333333333
7.27419354839
14.41
16.5580645161
16.3096774194
11.7833333333
6.07741935484
-0.756666666667
-10.6741935484
-15.0032258065
-10.0714285714
-6.2
2.33333333333
13.535483871
14.7166666667
16.1064516129
15.8032258065
9.67333333333
7.06129032258
-1.50666666667
-9.57741935484
-17.2161290323
-13.8071428571
-1.47419354839
4.95
8.85161290323
16.0566666667
17.2903225806
15.4161290323
12.42
10.8071428571
0.72
-15.1451612903
-8.49032258065
-8.76551724138
-5.88387096774
3.61333333333
12.1870967742
14.85
18.3516129032
13.9322580645
11.3466666667
2.72903225806
-0.62
-10.4129032258
-13.5548387097
-12.0571428571
-8.19677419355
3.38
10.9935483871
13.9633333333
16.435483871
14.8967741935
9.76551724138
4.85483870968
-0.973333333333
-4.0935483871
-16.8580645161
-10.5142857143
-1.36774193548
1.53666666667
6.36451612903
14.35
18.135483871
14.0870967742
9.24
3.2064516129
-1.72333333333
-8.32258064516
-10.0766666667
-13.462962963
-2.21290322581
4.06
6.82903225806
15.4333333333
14.7677419355
13.1451612903
8.79333333333
4.51290322581
-2.88
-7.04193548387
-11.4193548387
-11.4620689655
-1.66451612903
3.79
7.15806451613
15.47
16.5258064516
16.0
10.6466666667
5.47741935484
-1.87666666667
-10.1548387097
-13.5580645161
-7.91785714286
-7.17741935484
4.21333333333
9.84838709677
12.1366666667
18.0612903226
15.8774193548
10.8666666667
3.72903225806
-3.58
-10.09
-17.9064516129
-11.4392857143
-4.75161290323
3.55
11.2774193548
14.4466666667
15.7548387097
14.8709677419
10.41
4.92903225806
-2.42
-9.73870967742
-18.3419354839
-11.4678571429
-4.8064516129
2.76666666667
6.63870967742
17.16
14.8096774194
13.4322580645
11.8433333333
7.99677419355
-1.29333333333
-6.34838709677
-14.3580645161
-13.7379310345
-4.17096774194
2.24333333333
10.3903225806
13.4433333333
16.3258064516
16.6258064516
11.61
3.70322580645
-2.34666666667
-11.7387096774
-9.51612903226
-6.91428571429
2.30967741935
3.52333333333
8.11612903226
14.7433333333
14.9258064516
16.8483870968
12.06
7.51612903226
-1.59
-9.85483870968
-11.7193548387
-8.28928571429
-1.81612903226
5.08666666667
9.25161290323
12.2933333333
17.0806451613
14.2838709677
7.78333333333
4.22580645161
-0.853333333333
-5.87419354839
-9.65483870968
-9.77142857143
-8.01612903226
1.85666666667
10.3225806452
13.7733333333
NaN
NaN
NaN
NaN
NaN
-6.46774193548
-13.3133333333
-5.57931034483
-1.59
4.31
7.78064516129
13.61
15.6870967742
13.8290322581
8.42333333333
0.393548387097
-8.52666666667
-15.3580645161
-21.4466666667
-10.0214285714
-0.270967741935
4.92333333333
11.5322580645
13.24
15.7838709677
14.4419354839
11.9833333333
4.25483870968
-2.74333333333
-11.3870967742
-18.1064516129
-17.025
-5.90967741935
2.86666666667
9.48064516129
13.8266666667
15.6838709677
14.1967741935
11.0586206897
1.81290322581
-2.56666666667
NaN
-18.6806451613
-16.0214285714
-4.00333333333
2.07333333333
8.22666666667
14.09
16.2548387097
16.0967741935
10.26
4.90967741935
-2.32
NaN
NaN
NaN
NaN
NaN
NaN
14.2066666667
18.0451612903
NaN
NaN
3.49032258065
-1.79
-8.21612903226
-11.2709677419
-8.19642857143
-1.70322580645
5.52068965517
7.67419354839
14.02
16.2774193548
14.9322580645
10.2666666667
3.13548387097
-1.26666666667
-9.88709677419
-19.3161290323
-12.8535714286
-5.60357142857
-0.810344827586
11.2806451613
10.56
15.1935483871
12.8870967742
7.82
1.5
-4.31034482759
-5.51
-7.78387096774
-6.17692307692
-1.31290322581
1.29333333333
8.12580645161
15.35
18.2096774194
17.3967741935
10.5233333333
5.7
0.00689655172414
-16.4516129032
-12.735483871
-4.72857142857
-5.69677419355
3.67333333333
8.31935483871
16.2766666667
15.3258064516
15.5387096774
8.78965517241
5.65161290323
-2.90666666667
-8.55161290323
-16.1548387097
-11.8892857143
-1.6935483871
5.01333333333
9.47419354839
11.5566666667
14.8741935484
13.4322580645
12.7448275862
4.9935483871
-4.62666666667
-18.1866666667
-11.4967741935
-11.2333333333
-1.04333333333
5.31666666667
10.8
16.0357142857
18.6321428571
13.9258064516
13.6933333333
6.0
-4.8
-5.91612903226
-8.87666666667
-5.02222222222
-0.377419354839
4.62666666667
11.6903225806
16.4666666667
18.9419354839
16.0548387097
10.8666666667
2.06129032258
1.29333333333
-5.13870967742
-14.1709677419
-12.3551724138
-2.81290322581
1.81071428571
10.1931034483
14.6633333333
17.3064516129
18.4161290323
11.19
1.54666666667
-1.6724137931
-8.36129032258
-5.77333333333
-15.1269230769
-3.6
3.03
7.73793103448
14.0925925926
17.3677419355
15.9129032258
9.33333333333
4.72903225806
-3.7
-14.5548387097
-6.27333333333
-7.18571428571
0.0129032258065
3.64666666667
7.9
15.57
17.4548387097
NaN
12.4766666667
4.28709677419
0.313793103448
-11.1161290323
-14.6870967742
-7.28518518519
-1.49032258065
5.15333333333
13.2451612903
17.5133333333
16.8741935484
16.7310344828
10.88
4.51612903226
-5.62
-6.80967741935
-7.26774193548
-3.85357142857
-1.65
2.9
8.72
13.4233333333
NaN
13.3
10.31
4.17419354839
-2.48214285714
-8.55
-11.4
-10.4888888889
-4.27741935484
2.42666666667
9.79666666667
14.0896551724
17.8193548387
17.2275862069
8.91111111111
4.48709677419
-3.07586206897
-7.18387096774
-18.2066666667
-13.4259259259
-2.79677419355
3.07333333333
8.47096774194
15.7
16.1322580645
14.664516129
11.91
7.15483870968
-0.362068965517
-5.81333333333
-11.5142857143
-8.4
-2.03870967742
1.44333333333
8.35483870968
16.0366666667
17.6129032258
19.135483871
9.29666666667
4.64838709677
-6.38275862069
-8.29032258065
-13.4419354839
-9.88275862069
-6.95161290323
0.727586206897
8.47096774194
15.56
15.564516129
15.8451612903
10.47
5.00344827586
-5.09666666667
-9.57096774194
-14.4419354839
-7.25714285714
-2.56129032258
1.36333333333
6.19677419355
14.8066666667
17.3290322581
15.5451612903
12.2066666667
5.37419354839
-3.13
-5.74838709677
-8.09032258065
-1.18571428571
-2.32258064516
4.85333333333
12.6677419355
14.4133333333
17.235483871
17.9709677419
13.2566666667
6.34516129032
0.443333333333
-6.50967741935
-12.6935483871
-3.89285714286
-3.4064516129
4.94666666667
11.0064516129
15.4233333333
19.3741935484
15.4032258065
9.74666666667
3.98387096774
0.19
-7.74193548387
-11.8838709677
-4.6724137931
-0.0193548387097
3.0
10.4766666667
14.1966666667
16.8033333333
17.2387096774
12.04
6.75483870968
-3.71379310345
-16.4766666667
-10.5225806452
-11.4607142857
-5.08709677419
5.35666666667
10.5580645161
14.5533333333
17.8903225806
17.0935483871
10.02
4.42903225806
2.83333333333
-5.05333333333
-6.61935483871
-5.51785714286
-5.5064516129
3.90333333333
7.57741935484
16.3833333333
18.6548387097
15.5387096774
NaN
NaN
-3.29333333333
-7.22
-12.2032258065
-12.6035714286
-3.98387096774
3.88620689655
8.85333333333
13.7066666667
17.3677419355
16.6806451613
10.07
4.13870967742
-2.15
-5.96451612903
-12.3709677419
-9.50344827586
-0.0322580645161
3.75333333333
10.5193548387
14.16
16.0387096774
13.3387096774
12.0633333333
5.54666666667
0.157142857143
-7.51666666667
-11.3133333333
-4.89285714286
-3.38387096774
5.70689655172
8.28666666667
17.04
17.7677419355
15.6466666667
13.5433333333
5.2
-0.87
-11.3096774194
-3.2064516129
-9.62142857143
-2.01935483871
5.38965517241
10.4612903226
13.4133333333
17.0
15.7193548387
9.31333333333
1.92258064516
-0.39
-4.70967741935
-10.0766666667
-13.9269230769
0.98064516129
2.78
12.3333333333
15.91
17.0064516129
18.7032258065
12.0933333333
9.11612903226
-1.92333333333
-9.58
-13.2419354839
-12.8379310345
-4.81290322581
3.30666666667
8.34838709677
15.4413793103
17.5419354839
15.5064516129
12.3566666667
4.88064516129
-1.64
-13.8677419355
-16.5566666667
-7.9
-1.97096774194
2.64
9.73225806452
15.6133333333
14.8483870968
15.2766666667
11.3133333333
3.88387096774
1.94666666667
-9.92580645161
-13.3516129032
-11.9071428571
-0.561290322581
7.02666666667
10.5032258065
16.47
19.6516129032
18.4161290323
11.9833333333
4.7
-1.66
-11.5
NaN
NaN
NaN
NaN
NaN
NaN
NaN
NaN
NaN
NaN
NaN
NaN
NaN
NaN
NaN
NaN
NaN
NaN
20.3612903226
15.164516129
9.15666666667
3.69677419355
-1.37666666667
-6.56129032258
-10.4709677419
-7.975
-5.80322580645
2.43
10.3709677419
14.9423076923
16.8653846154
15.5709677419
11.9892857143
4.23
-4.98
-13.6741935484
-17.3677419355
-18.0928571429
NaN
1.40333333333
8.81290322581
16.1766666667
14.8483870968
16.6161290323
10.4966666667
3.87419354839
-7.13
-5.52258064516
-12.0193548387
-17.0964285714
-5.26451612903
2.87333333333
10.4419354839
14.92
16.664516129
14.5161290323
13.5733333333
4.62580645161
-0.04
-2.18064516129
-12.1032258065
-6.45862068966
-1.1935483871
3.61724137931
8.4064516129
16.04
17.564516129
16.2322580645
12.9833333333
5.80322580645
-0.0633333333333
-10.0032258065
-8.82903225806
-6.33928571429
-3.42666666667
4.01666666667
7.59677419355
13.8133333333
16.3193548387
12.7967741935
11.0033333333
NaN
