1682.0
141.0
448.0
NaN
1184.0
688.0
79.0
211.0
1109.0
383.0
2438.0
1139.0
744.0
1112.0
313.0
801.0
743.0
321.0
903.0
540.0
285.0
642.0
509.0
164.0
537.0
1072.0
1133.0
66.0
913.0
233.0
680.0
130.0
1024.0
778.0
1316.0
732.0
1089.0
1275.0
668.0
885.0
668.0
424.0
236.0
569.0
707.0
1100.0
310.0
1359.0
2408.0
3293.0
374.0
679.0
135.0
1024.0
313.0
1193.0
629.0
1295.0
847.0
1811.0
1448.0
481.0
1592.0
654.0
320.0
1095.0
188.0
587.0
970.0
1150.0
887.0
1361.0
472.0
1356.0
411.0
1704.0
401.0
942.0
198.0
196.0
295.0
718.0
1341.0
1894.0
1691.0
517.0
624.0
406.0
280.0
313.0
NaN
NaN
NaN
NaN
NaN
NaN
NaN
NaN
NaN
NaN
930.0
627.0
273.0
476.0
707.0
1071.0
599.0
406.0
649.0
439.0
533.0
866.0
180.0
676.0
847.0
803.0
575.0
1871.0
920.0
1905.0
530.0
817.0
679.0
455.0
629.0
352.0
446.0
390.0
315.0
938.0
1201.0
2083.0
912.0
1490.0
757.0
593.0
466.0
177.0
236.0
168.0
348.0
861.0
1342.0
1563.0
1321.0
819.0
1272.0
320.0
1439.0
1436.0
148.0
237.0
1010.0
775.0
896.0
560.0
1291.0
839.0
775.0
803.0
772.0
545.0
658.0
349.0
1334.0
1495.0
1348.0
1601.0
1927.0
479.0
NaN
NaN
