8.88709677419
-3.63666666667
-7.43103448276
-8.81379310345
-12.7407407407
NaN
3.31481481481
NaN
15.5344827586
20.2903225806
15.2322580645
10.7833333333
NaN
-3.55862068966
-10.7466666667
-11.1766666667
-13.7107142857
-0.98064516129
1.99
12.1870967742
13.5433333333
17.964516129
16.33
9.79666666667
6.14516129032
0.946666666667
-10.7387096774
NaN
-12.3428571429
-1.50333333333
3.51666666667
11.41
12.9466666667
17.1
15.535483871
10.0433333333
4.56774193548
-3.13
-12.2433333333
-14.82
-15.1793103448
-2.94516129032
1.14
9.05806451613
13.5482758621
15.8096774194
14.7838709677
NaN
5.25666666667
-2.18214285714
-9.61333333333
-17.1709677419
-15.5888888889
0.166666666667
2.37
8.53
15.27
15.7612903226
17.7838709677
13.0851851852
NaN
-2.52592592593
-8.77741935484
-8.68387096774
-10.0666666667
-6.57741935484
4.73666666667
9.26666666667
13.5827586207
14.7870967742
17.375862069
13.124137931
3.95161290323
-2.40333333333
-7.36451612903
-11.3533333333
-9.39230769231
-0.525806451613
-1.20666666667
4.97741935484
13.6
17.8322580645
15.4483870968
10.6655172414
3.26333333333
-3.12068965517
-5.93548387097
-8.69285714286
NaN
-2.23448275862
3.77333333333
9.59032258065
14.52
16.7225806452
15.1774193548
12.3733333333
5.03870967742
-2.44666666667
-7.95172413793
-10.9548387097
-8.02857142857
-5.53666666667
0.986666666667
7.88064516129
15.57
17.1483870968
18.0419354839
11.3633333333
3.33703703704
0.46
-13.6580645161
-12.3821428571
-13.225
1.66206896552
4.36666666667
6.60967741935
13.8
16.0709677419
15.6
11.5533333333
5.37666666667
-5.05333333333
-10.0133333333
-11.7322580645
-7.18888888889
-3.12903225806
2.29655172414
NaN
17.4785714286
17.2677419355
15.0129032258
12.5733333333
3.92580645161
-6.27666666667
-6.34482758621
NaN
NaN
-9.94838709677
4.13666666667
10.48
12.1433333333
17.1870967742
15.7
10.66
4.42903225806
-2.39
-7.4
-12.064516129
-12.6178571429
-5.59677419355
3.51666666667
9.60967741935
14.9366666667
17.5967741935
17.3129032258
11.3066666667
3.57419354839
2.57666666667
-4.52258064516
-7.19032258065
-12.4535714286
-3.42580645161
3.36
9.82580645161
16.5
17.5741935484
16.3129032258
11.6766666667
7.17419354839
-1.78333333333
-13.735483871
-12.32
-5.23214285714
-5.76774193548
7.09666666667
7.69032258065
12.9633333333
15.5064516129
12.5741935484
11.9466666667
5.66451612903
-0.766666666667
-7.72258064516
-13.6387096774
-11.5551724138
-4.10322580645
2.42
9.50967741935
11.71
18.3516129032
15.9225806452
10.1633333333
4.04838709677
-2.26333333333
-12.9580645161
-13.8870967742
-14.8607142857
-4.23548387097
1.38275862069
5.67741935484
12.89
16.8709677419
13.0580645161
10.5133333333
-0.738709677419
-1.46666666667
-15.0677419355
-17.21
-11.5037037037
-1.73548387097
-0.0733333333333
11.5129032258
15.4033333333
15.7741935484
17.1322580645
6.63333333333
5.91333333333
-1.48666666667
-4.22258064516
-8.64516129032
-9.25
-3.44516129032
3.24333333333
7.80967741935
16.0766666667
17.9548387097
14.5566666667
12.6366666667
3.81935483871
-5.16333333333
-15.3516129032
-14.7482758621
-9.08275862069
-2.00967741935
0.39
9.62580645161
16.5166666667
16.7677419355
14.0064516129
12.93
7.37741935484
-2.96428571429
-7.22580645161
-5.90322580645
-6.27142857143
-0.01
5.48333333333
11.6451612903
18.28
19.2433333333
16.2709677419
13.7766666667
6.11290322581
-3.99642857143
-6.89
-11.7967741935
-10.3178571429
-1.50666666667
3.77586206897
11.8741935484
16.5346153846
15.9379310345
16.7233333333
12.1535714286
5.76666666667
1.53103448276
-10.2642857143
-6.96551724138
-11.7321428571
-6.32
2.67666666667
9.47931034483
16.17
18.0096774194
15.5148148148
11.8866666667
2.56451612903
-1.44285714286
-4.24838709677
-15.5096774194
-8.76785714286
-3.68387096774
3.88571428571
6.53870967742
14.0857142857
14.3387096774
NaN
8.70333333333
6.37666666667
NaN
-13.95
-12.7774193548
-7.86428571429
-3.63870967742
6.07931034483
6.37741935484
14.99
16.0419354839
14.6225806452
13.7888888889
-1.22666666667
-4.27333333333
-12.5481481481
NaN
-3.55416666667
NaN
NaN
NaN
NaN
17.4517241379
16.5225806452
12.6533333333
5.21612903226
-3.55333333333
-9.65483870968
-10.7888888889
-5.73928571429
-1.24838709677
4.18666666667
8.81935483871
12.9466666667
15.5709677419
12.3290322581
12.97
NaN
-2.36896551724
-12.6225806452
-8.63225806452
-6.58965517241
-2.25806451613
0.293333333333
8.89032258065
11.8666666667
16.835483871
15.8192307692
7.81
5.31612903226
-0.84
-8.52258064516
-17.6
-16.2321428571
-2.41290322581
NaN
7.67419354839
13.1366666667
16.8838709677
NaN
10.3966666667
4.42903225806
-5.19
-8.52903225806
-17.635483871
-3.35357142857
-3.65483870968
3.64666666667
9.51935483871
13.32
18.2096774194
15.3967741935
10.5433333333
4.67419354839
-1.26
-7.3064516129
-8.07741935484
-4.61785714286
-4.1
2.99666666667
6.91290322581
17.5566666667
16.935483871
13.9
15.0733333333
7.7935483871
0.376666666667
-2.89677419355
-11.2032258065
-6.55517241379
-7.15333333333
3.31666666667
8.94516129032
16.1466666667
16.8580645161
15.8064516129
8.15
2.74193548387
-6.26896551724
-11.5225806452
-5.82580645161
-11.4285714286
-3.31612903226
1.94333333333
9.5
17.37
16.7290322581
13.6161290323
13.5133333333
2.06451612903
-3.38666666667
-9.30322580645
-9.20333333333
-9.55357142857
-5.53225806452
2.57666666667
12.164516129
17.06
18.1612903226
14.535483871
8.6
5.61612903226
-0.08
-10.4967741935
-11.1419354839
-6.03928571429
NaN
NaN
6.65161290323
12.13
19.5548387097
16.0935483871
11.5733333333
3.63870967742
-3.03666666667
-8.75161290323
-17.7580645161
-20.6777777778
-2.07333333333
0.826666666667
12.5806451613
13.724137931
19.4225806452
17.8709677419
14.3266666667
4.50967741935
-3.92666666667
-6.56333333333
-17.2
-12.1571428571
-3.52903225806
3.96
10.8419354839
14.5
16.9548387097
18.5677419355
11.1233333333
3.41935483871
-5.74333333333
-8.73225806452
-10.7032258065
-6.075
0.503225806452
4.50666666667
9.7
14.91
18.1451612903
17.3483870968
12.41
7.06129032258
-2.79666666667
-8.19032258065
-6.34
-12.7571428571
-4.24516129032
2.84666666667
11.6870967742
16.42
18.3483870968
14.464516129
12.7766666667
3.68064516129
-1.87666666667
-6.1064516129
-18.5709677419
-8.6275862069
-4.3064516129
2.35
7.13225806452
15.2533333333
17.164516129
16.3451612903
11.68
6.18387096774
-4.30666666667
-6.68709677419
-9.47666666667
-10.0178571429
-4.02580645161
5.51
11.7548387097
14.96
16.6096774194
16.5193548387
12.1866666667
5.53870967742
-1.65333333333
-5.14516129032
-12.0290322581
-8.37692307692
-0.677419354839
5.40333333333
9.71290322581
15.6833333333
17.4290322581
17.435483871
10.5
3.83870967742
-2.30333333333
-11.4838709677
-12.735483871
-8.22142857143
-7.11612903226
2.12333333333
8.16451612903
16.2966666667
16.8870967742
17.0935483871
7.89666666667
2.94193548387
-4.93333333333
-9.59032258065
-8.17419354839
-8.75172413793
-4.67741935484
2.67
12.6741935484
17.13
16.1096774194
16.4064516129
11.82
4.51290322581
1.24666666667
-11.8225806452
-11.1709677419
-8.61071428571
0.987096774194
3.23
6.9
12.3433333333
15.5612903226
16.1548387097
10.46
3.6064516129
-3.17666666667
-12.6677419355
-11.8580645161
-7.61785714286
1.97419354839
4.66
7.03870967742
14.5933333333
16.2548387097
13.764516129
10.5766666667
6.65483870968
-2.47666666667
-7.96129032258
-9.2
-13.3571428571
-4.7064516129
2.11
5.97741935484
13.3266666667
15.7387096774
19.6064516129
12.5233333333
9.96451612903
-3.09333333333
-7.57741935484
-12.7548387097
-10.6275862069
-6.84516129032
5.08965517241
9.08333333333
13.87
17.6032258065
16.9419354839
12.1633333333
2.70967741935
-0.273333333333
-8.45806451613
-12.5709677419
-12.9357142857
-2.87096774194
1.66666666667
10.9516129032
16.3133333333
17.95
15.63
7.26
6.34516129032
-1.54
-8.15161290323
-14.0451612903
-11.0178571429
-5.42903225806
-0.143333333333
8.6
13.4285714286
13.9258064516
12.7384615385
8.88965517241
5.66451612903
-6.60333333333
-12.5806451613
-13.8903225806
-10.0607142857
-8.12903225806
1.37
10.4838709677
13.3433333333
16.4516129032
16.02
9.72
5.03548387097
-6.07
-11.6451612903
-12.6193548387
-3.85172413793
-4.32580645161
2.71724137931
8.34
16.9
17.0903225806
15.0322580645
9.90333333333
-0.451612903226
-2.85172413793
-7.35483870968
-9.63225806452
NaN
NaN
1.22307692308
9.54838709677
17.1333333333
17.4967741935
15.3612903226
9.25333333333
6.02258064516
-1.77666666667
-6.84838709677
-14.1967741935
-3.43214285714
-4.74838709677
4.46
6.57096774194
17.2966666667
18.8838709677
16.6032258065
12.2133333333
5.86129032258
-1.00333333333
-6.75483870968
-11.164516129
-10.8035714286
-5.13548387097
6.33333333333
10.6709677419
13.2033333333
19.9870967742
16.8806451613
11.6366666667
4.85483870968
-6.57666666667
-11.6419354839
-11.9709677419
-10.1724137931
-4.66451612903
0.87
9.76129032258
16.9
16.1129032258
16.7483870968
8.89333333333
7.00967741935
-2.92666666667
-7.03870967742
-14.8451612903
-6.01071428571
-4.3064516129
3.14333333333
8.78387096774
14.0766666667
18.9612903226
16.0419354839
9.00333333333
3.90967741935
-3.03666666667
-5.71612903226
-8.58064516129
-14.9321428571
-3.45925925926
2.94666666667
9.40967741935
12.98
15.6483870968
16.0161290323
11.78
5.20967741935
-2.16333333333
-11.0677419355
-14.2419354839
-10.8607142857
-2.45161290323
2.94333333333
12.1096774194
15.8166666667
16.1258064516
19.0677419355
11.8933333333
3.6
-7.11
-3.04838709677
-11.3129032258
-11.2068965517
-12.5903225806
4.65
9.7
14.0033333333
16.3806451613
17.2322580645
12.1866666667
4.08387096774
-2.06333333333
-9.32580645161
-12.3451612903
-7.04642857143
-1.23548387097
0.956666666667
7.53870967742
14.1966666667
16.4419354839
15.3741935484
10.5566666667
5.58064516129
-1.72666666667
-11.6129032258
-15.7709677419
-9.46071428571
-6.78709677419
2.22
13.3903225806
14.77
16.364516129
15.7290322581
8.91666666667
6.91935483871
-1.19
-9.42580645161
-17.7387096774
-12.0928571429
-0.703225806452
4.97666666667
10.1612903226
16.3366666667
16.864516129
15.3
11.9833333333
9.28709677419
-0.666666666667
-14.9225806452
-7.95806451613
-8.96206896552
-6.66774193548
3.55666666667
11.6483870968
13.6666666667
17.2741935484
13.3903225806
11.48
3.16206896552
-0.5
-10.1096774194
-12.6774193548
-12.7
-8.78709677419
3.38928571429
12.4935483871
15.5137931034
17.6612903226
15.3129032258
10.4633333333
6.48709677419
-1.34333333333
-3.68709677419
-14.6096774194
-9.425
-1.10967741935
1.91333333333
7.17741935484
15.2266666667
19.1225806452
13.0741935484
8.42666666667
2.90322580645
-2.91071428571
-10.1935483871
-11.0333333333
-10.78
NaN
3.94137931034
7.12413793103
15.0966666667
14.4419354839
12.8483870968
6.87857142857
2.43448275862
-4.83333333333
-7.46
-13.0064516129
-12.2724137931
-2.85161290323
3.23333333333
5.90322580645
NaN
NaN
15.9161290323
10.2966666667
4.90967741935
NaN
-11.4653846154
-14.0827586207
-9.21785714286
-8.42666666667
3.51
9.74193548387
11.46
17.8
15.664516129
10.7633333333
2.63333333333
-2.86333333333
-9.84516129032
-18.6483870968
-10.1571428571
NaN
3.67333333333
11.5806451613
15.1827586207
16.8032258065
16.2419354839
11.1833333333
4.51333333333
-2.62666666667
-9.31612903226
-15.8838709677
-11.6142857143
-4.03225806452
3.21
7.36129032258
17.5366666667
15.1774193548
14.0709677419
11.05
7.50967741935
-1.65666666667
-7.59677419355
-15.1633333333
-15.2137931034
-3.32333333333
2.84333333333
10.4677419355
13.9433333333
16.435483871
16.0
11.4366666667
2.33548387097
-2.12333333333
-13.1806451613
-11.7612903226
-7.53928571429
1.33548387097
3.03666666667
8.30322580645
15.83
18.0483870968
16.9193548387
11.88
7.13548387097
-1.27333333333
-10.8129032258
-14.7451612903
-8.84642857143
-2.94333333333
3.86666666667
9.12258064516
13.0966666667
18.0838709677
13.3266666667
6.76206896552
3.23870967742
-2.15666666667
-7.92903225806
-12.3387096774
-11.1285714286
-8.11290322581
1.75333333333
10.5133333333
15.2133333333
16.3193548387
16.4935483871
8.7
2.61612903226
-0.513333333333
-7.11290322581
-12.4903225806
-6.66896551724
-2.14838709677
4.99666666667
7.45161290323
13.3833333333
17.1096774194
14.2774193548
8.82666666667
-0.243333333333
-7.73666666667
-14.4903225806
-19.9433333333
-10.9535714286
-0.145161290323
5.94666666667
13.4096774194
15.0566666667
18.4066666667
14.0193548387
12.1566666667
3.90322580645
-2.77333333333
-10.0580645161
-17.7677419355
-18.2964285714
-7.15483870968
4.05666666667
9.25517241379
14.2827586207
16.8612903226
15.064516129
12.0466666667
2.15806451613
-3.27
-11.535483871
-19.3896551724
-19.0714285714
-4.56774193548
2.13666666667
7.26333333333
13.8266666667
16.5709677419
16.0096774194
10.2
2.82258064516
-3.34
-8.1
-10.4225806452
-11.9655172414
-4.84193548387
2.41333333333
8.06129032258
13.9233333333
17.5806451613
16.0580645161
10.1233333333
1.18064516129
-3.82
-9.39032258065
-11.8322580645
-9.21071428571
-4.13225806452
5.7
7.04838709677
14.73
18.1548387097
14.9161290323
9.22
2.49677419355
-0.81
-9.89677419355
-19.9066666667
-12.5214285714
-4.81333333333
0.386666666667
11.7366666667
12.2103448276
17.5096774194
15.4709677419
10.6
4.66129032258
-3.59333333333
-6.03666666667
-7.98666666667
-5.62142857143
-1.84666666667
0.853333333333
7.16333333333
15.2433333333
18.74
18.6870967742
10.08
4.33870967742
-0.58
-18.3322580645
-12.9322580645
-4.16071428571
-5.81935483871
3.26333333333
7.57741935484
15.63
15.6548387097
14.9129032258
8.18666666667
4.67741935484
-3.05
-8.65806451613
-15.5774193548
-12.175
-1.31290322581
5.77
10.0689655172
12.1103448276
15.0548387097
13.1161290323
12.4133333333
4.24193548387
-6.53
-16.81
-9.28064516129
-11.6892857143
-1.83870967742
4.31785714286
10.1225806452
15.8533333333
18.4161290323
13.7677419355
13.02
4.98387096774
-6.14827586207
-7.55806451613
-8.81935483871
-5.675
-1.30322580645
3.65333333333
11.2548387097
16.27
18.4612903226
15.6032258065
10.4666666667
0.15
-0.126666666667
-5.94
-13.9193548387
-13.6137931034
-4.46129032258
0.35
10.2137931034
15.15
16.2387096774
16.8677419355
10.6166666667
-0.225806451613
-3.34666666667
-9.33548387097
-7.0
-17.275
-5.13548387097
2.21
7.2064516129
13.5366666667
17.564516129
15.2
7.91333333333
2.53870967742
-7.47
-16.1290322581
-8.27741935484
-9.83928571429
-1.78709677419
1.56
7.78064516129
16.3666666667
17.7935483871
16.6096774194
13.0689655172
3.31290322581
-1.37666666667
-11.9225806452
-17.2580645161
-7.875
-2.05333333333
4.88666666667
13.1096774194
17.7966666667
17.0129032258
16.08
10.02
1.94516129032
-7.69285714286
-6.73870967742
-6.79677419355
-3.95
-1.82903225806
1.76551724138
8.71612903226
13.3066666667
15.035483871
12.8709677419
9.33666666667
2.87741935484
-2.47931034483
-8.26129032258
-14.9548387097
-11.2642857143
-4.62580645161
1.06
9.47419354839
14.3133333333
17.8806451613
17.3290322581
8.12666666667
3.53870967742
-4.31851851852
-7.34838709677
-17.7258064516
-13.825
-3.4064516129
2.23
8.78064516129
16.1333333333
15.1066666667
13.9419354839
11.06
5.78064516129
-1.92666666667
-7.38666666667
-12.7967741935
-8.88928571429
-2.65483870968
1.26896551724
7.88709677419
15.6133333333
17.3290322581
19.1548387097
8.5
3.96129032258
-6.44
-8.08387096774
-14.1032258065
-11.1310344828
-8.12903225806
-0.0966666666667
8.71612903226
15.55
15.55
15.6419354839
9.20666666667
4.07741935484
-5.83333333333
-10.8612903226
-15.2096774194
-9.12857142857
-2.85483870968
0.266666666667
5.48709677419
15.2633333333
17.5774193548
15.1032258065
11.0533333333
4.46129032258
-3.48666666667
-5.93225806452
-8.89032258065
-3.16071428571
-4.44516129032
3.78
12.6
14.1366666667
18.0161290323
18.2233333333
13.4266666667
5.43225806452
-0.32
-7.8064516129
-12.6966666667
-4.96428571429
-4.13870967742
4.20333333333
10.364516129
15.59
19.9677419355
15.164516129
8.25666666667
1.41612903226
-0.996666666667
-8.97741935484
-10.9193548387
-5.6
-0.745161290323
1.98666666667
10.4233333333
14.024137931
17.6032258065
17.3064516129
9.93103448276
6.34193548387
-4.58
-18.0064516129
-11.135483871
-13.2535714286
-5.71290322581
4.37666666667
10.6806451613
14.67
18.7870967742
16.7064516129
10.1533333333
3.32258064516
2.31333333333
-5.5
-8.34193548387
-7.81428571429
-6.99032258065
2.76666666667
7.38387096774
16.85
19.04
15.8838709677
11.2733333333
2.34516129032
-5.09310344828
-7.74516129032
-13.1903225806
-13.725
-4.74193548387
3.83103448276
8.65483870968
14.0966666667
17.0838709677
16.9266666667
8.61666666667
3.54516129032
-2.59333333333
-6.19032258065
-13.4096774194
-10.7172413793
-0.564516129032
2.42666666667
10.33
13.89
16.0580645161
13.4387096774
12.15
4.63225806452
-1.16333333333
-8.94193548387
-11.7838709677
-5.70357142857
-4.29032258065
5.23333333333
7.70967741935
16.87
17.9548387097
15.8612903226
12.7033333333
3.8935483871
-1.75666666667
-10.5
-4.17741935484
-10.6107142857
-3.31612903226
4.89666666667
10.1066666667
14.7966666667
18.36
17.1225806452
9.15333333333
3.3064516129
-2.66666666667
-5.6064516129
-11.2387096774
-13.4107142857
-0.343333333333
2.02
12.1838709677
15.4466666667
17.5612903226
18.535483871
10.4433333333
7.28064516129
-3.88666666667
-10.3548387097
-13.6066666667
-13.05
-5.06206896552
1.42333333333
7.79677419355
15.0448275862
17.435483871
14.6419354839
11.0066666667
3.97741935484
-1.96071428571
-13.1064516129
-16.44
-8.75
-3.42903225806
1.32
9.3
14.9666666667
14.4290322581
14.5766666667
10.7466666667
2.19
0.503333333333
-11.7064516129
-14.035483871
-14.3607142857
-3.24
5.36551724138
9.12903225806
16.14
18.7633333333
18.2833333333
11.0517241379
3.63793103448
-2.55
-11.7903225806
-14.6870967742
-10.2807692308
-3.93333333333
2.49666666667
NaN
16.0928571429
20.6580645161
16.4741935484
8.99285714286
4.13076923077
-2.0
NaN
NaN
-7.044
NaN
NaN
NaN
NaN
19.8166666667
14.8076923077
7.65925925926
2.81379310345
-1.85769230769
NaN
NaN
NaN
NaN
0.618518518519
9.43703703704
NaN
16.3148148148
16.4692307692
NaN
NaN
-4.88275862069
-13.1517241379
-15.3766666667
-16.8384615385
-7.39310344828
NaN
9.16923076923
15.5185185185
14.8346153846
17.0038461538
NaN
4.89642857143
-7.41923076923
-5.45555555556
-11.1769230769
-15.3857142857
-4.54814814815
3.41481481481
9.96129032258
15.5482758621
16.9464285714
15.3333333333
13.937037037
5.32222222222
0.335714285714
-3.73
-10.5571428571
-6.54444444444
0.0870967741935
4.33448275862
9.06206896552
17.1310344828
17.8692307692
17.2607142857
13.9833333333
6.84666666667
1.05714285714
-8.41034482759
-7.26785714286
-5.068
-1.82857142857
NaN
8.39310344828
14.3
18.0896551724
13.82
12.87
NaN
