2.08214285714
-2.46896551724
-0.807142857143
9.05483870968
16.0103448276
25.3870967742
29.8633333333
32.7129032258
31.6096774194
25.9551724138
13.7161290323
9.36206896552
2.56774193548
4.33870967742
-3.97142857143
7.23548387097
15.37
21.1677419355
26.624137931
29.4451612903
27.6838709677
22.67
18.8774193548
8.49333333333
-4.79677419355
5.2
3.96785714286
10.17
15.4833333333
19.3677419355
27.2933333333
27.5903225806
27.4483870968
24.5566666667
17.0838709677
11.8566666667
0.836666666667
-2.80322580645
3.61785714286
9.76129032258
18.22
25.235483871
29.49
30.1225806452
28.5677419355
24.4266666667
17.0903225806
6.14333333333
3.18064516129
1.56129032258
4.35862068966
9.51935483871
14.6666666667
22.7612903226
26.3766666667
25.7387096774
24.7709677419
22.41
16.835483871
5.89333333333
0.987096774194
-0.435483870968
-0.840740740741
5.2724137931
14.0333333333
22.7580645161
25.98
28.0
27.6806451613
20.0
16.2266666667
7.13
1.14666666667
-5.51333333333
-0.65
8.7935483871
17.2233333333
23.2580645161
28.85
28.0709677419
25.7
24.0766666667
17.5419354839
10.6333333333
4.01612903226
-2.73870967742
0.4
10.2433333333
13.5275862069
19.8225806452
28.4862068966
30.1741935484
30.764516129
22.8566666667
17.3193548387
4.6724137931
0.316129032258
-1.51290322581
1.51428571429
5.85483870968
14.9586206897
19.4677419355
26.8413793103
27.6322580645
28.4233333333
22.8666666667
16.9903225806
3.45
-0.212903225806
-3.05666666667
1.78571428571
9.67333333333
13.76
19.5548387097
27.7666666667
29.5096774194
26.6266666667
24.05
17.4233333333
5.87
0.78064516129
0.777419354839
6.29285714286
7.69677419355
15.65
25.6290322581
26.47
29.3258064516
28.8290322581
26.7833333333
17.5838709677
10.8892857143
4.97096774194
-2.48064516129
5.51785714286
7.45161290323
16.5482758621
23.8806451613
27.83
32.0161290323
26.964516129
24.2566666667
18.3290322581
13.4466666667
2.97419354839
-0.583870967742
5.66551724138
13.2064516129
16.4533333333
23.7838709677
26.2866666667
27.9129032258
28.6967741935
25.1266666667
19.5333333333
6.41
-5.82903225806
-1.37741935484
1.01428571429
6.42258064516
20.0733333333
23.3709677419
26.9866666667
29.9903225806
28.5612903226
23.0066666667
16.2580645161
14.8733333333
4.28387096774
3.98387096774
4.30357142857
7.42258064516
15.7633333333
20.3064516129
28.54
31.1548387097
28.7193548387
26.8733333333
14.3064516129
7.31333333333
3.24193548387
-1.67741935484
0.075
9.03870967742
17.86
21.3866666667
26.3366666667
29.4032258065
29.7064516129
23.4896551724
18.1793103448
9.75666666667
3.21290322581
-2.60333333333
2.20344827586
10.8387096774
18.1833333333
24.1096774194
26.55
27.9032258065
25.2290322581
26.2533333333
17.4225806452
9.99333333333
2.50322580645
-0.71935483871
4.44285714286
8.31935483871
19.43
22.2193548387
31.0033333333
30.8290322581
29.4387096774
27.4133333333
18.3838709677
10.8266666667
-2.41612903226
4.96451612903
2.66071428571
8.66129032258
19.6833333333
22.3709677419
27.4
31.1806451613
28.0483870968
22.68
14.8741935484
10.45
4.16666666667
0.687096774194
-4.35
12.0741935484
15.0966666667
26.3290322581
28.0166666667
29.15
29.2967741935
27.41
20.4967741935
8.74
0.0741935483871
-0.303225806452
-1.89655172414
6.81612903226
16.2033333333
21.2709677419
28.4833333333
29.5935483871
27.6774193548
24.2033333333
16.8516129032
8.07333333333
-1.05161290323
-4.72666666667
2.7
9.82258064516
15.5533333333
22.7064516129
27.31
26.2129032258
25.9903225806
23.4333333333
12.8096774194
11.5733333333
-0.206451612903
-4.55161290323
-0.971428571429
11.0096774194
21.53
23.135483871
28.7133333333
31.0548387097
30.1451612903
24.9566666667
19.6193548387
10.6066666667
-3.0064516129
NaN
NaN
NaN
NaN
NaN
NaN
NaN
NaN
NaN
NaN
NaN
NaN
NaN
NaN
NaN
NaN
26.1548387097
29.9233333333
34.0225806452
29.3774193548
23.9466666667
15.764516129
9.11333333333
4.70967741935
1.68387096774
0.778571428571
3.58709677419
14.9433333333
23.4290322581
27.3103448276
28.1965517241
NaN
26.3733333333
17.5387096774
7.68666666667
-1.23870967742
-4.59677419355
-4.79642857143
4.12580645161
16.07
21.9838709677
26.7133333333
25.5548387097
27.0225806452
22.8633333333
16.3
4.75333333333
2.88064516129
-2.03870967742
-4.89285714286
7.55806451613
18.0733333333
22.2612903226
25.4933333333
26.6290322581
26.2161290323
26.1466666667
18.1483870968
11.36
7.11612903226
-1.21290322581
3.17931034483
11.7387096774
16.1333333333
21.535483871
28.6733333333
28.0967741935
27.7774193548
26.04
19.535483871
13.3466666667
-0.558064516129
0.945161290323
8.59642857143
9.37741935484
17.5666666667
19.3586206897
27.8366666667
28.0516129032
25.63
NaN
NaN
