102.0
0.0
0.0
0.0
99.0
18.0
0.0
0.0
8.0
0.0
15.0
10.0
0.0
0.0
0.0
0.0
0.0
0.0
28.0
5.0
15.0
221.0
5.0
0.0
0.0
0.0
0.0
0.0
0.0
0.0
0.0
0.0
0.0
0.0
8.0
0.0
0.0
5.0
0.0
5.0
71.0
48.0
NaN
0.0
0.0
3.0
0.0
3.0
0.0
239.0
13.0
0.0
0.0
0.0
0.0
0.0
0.0
0.0
0.0
0.0
0.0
0.0
0.0
0.0
0.0
0.0
0.0
0.0
0.0
0.0
0.0
0.0
0.0
0.0
0.0
0.0
0.0
30.0
0.0
0.0
257.0
3.0
0.0
28.0
0.0
0.0
53.0
15.0
8.0
0.0
0.0
0.0
0.0
3.0
0.0
0.0
0.0
13.0
5.0
10.0
13.0
5.0
3.0
160.0
25.0
18.0
0.0
8.0
0.0
175.0
71.0
0.0
23.0
0.0
0.0
0.0
10.0
0.0
18.0
8.0
46.0
0.0
0.0
0.0
0.0
0.0
251.0
33.0
0.0
0.0
0.0
0.0
137.0
8.0
0.0
229.0
48.0
0.0
0.0
0.0
0.0
0.0
0.0
0.0
0.0
0.0
66.0
0.0
8.0
15.0
0.0
53.0
0.0
NaN
NaN
328.0
NaN
185.0
NaN
NaN
NaN
NaN
NaN
NaN
NaN
NaN
NaN
NaN
NaN
NaN
NaN
NaN
97.0
86.0
NaN
183.0
NaN
1034.0
NaN
NaN
18.0
NaN
5.0
NaN
0.0
0.0
5.0
0.0
0.0
0.0
0.0
0.0
173.0
0.0
0.0
386.0
0.0
0.0
0.0
0.0
0.0
229.0
NaN
117.0
0.0
0.0
0.0
0.0
0.0
142.0
0.0
0.0
0.0
0.0
0.0
0.0
0.0
0.0
0.0
0.0
0.0
358.0
8.0
0.0
0.0
0.0
8.0
117.0
0.0
0.0
0.0
0.0
0.0
46.0
48.0
0.0
168.0
41.0
0.0
33.0
229.0
0.0
155.0
0.0
0.0
0.0
0.0
0.0
5.0
145.0
0.0
0.0
0.0
0.0
0.0
8.0
5.0
18.0
0.0
0.0
0.0
5.0
20.0
0.0
0.0
0.0
20.0
86.0
13.0
0.0
3.0
0.0
0.0
0.0
0.0
64.0
0.0
0.0
0.0
0.0
0.0
213.0
0.0
0.0
0.0
0.0
0.0
0.0
20.0
5.0
15.0
300.0
20.0
8.0
0.0
0.0
0.0
0.0
30.0
0.0
0.0
15.0
64.0
112.0
56.0
3.0
30.0
15.0
0.0
33.0
0.0
0.0
0.0
0.0
8.0
0.0
8.0
0.0
0.0
13.0
130.0
20.0
0.0
0.0
0.0
0.0
0.0
3.0
23.0
0.0
0.0
3.0
0.0
3.0
0.0
0.0
38.0
0.0
38.0
30.0
13.0
20.0
0.0
0.0
0.0
13.0
0.0
0.0
0.0
0.0
3.0
0.0
0.0
3.0
0.0
0.0
0.0
0.0
0.0
0.0
0.0
0.0
0.0
0.0
0.0
203.0
97.0
0.0
0.0
0.0
0.0
48.0
0.0
0.0
0.0
0.0
0.0
20.0
23.0
0.0
0.0
8.0
5.0
30.0
147.0
0.0
0.0
0.0
0.0
0.0
3.0
0.0
3.0
0.0
10.0
3.0
0.0
8.0
3.0
0.0
0.0
97.0
8.0
10.0
33.0
28.0
0.0
0.0
10.0
15.0
0.0
10.0
10.0
0.0
0.0
0.0
0.0
0.0
0.0
3.0
5.0
0.0
0.0
0.0
0.0
8.0
30.0
0.0
0.0
124.0
0.0
0.0
0.0
76.0
0.0
0.0
0.0
0.0
99.0
0.0
15.0
0.0
0.0
0.0
0.0
0.0
10.0
0.0
10.0
3.0
0.0
0.0
0.0
0.0
0.0
0.0
249.0
145.0
56.0
0.0
0.0
0.0
0.0
0.0
0.0
18.0
76.0
5.0
394.0
46.0
74.0
23.0
46.0
30.0
5.0
0.0
0.0
10.0
0.0
0.0
0.0
46.0
221.0
3.0
8.0
0.0
0.0
53.0
3.0
0.0
0.0
0.0
0.0
46.0
165.0
0.0
0.0
18.0
0.0
0.0
0.0
15.0
0.0
0.0
0.0
20.0
3.0
0.0
0.0
81.0
0.0
8.0
211.0
5.0
0.0
0.0
18.0
0.0
0.0
0.0
0.0
0.0
0.0
0.0
0.0
0.0
0.0
0.0
0.0
0.0
0.0
5.0
10.0
5.0
0.0
0.0
0.0
74.0
0.0
0.0
0.0
84.0
259.0
64.0
107.0
107.0
0.0
46.0
76.0
0.0
10.0
0.0
0.0
0.0
71.0
46.0
0.0
0.0
0.0
0.0
0.0
0.0
86.0
0.0
0.0
0.0
18.0
3.0
3.0
0.0
0.0
0.0
48.0
157.0
10.0
0.0
0.0
0.0
0.0
0.0
0.0
0.0
0.0
0.0
0.0
0.0
0.0
18.0
18.0
0.0
140.0
523.0
25.0
0.0
0.0
0.0
0.0
10.0
8.0
10.0
0.0
41.0
43.0
33.0
0.0
0.0
53.0
15.0
3.0
15.0
0.0
0.0
38.0
20.0
0.0
0.0
0.0
0.0
0.0
0.0
74.0
41.0
3.0
0.0
0.0
0.0
102.0
3.0
41.0
0.0
0.0
56.0
0.0
20.0
0.0
0.0
8.0
0.0
0.0
0.0
0.0
0.0
0.0
0.0
0.0
0.0
0.0
0.0
5.0
0.0
0.0
97.0
0.0
13.0
25.0
0.0
0.0
0.0
0.0
0.0
0.0
0.0
0.0
0.0
0.0
0.0
18.0
84.0
135.0
74.0
0.0
0.0
0.0
0.0
5.0
0.0
0.0
0.0
0.0
0.0
5.0
20.0
3.0
0.0
15.0
0.0
0.0
0.0
0.0
0.0
0.0
119.0
406.0
0.0
0.0
0.0
0.0
5.0
0.0
8.0
3.0
130.0
0.0
0.0
0.0
0.0
0.0
0.0
20.0
0.0
0.0
0.0
0.0
0.0
0.0
79.0
10.0
0.0
5.0
5.0
0.0
0.0
48.0
0.0
0.0
0.0
0.0
0.0
8.0
0.0
3.0
0.0
3.0
0.0
0.0
0.0
0.0
0.0
0.0
0.0
0.0
0.0
0.0
0.0
0.0
0.0
0.0
0.0
0.0
0.0
0.0
0.0
0.0
0.0
0.0
147.0
163.0
58.0
28.0
0.0
36.0
173.0
91.0
0.0
0.0
0.0
46.0
0.0
0.0
0.0
0.0
28.0
0.0
0.0
0.0
3.0
3.0
0.0
3.0
0.0
0.0
135.0
0.0
0.0
46.0
8.0
0.0
28.0
28.0
0.0
15.0
284.0
36.0
33.0
8.0
0.0
0.0
3.0
3.0
0.0
0.0
28.0
150.0
0.0
0.0
0.0
0.0
15.0
3.0
0.0
0.0
0.0
0.0
20.0
0.0
15.0
28.0
64.0
0.0
0.0
0.0
503.0
0.0
0.0
0.0
20.0
0.0
0.0
0.0
15.0
0.0
0.0
0.0
0.0
41.0
46.0
8.0
15.0
0.0
0.0
5.0
10.0
0.0
0.0
0.0
97.0
0.0
28.0
0.0
0.0
0.0
5.0
13.0
10.0
99.0
64.0
15.0
0.0
25.0
0.0
0.0
0.0
0.0
0.0
0.0
0.0
0.0
0.0
43.0
0.0
112.0
0.0
89.0
0.0
0.0
0.0
0.0
0.0
0.0
0.0
0.0
0.0
0.0
0.0
5.0
394.0
0.0
0.0
0.0
0.0
0.0
0.0
3.0
3.0
3.0
43.0
0.0
0.0
64.0
0.0
3.0
0.0
0.0
0.0
0.0
0.0
0.0
0.0
1105.0
0.0
0.0
0.0
0.0
0.0
0.0
0.0
0.0
66.0
5.0
0.0
0.0
0.0
10.0
0.0
262.0
0.0
48.0
0.0
3.0
0.0
0.0
244.0
973.0
399.0
53.0
8.0
23.0
310.0
0.0
0.0
157.0
119.0
8.0
0.0
0.0
0.0
0.0
0.0
0.0
0.0
58.0
36.0
0.0
46.0
104.0
0.0
0.0
15.0
3.0
0.0
0.0
147.0
66.0
0.0
0.0
117.0
0.0
0.0
94.0
28.0
0.0
8.0
0.0
0.0
79.0
79.0
0.0
165.0
0.0
0.0
28.0
5.0
0.0
8.0
0.0
0.0
0.0
0.0
10.0
117.0
163.0
58.0
254.0
20.0
8.0
0.0
0.0
0.0
0.0
0.0
0.0
15.0
0.0
0.0
0.0
3.0
3.0
0.0
0.0
0.0
0.0
5.0
0.0
0.0
0.0
0.0
3.0
0.0
0.0
0.0
0.0
0.0
0.0
15.0
5.0
0.0
3.0
0.0
0.0
0.0
0.0
0.0
0.0
0.0
3.0
13.0
0.0
300.0
3.0
0.0
58.0
0.0
20.0
0.0
5.0
0.0
0.0
10.0
0.0
0.0
0.0
0.0
0.0
0.0
0.0
0.0
3.0
5.0
142.0
61.0
0.0
0.0
8.0
0.0
86.0
0.0
18.0
3.0
3.0
0.0
0.0
0.0
0.0
5.0
218.0
51.0
0.0
86.0
0.0
74.0
20.0
0.0
0.0
33.0
64.0
0.0
0.0
0.0
79.0
0.0
0.0
0.0
46.0
10.0
0.0
0.0
36.0
0.0
10.0
0.0
5.0
0.0
61.0
5.0
0.0
0.0
18.0
3.0
0.0
8.0
8.0
48.0
91.0
0.0
79.0
274.0
41.0
0.0
0.0
0.0
0.0
0.0
0.0
8.0
5.0
0.0
56.0
0.0
137.0
0.0
0.0
0.0
0.0
0.0
0.0
0.0
0.0
0.0
0.0
0.0
0.0
0.0
0.0
43.0
8.0
0.0
0.0
53.0
0.0
5.0
0.0
3.0
0.0
0.0
0.0
0.0
0.0
305.0
0.0
0.0
0.0
0.0
0.0
46.0
0.0
221.0
0.0
434.0
89.0
15.0
0.0
0.0
0.0
0.0
0.0
119.0
30.0
0.0
0.0
8.0
56.0
0.0
157.0
122.0
3.0
25.0
56.0
0.0
0.0
10.0
150.0
8.0
0.0
0.0
178.0
0.0
0.0
8.0
102.0
13.0
0.0
30.0
0.0
0.0
0.0
20.0
0.0
0.0
3.0
0.0
0.0
0.0
0.0
15.0
0.0
0.0
0.0
183.0
48.0
0.0
0.0
43.0
15.0
122.0
25.0
0.0
287.0
472.0
0.0
20.0
20.0
381.0
0.0
0.0
0.0
0.0
0.0
0.0
28.0
5.0
0.0
5.0
0.0
0.0
0.0
0.0
142.0
84.0
5.0
0.0
0.0
56.0
0.0
0.0
0.0
0.0
46.0
0.0
0.0
201.0
168.0
0.0
0.0
0.0
0.0
295.0
18.0
79.0
201.0
15.0
33.0
0.0
0.0
0.0
0.0
0.0
0.0
0.0
3.0
0.0
0.0
0.0
0.0
170.0
66.0
0.0
0.0
0.0
0.0
0.0
0.0
0.0
8.0
107.0
18.0
0.0
0.0
0.0
0.0
0.0
0.0
0.0
13.0
0.0
0.0
0.0
0.0
38.0
18.0
0.0
0.0
0.0
0.0
23.0
10.0
142.0
23.0
0.0
3.0
10.0
0.0
0.0
81.0
69.0
61.0
28.0
0.0
0.0
0.0
0.0
0.0
0.0
0.0
0.0
0.0
0.0
0.0
0.0
0.0
0.0
132.0
0.0
0.0
8.0
0.0
0.0
124.0
0.0
160.0
3.0
0.0
0.0
0.0
0.0
10.0
23.0
20.0
0.0
0.0
0.0
5.0
0.0
0.0
0.0
64.0
41.0
0.0
18.0
0.0
0.0
0.0
0.0
0.0
0.0
3.0
0.0
0.0
0.0
69.0
150.0
8.0
0.0
0.0
64.0
13.0
104.0
0.0
0.0
0.0
3.0
0.0
0.0
0.0
0.0
0.0
30.0
0.0
0.0
0.0
0.0
0.0
0.0
38.0
0.0
23.0
23.0
0.0
23.0
0.0
10.0
152.0
20.0
0.0
0.0
0.0
23.0
13.0
0.0
48.0
0.0
71.0
41.0
81.0
0.0
33.0
13.0
36.0
94.0
5.0
130.0
0.0
13.0
43.0
0.0
3.0
0.0
46.0
0.0
0.0
0.0
3.0
0.0
3.0
0.0
0.0
61.0
0.0
0.0
0.0
3.0
5.0
3.0
3.0
0.0
0.0
0.0
0.0
0.0
0.0
0.0
0.0
0.0
0.0
0.0
0.0
0.0
0.0
0.0
0.0
0.0
0.0
0.0
0.0
23.0
0.0
3.0
0.0
3.0
0.0
0.0
0.0
58.0
8.0
0.0
30.0
43.0
0.0
0.0
0.0
51.0
140.0
0.0
0.0
0.0
0.0
0.0
0.0
0.0
0.0
0.0
155.0
56.0
33.0
0.0
0.0
0.0
0.0
0.0
0.0
0.0
0.0
0.0
33.0
0.0
5.0
152.0
307.0
0.0
0.0
0.0
30.0
0.0
13.0
117.0
0.0
0.0
0.0
0.0
0.0
0.0
0.0
0.0
0.0
0.0
0.0
0.0
0.0
0.0
0.0
0.0
0.0
0.0
147.0
155.0
48.0
0.0
5.0
8.0
234.0
310.0
0.0
0.0
0.0
3.0
0.0
0.0
0.0
0.0
38.0
25.0
0.0
58.0
5.0
0.0
0.0
20.0
135.0
0.0
13.0
0.0
0.0
0.0
0.0
0.0
13.0
0.0
15.0
0.0
74.0
173.0
259.0
5.0
10.0
3.0
NaN
NaN
NaN
NaN
NaN
NaN
NaN
NaN
NaN
NaN
NaN
NaN
NaN
NaN
NaN
NaN
NaN
NaN
NaN
NaN
NaN
NaN
NaN
NaN
NaN
NaN
NaN
NaN
NaN
NaN
