NaN
0.0
251.0
0.0
145.0
NaN
NaN
297.0
NaN
25.0
NaN
NaN
13.0
NaN
NaN
NaN
86.0
3.0
NaN
NaN
NaN
NaN
NaN
NaN
NaN
NaN
NaN
NaN
NaN
NaN
NaN
NaN
NaN
NaN
NaN
61.0
NaN
NaN
NaN
64.0
NaN
NaN
NaN
NaN
NaN
157.0
NaN
NaN
NaN
NaN
NaN
NaN
NaN
61.0
NaN
NaN
3.0
NaN
NaN
NaN
NaN
142.0
0.0
0.0
0.0
0.0
0.0
0.0
25.0
0.0
0.0
0.0
0.0
NaN
NaN
NaN
NaN
0.0
0.0
0.0
0.0
0.0
198.0
64.0
0.0
0.0
137.0
0.0
0.0
0.0
0.0
0.0
NaN
NaN
NaN
NaN
NaN
NaN
NaN
NaN
NaN
NaN
NaN
NaN
NaN
NaN
13.0
5.0
38.0
0.0
0.0
0.0
0.0
0.0
0.0
0.0
0.0
0.0
0.0
0.0
0.0
0.0
0.0
10.0
0.0
0.0
0.0
0.0
20.0
38.0
0.0
0.0
8.0
0.0
3.0
0.0
20.0
0.0
0.0
0.0
20.0
0.0
89.0
0.0
3.0
13.0
0.0
0.0
0.0
0.0
0.0
0.0
0.0
0.0
0.0
0.0
0.0
0.0
0.0
0.0
0.0
0.0
0.0
3.0
0.0
0.0
0.0
0.0
0.0
0.0
0.0
0.0
0.0
0.0
0.0
0.0
0.0
0.0
0.0
0.0
NaN
0.0
0.0
0.0
0.0
0.0
38.0
8.0
76.0
0.0
0.0
0.0
0.0
0.0
0.0
0.0
0.0
0.0
0.0
0.0
0.0
81.0
30.0
0.0
0.0
0.0
0.0
0.0
0.0
208.0
20.0
0.0
0.0
0.0
0.0
0.0
0.0
0.0
0.0
0.0
66.0
0.0
0.0
0.0
165.0
8.0
0.0
0.0
0.0
18.0
46.0
183.0
0.0
20.0
0.0
0.0
0.0
5.0
0.0
234.0
0.0
0.0
0.0
0.0
0.0
0.0
0.0
0.0
0.0
0.0
0.0
183.0
3.0
157.0
13.0
0.0
0.0
0.0
0.0
0.0
0.0
0.0
0.0
0.0
0.0
0.0
36.0
0.0
0.0
0.0
0.0
165.0
0.0
0.0
0.0
0.0
0.0
0.0
0.0
0.0
41.0
38.0
0.0
0.0
0.0
0.0
0.0
0.0
0.0
0.0
0.0
0.0
0.0
0.0
0.0
0.0
0.0
0.0
0.0
0.0
0.0
0.0
0.0
323.0
0.0
0.0
0.0
0.0
43.0
43.0
5.0
0.0
0.0
0.0
0.0
0.0
0.0
0.0
145.0
0.0
0.0
0.0
0.0
28.0
0.0
0.0
51.0
3.0
0.0
119.0
0.0
114.0
0.0
0.0
0.0
25.0
0.0
0.0
51.0
0.0
0.0
3.0
13.0
13.0
241.0
0.0
0.0
0.0
107.0
0.0
386.0
127.0
51.0
0.0
0.0
20.0
0.0
0.0
0.0
3.0
0.0
165.0
0.0
572.0
15.0
0.0
0.0
0.0
0.0
0.0
0.0
0.0
58.0
0.0
0.0
0.0
0.0
0.0
0.0
0.0
0.0
0.0
0.0
0.0
0.0
122.0
25.0
20.0
0.0
0.0
0.0
5.0
0.0
0.0
0.0
391.0
23.0
0.0
18.0
3.0
0.0
406.0
0.0
3.0
0.0
0.0
0.0
0.0
0.0
0.0
0.0
0.0
0.0
0.0
0.0
114.0
76.0
0.0
3.0
5.0
0.0
0.0
211.0
127.0
0.0
0.0
127.0
132.0
163.0
0.0
0.0
0.0
0.0
0.0
0.0
0.0
0.0
102.0
0.0
33.0
0.0
0.0
0.0
0.0
0.0
0.0
0.0
0.0
0.0
0.0
0.0
0.0
0.0
0.0
145.0
0.0
0.0
0.0
0.0
0.0
0.0
10.0
0.0
0.0
0.0
38.0
0.0
0.0
0.0
3.0
135.0
0.0
0.0
0.0
0.0
0.0
0.0
0.0
0.0
0.0
0.0
0.0
0.0
5.0
0.0
0.0
0.0
0.0
0.0
36.0
3.0
0.0
0.0
0.0
0.0
0.0
0.0
0.0
51.0
25.0
0.0
0.0
0.0
0.0
0.0
89.0
23.0
0.0
0.0
0.0
0.0
61.0
56.0
0.0
89.0
0.0
23.0
0.0
0.0
0.0
0.0
0.0
0.0
0.0
0.0
0.0
28.0
0.0
0.0
0.0
0.0
0.0
0.0
0.0
3.0
0.0
0.0
3.0
0.0
0.0
0.0
3.0
0.0
0.0
33.0
170.0
0.0
0.0
0.0
0.0
0.0
0.0
13.0
0.0
13.0
0.0
0.0
0.0
0.0
0.0
0.0
0.0
0.0
0.0
0.0
0.0
0.0
0.0
0.0
0.0
0.0
0.0
135.0
3.0
0.0
0.0
0.0
0.0
13.0
0.0
0.0
0.0
84.0
0.0
0.0
0.0
0.0
0.0
0.0
0.0
0.0
0.0
0.0
198.0
0.0
0.0
0.0
69.0
76.0
0.0
0.0
0.0
0.0
0.0
0.0
0.0
0.0
0.0
0.0
0.0
0.0
114.0
0.0
0.0
0.0
0.0
0.0
152.0
241.0
0.0
0.0
0.0
0.0
51.0
0.0
0.0
0.0
0.0
0.0
107.0
5.0
0.0
41.0
0.0
0.0
0.0
0.0
0.0
0.0
0.0
0.0
310.0
64.0
8.0
0.0
254.0
500.0
76.0
0.0
5.0
0.0
0.0
0.0
0.0
0.0
0.0
701.0
267.0
201.0
0.0
0.0
13.0
0.0
81.0
0.0
0.0
0.0
0.0
0.0
0.0
0.0
185.0
0.0
0.0
0.0
0.0
0.0
0.0
0.0
38.0
0.0
38.0
38.0
13.0
0.0
58.0
0.0
25.0
719.0
0.0
0.0
0.0
0.0
0.0
0.0
0.0
0.0
0.0
18.0
0.0
0.0
0.0
0.0
0.0
0.0
0.0
178.0
0.0
0.0
0.0
0.0
0.0
0.0
0.0
0.0
0.0
0.0
0.0
0.0
122.0
335.0
0.0
0.0
0.0
0.0
0.0
0.0
0.0
0.0
0.0
0.0
0.0
0.0
0.0
0.0
0.0
0.0
0.0
0.0
109.0
0.0
0.0
0.0
0.0
0.0
0.0
0.0
0.0
0.0
0.0
0.0
0.0
38.0
0.0
0.0
25.0
0.0
406.0
0.0
0.0
0.0
0.0
0.0
0.0
0.0
0.0
0.0
0.0
64.0
0.0
0.0
0.0
13.0
0.0
0.0
0.0
0.0
0.0
185.0
20.0
0.0
0.0
0.0
0.0
226.0
5.0
0.0
0.0
0.0
0.0
0.0
381.0
0.0
0.0
0.0
0.0
0.0
0.0
0.0
13.0
0.0
0.0
0.0
0.0
0.0
0.0
0.0
0.0
0.0
NaN
0.0
0.0
0.0
NaN
0.0
0.0
0.0
64.0
0.0
0.0
0.0
0.0
NaN
165.0
0.0
0.0
0.0
8.0
10.0
0.0
0.0
0.0
0.0
8.0
0.0
0.0
0.0
64.0
0.0
0.0
0.0
0.0
3.0
0.0
0.0
5.0
18.0
0.0
10.0
3.0
0.0
0.0
0.0
0.0
0.0
8.0
0.0
0.0
10.0
0.0
0.0
0.0
10.0
13.0
0.0
0.0
0.0
0.0
0.0
15.0
0.0
0.0
0.0
0.0
0.0
3.0
NaN
NaN
0.0
0.0
15.0
3.0
0.0
0.0
0.0
0.0
0.0
0.0
10.0
13.0
0.0
0.0
0.0
0.0
0.0
0.0
3.0
0.0
3.0
0.0
5.0
0.0
0.0
0.0
0.0
28.0
64.0
0.0
0.0
0.0
0.0
91.0
0.0
NaN
NaN
NaN
NaN
NaN
NaN
NaN
NaN
NaN
NaN
NaN
NaN
274.0
94.0
0.0
0.0
0.0
0.0
0.0
0.0
0.0
0.0
0.0
135.0
NaN
0.0
0.0
0.0
NaN
0.0
0.0
0.0
0.0
0.0
0.0
NaN
NaN
NaN
NaN
NaN
NaN
NaN
127.0
NaN
NaN
NaN
NaN
NaN
NaN
NaN
NaN
NaN
NaN
NaN
13.0
NaN
NaN
NaN
NaN
NaN
297.0
NaN
0.0
102.0
0.0
25.0
0.0
0.0
203.0
0.0
0.0
0.0
0.0
0.0
0.0
33.0
13.0
13.0
0.0
18.0
0.0
0.0
0.0
0.0
0.0
46.0
0.0
0.0
0.0
48.0
102.0
0.0
0.0
0.0
0.0
0.0
0.0
81.0
0.0
127.0
0.0
0.0
0.0
0.0
5.0
0.0
0.0
394.0
0.0
0.0
0.0
20.0
762.0
0.0
33.0
0.0
61.0
0.0
0.0
0.0
0.0
18.0
168.0
86.0
0.0
0.0
0.0
0.0
0.0
254.0
0.0
0.0
0.0
0.0
0.0
41.0
0.0
0.0
102.0
20.0
0.0
0.0
140.0
0.0
18.0
0.0
0.0
0.0
0.0
229.0
0.0
0.0
0.0
0.0
0.0
0.0
0.0
0.0
0.0
0.0
0.0
0.0
0.0
38.0
71.0
320.0
0.0
97.0
0.0
0.0
218.0
0.0
84.0
97.0
0.0
0.0
114.0
114.0
0.0
0.0
13.0
0.0
0.0
25.0
0.0
0.0
0.0
0.0
0.0
0.0
0.0
0.0
0.0
46.0
0.0
0.0
0.0
0.0
0.0
0.0
221.0
0.0
0.0
0.0
0.0
23.0
10.0
0.0
0.0
0.0
0.0
0.0
0.0
91.0
0.0
0.0
0.0
8.0
0.0
0.0
0.0
0.0
23.0
0.0
0.0
0.0
102.0
0.0
0.0
0.0
0.0
0.0
0.0
0.0
0.0
0.0
0.0
84.0
0.0
0.0
NaN
NaN
NaN
NaN
NaN
13.0
0.0
0.0
15.0
0.0
51.0
0.0
0.0
0.0
13.0
0.0
0.0
0.0
0.0
NaN
0.0
0.0
0.0
0.0
0.0
0.0
0.0
0.0
0.0
0.0
0.0
0.0
58.0
0.0
56.0
0.0
0.0
28.0
64.0
0.0
0.0
0.0
0.0
0.0
28.0
0.0
0.0
0.0
0.0
0.0
0.0
0.0
0.0
0.0
25.0
0.0
0.0
0.0
0.0
0.0
0.0
0.0
0.0
25.0
0.0
0.0
0.0
0.0
0.0
0.0
13.0
61.0
53.0
213.0
0.0
0.0
0.0
0.0
10.0
0.0
76.0
0.0
0.0
0.0
0.0
0.0
10.0
15.0
58.0
0.0
0.0
46.0
0.0
0.0
10.0
0.0
0.0
0.0
0.0
33.0
0.0
0.0
0.0
0.0
0.0
0.0
0.0
5.0
76.0
0.0
0.0
0.0
0.0
94.0
15.0
0.0
3.0
0.0
0.0
18.0
0.0
0.0
0.0
229.0
13.0
0.0
25.0
0.0
0.0
0.0
30.0
0.0
51.0
79.0
0.0
0.0
0.0
0.0
0.0
0.0
0.0
0.0
188.0
94.0
0.0
0.0
0.0
0.0
0.0
0.0
0.0
0.0
0.0
0.0
0.0
572.0
89.0
8.0
0.0
0.0
0.0
0.0
0.0
8.0
140.0
5.0
0.0
0.0
0.0
102.0
0.0
373.0
25.0
0.0
0.0
0.0
0.0
0.0
0.0
0.0
0.0
292.0
3.0
0.0
0.0
0.0
376.0
0.0
10.0
0.0
0.0
0.0
33.0
30.0
0.0
0.0
0.0
0.0
84.0
0.0
0.0
0.0
0.0
0.0
15.0
0.0
0.0
0.0
0.0
84.0
0.0
0.0
0.0
53.0
25.0
0.0
76.0
0.0
0.0
0.0
0.0
13.0
0.0
0.0
0.0
15.0
112.0
18.0
122.0
0.0
0.0
0.0
0.0
0.0
13.0
211.0
0.0
0.0
0.0
0.0
102.0
0.0
0.0
191.0
0.0
178.0
20.0
0.0
0.0
0.0
191.0
0.0
8.0
0.0
0.0
0.0
0.0
0.0
0.0
0.0
0.0
0.0
38.0
0.0
0.0
38.0
0.0
193.0
0.0
0.0
0.0
0.0
0.0
0.0
0.0
0.0
0.0
0.0
0.0
0.0
0.0
140.0
140.0
559.0
43.0
10.0
0.0
0.0
0.0
0.0
0.0
15.0
0.0
0.0
0.0
0.0
0.0
0.0
0.0
0.0
343.0
0.0
84.0
0.0
0.0
0.0
0.0
0.0
0.0
0.0
0.0
0.0
0.0
0.0
0.0
0.0
0.0
0.0
0.0
0.0
0.0
0.0
25.0
216.0
0.0
0.0
0.0
0.0
0.0
0.0
0.0
0.0
30.0
0.0
0.0
0.0
0.0
0.0
0.0
107.0
13.0
0.0
0.0
183.0
132.0
56.0
0.0
0.0
0.0
0.0
0.0
0.0
0.0
0.0
0.0
38.0
97.0
0.0
0.0
0.0
0.0
0.0
0.0
0.0
0.0
0.0
46.0
0.0
10.0
13.0
0.0
0.0
0.0
0.0
0.0
0.0
0.0
0.0
0.0
480.0
0.0
0.0
0.0
0.0
0.0
10.0
0.0
0.0
0.0
0.0
0.0
0.0
0.0
0.0
0.0
0.0
0.0
0.0
0.0
25.0
18.0
0.0
0.0
0.0
0.0
0.0
0.0
0.0
0.0
0.0
0.0
0.0
0.0
0.0
0.0
0.0
0.0
0.0
0.0
0.0
0.0
0.0
0.0
0.0
0.0
0.0
0.0
0.0
18.0
0.0
0.0
0.0
13.0
102.0
NaN
0.0
5.0
0.0
0.0
NaN
20.0
20.0
61.0
3.0
0.0
0.0
0.0
0.0
127.0
0.0
0.0
0.0
269.0
117.0
150.0
46.0
0.0
0.0
0.0
0.0
0.0
0.0
0.0
0.0
0.0
0.0
0.0
0.0
0.0
0.0
0.0
0.0
0.0
81.0
0.0
0.0
0.0
0.0
0.0
0.0
0.0
0.0
0.0
0.0
0.0
0.0
38.0
0.0
0.0
0.0
0.0
0.0
0.0
0.0
38.0
48.0
0.0
0.0
99.0
28.0
0.0
0.0
0.0
0.0
0.0
0.0
0.0
0.0
0.0
0.0
0.0
0.0
0.0
0.0
0.0
0.0
0.0
0.0
0.0
0.0
0.0
0.0
0.0
0.0
0.0
246.0
28.0
0.0
0.0
432.0
66.0
18.0
64.0
0.0
0.0
0.0
0.0
0.0
0.0
0.0
0.0
0.0
160.0
579.0
3.0
0.0
0.0
0.0
0.0
0.0
0.0
0.0
0.0
0.0
0.0
0.0
38.0
254.0
13.0
0.0
0.0
0.0
381.0
18.0
0.0
0.0
8.0
330.0
13.0
114.0
0.0
0.0
43.0
99.0
58.0
0.0
0.0
0.0
0.0
0.0
0.0
0.0
102.0
173.0
25.0
0.0
18.0
0.0
79.0
0.0
0.0
0.0
330.0
127.0
135.0
114.0
0.0
0.0
114.0
0.0
0.0
0.0
0.0
0.0
23.0
0.0
0.0
0.0
0.0
0.0
30.0
0.0
157.0
0.0
0.0
NaN
NaN
28.0
0.0
0.0
249.0
0.0
0.0
0.0
0.0
51.0
0.0
0.0
241.0
0.0
150.0
8.0
419.0
0.0
0.0
145.0
0.0
0.0
5.0
0.0
0.0
0.0
76.0
0.0
0.0
0.0
107.0
36.0
0.0
0.0
81.0
0.0
48.0
0.0
0.0
0.0
0.0
0.0
0.0
0.0
0.0
33.0
5.0
0.0
0.0
155.0
51.0
0.0
0.0
0.0
0.0
0.0
0.0
0.0
0.0
0.0
0.0
0.0
0.0
0.0
0.0
0.0
0.0
0.0
0.0
0.0
0.0
0.0
0.0
0.0
0.0
0.0
0.0
76.0
0.0
0.0
0.0
0.0
0.0
0.0
165.0
305.0
142.0
0.0
0.0
112.0
0.0
56.0
0.0
0.0
0.0
0.0
0.0
0.0
0.0
0.0
36.0
15.0
0.0
38.0
0.0
0.0
0.0
0.0
0.0
0.0
0.0
0.0
0.0
0.0
0.0
0.0
0.0
0.0
0.0
0.0
0.0
0.0
0.0
0.0
0.0
0.0
0.0
0.0
84.0
0.0
0.0
0.0
0.0
0.0
0.0
0.0
0.0
0.0
28.0
0.0
0.0
30.0
102.0
0.0
0.0
5.0
0.0
0.0
0.0
0.0
0.0
0.0
86.0
122.0
0.0
0.0
0.0
0.0
183.0
0.0
0.0
0.0
0.0
0.0
0.0
0.0
0.0
0.0
0.0
0.0
0.0
0.0
0.0
0.0
0.0
0.0
0.0
0.0
0.0
0.0
0.0
0.0
0.0
135.0
0.0
0.0
3.0
0.0
0.0
0.0
0.0
0.0
0.0
23.0
0.0
0.0
0.0
0.0
0.0
51.0
0.0
5.0
0.0
0.0
0.0
0.0
0.0
0.0
0.0
51.0
0.0
0.0
0.0
0.0
13.0
0.0
0.0
0.0
0.0
0.0
0.0
0.0
0.0
76.0
NaN
0.0
0.0
0.0
0.0
74.0
0.0
0.0
0.0
0.0
46.0
0.0
0.0
104.0
0.0
0.0
0.0
0.0
0.0
0.0
0.0
0.0
0.0
0.0
38.0
0.0
0.0
0.0
0.0
0.0
0.0
0.0
0.0
0.0
0.0
91.0
0.0
38.0
0.0
0.0
89.0
0.0
28.0
25.0
0.0
0.0
0.0
0.0
0.0
0.0
0.0
0.0
0.0
0.0
0.0
84.0
0.0
0.0
0.0
0.0
0.0
0.0
0.0
0.0
18.0
0.0
318.0
76.0
0.0
0.0
76.0
0.0
0.0
0.0
0.0
48.0
0.0
0.0
0.0
0.0
0.0
0.0
0.0
0.0
0.0
74.0
61.0
0.0
94.0
5.0
0.0
0.0
51.0
3.0
371.0
229.0
0.0
0.0
0.0
64.0
0.0
0.0
0.0
0.0
124.0
0.0
36.0
46.0
338.0
97.0
0.0
0.0
147.0
0.0
0.0
0.0
0.0
0.0
0.0
0.0
25.0
86.0
102.0
33.0
0.0
0.0
0.0
0.0
48.0
0.0
0.0
0.0
30.0
10.0
0.0
0.0
127.0
0.0
0.0
0.0
307.0
0.0
0.0
0.0
0.0
145.0
239.0
33.0
0.0
0.0
0.0
0.0
0.0
0.0
0.0
0.0
0.0
0.0
0.0
10.0
0.0
0.0
0.0
0.0
25.0
0.0
0.0
0.0
140.0
0.0
0.0
0.0
0.0
0.0
290.0
48.0
0.0
0.0
0.0
0.0
0.0
36.0
38.0
0.0
0.0
279.0
51.0
0.0
0.0
0.0
0.0
112.0
0.0
0.0
0.0
71.0
0.0
0.0
0.0
0.0
0.0
526.0
86.0
0.0
25.0
0.0
0.0
0.0
0.0
10.0
0.0
290.0
0.0
254.0
0.0
0.0
0.0
0.0
0.0
0.0
0.0
0.0
330.0
0.0
0.0
0.0
0.0
0.0
0.0
0.0
0.0
0.0
0.0
38.0
0.0
76.0
0.0
0.0
0.0
0.0
0.0
0.0
0.0
0.0
0.0
0.0
0.0
0.0
0.0
0.0
0.0
0.0
140.0
0.0
0.0
0.0
0.0
0.0
0.0
0.0
0.0
0.0
0.0
0.0
0.0
0.0
0.0
279.0
0.0
0.0
0.0
0.0
0.0
0.0
0.0
0.0
0.0
0.0
0.0
0.0
25.0
0.0
0.0
0.0
0.0
0.0
0.0
0.0
0.0
305.0
0.0
279.0
0.0
0.0
0.0
0.0
0.0
20.0
0.0
0.0
0.0
71.0
38.0
0.0
51.0
0.0
0.0
0.0
51.0
152.0
0.0
13.0
0.0
38.0
0.0
0.0
0.0
0.0
0.0
38.0
38.0
0.0
NaN
NaN
NaN
NaN
NaN
NaN
NaN
NaN
NaN
NaN
NaN
NaN
NaN
NaN
NaN
NaN
NaN
NaN
NaN
NaN
NaN
NaN
NaN
NaN
NaN
NaN
114.0
0.0
0.0
221.0
0.0
0.0
0.0
0.0
NaN
25.0
0.0
0.0
NaN
NaN
NaN
0.0
0.0
0.0
NaN
NaN
0.0
0.0
0.0
0.0
0.0
0.0
0.0
0.0
NaN
NaN
0.0
0.0
0.0
0.0
0.0
0.0
0.0
0.0
0.0
0.0
0.0
0.0
0.0
0.0
0.0
0.0
0.0
0.0
0.0
0.0
0.0
0.0
0.0
0.0
0.0
0.0
0.0
0.0
0.0
0.0
0.0
0.0
0.0
0.0
0.0
0.0
0.0
0.0
0.0
61.0
0.0
0.0
114.0
0.0
0.0
373.0
0.0
0.0
0.0
0.0
25.0
0.0
0.0
165.0
135.0
0.0
0.0
0.0
0.0
0.0
0.0
0.0
0.0
0.0
0.0
119.0
64.0
178.0
0.0
0.0
38.0
114.0
0.0
13.0
142.0
0.0
0.0
0.0
0.0
89.0
0.0
13.0
0.0
0.0
0.0
76.0
64.0
51.0
0.0
0.0
0.0
64.0
0.0
0.0
0.0
0.0
76.0
0.0
0.0
132.0
43.0
0.0
0.0
0.0
0.0
64.0
356.0
0.0
0.0
13.0
38.0
0.0
366.0
0.0
0.0
0.0
0.0
0.0
0.0
0.0
0.0
0.0
0.0
0.0
0.0
0.0
0.0
0.0
0.0
41.0
0.0
0.0
0.0
64.0
0.0
0.0
0.0
0.0
0.0
0.0
0.0
0.0
107.0
0.0
0.0
0.0
0.0
203.0
0.0
36.0
0.0
0.0
0.0
0.0
0.0
0.0
0.0
206.0
0.0
0.0
0.0
0.0
0.0
0.0
28.0
0.0
0.0
0.0
13.0
0.0
178.0
0.0
0.0
0.0
76.0
0.0
0.0
394.0
0.0
0.0
13.0
0.0
0.0
38.0
0.0
0.0
38.0
0.0
0.0
0.0
0.0
0.0
0.0
102.0
191.0
38.0
183.0
0.0
0.0
0.0
0.0
0.0
0.0
0.0
0.0
114.0
0.0
89.0
0.0
305.0
64.0
0.0
0.0
0.0
0.0
0.0
0.0
0.0
0.0
0.0
0.0
0.0
0.0
0.0
0.0
0.0
25.0
41.0
5.0
0.0
191.0
0.0
0.0
0.0
0.0
0.0
0.0
0.0
0.0
345.0
0.0
56.0
8.0
0.0
0.0
0.0
0.0
13.0
0.0
0.0
0.0
0.0
0.0
0.0
0.0
0.0
0.0
0.0
0.0
0.0
0.0
0.0
0.0
0.0
0.0
0.0
41.0
0.0
0.0
0.0
0.0
191.0
25.0
0.0
64.0
0.0
0.0
30.0
0.0
0.0
0.0
0.0
25.0
25.0
0.0
0.0
0.0
0.0
0.0
0.0
114.0
0.0
0.0
25.0
0.0
25.0
0.0
0.0
0.0
0.0
64.0
0.0
0.0
0.0
0.0
0.0
0.0
0.0
0.0
0.0
0.0
0.0
0.0
0.0
0.0
0.0
0.0
0.0
0.0
0.0
0.0
0.0
178.0
51.0
0.0
51.0
0.0
0.0
0.0
0.0
0.0
0.0
0.0
0.0
0.0
0.0
0.0
0.0
0.0
0.0
NaN
140.0
0.0
0.0
0.0
0.0
0.0
0.0
0.0
127.0
0.0
0.0
0.0
0.0
0.0
0.0
0.0
0.0
74.0
165.0
0.0
0.0
0.0
0.0
25.0
0.0
13.0
0.0
0.0
102.0
64.0
0.0
0.0
NaN
0.0
38.0
254.0
0.0
0.0
0.0
0.0
0.0
0.0
0.0
0.0
0.0
0.0
76.0
13.0
0.0
0.0
0.0
0.0
0.0
0.0
0.0
13.0
0.0
0.0
0.0
51.0
0.0
0.0
0.0
152.0
0.0
0.0
279.0
0.0
0.0
13.0
0.0
0.0
30.0
0.0
0.0
0.0
140.0
0.0
0.0
56.0
0.0
0.0
64.0
0.0
0.0
279.0
0.0
0.0
0.0
84.0
0.0
0.0
0.0
51.0
58.0
0.0
119.0
0.0
0.0
241.0
0.0
0.0
0.0
0.0
25.0
0.0
0.0
0.0
0.0
0.0
0.0
0.0
160.0
0.0
0.0
0.0
25.0
0.0
0.0
0.0
0.0
234.0
102.0
5.0
0.0
0.0
0.0
0.0
0.0
203.0
0.0
0.0
13.0
25.0
25.0
25.0
0.0
0.0
0.0
28.0
64.0
0.0
0.0
0.0
15.0
51.0
0.0
0.0
0.0
0.0
0.0
0.0
0.0
0.0
0.0
0.0
0.0
406.0
0.0
0.0
0.0
0.0
0.0
0.0
0.0
0.0
0.0
13.0
0.0
5.0
43.0
0.0
0.0
0.0
20.0
0.0
0.0
10.0
0.0
0.0
0.0
0.0
0.0
97.0
0.0
0.0
0.0
0.0
0.0
0.0
0.0
0.0
142.0
218.0
0.0
0.0
0.0
51.0
0.0
0.0
0.0
498.0
109.0
58.0
25.0
0.0
0.0
0.0
0.0
0.0
0.0
0.0
NaN
371.0
0.0
0.0
0.0
0.0
0.0
0.0
0.0
0.0
0.0
0.0
0.0
0.0
0.0
0.0
0.0
229.0
0.0
58.0
0.0
0.0
0.0
0.0
0.0
0.0
0.0
NaN
0.0
NaN
NaN
NaN
NaN
NaN
NaN
NaN
NaN
NaN
NaN
NaN
NaN
NaN
NaN
NaN
NaN
NaN
NaN
NaN
NaN
NaN
NaN
NaN
NaN
119.0
NaN
NaN
NaN
NaN
NaN
NaN
0.0
0.0
0.0
0.0
0.0
56.0
0.0
0.0
0.0
5.0
36.0
0.0
0.0
0.0
0.0
0.0
0.0
0.0
NaN
0.0
0.0
0.0
0.0
0.0
0.0
0.0
NaN
0.0
0.0
NaN
0.0
NaN
13.0
0.0
0.0
0.0
0.0
0.0
0.0
0.0
0.0
0.0
0.0
0.0
0.0
0.0
0.0
127.0
38.0
0.0
0.0
0.0
0.0
0.0
0.0
0.0
0.0
0.0
0.0
0.0
0.0
NaN
NaN
NaN
NaN
NaN
NaN
NaN
NaN
NaN
NaN
NaN
NaN
NaN
NaN
NaN
NaN
NaN
NaN
NaN
NaN
NaN
NaN
NaN
NaN
NaN
NaN
NaN
NaN
NaN
NaN
25.0
0.0
0.0
38.0
64.0
0.0
13.0
0.0
0.0
NaN
0.0
0.0
NaN
0.0
0.0
0.0
0.0
0.0
0.0
0.0
0.0
0.0
0.0
0.0
NaN
0.0
0.0
0.0
0.0
0.0
0.0
0.0
NaN
NaN
0.0
0.0
0.0
38.0
0.0
0.0
0.0
38.0
0.0
0.0
0.0
0.0
0.0
0.0
76.0
0.0
0.0
0.0
0.0
0.0
0.0
102.0
58.0
0.0
0.0
0.0
0.0
0.0
33.0
76.0
102.0
0.0
0.0
51.0
0.0
0.0
0.0
0.0
0.0
0.0
0.0
102.0
0.0
0.0
38.0
0.0
76.0
0.0
0.0
0.0
0.0
0.0
0.0
0.0
0.0
0.0
356.0
0.0
0.0
0.0
432.0
0.0
13.0
140.0
170.0
0.0
229.0
64.0
0.0
0.0
0.0
0.0
0.0
0.0
0.0
89.0
0.0
0.0
0.0
0.0
0.0
0.0
0.0
0.0
33.0
0.0
0.0
0.0
0.0
0.0
0.0
0.0
0.0
25.0
0.0
216.0
64.0
0.0
0.0
0.0
0.0
0.0
0.0
0.0
0.0
0.0
0.0
0.0
0.0
0.0
0.0
20.0
0.0
0.0
76.0
114.0
0.0
0.0
0.0
0.0
NaN
NaN
127.0
NaN
0.0
0.0
0.0
0.0
0.0
0.0
0.0
33.0
0.0
0.0
0.0
0.0
0.0
0.0
0.0
0.0
0.0
0.0
0.0
0.0
0.0
0.0
0.0
89.0
147.0
8.0
102.0
33.0
0.0
0.0
25.0
38.0
0.0
0.0
0.0
0.0
0.0
0.0
0.0
0.0
0.0
0.0
0.0
0.0
0.0
0.0
0.0
0.0
0.0
13.0
0.0
0.0
13.0
0.0
0.0
0.0
0.0
0.0
0.0
0.0
0.0
0.0
0.0
0.0
0.0
0.0
0.0
102.0
97.0
203.0
0.0
0.0
0.0
0.0
0.0
0.0
53.0
0.0
0.0
0.0
0.0
0.0
38.0
13.0
0.0
0.0
0.0
0.0
36.0
0.0
0.0
0.0
0.0
0.0
0.0
0.0
46.0
0.0
25.0
38.0
0.0
0.0
0.0
0.0
0.0
0.0
0.0
15.0
0.0
99.0
0.0
0.0
0.0
25.0
0.0
0.0
0.0
279.0
25.0
584.0
69.0
0.0
0.0
0.0
0.0
0.0
0.0
0.0
0.0
0.0
0.0
0.0
0.0
152.0
41.0
0.0
0.0
0.0
89.0
0.0
0.0
0.0
0.0
0.0
0.0
0.0
0.0
0.0
0.0
0.0
0.0
0.0
0.0
0.0
0.0
244.0
89.0
0.0
0.0
127.0
NaN
0.0
0.0
0.0
0.0
0.0
0.0
0.0
0.0
0.0
0.0
0.0
0.0
0.0
0.0
0.0
NaN
0.0
0.0
0.0
0.0
152.0
0.0
0.0
0.0
NaN
0.0
0.0
0.0
0.0
0.0
0.0
25.0
102.0
0.0
0.0
0.0
0.0
0.0
0.0
0.0
NaN
0.0
102.0
0.0
0.0
0.0
0.0
NaN
NaN
NaN
NaN
NaN
NaN
NaN
NaN
NaN
NaN
NaN
NaN
NaN
NaN
NaN
NaN
NaN
NaN
NaN
NaN
NaN
NaN
NaN
NaN
NaN
NaN
NaN
NaN
NaN
NaN
NaN
NaN
NaN
NaN
NaN
NaN
NaN
NaN
NaN
NaN
NaN
NaN
NaN
NaN
NaN
NaN
NaN
NaN
NaN
NaN
NaN
NaN
NaN
NaN
NaN
NaN
NaN
NaN
NaN
NaN
NaN
NaN
NaN
NaN
NaN
NaN
NaN
NaN
NaN
NaN
NaN
NaN
NaN
NaN
NaN
NaN
NaN
NaN
NaN
NaN
NaN
NaN
NaN
NaN
NaN
NaN
NaN
NaN
NaN
NaN
NaN
NaN
NaN
NaN
NaN
NaN
NaN
NaN
NaN
NaN
NaN
NaN
NaN
NaN
NaN
NaN
NaN
NaN
NaN
NaN
NaN
NaN
NaN
NaN
NaN
NaN
NaN
NaN
NaN
NaN
NaN
NaN
NaN
NaN
NaN
NaN
NaN
NaN
NaN
NaN
NaN
NaN
NaN
NaN
NaN
NaN
NaN
NaN
NaN
NaN
NaN
NaN
NaN
NaN
NaN
NaN
NaN
NaN
NaN
NaN
NaN
NaN
NaN
NaN
NaN
NaN
NaN
NaN
NaN
NaN
NaN
NaN
NaN
NaN
NaN
NaN
NaN
NaN
NaN
NaN
NaN
NaN
NaN
NaN
NaN
NaN
NaN
NaN
NaN
NaN
NaN
NaN
NaN
NaN
NaN
NaN
NaN
NaN
NaN
NaN
NaN
NaN
NaN
NaN
NaN
NaN
NaN
NaN
NaN
NaN
NaN
NaN
NaN
NaN
NaN
NaN
NaN
NaN
NaN
NaN
NaN
NaN
NaN
NaN
NaN
NaN
NaN
NaN
NaN
NaN
NaN
NaN
NaN
NaN
NaN
NaN
NaN
NaN
NaN
NaN
NaN
NaN
NaN
NaN
NaN
NaN
NaN
NaN
NaN
NaN
NaN
NaN
NaN
NaN
NaN
NaN
NaN
NaN
NaN
NaN
NaN
NaN
NaN
NaN
NaN
NaN
NaN
NaN
NaN
NaN
NaN
NaN
NaN
NaN
NaN
NaN
NaN
NaN
NaN
NaN
NaN
NaN
NaN
NaN
NaN
