30.0
0.0
0.0
NaN
NaN
NaN
NaN
NaN
NaN
NaN
NaN
107.0
0.0
0.0
5.0
0.0
0.0
0.0
79.0
160.0
0.0
0.0
0.0
0.0
0.0
0.0
117.0
0.0
0.0
0.0
0.0
0.0
0.0
0.0
0.0
0.0
0.0
33.0
74.0
0.0
0.0
8.0
0.0
0.0
0.0
0.0
0.0
145.0
0.0
0.0
5.0
94.0
0.0
0.0
135.0
5.0
0.0
0.0
0.0
5.0
0.0
0.0
18.0
0.0
20.0
0.0
0.0
74.0
0.0
38.0
15.0
0.0
0.0
157.0
0.0
0.0
0.0
0.0
8.0
0.0
0.0
0.0
5.0
79.0
0.0
0.0
0.0
411.0
56.0
0.0
0.0
0.0
0.0
0.0
0.0
0.0
168.0
0.0
0.0
0.0
0.0
0.0
53.0
91.0
0.0
132.0
48.0
0.0
160.0
10.0
0.0
0.0
409.0
0.0
0.0
183.0
180.0
295.0
0.0
0.0
0.0
0.0
0.0
0.0
8.0
0.0
391.0
48.0
0.0
0.0
0.0
0.0
264.0
NaN
NaN
NaN
NaN
NaN
NaN
NaN
NaN
NaN
NaN
NaN
0.0
0.0
15.0
0.0
0.0
20.0
28.0
10.0
0.0
8.0
0.0
0.0
495.0
0.0
226.0
25.0
23.0
13.0
0.0
0.0
0.0
0.0
0.0
0.0
0.0
69.0
0.0
0.0
0.0
0.0
8.0
279.0
76.0
0.0
18.0
0.0
0.0
0.0
0.0
0.0
0.0
0.0
0.0
0.0
0.0
0.0
0.0
0.0
0.0
66.0
94.0
28.0
0.0
0.0
69.0
0.0
0.0
0.0
0.0
0.0
41.0
69.0
5.0
185.0
269.0
211.0
0.0
0.0
0.0
0.0
0.0
0.0
0.0
953.0
61.0
0.0
0.0
0.0
0.0
0.0
0.0
0.0
0.0
0.0
66.0
0.0
30.0
0.0
0.0
0.0
0.0
0.0
5.0
3.0
0.0
0.0
0.0
0.0
0.0
0.0
0.0
0.0
18.0
0.0
0.0
0.0
0.0
320.0
0.0
117.0
224.0
0.0
107.0
0.0
0.0
0.0
0.0
0.0
0.0
0.0
0.0
0.0
0.0
0.0
0.0
8.0
241.0
0.0
0.0
0.0
0.0
0.0
0.0
0.0
0.0
0.0
0.0
0.0
0.0
0.0
0.0
119.0
109.0
64.0
0.0
0.0
18.0
0.0
0.0
46.0
0.0
23.0
0.0
0.0
0.0
0.0
0.0
0.0
38.0
36.0
0.0
0.0
20.0
0.0
0.0
0.0
0.0
0.0
0.0
0.0
0.0
0.0
0.0
51.0
0.0
20.0
0.0
0.0
0.0
0.0
0.0
0.0
0.0
0.0
0.0
0.0
0.0
0.0
28.0
0.0
114.0
142.0
0.0
0.0
0.0
0.0
0.0
28.0
0.0
0.0
0.0
0.0
180.0
0.0
0.0
0.0
48.0
46.0
10.0
0.0
0.0
0.0
0.0
0.0
0.0
0.0
41.0
343.0
0.0
0.0
0.0
0.0
0.0
0.0
0.0
0.0
0.0
0.0
0.0
0.0
0.0
0.0
13.0
15.0
0.0
0.0
185.0
0.0
0.0
0.0
0.0
0.0
0.0
0.0
0.0
0.0
0.0
0.0
0.0
0.0
0.0
0.0
74.0
0.0
0.0
0.0
0.0
0.0
0.0
0.0
0.0
0.0
378.0
10.0
51.0
0.0
58.0
13.0
254.0
0.0
25.0
41.0
0.0
10.0
25.0
13.0
15.0
0.0
0.0
0.0
0.0
0.0
124.0
0.0
0.0
0.0
3.0
132.0
175.0
0.0
0.0
0.0
10.0
0.0
0.0
0.0
0.0
0.0
0.0
152.0
56.0
0.0
46.0
36.0
79.0
48.0
5.0
66.0
74.0
0.0
0.0
0.0
140.0
46.0
53.0
0.0
272.0
56.0
927.0
5.0
0.0
0.0
0.0
0.0
0.0
0.0
0.0
36.0
0.0
0.0
0.0
0.0
117.0
56.0
84.0
15.0
0.0
0.0
0.0
0.0
15.0
0.0
0.0
0.0
28.0
0.0
25.0
0.0
0.0
0.0
0.0
0.0
76.0
0.0
0.0
0.0
0.0
0.0
0.0
0.0
0.0
0.0
0.0
0.0
0.0
991.0
0.0
0.0
0.0
0.0
0.0
48.0
0.0
0.0
38.0
0.0
0.0
0.0
0.0
0.0
0.0
0.0
0.0
0.0
0.0
0.0
0.0
0.0
43.0
8.0
0.0
0.0
61.0
0.0
0.0
0.0
307.0
53.0
64.0
58.0
0.0
0.0
0.0
0.0
79.0
0.0
0.0
0.0
0.0
0.0
0.0
0.0
69.0
262.0
51.0
0.0
0.0
0.0
0.0
0.0
0.0
0.0
28.0
150.0
0.0
51.0
0.0
0.0
0.0
0.0
0.0
0.0
0.0
0.0
0.0
0.0
0.0
124.0
168.0
0.0
0.0
0.0
0.0
0.0
61.0
71.0
343.0
0.0
226.0
15.0
157.0
0.0
0.0
0.0
0.0
0.0
0.0
69.0
114.0
185.0
0.0
0.0
0.0
0.0
0.0
0.0
13.0
0.0
0.0
0.0
0.0
0.0
0.0
0.0
0.0
0.0
0.0
0.0
0.0
0.0
0.0
0.0
0.0
0.0
10.0
0.0
0.0
0.0
0.0
132.0
58.0
0.0
8.0
58.0
135.0
257.0
8.0
0.0
0.0
3.0
0.0
36.0
0.0
0.0
0.0
0.0
0.0
8.0
180.0
94.0
0.0
66.0
279.0
0.0
0.0
0.0
0.0
0.0
43.0
0.0
0.0
0.0
0.0
0.0
0.0
0.0
0.0
0.0
0.0
0.0
0.0
0.0
15.0
0.0
0.0
0.0
0.0
0.0
0.0
0.0
NaN
NaN
NaN
NaN
NaN
NaN
NaN
NaN
NaN
NaN
NaN
NaN
NaN
0.0
0.0
0.0
160.0
356.0
165.0
0.0
0.0
0.0
0.0
0.0
0.0
0.0
0.0
0.0
48.0
0.0
0.0
0.0
0.0
0.0
0.0
0.0
56.0
234.0
0.0
0.0
0.0
0.0
0.0
104.0
28.0
0.0
13.0
0.0
132.0
0.0
0.0
0.0
0.0
0.0
234.0
13.0
0.0
5.0
0.0
0.0
0.0
114.0
0.0
0.0
38.0
33.0
0.0
0.0
0.0
0.0
249.0
112.0
0.0
0.0
89.0
10.0
0.0
0.0
0.0
0.0
0.0
0.0
0.0
NaN
51.0
180.0
0.0
0.0
15.0
157.0
0.0
0.0
0.0
0.0
0.0
112.0
272.0
0.0
0.0
0.0
0.0
264.0
0.0
5.0
432.0
0.0
183.0
0.0
0.0
0.0
0.0
0.0
203.0
488.0
71.0
234.0
0.0
38.0
559.0
485.0
58.0
0.0
18.0
170.0
76.0
0.0
0.0
0.0
0.0
0.0
43.0
122.0
0.0
0.0
645.0
0.0
0.0
0.0
0.0
0.0
0.0
0.0
33.0
43.0
0.0
0.0
0.0
0.0
46.0
559.0
99.0
0.0
33.0
38.0
0.0
0.0
0.0
0.0
0.0
0.0
0.0
0.0
5.0
13.0
0.0
0.0
0.0
0.0
0.0
0.0
0.0
0.0
0.0
0.0
0.0
0.0
0.0
13.0
0.0
188.0
0.0
0.0
0.0
0.0
0.0
0.0
0.0
13.0
0.0
0.0
0.0
0.0
0.0
0.0
89.0
102.0
0.0
0.0
0.0
0.0
0.0
0.0
0.0
0.0
0.0
0.0
0.0
0.0
0.0
0.0
150.0
0.0
0.0
38.0
0.0
0.0
15.0
208.0
76.0
0.0
0.0
0.0
23.0
0.0
0.0
0.0
0.0
0.0
0.0
0.0
0.0
0.0
0.0
0.0
0.0
0.0
0.0
46.0
0.0
0.0
0.0
0.0
0.0
0.0
5.0
46.0
0.0
234.0
0.0
71.0
130.0
0.0
0.0
0.0
0.0
0.0
15.0
0.0
0.0
0.0
0.0
5.0
0.0
0.0
89.0
0.0
23.0
0.0
0.0
0.0
0.0
0.0
38.0
0.0
0.0
0.0
0.0
0.0
71.0
0.0
0.0
0.0
0.0
0.0
140.0
137.0
0.0
0.0
114.0
51.0
8.0
0.0
0.0
0.0
15.0
0.0
0.0
0.0
0.0
0.0
43.0
0.0
0.0
0.0
0.0
28.0
0.0
0.0
0.0
58.0
0.0
41.0
0.0
0.0
0.0
5.0
0.0
0.0
0.0
0.0
0.0
0.0
0.0
0.0
0.0
0.0
0.0
0.0
0.0
0.0
0.0
0.0
0.0
0.0
0.0
0.0
0.0
0.0
107.0
193.0
41.0
0.0
8.0
0.0
0.0
91.0
0.0
0.0
0.0
0.0
53.0
0.0
0.0
28.0
46.0
0.0
71.0
0.0
0.0
0.0
0.0
0.0
0.0
NaN
NaN
NaN
NaN
NaN
NaN
NaN
NaN
NaN
NaN
NaN
NaN
NaN
NaN
0.0
0.0
0.0
8.0
0.0
0.0
58.0
0.0
0.0
30.0
0.0
0.0
13.0
0.0
0.0
30.0
46.0
0.0
0.0
0.0
89.0
NaN
NaN
NaN
0.0
0.0
0.0
0.0
58.0
58.0
0.0
0.0
0.0
0.0
0.0
38.0
0.0
0.0
28.0
0.0
0.0
0.0
0.0
0.0
0.0
0.0
193.0
0.0
0.0
0.0
0.0
0.0
74.0
58.0
104.0
0.0
0.0
0.0
0.0
13.0
0.0
0.0
231.0
0.0
0.0
0.0
0.0
0.0
0.0
107.0
0.0
71.0
0.0
5.0
0.0
0.0
0.0
0.0
0.0
0.0
0.0
71.0
0.0
0.0
94.0
8.0
0.0
0.0
0.0
53.0
58.0
0.0
0.0
0.0
0.0
56.0
61.0
0.0
0.0
168.0
0.0
104.0
0.0
130.0
0.0
447.0
0.0
0.0
0.0
28.0
0.0
0.0
91.0
0.0
84.0
0.0
0.0
0.0
0.0
48.0
0.0
0.0
0.0
38.0
0.0
0.0
0.0
0.0
117.0
13.0
0.0
0.0
117.0
0.0
0.0
0.0
99.0
231.0
0.0
460.0
0.0
0.0
0.0
0.0
249.0
0.0
0.0
0.0
0.0
0.0
0.0
178.0
0.0
0.0
0.0
0.0
0.0
0.0
0.0
0.0
0.0
0.0
0.0
0.0
74.0
450.0
0.0
0.0
0.0
0.0
0.0
0.0
0.0
102.0
53.0
0.0
69.0
0.0
0.0
0.0
0.0
0.0
0.0
25.0
74.0
0.0
0.0
0.0
0.0
124.0
28.0
0.0
10.0
8.0
0.0
0.0
0.0
0.0
0.0
0.0
0.0
5.0
0.0
0.0
0.0
0.0
0.0
0.0
0.0
0.0
0.0
0.0
0.0
0.0
0.0
0.0
0.0
84.0
1781.0
208.0
0.0
0.0
0.0
0.0
0.0
0.0
0.0
0.0
0.0
10.0
0.0
0.0
13.0
0.0
0.0
0.0
0.0
0.0
0.0
84.0
8.0
0.0
0.0
325.0
0.0
0.0
0.0
0.0
0.0
0.0
8.0
0.0
0.0
0.0
0.0
0.0
0.0
201.0
0.0
0.0
0.0
318.0
0.0
0.0
0.0
0.0
0.0
0.0
0.0
0.0
0.0
0.0
0.0
33.0
0.0
28.0
0.0
0.0
0.0
0.0
64.0
0.0
0.0
102.0
0.0
0.0
0.0
0.0
0.0
10.0
5.0
0.0
0.0
30.0
15.0
0.0
597.0
89.0
0.0
0.0
0.0
0.0
208.0
0.0
0.0
107.0
0.0
0.0
0.0
0.0
0.0
0.0
23.0
0.0
0.0
0.0
0.0
8.0
53.0
5.0
0.0
0.0
18.0
0.0
0.0
0.0
13.0
8.0
0.0
0.0
0.0
0.0
13.0
0.0
0.0
0.0
0.0
277.0
0.0
0.0
0.0
0.0
15.0
378.0
216.0
0.0
0.0
0.0
0.0
0.0
0.0
0.0
0.0
0.0
0.0
0.0
135.0
142.0
0.0
0.0
0.0
0.0
0.0
0.0
0.0
71.0
53.0
0.0
13.0
0.0
0.0
0.0
0.0
124.0
0.0
0.0
53.0
33.0
23.0
0.0
0.0
0.0
0.0
0.0
0.0
0.0
0.0
0.0
0.0
0.0
8.0
0.0
0.0
0.0
10.0
0.0
0.0
0.0
0.0
0.0
0.0
13.0
0.0
46.0
320.0
0.0
0.0
0.0
0.0
0.0
0.0
0.0
0.0
10.0
0.0
46.0
8.0
0.0
0.0
38.0
0.0
0.0
0.0
8.0
10.0
267.0
0.0
104.0
0.0
74.0
10.0
0.0
0.0
0.0
0.0
0.0
0.0
0.0
0.0
0.0
5.0
0.0
0.0
0.0
0.0
0.0
0.0
0.0
0.0
0.0
0.0
13.0
0.0
61.0
0.0
91.0
0.0
0.0
0.0
0.0
99.0
99.0
15.0
0.0
0.0
0.0
0.0
0.0
0.0
0.0
0.0
257.0
0.0
56.0
157.0
41.0
0.0
0.0
0.0
53.0
0.0
0.0
0.0
0.0
198.0
155.0
23.0
25.0
38.0
0.0
15.0
43.0
30.0
0.0
0.0
0.0
0.0
0.0
0.0
0.0
0.0
5.0
218.0
5.0
51.0
0.0
0.0
23.0
165.0
0.0
0.0
0.0
0.0
46.0
0.0
0.0
0.0
0.0
0.0
0.0
0.0
0.0
0.0
0.0
46.0
56.0
18.0
216.0
0.0
0.0
940.0
18.0
5.0
107.0
0.0
0.0
0.0
0.0
0.0
0.0
0.0
0.0
0.0
109.0
0.0
0.0
58.0
13.0
0.0
0.0
0.0
97.0
234.0
0.0
0.0
0.0
0.0
NaN
NaN
NaN
NaN
NaN
NaN
NaN
NaN
NaN
NaN
0.0
0.0
0.0
48.0
0.0
69.0
201.0
0.0
0.0
38.0
28.0
267.0
23.0
0.0
79.0
0.0
0.0
0.0
0.0
0.0
0.0
0.0
0.0
0.0
0.0
0.0
0.0
0.0
0.0
0.0
0.0
0.0
0.0
0.0
0.0
0.0
0.0
0.0
0.0
0.0
0.0
0.0
0.0
0.0
0.0
0.0
0.0
0.0
0.0
0.0
0.0
0.0
0.0
0.0
0.0
58.0
0.0
0.0
5.0
193.0
13.0
97.0
0.0
686.0
249.0
5.0
0.0
0.0
0.0
147.0
0.0
0.0
0.0
226.0
5.0
0.0
0.0
114.0
185.0
5.0
0.0
264.0
8.0
0.0
0.0
0.0
0.0
0.0
13.0
155.0
0.0
0.0
0.0
0.0
5.0
5.0
84.0
0.0
0.0
28.0
0.0
64.0
251.0
0.0
0.0
NaN
NaN
NaN
79.0
0.0
0.0
0.0
0.0
76.0
457.0
48.0
0.0
NaN
NaN
NaN
0.0
0.0
0.0
0.0
0.0
0.0
0.0
0.0
0.0
0.0
0.0
0.0
0.0
0.0
0.0
0.0
0.0
0.0
0.0
13.0
262.0
99.0
363.0
165.0
0.0
28.0
0.0
0.0
0.0
262.0
89.0
358.0
107.0
0.0
53.0
0.0
0.0
0.0
0.0
0.0
8.0
30.0
0.0
0.0
0.0
0.0
0.0
13.0
107.0
0.0
0.0
0.0
0.0
0.0
0.0
0.0
66.0
69.0
48.0
0.0
0.0
0.0
203.0
5.0
48.0
0.0
0.0
0.0
0.0
58.0
28.0
0.0
0.0
0.0
0.0
0.0
0.0
8.0
13.0
0.0
0.0
5.0
0.0
0.0
5.0
0.0
0.0
0.0
5.0
0.0
0.0
0.0
0.0
0.0
0.0
0.0
0.0
0.0
0.0
0.0
246.0
48.0
84.0
48.0
0.0
0.0
0.0
0.0
0.0
0.0
20.0
0.0
0.0
0.0
0.0
13.0
0.0
0.0
0.0
0.0
53.0
229.0
0.0
0.0
0.0
0.0
0.0
0.0
0.0
0.0
81.0
0.0
0.0
0.0
66.0
0.0
0.0
18.0
0.0
0.0
0.0
0.0
0.0
0.0
0.0
0.0
0.0
0.0
0.0
0.0
262.0
0.0
8.0
18.0
0.0
0.0
0.0
5.0
262.0
0.0
0.0
0.0
0.0
0.0
0.0
0.0
0.0
0.0
43.0
0.0
0.0
8.0
20.0
0.0
0.0
0.0
0.0
18.0
20.0
0.0
56.0
0.0
8.0
124.0
0.0
0.0
0.0
0.0
0.0
0.0
0.0
0.0
48.0
0.0
0.0
0.0
0.0
0.0
0.0
0.0
58.0
0.0
0.0
0.0
0.0
0.0
0.0
0.0
0.0
0.0
0.0
124.0
69.0
43.0
79.0
18.0
0.0
0.0
124.0
0.0
0.0
NaN
NaN
NaN
NaN
NaN
NaN
NaN
NaN
0.0
0.0
0.0
0.0
0.0
0.0
132.0
76.0
25.0
0.0
0.0
0.0
0.0
0.0
0.0
132.0
69.0
30.0
0.0
0.0
94.0
0.0
0.0
0.0
0.0
0.0
0.0
0.0
0.0
0.0
0.0
0.0
0.0
0.0
0.0
0.0
0.0
0.0
0.0
0.0
0.0
18.0
0.0
0.0
0.0
0.0
0.0
76.0
0.0
0.0
0.0
38.0
0.0
114.0
0.0
0.0
0.0
13.0
0.0
394.0
0.0
0.0
183.0
0.0
0.0
0.0
0.0
0.0
0.0
0.0
0.0
0.0
0.0
0.0
0.0
0.0
0.0
0.0
0.0
0.0
0.0
0.0
386.0
0.0
NaN
0.0
0.0
0.0
NaN
0.0
0.0
0.0
0.0
356.0
0.0
0.0
0.0
0.0
0.0
84.0
0.0
5.0
0.0
0.0
0.0
0.0
0.0
0.0
114.0
0.0
0.0
0.0
0.0
0.0
0.0
0.0
0.0
0.0
0.0
0.0
81.0
NaN
NaN
0.0
13.0
0.0
0.0
38.0
0.0
0.0
0.0
127.0
0.0
0.0
0.0
20.0
0.0
584.0
0.0
0.0
0.0
0.0
0.0
0.0
0.0
0.0
0.0
0.0
53.0
NaN
0.0
53.0
249.0
0.0
48.0
0.0
0.0
38.0
0.0
0.0
0.0
0.0
0.0
0.0
0.0
61.0
0.0
30.0
NaN
NaN
NaN
NaN
NaN
NaN
NaN
NaN
NaN
NaN
NaN
0.0
0.0
0.0
0.0
338.0
0.0
0.0
0.0
0.0
0.0
0.0
0.0
0.0
0.0
0.0
0.0
0.0
0.0
38.0
0.0
0.0
0.0
3.0
79.0
0.0
0.0
0.0
0.0
0.0
0.0
0.0
0.0
0.0
0.0
0.0
0.0
0.0
0.0
0.0
0.0
5.0
122.0
145.0
312.0
79.0
25.0
89.0
0.0
0.0
0.0
0.0
0.0
0.0
0.0
0.0
30.0
51.0
0.0
0.0
0.0
0.0
0.0
58.0
0.0
0.0
38.0
0.0
0.0
183.0
0.0
0.0
241.0
564.0
0.0
0.0
0.0
0.0
0.0
0.0
0.0
0.0
0.0
178.0
0.0
25.0
0.0
0.0
0.0
0.0
0.0
8.0
51.0
0.0
0.0
38.0
64.0
241.0
0.0
0.0
25.0
0.0
0.0
0.0
0.0
0.0
0.0
198.0
0.0
25.0
28.0
0.0
114.0
0.0
33.0
0.0
0.0
0.0
0.0
0.0
0.0
191.0
0.0
0.0
0.0
0.0
0.0
30.0
99.0
114.0
0.0
0.0
0.0
0.0
53.0
0.0
0.0
0.0
38.0
0.0
0.0
0.0
0.0
0.0
0.0
104.0
33.0
0.0
0.0
0.0
25.0
13.0
0.0
0.0
97.0
0.0
0.0
0.0
0.0
0.0
5.0
5.0
0.0
0.0
0.0
0.0
0.0
178.0
66.0
0.0
241.0
0.0
0.0
0.0
0.0
0.0
0.0
0.0
91.0
NaN
NaN
NaN
NaN
NaN
NaN
NaN
NaN
NaN
NaN
0.0
0.0
0.0
0.0
0.0
NaN
NaN
NaN
NaN
NaN
NaN
NaN
0.0
0.0
0.0
0.0
0.0
538.0
0.0
97.0
NaN
NaN
NaN
NaN
NaN
NaN
0.0
216.0
216.0
0.0
0.0
NaN
NaN
NaN
NaN
NaN
NaN
5.0
0.0
0.0
0.0
0.0
64.0
28.0
0.0
0.0
0.0
0.0
173.0
0.0
0.0
0.0
51.0
0.0
0.0
0.0
0.0
0.0
0.0
0.0
13.0
0.0
0.0
0.0
0.0
0.0
0.0
0.0
0.0
0.0
0.0
0.0
0.0
0.0
0.0
0.0
0.0
503.0
0.0
0.0
0.0
0.0
51.0
0.0
0.0
0.0
165.0
28.0
206.0
0.0
0.0
0.0
0.0
0.0
0.0
0.0
0.0
0.0
38.0
0.0
0.0
0.0
84.0
0.0
5.0
3.0
53.0
211.0
0.0
0.0
0.0
0.0
0.0
0.0
0.0
0.0
0.0
0.0
0.0
0.0
0.0
84.0
NaN
NaN
NaN
NaN
NaN
0.0
0.0
0.0
0.0
0.0
13.0
71.0
38.0
0.0
0.0
0.0
0.0
0.0
0.0
0.0
234.0
130.0
0.0
0.0
0.0
0.0
0.0
0.0
0.0
0.0
231.0
