29.9096774194
32.1225806452
25.4321428571
21.1310344828
12.8
-2.91538461538
1.83448275862
7.176
19.0333333333
20.8481481481
19.7566666667
28.3733333333
31.5870967742
30.61
27.8592592593
22.2033333333
13.5642857143
7.68333333333
8.07407407407
6.18888888889
16.1233333333
17.9692307692
21.8612903226
30.2068965517
29.1516129032
28.6387096774
26.7586206897
15.164516129
8.18
3.06451612903
0.793548387097
2.62413793103
1.1
15.53
21.35
25.22
28.6322580645
27.5612903226
19.1666666667
16.2451612903
12.6066666667
6.16129032258
5.49677419355
-1.275
6.59032258065
17.9266666667
21.9
27.0966666667
30.0741935484
31.9935483871
23.87
16.4451612903
15.0896551724
-0.477419354839
6.51612903226
5.08214285714
12.0129032258
16.51
21.8666666667
27.92
32.1633333333
30.7225806452
28.1413793103
20.8903225806
16.5366666667
0.409677419355
3.23548387097
6.25357142857
3.33
19.3533333333
18.6032258065
23.0533333333
28.2064516129
27.435483871
23.4448275862
21.0193548387
12.9266666667
6.94193548387
1.69642857143
8.24482758621
15.9483870968
16.5533333333
22.0548387097
25.94
32.8483870968
28.6833333333
25.6310344828
16.7387096774
8.51666666667
1.38064516129
4.26774193548
7.95714285714
5.9935483871
14.2266666667
17.1161290323
26.0366666667
32.8935483871
29.2096774194
26.7033333333
17.4966666667
NaN
NaN
NaN
NaN
NaN
NaN
NaN
NaN
NaN
NaN
NaN
NaN
NaN
NaN
NaN
NaN
NaN
NaN
NaN
NaN
NaN
NaN
NaN
NaN
NaN
NaN
NaN
NaN
NaN
NaN
NaN
NaN
NaN
NaN
NaN
NaN
NaN
NaN
NaN
NaN
NaN
NaN
NaN
NaN
NaN
NaN
NaN
NaN
NaN
NaN
NaN
3.4
11.3129032258
13.1655172414
20.9870967742
27.4833333333
28.6225806452
31.5161290323
27.3
19.9387096774
5.83666666667
2.36451612903
7.54516129032
3.90714285714
8.18275862069
14.4833333333
20.0290322581
25.4266666667
30.5064516129
27.6096774194
23.9666666667
13.4517241379
12.23
4.97931034483
0.623333333333
6.97857142857
2.0064516129
15.0033333333
18.4225806452
26.91
29.6935483871
31.0870967742
23.2833333333
18.7419354839
13.292
1.02307692308
3.7935483871
9.63928571429
11.364516129
NaN
21.735483871
25.9033333333
31.0741935484
28.9566666667
24.87
10.1677419355
9.81379310345
3.74333333333
1.14333333333
7.32857142857
9.39032258065
15.4266666667
23.2709677419
25.4533333333
29.4096774194
29.7033333333
23.0142857143
18.8821428571
8.20740740741
NaN
3.99285714286
8.09166666667
6.95714285714
12.9068965517
20.9962962963
24.725
28.9275862069
25.4612903226
23.9793103448
20.1392857143
11.11
4.37692307692
NaN
NaN
NaN
NaN
NaN
NaN
NaN
NaN
NaN
NaN
NaN
NaN
NaN
NaN
NaN
NaN
NaN
NaN
NaN
NaN
NaN
NaN
NaN
NaN
-5.71333333333
NaN
7.98
19.66
17.3966666667
27.6266666667
32.79
29.1193548387
24.3310344828
15.2419354839
10.8931034483
5.98
7.65806451613
9.65
9.33666666667
16.04
20.8806451613
31.7366666667
33.1419354839
31.4322580645
28.85
18.85
9.79655172414
6.0
0.89
8.00689655172
6.24137931034
18.0068965517
22.4741935484
27.06
32.4225806452
31.6677419355
25.7866666667
14.8666666667
11.72
0.618518518519
6.82258064516
4.59230769231
12.1677419355
14.63
19.2967741935
32.2366666667
33.7193548387
30.1866666667
26.7633333333
22.1322580645
12.3037037037
9.40333333333
7.57741935484
8.55555555556
12.3413793103
17.69
27.9709677419
29.424137931
35.0
32.1903225806
24.54
21.5806451613
12.6321428571
4.73103448276
8.45357142857
7.9962962963
11.1666666667
NaN
NaN
23.6178571429
30.8612903226
28.5903225806
23.275862069
16.8793103448
6.34137931034
3.32258064516
1.27931034483
-3.51111111111
12.4814814815
16.425
24.9258064516
30.6964285714
35.5709677419
32.43
26.8586206897
17.6766666667
11.3730769231
4.75666666667
-4.62592592593
4.17407407407
7.70357142857
14.8133333333
21.5862068966
24.2037037037
32.2266666667
33.6870967742
28.2821428571
NaN
8.96
5.21724137931
6.39655172414
8.58148148148
12.2709677419
16.76
19.8548387097
28.3071428571
31.0967741935
31.9612903226
26.5517241379
21.5741935484
9.64333333333
6.57931034483
6.26451612903
1.29615384615
12.4620689655
18.3321428571
26.1387096774
27.8433333333
35.0451612903
31.42
27.9357142857
19.7483870968
13.8766666667
10.39
NaN
5.97037037037
12.3517241379
14.9785714286
24.1387096774
30.0566666667
34.1033333333
30.5677419355
26.5733333333
21.435483871
9.30357142857
6.98928571429
7.03333333333
7.91538461538
8.47407407407
15.09
24.2724137931
26.2533333333
31.1322580645
28.9866666667
25.062962963
15.2633333333
13.3482758621
7.58076923077
1.15555555556
1.884
8.16206896552
18.5678571429
18.9379310345
23.7892857143
31.0838709677
30.2516129032
23.1862068966
17.6806451613
11.6230769231
6.22333333333
6.11071428571
10.9538461538
8.71428571429
18.8
17.9133333333
25.43
32.8096774194
31.5935483871
25.3413793103
19.1
11.1433333333
6.59
3.54838709677
3.875
5.59310344828
12.62
23.2633333333
25.7517241379
29.4032258065
29.6064516129
25.04
20.38
9.24827586207
3.13870967742
3.99677419355
5.01923076923
12.1133333333
11.7642857143
20.33
21.7766666667
29.8032258065
28.6612903226
22.924137931
20.5870967742
11.04
1.01333333333
5.84193548387
8.62857142857
14.6066666667
20.7
18.175862069
27.9862068966
32.2580645161
28.9419354839
25.0413793103
14.5066666667
9.41071428571
8.97777777778
5.96129032258
4.09230769231
9.30322580645
14.57
20.6633333333
23.5137931034
31.6806451613
31.735483871
25.45
21.1266666667
4.84827586207
6.35
4.0
4.24285714286
7.14666666667
19.5733333333
21.4741935484
NaN
30.535483871
29.9032258065
27.9033333333
18.7516129032
7.12
3.52903225806
-6.59032258065
3.95925925926
8.52580645161
18.04
20.9225806452
25.5
31.0064516129
30.0935483871
24.1833333333
15.9096774194
16.2366666667
6.02258064516
2.72258064516
10.05
7.61612903226
14.13
17.4741935484
26.9133333333
28.8387096774
29.0612903226
22.1133333333
21.7580645161
9.26333333333
8.3935483871
3.72903225806
6.96071428571
8.04516129032
12.69
20.7322580645
21.61
28.8516129032
28.4483870968
21.7533333333
16.2419354839
10.3133333333
2.46774193548
5.07666666667
6.31724137931
5.18387096774
17.2633333333
20.7366666667
30.6633333333
31.0451612903
30.4741935484
27.0433333333
20.1548387097
6.88666666667
3.07419354839
8.48387096774
4.64642857143
12.5967741935
12.6366666667
18.7580645161
28.0833333333
30.3129032258
28.7225806452
27.0933333333
21.3290322581
12.5233333333
5.14193548387
6.62
14.675
6.02258064516
19.17
19.5516129032
27.54
33.335483871
29.6096774194
27.0866666667
16.5322580645
14.1133333333
7.45806451613
0.28064516129
1.21428571429
7.54193548387
16.5566666667
23.0612903226
24.1833333333
32.0129032258
30.5612903226
25.3233333333
20.0193548387
5.55333333333
3.0935483871
3.52903225806
3.06206896552
10.1709677419
13.38
22.3806451613
32.6066666667
30.3709677419
28.5064516129
26.9666666667
21.7032258065
7.63666666667
8.30322580645
0.92
11.0074074074
9.14193548387
10.5966666667
18.3733333333
25.7866666667
31.4483870968
29.2709677419
23.0933333333
15.4903225806
7.67
10.4451612903
6.22903225806
6.23214285714
2.67419354839
12.9666666667
25.1193548387
26.21
28.3214285714
31.5129032258
26.9724137931
20.864516129
11.4033333333
3.08387096774
3.01935483871
2.01428571429
8.06451612903
15.2933333333
20.1419354839
29.78
30.5548387097
31.0225806452
22.7366666667
16.0709677419
8.21333333333
8.51612903226
2.43870967742
1.28620689655
8.03571428571
17.54
22.0258064516
27.43
31.8322580645
30.2677419355
26.5
20.1322580645
11.0379310345
1.35483870968
4.51612903226
8.53214285714
9.99677419355
13.4366666667
19.335483871
28.09
30.4806451613
29.535483871
21.0
17.564516129
7.36551724138
3.57096774194
0.48064516129
6.928
7.32903225806
18.48
22.5064516129
24.6433333333
28.3161290323
29.4387096774
24.4866666667
19.9677419355
12.83
6.91935483871
-3.31612903226
8.58928571429
10.0933333333
16.3
23.6419354839
27.9466666667
31.8419354839
29.5741935484
26.4866666667
23.1903225806
13.08
2.46451612903
6.11290322581
3.88275862069
5.85161290323
14.38
22.3935483871
26.3266666667
33.3612903226
28.4129032258
24.5833333333
20.5709677419
10.45
2.58064516129
7.40967741935
4.92857142857
2.99032258065
17.3766666667
20.4709677419
24.1266666667
29.2161290323
27.6580645161
17.9666666667
20.6322580645
12.8933333333
6.35806451613
0.922580645161
1.11428571429
12.2870967742
13.7833333333
23.1903225806
26.66
31.8064516129
27.0967741935
24.29
17.6870967742
10.8233333333
4.34193548387
5.73548387097
7.05357142857
12.9225806452
16.3448275862
15.8096774194
22.19
29.1225806452
28.135483871
22.9866666667
19.3064516129
9.76666666667
-0.0838709677419
2.67419354839
7.09310344828
12.635483871
12.7933333333
17.8258064516
26.56
29.3161290323
26.6580645161
22.9066666667
19.135483871
9.42666666667
3.56333333333
1.58064516129
5.53928571429
4.93225806452
18.0166666667
22.6258064516
22.7266666667
30.6225806452
30.464516129
26.28
10.7333333333
10.3766666667
6.71935483871
2.64193548387
9.525
5.66129032258
11.7066666667
22.9741935484
26.0033333333
29.9419354839
29.6806451613
22.39
14.3193548387
8.99333333333
5.6064516129
3.81935483871
3.67142857143
6.8935483871
14.8533333333
18.5838709677
27.8033333333
28.2290322581
29.6741935484
21.26
16.0903225806
9.94666666667
5.0935483871
2.24516129032
8.6
14.4
14.6533333333
20.6677419355
27.26
27.3322580645
27.6225806452
23.0233333333
17.4166666667
3.58333333333
-1.51290322581
1.77419354839
5.47142857143
8.73225806452
12.08
20.7258064516
28.44
28.9741935484
30.7903225806
20.5166666667
19.4193548387
7.21
3.34193548387
-1.7935483871
7.6
10.4612903226
15.9566666667
22.7064516129
28.1833333333
31.9193548387
26.8677419355
22.1133333333
20.0741935484
10.5433333333
5.06451612903
3.66129032258
2.67142857143
7.13548387097
12.9033333333
19.2548387097
25.57
32.0129032258
29.3677419355
23.51
19.2096774194
9.03333333333
6.05483870968
1.32258064516
8.65862068966
9.19677419355
15.38
20.5193548387
27.54
31.2741935484
29.2032258065
24.8633333333
16.8838709677
9.17333333333
7.79032258065
0.177419354839
10.35
9.51290322581
16.76
24.035483871
29.5933333333
30.6580645161
26.9774193548
27.28
21.3838709677
10.5633333333
3.48
-3.73225806452
-1.10357142857
10.4516129032
15.44
18.7064516129
26.9833333333
30.5032258065
27.8709677419
26.5366666667
19.3903225806
NaN
-0.445161290323
-6.2064516129
3.275
10.4580645161
16.3
19.2064516129
26.78
29.69
27.7193548387
26.9933333333
20.4225806452
5.67
8.16129032258
-0.787096774194
3.32413793103
6.86451612903
15.7966666667
20.4903225806
29.77
31.6870967742
29.2032258065
26.0233333333
17.864516129
NaN
9.95172413793
8.27741935484
7.07857142857
12.1677419355
19.8366666667
20.1580645161
29.1233333333
29.9
28.8838709677
27.1566666667
17.7741935484
NaN
8.63870967742
1.99677419355
6.18571428571
8.33225806452
16.4966666667
21.0548387097
24.4133333333
30.4806451613
29.7548387097
24.03
16.5806451613
7.82333333333
4.88709677419
7.0935483871
9.67142857143
8.69677419355
10.4666666667
16.1322580645
23.5066666667
30.5935483871
31.5677419355
26.7933333333
19.9419354839
10.0133333333
-4.2
2.63870967742
7.96896551724
9.35161290323
11.02
22.7064516129
27.4266666667
30.8967741935
30.735483871
22.56
14.9483870968
12.3766666667
4.18709677419
0.813333333333
4.225
12.7580645161
19.1966666667
25.1129032258
27.2566666667
31.5935483871
28.7193548387
22.89
17.5419354839
NaN
0.335483870968
6.44193548387
5.01071428571
15.5032258065
16.1033333333
20.5870967742
28.48
29.8548387097
29.0161290323
22.1466666667
17.4838709677
11.2586206897
6.08709677419
6.33548387097
7.86071428571
7.40322580645
20.7666666667
23.5516129032
29.5033333333
32.0903225806
28.0838709677
25.8166666667
18.0225806452
10.0482758621
3.65333333333
-0.572413793103
6.72068965517
9.78387096774
17.9066666667
22.964516129
31.5433333333
32.0225806452
30.9032258065
24.5166666667
18.5193548387
9.67333333333
5.92258064516
8.38064516129
-0.592592592593
9.44193548387
17.4433333333
22.8
27.4633333333
33.4548387097
29.6178571429
23.94
16.9677419355
11.0733333333
1.25806451613
6.74193548387
4.70357142857
9.13870967742
15.2233333333
20.0193548387
30.1466666667
29.6612903226
30.1
27.2133333333
18.1096774194
11.1133333333
0.806451612903
1.74193548387
11.45
11.9064516129
14.7466666667
21.7967741935
27.47
30.8096774194
30.735483871
25.6566666667
17.71
6.1275862069
7.68387096774
7.26129032258
11.3793103448
13.1483870968
19.6166666667
23.9419354839
26.58
28.4034482759
26.9032258065
26.61
18.4741935484
5.99333333333
-0.303225806452
-0.893548387097
-1.56428571429
9.01
15.7033333333
23.364516129
24.5766666667
28.4740740741
26.7870967742
21.4433333333
15.564516129
NaN
4.93870967742
4.31666666667
4.32857142857
13.4129032258
15.9
25.9966666667
30.1766666667
29.3677419355
30.5096774194
27.4466666667
16.2322580645
7.44
4.16129032258
3.26451612903
7.97857142857
10.5806451613
12.6633333333
15.9806451613
25.55
30.8903225806
32.3451612903
23.3166666667
17.3928571429
12.3793103448
6.55483870968
1.53103448276
8.69615384615
9.44193548387
16.93
20.1096774194
29.0586206897
NaN
NaN
NaN
17.3516129032
8.32857142857
6.53225806452
3.29655172414
6.15714285714
14.3516129032
11.8633333333
21.0741935484
NaN
30.4967741935
28.0451612903
24.7966666667
17.5612903226
8.14333333333
NaN
5.83225806452
NaN
8.24193548387
15.8333333333
22.8838709677
NaN
30.9161290323
30.5967741935
28.2733333333
15.4290322581
11.0266666667
NaN
6.11612903226
11.1857142857
13.1290322581
12.1233333333
NaN
NaN
NaN
NaN
NaN
NaN
NaN
NaN
NaN
NaN
NaN
NaN
NaN
NaN
NaN
NaN
NaN
NaN
NaN
NaN
NaN
NaN
NaN
NaN
NaN
NaN
NaN
NaN
NaN
NaN
NaN
NaN
6.28709677419
NaN
NaN
NaN
NaN
31.2733333333
33.9774193548
NaN
23.7833333333
12.3096774194
9.22666666667
7.76451612903
7.87741935484
3.075
10.535483871
16.4533333333
21.8774193548
25.27
34.2129032258
30.4838709677
23.0766666667
20.7322580645
7.07
4.78387096774
5.32580645161
6.10344827586
14.4935483871
15.9966666667
22.8548387097
25.1833333333
29.8387096774
27.6548387097
24.1633333333
17.1161290323
8.78333333333
6.28709677419
4.40967741935
9.13571428571
11.6258064516
15.21
20.8419354839
26.4533333333
32.4580645161
28.6967741935
27.0466666667
18.0516129032
NaN
4.20967741935
9.44516129032
4.46428571429
7.91290322581
19.38
23.6129032258
30.6733333333
33.1129032258
29.6677419355
21.8866666667
15.8225806452
11.1133333333
5.69677419355
NaN
NaN
14.8870967742
NaN
NaN
NaN
NaN
NaN
NaN
NaN
NaN
NaN
0.309677419355
5.38620689655
10.0387096774
15.75
19.9258064516
27.2466666667
32.5290322581
28.5516129032
23.52
17.6483870968
11.5133333333
3.08387096774
6.0
7.68214285714
11.7677419355
NaN
21.6451612903
25.4321428571
NaN
NaN
NaN
NaN
NaN
NaN
NaN
NaN
NaN
NaN
NaN
NaN
NaN
NaN
NaN
NaN
NaN
NaN
NaN
NaN
NaN
NaN
NaN
NaN
NaN
NaN
NaN
NaN
10.4366666667
4.36774193548
7.94516129032
4.88965517241
18.8451612903
19.79
23.7322580645
31.9966666667
33.6032258065
31.5258064516
27.1133333333
16.4935483871
13.6066666667
5.68387096774
5.66129032258
6.25357142857
11.9870967742
12.0266666667
21.9935483871
29.65
30.2870967742
31.3290322581
26.04
14.1064516129
10.06
3.24516129032
5.53548387097
-0.453571428571
10.2548387097
16.38
20.9096774194
27.1633333333
30.7161290323
29.4
25.12
20.1935483871
7.33
3.92580645161
4.06451612903
6.84642857143
15.8612903226
16.74
16.6612903226
27.94
29.0193548387
29.3064516129
27.3133333333
19.1612903226
NaN
NaN
NaN
NaN
NaN
15.6766666667
19.9612903226
31.78
31.2193548387
28.0612903226
24.7933333333
21.4838709677
14.61
2.03870967742
2.04193548387
9.225
14.6935483871
16.5233333333
NaN
NaN
NaN
28.5290322581
