24.6896551724
29.3677419355
26.5866666667
21.83
15.5387096774
9.51333333333
NaN
-0.226666666667
2.01785714286
12.6225806452
14.0066666667
21.5935483871
25.76
30.4964285714
26.5379310345
22.3633333333
14.2774193548
5.89666666667
2.56451612903
0.166666666667
-1.98928571429
2.41935483871
10.0461538462
22.1
24.3166666667
27.3225806452
26.2966666667
21.776
15.1967741935
5.14333333333
-2.44444444444
-7.22333333333
NaN
NaN
NaN
18.4466666667
24.3766666667
23.9935483871
24.2806451613
20.5833333333
13.8064516129
NaN
NaN
NaN
NaN
NaN
NaN
NaN
23.0666666667
26.364516129
25.4677419355
23.79
14.2064516129
11.11
5.51935483871
-2.07419354839
0.810344827586
7.07419354839
8.93103448276
20.6548387097
25.1666666667
27.8
28.0193548387
23.0966666667
16.0838709677
10.92
-0.309677419355
-0.958064516129
2.30714285714
3.26774193548
15.2433333333
17.7548387097
24.32
26.3037037037
24.264516129
NaN
NaN
