854.0
327.0
541.0
356.0
444.0
449.0
229.0
516.0
757.0
643.0
559.0
1053.0
505.0
349.0
544.0
554.0
558.0
391.0
333.0
398.0
NaN
175.0
359.0
1691.0
940.0
110.0
289.0
495.0
157.0
539.0
476.0
325.0
264.0
992.0
749.0
2286.0
578.0
204.0
743.0
66.0
331.0
342.0
293.0
585.0
782.0
1275.0
1236.0
585.0
1879.0
1536.0
489.0
1650.0
569.0
451.0
474.0
73.0
1136.0
330.0
578.0
686.0
636.0
1441.0
265.0
0.0
1150.0
518.0
124.0
757.0
675.0
666.0
802.0
1375.0
808.0
432.0
224.0
64.0
300.0
460.0
102.0
78.0
290.0
1252.0
802.0
1885.0
500.0
1455.0
442.0
1081.0
76.0
360.0
104.0
300.0
333.0
951.0
1140.0
958.0
529.0
228.0
990.0
580.0
66.0
223.0
137.0
284.0
205.0
1180.0
1236.0
782.0
762.0
865.0
416.0
267.0
374.0
262.0
137.0
119.0
311.0
600.0
1815.0
420.0
467.0
1020.0
269.0
536.0
561.0
297.0
217.0
26.0
89.0
595.0
216.0
1216.0
1444.0
689.0
386.0
553.0
549.0
121.0
327.0
409.0
737.0
1243.0
1265.0
1341.0
776.0
1046.0
754.0
1285.0
443.0
634.0
1119.0
331.0
350.0
821.0
1341.0
1336.0
698.0
1151.0
901.0
868.0
544.0
196.0
87.0
287.0
998.0
655.0
407.0
444.0
1896.0
904.0
2057.0
1147.0
1625.0
315.0
241.0
360.0
497.0
488.0
1684.0
537.0
1755.0
651.0
774.0
825.0
89.0
167.0
130.0
136.0
696.0
741.0
380.0
666.0
1821.0
393.0
407.0
50.0
686.0
182.0
122.0
61.0
351.0
1252.0
1435.0
1965.0
368.0
950.0
477.0
0.0
528.0
235.0
538.0
179.0
508.0
1144.0
1087.0
433.0
812.0
1530.0
2270.0
383.0
451.0
780.0
338.0
239.0
863.0
717.0
717.0
1414.0
443.0
462.0
203.0
332.0
236.0
587.0
298.0
257.0
507.0
985.0
513.0
1038.0
224.0
1219.0
1841.0
1310.0
553.0
388.0
154.0
56.0
258.0
1126.0
668.0
1821.0
712.0
611.0
2393.0
401.0
172.0
702.0
679.0
83.0
251.0
956.0
639.0
3200.0
1596.0
63.0
292.0
925.0
175.0
377.0
109.0
102.0
672.0
438.0
1424.0
1118.0
1592.0
713.0
2075.0
498.0
274.0
357.0
406.0
768.0
427.0
335.0
853.0
2129.0
786.0
206.0
1148.0
628.0
1034.0
972.0
66.0
190.0
529.0
1340.0
1059.0
622.0
1023.0
2225.0
1390.0
745.0
470.0
464.0
374.0
225.0
963.0
1497.0
1480.0
1655.0
264.0
810.0
1626.0
256.0
456.0
576.0
474.0
251.0
738.0
1258.0
2252.0
1985.0
771.0
1302.0
181.0
620.0
673.0
411.0
283.0
438.0
823.0
651.0
650.0
916.0
568.0
808.0
317.0
190.0
944.0
99.0
106.0
528.0
907.0
798.0
463.0
394.0
609.0
805.0
314.0
597.0
39.0
71.0
301.0
208.0
947.0
720.0
600.0
348.0
907.0
1716.0
733.0
655.0
456.0
338.0
244.0
130.0
196.0
801.0
1337.0
593.0
921.0
418.0
1166.0
601.0
639.0
422.0
660.0
288.0
631.0
611.0
500.0
1129.0
885.0
2050.0
82.0
577.0
495.0
193.0
522.0
378.0
181.0
395.0
1269.0
1713.0
402.0
1567.0
1232.0
410.0
232.0
374.0
34.0
606.0
38.0
1012.0
461.0
1881.0
518.0
2964.0
766.0
671.0
393.0
250.0
429.0
123.0
754.0
652.0
957.0
934.0
1248.0
607.0
519.0
695.0
1383.0
761.0
100.0
497.0
785.0
659.0
1091.0
353.0
597.0
205.0
782.0
560.0
861.0
437.0
180.0
178.0
296.0
867.0
847.0
1716.0
816.0
260.0
503.0
1464.0
631.0
482.0
299.0
584.0
842.0
213.0
573.0
366.0
613.0
1068.0
1518.0
1286.0
1116.0
483.0
140.0
504.0
696.0
556.0
1480.0
1024.0
810.0
1285.0
2387.0
721.0
380.0
191.0
131.0
0.0
425.0
367.0
807.0
774.0
607.0
2642.0
1046.0
185.0
1114.0
863.0
366.0
212.0
372.0
202.0
390.0
175.0
137.0
1127.0
565.0
321.0
542.0
NaN
311.0
84.0
324.0
785.0
369.0
392.0
640.0
894.0
1089.0
501.0
135.0
57.0
379.0
164.0
890.0
529.0
955.0
2143.0
766.0
1929.0
126.0
355.0
503.0
555.0
114.0
87.0
1447.0
1037.0
621.0
437.0
82.0
1407.0
1028.0
950.0
1222.0
374.0
276.0
336.0
276.0
1038.0
45.0
159.0
1815.0
846.0
1254.0
186.0
1750.0
518.0
336.0
280.0
718.0
1064.0
1245.0
2685.0
3108.0
1667.0
1209.0
303.0
279.0
169.0
287.0
605.0
109.0
614.0
418.0
1281.0
1448.0
980.0
650.0
98.0
616.0
341.0
163.0
41.0
519.0
920.0
1400.0
787.0
772.0
776.0
300.0
689.0
844.0
68.0
608.0
72.0
229.0
417.0
1437.0
1215.0
909.0
547.0
632.0
1036.0
310.0
393.0
302.0
561.0
171.0
173.0
985.0
2199.0
183.0
1075.0
888.0
432.0
266.0
325.0
230.0
293.0
931.0
1039.0
1006.0
1991.0
196.0
1951.0
879.0
1443.0
237.0
107.0
619.0
239.0
258.0
1733.0
933.0
890.0
1489.0
1157.0
433.0
399.0
200.0
325.0
229.0
284.0
246.0
884.0
919.0
2255.0
748.0
714.0
1143.0
348.0
312.0
592.0
347.0
924.0
284.0
640.0
1599.0
1196.0
633.0
990.0
2690.0
935.0
456.0
320.0
43.0
253.0
464.0
1004.0
1129.0
2709.0
1715.0
2202.0
833.0
1004.0
53.0
160.0
82.0
104.0
313.0
526.0
1076.0
642.0
1230.0
69.0
1227.0
384.0
1936.0
561.0
295.0
358.0
1542.0
257.0
2156.0
1083.0
NaN
NaN
226.0
NaN
NaN
186.0
455.0
318.0
217.0
424.0
701.0
903.0
447.0
1298.0
605.0
155.0
526.0
352.0
444.0
150.0
680.0
1092.0
629.0
1069.0
1576.0
747.0
816.0
571.0
679.0
363.0
257.0
742.0
404.0
1632.0
404.0
871.0
637.0
2217.0
781.0
1774.0
44.0
910.0
241.0
855.0
475.0
2227.0
2086.0
2163.0
1631.0
1066.0
1214.0
528.0
377.0
930.0
223.0
315.0
1139.0
1038.0
1115.0
NaN
1556.0
2596.0
275.0
2009.0
445.0
898.0
468.0
163.0
321.0
1359.0
1106.0
2240.0
2535.0
1046.0
962.0
320.0
397.0
639.0
NaN
607.0
669.0
1425.0
686.0
1399.0
1670.0
783.0
623.0
421.0
1034.0
751.0
274.0
380.0
874.0
808.0
525.0
495.0
417.0
1374.0
370.0
840.0
351.0
510.0
412.0
481.0
750.0
2320.0
1539.0
1693.0
680.0
668.0
704.0
524.0
637.0
280.0
365.0
412.0
254.0
1759.0
519.0
2743.0
1066.0
533.0
816.0
914.0
105.0
285.0
150.0
366.0
173.0
760.0
1328.0
2357.0
313.0
NaN
NaN
789.0
1206.0
1143.0
132.0
154.0
910.0
562.0
1344.0
2168.0
1657.0
1088.0
1609.0
524.0
553.0
404.0
493.0
195.0
526.0
1020.0
1104.0
2060.0
1949.0
673.0
NaN
NaN
