0.0
0.0
0.0
3.0
0.0
0.0
33.0
0.0
0.0
0.0
58.0
13.0
0.0
0.0
0.0
0.0
15.0
0.0
0.0
8.0
0.0
8.0
0.0
51.0
0.0
0.0
5.0
0.0
198.0
3.0
25.0
0.0
69.0
0.0
0.0
0.0
74.0
0.0
0.0
20.0
18.0
0.0
0.0
0.0
10.0
0.0
0.0
0.0
0.0
0.0
0.0
8.0
0.0
18.0
0.0
0.0
0.0
0.0
74.0
0.0
10.0
0.0
0.0
0.0
0.0
0.0
226.0
0.0
0.0
0.0
0.0
5.0
58.0
0.0
0.0
0.0
0.0
23.0
76.0
0.0
168.0
18.0
25.0
3.0
0.0
0.0
0.0
0.0
0.0
0.0
0.0
0.0
66.0
0.0
0.0
0.0
257.0
0.0
0.0
0.0
0.0
160.0
0.0
0.0
0.0
0.0
30.0
0.0
0.0
0.0
300.0
23.0
0.0
185.0
0.0
74.0
0.0
20.0
0.0
10.0
109.0
0.0
0.0
0.0
99.0
0.0
0.0
0.0
0.0
0.0
41.0
13.0
0.0
5.0
0.0
0.0
0.0
0.0
0.0
0.0
0.0
142.0
0.0
0.0
0.0
51.0
0.0
0.0
0.0
0.0
0.0
99.0
8.0
122.0
150.0
0.0
0.0
0.0
0.0
0.0
340.0
0.0
5.0
10.0
0.0
0.0
0.0
0.0
0.0
0.0
0.0
69.0
0.0
0.0
0.0
0.0
0.0
0.0
0.0
0.0
208.0
0.0
0.0
0.0
61.0
0.0
160.0
798.0
0.0
145.0
0.0
0.0
0.0
0.0
287.0
0.0
48.0
0.0
0.0
0.0
0.0
0.0
0.0
0.0
0.0
0.0
0.0
0.0
193.0
0.0
0.0
0.0
0.0
0.0
0.0
0.0
0.0
0.0
0.0
0.0
0.0
231.0
0.0
0.0
0.0
0.0
0.0
236.0
0.0
0.0
0.0
0.0
0.0
0.0
0.0
0.0
0.0
0.0
0.0
0.0
0.0
0.0
0.0
0.0
0.0
0.0
0.0
0.0
0.0
0.0
0.0
0.0
0.0
0.0
0.0
0.0
0.0
38.0
0.0
0.0
0.0
0.0
0.0
272.0
0.0
0.0
0.0
0.0
0.0
0.0
0.0
0.0
483.0
0.0
124.0
0.0
0.0
0.0
124.0
0.0
0.0
0.0
0.0
0.0
0.0
66.0
0.0
0.0
0.0
0.0
0.0
0.0
0.0
0.0
0.0
0.0
0.0
0.0
163.0
38.0
0.0
0.0
0.0
0.0
0.0
36.0
0.0
NaN
0.0
8.0
5.0
28.0
8.0
0.0
0.0
0.0
0.0
38.0
462.0
15.0
0.0
38.0
0.0
0.0
0.0
0.0
102.0
0.0
15.0
0.0
0.0
15.0
NaN
25.0
0.0
0.0
0.0
5.0
8.0
38.0
0.0
0.0
0.0
0.0
0.0
0.0
0.0
0.0
0.0
0.0
0.0
0.0
0.0
244.0
0.0
0.0
64.0
0.0
0.0
13.0
0.0
0.0
89.0
0.0
0.0
0.0
0.0
0.0
0.0
0.0
0.0
0.0
0.0
0.0
130.0
0.0
0.0
46.0
0.0
5.0
0.0
0.0
5.0
0.0
0.0
13.0
0.0
0.0
0.0
0.0
0.0
0.0
0.0
0.0
0.0
0.0
0.0
43.0
66.0
0.0
0.0
0.0
0.0
0.0
0.0
0.0
0.0
0.0
38.0
0.0
107.0
175.0
0.0
61.0
0.0
0.0
0.0
0.0
5.0
0.0
0.0
5.0
0.0
0.0
0.0
0.0
0.0
0.0
0.0
0.0
0.0
0.0
0.0
178.0
155.0
0.0
0.0
0.0
0.0
0.0
0.0
208.0
10.0
0.0
0.0
0.0
0.0
0.0
0.0
0.0
0.0
213.0
0.0
58.0
97.0
99.0
0.0
0.0
0.0
173.0
0.0
0.0
0.0
0.0
145.0
0.0
0.0
0.0
0.0
18.0
0.0
132.0
726.0
0.0
0.0
109.0
33.0
0.0
0.0
0.0
0.0
10.0
0.0
0.0
0.0
0.0
0.0
0.0
0.0
0.0
0.0
0.0
0.0
0.0
0.0
0.0
0.0
0.0
0.0
0.0
0.0
302.0
165.0
0.0
0.0
0.0
0.0
0.0
196.0
0.0
216.0
18.0
20.0
43.0
0.0
0.0
0.0
0.0
0.0
0.0
56.0
0.0
13.0
0.0
0.0
0.0
0.0
0.0
0.0
10.0
0.0
0.0
0.0
0.0
0.0
8.0
0.0
0.0
0.0
0.0
0.0
0.0
0.0
66.0
0.0
15.0
0.0
0.0
0.0
0.0
0.0
0.0
0.0
0.0
0.0
0.0
0.0
0.0
0.0
0.0
0.0
0.0
0.0
0.0
0.0
0.0
0.0
0.0
0.0
0.0
0.0
0.0
0.0
0.0
0.0
0.0
0.0
0.0
