NaN
-7.36774193548
1.68
7.30967741935
10.6464285714
NaN
15.0903225806
9.26333333333
1.24516129032
-4.55666666667
-16.7870967742
-17.1928571429
-19.0321428571
-6.74193548387
0.356666666667
4.71935483871
11.1866666667
16.2161290323
14.3392857143
9.82
-1.48709677419
-1.31
-17.6
-20.1193548387
-14.0740740741
-2.27419354839
-0.724137931034
8.15333333333
NaN
NaN
NaN
NaN
4.29285714286
-2.31724137931
-7.96451612903
-8.54193548387
-13.1678571429
-6.31612903226
2.12666666667
NaN
15.7066666667
16.9259259259
NaN
11.55
0.41935483871
-7.83333333333
-14.1903225806
-16.3580645161
-12.8777777778
-6.20322580645
-2.83
8.1
13.9413793103
15.8419354839
13.4225806452
11.44
6.30666666667
-3.94642857143
-9.4935483871
-9.83548387097
-8.33571428571
-5.0
3.668
7.88666666667
16.0133333333
NaN
14.7933333333
11.1866666667
4.26451612903
-8.60689655172
-9.94
-15.2806451613
-18.1071428571
-4.87741935484
1.90666666667
11.0709677419
14.8366666667
14.1516129032
15.7580645161
11.4633333333
4.57419354839
-0.772413793103
-14.0551724138
-13.3225806452
-17.2928571429
-11.3
-0.113333333333
7.52258064516
14.3866666667
17.1451612903
13.5258064516
11.3366666667
2.51290322581
-1.94615384615
-7.08666666667
-18.4806451613
-10.6103448276
-7.42
1.37333333333
3.46774193548
11.9033333333
NaN
13.1346153846
7.97
6.20322580645
-5.56
-17.2548387097
-15.8677419355
-10.9642857143
-5.06451612903
4.45
5.91612903226
12.7413793103
NaN
NaN
NaN
NaN
NaN
-11.9677419355
-14.2225806452
-8.54615384615
-7.67931034483
-1.28620689655
10.0571428571
11.4
15.55
14.9964285714
7.62413793103
2.2037037037
NaN
NaN
NaN
-12.6518518519
NaN
2.33793103448
NaN
NaN
13.1580645161
11.4107142857
10.05
3.39655172414
-7.04230769231
-19.3857142857
-12.435483871
-10.3807692308
NaN
NaN
NaN
NaN
NaN
NaN
NaN
NaN
-3.7037037037
-9.01379310345
-23.3322580645
-19.525
NaN
NaN
NaN
10.676
15.4548387097
14.8766666667
7.83333333333
3.45483870968
-7.50333333333
-12.6935483871
-20.2814814815
-6.31111111111
-6.36451612903
3.05666666667
7.55357142857
NaN
16.3928571429
15.1064516129
NaN
1.62903225806
-4.43793103448
-9.20666666667
-9.23548387097
-6.2
-6.33870967742
1.42666666667
4.86
16.73
16.5266666667
NaN
12.6423076923
NaN
-3.70357142857
-8.72
NaN
-12.8192307692
NaN
NaN
NaN
14.71
16.4322580645
14.5931034483
NaN
NaN
NaN
NaN
-10.735483871
-15.4035714286
-5.66
0.711538461538
8.34193548387
17.7925925926
17.8161290323
14.91
12.45
NaN
NaN
NaN
NaN
NaN
NaN
NaN
NaN
NaN
NaN
NaN
NaN
NaN
NaN
NaN
NaN
NaN
NaN
NaN
NaN
11.9766666667
19.1774193548
15.3225806452
9.27
1.83225806452
-8.74
-12.3935483871
-23.0677419355
-25.6862068966
-5.66129032258
-2.31
11.1451612903
12.5166666667
19.3129032258
16.4225806452
11.7666666667
NaN
NaN
NaN
NaN
NaN
NaN
NaN
NaN
NaN
17.5774193548
18.4064516129
10.2551724138
1.87333333333
NaN
NaN
NaN
NaN
NaN
3.07692307692
7.9064516129
13.6666666667
16.4677419355
16.9129032258
11.75
7.16896551724
NaN
-9.96774193548
-11.3533333333
-20.0038461538
-6.70322580645
-0.32
10.8612903226
14.4275862069
16.5633333333
15.3709677419
NaN
2.35
-2.95
-6.06666666667
-19.7068965517
-12.5827586207
-6.93870967742
1.03666666667
6.97419354839
13.9533333333
16.7064516129
14.5
12.5333333333
5.88064516129
-6.42333333333
-7.90967741935
-12.2935483871
-12.775
-5.68064516129
4.68666666667
11.5064516129
14.74
17.364516129
15.7516129032
10.85
5.14
-2.81333333333
-5.99677419355
-10.1516129032
-10.8071428571
-2.88064516129
4.40666666667
7.36451612903
13.7533333333
15.7233333333
15.9032258065
9.54333333333
4.33225806452
NaN
NaN
-19.1290322581
-11.4
-11.1290322581
NaN
6.03
14.5433333333
16.4733333333
14.435483871
7.64333333333
1.98064516129
-5.46333333333
-11.3806451613
-8.52580645161
-13.9285714286
-9.93333333333
-1.66
8.6935483871
14.2866666667
15.3419354839
15.2483870968
9.80666666667
3.58709677419
-1.31
-10.6935483871
-11.9516129032
-10.9964285714
-1.70322580645
-0.146666666667
4.82903225806
11.5933333333
15.6322580645
14.735483871
8.96
3.00967741935
-5.98666666667
-15.6580645161
-14.0580645161
-13.9107142857
-0.216129032258
3.22333333333
5.25666666667
12.9833333333
16.3258064516
13.6709677419
8.58666666667
2.78064516129
-6.78
-11.3548387097
-11.3903225806
-15.8285714286
-7.66451612903
-0.233333333333
4.89032258065
11.6833333333
15.2193548387
17.4677419355
8.81666666667
6.33548387097
-8.41
-14.0766666667
-18.6483870968
-16.0482758621
-10.0838709677
1.57666666667
6.77419354839
12.3533333333
15.8322580645
14.1322580645
11.8966666667
2.66451612903
-3.28333333333
-11.5
-17.3033333333
-16.0678571429
-6.45806451613
0.463333333333
7.83548387097
13.2633333333
14.9709677419
15.9766666667
7.14333333333
3.98709677419
-1.96333333333
-12.9548387097
-21.7741935484
-12.7714285714
-8.98387096774
-2.29
6.40322580645
12.6333333333
13.8806451613
11.6516129032
9.29333333333
4.44193548387
-9.05666666667
-16.3666666667
-18.2677419355
-12.4571428571
-13.2483870968
-0.986666666667
9.20333333333
10.2233333333
14.6032258065
13.3741935484
6.8
2.32580645161
-8.4724137931
-15.4133333333
-16.4
-9.47857142857
-9.99677419355
2.37586206897
7.57741935484
13.9933333333
16.33
14.1483870968
10.4133333333
-0.18064516129
-4.07333333333
-9.29677419355
-14.1161290323
-11.0107142857
-5.74516129032
-1.45
7.04838709677
14.2666666667
15.1838709677
16.4967741935
9.33333333333
6.4
-2.05666666667
-11.6806451613
-19.0516129032
-4.37142857143
-6.8064516129
1.39333333333
4.78064516129
14.0
15.7866666667
13.9548387097
10.48
3.17419354839
-2.39655172414
-8.69677419355
-13.7666666667
-16.7
-8.81333333333
4.42
10.2516129032
13.3766666667
18.5806451613
17.1870967742
9.11666666667
4.33225806452
-9.68620689655
-17.6833333333
-16.564516129
-15.6620689655
-8.11612903226
-1.63103448276
7.83870967742
16.3566666667
14.2580645161
14.8419354839
7.84666666667
5.75161290323
-4.66333333333
-9.22903225806
-18.7551724138
-12.2607142857
-6.63333333333
0.626666666667
7.18666666667
12.62
18.6677419355
14.4451612903
8.57666666667
3.52903225806
-3.32068965517
-7.52258064516
-10.5580645161
-15.8285714286
-5.75806451613
1.19666666667
8.01290322581
10.37
NaN
14.5516129032
10.7066666667
4.01333333333
-5.3
-15.2129032258
-18.1903225806
-15.0928571429
-4.54838709677
-0.27
8.44193548387
15.04
15.4
16.435483871
9.85333333333
0.503333333333
-9.29655172414
-5.43548387097
-15.2032258065
-13.0275862069
-13.5193548387
1.45
7.21612903226
11.8566666667
16.1161290323
15.5419354839
10.9166666667
2.79032258065
-4.11
-12.6870967742
-15.3290322581
-9.86071428571
-3.5064516129
-2.18333333333
5.08666666667
12.9733333333
14.1322580645
15.8935483871
9.33333333333
3.72258064516
-5.27
-15.4516129032
-16.7225806452
-14.4857142857
-8.76129032258
-1.11
10.0903225806
13.52
14.9966666667
14.9548387097
7.63
4.02258064516
-2.33666666667
-11.4161290323
-19.8096774194
-14.3678571429
-3.37096774194
2.9
8.02903225806
15.5766666667
17.0451612903
15.6806451613
12.3833333333
8.70967741935
-2.11
-15.6870967742
-10.6741935484
-10.6103448276
-10.1419354839
2.02
9.51290322581
13.6066666667
17.935483871
13.3419354839
8.89666666667
4.0
-5.21034482759
-16.3466666667
-18.6034482759
-15.9357142857
-12.5193548387
1.09666666667
8.4935483871
12.9266666667
16.0133333333
14.7741935484
6.27
5.23870967742
-5.68
-6.53870967742
-21.7419354839
-15.8357142857
-3.52903225806
-1.51
4.80967741935
13.4666666667
18.1966666667
13.2580645161
8.33333333333
2.9
-7.37
-11.9419354839
-13.6967741935
-17.9035714286
-4.60967741935
0.733333333333
4.43870967742
12.6033333333
13.7193548387
12.6096774194
8.53666666667
2.10967741935
-5.0
-11.3612903226
-14.5096774194
-15.0413793103
-2.13548387097
2.12666666667
5.46129032258
13.76
15.4903225806
14.7677419355
9.66666666667
3.63870967742
-2.81333333333
-14.1806451613
NaN
-11.9785714286
-11.2677419355
2.14666666667
8.27741935484
9.86666666667
15.8967741935
17.2774193548
9.64
1.92580645161
-4.06
-10.864516129
-19.2225806452
-12.4571428571
-8.08064516129
-0.00333333333333
7.46129032258
15.1133333333
16.0
15.735483871
10.3166666667
3.37096774194
-4.84666666667
-13.9733333333
-18.0806451613
-12.2428571429
-5.75161290323
0.556666666667
5.76774193548
15.47
14.0
13.8129032258
10.14
4.94838709677
-4.72333333333
-13.4387096774
-17.3258064516
-16.1068965517
-6.32903225806
-0.28
9.86774193548
12.5533333333
15.4419354839
15.6225806452
8.63666666667
1.5064516129
-3.31333333333
-16.5612903226
-12.0709677419
-9.97142857143
-0.687096774194
0.69
7.09032258065
14.3366666667
15.9290322581
17.2096774194
9.73666666667
7.54516129032
-3.81666666667
-13.3838709677
-15.8322580645
-12.3392857143
-5.47419354839
2.56551724138
7.4064516129
12.8366666667
18.0258064516
13.2870967742
6.59333333333
4.34193548387
-4.09666666667
-9.87741935484
-14.5774193548
-14.8357142857
-9.80967741935
NaN
8.77741935484
13.73
17.7774193548
15.6161290323
8.15333333333
3.32580645161
-4.40666666667
-12.035483871
-17.0096774194
-7.3724137931
-5.7
2.83333333333
6.35
13.79
16.6870967742
15.9161290323
NaN
0.21935483871
-8.07
-16.1741935484
-21.7
-9.61785714286
-2.66451612903
4.41724137931
12.6483870968
13.79
16.9870967742
13.1064516129
10.95
NaN
NaN
-13.964516129
-20.8064516129
-16.9785714286
-6.73548387097
1.36666666667
8.56451612903
NaN
NaN
15.5580645161
13.23
3.5064516129
-6.47
-14.0935483871
-22.3466666667
-20.7857142857
-8.45806451613
-1.01666666667
5.19677419355
12.6866666667
15.9967741935
14.6483870968
10.7233333333
1.89677419355
-5.43
-8.60322580645
-14.5129032258
-13.5620689655
-8.63666666667
1.76785714286
8.07096774194
13.15
15.8225806452
14.7870967742
9.71
1.75483870968
-2.54666666667
-12.5870967742
-13.2258064516
-10.4035714286
-3.41290322581
3.46666666667
6.77096774194
13.4366666667
16.7032258065
15.7838709677
9.46333333333
3.73225806452
-2.28
-14.535483871
-23.3833333333
-13.1464285714
-5.28387096774
-0.732142857143
9.5
10.0966666667
17.4387096774
14.9366666667
9.82666666667
2.83225806452
-7.47142857143
-9.11935483871
-12.4
-8.48928571429
-4.29666666667
-0.265517241379
5.82580645161
13.7966666667
19.2
17.6966666667
9.96551724138
2.92666666667
-2.35666666667
-21.5
-14.1866666667
-5.91724137931
-9.92
1.7
6.73870967742
13.9482758621
15.8733333333
16.3967741935
6.54333333333
4.02068965517
-4.81666666667
-13.3785714286
-18.0
-15.4851851852
-2.70666666667
3.19666666667
10.2032258065
10.98
15.3451612903
13.2233333333
9.75333333333
1.01290322581
-11.2206896552
-18.335483871
-12.22
-14.0285714286
-4.46666666667
2.44666666667
8.13
14.5103448276
17.0137931034
13.1064516129
9.63103448276
2.77419354839
-8.15862068966
-9.54838709677
-10.5870967742
-5.85
-4.1064516129
3.74285714286
10.4612903226
14.8866666667
17.8838709677
13.5451612903
9.27
-0.361290322581
-2.82857142857
-8.47741935484
-19.5166666667
-17.4142857143
-5.1724137931
0.43
10.54
16.4033333333
17.7806451613
15.6774193548
8.79333333333
-0.28
-5.49333333333
-12.2310344828
-11.6677419355
-18.9285714286
-9.60322580645
-0.0933333333333
7.30333333333
12.68
17.5677419355
15.1193548387
8.79666666667
0.877419354839
-7.31666666667
-16.735483871
-9.35806451613
-12.5321428571
-4.40322580645
-0.0966666666667
7.33548387097
14.68
15.1419354839
15.2806451613
10.3166666667
1.51290322581
-3.68666666667
-13.9612903226
-15.7566666667
-8.23214285714
-5.74516129032
3.08333333333
10.6806451613
16.4866666667
16.6967741935
16.1612903226
9.58666666667
0.990322580645
-8.83
-9.35161290323
-9.97096774194
-6.68620689655
-3.4935483871
-0.48
9.28709677419
12.1966666667
12.9612903226
13.0032258065
8.51071428571
1.58064516129
-4.31666666667
-12.5903225806
-15.9193548387
-13.7357142857
-6.17096774194
0.823333333333
8.06774193548
12.4166666667
15.4366666667
15.63
7.23666666667
1.96129032258
-6.15862068966
-10.5225806452
-20.964516129
-17.3
-3.24827586207
0.916666666667
8.93793103448
14.1965517241
15.1129032258
14.3633333333
12.0133333333
5.77096774194
-1.58333333333
-7.57096774194
-12.5333333333
-11.8148148148
-4.58709677419
-0.43
7.21290322581
NaN
16.46
17.4133333333
9.43666666667
3.22903225806
-7.48
-11.835483871
-19.4741935484
-13.1740740741
-10.1166666667
-1.33448275862
6.68333333333
NaN
14.9379310345
15.0035714286
9.29310344828
2.54193548387
-9.27333333333
-15.0903225806
-18.1066666667
-11.5928571429
-7.35806451613
-0.833333333333
5.63225806452
14.54
16.47
14.7677419355
11.2896551724
2.83103448276
-6.40666666667
-6.36333333333
-12.9903225806
-4.22857142857
-6.43870967742
2.14482758621
10.2129032258
13.0310344828
16.7258064516
16.0233333333
11.775862069
4.44516129032
-2.5275862069
-9.42903225806
-16.6516129032
-7.12962962963
-4.48709677419
1.91724137931
9.00666666667
13.5964285714
17.3866666667
15.4838709677
8.73333333333
1.55172413793
-1.73
-9.86333333333
-15.5741935484
-7.64482758621
-2.18333333333
0.206896551724
9.36
12.4172413793
16.7870967742
15.0580645161
8.54642857143
4.24838709677
-5.94666666667
-20.2896551724
-12.1433333333
-17.6535714286
-8.20967741935
2.0
9.04666666667
13.7793103448
17.1580645161
15.67
9.58571428571
1.84
0.368965517241
-8.24516129032
-10.9033333333
-7.46153846154
-11.47
0.666666666667
5.10967741935
15.2620689655
17.9193548387
15.1862068966
11.3310344828
-0.24
-4.86
-8.42258064516
-14.4935483871
-15.8884615385
-8.43793103448
0.939285714286
6.52258064516
12.7566666667
16.5161290323
15.4466666667
8.90666666667
3.00740740741
-6.6275862069
-8.0064516129
-16.9419354839
-11.3206896552
-3.2064516129
0.176666666667
6.42258064516
11.7133333333
15.3
12.2258064516
11.5206896552
4.07419354839
-2.30666666667
-10.4620689655
-16.1966666667
-8.56071428571
-6.4
3.61666666667
7.58064516129
15.8566666667
17.0741935484
14.4451612903
12.5066666667
3.40322580645
-3.31
-10.6709677419
-5.85483870968
-13.0607142857
-5.18666666667
3.99655172414
9.46774193548
14.31
18.0096774194
15.6709677419
8.61333333333
0.73
-4.96666666667
-7.51935483871
-12.1166666667
-15.78
-3.43548387097
-0.239285714286
10.6206896552
14.8466666667
17.3516129032
14.6387096774
10.73
5.57096774194
-4.34642857143
-13.1903225806
-16.0387096774
-16.2379310345
-8.10322580645
-0.64
6.2064516129
13.4366666667
16.7709677419
15.5580645161
9.88333333333
2.75161290323
-4.11333333333
-17.2
-19.1
-14.2071428571
-8.28
0.158620689655
6.91612903226
13.18
14.3
14.0548387097
11.4233333333
1.04193548387
-0.06
-14.5612903226
-16.6129032258
-15.5035714286
-2.43548387097
3.98666666667
7.99666666667
14.3620689655
16.9580645161
17.4833333333
8.78
4.84
-4.96666666667
-14.0903225806
NaN
NaN
NaN
NaN
NaN
NaN
NaN
NaN
NaN
NaN
NaN
NaN
NaN
NaN
NaN
NaN
NaN
NaN
NaN
NaN
NaN
1.50967741935
-4.30666666667
-12.1870967742
-14.8935483871
-14.5428571429
-10.6419354839
-2.55
7.93548387097
13.5233333333
16.5258064516
15.5193548387
11.2185185185
2.96774193548
-6.18666666667
-17.5483870968
-18.9225806452
-17.6607142857
-9.37419354839
-0.723333333333
7.72903225806
14.0833333333
15.0516129032
15.1161290323
10.6066666667
3.7064516129
-9.40666666667
-8.97741935484
-11.7741935484
-17.0678571429
-4.54193548387
1.79
7.05666666667
14.0333333333
15.635483871
13.39
11.7933333333
2.56
-0.979310344828
-6.76774193548
-13.0387096774
-8.2275862069
-2.06774193548
1.44666666667
9.01290322581
14.2633333333
15.5709677419
15.5733333333
11.33
3.85806451613
0.643333333333
-12.6322580645
-11.7483870968
-7.025
-5.86451612903
1.96206896552
7.98709677419
13.2433333333
15.5806451613
13.8612903226
NaN
NaN
