NaN
NaN
NaN
12.8481481481
18.5076923077
24.8923076923
28.1428571429
NaN
NaN
NaN
11.7962962963
-0.503703703704
-0.303846153846
-1.068
12.3193548387
15.47
17.9933333333
24.2333333333
30.1161290323
27.7
23.5535714286
18.72
5.70689655172
-1.64
0.477777777778
1.888
4.48928571429
10.6275862069
24.0129032258
26.1833333333
31.135483871
26.7033333333
22.7703703704
14.335483871
5.04482758621
3.23225806452
-8.63
-4.17857142857
-0.212903225806
12.9344827586
NaN
23.2433333333
27.4516129032
23.2733333333
23.64
16.0806451613
10.1233333333
4.00967741935
2.10333333333
-2.58571428571
4.8064516129
12.4066666667
18.8225806452
27.08
27.4866666667
27.0933333333
22.7066666667
16.4483870968
9.6
3.44193548387
1.725
-5.55769230769
3.16785714286
12.1866666667
NaN
24.2766666667
27.93
27.4903225806
22.98
19.1903225806
9.21333333333
-1.41290322581
-1.46333333333
1.99642857143
3.08064516129
17.2633333333
16.3379310345
23.0933333333
26.1366666667
22.9433333333
23.0333333333
16.164516129
9.29666666667
0.00967741935484
2.17096774194
-3.04137931034
0.709677419355
12.0366666667
18.2516129032
22.26
32.33
29.6741935484
22.9266666667
16.0419354839
8.98666666667
-0.211111111111
-1.57
-4.51785714286
5.68064516129
9.5
14.6774193548
22.8366666667
26.664516129
25.4774193548
21.3033333333
11.3064516129
7.07666666667
-2.60967741935
-7.18620689655
-0.75
6.33333333333
11.72
22.0612903226
24.2896551724
24.0548387097
NaN
NaN
NaN
7.29310344828
3.53
1.74
3.01785714286
NaN
NaN
NaN
NaN
NaN
NaN
25.1827586207
16.1571428571
NaN
-3.62068965517
-5.5
-2.67586206897
6.10322580645
6.62142857143
15.8275862069
24.6269230769
NaN
NaN
NaN
NaN
NaN
NaN
NaN
NaN
NaN
NaN
NaN
NaN
28.3178571429
23.1933333333
25.1965517241
13.6967741935
3.96206896552
0.810344827586
NaN
0.330769230769
7.2064516129
14.01
23.0225806452
26.7633333333
27.7032258065
NaN
24.7137931034
16.7032258065
9.13333333333
1.26451612903
-0.335483870968
-3.15
2.6
12.5233333333
18.9612903226
26.6964285714
27.0733333333
27.5161290323
22.5566666667
15.9483870968
7.70333333333
5.35666666667
-2.67096774194
-1.98965517241
1.9
12.6833333333
14.87
23.4866666667
25.2322580645
25.09
18.86
18.5096774194
8.66666666667
-2.3
-2.8
1.93846153846
6.65483870968
16.0103448276
17.9548387097
27.62
26.6290322581
27.4741935484
22.3166666667
9.03225806452
NaN
NaN
-1.56774193548
-1.98928571429
0.0483870967742
10.0166666667
19.6741935484
22.425
28.7344827586
26.9366666667
20.8833333333
13.5096774194
6.27666666667
-1.37
-2.22068965517
2.10740740741
7.05666666667
12.9133333333
17.91
22.6666666667
26.5225806452
24.5290322581
24.3733333333
17.9322580645
9.35172413793
2.44666666667
-0.225
-0.314285714286
3.67
11.15
20.264516129
21.9666666667
26.9206896552
26.9774193548
20.4833333333
16.5193548387
7.00357142857
2.10666666667
-3.28666666667
-2.57142857143
10.0903225806
13.02
17.54
23.63
28.6387096774
25.935483871
23.92
14.9580645161
5.48333333333
-1.03870967742
-3.06129032258
2.14285714286
4.89032258065
13.5851851852
20.9548387097
26.0233333333
28.8483870968
28.9064516129
24.88
14.8870967742
8.72333333333
0.796666666667
0.145161290323
2.87857142857
3.64838709677
NaN
NaN
NaN
NaN
NaN
NaN
NaN
NaN
NaN
NaN
NaN
NaN
NaN
NaN
NaN
NaN
NaN
NaN
NaN
NaN
NaN
NaN
NaN
NaN
NaN
NaN
NaN
NaN
NaN
NaN
NaN
NaN
NaN
NaN
NaN
NaN
NaN
NaN
NaN
NaN
NaN
NaN
NaN
NaN
NaN
NaN
NaN
NaN
NaN
NaN
NaN
NaN
NaN
NaN
NaN
NaN
NaN
NaN
NaN
NaN
NaN
NaN
NaN
NaN
NaN
NaN
NaN
NaN
NaN
NaN
NaN
NaN
NaN
NaN
NaN
NaN
NaN
NaN
NaN
NaN
NaN
NaN
NaN
NaN
NaN
NaN
NaN
NaN
NaN
NaN
NaN
NaN
NaN
NaN
NaN
NaN
NaN
NaN
NaN
NaN
NaN
24.06
16.4709677419
7.74333333333
3.63333333333
-3.81612903226
0.120689655172
0.216129032258
10.15
18.1161290323
24.6466666667
28.2433333333
26.135483871
22.28
15.5032258065
6.62333333333
1.91935483871
-0.890322580645
-0.339285714286
2.74516129032
16.7566666667
NaN
NaN
NaN
NaN
NaN
NaN
NaN
NaN
-0.945161290323
-2.31785714286
5.2935483871
17.3066666667
20.0548387097
25.6733333333
27.7451612903
26.2193548387
21.54
16.2193548387
8.58
-1.46
-2.56896551724
1.37037037037
4.03548387097
11.0766666667
17.8870967742
27.3517241379
28.0677419355
27.2419354839
21.7166666667
14.1903225806
5.80344827586
0.641935483871
2.24516129032
1.49310344828
2.92258064516
10.49
22.5533333333
27.5466666667
28.6466666667
29.6387096774
23.1310344828
16.6838709677
8.35666666667
-1.29032258065
-4.19032258065
0.107142857143
14.8516129032
15.2566666667
16.2741935484
23.275862069
26.3032258065
26.9387096774
22.7724137931
15.8322580645
10.4076923077
-0.353333333333
1.49677419355
1.20714285714
14.3333333333
15.4966666667
19.6774193548
25.5551724138
28.5483870968
26.5967741935
25.2066666667
19.7838709677
9.67333333333
1.98666666667
0.41935483871
-1.86428571429
2.78709677419
11.31
17.0612903226
24.7666666667
26.5
30.1064516129
23.3
22.4774193548
6.0
0.664516129032
-3.45806451613
0.210344827586
NaN
NaN
NaN
26.0928571429
28.5064516129
28.3322580645
25.8133333333
NaN
NaN
NaN
NaN
3.1652173913
5.33793103448
13.69
22.0516129032
28.8433333333
29.4903225806
28.6206896552
21.4033333333
20.2903225806
6.55666666667
2.77741935484
4.09677419355
-0.622222222222
2.33
9.5
20.5935483871
25.8166666667
26.8733333333
25.6258064516
21.1666666667
18.3225806452
6.16
-1.04838709677
-0.893548387097
0.235714285714
5.88064516129
12.06
21.2322580645
25.0071428571
28.3161290323
25.4935483871
22.1733333333
18.3
3.5
1.0935483871
0.564516129032
0.579310344828
3.6935483871
14.5333333333
19.3548387097
27.9466666667
29.1967741935
27.1064516129
23.8533333333
14.2322580645
9.51333333333
3.15483870968
1.23870967742
2.52592592593
5.9935483871
11.2166666667
19.7322580645
26.9551724138
28.0290322581
28.1451612903
23.9172413793
19.5516129032
10.4866666667
3.28387096774
-0.896774193548
3.86785714286
4.60967741935
15.8
17.8290322581
26.7517241379
27.4387096774
26.664516129
22.5433333333
16.5806451613
7.61111111111
0.556666666667
-1.56129032258
0.403571428571
4.76451612903
17.63
22.0161290323
25.5433333333
30.9806451613
29.39
24.0233333333
17.9548387097
6.15
-0.532142857143
-1.25806451613
0.175
2.75806451613
12.2
17.7935483871
25.7766666667
25.2967741935
26.1161290323
20.7793103448
19.4967741935
8.39666666667
2.60967741935
-3.12903225806
2.14285714286
5.6064516129
14.5233333333
17.5677419355
25.1866666667
27.3419354839
26.1483870968
22.07
14.4774193548
7.98666666667
3.38387096774
-0.616129032258
-2.73214285714
4.56774193548
15.5833333333
21.0
23.0333333333
27.2161290323
27.2258064516
22.3366666667
17.0548387097
9.56333333333
-2.32580645161
-3.62580645161
-0.735714285714
3.23870967742
14.52
22.2483870968
26.3533333333
28.2258064516
28.7967741935
24.1433333333
14.1387096774
5.78666666667
2.73870967742
-0.633333333333
-0.396551724138
0.238709677419
13.9133333333
19.1935483871
24.0033333333
27.5161290323
27.2580645161
23.6833333333
16.4225806452
10.3133333333
-0.974193548387
-2.41612903226
2.39642857143
6.47419354839
10.1233333333
18.3870967742
25.1966666667
27.464516129
26.0225806452
25.5766666667
17.6
8.69333333333
1.27741935484
-3.12580645161
-2.55357142857
4.72903225806
14.1933333333
23.2032258065
24.7266666667
26.5870967742
26.4709677419
21.02
16.4741935484
7.72333333333
0.0193548387097
-5.82258064516
-3.95
6.65483870968
15.5133333333
19.264516129
27.17
28.6322580645
25.0677419355
21.9833333333
22.3225806452
10.5466666667
-2.36129032258
0.909677419355
1.24827586207
5.85806451613
14.5666666667
22.7290322581
26.3733333333
28.8322580645
24.8580645161
22.5266666667
15.3548387097
10.49
0.461290322581
-2.05161290323
-0.825
0.951612903226
9.5
22.8322580645
24.37
25.9516129032
25.5935483871
22.8333333333
13.9870967742
8.66
3.58709677419
-2.89032258065
0.128571428571
7.36451612903
10.8166666667
16.9677419355
26.47
29.9096774194
25.9548387097
20.86
15.5129032258
8.58666666667
0.267741935484
0.883870967742
-1.89642857143
4.02903225806
13.8133333333
16.0322580645
27.1166666667
26.0612903226
25.1870967742
22.3433333333
15.364516129
4.60666666667
2.34516129032
-2.81935483871
-1.61724137931
8.70967741935
16.21
17.8903225806
24.1966666667
27.9290322581
28.3387096774
24.95
17.5774193548
7.7
0.0387096774194
-2.35483870968
-0.403571428571
5.18387096774
15.0
19.9357142857
23.1964285714
27.4068965517
29.5533333333
23.7
16.1133333333
6.83666666667
-0.393548387097
-4.71
0.0321428571429
2.9
13.9133333333
21.5322580645
26.0071428571
28.1967741935
27.9709677419
23.37
16.9129032258
7.94137931034
1.12580645161
-3.38709677419
-0.207142857143
2.67096774194
12.2551724138
20.8290322581
28.54
27.8566666667
27.69
23.8066666667
19.6133333333
7.73
2.6275862069
-2.29666666667
-1.56206896552
1.97096774194
10.7
22.6225806452
23.5166666667
27.7903225806
25.7322580645
22.624137931
13.1225806452
5.48666666667
-0.00322580645161
1.45806451613
-0.578571428571
8.89032258065
13.4866666667
18.3193548387
26.7866666667
28.5225806452
28.5935483871
23.8566666667
18.4451612903
8.23793103448
1.04516129032
0.467741935484
-1.77307692308
5.53870967742
15.3466666667
17.8548387097
NaN
NaN
NaN
22.6266666667
15.94
8.55
1.54516129032
0.683333333333
0.153571428571
3.14666666667
9.07586206897
NaN
26.01
29.4166666667
27.3838709677
20.0966666667
18.1966666667
12.7896551724
1.84
-2.95161290323
4.04642857143
8.79677419355
13.6379310345
17.6
27.0733333333
26.5903225806
26.1266666667
21.4966666667
12.5096774194
4.54482758621
-2.21935483871
-7.07741935484
-0.717857142857
9.58709677419
15.1166666667
24.4806451613
24.15
28.8870967742
25.2129032258
22.3166666667
13.9032258065
8.17
0.626666666667
-3.31935483871
-3.81071428571
2.07
10.9866666667
20.0032258065
24.3466666667
26.6290322581
27.4935483871
23.57
14.6967741935
8.64
0.229032258065
-3.93333333333
-5.51428571429
7.26129032258
8.972
18.1838709677
24.98
26.3677419355
25.1290322581
23.61
13.7032258065
9.35185185185
NaN
NaN
NaN
NaN
NaN
NaN
20.8642857143
25.6258064516
26.2064516129
21.8965517241
11.13
5.7
NaN
-4.46333333333
0.239285714286
4.92258064516
13.6933333333
18.1612903226
24.8833333333
27.2
26.1064516129
19.9633333333
12.1580645161
8.73448275862
0.48
-3.76
-2.65357142857
2.65161290323
11.2892857143
22.0580645161
21.87
27.4967741935
24.5935483871
20.6866666667
17.4433333333
8.6037037037
5.24838709677
-0.376666666667
2.1962962963
6.45161290323
9.81666666667
16.7580645161
25.0
29.3935483871
27.3548387097
23.67
15.2129032258
7.94
-3.38666666667
-4.19032258065
3.80689655172
0.561290322581
12.6266666667
16.8967741935
25.1166666667
26.8129032258
27.6903225806
20.4233333333
16.624137931
7.72068965517
4.03214285714
-3.91
-1.78214285714
6.00322580645
15.4655172414
21.3483870968
22.6533333333
27.635483871
25.2290322581
22.7
15.9838709677
7.05555555556
-2.24
-1.17407407407
NaN
8.25517241379
14.7233333333
21.7666666667
23.8655172414
27.8896551724
25.1064516129
21.9724137931
14.96
NaN
NaN
-0.54
1.94615384615
8.93548387097
14.15
22.56
27.9133333333
NaN
26.2774193548
NaN
NaN
8.70689655172
2.51666666667
NaN
-1.26538461538
4.72
12.3965517241
NaN
NaN
NaN
NaN
NaN
NaN
9.45333333333
NaN
2.64
NaN
3.94137931034
10.67
19.164516129
23.92
27.9333333333
26.4096774194
21.5366666667
17.0064516129
6.22
NaN
NaN
NaN
NaN
NaN
NaN
NaN
NaN
NaN
NaN
NaN
10.875862069
2.63666666667
-1.8
1.175
8.57307692308
15.7178571429
23.9206896552
27.15
27.7129032258
27.264516129
NaN
NaN
NaN
3.18461538462
-0.277777777778
NaN
4.91071428571
10.3655172414
21.1285714286
23.5962962963
NaN
23.8535714286
NaN
14.075862069
NaN
2.97037037037
NaN
-1.25217391304
3.41
12.7185185185
19.8344827586
23.7413793103
NaN
27.6225806452
19.3862068966
14.2517241379
7.23
1.67096774194
-4.51612903226
-1.772
5.27931034483
15.0
19.1103448276
26.0103448276
26.9548387097
24.5548387097
22.4666666667
16.5290322581
10.4633333333
4.49310344828
-0.0193548387097
-0.329166666667
7.58666666667
9.92142857143
19.3793103448
27.7111111111
28.6580645161
28.2103448276
22.3285714286
17.3928571429
4.64
-0.619230769231
NaN
NaN
NaN
10.9851851852
18.2466666667
24.6133333333
25.7483870968
27.2741935484
21.7566666667
NaN
4.46296296296
NaN
-2.03703703704
1.63461538462
5.04285714286
12.637037037
15.75
26.1620689655
27.3964285714
NaN
NaN
NaN
NaN
NaN
NaN
NaN
NaN
NaN
NaN
24.9034482759
26.71
NaN
NaN
17.0428571429
9.47857142857
NaN
-2.23703703704
3.01304347826
5.89642857143
13.8285714286
21.525
26.525
28.5677419355
24.6666666667
24.0821428571
15.275
10.6038461538
NaN
NaN
2.78
11.325
11.75
20.1
NaN
25.1103448276
25.0678571429
21.137037037
16.7178571429
6.54444444444
-3.31538461538
-0.534482758621
NaN
3.84285714286
14.4259259259
20.4896551724
NaN
27.2538461538
NaN
21.544
14.6103448276
12.4821428571
4.12692307692
NaN
NaN
5.0037037037
12.1862068966
16.2892857143
25.6555555556
28.85
26.3793103448
25.375
12.8
NaN
0.710714285714
-4.46428571429
-2.12916666667
6.2
12.268
17.1592592593
23.8714285714
26.1516129032
26.7966666667
21.7566666667
14.1129032258
8.63703703704
NaN
NaN
0.532
7.16923076923
14.0678571429
19.4
23.1586206897
25.1344827586
23.4866666667
24.5034482759
14.9566666667
8.544
1.10769230769
NaN
NaN
3.60344827586
13.6464285714
18.5769230769
27.15
27.4103448276
27.2387096774
24.6137931034
15.9709677419
NaN
-1.89666666667
2.4064516129
-0.671428571429
4.93870967742
15.2033333333
19.7064516129
24.5133333333
27.5161290323
26.5935483871
19.95
12.1387096774
8.65862068966
3.91935483871
0.296666666667
-5.14074074074
6.09032258065
11.5448275862
20.9903225806
28.1
26.7064516129
26.3548387097
23.3586206897
18.635483871
6.57333333333
-0.277419354839
-0.377419354839
-2.90689655172
2.31612903226
15.39
16.7548387097
24.9433333333
26.235483871
24.6032258065
22.2966666667
13.8387096774
6.84333333333
-0.570967741935
-5.51612903226
0.478571428571
5.37096774194
12.0533333333
18.8483870968
22.08
23.5516129032
24.8483870968
21.9966666667
12.5129032258
10.1466666667
0.229032258065
-2.68709677419
-1.66071428571
7.87419354839
15.69
20.7
24.6266666667
28.1903225806
27.6451612903
21.6133333333
15.7709677419
8.42666666667
NaN
NaN
NaN
NaN
NaN
NaN
NaN
NaN
NaN
NaN
NaN
NaN
2.95666666667
0.8
2.18620689655
12.8172413793
12.5413793103
21.25
25.8533333333
29.4275862069
26.2516129032
22.3310344828
14.5838709677
7.18275862069
3.76206896552
-0.167741935484
-1.16071428571
2.49310344828
10.1827586207
19.8607142857
23.5733333333
25.8413793103
24.9612903226
21.26
15.9129032258
6.075
-0.742857142857
-5.47741935484
NaN
-0.683333333333
11.4344827586
18.8185185185
25.8137931034
25.3129032258
NaN
NaN
NaN
4.37333333333
2.16451612903
-4.48064516129
-7.73461538462
3.50333333333
12.4896551724
22.7833333333
24.0733333333
27.8296296296
26.7066666667
26.0571428571
16.2612903226
13.5689655172
7.36666666667
-1.9
0.886206896552
5.55666666667
10.8481481481
20.1592592593
NaN
