509.0
NaN
NaN
NaN
NaN
127.0
NaN
540.0
384.0
439.0
291.0
89.0
743.0
926.0
NaN
671.0
110.0
134.0
1030.0
718.0
250.0
445.0
369.0
140.0
139.0
295.0
1122.0
796.0
273.0
442.0
814.0
NaN
345.0
482.0
165.0
NaN
158.0
1415.0
990.0
1449.0
463.0
467.0
1044.0
813.0
NaN
170.0
566.0
231.0
178.0
NaN
201.0
NaN
480.0
427.0
818.0
109.0
152.0
303.0
208.0
328.0
656.0
712.0
NaN
732.0
773.0
503.0
438.0
NaN
520.0
78.0
97.0
363.0
891.0
878.0
845.0
NaN
400.0
1144.0
457.0
264.0
404.0
523.0
271.0
295.0
559.0
589.0
849.0
701.0
1138.0
580.0
1017.0
1360.0
407.0
182.0
229.0
211.0
716.0
310.0
985.0
760.0
837.0
260.0
1849.0
NaN
371.0
77.0
304.0
342.0
449.0
323.0
NaN
1358.0
2142.0
452.0
979.0
382.0
525.0
762.0
79.0
277.0
402.0
1366.0
1714.0
397.0
2067.0
2048.0
NaN
541.0
46.0
203.0
162.0
122.0
563.0
549.0
1318.0
594.0
721.0
523.0
1382.0
995.0
89.0
441.0
231.0
300.0
531.0
441.0
1661.0
1603.0
843.0
779.0
485.0
864.0
711.0
320.0
732.0
181.0
808.0
247.0
1412.0
529.0
1277.0
1104.0
1397.0
569.0
673.0
513.0
373.0
125.0
497.0
183.0
464.0
1374.0
1111.0
NaN
1461.0
244.0
347.0
236.0
127.0
381.0
493.0
611.0
1688.0
NaN
1197.0
1061.0
504.0
508.0
203.0
471.0
504.0
513.0
384.0
1500.0
623.0
NaN
328.0
1252.0
805.0
302.0
2018.0
569.0
469.0
231.0
13.0
651.0
995.0
13.0
185.0
1036.0
691.0
216.0
66.0
143.0
457.0
356.0
173.0
555.0
1446.0
358.0
912.0
2072.0
757.0
1452.0
444.0
670.0
154.0
128.0
NaN
469.0
783.0
937.0
1087.0
1254.0
855.0
262.0
196.0
325.0
229.0
171.0
1204.0
418.0
1442.0
457.0
1186.0
326.0
889.0
1326.0
520.0
99.0
519.0
119.0
287.0
858.0
1453.0
1601.0
757.0
785.0
1392.0
1115.0
107.0
299.0
449.0
1005.0
117.0
278.0
1820.0
890.0
1812.0
839.0
1411.0
465.0
533.0
222.0
692.0
158.0
394.0
730.0
1054.0
1781.0
942.0
546.0
1747.0
760.0
361.0
242.0
287.0
193.0
680.0
1018.0
942.0
1616.0
822.0
770.0
1105.0
739.0
30.0
62.0
202.0
65.0
470.0
634.0
1626.0
969.0
1929.0
1180.0
666.0
448.0
436.0
287.0
26.0
374.0
507.0
754.0
662.0
1840.0
896.0
582.0
1712.0
1006.0
791.0
215.0
250.0
74.0
717.0
946.0
1092.0
1103.0
730.0
788.0
526.0
758.0
1013.0
506.0
141.0
167.0
295.0
821.0
NaN
834.0
1291.0
1077.0
1701.0
508.0
363.0
214.0
292.0
996.0
352.0
810.0
986.0
471.0
915.0
354.0
551.0
536.0
1082.0
102.0
179.0
177.0
629.0
742.0
293.0
NaN
904.0
911.0
NaN
215.0
125.0
NaN
304.0
228.0
NaN
376.0
NaN
NaN
NaN
NaN
802.0
142.0
339.0
366.0
51.0
198.0
216.0
313.0
377.0
NaN
730.0
589.0
945.0
421.0
559.0
427.0
333.0
151.0
193.0
503.0
371.0
407.0
786.0
675.0
1255.0
440.0
475.0
267.0
71.0
33.0
592.0
981.0
1810.0
305.0
NaN
232.0
1073.0
813.0
517.0
340.0
88.0
674.0
241.0
583.0
434.0
893.0
1277.0
3252.0
1140.0
831.0
681.0
300.0
629.0
340.0
415.0
1113.0
859.0
418.0
812.0
304.0
900.0
589.0
310.0
122.0
295.0
148.0
234.0
699.0
1039.0
1467.0
533.0
596.0
518.0
NaN
784.0
72.0
163.0
186.0
594.0
388.0
961.0
690.0
401.0
480.0
2188.0
671.0
1198.0
533.0
685.0
394.0
456.0
898.0
1423.0
820.0
868.0
1809.0
346.0
310.0
447.0
471.0
239.0
115.0
937.0
572.0
997.0
176.0
1951.0
257.0
1055.0
391.0
61.0
237.0
196.0
51.0
409.0
303.0
282.0
606.0
1290.0
997.0
1482.0
653.0
1434.0
296.0
632.0
150.0
576.0
732.0
NaN
1369.0
821.0
684.0
443.0
1130.0
657.0
150.0
228.0
408.0
NaN
250.0
1147.0
706.0
257.0
1234.0
1729.0
488.0
253.0
326.0
558.0
328.0
199.0
639.0
666.0
1107.0
64.0
921.0
452.0
557.0
243.0
138.0
241.0
157.0
762.0
918.0
1275.0
2186.0
1807.0
1289.0
1696.0
336.0
762.0
206.0
269.0
473.0
168.0
417.0
554.0
747.0
398.0
1174.0
382.0
478.0
156.0
142.0
236.0
208.0
323.0
515.0
503.0
NaN
NaN
NaN
NaN
NaN
NaN
NaN
NaN
NaN
NaN
NaN
NaN
NaN
NaN
NaN
NaN
NaN
NaN
NaN
NaN
NaN
NaN
NaN
NaN
NaN
NaN
NaN
NaN
NaN
NaN
NaN
NaN
NaN
NaN
NaN
NaN
NaN
NaN
NaN
NaN
NaN
NaN
NaN
NaN
NaN
NaN
NaN
NaN
NaN
NaN
NaN
NaN
NaN
NaN
NaN
NaN
NaN
NaN
NaN
NaN
NaN
NaN
NaN
NaN
NaN
NaN
NaN
NaN
NaN
NaN
NaN
NaN
NaN
NaN
NaN
NaN
NaN
NaN
NaN
NaN
NaN
NaN
NaN
NaN
NaN
NaN
NaN
NaN
NaN
NaN
NaN
NaN
NaN
NaN
694.0
795.0
1057.0
320.0
1097.0
592.0
548.0
644.0
399.0
494.0
112.0
459.0
233.0
391.0
1378.0
871.0
267.0
474.0
249.0
194.0
330.0
303.0
409.0
642.0
1122.0
1340.0
1887.0
2726.0
628.0
491.0
185.0
99.0
386.0
213.0
384.0
883.0
1616.0
537.0
2007.0
1464.0
2165.0
492.0
1152.0
328.0
199.0
513.0
134.0
447.0
515.0
1299.0
799.0
1514.0
781.0
107.0
8.0
415.0
274.0
181.0
371.0
477.0
1354.0
533.0
1434.0
2533.0
1562.0
227.0
176.0
350.0
287.0
150.0
114.0
248.0
986.0
1231.0
1535.0
742.0
876.0
797.0
775.0
71.0
157.0
55.0
119.0
205.0
800.0
1149.0
753.0
791.0
327.0
613.0
424.0
153.0
155.0
135.0
143.0
895.0
640.0
973.0
630.0
2001.0
575.0
569.0
383.0
452.0
104.0
57.0
49.0
320.0
458.0
1713.0
993.0
1417.0
1251.0
553.0
279.0
784.0
170.0
80.0
8.0
63.0
478.0
314.0
754.0
1004.0
585.0
834.0
86.0
671.0
33.0
129.0
462.0
709.0
173.0
1555.0
1438.0
645.0
1486.0
1399.0
378.0
647.0
356.0
170.0
152.0
297.0
1130.0
1335.0
1562.0
882.0
1393.0
1109.0
663.0
274.0
142.0
28.0
351.0
691.0
345.0
552.0
456.0
1213.0
1175.0
1444.0
998.0
672.0
271.0
20.0
439.0
461.0
668.0
1084.0
1146.0
1889.0
1562.0
931.0
602.0
25.0
66.0
100.0
174.0
360.0
822.0
645.0
383.0
1392.0
759.0
509.0
265.0
295.0
130.0
54.0
41.0
363.0
1031.0
1214.0
1551.0
310.0
723.0
963.0
77.0
277.0
264.0
130.0
308.0
637.0
1424.0
1102.0
843.0
688.0
931.0
2820.0
306.0
479.0
493.0
237.0
417.0
790.0
245.0
699.0
1083.0
823.0
314.0
238.0
434.0
91.0
271.0
502.0
209.0
619.0
448.0
568.0
1396.0
411.0
496.0
280.0
663.0
118.0
307.0
183.0
59.0
286.0
1735.0
1447.0
1889.0
1675.0
729.0
830.0
914.0
163.0
543.0
602.0
13.0
199.0
739.0
796.0
2426.0
1489.0
84.0
793.0
839.0
93.0
386.0
79.0
84.0
419.0
454.0
1075.0
1228.0
2235.0
399.0
1642.0
982.0
527.0
299.0
370.0
665.0
361.0
678.0
1129.0
1460.0
497.0
241.0
511.0
242.0
851.0
386.0
122.0
148.0
517.0
425.0
839.0
578.0
1821.0
1422.0
2850.0
902.0
163.0
418.0
287.0
221.0
753.0
2146.0
1795.0
448.0
567.0
974.0
1098.0
743.0
434.0
594.0
86.0
290.0
435.0
877.0
1251.0
1629.0
852.0
1058.0
430.0
643.0
356.0
525.0
209.0
345.0
512.0
1094.0
871.0
1000.0
695.0
1250.0
182.0
81.0
1167.0
358.0
35.0
282.0
858.0
1775.0
1003.0
755.0
427.0
604.0
447.0
272.0
0.0
64.0
130.0
253.0
821.0
882.0
686.0
736.0
1377.0
934.0
1267.0
622.0
458.0
250.0
267.0
137.0
81.0
1127.0
1035.0
1135.0
1899.0
428.0
1152.0
455.0
600.0
152.0
304.0
121.0
575.0
625.0
1148.0
1098.0
961.0
1428.0
75.0
740.0
425.0
137.0
341.0
122.0
175.0
251.0
844.0
655.0
1031.0
2572.0
1275.0
442.0
130.0
150.0
28.0
435.0
115.0
1316.0
575.0
1346.0
1180.0
1698.0
NaN
440.0
290.0
282.0
382.0
23.0
409.0
545.0
1803.0
650.0
576.0
1409.0
521.0
960.0
1006.0
577.0
140.0
323.0
401.0
667.0
1512.0
1528.0
1240.0
1482.0
858.0
1021.0
952.0
277.0
74.0
88.0
351.0
1231.0
959.0
1245.0
657.0
665.0
377.0
945.0
566.0
363.0
214.0
202.0
397.0
769.0
521.0
501.0
388.0
1216.0
2297.0
423.0
847.0
294.0
63.0
206.0
298.0
776.0
1058.0
1149.0
766.0
715.0
2448.0
859.0
147.0
111.0
126.0
0.0
538.0
913.0
694.0
1192.0
1125.0
1270.0
490.0
91.0
554.0
514.0
230.0
90.0
409.0
635.0
310.0
152.0
817.0
1216.0
1037.0
151.0
756.0
NaN
38.0
66.0
268.0
703.0
690.0
364.0
477.0
1132.0
747.0
631.0
180.0
94.0
261.0
122.0
973.0
666.0
1194.0
2010.0
930.0
1832.0
467.0
561.0
178.0
673.0
195.0
38.0
745.0
1744.0
1960.0
550.0
569.0
799.0
1384.0
657.0
1182.0
366.0
257.0
183.0
522.0
1043.0
391.0
989.0
1631.0
538.0
1392.0
305.0
1232.0
284.0
305.0
280.0
519.0
1548.0
855.0
2999.0
2241.0
2188.0
565.0
427.0
292.0
102.0
438.0
412.0
44.0
799.0
371.0
956.0
1185.0
814.0
940.0
707.0
582.0
196.0
165.0
3.0
711.0
1035.0
1163.0
723.0
1250.0
1324.0
589.0
700.0
540.0
NaN
948.0
81.0
531.0
407.0
728.0
2065.0
294.0
715.0
465.0
1020.0
1006.0
257.0
285.0
340.0
610.0
634.0
746.0
819.0
1385.0
1000.0
921.0
895.0
72.0
126.0
271.0
683.0
741.0
798.0
922.0
2121.0
570.0
1505.0
371.0
1079.0
369.0
23.0
346.0
198.0
0.0
1676.0
1163.0
712.0
2505.0
972.0
344.0
269.0
544.0
97.0
150.0
125.0
193.0
324.0
1321.0
2967.0
1362.0
1607.0
272.0
345.0
544.0
468.0
246.0
264.0
266.0
883.0
1272.0
977.0
249.0
653.0
1595.0
443.0
303.0
182.0
71.0
333.0
369.0
762.0
1083.0
1255.0
1709.0
963.0
592.0
717.0
155.0
61.0
142.0
87.0
333.0
578.0
1070.0
972.0
445.0
232.0
586.0
178.0
854.0
125.0
128.0
333.0
1049.0
467.0
3083.0
1209.0
2209.0
1455.0
588.0
615.0
499.0
158.0
426.0
255.0
259.0
475.0
1362.0
1121.0
1486.0
531.0
1350.0
100.0
665.0
234.0
186.0
110.0
556.0
1245.0
821.0
1413.0
290.0
1039.0
1065.0
282.0
555.0
528.0
217.0
513.0
883.0
863.0
1279.0
1123.0
1080.0
3838.0
773.0
1101.0
13.0
371.0
211.0
268.0
373.0
2220.0
814.0
3582.0
819.0
601.0
461.0
487.0
504.0
417.0
151.0
242.0
369.0
1110.0
1192.0
749.0
984.0
1661.0
295.0
1488.0
100.0
788.0
220.0
176.0
201.0
769.0
995.0
1915.0
2107.0
1034.0
1109.0
125.0
604.0
837.0
221.0
338.0
766.0
1027.0
962.0
1298.0
814.0
591.0
636.0
382.0
466.0
546.0
212.0
276.0
560.0
1276.0
938.0
402.0
394.0
504.0
748.0
752.0
323.0
372.0
209.0
378.0
551.0
1831.0
2630.0
2790.0
630.0
885.0
415.0
631.0
510.0
185.0
186.0
381.0
500.0
1755.0
374.0
2196.0
273.0
1212.0
683.0
1045.0
206.0
245.0
118.0
209.0
350.0
893.0
1501.0
1818.0
550.0
605.0
516.0
471.0
796.0
1216.0
207.0
202.0
992.0
448.0
811.0
1534.0
2454.0
3401.0
2963.0
703.0
377.0
546.0
605.0
302.0
615.0
1412.0
1126.0
1090.0
698.0
521.0
NaN
NaN
