NaN
NaN
NaN
NaN
NaN
0.0
0.0
3.0
0.0
0.0
0.0
3.0
5.0
0.0
5.0
0.0
0.0
8.0
0.0
20.0
0.0
0.0
0.0
0.0
20.0
0.0
0.0
5.0
140.0
152.0
33.0
0.0
0.0
137.0
33.0
0.0
0.0
0.0
0.0
0.0
0.0
0.0
0.0
0.0
0.0
0.0
0.0
0.0
0.0
0.0
0.0
0.0
41.0
0.0
0.0
0.0
0.0
0.0
20.0
0.0
0.0
15.0
15.0
0.0
0.0
0.0
0.0
0.0
0.0
0.0
0.0
0.0
0.0
0.0
18.0
3.0
0.0
0.0
0.0
0.0
0.0
5.0
13.0
10.0
0.0
0.0
0.0
0.0
0.0
18.0
0.0
0.0
0.0
0.0
0.0
38.0
264.0
0.0
0.0
0.0
147.0
0.0
0.0
147.0
0.0
0.0
0.0
0.0
0.0
0.0
0.0
0.0
0.0
0.0
0.0
0.0
10.0
0.0
0.0
0.0
0.0
0.0
0.0
0.0
0.0
38.0
0.0
0.0
0.0
0.0
0.0
0.0
0.0
0.0
0.0
94.0
53.0
0.0
0.0
0.0
28.0
0.0
0.0
0.0
0.0
0.0
0.0
0.0
0.0
0.0
0.0
0.0
0.0
150.0
38.0
61.0
0.0
0.0
0.0
0.0
224.0
5.0
0.0
0.0
0.0
0.0
8.0
0.0
0.0
0.0
0.0
107.0
15.0
0.0
0.0
10.0
3.0
33.0
0.0
0.0
0.0
0.0
0.0
0.0
0.0
0.0
274.0
0.0
0.0
173.0
33.0
3.0
109.0
0.0
10.0
0.0
0.0
140.0
74.0
58.0
0.0
0.0
0.0
0.0
254.0
0.0
305.0
193.0
0.0
0.0
0.0
0.0
0.0
0.0
0.0
74.0
0.0
0.0
0.0
249.0
10.0
38.0
0.0
0.0
137.0
0.0
0.0
127.0
0.0
0.0
226.0
0.0
0.0
0.0
0.0
0.0
36.0
0.0
3.0
0.0
0.0
107.0
0.0
384.0
0.0
132.0
0.0
3.0
0.0
0.0
0.0
0.0
0.0
0.0
0.0
0.0
0.0
0.0
0.0
0.0
0.0
0.0
0.0
292.0
0.0
0.0
0.0
0.0
345.0
0.0
0.0
0.0
0.0
0.0
0.0
0.0
0.0
0.0
0.0
0.0
0.0
122.0
0.0
419.0
132.0
15.0
0.0
0.0
0.0
0.0
0.0
0.0
0.0
0.0
0.0
0.0
0.0
89.0
0.0
0.0
0.0
0.0
0.0
8.0
0.0
0.0
0.0
0.0
0.0
0.0
38.0
0.0
0.0
0.0
0.0
0.0
74.0
0.0
0.0
0.0
0.0
0.0
0.0
132.0
622.0
0.0
0.0
3.0
0.0
15.0
0.0
0.0
0.0
0.0
0.0
0.0
0.0
0.0
33.0
0.0
0.0
0.0
0.0
0.0
3.0
0.0
0.0
0.0
102.0
5.0
0.0
0.0
0.0
0.0
0.0
3.0
0.0
3.0
0.0
0.0
51.0
0.0
0.0
0.0
0.0
0.0
0.0
0.0
0.0
0.0
0.0
0.0
5.0
0.0
0.0
0.0
0.0
0.0
36.0
23.0
0.0
3.0
0.0
0.0
51.0
3.0
5.0
0.0
0.0
3.0
0.0
0.0
0.0
56.0
8.0
0.0
0.0
10.0
3.0
3.0
13.0
0.0
0.0
0.0
10.0
5.0
18.0
3.0
0.0
0.0
43.0
0.0
0.0
0.0
0.0
0.0
0.0
0.0
0.0
0.0
0.0
0.0
0.0
0.0
8.0
0.0
0.0
3.0
0.0
0.0
0.0
46.0
0.0
0.0
0.0
0.0
0.0
5.0
0.0
3.0
0.0
33.0
0.0
0.0
3.0
13.0
0.0
0.0
0.0
0.0
0.0
3.0
3.0
0.0
0.0
89.0
0.0
0.0
0.0
0.0
0.0
0.0
0.0
0.0
0.0
0.0
305.0
0.0
0.0
0.0
0.0
0.0
0.0
0.0
5.0
191.0
30.0
0.0
5.0
18.0
0.0
3.0
0.0
0.0
5.0
3.0
130.0
0.0
0.0
5.0
0.0
0.0
0.0
0.0
0.0
361.0
0.0
0.0
18.0
0.0
13.0
0.0
0.0
0.0
0.0
114.0
0.0
84.0
0.0
0.0
0.0
25.0
25.0
0.0
15.0
0.0
0.0
0.0
10.0
53.0
0.0
30.0
277.0
0.0
51.0
229.0
0.0
0.0
0.0
58.0
0.0
18.0
0.0
0.0
0.0
0.0
0.0
0.0
0.0
0.0
0.0
0.0
0.0
0.0
124.0
0.0
0.0
51.0
155.0
5.0
0.0
0.0
0.0
3.0
0.0
0.0
0.0
0.0
0.0
0.0
0.0
58.0
25.0
0.0
0.0
0.0
10.0
0.0
0.0
0.0
0.0
0.0
0.0
13.0
76.0
51.0
10.0
25.0
53.0
5.0
0.0
0.0
0.0
0.0
0.0
0.0
64.0
81.0
0.0
0.0
0.0
64.0
0.0
0.0
51.0
38.0
23.0
381.0
43.0
0.0
0.0
122.0
0.0
0.0
8.0
30.0
89.0
13.0
3.0
10.0
0.0
0.0
0.0
0.0
3.0
0.0
0.0
56.0
488.0
28.0
8.0
13.0
51.0
89.0
0.0
0.0
0.0
0.0
0.0
0.0
0.0
30.0
0.0
0.0
3.0
61.0
30.0
33.0
5.0
0.0
0.0
18.0
132.0
46.0
8.0
0.0
0.0
0.0
0.0
0.0
0.0
102.0
3.0
23.0
0.0
0.0
0.0
0.0
0.0
0.0
0.0
0.0
0.0
0.0
0.0
132.0
NaN
NaN
NaN
170.0
41.0
3.0
0.0
0.0
0.0
0.0
0.0
0.0
102.0
147.0
3.0
3.0
3.0
0.0
0.0
0.0
0.0
25.0
30.0
0.0
0.0
0.0
0.0
0.0
8.0
3.0
0.0
0.0
0.0
0.0
0.0
0.0
0.0
0.0
0.0
8.0
0.0
0.0
0.0
0.0
0.0
13.0
36.0
56.0
0.0
0.0
0.0
0.0
64.0
18.0
74.0
8.0
5.0
0.0
0.0
0.0
0.0
0.0
0.0
0.0
0.0
102.0
0.0
0.0
0.0
0.0
3.0
33.0
13.0
538.0
140.0
0.0
0.0
5.0
0.0
0.0
0.0
0.0
0.0
8.0
36.0
13.0
0.0
64.0
58.0
0.0
0.0
0.0
3.0
0.0
0.0
0.0
0.0
0.0
3.0
3.0
0.0
0.0
0.0
0.0
0.0
38.0
0.0
0.0
0.0
0.0
0.0
0.0
0.0
0.0
0.0
51.0
0.0
0.0
0.0
0.0
0.0
0.0
0.0
0.0
0.0
0.0
0.0
3.0
0.0
0.0
0.0
0.0
0.0
5.0
0.0
0.0
0.0
0.0
0.0
0.0
0.0
0.0
0.0
76.0
0.0
0.0
64.0
0.0
0.0
0.0
43.0
5.0
0.0
0.0
0.0
0.0
0.0
0.0
0.0
0.0
0.0
0.0
0.0
0.0
0.0
0.0
0.0
0.0
0.0
0.0
10.0
15.0
0.0
0.0
0.0
0.0
69.0
0.0
0.0
0.0
0.0
0.0
79.0
0.0
13.0
0.0
20.0
0.0
0.0
0.0
0.0
0.0
0.0
0.0
0.0
0.0
0.0
170.0
0.0
0.0
10.0
0.0
56.0
0.0
112.0
8.0
0.0
0.0
0.0
84.0
0.0
36.0
0.0
0.0
246.0
15.0
0.0
0.0
0.0
102.0
0.0
0.0
0.0
0.0
58.0
NaN
NaN
NaN
0.0
64.0
0.0
0.0
0.0
18.0
353.0
38.0
5.0
0.0
0.0
0.0
0.0
0.0
0.0
46.0
38.0
112.0
46.0
0.0
0.0
0.0
0.0
0.0
5.0
0.0
97.0
58.0
0.0
0.0
0.0
0.0
0.0
0.0
0.0
86.0
91.0
0.0
0.0
99.0
0.0
0.0
0.0
0.0
0.0
0.0
0.0
0.0
135.0
0.0
18.0
0.0
0.0
0.0
0.0
0.0
0.0
0.0
0.0
0.0
0.0
0.0
0.0
0.0
0.0
0.0
0.0
114.0
0.0
0.0
0.0
79.0
28.0
0.0
0.0
0.0
0.0
0.0
25.0
0.0
0.0
0.0
109.0
0.0
46.0
0.0
0.0
0.0
30.0
0.0
13.0
0.0
0.0
0.0
76.0
0.0
0.0
0.0
0.0
25.0
3.0
0.0
0.0
0.0
0.0
0.0
0.0
0.0
0.0
0.0
0.0
0.0
0.0
0.0
0.0
0.0
0.0
109.0
0.0
0.0
0.0
0.0
38.0
46.0
0.0
0.0
0.0
0.0
0.0
0.0
0.0
81.0
290.0
0.0
0.0
0.0
0.0
0.0
0.0
0.0
0.0
0.0
0.0
0.0
0.0
0.0
0.0
0.0
99.0
NaN
NaN
NaN
0.0
0.0
0.0
0.0
0.0
84.0
165.0
94.0
0.0
0.0
0.0
0.0
0.0
0.0
0.0
0.0
157.0
99.0
0.0
0.0
122.0
0.0
0.0
0.0
0.0
0.0
0.0
0.0
0.0
0.0
99.0
0.0
8.0
36.0
0.0
0.0
NaN
NaN
NaN
NaN
NaN
NaN
NaN
NaN
NaN
NaN
NaN
NaN
NaN
