0.0
0.0
0.0
0.0
0.0
0.0
0.0
0.0
185.0
198.0
307.0
0.0
0.0
0.0
0.0
0.0
0.0
279.0
0.0
168.0
25.0
0.0
0.0
0.0
0.0
191.0
104.0
0.0
0.0
0.0
140.0
8.0
43.0
157.0
0.0
0.0
0.0
541.0
56.0
58.0
3.0
0.0
640.0
0.0
0.0
0.0
602.0
208.0
0.0
0.0
0.0
0.0
33.0
246.0
0.0
0.0
292.0
69.0
0.0
0.0
0.0
554.0
0.0
0.0
0.0
0.0
0.0
267.0
33.0
0.0
0.0
0.0
0.0
0.0
0.0
0.0
0.0
0.0
0.0
0.0
0.0
0.0
0.0
0.0
0.0
135.0
0.0
0.0
196.0
0.0
0.0
0.0
0.0
0.0
157.0
117.0
0.0
0.0
0.0
0.0
0.0
0.0
0.0
0.0
0.0
0.0
8.0
0.0
0.0
0.0
406.0
0.0
0.0
0.0
0.0
0.0
0.0
0.0
0.0
0.0
0.0
0.0
94.0
0.0
0.0
0.0
0.0
0.0
241.0
0.0
0.0
0.0
0.0
0.0
0.0
0.0
254.0
229.0
0.0
0.0
0.0
0.0
0.0
0.0
0.0
0.0
0.0
0.0
0.0
0.0
0.0
0.0
0.0
0.0
0.0
0.0
0.0
0.0
0.0
0.0
0.0
0.0
0.0
0.0
292.0
0.0
0.0
0.0
0.0
0.0
0.0
419.0
0.0
64.0
0.0
0.0
0.0
0.0
0.0
0.0
0.0
193.0
0.0
0.0
0.0
0.0
0.0
0.0
46.0
0.0
0.0
0.0
0.0
0.0
0.0
0.0
0.0
0.0
0.0
0.0
0.0
0.0
0.0
0.0
0.0
0.0
0.0
0.0
0.0
0.0
0.0
0.0
0.0
0.0
25.0
198.0
5.0
0.0
23.0
0.0
0.0
0.0
0.0
0.0
107.0
0.0
0.0
0.0
64.0
0.0
0.0
0.0
0.0
0.0
0.0
0.0
0.0
0.0
0.0
0.0
0.0
0.0
0.0
0.0
0.0
0.0
0.0
0.0
0.0
0.0
0.0
20.0
64.0
0.0
0.0
0.0
0.0
3.0
0.0
0.0
0.0
20.0
23.0
0.0
0.0
15.0
0.0
0.0
0.0
0.0
0.0
0.0
0.0
5.0
10.0
0.0
3.0
13.0
69.0
5.0
0.0
0.0
0.0
0.0
0.0
0.0
0.0
0.0
0.0
0.0
0.0
0.0
43.0
30.0
0.0
0.0
0.0
10.0
0.0
8.0
5.0
66.0
0.0
0.0
5.0
0.0
0.0
0.0
0.0
0.0
0.0
0.0
0.0
0.0
0.0
0.0
0.0
0.0
0.0
0.0
0.0
0.0
0.0
0.0
0.0
0.0
0.0
0.0
0.0
0.0
0.0
0.0
46.0
0.0
0.0
5.0
0.0
10.0
46.0
0.0
0.0
0.0
0.0
0.0
0.0
0.0
0.0
0.0
0.0
0.0
0.0
0.0
0.0
0.0
0.0
0.0
0.0
5.0
0.0
56.0
0.0
0.0
0.0
0.0
0.0
234.0
0.0
0.0
0.0
0.0
0.0
0.0
0.0
0.0
0.0
0.0
0.0
0.0
0.0
81.0
76.0
0.0
0.0
0.0
0.0
0.0
0.0
36.0
0.0
0.0
0.0
0.0
0.0
0.0
330.0
0.0
8.0
0.0
0.0
89.0
0.0
0.0
5.0
432.0
15.0
147.0
0.0
0.0
51.0
0.0
33.0
0.0
0.0
0.0
0.0
0.0
15.0
0.0
411.0
5.0
0.0
246.0
373.0
0.0
0.0
0.0
0.0
157.0
0.0
23.0
0.0
0.0
0.0
0.0
36.0
0.0
0.0
0.0
0.0
46.0
0.0
0.0
119.0
48.0
0.0
0.0
0.0
0.0
43.0
0.0
330.0
0.0
0.0
0.0
51.0
0.0
173.0
0.0
0.0
0.0
145.0
198.0
0.0
0.0
117.0
0.0
0.0
0.0
0.0
0.0
183.0
0.0
0.0
0.0
0.0
0.0
343.0
53.0
0.0
0.0
0.0
0.0
0.0
0.0
0.0
0.0
0.0
0.0
0.0
0.0
0.0
0.0
0.0
0.0
0.0
0.0
0.0
13.0
23.0
8.0
0.0
0.0
33.0
0.0
699.0
3.0
0.0
244.0
0.0
0.0
279.0
0.0
0.0
0.0
0.0
0.0
0.0
0.0
0.0
0.0
0.0
0.0
0.0
0.0
0.0
0.0
97.0
0.0
0.0
0.0
0.0
0.0
0.0
0.0
0.0
0.0
0.0
0.0
198.0
0.0
0.0
0.0
0.0
0.0
254.0
51.0
0.0
0.0
0.0
0.0
0.0
0.0
0.0
0.0
0.0
8.0
94.0
0.0
0.0
0.0
0.0
0.0
0.0
0.0
0.0
0.0
0.0
0.0
25.0
0.0
107.0
351.0
0.0
0.0
0.0
0.0
0.0
165.0
51.0
0.0
0.0
0.0
0.0
20.0
104.0
0.0
0.0
0.0
0.0
0.0
0.0
0.0
0.0
0.0
18.0
165.0
284.0
0.0
0.0
0.0
20.0
0.0
28.0
0.0
0.0
0.0
0.0
0.0
61.0
142.0
0.0
0.0
0.0
0.0
0.0
0.0
0.0
0.0
0.0
0.0
0.0
0.0
0.0
0.0
5.0
0.0
0.0
0.0
0.0
0.0
0.0
0.0
0.0
0.0
0.0
0.0
0.0
0.0
0.0
0.0
0.0
0.0
0.0
0.0
0.0
0.0
0.0
0.0
0.0
0.0
0.0
0.0
0.0
0.0
0.0
8.0
0.0
0.0
0.0
0.0
0.0
0.0
0.0
0.0
38.0
0.0
25.0
41.0
0.0
0.0
0.0
0.0
0.0
0.0
0.0
58.0
0.0
0.0
41.0
0.0
0.0
0.0
0.0
0.0
0.0
0.0
0.0
0.0
0.0
0.0
0.0
0.0
363.0
0.0
0.0
0.0
0.0
33.0
89.0
0.0
0.0
0.0
0.0
0.0
0.0
0.0
0.0
0.0
107.0
0.0
0.0
0.0
0.0
0.0
0.0
0.0
0.0
0.0
0.0
0.0
0.0
0.0
0.0
0.0
15.0
0.0
0.0
0.0
0.0
10.0
0.0
0.0
0.0
48.0
102.0
196.0
46.0
0.0
0.0
0.0
84.0
368.0
99.0
0.0
0.0
0.0
0.0
0.0
0.0
0.0
20.0
8.0
43.0
25.0
0.0
0.0
0.0
0.0
0.0
0.0
234.0
191.0
46.0
48.0
0.0
0.0
0.0
8.0
305.0
0.0
0.0
0.0
0.0
23.0
0.0
0.0
0.0
8.0
0.0
0.0
0.0
0.0
0.0
0.0
51.0
0.0
739.0
0.0
102.0
0.0
0.0
0.0
0.0
0.0
0.0
0.0
0.0
0.0
0.0
0.0
0.0
0.0
0.0
0.0
0.0
0.0
0.0
127.0
0.0
0.0
0.0
0.0
38.0
33.0
0.0
51.0
330.0
23.0
0.0
0.0
277.0
48.0
0.0
0.0
0.0
69.0
0.0
0.0
0.0
0.0
0.0
0.0
0.0
41.0
0.0
0.0
0.0
0.0
0.0
0.0
0.0
8.0
0.0
0.0
0.0
0.0
0.0
0.0
0.0
538.0
0.0
0.0
0.0
0.0
76.0
0.0
0.0
0.0
0.0
0.0
0.0
0.0
0.0
33.0
107.0
0.0
8.0
0.0
0.0
254.0
0.0
58.0
5.0
0.0
5.0
0.0
0.0
0.0
0.0
0.0
0.0
0.0
18.0
5.0
0.0
239.0
18.0
0.0
0.0
0.0
15.0
8.0
0.0
0.0
0.0
0.0
104.0
0.0
0.0
0.0
0.0
0.0
0.0
0.0
0.0
0.0
191.0
48.0
0.0
0.0
0.0
0.0
0.0
0.0
0.0
0.0
0.0
0.0
0.0
0.0
0.0
0.0
89.0
0.0
0.0
160.0
254.0
0.0
0.0
0.0
0.0
0.0
0.0
0.0
0.0
0.0
0.0
18.0
56.0
376.0
33.0
0.0
0.0
0.0
0.0
0.0
0.0
5.0
0.0
0.0
0.0
0.0
0.0
0.0
0.0
0.0
0.0
0.0
0.0
0.0
0.0
0.0
0.0
0.0
0.0
0.0
0.0
0.0
0.0
0.0
0.0
0.0
109.0
343.0
165.0
0.0
0.0
127.0
0.0
0.0
0.0
0.0
58.0
0.0
81.0
0.0
0.0
0.0
0.0
0.0
0.0
0.0
0.0
0.0
0.0
0.0
157.0
0.0
0.0
165.0
0.0
0.0
0.0
0.0
0.0
0.0
0.0
0.0
0.0
81.0
0.0
0.0
0.0
0.0
0.0
0.0
0.0
0.0
0.0
0.0
0.0
0.0
23.0
0.0
0.0
0.0
28.0
0.0
0.0
0.0
0.0
0.0
0.0
0.0
0.0
0.0
0.0
188.0
0.0
0.0
0.0
0.0
0.0
0.0
0.0
0.0
140.0
56.0
0.0
0.0
0.0
0.0
8.0
48.0
0.0
0.0
0.0
0.0
8.0
0.0
0.0
0.0
74.0
0.0
0.0
0.0
0.0
0.0
0.0
0.0
0.0
0.0
NaN
NaN
0.0
0.0
0.0
0.0
0.0
0.0
0.0
122.0
8.0
0.0
0.0
0.0
0.0
0.0
0.0
0.0
0.0
5.0
71.0
0.0
145.0
99.0
0.0
0.0
102.0
135.0
0.0
0.0
107.0
157.0
30.0
0.0
0.0
0.0
0.0
18.0
43.0
0.0
0.0
0.0
0.0
0.0
0.0
0.0
0.0
0.0
0.0
0.0
0.0
84.0
140.0
25.0
8.0
0.0
0.0
0.0
0.0
0.0
18.0
0.0
0.0
0.0
0.0
25.0
0.0
0.0
0.0
84.0
0.0
0.0
0.0
0.0
0.0
0.0
3.0
0.0
0.0
0.0
0.0
0.0
234.0
0.0
0.0
0.0
0.0
0.0
0.0
0.0
0.0
0.0
483.0
122.0
183.0
241.0
76.0
0.0
216.0
8.0
58.0
0.0
25.0
0.0
0.0
191.0
25.0
51.0
76.0
15.0
0.0
0.0
0.0
160.0
5.0
0.0
0.0
282.0
51.0
439.0
0.0
10.0
0.0
0.0
152.0
48.0
0.0
0.0
0.0
76.0
0.0
0.0
0.0
0.0
0.0
0.0
0.0
0.0
8.0
0.0
89.0
13.0
0.0
0.0
74.0
107.0
0.0
396.0
239.0
30.0
5.0
10.0
0.0
0.0
0.0
0.0
0.0
0.0
274.0
0.0
0.0
0.0
0.0
0.0
0.0
0.0
0.0
0.0
0.0
0.0
0.0
0.0
556.0
0.0
0.0
0.0
0.0
0.0
0.0
0.0
0.0
0.0
0.0
0.0
0.0
0.0
0.0
0.0
0.0
0.0
46.0
0.0
0.0
0.0
0.0
0.0
211.0
282.0
97.0
0.0
0.0
3.0
0.0
13.0
81.0
0.0
0.0
0.0
74.0
109.0
0.0
109.0
0.0
0.0
0.0
0.0
0.0
0.0
0.0
0.0
28.0
43.0
0.0
89.0
333.0
0.0
0.0
0.0
0.0
0.0
0.0
0.0
0.0
0.0
99.0
0.0
0.0
0.0
102.0
490.0
147.0
33.0
0.0
0.0
28.0
104.0
20.0
208.0
0.0
0.0
0.0
0.0
0.0
0.0
0.0
0.0
0.0
0.0
0.0
0.0
0.0
0.0
0.0
0.0
0.0
0.0
0.0
8.0
0.0
0.0
0.0
0.0
0.0
0.0
89.0
0.0
0.0
0.0
0.0
0.0
0.0
0.0
0.0
0.0
0.0
0.0
0.0
0.0
0.0
0.0
0.0
0.0
0.0
0.0
0.0
0.0
0.0
0.0
23.0
0.0
56.0
0.0
0.0
0.0
0.0
127.0
0.0
0.0
0.0
0.0
0.0
0.0
0.0
0.0
0.0
0.0
13.0
0.0
0.0
0.0
25.0
0.0
0.0
0.0
0.0
0.0
0.0
0.0
0.0
41.0
0.0
3.0
0.0
0.0
0.0
0.0
81.0
0.0
0.0
0.0
58.0
0.0
0.0
0.0
0.0
0.0
0.0
0.0
114.0
0.0
5.0
0.0
86.0
0.0
0.0
0.0
0.0
0.0
0.0
0.0
0.0
0.0
0.0
8.0
0.0
97.0
53.0
0.0
0.0
0.0
0.0
0.0
0.0
0.0
0.0
0.0
0.0
0.0
0.0
13.0
18.0
0.0
0.0
0.0
0.0
30.0
0.0
0.0
0.0
0.0
0.0
0.0
0.0
104.0
191.0
0.0
0.0
33.0
0.0
0.0
0.0
0.0
51.0
605.0
43.0
18.0
0.0
0.0
0.0
0.0
0.0
196.0
198.0
0.0
33.0
373.0
5.0
0.0
0.0
0.0
0.0
0.0
0.0
338.0
5.0
8.0
0.0
0.0
0.0
8.0
102.0
0.0
0.0
157.0
25.0
117.0
0.0
0.0
0.0
300.0
0.0
10.0
0.0
0.0
0.0
0.0
0.0
0.0
0.0
305.0
46.0
0.0
0.0
0.0
0.0
0.0
0.0
0.0
0.0
3.0
229.0
8.0
18.0
0.0
0.0
69.0
46.0
0.0
20.0
3.0
0.0
330.0
0.0
0.0
0.0
0.0
0.0
318.0
99.0
18.0
173.0
0.0
0.0
0.0
0.0
0.0
0.0
0.0
318.0
0.0
0.0
0.0
0.0
0.0
0.0
0.0
51.0
66.0
0.0
0.0
0.0
0.0
0.0
NaN
NaN
NaN
NaN
NaN
NaN
NaN
NaN
0.0
0.0
114.0
0.0
0.0
0.0
0.0
0.0
0.0
0.0
0.0
38.0
0.0
0.0
0.0
0.0
38.0
23.0
0.0
0.0
0.0
0.0
0.0
0.0
0.0
0.0
0.0
0.0
0.0
0.0
0.0
0.0
0.0
0.0
0.0
94.0
0.0
0.0
0.0
0.0
0.0
0.0
53.0
0.0
0.0
0.0
0.0
0.0
0.0
0.0
0.0
0.0
0.0
0.0
0.0
0.0
0.0
368.0
0.0
0.0
0.0
0.0
0.0
0.0
0.0
0.0
0.0
0.0
0.0
0.0
0.0
0.0
0.0
0.0
0.0
0.0
0.0
0.0
0.0
0.0
0.0
0.0
0.0
0.0
0.0
0.0
0.0
0.0
0.0
0.0
15.0
0.0
0.0
0.0
0.0
0.0
0.0
0.0
0.0
0.0
0.0
0.0
0.0
0.0
0.0
0.0
0.0
0.0
0.0
0.0
0.0
0.0
0.0
0.0
432.0
0.0
0.0
0.0
0.0
0.0
0.0
0.0
0.0
0.0
0.0
0.0
13.0
0.0
0.0
0.0
0.0
0.0
0.0
0.0
0.0
0.0
20.0
0.0
0.0
0.0
0.0
69.0
0.0
0.0
0.0
0.0
0.0
0.0
0.0
0.0
0.0
0.0
0.0
0.0
0.0
0.0
0.0
0.0
0.0
0.0
0.0
0.0
0.0
0.0
0.0
0.0
0.0
0.0
0.0
0.0
0.0
0.0
0.0
0.0
0.0
0.0
0.0
0.0
0.0
0.0
0.0
10.0
0.0
0.0
0.0
0.0
0.0
0.0
0.0
0.0
0.0
0.0
0.0
0.0
0.0
0.0
0.0
0.0
0.0
0.0
0.0
66.0
0.0
0.0
0.0
0.0
114.0
81.0
76.0
43.0
0.0
0.0
0.0
0.0
0.0
102.0
0.0
0.0
0.0
0.0
0.0
0.0
0.0
0.0
0.0
0.0
0.0
0.0
0.0
0.0
0.0
114.0
0.0
0.0
0.0
0.0
216.0
0.0
0.0
25.0
0.0
0.0
0.0
0.0
69.0
0.0
0.0
0.0
0.0
0.0
0.0
0.0
0.0
0.0
0.0
0.0
0.0
0.0
0.0
58.0
74.0
0.0
0.0
46.0
36.0
0.0
0.0
30.0
0.0
0.0
102.0
0.0
0.0
0.0
130.0
20.0
0.0
0.0
0.0
0.0
0.0
0.0
46.0
0.0
0.0
0.0
0.0
0.0
0.0
0.0
0.0
0.0
0.0
0.0
0.0
0.0
0.0
0.0
0.0
198.0
114.0
0.0
0.0
0.0
0.0
0.0
51.0
0.0
0.0
0.0
0.0
0.0
0.0
0.0
0.0
0.0
0.0
0.0
211.0
0.0
76.0
0.0
325.0
0.0
160.0
0.0
0.0
0.0
1588.0
0.0
305.0
0.0
0.0
0.0
0.0
0.0
0.0
102.0
183.0
262.0
0.0
0.0
0.0
0.0
0.0
0.0
132.0
0.0
0.0
0.0
0.0
79.0
0.0
0.0
94.0
0.0
0.0
0.0
0.0
234.0
0.0
107.0
0.0
48.0
0.0
51.0
0.0
0.0
0.0
56.0
0.0
0.0
0.0
0.0
0.0
0.0
0.0
0.0
0.0
0.0
0.0
0.0
0.0
0.0
0.0
470.0
0.0
0.0
0.0
0.0
0.0
56.0
0.0
0.0
0.0
0.0
0.0
0.0
0.0
15.0
33.0
0.0
0.0
0.0
0.0
0.0
0.0
0.0
0.0
0.0
0.0
0.0
0.0
0.0
0.0
0.0
102.0
38.0
13.0
127.0
46.0
81.0
0.0
0.0
0.0
0.0
0.0
0.0
0.0
0.0
0.0
102.0
43.0
0.0
0.0
0.0
0.0
0.0
0.0
0.0
145.0
0.0
0.0
0.0
0.0
0.0
0.0
0.0
0.0
51.0
0.0
10.0
8.0
0.0
0.0
0.0
64.0
0.0
20.0
56.0
0.0
0.0
0.0
152.0
246.0
0.0
0.0
0.0
0.0
10.0
0.0
0.0
0.0
0.0
0.0
0.0
0.0
0.0
0.0
0.0
0.0
0.0
0.0
0.0
0.0
0.0
0.0
0.0
0.0
25.0
0.0
0.0
0.0
0.0
0.0
0.0
0.0
0.0
51.0
0.0
25.0
0.0
0.0
0.0
0.0
0.0
0.0
0.0
8.0
0.0
0.0
0.0
0.0
0.0
0.0
0.0
0.0
0.0
0.0
0.0
0.0
0.0
0.0
0.0
0.0
0.0
0.0
0.0
0.0
30.0
30.0
0.0
94.0
0.0
0.0
0.0
0.0
0.0
0.0
0.0
0.0
0.0
0.0
0.0
137.0
0.0
43.0
213.0
51.0
0.0
0.0
0.0
0.0
0.0
0.0
0.0
0.0
10.0
411.0
25.0
0.0
0.0
0.0
0.0
5.0
0.0
0.0
0.0
0.0
0.0
0.0
0.0
0.0
300.0
284.0
0.0
104.0
76.0
0.0
0.0
0.0
0.0
0.0
0.0
0.0
0.0
0.0
0.0
13.0
127.0
0.0
0.0
20.0
86.0
0.0
0.0
0.0
0.0
0.0
64.0
0.0
0.0
0.0
0.0
0.0
0.0
0.0
64.0
51.0
0.0
0.0
0.0
0.0
0.0
0.0
0.0
0.0
0.0
0.0
142.0
140.0
0.0
0.0
66.0
0.0
0.0
0.0
0.0
0.0
5.0
13.0
43.0
0.0
0.0
0.0
0.0
0.0
0.0
0.0
18.0
0.0
127.0
211.0
71.0
20.0
0.0
0.0
48.0
79.0
157.0
0.0
0.0
0.0
0.0
0.0
0.0
0.0
0.0
0.0
130.0
0.0
0.0
0.0
8.0
0.0
0.0
0.0
0.0
165.0
185.0
0.0
13.0
0.0
46.0
86.0
368.0
0.0
0.0
0.0
81.0
66.0
0.0
0.0
218.0
5.0
0.0
0.0
0.0
0.0
272.0
213.0
0.0
0.0
0.0
0.0
0.0
0.0
0.0
0.0
0.0
0.0
0.0
0.0
0.0
0.0
0.0
0.0
0.0
0.0
0.0
51.0
351.0
0.0
0.0
0.0
0.0
0.0
0.0
465.0
216.0
0.0
0.0
18.0
0.0
254.0
5.0
0.0
437.0
0.0
0.0
0.0
0.0
0.0
0.0
0.0
0.0
0.0
0.0
0.0
0.0
0.0
0.0
0.0
0.0
0.0
20.0
58.0
0.0
246.0
0.0
0.0
0.0
0.0
0.0
69.0
114.0
0.0
0.0
0.0
0.0
0.0
0.0
0.0
0.0
0.0
0.0
0.0
18.0
262.0
81.0
23.0
0.0
0.0
0.0
0.0
0.0
20.0
206.0
305.0
13.0
132.0
0.0
0.0
0.0
188.0
0.0
0.0
0.0
0.0
0.0
0.0
0.0
0.0
0.0
0.0
0.0
152.0
0.0
0.0
0.0
0.0
18.0
0.0
0.0
58.0
0.0
66.0
114.0
0.0
0.0
0.0
0.0
0.0
0.0
69.0
5.0
8.0
0.0
0.0
0.0
0.0
0.0
0.0
0.0
0.0
0.0
0.0
0.0
0.0
0.0
0.0
0.0
0.0
0.0
0.0
0.0
0.0
0.0
0.0
0.0
0.0
0.0
0.0
0.0
0.0
0.0
213.0
30.0
3.0
0.0
0.0
0.0
3.0
0.0
0.0
0.0
0.0
0.0
0.0
0.0
0.0
0.0
0.0
0.0
0.0
0.0
0.0
0.0
0.0
0.0
0.0
0.0
0.0
0.0
0.0
0.0
0.0
0.0
0.0
0.0
0.0
0.0
0.0
0.0
0.0
0.0
0.0
0.0
0.0
0.0
0.0
0.0
0.0
0.0
0.0
0.0
0.0
0.0
0.0
0.0
0.0
0.0
23.0
0.0
0.0
0.0
0.0
0.0
0.0
0.0
0.0
0.0
0.0
20.0
160.0
5.0
0.0
0.0
0.0
0.0
0.0
0.0
0.0
0.0
25.0
0.0
0.0
0.0
0.0
0.0
0.0
0.0
0.0
0.0
94.0
0.0
0.0
0.0
0.0
0.0
0.0
0.0
0.0
0.0
23.0
0.0
0.0
0.0
0.0
0.0
0.0
10.0
0.0
0.0
0.0
0.0
0.0
0.0
0.0
0.0
0.0
0.0
18.0
0.0
0.0
0.0
0.0
64.0
0.0
0.0
13.0
122.0
0.0
0.0
0.0
0.0
0.0
0.0
0.0
0.0
0.0
0.0
142.0
0.0
0.0
0.0
0.0
0.0
0.0
0.0
0.0
0.0
33.0
0.0
97.0
0.0
0.0
13.0
0.0
203.0
0.0
0.0
0.0
0.0
0.0
5.0
0.0
0.0
0.0
447.0
0.0
0.0
0.0
0.0
175.0
36.0
0.0
0.0
0.0
23.0
58.0
0.0
0.0
0.0
0.0
0.0
0.0
20.0
188.0
0.0
147.0
0.0
0.0
0.0
0.0
0.0
0.0
0.0
15.0
0.0
0.0
0.0
0.0
0.0
0.0
0.0
208.0
107.0
0.0
0.0
0.0
0.0
41.0
0.0
0.0
0.0
0.0
0.0
0.0
0.0
0.0
64.0
0.0
0.0
0.0
0.0
0.0
0.0
0.0
15.0
0.0
0.0
0.0
0.0
43.0
102.0
0.0
0.0
0.0
0.0
0.0
0.0
0.0
0.0
0.0
0.0
0.0
0.0
0.0
18.0
178.0
0.0
43.0
13.0
0.0
0.0
0.0
0.0
0.0
0.0
0.0
0.0
0.0
0.0
0.0
0.0
0.0
0.0
472.0
0.0
0.0
269.0
61.0
5.0
30.0
13.0
0.0
48.0
8.0
0.0
0.0
0.0
0.0
0.0
0.0
0.0
0.0
0.0
0.0
0.0
0.0
0.0
0.0
0.0
0.0
0.0
0.0
0.0
0.0
3.0
86.0
0.0
0.0
0.0
15.0
64.0
69.0
0.0
0.0
0.0
0.0
0.0
0.0
20.0
0.0
0.0
0.0
0.0
84.0
140.0
211.0
0.0
46.0
0.0
0.0
0.0
0.0
0.0
3.0
0.0
0.0
0.0
0.0
102.0
0.0
0.0
0.0
0.0
0.0
36.0
132.0
135.0
20.0
0.0
69.0
5.0
165.0
28.0
0.0
0.0
5.0
46.0
10.0
0.0
0.0
0.0
0.0
0.0
0.0
0.0
0.0
15.0
8.0
0.0
0.0
0.0
0.0
0.0
0.0
0.0
0.0
0.0
0.0
0.0
0.0
0.0
0.0
0.0
0.0
0.0
0.0
0.0
0.0
0.0
0.0
0.0
0.0
0.0
0.0
0.0
0.0
0.0
0.0
0.0
0.0
0.0
0.0
0.0
0.0
0.0
0.0
0.0
0.0
0.0
0.0
0.0
0.0
0.0
0.0
0.0
0.0
0.0
0.0
0.0
0.0
0.0
0.0
0.0
0.0
0.0
0.0
0.0
0.0
0.0
38.0
0.0
0.0
0.0
0.0
0.0
0.0
25.0
0.0
0.0
0.0
0.0
0.0
0.0
0.0
30.0
0.0
0.0
0.0
25.0
0.0
0.0
0.0
0.0
0.0
0.0
0.0
0.0
0.0
46.0
66.0
20.0
0.0
0.0
0.0
0.0
0.0
0.0
0.0
25.0
0.0
0.0
0.0
0.0
10.0
0.0
0.0
0.0
0.0
0.0
0.0
0.0
0.0
0.0
0.0
0.0
0.0
0.0
0.0
0.0
0.0
0.0
30.0
356.0
10.0
0.0
0.0
0.0
0.0
0.0
0.0
0.0
0.0
0.0
0.0
0.0
0.0
0.0
107.0
0.0
13.0
152.0
0.0
0.0
0.0
0.0
0.0
0.0
0.0
0.0
20.0
0.0
0.0
51.0
312.0
0.0
0.0
0.0
178.0
51.0
0.0
0.0
0.0
0.0
91.0
0.0
0.0
0.0
0.0
0.0
0.0
81.0
30.0
262.0
20.0
0.0
0.0
0.0
0.0
10.0
0.0
0.0
0.0
0.0
208.0
0.0
0.0
0.0
0.0
51.0
0.0
0.0
20.0
0.0
0.0
0.0
0.0
150.0
84.0
0.0
0.0
76.0
0.0
25.0
0.0
554.0
0.0
0.0
318.0
0.0
0.0
0.0
0.0
0.0
8.0
0.0
0.0
0.0
152.0
20.0
0.0
46.0
0.0
33.0
107.0
0.0
0.0
0.0
0.0
0.0
0.0
0.0
0.0
0.0
0.0
330.0
0.0
0.0
0.0
0.0
0.0
0.0
0.0
0.0
0.0
0.0
0.0
10.0
0.0
0.0
0.0
0.0
0.0
0.0
0.0
0.0
0.0
61.0
25.0
0.0
0.0
0.0
0.0
0.0
0.0
0.0
0.0
79.0
0.0
0.0
0.0
0.0
0.0
0.0
0.0
0.0
0.0
0.0
0.0
0.0
0.0
0.0
0.0
127.0
23.0
18.0
0.0
157.0
201.0
0.0
0.0
0.0
0.0
0.0
0.0
0.0
0.0
8.0
0.0
114.0
0.0
5.0
0.0
0.0
0.0
0.0
38.0
0.0
25.0
0.0
0.0
0.0
0.0
0.0
0.0
0.0
0.0
0.0
81.0
0.0
0.0
0.0
0.0
0.0
0.0
0.0
0.0
0.0
0.0
163.0
0.0
300.0
0.0
0.0
0.0
0.0
0.0
0.0
0.0
0.0
0.0
0.0
0.0
0.0
0.0
13.0
0.0
0.0
0.0
0.0
127.0
183.0
226.0
0.0
0.0
0.0
0.0
0.0
0.0
0.0
0.0
0.0
0.0
0.0
0.0
46.0
51.0
0.0
0.0
0.0
0.0
33.0
0.0
0.0
0.0
0.0
0.0
0.0
0.0
0.0
0.0
234.0
5.0
8.0
0.0
0.0
0.0
0.0
155.0
0.0
0.0
15.0
254.0
0.0
5.0
0.0
0.0
0.0
0.0
0.0
0.0
10.0
0.0
0.0
0.0
0.0
0.0
0.0
0.0
0.0
0.0
0.0
0.0
41.0
48.0
0.0
0.0
0.0
0.0
0.0
0.0
0.0
0.0
0.0
0.0
0.0
48.0
8.0
0.0
0.0
0.0
0.0
0.0
0.0
0.0
165.0
10.0
0.0
0.0
0.0
0.0
0.0
84.0
10.0
0.0
10.0
30.0
0.0
0.0
0.0
0.0
0.0
0.0
0.0
0.0
0.0
0.0
0.0
0.0
0.0
0.0
0.0
0.0
0.0
0.0
0.0
0.0
0.0
0.0
0.0
114.0
0.0
5.0
69.0
376.0
5.0
0.0
0.0
0.0
0.0
0.0
0.0
0.0
81.0
0.0
15.0
0.0
0.0
0.0
0.0
0.0
0.0
0.0
38.0
15.0
46.0
5.0
340.0
0.0
0.0
0.0
0.0
0.0
0.0
0.0
0.0
0.0
28.0
0.0
0.0
20.0
0.0
0.0
0.0
0.0
0.0
0.0
0.0
0.0
0.0
41.0
0.0
0.0
13.0
0.0
NaN
0.0
0.0
0.0
0.0
5.0
173.0
0.0
20.0
0.0
0.0
0.0
0.0
0.0
33.0
51.0
20.0
0.0
38.0
69.0
0.0
0.0
0.0
325.0
0.0
0.0
0.0
0.0
119.0
0.0
71.0
0.0
0.0
0.0
0.0
124.0
38.0
5.0
0.0
0.0
0.0
0.0
18.0
0.0
0.0
0.0
20.0
0.0
0.0
173.0
0.0
13.0
8.0
69.0
97.0
10.0
0.0
0.0
0.0
0.0
0.0
5.0
0.0
13.0
0.0
0.0
0.0
0.0
69.0
76.0
38.0
76.0
15.0
0.0
5.0
38.0
0.0
0.0
709.0
0.0
0.0
0.0
64.0
0.0
0.0
0.0
0.0
0.0
84.0
0.0
15.0
140.0
0.0
0.0
0.0
127.0
0.0
0.0
0.0
8.0
0.0
0.0
0.0
0.0
0.0
0.0
0.0
0.0
15.0
0.0
0.0
0.0
0.0
0.0
0.0
0.0
81.0
0.0
0.0
0.0
0.0
183.0
119.0
71.0
0.0
0.0
0.0
0.0
0.0
0.0
0.0
0.0
0.0
0.0
69.0
0.0
0.0
0.0
0.0
0.0
0.0
0.0
0.0
25.0
25.0
0.0
0.0
0.0
0.0
0.0
0.0
0.0
0.0
0.0
0.0
0.0
0.0
0.0
0.0
0.0
0.0
0.0
0.0
0.0
0.0
0.0
20.0
0.0
0.0
0.0
0.0
0.0
0.0
0.0
0.0
0.0
0.0
0.0
0.0
0.0
5.0
0.0
0.0
0.0
43.0
33.0
NaN
0.0
NaN
0.0
NaN
0.0
0.0
NaN
0.0
0.0
0.0
0.0
0.0
0.0
15.0
0.0
0.0
0.0
23.0
0.0
0.0
5.0
51.0
0.0
0.0
0.0
0.0
0.0
0.0
0.0
36.0
0.0
51.0
20.0
0.0
0.0
0.0
0.0
0.0
71.0
0.0
0.0
0.0
0.0
0.0
0.0
0.0
0.0
0.0
0.0
0.0
0.0
0.0
0.0
0.0
0.0
0.0
0.0
0.0
0.0
0.0
0.0
0.0
0.0
0.0
0.0
0.0
114.0
18.0
64.0
58.0
0.0
0.0
51.0
0.0
0.0
0.0
46.0
0.0
0.0
0.0
0.0
0.0
0.0
0.0
0.0
0.0
0.0
0.0
0.0
0.0
0.0
0.0
0.0
0.0
0.0
0.0
0.0
0.0
0.0
0.0
91.0
173.0
0.0
107.0
0.0
0.0
NaN
NaN
13.0
0.0
0.0
0.0
0.0
5.0
15.0
0.0
0.0
0.0
0.0
0.0
0.0
0.0
0.0
0.0
0.0
0.0
0.0
0.0
0.0
0.0
0.0
0.0
0.0
0.0
0.0
0.0
0.0
0.0
0.0
0.0
0.0
0.0
0.0
0.0
58.0
71.0
0.0
28.0
0.0
0.0
0.0
0.0
0.0
0.0
0.0
0.0
0.0
0.0
0.0
282.0
345.0
0.0
0.0
0.0
135.0
241.0
0.0
0.0
0.0
0.0
0.0
0.0
0.0
46.0
411.0
0.0
0.0
0.0
0.0
0.0
0.0
0.0
0.0
0.0
0.0
0.0
0.0
0.0
0.0
0.0
0.0
NaN
NaN
0.0
0.0
361.0
660.0
0.0
0.0
0.0
0.0
0.0
0.0
0.0
0.0
0.0
0.0
0.0
0.0
0.0
0.0
0.0
0.0
0.0
0.0
NaN
NaN
NaN
NaN
NaN
NaN
NaN
NaN
NaN
NaN
NaN
NaN
NaN
NaN
NaN
NaN
NaN
NaN
NaN
NaN
NaN
NaN
NaN
NaN
NaN
NaN
NaN
NaN
NaN
NaN
0.0
8.0
0.0
0.0
0.0
0.0
0.0
0.0
0.0
0.0
0.0
0.0
0.0
0.0
0.0
0.0
0.0
345.0
13.0
0.0
0.0
0.0
15.0
0.0
0.0
711.0
254.0
0.0
0.0
0.0
0.0
0.0
0.0
0.0
0.0
0.0
0.0
0.0
0.0
0.0
0.0
0.0
15.0
310.0
221.0
0.0
0.0
0.0
NaN
NaN
122.0
0.0
0.0
0.0
0.0
8.0
170.0
8.0
NaN
NaN
0.0
0.0
0.0
13.0
51.0
0.0
0.0
0.0
0.0
28.0
0.0
0.0
0.0
0.0
0.0
0.0
23.0
18.0
0.0
0.0
0.0
0.0
0.0
0.0
0.0
0.0
0.0
0.0
0.0
0.0
13.0
0.0
0.0
330.0
0.0
0.0
0.0
0.0
0.0
0.0
0.0
0.0
0.0
140.0
0.0
0.0
0.0
0.0
0.0
0.0
0.0
305.0
0.0
0.0
58.0
0.0
0.0
0.0
0.0
0.0
0.0
0.0
0.0
0.0
0.0
0.0
0.0
0.0
0.0
0.0
0.0
0.0
0.0
0.0
0.0
0.0
0.0
41.0
74.0
0.0
0.0
0.0
3.0
0.0
0.0
0.0
0.0
0.0
0.0
0.0
163.0
5.0
0.0
3.0
0.0
0.0
0.0
0.0
5.0
0.0
33.0
0.0
0.0
0.0
0.0
0.0
15.0
0.0
0.0
0.0
15.0
0.0
0.0
0.0
0.0
0.0
104.0
0.0
0.0
0.0
0.0
0.0
0.0
0.0
0.0
0.0
0.0
0.0
0.0
0.0
0.0
0.0
0.0
0.0
0.0
0.0
0.0
0.0
0.0
0.0
0.0
0.0
0.0
0.0
38.0
0.0
0.0
0.0
0.0
0.0
0.0
152.0
20.0
0.0
0.0
0.0
0.0
0.0
0.0
0.0
0.0
0.0
0.0
0.0
0.0
13.0
0.0
0.0
0.0
0.0
0.0
0.0
0.0
0.0
0.0
0.0
0.0
0.0
0.0
0.0
0.0
0.0
0.0
0.0
0.0
0.0
10.0
104.0
0.0
0.0
46.0
0.0
0.0
0.0
0.0
10.0
0.0
0.0
0.0
0.0
5.0
0.0
76.0
94.0
0.0
0.0
0.0
0.0
0.0
8.0
0.0
0.0
0.0
89.0
0.0
127.0
64.0
0.0
0.0
0.0
13.0
0.0
0.0
0.0
0.0
0.0
0.0
0.0
0.0
5.0
0.0
0.0
0.0
0.0
0.0
0.0
23.0
0.0
38.0
13.0
0.0
5.0
NaN
NaN
0.0
0.0
71.0
58.0
10.0
0.0
0.0
0.0
160.0
0.0
0.0
0.0
0.0
0.0
0.0
0.0
0.0
0.0
0.0
0.0
0.0
0.0
0.0
0.0
0.0
0.0
69.0
0.0
0.0
117.0
0.0
18.0
0.0
0.0
79.0
0.0
178.0
0.0
0.0
0.0
0.0
229.0
0.0
0.0
0.0
0.0
0.0
0.0
114.0
0.0
0.0
0.0
81.0
33.0
18.0
0.0
0.0
0.0
10.0
0.0
0.0
0.0
0.0
0.0
38.0
0.0
0.0
0.0
0.0
0.0
56.0
18.0
0.0
0.0
163.0
0.0
0.0
0.0
0.0
0.0
0.0
648.0
64.0
0.0
0.0
0.0
0.0
0.0
0.0
0.0
0.0
0.0
0.0
0.0
183.0
0.0
0.0
0.0
84.0
0.0
0.0
0.0
0.0
0.0
0.0
157.0
0.0
0.0
76.0
114.0
239.0
15.0
0.0
0.0
0.0
0.0
0.0
457.0
8.0
81.0
0.0
0.0
0.0
0.0
0.0
10.0
0.0
0.0
0.0
0.0
0.0
0.0
140.0
56.0
0.0
0.0
0.0
0.0
5.0
381.0
0.0
0.0
0.0
0.0
191.0
0.0
0.0
0.0
0.0
0.0
10.0
0.0
0.0
0.0
0.0
0.0
0.0
0.0
0.0
0.0
0.0
0.0
0.0
81.0
0.0
0.0
0.0
66.0
140.0
13.0
8.0
0.0
0.0
56.0
64.0
0.0
0.0
0.0
305.0
0.0
0.0
0.0
0.0
0.0
0.0
0.0
0.0
0.0
0.0
0.0
0.0
0.0
0.0
0.0
0.0
0.0
13.0
0.0
0.0
0.0
0.0
0.0
0.0
0.0
0.0
0.0
0.0
0.0
0.0
0.0
203.0
0.0
0.0
0.0
0.0
0.0
0.0
0.0
0.0
0.0
0.0
0.0
0.0
0.0
0.0
8.0
0.0
0.0
0.0
0.0
0.0
0.0
0.0
10.0
198.0
18.0
0.0
0.0
0.0
0.0
0.0
0.0
0.0
84.0
135.0
36.0
0.0
0.0
0.0
0.0
0.0
0.0
0.0
0.0
0.0
0.0
0.0
0.0
0.0
89.0
0.0
0.0
0.0
0.0
0.0
79.0
0.0
0.0
0.0
0.0
0.0
0.0
0.0
0.0
0.0
0.0
0.0
0.0
0.0
0.0
0.0
0.0
0.0
0.0
0.0
0.0
0.0
0.0
127.0
0.0
0.0
0.0
0.0
0.0
0.0
0.0
0.0
0.0
0.0
13.0
157.0
0.0
0.0
0.0
46.0
8.0
0.0
0.0
0.0
0.0
0.0
0.0
15.0
0.0
0.0
0.0
0.0
0.0
0.0
0.0
0.0
0.0
0.0
0.0
20.0
178.0
0.0
0.0
0.0
0.0
0.0
41.0
0.0
165.0
157.0
0.0
0.0
0.0
0.0
0.0
0.0
0.0
0.0
0.0
0.0
356.0
18.0
0.0
5.0
0.0
0.0
0.0
0.0
0.0
0.0
0.0
0.0
0.0
18.0
272.0
0.0
0.0
NaN
0.0
0.0
0.0
0.0
0.0
0.0
0.0
0.0
0.0
0.0
0.0
0.0
0.0
0.0
0.0
0.0
76.0
13.0
0.0
0.0
0.0
0.0
0.0
0.0
0.0
622.0
43.0
0.0
193.0
0.0
0.0
23.0
0.0
28.0
0.0
0.0
0.0
0.0
0.0
0.0
30.0
0.0
0.0
0.0
0.0
46.0
0.0
0.0
0.0
0.0
0.0
15.0
0.0
0.0
0.0
312.0
0.0
0.0
0.0
0.0
0.0
0.0
0.0
0.0
0.0
0.0
0.0
0.0
0.0
0.0
0.0
0.0
0.0
0.0
0.0
0.0
0.0
38.0
0.0
0.0
0.0
185.0
0.0
0.0
109.0
0.0
89.0
0.0
0.0
0.0
0.0
0.0
51.0
226.0
0.0
56.0
0.0
0.0
0.0
0.0
0.0
145.0
564.0
0.0
0.0
0.0
0.0
0.0
0.0
0.0
0.0
0.0
0.0
0.0
0.0
0.0
259.0
701.0
0.0
0.0
0.0
0.0
0.0
25.0
0.0
0.0
0.0
0.0
0.0
0.0
0.0
51.0
0.0
0.0
0.0
0.0
0.0
0.0
0.0
0.0
0.0
0.0
0.0
91.0
0.0
0.0
0.0
0.0
0.0
0.0
0.0
0.0
0.0
0.0
0.0
0.0
0.0
140.0
0.0
0.0
0.0
0.0
246.0
0.0
0.0
0.0
0.0
267.0
152.0
330.0
0.0
0.0
292.0
38.0
0.0
0.0
25.0
0.0
0.0
0.0
0.0
0.0
0.0
0.0
0.0
0.0
0.0
0.0
0.0
0.0
0.0
0.0
0.0
0.0
0.0
0.0
0.0
0.0
0.0
0.0
0.0
0.0
0.0
0.0
0.0
0.0
0.0
30.0
0.0
0.0
0.0
0.0
0.0
0.0
0.0
0.0
69.0
119.0
0.0
0.0
0.0
0.0
94.0
8.0
8.0
0.0
0.0
3.0
0.0
0.0
33.0
0.0
0.0
0.0
0.0
0.0
0.0
0.0
69.0
0.0
0.0
0.0
0.0
64.0
0.0
0.0
229.0
0.0
0.0
0.0
0.0
0.0
0.0
0.0
0.0
0.0
0.0
0.0
0.0
0.0
0.0
0.0
0.0
89.0
0.0
0.0
0.0
0.0
0.0
0.0
0.0
0.0
0.0
0.0
0.0
0.0
0.0
0.0
0.0
0.0
0.0
0.0
0.0
229.0
0.0
0.0
0.0
0.0
0.0
0.0
0.0
0.0
0.0
0.0
0.0
178.0
0.0
0.0
0.0
0.0
0.0
0.0
0.0
0.0
0.0
0.0
0.0
0.0
0.0
279.0
0.0
0.0
0.0
0.0
0.0
0.0
0.0
0.0
0.0
0.0
0.0
147.0
0.0
13.0
81.0
0.0
0.0
0.0
0.0
0.0
0.0
0.0
0.0
0.0
0.0
0.0
0.0
140.0
0.0
0.0
0.0
94.0
0.0
0.0
0.0
97.0
91.0
58.0
41.0
0.0
0.0
0.0
0.0
0.0
0.0
137.0
8.0
0.0
0.0
0.0
0.0
0.0
318.0
0.0
41.0
0.0
0.0
0.0
0.0
102.0
0.0
0.0
0.0
0.0
140.0
0.0
122.0
20.0
91.0
0.0
0.0
0.0
0.0
0.0
0.0
0.0
0.0
0.0
0.0
0.0
84.0
160.0
0.0
23.0
38.0
46.0
0.0
160.0
0.0
0.0
0.0
18.0
0.0
0.0
241.0
0.0
84.0
64.0
58.0
0.0
284.0
0.0
0.0
0.0
216.0
0.0
0.0
0.0
168.0
0.0
8.0
0.0
114.0
33.0
0.0
53.0
0.0
0.0
0.0
0.0
0.0
0.0
0.0
0.0
0.0
0.0
0.0
10.0
0.0
0.0
0.0
58.0
0.0
0.0
0.0
0.0
76.0
0.0
0.0
0.0
0.0
20.0
0.0
10.0
0.0
0.0
0.0
0.0
53.0
0.0
0.0
0.0
0.0
0.0
0.0
0.0
0.0
0.0
0.0
0.0
0.0
0.0
0.0
0.0
0.0
0.0
0.0
0.0
0.0
0.0
0.0
0.0
25.0
0.0
0.0
0.0
0.0
0.0
107.0
0.0
0.0
0.0
0.0
0.0
51.0
0.0
0.0
64.0
89.0
25.0
0.0
0.0
56.0
706.0
0.0
0.0
0.0
0.0
0.0
0.0
0.0
0.0
0.0
0.0
224.0
0.0
0.0
0.0
0.0
58.0
0.0
0.0
0.0
0.0
0.0
0.0
0.0
406.0
36.0
0.0
0.0
0.0
0.0
0.0
157.0
163.0
36.0
0.0
30.0
0.0
0.0
0.0
99.0
231.0
28.0
5.0
0.0
0.0
0.0
0.0
0.0
0.0
0.0
0.0
0.0
0.0
0.0
58.0
0.0
0.0
0.0
0.0
41.0
64.0
0.0
0.0
10.0
0.0
0.0
0.0
0.0
0.0
0.0
0.0
0.0
0.0
0.0
0.0
0.0
0.0
15.0
71.0
0.0
0.0
0.0
8.0
0.0
0.0
0.0
0.0
0.0
0.0
0.0
0.0
0.0
0.0
0.0
0.0
64.0
0.0
51.0
0.0
0.0
0.0
0.0
8.0
0.0
0.0
140.0
0.0
0.0
0.0
0.0
0.0
0.0
0.0
0.0
0.0
0.0
0.0
0.0
0.0
0.0
0.0
0.0
0.0
0.0
0.0
0.0
0.0
0.0
0.0
0.0
0.0
0.0
0.0
0.0
46.0
0.0
0.0
0.0
0.0
0.0
0.0
0.0
0.0
0.0
0.0
0.0
0.0
0.0
0.0
0.0
0.0
0.0
5.0
0.0
38.0
0.0
0.0
0.0
0.0
0.0
0.0
0.0
0.0
0.0
0.0
0.0
0.0
0.0
81.0
0.0
0.0
0.0
0.0
5.0
0.0
94.0
109.0
0.0
79.0
0.0
0.0
0.0
0.0
0.0
0.0
0.0
0.0
0.0
0.0
0.0
0.0
0.0
193.0
0.0
0.0
0.0
48.0
38.0
0.0
0.0
0.0
38.0
20.0
0.0
0.0
8.0
0.0
0.0
0.0
198.0
0.0
0.0
137.0
15.0
0.0
0.0
0.0
5.0
46.0
0.0
0.0
0.0
0.0
0.0
0.0
64.0
754.0
20.0
0.0
51.0
0.0
0.0
0.0
0.0
0.0
0.0
0.0
0.0
0.0
0.0
0.0
0.0
196.0
0.0
99.0
221.0
0.0
0.0
0.0
0.0
0.0
0.0
0.0
124.0
0.0
0.0
18.0
0.0
0.0
0.0
0.0
0.0
577.0
0.0
0.0
NaN
NaN
33.0
221.0
0.0
109.0
56.0
0.0
23.0
8.0
330.0
249.0
0.0
130.0
0.0
8.0
188.0
10.0
0.0
0.0
36.0
0.0
0.0
13.0
0.0
0.0
0.0
0.0
0.0
91.0
0.0
0.0
0.0
10.0
84.0
356.0
0.0
0.0
183.0
274.0
15.0
0.0
84.0
0.0
0.0
0.0
86.0
0.0
0.0
0.0
0.0
0.0
0.0
0.0
64.0
0.0
0.0
132.0
0.0
0.0
137.0
10.0
0.0
0.0
0.0
0.0
183.0
0.0
0.0
0.0
0.0
0.0
91.0
196.0
0.0
0.0
114.0
15.0
0.0
0.0
0.0
0.0
170.0
417.0
0.0
0.0
0.0
0.0
0.0
0.0
0.0
112.0
0.0
0.0
0.0
0.0
51.0
8.0
0.0
0.0
0.0
0.0
0.0
0.0
0.0
0.0
0.0
0.0
0.0
58.0
0.0
0.0
0.0
112.0
0.0
0.0
0.0
0.0
43.0
0.0
0.0
0.0
NaN
NaN
0.0
0.0
36.0
0.0
0.0
0.0
0.0
79.0
0.0
0.0
0.0
0.0
0.0
0.0
13.0
239.0
109.0
0.0
0.0
0.0
0.0
0.0
0.0
97.0
0.0
0.0
0.0
0.0
0.0
0.0
0.0
0.0
0.0
0.0
0.0
0.0
0.0
0.0
0.0
0.0
160.0
406.0
0.0
0.0
0.0
0.0
0.0
0.0
51.0
0.0
0.0
0.0
0.0
0.0
0.0
0.0
0.0
0.0
0.0
0.0
0.0
0.0
66.0
155.0
0.0
0.0
0.0
0.0
0.0
0.0
0.0
0.0
0.0
0.0
0.0
0.0
0.0
25.0
41.0
132.0
15.0
0.0
0.0
0.0
0.0
0.0
109.0
0.0
25.0
0.0
0.0
0.0
53.0
0.0
0.0
0.0
0.0
0.0
0.0
0.0
0.0
0.0
0.0
0.0
0.0
46.0
0.0
0.0
36.0
0.0
0.0
0.0
0.0
0.0
0.0
0.0
0.0
0.0
0.0
0.0
0.0
0.0
51.0
0.0
41.0
8.0
0.0
0.0
0.0
0.0
0.0
0.0
0.0
0.0
0.0
0.0
104.0
0.0
64.0
0.0
0.0
0.0
0.0
0.0
0.0
0.0
0.0
0.0
0.0
0.0
0.0
0.0
0.0
97.0
23.0
137.0
15.0
20.0
0.0
0.0
0.0
0.0
0.0
0.0
140.0
0.0
0.0
0.0
15.0
361.0
0.0
0.0
99.0
0.0
0.0
0.0
0.0
0.0
36.0
0.0
0.0
0.0
13.0
13.0
0.0
0.0
0.0
0.0
0.0
0.0
0.0
208.0
0.0
0.0
0.0
0.0
0.0
0.0
249.0
104.0
102.0
0.0
0.0
0.0
0.0
41.0
0.0
0.0
25.0
0.0
0.0
0.0
213.0
0.0
0.0
0.0
221.0
0.0
130.0
0.0
0.0
0.0
198.0
0.0
0.0
94.0
180.0
0.0
0.0
0.0
0.0
0.0
185.0
0.0
0.0
0.0
53.0
0.0
394.0
8.0
0.0
0.0
0.0
0.0
109.0
8.0
0.0
0.0
8.0
56.0
64.0
368.0
91.0
0.0
0.0
0.0
300.0
236.0
0.0
0.0
0.0
0.0
0.0
36.0
0.0
0.0
0.0
0.0
0.0
0.0
20.0
445.0
25.0
0.0
0.0
0.0
0.0
173.0
69.0
0.0
0.0
264.0
0.0
0.0
61.0
0.0
23.0
30.0
0.0
0.0
0.0
64.0
0.0
0.0
0.0
0.0
0.0
173.0
0.0
38.0
0.0
0.0
0.0
NaN
0.0
0.0
43.0
0.0
0.0
0.0
0.0
46.0
0.0
0.0
0.0
56.0
0.0
0.0
183.0
0.0
0.0
0.0
0.0
0.0
0.0
0.0
0.0
0.0
0.0
361.0
399.0
0.0
0.0
0.0
0.0
0.0
0.0
0.0
0.0
0.0
0.0
0.0
424.0
0.0
8.0
0.0
0.0
0.0
0.0
0.0
38.0
0.0
155.0
0.0
43.0
0.0
0.0
0.0
0.0
0.0
0.0
0.0
0.0
0.0
0.0
0.0
0.0
0.0
0.0
0.0
0.0
0.0
0.0
0.0
0.0
0.0
0.0
0.0
0.0
0.0
0.0
485.0
0.0
0.0
0.0
0.0
0.0
0.0
0.0
0.0
0.0
0.0
0.0
0.0
0.0
0.0
0.0
0.0
0.0
0.0
0.0
320.0
224.0
0.0
0.0
0.0
15.0
5.0
0.0
0.0
0.0
0.0
0.0
0.0
0.0
0.0
0.0
0.0
0.0
0.0
0.0
0.0
0.0
0.0
0.0
0.0
0.0
0.0
0.0
0.0
0.0
8.0
0.0
0.0
0.0
0.0
0.0
NaN
5.0
0.0
0.0
0.0
0.0
0.0
0.0
0.0
0.0
0.0
8.0
0.0
13.0
NaN
NaN
NaN
NaN
NaN
NaN
NaN
NaN
NaN
NaN
NaN
NaN
NaN
NaN
NaN
NaN
NaN
NaN
NaN
NaN
NaN
NaN
NaN
NaN
NaN
NaN
NaN
NaN
NaN
NaN
NaN
NaN
NaN
NaN
NaN
NaN
NaN
NaN
NaN
NaN
NaN
NaN
NaN
NaN
NaN
NaN
NaN
NaN
NaN
NaN
NaN
NaN
NaN
NaN
NaN
NaN
NaN
NaN
NaN
NaN
NaN
NaN
NaN
NaN
NaN
NaN
NaN
NaN
NaN
NaN
NaN
NaN
NaN
NaN
NaN
NaN
NaN
NaN
NaN
NaN
NaN
NaN
NaN
NaN
NaN
NaN
NaN
NaN
NaN
NaN
NaN
NaN
NaN
NaN
NaN
NaN
NaN
NaN
NaN
NaN
NaN
NaN
NaN
NaN
NaN
NaN
NaN
NaN
NaN
NaN
NaN
NaN
NaN
NaN
NaN
NaN
NaN
NaN
NaN
NaN
NaN
NaN
NaN
NaN
NaN
NaN
NaN
NaN
NaN
NaN
NaN
NaN
NaN
NaN
NaN
NaN
NaN
NaN
NaN
NaN
NaN
NaN
NaN
NaN
NaN
NaN
NaN
NaN
NaN
NaN
NaN
NaN
NaN
NaN
NaN
NaN
NaN
NaN
NaN
NaN
NaN
NaN
NaN
NaN
NaN
NaN
NaN
NaN
NaN
NaN
NaN
NaN
NaN
NaN
NaN
NaN
NaN
NaN
NaN
NaN
NaN
NaN
0.0
76.0
203.0
0.0
25.0
63.0
38.0
0.0
0.0
0.0
13.0
203.0
0.0
0.0
0.0
0.0
0.0
0.0
0.0
0.0
28.0
0.0
305.0
69.0
0.0
0.0
0.0
13.0
112.0
0.0
0.0
0.0
0.0
0.0
0.0
51.0
287.0
160.0
20.0
0.0
0.0
287.0
99.0
0.0
69.0
119.0
25.0
0.0
356.0
249.0
0.0
0.0
0.0
0.0
0.0
0.0
0.0
0.0
0.0
0.0
132.0
0.0
0.0
0.0
28.0
0.0
0.0
0.0
0.0
0.0
76.0
0.0
0.0
0.0
8.0
0.0
28.0
33.0
8.0
163.0
0.0
0.0
0.0
0.0
0.0
0.0
0.0
0.0
0.0
0.0
0.0
0.0
0.0
0.0
0.0
0.0
0.0
0.0
0.0
0.0
5.0
0.0
15.0
0.0
0.0
0.0
0.0
0.0
0.0
0.0
0.0
0.0
0.0
0.0
0.0
0.0
0.0
0.0
0.0
0.0
0.0
0.0
0.0
8.0
81.0
0.0
0.0
0.0
0.0
315.0
399.0
0.0
0.0
0.0
0.0
0.0
0.0
0.0
0.0
0.0
0.0
0.0
0.0
20.0
0.0
0.0
0.0
13.0
0.0
0.0
0.0
0.0
0.0
0.0
178.0
254.0
0.0
0.0
0.0
0.0
5.0
0.0
0.0
0.0
0.0
218.0
13.0
0.0
0.0
0.0
0.0
8.0
10.0
0.0
0.0
0.0
0.0
0.0
0.0
0.0
0.0
0.0
0.0
0.0
0.0
0.0
0.0
0.0
0.0
0.0
0.0
0.0
0.0
0.0
0.0
0.0
0.0
0.0
0.0
13.0
0.0
0.0
0.0
0.0
0.0
0.0
0.0
0.0
0.0
0.0
0.0
0.0
0.0
0.0
0.0
0.0
277.0
58.0
61.0
0.0
0.0
0.0
0.0
0.0
0.0
0.0
18.0
0.0
0.0
0.0
0.0
0.0
0.0
0.0
41.0
0.0
0.0
0.0
0.0
0.0
0.0
0.0
15.0
0.0
0.0
0.0
0.0
0.0
0.0
0.0
0.0
0.0
0.0
0.0
51.0
0.0
0.0
0.0
0.0
0.0
0.0
0.0
63.0
147.0
130.0
94.0
0.0
0.0
0.0
5.0
0.0
102.0
0.0
0.0
0.0
0.0
0.0
0.0
170.0
0.0
5.0
76.0
0.0
0.0
0.0
0.0
170.0
0.0
386.0
0.0
0.0
5.0
0.0
0.0
0.0
0.0
0.0
0.0
0.0
0.0
0.0
25.0
0.0
41.0
0.0
0.0
173.0
76.0
0.0
0.0
117.0
0.0
0.0
0.0
0.0
0.0
0.0
0.0
0.0
0.0
0.0
0.0
0.0
0.0
0.0
0.0
0.0
0.0
0.0
0.0
0.0
0.0
0.0
0.0
66.0
0.0
0.0
0.0
0.0
0.0
0.0
0.0
0.0
0.0
0.0
234.0
0.0
0.0
0.0
0.0
0.0
549.0
0.0
0.0
0.0
152.0
0.0
94.0
102.0
0.0
0.0
0.0
0.0
0.0
0.0
236.0
0.0
0.0
0.0
0.0
0.0
0.0
0.0
1240.0
0.0
0.0
0.0
0.0
0.0
0.0
0.0
0.0
0.0
0.0
0.0
0.0
0.0
0.0
0.0
0.0
0.0
0.0
0.0
0.0
5.0
0.0
0.0
41.0
0.0
0.0
25.0
0.0
0.0
0.0
48.0
0.0
0.0
0.0
0.0
0.0
0.0
0.0
0.0
0.0
0.0
0.0
0.0
0.0
0.0
0.0
445.0
1196.0
0.0
0.0
0.0
0.0
0.0
0.0
0.0
0.0
5.0
0.0
0.0
0.0
0.0
0.0
0.0
0.0
0.0
330.0
15.0
0.0
0.0
0.0
5.0
0.0
0.0
0.0
0.0
0.0
0.0
0.0
0.0
0.0
0.0
0.0
0.0
0.0
0.0
0.0
0.0
0.0
43.0
0.0
0.0
0.0
0.0
0.0
0.0
64.0
274.0
0.0
0.0
0.0
8.0
25.0
8.0
0.0
0.0
0.0
0.0
25.0
0.0
0.0
0.0
0.0
0.0
0.0
0.0
0.0
0.0
0.0
15.0
0.0
0.0
0.0
0.0
0.0
229.0
0.0
0.0
0.0
0.0
0.0
0.0
0.0
0.0
0.0
0.0
0.0
0.0
0.0
0.0
0.0
0.0
0.0
0.0
0.0
0.0
0.0
0.0
0.0
0.0
0.0
0.0
0.0
0.0
0.0
0.0
0.0
0.0
0.0
69.0
0.0
0.0
0.0
0.0
157.0
0.0
0.0
0.0
0.0
0.0
0.0
0.0
NaN
0.0
0.0
0.0
25.0
0.0
0.0
0.0
0.0
0.0
0.0
0.0
0.0
0.0
38.0
0.0
0.0
0.0
0.0
0.0
0.0
0.0
0.0
0.0
0.0
0.0
0.0
0.0
0.0
0.0
43.0
5.0
0.0
56.0
0.0
0.0
0.0
0.0
0.0
0.0
0.0
0.0
0.0
0.0
10.0
0.0
0.0
0.0
0.0
3.0
13.0
0.0
0.0
0.0
0.0
0.0
102.0
0.0
0.0
0.0
0.0
43.0
0.0
0.0
0.0
0.0
0.0
0.0
0.0
0.0
0.0
0.0
64.0
0.0
0.0
0.0
0.0
0.0
0.0
0.0
0.0
0.0
5.0
0.0
0.0
0.0
43.0
0.0
0.0
0.0
0.0
0.0
8.0
102.0
0.0
0.0
0.0
0.0
0.0
0.0
0.0
178.0
0.0
119.0
58.0
0.0
0.0
0.0
0.0
0.0
152.0
922.0
0.0
0.0
0.0
0.0
137.0
33.0
0.0
0.0
0.0
0.0
0.0
0.0
0.0
394.0
71.0
8.0
0.0
0.0
0.0
10.0
36.0
28.0
0.0
0.0
0.0
0.0
0.0
15.0
0.0
0.0
58.0
140.0
0.0
0.0
0.0
0.0
0.0
0.0
290.0
277.0
48.0
97.0
51.0
0.0
0.0
0.0
0.0
0.0
28.0
0.0
0.0
191.0
0.0
0.0
0.0
0.0
28.0
0.0
216.0
0.0
0.0
46.0
0.0
0.0
0.0
0.0
43.0
155.0
0.0
0.0
137.0
0.0
0.0
0.0
0.0
0.0
0.0
0.0
0.0
0.0
0.0
124.0
0.0
0.0
0.0
0.0
0.0
0.0
0.0
0.0
0.0
0.0
0.0
13.0
0.0
0.0
0.0
0.0
145.0
0.0
0.0
43.0
381.0
0.0
0.0
152.0
0.0
0.0
0.0
0.0
0.0
0.0
0.0
0.0
0.0
64.0
48.0
0.0
0.0
424.0
0.0
0.0
0.0
0.0
0.0
0.0
0.0
0.0
0.0
0.0
0.0
0.0
0.0
0.0
0.0
724.0
0.0
0.0
0.0
0.0
0.0
0.0
0.0
0.0
0.0
0.0
135.0
0.0
0.0
0.0
76.0
25.0
38.0
0.0
249.0
0.0
0.0
0.0
0.0
0.0
0.0
0.0
0.0
18.0
0.0
0.0
0.0
0.0
152.0
135.0
0.0
3.0
0.0
0.0
0.0
0.0
0.0
0.0
0.0
145.0
0.0
0.0
0.0
0.0
0.0
0.0
0.0
0.0
0.0
0.0
0.0
0.0
0.0
173.0
41.0
109.0
0.0
20.0
0.0
0.0
10.0
104.0
0.0
0.0
0.0
0.0
0.0
0.0
0.0
0.0
0.0
0.0
0.0
0.0
0.0
38.0
0.0
102.0
0.0
0.0
0.0
0.0
0.0
0.0
0.0
0.0
0.0
0.0
0.0
0.0
0.0
0.0
0.0
13.0
43.0
0.0
0.0
0.0
0.0
0.0
0.0
0.0
0.0
0.0
0.0
0.0
0.0
168.0
0.0
0.0
0.0
0.0
0.0
0.0
0.0
0.0
0.0
0.0
61.0
0.0
0.0
0.0
0.0
0.0
0.0
0.0
0.0
0.0
0.0
0.0
0.0
0.0
0.0
0.0
0.0
0.0
0.0
0.0
0.0
0.0
0.0
0.0
0.0
0.0
0.0
0.0
0.0
0.0
56.0
0.0
0.0
0.0
107.0
0.0
0.0
0.0
0.0
5.0
0.0
0.0
3.0
0.0
0.0
0.0
0.0
0.0
0.0
8.0
122.0
0.0
0.0
0.0
0.0
0.0
0.0
0.0
0.0
61.0
0.0
0.0
0.0
15.0
0.0
0.0
0.0
0.0
0.0
28.0
0.0
0.0
0.0
3.0
0.0
0.0
0.0
0.0
0.0
0.0
0.0
0.0
0.0
0.0
0.0
0.0
0.0
0.0
0.0
0.0
0.0
64.0
0.0
0.0
0.0
0.0
15.0
0.0
0.0
0.0
0.0
38.0
114.0
0.0
0.0
0.0
0.0
0.0
0.0
0.0
0.0
0.0
79.0
76.0
0.0
0.0
89.0
0.0
0.0
0.0
0.0
0.0
0.0
0.0
0.0
0.0
0.0
46.0
0.0
0.0
262.0
46.0
0.0
0.0
0.0
0.0
0.0
0.0
0.0
0.0
56.0
0.0
0.0
8.0
160.0
0.0
0.0
0.0
0.0
0.0
0.0
274.0
0.0
462.0
0.0
NaN
206.0
203.0
0.0
0.0
0.0
0.0
0.0
0.0
119.0
0.0
0.0
0.0
0.0
0.0
51.0
0.0
28.0
109.0
0.0
0.0
0.0
38.0
0.0
0.0
0.0
0.0
0.0
0.0
5.0
10.0
107.0
168.0
0.0
0.0
0.0
0.0
147.0
0.0
36.0
0.0
0.0
0.0
0.0
0.0
0.0
0.0
0.0
0.0
0.0
0.0
0.0
0.0
0.0
0.0
0.0
0.0
0.0
312.0
0.0
0.0
0.0
173.0
0.0
0.0
201.0
0.0
0.0
0.0
0.0
0.0
104.0
0.0
0.0
0.0
0.0
0.0
0.0
142.0
0.0
0.0
0.0
140.0
NaN
NaN
NaN
NaN
