211.0
163.0
648.0
87.0
196.0
51.0
208.0
124.0
107.0
492.0
470.0
826.0
1219.0
20.0
371.0
465.0
55.0
13.0
31.0
234.0
680.0
455.0
1227.0
264.0
1617.0
380.0
112.0
104.0
41.0
81.0
190.0
406.0
348.0
28.0
431.0
374.0
302.0
589.0
1382.0
341.0
8.0
184.0
185.0
74.0
673.0
628.0
294.0
804.0
86.0
761.0
343.0
409.0
28.0
89.0
38.0
130.0
188.0
308.0
578.0
396.0
496.0
97.0
425.0
58.0
0.0
84.0
282.0
329.0
1367.0
429.0
297.0
163.0
363.0
282.0
48.0
94.0
61.0
81.0
178.0
249.0
757.0
361.0
725.0
2385.0
229.0
615.0
518.0
369.0
31.0
115.0
13.0
897.0
389.0
600.0
1146.0
282.0
1031.0
0.0
739.0
140.0
58.0
28.0
77.0
223.0
149.0
367.0
691.0
1351.0
440.0
930.0
320.0
33.0
632.0
125.0
101.0
475.0
1100.0
791.0
691.0
520.0
660.0
241.0
200.0
51.0
315.0
30.0
66.0
168.0
653.0
803.0
1185.0
570.0
784.0
500.0
1096.0
142.0
33.0
33.0
264.0
61.0
910.0
912.0
1025.0
1023.0
450.0
749.0
1115.0
86.0
275.0
NaN
NaN
NaN
NaN
NaN
NaN
746.0
1000.0
188.0
138.0
148.0
188.0
86.0
210.0
218.0
942.0
1410.0
1426.0
779.0
541.0
165.0
352.0
49.0
130.0
13.0
223.0
127.0
758.0
286.0
391.0
1354.0
39.0
66.0
241.0
0.0
236.0
NaN
223.0
270.0
702.0
855.0
545.0
752.0
670.0
750.0
178.0
122.0
56.0
95.0
186.0
119.0
330.0
1004.0
1638.0
280.0
587.0
384.0
109.0
0.0
361.0
15.0
NaN
25.0
799.0
1905.0
816.0
187.0
404.0
237.0
405.0
418.0
79.0
NaN
NaN
263.0
308.0
673.0
239.0
398.0
231.0
304.0
76.0
135.0
130.0
267.0
59.0
NaN
571.0
1229.0
54.0
243.0
1031.0
844.0
NaN
