NaN
NaN
76.0
NaN
253.0
1409.0
533.0
920.0
485.0
NaN
NaN
NaN
NaN
NaN
NaN
NaN
NaN
NaN
NaN
NaN
NaN
NaN
NaN
NaN
150.0
NaN
NaN
97.0
NaN
539.0
469.0
876.0
864.0
293.0
322.0
267.0
470.0
267.0
NaN
127.0
NaN
NaN
NaN
NaN
NaN
NaN
NaN
NaN
NaN
NaN
NaN
NaN
NaN
NaN
NaN
NaN
NaN
NaN
NaN
NaN
NaN
NaN
NaN
NaN
NaN
NaN
NaN
NaN
NaN
NaN
NaN
NaN
NaN
NaN
NaN
NaN
NaN
NaN
NaN
NaN
NaN
NaN
NaN
NaN
NaN
NaN
NaN
NaN
NaN
NaN
NaN
NaN
NaN
NaN
NaN
NaN
NaN
NaN
NaN
NaN
NaN
NaN
NaN
NaN
NaN
NaN
NaN
NaN
NaN
NaN
NaN
NaN
NaN
NaN
NaN
NaN
NaN
NaN
NaN
NaN
NaN
NaN
NaN
NaN
NaN
NaN
NaN
NaN
NaN
NaN
NaN
NaN
NaN
NaN
NaN
NaN
NaN
NaN
NaN
NaN
NaN
NaN
NaN
NaN
NaN
NaN
NaN
NaN
NaN
NaN
NaN
NaN
NaN
NaN
NaN
NaN
NaN
NaN
NaN
NaN
NaN
NaN
NaN
NaN
NaN
NaN
NaN
NaN
NaN
NaN
NaN
NaN
NaN
NaN
NaN
NaN
NaN
NaN
NaN
NaN
NaN
NaN
NaN
NaN
NaN
NaN
NaN
NaN
NaN
NaN
NaN
NaN
NaN
NaN
NaN
54.0
361.0
1000.0
984.0
1945.0
767.0
NaN
127.0
157.0
25.0
89.0
NaN
485.0
56.0
241.0
NaN
443.0
988.0
800.0
140.0
NaN
NaN
NaN
NaN
NaN
NaN
NaN
1030.0
594.0
254.0
254.0
NaN
NaN
NaN
NaN
NaN
107.0
0.0
614.0
700.0
608.0
515.0
1019.0
424.0
82.0
21.0
21.0
18.0
587.0
1455.0
1255.0
404.0
319.0
718.0
166.0
204.0
69.0
74.0
13.0
75.0
217.0
99.0
496.0
1030.0
392.0
563.0
200.0
417.0
157.0
5.0
74.0
102.0
310.0
890.0
709.0
1196.0
314.0
245.0
678.0
1007.0
154.0
21.0
79.0
38.0
52.0
955.0
807.0
940.0
199.0
662.0
76.0
981.0
455.0
11.0
53.0
68.0
285.0
351.0
785.0
523.0
633.0
457.0
321.0
204.0
147.0
327.0
46.0
56.0
272.0
343.0
841.0
1551.0
503.0
661.0
611.0
130.0
0.0
48.0
20.0
43.0
219.0
263.0
771.0
273.0
1019.0
778.0
147.0
0.0
105.0
130.0
47.0
48.0
225.0
53.0
209.0
902.0
590.0
676.0
781.0
300.0
45.0
23.0
20.0
124.0
168.0
1008.0
915.0
875.0
511.0
123.0
120.0
34.0
193.0
140.0
145.0
261.0
260.0
779.0
511.0
578.0
191.0
399.0
404.0
162.0
226.0
95.0
244.0
28.0
268.0
362.0
507.0
1291.0
959.0
771.0
493.0
225.0
61.0
138.0
146.0
235.0
495.0
1323.0
1327.0
645.0
663.0
344.0
404.0
23.0
63.0
29.0
266.0
275.0
89.0
365.0
1335.0
640.0
790.0
414.0
298.0
436.0
0.0
86.0
92.0
136.0
655.0
487.0
57.0
785.0
372.0
190.0
170.0
150.0
366.0
147.0
213.0
66.0
125.0
1100.0
526.0
1106.0
504.0
229.0
603.0
1412.0
23.0
129.0
0.0
230.0
657.0
976.0
2016.0
1019.0
240.0
368.0
391.0
76.0
36.0
66.0
95.0
69.0
188.0
336.0
254.0
1063.0
376.0
450.0
252.0
604.0
97.0
8.0
317.0
339.0
274.0
808.0
1156.0
2381.0
752.0
1878.0
33.0
302.0
645.0
44.0
94.0
180.0
166.0
508.0
492.0
964.0
1305.0
1357.0
267.0
89.0
28.0
137.0
16.0
104.0
790.0
150.0
967.0
1296.0
503.0
581.0
1240.0
1258.0
411.0
118.0
145.0
122.0
189.0
650.0
388.0
1911.0
229.0
304.0
306.0
267.0
920.0
59.0
102.0
93.0
211.0
516.0
423.0
1390.0
521.0
287.0
619.0
259.0
238.0
132.0
427.0
10.0
789.0
549.0
670.0
731.0
548.0
952.0
348.0
501.0
18.0
354.0
96.0
318.0
862.0
388.0
724.0
461.0
662.0
982.0
777.0
376.0
165.0
51.0
18.0
233.0
350.0
558.0
1001.0
1297.0
786.0
989.0
693.0
633.0
129.0
NaN
292.0
259.0
350.0
180.0
880.0
1048.0
121.0
644.0
94.0
0.0
340.0
148.0
177.0
763.0
222.0
1110.0
809.0
1321.0
369.0
401.0
33.0
147.0
429.0
359.0
0.0
102.0
615.0
683.0
935.0
1920.0
361.0
990.0
691.0
388.0
188.0
30.0
89.0
496.0
150.0
285.0
618.0
939.0
198.0
505.0
439.0
101.0
83.0
414.0
75.0
117.0
569.0
617.0
329.0
480.0
328.0
1547.0
186.0
485.0
396.0
107.0
89.0
56.0
447.0
875.0
1295.0
1116.0
1513.0
457.0
522.0
411.0
765.0
18.0
86.0
303.0
221.0
1381.0
652.0
770.0
933.0
91.0
122.0
8.0
153.0
61.0
96.0
158.0
269.0
421.0
987.0
587.0
601.0
411.0
729.0
512.0
406.0
163.0
216.0
414.0
343.0
1071.0
1131.0
1205.0
259.0
488.0
472.0
97.0
354.0
99.0
84.0
79.0
128.0
312.0
778.0
907.0
585.0
165.0
476.0
243.0
66.0
58.0
103.0
757.0
649.0
313.0
1682.0
1955.0
1506.0
844.0
755.0
154.0
13.0
84.0
NaN
77.0
508.0
557.0
382.0
951.0
1186.0
160.0
887.0
252.0
237.0
143.0
72.0
40.0
409.0
1402.0
954.0
1242.0
665.0
265.0
518.0
0.0
23.0
289.0
115.0
56.0
198.0
453.0
1016.0
804.0
1253.0
320.0
1270.0
166.0
121.0
181.0
147.0
153.0
178.0
678.0
160.0
713.0
1126.0
1201.0
331.0
358.0
91.0
190.0
120.0
59.0
127.0
196.0
429.0
1283.0
112.0
170.0
637.0
308.0
43.0
101.0
122.0
36.0
25.0
1685.0
474.0
1315.0
333.0
617.0
572.0
643.0
254.0
508.0
205.0
419.0
68.0
297.0
440.0
526.0
967.0
529.0
701.0
395.0
66.0
226.0
84.0
28.0
479.0
1178.0
681.0
873.0
331.0
287.0
397.0
564.0
587.0
259.0
64.0
444.0
585.0
685.0
940.0
751.0
981.0
922.0
417.0
729.0
351.0
249.0
102.0
120.0
165.0
1171.0
1777.0
1174.0
1738.0
300.0
204.0
408.0
535.0
132.0
282.0
138.0
1015.0
374.0
1296.0
683.0
861.0
576.0
1294.0
360.0
322.0
136.0
53.0
100.0
279.0
676.0
656.0
1066.0
552.0
89.0
177.0
122.0
45.0
30.0
127.0
51.0
698.0
309.0
226.0
1517.0
300.0
433.0
39.0
254.0
224.0
76.0
209.0
79.0
145.0
617.0
362.0
317.0
495.0
177.0
720.0
119.0
28.0
102.0
64.0
575.0
1564.0
744.0
1178.0
768.0
888.0
1047.0
1372.0
610.0
346.0
369.0
121.0
189.0
56.0
1275.0
737.0
720.0
753.0
386.0
147.0
168.0
77.0
102.0
357.0
39.0
427.0
675.0
768.0
841.0
690.0
234.0
538.0
906.0
292.0
15.0
61.0
20.0
76.0
183.0
676.0
1029.0
497.0
1125.0
45.0
540.0
30.0
229.0
0.0
0.0
457.0
320.0
1008.0
804.0
2197.0
654.0
76.0
529.0
365.0
571.0
372.0
0.0
508.0
438.0
1962.0
859.0
851.0
634.0
928.0
1554.0
460.0
177.0
13.0
0.0
1003.0
561.0
978.0
1767.0
702.0
495.0
NaN
285.0
668.0
293.0
26.0
246.0
395.0
1408.0
876.0
801.0
993.0
825.0
394.0
729.0
104.0
51.0
303.0
50.0
457.0
503.0
254.0
737.0
674.0
1398.0
1484.0
356.0
628.0
495.0
241.0
0.0
488.0
949.0
1185.0
1494.0
831.0
272.0
2147.0
330.0
216.0
0.0
121.0
747.0
1689.0
623.0
786.0
634.0
864.0
1554.0
714.0
161.0
536.0
471.0
533.0
63.0
381.0
778.0
1622.0
539.0
569.0
1054.0
1146.0
104.0
298.0
101.0
0.0
77.0
281.0
298.0
222.0
594.0
815.0
216.0
762.0
134.0
139.0
382.0
254.0
135.0
523.0
1123.0
1321.0
903.0
1040.0
1169.0
76.0
416.0
178.0
127.0
77.0
204.0
433.0
854.0
1765.0
546.0
217.0
470.0
128.0
558.0
461.0
0.0
191.0
188.0
725.0
377.0
177.0
889.0
1794.0
864.0
508.0
0.0
439.0
88.0
102.0
250.0
216.0
1129.0
666.0
1398.0
773.0
584.0
786.0
152.0
419.0
118.0
NaN
178.0
38.0
642.0
460.0
1219.0
910.0
590.0
615.0
569.0
190.0
165.0
63.0
88.0
765.0
1729.0
1766.0
638.0
528.0
394.0
853.0
1741.0
NaN
800.0
NaN
25.0
107.0
393.0
1838.0
490.0
702.0
254.0
2364.0
604.0
330.0
NaN
0.0
168.0
102.0
813.0
710.0
1191.0
1354.0
323.0
713.0
1610.0
NaN
0.0
0.0
0.0
NaN
619.0
1026.0
1887.0
1422.0
978.0
157.0
2480.0
93.0
0.0
18.0
56.0
179.0
1363.0
1573.0
1512.0
739.0
200.0
1043.0
55.0
74.0
162.0
64.0
198.0
71.0
401.0
1204.0
792.0
137.0
158.0
63.0
999.0
324.0
33.0
356.0
152.0
33.0
2079.0
1040.0
705.0
940.0
548.0
750.0
79.0
665.0
0.0
64.0
18.0
188.0
471.0
678.0
343.0
148.0
796.0
391.0
588.0
0.0
0.0
155.0
97.0
150.0
770.0
1331.0
1100.0
296.0
881.0
250.0
326.0
103.0
300.0
NaN
76.0
607.0
296.0
986.0
1008.0
537.0
204.0
1496.0
503.0
NaN
18.0
46.0
125.0
196.0
925.0
1086.0
3062.0
120.0
165.0
574.0
122.0
119.0
81.0
64.0
85.0
107.0
240.0
205.0
791.0
114.0
683.0
909.0
125.0
143.0
328.0
96.0
254.0
564.0
884.0
1596.0
875.0
122.0
1391.0
359.0
1049.0
5.0
305.0
129.0
105.0
254.0
531.0
971.0
1720.0
714.0
810.0
390.0
1103.0
199.0
151.0
257.0
234.0
425.0
437.0
534.0
1207.0
NaN
1751.0
119.0
1122.0
8.0
104.0
305.0
212.0
406.0
845.0
1134.0
2509.0
1225.0
356.0
607.0
173.0
121.0
38.0
331.0
620.0
369.0
649.0
1021.0
1483.0
637.0
1122.0
120.0
777.0
91.0
94.0
99.0
404.0
299.0
739.0
430.0
308.0
401.0
218.0
89.0
82.0
41.0
228.0
99.0
501.0
441.0
800.0
1189.0
931.0
614.0
1080.0
468.0
884.0
110.0
277.0
57.0
118.0
102.0
648.0
534.0
1103.0
134.0
1235.0
393.0
252.0
143.0
423.0
80.0
108.0
61.0
325.0
1288.0
839.0
978.0
825.0
801.0
336.0
687.0
408.0
113.0
203.0
380.0
1432.0
1473.0
288.0
1128.0
843.0
570.0
229.0
238.0
222.0
241.0
173.0
111.0
693.0
951.0
380.0
564.0
1690.0
NaN
