81.0
3.0
0.0
0.0
84.0
0.0
0.0
64.0
56.0
23.0
0.0
0.0
38.0
3.0
0.0
0.0
147.0
0.0
0.0
0.0
0.0
0.0
0.0
58.0
3.0
0.0
48.0
157.0
0.0
0.0
0.0
0.0
104.0
5.0
0.0
0.0
0.0
0.0
5.0
127.0
831.0
86.0
3.0
3.0
0.0
0.0
140.0
18.0
0.0
0.0
0.0
155.0
0.0
0.0
0.0
0.0
0.0
0.0
0.0
10.0
8.0
0.0
0.0
0.0
0.0
0.0
0.0
0.0
0.0
0.0
117.0
8.0
0.0
0.0
0.0
51.0
28.0
0.0
64.0
0.0
0.0
119.0
0.0
0.0
0.0
0.0
127.0
0.0
0.0
0.0
0.0
0.0
0.0
0.0
0.0
0.0
0.0
0.0
0.0
0.0
0.0
89.0
0.0
94.0
0.0
0.0
0.0
0.0
0.0
0.0
0.0
0.0
0.0
0.0
0.0
0.0
3.0
23.0
330.0
64.0
0.0
0.0
0.0
0.0
0.0
0.0
0.0
0.0
0.0
0.0
0.0
0.0
30.0
0.0
0.0
0.0
0.0
0.0
0.0
0.0
0.0
284.0
23.0
0.0
0.0
0.0
0.0
0.0
0.0
0.0
13.0
53.0
38.0
0.0
0.0
0.0
0.0
0.0
0.0
0.0
0.0
0.0
0.0
0.0
0.0
0.0
56.0
0.0
0.0
0.0
0.0
0.0
0.0
305.0
0.0
0.0
0.0
0.0
0.0
0.0
0.0
0.0
0.0
0.0
0.0
0.0
0.0
0.0
0.0
0.0
0.0
0.0
0.0
0.0
33.0
0.0
0.0
0.0
0.0
30.0
0.0
0.0
0.0
0.0
0.0
0.0
0.0
224.0
0.0
0.0
0.0
0.0
109.0
0.0
0.0
0.0
0.0
0.0
0.0
0.0
30.0
0.0
0.0
0.0
0.0
0.0
0.0
0.0
0.0
0.0
0.0
0.0
71.0
0.0
0.0
0.0
0.0
0.0
0.0
0.0
163.0
0.0
455.0
0.0
462.0
0.0
0.0
0.0
0.0
0.0
0.0
0.0
102.0
23.0
0.0
0.0
0.0
0.0
0.0
0.0
0.0
0.0
0.0
0.0
97.0
0.0
419.0
157.0
0.0
0.0
0.0
0.0
0.0
0.0
0.0
0.0
69.0
0.0
157.0
0.0
0.0
0.0
0.0
0.0
3.0
0.0
53.0
0.0
0.0
0.0
0.0
0.0
0.0
0.0
0.0
467.0
112.0
0.0
0.0
0.0
0.0
0.0
371.0
0.0
140.0
109.0
173.0
0.0
0.0
0.0
0.0
0.0
0.0
0.0
0.0
0.0
0.0
0.0
0.0
0.0
216.0
150.0
0.0
0.0
310.0
76.0
0.0
0.0
0.0
0.0
0.0
0.0
0.0
0.0
0.0
0.0
0.0
0.0
0.0
0.0
0.0
0.0
0.0
0.0
0.0
0.0
0.0
0.0
0.0
889.0
132.0
142.0
0.0
0.0
0.0
0.0
0.0
0.0
0.0
411.0
0.0
0.0
0.0
0.0
0.0
0.0
0.0
0.0
0.0
150.0
0.0
112.0
0.0
8.0
0.0
0.0
0.0
0.0
0.0
30.0
140.0
0.0
0.0
318.0
953.0
48.0
117.0
168.0
358.0
66.0
0.0
69.0
30.0
41.0
0.0
0.0
0.0
0.0
0.0
0.0
0.0
0.0
282.0
0.0
0.0
48.0
112.0
0.0
0.0
0.0
0.0
0.0
0.0
0.0
229.0
0.0
0.0
99.0
0.0
0.0
5.0
3.0
0.0
0.0
0.0
0.0
198.0
0.0
191.0
0.0
0.0
0.0
0.0
196.0
76.0
0.0
0.0
0.0
0.0
0.0
193.0
41.0
0.0
361.0
56.0
0.0
0.0
25.0
0.0
0.0
0.0
0.0
5.0
0.0
0.0
0.0
0.0
0.0
0.0
0.0
0.0
0.0
0.0
0.0
0.0
0.0
0.0
0.0
0.0
0.0
0.0
0.0
0.0
0.0
0.0
0.0
25.0
13.0
0.0
0.0
0.0
0.0
0.0
0.0
0.0
0.0
0.0
0.0
302.0
0.0
0.0
0.0
0.0
25.0
0.0
0.0
51.0
0.0
122.0
0.0
0.0
0.0
0.0
0.0
0.0
0.0
0.0
0.0
0.0
8.0
0.0
0.0
0.0
0.0
0.0
33.0
0.0
0.0
0.0
0.0
0.0
0.0
0.0
0.0
0.0
0.0
0.0
5.0
0.0
0.0
NaN
10.0
0.0
0.0
23.0
8.0
0.0
0.0
25.0
0.0
0.0
0.0
0.0
3.0
0.0
0.0
0.0
0.0
0.0
