-7.52580645161
-5.36
2.57741935484
10.52
12.9225806452
14.0516129032
8.98
2.31935483871
-1.11
-14.8433333333
-9.64193548387
-13.3964285714
1.72903225806
3.15333333333
3.47419354839
11.6866666667
13.7344827586
11.0967741935
8.19
4.72580645161
NaN
-5.41612903226
-8.76551724138
-9.975
-2.0935483871
-1.54333333333
4.93
12.35
11.5193548387
10.2967741935
8.48
0.0806451612903
-9.28275862069
-8.43225806452
-11.8903225806
-9.40689655172
-11.4580645161
-0.0793103448276
4.75333333333
9.12666666667
12.3774193548
11.3322580645
3.65517241379
1.11333333333
-1.21034482759
-7.89333333333
-12.84
-14.6142857143
-10.7
0.656666666667
4.15483870968
11.5
12.0967741935
13.5483870968
7.40333333333
-0.7
-0.616666666667
-5.77096774194
-5.16774193548
-12.0142857143
-5.77096774194
-1.05333333333
4.62258064516
10.0066666667
14.9612903226
11.9903225806
8.94666666667
3.61612903226
-0.203333333333
-10.6935483871
-11.0935483871
-6.53571428571
-9.28666666667
3.75
3.10322580645
6.33
9.19333333333
10.8806451613
6.34333333333
3.1064516129
-3.57
-7.67333333333
-17.9133333333
-7.41034482759
-4.24838709677
-1.67
2.52903225806
7.58666666667
14.9516129032
11.7580645161
7.54333333333
-0.0206896551724
-5.11379310345
-15.0034482759
-12.1903225806
-13.5692307692
-10.5064516129
-2.94482758621
1.81935483871
7.54827586207
15.4258064516
10.5516129032
7.8275862069
-2.18709677419
2.18666666667
-12.5933333333
-15.0838709677
-10.0962962963
-0.987096774194
-3.15333333333
2.85483870968
12.6137931034
13.6096774194
13.5
7.04285714286
4.45483870968
-5.6
-6.57096774194
-4.71290322581
-12.8714285714
-6.20322580645
-0.966666666667
4.66774193548
12.2566666667
14.92
13.135483871
9.40333333333
-3.94516129032
-7.54333333333
-11.1096774194
-8.41935483871
-9.40740740741
-7.99032258065
-6.08
3.54516129032
8.36333333333
12.8387096774
10.2433333333
4.42333333333
1.4935483871
-6.23333333333
-7.51333333333
-7.27419354839
-6.11071428571
-5.86451612903
-2.37333333333
3.80322580645
12.1233333333
12.7
12.9483870968
6.95666666667
4.41935483871
-4.70333333333
-7.94516129032
-13.1322580645
-14.2821428571
-5.59032258065
-1.59666666667
4.06129032258
10.8466666667
11.535483871
12.6
3.28
-3.1
-3.22333333333
-10.4258064516
-6.48666666667
-13.4142857143
-8.89677419355
-1.63666666667
4.25161290323
10.04
14.7933333333
11.2258064516
8.26666666667
-0.466666666667
-0.02
-7.69677419355
-12.2774193548
-6.12413793103
-10.7322580645
-1.97
1.77419354839
8.23333333333
12.3806451613
11.8580645161
6.37333333333
4.24193548387
-3.21
-14.45
-9.13548387097
-6.01851851852
-5.23793103448
2.07666666667
5.15161290323
9.70333333333
12.6966666667
12.7806451613
8.52068965517
-4.90666666667
-3.72962962963
-6.95
-7.40666666667
-4.71851851852
-6.83548387097
-0.47
5.96774193548
9.07931034483
12.9709677419
13.0290322581
4.12857142857
2.26206896552
-5.11666666667
-9.65185185185
-9.65333333333
-8.35
-6.91290322581
-1.72333333333
2.59333333333
8.27666666667
11.6096774194
9.88064516129
7.17666666667
4.04516129032
-5.78275862069
-15.1967741935
-7.87419354839
-9.53793103448
-5.06774193548
-4.03
6.41290322581
6.42666666667
12.9516129032
10.6774193548
5.95
0.461290322581
-3.63214285714
-7.11612903226
-16.4322580645
-13.3535714286
-5.05483870968
-1.54333333333
2.5064516129
8.34
13.7258064516
13.7096774194
4.57
2.7
-6.84482758621
-6.68
-18.4387096774
-5.16071428571
-8.93548387097
1.92
1.26451612903
7.13
13.5774193548
13.8258064516
7.03
0.396774193548
-2.93666666667
-4.53548387097
-5.31935483871
-3.93214285714
-6.92580645161
-1.11666666667
3.35806451613
12.3766666667
14.0548387097
12.0516129032
9.9
2.66774193548
-4.89
-4.88064516129
-11.3677419355
-6.71379310345
-10.96
1.20333333333
5.33870967742
10.0166666667
13.4580645161
12.935483871
6.64333333333
-1.3935483871
-3.05666666667
-11.8580645161
-7.38709677419
-14.3
-4.28709677419
-1.95666666667
3.33225806452
13.0533333333
15.1290322581
11.7290322581
8.28
2.16451612903
-1.89666666667
-5.82258064516
-5.1064516129
-6.375
-6.21612903226
-0.403333333333
8.82903225806
9.72666666667
14.3677419355
11.5451612903
3.49
3.92258064516
-1.68666666667
-8.54838709677
-8.48064516129
-5.58571428571
-6.02258064516
-3.66666666667
1.08064516129
7.93333333333
14.935483871
11.9161290323
7.61333333333
0.832258064516
-5.95666666667
-6.86451612903
-11.7903225806
-19.6551724138
-5.82258064516
-2.07
7.81290322581
11.9933333333
17.7032258065
14.0612903226
7.55333333333
1.96129032258
-2.9
-6.43225806452
-19.1903225806
-10.425
-6.40967741935
-1.57666666667
5.91290322581
8.88
14.3612903226
15.4548387097
NaN
3.83870967742
-4.35333333333
-8.09677419355
-7.8
-7.09285714286
-3.4935483871
-0.896666666667
3.80967741935
10.0
12.8322580645
13.9806451613
10.47
5.74516129032
-5.92666666667
-7.03870967742
-5.89677419355
-14.5535714286
-4.88387096774
-0.403333333333
7.38709677419
7.9
15.0419354839
11.5838709677
9.38333333333
2.38064516129
-0.336666666667
-2.18709677419
-12.4419354839
-8.15172413793
-4.4935483871
-1.71333333333
4.83870967742
10.9
15.2548387097
12.8935483871
11.4566666667
5.97096774194
-5.77
-4.91612903226
-6.56129032258
-7.01428571429
-6.33225806452
-0.383333333333
7.37096774194
9.85
13.9032258065
13.8290322581
6.75333333333
1.40967741935
-1.64333333333
-5.51333333333
-7.65483870968
-10.5962962963
-5.14193548387
1.99
2.73870967742
7.51666666667
12.9774193548
11.7225806452
5.82666666667
3.11612903226
-3.86
-6.40322580645
-11.69
-5.42962962963
-10.4967741935
2.05666666667
2.35806451613
8.53333333333
13.9935483871
14.7612903226
7.16333333333
4.41935483871
-2.61333333333
-5.77419354839
-5.8064516129
-9.53793103448
-9.83870967742
-0.74
6.02258064516
8.11666666667
12.3709677419
12.0806451613
6.91666666667
4.19032258065
-3.46333333333
-8.06451612903
-6.52903225806
-8.18571428571
-4.26129032258
-3.45517241379
2.32258064516
5.95
12.6709677419
12.5032258065
5.87333333333
3.67096774194
-3.65333333333
-9.21612903226
-7.36451612903
-6.2
-2.03225806452
2.49666666667
1.73225806452
9.09666666667
14.3225806452
11.235483871
7.28333333333
-1.2
-4.42
-7.2
-8.44838709677
NaN
-8.57096774194
-1.68333333333
3.10967741935
7.02
14.2806451613
15.2903225806
7.92333333333
5.3
-7.28333333333
-6.44193548387
-9.70344827586
-12.3620689655
-8.92580645161
0.28
4.82580645161
8.74666666667
12.6806451613
12.8290322581
10.6466666667
2.34
-5.70333333333
-9.95161290323
-17.4870967742
-12.7928571429
-6.85666666667
1.20666666667
5.6935483871
8.10333333333
13.2903225806
12.8741935484
5.81666666667
-0.490322580645
0.196666666667
-9.98064516129
-17.1677419355
-6.07142857143
-9.13225806452
-3.68333333333
1.32903225806
8.43666666667
10.1419354839
10.2290322581
6.84
4.55806451613
-6.07333333333
-5.96666666667
-11.1741935484
-7.2037037037
-10.7161290323
-3.97
4.17419354839
5.09333333333
13.2806451613
11.1548387097
3.96206896552
0.548387096774
-5.56896551724
-13.1433333333
-8.90666666667
-7.09310344828
-7.87419354839
1.20333333333
4.68064516129
10.9466666667
11.735483871
12.9612903226
10.02
2.7064516129
-5.05666666667
-5.08387096774
-4.69677419355
-7.72142857143
-3.83225806452
-4.63
2.23548387097
11.2
13.7096774194
13.4741935484
7.82
5.82258064516
-0.703333333333
-6.67419354839
-10.8129032258
-2.24285714286
-9.49677419355
-1.24666666667
3.49032258065
8.99333333333
15.6833333333
13.5193548387
8.49333333333
1.64516129032
0.314285714286
-4.15483870968
-9.3
-12.7518518519
-10.3419354839
-0.386666666667
5.74516129032
7.76666666667
14.3580645161
14.3903225806
7.71
3.3935483871
-9.74666666667
-8.18064516129
-7.25161290323
-9.33214285714
-6.29032258065
-4.03666666667
5.51935483871
12.2833333333
11.6322580645
10.5870967742
7.03
2.8
-6.08333333333
-6.29677419355
-16.1741935484
-8.33571428571
-6.67419354839
-3.20333333333
3.94193548387
7.5
13.7677419355
12.0483870968
5.06666666667
1.3064516129
-5.02333333333
-3.15666666667
-4.83548387097
-8.3
-7.03225806452
-1.64666666667
7.49032258065
8.32666666667
9.94516129032
13.3387096774
8.26
3.8935483871
-4.32
-6.71935483871
-9.79032258065
-10.7178571429
-4.26774193548
-2.29
3.22580645161
11.1233333333
12.8322580645
14.2290322581
6.75333333333
-0.0645161290323
-8.72333333333
-4.17419354839
-9.28064516129
-11.7551724138
-5.94516129032
-0.283333333333
4.46129032258
9.46666666667
14.6096774194
12.2903225806
8.52
2.95161290323
-4.01
-6.84193548387
-6.96451612903
-5.16071428571
-3.13225806452
-3.26333333333
4.76451612903
10.5766666667
12.6032258065
14.7129032258
3.32
1.98064516129
-5.4
-10.0548387097
-11.164516129
-9.38214285714
-6.29032258065
0.703333333333
5.64838709677
9.11
11.3483870968
11.9580645161
6.15333333333
4.06129032258
-1.13333333333
-6.10967741935
-16.4903225806
-5.87142857143
-2.83225806452
-0.69
5.11
10.37
13.5516129032
13.7290322581
10.64
7.48064516129
-2.32666666667
-8.62580645161
-7.27741935484
-9.3724137931
-8.59032258065
-0.383333333333
5.40967741935
9.62
15.3419354839
11.0290322581
6.02
3.56451612903
-5.02666666667
-8.49677419355
-6.07419354839
-10.5571428571
-12.8483870968
0.406666666667
3.58709677419
9.23
13.1032258065
11.8225806452
1.57666666667
5.6064516129
-1.22
-3.88709677419
-12.3
-8.56428571429
-4.27741935484
-3.46666666667
4.97741935484
9.23448275862
15.8580645161
11.0
8.48333333333
1.37741935484
-4.69
-6.69032258065
-7.52580645161
-8.83571428571
-5.04838709677
-0.816666666667
1.2
7.82333333333
12.5064516129
12.3483870968
8.51333333333
2.74193548387
-4.48
-10.8
-8.85806451613
-7.41724137931
-2.92258064516
-2.69
2.03870967742
8.09
11.7483870968
10.364516129
6.54666666667
2.51612903226
-4.12666666667
-11.2
-13.7967741935
-7.72857142857
-9.05161290323
1.05666666667
4.86129032258
6.3
12.1516129032
14.5290322581
9.46333333333
-2.52258064516
-2.50666666667
-6.18387096774
-11.4
-6.725
-8.24516129032
-3.7
4.71612903226
10.5533333333
13.3774193548
14.4322580645
6.25333333333
-0.470967741935
-5.18
-8.60322580645
-11.1903225806
-9.96071428571
-7.23870967742
-0.59
3.80322580645
10.13
10.6032258065
14.7870967742
6.18666666667
0.8
-3.42666666667
-9.54838709677
-13.9516129032
-7.89310344828
-3.75483870968
-1.32
4.69032258065
10.4066666667
10.335483871
12.0193548387
6.41333333333
0.287096774194
-4.29666666667
-11.9225806452
-9.13870967742
-6.59285714286
-3.63548387097
-2.74333333333
3.11612903226
9.59333333333
12.1709677419
13.8225806452
6.24
3.3064516129
-4.96666666667
-7.2935483871
-10.8064516129
-6.13214285714
-5.00322580645
0.5
3.26129032258
10.0933333333
14.764516129
9.83548387097
5.17
3.72258064516
-3.98620689655
-7.00967741935
-10.0193548387
-12.0555555556
-8.2935483871
-3.0
3.40322580645
8.37
14.8612903226
12.1451612903
6.22
2.0935483871
-5.76
-6.17096774194
-9.72580645161
-5.6724137931
-7.37419354839
0.516666666667
4.42580645161
8.92666666667
13.3935483871
12.6064516129
8.63333333333
-0.467741935484
-6.39
-7.13870967742
-14.3161290323
-4.21785714286
-5.93548387097
0.936666666667
6.52258064516
11.0033333333
13.4935483871
9.39677419355
7.71666666667
2.45483870968
-5.33666666667
-9.91290322581
-13.1258064516
-11.7714285714
-4.0064516129
-0.333333333333
4.65483870968
8.12
11.8032258065
10.1548387097
9.51666666667
2.26129032258
-6.46
-12.9161290323
-16.4933333333
-11.375
-4.67419354839
-1.57333333333
3.54333333333
8.96333333333
12.1322580645
11.9387096774
9.74
2.76129032258
-5.77333333333
-5.47419354839
-12.3322580645
-7.84137931034
-6.91935483871
0.926666666667
5.14838709677
10.2733333333
14.1032258065
10.7774193548
7.31
1.55483870968
-2.39
-5.94137931034
-4.37741935484
-8.10740740741
-2.88709677419
1.42666666667
4.23225806452
8.37333333333
12.8580645161
12.0064516129
7.76333333333
1.07741935484
-1.28
-7.45806451613
-14.62
-9.42142857143
-6.22580645161
-2.63
3.81290322581
7.24
12.8612903226
13.0806451613
6.85
0.706666666667
-5.92666666667
-8.13548387097
-5.22903225806
-4.08571428571
-4.31290322581
-4.11333333333
2.16774193548
8.79666666667
14.8870967742
16.4677419355
7.56666666667
2.2935483871
-3.98
-16.28
-7.45806451613
-5.23103448276
-5.42666666667
-1.86
3.71290322581
8.98333333333
13.5322580645
14.5129032258
5.18
0.0677419354839
-3.16333333333
-10.5096774194
-11.3966666667
-11.0464285714
-5.44193548387
1.40666666667
6.82258064516
7.79333333333
14.0129032258
11.2516129032
4.65
1.02580645161
-13.33
-10.0566666667
-3.40322580645
-8.93928571429
-1.02580645161
-1.66333333333
4.05161290323
12.0933333333
12.0466666667
11.364516129
5.59333333333
1.74838709677
-6.38333333333
-6.43870967742
-7.37741935484
-5.55357142857
-5.44666666667
2.02333333333
6.92903225806
10.0333333333
13.0774193548
9.73225806452
6.44333333333
1.06129032258
-1.56666666667
-7.84838709677
-11.1709677419
-10.0
-6.38387096774
-1.06666666667
6.23225806452
14.6866666667
14.1129032258
12.3516129032
6.45
2.14193548387
-4.15333333333
-6.55806451613
-7.97741935484
-15.4
-6.60322580645
-1.12666666667
4.08709677419
7.88
14.4870967742
12.1548387097
7.35333333333
1.42258064516
-3.6
-11.7451612903
-6.10967741935
-8.15357142857
-5.14193548387
-0.98
3.25333333333
9.93
12.4516129032
13.0709677419
10.3033333333
1.15161290323
-2.55666666667
-13.4032258065
-10.8483870968
-3.86785714286
-4.24838709677
-0.527586206897
5.85483870968
10.8
13.0258064516
13.8451612903
7.90333333333
-0.170967741935
-6.81333333333
-5.06666666667
-5.17419354839
-3.49310344828
-2.07741935484
0.78
5.16451612903
8.77333333333
9.85483870968
9.13870967742
7.05333333333
2.40322580645
-5.53333333333
-11.7709677419
-10.2483870968
-11.4678571429
-4.16129032258
-0.966666666667
4.84516129032
7.62
9.99032258065
10.2612903226
4.37666666667
0.112903225806
-7.31724137931
-6.17419354839
-9.08709677419
-11.5592592593
-3.83225806452
-0.446666666667
6.62580645161
10.8533333333
11.1225806452
13.2580645161
8.73
2.15806451613
-4.69
-4.88064516129
-6.95483870968
-6.11071428571
-6.04193548387
-2.66333333333
2.58709677419
8.51333333333
11.9129032258
13.564516129
6.86333333333
0.483870967742
-4.61785714286
-7.73548387097
-13.2967741935
-8.75517241379
-9.76774193548
-0.666666666667
2.91290322581
10.8033333333
11.8580645161
12.5806451613
6.74333333333
-0.0645161290323
-7.73
-11.4733333333
-11.8322580645
-8.67037037037
-5.08387096774
-4.72
2.78709677419
10.36
11.964516129
12.0933333333
8.59
1.25483870968
-5.19333333333
-6.28709677419
-8.13225806452
-4.35357142857
-7.18709677419
-0.779310344828
5.69677419355
5.98
14.2193548387
12.7612903226
10.7766666667
1.65806451613
-2.18666666667
-8.66774193548
-8.47741935484
-4.7
-3.30322580645
-1.00333333333
4.02580645161
8.72666666667
13.264516129
13.0387096774
4.88
2.26451612903
1.13333333333
-4.96129032258
-7.66451612903
-4.88620689655
-3.40333333333
-1.19666666667
4.96451612903
8.34
13.9580645161
14.0677419355
7.75333333333
2.70322580645
-9.22
-12.2580645161
-6.40967741935
-11.5928571429
-4.85483870968
0.916666666667
5.24838709677
9.65333333333
14.9483870968
14.33
8.87
1.32903225806
-1.23103448276
-7.2064516129
-8.37096774194
-7.21428571429
-10.9612903226
-2.80666666667
1.96333333333
9.81724137931
15.2870967742
11.364516129
8.39666666667
-2.89032258065
NaN
-5.28333333333
-7.65483870968
-10.5214285714
-6.23333333333
2.13
4.34838709677
7.81666666667
13.9709677419
15.2806451613
5.62333333333
3.46129032258
-6.72
-5.69032258065
-8.62903225806
-7.05517241379
-2.45483870968
0.168965517241
4.55483870968
6.85666666667
11.9548387097
10.0
8.39
2.31290322581
-3.35172413793
-4.92666666667
-8.52903225806
-5.39285714286
-3.83548387097
0.343333333333
3.07741935484
10.9285714286
14.2258064516
11.964516129
8.51333333333
2.06774193548
-2.49666666667
-8.55333333333
-3.04193548387
-9.89285714286
-4.83870967742
0.853333333333
4.70333333333
10.5533333333
15.264516129
12.8322580645
5.85
-0.0966666666667
-3.95333333333
-6.64482758621
-9.59
-10.4714285714
-1.15161290323
-1.37
6.47142857143
10.2966666667
15.3580645161
13.7838709677
8.34
2.7
-3.72666666667
-9.32258064516
-11.1903225806
-9.24827586207
-5.77666666667
NaN
NaN
7.98333333333
13.3967741935
12.7064516129
6.45
1.47096774194
-2.59
-13.7677419355
-9.48064516129
-7.58571428571
-6.26451612903
-1.56666666667
4.27037037037
8.18333333333
10.9741935484
10.4580645161
8.69
-2.60322580645
-1.30333333333
-13.0290322581
-7.82903225806
-11.1714285714
-2.91612903226
0.176666666667
2.61935483871
9.14333333333
12.8821428571
12.8870967742
7.11666666667
3.67096774194
-5.9724137931
-7.81612903226
NaN
NaN
NaN
NaN
NaN
NaN
NaN
NaN
NaN
3.17586206897
-5.45
NaN
NaN
-9.28965517241
0.258064516129
1.86333333333
3.67333333333
11.3066666667
15.4516129032
11.9419354839
8.20666666667
0.429032258065
-2.38275862069
-7.79677419355
-8.28064516129
-7.66071428571
-6.53548387097
-4.87666666667
4.19032258065
9.14666666667
12.9193548387
12.5161290323
10.2966666667
1.4
-2.41333333333
-9.22903225806
-7.74193548387
-11.1928571429
-3.94516129032
0.836666666667
6.67096774194
10.7533333333
15.2741935484
15.4193548387
9.85666666667
6.08709677419
-5.55333333333
-5.86451612903
-7.61612903226
-7.73571428571
-1.2064516129
1.58
4.06774193548
12.7266666667
12.8161290323
12.3
10.0566666667
3.85161290323
-3.44666666667
-6.03666666667
-6.32580645161
-3.31724137931
-1.9064516129
1.26666666667
4.42580645161
12.8733333333
13.5838709677
12.5935483871
9.27
5.24838709677
0.633333333333
-13.4419354839
-10.0035714286
-4.77142857143
-1.42258064516
0.353333333333
5.15806451613
9.98
15.5709677419
12.2774193548
NaN
NaN
