86.0
229.0
205.0
1282.0
959.0
1881.0
NaN
NaN
284.0
38.0
428.0
279.0
172.0
195.0
253.0
455.0
364.0
328.0
26.0
241.0
1151.0
277.0
211.0
229.0
292.0
51.0
132.0
597.0
924.0
NaN
NaN
1019.0
552.0
72.0
277.0
902.0
56.0
113.0
137.0
684.0
1394.0
727.0
1983.0
1804.0
1372.0
754.0
123.0
153.0
873.0
206.0
405.0
1548.0
468.0
1328.0
608.0
595.0
404.0
162.0
184.0
573.0
858.0
137.0
200.0
1196.0
1059.0
1360.0
727.0
897.0
506.0
950.0
916.0
257.0
33.0
129.0
269.0
942.0
1670.0
964.0
1874.0
973.0
539.0
173.0
307.0
491.0
103.0
200.0
737.0
505.0
1061.0
1000.0
1132.0
2011.0
1025.0
1157.0
245.0
71.0
227.0
398.0
628.0
600.0
401.0
611.0
364.0
144.0
1150.0
638.0
99.0
573.0
213.0
183.0
287.0
410.0
1408.0
1525.0
1590.0
2407.0
1471.0
825.0
657.0
910.0
23.0
656.0
308.0
605.0
2132.0
1145.0
1019.0
1916.0
1076.0
323.0
185.0
31.0
684.0
155.0
649.0
2027.0
783.0
441.0
1365.0
1013.0
696.0
278.0
8.0
399.0
338.0
427.0
481.0
829.0
1021.0
1774.0
806.0
1568.0
986.0
1052.0
815.0
168.0
371.0
336.0
294.0
659.0
492.0
795.0
1040.0
1402.0
849.0
592.0
813.0
610.0
510.0
449.0
381.0
439.0
1266.0
1425.0
1675.0
784.0
516.0
280.0
341.0
272.0
114.0
265.0
371.0
788.0
2015.0
1098.0
364.0
2398.0
92.0
1077.0
307.0
114.0
263.0
635.0
390.0
1001.0
628.0
1463.0
426.0
247.0
2250.0
419.0
1292.0
591.0
597.0
165.0
82.0
143.0
907.0
397.0
179.0
580.0
1122.0
107.0
119.0
92.0
226.0
1171.0
413.0
658.0
644.0
44.0
254.0
711.0
1763.0
462.0
322.0
564.0
120.0
528.0
598.0
907.0
1095.0
896.0
1148.0
553.0
1621.0
1309.0
442.0
120.0
369.0
223.0
548.0
996.0
1432.0
1588.0
23.0
1115.0
483.0
789.0
275.0
156.0
187.0
412.0
273.0
493.0
678.0
1056.0
187.0
560.0
2947.0
831.0
100.0
342.0
557.0
822.0
393.0
309.0
1818.0
971.0
2388.0
614.0
1180.0
106.0
370.0
72.0
529.0
145.0
70.0
578.0
1402.0
749.0
326.0
384.0
508.0
499.0
415.0
151.0
93.0
28.0
423.0
1168.0
648.0
1574.0
522.0
699.0
466.0
275.0
36.0
245.0
166.0
302.0
11.0
281.0
1788.0
943.0
429.0
1014.0
643.0
1044.0
386.0
353.0
33.0
446.0
940.0
1350.0
1033.0
2258.0
1232.0
177.0
1919.0
307.0
1580.0
217.0
107.0
134.0
855.0
1049.0
920.0
324.0
1894.0
301.0
NaN
NaN
NaN
NaN
NaN
280.0
351.0
1010.0
947.0
1540.0
440.0
1451.0
2150.0
538.0
47.0
96.0
84.0
182.0
844.0
501.0
1836.0
277.0
1856.0
1259.0
574.0
685.0
1043.0
76.0
162.0
117.0
745.0
452.0
938.0
1062.0
208.0
1466.0
846.0
374.0
113.0
158.0
140.0
587.0
457.0
326.0
320.0
2551.0
446.0
1098.0
761.0
319.0
145.0
367.0
91.0
130.0
161.0
412.0
295.0
1417.0
313.0
1033.0
899.0
923.0
79.0
408.0
312.0
188.0
245.0
89.0
627.0
1711.0
712.0
764.0
1770.0
409.0
232.0
166.0
77.0
238.0
325.0
1594.0
1094.0
385.0
635.0
170.0
1018.0
788.0
160.0
296.0
20.0
375.0
289.0
535.0
411.0
1481.0
1383.0
1413.0
635.0
751.0
929.0
147.0
686.0
371.0
289.0
1413.0
556.0
578.0
914.0
653.0
700.0
722.0
386.0
145.0
489.0
306.0
287.0
731.0
844.0
1728.0
264.0
772.0
645.0
561.0
227.0
101.0
178.0
13.0
511.0
559.0
794.0
1480.0
849.0
1240.0
1448.0
946.0
1674.0
802.0
582.0
163.0
323.0
523.0
678.0
1459.0
797.0
1912.0
328.0
320.0
391.0
460.0
219.0
96.0
534.0
307.0
1087.0
118.0
569.0
688.0
851.0
827.0
68.0
155.0
258.0
230.0
399.0
216.0
278.0
580.0
449.0
297.0
1198.0
419.0
1420.0
129.0
343.0
320.0
264.0
217.0
2106.0
3434.0
1282.0
391.0
1814.0
1184.0
862.0
354.0
626.0
349.0
571.0
197.0
967.0
923.0
124.0
1088.0
1907.0
598.0
104.0
269.0
587.0
266.0
159.0
1039.0
1002.0
1104.0
369.0
1107.0
269.0
373.0
282.0
94.0
218.0
94.0
566.0
1177.0
1423.0
825.0
644.0
763.0
790.0
208.0
741.0
127.0
205.0
386.0
397.0
282.0
119.0
1346.0
376.0
1415.0
198.0
366.0
219.0
196.0
312.0
356.0
430.0
890.0
512.0
397.0
1390.0
1730.0
77.0
404.0
623.0
434.0
703.0
137.0
200.0
611.0
1176.0
1432.0
699.0
878.0
3108.0
2060.0
302.0
854.0
480.0
343.0
514.0
318.0
1603.0
1024.0
2060.0
635.0
663.0
458.0
529.0
288.0
118.0
137.0
261.0
471.0
1117.0
1515.0
1395.0
1430.0
646.0
170.0
226.0
193.0
312.0
211.0
697.0
1282.0
2681.0
1058.0
282.0
1626.0
487.0
213.0
423.0
437.0
225.0
378.0
1242.0
1098.0
1791.0
1138.0
512.0
757.0
1054.0
69.0
280.0
894.0
706.0
30.0
1216.0
407.0
802.0
1565.0
441.0
1720.0
946.0
978.0
390.0
44.0
NaN
NaN
566.0
NaN
1237.0
NaN
483.0
NaN
NaN
785.0
NaN
269.0
0.0
NaN
610.0
NaN
584.0
NaN
1659.0
407.0
518.0
300.0
842.0
457.0
583.0
233.0
592.0
406.0
439.0
1570.0
722.0
386.0
488.0
382.0
125.0
253.0
425.0
627.0
220.0
614.0
1264.0
1352.0
753.0
775.0
164.0
145.0
122.0
179.0
234.0
897.0
1327.0
1246.0
1671.0
1839.0
1039.0
1032.0
455.0
1074.0
555.0
300.0
167.0
203.0
1059.0
506.0
1093.0
1426.0
1166.0
1042.0
211.0
3.0
1450.0
305.0
153.0
599.0
792.0
728.0
476.0
1980.0
491.0
152.0
204.0
142.0
214.0
350.0
15.0
358.0
461.0
1303.0
1169.0
1150.0
94.0
2687.0
533.0
774.0
43.0
295.0
492.0
372.0
195.0
651.0
786.0
496.0
826.0
499.0
1466.0
249.0
81.0
97.0
123.0
175.0
120.0
407.0
607.0
385.0
920.0
1372.0
353.0
452.0
462.0
132.0
171.0
23.0
604.0
962.0
860.0
932.0
431.0
1062.0
658.0
892.0
449.0
411.0
186.0
196.0
153.0
415.0
800.0
693.0
2453.0
168.0
734.0
13.0
663.0
33.0
133.0
168.0
644.0
951.0
1980.0
1547.0
854.0
1094.0
1013.0
680.0
244.0
444.0
968.0
601.0
336.0
507.0
1611.0
906.0
881.0
843.0
1127.0
710.0
74.0
121.0
81.0
630.0
1183.0
489.0
534.0
1061.0
1282.0
620.0
2476.0
721.0
874.0
584.0
217.0
282.0
433.0
612.0
1308.0
1302.0
581.0
1161.0
579.0
942.0
243.0
138.0
156.0
97.0
652.0
1278.0
957.0
350.0
1507.0
1519.0
369.0
77.0
384.0
127.0
55.0
89.0
276.0
1157.0
957.0
1529.0
656.0
966.0
1285.0
66.0
263.0
192.0
468.0
285.0
704.0
1519.0
1038.0
1371.0
60.0
761.0
1942.0
199.0
447.0
576.0
384.0
31.0
332.0
406.0
1487.0
1649.0
645.0
691.0
263.0
141.0
186.0
217.0
234.0
147.0
603.0
1069.0
686.0
1770.0
225.0
180.0
559.0
635.0
196.0
362.0
237.0
61.0
333.0
1442.0
572.0
732.0
1106.0
708.0
439.0
829.0
366.0
655.0
208.0
356.0
366.0
1275.0
1122.0
1841.0
1503.0
784.0
770.0
1089.0
14.0
521.0
117.0
15.0
714.0
569.0
972.0
838.0
652.0
1689.0
1801.0
1436.0
295.0
308.0
508.0
495.0
72.0
341.0
1460.0
863.0
551.0
325.0
710.0
904.0
966.0
212.0
137.0
200.0
206.0
896.0
1108.0
629.0
1635.0
1338.0
1990.0
678.0
887.0
664.0
750.0
695.0
1302.0
1364.0
1592.0
662.0
2193.0
533.0
1866.0
1483.0
528.0
806.0
373.0
294.0
457.0
1486.0
1716.0
1024.0
386.0
1379.0
506.0
854.0
394.0
379.0
374.0
414.0
585.0
946.0
657.0
1693.0
13.0
941.0
681.0
48.0
823.0
148.0
64.0
540.0
775.0
1675.0
980.0
740.0
721.0
266.0
314.0
439.0
53.0
3.0
99.0
81.0
1018.0
613.0
671.0
335.0
670.0
3770.0
801.0
1727.0
251.0
238.0
113.0
326.0
161.0
1333.0
1136.0
1369.0
1218.0
651.0
2129.0
432.0
765.0
361.0
448.0
122.0
845.0
1039.0
467.0
1193.0
891.0
501.0
122.0
872.0
346.0
69.0
218.0
127.0
211.0
347.0
404.0
2892.0
746.0
1804.0
550.0
526.0
165.0
132.0
0.0
338.0
119.0
1047.0
462.0
1369.0
1835.0
635.0
726.0
519.0
610.0
174.0
436.0
112.0
842.0
835.0
2306.0
469.0
1826.0
1456.0
1114.0
695.0
739.0
818.0
286.0
214.0
826.0
806.0
1107.0
848.0
236.0
488.0
NaN
NaN
NaN
331.0
183.0
178.0
441.0
1542.0
1499.0
1411.0
1289.0
13.0
253.0
1118.0
665.0
561.0
221.0
595.0
594.0
39.0
790.0
1631.0
1093.0
557.0
1373.0
997.0
660.0
422.0
28.0
300.0
539.0
941.0
1437.0
961.0
1369.0
571.0
1558.0
916.0
NaN
NaN
86.0
NaN
NaN
701.0
1245.0
583.0
1581.0
NaN
NaN
NaN
NaN
378.0
NaN
NaN
NaN
NaN
NaN
740.0
599.0
699.0
767.0
55.0
753.0
176.0
361.0
216.0
66.0
377.0
1135.0
604.0
1089.0
825.0
1145.0
914.0
13.0
86.0
378.0
195.0
1179.0
947.0
1297.0
2327.0
1827.0
450.0
402.0
667.0
576.0
392.0
155.0
30.0
1042.0
2213.0
1077.0
917.0
297.0
672.0
307.0
939.0
943.0
323.0
152.0
486.0
439.0
1219.0
264.0
153.0
1956.0
533.0
1940.0
5.0
1095.0
448.0
295.0
313.0
682.0
588.0
1799.0
1932.0
2661.0
2027.0
1990.0
653.0
257.0
143.0
251.0
445.0
0.0
442.0
726.0
917.0
372.0
853.0
800.0
228.0
501.0
325.0
122.0
232.0
589.0
1325.0
1447.0
1129.0
986.0
439.0
794.0
324.0
458.0
92.0
498.0
145.0
297.0
568.0
2826.0
1510.0
572.0
372.0
882.0
882.0
353.0
57.0
218.0
353.0
198.0
775.0
1489.0
1237.0
715.0
922.0
620.0
1334.0
269.0
347.0
156.0
316.0
1026.0
687.0
1413.0
1421.0
759.0
1096.0
326.0
1231.0
686.0
96.0
296.0
298.0
375.0
1604.0
1328.0
1335.0
994.0
567.0
648.0
100.0
330.0
128.0
134.0
278.0
120.0
811.0
559.0
2016.0
813.0
715.0
658.0
241.0
565.0
431.0
469.0
687.0
335.0
874.0
2412.0
1171.0
459.0
927.0
1355.0
508.0
185.0
192.0
114.0
183.0
293.0
1162.0
1207.0
437.0
1486.0
888.0
69.0
1065.0
33.0
33.0
115.0
281.0
187.0
871.0
1707.0
1985.0
686.0
96.0
964.0
381.0
1408.0
278.0
379.0
434.0
895.0
463.0
2099.0
718.0
1597.0
1341.0
232.0
517.0
626.0
137.0
198.0
443.0
192.0
1281.0
1304.0
1136.0
867.0
413.0
229.0
242.0
249.0
402.0
165.0
51.0
830.0
NaN
573.0
432.0
1095.0
1521.0
1477.0
439.0
422.0
521.0
209.0
591.0
770.0
980.0
1674.0
675.0
562.0
2657.0
770.0
1788.0
63.0
772.0
82.0
275.0
186.0
1315.0
1164.0
3109.0
2812.0
216.0
1435.0
1076.0
747.0
291.0
132.0
76.0
1539.0
1367.0
797.0
1432.0
1012.0
1397.0
376.0
1126.0
359.0
969.0
550.0
401.0
590.0
1092.0
1337.0
4283.0
2523.0
1324.0
1372.0
197.0
519.0
148.0
234.0
467.0
451.0
992.0
2133.0
3405.0
298.0
1118.0
194.0
155.0
736.0
475.0
96.0
564.0
579.0
1050.0
493.0
468.0
129.0
381.0
168.0
983.0
450.0
449.0
290.0
647.0
502.0
1737.0
2137.0
775.0
278.0
569.0
708.0
546.0
283.0
224.0
24.0
548.0
54.0
1455.0
1260.0
1794.0
686.0
2400.0
1884.0
979.0
104.0
191.0
51.0
462.0
143.0
765.0
1212.0
2065.0
2677.0
862.0
1083.0
231.0
929.0
1212.0
168.0
328.0
339.0
628.0
1084.0
635.0
2219.0
1456.0
1557.0
204.0
195.0
315.0
386.0
173.0
725.0
NaN
NaN
354.0
289.0
764.0
573.0
NaN
