NaN
NaN
18.9
10.6
12.2
NaN
NaN
NaN
7.2
NaN
8.3
NaN
NaN
12.2
-0.6
1.1
2.8
4.4
5.6
11.7
12.8
13.9
12.8
4.4
NaN
NaN
9.4
NaN
NaN
NaN
7.2
3.3
3.3
2.2
2.8
-6.7
0.6
-2.2
-5.6
-5.0
-1.7
-7.8
-8.9
-10.0
-12.8
-11.1
-11.7
-7.2
-3.9
-6.7
-3.9
-7.8
-11.1
-12.8
-7.2
-7.2
-6.1
-7.8
-6.7
-11.7
-8.3
-4.4
-7.2
-6.7
-2.2
-5.0
-5.6
-11.7
-7.8
-12.2
-12.2
-12.8
-12.8
-10.0
-10.0
-10.0
-6.1
-5.0
-5.6
-6.7
-9.4
-1.7
0.6
-9.4
-12.8
-12.8
-11.1
-11.1
-12.2
-12.8
NaN
NaN
NaN
NaN
NaN
1.7
1.7
2.2
5.0
1.7
-3.9
3.3
4.4
3.9
-0.6
0.6
1.7
0.6
-2.8
-5.0
-4.4
-1.1
NaN
NaN
1.7
0.6
8.9
10.0
14.4
14.4
12.8
NaN
13.9
14.4
10.0
5.0
16.1
9.4
10.0
8.3
3.3
11.1
5.6
2.2
0.6
2.8
10.0
12.2
11.1
19.4
8.3
8.9
7.8
9.4
7.2
-2.2
-1.7
16.1
5.6
4.4
2.8
4.4
5.6
NaN
15.6
11.1
10.0
16.7
NaN
15.6
NaN
15.0
14.4
16.1
15.6
20.0
19.4
17.2
21.1
20.0
18.3
13.9
20.0
14.4
17.8
20.0
18.3
21.1
17.2
20.0
16.1
17.2
15.6
7.2
