495.0
315.0
74.0
745.0
1397.0
383.0
952.0
613.0
928.0
582.0
481.0
374.0
624.0
382.0
498.0
1027.0
669.0
475.0
703.0
1294.0
2773.0
773.0
654.0
495.0
300.0
374.0
944.0
2004.0
1229.0
375.0
1381.0
600.0
498.0
1103.0
1017.0
255.0
1117.0
285.0
1894.0
1094.0
391.0
487.0
514.0
558.0
919.0
1170.0
802.0
345.0
549.0
570.0
379.0
897.0
446.0
750.0
641.0
516.0
537.0
599.0
115.0
455.0
379.0
560.0
263.0
549.0
1525.0
851.0
2637.0
1917.0
1766.0
206.0
321.0
597.0
1292.0
275.0
446.0
441.0
1409.0
712.0
305.0
653.0
658.0
766.0
628.0
435.0
364.0
145.0
1009.0
1115.0
1330.0
1701.0
431.0
581.0
813.0
465.0
18.0
231.0
597.0
461.0
425.0
1115.0
1251.0
1864.0
1175.0
1673.0
984.0
783.0
699.0
821.0
110.0
403.0
NaN
268.0
1308.0
2020.0
413.0
2062.0
825.0
1276.0
1009.0
48.0
203.0
77.0
1105.0
NaN
1281.0
559.0
1343.0
653.0
1403.0
338.0
213.0
935.0
502.0
143.0
1209.0
1009.0
463.0
1636.0
445.0
1031.0
1526.0
702.0
1184.0
571.0
465.0
330.0
1972.0
1473.0
1239.0
680.0
902.0
1006.0
137.0
918.0
791.0
NaN
NaN
303.0
1478.0
531.0
1611.0
517.0
696.0
1522.0
1282.0
1302.0
420.0
1048.0
434.0
397.0
1010.0
974.0
993.0
2103.0
318.0
NaN
627.0
861.0
234.0
1719.0
122.0
417.0
822.0
691.0
66.0
641.0
580.0
1086.0
1353.0
1050.0
558.0
538.0
NaN
503.0
NaN
1352.0
NaN
1715.0
1096.0
775.0
NaN
1896.0
1630.0
206.0
409.0
316.0
1327.0
1726.0
NaN
925.0
NaN
909.0
1565.0
1058.0
NaN
1088.0
234.0
596.0
452.0
827.0
589.0
1294.0
1074.0
386.0
987.0
NaN
765.0
528.0
1168.0
171.0
710.0
1550.0
2298.0
921.0
1909.0
805.0
253.0
1139.0
363.0
400.0
1240.0
340.0
514.0
1021.0
NaN
872.0
211.0
904.0
751.0
490.0
707.0
91.0
41.0
295.0
674.0
798.0
1207.0
1180.0
989.0
1212.0
1250.0
557.0
1107.0
455.0
509.0
175.0
NaN
NaN
318.0
1031.0
664.0
908.0
941.0
912.0
280.0
643.0
920.0
275.0
1940.0
729.0
1811.0
13.0
150.0
359.0
890.0
1283.0
NaN
232.0
313.0
226.0
637.0
NaN
165.0
839.0
1117.0
1075.0
1600.0
694.0
1543.0
402.0
246.0
348.0
1551.0
728.0
NaN
2343.0
698.0
366.0
681.0
710.0
2066.0
320.0
309.0
691.0
505.0
1225.0
356.0
353.0
841.0
1071.0
1111.0
745.0
533.0
843.0
919.0
624.0
132.0
1099.0
750.0
1616.0
686.0
582.0
1069.0
835.0
311.0
427.0
407.0
504.0
NaN
932.0
1627.0
1436.0
1389.0
810.0
533.0
462.0
300.0
652.0
713.0
1111.0
1019.0
1229.0
478.0
1287.0
1204.0
782.0
66.0
708.0
190.0
288.0
293.0
233.0
755.0
1128.0
976.0
583.0
155.0
1209.0
109.0
734.0
792.0
132.0
483.0
166.0
168.0
1108.0
676.0
1106.0
896.0
785.0
1511.0
2982.0
838.0
421.0
399.0
990.0
820.0
646.0
839.0
1667.0
1770.0
384.0
1466.0
786.0
1728.0
NaN
271.0
233.0
727.0
964.0
2551.0
883.0
622.0
815.0
448.0
686.0
538.0
173.0
166.0
814.0
847.0
2304.0
821.0
427.0
371.0
876.0
717.0
308.0
302.0
282.0
190.0
175.0
1151.0
1158.0
1407.0
1302.0
538.0
914.0
1998.0
409.0
648.0
407.0
NaN
387.0
712.0
479.0
2221.0
1819.0
934.0
1164.0
655.0
1105.0
1173.0
603.0
560.0
48.0
650.0
1519.0
1230.0
1990.0
383.0
92.0
1325.0
813.0
382.0
676.0
331.0
566.0
1125.0
351.0
990.0
1610.0
1844.0
699.0
915.0
274.0
645.0
679.0
1876.0
605.0
590.0
NaN
NaN
1051.0
1159.0
1197.0
538.0
1464.0
170.0
1390.0
1668.0
805.0
412.0
1743.0
275.0
1683.0
823.0
213.0
912.0
549.0
612.0
176.0
452.0
1120.0
778.0
1061.0
841.0
1874.0
1649.0
1673.0
736.0
746.0
785.0
309.0
471.0
452.0
857.0
1077.0
1149.0
1719.0
510.0
678.0
163.0
285.0
762.0
545.0
533.0
513.0
1689.0
370.0
363.0
1803.0
1077.0
566.0
237.0
522.0
259.0
472.0
546.0
353.0
537.0
1078.0
700.0
918.0
604.0
1298.0
81.0
1189.0
144.0
474.0
570.0
703.0
510.0
642.0
1057.0
1166.0
610.0
566.0
992.0
1607.0
392.0
205.0
208.0
611.0
235.0
643.0
790.0
495.0
1184.0
2116.0
329.0
168.0
564.0
563.0
438.0
487.0
329.0
2471.0
1242.0
1672.0
538.0
409.0
373.0
401.0
796.0
993.0
449.0
168.0
235.0
660.0
475.0
2287.0
3309.0
713.0
541.0
232.0
1336.0
76.0
381.0
965.0
1162.0
1042.0
691.0
25.0
678.0
582.0
1172.0
856.0
535.0
307.0
401.0
497.0
587.0
974.0
1029.0
1767.0
759.0
523.0
1098.0
509.0
546.0
412.0
86.0
391.0
883.0
953.0
688.0
711.0
1138.0
583.0
2052.0
1167.0
737.0
419.0
456.0
NaN
NaN
NaN
942.0
986.0
1219.0
377.0
371.0
381.0
351.0
89.0
148.0
195.0
1837.0
392.0
386.0
377.0
1278.0
1048.0
195.0
320.0
584.0
191.0
336.0
325.0
909.0
2593.0
223.0
1866.0
701.0
666.0
909.0
31.0
1032.0
359.0
1166.0
376.0
840.0
1459.0
949.0
1064.0
435.0
2310.0
1978.0
285.0
252.0
903.0
80.0
505.0
683.0
1420.0
693.0
386.0
631.0
567.0
862.0
422.0
1453.0
1026.0
547.0
251.0
608.0
940.0
1547.0
863.0
996.0
259.0
547.0
1762.0
526.0
2072.0
377.0
498.0
431.0
919.0
1448.0
1236.0
969.0
1780.0
844.0
422.0
1070.0
710.0
785.0
254.0
447.0
1249.0
393.0
695.0
638.0
768.0
993.0
2083.0
495.0
471.0
125.0
181.0
434.0
1985.0
910.0
1107.0
264.0
854.0
1942.0
693.0
325.0
242.0
279.0
642.0
481.0
177.0
1303.0
722.0
1405.0
490.0
1325.0
363.0
282.0
1740.0
250.0
226.0
908.0
966.0
800.0
769.0
483.0
829.0
1842.0
496.0
882.0
1067.0
282.0
194.0
2193.0
1681.0
714.0
2115.0
1279.0
519.0
879.0
887.0
450.0
837.0
815.0
428.0
1070.0
685.0
1668.0
1960.0
493.0
1207.0
430.0
448.0
1012.0
467.0
1207.0
836.0
446.0
847.0
540.0
1502.0
1334.0
2468.0
355.0
599.0
653.0
463.0
265.0
925.0
1447.0
358.0
463.0
851.0
847.0
661.0
675.0
604.0
143.0
64.0
258.0
387.0
1320.0
686.0
544.0
975.0
1288.0
2000.0
1029.0
1979.0
298.0
729.0
139.0
149.0
723.0
NaN
1190.0
255.0
1415.0
691.0
701.0
NaN
594.0
649.0
1074.0
283.0
1930.0
2002.0
441.0
307.0
1299.0
593.0
38.0
343.0
560.0
480.0
127.0
297.0
1166.0
563.0
738.0
1103.0
238.0
1527.0
967.0
439.0
252.0
531.0
81.0
645.0
347.0
1403.0
1846.0
1313.0
2404.0
1929.0
347.0
659.0
462.0
537.0
978.0
359.0
841.0
946.0
1255.0
396.0
1465.0
NaN
405.0
1089.0
1522.0
1736.0
216.0
242.0
838.0
1491.0
1200.0
742.0
249.0
542.0
298.0
1280.0
1165.0
1059.0
207.0
762.0
1125.0
1248.0
1473.0
294.0
1168.0
99.0
811.0
1113.0
946.0
1394.0
121.0
913.0
1286.0
710.0
639.0
1310.0
980.0
1674.0
173.0
1127.0
2013.0
478.0
3.0
593.0
269.0
942.0
1156.0
667.0
1945.0
370.0
1788.0
959.0
617.0
446.0
572.0
168.0
234.0
745.0
817.0
1059.0
1189.0
1155.0
367.0
474.0
1057.0
1417.0
592.0
382.0
636.0
619.0
514.0
130.0
118.0
355.0
570.0
536.0
1240.0
852.0
222.0
434.0
543.0
1482.0
967.0
981.0
833.0
1700.0
1096.0
242.0
318.0
148.0
532.0
1462.0
1073.0
547.0
1855.0
2029.0
770.0
NaN
482.0
1491.0
1247.0
1691.0
393.0
86.0
855.0
1388.0
1783.0
284.0
1443.0
1161.0
571.0
1839.0
745.0
512.0
280.0
563.0
846.0
648.0
128.0
625.0
3534.0
329.0
698.0
522.0
1919.0
690.0
1125.0
542.0
656.0
1671.0
293.0
1392.0
2165.0
1349.0
1733.0
1271.0
1109.0
400.0
478.0
285.0
404.0
2265.0
854.0
905.0
530.0
693.0
656.0
681.0
1398.0
616.0
943.0
74.0
972.0
1060.0
2732.0
518.0
495.0
867.0
132.0
862.0
487.0
446.0
452.0
126.0
478.0
757.0
1962.0
1002.0
1123.0
471.0
469.0
493.0
806.0
382.0
574.0
850.0
740.0
320.0
1190.0
1174.0
772.0
1505.0
885.0
470.0
1261.0
385.0
531.0
567.0
1302.0
790.0
1456.0
1732.0
515.0
790.0
277.0
786.0
462.0
336.0
725.0
789.0
420.0
1516.0
804.0
1885.0
534.0
1401.0
422.0
584.0
107.0
625.0
303.0
458.0
612.0
1214.0
915.0
1833.0
763.0
589.0
616.0
636.0
985.0
480.0
585.0
960.0
370.0
479.0
775.0
810.0
873.0
889.0
632.0
1658.0
562.0
520.0
678.0
741.0
670.0
1541.0
1520.0
1199.0
856.0
1346.0
406.0
688.0
245.0
382.0
191.0
387.0
621.0
614.0
1200.0
585.0
1797.0
729.0
1045.0
397.0
1575.0
489.0
430.0
141.0
1139.0
387.0
1854.0
1160.0
1269.0
1560.0
58.0
1556.0
1172.0
484.0
1671.0
556.0
468.0
408.0
396.0
223.0
1168.0
1228.0
838.0
389.0
1181.0
308.0
503.0
114.0
1049.0
980.0
659.0
1204.0
1730.0
1166.0
875.0
851.0
752.0
1454.0
778.0
620.0
998.0
1027.0
361.0
1430.0
525.0
482.0
175.0
1211.0
695.0
986.0
1050.0
NaN
668.0
387.0
873.0
1573.0
1041.0
45.0
2360.0
391.0
238.0
895.0
173.0
NaN
803.0
1469.0
1628.0
1536.0
1395.0
1254.0
512.0
2663.0
995.0
1355.0
345.0
547.0
725.0
NaN
974.0
2528.0
1264.0
850.0
1362.0
282.0
718.0
496.0
272.0
879.0
584.0
1701.0
1282.0
1168.0
327.0
388.0
709.0
428.0
NaN
878.0
388.0
206.0
320.0
607.0
495.0
NaN
298.0
901.0
1142.0
1734.0
NaN
633.0
396.0
511.0
NaN
NaN
1118.0
784.0
572.0
55.0
158.0
922.0
694.0
NaN
538.0
730.0
496.0
571.0
884.0
1777.0
1257.0
2056.0
1778.0
1149.0
561.0
404.0
335.0
343.0
440.0
677.0
1700.0
1819.0
1632.0
401.0
1028.0
340.0
1142.0
1992.0
257.0
214.0
905.0
648.0
1469.0
931.0
2100.0
1061.0
927.0
419.0
816.0
352.0
515.0
150.0
880.0
1249.0
926.0
470.0
777.0
539.0
NaN
NaN
