-9.325
-5.96
1.47666666667
7.15161290323
10.2433333333
13.4290322581
13.5096774194
7.69666666667
4.71290322581
-1.39655172414
-5.92580645161
-15.7806451613
-6.17037037037
-2.32
0.446666666667
5.3
10.43
15.7967741935
15.2
12.3966666667
9.26129032258
-0.983333333333
-9.04193548387
-6.46774193548
-7.94137931034
-7.73870967742
0.243333333333
7.04516129032
10.9
17.2774193548
12.7064516129
7.94
5.47096774194
-3.26666666667
-8.64193548387
-5.4
-8.63571428571
-12.3870967742
1.31333333333
4.71612903226
10.1533333333
14.4032258065
13.3741935484
2.67
6.54516129032
0.0
-2.87419354839
-12.3806451613
-8.36428571429
-2.86451612903
-2.45333333333
6.25806451613
11.4233333333
16.9677419355
12.5935483871
10.3966666667
3.22903225806
-3.31333333333
-6.58387096774
-6.56451612903
-7.57857142857
-4.26451612903
-0.113333333333
3.15483870968
9.17
14.9766666667
14.3161290323
10.2966666667
4.04838709677
-2.91
-9.36774193548
-7.92258064516
-6.89655172414
-1.77419354839
-1.54
3.51290322581
10.2866666667
13.8903225806
11.7516129032
8.81333333333
4.52580645161
-3.17857142857
-11.0612903226
-13.0866666667
-6.75357142857
-7.21290322581
3.07333333333
7.51290322581
8.32333333333
14.4419354839
16.8161290323
11.89
-0.71935483871
-1.34666666667
-4.98387096774
-10.3870967742
-5.85
-7.28
-1.95666666667
6.11290322581
12.6266666667
14.9612903226
15.3064516129
7.9
1.24333333333
-3.57
-7.65666666667
-10.7322580645
-8.31071428571
-6.19032258065
0.08
4.72580645161
11.96
13.0451612903
16.2580645161
7.488
0.220689655172
-6.08571428571
-8.41612903226
-15.3677419355
-6.7275862069
-2.51612903226
0.35
6.17
11.74
12.7
14.3548387097
7.88666666667
1.7935483871
-4.12666666667
-10.9741935484
-7.4
-5.36785714286
-2.55
-0.983333333333
5.0935483871
11.58
14.8225806452
14.8709677419
8.65517241379
3.92580645161
-4.01666666667
-7.3064516129
-9.13870967742
-4.51785714286
-4.17741935484
1.29666666667
4.8064516129
12.11
16.1516129032
12.76
7.09333333333
5.58064516129
-2.38666666667
-5.35806451613
-8.28064516129
-10.4214285714
-7.15161290323
-1.66333333333
NaN
10.1533333333
16.6967741935
14.2451612903
8.55
4.68064516129
-3.18
-4.98387096774
-8.17741935484
-3.63793103448
-5.42666666667
1.3
NaN
9.84666666667
15.4
13.9258064516
10.1066666667
0.909677419355
-5.55666666667
-5.87741935484
-13.2580645161
-4.825
-5.89032258065
3.01
7.32903225806
12.4482758621
14.5
11.535483871
9.37
3.58387096774
-4.70333333333
-9.53225806452
-13.6655172414
-11.6678571429
-3.66774193548
-0.57
5.00967741935
10.3733333333
13.9862068966
13.4967741935
10.9166666667
2.45161290323
-6.83333333333
-12.4322580645
-15.935483871
-10.8535714286
-4.44193548387
-2.39
3.31935483871
8.60666666667
13.2290322581
13.435483871
12.74
3.74838709677
-4.37666666667
-3.42903225806
-11.4966666667
-7.66206896552
-6.01666666667
0.646666666667
4.75161290323
11.8033333333
15.735483871
12.3357142857
9.08333333333
3.62580645161
-1.36896551724
-4.57666666667
-3.60967741935
-6.925
-2.12580645161
3.29666666667
4.56
10.0966666667
14.664516129
14.535483871
10.5533333333
2.49032258065
1.03103448276
-7.05806451613
-14.09
-8.03214285714
-5.22903225806
-2.0
4.54838709677
8.41
14.9451612903
14.3032258065
8.45333333333
2.24193548387
-4.8
-6.56333333333
-4.62903225806
-2.975
-3.62258064516
-2.48333333333
3.7
10.3166666667
16.6612903226
17.8290322581
8.6
3.23548387097
-2.44333333333
-14.9258064516
-6.19677419355
-4.00689655172
-4.83870967742
-0.863333333333
3.55161290323
8.47142857143
14.635483871
16.7935483871
5.48333333333
2.64838709677
-1.30333333333
-9.20322580645
-9.83
-9.92857142857
-3.21
3.41724137931
9.53870967742
9.69
16.3533333333
12.7032258065
7.09666666667
1.74516129032
-11.5166666667
-9.69032258065
-2.52
-8.31071428571
-0.0193548387097
0.451724137931
5.04
13.3166666667
14.9133333333
13.7774193548
6.48333333333
3.89032258065
-4.40689655172
-4.25806451613
-5.14666666667
-3.57142857143
-4.64516129032
4.01666666667
8.51612903226
12.9933333333
15.9290322581
12.4870967742
9.47666666667
2.25806451613
0.178571428571
-6.18064516129
-8.73
-8.6
NaN
1.01666666667
7.6935483871
16.3633333333
16.0258064516
15.4677419355
8.78666666667
3.54193548387
-2.45666666667
-6.53
-6.45161290323
-14.5814814815
-5.74193548387
0.413333333333
5.43448275862
10.6586206897
17.08
14.1774193548
8.81
3.21935483871
-3.27586206897
-9.73666666667
NaN
-6.70769230769
-3.35161290323
-0.166666666667
4.2935483871
11.9266666667
14.4806451613
15.1258064516
12.9633333333
2.44516129032
-0.0566666666667
-11.4483870968
-9.98064516129
-2.05
-2.72903225806
1.43666666667
6.62258064516
12.3724137931
14.3709677419
16.5923076923
10.2266666667
2.1935483871
-5.57931034483
-3.06774193548
-3.63870967742
-2.18965517241
-1.18387096774
1.64666666667
7.01935483871
9.16666666667
9.64838709677
10.5903225806
9.20333333333
3.45161290323
-4.73103448276
-10.7870967742
-9.17741935484
-10.7964285714
-2.78333333333
-0.706666666667
5.85483870968
8.47333333333
11.1870967742
12.0838709677
5.70666666667
1.77096774194
-6.5
-5.01935483871
-9.14838709677
-11.3357142857
-3.12258064516
0.0620689655172
8.04838709677
12.0862068966
13.2806451613
14.0032258065
11.11
3.44516129032
-3.21666666667
-3.82903225806
-5.19677419355
-6.41851851852
-4.46129032258
-3.11379310345
2.88709677419
9.96333333333
14.26
16.08
8.70666666667
1.80666666667
-3.50333333333
-6.32258064516
-11.9516129032
-7.7
-8.47741935484
-0.343333333333
3.10967741935
12.3965517241
14.4129032258
NaN
8.12666666667
2.14516129032
-7.77666666667
-10.0322580645
-10.2032258065
-6.62857142857
-3.54516129032
-3.16666666667
3.37931034483
12.4466666667
13.7
13.7870967742
10.5633333333
3.61333333333
-3.43
-4.67
-7.06774193548
-3.22307692308
-6.87333333333
1.11333333333
6.27741935484
7.43103448276
15.8290322581
14.78
13.1166666667
3.92903225806
-1.65333333333
-7.82580645161
-7.53870967742
-3.57142857143
-3.08064516129
-0.74
5.54666666667
9.71666666667
14.9612903226
14.7677419355
6.72068965517
3.8935483871
3.11333333333
-3.6935483871
-6.11290322581
-3.39655172414
-2.37333333333
-0.643333333333
6.60322580645
9.75172413793
15.6483870968
16.28
10.3
4.76333333333
-7.34482758621
-11.1935483871
-5.04
-11.2518518519
-3.63548387097
2.04
6.43
11.0166666667
16.47
17.3129032258
10.8566666667
2.67741935484
0.931034482759
-5.96774193548
-7.2935483871
-5.10740740741
-10.4806451613
-1.57
3.17
13.3133333333
17.435483871
13.4516129032
9.78666666667
NaN
-1.31666666667
-4.22
-7.13225806452
-10.2153846154
-5.81666666667
2.52413793103
5.16451612903
9.44
16.7448275862
16.4133333333
7.57
5.78
-5.29666666667
-4.00967741935
-7.31333333333
-5.27931034483
-2.0
1.41666666667
5.06451612903
8.92666666667
14.15
12.32
9.47333333333
2.74666666667
-2.89310344828
-4.61
-7.46333333333
-4.03333333333
-3.15517241379
0.55
3.78064516129
12.0533333333
15.9516129032
13.83
11.29
4.58709677419
-1.04666666667
-8.25806451613
-1.78064516129
-8.14285714286
-4.64516129032
2.93
7.06451612903
12.9133333333
17.7703703704
13.2451612903
7.46666666667
1.11612903226
-2.81379310345
-5.16129032258
-8.84193548387
-10.5535714286
-0.461290322581
-1.57586206897
7.69032258065
12.4633333333
17.0666666667
15.2903225806
10.39
4.17096774194
-2.84137931034
-7.8064516129
-9.27096774194
-7.91379310345
-4.91612903226
NaN
NaN
9.61666666667
14.5566666667
13.0161290323
7.92333333333
2.13
-1.21666666667
-12.2709677419
-8.2
-6.20714285714
-4.08387096774
-0.65
5.48709677419
9.58666666667
13.1064516129
12.6483870968
10.96
-2.25483870968
0.527586206897
-12.0964285714
-5.98709677419
-9.06428571429
-1.23225806452
1.22333333333
2.61935483871
9.95
14.5774193548
16.0032258065
8.83333333333
6.04516129032
-4.07
-6.44838709677
NaN
NaN
NaN
NaN
NaN
NaN
NaN
NaN
NaN
4.74516129032
-3.20666666667
NaN
NaN
-7.89655172414
2.40967741935
2.89333333333
5.57096774194
13.1633333333
17.4129032258
15.0935483871
11.46
1.55806451613
-0.52
-5.94838709677
-7.41935483871
-5.83214285714
-5.3
-3.73333333333
6.37096774194
10.6466666667
14.8967741935
15.8612903226
11.6034482759
1.11428571429
-2.60333333333
-10.7677419355
-8.93548387097
-13.15
-5.27096774194
0.156666666667
5.71290322581
9.80333333333
14.564516129
14.4451612903
10.02
4.89032258065
-6.29666666667
-4.98709677419
-6.27096774194
-7.63214285714
-0.406451612903
1.39333333333
4.08387096774
12.37
15.0580645161
14.6451612903
12.5166666667
5.93548387097
-2.7
-5.3
-4.34838709677
-3.1724137931
-1.13225806452
1.78333333333
6.0
14.2966666667
15.4633333333
14.0903225806
9.78333333333
6.18064516129
2.63666666667
-10.8064516129
-8.38709677419
-4.45357142857
-1.54193548387
0.77
5.86129032258
11.8366666667
16.3612903226
14.1580645161
NaN
NaN
