9.18709677419
3.09642857143
9.22580645161
16.5633333333
22.2967741935
32.59
31.1806451613
28.5032258065
29.37
17.9419354839
11.43
6.34516129032
5.42333333333
2.61785714286
8.1935483871
18.04
27.464516129
33.9433333333
35.8129032258
31.5322580645
23.2433333333
20.8258064516
12.7366666667
1.48333333333
2.32580645161
4.08928571429
12.6548387097
14.1466666667
18.3322580645
25.39
32.4612903226
29.3387096774
25.25
18.0677419355
7.94333333333
0.425806451613
-3.84193548387
-3.85517241379
12.5806451613
15.32
25.9838709677
30.19
37.2419354839
34.9483870968
27.1433333333
18.1258064516
9.21666666667
6.61290322581
-1.04193548387
2.65
7.66774193548
15.31
23.3741935484
27.5933333333
31.1129032258
31.235483871
25.7866666667
17.3870967742
8.44333333333
1.23548387097
2.46129032258
6.98928571429
14.7225806452
17.1833333333
22.5
27.24
31.8612903226
32.1161290323
26.9333333333
23.6806451613
11.7033333333
3.9064516129
6.1
3.14642857143
11.3129032258
15.2066666667
25.1967741935
28.2066666667
31.2225806452
28.85
29.1166666667
21.2741935484
10.4966666667
7.0
-6.55483870968
1.8
6.81612903226
15.6533333333
21.4806451613
29.0266666667
32.035483871
28.3903225806
26.4066666667
22.4806451613
8.98666666667
5.42903225806
1.52258064516
1.96785714286
7.97741935484
18.8827586207
25.864516129
28.1366666667
31.3225806452
31.1387096774
26.8933333333
19.7193548387
11.4166666667
7.09677419355
2.2064516129
0.996428571429
10.5935483871
19.7933333333
22.035483871
NaN
NaN
NaN
NaN
NaN
NaN
NaN
NaN
NaN
NaN
NaN
NaN
NaN
NaN
NaN
NaN
NaN
NaN
NaN
NaN
NaN
NaN
NaN
NaN
NaN
NaN
NaN
NaN
NaN
NaN
NaN
NaN
NaN
NaN
NaN
NaN
NaN
NaN
NaN
NaN
NaN
NaN
NaN
NaN
NaN
NaN
NaN
NaN
NaN
NaN
NaN
NaN
NaN
NaN
NaN
NaN
NaN
NaN
NaN
NaN
NaN
NaN
NaN
NaN
NaN
NaN
NaN
NaN
NaN
NaN
NaN
NaN
NaN
NaN
NaN
NaN
NaN
NaN
NaN
NaN
NaN
NaN
NaN
NaN
NaN
NaN
NaN
NaN
NaN
NaN
NaN
NaN
NaN
NaN
NaN
23.2806451613
26.8733333333
27.6129032258
25.9290322581
24.0833333333
NaN
7.66333333333
-0.903225806452
0.754838709677
NaN
4.7064516129
12.79
23.0612903226
23.9033333333
27.7483870968
26.9612903226
21.9833333333
19.0
8.02333333333
2.39677419355
3.90322580645
5.84827586207
6.74516129032
16.7933333333
22.4258064516
31.5766666667
31.5903225806
28.7225806452
26.4233333333
17.7290322581
11.6266666667
3.52580645161
2.30967741935
6.025
9.23225806452
13.61
22.9387096774
31.1866666667
31.6580645161
31.3580645161
28.2233333333
22.8032258065
12.9966666667
5.91
1.85483870968
10.0821428571
7.83225806452
20.2233333333
20.5483870968
30.44
33.3032258065
29.6387096774
27.38
18.6709677419
12.09
4.45483870968
2.0935483871
2.65357142857
9.91612903226
21.2933333333
23.9064516129
25.7366666667
32.7967741935
31.8451612903
26.7333333333
19.1258064516
8.24666666667
3.18709677419
1.91
4.06206896552
11.1225806452
16.9033333333
25.6866666667
30.8066666667
29.935483871
29.9483870968
26.6233333333
24.4419354839
10.8833333333
4.76129032258
-1.37419354839
6.77142857143
10.3870967742
16.9066666667
23.9774193548
28.7533333333
32.8193548387
31.2741935484
25.11
18.3129032258
9.15333333333
7.18064516129
1.05483870968
-0.817857142857
7.2064516129
17.2733333333
25.3419354839
26.4266666667
27.3451612903
29.2677419355
24.3633333333
20.0516129032
12.2566666667
1.60967741935
-2.07741935484
2.69642857143
9.17096774194
16.8766666667
24.6290322581
28.91
29.8032258065
30.7838709677
24.8066666667
16.1516129032
5.94333333333
5.5935483871
1.43225806452
-0.38275862069
1.09677419355
17.98
21.364516129
25.5333333333
28.9193548387
29.4967741935
27.0933333333
19.735483871
12.1
2.14193548387
0.906451612903
5.03214285714
9.76774193548
13.3766666667
20.6838709677
27.7266666667
29.4387096774
29.464516129
24.5533333333
18.7838709677
9.38333333333
0.970967741935
-2.05161290323
2.91428571429
6.57741935484
17.0733333333
27.7258064516
27.7066666667
29.0903225806
29.7
23.9466666667
19.6129032258
10.9333333333
3.08387096774
-4.48387096774
0.928571428571
12.9903225806
20.1866666667
23.1903225806
31.3333333333
30.7
28.8483870968
26.2433333333
26.1258064516
12.39
-2.29032258065
5.99032258065
4.04137931034
8.97741935484
18.9266666667
26.5580645161
28.46
31.1451612903
29.8741935484
26.2733333333
19.2
14.37
2.04516129032
2.43548387097
4.50714285714
3.28709677419
17.6466666667
27.0838709677
28.04
29.4451612903
29.2
25.13
19.8193548387
13.3566666667
8.95483870968
-0.474193548387
3.99642857143
13.5483870968
15.86
22.2774193548
27.87
33.6322580645
28.4774193548
23.8233333333
19.9774193548
12.71
3.65483870968
5.35666666667
2.84285714286
12.3129032258
18.56
21.2548387097
28.0766666667
29.2
27.2580645161
23.7733333333
18.9451612903
9.39
4.11935483871
1.90322580645
3.15714285714
14.2580645161
19.2066666667
22.0193548387
29.9066666667
29.9266666667
29.3
25.3366666667
19.7129032258
8.92666666667
2.8
-1.07419354839
2.73928571429
7.44516129032
19.0833333333
23.4387096774
26.8166666667
30.3709677419
29.4612903226
25.1833333333
17.7967741935
11.11
1.39677419355
-2.47741935484
5.63571428571
8.18064516129
18.76
25.335483871
27.52
31.3483870968
29.2290322581
25.8866666667
18.7741935484
9.68333333333
5.58709677419
-0.187096774194
2.7
8.91290322581
20.04
22.2
31.1133333333
29.0419354839
29.4741935484
27.5
22.9903225806
12.03
5.11612903226
1.27096774194
3.01034482759
10.6612903226
17.6733333333
24.1096774194
27.9633333333
29.9612903226
29.7322580645
26.4066666667
17.0935483871
6.68333333333
1.11290322581
2.35161290323
4.60357142857
13.1387096774
16.21
21.3068965517
28.81
30.6064516129
29.7967741935
24.7366666667
21.9225806452
12.0133333333
2.03870967742
0.377419354839
5.52142857143
13.0290322581
20.19
22.1032258065
26.13
32.7612903226
27.6806451613
23.23
19.6096774194
10.4
3.45806451613
3.44516129032
1.84285714286
6.99
16.0137931034
25.0
29.1233333333
31.4838709677
30.9419354839
22.96
21.4741935484
13.9933333333
5.0
1.71290322581
10.5517241379
14.1483870968
19.9733333333
22.1612903226
28.7633333333
32.7451612903
29.2709677419
26.15
15.8451612903
8.3
2.89677419355
-5.5935483871
5.37142857143
14.2096774194
22.06
27.3967741935
29.4033333333
NaN
28.8193548387
25.6166666667
18.0419354839
10.0866666667
1.52333333333
-4.14838709677
-2.50357142857
6.3935483871
17.78
21.8677419355
29.1066666667
30.2548387097
29.3903225806
28.7066666667
18.6967741935
11.3366666667
2.94838709677
-6.42258064516
-1.88928571429
10.2806451613
15.37
24.4451612903
29.8333333333
30.0322580645
30.5580645161
27.6033333333
20.6290322581
10.4566666667
6.97741935484
1.27419354839
0.0551724137931
8.23870967742
17.7066666667
25.17
29.1866666667
34.3032258065
32.5290322581
27.22
18.5129032258
12.2166666667
4.51935483871
3.3935483871
7.12857142857
12.65
22.6233333333
21.3133333333
29.3266666667
29.7064516129
28.94
25.8466666667
18.4419354839
12.6333333333
2.59032258065
-1.71333333333
2.40357142857
9.87741935484
15.6966666667
26.0225806452
25.9266666667
30.5966666667
28.3709677419
25.1172413793
20.4580645161
10.83
7.03
2.65161290323
6.40357142857
9.64666666667
13.3566666667
21.8483870968
29.9233333333
34.9193548387
35.4322580645
27.82
19.6870967742
12.4333333333
-4.45333333333
1.8
9.10689655172
5.02903225806
15.5137931034
22.3
29.92
NaN
31.1677419355
24.7933333333
20.4935483871
12.0689655172
7.24516129032
-1.74516129032
1.65357142857
13.4548387097
21.5633333333
25.4548387097
27.2931034483
30.9870967742
27.7419354839
25.57
18.9032258065
7.93333333333
-0.293548387097
4.85161290323
1.87692307692
14.135483871
21.5866666667
23.5548387097
30.1133333333
31.9129032258
27.435483871
27.2466666667
19.735483871
7.47666666667
3.74
1.72666666667
9.15
13.5838709677
20.4965517241
28.0806451613
30.9034482759
32.6827586207
30.7225806452
26.08
17.7129032258
12.5233333333
4.78387096774
-0.00333333333333
1.65172413793
10.7
17.5833333333
25.2586206897
31.05
32.2032258065
NaN
26.6933333333
16.1419354839
10.8344827586
5.77666666667
6.89
-2.27857142857
9.22580645161
17.0862068966
21.064516129
26.5733333333
30.5322580645
29.2290322581
23.26
20.4870967742
11.0633333333
-2.21935483871
7.03548387097
6.89285714286
11.735483871
15.84
19.3677419355
27.4633333333
29.0161290323
28.6161290323
26.9833333333
18.6225806452
14.1933333333
3.13225806452
-1.54516129032
5.21428571429
12.8161290323
19.3166666667
24.9967741935
29.5033333333
30.8064516129
29.5677419355
25.75
18.7096774194
6.72333333333
5.05483870968
4.0935483871
6.71071428571
11.6838709677
15.4133333333
22.5580645161
27.0
27.6
25.9612903226
23.9566666667
18.8387096774
6.76666666667
3.16129032258
-0.196774193548
0.257142857143
6.37741935484
14.5266666667
22.8903225806
27.1033333333
28.8967741935
29.3709677419
21.0633333333
16.9129032258
7.85
3.53548387097
-3.17741935484
1.675
10.5193548387
17.64
22.5580645161
28.7933333333
29.7741935484
28.5967741935
24.66
19.9838709677
12.3
5.41290322581
-1.52258064516
3.8
11.8366666667
15.6066666667
19.9903225806
27.37
30.6935483871
31.5935483871
22.63
19.5677419355
7.09666666667
2.70322580645
0.0129032258065
3.96428571429
5.96774193548
15.4433333333
20.6064516129
NaN
29.0064516129
28.7612903226
23.6733333333
19.4419354839
5.32413793103
2.16451612903
-1.15483870968
3.98148148148
11.8133333333
14.0366666667
20.335483871
27.2233333333
30.0161290323
27.8419354839
25.85
19.2612903226
8.57333333333
2.60322580645
2.5935483871
8.05769230769
7.65161290323
15.9666666667
24.5161290323
26.8333333333
29.8193548387
30.1483870968
27.8233333333
19.1548387097
NaN
NaN
-0.829032258065
7.63571428571
9.2064516129
17.7466666667
23.3225806452
28.12
32.8838709677
28.635483871
25.5533333333
19.9483870968
16.3666666667
4.28387096774
2.00967741935
7.67931034483
13.4580645161
17.5033333333
24.3387096774
26.9433333333
28.5322580645
30.0741935484
26.7866666667
20.4677419355
8.00666666667
-4.26774193548
0.548387096774
2.57777777778
6.98333333333
21.2633333333
23.4548387097
26.2166666667
30.6483870968
29.7612903226
23.9833333333
18.2806451613
16.5133333333
6.66774193548
5.54193548387
6.21785714286
8.23548387097
17.0
20.7129032258
29.3266666667
31.4096774194
29.1225806452
27.66
16.1258064516
9.04333333333
5.65806451613
-0.674193548387
1.30714285714
9.80967741935
17.2433333333
21.9612903226
26.36
30.0387096774
31.0096774194
24.3966666667
19.9838709677
11.5533333333
5.32580645161
-0.0612903225806
3.10689655172
12.1967741935
18.6766666667
24.4096774194
26.4033333333
28.0096774194
26.5096774194
27.2366666667
18.1967741935
11.65
4.13225806452
1.34838709677
6.66428571429
9.29032258065
19.36
22.6064516129
30.08
31.7387096774
30.2935483871
28.5166666667
18.9838709677
12.18
0.387096774194
7.05161290323
4.51785714286
10.1451612903
20.5433333333
22.6548387097
27.9766666667
31.8064516129
29.9709677419
22.4433333333
16.1548387097
12.5733333333
6.30322580645
3.28387096774
-0.982142857143
14.0419354839
15.9533333333
25.8967741935
28.6633333333
29.8870967742
32.2709677419
28.2833333333
21.464516129
11.5933333333
2.03870967742
2.29032258065
-0.265517241379
9.08387096774
15.61
21.4677419355
28.8733333333
29.8677419355
28.5258064516
24.8066666667
18.8129032258
10.8533333333
2.63870967742
-1.71
5.63214285714
11.1870967742
15.6266666667
23.4548387097
28.38
26.8258064516
27.7225806452
24.5366666667
14.6633333333
13.6333333333
1.79666666667
-3.42
-0.0785714285714
11.2935483871
21.44
22.97
29.8066666667
30.6387096774
30.9967741935
24.9766666667
20.8
12.3566666667
0.0354838709677
NaN
NaN
NaN
NaN
NaN
NaN
NaN
NaN
NaN
NaN
12.9103448276
5.60967741935
4.44516129032
6.77586206897
19.1096774194
19.4833333333
26.6129032258
29.73
35.0766666667
30.564516129
25.39
17.9774193548
11.4766666667
6.32258064516
3.18387096774
2.85714285714
5.0935483871
15.22
22.9548387097
27.524137931
29.2483870968
29.8967741935
28.0482758621
18.7724137931
9.14333333333
0.806451612903
-1.55483870968
-2.56785714286
6.88709677419
17.1166666667
23.3870967742
27.7766666667
26.9032258065
27.8225806452
24.0482758621
17.6774193548
6.04333333333
4.13666666667
0.341935483871
-1.40357142857
9.31935483871
19.5620689655
23.5655172414
27.04
28.4580645161
27.8838709677
28.0933333333
18.8483870968
13.1466666667
8.56451612903
0.933333333333
4.79655172414
13.2612903226
17.39
22.2322580645
30.5366666667
28.9096774194
28.8774193548
27.45
20.4612903226
14.7533333333
1.67419354839
2.41935483871
10.4357142857
10.8612903226
18.55
22.4172413793
28.8866666667
31.0419354839
26.9161290323
NaN
NaN
