0.0
0.0
0.0
0.0
0.0
0.0
0.0
203.0
0.0
0.0
0.0
0.0
0.0
0.0
0.0
0.0
0.0
0.0
0.0
0.0
0.0
0.0
0.0
0.0
0.0
0.0
0.0
0.0
0.0
0.0
0.0
0.0
0.0
239.0
0.0
0.0
0.0
0.0
8.0
99.0
0.0
0.0
0.0
0.0
0.0
0.0
599.0
0.0
0.0
0.0
0.0
94.0
0.0
28.0
0.0
0.0
0.0
41.0
20.0
218.0
0.0
0.0
0.0
25.0
0.0
0.0
0.0
0.0
0.0
0.0
28.0
505.0
0.0
0.0
15.0
140.0
0.0
0.0
0.0
0.0
3.0
0.0
0.0
0.0
0.0
0.0
0.0
0.0
0.0
0.0
0.0
0.0
0.0
0.0
0.0
0.0
0.0
0.0
79.0
5.0
0.0
0.0
0.0
0.0
0.0
147.0
0.0
0.0
0.0
0.0
53.0
132.0
86.0
71.0
157.0
0.0
61.0
0.0
0.0
0.0
0.0
0.0
0.0
8.0
0.0
0.0
5.0
0.0
0.0
0.0
0.0
0.0
0.0
0.0
0.0
0.0
0.0
5.0
0.0
61.0
38.0
0.0
0.0
0.0
0.0
0.0
0.0
0.0
0.0
0.0
0.0
0.0
0.0
0.0
0.0
0.0
0.0
0.0
0.0
0.0
0.0
0.0
0.0
0.0
0.0
0.0
0.0
0.0
0.0
0.0
5.0
0.0
0.0
0.0
0.0
0.0
0.0
0.0
0.0
0.0
0.0
0.0
0.0
76.0
0.0
0.0
150.0
0.0
18.0
38.0
0.0
0.0
41.0
23.0
0.0
0.0
0.0
13.0
0.0
0.0
0.0
0.0
0.0
10.0
0.0
0.0
114.0
33.0
0.0
36.0
13.0
86.0
0.0
0.0
0.0
89.0
5.0
0.0
0.0
0.0
0.0
13.0
0.0
0.0
0.0
0.0
0.0
457.0
119.0
10.0
64.0
0.0
0.0
0.0
0.0
0.0
0.0
0.0
0.0
150.0
71.0
0.0
0.0
0.0
0.0
0.0
0.0
0.0
0.0
0.0
8.0
15.0
0.0
23.0
10.0
0.0
0.0
0.0
0.0
0.0
28.0
5.0
351.0
20.0
152.0
13.0
0.0
0.0
15.0
18.0
5.0
0.0
0.0
0.0
0.0
0.0
0.0
71.0
140.0
0.0
0.0
0.0
0.0
0.0
5.0
0.0
0.0
58.0
0.0
36.0
71.0
46.0
0.0
259.0
0.0
18.0
0.0
0.0
0.0
0.0
0.0
0.0
0.0
0.0
0.0
0.0
0.0
0.0
0.0
0.0
0.0
15.0
0.0
0.0
0.0
0.0
0.0
0.0
0.0
58.0
23.0
528.0
0.0
0.0
3.0
0.0
46.0
10.0
119.0
0.0
13.0
0.0
0.0
0.0
5.0
0.0
0.0
0.0
0.0
0.0
0.0
18.0
0.0
0.0
0.0
0.0
8.0
0.0
0.0
0.0
0.0
0.0
0.0
0.0
0.0
0.0
0.0
41.0
0.0
0.0
0.0
0.0
0.0
0.0
0.0
0.0
0.0
0.0
0.0
0.0
0.0
0.0
0.0
15.0
0.0
0.0
20.0
0.0
0.0
0.0
0.0
0.0
0.0
117.0
20.0
254.0
25.0
0.0
0.0
0.0
0.0
0.0
0.0
0.0
0.0
0.0
0.0
0.0
0.0
0.0
38.0
163.0
147.0
0.0
0.0
173.0
8.0
0.0
0.0
0.0
0.0
0.0
0.0
0.0
25.0
38.0
0.0
211.0
56.0
10.0
0.0
0.0
0.0
0.0
0.0
0.0
0.0
25.0
0.0
0.0
33.0
0.0
53.0
0.0
0.0
0.0
0.0
0.0
0.0
0.0
0.0
0.0
0.0
0.0
0.0
0.0
0.0
0.0
18.0
193.0
0.0
0.0
0.0
0.0
0.0
0.0
0.0
51.0
0.0
0.0
0.0
452.0
0.0
0.0
15.0
0.0
0.0
0.0
0.0
0.0
0.0
13.0
0.0
0.0
145.0
0.0
0.0
0.0
137.0
0.0
0.0
0.0
0.0
0.0
0.0
0.0
0.0
0.0
0.0
0.0
13.0
0.0
0.0
401.0
0.0
0.0
0.0
0.0
0.0
0.0
0.0
0.0
196.0
234.0
0.0
0.0
0.0
0.0
0.0
0.0
0.0
0.0
0.0
0.0
292.0
0.0
0.0
0.0
0.0
0.0
8.0
0.0
0.0
0.0
0.0
0.0
0.0
0.0
0.0
0.0
0.0
0.0
0.0
0.0
0.0
0.0
15.0
345.0
0.0
0.0
0.0
0.0
3.0
18.0
33.0
127.0
0.0
18.0
0.0
25.0
NaN
NaN
0.0
0.0
0.0
0.0
3.0
0.0
0.0
0.0
0.0
0.0
0.0
38.0
0.0
0.0
211.0
0.0
0.0
0.0
0.0
0.0
5.0
0.0
0.0
0.0
0.0
145.0
165.0
18.0
0.0
0.0
0.0
0.0
211.0
201.0
8.0
0.0
0.0
0.0
0.0
0.0
0.0
0.0
0.0
183.0
5.0
0.0
249.0
48.0
10.0
0.0
0.0
0.0
0.0
0.0
0.0
33.0
58.0
0.0
0.0
0.0
0.0
0.0
0.0
0.0
0.0
0.0
89.0
366.0
33.0
394.0
0.0
53.0
36.0
130.0
135.0
0.0
0.0
0.0
348.0
589.0
0.0
0.0
0.0
0.0
0.0
0.0
0.0
0.0
18.0
0.0
0.0
0.0
109.0
165.0
25.0
0.0
0.0
130.0
0.0
0.0
25.0
0.0
0.0
0.0
0.0
0.0
0.0
0.0
0.0
0.0
0.0
0.0
0.0
0.0
0.0
41.0
0.0
0.0
0.0
0.0
0.0
3.0
0.0
0.0
0.0
99.0
0.0
20.0
15.0
0.0
0.0
0.0
0.0
0.0
0.0
0.0
58.0
0.0
0.0
0.0
0.0
0.0
0.0
48.0
0.0
0.0
0.0
0.0
0.0
0.0
0.0
0.0
0.0
0.0
0.0
0.0
0.0
0.0
15.0
8.0
0.0
0.0
0.0
0.0
0.0
0.0
0.0
0.0
109.0
0.0
0.0
25.0
0.0
36.0
38.0
0.0
0.0
0.0
0.0
3.0
0.0
0.0
0.0
0.0
0.0
0.0
0.0
0.0
0.0
0.0
0.0
0.0
0.0
0.0
48.0
0.0
0.0
0.0
74.0
155.0
0.0
0.0
0.0
0.0
0.0
0.0
0.0
0.0
0.0
53.0
23.0
0.0
0.0
0.0
0.0
0.0
0.0
0.0
0.0
152.0
279.0
0.0
33.0
13.0
0.0
0.0
0.0
0.0
0.0
0.0
0.0
0.0
0.0
0.0
0.0
0.0
0.0
0.0
48.0
0.0
0.0
0.0
97.0
23.0
0.0
211.0
183.0
8.0
114.0
0.0
0.0
0.0
0.0
0.0
0.0
3.0
38.0
13.0
338.0
0.0
119.0
69.0
343.0
546.0
0.0
0.0
0.0
0.0
0.0
0.0
0.0
0.0
0.0
112.0
10.0
3.0
58.0
351.0
10.0
0.0
0.0
0.0
0.0
0.0
8.0
0.0
188.0
99.0
10.0
0.0
0.0
0.0
0.0
0.0
0.0
0.0
0.0
NaN
0.0
28.0
0.0
0.0
0.0
0.0
0.0
0.0
0.0
0.0
157.0
0.0
0.0
0.0
0.0
0.0
0.0
53.0
10.0
0.0
0.0
0.0
0.0
15.0
28.0
25.0
3.0
76.0
0.0
0.0
0.0
0.0
0.0
3.0
0.0
0.0
445.0
0.0
0.0
0.0
28.0
0.0
0.0
0.0
53.0
0.0
3.0
0.0
69.0
0.0
0.0
0.0
15.0
381.0
206.0
0.0
0.0
15.0
0.0
0.0
0.0
0.0
38.0
0.0
0.0
0.0
0.0
0.0
0.0
0.0
0.0
13.0
0.0
0.0
0.0
0.0
0.0
0.0
117.0
48.0
0.0
0.0
0.0
0.0
0.0
0.0
89.0
175.0
0.0
0.0
5.0
18.0
0.0
0.0
0.0
0.0
0.0
0.0
0.0
0.0
0.0
0.0
3.0
0.0
0.0
0.0
0.0
58.0
0.0
20.0
0.0
0.0
0.0
0.0
0.0
0.0
0.0
0.0
0.0
0.0
0.0
0.0
0.0
0.0
0.0
0.0
13.0
0.0
0.0
0.0
0.0
0.0
0.0
0.0
0.0
0.0
0.0
0.0
0.0
94.0
20.0
0.0
180.0
597.0
81.0
0.0
0.0
0.0
15.0
0.0
0.0
0.0
0.0
274.0
38.0
64.0
0.0
8.0
102.0
221.0
5.0
0.0
0.0
135.0
137.0
0.0
0.0
0.0
0.0
229.0
0.0
5.0
0.0
0.0
0.0
0.0
0.0
89.0
0.0
0.0
198.0
0.0
0.0
0.0
0.0
0.0
30.0
18.0
122.0
0.0
79.0
0.0
399.0
0.0
0.0
0.0
198.0
226.0
13.0
114.0
0.0
0.0
0.0
254.0
94.0
0.0
18.0
0.0
0.0
0.0
0.0
0.0
112.0
18.0
0.0
23.0
48.0
0.0
56.0
23.0
30.0
38.0
0.0
0.0
0.0
0.0
0.0
0.0
0.0
38.0
0.0
0.0
0.0
160.0
0.0
0.0
0.0
15.0
107.0
0.0
0.0
109.0
51.0
0.0
0.0
0.0
0.0
0.0
0.0
10.0
0.0
0.0
0.0
0.0
0.0
0.0
0.0
NaN
NaN
NaN
NaN
NaN
NaN
NaN
NaN
NaN
NaN
NaN
NaN
NaN
NaN
NaN
NaN
NaN
NaN
NaN
NaN
NaN
NaN
NaN
NaN
NaN
NaN
NaN
NaN
NaN
NaN
NaN
NaN
NaN
NaN
NaN
NaN
NaN
NaN
NaN
NaN
NaN
NaN
NaN
0.0
0.0
0.0
0.0
0.0
130.0
94.0
0.0
0.0
0.0
0.0
0.0
0.0
0.0
23.0
0.0
0.0
0.0
0.0
0.0
5.0
25.0
0.0
0.0
353.0
0.0
8.0
0.0
0.0
0.0
23.0
0.0
0.0
0.0
0.0
51.0
46.0
0.0
36.0
0.0
0.0
0.0
0.0
0.0
0.0
0.0
0.0
0.0
0.0
28.0
0.0
0.0
41.0
0.0
0.0
0.0
0.0
0.0
142.0
99.0
0.0
0.0
0.0
127.0
0.0
0.0
0.0
0.0
0.0
0.0
0.0
64.0
145.0
114.0
0.0
79.0
0.0
0.0
0.0
15.0
0.0
546.0
0.0
0.0
0.0
0.0
0.0
0.0
0.0
0.0
0.0
0.0
396.0
401.0
56.0
0.0
0.0
0.0
0.0
0.0
0.0
0.0
0.0
0.0
0.0
0.0
0.0
0.0
0.0
0.0
0.0
0.0
0.0
0.0
0.0
0.0
0.0
0.0
0.0
0.0
0.0
0.0
76.0
8.0
0.0
0.0
0.0
0.0
51.0
0.0
0.0
0.0
0.0
0.0
0.0
0.0
0.0
0.0
0.0
254.0
94.0
0.0
0.0
109.0
3.0
0.0
0.0
0.0
0.0
0.0
0.0
43.0
0.0
23.0
61.0
0.0
0.0
0.0
0.0
66.0
10.0
0.0
0.0
0.0
0.0
0.0
0.0
13.0
0.0
0.0
8.0
0.0
0.0
0.0
0.0
0.0
0.0
5.0
5.0
8.0
135.0
3.0
0.0
429.0
13.0
0.0
0.0
0.0
0.0
0.0
0.0
18.0
0.0
0.0
0.0
86.0
0.0
15.0
0.0
8.0
5.0
23.0
0.0
0.0
69.0
0.0
0.0
0.0
0.0
0.0
112.0
0.0
8.0
0.0
0.0
13.0
102.0
5.0
0.0
0.0
0.0
0.0
0.0
0.0
0.0
0.0
0.0
0.0
0.0
0.0
0.0
0.0
0.0
0.0
0.0
0.0
28.0
0.0
0.0
0.0
0.0
0.0
0.0
0.0
0.0
0.0
0.0
0.0
0.0
0.0
0.0
0.0
0.0
0.0
0.0
0.0
0.0
0.0
0.0
0.0
109.0
0.0
0.0
185.0
0.0
0.0
0.0
0.0
0.0
251.0
86.0
0.0
0.0
36.0
0.0
0.0
0.0
432.0
20.0
51.0
305.0
538.0
0.0
0.0
0.0
0.0
0.0
0.0
66.0
0.0
0.0
132.0
23.0
0.0
0.0
23.0
183.0
33.0
279.0
114.0
0.0
0.0
0.0
0.0
0.0
0.0
0.0
0.0
0.0
0.0
0.0
0.0
61.0
0.0
46.0
371.0
13.0
353.0
0.0
0.0
262.0
99.0
135.0
0.0
0.0
0.0
160.0
15.0
0.0
0.0
0.0
0.0
61.0
0.0
0.0
173.0
0.0
0.0
0.0
0.0
61.0
0.0
33.0
81.0
8.0
0.0
0.0
0.0
0.0
0.0
0.0
0.0
0.0
0.0
30.0
0.0
0.0
0.0
0.0
0.0
0.0
0.0
0.0
0.0
0.0
71.0
0.0
84.0
147.0
5.0
0.0
122.0
0.0
0.0
0.0
0.0
0.0
71.0
0.0
13.0
0.0
0.0
175.0
23.0
79.0
150.0
28.0
8.0
0.0
0.0
0.0
0.0
8.0
0.0
0.0
0.0
102.0
208.0
325.0
236.0
0.0
0.0
0.0
0.0
0.0
64.0
0.0
216.0
74.0
0.0
0.0
0.0
0.0
0.0
0.0
0.0
0.0
0.0
0.0
0.0
0.0
0.0
0.0
0.0
NaN
NaN
NaN
NaN
NaN
NaN
NaN
NaN
NaN
NaN
NaN
NaN
NaN
NaN
NaN
NaN
0.0
0.0
0.0
0.0
0.0
0.0
0.0
0.0
0.0
0.0
5.0
10.0
0.0
0.0
0.0
0.0
0.0
0.0
0.0
23.0
0.0
0.0
0.0
0.0
0.0
0.0
0.0
0.0
0.0
0.0
0.0
0.0
0.0
0.0
0.0
0.0
0.0
30.0
221.0
185.0
0.0
0.0
0.0
18.0
0.0
46.0
0.0
13.0
0.0
0.0
0.0
0.0
0.0
114.0
536.0
0.0
0.0
0.0
0.0
0.0
0.0
0.0
0.0
0.0
0.0
0.0
0.0
79.0
0.0
0.0
0.0
0.0
0.0
28.0
0.0
46.0
0.0
0.0
0.0
163.0
0.0
15.0
38.0
5.0
0.0
0.0
0.0
0.0
18.0
94.0
0.0
0.0
0.0
0.0
0.0
0.0
3.0
0.0
0.0
135.0
384.0
18.0
0.0
0.0
74.0
0.0
0.0
0.0
0.0
0.0
20.0
102.0
0.0
0.0
0.0
0.0
0.0
0.0
0.0
0.0
0.0
0.0
0.0
0.0
0.0
0.0
0.0
0.0
0.0
0.0
0.0
0.0
0.0
0.0
0.0
241.0
0.0
0.0
38.0
102.0
8.0
0.0
0.0
0.0
0.0
0.0
0.0
0.0
0.0
0.0
0.0
0.0
5.0
0.0
0.0
0.0
0.0
0.0
0.0
0.0
0.0
0.0
0.0
0.0
0.0
0.0
165.0
0.0
0.0
0.0
0.0
0.0
0.0
0.0
0.0
0.0
0.0
0.0
0.0
0.0
0.0
0.0
0.0
13.0
0.0
0.0
0.0
0.0
0.0
0.0
0.0
0.0
0.0
0.0
0.0
0.0
0.0
0.0
0.0
0.0
0.0
0.0
0.0
0.0
0.0
0.0
0.0
0.0
0.0
0.0
0.0
0.0
0.0
0.0
8.0
0.0
0.0
140.0
0.0
0.0
97.0
358.0
3.0
89.0
18.0
13.0
572.0
447.0
0.0
0.0
0.0
0.0
0.0
307.0
0.0
10.0
0.0
264.0
0.0
0.0
0.0
0.0
0.0
0.0
0.0
0.0
0.0
0.0
0.0
0.0
10.0
5.0
0.0
20.0
0.0
0.0
3.0
0.0
0.0
0.0
5.0
0.0
0.0
0.0
0.0
0.0
76.0
0.0
36.0
0.0
0.0
0.0
0.0
0.0
0.0
0.0
0.0
8.0
0.0
0.0
0.0
0.0
0.0
0.0
0.0
51.0
10.0
13.0
0.0
0.0
0.0
23.0
61.0
127.0
28.0
3.0
0.0
0.0
0.0
0.0
30.0
0.0
0.0
0.0
0.0
0.0
124.0
0.0
10.0
0.0
0.0
0.0
0.0
0.0
0.0
0.0
0.0
0.0
0.0
0.0
0.0
0.0
0.0
3.0
310.0
213.0
0.0
0.0
0.0
0.0
69.0
10.0
0.0
0.0
0.0
0.0
0.0
18.0
0.0
0.0
28.0
97.0
10.0
0.0
0.0
249.0
0.0
0.0
38.0
0.0
15.0
0.0
0.0
20.0
0.0
0.0
38.0
10.0
15.0
0.0
0.0
193.0
13.0
0.0
0.0
0.0
0.0
0.0
0.0
0.0
0.0
0.0
0.0
0.0
25.0
173.0
20.0
0.0
0.0
0.0
0.0
0.0
61.0
0.0
0.0
0.0
15.0
0.0
0.0
10.0
160.0
15.0
0.0
0.0
0.0
0.0
0.0
0.0
8.0
0.0
25.0
0.0
165.0
0.0
0.0
0.0
0.0
173.0
0.0
0.0
0.0
0.0
99.0
0.0
15.0
0.0
0.0
0.0
696.0
20.0
0.0
15.0
0.0
0.0
0.0
0.0
71.0
0.0
0.0
30.0
135.0
0.0
0.0
0.0
0.0
15.0
0.0
25.0
318.0
0.0
0.0
137.0
0.0
0.0
0.0
0.0
0.0
0.0
0.0
0.0
0.0
0.0
0.0
0.0
69.0
25.0
64.0
76.0
0.0
25.0
20.0
15.0
0.0
0.0
0.0
0.0
10.0
0.0
0.0
0.0
0.0
0.0
0.0
107.0
0.0
0.0
0.0
0.0
0.0
13.0
0.0
0.0
0.0
0.0
0.0
0.0
0.0
0.0
0.0
0.0
0.0
0.0
23.0
0.0
0.0
8.0
0.0
0.0
0.0
0.0
0.0
0.0
0.0
533.0
399.0
18.0
0.0
0.0
0.0
0.0
0.0
0.0
0.0
0.0
0.0
0.0
0.0
0.0
0.0
3.0
5.0
0.0
0.0
10.0
NaN
NaN
0.0
0.0
0.0
0.0
0.0
147.0
0.0
0.0
0.0
18.0
0.0
15.0
33.0
373.0
23.0
0.0
0.0
0.0
0.0
0.0
0.0
71.0
0.0
81.0
0.0
0.0
0.0
0.0
0.0
0.0
0.0
0.0
0.0
0.0
465.0
0.0
0.0
0.0
0.0
71.0
0.0
0.0
5.0
5.0
0.0
119.0
0.0
0.0
58.0
10.0
0.0
0.0
0.0
254.0
0.0
0.0
0.0
0.0
0.0
160.0
0.0
0.0
0.0
33.0
0.0
0.0
0.0
0.0
51.0
0.0
406.0
0.0
79.0
0.0
25.0
58.0
0.0
315.0
0.0
0.0
0.0
0.0
0.0
33.0
0.0
56.0
0.0
0.0
0.0
0.0
0.0
33.0
0.0
0.0
0.0
0.0
0.0
0.0
0.0
0.0
0.0
0.0
0.0
0.0
0.0
0.0
0.0
0.0
307.0
76.0
61.0
0.0
0.0
0.0
0.0
518.0
0.0
0.0
0.0
0.0
292.0
15.0
0.0
0.0
0.0
0.0
0.0
0.0
0.0
0.0
0.0
0.0
140.0
305.0
191.0
0.0
0.0
0.0
0.0
0.0
0.0
0.0
0.0
0.0
0.0
3.0
0.0
0.0
0.0
0.0
490.0
13.0
0.0
0.0
5.0
0.0
15.0
0.0
155.0
0.0
0.0
97.0
0.0
0.0
218.0
0.0
0.0
0.0
0.0
0.0
0.0
0.0
0.0
0.0
147.0
86.0
51.0
0.0
0.0
0.0
28.0
0.0
0.0
0.0
0.0
0.0
0.0
0.0
0.0
0.0
66.0
0.0
0.0
0.0
0.0
0.0
0.0
0.0
36.0
NaN
NaN
NaN
0.0
0.0
0.0
NaN
NaN
NaN
5.0
0.0
0.0
0.0
0.0
0.0
0.0
0.0
0.0
5.0
0.0
1067.0
0.0
0.0
0.0
18.0
0.0
0.0
48.0
0.0
0.0
0.0
0.0
0.0
30.0
0.0
0.0
0.0
0.0
0.0
0.0
0.0
0.0
0.0
13.0
13.0
18.0
0.0
0.0
0.0
81.0
0.0
160.0
0.0
0.0
0.0
0.0
3.0
0.0
0.0
0.0
0.0
0.0
56.0
0.0
163.0
0.0
0.0
0.0
0.0
0.0
0.0
386.0
64.0
0.0
0.0
0.0
0.0
0.0
0.0
0.0
0.0
0.0
0.0
0.0
0.0
81.0
5.0
0.0
0.0
356.0
56.0
0.0
0.0
0.0
0.0
0.0
0.0
0.0
0.0
0.0
0.0
0.0
20.0
0.0
66.0
5.0
0.0
155.0
0.0
0.0
0.0
0.0
0.0
56.0
381.0
335.0
254.0
10.0
0.0
0.0
0.0
33.0
33.0
109.0
97.0
0.0
0.0
0.0
0.0
0.0
0.0
