671.0
947.0
303.0
903.0
780.0
984.0
1059.0
704.0
189.0
2049.0
243.0
852.0
307.0
346.0
473.0
413.0
580.0
1152.0
665.0
544.0
1033.0
836.0
616.0
888.0
1202.0
726.0
908.0
605.0
828.0
692.0
1479.0
562.0
503.0
823.0
191.0
1315.0
646.0
1172.0
666.0
420.0
411.0
437.0
479.0
194.0
644.0
1170.0
1059.0
264.0
1400.0
522.0
775.0
455.0
366.0
454.0
1038.0
611.0
417.0
679.0
856.0
1797.0
385.0
753.0
383.0
532.0
602.0
814.0
386.0
385.0
362.0
611.0
651.0
542.0
528.0
561.0
1203.0
717.0
251.0
1109.0
647.0
1006.0
711.0
239.0
631.0
564.0
646.0
1624.0
456.0
702.0
521.0
622.0
765.0
832.0
595.0
1440.0
648.0
1252.0
461.0
714.0
311.0
271.0
107.0
717.0
853.0
1613.0
712.0
758.0
1556.0
382.0
289.0
602.0
492.0
350.0
542.0
1498.0
589.0
1292.0
251.0
698.0
763.0
1055.0
1062.0
559.0
782.0
350.0
1107.0
759.0
1029.0
1038.0
487.0
254.0
1085.0
1518.0
265.0
762.0
1017.0
815.0
633.0
1351.0
959.0
269.0
923.0
1167.0
808.0
1396.0
1912.0
659.0
845.0
295.0
360.0
1253.0
955.0
571.0
173.0
599.0
1768.0
1875.0
1400.0
462.0
532.0
341.0
236.0
521.0
1025.0
437.0
290.0
772.0
1107.0
602.0
1243.0
1021.0
953.0
518.0
1163.0
761.0
280.0
515.0
545.0
910.0
992.0
920.0
398.0
739.0
829.0
549.0
702.0
847.0
651.0
1224.0
374.0
1222.0
NaN
NaN
