NaN
25.0
152.0
1067.0
1026.0
1161.0
1356.0
1918.0
1744.0
1525.0
910.0
275.0
25.0
216.0
102.0
381.0
732.0
951.0
750.0
1225.0
338.0
1810.0
1066.0
229.0
50.0
228.0
102.0
547.0
533.0
734.0
NaN
NaN
NaN
855.0
NaN
NaN
NaN
NaN
212.0
NaN
NaN
NaN
NaN
NaN
NaN
NaN
512.0
104.0
5.0
76.0
153.0
274.0
1184.0
1310.0
1964.0
562.0
1714.0
1022.0
528.0
51.0
255.0
202.0
380.0
418.0
745.0
1276.0
779.0
523.0
1938.0
645.0
1062.0
648.0
63.0
234.0
NaN
763.0
610.0
1550.0
493.0
892.0
1424.0
804.0
632.0
560.0
308.0
179.0
145.0
309.0
231.0
996.0
1043.0
NaN
775.0
502.0
548.0
330.0
140.0
76.0
114.0
373.0
854.0
2348.0
1851.0
1241.0
1482.0
284.0
1129.0
379.0
190.0
276.0
177.0
381.0
725.0
1468.0
1832.0
1343.0
150.0
948.0
341.0
1815.0
354.0
457.0
51.0
NaN
88.0
630.0
1113.0
716.0
1323.0
971.0
439.0
41.0
63.0
191.0
287.0
88.0
403.0
1197.0
926.0
155.0
637.0
2128.0
926.0
113.0
178.0
178.0
25.0
496.0
524.0
1120.0
702.0
1111.0
615.0
1022.0
929.0
152.0
223.0
152.0
127.0
204.0
1076.0
1504.0
454.0
601.0
1088.0
1468.0
832.0
195.0
204.0
255.0
152.0
360.0
804.0
665.0
981.0
691.0
233.0
1750.0
1345.0
38.0
216.0
306.0
826.0
279.0
259.0
2224.0
831.0
1347.0
952.0
1663.0
590.0
552.0
127.0
445.0
165.0
216.0
531.0
1120.0
898.0
450.0
351.0
1643.0
466.0
490.0
298.0
254.0
263.0
770.0
1330.0
904.0
1158.0
604.0
529.0
614.0
458.0
106.0
218.0
297.0
141.0
318.0
465.0
1781.0
2089.0
917.0
200.0
342.0
1242.0
524.0
507.0
89.0
656.0
625.0
1208.0
186.0
1710.0
859.0
1109.0
801.0
814.0
712.0
101.0
110.0
NaN
254.0
536.0
158.0
238.0
1499.0
707.0
1196.0
NaN
NaN
282.0
130.0
308.0
534.0
637.0
1478.0
999.0
476.0
2014.0
1964.0
234.0
165.0
295.0
NaN
358.0
294.0
NaN
NaN
NaN
NaN
553.0
557.0
371.0
NaN
74.0
292.0
109.0
818.0
NaN
NaN
1062.0
168.0
1765.0
1918.0
261.0
41.0
233.0
197.0
261.0
925.0
306.0
432.0
1388.0
579.0
1337.0
742.0
66.0
69.0
446.0
120.0
90.0
149.0
566.0
NaN
NaN
1662.0
550.0
1276.0
509.0
100.0
255.0
158.0
196.0
189.0
170.0
310.0
402.0
674.0
1648.0
1676.0
239.0
525.0
414.0
64.0
264.0
517.0
935.0
1544.0
423.0
171.0
527.0
1194.0
323.0
175.0
213.0
54.0
728.0
282.0
649.0
545.0
1242.0
869.0
1902.0
694.0
865.0
756.0
254.0
431.0
375.0
308.0
887.0
638.0
547.0
1052.0
995.0
1087.0
406.0
207.0
85.0
NaN
89.0
224.0
793.0
1066.0
1427.0
163.0
795.0
722.0
486.0
428.0
98.0
102.0
43.0
262.0
465.0
519.0
657.0
648.0
452.0
NaN
NaN
1388.0
NaN
666.0
145.0
406.0
255.0
1411.0
NaN
526.0
1703.0
536.0
404.0
640.0
NaN
267.0
66.0
819.0
219.0
953.0
158.0
1754.0
731.0
1202.0
198.0
59.0
257.0
281.0
76.0
NaN
224.0
165.0
601.0
1184.0
1031.0
1118.0
218.0
1160.0
69.0
285.0
293.0
365.0
338.0
681.0
2266.0
843.0
430.0
493.0
889.0
546.0
334.0
322.0
293.0
266.0
280.0
814.0
897.0
51.0
962.0
2241.0
493.0
167.0
363.0
550.0
178.0
381.0
687.0
1563.0
535.0
230.0
1759.0
302.0
407.0
110.0
191.0
247.0
130.0
410.0
1032.0
1335.0
1149.0
1389.0
345.0
2879.0
66.0
490.0
132.0
243.0
559.0
184.0
555.0
432.0
703.0
1170.0
751.0
178.0
485.0
9.0
219.0
143.0
349.0
334.0
877.0
525.0
781.0
1037.0
2281.0
309.0
445.0
742.0
299.0
379.0
160.0
214.0
445.0
589.0
1936.0
397.0
1379.0
1014.0
668.0
970.0
445.0
203.0
328.0
650.0
234.0
1145.0
1455.0
841.0
958.0
829.0
361.0
331.0
266.0
264.0
208.0
334.0
716.0
954.0
1355.0
1197.0
635.0
528.0
378.0
521.0
8.0
335.0
391.0
672.0
1151.0
2466.0
1290.0
1081.0
1316.0
214.0
162.0
220.0
299.0
112.0
518.0
576.0
1545.0
1680.0
729.0
1075.0
743.0
737.0
28.0
148.0
550.0
336.0
69.0
1027.0
184.0
1481.0
1250.0
716.0
335.0
1024.0
609.0
343.0
136.0
525.0
130.0
203.0
1040.0
919.0
2722.0
154.0
303.0
240.0
1132.0
669.0
385.0
15.0
441.0
477.0
680.0
605.0
944.0
711.0
783.0
250.0
485.0
1008.0
442.0
684.0
88.0
455.0
401.0
573.0
1198.0
643.0
406.0
654.0
450.0
65.0
130.0
222.0
446.0
238.0
536.0
1674.0
1936.0
719.0
427.0
493.0
658.0
69.0
146.0
119.0
701.0
870.0
1361.0
861.0
1712.0
1266.0
1379.0
704.0
503.0
143.0
252.0
507.0
186.0
768.0
393.0
896.0
1330.0
1440.0
730.0
71.0
10.0
585.0
204.0
224.0
353.0
692.0
1115.0
511.0
1327.0
948.0
446.0
99.0
54.0
556.0
259.0
100.0
463.0
541.0
1183.0
898.0
2773.0
606.0
2631.0
707.0
892.0
20.0
101.0
107.0
300.0
329.0
777.0
511.0
438.0
1791.0
601.0
475.0
646.0
65.0
145.0
181.0
91.0
285.0
341.0
625.0
863.0
939.0
415.0
741.0
442.0
659.0
125.0
157.0
114.0
382.0
314.0
1363.0
1224.0
1135.0
1350.0
682.0
625.0
829.0
263.0
127.0
53.0
170.0
712.0
342.0
2613.0
1459.0
412.0
464.0
185.0
201.0
82.0
188.0
445.0
936.0
586.0
1472.0
1154.0
218.0
1029.0
1236.0
299.0
552.0
346.0
376.0
229.0
433.0
570.0
1197.0
1023.0
653.0
1429.0
770.0
188.0
66.0
232.0
51.0
615.0
1041.0
526.0
639.0
924.0
1649.0
1020.0
1699.0
739.0
356.0
430.0
56.0
571.0
442.0
738.0
NaN
878.0
1490.0
1166.0
382.0
372.0
33.0
30.0
175.0
230.0
569.0
1240.0
872.0
724.0
1056.0
986.0
543.0
269.0
274.0
144.0
196.0
44.0
404.0
2025.0
903.0
686.0
1434.0
1225.0
1002.0
151.0
189.0
273.0
231.0
519.0
882.0
849.0
1793.0
1010.0
353.0
1232.0
3467.0
232.0
229.0
310.0
270.0
104.0
850.0
317.0
839.0
1057.0
1057.0
902.0
95.0
339.0
44.0
247.0
260.0
79.0
214.0
455.0
803.0
3064.0
304.0
986.0
747.0
271.0
36.0
159.0
176.0
47.0
118.0
1005.0
506.0
NaN
1528.0
792.0
1273.0
1560.0
293.0
524.0
438.0
367.0
387.0
792.0
739.0
2266.0
2128.0
1624.0
801.0
807.0
63.0
608.0
88.0
38.0
525.0
483.0
1024.0
739.0
494.0
720.0
833.0
1300.0
638.0
262.0
249.0
783.0
356.0
261.0
638.0
727.0
841.0
284.0
620.0
1210.0
830.0
338.0
237.0
248.0
240.0
711.0
1564.0
691.0
1447.0
2110.0
979.0
872.0
490.0
409.0
539.0
297.0
529.0
956.0
1678.0
990.0
954.0
918.0
2295.0
493.0
724.0
496.0
140.0
94.0
257.0
767.0
985.0
1513.0
1102.0
985.0
591.0
414.0
345.0
193.0
419.0
190.0
697.0
1059.0
967.0
2759.0
297.0
970.0
399.0
35.0
1143.0
218.0
15.0
282.0
972.0
843.0
1336.0
1031.0
280.0
132.0
401.0
427.0
0.0
172.0
157.0
129.0
818.0
661.0
630.0
462.0
1461.0
2339.0
1518.0
979.0
211.0
171.0
208.0
106.0
125.0
755.0
929.0
1276.0
1488.0
1503.0
1291.0
279.0
376.0
188.0
381.0
94.0
1444.0
693.0
731.0
962.0
1949.0
964.0
226.0
791.0
585.0
46.0
265.0
163.0
200.0
335.0
688.0
1210.0
667.0
1960.0
316.0
391.0
66.0
96.0
8.0
194.0
97.0
973.0
1115.0
1034.0
891.0
1213.0
521.0
657.0
336.0
133.0
671.0
91.0
NaN
663.0
2369.0
714.0
1741.0
1060.0
393.0
1230.0
613.0
732.0
58.0
511.0
595.0
540.0
1157.0
1615.0
706.0
1318.0
844.0
986.0
924.0
205.0
108.0
198.0
411.0
1870.0
1134.0
2025.0
1491.0
126.0
859.0
1343.0
475.0
387.0
154.0
79.0
543.0
692.0
578.0
665.0
443.0
1969.0
1650.0
521.0
676.0
324.0
64.0
145.0
781.0
1256.0
1325.0
1565.0
1168.0
687.0
2353.0
1057.0
339.0
184.0
59.0
130.0
675.0
724.0
721.0
616.0
2029.0
1449.0
1048.0
140.0
422.0
361.0
263.0
135.0
234.0
749.0
432.0
587.0
638.0
1165.0
1241.0
162.0
843.0
NaN
279.0
78.0
289.0
764.0
853.0
1614.0
1239.0
397.0
1248.0
675.0
124.0
102.0
97.0
158.0
1018.0
576.0
1949.0
2332.0
1598.0
833.0
424.0
470.0
166.0
343.0
100.0
67.0
843.0
1859.0
1554.0
1560.0
516.0
1325.0
683.0
749.0
1354.0
287.0
307.0
200.0
648.0
799.0
607.0
765.0
2851.0
424.0
685.0
569.0
1060.0
549.0
287.0
400.0
341.0
1321.0
1353.0
2185.0
2067.0
2899.0
681.0
211.0
240.0
262.0
325.0
211.0
13.0
562.0
486.0
1527.0
612.0
1129.0
1112.0
602.0
254.0
307.0
178.0
49.0
NaN
714.0
1476.0
1321.0
546.0
740.0
962.0
658.0
337.0
133.0
454.0
58.0
876.0
369.0
1762.0
1583.0
881.0
1432.0
483.0
361.0
501.0
428.0
270.0
292.0
507.0
556.0
961.0
836.0
659.0
127.0
488.0
442.0
219.0
197.0
363.0
270.0
551.0
1565.0
1075.0
1961.0
1067.0
734.0
209.0
864.0
102.0
120.0
435.0
270.0
227.0
2162.0
1185.0
1519.0
999.0
491.0
163.0
160.0
203.0
261.0
753.0
204.0
325.0
154.0
1190.0
1149.0
1115.0
1105.0
266.0
1189.0
645.0
512.0
336.0
722.0
140.0
648.0
2622.0
899.0
1025.0
2317.0
585.0
546.0
574.0
137.0
66.0
132.0
226.0
852.0
1028.0
647.0
1035.0
1903.0
301.0
1081.0
96.0
26.0
8.0
257.0
367.0
1108.0
968.0
1171.0
1463.0
333.0
356.0
132.0
708.0
117.0
452.0
416.0
506.0
453.0
2328.0
1254.0
1030.0
834.0
435.0
NaN
767.0
66.0
305.0
389.0
305.0
877.0
746.0
2464.0
1366.0
543.0
798.0
76.0
435.0
317.0
56.0
69.0
730.0
494.0
676.0
625.0
441.0
1824.0
1291.0
258.0
162.0
513.0
373.0
488.0
516.0
1469.0
968.0
506.0
595.0
3734.0
714.0
855.0
0.0
455.0
181.0
282.0
197.0
1309.0
1305.0
2327.0
693.0
410.0
497.0
461.0
245.0
188.0
275.0
NaN
NaN
NaN
NaN
NaN
NaN
NaN
260.0
1954.0
320.0
660.0
269.0
540.0
547.0
792.0
656.0
NaN
2870.0
1034.0
1462.0
116.0
597.0
470.0
511.0
703.0
293.0
887.0
1291.0
1267.0
915.0
368.0
624.0
16.0
21.0
40.0
32.0
54.0
47.0
579.0
1218.0
825.0
285.0
310.0
552.0
515.0
12.0
347.0
24.0
19.0
504.0
1565.0
1810.0
1331.0
126.0
256.0
456.0
815.0
NaN
NaN
0.0
NaN
266.0
1180.0
1056.0
2072.0
623.0
1349.0
1230.0
559.0
222.0
405.0
209.0
384.0
3.0
1894.0
1108.0
1104.0
1092.0
2439.0
229.0
216.0
969.0
NaN
140.0
NaN
NaN
555.0
1504.0
1039.0
1982.0
2300.0
1589.0
489.0
389.0
479.0
443.0
268.0
711.0
698.0
1413.0
1152.0
280.0
NaN
574.0
NaN
