-15.8225806452
-13.0714285714
-8.26774193548
0.86
7.43225806452
12.37
17.2774193548
14.6064516129
9.25
5.32580645161
-0.633333333333
-7.56451612903
-10.6096774194
-7.03448275862
2.80967741935
2.26
9.08709677419
12.97
17.5677419355
12.5741935484
7.24666666667
1.92580645161
-2.86333333333
-8.18387096774
-13.4612903226
-12.7428571429
-9.64516129032
-1.42333333333
6.58709677419
13.1666666667
15.2967741935
14.0258064516
9.52
3.61612903226
-5.51
-15.9096774194
-20.2709677419
-19.1678571429
-11.1161290323
-0.633333333333
7.46451612903
14.0733333333
14.0935483871
14.8387096774
9.27666666667
2.91612903226
-7.77
-6.74193548387
-13.2838709677
-18.5785714286
-5.71612903226
1.74333333333
7.55806451613
12.3166666667
14.4741935484
13.8548387097
13.2266666667
3.99032258065
0.27
-2.91612903226
-13.5
-10.0793103448
-1.05161290323
2.03
7.09677419355
13.5166666667
15.6419354839
15.5064516129
12.3566666667
5.30322580645
1.43666666667
-9.85483870968
-10.9709677419
-7.2
-5.94838709677
2.67
6.92903225806
12.3933333333
14.7322580645
12.9580645161
NaN
NaN
