10.0
24.0
0.0
700.0
NaN
915.0
328.0
396.0
701.0
342.0
25.0
6.0
34.0
51.0
1177.0
NaN
869.0
221.0
25.0
1040.0
0.0
152.0
0.0
279.0
40.0
51.0
304.0
687.0
1277.0
399.0
0.0
274.0
690.0
NaN
0.0
NaN
NaN
26.0
813.0
565.0
NaN
749.0
351.0
130.0
153.0
201.0
0.0
0.0
25.0
NaN
406.0
346.0
254.0
104.0
527.0
417.0
53.0
0.0
0.0
130.0
21.0
161.0
427.0
NaN
454.0
229.0
38.0
252.0
54.0
254.0
NaN
76.0
8.0
617.0
220.0
966.0
571.0
381.0
830.0
479.0
NaN
3.0
0.0
5.0
0.0
762.0
1855.0
749.0
2164.0
298.0
733.0
157.0
105.0
53.0
28.0
5.0
64.0
864.0
1208.0
61.0
725.0
185.0
1072.0
461.0
48.0
229.0
268.0
279.0
320.0
470.0
643.0
1152.0
669.0
30.0
970.0
503.0
971.0
0.0
81.0
48.0
NaN
199.0
652.0
974.0
1409.0
457.0
270.0
776.0
435.0
31.0
62.0
186.0
343.0
566.0
NaN
NaN
NaN
1059.0
1072.0
168.0
536.0
0.0
204.0
109.0
181.0
613.0
775.0
574.0
1139.0
883.0
427.0
148.0
351.0
57.0
254.0
NaN
NaN
346.0
NaN
NaN
NaN
1181.0
NaN
316.0
333.0
21.0
176.0
116.0
664.0
107.0
1159.0
199.0
667.0
212.0
293.0
66.0
191.0
265.0
185.0
286.0
364.0
429.0
592.0
1891.0
353.0
951.0
1295.0
650.0
413.0
92.0
202.0
36.0
153.0
175.0
916.0
1023.0
1290.0
539.0
978.0
311.0
141.0
237.0
592.0
69.0
81.0
8.0
495.0
1473.0
654.0
319.0
574.0
515.0
325.0
324.0
439.0
NaN
208.0
295.0
1499.0
1264.0
732.0
819.0
NaN
155.0
381.0
171.0
509.0
327.0
673.0
312.0
409.0
1226.0
95.0
705.0
594.0
NaN
NaN
