NaN
14.04
16.0903225806
NaN
NaN
NaN
NaN
NaN
NaN
NaN
NaN
NaN
6.93225806452
13.5962962963
NaN
NaN
NaN
NaN
-4.03
-9.28064516129
-7.98666666667
-7.21538461538
-2.7724137931
3.10333333333
5.33571428571
11.9566666667
15.0709677419
12.0193548387
8.09333333333
-0.0612903225806
-6.70666666667
-10.7222222222
-12.6833333333
-9.55517241379
-4.90322580645
-0.22
4.44666666667
13.0464285714
14.7451612903
13.7967741935
7.39666666667
0.938709677419
-5.15
-12.725
-13.9709677419
-9.38571428571
-7.7064516129
2.71724137931
8.73548387097
10.46
15.8322580645
15.5612903226
10.4966666667
-0.0193548387097
-4.89
-8.33333333333
-12.564516129
-8.86428571429
-6.66129032258
-0.333333333333
8.07096774194
12.5966666667
15.7066666667
15.3580645161
7.03333333333
-0.58064516129
-4.99
-11.5935483871
-12.0870967742
-10.4785714286
-5.94193548387
1.6
6.17741935484
14.3896551724
13.8064516129
14.5322580645
6.0
2.04193548387
-3.66
-9.51935483871
-13.1677419355
-9.79655172414
-4.20967741935
1.24827586207
8.08064516129
13.4533333333
14.0193548387
13.964516129
8.48
1.08064516129
-5.76
-12.58
-11.6838709677
-7.71785714286
-1.21935483871
0.289655172414
5.47333333333
11.9133333333
15.8838709677
NaN
8.4
4.05483870968
-2.92333333333
-9.44838709677
-12.9225806452
-5.78928571429
-2.31290322581
2.21666666667
8.59285714286
12.13
17.0741935484
13.1419354839
5.85666666667
4.24516129032
-4.42333333333
-10.1387096774
-7.86774193548
-10.475
-5.51612903226
2.11
7.19032258065
12.3333333333
16.3612903226
15.0516129032
7.59333333333
1.01935483871
-7.23666666667
-6.95161290323
-11.1741935484
-4.32413793103
-4.37419354839
3.69333333333
6.45161290323
12.4133333333
16.2709677419
13.7612903226
8.3
-0.0129032258065
-7.88
-8.78064516129
-14.4967741935
-6.32857142857
-2.9935483871
3.92333333333
11.864516129
15.4266666667
17.2225806452
14.4870967742
11.0642857143
3.27096774194
-2.92
-9.10322580645
-15.5161290323
-13.3925925926
-4.43225806452
3.25333333333
7.94193548387
13.8333333333
16.0806451613
14.0161290323
10.1666666667
1.67741935484
-5.03666666667
-13.4967741935
-18.8193548387
-13.2464285714
-2.92580645161
2.21666666667
6.64838709677
12.8266666667
16.6483870968
14.3709677419
10.0206896552
3.46129032258
-6.97
-5.50322580645
-10.3064516129
-8.81034482759
-5.06129032258
0.746428571429
7.62580645161
NaN
NaN
NaN
NaN
0.0166666666667
-4.8
-7.76774193548
-9.87096774194
-10.8142857143
-3.87096774194
4.55862068966
6.57096774194
12.3206896552
16.3580645161
14.2967741935
7.98666666667
1.06
-4.06666666667
-9.00666666667
-14.7741935484
-11.6678571429
-5.21935483871
-1.92222222222
NaN
NaN
NaN
NaN
NaN
NaN
NaN
NaN
NaN
NaN
NaN
NaN
NaN
NaN
15.0903225806
16.9225806452
8.72333333333
1.94
-4.59
-19.4612903226
-11.364516129
-6.15185185185
-5.99655172414
-0.920689655172
6.23870967742
NaN
NaN
16.1064516129
7.56206896552
2.80689655172
-4.34666666667
-11.3096774194
-13.364516129
-11.0555555556
-2.66774193548
NaN
8.99677419355
10.6733333333
16.5032258065
13.6741935484
9.55666666667
2.90322580645
-8.25
-12.6225806452
-6.56333333333
-8.24
-0.31935483871
1.88965517241
7.37096774194
14.937037037
16.4548387097
13.5419354839
10.3766666667
3.4935483871
-5.91333333333
-8.41379310345
-8.17741935484
-4.27857142857
-4.81666666667
1.99
10.6333333333
13.3833333333
NaN
14.08
7.98
-0.35
-1.51
-8.05
-14.4464285714
-8.99655172414
-4.42580645161
-0.0666666666667
8.56774193548
15.22
15.4548387097
15.3612903226
8.67
1.66451612903
-3.73793103448
-8.01290322581
-8.41612903226
-14.2222222222
-6.65806451613
1.38333333333
7.02903225806
11.0033333333
16.1419354839
14.9580645161
8.65333333333
2.11290322581
-4.35
-13.5193548387
-7.53225806452
-7.28214285714
-3.23548387097
1.95666666667
6.65161290323
13.6966666667
15.2387096774
15.3
11.29
3.32903225806
NaN
NaN
-11.9709677419
NaN
-3.77666666667
2.44333333333
8.47407407407
14.9633333333
15.6967741935
15.0064516129
8.83
0.677419354839
-5.89
-5.90967741935
-6.65161290323
-4.19310344828
-1.78387096774
1.33
6.69
12.3827586207
13.0483870968
12.3516129032
8.44666666667
2.10322580645
-5.28
-12.164516129
-13.3709677419
-12.975
-4.82580645161
0.536666666667
7.23548387097
11.2137931034
NaN
14.4838709677
6.22307692308
2.02903225806
-7.35333333333
-6.4935483871
-10.5483870968
-12.2071428571
-3.95161290323
0.556666666667
8.66666666667
14.1068965517
13.4387096774
14.3
9.59666666667
4.02333333333
-3.59666666667
-7.21612903226
-9.33548387097
-5.95714285714
-5.23548387097
-0.95
5.56333333333
12.1
14.735483871
16.3838709677
8.16666666667
1.04516129032
-4.84482758621
-9.73
-12.29
-9.97142857143
-9.75
-0.113793103448
8.1064516129
13.46
15.0161290323
14.3
9.42666666667
1.76774193548
-7.16333333333
-11.2387096774
-11.8193548387
-7.71785714286
-4.83225806452
-1.46785714286
4.50689655172
13.0103448276
15.7266666667
NaN
11.8666666667
3.97
-5.38666666667
-7.03225806452
-8.88709677419
-3.23928571429
-5.76774193548
-0.323333333333
7.64642857143
9.87931034483
17.23
15.3482758621
11.3733333333
3.70333333333
-1.27333333333
-9.08387096774
-8.67419354839
-5.18214285714
-4.6724137931
0.826666666667
6.65806451613
NaN
16.4965517241
14.5333333333
7.26666666667
1.14838709677
-3.82142857143
-8.02857142857
-8.37419354839
-6.14137931034
-3.05161290323
-0.783333333333
8.04193548387
10.6
16.4161290323
15.9580645161
9.13333333333
3.18709677419
-8.48666666667
-11.6483870968
-8.1064516129
-9.55714285714
-3.32666666667
2.33333333333
8.61935483871
NaN
17.5612903226
15.47
9.7
1.91612903226
-2.33793103448
-7.37741935484
-8.92580645161
-8.46428571429
-9.01290322581
1.15172413793
5.33548387097
15.0566666667
17.2166666667
14.2285714286
9.66
0.048275862069
-3.59666666667
-7.18965517241
-9.88709677419
-9.91111111111
-4.49032258065
2.60333333333
6.79032258065
11.6366666667
16.1
15.7
7.59333333333
3.62
NaN
-7.46129032258
-10.6387096774
-9.45
NaN
0.627586206897
7.63
NaN
14.9310344828
11.88
10.56
NaN
NaN
NaN
NaN
-5.50714285714
-3.70322580645
NaN
NaN
NaN
NaN
NaN
NaN
2.24193548387
NaN
NaN
-4.72903225806
-9.73333333333
-4.32258064516
2.50689655172
6.63448275862
13.9366666667
16.6103448276
15.2677419355
6.96333333333
1.21290322581
NaN
-8.15161290323
-12.9096774194
-10.3392857143
-0.0677419354839
0.386666666667
NaN
13.2333333333
16.9032258065
16.8066666667
10.41
3.61290322581
-3.97
-11.4580645161
-11.635483871
-9.48275862069
-4.55806451613
-1.02666666667
NaN
11.1
NaN
15.0548387097
8.75666666667
2.24193548387
-2.72666666667
-12.6677419355
NaN
-7.53928571429
NaN
NaN
6.99677419355
NaN
NaN
13.0451612903
8.67333333333
-0.81935483871
-2.34
-13.0032258065
-9.39677419355
-10.1928571429
-2.93225806452
2.57666666667
5.38387096774
12.7166666667
16.1870967742
15.1870967742
8.11
3.55666666667
-5.27
-9.51290322581
NaN
NaN
NaN
NaN
5.37419354839
NaN
17.3935483871
NaN
NaN
NaN
NaN
NaN
NaN
-8.31724137931
-0.129032258065
3.95
7.77096774194
14.4166666667
17.0419354839
13.4161290323
7.69
0.345161290323
-4.86333333333
-10.4806451613
-10.3451612903
-8.95357142857
-5.50322580645
-2.04666666667
6.98064516129
11.576
NaN
15.8580645161
12.1733333333
1.92580645161
-4.84333333333
-11.7903225806
-10.3387096774
-12.2214285714
-6.87741935484
0.146666666667
6.58064516129
12.5366666667
14.05
15.235483871
9.64666666667
2.99677419355
-7.76
-8.49032258065
-9.17419354839
-9.15
-3.11935483871
2.19666666667
7.2
14.1766666667
15.6870967742
13.9258064516
12.2866666667
4.77741935484
-2.81
-6.25483870968
-7.88387096774
-5.05517241379
-2.56129032258
2.1
5.95161290323
13.8933333333
15.6870967742
14.6806451613
9.53333333333
4.24838709677
-1.27333333333
-11.6548387097
-9.73870967742
-5.75357142857
-2.44193548387
2.05666666667
5.90967741935
13.1433333333
16.3903225806
12.9032258065
NaN
NaN
