6.72592592593
13.6766666667
17.7433333333
22.335483871
26.51
31.2161290323
30.9107142857
NaN
NaN
NaN
4.79333333333
6.06774193548
NaN
11.2483870968
NaN
24.7870967742
27.8733333333
29.8387096774
28.3935483871
28.5033333333
NaN
10.9266666667
7.24516129032
-6.27096774194
2.53928571429
6.21612903226
15.6866666667
21.1290322581
28.5633333333
31.7580645161
27.735483871
25.87
21.6548387097
8.49
5.31935483871
1.90967741935
1.16071428571
7.05
17.9633333333
23.835483871
26.8366666667
28.8806451613
29.5290322581
25.3133333333
18.9066666667
10.78
6.96129032258
0.974193548387
1.075
10.1258064516
18.9620689655
21.3580645161
26.8166666667
29.7612903226
27.4793103448
23.31
18.8677419355
11.3466666667
NaN
0.09
5.35714285714
7.53870967742
15.8366666667
19.9
27.8733333333
30.5322580645
29.6451612903
22.7033333333
18.0064516129
7.84666666667
2.87333333333
5.91
4.21724137931
6.02666666667
13.2433333333
24.1193548387
28.7333333333
29.6806451613
28.8193548387
24.9066666667
18.7258064516
10.3066666667
-0.36
-1.72580645161
2.77142857143
15.1333333333
16.0466666667
18.9066666667
23.95
29.7806451613
29.1935483871
23.5766666667
17.2451612903
10.0566666667
-1.21612903226
2.73548387097
6.00714285714
16.2709677419
18.3833333333
20.1774193548
27.2733333333
30.2806451613
25.6064516129
24.8366666667
20.9096774194
11.9724137931
7.03666666667
3.33870967742
-0.710714285714
4.86129032258
15.0566666667
19.6935483871
24.9714285714
28.7290322581
33.8483870968
26.4766666667
23.0806451613
6.28965517241
4.53225806452
-1.89642857143
2.56538461538
8.53666666667
19.0333333333
21.5161290323
NaN
NaN
NaN
NaN
NaN
NaN
NaN
NaN
NaN
NaN
NaN
NaN
NaN
NaN
NaN
NaN
NaN
NaN
NaN
NaN
NaN
NaN
NaN
NaN
NaN
NaN
NaN
NaN
NaN
NaN
NaN
NaN
NaN
NaN
NaN
NaN
NaN
NaN
NaN
NaN
NaN
NaN
NaN
NaN
NaN
NaN
NaN
NaN
NaN
NaN
NaN
NaN
NaN
NaN
NaN
NaN
NaN
NaN
NaN
NaN
NaN
NaN
NaN
NaN
NaN
NaN
NaN
NaN
NaN
NaN
NaN
NaN
NaN
NaN
NaN
NaN
NaN
NaN
NaN
NaN
NaN
NaN
NaN
NaN
NaN
NaN
NaN
NaN
NaN
NaN
NaN
NaN
NaN
NaN
NaN
NaN
NaN
NaN
NaN
NaN
NaN
NaN
NaN
NaN
NaN
NaN
NaN
NaN
NaN
NaN
NaN
NaN
NaN
NaN
NaN
NaN
NaN
NaN
NaN
NaN
NaN
NaN
NaN
NaN
NaN
NaN
NaN
NaN
NaN
NaN
NaN
NaN
NaN
NaN
NaN
NaN
NaN
NaN
NaN
NaN
NaN
NaN
NaN
NaN
NaN
NaN
NaN
NaN
NaN
NaN
NaN
NaN
NaN
NaN
NaN
NaN
NaN
NaN
NaN
NaN
NaN
NaN
NaN
NaN
NaN
NaN
NaN
NaN
NaN
NaN
NaN
NaN
NaN
NaN
NaN
NaN
NaN
NaN
NaN
NaN
NaN
NaN
NaN
NaN
NaN
12.7766666667
NaN
NaN
NaN
NaN
NaN
NaN
NaN
NaN
NaN
NaN
NaN
NaN
NaN
NaN
NaN
2.6
NaN
NaN
NaN
NaN
NaN
NaN
NaN
NaN
NaN
NaN
3.45357142857
NaN
NaN
NaN
NaN
NaN
NaN
NaN
NaN
NaN
NaN
NaN
NaN
NaN
NaN
NaN
NaN
NaN
NaN
NaN
NaN
NaN
NaN
NaN
NaN
NaN
NaN
NaN
NaN
NaN
NaN
NaN
NaN
NaN
NaN
NaN
NaN
NaN
NaN
NaN
NaN
NaN
NaN
NaN
NaN
NaN
1.68064516129
NaN
NaN
NaN
NaN
NaN
NaN
NaN
NaN
NaN
NaN
NaN
NaN
NaN
NaN
NaN
NaN
NaN
NaN
NaN
NaN
NaN
NaN
NaN
NaN
NaN
NaN
NaN
NaN
NaN
NaN
NaN
NaN
NaN
NaN
NaN
NaN
NaN
NaN
NaN
NaN
NaN
NaN
NaN
NaN
NaN
NaN
NaN
NaN
NaN
NaN
NaN
NaN
NaN
NaN
NaN
NaN
NaN
NaN
NaN
NaN
NaN
NaN
NaN
NaN
NaN
NaN
NaN
NaN
NaN
NaN
NaN
NaN
NaN
NaN
NaN
NaN
NaN
NaN
NaN
NaN
NaN
NaN
NaN
1.35666666667
-6.09
4.90357142857
NaN
NaN
NaN
NaN
NaN
NaN
NaN
18.2774193548
NaN
NaN
NaN
NaN
NaN
NaN
NaN
NaN
NaN
NaN
NaN
NaN
NaN
NaN
NaN
NaN
NaN
NaN
NaN
NaN
NaN
NaN
27.224137931
NaN
NaN
NaN
NaN
NaN
NaN
NaN
NaN
NaN
NaN
NaN
NaN
NaN
NaN
NaN
NaN
NaN
NaN
NaN
NaN
NaN
NaN
NaN
NaN
NaN
NaN
NaN
NaN
NaN
NaN
NaN
NaN
NaN
NaN
NaN
NaN
NaN
NaN
NaN
NaN
NaN
NaN
NaN
NaN
NaN
NaN
NaN
NaN
NaN
NaN
NaN
NaN
NaN
NaN
NaN
NaN
NaN
NaN
NaN
NaN
NaN
NaN
NaN
NaN
NaN
NaN
NaN
NaN
NaN
NaN
NaN
NaN
NaN
NaN
NaN
NaN
NaN
NaN
NaN
NaN
NaN
NaN
NaN
NaN
NaN
NaN
NaN
NaN
NaN
NaN
NaN
NaN
NaN
NaN
NaN
NaN
NaN
NaN
NaN
NaN
NaN
NaN
NaN
NaN
NaN
NaN
NaN
NaN
NaN
NaN
NaN
NaN
NaN
NaN
NaN
NaN
NaN
NaN
NaN
NaN
NaN
NaN
NaN
NaN
NaN
NaN
NaN
NaN
NaN
NaN
NaN
NaN
NaN
NaN
1.98709677419
-2.82580645161
3.38928571429
11.835483871
18.4166666667
24.4290322581
29.6333333333
30.5161290323
29.3677419355
25.1866666667
17.9967741935
5.5
4.12258064516
3.04516129032
5.36551724138
10.6967741935
14.4866666667
22.5774193548
26.8533333333
26.9903225806
25.3258064516
22.9633333333
17.9580645161
6.08928571429
1.84
-0.874193548387
-0.867857142857
NaN
13.83
22.6677419355
26.2266666667
27.4741935484
27.9451612903
20.4266666667
16.7
7.58
2.17419354839
-4.84333333333
-0.00357142857143
9.44838709677
17.4172413793
22.0
28.72
27.8612903226
26.9419354839
24.4266666667
19.3451612903
11.8733333333
5.23225806452
-2.29032258065
2.88571428571
10.6133333333
14.3733333333
19.6322580645
27.5966666667
30.1548387097
31.2322580645
22.4833333333
19.0967741935
5.74827586207
2.46
-1.05806451613
2.11785714286
5.63870967742
14.8
19.5935483871
26.8333333333
28.4838709677
28.6032258065
23.4366666667
18.6612903226
5.02666666667
0.8
-2.41935483871
2.784
10.6451612903
13.59
19.4032258065
27.4666666667
29.9129032258
27.4741935484
24.9433333333
18.7290322581
7.34137931034
2.27741935484
1.56451612903
6.50357142857
7.31612903226
16.3
24.2548387097
25.9620689655
29.7483870968
29.264516129
27.5266666667
18.2677419355
11.5733333333
6.0
-2.47096774194
6.45925925926
8.3
17.0366666667
22.9161290323
27.44
31.5935483871
27.5064516129
23.9466666667
19.26
15.3533333333
3.44516129032
0.538709677419
6.04827586207
13.5129032258
16.92
23.4966666667
25.7966666667
28.3366666667
29.1096774194
25.8766666667
19.9774193548
7.25357142857
-5.36774193548
-0.761290322581
1.11071428571
6.02258064516
19.9333333333
22.5838709677
25.2285714286
29.8
29.2161290323
23.96
17.5903225806
16.775862069
5.76451612903
4.91935483871
5.43571428571
7.77419354839
16.49
20.6
29.41
31.4161290323
29.2666666667
27.19
15.5580645161
8.33793103448
4.77741935484
-0.98
1.10714285714
8.67096774194
17.1633333333
21.7225806452
26.8033333333
29.4774193548
31.2774193548
24.0766666667
18.8451612903
10.36
3.93666666667
-0.453333333333
1.34137931034
12.0933333333
18.72
23.8161290323
26.8333333333
27.6935483871
25.8741935484
26.9033333333
17.5290322581
10.9866666667
3.23225806452
-0.0290322580645
5.18148148148
8.68387096774
19.4266666667
21.8774193548
30.1633333333
30.6838709677
29.6161290323
27.8766666667
19.1333333333
11.2733333333
-0.764516129032
6.45172413793
3.14642857143
9.96666666667
20.2866666667
22.2322580645
27.7766666667
31.4548387097
29.1580645161
23.3466666667
16.2451612903
11.7413793103
5.12580645161
2.65806451613
-2.225
13.135483871
15.1413793103
26.0838709677
28.3888888889
29.3933333333
30.8451612903
27.58
20.7633333333
10.3866666667
0.910714285714
0.943333333333
-0.75
8.18387096774
15.3566666667
21.2548387097
NaN
NaN
27.5571428571
25.124137931
17.2548387097
9.47
0.632258064516
-2.30967741935
3.95357142857
9.56774193548
15.2833333333
22.3967741935
27.3
26.4580645161
26.4838709677
24.1733333333
13.59
13.4666666667
1.75806451613
-4.19310344828
-1.02142857143
10.2258064516
21.43
22.1516129032
28.91
30.0806451613
30.0193548387
24.83
21.0935483871
11.65
-0.829032258065
NaN
NaN
NaN
NaN
NaN
NaN
NaN
NaN
NaN
NaN
NaN
NaN
NaN
NaN
17.8419354839
19.5033333333
26.3068965517
28.5833333333
33.4709677419
29.3870967742
24.4896551724
17.1483870968
10.8933333333
5.23870967742
3.1
1.625
3.78064516129
14.9766666667
22.5709677419
26.9833333333
28.8548387097
29.4903225806
27.28
18.135483871
8.13
-0.377419354839
-2.63225806452
-4.05714285714
5.03225806452
16.2966666667
22.5806451613
27.1466666667
26.0967741935
27.1551724138
23.5133333333
16.5451612903
4.48333333333
2.18
-1.00322580645
-4.26785714286
8.30322580645
18.0166666667
22.2129032258
25.85
27.4935483871
26.8161290323
27.41
18.1129032258
11.7433333333
7.16666666667
-1.36129032258
3.31379310345
11.73
16.5433333333
21.6096774194
29.5724137931
28.8161290323
29.7178571429
27.7466666667
20.7733333333
14.6866666667
1.11290322581
2.25161290323
10.6230769231
10.2161290323
18.6433333333
22.9766666667
29.3966666667
30.7
27.0838709677
NaN
NaN
