18.9111111111
NaN
NaN
NaN
NaN
NaN
NaN
NaN
NaN
NaN
NaN
NaN
NaN
NaN
NaN
NaN
NaN
NaN
NaN
NaN
NaN
NaN
NaN
NaN
NaN
NaN
NaN
NaN
NaN
NaN
NaN
NaN
NaN
NaN
NaN
NaN
NaN
NaN
NaN
NaN
NaN
NaN
NaN
NaN
NaN
NaN
NaN
NaN
NaN
NaN
NaN
NaN
NaN
NaN
NaN
NaN
NaN
NaN
NaN
NaN
NaN
NaN
NaN
NaN
NaN
NaN
NaN
NaN
NaN
NaN
NaN
NaN
NaN
NaN
NaN
NaN
NaN
NaN
NaN
NaN
NaN
NaN
NaN
NaN
NaN
NaN
NaN
NaN
NaN
NaN
NaN
NaN
NaN
NaN
NaN
NaN
NaN
NaN
NaN
NaN
NaN
NaN
NaN
NaN
NaN
NaN
NaN
NaN
NaN
NaN
NaN
NaN
NaN
NaN
NaN
NaN
NaN
NaN
NaN
NaN
NaN
NaN
NaN
NaN
NaN
NaN
NaN
NaN
NaN
NaN
NaN
NaN
NaN
NaN
NaN
NaN
NaN
NaN
NaN
NaN
NaN
NaN
NaN
NaN
NaN
NaN
NaN
NaN
NaN
NaN
NaN
NaN
NaN
NaN
NaN
NaN
16.2576923077
25.324137931
27.7185185185
31.0068965517
34.3870967742
NaN
21.9838709677
12.8964285714
-2.38064516129
1.4
7.95357142857
24.4357142857
24.137037037
21.2967741935
29.26
35.0766666667
30.7137931034
28.26
24.3387096774
14.0633333333
7.74516129032
8.42580645161
8.72592592593
18.8741935484
18.1862068966
23.7766666667
35.0
33.3903225806
30.5566666667
30.23
18.65
10.9533333333
3.48
-2.275
5.01538461538
NaN
18.65
26.5931034483
26.7566666667
32.8225806452
30.4709677419
24.7269230769
21.4870967742
15.4535714286
7.20344827586
NaN
NaN
NaN
NaN
NaN
NaN
NaN
36.7821428571
25.6166666667
17.9387096774
14.3566666667
3.06774193548
7.63870967742
4.725
12.1290322581
20.41
23.7387096774
31.6566666667
32.8258064516
32.2419354839
29.3366666667
21.4064516129
17.28
-0.838709677419
2.06451612903
5.62142857143
2.16333333333
20.95
20.7903225806
25.0666666667
28.7580645161
27.4548387097
25.9466666667
23.0548387097
14.9833333333
5.8064516129
-0.125806451613
7.72068965517
18.7
18.19
24.5258064516
26.83
35.2096774194
31.6774193548
28.16
20.2129032258
11.4866666667
3.22258064516
5.7064516129
8.38928571429
11.4193548387
17.1466666667
19.5612903226
30.8
35.3516129032
30.5322580645
26.7482758621
NaN
16.2233333333
4.71612903226
-0.551612903226
9.94285714286
17.48
13.7344827586
26.8419354839
33.5964285714
32.9357142857
33.5161290323
25.5366666667
20.91
NaN
3.45185185185
4.57096774194
3.04285714286
11.3483870968
16.6833333333
22.8
29.2233333333
34.6933333333
32.5483870968
30.2933333333
17.635483871
6.66333333333
1.27419354839
5.96451612903
7.59655172414
14.4935483871
13.83
21.5225806452
28.6833333333
33.9225806452
30.8064516129
28.67
22.7258064516
NaN
NaN
NaN
NaN
NaN
NaN
NaN
NaN
NaN
NaN
NaN
21.364516129
12.4766666667
NaN
3.17419354839
4.9
13.4774193548
19.24
24.4806451613
31.8033333333
32.3838709677
33.9548387097
28.6724137931
19.5111111111
10.94
3.65517241379
8.44666666667
5.74444444444
8.84666666667
15.8833333333
19.3322580645
NaN
30.6774193548
28.76
26.5033333333
16.635483871
15.6166666667
7.60322580645
5.88709677419
7.18888888889
5.51612903226
18.3107142857
20.3838709677
28.6466666667
28.8580645161
31.9903225806
23.7833333333
22.6161290323
12.79
-0.814285714286
0.538709677419
10.4107142857
16.2166666667
21.6310344828
24.9903225806
33.42
35.8580645161
32.1483870968
28.4466666667
14.4612903226
13.5
5.12258064516
7.00322580645
12.85
11.0870967742
17.58
27.8096774194
30.24
32.664516129
32.7193548387
24.5366666667
22.7612903226
9.19333333333
4.63548387097
5.2275862069
9.04642857143
10.3838709677
19.4074074074
25.9483870968
28.424137931
32.7935483871
29.135483871
29.2733333333
25.864516129
12.0533333333
2.39677419355
9.04827586207
9.09655172414
14.8096774194
17.83
25.1225806452
24.7966666667
33.0741935484
34.0290322581
28.3103448276
21.7516129032
11.8933333333
7.23225806452
0.825806451613
2.51785714286
13.7322580645
20.5566666667
25.7967741935
30.0766666667
35.7689655172
35.7225806452
23.1275862069
21.5225806452
7.1
10.6833333333
-3.14838709677
16.6321428571
13.4833333333
21.9333333333
23.0290322581
29.78
35.6483870968
31.9290322581
27.7482758621
19.1419354839
13.74
7.57096774194
11.9161290323
17.2642857143
11.5225806452
19.9966666667
24.4129032258
32.4133333333
33.935483871
32.1733333333
31.0586206897
21.7903225806
16.2115384615
7.53793103448
1.79677419355
10.7310344828
9.47419354839
20.3833333333
26.4966666667
29.1931034483
36.39
32.9258064516
27.2
19.1225806452
12.724137931
4.01290322581
13.6
8.50714285714
17.4387096774
22.12
26.1
36.6766666667
34.9566666667
31.1633333333
28.45
24.3161290323
19.4
10.4571428571
9.57666666667
8.31481481481
14.9233333333
20.7933333333
28.8419354839
30.7933333333
37.3451612903
33.2612903226
24.12
24.6419354839
14.3566666667
5.81333333333
8.54516129032
10.1964285714
15.7266666667
15.2166666667
16.4193548387
26.8533333333
36.0322580645
32.1483870968
27.4862068966
19.5827586207
8.32666666667
8.50967741935
5.22333333333
-0.289655172414
16.0533333333
19.5866666667
25.2333333333
32.1827586207
36.5933333333
35.8533333333
29.1769230769
20.1096774194
14.5103448276
9.21
-1.11785714286
7.31785714286
10.9580645161
18.7833333333
26.1612903226
28.72
34.2064516129
36.4774193548
28.1666666667
20.9161290323
11.42
4.91612903226
7.78064516129
9.69259259259
16.19
19.6448275862
21.7033333333
29.2066666667
33.06
34.1967741935
28.2275862069
25.6064516129
11.3133333333
8.47741935484
8.62258064516
5.49615384615
14.8903225806
20.1166666667
29.5
30.9482758621
36.3516129032
32.74
30.5366666667
21.0612903226
14.4866666667
9.94516129032
-5.24827586207
5.25172413793
12.3966666667
18.7433333333
23.7709677419
30.4433333333
34.9793103448
30.8566666667
26.85
23.564516129
8.61
5.44285714286
3.88666666667
4.83571428571
9.54838709677
17.7827586207
26.7193548387
27.3433333333
32.2096774194
32.1677419355
26.2862068966
18.0548387097
14.0172413793
6.52258064516
2.11612903226
3.05357142857
11.3709677419
21.1633333333
24.1419354839
27.8266666667
35.0516129032
31.6838709677
24.4866666667
19.8322580645
12.2107142857
5.91935483871
6.6
13.1296296296
10.8612903226
20.9033333333
21.3741935484
28.6666666667
34.4258064516
34.4774193548
25.94
20.19
13.2851851852
6.53666666667
5.43225806452
3.52857142857
6.33548387097
12.9833333333
25.7096774194
28.7333333333
29.9096774194
30.3419354839
26.38
21.9766666667
10.4066666667
3.26451612903
5.0
6.33214285714
16.8413793103
15.2166666667
22.4903225806
23.6166666667
32.2838709677
31.6290322581
26.28
22.9064516129
14.0793103448
2.42
8.27096774194
12.125
15.9677419355
23.4033333333
20.5838709677
30.16
32.5806451613
29.3870967742
25.4933333333
16.1677419355
7.68666666667
8.14516129032
6.73870967742
4.83214285714
9.32258064516
16.6333333333
20.9321428571
27.3
30.5290322581
35.4225806452
29.2172413793
24.1428571429
7.41071428571
4.04666666667
4.50344827586
4.264
8.83
22.8366666667
25.7032258065
28.0866666667
32.1322580645
33.1322580645
29.77
22.2451612903
8.48666666667
3.81612903226
-4.23225806452
4.44285714286
10.3258064516
18.8033333333
23.8
29.1033333333
33.0516129032
30.464516129
25.8666666667
18.2483870968
15.8933333333
7.34516129032
3.1064516129
9.11071428571
10.1677419355
17.67
21.9709677419
31.6866666667
29.2064516129
28.8566666667
23.88
24.1444444444
11.5620689655
7.82903225806
6.32258064516
9.66071428571
11.1741935484
17.6266666667
23.3
24.9586206897
29.535483871
30.1612903226
23.43
17.4935483871
10.1866666667
2.74516129032
6.14838709677
8.64482758621
6.76774193548
17.88
23.6448275862
34.07
33.3290322581
31.4161290323
28.675862069
20.6
8.98666666667
3.54838709677
9.7
9.62142857143
14.6129032258
16.8666666667
23.2483870968
32.9633333333
32.5774193548
31.435483871
29.4466666667
21.9516129032
11.8133333333
6.45161290323
5.95806451613
17.6714285714
11.8903225806
24.78
22.964516129
33.4034482759
37.6516129032
33.4677419355
32.5966666667
20.1612903226
17.04
NaN
2.63225806452
4.59285714286
15.1096774194
23.1266666667
27.3129032258
27.5733333333
36.4387096774
34.4387096774
29.5466666667
23.8516129032
11.6233333333
3.26451612903
5.65483870968
6.80344827586
16.1225806452
18.2433333333
27.1838709677
33.6866666667
33.6677419355
32.3612903226
31.2233333333
26.3833333333
13.3866666667
10.9258064516
1.68064516129
11.8428571429
12.4774193548
15.9466666667
22.5516129032
28.6866666667
34.1903225806
33.8548387097
27.624137931
18.735483871
11.0166666667
13.4451612903
9.1935483871
5.27857142857
2.47419354839
16.2333333333
26.3419354839
29.7066666667
30.7032258065
33.45
30.2392857143
24.2769230769
14.7733333333
7.00666666667
5.49666666667
5.25357142857
13.9774193548
20.79
25.3806451613
32.81
32.7419354839
34.9516129032
26.9433333333
19.7290322581
12.5766666667
11.0419354839
2.47741935484
0.0758620689655
7.1
22.4482758621
25.3161290323
29.4033333333
33.535483871
35.0548387097
31.7666666667
24.5709677419
16.2066666667
7.70322580645
8.24838709677
12.2535714286
13.6516129032
17.0233333333
22.4387096774
30.8266666667
34.0677419355
33.8806451613
26.48
23.1870967742
11.3866666667
3.98064516129
5.12258064516
10.2357142857
11.3290322581
21.7866666667
29.6290322581
28.07
31.564516129
33.4612903226
26.8966666667
24.3419354839
13.91
10.1193548387
0.522580645161
12.525
15.4966666667
22.3866666667
26.4903225806
34.2033333333
36.2032258065
33.4580645161
29.9466666667
27.4096774194
15.9933333333
5.26129032258
11.2580645161
6.91034482759
11.6193548387
18.96
27.7677419355
30.45
35.4483870968
31.9161290323
29.35
24.0129032258
14.96
9.0935483871
9.43548387097
7.0
7.0935483871
23.2533333333
27.7612903226
27.98
32.6833333333
31.3838709677
22.0566666667
23.8161290323
16.1933333333
9.10322580645
2.25806451613
3.98214285714
15.864516129
17.8689655172
28.3290322581
30.5166666667
34.4709677419
29.8
27.8266666667
23.3290322581
14.3733333333
5.68064516129
7.96451612903
11.2928571429
18.0580645161
21.66
21.7225806452
27.44
29.9612903226
31.8310344828
27.6344827586
23.4290322581
NaN
NaN
5.9
NaN
17.02
19.8586206897
19.6633333333
31.3
NaN
30.5580645161
NaN
21.5483870968
NaN
0.577419354839
-0.541935483871
3.48148148148
NaN
NaN
23.7096774194
25.6666666667
32.4677419355
31.5
27.45
13.1419354839
12.7933333333
5.68064516129
2.73225806452
11.4357142857
7.01290322581
17.5133333333
27.0483870968
29.17
33.6967741935
33.8935483871
25.4866666667
17.34
9.67333333333
8.93225806452
3.00967741935
4.85714285714
10.3451612903
17.84
19.6032258065
31.0866666667
NaN
32.1451612903
25.36
NaN
NaN
NaN
NaN
NaN
NaN
NaN
NaN
NaN
NaN
30.4419354839
25.5166666667
17.6838709677
5.74666666667
-0.748387096774
NaN
7.09642857143
11.0064516129
15.3366666667
22.064516129
30.13
31.2935483871
32.635483871
21.8533333333
20.6612903226
9.50666666667
2.92258064516
-0.322580645161
10.0857142857
13.6870967742
18.68
24.9419354839
29.0266666667
35.8516129032
28.9
25.1033333333
20.6225806452
11.4733333333
6.08387096774
6.52258064516
2.832
7.64838709677
16.7833333333
23.7516129032
27.8066666667
33.4096774194
31.6516129032
25.5133333333
22.6838709677
9.63333333333
4.17741935484
3.53870967742
12.5172413793
12.2419354839
18.15
21.7451612903
29.6866666667
32.9838709677
32.7774193548
26.1566666667
17.0
10.97
8.59
1.57419354839
11.5535714286
12.1225806452
19.2833333333
24.1774193548
30.1166666667
33.2290322581
28.7903225806
27.7066666667
20.4516129032
12.1866666667
6.2
-1.91290322581
-1.16785714286
10.8419354839
18.9033333333
21.9774193548
29.79
34.1516129032
31.6322580645
29.5533333333
21.0870967742
NaN
NaN
NaN
NaN
NaN
NaN
NaN
NaN
30.335483871
30.1096774194
29.5333333333
22.6870967742
7.36666666667
9.65
1.61290322581
3.37142857143
7.54516129032
17.06
22.6516129032
30.2033333333
35.4806451613
32.7677419355
27.54
20.8
13.9333333333
9.58709677419
8.27741935484
8.09642857143
12.7129032258
21.7
19.5096774194
30.6133333333
31.3290322581
30.2193548387
27.8724137931
18.7096774194
13.14
5.43225806452
1.45161290323
6.21071428571
13.0774193548
18.8233333333
23.3233333333
25.4344827586
32.564516129
30.5419354839
25.8620689655
19.0870967742
9.22333333333
6.08709677419
2.67419354839
7.75714285714
9.47419354839
12.8066666667
19.7870967742
25.96
34.3419354839
35.6677419355
28.9833333333
19.7433333333
11.1379310345
-6.13103448276
0.973333333333
8.05862068966
8.15483870968
13.05
22.2225806452
29.0466666667
32.0677419355
33.2483870968
25.0
15.9709677419
12.0366666667
4.63548387097
0.916129032258
2.69642857143
14.6741935484
20.7566666667
24.5967741935
28.2933333333
31.9870967742
29.0935483871
23.59
17.8741935484
3.94666666667
1.43870967742
10.6766666667
7.55185185185
15.9677419355
20.0166666667
23.2451612903
30.49
32.9225806452
30.035483871
26.4066666667
18.2548387097
11.2103448276
6.31935483871
6.24838709677
9.53928571429
9.62903225806
19.91
24.3096774194
30.8666666667
32.8225806452
29.6580645161
26.5933333333
19.8258064516
11.6133333333
5.70322580645
-0.39
6.4962962963
12.9580645161
18.1133333333
25.1451612903
33.7066666667
32.2290322581
32.7419354839
27.0466666667
19.2451612903
13.4233333333
9.31666666667
9.59333333333
1.25357142857
12.54
22.1133333333
24.2096774194
27.44
32.7066666667
29.8064516129
24.0964285714
NaN
13.1533333333
2.85806451613
7.88064516129
5.67142857143
12.4
17.6966666667
20.7935483871
31.0666666667
31.3451612903
31.2129032258
28.7827586207
20.1387096774
14.0366666667
2.62666666667
2.73870967742
13.5607142857
13.2806451613
17.5333333333
23.1419354839
29.72
32.2870967742
30.5193548387
26.3233333333
19.8903225806
7.03666666667
7.08709677419
NaN
10.3965517241
14.0322580645
18.4833333333
23.9193548387
25.1033333333
28.7774193548
26.5064516129
26.0266666667
19.8322580645
6.0
1.72258064516
-1.3935483871
-0.639285714286
10.1483870968
14.6133333333
22.2774193548
27.41
28.6161290323
28.6833333333
22.6666666667
18.8366666667
8.66666666667
6.76129032258
3.21290322581
1.63571428571
14.8258064516
18.3133333333
25.4838709677
30.9793103448
29.9774193548
30.9612903226
27.3793103448
19.7032258065
11.0206896552
6.97333333333
4.47741935484
11.1642857143
10.2129032258
15.1482758621
17.3033333333
27.04
32.0612903226
33.9838709677
24.3133333333
18.8548387097
13.0366666667
6.47419354839
2.72666666667
9.71034482759
9.09032258065
19.11
20.0516129032
28.6466666667
29.5096774194
27.9451612903
22.3166666667
19.3806451613
7.05666666667
4.43076923077
4.08333333333
5.71428571429
13.95
14.6633333333
22.0419354839
28.7566666667
NaN
29.15
26.41
18.8580645161
10.2633333333
4.51612903226
5.39677419355
8.20714285714
8.1
17.13
25.7387096774
28.2566666667
31.4838709677
30.6225806452
29.45
18.7903225806
11.662962963
NaN
6.83225806452
13.15
11.6580645161
16.25
22.9774193548
26.63
32.7225806452
29.7548387097
NaN
21.4148148148
16.9466666667
8.81851851852
7.05161290323
9.93448275862
12.7933333333
20.0266666667
25.0967741935
29.81
32.9
34.0838709677
28.0533333333
21.2448275862
5.02
2.58888888889
6.2
2.00357142857
9.55666666667
19.4133333333
23.6
29.61
34.0966666667
32.6851851852
25.8
20.2548387097
15.2769230769
NaN
8.60689655172
NaN
8.94838709677
20.2866666667
22.8
33.27
34.7620689655
31.78
NaN
13.8730769231
11.73
NaN
7.4935483871
4.91851851852
NaN
19.2655172414
22.4709677419
26.9866666667
NaN
32.95
26.92
23.3483870968
9.9275862069
NaN
4.26551724138
5.75357142857
16.2733333333
18.852
NaN
NaN
30.2709677419
29.0451612903
28.37
19.1193548387
10.4466666667
8.28709677419
2.8064516129
10.3444444444
13.2806451613
17.5366666667
23.9709677419
28.69
33.4290322581
30.5935483871
28.6433333333
NaN
13.9333333333
3.39
12.8322580645
8.0
11.5096774194
21.7366666667
24.9258064516
30.7533333333
33.8870967742
29.9838709677
23.68
16.6967741935
12.15
6.64838709677
-1.05333333333
2.84074074074
17.2322580645
15.58
24.5709677419
28.2433333333
31.564516129
32.4161290323
27.0933333333
20.7709677419
13.9933333333
1.40322580645
2.45806451613
5.76896551724
12.435483871
NaN
NaN
29.0933333333
34.035483871
NaN
25.9466666667
18.8466666667
12.74
4.04516129032
7.05806451613
10.5642857143
13.2419354839
16.5166666667
23.1
27.4266666667
29.8548387097
30.0290322581
23.89
NaN
14.0444444444
-0.232258064516
3.6064516129
3.79642857143
12.4483870968
19.3633333333
21.3741935484
29.87
32.5419354839
33.3677419355
28.8366666667
22.6258064516
12.24
5.38064516129
3.75161290323
5.25
NaN
17.87
22.3870967742
29.5
34.3290322581
32.5709677419
25.7933333333
21.2096774194
13.2966666667
5.25806451613
8.57419354839
6.66428571429
21.5387096774
21.59
28.3129032258
34.7033333333
37.6516129032
34.0967741935
29.8
18.7032258065
15.5
5.55806451613
3.91612903226
7.13928571429
11.4193548387
15.15
24.2935483871
31.5866666667
32.0935483871
32.2387096774
29.2433333333
18.5709677419
11.5533333333
5.18387096774
7.02258064516
1.375
12.4322580645
18.3866666667
23.535483871
29.3
31.2
32.5225806452
25.7633333333
22.4612903226
11.0566666667
5.40666666667
5.95483870968
7.48928571429
17.4677419355
19.43
21.1903225806
29.6666666667
32.4967741935
30.7387096774
30.6266666667
21.2161290323
11.75
6.74838709677
6.36451612903
9.34482758621
17.1870967742
18.72
22.0064516129
32.3233333333
32.2612903226
30.3
27.04
23.1903225806
16.5333333333
4.31612903226
3.275
12.1392857143
16.3225806452
18.7133333333
21.9586206897
31.91
33.9096774194
29.7677419355
28.26
NaN
