0.0
0.0
79.0
0.0
0.0
0.0
0.0
0.0
0.0
0.0
0.0
94.0
0.0
0.0
5.0
0.0
0.0
0.0
89.0
0.0
0.0
0.0
0.0
0.0
0.0
0.0
0.0
0.0
0.0
0.0
0.0
0.0
0.0
241.0
8.0
0.0
36.0
3.0
0.0
0.0
0.0
0.0
0.0
43.0
41.0
0.0
5.0
5.0
0.0
0.0
0.0
0.0
0.0
0.0
0.0
0.0
0.0
0.0
0.0
0.0
58.0
0.0
0.0
0.0
0.0
0.0
8.0
3.0
117.0
239.0
386.0
28.0
0.0
0.0
0.0
46.0
132.0
66.0
NaN
0.0
0.0
137.0
15.0
15.0
NaN
NaN
0.0
137.0
NaN
NaN
0.0
NaN
NaN
127.0
43.0
NaN
66.0
76.0
NaN
NaN
NaN
NaN
NaN
NaN
94.0
71.0
NaN
NaN
0.0
NaN
NaN
NaN
56.0
NaN
18.0
NaN
NaN
5.0
NaN
NaN
NaN
20.0
23.0
8.0
51.0
25.0
NaN
25.0
51.0
102.0
38.0
0.0
0.0
76.0
0.0
0.0
0.0
0.0
0.0
25.0
25.0
0.0
0.0
0.0
NaN
0.0
0.0
0.0
0.0
0.0
0.0
25.0
0.0
0.0
107.0
0.0
NaN
0.0
0.0
69.0
8.0
5.0
0.0
76.0
51.0
13.0
58.0
NaN
0.0
0.0
8.0
58.0
0.0
0.0
0.0
0.0
0.0
81.0
0.0
0.0
30.0
36.0
8.0
0.0
0.0
30.0
10.0
0.0
5.0
0.0
5.0
20.0
102.0
0.0
13.0
0.0
NaN
0.0
0.0
0.0
13.0
13.0
0.0
178.0
0.0
0.0
0.0
13.0
201.0
0.0
0.0
81.0
10.0
15.0
0.0
38.0
155.0
86.0
0.0
0.0
3.0
0.0
5.0
0.0
0.0
0.0
114.0
0.0
0.0
0.0
0.0
0.0
0.0
91.0
10.0
0.0
0.0
0.0
0.0
0.0
140.0
0.0
5.0
152.0
622.0
104.0
0.0
338.0
25.0
0.0
0.0
0.0
208.0
25.0
3.0
99.0
0.0
71.0
0.0
0.0
0.0
89.0
8.0
0.0
18.0
0.0
84.0
165.0
0.0
0.0
20.0
74.0
315.0
122.0
170.0
0.0
249.0
127.0
0.0
0.0
221.0
15.0
0.0
0.0
0.0
0.0
0.0
0.0
0.0
0.0
89.0
130.0
18.0
0.0
5.0
64.0
132.0
25.0
0.0
53.0
178.0
69.0
76.0
0.0
0.0
97.0
0.0
246.0
0.0
0.0
0.0
0.0
0.0
0.0
0.0
0.0
0.0
0.0
0.0
0.0
0.0
0.0
25.0
64.0
0.0
0.0
0.0
18.0
0.0
46.0
74.0
0.0
76.0
0.0
0.0
13.0
0.0
20.0
0.0
36.0
0.0
0.0
0.0
0.0
8.0
0.0
0.0
0.0
0.0
0.0
0.0
0.0
0.0
28.0
0.0
0.0
0.0
0.0
58.0
58.0
0.0
0.0
0.0
0.0
5.0
0.0
0.0
0.0
0.0
3.0
58.0
0.0
48.0
18.0
0.0
51.0
0.0
18.0
338.0
58.0
0.0
0.0
0.0
0.0
0.0
0.0
28.0
0.0
0.0
0.0
91.0
0.0
0.0
0.0
0.0
0.0
0.0
0.0
0.0
0.0
0.0
0.0
38.0
0.0
0.0
0.0
0.0
0.0
0.0
0.0
64.0
0.0
0.0
18.0
0.0
0.0
0.0
0.0
0.0
0.0
0.0
0.0
0.0
0.0
0.0
0.0
43.0
76.0
137.0
8.0
8.0
3.0
20.0
38.0
0.0
0.0
0.0
0.0
0.0
0.0
0.0
0.0
0.0
406.0
0.0
0.0
0.0
0.0
0.0
13.0
114.0
0.0
0.0
0.0
5.0
0.0
0.0
0.0
0.0
0.0
0.0
0.0
53.0
99.0
13.0
25.0
25.0
0.0
0.0
64.0
10.0
0.0
0.0
0.0
0.0
51.0
13.0
51.0
38.0
13.0
38.0
76.0
13.0
13.0
18.0
13.0
0.0
0.0
0.0
25.0
13.0
8.0
178.0
13.0
25.0
5.0
102.0
25.0
102.0
51.0
25.0
13.0
13.0
5.0
NaN
38.0
38.0
10.0
5.0
0.0
0.0
0.0
178.0
5.0
8.0
30.0
3.0
0.0
13.0
51.0
25.0
89.0
13.0
8.0
201.0
13.0
0.0
51.0
46.0
0.0
0.0
0.0
81.0
0.0
0.0
152.0
25.0
5.0
NaN
13.0
NaN
38.0
20.0
13.0
0.0
13.0
0.0
0.0
13.0
0.0
0.0
0.0
0.0
28.0
168.0
89.0
0.0
20.0
8.0
0.0
13.0
13.0
0.0
13.0
0.0
51.0
25.0
66.0
89.0
132.0
170.0
5.0
NaN
0.0
0.0
0.0
0.0
0.0
0.0
0.0
112.0
0.0
0.0
0.0
23.0
114.0
0.0
43.0
23.0
213.0
0.0
0.0
0.0
0.0
0.0
0.0
28.0
267.0
36.0
23.0
0.0
0.0
43.0
25.0
173.0
25.0
66.0
155.0
33.0
0.0
0.0
0.0
71.0
0.0
0.0
0.0
0.0
0.0
432.0
81.0
8.0
0.0
124.0
0.0
0.0
0.0
0.0
0.0
0.0
0.0
254.0
0.0
0.0
38.0
0.0
0.0
0.0
0.0
5.0
259.0
25.0
315.0
64.0
0.0
0.0
0.0
0.0
0.0
224.0
0.0
0.0
0.0
0.0
15.0
8.0
0.0
0.0
0.0
64.0
46.0
41.0
0.0
0.0
0.0
0.0
0.0
0.0
0.0
0.0
0.0
0.0
0.0
0.0
0.0
229.0
0.0
13.0
0.0
0.0
0.0
0.0
79.0
79.0
0.0
102.0
28.0
0.0
0.0
0.0
0.0
0.0
0.0
0.0
0.0
56.0
0.0
15.0
0.0
0.0
0.0
0.0
0.0
0.0
0.0
0.0
0.0
0.0
0.0
0.0
0.0
0.0
0.0
0.0
0.0
0.0
64.0
0.0
0.0
0.0
0.0
0.0
0.0
0.0
81.0
0.0
0.0
18.0
66.0
0.0
0.0
0.0
0.0
0.0
0.0
0.0
0.0
0.0
0.0
0.0
0.0
0.0
0.0
94.0
257.0
0.0
3.0
0.0
0.0
56.0
0.0
0.0
0.0
191.0
13.0
10.0
0.0
0.0
0.0
0.0
0.0
201.0
0.0
0.0
201.0
0.0
0.0
94.0
23.0
0.0
0.0
0.0
0.0
0.0
3.0
320.0
0.0
0.0
0.0
0.0
51.0
0.0
0.0
0.0
0.0
0.0
0.0
122.0
0.0
18.0
0.0
0.0
0.0
0.0
8.0
0.0
0.0
0.0
0.0
0.0
0.0
0.0
0.0
0.0
69.0
28.0
0.0
51.0
0.0
0.0
0.0
0.0
0.0
0.0
102.0
51.0
51.0
25.0
0.0
262.0
13.0
124.0
76.0
25.0
51.0
152.0
0.0
0.0
0.0
0.0
25.0
5.0
0.0
38.0
13.0
13.0
3.0
246.0
25.0
127.0
13.0
38.0
0.0
0.0
30.0
0.0
5.0
13.0
0.0
0.0
0.0
0.0
13.0
25.0
0.0
0.0
0.0
0.0
0.0
0.0
0.0
0.0
0.0
0.0
0.0
0.0
0.0
0.0
117.0
3.0
0.0
5.0
0.0
130.0
127.0
0.0
25.0
152.0
102.0
0.0
0.0
13.0
25.0
0.0
0.0
0.0
0.0
0.0
0.0
0.0
0.0
0.0
13.0
81.0
0.0
0.0
127.0
0.0
NaN
51.0
0.0
38.0
8.0
3.0
51.0
0.0
13.0
25.0
0.0
0.0
0.0
0.0
0.0
0.0
0.0
0.0
0.0
0.0
140.0
3.0
30.0
0.0
0.0
0.0
0.0
0.0
0.0
71.0
0.0
0.0
51.0
0.0
41.0
41.0
0.0
0.0
0.0
152.0
NaN
25.0
152.0
NaN
0.0
0.0
0.0
0.0
38.0
0.0
0.0
0.0
0.0
0.0
0.0
203.0
38.0
0.0
0.0
0.0
0.0
0.0
0.0
64.0
0.0
0.0
0.0
13.0
0.0
0.0
0.0
0.0
102.0
13.0
56.0
0.0
292.0
0.0
64.0
0.0
13.0
221.0
0.0
0.0
0.0
300.0
0.0
0.0
0.0
0.0
51.0
127.0
0.0
254.0
25.0
51.0
13.0
114.0
127.0
0.0
0.0
0.0
0.0
0.0
0.0
0.0
0.0
0.0
0.0
3.0
3.0
30.0
0.0
0.0
0.0
0.0
0.0
0.0
46.0
0.0
0.0
0.0
25.0
25.0
0.0
0.0
0.0
25.0
0.0
0.0
0.0
102.0
0.0
0.0
51.0
0.0
0.0
640.0
0.0
0.0
0.0
0.0
0.0
0.0
0.0
0.0
0.0
0.0
0.0
0.0
0.0
0.0
0.0
0.0
0.0
0.0
538.0
0.0
0.0
0.0
0.0
13.0
0.0
0.0
0.0
0.0
0.0
0.0
0.0
25.0
0.0
0.0
0.0
0.0
0.0
0.0
0.0
0.0
0.0
0.0
0.0
0.0
0.0
0.0
0.0
0.0
0.0
0.0
0.0
0.0
0.0
0.0
0.0
0.0
0.0
0.0
0.0
0.0
0.0
0.0
0.0
0.0
132.0
51.0
8.0
25.0
51.0
102.0
432.0
0.0
0.0
0.0
0.0
0.0
0.0
0.0
0.0
0.0
0.0
0.0
30.0
330.0
0.0
0.0
0.0
0.0
0.0
0.0
0.0
0.0
0.0
0.0
56.0
127.0
0.0
0.0
0.0
0.0
0.0
0.0
0.0
38.0
0.0
0.0
0.0
0.0
0.0
30.0
0.0
0.0
13.0
0.0
0.0
0.0
64.0
0.0
0.0
127.0
0.0
0.0
0.0
97.0
25.0
0.0
51.0
51.0
25.0
0.0
178.0
25.0
0.0
102.0
51.0
0.0
0.0
0.0
0.0
0.0
5.0
0.0
0.0
0.0
0.0
0.0
0.0
0.0
0.0
0.0
0.0
0.0
0.0
0.0
0.0
0.0
0.0
0.0
51.0
0.0
0.0
147.0
0.0
0.0
0.0
0.0
0.0
38.0
0.0
0.0
0.0
0.0
0.0
0.0
0.0
25.0
0.0
0.0
0.0
0.0
0.0
25.0
25.0
0.0
0.0
0.0
51.0
0.0
0.0
0.0
0.0
0.0
102.0
152.0
102.0
13.0
38.0
25.0
0.0
0.0
25.0
13.0
0.0
81.0
76.0
51.0
25.0
51.0
102.0
0.0
0.0
3.0
3.0
0.0
13.0
0.0
13.0
25.0
25.0
76.0
25.0
152.0
13.0
0.0
0.0
0.0
0.0
25.0
0.0
0.0
0.0
13.0
0.0
51.0
25.0
NaN
13.0
0.0
0.0
0.0
76.0
0.0
0.0
0.0
0.0
102.0
0.0
0.0
0.0
0.0
0.0
0.0
0.0
0.0
0.0
0.0
25.0
30.0
0.0
0.0
0.0
0.0
0.0
0.0
13.0
13.0
0.0
0.0
0.0
0.0
0.0
0.0
13.0
76.0
0.0
0.0
0.0
0.0
0.0
84.0
147.0
0.0
0.0
0.0
0.0
0.0
0.0
0.0
0.0
0.0
0.0
0.0
0.0
5.0
0.0
0.0
0.0
0.0
0.0
0.0
0.0
0.0
0.0
0.0
0.0
0.0
0.0
0.0
48.0
76.0
30.0
0.0
0.0
53.0
0.0
53.0
13.0
0.0
0.0
0.0
76.0
58.0
0.0
0.0
0.0
0.0
0.0
0.0
0.0
0.0
0.0
0.0
0.0
0.0
0.0
0.0
0.0
127.0
0.0
0.0
0.0
0.0
0.0
0.0
0.0
0.0
36.0
0.0
0.0
0.0
0.0
104.0
25.0
0.0
0.0
0.0
0.0
46.0
0.0
38.0
0.0
0.0
0.0
0.0
0.0
0.0
0.0
0.0
0.0
0.0
0.0
0.0
0.0
0.0
0.0
0.0
0.0
0.0
0.0
8.0
0.0
102.0
102.0
0.0
0.0
0.0
0.0
0.0
0.0
0.0
13.0
0.0
0.0
0.0
0.0
0.0
0.0
0.0
25.0
0.0
25.0
0.0
0.0
0.0
112.0
25.0
0.0
0.0
0.0
0.0
18.0
0.0
0.0
0.0
0.0
0.0
0.0
0.0
483.0
0.0
25.0
38.0
157.0
119.0
0.0
0.0
0.0
0.0
0.0
76.0
0.0
0.0
0.0
0.0
0.0
0.0
0.0
0.0
0.0
0.0
0.0
0.0
36.0
38.0
0.0
0.0
0.0
0.0
13.0
0.0
0.0
25.0
0.0
25.0
41.0
18.0
0.0
0.0
0.0
0.0
0.0
51.0
30.0
0.0
0.0
0.0
165.0
33.0
0.0
0.0
0.0
0.0
0.0
0.0
13.0
0.0
0.0
0.0
0.0
0.0
0.0
0.0
0.0
0.0
0.0
0.0
0.0
0.0
0.0
0.0
0.0
0.0
0.0
53.0
46.0
198.0
0.0
0.0
0.0
0.0
18.0
0.0
18.0
3.0
0.0
102.0
25.0
25.0
64.0
25.0
0.0
97.0
183.0
3.0
0.0
28.0
0.0
81.0
0.0
3.0
3.0
0.0
0.0
0.0
0.0
0.0
0.0
25.0
0.0
0.0
0.0
0.0
0.0
107.0
394.0
630.0
330.0
23.0
3.0
48.0
102.0
66.0
25.0
0.0
0.0
0.0
191.0
13.0
25.0
25.0
13.0
13.0
8.0
38.0
0.0
0.0
0.0
0.0
0.0
3.0
0.0
0.0
0.0
0.0
0.0
51.0
8.0
0.0
0.0
3.0
89.0
109.0
5.0
3.0
0.0
0.0
0.0
0.0
30.0
13.0
0.0
152.0
25.0
3.0
0.0
0.0
0.0
0.0
3.0
0.0
89.0
89.0
13.0
0.0
0.0
0.0
64.0
51.0
25.0
0.0
0.0
38.0
0.0
0.0
0.0
0.0
0.0
0.0
51.0
0.0
0.0
0.0
0.0
0.0
30.0
0.0
13.0
38.0
25.0
13.0
13.0
0.0
0.0
5.0
5.0
NaN
38.0
5.0
0.0
0.0
0.0
0.0
5.0
25.0
0.0
107.0
30.0
0.0
0.0
5.0
38.0
0.0
0.0
0.0
0.0
0.0
0.0
127.0
0.0
0.0
0.0
0.0
0.0
0.0
0.0
0.0
0.0
25.0
381.0
0.0
0.0
25.0
25.0
0.0
0.0
25.0
0.0
51.0
0.0
0.0
8.0
0.0
0.0
0.0
0.0
0.0
0.0
0.0
0.0
127.0
0.0
0.0
3.0
0.0
3.0
152.0
76.0
127.0
0.0
76.0
0.0
0.0
0.0
102.0
0.0
25.0
25.0
0.0
69.0
0.0
0.0
0.0
53.0
0.0
0.0
0.0
114.0
191.0
3.0
0.0
0.0
0.0
51.0
0.0
10.0
0.0
0.0
0.0
0.0
0.0
38.0
0.0
0.0
56.0
0.0
0.0
0.0
0.0
0.0
0.0
0.0
0.0
0.0
51.0
0.0
0.0
0.0
0.0
114.0
25.0
0.0
0.0
0.0
216.0
76.0
0.0
0.0
0.0
254.0
132.0
0.0
10.0
178.0
140.0
0.0
152.0
257.0
0.0
0.0
0.0
0.0
71.0
0.0
0.0
0.0
0.0
13.0
25.0
13.0
0.0
152.0
0.0
0.0
211.0
274.0
13.0
0.0
0.0
0.0
0.0
0.0
0.0
114.0
25.0
0.0
0.0
0.0
0.0
0.0
0.0
0.0
0.0
0.0
0.0
79.0
0.0
102.0
13.0
0.0
0.0
0.0
0.0
0.0
183.0
0.0
244.0
61.0
0.0
25.0
130.0
25.0
0.0
0.0
81.0
0.0
0.0
0.0
0.0
119.0
0.0
330.0
183.0
0.0
0.0
0.0
0.0
0.0
0.0
0.0
0.0
0.0
0.0
0.0
0.0
0.0
0.0
0.0
0.0
13.0
13.0
89.0
0.0
0.0
0.0
0.0
0.0
0.0
0.0
0.0
97.0
30.0
25.0
0.0
0.0
NaN
13.0
157.0
333.0
13.0
0.0
51.0
0.0
53.0
28.0
0.0
3.0
0.0
0.0
0.0
0.0
38.0
0.0
0.0
91.0
0.0
13.0
13.0
13.0
5.0
66.0
13.0
38.0
8.0
13.0
0.0
0.0
25.0
0.0
0.0
0.0
3.0
0.0
0.0
0.0
0.0
0.0
0.0
0.0
0.0
0.0
3.0
0.0
8.0
18.0
102.0
0.0
5.0
0.0
0.0
0.0
48.0
8.0
5.0
0.0
3.0
419.0
262.0
13.0
41.0
25.0
0.0
0.0
0.0
5.0
33.0
76.0
13.0
0.0
0.0
76.0
353.0
157.0
13.0
76.0
51.0
46.0
76.0
51.0
13.0
0.0
20.0
38.0
25.0
0.0
0.0
0.0
0.0
0.0
0.0
76.0
25.0
0.0
3.0
0.0
13.0
13.0
76.0
0.0
0.0
61.0
0.0
0.0
0.0
0.0
79.0
0.0
51.0
0.0
0.0
25.0
89.0
5.0
5.0
46.0
46.0
79.0
8.0
56.0
0.0
0.0
170.0
231.0
0.0
0.0
61.0
0.0
51.0
0.0
0.0
28.0
8.0
58.0
36.0
0.0
0.0
137.0
51.0
5.0
0.0
0.0
0.0
0.0
0.0
0.0
0.0
0.0
0.0
102.0
53.0
46.0
3.0
0.0
0.0
0.0
0.0
NaN
48.0
0.0
0.0
84.0
0.0
0.0
0.0
0.0
0.0
25.0
79.0
30.0
175.0
0.0
0.0
0.0
0.0
8.0
23.0
58.0
124.0
3.0
0.0
0.0
0.0
0.0
206.0
0.0
53.0
18.0
69.0
112.0
0.0
0.0
0.0
0.0
0.0
64.0
0.0
0.0
373.0
0.0
0.0
0.0
0.0
8.0
0.0
0.0
0.0
0.0
33.0
18.0
0.0
0.0
5.0
0.0
0.0
0.0
0.0
30.0
0.0
0.0
0.0
0.0
356.0
46.0
0.0
81.0
56.0
0.0
0.0
0.0
0.0
0.0
0.0
0.0
0.0
0.0
0.0
8.0
0.0
0.0
0.0
0.0
0.0
0.0
0.0
0.0
13.0
18.0
0.0
112.0
64.0
0.0
140.0
33.0
0.0
0.0
0.0
33.0
0.0
0.0
0.0
0.0
36.0
3.0
0.0
0.0
0.0
0.0
114.0
0.0
0.0
0.0
0.0
0.0
0.0
0.0
51.0
5.0
0.0
0.0
0.0
20.0
33.0
97.0
43.0
3.0
0.0
0.0
0.0
0.0
0.0
8.0
0.0
0.0
0.0
0.0
0.0
0.0
0.0
109.0
0.0
0.0
0.0
0.0
0.0
0.0
0.0
0.0
0.0
0.0
0.0
0.0
0.0
0.0
43.0
0.0
0.0
0.0
0.0
0.0
0.0
0.0
0.0
0.0
0.0
0.0
0.0
0.0
0.0
0.0
0.0
0.0
0.0
0.0
0.0
41.0
0.0
0.0
0.0
206.0
15.0
0.0
0.0
0.0
0.0
0.0
0.0
33.0
58.0
56.0
3.0
0.0
0.0
0.0
0.0
0.0
0.0
0.0
0.0
0.0
71.0
5.0
0.0
0.0
58.0
18.0
18.0
43.0
282.0
0.0
127.0
0.0
0.0
152.0
58.0
89.0
0.0
0.0
0.0
0.0
0.0
0.0
0.0
0.0
140.0
188.0
0.0
0.0
15.0
0.0
64.0
0.0
0.0
30.0
8.0
5.0
5.0
0.0
0.0
152.0
135.0
0.0
3.0
91.0
5.0
0.0
114.0
25.0
0.0
10.0
25.0
25.0
102.0
38.0
0.0
0.0
0.0
0.0
13.0
0.0
0.0
13.0
3.0
0.0
0.0
0.0
0.0
0.0
0.0
38.0
13.0
8.0
114.0
13.0
0.0
51.0
13.0
0.0
0.0
0.0
221.0
0.0
104.0
109.0
0.0
117.0
0.0
0.0
0.0
20.0
10.0
152.0
5.0
51.0
0.0
0.0
0.0
0.0
0.0
84.0
76.0
61.0
33.0
0.0
0.0
71.0
56.0
15.0
0.0
0.0
147.0
41.0
241.0
33.0
41.0
51.0
25.0
0.0
0.0
0.0
3.0
3.0
0.0
0.0
0.0
0.0
0.0
0.0
0.0
25.0
107.0
84.0
81.0
0.0
71.0
0.0
0.0
25.0
353.0
0.0
30.0
53.0
0.0
0.0
0.0
41.0
193.0
0.0
0.0
0.0
0.0
5.0
36.0
0.0
0.0
0.0
0.0
0.0
0.0
13.0
58.0
0.0
0.0
0.0
0.0
0.0
0.0
5.0
33.0
114.0
13.0
0.0
109.0
8.0
0.0
0.0
0.0
0.0
3.0
18.0
0.0
38.0
43.0
0.0
0.0
249.0
0.0
0.0
0.0
0.0
38.0
0.0
0.0
0.0
0.0
48.0
38.0
0.0
15.0
64.0
53.0
58.0
38.0
0.0
0.0
0.0
0.0
0.0
99.0
0.0
0.0
0.0
0.0
0.0
0.0
0.0
0.0
0.0
0.0
163.0
0.0
0.0
5.0
239.0
102.0
3.0
0.0
0.0
0.0
0.0
0.0
0.0
15.0
0.0
0.0
0.0
305.0
0.0
94.0
0.0
0.0
0.0
0.0
0.0
0.0
0.0
0.0
0.0
0.0
0.0
0.0
0.0
0.0
0.0
0.0
0.0
0.0
0.0
0.0
94.0
58.0
71.0
0.0
0.0
0.0
0.0
3.0
0.0
28.0
0.0
18.0
173.0
0.0
0.0
0.0
475.0
0.0
0.0
0.0
0.0
122.0
0.0
0.0
3.0
0.0
3.0
0.0
135.0
0.0
46.0
0.0
0.0
0.0
0.0
0.0
0.0
89.0
0.0
84.0
0.0
0.0
0.0
0.0
0.0
0.0
66.0
0.0
0.0
391.0
97.0
0.0
0.0
0.0
0.0
0.0
0.0
0.0
0.0
0.0
0.0
0.0
0.0
0.0
0.0
0.0
216.0
23.0
137.0
0.0
0.0
0.0
0.0
0.0
0.0
58.0
23.0
0.0
18.0
0.0
0.0
38.0
51.0
0.0
130.0
51.0
0.0
30.0
38.0
0.0
0.0
41.0
81.0
38.0
272.0
18.0
64.0
0.0
0.0
102.0
33.0
13.0
0.0
0.0
56.0
8.0
0.0
0.0
0.0
0.0
178.0
0.0
0.0
18.0
147.0
384.0
13.0
0.0
41.0
20.0
0.0
0.0
0.0
25.0
38.0
0.0
0.0
5.0
8.0
0.0
0.0
107.0
0.0
0.0
18.0
0.0
13.0
0.0
0.0
0.0
0.0
13.0
56.0
38.0
13.0
3.0
0.0
18.0
28.0
0.0
0.0
0.0
0.0
0.0
163.0
36.0
8.0
201.0
0.0
5.0
25.0
0.0
13.0
25.0
0.0
25.0
0.0
0.0
0.0
0.0
267.0
0.0
89.0
5.0
0.0
0.0
0.0
0.0
0.0
58.0
160.0
0.0
0.0
5.0
0.0
0.0
13.0
0.0
0.0
5.0
0.0
0.0
13.0
38.0
18.0
0.0
8.0
0.0
0.0
0.0
13.0
5.0
0.0
0.0
0.0
0.0
5.0
0.0
0.0
0.0
0.0
5.0
0.0
0.0
0.0
5.0
0.0
0.0
41.0
130.0
25.0
422.0
13.0
0.0
5.0
58.0
0.0
0.0
46.0
8.0
208.0
15.0
0.0
0.0
0.0
0.0
0.0
13.0
0.0
0.0
38.0
0.0
18.0
175.0
0.0
3.0
91.0
203.0
5.0
0.0
114.0
0.0
0.0
51.0
13.0
140.0
13.0
5.0
3.0
0.0
0.0
0.0
0.0
0.0
0.0
0.0
0.0
0.0
0.0
0.0
0.0
0.0
0.0
0.0
196.0
0.0
0.0
0.0
0.0
0.0
0.0
10.0
10.0
0.0
0.0
0.0
56.0
46.0
69.0
46.0
10.0
0.0
0.0
64.0
97.0
0.0
53.0
135.0
0.0
13.0
15.0
5.0
102.0
137.0
0.0
0.0
0.0
0.0
0.0
0.0
0.0
0.0
0.0
102.0
508.0
203.0
NaN
66.0
0.0
0.0
203.0
0.0
305.0
135.0
0.0
8.0
0.0
0.0
0.0
0.0
0.0
0.0
0.0
0.0
0.0
25.0
0.0
0.0
0.0
0.0
0.0
0.0
0.0
0.0
0.0
18.0
0.0
0.0
0.0
0.0
74.0
18.0
71.0
0.0
25.0
10.0
0.0
0.0
0.0
0.0
102.0
8.0
163.0
8.0
0.0
0.0
0.0
0.0
0.0
0.0
0.0
0.0
147.0
0.0
0.0
0.0
0.0
0.0
0.0
0.0
0.0
69.0
0.0
28.0
0.0
0.0
0.0
0.0
0.0
0.0
46.0
0.0
0.0
0.0
0.0
0.0
0.0
0.0
0.0
0.0
0.0
0.0
0.0
0.0
25.0
0.0
0.0
0.0
0.0
43.0
236.0
0.0
0.0
0.0
15.0
0.0
43.0
104.0
0.0
0.0
43.0
0.0
0.0
0.0
0.0
0.0
114.0
221.0
8.0
0.0
0.0
0.0
33.0
33.0
15.0
0.0
0.0
0.0
10.0
15.0
0.0
0.0
0.0
0.0
0.0
0.0
0.0
0.0
0.0
0.0
41.0
0.0
0.0
0.0
0.0
25.0
411.0
0.0
33.0
5.0
0.0
0.0
0.0
0.0
0.0
5.0
335.0
124.0
3.0
0.0
0.0
0.0
15.0
152.0
58.0
0.0
0.0
0.0
0.0
0.0
20.0
0.0
0.0
0.0
180.0
0.0
0.0
15.0
0.0
0.0
0.0
18.0
0.0
0.0
0.0
0.0
0.0
0.0
0.0
20.0
0.0
0.0
0.0
20.0
127.0
25.0
0.0
0.0
0.0
0.0
112.0
251.0
64.0
152.0
127.0
25.0
0.0
0.0
102.0
20.0
0.0
0.0
0.0
0.0
102.0
51.0
13.0
0.0
0.0
51.0
76.0
51.0
43.0
5.0
0.0
0.0
0.0
0.0
30.0
0.0
79.0
33.0
0.0
0.0
5.0
13.0
13.0
15.0
15.0
56.0
10.0
3.0
0.0
0.0
0.0
66.0
13.0
102.0
0.0
5.0
13.0
25.0
25.0
13.0
13.0
0.0
297.0
0.0
13.0
53.0
99.0
25.0
0.0
0.0
3.0
117.0
0.0
25.0
5.0
5.0
64.0
5.0
0.0
109.0
5.0
0.0
71.0
51.0
25.0
0.0
330.0
64.0
0.0
0.0
0.0
89.0
160.0
0.0
0.0
0.0
0.0
0.0
0.0
0.0
0.0
13.0
38.0
5.0
64.0
127.0
0.0
0.0
0.0
0.0
0.0
0.0
5.0
0.0
0.0
5.0
51.0
0.0
25.0
76.0
0.0
5.0
0.0
0.0
0.0
0.0
0.0
0.0
76.0
15.0
25.0
0.0
0.0
51.0
76.0
25.0
0.0
0.0
69.0
28.0
0.0
0.0
0.0
0.0
0.0
0.0
0.0
0.0
0.0
13.0
0.0
18.0
0.0
0.0
13.0
437.0
0.0
0.0
5.0
0.0
0.0
0.0
0.0
0.0
13.0
107.0
0.0
0.0
0.0
0.0
0.0
0.0
0.0
0.0
25.0
30.0
234.0
0.0
25.0
23.0
0.0
0.0
0.0
0.0
53.0
13.0
0.0
0.0
0.0
0.0
0.0
122.0
0.0
0.0
0.0
0.0
0.0
0.0
0.0
13.0
284.0
0.0
0.0
0.0
0.0
0.0
0.0
0.0
0.0
0.0
38.0
213.0
0.0
0.0
0.0
391.0
0.0
0.0
0.0
0.0
0.0
0.0
0.0
0.0
188.0
198.0
0.0
0.0
48.0
0.0
0.0
0.0
208.0
140.0
0.0
0.0
0.0
0.0
0.0
0.0
0.0
178.0
30.0
0.0
0.0
0.0
0.0
0.0
0.0
0.0
51.0
86.0
0.0
0.0
13.0
0.0
0.0
76.0
0.0
127.0
180.0
0.0
104.0
38.0
30.0
28.0
0.0
0.0
0.0
0.0
0.0
0.0
NaN
NaN
NaN
NaN
NaN
NaN
NaN
NaN
NaN
NaN
0.0
NaN
NaN
NaN
NaN
0.0
NaN
NaN
NaN
NaN
NaN
NaN
NaN
NaN
NaN
NaN
NaN
NaN
NaN
