19.6724137931
22.3451612903
23.6357142857
14.8533333333
9.53225806452
0.69
-6.38148148148
-13.24
-9.38214285714
2.03103448276
8.54
17.1448275862
22.3551724138
23.7064516129
22.1677419355
19.275862069
12.8516129032
3.76333333333
-0.3
-6.18064516129
-4.252
2.32592592593
5.82068965517
18.6322580645
24.9333333333
25.8571428571
24.89
18.28
10.6862068966
-2.36071428571
-6.23846153846
-8.88965517241
-5.88928571429
-1.48709677419
7.16428571429
13.6129032258
21.2
22.2032258065
24.1096774194
18.95
11.0967741935
-2.35555555556
-6.38333333333
-8.79333333333
-4.34444444444
1.20666666667
6.93
12.8870967742
24.8166666667
24.8612903226
22.864516129
20.12
10.8766666667
0.11
-0.846666666667
-5.30322580645
1.19230769231
1.61333333333
11.6517241379
19.0870967742
19.2724137931
25.7967741935
25.835483871
21.9
12.7933333333
3.95333333333
-2.62903225806
-7.45862068966
-0.475
3.02580645161
10.7185185185
17.0967741935
22.4517241379
26.4714285714
23.4096774194
17.69
11.0185185185
5.94444444444
-2.41071428571
-6.41935483871
-0.246428571429
6.40344827586
8.06666666667
17.4032258065
19.4896551724
24.2033333333
23.9
18.1379310345
14.2933333333
1.875
-8.87586206897
-2.15555555556
-5.28214285714
2.37931034483
8.07037037037
18.3714285714
21.7793103448
25.1714285714
NaN
18.8464285714
12.7225806452
8.65714285714
-1.36451612903
-2.51071428571
0.474074074074
-1.31935483871
7.94
13.5862068966
23.45
28.1870967742
23.8733333333
21.0925925926
7.82903225806
2.0
-1.40344827586
-7.24
-5.32962962963
0.836666666667
7.625
16.6285714286
21.5777777778
NaN
25.8074074074
18.8966666667
11.8838709677
1.62666666667
-0.961290322581
-8.38965517241
NaN
3.04193548387
9.56896551724
12.9612903226
20.37
24.335483871
20.8032258065
19.95
12.9833333333
5.77333333333
-4.68387096774
-6.74193548387
0.114285714286
4.10967741935
12.4966666667
14.0903225806
22.9310344828
25.0709677419
24.8225806452
22.42
12.7322580645
3.94285714286
-2.4
-0.345161290323
-2.21785714286
4.96333333333
12.67
16.3071428571
23.7137931034
28.4967741935
24.7066666667
18.3333333333
9.93793103448
NaN
1.26206896552
-3.45806451613
-6.88148148148
4.59677419355
10.1833333333
17.6290322581
23.32
27.3068965517
25.3677419355
18.9866666667
12.9935483871
3.28965517241
-3.97419354839
-4.66129032258
-3.83333333333
1.07096774194
7.9724137931
15.2785714286
21.7586206897
24.2096774194
24.7066666667
18.4206896552
11.1033333333
2.16333333333
-8.46129032258
-9.78064516129
-4.48214285714
-0.303225806452
8.0
15.2612903226
19.2833333333
21.435483871
21.8967741935
21.3166666667
7.00967741935
6.53461538462
-6.64838709677
-6.16451612903
-2.07857142857
7.38387096774
12.9233333333
17.135483871
19.85
25.5225806452
24.564516129
16.0551724138
13.6967741935
3.49333333333
-5.46451612903
-9.24838709677
-4.76785714286
0.0387096774194
7.69
13.2935483871
18.8366666667
26.3483870968
25.8870967742
19.4233333333
13.2193548387
4.22
-2.14838709677
-4.01290322581
-0.313793103448
8.30967741935
8.8
16.6612903226
22.63
27.5838709677
25.0967741935
20.3433333333
9.3064516129
2.38333333333
-3.26451612903
-6.71612903226
-5.67857142857
-0.293548387097
4.22
12.6677419355
20.59
23.0741935484
24.735483871
18.88
11.164516129
1.48
-10.1870967742
-12.2387096774
-9.17142857143
-2.58387096774
5.59310344828
14.5483870968
19.6466666667
24.33
21.864516129
18.1666666667
10.7806451613
-1.65333333333
-3.47741935484
-7.67666666667
-10.6392857143
2.76129032258
9.66666666667
15.7387096774
20.3689655172
25.0071428571
23.4129032258
21.8571428571
12.235483871
5.82666666667
-0.48064516129
-6.86774193548
-3.74827586207
2.86
5.01379310345
17.135483871
20.5433333333
24.57
24.3741935484
20.1607142857
12.7633333333
7.94
-5.3935483871
-4.67741935484
-1.73928571429
-0.135483870968
9.10344827586
12.9903225806
22.1413793103
24.1774193548
22.3533333333
NaN
NaN
