-6.7
0.0
3.3
1.1
-11.1
-10.6
-5.0
2.8
11.7
12.8
12.8
5.0
5.6
NaN
-3.3
-0.6
8.3
9.4
0.6
1.1
10.0
12.8
13.9
NaN
2.2
-1.7
-2.2
1.1
13.3
12.2
10.0
3.9
3.3
6.1
15.6
15.0
27.8
28.3
27.8
26.1
21.7
22.2
26.1
28.3
28.9
28.9
25.0
26.7
15.0
18.9
22.8
15.6
16.7
23.9
28.9
12.8
19.4
20.0
11.7
14.4
16.7
15.0
12.8
13.3
13.9
15.6
15.0
3.3
3.9
2.2
7.2
13.3
12.2
8.3
7.2
6.7
6.7
17.2
-2.2
3.9
3.9
NaN
-14.4
-8.9
-3.3
-3.3
2.2
2.2
26.1
28.9
28.9
27.8
27.8
30.0
32.2
31.1
30.6
30.0
30.6
28.9
23.3
23.3
27.2
25.0
20.6
27.2
28.9
NaN
18.3
20.6
21.1
25.6
21.1
23.3
18.9
19.4
19.4
20.0
23.9
25.6
27.8
29.4
28.9
22.2
13.9
16.1
22.2
22.8
14.4
21.1
15.0
21.7
14.4
15.6
15.6
14.4
21.7
24.4
28.9
27.8
26.7
28.3
30.6
30.0
31.7
30.6
31.7
32.2
25.0
26.1
22.8
26.7
22.8
31.7
28.3
25.6
21.1
27.2
23.3
26.7
28.3
30.6
27.8
19.4
22.8
23.9
26.7
21.7
23.9
27.2
28.9
29.4
28.9
30.0
32.2
31.7
28.9
24.4
27.8
7.8
13.9
15.0
11.7
11.7
22.8
17.8
18.3
18.3
6.7
8.3
12.8
11.1
NaN
4.4
3.9
2.2
2.2
7.2
6.7
7.2
11.7
4.4
NaN
2.8
3.9
3.3
2.2
7.2
14.4
8.9
0.6
5.0
6.1
3.3
0.6
4.4
8.3
7.2
8.3
8.9
11.7
6.7
12.8
14.4
9.4
5.0
5.6
7.2
7.8
9.4
10.6
15.0
17.2
16.1
16.1
17.2
23.9
21.1
12.8
21.1
17.8
23.3
23.3
23.9
25.6
25.6
22.8
22.8
25.6
29.4
29.4
26.1
27.2
24.4
20.0
16.7
16.1
20.0
26.1
24.4
22.8
18.3
19.4
21.1
21.7
23.3
18.9
18.3
25.6
28.3
NaN
13.3
13.9
19.4
22.2
16.1
15.6
17.2
14.4
16.7
18.3
16.7
16.7
17.8
16.1
17.8
17.8
NaN
15.6
17.8
9.4
7.8
NaN
4.4
6.7
9.4
16.7
18.3
18.3
21.1
13.9
