1.13225806452
-2.42666666667
-9.86774193548
-10.3451612903
-9.46666666667
-5.54838709677
4.26666666667
6.39677419355
11.8366666667
15.9774193548
14.8258064516
8.37666666667
2.96129032258
-2.31333333333
-10.4290322581
-21.4413793103
-12.5785714286
-4.725
-0.733333333333
9.19032258065
10.2689655172
16.2741935484
15.46
9.13666666667
2.84193548387
-6.50357142857
NaN
-7.83225806452
-6.38571428571
-4.26896551724
-0.586666666667
4.60333333333
11.84
16.7322580645
16.67
8.33333333333
2.94193548387
-3.17
-19.9740740741
-11.6666666667
-5.67307692308
-6.66774193548
1.06
4.96451612903
12.67
14.8064516129
15.8206896552
6.46
2.70967741935
-5.28275862069
-14.1966666667
-17.4142857143
-13.8555555556
-4.24193548387
2.24333333333
9.03333333333
9.47857142857
14.8
13.2296296296
9.24666666667
0.989655172414
-11.0
-15.75
-10.9066666667
-12.2740740741
-2.34285714286
0.421428571429
7.34827586207
13.824137931
14.9703703704
NaN
9.812
3.67931034483
-7.12666666667
-8.26129032258
-9.34333333333
-4.89642857143
-4.3
2.45862068966
9.92333333333
13.4185185185
16.9833333333
13.96
8.87333333333
0.606666666667
-1.72666666667
-8.11666666667
-18.15
-14.2827586207
-5.84666666667
-0.703333333333
9.37741935484
15.9
15.75
15.0571428571
9.14137931034
1.56666666667
-3.37
-10.0419354839
-9.52258064516
-17.3037037037
-8.42333333333
1.11
5.39
10.3333333333
17.037037037
15.1833333333
9.27
2.38387096774
-5.02
-15.6580645161
-6.96333333333
-9.35
-4.04
-0.61
5.9
12.89
14.27
14.6866666667
10.9966666667
1.22258064516
-3.82666666667
-15.6689655172
-14.9580645161
-8.13214285714
-4.57666666667
2.36551724138
9.34193548387
15.94
15.9483870968
16.1612903226
9.0275862069
0.674193548387
-7.59642857143
-8.00967741935
-7.27096774194
-4.75517241379
-3.10967741935
0.0172413793103
6.32258064516
11.1733333333
12.7483870968
12.6193548387
8.53
1.61333333333
-4.26333333333
-12.2774193548
-15.0
-14.5785714286
-5.28965517241
0.326666666667
6.59032258065
10.91
14.6032258065
14.3366666667
6.13333333333
0.858064516129
-7.36666666667
-8.40322580645
-17.5129032258
-15.9678571429
-3.76451612903
-0.0866666666667
8.28387096774
13.6766666667
13.6193548387
13.4870967742
10.0689655172
4.44516129032
-3.74
-9.54838709677
-12.05
-8.85714285714
-6.16451612903
-1.31724137931
6.62903225806
13.7033333333
15.364516129
16.5516129032
8.66666666667
2.43448275862
-7.03666666667
-9.25483870968
-16.39
-10.7482758621
-10.36
-1.64827586207
6.31666666667
13.6344827586
14.1387096774
14.5483870968
9.75517241379
1.36333333333
-8.72
-15.6193548387
-17.0838709677
-9.47777777778
-5.83
-1.08928571429
5.44516129032
13.8
16.43
14.7838709677
10.5733333333
3.46129032258
-5.8275862069
-5.9724137931
-12.7838709677
-3.99642857143
-7.94
1.94666666667
8.35483870968
10.9068965517
17.3366666667
16.35
12.54
3.98709677419
-1.88275862069
-9.34838709677
-13.1064516129
-5.575
-4.19677419355
1.58333333333
7.41935483871
12.88
16.52
14.5448275862
7.79333333333
1.2724137931
-1.16206896552
-7.24516129032
-11.2032258065
-7.14482758621
-3.42580645161
0.103333333333
7.59
10.9833333333
16.4466666667
16.0533333333
8.94666666667
4.20967741935
-9.30666666667
-16.8612903226
-11.1774193548
-15.4714285714
-7.91333333333
1.57666666667
8.87419354839
13.19
17.7806451613
15.4161290323
9.91333333333
1.40333333333
-1.56333333333
-8.77096774194
-9.52903225806
-8.66785714286
-10.5357142857
-0.193103448276
3.95483870968
14.5517241379
18.5766666667
15.2838709677
11.09
-0.622580645161
-4.7
-8.45483870968
-13.3516129032
-12.2851851852
-7.05517241379
2.37666666667
7.04
11.7166666667
15.8387096774
16.2612903226
8.48666666667
4.01290322581
-6.29666666667
-6.83
-14.2966666667
-11.6068965517
-2.48064516129
1.34137931034
7.28620689655
11.2185185185
15.3862068966
12.624137931
12.3269230769
3.5
-1.98076923077
-8.58709677419
-13.5133333333
-7.18
-4.88666666667
2.53103448276
5.89666666667
15.7379310345
16.6821428571
15.675
12.5571428571
2.43870967742
-4.76071428571
-12.575862069
-4.09032258065
-11.0071428571
-6.07586206897
2.56
7.37741935484
13.4689655172
18.5344827586
15.6259259259
8.14137931034
0.33
-5.20333333333
-9.34193548387
-12.1032258065
-14.8384615385
-2.1
0.0379310344828
9.83333333333
14.4103448276
17.3548387097
15.8129032258
10.37
3.46071428571
-4.10666666667
-11.5709677419
-14.0548387097
-13.9896551724
-6.16774193548
NaN
5.5
11.75
16.3
15.7741935484
9.55333333333
2.58387096774
-3.36666666667
-14.8580645161
-14.8903225806
-10.05
-7.23870967742
-0.503333333333
6.22903225806
12.1333333333
13.6677419355
13.6
11.1033333333
0.938709677419
-2.20666666667
-14.0419354839
-13.8903225806
-15.0178571429
-2.63548387097
3.72666666667
7.08387096774
13.6866666667
17.3967741935
16.8322580645
8.18333333333
4.08064516129
-5.44666666667
-13.5096774194
-17.135483871
-13.75
-7.34193548387
1.21
6.05161290323
12.8166666667
19.235483871
15.7516129032
8.1
4.59032258065
-5.52666666667
-8.17096774194
-10.5741935484
-9.09310344828
1.10967741935
3.91
8.1064516129
15.3433333333
19.2193548387
13.7677419355
8.35333333333
0.822580645161
-4.64666666667
-11.1451612903
-12.3967741935
-9.83928571429
-8.17419354839
-3.24333333333
7.2
13.4066666667
16.3064516129
16.6193548387
12.6
2.36129032258
-6.21
-15.1451612903
-13.1225806452
-16.3714285714
-8.1
-0.48
6.96451612903
12.8133333333
14.6774193548
15.3032258065
8.85333333333
2.91290322581
-9.20666666667
-10.2290322581
-10.4225806452
-14.0107142857
-4.49677419355
2.23666666667
6.7
13.96
16.4064516129
14.9193548387
13.1333333333
5.07741935484
-2.53333333333
-8.13225806452
-11.8903225806
-5.17931034483
-3.01935483871
1.85333333333
8.15483870968
15.0566666667
16.0032258065
15.5419354839
10.7566666667
5.1064516129
-0.116666666667
-12.8483870968
-11.8129032258
-6.74642857143
-4.3
1.42666666667
7.24516129032
13.2966666667
17.4548387097
13.7064516129
NaN
NaN
