NaN
239.0
471.0
1437.0
803.0
1488.0
509.0
739.0
691.0
38.0
NaN
317.0
217.0
330.0
701.0
465.0
366.0
982.0
128.0
135.0
1453.0
445.0
127.0
262.0
241.0
89.0
160.0
813.0
NaN
1440.0
1298.0
1542.0
1031.0
208.0
243.0
216.0
153.0
177.0
304.0
834.0
NaN
1455.0
2888.0
1545.0
1269.0
988.0
302.0
185.0
437.0
280.0
480.0
2504.0
NaN
1577.0
NaN
589.0
NaN
262.0
143.0
457.0
568.0
297.0
383.0
722.0
1683.0
2827.0
NaN
399.0
623.0
817.0
833.0
181.0
65.0
153.0
412.0
633.0
1720.0
938.0
1554.0
830.0
275.0
305.0
208.0
508.0
58.0
329.0
713.0
590.0
1102.0
1354.0
1840.0
1405.0
NaN
1093.0
235.0
59.0
203.0
304.0
NaN
NaN
541.0
1228.0
1085.0
217.0
724.0
750.0
282.0
0.0
305.0
119.0
267.0
291.0
NaN
NaN
2815.0
2120.0
1481.0
1162.0
574.0
531.0
0.0
241.0
167.0
NaN
NaN
1074.0
1102.0
2144.0
NaN
NaN
NaN
NaN
31.0
NaN
507.0
NaN
590.0
NaN
1316.0
584.0
NaN
253.0
76.0
NaN
NaN
216.0
394.0
1042.0
921.0
1584.0
927.0
975.0
905.0
951.0
653.0
117.0
406.0
242.0
587.0
854.0
629.0
1423.0
1392.0
488.0
1207.0
271.0
580.0
563.0
427.0
140.0
498.0
482.0
833.0
1794.0
1707.0
1109.0
623.0
410.0
211.0
192.0
115.0
376.0
464.0
371.0
2328.0
1625.0
945.0
1538.0
177.0
1433.0
595.0
127.0
458.0
264.0
264.0
1478.0
1155.0
1229.0
606.0
110.0
697.0
590.0
1081.0
519.0
438.0
102.0
0.0
200.0
1190.0
338.0
183.0
823.0
1354.0
264.0
66.0
51.0
185.0
942.0
410.0
1533.0
706.0
66.0
102.0
915.0
1269.0
764.0
300.0
636.0
101.0
465.0
698.0
969.0
877.0
948.0
772.0
1002.0
1123.0
1110.0
352.0
167.0
381.0
229.0
385.0
904.0
1594.0
908.0
160.0
1813.0
684.0
1072.0
569.0
414.0
254.0
254.0
443.0
556.0
620.0
1283.0
421.0
661.0
2662.0
938.0
97.0
413.0
446.0
423.0
295.0
258.0
1798.0
978.0
1555.0
493.0
1714.0
97.0
466.0
36.0
387.0
82.0
117.0
708.0
1054.0
698.0
347.0
478.0
720.0
551.0
389.0
187.0
77.0
0.0
NaN
1330.0
799.0
1471.0
123.0
780.0
1310.0
134.0
86.0
113.0
106.0
387.0
76.0
449.0
1553.0
660.0
509.0
670.0
390.0
1139.0
480.0
347.0
0.0
752.0
809.0
1660.0
839.0
2156.0
471.0
663.0
1464.0
413.0
594.0
119.0
122.0
258.0
645.0
1277.0
704.0
493.0
1004.0
548.0
845.0
361.0
412.0
242.0
127.0
152.0
221.0
892.0
335.0
637.0
747.0
1254.0
1733.0
765.0
73.0
139.0
185.0
356.0
707.0
673.0
1231.0
244.0
2057.0
1476.0
433.0
728.0
762.0
53.0
142.0
64.0
808.0
460.0
560.0
1025.0
74.0
1616.0
1113.0
332.0
107.0
127.0
122.0
432.0
754.0
264.0
303.0
2591.0
513.0
1240.0
1062.0
130.0
135.0
135.0
60.0
90.0
173.0
573.0
237.0
1341.0
219.0
896.0
549.0
848.0
110.0
305.0
273.0
165.0
129.0
99.0
681.0
1291.0
414.0
744.0
1819.0
401.0
415.0
153.0
61.0
246.0
481.0
1280.0
691.0
424.0
325.0
343.0
1017.0
525.0
54.0
177.0
31.0
739.0
372.0
458.0
824.0
1417.0
1128.0
914.0
383.0
1002.0
1328.0
305.0
536.0
583.0
178.0
1446.0
742.0
766.0
568.0
561.0
779.0
886.0
579.0
82.0
341.0
64.0
278.0
692.0
1080.0
1563.0
270.0
705.0
1131.0
557.0
429.0
68.0
121.0
15.0
468.0
567.0
917.0
1418.0
372.0
887.0
1641.0
1516.0
1585.0
879.0
366.0
143.0
271.0
551.0
NaN
1561.0
732.0
1501.0
308.0
277.0
532.0
337.0
99.0
49.0
347.0
196.0
566.0
314.0
695.0
742.0
NaN
388.0
92.0
227.0
330.0
183.0
257.0
218.0
254.0
390.0
430.0
313.0
1515.0
383.0
1435.0
69.0
315.0
375.0
370.0
252.0
2425.0
1741.0
997.0
287.0
1420.0
968.0
679.0
166.0
517.0
243.0
501.0
148.0
850.0
919.0
61.0
744.0
2743.0
272.0
142.0
343.0
425.0
358.0
494.0
694.0
1040.0
425.0
752.0
768.0
158.0
366.0
170.0
85.0
135.0
130.0
692.0
954.0
1706.0
438.0
764.0
734.0
829.0
186.0
536.0
155.0
183.0
581.0
399.0
315.0
501.0
1400.0
620.0
1391.0
280.0
597.0
53.0
208.0
205.0
458.0
620.0
768.0
457.0
486.0
1489.0
1383.0
120.0
430.0
674.0
293.0
439.0
89.0
262.0
681.0
823.0
1260.0
478.0
953.0
2524.0
2202.0
427.0
662.0
457.0
297.0
576.0
261.0
1887.0
1225.0
2354.0
797.0
1431.0
516.0
415.0
323.0
109.0
153.0
406.0
576.0
972.0
1851.0
537.0
1020.0
507.0
81.0
145.0
76.0
381.0
246.0
549.0
1451.0
1708.0
945.0
341.0
2099.0
649.0
359.0
290.0
508.0
346.0
203.0
940.0
1128.0
1392.0
953.0
498.0
143.0
1118.0
58.0
262.0
700.0
504.0
NaN
NaN
NaN
NaN
NaN
421.0
3065.0
1203.0
NaN
303.0
25.0
287.0
NaN
NaN
NaN
NaN
3933.0
361.0
1016.0
305.0
1317.0
458.0
384.0
13.0
499.0
519.0
363.0
696.0
599.0
2080.0
465.0
653.0
506.0
769.0
349.0
1321.0
198.0
722.0
371.0
645.0
1396.0
1196.0
586.0
479.0
504.0
201.0
185.0
293.0
541.0
196.0
430.0
1331.0
1405.0
963.0
1176.0
137.0
253.0
137.0
43.0
165.0
821.0
1286.0
1202.0
1550.0
1033.0
765.0
1283.0
587.0
688.0
421.0
262.0
182.0
212.0
948.0
582.0
1060.0
2436.0
670.0
2177.0
198.0
0.0
1281.0
177.0
173.0
563.0
NaN
NaN
456.0
1630.0
406.0
386.0
170.0
13.0
256.0
170.0
0.0
338.0
269.0
1650.0
970.0
1218.0
201.0
2371.0
376.0
842.0
62.0
144.0
255.0
337.0
216.0
749.0
572.0
673.0
1184.0
411.0
1295.0
158.0
30.0
84.0
143.0
120.0
46.0
361.0
788.0
596.0
1213.0
1436.0
481.0
317.0
487.0
121.0
122.0
5.0
569.0
918.0
1322.0
714.0
230.0
686.0
781.0
889.0
460.0
247.0
134.0
213.0
143.0
319.0
708.0
796.0
2858.0
450.0
867.0
28.0
480.0
26.0
102.0
210.0
636.0
709.0
1903.0
2029.0
455.0
1015.0
876.0
565.0
502.0
458.0
1080.0
281.0
369.0
702.0
974.0
809.0
280.0
1918.0
1197.0
512.0
109.0
104.0
76.0
765.0
1108.0
736.0
481.0
1652.0
547.0
562.0
2537.0
706.0
755.0
428.0
163.0
403.0
302.0
509.0
1284.0
668.0
740.0
709.0
585.0
803.0
226.0
117.0
131.0
104.0
630.0
1037.0
928.0
419.0
1131.0
1258.0
502.0
244.0
213.0
99.0
83.0
72.0
306.0
891.0
980.0
1720.0
1321.0
1193.0
1561.0
117.0
243.0
138.0
388.0
246.0
640.0
1126.0
1014.0
1691.0
337.0
824.0
1741.0
307.0
330.0
417.0
349.0
13.0
308.0
171.0
1322.0
1253.0
733.0
382.0
289.0
421.0
150.0
107.0
216.0
97.0
428.0
597.0
652.0
2181.0
231.0
126.0
916.0
621.0
96.0
114.0
163.0
46.0
206.0
1325.0
668.0
996.0
694.0
590.0
722.0
533.0
440.0
459.0
214.0
317.0
340.0
1248.0
1150.0
1275.0
1550.0
887.0
961.0
1104.0
13.0
199.0
43.0
20.0
648.0
625.0
808.0
737.0
823.0
1892.0
1281.0
1042.0
694.0
267.0
330.0
559.0
87.0
464.0
1345.0
722.0
533.0
318.0
NaN
951.0
809.0
191.0
120.0
122.0
103.0
647.0
1516.0
748.0
1710.0
1032.0
2610.0
761.0
1057.0
455.0
594.0
514.0
1377.0
1125.0
1574.0
532.0
1879.0
1089.0
1181.0
1076.0
460.0
552.0
418.0
340.0
425.0
1575.0
1747.0
1421.0
457.0
991.0
536.0
1011.0
507.0
297.0
483.0
409.0
456.0
909.0
1130.0
2446.0
122.0
1614.0
1222.0
71.0
581.0
447.0
56.0
737.0
738.0
2091.0
847.0
796.0
744.0
1079.0
269.0
337.0
8.0
23.0
159.0
114.0
1149.0
484.0
440.0
170.0
881.0
3348.0
1108.0
1508.0
262.0
399.0
184.0
312.0
87.0
1459.0
1131.0
882.0
1345.0
819.0
1753.0
328.0
847.0
209.0
584.0
92.0
945.0
968.0
471.0
1385.0
670.0
418.0
272.0
1175.0
367.0
33.0
365.0
87.0
330.0
414.0
949.0
2142.0
906.0
2291.0
338.0
483.0
152.0
360.0
10.0
265.0
193.0
757.0
555.0
2584.0
1391.0
1280.0
693.0
529.0
852.0
222.0
515.0
NaN
NaN
NaN
NaN
828.0
1609.0
1123.0
1212.0
1294.0
841.0
891.0
270.0
437.0
823.0
910.0
971.0
1372.0
474.0
312.0
NaN
NaN
NaN
NaN
NaN
NaN
NaN
NaN
NaN
NaN
NaN
NaN
312.0
973.0
480.0
NaN
NaN
NaN
NaN
NaN
NaN
1105.0
634.0
513.0
1440.0
635.0
225.0
224.0
5.0
136.0
533.0
1144.0
1309.0
744.0
1585.0
850.0
1649.0
1053.0
244.0
205.0
58.0
55.0
1065.0
436.0
1289.0
1012.0
912.0
2618.0
358.0
122.0
743.0
235.0
50.0
182.0
125.0
236.0
536.0
95.0
415.0
990.0
1171.0
96.0
653.0
NaN
188.0
236.0
124.0
391.0
1128.0
864.0
1354.0
597.0
1409.0
641.0
0.0
0.0
253.0
124.0
1507.0
409.0
1078.0
2695.0
1356.0
638.0
322.0
255.0
648.0
429.0
236.0
28.0
965.0
1876.0
1000.0
837.0
543.0
847.0
258.0
878.0
1236.0
401.0
188.0
411.0
490.0
1084.0
472.0
163.0
1903.0
378.0
2360.0
51.0
1507.0
544.0
247.0
233.0
978.0
781.0
1985.0
1544.0
2504.0
2323.0
1120.0
370.0
219.0
122.0
196.0
266.0
0.0
700.0
617.0
790.0
1204.0
688.0
752.0
319.0
442.0
292.0
178.0
127.0
516.0
1423.0
1114.0
999.0
1345.0
419.0
NaN
236.0
415.0
109.0
538.0
46.0
158.0
636.0
2704.0
1803.0
978.0
825.0
983.0
778.0
636.0
89.0
153.0
252.0
231.0
921.0
1132.0
596.0
229.0
457.0
838.0
989.0
287.0
336.0
228.0
453.0
911.0
390.0
808.0
1516.0
1399.0
1180.0
300.0
819.0
665.0
117.0
123.0
325.0
373.0
1564.0
1265.0
1497.0
634.0
697.0
742.0
89.0
326.0
161.0
109.0
305.0
413.0
439.0
461.0
1471.0
1171.0
301.0
447.0
336.0
540.0
601.0
484.0
625.0
368.0
782.0
1556.0
758.0
393.0
435.0
1483.0
502.0
190.0
109.0
82.0
229.0
315.0
880.0
1409.0
386.0
656.0
872.0
440.0
1132.0
33.0
46.0
107.0
391.0
202.0
1103.0
1194.0
1129.0
562.0
313.0
866.0
324.0
1402.0
243.0
436.0
369.0
1127.0
325.0
2695.0
647.0
1314.0
1281.0
567.0
214.0
579.0
157.0
364.0
386.0
287.0
819.0
1585.0
954.0
851.0
321.0
432.0
198.0
231.0
258.0
116.0
21.0
1085.0
1040.0
900.0
200.0
892.0
1848.0
1037.0
442.0
499.0
541.0
267.0
426.0
628.0
996.0
1713.0
323.0
533.0
2269.0
1091.0
1612.0
69.0
673.0
96.0
324.0
409.0
1228.0
1212.0
3250.0
2342.0
330.0
1138.0
1111.0
592.0
377.0
162.0
106.0
1073.0
1166.0
985.0
1737.0
755.0
1366.0
361.0
1589.0
281.0
473.0
264.0
209.0
437.0
858.0
996.0
2743.0
2341.0
1631.0
1751.0
155.0
610.0
101.0
NaN
NaN
NaN
NaN
NaN
NaN
NaN
NaN
160.0
650.0
506.0
583.0
28.0
543.0
709.0
1533.0
518.0
744.0
89.0
589.0
282.0
999.0
355.0
277.0
177.0
247.0
422.0
1433.0
1635.0
1046.0
408.0
81.0
1092.0
1081.0
257.0
53.0
NaN
NaN
NaN
NaN
NaN
NaN
NaN
NaN
1433.0
916.0
96.0
228.0
18.0
NaN
NaN
NaN
NaN
NaN
2105.0
1371.0
NaN
NaN
NaN
NaN
NaN
NaN
NaN
981.0
1140.0
526.0
1468.0
1168.0
NaN
379.0
239.0
82.0
278.0
147.0
NaN
