10.8034482759
14.6933333333
19.464516129
29.0172413793
30.5333333333
27.8266666667
25.1655172414
15.7566666667
5.15172413793
4.12333333333
-2.87419354839
-3.5962962963
4.27096774194
16.0866666667
22.9903225806
30.3933333333
29.5034482759
29.93
26.4333333333
13.6225806452
6.24230769231
1.15666666667
-1.12903225806
-0.166666666667
3.40322580645
16.86
25.4290322581
27.3566666667
28.2387096774
27.0258064516
20.4333333333
13.7965517241
7.88620689655
1.92903225806
-0.732258064516
0.0821428571429
5.11333333333
12.8586206897
19.0612903226
25.0433333333
30.6870967742
26.5967741935
27.0076923077
19.2096774194
7.24333333333
0.406666666667
1.68620689655
0.172
9.22222222222
NaN
NaN
27.5724137931
30.43
28.4967741935
24.78
15.5032258065
6.10689655172
0.275862068966
-0.793103448276
-3.35714285714
1.54516129032
16.0966666667
21.5862068966
27.6230769231
NaN
29.7483870968
20.8965517241
19.0071428571
8.96896551724
1.34333333333
1.49310344828
-1.95714285714
1.28666666667
15.024137931
21.8580645161
26.1310344828
28.1931034483
NaN
NaN
20.5633333333
6.35357142857
2.03666666667
-0.1
-3.57142857143
4.82666666667
15.2888888889
19.75
27.0933333333
31.06
28.0586206897
23.76
18.18
5.81666666667
-0.841379310345
-0.75
-0.618518518519
9.68333333333
14.4107142857
21.6068965517
23.3357142857
28.2258064516
26.525
21.7466666667
15.7548387097
11.6586206897
0.613793103448
-0.575862068966
-0.162962962963
9.95862068966
14.5821428571
22.6903225806
22.9333333333
28.3774193548
NaN
23.3928571429
16.6838709677
8.1037037037
-1.93571428571
-4.66551724138
-5.30344827586
4.14666666667
NaN
NaN
NaN
NaN
NaN
23.7833333333
16.2733333333
11.39
0.922580645161
-1.48709677419
-3.03571428571
9.33225806452
14.8
20.6322580645
26.5133333333
27.2
27.0903225806
24.44
16.3258064516
7.58666666667
2.58064516129
3.83548387097
1.15714285714
1.97096774194
16.2366666667
NaN
NaN
NaN
NaN
27.3461538462
16.0677419355
5.94666666667
NaN
NaN
0.504347826087
8.74516129032
9.00333333333
17.7709677419
25.1133333333
28.2423076923
26.7741935484
22.0482758621
NaN
NaN
NaN
NaN
NaN
NaN
NaN
NaN
NaN
NaN
NaN
NaN
NaN
NaN
NaN
2.83666666667
4.97391304348
NaN
NaN
NaN
NaN
NaN
NaN
NaN
NaN
NaN
NaN
NaN
NaN
NaN
NaN
NaN
NaN
NaN
NaN
NaN
NaN
NaN
NaN
NaN
NaN
NaN
NaN
NaN
NaN
NaN
NaN
NaN
NaN
NaN
NaN
NaN
NaN
NaN
NaN
NaN
NaN
NaN
NaN
NaN
NaN
NaN
NaN
NaN
NaN
NaN
NaN
NaN
NaN
NaN
NaN
NaN
NaN
NaN
NaN
NaN
NaN
NaN
NaN
NaN
NaN
NaN
NaN
NaN
NaN
NaN
NaN
NaN
NaN
NaN
NaN
NaN
NaN
NaN
NaN
NaN
NaN
NaN
NaN
NaN
NaN
NaN
NaN
NaN
NaN
NaN
NaN
NaN
NaN
NaN
NaN
NaN
NaN
NaN
NaN
NaN
NaN
NaN
NaN
NaN
NaN
NaN
NaN
NaN
NaN
NaN
NaN
NaN
NaN
NaN
NaN
NaN
NaN
NaN
NaN
NaN
NaN
NaN
NaN
NaN
NaN
NaN
NaN
NaN
NaN
NaN
NaN
NaN
NaN
NaN
NaN
NaN
NaN
NaN
NaN
NaN
NaN
NaN
NaN
NaN
NaN
NaN
NaN
NaN
NaN
NaN
NaN
NaN
NaN
NaN
NaN
NaN
NaN
NaN
NaN
NaN
NaN
NaN
NaN
NaN
NaN
NaN
NaN
NaN
NaN
NaN
NaN
NaN
NaN
NaN
NaN
NaN
NaN
NaN
NaN
NaN
NaN
NaN
NaN
NaN
NaN
NaN
NaN
NaN
NaN
NaN
NaN
NaN
NaN
NaN
NaN
NaN
NaN
NaN
NaN
NaN
NaN
NaN
NaN
NaN
NaN
NaN
NaN
NaN
NaN
NaN
NaN
NaN
NaN
NaN
NaN
NaN
NaN
NaN
NaN
NaN
NaN
NaN
NaN
NaN
NaN
NaN
NaN
NaN
NaN
NaN
NaN
NaN
NaN
NaN
NaN
NaN
NaN
NaN
NaN
NaN
NaN
NaN
NaN
NaN
NaN
NaN
NaN
NaN
NaN
NaN
NaN
NaN
NaN
NaN
NaN
NaN
NaN
NaN
NaN
NaN
NaN
NaN
NaN
NaN
NaN
NaN
NaN
NaN
NaN
NaN
NaN
NaN
NaN
NaN
NaN
NaN
NaN
NaN
NaN
NaN
NaN
NaN
NaN
NaN
NaN
NaN
NaN
NaN
NaN
NaN
NaN
NaN
NaN
NaN
NaN
NaN
NaN
NaN
NaN
NaN
NaN
NaN
NaN
NaN
NaN
NaN
NaN
NaN
NaN
NaN
NaN
NaN
NaN
NaN
NaN
NaN
NaN
NaN
NaN
NaN
NaN
NaN
NaN
NaN
NaN
NaN
NaN
NaN
NaN
NaN
NaN
NaN
NaN
NaN
NaN
NaN
NaN
NaN
NaN
NaN
NaN
NaN
NaN
NaN
NaN
NaN
NaN
NaN
NaN
NaN
NaN
NaN
NaN
NaN
NaN
NaN
19.9923076923
10.9620689655
0.84
NaN
1.98214285714
5.84838709677
12.75
23.1
27.0933333333
30.1709677419
NaN
25.3766666667
17.1935483871
8.56
4.07096774194
-3.60333333333
0.839285714286
2.1935483871
NaN
19.5709677419
25.6666666667
30.3
26.7419354839
22.5586206897
16.2129032258
6.23666666667
2.38709677419
0.283870967742
0.0357142857143
3.78709677419
NaN
23.7258064516
27.4866666667
30.4032258065
NaN
25.7666666667
16.8935483871
9.96206896552
5.08064516129
NaN
NaN
NaN
17.8566666667
20.6806451613
26.5066666667
28.0161290323
26.3322580645
21.6206896552
16.3870967742
9.56333333333
-1.25483870968
-2.83225806452
1.60714285714
4.87419354839
11.8166666667
17.6709677419
26.6266666667
28.9032258065
28.0774193548
20.9566666667
14.3483870968
5.92333333333
0.896774193548
2.45806451613
0.944827586207
2.64333333333
10.6133333333
21.7709677419
26.51
30.7612903226
30.1
24.04
17.0935483871
8.95666666667
-1.59677419355
-4.17096774194
0.0
15.0903225806
16.52
17.0677419355
23.9366666667
27.5548387097
27.9548387097
22.9933333333
15.4903225806
8.68333333333
-1.12580645161
0.525806451613
0.685714285714
13.1903225806
16.2166666667
20.1806451613
26.0
30.6548387097
27.0806451613
26.13
21.0806451613
9.97
2.90967741935
0.88064516129
-1.94285714286
2.61612903226
12.35
17.5290322581
24.9766666667
27.6806451613
32.6709677419
24.46
22.4935483871
5.10689655172
0.31935483871
-3.56451612903
0.0931034482759
6.30322580645
16.6233333333
19.3903225806
26.0933333333
29.2290322581
28.9483870968
26.2833333333
16.0
10.3586206897
2.11935483871
2.07419354839
1.88571428571
6.72
15.6344827586
22.7903225806
28.78
29.8
28.6709677419
21.1
19.8741935484
6.36666666667
3.06451612903
3.65161290323
-0.117857142857
3.20322580645
10.0066666667
22.4032258065
25.4724137931
27.3483870968
26.6032258065
21.6833333333
18.7290322581
5.59666666667
-1.33225806452
-0.770967741935
1.08928571429
5.76129032258
12.2655172414
22.7
25.5066666667
28.3903225806
26.2419354839
21.7344827586
18.2419354839
3.22
0.88064516129
1.00967741935
1.60689655172
4.31290322581
15.4533333333
20.0548387097
28.3433333333
30.4580645161
27.4741935484
24.2266666667
14.3935483871
9.62666666667
2.58387096774
0.845161290323
2.66071428571
6.82903225806
12.1666666667
21.6322580645
28.1533333333
30.3258064516
29.7064516129
25.5766666667
20.6225806452
10.6533333333
3.13870967742
-0.464516129032
4.56785714286
5.42903225806
16.51
18.9032258065
28.0962962963
28.6419354839
27.6258064516
23.7466666667
16.5566666667
8.64
0.416129032258
-1.43870967742
0.739285714286
5.64838709677
19.1666666667
22.8290322581
26.26
32.1483870968
30.1580645161
24.1666666667
18.6225806452
5.87666666667
-0.632258064516
-1.00322580645
0.803448275862
3.27741935484
13.76
19.2290322581
27.5533333333
26.2677419355
26.0677419355
21.8966666667
20.5741935484
8.70666666667
3.42258064516
-2.75806451613
2.31428571429
7.37419354839
14.4833333333
18.9806451613
25.56
28.1419354839
27.6161290323
22.4266666667
15.5741935484
7.65666666667
3.86774193548
-0.516129032258
-2.2962962963
5.76774193548
16.71
22.2709677419
23.74
27.5225806452
28.5580645161
23.0103448276
18.9161290323
10.7964285714
-2.00967741935
-3.24444444444
-0.35
5.00967741935
14.9933333333
24.5785714286
NaN
29.0225806452
29.3258064516
25.6
NaN
NaN
3.39642857143
-0.596774193548
0.0758620689655
0.990322580645
15.308
NaN
24.7392857143
27.925
27.5419354839
24.9233333333
16.7451612903
10.2266666667
-0.770967741935
-2.00967741935
3.13928571429
8.01290322581
11.7633333333
20.0741935484
26.0033333333
28.7258064516
27.1709677419
26.3266666667
18.7322580645
9.89
1.76774193548
-2.32580645161
-1.27142857143
5.76774193548
15.1966666667
24.9258064516
26.8866666667
27.9677419355
28.6064516129
23.1666666667
18.5838709677
8.59
1.46774193548
-4.94516129032
-1.92962962963
8.30967741935
17.0866666667
20.5483870968
28.99
30.0193548387
26.435483871
23.57
23.7806451613
12.2966666667
-0.787096774194
2.75806451613
2.58620689655
7.67419354839
16.0933333333
23.3935483871
27.72
29.5870967742
26.3677419355
23.9172413793
16.1161290323
11.98
0.932258064516
-0.48064516129
0.707142857143
1.73225806452
12.1633333333
24.9612903226
26.56
28.6870967742
27.1322580645
23.4233333333
15.7161290323
9.55666666667
5.01612903226
-2.24838709677
1.52857142857
9.05161290323
12.29
17.8
27.7166666667
30.464516129
27.3032258065
22.78
16.7451612903
9.06666666667
1.76451612903
1.08387096774
-1.09285714286
6.49666666667
15.3266666667
18.4516129032
27.2233333333
26.8258064516
25.4161290323
23.49
15.8935483871
5.81333333333
2.89677419355
-1.6
-0.486206896552
10.3032258065
17.11
19.064516129
25.66
28.1741935484
28.0967741935
24.2366666667
17.2774193548
8.4
0.722580645161
-1.5
1.28928571429
6.32258064516
15.63
20.9838709677
23.7066666667
27.8
29.3225806452
23.8166666667
16.0419354839
7.11
0.522580645161
-3.22903225806
0.828571428571
4.28387096774
14.9833333333
23.1322580645
26.56
28.5193548387
28.8548387097
23.51
17.7387096774
8.17
1.89677419355
-2.82903225806
0.275
4.04516129032
14.7966666667
21.5838709677
29.3133333333
28.0774193548
28.0903225806
24.6833333333
20.9903225806
9.29666666667
4.38666666667
-0.348387096774
-0.341379310345
3.6
12.3133333333
23.24
25.13
28.064516129
26.6838709677
22.84
13.9161290323
5.92333333333
0.261290322581
1.92258064516
0.792857142857
10.3161290323
14.3066666667
18.8193548387
27.0933333333
28.9419354839
28.6935483871
24.63
19.364516129
9.07333333333
1.23870967742
0.529032258065
-0.482142857143
6.13225806452
15.6366666667
18.3322580645
24.9233333333
29.6451612903
27.5096774194
22.2166666667
16.4032258065
8.92666666667
1.74838709677
1.55806451613
0.764285714286
4.37096774194
10.4966666667
23.935483871
26.0533333333
29.0096774194
27.5225806452
20.1266666667
19.3064516129
12.59
2.18
-2.57096774194
5.18965517241
10.0387096774
16.3566666667
19.9290322581
27.9533333333
29.0258064516
27.4903225806
23.2833333333
13.8967741935
5.11333333333
-2.08064516129
-6.66451612903
0.025
11.2064516129
18.6766666667
26.7129032258
24.99
30.0419354839
26.9290322581
22.52
15.7322580645
8.25666666667
0.125806451613
-3.22580645161
-3.31428571429
2.92580645161
14.45
22.0258064516
26.6033333333
28.135483871
28.435483871
26.11
16.1516129032
9.83666666667
0.951612903226
-4.71290322581
-4.225
9.55483870968
13.52
21.1709677419
27.3233333333
28.6161290323
26.464516129
25.9666666667
15.6258064516
9.22
4.49677419355
-0.387096774194
-0.789655172414
5.37419354839
13.96
22.9033333333
25.2933333333
29.6709677419
28.6741935484
23.6866666667
NaN
8.56333333333
1.28064516129
-1.43870967742
2.60769230769
8.725
17.18
21.8384615385
NaN
29.4103448276
27.7566666667
21.6703703704
14.562962963
11.0928571429
2.11034482759
-4.54615384615
-0.655555555556
5.63103448276
12.85
25.424137931
24.8740740741
28.8111111111
26.7192307692
23.0576923077
NaN
9.4275862069
6.58620689655
1.76666666667
4.1037037037
NaN
12.6
20.0592592593
27.0740740741
31.0935483871
29.8
25.3448275862
NaN
9.32307692308
-3.32592592593
-3.1962962963
6.45
3.46785714286
15.3384615385
18.7692307692
28.7607142857
28.8333333333
30.1064516129
23.1192307692
NaN
10.504
4.58571428571
-2.01851851852
0.322222222222
8.86785714286
NaN
23.2846153846
NaN
NaN
NaN
24.1038461538
15.9346153846
NaN
NaN
NaN
-1.624
NaN
16.8344827586
21.7548387097
24.9633333333
28.9451612903
25.6258064516
22.74
15.4096774194
6.13333333333
1.45483870968
-0.00322580645161
3.15
9.19
16.59
24.2580645161
28.5233333333
31.0548387097
26.7709677419
23.41
12.564516129
9.31
2.72258064516
-1.50322580645
-2.17037037037
7.12903225806
14.2533333333
24.1903225806
29.4033333333
31.8387096774
29.4193548387
22.91
12.1677419355
NaN
1.73870967742
2.75666666667
-2.0
5.01935483871
12.03
21.0678571429
25.0133333333
28.8419354839
27.064516129
22.2966666667
17.8838709677
6.33
-4.62580645161
3.69032258065
2.38214285714
7.7064516129
14.5066666667
19.0566666667
26.4137931034
27.3322580645
25.0580645161
22.9833333333
15.3387096774
10.8333333333
3.3
-1.99
2.64074074074
8.87419354839
14.7724137931
23.3733333333
27.62
27.4233333333
27.4612903226
21.4733333333
16.9774193548
6.88928571429
3.28
NaN
NaN
5.21612903226
10.4866666667
21.2933333333
24.22
24.8774193548
25.1612903226
22.5966666667
14.5677419355
5.65
2.71612903226
-0.125
-1.83214285714
4.03333333333
12.0533333333
21.4733333333
23.7482758621
28.2451612903
26.5
19.3655172414
15.0935483871
7.97
1.51612903226
-5.08709677419
-3.6
5.84333333333
15.3689655172
20.0548387097
25.9896551724
27.0366666667
25.2806451613
23.9266666667
16.9161290323
10.31
4.11935483871
-0.329032258065
-1.76785714286
8.68387096774
11.0766666667
18.9838709677
26.58
28.7566666667
29.0387096774
23.0066666667
17.8387096774
4.18333333333
-0.93
-1.33333333333
-0.332142857143
NaN
10.8266666667
17.61
24.9166666667
26.4322580645
27.1129032258
22.5965517241
16.8258064516
4.50333333333
0.858064516129
-2.22
1.39642857143
5.11935483871
12.24
16.1483870968
26.0551724138
27.2451612903
24.3966666667
22.21
16.67
5.81785714286
2.18064516129
0.673333333333
4.425
5.89677419355
15.2366666667
24.5193548387
25.8733333333
28.4533333333
28.0870967742
26.7033333333
18.24
9.59666666667
5.41612903226
-2.36666666667
4.125
5.26774193548
15.4633333333
22.5451612903
27.6866666667
29.1419354839
25.7774193548
25.1133333333
15.8774193548
11.8133333333
2.83225806452
-1.1935483871
3.52592592593
11.0967741935
13.5533333333
20.8064516129
25.0733333333
26.3225806452
26.3709677419
21.7433333333
18.0666666667
NaN
-3.41612903226
-0.187096774194
0.646428571429
4.6
15.2103448276
21.4129032258
25.3333333333
27.9903225806
28.4483870968
21.4666666667
16.0612903226
13.4172413793
4.66
2.9935483871
4.03214285714
4.25161290323
13.8566666667
16.94
26.5533333333
30.1935483871
27.0838709677
26.1533333333
14.4566666667
6.14666666667
0.938709677419
-4.33548387097
-2.17857142857
7.72580645161
12.75
18.2387096774
24.3413793103
27.6
28.1774193548
23.22
15.1258064516
9.48666666667
3.32903225806
-4.3
0.282142857143
7.92
15.1533333333
19.9258064516
24.1266666667
26.4451612903
24.6129032258
25.4066666667
15.9161290323
8.71666666667
0.368965517241
-1.22580645161
1.875
3.63548387097
16.1034482759
17.9290322581
28.2033333333
NaN
28.1774193548
25.9666666667
17.0
9.42
-1.73548387097
3.47096774194
0.417857142857
6.4935483871
16.48
20.8387096774
25.67
28.4967741935
27.2903225806
20.5033333333
13.3774193548
9.45666666667
4.47741935484
0.687096774194
-4.11071428571
8.77741935484
11.5033333333
22.2387096774
27.4233333333
27.6387096774
27.8032258065
24.58
19.4580645161
7.23
0.538709677419
0.232258064516
-2.41724137931
3.94193548387
16.13
19.335483871
26.8533333333
27.8290322581
27.3258064516
23.76
15.1516129032
7.39666666667
-0.42
-4.48387096774
NaN
6.96774193548
13.37
20.9419354839
24.81
24.9451612903
25.735483871
23.7433333333
14.3225806452
12.18
1.56451612903
-0.574193548387
0.832142857143
11.3451612903
18.6166666667
22.79
27.24
30.5935483871
29.9
23.31
18.4806451613
10.5833333333
0.256666666667
NaN
NaN
NaN
NaN
NaN
NaN
NaN
NaN
NaN
NaN
NaN
NaN
NaN
2.675
14.5774193548
13.5833333333
22.8677419355
27.0407407407
32.1857142857
28.5161290323
24.8
NaN
9.05
5.2
1.8935483871
0.242857142857
4.27419354839
NaN
22.9193548387
NaN
28.47
NaN
NaN
NaN
NaN
NaN
NaN
-4.66666666667
0.7
14.676
20.3846153846
NaN
NaN
NaN
NaN
15.375862069
NaN
NaN
NaN
NaN
NaN
NaN
NaN
23.428
NaN
NaN
NaN
NaN
12.444
NaN
NaN
NaN
8.45
13.34
20.5193548387
NaN
NaN
29.7333333333
