596.0
196.0
376.0
687.0
1305.0
1377.0
57.0
94.0
675.0
922.0
NaN
293.0
882.0
NaN
113.0
384.0
818.0
287.0
454.0
649.0
536.0
154.0
290.0
NaN
252.0
NaN
NaN
1009.0
NaN
851.0
965.0
601.0
1283.0
336.0
NaN
175.0
NaN
172.0
356.0
758.0
374.0
1191.0
NaN
247.0
991.0
419.0
472.0
476.0
160.0
231.0
504.0
NaN
940.0
513.0
NaN
960.0
471.0
NaN
96.0
76.0
229.0
114.0
305.0
483.0
863.0
1451.0
672.0
564.0
724.0
NaN
76.0
NaN
51.0
127.0
NaN
NaN
NaN
NaN
NaN
NaN
711.0
1549.0
NaN
NaN
NaN
NaN
NaN
51.0
357.0
1462.0
NaN
244.0
774.0
571.0
168.0
227.0
94.0
NaN
567.0
333.0
1325.0
NaN
NaN
321.0
706.0
603.0
312.0
808.0
300.0
364.0
843.0
857.0
929.0
648.0
709.0
NaN
NaN
NaN
371.0
226.0
NaN
557.0
860.0
676.0
1804.0
386.0
954.0
296.0
1434.0
1080.0
50.0
709.0
588.0
480.0
579.0
429.0
1547.0
2123.0
1026.0
1236.0
451.0
633.0
325.0
330.0
940.0
383.0
720.0
335.0
1043.0
1415.0
681.0
717.0
1217.0
679.0
1111.0
374.0
860.0
105.0
646.0
1018.0
678.0
855.0
1507.0
981.0
898.0
74.0
394.0
519.0
362.0
710.0
649.0
913.0
NaN
1026.0
245.0
607.0
533.0
195.0
478.0
714.0
379.0
540.0
NaN
1388.0
659.0
823.0
805.0
1330.0
NaN
228.0
1069.0
907.0
582.0
307.0
36.0
NaN
NaN
389.0
450.0
NaN
1082.0
NaN
NaN
NaN
NaN
NaN
NaN
NaN
NaN
NaN
NaN
NaN
NaN
NaN
NaN
NaN
NaN
NaN
NaN
NaN
NaN
NaN
NaN
NaN
NaN
NaN
NaN
NaN
NaN
NaN
NaN
NaN
NaN
NaN
NaN
NaN
NaN
NaN
NaN
NaN
NaN
NaN
NaN
NaN
NaN
NaN
NaN
NaN
NaN
NaN
NaN
NaN
NaN
NaN
NaN
NaN
NaN
NaN
NaN
NaN
NaN
NaN
NaN
NaN
NaN
NaN
NaN
NaN
NaN
NaN
NaN
NaN
NaN
NaN
NaN
NaN
NaN
NaN
NaN
NaN
NaN
NaN
NaN
NaN
NaN
NaN
NaN
NaN
NaN
NaN
NaN
NaN
NaN
NaN
NaN
NaN
NaN
NaN
NaN
NaN
NaN
NaN
NaN
NaN
NaN
NaN
NaN
NaN
NaN
NaN
NaN
NaN
NaN
NaN
NaN
NaN
NaN
NaN
NaN
NaN
NaN
NaN
NaN
NaN
NaN
NaN
NaN
NaN
NaN
NaN
NaN
NaN
NaN
NaN
NaN
NaN
NaN
NaN
NaN
NaN
NaN
NaN
NaN
NaN
NaN
NaN
NaN
NaN
NaN
NaN
NaN
NaN
NaN
NaN
NaN
NaN
NaN
NaN
NaN
NaN
NaN
NaN
NaN
NaN
NaN
NaN
NaN
NaN
NaN
NaN
NaN
NaN
NaN
NaN
NaN
NaN
NaN
NaN
NaN
NaN
NaN
NaN
NaN
NaN
NaN
NaN
NaN
NaN
NaN
NaN
NaN
NaN
NaN
NaN
NaN
NaN
NaN
NaN
NaN
NaN
NaN
NaN
NaN
NaN
NaN
NaN
NaN
NaN
NaN
NaN
NaN
NaN
NaN
NaN
NaN
NaN
NaN
NaN
NaN
NaN
NaN
NaN
NaN
NaN
NaN
NaN
NaN
NaN
NaN
NaN
NaN
NaN
NaN
NaN
NaN
NaN
NaN
NaN
NaN
NaN
NaN
NaN
NaN
NaN
NaN
NaN
NaN
NaN
NaN
NaN
NaN
NaN
NaN
NaN
NaN
NaN
NaN
NaN
NaN
NaN
NaN
NaN
NaN
NaN
NaN
NaN
NaN
NaN
NaN
NaN
NaN
NaN
NaN
NaN
NaN
NaN
NaN
NaN
NaN
NaN
NaN
NaN
NaN
NaN
NaN
NaN
NaN
NaN
NaN
NaN
NaN
NaN
NaN
NaN
NaN
NaN
NaN
NaN
NaN
NaN
NaN
NaN
NaN
NaN
NaN
NaN
NaN
NaN
NaN
NaN
NaN
NaN
NaN
NaN
NaN
NaN
NaN
NaN
NaN
NaN
NaN
NaN
NaN
NaN
NaN
NaN
NaN
NaN
NaN
NaN
NaN
NaN
NaN
NaN
NaN
NaN
NaN
NaN
NaN
NaN
NaN
NaN
NaN
NaN
NaN
NaN
NaN
NaN
NaN
NaN
NaN
NaN
NaN
NaN
NaN
NaN
NaN
NaN
NaN
NaN
NaN
NaN
NaN
NaN
NaN
NaN
NaN
NaN
NaN
NaN
NaN
NaN
NaN
NaN
NaN
NaN
NaN
NaN
NaN
NaN
NaN
NaN
NaN
NaN
NaN
NaN
NaN
NaN
NaN
NaN
NaN
NaN
NaN
NaN
NaN
NaN
NaN
NaN
NaN
NaN
NaN
NaN
NaN
NaN
NaN
NaN
NaN
NaN
889.0
NaN
901.0
240.0
103.0
380.0
206.0
946.0
928.0
1424.0
504.0
516.0
1182.0
292.0
1192.0
369.0
560.0
258.0
429.0
195.0
752.0
1092.0
293.0
987.0
515.0
385.0
608.0
564.0
308.0
107.0
443.0
1043.0
1172.0
1264.0
709.0
1221.0
1126.0
312.0
NaN
244.0
79.0
384.0
NaN
627.0
578.0
660.0
1372.0
485.0
562.0
463.0
NaN
381.0
549.0
180.0
631.0
433.0
236.0
582.0
1054.0
465.0
462.0
198.0
247.0
278.0
632.0
324.0
478.0
763.0
302.0
641.0
1718.0
816.0
777.0
180.0
295.0
537.0
307.0
353.0
861.0
1233.0
214.0
446.0
1068.0
777.0
838.0
1353.0
414.0
440.0
581.0
209.0
666.0
481.0
736.0
601.0
1681.0
733.0
178.0
69.0
796.0
586.0
206.0
911.0
512.0
946.0
353.0
1046.0
275.0
780.0
365.0
79.0
87.0
382.0
87.0
275.0
340.0
1059.0
401.0
1482.0
669.0
513.0
1436.0
1346.0
280.0
255.0
143.0
376.0
259.0
666.0
914.0
910.0
1061.0
292.0
483.0
798.0
209.0
277.0
92.0
171.0
666.0
516.0
1192.0
1068.0
1365.0
1427.0
510.0
115.0
661.0
280.0
64.0
154.0
216.0
570.0
1179.0
1683.0
901.0
480.0
435.0
356.0
892.0
453.0
145.0
46.0
167.0
708.0
334.0
677.0
584.0
1715.0
853.0
888.0
493.0
56.0
444.0
643.0
554.0
715.0
1562.0
592.0
455.0
1368.0
994.0
1208.0
588.0
953.0
325.0
213.0
251.0
1203.0
1279.0
780.0
500.0
1098.0
1344.0
637.0
359.0
49.0
35.0
206.0
717.0
575.0
314.0
1071.0
642.0
684.0
1606.0
1087.0
791.0
356.0
445.0
533.0
389.0
685.0
681.0
706.0
538.0
992.0
617.0
1003.0
219.0
288.0
155.0
140.0
543.0
342.0
856.0
755.0
846.0
841.0
937.0
18.0
458.0
120.0
315.0
51.0
484.0
650.0
1270.0
337.0
1818.0
808.0
1148.0
71.0
568.0
125.0
361.0
211.0
896.0
1085.0
809.0
804.0
584.0
1069.0
2081.0
840.0
390.0
711.0
410.0
NaN
794.0
599.0
1116.0
501.0
814.0
1001.0
526.0
53.0
535.0
522.0
673.0
289.0
28.0
1125.0
615.0
1297.0
614.0
741.0
431.0
926.0
531.0
297.0
199.0
94.0
86.0
951.0
1075.0
1093.0
543.0
592.0
878.0
330.0
216.0
735.0
728.0
5.0
304.0
NaN
846.0
2034.0
1017.0
69.0
625.0
985.0
219.0
342.0
249.0
43.0
226.0
447.0
1870.0
488.0
706.0
343.0
1600.0
896.0
730.0
456.0
524.0
848.0
539.0
384.0
348.0
1852.0
770.0
1087.0
723.0
683.0
1146.0
985.0
117.0
228.0
530.0
392.0
610.0
627.0
1548.0
1886.0
1554.0
728.0
249.0
695.0
457.0
488.0
635.0
962.0
1443.0
1034.0
313.0
855.0
696.0
958.0
358.0
610.0
650.0
632.0
579.0
812.0
721.0
1224.0
737.0
674.0
329.0
334.0
447.0
453.0
362.0
535.0
1165.0
639.0
657.0
951.0
411.0
2039.0
330.0
46.0
533.0
257.0
336.0
504.0
1073.0
1057.0
542.0
349.0
987.0
260.0
220.0
364.0
23.0
54.0
106.0
290.0
1130.0
689.0
608.0
863.0
1405.0
813.0
729.0
516.0
769.0
535.0
347.0
43.0
43.0
764.0
1895.0
852.0
964.0
676.0
1364.0
679.0
722.0
462.0
640.0
260.0
1347.0
668.0
643.0
888.0
412.0
795.0
33.0
534.0
655.0
368.0
381.0
106.0
237.0
714.0
431.0
1359.0
878.0
1365.0
921.0
665.0
339.0
512.0
8.0
497.0
101.0
1318.0
124.0
1089.0
655.0
1662.0
1687.0
823.0
323.0
145.0
604.0
338.0
389.0
NaN
693.0
861.0
1091.0
1299.0
473.0
546.0
1121.0
920.0
235.0
544.0
1126.0
482.0
1783.0
482.0
834.0
893.0
945.0
618.0
823.0
451.0
164.0
338.0
387.0
992.0
753.0
1278.0
595.0
874.0
1397.0
1158.0
764.0
419.0
392.0
641.0
721.0
808.0
375.0
346.0
1218.0
1363.0
1209.0
1021.0
1508.0
409.0
175.0
305.0
358.0
508.0
320.0
1884.0
1768.0
1022.0
3227.0
493.0
290.0
127.0
163.0
74.0
375.0
671.0
841.0
423.0
758.0
890.0
676.0
406.0
707.0
613.0
359.0
107.0
248.0
658.0
79.0
287.0
699.0
860.0
1477.0
719.0
969.0
243.0
81.0
105.0
625.0
305.0
1150.0
334.0
866.0
669.0
201.0
661.0
239.0
82.0
345.0
187.0
801.0
465.0
1045.0
1751.0
457.0
1527.0
1242.0
717.0
408.0
583.0
201.0
94.0
614.0
718.0
521.0
691.0
1462.0
561.0
802.0
1263.0
588.0
389.0
231.0
171.0
542.0
592.0
285.0
299.0
1033.0
278.0
1704.0
318.0
1008.0
575.0
356.0
142.0
166.0
1403.0
862.0
1320.0
1356.0
373.0
974.0
420.0
511.0
47.0
300.0
277.0
228.0
916.0
544.0
412.0
1253.0
585.0
650.0
429.0
421.0
158.0
312.0
97.0
496.0
306.0
710.0
462.0
297.0
1702.0
366.0
1135.0
806.0
265.0
392.0
216.0
222.0
743.0
320.0
1563.0
1098.0
507.0
429.0
730.0
194.0
401.0
385.0
529.0
473.0
168.0
901.0
1257.0
769.0
937.0
488.0
275.0
145.0
241.0
727.0
290.0
1225.0
679.0
582.0
984.0
470.0
705.0
527.0
634.0
552.0
109.0
936.0
340.0
142.0
658.0
1197.0
2325.0
1288.0
713.0
663.0
166.0
190.0
328.0
441.0
358.0
259.0
517.0
1292.0
991.0
852.0
1360.0
1581.0
229.0
413.0
544.0
198.0
369.0
80.0
831.0
1318.0
1502.0
436.0
1214.0
657.0
531.0
500.0
381.0
183.0
461.0
533.0
976.0
653.0
1236.0
563.0
915.0
777.0
723.0
132.0
164.0
157.0
150.0
423.0
420.0
1223.0
907.0
846.0
710.0
1101.0
374.0
1161.0
353.0
267.0
NaN
935.0
488.0
2159.0
1077.0
675.0
758.0
286.0
840.0
559.0
549.0
568.0
373.0
202.0
281.0
438.0
629.0
856.0
776.0
976.0
298.0
1010.0
261.0
593.0
277.0
545.0
505.0
1892.0
598.0
990.0
235.0
881.0
1146.0
508.0
648.0
245.0
252.0
588.0
450.0
685.0
780.0
718.0
1415.0
512.0
775.0
98.0
664.0
645.0
630.0
125.0
1185.0
284.0
2518.0
1063.0
501.0
309.0
528.0
293.0
895.0
121.0
458.0
572.0
728.0
584.0
521.0
280.0
1019.0
462.0
910.0
252.0
683.0
152.0
233.0
131.0
1114.0
709.0
1948.0
2700.0
380.0
861.0
501.0
225.0
302.0
NaN
NaN
NaN
NaN
718.0
1289.0
1441.0
314.0
1181.0
264.0
1209.0
392.0
313.0
240.0
818.0
747.0
1653.0
782.0
1154.0
880.0
311.0
1487.0
252.0
591.0
606.0
549.0
566.0
971.0
1088.0
1055.0
443.0
651.0
426.0
1420.0
880.0
311.0
249.0
206.0
226.0
1816.0
891.0
2658.0
592.0
1778.0
519.0
817.0
632.0
265.0
127.0
117.0
190.0
816.0
1183.0
878.0
328.0
1106.0
1999.0
762.0
942.0
1285.0
324.0
246.0
1188.0
509.0
741.0
1458.0
1453.0
1264.0
1402.0
716.0
400.0
486.0
780.0
407.0
677.0
1149.0
1219.0
2484.0
796.0
1010.0
NaN
NaN
