13.0
NaN
216.0
NaN
1196.0
1846.0
996.0
1633.0
597.0
13.0
NaN
166.0
66.0
182.0
158.0
512.0
234.0
1277.0
NaN
30.0
132.0
641.0
64.0
NaN
35.0
97.0
122.0
587.0
666.0
NaN
508.0
1614.0
247.0
0.0
208.0
66.0
53.0
76.0
249.0
754.0
2685.0
458.0
1413.0
726.0
1385.0
833.0
477.0
90.0
81.0
110.0
313.0
1852.0
540.0
587.0
422.0
366.0
NaN
862.0
63.0
NaN
79.0
NaN
383.0
NaN
NaN
562.0
299.0
750.0
738.0
387.0
111.0
40.0
8.0
NaN
115.0
NaN
1101.0
NaN
899.0
NaN
147.0
627.0
244.0
442.0
25.0
157.0
112.0
NaN
576.0
800.0
1656.0
1541.0
702.0
1085.0
0.0
173.0
33.0
106.0
NaN
NaN
NaN
813.0
1430.0
285.0
1344.0
549.0
180.0
71.0
332.0
5.0
102.0
238.0
818.0
2216.0
3523.0
1375.0
685.0
677.0
378.0
454.0
0.0
295.0
127.0
987.0
NaN
583.0
1504.0
1466.0
720.0
NaN
126.0
0.0
128.0
13.0
187.0
1133.0
1513.0
695.0
863.0
943.0
601.0
367.0
69.0
76.0
242.0
178.0
143.0
1281.0
959.0
646.0
694.0
1407.0
1427.0
444.0
641.0
36.0
122.0
267.0
509.0
950.0
482.0
1507.0
1189.0
785.0
1457.0
522.0
101.0
493.0
127.0
372.0
99.0
342.0
1302.0
1768.0
1806.0
693.0
769.0
361.0
201.0
53.0
89.0
508.0
175.0
288.0
1321.0
3012.0
1728.0
913.0
79.0
663.0
160.0
41.0
169.0
219.0
88.0
393.0
956.0
NaN
847.0
244.0
1294.0
249.0
1946.0
642.0
221.0
59.0
23.0
28.0
697.0
361.0
170.0
1411.0
684.0
223.0
5.0
99.0
53.0
583.0
112.0
518.0
1189.0
137.0
484.0
448.0
468.0
236.0
42.0
553.0
43.0
290.0
527.0
371.0
101.0
926.0
508.0
872.0
1349.0
771.0
173.0
24.0
183.0
244.0
491.0
666.0
2047.0
586.0
877.0
64.0
933.0
181.0
419.0
776.0
76.0
138.0
562.0
671.0
1104.0
1960.0
514.0
255.0
947.0
655.0
13.0
225.0
438.0
623.0
428.0
292.0
1291.0
1091.0
1884.0
1019.0
791.0
269.0
379.0
173.0
320.0
102.0
163.0
288.0
824.0
800.0
421.0
1131.0
194.0
249.0
218.0
93.0
150.0
11.0
362.0
1095.0
966.0
1913.0
181.0
829.0
235.0
105.0
35.0
194.0
158.0
220.0
59.0
168.0
861.0
493.0
973.0
270.0
278.0
1143.0
662.0
196.0
28.0
483.0
266.0
570.0
509.0
1650.0
374.0
800.0
1371.0
453.0
747.0
184.0
62.0
181.0
151.0
764.0
793.0
816.0
926.0
696.0
198.0
904.0
363.0
254.0
84.0
107.0
163.0
532.0
1117.0
873.0
871.0
732.0
1070.0
265.0
36.0
16.0
204.0
81.0
351.0
460.0
571.0
620.0
1139.0
440.0
496.0
313.0
715.0
20.0
144.0
6.0
310.0
720.0
1007.0
1280.0
743.0
1032.0
1187.0
136.0
3.0
127.0
97.0
243.0
306.0
86.0
467.0
1392.0
1469.0
299.0
555.0
200.0
80.0
345.0
171.0
210.0
145.0
440.0
292.0
1173.0
470.0
1446.0
666.0
435.0
10.0
198.0
210.0
153.0
216.0
117.0
587.0
696.0
522.0
1313.0
2118.0
304.0
537.0
276.0
26.0
267.0
300.0
1309.0
360.0
521.0
634.0
669.0
1031.0
132.0
0.0
110.0
13.0
206.0
122.0
318.0
532.0
1387.0
1146.0
1208.0
837.0
619.0
905.0
21.0
204.0
422.0
43.0
763.0
592.0
721.0
983.0
432.0
456.0
1019.0
366.0
30.0
213.0
89.0
119.0
636.0
653.0
843.0
499.0
1398.0
334.0
119.0
452.0
59.0
51.0
13.0
190.0
437.0
1304.0
1429.0
735.0
711.0
1231.0
602.0
1187.0
518.0
745.0
163.0
150.0
282.0
777.0
1591.0
423.0
1853.0
544.0
409.0
13.0
133.0
25.0
48.0
386.0
325.0
321.0
336.0
1046.0
521.0
1684.0
36.0
223.0
381.0
249.0
109.0
158.0
0.0
97.0
595.0
118.0
370.0
618.0
434.0
721.0
196.0
20.0
NaN
NaN
416.0
1193.0
1415.0
874.0
516.0
904.0
684.0
477.0
101.0
728.0
226.0
25.0
229.0
429.0
NaN
13.0
442.0
1394.0
58.0
38.0
186.0
201.0
23.0
495.0
NaN
999.0
890.0
1133.0
1200.0
297.0
561.0
89.0
23.0
46.0
195.0
336.0
748.0
1320.0
980.0
1148.0
1180.0
909.0
467.0
287.0
38.0
71.0
272.0
153.0
274.0
435.0
1170.0
NaN
528.0
155.0
663.0
0.0
539.0
238.0
284.0
294.0
496.0
198.0
1379.0
236.0
1325.0
323.0
505.0
424.0
317.0
282.0
198.0
101.0
1049.0
554.0
1272.0
310.0
536.0
NaN
317.0
325.0
632.0
69.0
224.0
690.0
99.0
903.0
813.0
494.0
661.0
1222.0
241.0
46.0
275.0
NaN
161.0
226.0
430.0
930.0
1619.0
1361.0
663.0
466.0
317.0
139.0
0.0
190.0
274.0
414.0
2479.0
1163.0
1383.0
NaN
NaN
NaN
353.0
501.0
NaN
133.0
640.0
465.0
1201.0
1665.0
1667.0
1570.0
414.0
NaN
NaN
NaN
NaN
NaN
8.0
703.0
198.0
1262.0
2477.0
NaN
NaN
NaN
968.0
541.0
15.0
NaN
31.0
254.0
1613.0
842.0
2975.0
508.0
231.0
330.0
409.0
265.0
370.0
97.0
478.0
491.0
526.0
528.0
655.0
2391.0
1487.0
969.0
450.0
549.0
211.0
749.0
226.0
287.0
244.0
1196.0
1811.0
674.0
650.0
892.0
428.0
8.0
54.0
186.0
371.0
143.0
301.0
900.0
254.0
1322.0
1031.0
154.0
671.0
127.0
33.0
148.0
516.0
817.0
1316.0
1245.0
2013.0
904.0
1839.0
526.0
500.0
71.0
241.0
123.0
211.0
719.0
953.0
884.0
1290.0
420.0
1648.0
206.0
0.0
1005.0
295.0
160.0
275.0
544.0
923.0
538.0
872.0
775.0
489.0
178.0
81.0
538.0
331.0
29.0
605.0
203.0
569.0
1230.0
NaN
114.0
2332.0
375.0
773.0
NaN
NaN
306.0
157.0
157.0
579.0
259.0
1200.0
160.0
259.0
1192.0
130.0
28.0
49.0
NaN
NaN
30.0
310.0
285.0
1107.0
745.0
788.0
745.0
336.0
347.0
29.0
80.0
38.0
768.0
470.0
823.0
1579.0
982.0
1450.0
NaN
904.0
578.0
131.0
244.0
384.0
266.0
751.0
407.0
252.0
2845.0
1344.0
1540.0
25.0
210.0
0.0
114.0
147.0
964.0
681.0
2312.0
532.0
1432.0
1332.0
776.0
587.0
87.0
13.0
142.0
330.0
195.0
414.0
998.0
1456.0
1074.0
1664.0
1054.0
219.0
68.0
61.0
58.0
139.0
735.0
507.0
790.0
398.0
732.0
1121.0
1281.0
635.0
435.0
180.0
97.0
384.0
246.0
215.0
1200.0
809.0
1931.0
999.0
750.0
643.0
189.0
134.0
166.0
71.0
559.0
436.0
689.0
958.0
544.0
808.0
1319.0
99.0
71.0
97.0
51.0
77.0
328.0
1406.0
1059.0
2637.0
1273.0
977.0
1110.0
91.0
269.0
166.0
74.0
521.0
750.0
917.0
2333.0
2060.0
1529.0
635.0
2953.0
127.0
272.0
274.0
165.0
124.0
178.0
275.0
675.0
NaN
1259.0
879.0
519.0
149.0
61.0
134.0
108.0
33.0
346.0
556.0
667.0
3375.0
436.0
336.0
847.0
821.0
NaN
195.0
NaN
NaN
79.0
788.0
989.0
593.0
922.0
1402.0
1354.0
1020.0
201.0
365.0
181.0
239.0
212.0
1204.0
1168.0
908.0
705.0
573.0
330.0
509.0
56.0
371.0
33.0
25.0
173.0
606.0
608.0
676.0
649.0
723.0
1420.0
869.0
291.0
44.0
163.0
653.0
118.0
117.0
2485.0
651.0
310.0
699.0
192.0
1170.0
738.0
244.0
8.0
59.0
231.0
1384.0
1953.0
510.0
571.0
890.0
686.0
866.0
913.0
356.0
473.0
166.0
1439.0
697.0
1463.0
427.0
1330.0
71.0
1977.0
919.0
533.0
445.0
140.0
71.0
204.0
641.0
972.0
340.0
68.0
1377.0
190.0
569.0
317.0
137.0
300.0
256.0
413.0
661.0
681.0
1102.0
267.0
1361.0
391.0
21.0
864.0
133.0
102.0
346.0
625.0
1038.0
943.0
259.0
589.0
244.0
784.0
181.0
0.0
18.0
130.0
56.0
555.0
594.0
1464.0
541.0
468.0
2643.0
456.0
801.0
437.0
61.0
74.0
239.0
292.0
1842.0
1125.0
555.0
1682.0
534.0
1059.0
300.0
357.0
78.0
333.0
95.0
896.0
682.0
491.0
901.0
799.0
592.0
257.0
1175.0
323.0
94.0
NaN
107.0
371.0
454.0
246.0
1448.0
526.0
2065.0
99.0
536.0
18.0
205.0
0.0
115.0
243.0
505.0
905.0
541.0
670.0
2184.0
344.0
606.0
703.0
354.0
202.0
58.0
594.0
467.0
2457.0
791.0
839.0
1932.0
917.0
924.0
499.0
483.0
240.0
175.0
1006.0
361.0
947.0
2089.0
71.0
735.0
709.0
452.0
651.0
236.0
120.0
198.0
696.0
1379.0
1237.0
1630.0
429.0
257.0
310.0
1102.0
285.0
1024.0
74.0
174.0
406.0
667.0
1545.0
482.0
1110.0
834.0
1009.0
486.0
145.0
91.0
0.0
193.0
699.0
1568.0
790.0
900.0
1258.0
1768.0
1811.0
1432.0
211.0
277.0
8.0
48.0
1283.0
472.0
2022.0
801.0
530.0
3013.0
369.0
190.0
477.0
183.0
124.0
48.0
5.0
529.0
871.0
523.0
771.0
407.0
1024.0
0.0
463.0
NaN
249.0
215.0
41.0
273.0
143.0
1289.0
706.0
627.0
1297.0
372.0
0.0
104.0
148.0
61.0
646.0
132.0
1216.0
867.0
1805.0
503.0
156.0
419.0
325.0
298.0
343.0
64.0
672.0
1013.0
959.0
1229.0
813.0
663.0
288.0
410.0
765.0
432.0
386.0
206.0
682.0
758.0
460.0
412.0
1947.0
656.0
747.0
607.0
553.0
306.0
422.0
238.0
599.0
745.0
3154.0
1662.0
3559.0
2237.0
814.0
463.0
256.0
128.0
147.0
201.0
0.0
313.0
532.0
2200.0
1188.0
272.0
737.0
415.0
483.0
357.0
295.0
133.0
737.0
1085.0
1957.0
440.0
294.0
274.0
713.0
287.0
253.0
89.0
307.0
13.0
251.0
927.0
1995.0
905.0
755.0
782.0
684.0
264.0
630.0
133.0
122.0
216.0
140.0
740.0
425.0
974.0
970.0
482.0
618.0
1352.0
645.0
140.0
226.0
277.0
863.0
718.0
2009.0
1716.0
707.0
1227.0
191.0
689.0
605.0
76.0
140.0
317.0
355.0
1545.0
1879.0
944.0
1248.0
1056.0
621.0
0.0
229.0
178.0
25.0
352.0
339.0
347.0
569.0
1295.0
916.0
284.0
222.0
642.0
719.0
318.0
336.0
656.0
223.0
437.0
2559.0
318.0
153.0
411.0
732.0
725.0
472.0
127.0
155.0
173.0
305.0
621.0
1168.0
363.0
198.0
2302.0
290.0
930.0
84.0
0.0
129.0
368.0
210.0
658.0
905.0
868.0
250.0
370.0
653.0
373.0
681.0
277.0
432.0
238.0
951.0
305.0
878.0
851.0
947.0
393.0
1091.0
109.0
690.0
71.0
324.0
674.0
165.0
1134.0
561.0
892.0
1562.0
139.0
89.0
455.0
290.0
218.0
267.0
44.0
488.0
999.0
320.0
224.0
450.0
2135.0
1052.0
173.0
5.0
571.0
274.0
439.0
830.0
1287.0
1332.0
568.0
385.0
2126.0
676.0
1261.0
20.0
522.0
82.0
176.0
266.0
808.0
1600.0
2192.0
1107.0
174.0
996.0
1263.0
274.0
203.0
88.0
172.0
135.0
503.0
495.0
2233.0
625.0
1413.0
406.0
973.0
10.0
600.0
239.0
192.0
420.0
NaN
816.0
2270.0
1736.0
622.0
1524.0
NaN
532.0
82.0
NaN
NaN
NaN
NaN
NaN
NaN
NaN
NaN
NaN
NaN
NaN
NaN
NaN
NaN
NaN
NaN
1052.0
1060.0
60.0
127.0
419.0
468.0
66.0
398.0
92.0
163.0
476.0
NaN
NaN
NaN
319.0
293.0
1438.0
866.0
366.0
46.0
41.0
180.0
34.0
879.0
1643.0
2306.0
247.0
2372.0
NaN
1446.0
110.0
316.0
36.0
368.0
212.0
838.0
2524.0
1225.0
1636.0
1869.0
1882.0
135.0
528.0
1583.0
225.0
269.0
350.0
1145.0
1640.0
964.0
1077.0
3134.0
NaN
365.0
242.0
549.0
301.0
218.0
720.0
718.0
1950.0
NaN
545.0
1137.0
NaN
NaN
