25.7096774194
22.5266666667
14.4935483871
5.53333333333
-3.28064516129
-5.15806451613
-3.94285714286
5.58064516129
12.5266666667
18.3290322581
22.7033333333
29.1032258065
28.0451612903
21.5766666667
14.4709677419
4.33
-8.2064516129
-7.51612903226
-4.60714285714
-1.14193548387
10.8866666667
18.9612903226
22.5033333333
25.1870967742
25.0709677419
24.8833333333
7.41612903226
10.5333333333
-8.10967741935
-6.97419354839
-7.075
4.55483870968
15.84
17.1677419355
23.6833333333
27.6032258065
28.1258064516
18.7766666667
16.0066666667
3.53333333333
-7.27096774194
NaN
NaN
NaN
NaN
NaN
NaN
NaN
NaN
NaN
NaN
NaN
0.858064516129
0.687096774194
1.53793103448
13.4161290323
14.95
19.8064516129
25.4933333333
30.6290322581
27.2967741935
23.6666666667
11.2387096774
3.18666666667
-4.30322580645
-4.84516129032
-1.74285714286
0.0322580645161
6.46
19.0548387097
23.3566666667
26.8806451613
27.7322580645
23.37
10.935483871
3.28333333333
-7.88064516129
-5.23548387097
-6.82857142857
1.8935483871
10.81
18.8677419355
22.4733333333
25.6774193548
24.5
22.1566666667
15.3193548387
-0.526666666667
-2.47419354839
-1.93225806452
-5.58214285714
8.45483870968
14.6666666667
18.2161290323
24.4766666667
27.9096774194
27.8903225806
25.07
15.8
7.26666666667
-1.43225806452
-3.65483870968
3.5275862069
9.85806451613
12.5733333333
21.064516129
25.98
27.3032258065
26.8258064516
21.2133333333
14.535483871
11.07
-7.33225806452
-6.88387096774
0.0857142857143
3.53870967742
13.1933333333
20.4516129032
25.5166666667
29.7161290323
24.5838709677
NaN
NaN
