390.0
NaN
747.0
357.0
NaN
NaN
533.0
457.0
NaN
305.0
1023.0
NaN
1336.0
NaN
NaN
NaN
NaN
NaN
429.0
NaN
NaN
NaN
1201.0
800.0
158.0
132.0
815.0
459.0
NaN
NaN
NaN
NaN
NaN
NaN
NaN
NaN
NaN
NaN
NaN
NaN
NaN
NaN
NaN
NaN
NaN
NaN
NaN
NaN
417.0
938.0
1411.0
274.0
NaN
NaN
1234.0
330.0
710.0
1469.0
580.0
643.0
1001.0
336.0
371.0
NaN
NaN
427.0
1057.0
178.0
511.0
559.0
508.0
1562.0
127.0
1486.0
635.0
1271.0
NaN
419.0
127.0
344.0
635.0
0.0
356.0
457.0
1537.0
127.0
635.0
NaN
NaN
420.0
229.0
558.0
202.0
495.0
800.0
1182.0
1327.0
407.0
305.0
280.0
775.0
26.0
367.0
457.0
686.0
84.0
445.0
0.0
813.0
381.0
NaN
407.0
64.0
330.0
152.0
406.0
228.0
170.0
521.0
1533.0
817.0
140.0
0.0
191.0
348.0
177.0
533.0
NaN
395.0
83.0
466.0
267.0
44.0
966.0
240.0
26.0
140.0
394.0
202.0
736.0
NaN
38.0
432.0
458.0
NaN
0.0
699.0
394.0
279.0
304.0
304.0
381.0
445.0
0.0
715.0
432.0
127.0
13.0
254.0
610.0
228.0
127.0
609.0
NaN
NaN
NaN
NaN
NaN
NaN
NaN
NaN
NaN
NaN
NaN
NaN
NaN
NaN
NaN
NaN
NaN
NaN
NaN
1152.0
428.0
NaN
251.0
685.0
1601.0
635.0
691.0
989.0
782.0
NaN
NaN
308.0
203.0
NaN
560.0
NaN
NaN
NaN
NaN
NaN
NaN
NaN
NaN
NaN
NaN
NaN
NaN
NaN
NaN
NaN
NaN
NaN
NaN
NaN
NaN
NaN
NaN
NaN
NaN
NaN
NaN
NaN
NaN
NaN
NaN
NaN
NaN
NaN
NaN
NaN
NaN
NaN
NaN
NaN
NaN
NaN
NaN
NaN
NaN
NaN
NaN
NaN
NaN
NaN
NaN
NaN
NaN
NaN
NaN
NaN
NaN
NaN
NaN
NaN
NaN
NaN
NaN
NaN
NaN
NaN
NaN
NaN
NaN
NaN
NaN
NaN
NaN
NaN
NaN
NaN
NaN
NaN
NaN
NaN
NaN
NaN
NaN
NaN
NaN
NaN
NaN
NaN
NaN
NaN
NaN
NaN
NaN
NaN
NaN
NaN
NaN
NaN
NaN
NaN
NaN
NaN
NaN
NaN
NaN
NaN
NaN
NaN
NaN
NaN
NaN
NaN
NaN
NaN
NaN
NaN
NaN
NaN
NaN
NaN
NaN
NaN
NaN
NaN
NaN
NaN
NaN
NaN
NaN
NaN
NaN
NaN
NaN
NaN
NaN
NaN
NaN
NaN
NaN
NaN
NaN
NaN
NaN
NaN
NaN
NaN
NaN
NaN
NaN
NaN
NaN
NaN
NaN
NaN
NaN
NaN
NaN
NaN
NaN
NaN
NaN
NaN
NaN
NaN
NaN
NaN
NaN
NaN
NaN
NaN
NaN
NaN
NaN
NaN
NaN
NaN
NaN
NaN
NaN
NaN
NaN
NaN
NaN
NaN
NaN
NaN
NaN
NaN
NaN
NaN
NaN
NaN
NaN
NaN
NaN
NaN
NaN
NaN
NaN
NaN
NaN
NaN
NaN
NaN
NaN
NaN
NaN
NaN
NaN
NaN
NaN
NaN
NaN
NaN
NaN
NaN
NaN
NaN
NaN
NaN
NaN
NaN
NaN
NaN
NaN
NaN
NaN
NaN
NaN
NaN
NaN
NaN
NaN
NaN
NaN
NaN
NaN
NaN
NaN
NaN
NaN
NaN
NaN
NaN
2974.0
NaN
585.0
566.0
256.0
666.0
485.0
208.0
NaN
249.0
382.0
249.0
280.0
1010.0
NaN
562.0
282.0
432.0
542.0
201.0
65.0
NaN
156.0
523.0
323.0
956.0
422.0
434.0
458.0
1234.0
1294.0
1083.0
701.0
517.0
935.0
187.0
217.0
701.0
1197.0
NaN
1029.0
125.0
NaN
664.0
243.0
227.0
251.0
234.0
905.0
715.0
782.0
583.0
158.0
824.0
1298.0
396.0
NaN
430.0
186.0
487.0
663.0
351.0
485.0
221.0
446.0
1909.0
566.0
989.0
123.0
330.0
219.0
496.0
98.0
266.0
513.0
280.0
855.0
489.0
442.0
910.0
177.0
322.0
207.0
172.0
538.0
430.0
324.0
198.0
962.0
1139.0
938.0
241.0
623.0
451.0
314.0
33.0
709.0
527.0
920.0
806.0
600.0
1041.0
758.0
639.0
218.0
743.0
760.0
476.0
87.0
1002.0
479.0
411.0
1496.0
992.0
212.0
376.0
NaN
375.0
419.0
140.0
456.0
834.0
1112.0
377.0
2048.0
693.0
433.0
140.0
217.0
341.0
139.0
189.0
484.0
972.0
826.0
485.0
1496.0
544.0
689.0
659.0
319.0
NaN
NaN
NaN
NaN
NaN
NaN
981.0
NaN
NaN
NaN
NaN
296.0
NaN
NaN
NaN
NaN
NaN
NaN
NaN
NaN
NaN
NaN
NaN
NaN
NaN
NaN
NaN
494.0
747.0
1756.0
802.0
794.0
233.0
832.0
832.0
194.0
253.0
275.0
336.0
304.0
743.0
1677.0
876.0
454.0
1390.0
224.0
544.0
195.0
75.0
312.0
321.0
749.0
1801.0
1208.0
1188.0
601.0
1114.0
907.0
978.0
202.0
523.0
250.0
351.0
216.0
655.0
648.0
427.0
343.0
718.0
298.0
876.0
537.0
362.0
111.0
391.0
1012.0
1502.0
345.0
692.0
582.0
1366.0
218.0
466.0
360.0
84.0
259.0
594.0
1023.0
483.0
1161.0
1009.0
263.0
192.0
345.0
935.0
359.0
621.0
395.0
417.0
362.0
483.0
1312.0
1350.0
NaN
623.0
467.0
477.0
510.0
759.0
478.0
389.0
736.0
509.0
601.0
813.0
876.0
519.0
681.0
333.0
372.0
419.0
404.0
485.0
1219.0
560.0
480.0
1112.0
506.0
827.0
1143.0
616.0
490.0
585.0
182.0
451.0
478.0
406.0
570.0
1392.0
864.0
330.0
214.0
1128.0
454.0
241.0
737.0
400.0
754.0
767.0
785.0
1101.0
860.0
738.0
286.0
362.0
307.0
363.0
323.0
267.0
1307.0
665.0
1569.0
846.0
57.0
1150.0
1724.0
383.0
294.0
200.0
190.0
422.0
478.0
590.0
994.0
1102.0
635.0
186.0
534.0
455.0
323.0
69.0
226.0
623.0
882.0
1004.0
446.0
663.0
1309.0
490.0
186.0
482.0
277.0
283.0
88.0
196.0
412.0
1129.0
1184.0
2309.0
358.0
453.0
465.0
442.0
227.0
136.0
54.0
81.0
508.0
304.0
579.0
591.0
463.0
761.0
636.0
790.0
64.0
204.0
438.0
445.0
1148.0
1080.0
304.0
491.0
1461.0
919.0
1341.0
442.0
423.0
306.0
337.0
508.0
778.0
905.0
555.0
869.0
775.0
637.0
490.0
609.0
80.0
128.0
312.0
310.0
543.0
282.0
899.0
813.0
1001.0
1806.0
568.0
545.0
270.0
427.0
453.0
260.0
387.0
611.0
852.0
788.0
1000.0
885.0
664.0
219.0
287.0
112.0
141.0
759.0
479.0
821.0
429.0
961.0
886.0
563.0
330.0
492.0
278.0
307.0
194.0
354.0
1235.0
734.0
235.0
1552.0
622.0
952.0
307.0
572.0
306.0
545.0
302.0
311.0
728.0
906.0
1039.0
236.0
1299.0
1634.0
668.0
441.0
373.0
179.0
102.0
201.0
642.0
77.0
84.0
180.0
633.0
933.0
NaN
1629.0
665.0
403.0
173.0
149.0
1430.0
763.0
1669.0
517.0
781.0
520.0
795.0
784.0
572.0
137.0
535.0
154.0
408.0
670.0
1106.0
156.0
NaN
928.0
782.0
838.0
287.0
420.0
108.0
274.0
331.0
715.0
NaN
NaN
170.0
268.0
1124.0
366.0
291.0
366.0
148.0
478.0
590.0
767.0
449.0
780.0
180.0
1381.0
631.0
913.0
460.0
304.0
591.0
469.0
607.0
407.0
486.0
417.0
977.0
514.0
125.0
658.0
948.0
113.0
172.0
510.0
334.0
540.0
336.0
537.0
1047.0
862.0
715.0
278.0
827.0
258.0
355.0
515.0
656.0
912.0
572.0
876.0
392.0
678.0
851.0
440.0
491.0
716.0
277.0
343.0
1013.0
752.0
1177.0
1254.0
717.0
519.0
419.0
286.0
427.0
425.0
176.0
519.0
384.0
1152.0
895.0
1040.0
2232.0
500.0
312.0
1054.0
255.0
343.0
657.0
1292.0
747.0
1010.0
540.0
555.0
296.0
431.0
469.0
206.0
216.0
194.0
480.0
737.0
442.0
129.0
268.0
821.0
1045.0
1287.0
625.0
748.0
546.0
566.0
195.0
209.0
337.0
565.0
510.0
319.0
850.0
1938.0
706.0
303.0
326.0
402.0
149.0
848.0
1231.0
415.0
845.0
390.0
867.0
29.0
1059.0
760.0
588.0
399.0
162.0
262.0
945.0
599.0
1278.0
758.0
245.0
1349.0
628.0
406.0
427.0
146.0
425.0
137.0
1342.0
377.0
1045.0
199.0
1009.0
517.0
854.0
513.0
202.0
584.0
133.0
NaN
710.0
600.0
716.0
859.0
514.0
702.0
751.0
834.0
1006.0
260.0
222.0
868.0
613.0
1407.0
325.0
694.0
1107.0
1301.0
871.0
615.0
390.0
246.0
190.0
477.0
574.0
840.0
808.0
566.0
662.0
1084.0
807.0
605.0
861.0
471.0
577.0
643.0
851.0
506.0
369.0
767.0
1588.0
1889.0
802.0
1031.0
539.0
231.0
402.0
594.0
551.0
662.0
1202.0
913.0
371.0
2901.0
742.0
184.0
290.0
234.0
106.0
188.0
436.0
521.0
364.0
366.0
2169.0
979.0
760.0
677.0
685.0
450.0
355.0
551.0
535.0
178.0
189.0
529.0
808.0
1245.0
1355.0
1575.0
456.0
238.0
166.0
699.0
324.0
1252.0
893.0
300.0
996.0
575.0
381.0
708.0
214.0
680.0
296.0
453.0
538.0
1157.0
1509.0
674.0
567.0
973.0
1074.0
880.0
434.0
318.0
243.0
744.0
1415.0
766.0
406.0
1053.0
707.0
968.0
2220.0
523.0
501.0
276.0
409.0
557.0
1016.0
143.0
528.0
882.0
691.0
1721.0
675.0
1267.0
401.0
485.0
197.0
201.0
1241.0
522.0
1072.0
613.0
1776.0
653.0
511.0
471.0
222.0
420.0
353.0
396.0
748.0
758.0
510.0
2172.0
1990.0
597.0
306.0
867.0
111.0
632.0
177.0
375.0
1015.0
493.0
1158.0
515.0
942.0
364.0
926.0
844.0
349.0
405.0
348.0
255.0
832.0
735.0
1396.0
639.0
839.0
995.0
875.0
295.0
621.0
658.0
597.0
372.0
271.0
1303.0
543.0
937.0
1158.0
675.0
638.0
379.0
122.0
552.0
231.0
907.0
408.0
596.0
415.0
398.0
259.0
640.0
1032.0
470.0
467.0
613.0
234.0
229.0
667.0
635.0
1347.0
1292.0
555.0
777.0
664.0
223.0
460.0
425.0
285.0
342.0
341.0
1335.0
818.0
508.0
524.0
729.0
268.0
811.0
400.0
300.0
638.0
118.0
885.0
1848.0
732.0
346.0
915.0
1014.0
1505.0
513.0
333.0
153.0
426.0
731.0
877.0
553.0
709.0
402.0
762.0
148.0
588.0
271.0
160.0
169.0
165.0
299.0
785.0
794.0
499.0
1070.0
1394.0
633.0
834.0
1464.0
428.0
609.0
341.0
917.0
1006.0
1613.0
618.0
468.0
526.0
218.0
1230.0
545.0
848.0
858.0
441.0
389.0
264.0
655.0
522.0
936.0
1140.0
1032.0
184.0
1117.0
409.0
833.0
330.0
698.0
930.0
1405.0
1271.0
556.0
1163.0
833.0
1190.0
581.0
578.0
359.0
287.0
877.0
833.0
564.0
950.0
306.0
633.0
478.0
623.0
490.0
697.0
743.0
526.0
314.0
1226.0
405.0
2709.0
543.0
706.0
855.0
808.0
570.0
1195.0
343.0
665.0
333.0
727.0
1044.0
870.0
424.0
1328.0
853.0
1340.0
309.0
460.0
146.0
118.0
188.0
673.0
880.0
1437.0
1452.0
528.0
1159.0
494.0
306.0
350.0
315.0
193.0
376.0
1800.0
621.0
1044.0
546.0
918.0
666.0
979.0
737.0
283.0
512.0
340.0
1005.0
560.0
1346.0
771.0
1860.0
501.0
878.0
1102.0
109.0
880.0
942.0
493.0
255.0
1293.0
767.0
475.0
516.0
1055.0
423.0
786.0
1474.0
514.0
417.0
321.0
304.0
1670.0
838.0
747.0
806.0
430.0
1035.0
1090.0
845.0
229.0
253.0
117.0
138.0
656.0
1163.0
739.0
572.0
1042.0
1052.0
706.0
969.0
982.0
378.0
527.0
962.0
561.0
575.0
563.0
1460.0
572.0
840.0
779.0
427.0
551.0
721.0
472.0
742.0
1400.0
706.0
1261.0
618.0
589.0
NaN
NaN
