0.0
0.0
25.0
0.0
0.0
0.0
0.0
0.0
36.0
91.0
0.0
0.0
0.0
0.0
0.0
0.0
51.0
0.0
0.0
0.0
0.0
0.0
0.0
0.0
0.0
0.0
56.0
0.0
13.0
0.0
0.0
61.0
0.0
0.0
0.0
0.0
0.0
0.0
0.0
0.0
0.0
0.0
0.0
0.0
0.0
0.0
0.0
25.0
0.0
76.0
0.0
76.0
0.0
0.0
0.0
0.0
0.0
0.0
0.0
0.0
0.0
0.0
0.0
0.0
0.0
0.0
25.0
122.0
46.0
0.0
28.0
0.0
0.0
0.0
0.0
13.0
0.0
0.0
0.0
0.0
0.0
0.0
0.0
0.0
0.0
0.0
0.0
0.0
0.0
0.0
13.0
0.0
0.0
0.0
51.0
338.0
18.0
0.0
0.0
74.0
0.0
13.0
0.0
38.0
5.0
0.0
0.0
0.0
0.0
0.0
191.0
25.0
23.0
0.0
0.0
NaN
NaN
0.0
0.0
0.0
0.0
0.0
0.0
0.0
0.0
0.0
170.0
0.0
0.0
0.0
0.0
0.0
0.0
0.0
0.0
0.0
25.0
0.0
0.0
38.0
0.0
0.0
0.0
0.0
0.0
0.0
0.0
0.0
0.0
18.0
33.0
0.0
0.0
0.0
0.0
10.0
76.0
5.0
0.0
0.0
0.0
0.0
0.0
0.0
0.0
0.0
0.0
97.0
0.0
0.0
18.0
0.0
0.0
30.0
0.0
30.0
0.0
0.0
15.0
30.0
43.0
0.0
0.0
0.0
0.0
NaN
NaN
NaN
NaN
NaN
0.0
0.0
0.0
0.0
0.0
NaN
NaN
13.0
8.0
0.0
0.0
0.0
0.0
0.0
0.0
0.0
0.0
0.0
0.0
0.0
0.0
0.0
0.0
0.0
0.0
0.0
0.0
0.0
0.0
0.0
0.0
0.0
0.0
0.0
0.0
0.0
0.0
0.0
0.0
0.0
0.0
0.0
58.0
74.0
0.0
109.0
20.0
127.0
33.0
5.0
25.0
104.0
183.0
0.0
0.0
0.0
0.0
0.0
0.0
0.0
0.0
0.0
0.0
0.0
0.0
0.0
25.0
25.0
0.0
104.0
0.0
0.0
0.0
20.0
0.0
18.0
0.0
305.0
13.0
0.0
0.0
0.0
0.0
23.0
51.0
0.0
0.0
48.0
0.0
0.0
0.0
0.0
0.0
20.0
0.0
25.0
0.0
0.0
0.0
51.0
25.0
0.0
0.0
0.0
0.0
0.0
0.0
NaN
NaN
NaN
0.0
0.0
0.0
203.0
33.0
25.0
0.0
0.0
0.0
0.0
0.0
0.0
0.0
0.0
0.0
178.0
0.0
0.0
0.0
0.0
0.0
0.0
246.0
373.0
0.0
0.0
279.0
201.0
0.0
0.0
46.0
0.0
0.0
30.0
0.0
0.0
0.0
0.0
81.0
0.0
0.0
0.0
0.0
0.0
0.0
0.0
0.0
20.0
0.0
0.0
0.0
28.0
0.0
0.0
0.0
0.0
0.0
165.0
0.0
229.0
150.0
38.0
0.0
0.0
0.0
46.0
0.0
0.0
0.0
0.0
0.0
0.0
0.0
0.0
25.0
0.0
0.0
0.0
0.0
0.0
NaN
NaN
0.0
0.0
0.0
0.0
0.0
NaN
0.0
0.0
0.0
NaN
0.0
0.0
0.0
25.0
0.0
0.0
0.0
450.0
0.0
51.0
13.0
0.0
0.0
0.0
152.0
0.0
89.0
0.0
0.0
0.0
0.0
0.0
0.0
0.0
0.0
0.0
0.0
0.0
0.0
30.0
0.0
0.0
0.0
0.0
0.0
0.0
76.0
0.0
0.0
20.0
0.0
0.0
0.0
64.0
0.0
0.0
0.0
0.0
0.0
0.0
0.0
0.0
102.0
0.0
76.0
0.0
0.0
0.0
0.0
0.0
0.0
0.0
0.0
0.0
0.0
0.0
0.0
0.0
0.0
0.0
0.0
0.0
0.0
0.0
0.0
48.0
71.0
0.0
0.0
0.0
0.0
0.0
0.0
0.0
15.0
0.0
0.0
13.0
13.0
0.0
0.0
0.0
0.0
0.0
0.0
0.0
0.0
0.0
0.0
0.0
20.0
5.0
0.0
46.0
0.0
61.0
0.0
0.0
0.0
0.0
0.0
0.0
0.0
0.0
0.0
20.0
5.0
0.0
0.0
0.0
0.0
25.0
0.0
0.0
NaN
NaN
0.0
135.0
33.0
13.0
0.0
0.0
0.0
0.0
0.0
0.0
0.0
0.0
165.0
3.0
79.0
0.0
0.0
0.0
0.0
15.0
0.0
25.0
0.0
3.0
81.0
0.0
0.0
0.0
0.0
0.0
0.0
0.0
0.0
0.0
0.0
0.0
0.0
0.0
25.0
0.0
0.0
0.0
0.0
NaN
NaN
8.0
0.0
0.0
10.0
0.0
0.0
13.0
0.0
23.0
0.0
0.0
0.0
0.0
0.0
0.0
0.0
0.0
0.0
0.0
0.0
74.0
13.0
0.0
48.0
3.0
0.0
0.0
0.0
NaN
NaN
13.0
0.0
0.0
0.0
36.0
10.0
0.0
20.0
10.0
127.0
0.0
25.0
0.0
0.0
0.0
0.0
43.0
0.0
10.0
0.0
0.0
0.0
NaN
NaN
NaN
0.0
NaN
NaN
NaN
NaN
NaN
NaN
NaN
NaN
NaN
NaN
NaN
NaN
NaN
NaN
8.0
0.0
0.0
23.0
25.0
0.0
20.0
0.0
0.0
25.0
20.0
0.0
NaN
NaN
0.0
0.0
0.0
0.0
0.0
0.0
25.0
3.0
0.0
0.0
0.0
0.0
0.0
0.0
25.0
28.0
0.0
0.0
0.0
0.0
0.0
0.0
NaN
NaN
NaN
NaN
NaN
NaN
NaN
NaN
NaN
NaN
NaN
NaN
NaN
NaN
NaN
0.0
0.0
99.0
0.0
0.0
0.0
0.0
56.0
0.0
0.0
0.0
0.0
0.0
18.0
0.0
15.0
0.0
15.0
0.0
0.0
0.0
0.0
0.0
0.0
0.0
0.0
137.0
0.0
0.0
99.0
28.0
0.0
20.0
396.0
0.0
0.0
150.0
274.0
0.0
147.0
0.0
0.0
0.0
0.0
NaN
NaN
0.0
0.0
0.0
0.0
0.0
0.0
0.0
74.0
0.0
0.0
0.0
0.0
0.0
0.0
191.0
13.0
0.0
0.0
0.0
0.0
0.0
0.0
0.0
0.0
0.0
0.0
0.0
483.0
13.0
0.0
0.0
0.0
0.0
0.0
0.0
0.0
0.0
0.0
0.0
0.0
13.0
185.0
0.0
0.0
0.0
0.0
8.0
0.0
0.0
0.0
0.0
38.0
0.0
0.0
0.0
0.0
0.0
0.0
8.0
13.0
0.0
0.0
28.0
0.0
0.0
0.0
41.0
79.0
15.0
0.0
0.0
0.0
0.0
0.0
0.0
0.0
0.0
0.0
0.0
0.0
0.0
0.0
0.0
0.0
0.0
0.0
0.0
0.0
0.0
0.0
0.0
0.0
10.0
0.0
0.0
0.0
0.0
0.0
0.0
127.0
0.0
0.0
0.0
0.0
0.0
0.0
0.0
51.0
0.0
0.0
0.0
0.0
0.0
30.0
13.0
3.0
0.0
0.0
0.0
0.0
0.0
0.0
20.0
36.0
13.0
0.0
NaN
NaN
NaN
20.0
0.0
0.0
8.0
0.0
0.0
13.0
0.0
0.0
0.0
8.0
10.0
0.0
5.0
0.0
0.0
0.0
86.0
0.0
0.0
0.0
5.0
0.0
0.0
0.0
38.0
0.0
0.0
41.0
0.0
0.0
0.0
0.0
0.0
0.0
0.0
0.0
0.0
0.0
0.0
0.0
0.0
0.0
0.0
0.0
10.0
8.0
0.0
0.0
61.0
5.0
0.0
0.0
0.0
0.0
0.0
0.0
0.0
0.0
0.0
99.0
0.0
0.0
0.0
0.0
0.0
0.0
0.0
0.0
0.0
0.0
0.0
0.0
0.0
0.0
0.0
0.0
0.0
23.0
269.0
79.0
0.0
124.0
0.0
NaN
NaN
0.0
0.0
0.0
23.0
0.0
0.0
36.0
18.0
43.0
38.0
0.0
0.0
0.0
69.0
277.0
0.0
0.0
0.0
0.0
91.0
0.0
0.0
0.0
13.0
150.0
NaN
NaN
NaN
30.0
0.0
0.0
0.0
0.0
13.0
267.0
89.0
0.0
0.0
0.0
109.0
25.0
0.0
0.0
0.0
0.0
0.0
0.0
0.0
183.0
0.0
0.0
51.0
0.0
0.0
102.0
0.0
0.0
0.0
0.0
0.0
0.0
0.0
135.0
0.0
0.0
0.0
0.0
0.0
0.0
0.0
0.0
0.0
104.0
8.0
0.0
0.0
69.0
0.0
10.0
10.0
0.0
0.0
117.0
NaN
NaN
0.0
0.0
0.0
0.0
185.0
488.0
8.0
0.0
0.0
0.0
0.0
0.0
66.0
0.0
0.0
0.0
0.0
0.0
0.0
0.0
0.0
279.0
0.0
0.0
0.0
0.0
43.0
8.0
102.0
53.0
71.0
0.0
0.0
5.0
8.0
277.0
292.0
51.0
0.0
0.0
968.0
152.0
0.0
10.0
0.0
0.0
0.0
0.0
0.0
76.0
0.0
0.0
0.0
191.0
163.0
0.0
13.0
0.0
0.0
0.0
0.0
0.0
0.0
69.0
0.0
0.0
0.0
0.0
0.0
56.0
0.0
99.0
0.0
0.0
97.0
15.0
10.0
140.0
0.0
254.0
112.0
117.0
0.0
0.0
140.0
5.0
0.0
0.0
0.0
38.0
0.0
0.0
0.0
0.0
0.0
0.0
0.0
0.0
0.0
0.0
15.0
28.0
0.0
0.0
312.0
18.0
0.0
193.0
0.0
0.0
41.0
0.0
0.0
0.0
0.0
0.0
76.0
0.0
43.0
0.0
0.0
36.0
0.0
0.0
0.0
0.0
