0.0
58.0
0.0
0.0
0.0
0.0
0.0
8.0
0.0
0.0
0.0
0.0
0.0
0.0
0.0
0.0
13.0
0.0
0.0
0.0
0.0
0.0
0.0
150.0
15.0
0.0
0.0
0.0
0.0
371.0
0.0
0.0
117.0
0.0
0.0
56.0
0.0
0.0
0.0
0.0
0.0
218.0
0.0
0.0
0.0
0.0
0.0
0.0
0.0
0.0
0.0
0.0
0.0
0.0
109.0
0.0
203.0
0.0
0.0
0.0
0.0
0.0
127.0
180.0
0.0
0.0
0.0
0.0
0.0
0.0
0.0
0.0
0.0
0.0
0.0
0.0
0.0
0.0
0.0
0.0
0.0
127.0
0.0
0.0
25.0
0.0
0.0
38.0
0.0
0.0
0.0
0.0
0.0
NaN
NaN
5.0
NaN
0.0
NaN
NaN
NaN
NaN
NaN
NaN
102.0
NaN
NaN
NaN
NaN
NaN
NaN
NaN
NaN
13.0
NaN
NaN
NaN
NaN
NaN
NaN
NaN
NaN
51.0
25.0
51.0
0.0
0.0
0.0
0.0
0.0
0.0
76.0
0.0
0.0
0.0
0.0
0.0
0.0
0.0
0.0
25.0
0.0
0.0
76.0
0.0
0.0
102.0
0.0
0.0
0.0
13.0
13.0
0.0
61.0
0.0
0.0
0.0
0.0
0.0
0.0
74.0
0.0
0.0
0.0
0.0
0.0
0.0
0.0
0.0
0.0
0.0
0.0
0.0
0.0
8.0
0.0
0.0
NaN
3.0
0.0
0.0
0.0
0.0
0.0
69.0
0.0
0.0
0.0
0.0
53.0
0.0
0.0
0.0
0.0
0.0
0.0
0.0
229.0
0.0
0.0
30.0
0.0
0.0
0.0
0.0
0.0
0.0
0.0
0.0
0.0
0.0
0.0
10.0
0.0
0.0
0.0
76.0
0.0
0.0
0.0
15.0
0.0
64.0
0.0
0.0
0.0
0.0
0.0
51.0
0.0
0.0
0.0
0.0
0.0
0.0
0.0
0.0
218.0
15.0
0.0
66.0
0.0
10.0
0.0
0.0
0.0
0.0
152.0
0.0
0.0
13.0
0.0
0.0
0.0
0.0
0.0
0.0
0.0
0.0
0.0
0.0
160.0
0.0
0.0
0.0
0.0
0.0
0.0
0.0
0.0
0.0
64.0
71.0
0.0
0.0
0.0
0.0
0.0
0.0
0.0
0.0
0.0
124.0
0.0
0.0
0.0
23.0
175.0
28.0
107.0
0.0
442.0
0.0
74.0
0.0
61.0
0.0
0.0
0.0
69.0
0.0
0.0
58.0
0.0
0.0
0.0
0.0
191.0
10.0
0.0
0.0
64.0
0.0
0.0
0.0
0.0
0.0
0.0
0.0
20.0
0.0
0.0
0.0
0.0
0.0
0.0
0.0
0.0
0.0
0.0
0.0
0.0
0.0
0.0
0.0
66.0
0.0
554.0
0.0
0.0
0.0
0.0
84.0
0.0
0.0
0.0
0.0
64.0
51.0
0.0
0.0
140.0
15.0
94.0
0.0
0.0
147.0
51.0
0.0
0.0
0.0
183.0
0.0
0.0
198.0
5.0
0.0
0.0
28.0
0.0
0.0
231.0
0.0
15.0
30.0
0.0
0.0
0.0
15.0
0.0
84.0
0.0
0.0
0.0
0.0
442.0
0.0
0.0
0.0
0.0
0.0
66.0
0.0
0.0
117.0
0.0
0.0
0.0
0.0
203.0
13.0
64.0
0.0
0.0
0.0
0.0
0.0
25.0
10.0
216.0
0.0
0.0
0.0
0.0
0.0
0.0
0.0
0.0
64.0
0.0
64.0
0.0
0.0
259.0
0.0
0.0
0.0
0.0
0.0
0.0
0.0
1016.0
0.0
0.0
0.0
0.0
0.0
0.0
0.0
0.0
0.0
427.0
0.0
76.0
0.0
0.0
0.0
0.0
0.0
25.0
0.0
0.0
0.0
0.0
0.0
0.0
0.0
0.0
0.0
64.0
0.0
0.0
0.0
0.0
0.0
0.0
0.0
76.0
25.0
0.0
46.0
0.0
0.0
284.0
20.0
0.0
0.0
0.0
0.0
0.0
0.0
0.0
0.0
0.0
0.0
0.0
0.0
0.0
0.0
69.0
0.0
0.0
0.0
0.0
0.0
0.0
279.0
0.0
0.0
0.0
0.0
0.0
160.0
0.0
0.0
0.0
0.0
46.0
0.0
0.0
0.0
0.0
25.0
0.0
0.0
25.0
13.0
51.0
NaN
NaN
NaN
NaN
NaN
NaN
NaN
NaN
NaN
NaN
NaN
NaN
NaN
3.0
NaN
NaN
NaN
NaN
NaN
NaN
NaN
NaN
NaN
NaN
NaN
117.0
NaN
109.0
30.0
NaN
NaN
0.0
0.0
0.0
0.0
0.0
0.0
30.0
0.0
0.0
0.0
0.0
0.0
0.0
0.0
0.0
0.0
64.0
0.0
0.0
0.0
0.0
0.0
0.0
0.0
8.0
0.0
0.0
0.0
0.0
0.0
58.0
0.0
0.0
0.0
0.0
0.0
229.0
0.0
0.0
0.0
0.0
0.0
64.0
0.0
5.0
0.0
0.0
0.0
0.0
0.0
0.0
249.0
0.0
0.0
0.0
127.0
122.0
0.0
0.0
0.0
0.0
64.0
267.0
234.0
43.0
0.0
10.0
0.0
20.0
NaN
NaN
NaN
NaN
NaN
NaN
NaN
NaN
NaN
NaN
NaN
211.0
NaN
229.0
NaN
NaN
0.0
13.0
119.0
8.0
NaN
NaN
NaN
