0.0
0.0
0.0
0.0
0.0
0.0
0.0
0.0
0.0
0.0
0.0
0.0
0.0
0.0
0.0
0.0
0.0
0.0
0.0
0.0
0.0
0.0
0.0
0.0
0.0
0.0
3.0
0.0
36.0
0.0
0.0
0.0
0.0
0.0
0.0
0.0
20.0
25.0
218.0
51.0
0.0
0.0
0.0
0.0
0.0
0.0
0.0
0.0
0.0
0.0
0.0
0.0
0.0
0.0
10.0
33.0
48.0
0.0
15.0
0.0
0.0
0.0
0.0
0.0
0.0
0.0
0.0
0.0
0.0
3.0
132.0
0.0
0.0
0.0
0.0
0.0
0.0
0.0
30.0
46.0
15.0
0.0
0.0
0.0
10.0
0.0
0.0
0.0
0.0
10.0
8.0
71.0
30.0
0.0
0.0
0.0
0.0
0.0
0.0
0.0
0.0
0.0
0.0
0.0
0.0
0.0
0.0
0.0
0.0
0.0
0.0
0.0
0.0
0.0
0.0
0.0
13.0
122.0
0.0
0.0
0.0
0.0
0.0
0.0
0.0
25.0
0.0
0.0
122.0
0.0
0.0
58.0
0.0
0.0
33.0
76.0
0.0
0.0
0.0
0.0
0.0
0.0
0.0
0.0
0.0
0.0
0.0
0.0
0.0
0.0
0.0
0.0
0.0
0.0
0.0
0.0
0.0
0.0
0.0
0.0
0.0
25.0
0.0
0.0
0.0
0.0
0.0
0.0
0.0
0.0
56.0
51.0
13.0
33.0
0.0
51.0
0.0
0.0
0.0
0.0
28.0
0.0
0.0
302.0
91.0
0.0
0.0
0.0
0.0
0.0
0.0
20.0
0.0
56.0
33.0
0.0
0.0
0.0
0.0
38.0
0.0
0.0
0.0
0.0
0.0
0.0
0.0
0.0
46.0
56.0
81.0
0.0
0.0
0.0
0.0
41.0
0.0
0.0
0.0
147.0
15.0
0.0
43.0
41.0
0.0
0.0
0.0
0.0
0.0
185.0
0.0
0.0
0.0
0.0
0.0
231.0
0.0
0.0
0.0
0.0
0.0
160.0
0.0
218.0
0.0
0.0
0.0
0.0
0.0
0.0
0.0
0.0
0.0
0.0
0.0
0.0
25.0
0.0
0.0
0.0
64.0
51.0
0.0
0.0
0.0
0.0
0.0
318.0
127.0
0.0
64.0
5.0
0.0
0.0
0.0
0.0
0.0
0.0
0.0
0.0
8.0
0.0
0.0
102.0
224.0
127.0
0.0
0.0
0.0
0.0
0.0
0.0
8.0
0.0
0.0
0.0
0.0
142.0
0.0
0.0
0.0
38.0
0.0
0.0
0.0
0.0
0.0
0.0
0.0
0.0
0.0
0.0
0.0
0.0
0.0
18.0
0.0
0.0
0.0
25.0
0.0
0.0
0.0
0.0
0.0
0.0
0.0
0.0
0.0
0.0
142.0
0.0
0.0
0.0
0.0
0.0
0.0
0.0
0.0
66.0
0.0
0.0
15.0
0.0
69.0
41.0
0.0
117.0
0.0
0.0
0.0
0.0
89.0
0.0
0.0
0.0
0.0
0.0
41.0
0.0
0.0
94.0
28.0
0.0
0.0
0.0
0.0
0.0
0.0
0.0
0.0
0.0
0.0
0.0
0.0
0.0
0.0
0.0
0.0
0.0
0.0
0.0
0.0
0.0
0.0
0.0
0.0
0.0
0.0
0.0
0.0
0.0
0.0
0.0
0.0
0.0
0.0
0.0
0.0
58.0
0.0
244.0
0.0
0.0
0.0
0.0
66.0
0.0
0.0
0.0
0.0
0.0
0.0
0.0
0.0
0.0
0.0
0.0
0.0
0.0
0.0
0.0
0.0
8.0
86.0
0.0
0.0
25.0
0.0
0.0
0.0
0.0
0.0
0.0
0.0
5.0
30.0
132.0
0.0
0.0
0.0
0.0
0.0
0.0
0.0
0.0
107.0
71.0
0.0
30.0
0.0
0.0
284.0
0.0
0.0
0.0
0.0
0.0
0.0
0.0
0.0
0.0
0.0
0.0
0.0
0.0
0.0
51.0
0.0
43.0
0.0
140.0
114.0
0.0
0.0
51.0
0.0
0.0
0.0
0.0
0.0
56.0
0.0
0.0
10.0
0.0
0.0
15.0
244.0
0.0
0.0
0.0
0.0
0.0
0.0
13.0
0.0
0.0
0.0
0.0
0.0
61.0
15.0
10.0
127.0
0.0
0.0
0.0
0.0
61.0
0.0
122.0
0.0
122.0
0.0
0.0
0.0
0.0
0.0
0.0
0.0
0.0
0.0
0.0
0.0
15.0
0.0
0.0
0.0
0.0
0.0
152.0
0.0
0.0
30.0
0.0
0.0
0.0
0.0
0.0
0.0
0.0
0.0
0.0
10.0
20.0
0.0
0.0
0.0
10.0
0.0
0.0
51.0
20.0
0.0
0.0
244.0
0.0
0.0
0.0
0.0
76.0
0.0
0.0
0.0
0.0
0.0
0.0
0.0
0.0
0.0
0.0
0.0
0.0
0.0
0.0
8.0
76.0
0.0
15.0
183.0
279.0
5.0
5.0
0.0
0.0
53.0
0.0
0.0
0.0
0.0
36.0
41.0
122.0
36.0
107.0
363.0
0.0
0.0
0.0
0.0
0.0
0.0
0.0
0.0
0.0
0.0
0.0
0.0
0.0
0.0
0.0
15.0
386.0
25.0
8.0
0.0
0.0
0.0
0.0
0.0
79.0
0.0
109.0
0.0
0.0
0.0
0.0
0.0
0.0
81.0
0.0
0.0
0.0
0.0
0.0
0.0
0.0
53.0
0.0
91.0
56.0
0.0
0.0
0.0
0.0
0.0
198.0
107.0
0.0
0.0
0.0
226.0
0.0
0.0
0.0
0.0
0.0
0.0
0.0
0.0
0.0
0.0
0.0
0.0
0.0
0.0
30.0
0.0
104.0
0.0
340.0
0.0
0.0
0.0
0.0
0.0
0.0
203.0
0.0
0.0
0.0
0.0
0.0
5.0
0.0
0.0
0.0
0.0
0.0
0.0
0.0
0.0
0.0
0.0
0.0
0.0
0.0
0.0
0.0
0.0
0.0
0.0
0.0
25.0
0.0
0.0
0.0
0.0
13.0
0.0
0.0
0.0
0.0
0.0
0.0
114.0
0.0
0.0
0.0
0.0
0.0
0.0
132.0
0.0
81.0
0.0
0.0
0.0
0.0
0.0
0.0
318.0
0.0
8.0
81.0
0.0
203.0
0.0
69.0
0.0
0.0
0.0
0.0
0.0
0.0
117.0
0.0
0.0
0.0
0.0
0.0
0.0
0.0
0.0
627.0
0.0
0.0
18.0
20.0
36.0
0.0
216.0
56.0
640.0
338.0
292.0
28.0
0.0
170.0
0.0
0.0
0.0
0.0
0.0
0.0
0.0
208.0
135.0
0.0
0.0
234.0
28.0
5.0
0.0
0.0
145.0
84.0
0.0
5.0
284.0
152.0
0.0
0.0
0.0
0.0
122.0
86.0
0.0
0.0
0.0
0.0
0.0
0.0
0.0
0.0
0.0
0.0
0.0
0.0
191.0
0.0
0.0
102.0
86.0
0.0
0.0
0.0
0.0
0.0
0.0
0.0
0.0
0.0
0.0
0.0
0.0
0.0
0.0
0.0
0.0
0.0
20.0
0.0
0.0
0.0
0.0
0.0
0.0
0.0
0.0
0.0
0.0
132.0
30.0
0.0
43.0
66.0
0.0
0.0
0.0
43.0
0.0
25.0
0.0
0.0
0.0
0.0
0.0
0.0
0.0
0.0
0.0
0.0
0.0
0.0
0.0
0.0
0.0
5.0
0.0
0.0
0.0
0.0
0.0
0.0
0.0
0.0
0.0
0.0
0.0
0.0
10.0
300.0
0.0
0.0
0.0
521.0
0.0
508.0
51.0
0.0
132.0
3.0
0.0
0.0
0.0
0.0
41.0
15.0
0.0
0.0
0.0
3.0
0.0
0.0
41.0
0.0
0.0
0.0
0.0
0.0
0.0
20.0
0.0
0.0
0.0
0.0
0.0
41.0
0.0
0.0
0.0
0.0
71.0
15.0
0.0
559.0
0.0
0.0
0.0
0.0
0.0
0.0
0.0
0.0
0.0
51.0
0.0
0.0
0.0
0.0
0.0
0.0
0.0
0.0
0.0
0.0
191.0
381.0
0.0
203.0
0.0
0.0
0.0
0.0
0.0
0.0
0.0
53.0
0.0
0.0
0.0
0.0
0.0
0.0
0.0
0.0
0.0
30.0
0.0
0.0
0.0
58.0
0.0
279.0
0.0
0.0
254.0
0.0
0.0
0.0
0.0
142.0
191.0
0.0
41.0
356.0
0.0
0.0
147.0
0.0
0.0
0.0
0.0
0.0
0.0
0.0
46.0
0.0
0.0
0.0
0.0
0.0
91.0
0.0
0.0
0.0
191.0
102.0
292.0
0.0
0.0
51.0
56.0
30.0
25.0
0.0
0.0
0.0
0.0
81.0
132.0
178.0
38.0
0.0
0.0
0.0
114.0
196.0
0.0
0.0
0.0
0.0
0.0
0.0
89.0
0.0
0.0
330.0
0.0
724.0
0.0
351.0
0.0
38.0
58.0
66.0
0.0
0.0
0.0
0.0
20.0
0.0
0.0
0.0
0.0
0.0
0.0
0.0
76.0
0.0
157.0
0.0
0.0
0.0
0.0
0.0
0.0
0.0
10.0
0.0
30.0
0.0
0.0
0.0
0.0
0.0
0.0
23.0
0.0
0.0
0.0
0.0
0.0
0.0
0.0
0.0
0.0
0.0
76.0
140.0
0.0
0.0
0.0
0.0
0.0
0.0
0.0
0.0
0.0
0.0
10.0
36.0
89.0
0.0
0.0
0.0
0.0
0.0
13.0
0.0
0.0
0.0
170.0
0.0
0.0
0.0
0.0
0.0
147.0
262.0
0.0
0.0
0.0
0.0
0.0
0.0
0.0
66.0
0.0
0.0
0.0
0.0
0.0
0.0
0.0
0.0
0.0
0.0
0.0
0.0
0.0
0.0
0.0
0.0
0.0
0.0
0.0
0.0
0.0
0.0
5.0
0.0
81.0
178.0
0.0
0.0
NaN
NaN
NaN
0.0
470.0
0.0
NaN
389.0
376.0
NaN
NaN
NaN
NaN
NaN
NaN
114.0
8.0
NaN
NaN
394.0
445.0
20.0
NaN
NaN
NaN
NaN
13.0
152.0
NaN
0.0
41.0
0.0
0.0
69.0
23.0
0.0
0.0
0.0
0.0
0.0
0.0
0.0
0.0
0.0
0.0
15.0
0.0
20.0
18.0
0.0
89.0
0.0
0.0
0.0
0.0
627.0
0.0
0.0
0.0
0.0
0.0
0.0
66.0
0.0
0.0
20.0
20.0
13.0
18.0
0.0
0.0
0.0
0.0
0.0
25.0
0.0
102.0
13.0
20.0
0.0
0.0
0.0
0.0
0.0
0.0
0.0
0.0
0.0
0.0
0.0
23.0
0.0
0.0
122.0
0.0
0.0
20.0
0.0
0.0
0.0
0.0
0.0
0.0
0.0
0.0
23.0
0.0
0.0
0.0
0.0
0.0
0.0
0.0
0.0
0.0
0.0
0.0
0.0
0.0
0.0
0.0
0.0
0.0
46.0
76.0
0.0
0.0
0.0
0.0
0.0
0.0
0.0
0.0
79.0
13.0
0.0
0.0
216.0
0.0
0.0
0.0
0.0
0.0
0.0
0.0
0.0
0.0
0.0
0.0
0.0
0.0
0.0
0.0
0.0
0.0
0.0
43.0
0.0
292.0
0.0
0.0
69.0
NaN
10.0
0.0
0.0
0.0
0.0
0.0
89.0
0.0
127.0
124.0
0.0
234.0
0.0
318.0
0.0
20.0
23.0
NaN
NaN
NaN
0.0
NaN
76.0
135.0
516.0
NaN
216.0
109.0
NaN
13.0
NaN
348.0
206.0
338.0
330.0
142.0
13.0
NaN
NaN
0.0
30.0
NaN
0.0
NaN
NaN
NaN
5.0
0.0
0.0
0.0
0.0
71.0
66.0
152.0
0.0
13.0
0.0
13.0
0.0
0.0
76.0
0.0
30.0
0.0
0.0
0.0
0.0
0.0
0.0
0.0
0.0
0.0
0.0
0.0
10.0
15.0
0.0
0.0
0.0
0.0
0.0
127.0
203.0
381.0
0.0
0.0
0.0
0.0
0.0
0.0
0.0
0.0
0.0
66.0
315.0
0.0
41.0
0.0
0.0
0.0
0.0
64.0
0.0
0.0
0.0
0.0
381.0
0.0
84.0
0.0
0.0
241.0
13.0
13.0
0.0
0.0
0.0
0.0
0.0
0.0
0.0
0.0
0.0
0.0
0.0
0.0
0.0
0.0
0.0
0.0
0.0
0.0
0.0
0.0
0.0
0.0
0.0
76.0
0.0
0.0
0.0
0.0
0.0
0.0
0.0
91.0
0.0
0.0
0.0
0.0
8.0
191.0
48.0
0.0
0.0
0.0
0.0
0.0
0.0
0.0
0.0
30.0
0.0
0.0
0.0
0.0
0.0
0.0
0.0
0.0
0.0
0.0
0.0
0.0
0.0
0.0
0.0
0.0
0.0
0.0
0.0
28.0
94.0
0.0
0.0
0.0
0.0
0.0
0.0
0.0
140.0
0.0
30.0
58.0
0.0
0.0
0.0
0.0
0.0
64.0
0.0
64.0
0.0
0.0
0.0
0.0
203.0
117.0
0.0
0.0
0.0
0.0
0.0
0.0
0.0
0.0
0.0
0.0
0.0
0.0
0.0
0.0
0.0
0.0
0.0
0.0
0.0
0.0
0.0
0.0
0.0
0.0
0.0
0.0
0.0
0.0
406.0
0.0
0.0
0.0
132.0
0.0
0.0
0.0
20.0
0.0
0.0
0.0
0.0
0.0
0.0
0.0
0.0
0.0
0.0
0.0
0.0
0.0
147.0
0.0
0.0
0.0
0.0
0.0
0.0
0.0
0.0
0.0
0.0
0.0
0.0
0.0
0.0
0.0
0.0
0.0
0.0
0.0
0.0
0.0
0.0
0.0
0.0
0.0
0.0
10.0
0.0
0.0
127.0
0.0
0.0
0.0
0.0
0.0
51.0
0.0
0.0
0.0
0.0
0.0
0.0
0.0
114.0
0.0
0.0
0.0
23.0
0.0
0.0
48.0
0.0
0.0
NaN
0.0
203.0
0.0
0.0
71.0
69.0
0.0
0.0
0.0
0.0
0.0
86.0
15.0
0.0
198.0
0.0
0.0
0.0
0.0
25.0
89.0
127.0
191.0
488.0
13.0
0.0
18.0
23.0
0.0
0.0
23.0
0.0
0.0
89.0
173.0
0.0
109.0
0.0
0.0
NaN
0.0
0.0
0.0
0.0
0.0
0.0
124.0
0.0
15.0
173.0
757.0
0.0
0.0
64.0
5.0
0.0
0.0
64.0
0.0
8.0
64.0
196.0
132.0
13.0
0.0
0.0
0.0
0.0
0.0
81.0
89.0
0.0
439.0
0.0
0.0
0.0
0.0
203.0
0.0
0.0
0.0
0.0
5.0
0.0
0.0
0.0
0.0
18.0
0.0
81.0
13.0
15.0
18.0
0.0
0.0
0.0
381.0
0.0
0.0
0.0
0.0
0.0
0.0
0.0
0.0
0.0
0.0
0.0
0.0
0.0
0.0
0.0
5.0
66.0
8.0
0.0
117.0
0.0
0.0
191.0
0.0
0.0
0.0
0.0
0.0
0.0
338.0
0.0
0.0
15.0
0.0
0.0
0.0
0.0
0.0
0.0
0.0
0.0
0.0
0.0
0.0
0.0
0.0
0.0
0.0
0.0
0.0
0.0
0.0
0.0
0.0
0.0
0.0
97.0
191.0
0.0
0.0
13.0
0.0
0.0
0.0
0.0
NaN
NaN
NaN
NaN
NaN
NaN
NaN
NaN
NaN
NaN
NaN
NaN
NaN
NaN
0.0
0.0
91.0
NaN
NaN
NaN
76.0
NaN
NaN
NaN
NaN
338.0
NaN
NaN
NaN
76.0
178.0
0.0
0.0
0.0
0.0
0.0
0.0
0.0
0.0
0.0
0.0
142.0
201.0
25.0
0.0
0.0
0.0
229.0
0.0
0.0
97.0
259.0
0.0
124.0
0.0
0.0
0.0
58.0
394.0
0.0
0.0
0.0
203.0
84.0
0.0
41.0
0.0
0.0
0.0
0.0
0.0
0.0
0.0
0.0
0.0
0.0
0.0
0.0
0.0
0.0
0.0
0.0
0.0
0.0
0.0
0.0
0.0
0.0
0.0
0.0
0.0
0.0
0.0
0.0
168.0
0.0
117.0
0.0
0.0
0.0
0.0
0.0
0.0
0.0
0.0
0.0
0.0
0.0
0.0
0.0
0.0
97.0
0.0
0.0
0.0
0.0
43.0
0.0
0.0
0.0
0.0
10.0
0.0
0.0
0.0
0.0
104.0
0.0
0.0
0.0
0.0
147.0
46.0
0.0
0.0
0.0
0.0
0.0
0.0
0.0
0.0
0.0
0.0
0.0
0.0
0.0
69.0
0.0
71.0
0.0
0.0
0.0
0.0
0.0
0.0
0.0
0.0
0.0
0.0
0.0
58.0
0.0
0.0
0.0
0.0
0.0
58.0
30.0
0.0
0.0
0.0
0.0
0.0
25.0
46.0
0.0
0.0
0.0
0.0
0.0
0.0
41.0
0.0
0.0
0.0
0.0
3.0
0.0
0.0
0.0
0.0
0.0
0.0
0.0
0.0
0.0
0.0
10.0
0.0
0.0
0.0
0.0
0.0
51.0
165.0
0.0
0.0
0.0
5.0
46.0
0.0
8.0
0.0
165.0
0.0
0.0
15.0
165.0
0.0
0.0
0.0
0.0
15.0
18.0
0.0
0.0
66.0
0.0
0.0
8.0
64.0
168.0
102.0
0.0
0.0
0.0
368.0
25.0
0.0
0.0
234.0
30.0
0.0
25.0
368.0
0.0
0.0
0.0
0.0
0.0
0.0
0.0
0.0
71.0
8.0
305.0
0.0
51.0
107.0
0.0
0.0
0.0
0.0
0.0
0.0
0.0
165.0
0.0
132.0
0.0
0.0
0.0
0.0
0.0
122.0
58.0
30.0
0.0
0.0
361.0
0.0
25.0
38.0
0.0
0.0
0.0
147.0
122.0
234.0
61.0
0.0
0.0
25.0
0.0
0.0
0.0
0.0
0.0
0.0
0.0
64.0
0.0
0.0
307.0
0.0
38.0
0.0
0.0
13.0
114.0
145.0
198.0
376.0
0.0
0.0
56.0
5.0
0.0
274.0
249.0
38.0
0.0
0.0
51.0
0.0
0.0
0.0
0.0
0.0
0.0
0.0
0.0
86.0
249.0
76.0
0.0
0.0
0.0
0.0
0.0
0.0
23.0
0.0
0.0
0.0
0.0
0.0
36.0
0.0
0.0
0.0
0.0
0.0
0.0
0.0
97.0
69.0
0.0
0.0
0.0
0.0
0.0
0.0
0.0
0.0
0.0
0.0
0.0
0.0
0.0
28.0
0.0
0.0
0.0
0.0
20.0
119.0
0.0
18.0
0.0
0.0
0.0
0.0
0.0
0.0
38.0
0.0
0.0
0.0
0.0
0.0
0.0
0.0
0.0
0.0
0.0
0.0
0.0
0.0
0.0
0.0
0.0
0.0
38.0
0.0
94.0
0.0
160.0
325.0
711.0
0.0
0.0
0.0
0.0
0.0
401.0
102.0
356.0
0.0
216.0
0.0
41.0
64.0
216.0
0.0
66.0
137.0
0.0
0.0
0.0
0.0
0.0
0.0
0.0
0.0
0.0
0.0
0.0
0.0
0.0
0.0
0.0
0.0
36.0
0.0
0.0
8.0
38.0
0.0
0.0
0.0
0.0
0.0
0.0
0.0
43.0
38.0
0.0
0.0
0.0
0.0
0.0
0.0
0.0
51.0
0.0
0.0
0.0
0.0
114.0
0.0
0.0
0.0
71.0
0.0
20.0
0.0
0.0
23.0
0.0
0.0
0.0
0.0
89.0
13.0
0.0
0.0
0.0
38.0
0.0
0.0
0.0
0.0
0.0
0.0
0.0
0.0
0.0
102.0
51.0
0.0
0.0
0.0
0.0
51.0
64.0
0.0
0.0
0.0
25.0
267.0
25.0
0.0
0.0
0.0
71.0
51.0
15.0
NaN
NaN
NaN
30.0
198.0
66.0
NaN
8.0
94.0
NaN
36.0
0.0
NaN
NaN
NaN
NaN
NaN
NaN
0.0
10.0
NaN
NaN
NaN
13.0
NaN
NaN
NaN
NaN
0.0
NaN
NaN
0.0
0.0
0.0
0.0
15.0
0.0
0.0
0.0
0.0
0.0
0.0
0.0
178.0
102.0
0.0
0.0
0.0
0.0
30.0
0.0
18.0
0.0
10.0
0.0
0.0
0.0
0.0
0.0
15.0
0.0
NaN
0.0
0.0
97.0
NaN
71.0
0.0
46.0
NaN
NaN
NaN
267.0
NaN
30.0
0.0
43.0
NaN
NaN
NaN
0.0
165.0
NaN
NaN
0.0
NaN
NaN
NaN
NaN
NaN
0.0
0.0
0.0
0.0
56.0
0.0
0.0
0.0
0.0
0.0
165.0
0.0
0.0
0.0
234.0
0.0
0.0
0.0
0.0
0.0
0.0
0.0
211.0
0.0
0.0
0.0
0.0
279.0
0.0
76.0
229.0
0.0
191.0
43.0
0.0
102.0
0.0
0.0
0.0
38.0
246.0
0.0
0.0
0.0
0.0
64.0
81.0
157.0
56.0
0.0
0.0
0.0
69.0
0.0
0.0
0.0
0.0
0.0
0.0
0.0
13.0
13.0
NaN
NaN
NaN
NaN
NaN
NaN
13.0
NaN
NaN
NaN
297.0
84.0
NaN
140.0
NaN
NaN
318.0
185.0
312.0
NaN
NaN
NaN
NaN
NaN
NaN
NaN
NaN
NaN
0.0
0.0
0.0
0.0
0.0
0.0
0.0
0.0
0.0
0.0
0.0
0.0
0.0
0.0
0.0
0.0
0.0
419.0
0.0
0.0
38.0
0.0
0.0
0.0
0.0
64.0
0.0
0.0
0.0
0.0
0.0
0.0
0.0
218.0
279.0
0.0
142.0
0.0
0.0
97.0
0.0
0.0
0.0
51.0
89.0
51.0
0.0
0.0
58.0
0.0
0.0
0.0
0.0
79.0
0.0
0.0
0.0
0.0
0.0
0.0
0.0
0.0
0.0
495.0
0.0
0.0
0.0
0.0
0.0
61.0
0.0
0.0
89.0
0.0
0.0
0.0
0.0
0.0
0.0
0.0
0.0
0.0
119.0
0.0
0.0
107.0
0.0
0.0
0.0
0.0
0.0
0.0
0.0
0.0
0.0
0.0
0.0
0.0
0.0
0.0
0.0
0.0
0.0
25.0
0.0
0.0
0.0
0.0
41.0
1041.0
0.0
0.0
0.0
0.0
0.0
0.0
102.0
0.0
0.0
0.0
0.0
0.0
38.0
406.0
432.0
0.0
445.0
0.0
0.0
25.0
302.0
0.0
254.0
8.0
0.0
0.0
0.0
0.0
0.0
191.0
0.0
0.0
0.0
0.0
0.0
0.0
0.0
0.0
71.0
0.0
0.0
0.0
0.0
0.0
0.0
0.0
0.0
0.0
0.0
0.0
0.0
0.0
38.0
0.0
0.0
262.0
0.0
0.0
0.0
0.0
0.0
0.0
0.0
0.0
25.0
0.0
0.0
0.0
0.0
0.0
0.0
94.0
76.0
0.0
0.0
0.0
142.0
51.0
0.0
0.0
0.0
0.0
0.0
0.0
0.0
0.0
0.0
0.0
0.0
0.0
0.0
0.0
0.0
0.0
0.0
0.0
0.0
0.0
0.0
0.0
0.0
0.0
0.0
114.0
0.0
0.0
20.0
0.0
0.0
0.0
0.0
13.0
13.0
0.0
0.0
0.0
0.0
0.0
0.0
0.0
0.0
0.0
0.0
0.0
0.0
0.0
13.0
0.0
0.0
0.0
0.0
0.0
0.0
13.0
64.0
0.0
0.0
0.0
0.0
0.0
0.0
0.0
0.0
0.0
0.0
0.0
28.0
102.0
0.0
0.0
0.0
18.0
13.0
48.0
0.0
0.0
0.0
279.0
0.0
0.0
0.0
0.0
0.0
0.0
13.0
20.0
0.0
102.0
0.0
140.0
0.0
0.0
0.0
0.0
173.0
0.0
0.0
0.0
0.0
38.0
102.0
0.0
0.0
94.0
135.0
0.0
0.0
58.0
132.0
147.0
0.0
0.0
0.0
277.0
0.0
0.0
89.0
0.0
0.0
0.0
0.0
0.0
0.0
0.0
0.0
0.0
0.0
0.0
0.0
216.0
0.0
64.0
0.0
25.0
165.0
0.0
0.0
0.0
114.0
0.0
0.0
140.0
114.0
51.0
0.0
0.0
292.0
38.0
0.0
0.0
122.0
889.0
229.0
0.0
0.0
0.0
0.0
0.0
71.0
0.0
0.0
0.0
152.0
89.0
262.0
0.0
8.0
0.0
84.0
165.0
127.0
0.0
0.0
0.0
51.0
445.0
0.0
0.0
0.0
0.0
127.0
0.0
0.0
0.0
0.0
0.0
0.0
165.0
0.0
0.0
0.0
0.0
30.0
20.0
0.0
30.0
0.0
0.0
0.0
0.0
0.0
0.0
38.0
0.0
0.0
0.0
0.0
0.0
0.0
0.0
0.0
0.0
0.0
13.0
0.0
0.0
0.0
0.0
0.0
0.0
86.0
0.0
0.0
0.0
0.0
0.0
0.0
0.0
0.0
0.0
0.0
0.0
0.0
0.0
0.0
0.0
0.0
152.0
272.0
0.0
0.0
0.0
0.0
0.0
0.0
0.0
0.0
107.0
102.0
0.0
0.0
0.0
0.0
0.0
0.0
0.0
0.0
0.0
432.0
0.0
0.0
0.0
0.0
0.0
0.0
0.0
0.0
0.0
13.0
18.0
0.0
0.0
0.0
0.0
0.0
0.0
0.0
0.0
0.0
0.0
0.0
0.0
0.0
0.0
64.0
0.0
0.0
0.0
0.0
0.0
0.0
114.0
89.0
147.0
0.0
114.0
0.0
0.0
122.0
0.0
0.0
0.0
38.0
0.0
102.0
56.0
0.0
0.0
208.0
0.0
0.0
0.0
13.0
102.0
0.0
0.0
0.0
0.0
0.0
51.0
0.0
13.0
38.0
0.0
0.0
0.0
0.0
0.0
0.0
0.0
0.0
114.0
38.0
0.0
0.0
229.0
0.0
0.0
23.0
0.0
0.0
0.0
0.0
0.0
0.0
0.0
0.0
0.0
0.0
0.0
0.0
0.0
0.0
0.0
0.0
0.0
0.0
0.0
0.0
76.0
254.0
0.0
0.0
0.0
NaN
13.0
0.0
0.0
0.0
0.0
0.0
0.0
0.0
0.0
0.0
0.0
0.0
0.0
0.0
0.0
0.0
0.0
0.0
0.0
0.0
114.0
0.0
0.0
0.0
0.0
0.0
0.0
0.0
38.0
18.0
0.0
0.0
0.0
0.0
0.0
0.0
38.0
0.0
64.0
0.0
0.0
0.0
0.0
0.0
0.0
0.0
0.0
0.0
0.0
64.0
38.0
0.0
259.0
0.0
0.0
38.0
140.0
18.0
NaN
NaN
89.0
0.0
NaN
NaN
76.0
NaN
NaN
NaN
NaN
NaN
127.0
NaN
NaN
0.0
NaN
312.0
NaN
216.0
NaN
NaN
147.0
25.0
NaN
25.0
NaN
20.0
0.0
0.0
0.0
0.0
0.0
0.0
229.0
0.0
0.0
0.0
0.0
127.0
23.0
0.0
0.0
0.0
0.0
0.0
0.0
0.0
0.0
23.0
0.0
30.0
0.0
122.0
30.0
0.0
0.0
0.0
0.0
114.0
0.0
64.0
0.0
58.0
0.0
8.0
0.0
30.0
15.0
15.0
0.0
30.0
71.0
0.0
0.0
0.0
0.0
0.0
0.0
0.0
0.0
0.0
0.0
0.0
0.0
0.0
0.0
0.0
0.0
0.0
0.0
0.0
0.0
0.0
0.0
0.0
0.0
0.0
0.0
0.0
0.0
0.0
51.0
81.0
0.0
0.0
0.0
0.0
0.0
318.0
191.0
0.0
0.0
0.0
432.0
61.0
0.0
23.0
0.0
0.0
0.0
0.0
152.0
163.0
0.0
0.0
0.0
0.0
69.0
0.0
0.0
0.0
0.0
483.0
0.0
0.0
0.0
64.0
0.0
76.0
381.0
0.0
0.0
0.0
419.0
0.0
0.0
0.0
0.0
0.0
0.0
0.0
0.0
51.0
0.0
0.0
0.0
0.0
0.0
23.0
0.0
0.0
0.0
0.0
0.0
51.0
0.0
635.0
0.0
0.0
0.0
0.0
0.0
0.0
0.0
0.0
0.0
0.0
0.0
25.0
0.0
0.0
0.0
81.0
0.0
13.0
0.0
0.0
114.0
0.0
0.0
0.0
0.0
0.0
0.0
0.0
0.0
0.0
0.0
0.0
NaN
NaN
0.0
0.0
0.0
0.0
0.0
0.0
0.0
0.0
0.0
0.0
0.0
0.0
0.0
0.0
89.0
76.0
0.0
0.0
20.0
18.0
0.0
0.0
0.0
0.0
25.0
0.0
0.0
0.0
0.0
25.0
0.0
0.0
0.0
0.0
0.0
0.0
0.0
0.0
64.0
0.0
0.0
61.0
114.0
0.0
20.0
0.0
0.0
0.0
114.0
0.0
0.0
0.0
0.0
0.0
0.0
46.0
0.0
0.0
46.0
0.0
0.0
0.0
0.0
0.0
0.0
0.0
0.0
0.0
0.0
0.0
0.0
0.0
0.0
0.0
30.0
0.0
0.0
0.0
13.0
0.0
0.0
25.0
0.0
58.0
71.0
0.0
0.0
13.0
8.0
0.0
0.0
0.0
13.0
89.0
0.0
0.0
0.0
152.0
51.0
0.0
0.0
0.0
0.0
43.0
53.0
0.0
0.0
0.0
0.0
0.0
135.0
132.0
0.0
0.0
0.0
64.0
0.0
0.0
229.0
0.0
0.0
0.0
0.0
226.0
0.0
119.0
0.0
279.0
0.0
0.0
0.0
0.0
0.0
0.0
64.0
0.0
0.0
51.0
0.0
0.0
0.0
0.0
0.0
3.0
61.0
84.0
71.0
0.0
0.0
0.0
0.0
0.0
178.0
0.0
0.0
48.0
0.0
0.0
84.0
0.0
0.0
0.0
0.0
0.0
0.0
0.0
0.0
0.0
25.0
0.0
0.0
0.0
0.0
0.0
0.0
0.0
10.0
0.0
0.0
0.0
0.0
140.0
0.0
0.0
0.0
381.0
0.0
0.0
0.0
13.0
64.0
0.0
0.0
0.0
0.0
13.0
0.0
0.0
0.0
0.0
25.0
0.0
0.0
0.0
122.0
13.0
0.0
20.0
0.0
0.0
0.0
0.0
229.0
0.0
0.0
0.0
64.0
0.0
0.0
0.0
0.0
13.0
0.0
0.0
0.0
0.0
0.0
0.0
0.0
76.0
0.0
0.0
25.0
5.0
0.0
0.0
51.0
0.0
23.0
140.0
0.0
0.0
0.0
0.0
127.0
0.0
0.0
0.0
0.0
0.0
0.0
0.0
25.0
127.0
0.0
0.0
0.0
0.0
13.0
0.0
0.0
0.0
0.0
0.0
241.0
191.0
58.0
0.0
0.0
0.0
0.0
0.0
0.0
0.0
46.0
51.0
0.0
305.0
0.0
0.0
0.0
0.0
0.0
0.0
0.0
0.0
51.0
0.0
191.0
25.0
305.0
0.0
0.0
13.0
0.0
0.0
0.0
0.0
0.0
0.0
0.0
178.0
0.0
221.0
594.0
0.0
0.0
0.0
0.0
0.0
0.0
0.0
0.0
0.0
203.0
0.0
0.0
0.0
0.0
0.0
0.0
0.0
0.0
165.0
114.0
0.0
0.0
0.0
25.0
0.0
0.0
610.0
0.0
0.0
0.0
0.0
0.0
0.0
0.0
0.0
25.0
0.0
0.0
38.0
0.0
0.0
0.0
76.0
0.0
0.0
0.0
0.0
0.0
0.0
10.0
241.0
89.0
0.0
0.0
0.0
0.0
102.0
0.0
0.0
84.0
0.0
0.0
0.0
0.0
0.0
0.0
0.0
0.0
0.0
0.0
0.0
191.0
0.0
5.0
445.0
0.0
0.0
0.0
20.0
46.0
0.0
0.0
0.0
0.0
0.0
0.0
0.0
0.0
191.0
140.0
0.0
0.0
0.0
0.0
0.0
0.0
0.0
0.0
0.0
0.0
0.0
0.0
0.0
0.0
0.0
0.0
0.0
0.0
0.0
0.0
0.0
38.0
36.0
10.0
0.0
0.0
0.0
0.0
0.0
0.0
0.0
0.0
0.0
25.0
13.0
0.0
0.0
0.0
0.0
0.0
0.0
0.0
38.0
0.0
0.0
0.0
0.0
0.0
25.0
5.0
165.0
0.0
0.0
0.0
0.0
0.0
0.0
127.0
0.0
122.0
945.0
10.0
0.0
0.0
58.0
122.0
0.0
0.0
0.0
0.0
46.0
0.0
89.0
140.0
38.0
0.0
0.0
0.0
0.0
0.0
38.0
0.0
0.0
279.0
0.0
38.0
0.0
0.0
0.0
0.0
0.0
0.0
0.0
58.0
239.0
122.0
0.0
0.0
0.0
13.0
10.0
0.0
0.0
0.0
0.0
0.0
0.0
0.0
0.0
122.0
66.0
0.0
0.0
61.0
198.0
25.0
15.0
0.0
0.0
0.0
0.0
0.0
137.0
89.0
0.0
30.0
38.0
0.0
33.0
0.0
0.0
0.0
0.0
0.0
0.0
0.0
25.0
0.0
0.0
13.0
0.0
20.0
0.0
0.0
66.0
0.0
0.0
0.0
109.0
86.0
36.0
0.0
0.0
0.0
0.0
0.0
30.0
0.0
0.0
0.0
97.0
0.0
25.0
191.0
140.0
0.0
0.0
0.0
0.0
140.0
89.0
0.0
0.0
0.0
0.0
0.0
0.0
0.0
0.0
51.0
0.0
0.0
0.0
25.0
305.0
0.0
0.0
0.0
0.0
25.0
64.0
0.0
0.0
0.0
13.0
0.0
0.0
0.0
10.0
152.0
0.0
0.0
0.0
0.0
0.0
0.0
18.0
0.0
0.0
0.0
0.0
51.0
38.0
0.0
0.0
38.0
241.0
13.0
38.0
127.0
0.0
0.0
0.0
0.0
38.0
147.0
0.0
0.0
0.0
0.0
25.0
0.0
0.0
36.0
36.0
213.0
71.0
15.0
0.0
51.0
470.0
0.0
0.0
0.0
0.0
8.0
0.0
0.0
0.0
0.0
38.0
0.0
165.0
89.0
292.0
51.0
0.0
0.0
0.0
0.0
0.0
0.0
0.0
0.0
0.0
0.0
0.0
254.0
236.0
0.0
236.0
0.0
0.0
0.0
38.0
0.0
0.0
0.0
0.0
0.0
0.0
0.0
30.0
0.0
0.0
0.0
10.0
0.0
0.0
0.0
208.0
0.0
0.0
0.0
0.0
0.0
0.0
0.0
0.0
0.0
0.0
0.0
0.0
0.0
0.0
0.0
0.0
0.0
0.0
0.0
38.0
0.0
381.0
0.0
0.0
89.0
0.0
0.0
0.0
0.0
0.0
46.0
0.0
30.0
15.0
0.0
0.0
0.0
0.0
0.0
0.0
0.0
0.0
0.0
38.0
0.0
0.0
0.0
0.0
0.0
30.0
0.0
0.0
0.0
0.0
0.0
0.0
0.0
0.0
0.0
89.0
117.0
0.0
0.0
0.0
0.0
0.0
0.0
0.0
0.0
0.0
0.0
0.0
0.0
0.0
0.0
0.0
0.0
0.0
0.0
0.0
0.0
0.0
0.0
0.0
0.0
0.0
0.0
0.0
0.0
0.0
76.0
25.0
102.0
0.0
0.0
0.0
0.0
0.0
51.0
46.0
0.0
0.0
NaN
NaN
0.0
20.0
18.0
0.0
0.0
0.0
0.0
0.0
0.0
0.0
0.0
36.0
0.0
0.0
10.0
97.0
51.0
18.0
41.0
0.0
0.0
0.0
0.0
0.0
0.0
0.0
0.0
0.0
0.0
0.0
0.0
0.0
0.0
0.0
0.0
0.0
0.0
0.0
0.0
0.0
0.0
0.0
241.0
36.0
0.0
0.0
0.0
0.0
0.0
0.0
0.0
0.0
0.0
10.0
41.0
13.0
0.0
0.0
0.0
0.0
13.0
0.0
0.0
36.0
0.0
0.0
0.0
0.0
0.0
0.0
0.0
36.0
0.0
25.0
0.0
0.0
0.0
203.0
0.0
43.0
15.0
0.0
0.0
0.0
102.0
25.0
10.0
229.0
0.0
89.0
36.0
0.0
0.0
0.0
0.0
0.0
0.0
0.0
0.0
165.0
0.0
41.0
152.0
0.0
0.0
0.0
0.0
0.0
0.0
221.0
178.0
81.0
51.0
46.0
0.0
0.0
183.0
81.0
0.0
0.0
0.0
0.0
0.0
0.0
18.0
0.0
218.0
97.0
76.0
58.0
0.0
30.0
0.0
0.0
0.0
0.0
178.0
0.0
0.0
0.0
0.0
279.0
216.0
160.0
114.0
0.0
0.0
0.0
0.0
0.0
0.0
0.0
0.0
0.0
20.0
13.0
0.0
0.0
114.0
20.0
0.0
0.0
46.0
38.0
0.0
18.0
0.0
0.0
0.0
25.0
46.0
56.0
0.0
0.0
0.0
0.0
0.0
0.0
0.0
0.0
0.0
0.0
127.0
0.0
0.0
33.0
74.0
0.0
0.0
0.0
0.0
135.0
0.0
0.0
25.0
0.0
0.0
0.0
25.0
46.0
0.0
0.0
0.0
132.0
0.0
0.0
81.0
122.0
0.0
0.0
0.0
0.0
25.0
18.0
13.0
140.0
0.0
157.0
386.0
787.0
64.0
0.0
0.0
0.0
0.0
0.0
0.0
0.0
0.0
0.0
114.0
0.0
64.0
0.0
0.0
0.0
0.0
0.0
0.0
0.0
0.0
0.0
0.0
216.0
64.0
0.0
0.0
0.0
0.0
0.0
0.0
64.0
89.0
0.0
0.0
0.0
0.0
0.0
81.0
0.0
0.0
0.0
0.0
28.0
0.0
0.0
0.0
124.0
0.0
0.0
0.0
0.0
140.0
64.0
0.0
0.0
0.0
38.0
41.0
0.0
0.0
76.0
0.0
0.0
0.0
0.0
0.0
0.0
0.0
38.0
0.0
0.0
71.0
0.0
0.0
203.0
51.0
0.0
0.0
0.0
0.0
0.0
0.0
0.0
114.0
140.0
0.0
30.0
0.0
0.0
102.0
0.0
0.0
30.0
0.0
0.0
0.0
0.0
0.0
140.0
216.0
0.0
0.0
0.0
0.0
0.0
0.0
0.0
0.0
0.0
0.0
0.0
0.0
0.0
0.0
89.0
267.0
36.0
0.0
0.0
41.0
0.0
18.0
0.0
0.0
0.0
0.0
25.0
0.0
0.0
165.0
0.0
0.0
0.0
0.0
0.0
274.0
117.0
0.0
0.0
13.0
0.0
0.0
0.0
0.0
0.0
30.0
0.0
0.0
30.0
0.0
0.0
0.0
0.0
0.0
0.0
5.0
30.0
0.0
0.0
0.0
0.0
25.0
10.0
0.0
0.0
0.0
0.0
89.0
0.0
8.0
76.0
0.0
0.0
0.0
71.0
0.0
0.0
0.0
81.0
0.0
0.0
0.0
0.0
0.0
0.0
0.0
51.0
0.0
64.0
0.0
0.0
0.0
0.0
0.0
0.0
5.0
0.0
0.0
0.0
0.0
8.0
0.0
0.0
56.0
0.0
51.0
25.0
0.0
13.0
10.0
43.0
0.0
8.0
0.0
0.0
0.0
76.0
0.0
89.0
64.0
0.0
0.0
0.0
0.0
0.0
0.0
0.0
0.0
69.0
38.0
0.0
0.0
0.0
0.0
38.0
0.0
0.0
18.0
46.0
0.0
0.0
0.0
0.0
0.0
122.0
0.0
76.0
13.0
86.0
0.0
0.0
0.0
30.0
0.0
NaN
NaN
0.0
0.0
0.0
0.0
0.0
0.0
107.0
64.0
0.0
0.0
203.0
0.0
0.0
0.0
0.0
0.0
0.0
0.0
36.0
71.0
0.0
0.0
0.0
284.0
0.0
0.0
0.0
0.0
0.0
102.0
0.0
300.0
127.0
20.0
0.0
0.0
0.0
0.0
0.0
0.0
46.0
0.0
165.0
0.0
0.0
0.0
0.0
0.0
0.0
0.0
0.0
0.0
0.0
0.0
0.0
38.0
216.0
0.0
140.0
0.0
51.0
0.0
0.0
0.0
0.0
81.0
89.0
0.0
8.0
0.0
0.0
0.0
0.0
368.0
208.0
0.0
13.0
127.0
0.0
0.0
25.0
0.0
20.0
13.0
0.0
13.0
0.0
0.0
0.0
216.0
25.0
0.0
0.0
0.0
178.0
0.0
0.0
157.0
0.0
0.0
183.0
94.0
356.0
0.0
0.0
0.0
0.0
0.0
0.0
0.0
0.0
0.0
0.0
51.0
0.0
0.0
0.0
0.0
254.0
0.0
0.0
0.0
0.0
69.0
140.0
0.0
3.0
10.0
0.0
0.0
0.0
0.0
0.0
0.0
0.0
0.0
0.0
0.0
0.0
0.0
0.0
0.0
NaN
NaN
NaN
NaN
NaN
NaN
NaN
NaN
NaN
NaN
NaN
NaN
NaN
NaN
NaN
NaN
NaN
NaN
NaN
NaN
NaN
NaN
0.0
0.0
0.0
0.0
0.0
0.0
0.0
0.0
0.0
0.0
0.0
0.0
0.0
0.0
0.0
0.0
0.0
0.0
0.0
0.0
0.0
145.0
48.0
0.0
0.0
0.0
0.0
0.0
0.0
0.0
0.0
0.0
0.0
0.0
0.0
0.0
0.0
0.0
0.0
0.0
127.0
0.0
0.0
0.0
0.0
0.0
0.0
89.0
0.0
0.0
0.0
0.0
0.0
0.0
0.0
0.0
251.0
0.0
0.0
0.0
0.0
0.0
61.0
338.0
38.0
0.0
0.0
0.0
0.0
0.0
0.0
0.0
0.0
0.0
0.0
0.0
127.0
0.0
0.0
0.0
5.0
0.0
0.0
33.0
0.0
76.0
0.0
0.0
0.0
0.0
0.0
0.0
30.0
NaN
0.0
0.0
0.0
0.0
15.0
13.0
0.0
0.0
13.0
191.0
13.0
0.0
0.0
0.0
0.0
0.0
0.0
0.0
0.0
0.0
NaN
NaN
0.0
0.0
0.0
0.0
0.0
0.0
0.0
0.0
0.0
0.0
0.0
0.0
0.0
0.0
0.0
0.0
0.0
0.0
20.0
18.0
0.0
0.0
0.0
0.0
8.0
76.0
20.0
0.0
0.0
0.0
0.0
0.0
0.0
0.0
0.0
0.0
0.0
0.0
0.0
533.0
0.0
0.0
0.0
0.0
0.0
5.0
0.0
0.0
NaN
NaN
0.0
0.0
0.0
0.0
0.0
0.0
0.0
0.0
0.0
229.0
279.0
0.0
0.0
0.0
274.0
0.0
0.0
0.0
0.0
0.0
0.0
0.0
0.0
0.0
0.0
0.0
33.0
0.0
20.0
0.0
0.0
114.0
28.0
0.0
0.0
0.0
64.0
0.0
0.0
0.0
0.0
0.0
0.0
0.0
0.0
0.0
0.0
0.0
0.0
0.0
0.0
0.0
0.0
0.0
0.0
0.0
0.0
0.0
0.0
254.0
0.0
23.0
0.0
0.0
203.0
0.0
89.0
0.0
0.0
0.0
0.0
0.0
0.0
0.0
89.0
0.0
0.0
0.0
0.0
0.0
0.0
0.0
178.0
0.0
0.0
0.0
0.0
0.0
0.0
NaN
NaN
0.0
0.0
0.0
0.0
0.0
0.0
0.0
0.0
0.0
0.0
0.0
0.0
0.0
0.0
0.0
0.0
0.0
0.0
0.0
0.0
51.0
81.0
0.0
0.0
0.0
0.0
0.0
0.0
0.0
0.0
0.0
0.0
0.0
0.0
0.0
0.0
0.0
0.0
0.0
0.0
0.0
0.0
0.0
0.0
0.0
51.0
102.0
0.0
0.0
0.0
0.0
0.0
0.0
0.0
0.0
0.0
0.0
229.0
0.0
0.0
38.0
0.0
0.0
13.0
0.0
0.0
0.0
0.0
0.0
0.0
0.0
0.0
0.0
0.0
0.0
0.0
0.0
76.0
0.0
0.0
0.0
0.0
0.0
0.0
0.0
0.0
0.0
0.0
0.0
0.0
0.0
0.0
0.0
0.0
0.0
0.0
0.0
0.0
0.0
0.0
0.0
0.0
0.0
0.0
0.0
51.0
152.0
0.0
0.0
0.0
0.0
0.0
51.0
0.0
0.0
0.0
0.0
0.0
0.0
0.0
0.0
0.0
0.0
0.0
0.0
0.0
0.0
0.0
0.0
0.0
0.0
0.0
0.0
152.0
0.0
0.0
0.0
0.0
0.0
0.0
0.0
0.0
0.0
NaN
NaN
0.0
0.0
127.0
0.0
0.0
0.0
0.0
0.0
0.0
0.0
0.0
0.0
0.0
406.0
0.0
0.0
0.0
0.0
0.0
0.0
0.0
0.0
0.0
0.0
NaN
NaN
0.0
0.0
0.0
0.0
0.0
0.0
0.0
0.0
0.0
0.0
0.0
191.0
0.0
0.0
0.0
102.0
89.0
0.0
0.0
0.0
305.0
0.0
0.0
0.0
0.0
0.0
0.0
381.0
0.0
0.0
0.0
0.0
102.0
0.0
0.0
0.0
0.0
64.0
0.0
0.0
0.0
0.0
0.0
0.0
0.0
0.0
0.0
0.0
0.0
0.0
0.0
102.0
0.0
0.0
178.0
0.0
0.0
0.0
0.0
0.0
0.0
0.0
0.0
127.0
0.0
0.0
254.0
203.0
127.0
203.0
0.0
0.0
0.0
0.0
178.0
0.0
0.0
0.0
0.0
0.0
0.0
38.0
0.0
0.0
0.0
0.0
127.0
38.0
0.0
0.0
0.0
0.0
0.0
0.0
0.0
127.0
0.0
0.0
0.0
168.0
0.0
0.0
0.0
0.0
0.0
0.0
0.0
0.0
0.0
0.0
0.0
0.0
0.0
0.0
0.0
0.0
0.0
127.0
0.0
0.0
0.0
0.0
0.0
0.0
76.0
0.0
0.0
0.0
0.0
241.0
89.0
0.0
0.0
0.0
0.0
165.0
0.0
0.0
0.0
0.0
0.0
0.0
0.0
38.0
229.0
76.0
330.0
0.0
0.0
0.0
0.0
0.0
0.0
0.0
0.0
0.0
0.0
0.0
0.0
0.0
0.0
0.0
0.0
0.0
0.0
152.0
0.0
25.0
0.0
0.0
0.0
0.0
0.0
0.0
0.0
0.0
0.0
0.0
0.0
0.0
0.0
0.0
0.0
0.0
0.0
0.0
0.0
0.0
152.0
0.0
0.0
0.0
0.0
305.0
0.0
0.0
0.0
0.0
0.0
203.0
0.0
0.0
127.0
0.0
0.0
0.0
0.0
0.0
0.0
0.0
0.0
0.0
0.0
0.0
0.0
0.0
0.0
0.0
0.0
0.0
0.0
0.0
0.0
0.0
0.0
0.0
0.0
0.0
0.0
0.0
0.0
0.0
0.0
0.0
0.0
0.0
0.0
127.0
381.0
0.0
0.0
0.0
0.0
0.0
0.0
0.0
0.0
0.0
0.0
0.0
0.0
0.0
0.0
127.0
0.0
0.0
0.0
0.0
0.0
0.0
229.0
102.0
76.0
0.0
0.0
0.0
0.0
0.0
152.0
140.0
0.0
0.0
495.0
127.0
0.0
0.0
0.0
0.0
0.0
0.0
0.0
0.0
0.0
0.0
0.0
0.0
64.0
0.0
89.0
191.0
0.0
203.0
178.0
0.0
0.0
0.0
0.0
0.0
0.0
0.0
0.0
203.0
0.0
0.0
0.0
64.0
NaN
NaN
38.0
0.0
0.0
0.0
0.0
0.0
0.0
0.0
102.0
178.0
0.0
0.0
0.0
229.0
0.0
0.0
0.0
0.0
0.0
0.0
0.0
0.0
0.0
0.0
0.0
0.0
0.0
178.0
0.0
0.0
0.0
0.0
0.0
0.0
0.0
0.0
38.0
64.0
0.0
0.0
0.0
0.0
0.0
0.0
0.0
0.0
89.0
0.0
0.0
0.0
0.0
0.0
0.0
0.0
0.0
0.0
0.0
0.0
0.0
0.0
0.0
0.0
64.0
0.0
0.0
0.0
0.0
0.0
0.0
127.0
0.0
0.0
0.0
0.0
0.0
0.0
0.0
0.0
0.0
0.0
0.0
0.0
0.0
0.0
64.0
0.0
0.0
0.0
0.0
0.0
0.0
0.0
432.0
439.0
0.0
0.0
0.0
0.0
0.0
0.0
0.0
0.0
0.0
0.0
0.0
0.0
0.0
0.0
0.0
0.0
0.0
0.0
0.0
0.0
0.0
0.0
0.0
0.0
0.0
0.0
0.0
406.0
0.0
241.0
0.0
0.0
0.0
0.0
25.0
686.0
51.0
0.0
0.0
0.0
0.0
0.0
0.0
0.0
0.0
0.0
0.0
0.0
0.0
0.0
0.0
0.0
0.0
0.0
0.0
0.0
0.0
0.0
NaN
NaN
NaN
0.0
0.0
0.0
0.0
38.0
0.0
0.0
0.0
0.0
0.0
0.0
0.0
0.0
0.0
64.0
0.0
0.0
0.0
0.0
0.0
0.0
0.0
0.0
0.0
0.0
0.0
0.0
0.0
0.0
0.0
0.0
0.0
0.0
0.0
0.0
0.0
0.0
0.0
0.0
0.0
0.0
0.0
0.0
0.0
0.0
0.0
23.0
0.0
0.0
0.0
0.0
0.0
0.0
10.0
0.0
0.0
0.0
0.0
0.0
0.0
5.0
0.0
10.0
0.0
0.0
0.0
0.0
0.0
0.0
0.0
NaN
NaN
0.0
0.0
0.0
0.0
0.0
0.0
51.0
38.0
0.0
0.0
0.0
0.0
0.0
0.0
127.0
38.0
0.0
8.0
0.0
0.0
0.0
0.0
0.0
0.0
0.0
0.0
0.0
0.0
0.0
0.0
0.0
0.0
0.0
84.0
0.0
0.0
0.0
0.0
0.0
0.0
0.0
0.0
0.0
0.0
0.0
0.0
0.0
0.0
0.0
0.0
0.0
0.0
0.0
0.0
0.0
0.0
0.0
0.0
0.0
0.0
25.0
0.0
0.0
0.0
0.0
0.0
0.0
0.0
0.0
0.0
0.0
0.0
0.0
0.0
0.0
0.0
25.0
0.0
241.0
419.0
0.0
0.0
0.0
0.0
0.0
0.0
0.0
0.0
0.0
0.0
0.0
0.0
0.0
0.0
0.0
NaN
NaN
0.0
0.0
0.0
0.0
0.0
0.0
140.0
0.0
0.0
381.0
305.0
64.0
127.0
0.0
0.0
0.0
0.0
0.0
0.0
0.0
0.0
0.0
0.0
0.0
0.0
0.0
0.0
0.0
127.0
0.0
140.0
0.0
0.0
0.0
330.0
0.0
76.0
0.0
0.0
0.0
0.0
0.0
0.0
0.0
0.0
0.0
0.0
NaN
NaN
0.0
0.0
0.0
191.0
0.0
0.0
0.0
0.0
25.0
0.0
0.0
0.0
0.0
0.0
0.0
0.0
0.0
0.0
0.0
0.0
0.0
0.0
0.0
25.0
NaN
0.0
0.0
1168.0
0.0
0.0
0.0
0.0
0.0
0.0
114.0
0.0
0.0
0.0
0.0
381.0
0.0
0.0
51.0
0.0
0.0
0.0
0.0
0.0
0.0
0.0
0.0
0.0
0.0
0.0
0.0
122.0
NaN
NaN
0.0
0.0
0.0
0.0
0.0
0.0
0.0
0.0
0.0
0.0
0.0
0.0
0.0
0.0
0.0
0.0
0.0
0.0
0.0
0.0
0.0
0.0
13.0
0.0
0.0
0.0
0.0
0.0
0.0
0.0
0.0
0.0
0.0
0.0
0.0
0.0
0.0
0.0
0.0
0.0
0.0
0.0
0.0
0.0
0.0
0.0
0.0
0.0
0.0
0.0
0.0
0.0
0.0
0.0
0.0
170.0
0.0
0.0
0.0
0.0
0.0
0.0
0.0
0.0
0.0
NaN
NaN
0.0
0.0
0.0
0.0
0.0
0.0
0.0
0.0
76.0
0.0
0.0
0.0
0.0
198.0
81.0
0.0
38.0
0.0
0.0
15.0
0.0
0.0
0.0
0.0
0.0
0.0
0.0
0.0
130.0
0.0
0.0
137.0
64.0
0.0
0.0
0.0
0.0
0.0
25.0
0.0
0.0
0.0
0.0
30.0
56.0
0.0
38.0
0.0
0.0
15.0
0.0
38.0
0.0
0.0
0.0
0.0
0.0
0.0
0.0
0.0
0.0
0.0
0.0
0.0
51.0
0.0
0.0
0.0
15.0
0.0
0.0
0.0
0.0
0.0
0.0
0.0
378.0
53.0
0.0
0.0
0.0
0.0
0.0
0.0
0.0
30.0
0.0
0.0
0.0
0.0
0.0
0.0
0.0
0.0
206.0
0.0
0.0
0.0
0.0
0.0
0.0
0.0
0.0
0.0
0.0
0.0
0.0
0.0
0.0
0.0
124.0
97.0
89.0
0.0
0.0
0.0
0.0
0.0
0.0
0.0
0.0
0.0
0.0
0.0
0.0
119.0
0.0
0.0
15.0
0.0
0.0
0.0
43.0
0.0
0.0
43.0
0.0
86.0
249.0
43.0
0.0
0.0
0.0
0.0
0.0
0.0
0.0
170.0
178.0
104.0
0.0
0.0
249.0
0.0
0.0
0.0
18.0
0.0
0.0
0.0
0.0
61.0
15.0
3.0
0.0
0.0
114.0
0.0
58.0
155.0
0.0
160.0
279.0
163.0
0.0
0.0
0.0
0.0
0.0
0.0
0.0
0.0
0.0
0.0
168.0
76.0
0.0
30.0
114.0
0.0
5.0
274.0
0.0
239.0
0.0
254.0
0.0
91.0
0.0
99.0
0.0
0.0
0.0
0.0
0.0
30.0
0.0
0.0
0.0
0.0
0.0
0.0
102.0
203.0
0.0
0.0
221.0
135.0
10.0
0.0
114.0
0.0
0.0
0.0
0.0
0.0
0.0
0.0
0.0
58.0
0.0
74.0
28.0
302.0
0.0
0.0
0.0
0.0
0.0
18.0
0.0
0.0
0.0
0.0
0.0
0.0
0.0
0.0
8.0
18.0
0.0
33.0
0.0
0.0
0.0
0.0
0.0
0.0
76.0
0.0
0.0
0.0
0.0
0.0
76.0
0.0
0.0
0.0
0.0
0.0
71.0
0.0
0.0
0.0
0.0
0.0
0.0
137.0
0.0
137.0
0.0
0.0
132.0
30.0
0.0
0.0
0.0
0.0
0.0
0.0
127.0
0.0
0.0
13.0
41.0
0.0
0.0
0.0
147.0
0.0
0.0
0.0
0.0
0.0
0.0
0.0
33.0
0.0
0.0
229.0
0.0
0.0
0.0
0.0
0.0
0.0
0.0
3.0
241.0
0.0
0.0
0.0
0.0
0.0
0.0
0.0
0.0
0.0
0.0
0.0
0.0
0.0
0.0
0.0
0.0
0.0
0.0
0.0
0.0
0.0
0.0
3.0
188.0
58.0
0.0
0.0
0.0
0.0
0.0
267.0
747.0
41.0
0.0
0.0
0.0
0.0
0.0
0.0
0.0
0.0
36.0
5.0
0.0
0.0
0.0
0.0
NaN
0.0
0.0
0.0
0.0
69.0
155.0
28.0
0.0
0.0
NaN
0.0
0.0
0.0
0.0
0.0
0.0
0.0
0.0
0.0
5.0
0.0
0.0
0.0
0.0
53.0
0.0
0.0
0.0
147.0
0.0
0.0
0.0
0.0
0.0
0.0
0.0
0.0
0.0
10.0
216.0
5.0
64.0
0.0
0.0
0.0
0.0
173.0
0.0
71.0
28.0
0.0
0.0
71.0
0.0
0.0
0.0
0.0
0.0
0.0
0.0
0.0
0.0
0.0
0.0
0.0
0.0
0.0
0.0
0.0
0.0
0.0
0.0
28.0
218.0
5.0
0.0
0.0
10.0
13.0
0.0
0.0
0.0
0.0
18.0
0.0
5.0
0.0
0.0
0.0
0.0
0.0
0.0
0.0
0.0
0.0
0.0
0.0
18.0
5.0
0.0
0.0
0.0
0.0
0.0
0.0
0.0
0.0
0.0
0.0
5.0
74.0
30.0
0.0
0.0
0.0
0.0
18.0
28.0
18.0
0.0
0.0
0.0
25.0
0.0
0.0
0.0
0.0
0.0
0.0
0.0
0.0
0.0
0.0
0.0
0.0
104.0
0.0
0.0
0.0
0.0
0.0
0.0
0.0
0.0
3.0
53.0
3.0
244.0
76.0
0.0
0.0
0.0
0.0
0.0
0.0
0.0
0.0
0.0
0.0
0.0
0.0
69.0
3.0
13.0
137.0
117.0
0.0
0.0
0.0
0.0
30.0
0.0
0.0
0.0
28.0
140.0
114.0
0.0
0.0
0.0
0.0
0.0
0.0
0.0
0.0
0.0
0.0
0.0
25.0
0.0
76.0
0.0
0.0
25.0
0.0
3.0
0.0
0.0
0.0
5.0
0.0
0.0
0.0
0.0
660.0
0.0
0.0
0.0
0.0
0.0
0.0
0.0
5.0
229.0
137.0
53.0
330.0
0.0
0.0
0.0
33.0
0.0
10.0
0.0
0.0
0.0
0.0
5.0
188.0
0.0
0.0
0.0
0.0
0.0
0.0
0.0
241.0
20.0
127.0
0.0
0.0
0.0
0.0
323.0
81.0
0.0
0.0
94.0
511.0
0.0
5.0
28.0
269.0
99.0
10.0
0.0
0.0
0.0
0.0
0.0
409.0
0.0
0.0
257.0
272.0
127.0
117.0
0.0
0.0
0.0
0.0
0.0
0.0
0.0
0.0
3.0
0.0
0.0
0.0
41.0
0.0
0.0
0.0
0.0
0.0
58.0
0.0
0.0
43.0
0.0
0.0
0.0
0.0
0.0
0.0
71.0
0.0
58.0
0.0
0.0
8.0
0.0
0.0
0.0
0.0
0.0
0.0
0.0
0.0
0.0
0.0
20.0
262.0
0.0
0.0
0.0
0.0
0.0
0.0
0.0
0.0
0.0
0.0
0.0
0.0
160.0
0.0
0.0
0.0
0.0
0.0
0.0
NaN
NaN
0.0
0.0
0.0
0.0
0.0
0.0
0.0
0.0
0.0
0.0
0.0
0.0
0.0
5.0
0.0
0.0
0.0
0.0
0.0
0.0
0.0
0.0
0.0
0.0
23.0
0.0
0.0
0.0
0.0
0.0
30.0
0.0
0.0
0.0
0.0
0.0
10.0
15.0
48.0
335.0
74.0
0.0
0.0
0.0
0.0
0.0
0.0
36.0
0.0
0.0
46.0
0.0
0.0
0.0
0.0
8.0
0.0
0.0
0.0
0.0
15.0
0.0
0.0
0.0
0.0
0.0
0.0
0.0
0.0
0.0
0.0
0.0
0.0
0.0
0.0
0.0
0.0
0.0
0.0
0.0
0.0
0.0
0.0
41.0
64.0
0.0
5.0
25.0
0.0
0.0
0.0
0.0
0.0
0.0
0.0
0.0
0.0
20.0
0.0
0.0
0.0
0.0
5.0
206.0
183.0
0.0
0.0
0.0
15.0
0.0
0.0
0.0
0.0
0.0
0.0
23.0
0.0
43.0
0.0
0.0
0.0
0.0
0.0
97.0
284.0
0.0
0.0
0.0
13.0
0.0
0.0
43.0
10.0
0.0
0.0
0.0
0.0
51.0
0.0
0.0
23.0
0.0
0.0
0.0
0.0
0.0
0.0
178.0
10.0
0.0
56.0
8.0
114.0
5.0
0.0
0.0
0.0
3.0
20.0
0.0
0.0
0.0
0.0
0.0
0.0
0.0
0.0
0.0
267.0
10.0
0.0
0.0
36.0
15.0
43.0
0.0
58.0
0.0
0.0
0.0
30.0
43.0
10.0
0.0
0.0
0.0
0.0
0.0
0.0
0.0
51.0
15.0
135.0
64.0
0.0
0.0
0.0
0.0
0.0
0.0
38.0
71.0
0.0
0.0
0.0
0.0
0.0
0.0
0.0
0.0
0.0
0.0
0.0
5.0
185.0
0.0
8.0
0.0
10.0
0.0
81.0
0.0
0.0
0.0
43.0
353.0
0.0
0.0
18.0
56.0
8.0
0.0
64.0
193.0
66.0
66.0
0.0
0.0
0.0
0.0
0.0
0.0
0.0
0.0
221.0
0.0
0.0
0.0
0.0
0.0
0.0
0.0
0.0
15.0
0.0
0.0
0.0
0.0
0.0
0.0
0.0
0.0
0.0
0.0
0.0
61.0
0.0
0.0
36.0
0.0
0.0
0.0
0.0
0.0
0.0
0.0
0.0
0.0
0.0
0.0
66.0
36.0
61.0
3.0
0.0
0.0
0.0
48.0
0.0
0.0
0.0
28.0
0.0
0.0
130.0
0.0
0.0
0.0
18.0
592.0
185.0
1425.0
0.0
0.0
0.0
0.0
0.0
0.0
0.0
0.0
147.0
152.0
74.0
0.0
0.0
0.0
0.0
0.0
0.0
0.0
0.0
122.0
119.0
0.0
18.0
0.0
0.0
23.0
18.0
0.0
0.0
0.0
0.0
0.0
0.0
0.0
0.0
0.0
0.0
0.0
0.0
0.0
0.0
66.0
0.0
0.0
0.0
8.0
0.0
0.0
38.0
25.0
358.0
18.0
5.0
0.0
0.0
0.0
203.0
5.0
175.0
46.0
239.0
0.0
5.0
0.0
267.0
112.0
0.0
0.0
0.0
0.0
0.0
0.0
0.0
0.0
0.0
0.0
0.0
10.0
8.0
13.0
20.0
25.0
0.0
0.0
0.0
33.0
0.0
0.0
3.0
20.0
0.0
0.0
0.0
0.0
0.0
0.0
0.0
5.0
145.0
23.0
0.0
0.0
0.0
0.0
0.0
0.0
0.0
0.0
0.0
3.0
10.0
0.0
0.0
0.0
0.0
0.0
0.0
0.0
0.0
0.0
13.0
0.0
0.0
0.0
0.0
0.0
102.0
0.0
0.0
0.0
0.0
0.0
0.0
0.0
0.0
3.0
3.0
0.0
43.0
8.0
0.0
10.0
251.0
8.0
0.0
0.0
0.0
0.0
0.0
0.0
0.0
0.0
0.0
0.0
0.0
0.0
0.0
23.0
8.0
0.0
53.0
0.0
0.0
25.0
30.0
0.0
0.0
0.0
0.0
0.0
0.0
0.0
0.0
18.0
0.0
30.0
0.0
0.0
0.0
0.0
0.0
109.0
25.0
0.0
0.0
8.0
43.0
259.0
0.0
0.0
0.0
0.0
0.0
0.0
0.0
0.0
0.0
25.0
71.0
0.0
3.0
38.0
61.0
0.0
0.0
43.0
0.0
0.0
3.0
48.0
0.0
0.0
0.0
8.0
0.0
114.0
0.0
33.0
0.0
0.0
0.0
0.0
132.0
0.0
0.0
18.0
0.0
0.0
0.0
0.0
0.0
0.0
0.0
0.0
0.0
0.0
569.0
20.0
10.0
36.0
0.0
13.0
0.0
0.0
0.0
0.0
0.0
0.0
122.0
0.0
0.0
160.0
10.0
206.0
117.0
0.0
0.0
71.0
25.0
0.0
0.0
0.0
0.0
0.0
0.0
0.0
64.0
137.0
NaN
NaN
NaN
NaN
NaN
NaN
NaN
NaN
NaN
NaN
NaN
NaN
NaN
NaN
NaN
0.0
0.0
0.0
0.0
536.0
13.0
0.0
378.0
0.0
0.0
0.0
28.0
58.0
0.0
325.0
0.0
0.0
0.0
0.0
0.0
0.0
0.0
0.0
13.0
259.0
0.0
0.0
599.0
0.0
0.0
0.0
0.0
0.0
0.0
0.0
0.0
0.0
0.0
0.0
48.0
107.0
0.0
0.0
0.0
0.0
0.0
0.0
0.0
356.0
0.0
0.0
NaN
0.0
0.0
0.0
0.0
0.0
0.0
0.0
0.0
0.0
0.0
0.0
216.0
99.0
0.0
0.0
0.0
0.0
0.0
0.0
0.0
0.0
0.0
0.0
0.0
0.0
0.0
0.0
0.0
0.0
0.0
0.0
0.0
18.0
0.0
0.0
0.0
0.0
0.0
0.0
58.0
0.0
127.0
0.0
0.0
0.0
0.0
0.0
0.0
157.0
0.0
0.0
0.0
0.0
0.0
0.0
0.0
0.0
0.0
0.0
0.0
0.0
0.0
0.0
0.0
0.0
0.0
0.0
0.0
0.0
0.0
0.0
0.0
0.0
NaN
0.0
0.0
0.0
0.0
0.0
0.0
165.0
0.0
0.0
0.0
0.0
297.0
0.0
0.0
0.0
0.0
0.0
0.0
0.0
NaN
NaN
NaN
0.0
0.0
0.0
0.0
160.0
23.0
0.0
0.0
0.0
0.0
0.0
0.0
0.0
0.0
0.0
0.0
0.0
71.0
0.0
0.0
0.0
0.0
0.0
0.0
33.0
130.0
0.0
0.0
0.0
0.0
157.0
0.0
0.0
0.0
0.0
0.0
0.0
0.0
0.0
150.0
0.0
0.0
0.0
0.0
0.0
0.0
0.0
0.0
0.0
0.0
0.0
0.0
28.0
0.0
0.0
0.0
0.0
0.0
0.0
0.0
0.0
0.0
0.0
0.0
0.0
18.0
0.0
0.0
0.0
0.0
0.0
0.0
0.0
25.0
0.0
0.0
36.0
0.0
0.0
0.0
0.0
0.0
0.0
53.0
132.0
0.0
0.0
0.0
0.0
0.0
0.0
0.0
0.0
0.0
0.0
0.0
0.0
0.0
0.0
193.0
0.0
0.0
0.0
30.0
0.0
0.0
0.0
0.0
0.0
0.0
0.0
0.0
0.0
NaN
NaN
NaN
0.0
122.0
0.0
0.0
0.0
168.0
323.0
0.0
0.0
0.0
0.0
124.0
0.0
173.0
0.0
0.0
0.0
0.0
0.0
0.0
0.0
0.0
0.0
56.0
0.0
0.0
0.0
0.0
0.0
0.0
124.0
0.0
0.0
175.0
0.0
0.0
NaN
0.0
0.0
0.0
0.0
0.0
0.0
0.0
0.0
0.0
71.0
0.0
0.0
NaN
46.0
0.0
0.0
0.0
0.0
0.0
0.0
0.0
0.0
0.0
0.0
0.0
0.0
0.0
0.0
155.0
0.0
13.0
0.0
0.0
0.0
0.0
0.0
5.0
0.0
0.0
0.0
102.0
0.0
0.0
0.0
0.0
38.0
0.0
89.0
0.0
102.0
84.0
239.0
0.0
0.0
0.0
0.0
0.0
0.0
0.0
0.0
0.0
0.0
0.0
0.0
56.0
0.0
0.0
76.0
0.0
0.0
0.0
0.0
0.0
0.0
0.0
0.0
0.0
0.0
0.0
0.0
0.0
0.0
0.0
0.0
0.0
0.0
0.0
56.0
0.0
0.0
0.0
0.0
0.0
0.0
99.0
0.0
0.0
86.0
13.0
0.0
0.0
25.0
0.0
0.0
0.0
0.0
28.0
0.0
0.0
0.0
0.0
0.0
0.0
0.0
NaN
NaN
0.0
0.0
0.0
0.0
0.0
0.0
0.0
114.0
30.0
0.0
0.0
0.0
61.0
0.0
10.0
0.0
0.0
0.0
0.0
188.0
0.0
0.0
0.0
0.0
0.0
0.0
0.0
0.0
0.0
0.0
0.0
0.0
0.0
NaN
0.0
0.0
0.0
0.0
0.0
0.0
0.0
43.0
104.0
0.0
0.0
97.0
0.0
0.0
51.0
0.0
58.0
0.0
18.0
0.0
0.0
0.0
0.0
0.0
0.0
0.0
46.0
76.0
0.0
79.0
0.0
0.0
0.0
0.0
0.0
0.0
0.0
0.0
114.0
437.0
0.0
0.0
0.0
0.0
0.0
0.0
0.0
0.0
41.0
0.0
43.0
0.0
0.0
0.0
127.0
0.0
0.0
28.0
0.0
0.0
0.0
0.0
0.0
0.0
0.0
0.0
0.0
0.0
0.0
0.0
0.0
0.0
0.0
0.0
0.0
0.0
0.0
0.0
0.0
140.0
254.0
28.0
0.0
0.0
0.0
0.0
0.0
NaN
0.0
0.0
NaN
0.0
0.0
0.0
0.0
0.0
0.0
0.0
0.0
0.0
0.0
0.0
0.0
64.0
102.0
0.0
0.0
0.0
0.0
66.0
36.0
0.0
0.0
0.0
544.0
0.0
297.0
0.0
206.0
295.0
104.0
0.0
0.0
0.0
0.0
0.0
0.0
0.0
0.0
0.0
0.0
0.0
0.0
0.0
0.0
0.0
0.0
0.0
0.0
0.0
0.0
0.0
0.0
0.0
124.0
0.0
0.0
69.0
0.0
0.0
0.0
56.0
0.0
0.0
0.0
0.0
0.0
0.0
0.0
0.0
0.0
0.0
0.0
0.0
0.0
0.0
0.0
0.0
0.0
0.0
0.0
30.0
0.0
0.0
48.0
20.0
0.0
0.0
0.0
30.0
0.0
0.0
0.0
0.0
0.0
0.0
0.0
0.0
0.0
0.0
0.0
0.0
0.0
0.0
0.0
51.0
0.0
0.0
0.0
0.0
0.0
15.0
363.0
188.0
15.0
0.0
0.0
137.0
0.0
0.0
0.0
0.0
0.0
0.0
0.0
0.0
0.0
15.0
0.0
0.0
0.0
173.0
0.0
0.0
0.0
0.0
20.0
0.0
0.0
0.0
0.0
0.0
0.0
0.0
0.0
0.0
0.0
0.0
0.0
0.0
0.0
0.0
0.0
0.0
51.0
0.0
0.0
0.0
249.0
56.0
0.0
0.0
0.0
0.0
0.0
0.0
0.0
0.0
0.0
0.0
0.0
0.0
0.0
NaN
NaN
NaN
NaN
NaN
NaN
NaN
NaN
NaN
NaN
NaN
NaN
NaN
NaN
NaN
NaN
NaN
NaN
NaN
NaN
NaN
NaN
NaN
NaN
NaN
NaN
NaN
NaN
NaN
NaN
NaN
NaN
NaN
NaN
NaN
NaN
NaN
NaN
NaN
NaN
NaN
NaN
NaN
NaN
NaN
NaN
NaN
NaN
NaN
NaN
NaN
NaN
NaN
NaN
NaN
NaN
NaN
NaN
NaN
NaN
NaN
NaN
NaN
NaN
NaN
NaN
NaN
NaN
NaN
NaN
NaN
NaN
NaN
NaN
NaN
NaN
NaN
NaN
NaN
NaN
NaN
NaN
NaN
NaN
NaN
NaN
NaN
NaN
NaN
NaN
NaN
NaN
NaN
NaN
NaN
NaN
NaN
NaN
NaN
NaN
NaN
NaN
NaN
NaN
NaN
NaN
NaN
NaN
NaN
NaN
NaN
NaN
NaN
NaN
NaN
NaN
NaN
NaN
NaN
NaN
NaN
NaN
NaN
NaN
NaN
NaN
NaN
NaN
NaN
NaN
NaN
NaN
NaN
NaN
NaN
NaN
NaN
NaN
NaN
NaN
NaN
NaN
NaN
NaN
NaN
NaN
NaN
NaN
NaN
NaN
NaN
NaN
NaN
NaN
NaN
NaN
NaN
NaN
NaN
NaN
NaN
NaN
NaN
NaN
NaN
NaN
NaN
NaN
NaN
NaN
NaN
NaN
NaN
NaN
NaN
NaN
NaN
NaN
NaN
NaN
NaN
NaN
NaN
NaN
NaN
NaN
NaN
NaN
NaN
NaN
NaN
NaN
NaN
NaN
NaN
NaN
NaN
NaN
NaN
NaN
NaN
NaN
NaN
NaN
NaN
NaN
NaN
NaN
NaN
NaN
NaN
NaN
NaN
NaN
NaN
NaN
NaN
NaN
NaN
NaN
NaN
NaN
NaN
NaN
NaN
NaN
NaN
NaN
NaN
NaN
NaN
NaN
NaN
NaN
NaN
NaN
NaN
NaN
NaN
NaN
NaN
NaN
NaN
NaN
NaN
NaN
NaN
NaN
NaN
NaN
NaN
NaN
NaN
NaN
NaN
NaN
NaN
NaN
NaN
NaN
NaN
NaN
NaN
NaN
NaN
NaN
NaN
NaN
NaN
NaN
NaN
NaN
NaN
NaN
NaN
NaN
NaN
NaN
NaN
NaN
NaN
NaN
NaN
NaN
NaN
NaN
NaN
NaN
NaN
NaN
NaN
NaN
NaN
NaN
NaN
NaN
NaN
NaN
NaN
NaN
NaN
NaN
NaN
NaN
NaN
NaN
NaN
NaN
NaN
NaN
NaN
NaN
NaN
NaN
NaN
NaN
NaN
NaN
NaN
NaN
NaN
NaN
NaN
NaN
NaN
NaN
NaN
NaN
NaN
NaN
NaN
NaN
NaN
NaN
NaN
NaN
NaN
NaN
NaN
NaN
NaN
NaN
NaN
NaN
NaN
NaN
NaN
NaN
NaN
NaN
NaN
NaN
NaN
NaN
NaN
NaN
NaN
NaN
NaN
NaN
NaN
NaN
NaN
NaN
NaN
NaN
NaN
NaN
NaN
NaN
NaN
NaN
NaN
NaN
NaN
NaN
NaN
NaN
NaN
NaN
NaN
NaN
NaN
NaN
NaN
NaN
NaN
NaN
NaN
NaN
NaN
NaN
NaN
NaN
NaN
NaN
NaN
NaN
NaN
NaN
NaN
NaN
NaN
NaN
NaN
NaN
NaN
NaN
NaN
NaN
NaN
NaN
NaN
NaN
NaN
NaN
NaN
NaN
NaN
NaN
NaN
NaN
NaN
NaN
NaN
NaN
NaN
NaN
NaN
NaN
NaN
NaN
NaN
NaN
NaN
NaN
NaN
NaN
NaN
NaN
NaN
NaN
NaN
NaN
NaN
NaN
NaN
NaN
NaN
NaN
NaN
NaN
NaN
NaN
NaN
NaN
NaN
NaN
NaN
NaN
NaN
NaN
NaN
NaN
NaN
NaN
NaN
NaN
NaN
NaN
NaN
NaN
NaN
NaN
NaN
NaN
NaN
NaN
NaN
NaN
NaN
NaN
NaN
NaN
NaN
NaN
NaN
NaN
NaN
NaN
NaN
NaN
NaN
NaN
NaN
NaN
NaN
NaN
NaN
NaN
NaN
NaN
NaN
NaN
NaN
NaN
NaN
NaN
NaN
NaN
NaN
NaN
NaN
NaN
NaN
NaN
NaN
NaN
