99.0
23.0
0.0
0.0
533.0
15.0
0.0
64.0
3.0
5.0
0.0
23.0
0.0
0.0
0.0
0.0
0.0
0.0
0.0
0.0
0.0
0.0
0.0
0.0
0.0
0.0
0.0
23.0
0.0
0.0
0.0
0.0
0.0
0.0
0.0
0.0
0.0
0.0
0.0
0.0
0.0
0.0
0.0
53.0
0.0
0.0
0.0
0.0
0.0
0.0
0.0
0.0
0.0
0.0
0.0
0.0
0.0
0.0
0.0
0.0
0.0
0.0
0.0
13.0
0.0
0.0
0.0
0.0
0.0
0.0
0.0
0.0
0.0
0.0
0.0
0.0
0.0
0.0
0.0
0.0
0.0
0.0
0.0
0.0
0.0
0.0
0.0
0.0
0.0
0.0
0.0
0.0
0.0
0.0
0.0
51.0
0.0
0.0
107.0
51.0
0.0
64.0
8.0
0.0
0.0
51.0
0.0
0.0
0.0
0.0
0.0
30.0
25.0
0.0
0.0
0.0
0.0
0.0
0.0
38.0
0.0
51.0
0.0
0.0
0.0
0.0
0.0
25.0
0.0
0.0
0.0
0.0
0.0
NaN
0.0
25.0
0.0
0.0
0.0
0.0
0.0
0.0
38.0
0.0
0.0
0.0
0.0
0.0
0.0
0.0
13.0
0.0
0.0
0.0
0.0
0.0
0.0
0.0
0.0
0.0
0.0
102.0
0.0
0.0
0.0
0.0
0.0
0.0
25.0
51.0
0.0
0.0
0.0
0.0
0.0
0.0
51.0
38.0
25.0
0.0
0.0
0.0
0.0
0.0
0.0
0.0
0.0
13.0
0.0
0.0
0.0
0.0
51.0
0.0
0.0
0.0
94.0
0.0
13.0
76.0
0.0
0.0
0.0
0.0
0.0
0.0
0.0
0.0
0.0
0.0
0.0
0.0
0.0
0.0
0.0
0.0
0.0
0.0
0.0
0.0
0.0
107.0
0.0
0.0
0.0
NaN
0.0
0.0
0.0
30.0
0.0
0.0
51.0
0.0
0.0
0.0
0.0
0.0
0.0
5.0
13.0
0.0
191.0
0.0
0.0
13.0
76.0
0.0
0.0
0.0
0.0
0.0
0.0
61.0
0.0
0.0
0.0
0.0
0.0
10.0
58.0
0.0
0.0
0.0
0.0
23.0
0.0
0.0
0.0
0.0
0.0
0.0
69.0
0.0
18.0
23.0
119.0
0.0
0.0
117.0
0.0
5.0
0.0
3.0
23.0
0.0
56.0
5.0
71.0
0.0
8.0
0.0
163.0
0.0
0.0
0.0
10.0
193.0
36.0
15.0
160.0
0.0
0.0
0.0
0.0
30.0
0.0
53.0
0.0
23.0
46.0
0.0
0.0
43.0
0.0
18.0
64.0
61.0
25.0
0.0
0.0
0.0
0.0
0.0
0.0
0.0
38.0
0.0
0.0
0.0
0.0
0.0
0.0
25.0
0.0
0.0
0.0
0.0
0.0
0.0
0.0
224.0
66.0
28.0
0.0
0.0
315.0
20.0
0.0
0.0
0.0
0.0
0.0
0.0
0.0
0.0
0.0
0.0
0.0
0.0
86.0
0.0
0.0
64.0
0.0
0.0
0.0
0.0
0.0
0.0
0.0
0.0
0.0
0.0
0.0
0.0
0.0
0.0
0.0
0.0
0.0
0.0
0.0
0.0
0.0
0.0
0.0
0.0
0.0
0.0
0.0
0.0
0.0
0.0
0.0
20.0
0.0
0.0
0.0
0.0
0.0
0.0
0.0
46.0
254.0
0.0
0.0
0.0
0.0
0.0
0.0
0.0
0.0
0.0
0.0
0.0
0.0
0.0
0.0
0.0
0.0
0.0
0.0
0.0
15.0
0.0
0.0
0.0
0.0
0.0
0.0
0.0
0.0
0.0
0.0
0.0
0.0
0.0
0.0
0.0
0.0
0.0
0.0
0.0
0.0
0.0
0.0
279.0
0.0
0.0
102.0
0.0
0.0
25.0
0.0
0.0
13.0
0.0
0.0
0.0
0.0
0.0
0.0
0.0
0.0
0.0
0.0
25.0
0.0
0.0
0.0
10.0
0.0
0.0
0.0
56.0
5.0
0.0
0.0
0.0
0.0
0.0
30.0
5.0
0.0
0.0
25.0
122.0
51.0
0.0
0.0
0.0
0.0
0.0
114.0
51.0
0.0
0.0
56.0
0.0
25.0
0.0
0.0
0.0
0.0
0.0
0.0
0.0
0.0
0.0
0.0
0.0
0.0
51.0
102.0
0.0
0.0
0.0
0.0
0.0
0.0
13.0
13.0
0.0
0.0
41.0
0.0
0.0
0.0
0.0
0.0
0.0
51.0
0.0
15.0
0.0
0.0
0.0
0.0
0.0
0.0
41.0
0.0
15.0
0.0
28.0
0.0
53.0
0.0
5.0
0.0
0.0
0.0
0.0
0.0
0.0
15.0
0.0
10.0
0.0
0.0
33.0
0.0
69.0
193.0
1077.0
206.0
10.0
0.0
0.0
0.0
0.0
30.0
241.0
0.0
23.0
0.0
142.0
58.0
0.0
0.0
23.0
0.0
8.0
71.0
0.0
18.0
0.0
10.0
132.0
0.0
8.0
0.0
0.0
0.0
8.0
0.0
20.0
0.0
15.0
0.0
0.0
0.0
0.0
0.0
0.0
0.0
0.0
0.0
41.0
0.0
0.0
18.0
0.0
0.0
124.0
20.0
0.0
0.0
10.0
66.0
0.0
0.0
0.0
0.0
0.0
74.0
0.0
13.0
0.0
0.0
0.0
135.0
0.0
132.0
10.0
30.0
41.0
10.0
0.0
0.0
0.0
114.0
0.0
0.0
0.0
0.0
0.0
0.0
0.0
0.0
0.0
13.0
43.0
0.0
0.0
5.0
0.0
0.0
0.0
0.0
0.0
0.0
0.0
0.0
0.0
0.0
0.0
0.0
0.0
0.0
0.0
0.0
0.0
0.0
0.0
0.0
0.0
0.0
0.0
0.0
0.0
0.0
264.0
0.0
5.0
0.0
0.0
0.0
0.0
0.0
0.0
0.0
0.0
0.0
0.0
0.0
0.0
0.0
0.0
0.0
0.0
0.0
0.0
0.0
0.0
0.0
20.0
5.0
165.0
86.0
119.0
0.0
64.0
0.0
0.0
0.0
0.0
0.0
0.0
0.0
0.0
36.0
0.0
0.0
0.0
0.0
0.0
0.0
0.0
0.0
0.0
0.0
0.0
0.0
18.0
0.0
0.0
0.0
5.0
0.0
0.0
0.0
0.0
0.0
0.0
0.0
0.0
0.0
0.0
0.0
0.0
0.0
0.0
0.0
0.0
0.0
0.0
51.0
0.0
0.0
NaN
NaN
NaN
NaN
NaN
NaN
NaN
NaN
NaN
102.0
NaN
NaN
NaN
NaN
NaN
NaN
NaN
NaN
NaN
NaN
NaN
58.0
15.0
0.0
51.0
NaN
NaN
NaN
NaN
NaN
0.0
0.0
0.0
0.0
0.0
0.0
0.0
0.0
0.0
13.0
0.0
0.0
0.0
25.0
0.0
0.0
0.0
0.0
0.0
0.0
0.0
0.0
0.0
0.0
0.0
0.0
0.0
0.0
0.0
51.0
0.0
0.0
0.0
0.0
0.0
0.0
0.0
13.0
0.0
0.0
0.0
25.0
51.0
0.0
0.0
0.0
0.0
0.0
0.0
0.0
0.0
0.0
0.0
0.0
51.0
25.0
0.0
0.0
0.0
0.0
0.0
0.0
0.0
0.0
20.0
0.0
0.0
0.0
0.0
0.0
0.0
0.0
0.0
0.0
0.0
0.0
0.0
0.0
25.0
0.0
0.0
0.0
0.0
0.0
5.0
0.0
0.0
0.0
0.0
0.0
0.0
0.0
51.0
0.0
13.0
0.0
0.0
0.0
0.0
0.0
0.0
0.0
0.0
76.0
132.0
0.0
0.0
0.0
66.0
0.0
0.0
0.0
0.0
0.0
0.0
0.0
0.0
15.0
0.0
0.0
0.0
0.0
28.0
30.0
0.0
0.0
0.0
0.0
0.0
0.0
13.0
0.0
0.0
0.0
0.0
0.0
0.0
0.0
0.0
0.0
0.0
97.0
0.0
335.0
0.0
0.0
18.0
0.0
0.0
0.0
20.0
0.0
0.0
0.0
0.0
0.0
0.0
0.0
0.0
0.0
91.0
94.0
0.0
0.0
236.0
0.0
0.0
33.0
0.0
69.0
0.0
0.0
0.0
0.0
0.0
246.0
0.0
0.0
0.0
0.0
0.0
0.0
0.0
0.0
0.0
0.0
43.0
0.0
0.0
0.0
0.0
0.0
0.0
0.0
0.0
0.0
0.0
0.0
0.0
0.0
0.0
0.0
0.0
0.0
0.0
0.0
0.0
0.0
0.0
0.0
13.0
0.0
0.0
0.0
0.0
0.0
0.0
0.0
0.0
0.0
0.0
0.0
0.0
0.0
0.0
0.0
0.0
0.0
0.0
0.0
13.0
51.0
13.0
51.0
0.0
0.0
0.0
0.0
0.0
0.0
0.0
0.0
0.0
0.0
0.0
0.0
0.0
15.0
0.0
0.0
0.0
0.0
0.0
0.0
0.0
0.0
0.0
0.0
0.0
0.0
0.0
0.0
0.0
0.0
0.0
0.0
0.0
0.0
3.0
0.0
0.0
0.0
0.0
0.0
0.0
0.0
0.0
0.0
0.0
0.0
0.0
0.0
0.0
0.0
0.0
0.0
0.0
0.0
0.0
0.0
0.0
0.0
0.0
0.0
0.0
0.0
0.0
0.0
0.0
0.0
0.0
0.0
0.0
0.0
0.0
0.0
25.0
13.0
5.0
0.0
0.0
38.0
0.0
0.0
0.0
0.0
0.0
0.0
0.0
0.0
36.0
46.0
13.0
0.0
0.0
0.0
0.0
0.0
0.0
0.0
0.0
0.0
0.0
0.0
0.0
13.0
0.0
0.0
0.0
0.0
0.0
13.0
0.0
18.0
0.0
0.0
0.0
0.0
0.0
0.0
0.0
0.0
0.0
0.0
13.0
127.0
0.0
0.0
0.0
0.0
25.0
0.0
0.0
13.0
0.0
0.0
76.0
25.0
0.0
0.0
0.0
30.0
152.0
43.0
15.0
46.0
91.0
0.0
0.0
NaN
NaN
25.0
0.0
0.0
0.0
0.0
0.0
0.0
0.0
0.0
0.0
0.0
0.0
0.0
0.0
61.0
0.0
0.0
0.0
0.0
0.0
0.0
0.0
0.0
0.0
0.0
0.0
53.0
0.0
0.0
0.0
0.0
0.0
0.0
0.0
53.0
160.0
10.0
0.0
0.0
0.0
0.0
0.0
244.0
28.0
0.0
53.0
84.0
25.0
5.0
0.0
0.0
81.0
112.0
107.0
30.0
0.0
33.0
312.0
117.0
0.0
20.0
74.0
119.0
53.0
0.0
3.0
0.0
0.0
0.0
0.0
0.0
0.0
0.0
0.0
0.0
0.0
0.0
0.0
0.0
0.0
0.0
28.0
109.0
79.0
0.0
0.0
0.0
163.0
0.0
0.0
20.0
0.0
0.0
0.0
0.0
0.0
0.0
33.0
0.0
28.0
196.0
0.0
0.0
0.0
0.0
NaN
165.0
0.0
0.0
NaN
NaN
NaN
NaN
135.0
18.0
NaN
46.0
91.0
0.0
NaN
NaN
NaN
NaN
66.0
203.0
NaN
5.0
18.0
25.0
NaN
18.0
25.0
18.0
0.0
0.0
0.0
0.0
0.0
97.0
0.0
0.0
43.0
10.0
0.0
15.0
0.0
43.0
0.0
0.0
0.0
0.0
0.0
0.0
0.0
0.0
0.0
0.0
0.0
0.0
25.0
0.0
0.0
0.0
0.0
0.0
0.0
0.0
0.0
0.0
0.0
0.0
5.0
51.0
0.0
5.0
89.0
13.0
51.0
0.0
0.0
0.0
0.0
0.0
0.0
0.0
0.0
0.0
0.0
0.0
0.0
0.0
0.0
0.0
0.0
0.0
0.0
0.0
0.0
0.0
0.0
10.0
0.0
0.0
0.0
0.0
0.0
0.0
76.0
0.0
0.0
0.0
0.0
0.0
0.0
0.0
0.0
0.0
0.0
0.0
0.0
0.0
0.0
0.0
0.0
0.0
0.0
0.0
0.0
0.0
0.0
0.0
0.0
0.0
0.0
0.0
64.0
0.0
25.0
0.0
0.0
0.0
25.0
0.0
0.0
0.0
0.0
0.0
0.0
0.0
152.0
0.0
0.0
0.0
38.0
0.0
0.0
0.0
0.0
0.0
0.0
20.0
0.0
0.0
0.0
0.0
0.0
0.0
0.0
0.0
0.0
0.0
0.0
0.0
0.0
0.0
0.0
0.0
0.0
0.0
13.0
0.0
0.0
38.0
0.0
0.0
0.0
0.0
0.0
0.0
0.0
0.0
0.0
0.0
0.0
0.0
0.0
0.0
0.0
0.0
0.0
0.0
0.0
0.0
0.0
0.0
0.0
0.0
0.0
0.0
0.0
0.0
0.0
0.0
0.0
0.0
0.0
0.0
13.0
0.0
0.0
0.0
0.0
0.0
0.0
0.0
0.0
0.0
0.0
0.0
0.0
25.0
38.0
0.0
0.0
0.0
0.0
13.0
0.0
0.0
46.0
10.0
381.0
0.0
13.0
0.0
0.0
0.0
0.0
0.0
0.0
38.0
0.0
0.0
0.0
0.0
0.0
0.0
0.0
0.0
102.0
51.0
25.0
0.0
0.0
0.0
0.0
0.0
0.0
254.0
0.0
0.0
102.0
76.0
0.0
0.0
0.0
0.0
0.0
10.0
0.0
0.0
0.0
15.0
33.0
0.0
0.0
0.0
0.0
0.0
15.0
0.0
0.0
5.0
0.0
0.0
0.0
117.0
0.0
0.0
0.0
0.0
0.0
0.0
0.0
142.0
262.0
130.0
0.0
5.0
0.0
0.0
0.0
0.0
0.0
41.0
51.0
0.0
25.0
0.0
33.0
0.0
0.0
0.0
0.0
91.0
69.0
5.0
0.0
0.0
0.0
0.0
5.0
178.0
0.0
0.0
0.0
10.0
46.0
0.0
0.0
5.0
15.0
0.0
0.0
0.0
0.0
69.0
0.0
0.0
0.0
0.0
0.0
13.0
0.0
0.0
0.0
0.0
0.0
0.0
15.0
109.0
8.0
0.0
0.0
0.0
0.0
0.0
0.0
69.0
0.0
0.0
0.0
0.0
0.0
0.0
0.0
0.0
0.0
0.0
0.0
0.0
0.0
0.0
0.0
0.0
0.0
0.0
0.0
0.0
0.0
0.0
0.0
0.0
0.0
127.0
0.0
0.0
0.0
0.0
0.0
0.0
0.0
0.0
0.0
0.0
0.0
0.0
0.0
0.0
0.0
56.0
NaN
0.0
0.0
0.0
0.0
0.0
0.0
0.0
0.0
0.0
0.0
0.0
0.0
0.0
0.0
0.0
0.0
0.0
0.0
0.0
8.0
0.0
0.0
76.0
0.0
0.0
0.0
0.0
0.0
0.0
0.0
0.0
0.0
0.0
0.0
0.0
0.0
0.0
0.0
0.0
0.0
0.0
0.0
0.0
0.0
0.0
0.0
0.0
0.0
0.0
0.0
76.0
0.0
0.0
0.0
0.0
0.0
0.0
0.0
0.0
178.0
0.0
25.0
0.0
0.0
0.0
0.0
0.0
0.0
0.0
0.0
0.0
0.0
25.0
0.0
0.0
0.0
0.0
0.0
0.0
0.0
0.0
0.0
20.0
0.0
0.0
0.0
0.0
0.0
0.0
0.0
0.0
0.0
NaN
0.0
0.0
0.0
0.0
NaN
0.0
0.0
NaN
13.0
0.0
0.0
30.0
NaN
NaN
0.0
0.0
0.0
0.0
0.0
0.0
38.0
0.0
0.0
0.0
0.0
0.0
0.0
0.0
0.0
0.0
0.0
0.0
0.0
0.0
51.0
0.0
0.0
0.0
0.0
0.0
0.0
0.0
0.0
0.0
64.0
0.0
0.0
0.0
0.0
0.0
0.0
0.0
0.0
0.0
0.0
0.0
0.0
0.0
0.0
0.0
0.0
38.0
0.0
356.0
0.0
0.0
0.0
13.0
0.0
0.0
0.0
0.0
0.0
0.0
56.0
0.0
0.0
41.0
0.0
0.0
0.0
36.0
0.0
0.0
0.0
0.0
0.0
0.0
18.0
0.0
0.0
0.0
0.0
267.0
615.0
64.0
0.0
0.0
0.0
0.0
0.0
0.0
0.0
25.0
76.0
0.0
0.0
38.0
0.0
0.0
20.0
300.0
0.0
23.0
20.0
173.0
0.0
13.0
0.0
0.0
0.0
0.0
76.0
142.0
41.0
0.0
0.0
79.0
0.0
0.0
69.0
0.0
0.0
41.0
0.0
0.0
0.0
0.0
0.0
8.0
0.0
43.0
279.0
13.0
81.0
5.0
0.0
0.0
0.0
0.0
0.0
107.0
0.0
0.0
10.0
0.0
0.0
234.0
165.0
0.0
480.0
71.0
0.0
0.0
0.0
0.0
5.0
122.0
0.0
0.0
36.0
0.0
0.0
0.0
0.0
23.0
0.0
25.0
20.0
0.0
20.0
0.0
0.0
254.0
0.0
0.0
0.0
0.0
0.0
0.0
0.0
0.0
140.0
0.0
216.0
102.0
0.0
51.0
8.0
0.0
10.0
0.0
13.0
76.0
0.0
20.0
0.0
56.0
0.0
43.0
0.0
0.0
0.0
0.0
0.0
13.0
0.0
0.0
0.0
135.0
0.0
0.0
0.0
33.0
61.0
5.0
0.0
0.0
0.0
0.0
0.0
0.0
229.0
30.0
0.0
0.0
0.0
25.0
0.0
0.0
25.0
114.0
10.0
107.0
0.0
0.0
0.0
0.0
0.0
0.0
0.0
0.0
0.0
0.0
0.0
0.0
0.0
0.0
0.0
0.0
0.0
0.0
20.0
0.0
0.0
0.0
0.0
0.0
0.0
0.0
86.0
0.0
0.0
0.0
0.0
0.0
0.0
0.0
0.0
0.0
0.0
0.0
0.0
0.0
0.0
0.0
0.0
0.0
8.0
0.0
0.0
0.0
0.0
0.0
0.0
0.0
0.0
0.0
0.0
0.0
0.0
51.0
0.0
0.0
0.0
0.0
0.0
0.0
0.0
0.0
0.0
0.0
0.0
0.0
0.0
0.0
0.0
0.0
0.0
0.0
41.0
0.0
0.0
13.0
0.0
0.0
0.0
152.0
0.0
0.0
0.0
64.0
0.0
51.0
0.0
0.0
0.0
0.0
0.0
0.0
0.0
0.0
0.0
0.0
0.0
51.0
0.0
0.0
0.0
0.0
0.0
0.0
0.0
0.0
0.0
0.0
0.0
0.0
0.0
0.0
0.0
0.0
0.0
0.0
0.0
0.0
0.0
0.0
0.0
0.0
0.0
0.0
0.0
25.0
0.0
0.0
0.0
0.0
0.0
76.0
102.0
203.0
0.0
25.0
0.0
0.0
0.0
0.0
76.0
0.0
0.0
0.0
0.0
0.0
38.0
0.0
0.0
0.0
0.0
0.0
0.0
0.0
0.0
0.0
0.0
127.0
0.0
0.0
0.0
0.0
483.0
0.0
0.0
0.0
0.0
0.0
0.0
0.0
0.0
0.0
0.0
0.0
8.0
0.0
0.0
0.0
0.0
0.0
0.0
0.0
0.0
0.0
0.0
0.0
0.0
0.0
0.0
0.0
0.0
0.0
71.0
5.0
0.0
0.0
0.0
0.0
0.0
0.0
0.0
0.0
0.0
0.0
0.0
0.0
0.0
0.0
0.0
5.0
0.0
0.0
0.0
0.0
0.0
3.0
0.0
0.0
0.0
0.0
0.0
0.0
23.0
48.0
25.0
94.0
170.0
28.0
53.0
41.0
86.0
28.0
0.0
0.0
10.0
0.0
15.0
0.0
0.0
0.0
0.0
0.0
0.0
0.0
135.0
147.0
66.0
36.0
33.0
25.0
0.0
0.0
0.0
0.0
15.0
114.0
30.0
343.0
231.0
234.0
0.0
0.0
86.0
137.0
46.0
0.0
0.0
79.0
0.0
135.0
0.0
0.0
0.0
0.0
28.0
51.0
0.0
25.0
168.0
53.0
0.0
0.0
0.0
0.0
0.0
0.0
28.0
25.0
0.0
30.0
76.0
5.0
0.0
0.0
0.0
25.0
0.0
140.0
0.0
0.0
0.0
0.0
0.0
0.0
0.0
10.0
0.0
0.0
0.0
8.0
0.0
0.0
0.0
0.0
0.0
0.0
0.0
NaN
NaN
NaN
NaN
NaN
NaN
NaN
NaN
NaN
NaN
NaN
NaN
NaN
NaN
NaN
NaN
NaN
NaN
NaN
NaN
NaN
NaN
NaN
NaN
NaN
13.0
NaN
NaN
NaN
NaN
0.0
0.0
0.0
0.0
0.0
0.0
0.0
0.0
0.0
0.0
152.0
30.0
0.0
0.0
0.0
0.0
0.0
0.0
0.0
0.0
0.0
0.0
0.0
0.0
0.0
0.0
0.0
0.0
0.0
0.0
0.0
0.0
0.0
0.0
0.0
0.0
0.0
0.0
0.0
25.0
0.0
0.0
0.0
0.0
0.0
0.0
0.0
0.0
0.0
0.0
0.0
0.0
0.0
0.0
0.0
0.0
0.0
0.0
8.0
0.0
0.0
0.0
76.0
0.0
0.0
0.0
0.0
0.0
0.0
0.0
109.0
0.0
0.0
0.0
0.0
0.0
0.0
0.0
0.0
0.0
0.0
0.0
0.0
0.0
0.0
0.0
0.0
0.0
0.0
0.0
0.0
0.0
0.0
0.0
0.0
0.0
0.0
0.0
0.0
38.0
0.0
0.0
0.0
0.0
0.0
0.0
0.0
0.0
0.0
0.0
0.0
0.0
38.0
0.0
0.0
0.0
0.0
0.0
0.0
76.0
25.0
0.0
0.0
