NaN
13.8161290323
20.0586206897
23.08
24.764516129
20.74
13.435483871
5.92666666667
1.84193548387
0.593548387097
-1.95357142857
-0.535483870968
11.95
14.85
20.9166666667
24.8903225806
25.6322580645
22.5866666667
13.5935483871
6.13
0.209677419355
-3.71935483871
-1.13703703704
5.42903225806
5.12333333333
11.6032258065
21.2433333333
24.7129032258
22.2935483871
19.32
13.1451612903
5.60666666667
0.406451612903
-0.866666666667
-2.62413793103
3.47096774194
10.61
15.4774193548
21.5
25.1096774194
25.0870967742
23.2266666667
13.1129032258
7.16333333333
-0.306451612903
-1.89677419355
-1.48214285714
2.21935483871
6.17333333333
14.8741935484
21.8266666667
24.5548387097
25.8133333333
19.3466666667
11.8064516129
8.74333333333
-3.19032258065
-3.19032258065
-3.76785714286
8.63225806452
10.25
13.7838709677
24.25
26.7903225806
23.9806451613
18.5233333333
15.7419354839
3.12
-1.77419354839
-2.77741935484
0.0142857142857
3.13548387097
8.83666666667
17.3709677419
23.67
25.0322580645
23.5612903226
19.2666666667
11.5935483871
2.45
2.03225806452
-13.0451612903
-5.91379310345
-0.822580645161
10.4233333333
14.8516129032
21.5933333333
22.8161290323
20.5225806452
19.9466666667
14.9870967742
6.16
1.53870967742
-1.9064516129
-6.08571428571
1.03870967742
9.53333333333
14.2258064516
22.96
23.5677419355
24.5709677419
19.5233333333
12.4387096774
7.63333333333
3.4935483871
-0.493548387097
-6.20714285714
2.14516129032
7.31
18.3806451613
21.1466666667
25.8258064516
24.1580645161
19.32
17.0419354839
6.82
-4.08387096774
-4.18387096774
0.1
2.18064516129
13.1466666667
12.1677419355
17.3333333333
21.4096774194
21.8903225806
19.8533333333
14.2903225806
6.42333333333
-0.0354838709677
-2.12580645161
-5.47586206897
-0.125806451613
9.38666666667
16.2483870968
18.6466666667
28.6548387097
26.364516129
18.85
12.2
4.69333333333
-3.35806451613
-5.75161290323
-7.87857142857
1.91935483871
7.59
14.5258064516
19.3233333333
25.5258064516
23.0
18.9966666667
8.76129032258
6.28
-4.35161290323
-9.48709677419
-3.64642857143
6.41935483871
9.65666666667
17.5129032258
22.02
24.3419354839
26.3225806452
17.94
15.3193548387
7.15333333333
2.71724137931
-0.3
-0.574074074074
4.31612903226
10.42
16.6612903226
25.1366666667
27.064516129
24.8741935484
22.1862068966
13.4967741935
3.73448275862
-6.18709677419
-7.71290322581
-3.76896551724
2.52580645161
6.81666666667
15.1032258065
20.72
21.5032258065
24.6387096774
22.7166666667
18.5451612903
5.16
1.57741935484
0.0709677419355
0.617857142857
5.70322580645
14.4166666667
19.8419354839
26.6133333333
32.0419354839
25.0193548387
23.8033333333
14.3419354839
4.09666666667
-0.0967741935484
-3.07419354839
-2.38214285714
3.36774193548
10.3833333333
21.2709677419
24.9
25.5290322581
26.1258064516
22.8233333333
15.4870967742
7.54666666667
-1.46774193548
-1.72580645161
-4.86428571429
-1.18064516129
8.31
17.8806451613
25.5033333333
27.5064516129
24.3870967742
20.2566666667
14.0838709677
8.24333333333
4.69677419355
-5.90322580645
-1.64827586207
2.35483870968
9.05
12.635483871
20.5066666667
23.2096774194
22.4064516129
16.9966666667
16.4516129032
6.56
-3.35161290323
-3.34516129032
-1.17142857143
4.56333333333
13.6166666667
16.1870967742
23.3466666667
25.4833333333
26.7419354839
21.4233333333
8.16451612903
5.51666666667
-3.32258064516
-2.62258064516
-1.43214285714
-0.951612903226
9.01333333333
17.8548387097
20.7931034483
25.6774193548
23.7709677419
17.3766666667
11.2516129032
4.11538461538
-2.74516129032
-4.56774193548
-0.15
5.21612903226
10.09
14.8258064516
21.14
24.1806451613
22.8064516129
21.2066666667
14.6870967742
5.46666666667
-2.85161290323
-2.42580645161
-2.14827586207
2.73870967742
NaN
16.1774193548
NaN
25.364516129
24.1741935484
18.3433333333
13.5580645161
6.02666666667
1.21935483871
-8.70967741935
-5.91071428571
5.28333333333
10.7444444444
NaN
21.872
25.7483870968
23.8838709677
20.04
13.7419354839
4.04285714286
-1.73870967742
-6.84838709677
0.510714285714
2.86451612903
10.6482758621
18.3580645161
24.2178571429
26.8290322581
27.7806451613
22.7068965517
11.8483870968
8.00689655172
0.226923076923
0.640740740741
2.26428571429
1.98
11.7035714286
16.0193548387
24.2966666667
28.7032258065
24.7433333333
24.11
15.76
9.62413793103
2.73548387097
1.33666666667
-0.262068965517
-0.816129032258
8.92142857143
16.6096774194
24.8533333333
27.4322580645
27.3161290323
21.3965517241
11.5923076923
4.084
NaN
1.65185185185
-3.788
1.58571428571
9.22857142857
17.7142857143
26.8275862069
27.2655172414
25.4551724138
23.3464285714
12.2730769231
3.164
NaN
NaN
NaN
0.75
8.53793103448
20.3793103448
25.2538461538
26.0379310345
23.4266666667
19.536
14.1034482759
7.956
NaN
NaN
-2.22
3.91111111111
8.89285714286
15.14
21.1148148148
28.6068965517
24.6607142857
19.2103448276
NaN
4.5
NaN
-6.81923076923
-8.516
3.08846153846
6.99285714286
19.6333333333
22.708
30.0034482759
25.1551724138
21.9222222222
12.4115384615
3.132
NaN
NaN
-1.31666666667
1.28620689655
8.84827586207
18.675862069
23.2321428571
27.5
28.3033333333
21.0481481481
11.0346153846
NaN
NaN
NaN
-0.475
5.33076923077
11.1961538462
16.1827586207
22.5423076923
25.7580645161
26.8103448276
19.2137931034
16.1551724138
6.476
NaN
-0.0576923076923
-3.13043478261
2.42592592593
8.61379310345
19.1928571429
23.0655172414
27.0451612903
26.0033333333
21.4333333333
13.0814814815
6.64642857143
3.06153846154
-4.81153846154
-1.11379310345
-0.374193548387
8.41379310345
NaN
21.675862069
26.7785714286
24.0740740741
20.7961538462
14.3862068966
4.50769230769
NaN
-2.23076923077
-2.125
1.2275862069
14.55
20.2103448276
25.4586206897
28.4896551724
26.33
21.0346153846
14.1517241379
7.01481481481
NaN
NaN
-2.484
3.7064516129
14.2933333333
15.6703703704
22.6714285714
25.7066666667
25.4483870968
18.9310344828
14.675
6.576
-3.68461538462
NaN
NaN
0.229032258065
9.36551724138
16.8096774194
24.66
27.2903225806
25.9
18.9233333333
14.0516129032
3.97333333333
0.736666666667
1.71935483871
-1.00689655172
0.667741935484
8.63666666667
19.8903225806
24.2
26.9548387097
26.8483870968
20.0
14.4709677419
8.13103448276
-2.36774193548
-5.40967741935
-1.68571428571
8.79032258065
10.8566666667
15.4903225806
20.8766666667
24.6741935484
25.4193548387
19.8
13.1516129032
5.65
-2.63548387097
-0.554838709677
-0.357142857143
9.19677419355
13.12
16.6709677419
22.8866666667
25.85
25.3129032258
21.74
16.9064516129
8.70666666667
1.22333333333
-0.390322580645
-3.0
2.65806451613
8.52
13.7096774194
20.72
26.1967741935
27.8677419355
21.78
19.1741935484
3.51379310345
-0.522580645161
-4.4935483871
-2.44137931034
2.55483870968
11.9846153846
17.335483871
23.5482758621
27.2193548387
25.7612903226
23.4066666667
14.7827586207
7.06333333333
-0.354838709677
-1.06129032258
-1.37142857143
2.92580645161
12.5275862069
18.2793103448
25.1576923077
27.0225806452
26.2193548387
19.8448275862
16.9225806452
5.33
1.16451612903
-1.56129032258
-2.3
0.996666666667
5.91333333333
17.3161290323
23.5379310345
24.8827586207
23.2724137931
19.9266666667
15.7612903226
3.57931034483
-3.41935483871
-4.37096774194
-1.63214285714
NaN
10.6137931034
20.5193548387
22.0166666667
27.2258064516
23.3096774194
18.7066666667
14.035483871
2.08620689655
-1.8724137931
-2.37
0.348275862069
1.43870967742
13.8733333333
18.3032258065
23.9033333333
26.1483870968
24.3580645161
22.1428571429
13.26
6.66333333333
0.938709677419
-0.141935483871
-1.19285714286
4.3935483871
8.96
16.9548387097
23.6633333333
27.1419354839
27.2419354839
21.66
18.1967741935
9.37
0.770967741935
-3.04516129032
2.28928571429
2.58709677419
11.52
14.5935483871
24.1166666667
25.5774193548
25.0387096774
19.7133333333
13.9129032258
7.60333333333
-0.148387096774
-3.2935483871
-2.01785714286
2.44838709677
14.56
19.8967741935
23.14
28.5322580645
29.2096774194
21.6833333333
15.0838709677
3.91333333333
-2.71612903226
-1.71935483871
-1.89310344828
1.45483870968
9.13793103448
16.4903225806
24.2566666667
23.5741935484
24.5387096774
17.6866666667
16.6870967742
6.18666666667
0.106451612903
-6.79677419355
-0.571428571429
3.48709677419
10.5666666667
16.6290322581
23.13
26.6516129032
25.164516129
20.3333333333
13.4741935484
5.11
1.0
-1.51935483871
-3.96428571429
3.8935483871
12.9466666667
18.1096774194
21.4166666667
25.4548387097
26.0129032258
20.8366666667
14.7
7.33333333333
-4.33548387097
-6.86451612903
-4.06071428571
2.01612903226
10.8
18.9193548387
24.87
26.3
26.8451612903
21.36
11.2548387097
2.05
1.35806451613
-1.76129032258
-1.58620689655
-0.235483870968
11.0333333333
15.8225806452
22.1666666667
25.2677419355
25.4064516129
21.8033333333
14.4290322581
7.52
-2.05806451613
-3.4935483871
1.58214285714
4.12258064516
9.36666666667
17.6612903226
24.0366666667
25.4290322581
25.8064516129
21.9666666667
14.8387096774
6.23666666667
-0.935483870968
-5.67096774194
-3.89285714286
2.83225806452
11.1266666667
18.9129032258
22.4166666667
24.5193548387
24.8967741935
19.0966666667
14.3516129032
6.53666666667
-0.832258064516
-8.72580645161
-5.18214285714
3.71290322581
13.2366666667
17.3516129032
25.4172413793
27.4548387097
24.6967741935
20.89
19.5903225806
9.13
-3.26129032258
0.145161290323
0.568965517241
3.62258064516
10.7966666667
19.8161290323
24.45
27.3064516129
23.2935483871
20.2633333333
14.4451612903
9.04333333333
-1.08064516129
-2.97419354839
-2.56785714286
0.622580645161
9.06666666667
18.6741935484
22.7466666667
24.764516129
24.4806451613
18.9533333333
15.9333333333
6.83
2.85161290323
-3.94193548387
-1.18928571429
4.99032258065
9.27333333333
15.9032258065
25.34
28.8322580645
25.3032258065
21.4133333333
14.2516129032
4.91333333333
-0.558064516129
-1.11290322581
-3.83214285714
3.13870967742
11.12
14.8064516129
23.5733333333
25.0387096774
24.0064516129
20.69
13.335483871
3.74666666667
0.390322580645
-3.35483870968
-2.72068965517
7.21612903226
11.89
17.0741935484
22.6466666667
25.8935483871
26.4129032258
21.5233333333
15.0677419355
6.30344827586
-0.0870967741935
-3.71935483871
-0.475
1.8935483871
11.3866666667
18.0451612903
19.5266666667
25.8483870968
28.6225806452
20.9233333333
12.4548387097
5.46
-0.38064516129
-6.30322580645
-1.79642857143
2.52903225806
12.0033333333
17.1709677419
24.3366666667
28.1225806452
27.1129032258
20.5833333333
14.9967741935
5.79333333333
-0.551612903226
-5.81935483871
-3.03928571429
1.70967741935
10.4633333333
16.8451612903
25.13
24.8741935484
24.3516129032
21.22
16.5903225806
6.19
0.738709677419
-5.04516129032
-3.52068965517
0.532258064516
8.15666666667
20.5709677419
22.72
24.9870967742
24.8419354839
19.7966666667
12.0774193548
4.78
-2.44193548387
-1.25161290323
-1.0
7.40322580645
9.39
15.1193548387
23.78
26.7612903226
26.9193548387
20.96
16.9161290323
5.93666666667
-1.37741935484
-3.62903225806
-2.22142857143
3.35161290323
12.1166666667
16.0258064516
22.3366666667
26.7870967742
24.6870967742
18.8866666667
13.7580645161
7.08
1.36451612903
-1.74838709677
-1.65357142857
1.88709677419
7.74
20.6387096774
23.78
27.4838709677
25.735483871
18.9233333333
15.3064516129
9.27666666667
-0.158064516129
-4.57419354839
0.872413793103
3.84516129032
12.5333333333
16.7870967742
26.15
28.3322580645
26.5419354839
22.6466666667
12.5366666667
3.28666666667
-4.98709677419
-9.25483870968
-1.56428571429
6.63548387097
13.8966666667
23.3064516129
22.6933333333
27.8580645161
23.6967741935
19.5933333333
14.435483871
5.73666666667
-1.96129032258
-4.96451612903
-4.14642857143
2.9935483871
9.81
19.1774193548
23.7833333333
24.4903225806
25.9266666667
22.6966666667
13.8838709677
6.73666666667
-2.50967741935
-8.16774193548
-5.66785714286
2.66451612903
9.26
15.7290322581
22.5
27.1064516129
24.1066666667
21.94
11.9451612903
5.11666666667
2.13333333333
-3.25161290323
-2.87931034483
2.0935483871
11.7
19.9580645161
22.89
26.835483871
25.0419354839
20.77
11.9580645161
6.41
-1.64193548387
-4.15483870968
-0.917857142857
6.1935483871
11.7966666667
17.2419354839
23.4666666667
25.9806451613
24.7129032258
19.84
11.0161290323
7.34333333333
-0.525806451613
-6.6275862069
-3.19259259259
1.55
9.33846153846
19.5346153846
20.7961538462
25.4518518519
NaN
18.7642857143
NaN
5.02592592593
2.24333333333
-1.43928571429
1.28928571429
3.6935483871
8.87142857143
14.5709677419
23.9933333333
28.9193548387
27.9225806452
21.86
14.3548387097
6.94333333333
-5.5
-5.21333333333
1.80344827586
0.467741935484
11.3866666667
16.6933333333
24.0466666667
26.1838709677
26.5733333333
19.424137931
14.7266666667
7.03103448276
0.773333333333
-5.28666666667
-3.25357142857
5.75
12.5033333333
20.5066666667
21.6133333333
26.0774193548
23.4107142857
20.4586206897
13.8
3.83333333333
-6.57666666667
-3.17419354839
-2.5962962963
4.68064516129
13.3
20.5096774194
22.5448275862
26.7933333333
24.2033333333
20.26
14.2
4.04333333333
-0.461290322581
-0.8
2.11785714286
7.05862068966
14.2633333333
20.0833333333
27.06
27.2166666667
24.4935483871
21.5
11.6096774194
7.56206896552
1.18666666667
-4.72666666667
-3.17931034483
3.83548387097
11.81
21.6322580645
28.1633333333
28.6612903226
27.2516129032
21.8433333333
11.1
5.97586206897
-0.877419354839
0.863333333333
-3.87407407407
1.53225806452
10.1666666667
17.9935483871
22.41
26.7193548387
26.8225806452
22.8
14.5129032258
3.66666666667
-6.52580645161
1.36129032258
0.0357142857143
5.60322580645
13.5566666667
17.5322580645
23.0966666667
25.3967741935
24.9483870968
22.1466666667
13.5733333333
8.61666666667
0.0225806451613
-4.8
0.992857142857
4.87419354839
13.5566666667
19.6419354839
25.07
25.4516129032
26.5870967742
18.93
12.1129032258
2.85
0.00322580645161
-1.77419354839
0.121428571429
2.9
7.91
18.2612903226
21.2033333333
22.235483871
23.4096774194
17.7833333333
12.7967741935
3.62666666667
-0.238709677419
-3.03225806452
-2.72142857143
3.4064516129
8.65333333333
17.1258064516
20.7
24.8903225806
25.4806451613
17.98
12.5193548387
4.65
-0.429032258065
-8.33548387097
-5.8
4.01612903226
11.5
18.2677419355
24.2633333333
24.4096774194
23.0258064516
21.58
14.8096774194
7.97333333333
2.51935483871
-2.76129032258
-2.99642857143
4.77419354839
7.99
17.3903225806
25.8633333333
26.0935483871
26.6193548387
20.2310344828
13.7419354839
1.68
-3.42258064516
-3.58387096774
-4.13793103448
-0.483870967742
7.81333333333
15.3612903226
21.8066666667
24.1225806452
25.4064516129
20.7966666667
13.5096774194
2.63666666667
-1.58709677419
-4.81935483871
-1.46785714286
2.05161290323
10.11
13.5483870968
24.5566666667
25.1580645161
23.0677419355
21.0033333333
13.6483870968
4.6
1.53548387097
-2.15161290323
2.93571428571
3.96774193548
12.37
21.9387096774
23.08
26.8677419355
26.3870967742
24.7666666667
15.0935483871
7.60666666667
3.78387096774
-5.04838709677
1.27142857143
5.69032258065
12.13
18.7870967742
23.3633333333
27.3225806452
24.7225806452
21.37
13.3032258065
10.8833333333
0.467741935484
-2.67096774194
0.896551724138
8.79677419355
10.7433333333
18.0612903226
21.8833333333
24.1580645161
24.5387096774
19.84
15.2548387097
5.8
-4.78387096774
-1.42258064516
-2.3
3.14838709677
12.9966666667
18.4387096774
22.1666666667
26.9419354839
27.035483871
19.4333333333
13.5709677419
9.72333333333
2.53225806452
-0.387096774194
0.642857142857
0.264516129032
9.42333333333
13.7064516129
23.0033333333
27.8096774194
25.2548387097
22.31
11.5806451613
5.30666666667
0.21935483871
-4.6064516129
-4.75714285714
2.37419354839
9.09
16.4903225806
21.67
25.8516129032
26.5096774194
20.1633333333
13.3967741935
5.62333333333
2.17741935484
-6.55483870968
-0.979310344828
4.22580645161
11.8066666667
14.9258064516
21.2066666667
24.1096774194
22.835483871
23.0466666667
14.6387096774
8.20666666667
-0.245161290323
-4.36451612903
0.525925925926
2.18709677419
13.4633333333
15.264516129
25.57
27.4451612903
26.5677419355
23.57
15.3709677419
6.57666666667
-2.95483870968
1.68709677419
-1.825
4.93870967742
14.37
17.6129032258
23.6933333333
28.635483871
25.5903225806
19.9066666667
11.635483871
7.22
1.92258064516
-0.516129032258
-5.375
5.6
10.7166666667
18.7967741935
25.05
25.8903225806
26.1903225806
22.2233333333
16.3709677419
5.63666666667
-1.68064516129
-3.65483870968
-4.17586206897
1.44516129032
10.8666666667
16.1419354839
22.6333333333
26.064516129
25.8612903226
21.0866666667
13.6903225806
6.09
-3.31612903226
-7.32580645161
-0.646428571429
3.5064516129
10.85
17.1838709677
22.24
24.4870967742
23.8064516129
22.84
10.6451612903
9.73
-1.64193548387
-3.22258064516
-0.439285714286
8.63548387097
13.6433333333
19.2838709677
21.9166666667
26.4225806452
26.4709677419
19.4966666667
15.8419354839
7.26666666667
-2.06451612903
-4.93870967742
-2.48214285714
2.48064516129
9.07666666667
15.9709677419
22.4
27.9225806452
27.064516129
20.68
14.8193548387
7.3
1.79032258065
-0.612903225806
1.68275862069
10.4451612903
11.0366666667
19.135483871
23.9033333333
28.6064516129
25.4838709677
21.4666666667
12.3483870968
5.66333333333
1.47419354839
-2.52258064516
-2.91071428571
0.925806451613
7.18666666667
16.8322580645
21.9233333333
24.6580645161
24.8677419355
20.9466666667
13.7129032258
4.67
-4.72903225806
-8.42580645161
-7.40357142857
-1.32580645161
8.15
16.8258064516
21.7433333333
23.9096774194
23.8096774194
19.95
12.164516129
1.85
0.5
-4.92258064516
-7.81071428571
3.67419354839
10.63
17.9064516129
21.74
24.8806451613
23.6
22.64
14.8161290323
8.85
4.12903225806
-3.07096774194
-0.451724137931
5.63548387097
8.70333333333
17.8225806452
22.9833333333
26.0387096774
26.3451612903
22.1366666667
15.4838709677
10.5366666667
-1.12903225806
-2.2064516129
2.07142857143
2.02580645161
11.9
15.6096774194
23.32
25.4612903226
23.5870967742
NaN
NaN
