0.0
8.0
0.0
0.0
10.0
0.0
0.0
0.0
132.0
0.0
0.0
0.0
13.0
10.0
18.0
0.0
0.0
0.0
0.0
366.0
0.0
137.0
0.0
13.0
0.0
160.0
0.0
0.0
0.0
3.0
0.0
0.0
112.0
64.0
0.0
0.0
0.0
0.0
0.0
325.0
0.0
0.0
0.0
0.0
0.0
0.0
5.0
0.0
0.0
135.0
0.0
0.0
0.0
15.0
157.0
0.0
0.0
0.0
0.0
0.0
0.0
0.0
0.0
36.0
86.0
38.0
546.0
0.0
0.0
180.0
0.0
0.0
0.0
450.0
0.0
0.0
0.0
58.0
0.0
0.0
0.0
25.0
0.0
0.0
0.0
43.0
0.0
0.0
0.0
51.0
0.0
0.0
0.0
0.0
0.0
0.0
0.0
0.0
0.0
0.0
0.0
51.0
244.0
0.0
0.0
0.0
38.0
648.0
0.0
0.0
0.0
0.0
0.0
0.0
0.0
0.0
0.0
0.0
0.0
0.0
0.0
0.0
0.0
0.0
0.0
0.0
0.0
0.0
0.0
0.0
0.0
89.0
0.0
0.0
0.0
0.0
15.0
46.0
678.0
38.0
0.0
0.0
0.0
0.0
0.0
0.0
0.0
0.0
74.0
0.0
0.0
0.0
0.0
0.0
0.0
0.0
33.0
0.0
0.0
0.0
5.0
38.0
0.0
0.0
0.0
0.0
0.0
0.0
0.0
0.0
0.0
0.0
0.0
0.0
0.0
0.0
0.0
0.0
0.0
0.0
0.0
0.0
0.0
0.0
0.0
191.0
0.0
0.0
0.0
0.0
0.0
0.0
0.0
0.0
0.0
NaN
0.0
140.0
0.0
0.0
0.0
0.0
0.0
25.0
51.0
0.0
0.0
0.0
0.0
0.0
0.0
0.0
0.0
0.0
0.0
0.0
0.0
0.0
0.0
0.0
0.0
0.0
0.0
0.0
3.0
28.0
0.0
0.0
127.0
0.0
0.0
0.0
0.0
0.0
0.0
152.0
0.0
0.0
18.0
0.0
0.0
0.0
0.0
0.0
0.0
0.0
0.0
0.0
0.0
0.0
0.0
0.0
0.0
127.0
335.0
0.0
0.0
0.0
0.0
8.0
0.0
0.0
0.0
79.0
0.0
0.0
0.0
0.0
0.0
0.0
0.0
0.0
0.0
0.0
0.0
0.0
0.0
0.0
0.0
0.0
0.0
0.0
229.0
20.0
0.0
0.0
124.0
0.0
0.0
0.0
89.0
5.0
0.0
0.0
0.0
0.0
0.0
0.0
0.0
46.0
0.0
0.0
0.0
0.0
0.0
0.0
152.0
61.0
0.0
0.0
0.0
0.0
0.0
0.0
0.0
290.0
0.0
0.0
0.0
0.0
0.0
191.0
0.0
0.0
3.0
25.0
0.0
25.0
0.0
0.0
0.0
0.0
0.0
64.0
46.0
8.0
25.0
107.0
97.0
0.0
0.0
0.0
0.0
0.0
0.0
0.0
20.0
495.0
10.0
0.0
0.0
0.0
422.0
165.0
89.0
0.0
0.0
13.0
0.0
38.0
173.0
0.0
0.0
0.0
51.0
71.0
0.0
0.0
216.0
0.0
188.0
0.0
226.0
76.0
25.0
38.0
0.0
0.0
51.0
5.0
0.0
0.0
221.0
0.0
0.0
0.0
0.0
0.0
0.0
97.0
53.0
0.0
0.0
0.0
0.0
0.0
18.0
79.0
0.0
0.0
41.0
185.0
0.0
0.0
0.0
0.0
0.0
0.0
0.0
0.0
0.0
0.0
0.0
117.0
0.0
0.0
0.0
0.0
0.0
0.0
0.0
0.0
30.0
114.0
0.0
0.0
0.0
0.0
0.0
0.0
0.0
61.0
0.0
0.0
0.0
0.0
0.0
0.0
28.0
0.0
0.0
46.0
0.0
0.0
0.0
0.0
0.0
0.0
89.0
13.0
0.0
0.0
0.0
0.0
0.0
0.0
0.0
0.0
0.0
20.0
99.0
940.0
0.0
0.0
0.0
79.0
185.0
46.0
419.0
8.0
0.0
0.0
0.0
132.0
0.0
0.0
0.0
0.0
0.0
0.0
0.0
0.0
0.0
0.0
0.0
0.0
0.0
5.0
3.0
0.0
3.0
0.0
0.0
0.0
10.0
0.0
46.0
0.0
0.0
0.0
0.0
0.0
168.0
279.0
28.0
0.0
0.0
0.0
0.0
0.0
0.0
36.0
0.0
0.0
0.0
5.0
0.0
0.0
0.0
0.0
0.0
0.0
0.0
0.0
0.0
0.0
0.0
0.0
0.0
0.0
23.0
0.0
0.0
0.0
0.0
0.0
0.0
0.0
157.0
38.0
0.0
0.0
0.0
0.0
13.0
36.0
0.0
0.0
0.0
0.0
74.0
0.0
0.0
0.0
0.0
0.0
0.0
0.0
0.0
0.0
0.0
0.0
0.0
0.0
0.0
5.0
193.0
0.0
33.0
18.0
0.0
0.0
0.0
0.0
0.0
0.0
0.0
0.0
0.0
0.0
0.0
0.0
0.0
0.0
0.0
0.0
0.0
0.0
0.0
0.0
15.0
0.0
0.0
0.0
0.0
0.0
0.0
0.0
0.0
0.0
0.0
5.0
0.0
0.0
0.0
0.0
15.0
0.0
0.0
0.0
0.0
0.0
5.0
0.0
0.0
0.0
0.0
0.0
0.0
33.0
5.0
0.0
0.0
0.0
0.0
0.0
0.0
0.0
0.0
0.0
0.0
0.0
8.0
0.0
107.0
51.0
0.0
0.0
0.0
0.0
46.0
0.0
38.0
0.0
0.0
0.0
0.0
0.0
254.0
102.0
0.0
30.0
0.0
0.0
5.0
0.0
0.0
0.0
0.0
10.0
0.0
0.0
0.0
43.0
25.0
0.0
0.0
76.0
0.0
0.0
0.0
0.0
0.0
5.0
56.0
0.0
0.0
0.0
0.0
0.0
0.0
0.0
0.0
20.0
0.0
0.0
0.0
5.0
0.0
0.0
20.0
0.0
0.0
0.0
0.0
140.0
0.0
51.0
74.0
0.0
0.0
33.0
0.0
0.0
0.0
8.0
0.0
0.0
56.0
0.0
0.0
0.0
157.0
0.0
0.0
48.0
0.0
41.0
696.0
117.0
8.0
0.0
0.0
18.0
0.0
0.0
0.0
0.0
0.0
5.0
0.0
107.0
142.0
0.0
0.0
0.0
15.0
287.0
104.0
0.0
0.0
0.0
0.0
0.0
0.0
0.0
0.0
0.0
0.0
0.0
0.0
8.0
30.0
0.0
0.0
0.0
130.0
0.0
0.0
0.0
0.0
0.0
394.0
48.0
0.0
620.0
109.0
0.0
0.0
0.0
3.0
0.0
0.0
0.0
330.0
0.0
0.0
0.0
0.0
0.0
0.0
0.0
0.0
0.0
0.0
0.0
0.0
0.0
566.0
0.0
0.0
0.0
0.0
0.0
173.0
41.0
0.0
51.0
0.0
0.0
0.0
0.0
272.0
140.0
13.0
0.0
0.0
0.0
0.0
0.0
0.0
0.0
0.0
0.0
8.0
5.0
381.0
127.0
0.0
0.0
0.0
0.0
0.0
0.0
0.0
0.0
0.0
0.0
165.0
79.0
0.0
18.0
0.0
0.0
0.0
0.0
0.0
15.0
0.0
0.0
0.0
0.0
0.0
0.0
0.0
0.0
0.0
0.0
0.0
0.0
0.0
0.0
0.0
0.0
0.0
0.0
0.0
0.0
0.0
0.0
0.0
18.0
0.0
0.0
0.0
18.0
0.0
130.0
0.0
0.0
0.0
0.0
0.0
0.0
0.0
0.0
724.0
10.0
0.0
0.0
0.0
0.0
0.0
0.0
0.0
0.0
0.0
0.0
0.0
0.0
0.0
0.0
0.0
0.0
0.0
0.0
0.0
0.0
3.0
0.0
0.0
0.0
48.0
86.0
102.0
0.0
0.0
0.0
0.0
0.0
0.0
0.0
20.0
0.0
0.0
0.0
0.0
0.0
0.0
0.0
23.0
188.0
46.0
25.0
0.0
0.0
0.0
0.0
0.0
0.0
0.0
0.0
0.0
0.0
0.0
3.0
3.0
0.0
0.0
46.0
0.0
0.0
0.0
5.0
0.0
0.0
0.0
0.0
0.0
3.0
0.0
0.0
15.0
0.0
0.0
0.0
0.0
0.0
0.0
0.0
8.0
0.0
0.0
0.0
0.0
0.0
0.0
0.0
0.0
0.0
0.0
0.0
0.0
0.0
0.0
0.0
0.0
10.0
23.0
0.0
0.0
3.0
51.0
0.0
0.0
0.0
76.0
0.0
25.0
0.0
0.0
0.0
0.0
0.0
0.0
13.0
0.0
0.0
0.0
0.0
0.0
25.0
0.0
0.0
0.0
0.0
0.0
64.0
0.0
0.0
0.0
0.0
0.0
0.0
0.0
0.0
25.0
13.0
0.0
0.0
0.0
0.0
0.0
0.0
0.0
30.0
15.0
43.0
0.0
64.0
0.0
0.0
0.0
0.0
0.0
0.0
0.0
0.0
0.0
0.0
0.0
0.0
0.0
3.0
0.0
0.0
0.0
5.0
221.0
132.0
25.0
61.0
0.0
0.0
0.0
0.0
279.0
279.0
53.0
173.0
508.0
127.0
5.0
0.0
0.0
15.0
0.0
0.0
0.0
198.0
23.0
0.0
0.0
0.0
0.0
0.0
0.0
203.0
318.0
28.0
20.0
102.0
10.0
0.0
0.0
0.0
5.0
0.0
0.0
61.0
8.0
0.0
0.0
0.0
0.0
0.0
0.0
0.0
0.0
0.0
330.0
0.0
0.0
0.0
18.0
0.0
81.0
0.0
0.0
0.0
102.0
264.0
0.0
0.0
0.0
0.0
0.0
0.0
0.0
0.0
0.0
203.0
368.0
0.0
0.0
33.0
3.0
0.0
0.0
15.0
0.0
0.0
0.0
0.0
18.0
8.0
0.0
0.0
0.0
0.0
1257.0
0.0
0.0
206.0
30.0
0.0
0.0
33.0
8.0
0.0
0.0
0.0
0.0
0.0
0.0
0.0
0.0
0.0
0.0
0.0
0.0
0.0
0.0
0.0
0.0
0.0
15.0
183.0
419.0
0.0
0.0
18.0
0.0
0.0
0.0
0.0
114.0
3.0
0.0
165.0
0.0
0.0
145.0
0.0
0.0
0.0
3.0
0.0
0.0
0.0
0.0
0.0
0.0
0.0
0.0
0.0
170.0
51.0
0.0
0.0
69.0
3.0
0.0
3.0
10.0
28.0
0.0
0.0
0.0
5.0
48.0
0.0
218.0
18.0
41.0
3.0
0.0
813.0
0.0
0.0
0.0
0.0
5.0
0.0
0.0
0.0
0.0
0.0
0.0
0.0
0.0
0.0
0.0
0.0
0.0
0.0
5.0
48.0
38.0
0.0
0.0
0.0
0.0
0.0
46.0
33.0
221.0
429.0
8.0
0.0
0.0
0.0
0.0
0.0
0.0
0.0
0.0
0.0
0.0
0.0
0.0
0.0
0.0
0.0
10.0
23.0
0.0
15.0
36.0
0.0
5.0
13.0
0.0
0.0
0.0
0.0
0.0
0.0
0.0
0.0
0.0
0.0
0.0
8.0
0.0
0.0
0.0
0.0
0.0
0.0
0.0
5.0
0.0
0.0
0.0
25.0
0.0
0.0
0.0
38.0
5.0
8.0
0.0
0.0
0.0
0.0
0.0
0.0
5.0
0.0
0.0
0.0
0.0
0.0
0.0
0.0
0.0
107.0
0.0
0.0
0.0
0.0
0.0
0.0
0.0
0.0
0.0
0.0
0.0
0.0
0.0
0.0
0.0
3.0
30.0
0.0
0.0
0.0
0.0
0.0
0.0
25.0
79.0
0.0
0.0
0.0
0.0
71.0
0.0
0.0
0.0
0.0
0.0
0.0
0.0
0.0
0.0
0.0
0.0
0.0
30.0
0.0
0.0
0.0
0.0
0.0
0.0
0.0
0.0
0.0
0.0
0.0
0.0
0.0
0.0
0.0
175.0
71.0
0.0
0.0
0.0
0.0
0.0
0.0
0.0
0.0
147.0
3.0
0.0
0.0
23.0
0.0
10.0
0.0
0.0
0.0
91.0
8.0
0.0
48.0
56.0
0.0
0.0
41.0
0.0
0.0
0.0
0.0
10.0
119.0
69.0
5.0
0.0
0.0
20.0
0.0
0.0
3.0
0.0
0.0
0.0
0.0
0.0
0.0
0.0
0.0
0.0
0.0
0.0
0.0
0.0
0.0
330.0
610.0
36.0
0.0
3.0
3.0
25.0
0.0
3.0
0.0
0.0
64.0
23.0
5.0
3.0
0.0
0.0
0.0
0.0
241.0
0.0
0.0
0.0
0.0
0.0
0.0
0.0
0.0
0.0
3.0
0.0
185.0
132.0
0.0
0.0
0.0
0.0
5.0
0.0
71.0
0.0
0.0
15.0
0.0
0.0
10.0
104.0
5.0
0.0
NaN
0.0
0.0
0.0
0.0
0.0
0.0
5.0
0.0
0.0
119.0
0.0
0.0
23.0
0.0
0.0
0.0
0.0
0.0
0.0
0.0
0.0
0.0
0.0
0.0
0.0
0.0
0.0
0.0
0.0
0.0
0.0
18.0
0.0
0.0
0.0
150.0
0.0
0.0
0.0
0.0
0.0
0.0
NaN
0.0
0.0
0.0
25.0
41.0
0.0
373.0
0.0
0.0
0.0
0.0
0.0
0.0
0.0
0.0
0.0
43.0
NaN
0.0
13.0
0.0
NaN
0.0
0.0
0.0
0.0
0.0
5.0
0.0
0.0
0.0
0.0
0.0
15.0
86.0
0.0
0.0
94.0
0.0
140.0
3.0
0.0
13.0
0.0
0.0
69.0
0.0
0.0
0.0
0.0
0.0
152.0
0.0
0.0
10.0
0.0
0.0
0.0
0.0
0.0
0.0
0.0
58.0
3.0
5.0
0.0
0.0
470.0
0.0
0.0
0.0
0.0
0.0
0.0
0.0
0.0
0.0
0.0
0.0
0.0
0.0
NaN
155.0
0.0
43.0
0.0
0.0
NaN
0.0
23.0
239.0
0.0
13.0
0.0
0.0
0.0
0.0
0.0
0.0
0.0
0.0
0.0
0.0
0.0
0.0
0.0
0.0
0.0
0.0
0.0
0.0
0.0
0.0
0.0
0.0
0.0
0.0
0.0
0.0
0.0
0.0
0.0
25.0
0.0
0.0
13.0
0.0
0.0
0.0
0.0
33.0
0.0
0.0
0.0
0.0
51.0
0.0
0.0
0.0
0.0
0.0
0.0
0.0
0.0
0.0
13.0
0.0
0.0
0.0
0.0
0.0
0.0
0.0
0.0
0.0
0.0
0.0
0.0
0.0
0.0
0.0
0.0
0.0
0.0
0.0
0.0
0.0
0.0
114.0
0.0
0.0
0.0
0.0
51.0
0.0
0.0
10.0
38.0
0.0
0.0
0.0
0.0
0.0
0.0
0.0
0.0
0.0
0.0
0.0
0.0
0.0
0.0
0.0
0.0
0.0
0.0
0.0
0.0
0.0
0.0
0.0
0.0
0.0
0.0
0.0
0.0
0.0
0.0
0.0
0.0
0.0
0.0
0.0
0.0
0.0
0.0
0.0
15.0
0.0
0.0
0.0
0.0
185.0
0.0
0.0
0.0
0.0
0.0
5.0
0.0
0.0
20.0
3.0
89.0
0.0
0.0
0.0
0.0
0.0
0.0
0.0
147.0
0.0
0.0
0.0
0.0
8.0
0.0
10.0
0.0
0.0
0.0
0.0
0.0
30.0
0.0
0.0
0.0
0.0
0.0
20.0
0.0
0.0
43.0
8.0
0.0
0.0
0.0
0.0
0.0
0.0
0.0
15.0
274.0
89.0
0.0
0.0
0.0
0.0
0.0
0.0
69.0
198.0
0.0
0.0
3.0
0.0
0.0
0.0
381.0
13.0
180.0
28.0
0.0
5.0
0.0
0.0
0.0
0.0
102.0
0.0
0.0
0.0
0.0
8.0
353.0
457.0
0.0
0.0
0.0
10.0
10.0
8.0
15.0
79.0
0.0
0.0
18.0
5.0
0.0
0.0
0.0
0.0
0.0
0.0
0.0
145.0
409.0
193.0
0.0
119.0
384.0
0.0
0.0
0.0
38.0
290.0
452.0
627.0
0.0
0.0
0.0
0.0
51.0
0.0
0.0
56.0
521.0
66.0
5.0
0.0
20.0
0.0
0.0
0.0
467.0
18.0
0.0
0.0
0.0
64.0
0.0
0.0
0.0
0.0
0.0
0.0
0.0
0.0
0.0
58.0
0.0
0.0
0.0
0.0
112.0
0.0
0.0
48.0
0.0
0.0
0.0
135.0
84.0
3.0
0.0
71.0
71.0
0.0
36.0
89.0
168.0
0.0
0.0
0.0
0.0
13.0
0.0
0.0
0.0
0.0
0.0
3.0
0.0
0.0
0.0
0.0
0.0
0.0
0.0
0.0
3.0
36.0
173.0
363.0
127.0
3.0
0.0
0.0
0.0
272.0
18.0
0.0
0.0
145.0
330.0
0.0
0.0
0.0
0.0
0.0
0.0
0.0
452.0
0.0
0.0
0.0
0.0
0.0
0.0
0.0
0.0
0.0
0.0
0.0
0.0
0.0
0.0
0.0
0.0
0.0
0.0
36.0
0.0
203.0
0.0
0.0
0.0
0.0
0.0
0.0
0.0
8.0
0.0
84.0
0.0
224.0
8.0
5.0
5.0
8.0
15.0
0.0
0.0
0.0
0.0
114.0
0.0
3.0
0.0
0.0
25.0
0.0
0.0
0.0
79.0
0.0
0.0
0.0
0.0
0.0
0.0
0.0
20.0
30.0
114.0
25.0
0.0
0.0
0.0
0.0
48.0
33.0
0.0
0.0
0.0
0.0
0.0
0.0
0.0
0.0
0.0
0.0
0.0
0.0
3.0
0.0
0.0
0.0
0.0
0.0
0.0
0.0
3.0
3.0
0.0
0.0
0.0
0.0
0.0
0.0
0.0
0.0
0.0
0.0
5.0
0.0
0.0
0.0
0.0
3.0
3.0
0.0
0.0
0.0
0.0
0.0
117.0
10.0
0.0
0.0
3.0
0.0
0.0
0.0
0.0
0.0
0.0
0.0
8.0
0.0
0.0
0.0
0.0
0.0
0.0
0.0
0.0
0.0
0.0
33.0
140.0
0.0
0.0
0.0
0.0
10.0
25.0
10.0
0.0
0.0
0.0
0.0
0.0
0.0
0.0
0.0
0.0
13.0
0.0
0.0
89.0
0.0
0.0
137.0
0.0
0.0
0.0
0.0
0.0
0.0
0.0
0.0
0.0
0.0
0.0
18.0
25.0
0.0
0.0
0.0
0.0
0.0
71.0
0.0
0.0
0.0
0.0
0.0
0.0
0.0
64.0
13.0
102.0
0.0
0.0
0.0
15.0
0.0
0.0
0.0
0.0
292.0
13.0
0.0
20.0
0.0
8.0
25.0
0.0
5.0
0.0
0.0
48.0
391.0
234.0
46.0
18.0
0.0
5.0
30.0
0.0
91.0
0.0
173.0
300.0
91.0
0.0
175.0
157.0
127.0
130.0
221.0
450.0
203.0
56.0
132.0
109.0
5.0
0.0
0.0
0.0
30.0
0.0
0.0
0.0
0.0
0.0
0.0
0.0
0.0
0.0
0.0
165.0
0.0
84.0
3.0
0.0
0.0
180.0
0.0
0.0
0.0
0.0
0.0
0.0
0.0
0.0
89.0
0.0
0.0
0.0
0.0
0.0
0.0
119.0
0.0
0.0
51.0
0.0
0.0
23.0
0.0
0.0
0.0
0.0
0.0
0.0
0.0
0.0
0.0
0.0
0.0
28.0
30.0
191.0
434.0
0.0
13.0
0.0
0.0
0.0
20.0
0.0
0.0
208.0
46.0
307.0
239.0
5.0
381.0
0.0
0.0
0.0
0.0
0.0
0.0
0.0
0.0
0.0
335.0
8.0
218.0
3.0
0.0
0.0
0.0
0.0
0.0
0.0
0.0
0.0
0.0
0.0
0.0
455.0
0.0
0.0
76.0
0.0
465.0
38.0
0.0
0.0
0.0
0.0
0.0
0.0
0.0
0.0
0.0
0.0
0.0
0.0
0.0
180.0
10.0
10.0
76.0
0.0
0.0
0.0
122.0
0.0
0.0
0.0
0.0
0.0
13.0
81.0
229.0
8.0
0.0
0.0
0.0
0.0
0.0
0.0
0.0
0.0
0.0
0.0
0.0
0.0
0.0
0.0
89.0
86.0
119.0
221.0
0.0
0.0
0.0
0.0
0.0
0.0
0.0
0.0
0.0
0.0
0.0
0.0
0.0
0.0
0.0
0.0
0.0
0.0
0.0
0.0
0.0
0.0
0.0
0.0
0.0
0.0
0.0
13.0
13.0
0.0
0.0
0.0
0.0
0.0
0.0
0.0
0.0
0.0
0.0
0.0
0.0
0.0
0.0
0.0
0.0
0.0
0.0
0.0
0.0
0.0
0.0
0.0
0.0
0.0
0.0
0.0
0.0
0.0
0.0
0.0
25.0
0.0
13.0
0.0
0.0
0.0
0.0
0.0
43.0
0.0
0.0
0.0
0.0
0.0
0.0
0.0
0.0
0.0
229.0
0.0
0.0
0.0
0.0
0.0
0.0
0.0
0.0
51.0
25.0
0.0
0.0
0.0
0.0
0.0
0.0
0.0
0.0
13.0
0.0
0.0
0.0
0.0
0.0
0.0
0.0
0.0
0.0
0.0
0.0
0.0
0.0
0.0
0.0
0.0
0.0
0.0
0.0
0.0
0.0
0.0
0.0
0.0
0.0
0.0
0.0
0.0
0.0
0.0
13.0
0.0
0.0
76.0
0.0
0.0
0.0
0.0
0.0
0.0
58.0
13.0
0.0
0.0
152.0
0.0
0.0
0.0
0.0
0.0
109.0
0.0
74.0
58.0
0.0
0.0
0.0
0.0
51.0
10.0
0.0
0.0
0.0
0.0
0.0
0.0
0.0
0.0
0.0
0.0
0.0
191.0
15.0
51.0
196.0
378.0
361.0
0.0
0.0
0.0
0.0
0.0
0.0
0.0
0.0
196.0
168.0
13.0
142.0
178.0
0.0
0.0
0.0
208.0
0.0
0.0
0.0
137.0
178.0
0.0
0.0
0.0
0.0
0.0
0.0
0.0
99.0
150.0
0.0
76.0
249.0
0.0
38.0
43.0
89.0
498.0
43.0
0.0
0.0
0.0
0.0
0.0
0.0
0.0
0.0
0.0
0.0
310.0
0.0
0.0
0.0
0.0
13.0
46.0
0.0
102.0
180.0
196.0
0.0
0.0
343.0
10.0
0.0
0.0
0.0
130.0
0.0
64.0
155.0
51.0
0.0
0.0
0.0
0.0
0.0
38.0
140.0
0.0
0.0
0.0
0.0
318.0
213.0
127.0
0.0
0.0
0.0
0.0
0.0
224.0
0.0
0.0
10.0
0.0
0.0
0.0
0.0
107.0
0.0
5.0
51.0
0.0
437.0
0.0
0.0
0.0
0.0
0.0
0.0
41.0
0.0
0.0
107.0
0.0
130.0
5.0
0.0
0.0
0.0
0.0
0.0
0.0
394.0
0.0
0.0
0.0
0.0
0.0
0.0
0.0
0.0
0.0
0.0
0.0
0.0
94.0
0.0
378.0
0.0
0.0
0.0
0.0
0.0
0.0
0.0
0.0
0.0
0.0
0.0
0.0
0.0
0.0
36.0
0.0
5.0
485.0
0.0
0.0
0.0
0.0
0.0
0.0
0.0
0.0
0.0
0.0
0.0
51.0
18.0
0.0
0.0
0.0
0.0
0.0
0.0
0.0
0.0
0.0
0.0
0.0
0.0
0.0
0.0
0.0
0.0
0.0
0.0
0.0
0.0
0.0
0.0
0.0
0.0
0.0
51.0
38.0
0.0
0.0
0.0
0.0
0.0
0.0
0.0
0.0
0.0
0.0
0.0
0.0
0.0
0.0
0.0
0.0
0.0
0.0
0.0
0.0
0.0
0.0
0.0
0.0
0.0
0.0
0.0
0.0
0.0
0.0
0.0
0.0
0.0
0.0
0.0
3.0
0.0
0.0
0.0
0.0
0.0
0.0
0.0
0.0
0.0
0.0
46.0
0.0
0.0
0.0
0.0
0.0
0.0
0.0
0.0
0.0
0.0
0.0
0.0
0.0
23.0
140.0
0.0
0.0
0.0
0.0
0.0
0.0
0.0
0.0
0.0
0.0
0.0
0.0
13.0
0.0
0.0
0.0
0.0
0.0
13.0
0.0
5.0
0.0
25.0
10.0
15.0
25.0
0.0
25.0
0.0
25.0
51.0
0.0
0.0
0.0
0.0
0.0
0.0
0.0
0.0
0.0
0.0
0.0
5.0
0.0
0.0
0.0
0.0
0.0
0.0
0.0
0.0
0.0
0.0
0.0
0.0
0.0
0.0
0.0
0.0
0.0
0.0
0.0
0.0
94.0
36.0
36.0
104.0
0.0
0.0
94.0
0.0
0.0
25.0
0.0
0.0
13.0
0.0
0.0
0.0
0.0
0.0
0.0
0.0
0.0
0.0
0.0
0.0
0.0
198.0
5.0
0.0
0.0
0.0
25.0
0.0
0.0
0.0
0.0
102.0
0.0
0.0
0.0
53.0
246.0
0.0
28.0
38.0
0.0
0.0
0.0
0.0
0.0
0.0
10.0
0.0
0.0
0.0
25.0
10.0
0.0
NaN
170.0
8.0
56.0
13.0
0.0
0.0
0.0
0.0
0.0
0.0
0.0
76.0
28.0
0.0
241.0
51.0
3.0
0.0
0.0
0.0
0.0
0.0
0.0
0.0
0.0
0.0
0.0
0.0
25.0
0.0
0.0
0.0
0.0
0.0
363.0
0.0
25.0
64.0
25.0
0.0
0.0
8.0
0.0
0.0
0.0
0.0
0.0
5.0
127.0
38.0
25.0
76.0
0.0
86.0
0.0
18.0
0.0
0.0
0.0
0.0
0.0
0.0
749.0
0.0
0.0
0.0
15.0
3.0
0.0
0.0
211.0
NaN
0.0
145.0
0.0
0.0
0.0
0.0
0.0
0.0
69.0
69.0
25.0
0.0
0.0
330.0
0.0
0.0
0.0
0.0
0.0
0.0
53.0
0.0
0.0
0.0
0.0
178.0
0.0
0.0
140.0
0.0
0.0
0.0
0.0
28.0
0.0
0.0
0.0
0.0
0.0
5.0
0.0
0.0
0.0
312.0
NaN
NaN
0.0
0.0
0.0
152.0
0.0
305.0
107.0
10.0
64.0
521.0
13.0
119.0
0.0
NaN
NaN
0.0
0.0
0.0
0.0
0.0
0.0
0.0
38.0
0.0
0.0
0.0
0.0
0.0
0.0
0.0
0.0
147.0
13.0
0.0
0.0
0.0
48.0
5.0
10.0
18.0
0.0
8.0
0.0
0.0
0.0
94.0
84.0
0.0
0.0
0.0
0.0
0.0
81.0
0.0
0.0
0.0
0.0
66.0
518.0
0.0
0.0
0.0
0.0
0.0
0.0
0.0
0.0
0.0
0.0
0.0
0.0
0.0
0.0
0.0
0.0
0.0
274.0
0.0
0.0
0.0
56.0
3.0
0.0
0.0
0.0
0.0
0.0
NaN
0.0
0.0
0.0
0.0
0.0
0.0
0.0
0.0
0.0
0.0
0.0
0.0
0.0
0.0
0.0
0.0
0.0
0.0
0.0
0.0
0.0
0.0
0.0
0.0
0.0
0.0
0.0
0.0
64.0
13.0
0.0
0.0
0.0
0.0
0.0
0.0
0.0
18.0
0.0
15.0
0.0
71.0
0.0
0.0
0.0
0.0
0.0
0.0
0.0
0.0
0.0
0.0
0.0
0.0
0.0
0.0
0.0
0.0
0.0
0.0
0.0
0.0
0.0
13.0
0.0
0.0
0.0
0.0
0.0
0.0
165.0
0.0
0.0
0.0
25.0
0.0
0.0
224.0
0.0
0.0
0.0
0.0
0.0
254.0
0.0
0.0
0.0
25.0
0.0
0.0
0.0
114.0
51.0
0.0
0.0
20.0
18.0
0.0
25.0
25.0
3.0
3.0
51.0
5.0
38.0
0.0
0.0
0.0
0.0
0.0
94.0
56.0
0.0
0.0
0.0
0.0
0.0
0.0
0.0
0.0
0.0
46.0
0.0
71.0
160.0
0.0
8.0
0.0
173.0
69.0
8.0
0.0
0.0
0.0
0.0
0.0
0.0
0.0
0.0
0.0
0.0
0.0
0.0
267.0
0.0
0.0
30.0
5.0
0.0
0.0
0.0
69.0
0.0
61.0
0.0
0.0
0.0
0.0
0.0
0.0
58.0
33.0
0.0
0.0
0.0
0.0
0.0
0.0
0.0
0.0
58.0
0.0
0.0
0.0
0.0
18.0
81.0
0.0
0.0
0.0
0.0
0.0
145.0
0.0
0.0
0.0
0.0
0.0
0.0
0.0
0.0
0.0
0.0
0.0
0.0
635.0
3.0
0.0
0.0
0.0
10.0
3.0
15.0
0.0
NaN
0.0
371.0
0.0
132.0
107.0
0.0
8.0
0.0
0.0
NaN
0.0
0.0
0.0
0.0
10.0
0.0
30.0
0.0
119.0
8.0
0.0
0.0
0.0
8.0
0.0
0.0
0.0
0.0
97.0
0.0
168.0
0.0
0.0
0.0
0.0
71.0
36.0
51.0
0.0
0.0
0.0
0.0
0.0
0.0
0.0
0.0
0.0
0.0
0.0
0.0
0.0
0.0
0.0
0.0
0.0
0.0
64.0
394.0
0.0
0.0
0.0
0.0
0.0
0.0
84.0
0.0
10.0
0.0
0.0
0.0
0.0
0.0
0.0
0.0
0.0
406.0
373.0
0.0
665.0
0.0
0.0
203.0
246.0
58.0
10.0
0.0
0.0
0.0
0.0
0.0
0.0
0.0
0.0
0.0
0.0
0.0
0.0
0.0
0.0
0.0
0.0
0.0
0.0
0.0
0.0
0.0
0.0
0.0
0.0
0.0
13.0
0.0
0.0
0.0
0.0
13.0
445.0
61.0
5.0
0.0
0.0
0.0
0.0
0.0
0.0
0.0
0.0
0.0
8.0
0.0
0.0
0.0
0.0
0.0
0.0
0.0
0.0
0.0
64.0
0.0
0.0
0.0
0.0
0.0
64.0
0.0
0.0
0.0
0.0
0.0
91.0
3.0
0.0
0.0
0.0
13.0
0.0
0.0
0.0
0.0
25.0
0.0
0.0
0.0
0.0
0.0
0.0
0.0
0.0
0.0
0.0
0.0
0.0
0.0
0.0
0.0
0.0
0.0
0.0
0.0
0.0
0.0
0.0
0.0
86.0
13.0
0.0
20.0
0.0
0.0
0.0
0.0
0.0
25.0
0.0
0.0
0.0
0.0
0.0
0.0
8.0
25.0
64.0
38.0
25.0
25.0
0.0
0.0
0.0
0.0
0.0
0.0
8.0
0.0
0.0
0.0
0.0
0.0
0.0
0.0
0.0
0.0
5.0
8.0
0.0
0.0
0.0
0.0
0.0
0.0
0.0
0.0
0.0
0.0
0.0
0.0
0.0
5.0
3.0
0.0
0.0
0.0
0.0
0.0
25.0
81.0
0.0
0.0
0.0
0.0
0.0
0.0
0.0
0.0
114.0
51.0
0.0
0.0
0.0
0.0
0.0
0.0
0.0
0.0
0.0
0.0
0.0
0.0
0.0
0.0
0.0
0.0
0.0
23.0
0.0
0.0
0.0
0.0
0.0
0.0
0.0
0.0
140.0
0.0
0.0
0.0
0.0
51.0
0.0
0.0
0.0
0.0
0.0
0.0
119.0
0.0
0.0
0.0
0.0
0.0
0.0
15.0
0.0
0.0
0.0
91.0
0.0
0.0
0.0
102.0
0.0
0.0
0.0
0.0
0.0
0.0
0.0
0.0
0.0
0.0
25.0
0.0
0.0
0.0
8.0
0.0
0.0
0.0
0.0
0.0
0.0
0.0
0.0
0.0
0.0
48.0
53.0
36.0
20.0
0.0
86.0
0.0
0.0
312.0
163.0
0.0
30.0
46.0
0.0
0.0
0.0
0.0
0.0
0.0
0.0
15.0
8.0
0.0
28.0
5.0
155.0
0.0
269.0
0.0
0.0
0.0
0.0
0.0
0.0
0.0
0.0
0.0
0.0
0.0
257.0
0.0
0.0
48.0
15.0
0.0
0.0
119.0
1448.0
20.0
0.0
5.0
0.0
0.0
0.0
0.0
0.0
0.0
5.0
0.0
5.0
660.0
0.0
0.0
56.0
0.0
0.0
0.0
NaN
NaN
NaN
NaN
NaN
NaN
NaN
NaN
0.0
NaN
NaN
NaN
NaN
NaN
NaN
NaN
NaN
NaN
NaN
NaN
NaN
NaN
NaN
NaN
NaN
NaN
NaN
NaN
8.0
389.0
0.0
0.0
0.0
0.0
0.0
10.0
0.0
0.0
0.0
0.0
0.0
0.0
0.0
0.0
0.0
0.0
0.0
343.0
0.0
0.0
0.0
0.0
0.0
0.0
152.0
0.0
102.0
173.0
NaN
0.0
185.0
0.0
0.0
0.0
0.0
NaN
NaN
NaN
NaN
NaN
NaN
NaN
0.0
NaN
51.0
NaN
NaN
NaN
NaN
NaN
NaN
NaN
0.0
NaN
0.0
NaN
NaN
NaN
0.0
193.0
0.0
0.0
0.0
0.0
0.0
0.0
0.0
0.0
0.0
0.0
0.0
0.0
0.0
0.0
0.0
0.0
0.0
0.0
254.0
0.0
0.0
0.0
0.0
0.0
0.0
0.0
0.0
0.0
0.0
0.0
0.0
0.0
NaN
NaN
NaN
NaN
NaN
30.0
0.0
0.0
0.0
0.0
0.0
NaN
0.0
25.0
0.0
0.0
NaN
NaN
NaN
NaN
NaN
0.0
NaN
NaN
NaN
NaN
NaN
NaN
0.0
0.0
NaN
NaN
NaN
NaN
NaN
NaN
NaN
NaN
NaN
NaN
NaN
NaN
0.0
13.0
NaN
NaN
NaN
NaN
0.0
0.0
0.0
0.0
0.0
0.0
0.0
0.0
0.0
0.0
NaN
0.0
0.0
0.0
20.0
0.0
0.0
0.0
0.0
0.0
0.0
0.0
0.0
0.0
3.0
0.0
0.0
0.0
NaN
0.0
0.0
0.0
NaN
0.0
0.0
25.0
0.0
0.0
0.0
0.0
0.0
0.0
0.0
38.0
13.0
0.0
0.0
0.0
0.0
0.0
0.0
0.0
0.0
0.0
0.0
0.0
0.0
0.0
0.0
0.0
0.0
0.0
0.0
0.0
0.0
0.0
0.0
0.0
0.0
53.0
13.0
0.0
0.0
0.0
0.0
15.0
0.0
234.0
18.0
0.0
0.0
0.0
0.0
0.0
0.0
0.0
0.0
102.0
91.0
0.0
0.0
0.0
38.0
5.0
239.0
0.0
0.0
0.0
0.0
0.0
48.0
0.0
0.0
0.0
457.0
165.0
38.0
0.0
0.0
0.0
140.0
119.0
30.0
30.0
5.0
0.0
41.0
46.0
56.0
0.0
0.0
333.0
0.0
81.0
74.0
89.0
38.0
462.0
417.0
0.0
0.0
30.0
36.0
241.0
0.0
15.0
48.0
0.0
401.0
86.0
0.0
0.0
0.0
599.0
56.0
20.0
10.0
74.0
10.0
325.0
0.0
0.0
0.0
0.0
61.0
0.0
0.0
0.0
0.0
51.0
18.0
5.0
38.0
127.0
0.0
0.0
0.0
30.0
0.0
0.0
0.0
0.0
0.0
0.0
0.0
244.0
5.0
0.0
0.0
0.0
0.0
119.0
0.0
0.0
76.0
0.0
183.0
0.0
46.0
5.0
0.0
0.0
0.0
0.0
0.0
0.0
0.0
0.0
0.0
64.0
0.0
0.0
0.0
104.0
122.0
0.0
224.0
18.0
0.0
330.0
0.0
198.0
0.0
0.0
0.0
89.0
0.0
0.0
325.0
0.0
0.0
0.0
0.0
15.0
0.0
0.0
0.0
0.0
0.0
0.0
0.0
0.0
0.0
0.0
0.0
0.0
0.0
0.0
0.0
0.0
0.0
0.0
0.0
0.0
0.0
0.0
0.0
0.0
0.0
25.0
91.0
0.0
0.0
0.0
0.0
0.0
0.0
0.0
38.0
0.0
13.0
0.0
0.0
0.0
0.0
0.0
0.0
0.0
0.0
0.0
0.0
18.0
25.0
127.0
48.0
23.0
89.0
277.0
51.0
0.0
0.0
0.0
0.0
0.0
0.0
0.0
0.0
0.0
0.0
0.0
0.0
0.0
0.0
0.0
0.0
0.0
0.0
0.0
13.0
0.0
0.0
0.0
0.0
0.0
0.0
0.0
0.0
8.0
0.0
30.0
0.0
0.0
0.0
91.0
0.0
0.0
0.0
0.0
0.0
0.0
13.0
0.0
0.0
0.0
0.0
0.0
0.0
0.0
0.0
0.0
0.0
0.0
0.0
0.0
0.0
0.0
0.0
0.0
0.0
0.0
0.0
0.0
0.0
0.0
0.0
0.0
0.0
0.0
0.0
0.0
0.0
0.0
0.0
0.0
0.0
0.0
0.0
0.0
0.0
0.0
0.0
0.0
0.0
0.0
0.0
0.0
0.0
0.0
0.0
0.0
0.0
0.0
0.0
74.0
13.0
0.0
0.0
0.0
0.0
0.0
0.0
0.0
0.0
0.0
13.0
0.0
0.0
0.0
0.0
0.0
20.0
0.0
0.0
0.0
0.0
0.0
0.0
0.0
198.0
3.0
0.0
0.0
0.0
0.0
0.0
0.0
0.0
0.0
0.0
0.0
0.0
0.0
3.0
46.0
0.0
25.0
25.0
0.0
0.0
3.0
0.0
0.0
0.0
0.0
0.0
0.0
0.0
0.0
279.0
0.0
0.0
0.0
3.0
0.0
0.0
0.0
61.0
36.0
0.0
0.0
0.0
71.0
3.0
0.0
0.0
0.0
0.0
41.0
0.0
5.0
41.0
0.0
13.0
3.0
46.0
91.0
0.0
0.0
0.0
0.0
0.0
0.0
0.0
0.0
10.0
18.0
0.0
0.0
3.0
0.0
0.0
0.0
0.0
30.0
0.0
0.0
0.0
10.0
43.0
130.0
79.0
0.0
36.0
160.0
13.0
0.0
0.0
0.0
15.0
10.0
30.0
15.0
0.0
0.0
0.0
170.0
3.0
0.0
234.0
0.0
0.0
0.0
0.0
229.0
71.0
175.0
3.0
3.0
0.0
0.0
0.0
122.0
0.0
0.0
0.0
0.0
0.0
183.0
312.0
0.0
0.0
0.0
0.0
69.0
262.0
23.0
0.0
0.0
0.0
0.0
46.0
290.0
671.0
76.0
5.0
3.0
117.0
152.0
61.0
0.0
0.0
0.0
0.0
0.0
0.0
0.0
0.0
0.0
503.0
0.0
0.0
137.0
5.0
10.0
0.0
0.0
38.0
5.0
0.0
0.0
25.0
0.0
84.0
0.0
0.0
0.0
0.0
0.0
0.0
0.0
0.0
0.0
0.0
0.0
0.0
0.0
0.0
0.0
0.0
0.0
0.0
0.0
0.0
0.0
0.0
10.0
0.0
0.0
0.0
0.0
69.0
0.0
155.0
0.0
495.0
13.0
155.0
122.0
0.0
0.0
0.0
0.0
137.0
0.0
0.0
0.0
0.0
0.0
0.0
0.0
53.0
3.0
0.0
0.0
0.0
0.0
0.0
0.0
0.0
0.0
0.0
0.0
0.0
0.0
0.0
0.0
10.0
135.0
20.0
0.0
0.0
0.0
0.0
0.0
0.0
0.0
0.0
0.0
20.0
0.0
0.0
0.0
0.0
0.0
0.0
0.0
0.0
0.0
0.0
89.0
48.0
0.0
0.0
0.0
0.0
0.0
48.0
0.0
0.0
0.0
3.0
272.0
846.0
622.0
160.0
69.0
0.0
0.0
0.0
0.0
0.0
20.0
0.0
0.0
0.0
0.0
0.0
168.0
3.0
0.0
185.0
81.0
71.0
114.0
5.0
3.0
0.0
0.0
0.0
8.0
0.0
0.0
0.0
0.0
0.0
0.0
0.0
0.0
0.0
0.0
0.0
0.0
0.0
91.0
0.0
0.0
0.0
0.0
0.0
0.0
0.0
0.0
0.0
0.0
145.0
0.0
0.0
0.0
0.0
0.0
0.0
0.0
142.0
0.0
0.0
0.0
0.0
3.0
0.0
0.0
0.0
0.0
0.0
0.0
0.0
0.0
0.0
0.0
0.0
13.0
0.0
0.0
0.0
0.0
0.0
0.0
0.0
0.0
0.0
0.0
0.0
0.0
0.0
0.0
0.0
0.0
0.0
0.0
0.0
0.0
0.0
0.0
0.0
0.0
0.0
0.0
0.0
0.0
0.0
0.0
0.0
0.0
0.0
0.0
0.0
0.0
0.0
0.0
0.0
0.0
0.0
0.0
0.0
0.0
0.0
0.0
0.0
0.0
0.0
0.0
0.0
0.0
0.0
0.0
0.0
0.0
0.0
0.0
0.0
0.0
0.0
0.0
0.0
0.0
0.0
0.0
0.0
0.0
0.0
0.0
0.0
0.0
3.0
0.0
18.0
0.0
0.0
0.0
0.0
0.0
0.0
0.0
0.0
0.0
0.0
0.0
0.0
0.0
0.0
0.0
0.0
0.0
107.0
0.0
0.0
262.0
348.0
102.0
0.0
0.0
0.0
0.0
0.0
0.0
0.0
41.0
46.0
10.0
0.0
36.0
0.0
89.0
0.0
0.0
0.0
0.0
361.0
0.0
3.0
33.0
58.0
0.0
0.0
0.0
8.0
0.0
0.0
51.0
147.0
422.0
0.0
20.0
0.0
0.0
0.0
0.0
0.0
0.0
0.0
15.0
33.0
0.0
0.0
0.0
0.0
0.0
0.0
0.0
0.0
0.0
0.0
0.0
0.0
89.0
0.0
0.0
0.0
84.0
69.0
0.0
0.0
0.0
3.0
0.0
0.0
28.0
0.0
0.0
0.0
0.0
0.0
0.0
0.0
0.0
0.0
0.0
0.0
0.0
0.0
0.0
0.0
0.0
0.0
0.0
10.0
0.0
0.0
0.0
0.0
0.0
378.0
0.0
0.0
0.0
0.0
30.0
0.0
0.0
0.0
442.0
0.0
0.0
0.0
36.0
0.0
0.0
0.0
18.0
0.0
0.0
0.0
51.0
0.0
0.0
0.0
0.0
51.0
0.0
0.0
0.0
0.0
0.0
0.0
0.0
0.0
0.0
0.0
0.0
0.0
0.0
0.0
229.0
0.0
0.0
0.0
0.0
0.0
0.0
0.0
0.0
0.0
0.0
0.0
0.0
0.0
0.0
66.0
0.0
0.0
0.0
0.0
0.0
0.0
0.0
0.0
0.0
0.0
0.0
86.0
0.0
0.0
0.0
0.0
0.0
0.0
0.0
0.0
0.0
0.0
0.0
0.0
0.0
0.0
0.0
0.0
0.0
NaN
NaN
NaN
NaN
NaN
NaN
NaN
NaN
NaN
NaN
NaN
NaN
NaN
NaN
NaN
NaN
NaN
767.0
0.0
0.0
0.0
0.0
0.0
0.0
0.0
0.0
0.0
0.0
0.0
0.0
0.0
0.0
0.0
0.0
91.0
0.0
0.0
0.0
0.0
10.0
0.0
0.0
0.0
0.0
0.0
0.0
0.0
0.0
0.0
0.0
0.0
0.0
0.0
0.0
25.0
0.0
0.0
0.0
0.0
0.0
0.0
0.0
0.0
0.0
0.0
0.0
0.0
0.0
0.0
0.0
0.0
0.0
0.0
0.0
0.0
0.0
0.0
132.0
0.0
0.0
0.0
577.0
0.0
0.0
0.0
0.0
0.0
102.0
0.0
0.0
0.0
0.0
356.0
0.0
0.0
140.0
163.0
0.0
0.0
0.0
0.0
0.0
0.0
0.0
0.0
0.0
25.0
0.0
0.0
0.0
338.0
0.0
0.0
0.0
0.0
0.0
0.0
0.0
0.0
0.0
0.0
NaN
NaN
0.0
NaN
NaN
NaN
NaN
NaN
NaN
NaN
NaN
NaN
NaN
NaN
NaN
NaN
NaN
NaN
NaN
NaN
NaN
NaN
NaN
NaN
NaN
NaN
NaN
NaN
NaN
NaN
NaN
3.0
86.0
0.0
0.0
0.0
5.0
549.0
81.0
0.0
0.0
0.0
0.0
0.0
0.0
0.0
0.0
0.0
0.0
0.0
0.0
0.0
0.0
0.0
0.0
0.0
0.0
0.0
0.0
0.0
0.0
0.0
0.0
0.0
0.0
0.0
211.0
20.0
0.0
0.0
0.0
0.0
0.0
0.0
0.0
0.0
0.0
0.0
0.0
0.0
0.0
0.0
0.0
0.0
0.0
0.0
0.0
0.0
0.0
414.0
0.0
0.0
0.0
0.0
0.0
0.0
152.0
5.0
0.0
0.0
0.0
0.0
0.0
0.0
0.0
0.0
0.0
0.0
0.0
208.0
122.0
0.0
0.0
0.0
0.0
0.0
28.0
0.0
23.0
8.0
0.0
0.0
0.0
0.0
0.0
0.0
178.0
0.0
0.0
13.0
13.0
0.0
0.0
0.0
0.0
13.0
0.0
0.0
0.0
0.0
0.0
0.0
0.0
0.0
15.0
135.0
0.0
0.0
NaN
NaN
NaN
0.0
0.0
0.0
0.0
305.0
0.0
0.0
0.0
0.0
0.0
56.0
74.0
46.0
0.0
0.0
8.0
58.0
0.0
0.0
20.0
0.0
0.0
0.0
13.0
160.0
36.0
0.0
0.0
109.0
0.0
0.0
0.0
0.0
0.0
0.0
0.0
0.0
0.0
0.0
0.0
0.0
0.0
0.0
0.0
183.0
0.0
0.0
0.0
0.0
0.0
0.0
13.0
NaN
NaN
NaN
NaN
NaN
NaN
NaN
0.0
0.0
0.0
0.0
0.0
0.0
0.0
0.0
0.0
15.0
3.0
0.0
0.0
0.0
0.0
13.0
0.0
0.0
0.0
0.0
0.0
8.0
155.0
5.0
13.0
0.0
25.0
191.0
0.0
0.0
0.0
122.0
0.0
0.0
0.0
0.0
0.0
0.0
0.0
0.0
0.0
152.0
36.0
0.0
0.0
0.0
165.0
0.0
0.0
0.0
0.0
0.0
0.0
48.0
0.0
0.0
0.0
0.0
0.0
0.0
0.0
0.0
175.0
0.0
0.0
0.0
0.0
0.0
0.0
23.0
307.0
46.0
0.0
0.0
0.0
0.0
0.0
0.0
130.0
0.0
236.0
0.0
64.0
119.0
0.0
53.0
0.0
0.0
0.0
376.0
0.0
0.0
0.0
0.0
859.0
15.0
0.0
0.0
30.0
0.0
117.0
23.0
0.0
0.0
0.0
0.0
394.0
3.0
0.0
0.0
0.0
81.0
0.0
0.0
10.0
384.0
33.0
658.0
0.0
0.0
305.0
114.0
132.0
0.0
0.0
0.0
13.0
0.0
0.0
18.0
89.0
0.0
0.0
0.0
117.0
5.0
64.0
0.0
0.0
0.0
0.0
38.0
0.0
8.0
15.0
0.0
0.0
0.0
0.0
38.0
0.0
0.0
130.0
0.0
0.0
0.0
0.0
0.0
0.0
0.0
0.0
0.0
0.0
0.0
81.0
0.0
0.0
140.0
0.0
0.0
0.0
0.0
185.0
58.0
0.0
0.0
0.0
0.0
0.0
0.0
0.0
394.0
0.0
0.0
0.0
0.0
0.0
0.0
0.0
140.0
0.0
152.0
51.0
0.0
0.0
64.0
15.0
157.0
0.0
28.0
0.0
0.0
0.0
0.0
0.0
0.0
0.0
0.0
0.0
0.0
0.0
0.0
0.0
0.0
0.0
0.0
0.0
0.0
0.0
0.0
0.0
0.0
0.0
0.0
5.0
43.0
0.0
0.0
0.0
0.0
0.0
0.0
0.0
56.0
69.0
203.0
3.0
0.0
0.0
0.0
0.0
0.0
0.0
0.0
0.0
0.0
0.0
0.0
0.0
0.0
0.0
0.0
0.0
0.0
0.0
0.0
0.0
0.0
84.0
0.0
0.0
0.0
0.0
0.0
0.0
0.0
0.0
0.0
0.0
0.0
0.0
0.0
0.0
0.0
0.0
0.0
0.0
0.0
0.0
0.0
0.0
0.0
0.0
0.0
0.0
5.0
23.0
81.0
0.0
0.0
0.0
0.0
0.0
0.0
0.0
0.0
0.0
74.0
8.0
0.0
0.0
0.0
0.0
0.0
0.0
0.0
0.0
0.0
0.0
0.0
48.0
0.0
0.0
0.0
0.0
0.0
0.0
0.0
0.0
0.0
13.0
0.0
0.0
0.0
13.0
0.0
0.0
0.0
0.0
0.0
0.0
0.0
10.0
0.0
0.0
0.0
0.0
51.0
0.0
0.0
0.0
0.0
0.0
0.0
0.0
20.0
10.0
0.0
0.0
38.0
114.0
23.0
0.0
0.0
0.0
0.0
0.0
0.0
0.0
0.0
0.0
8.0
0.0
0.0
0.0
38.0
0.0
0.0
0.0
0.0
0.0
0.0
0.0
0.0
0.0
0.0
38.0
0.0
0.0
0.0
0.0
13.0
0.0
0.0
30.0
18.0
38.0
33.0
0.0
0.0
0.0
0.0
0.0
0.0
0.0
0.0
0.0
0.0
0.0
0.0
178.0
0.0
0.0
0.0
0.0
0.0
0.0
0.0
0.0
0.0
0.0
0.0
0.0
0.0
0.0
0.0
0.0
0.0
0.0
0.0
0.0
23.0
8.0
0.0
5.0
10.0
0.0
0.0
0.0
0.0
0.0
13.0
0.0
0.0
0.0
566.0
23.0
0.0
0.0
0.0
0.0
0.0
0.0
0.0
0.0
147.0
79.0
318.0
0.0
0.0
0.0
483.0
86.0
61.0
0.0
8.0
180.0
0.0
0.0
0.0
38.0
0.0
0.0
0.0
0.0
0.0
20.0
5.0
0.0
0.0
0.0
0.0
0.0
0.0
0.0
714.0
0.0
0.0
0.0
10.0
0.0
0.0
0.0
0.0
0.0
0.0
23.0
0.0
0.0
127.0
0.0
0.0
0.0
0.0
0.0
0.0
0.0
673.0
0.0
0.0
71.0
0.0
0.0
0.0
305.0
279.0
3.0
94.0
0.0
0.0
0.0
0.0
0.0
104.0
0.0
0.0
0.0
0.0
0.0
23.0
0.0
0.0
8.0
203.0
0.0
0.0
127.0
0.0
0.0
25.0
0.0
203.0
559.0
183.0
152.0
0.0
0.0
0.0
41.0
0.0
0.0
0.0
0.0
0.0
257.0
0.0
23.0
0.0
0.0
0.0
0.0
0.0
0.0
0.0
0.0
0.0
0.0
0.0
0.0
0.0
155.0
0.0
0.0
0.0
10.0
0.0
0.0
0.0
0.0
246.0
38.0
0.0
0.0
0.0
0.0
0.0
0.0
13.0
422.0
185.0
0.0
503.0
226.0
0.0
0.0
0.0
124.0
0.0
0.0
0.0
0.0
0.0
0.0
0.0
0.0
0.0
0.0
0.0
0.0
0.0
0.0
0.0
0.0
0.0
0.0
0.0
0.0
0.0
0.0
0.0
0.0
0.0
0.0
38.0
81.0
0.0
0.0
0.0
0.0
38.0
0.0
0.0
0.0
0.0
0.0
0.0
0.0
0.0
0.0
0.0
5.0
0.0
0.0
8.0
0.0
0.0
0.0
0.0
0.0
0.0
0.0
0.0
0.0
0.0
0.0
0.0
NaN
NaN
NaN
0.0
0.0
0.0
0.0
0.0
0.0
0.0
0.0
0.0
0.0
0.0
0.0
0.0
0.0
0.0
0.0
0.0
0.0
0.0
0.0
0.0
0.0
0.0
0.0
0.0
79.0
0.0
0.0
0.0
0.0
0.0
0.0
0.0
0.0
0.0
0.0
0.0
0.0
0.0
0.0
0.0
0.0
0.0
25.0
0.0
20.0
0.0
0.0
0.0
0.0
0.0
0.0
0.0
0.0
23.0
0.0
5.0
0.0
0.0
18.0
0.0
0.0
0.0
0.0
0.0
0.0
13.0
0.0
0.0
36.0
8.0
0.0
0.0
0.0
25.0
0.0
0.0
0.0
74.0
178.0
0.0
8.0
0.0
13.0
191.0
0.0
0.0
0.0
0.0
0.0
0.0
0.0
203.0
38.0
0.0
0.0
0.0
0.0
0.0
30.0
NaN
NaN
NaN
NaN
NaN
NaN
0.0
0.0
0.0
74.0
160.0
0.0
0.0
0.0
0.0
0.0
0.0
NaN
NaN
NaN
25.0
41.0
0.0
0.0
13.0
13.0
0.0
0.0
0.0
0.0
0.0
0.0
0.0
216.0
NaN
NaN
NaN
NaN
NaN
NaN
43.0
0.0
0.0
305.0
389.0
0.0
0.0
0.0
0.0
0.0
0.0
0.0
13.0
33.0
0.0
0.0
0.0
0.0
163.0
58.0
0.0
114.0
36.0
0.0
41.0
8.0
0.0
0.0
152.0
0.0
0.0
0.0
127.0
0.0
102.0
0.0
470.0
0.0
0.0
0.0
340.0
211.0
28.0
0.0
0.0
196.0
0.0
0.0
206.0
33.0
0.0
0.0
48.0
0.0
15.0
234.0
330.0
234.0
0.0
160.0
142.0
0.0
56.0
0.0
0.0
0.0
0.0
102.0
0.0
749.0
302.0
0.0
0.0
0.0
267.0
124.0
99.0
0.0
0.0
0.0
0.0
0.0
328.0
0.0
0.0
0.0
127.0
0.0
0.0
0.0
0.0
0.0
0.0
0.0
0.0
0.0
0.0
18.0
137.0
0.0
0.0
0.0
0.0
157.0
394.0
5.0
0.0
25.0
13.0
559.0
13.0
0.0
0.0
0.0
114.0
89.0
0.0
0.0
0.0
305.0
203.0
0.0
109.0
147.0
0.0
0.0
76.0
28.0
102.0
NaN
NaN
127.0
0.0
0.0
0.0
109.0
0.0
0.0
0.0
191.0
0.0
84.0
0.0
0.0
0.0
0.0
0.0
25.0
0.0
0.0
28.0
0.0
0.0
0.0
0.0
0.0
25.0
