NaN
28.4064516129
26.7033333333
14.5870967742
8.33
4.3064516129
3.15483870968
8.34642857143
9.74193548387
11.2866666667
17.1709677419
22.8833333333
28.1387096774
28.735483871
20.32
17.1903225806
14.63
7.48387096774
3.81612903226
6.79655172414
9.63870967742
13.3344827586
19.1548387097
22.8466666667
30.5838709677
32.2741935484
24.6137931034
16.8774193548
1.1
-0.338709677419
5.1064516129
-2.19642857143
6.51612903226
13.4666666667
19.6161290323
23.8517241379
29.8633333333
31.6129032258
24.7733333333
15.2935483871
12.6733333333
4.42333333333
2.68709677419
5.4
0.429032258065
13.0366666667
17.3096774194
28.1766666667
34.3967741935
31.0193548387
25.3733333333
12.6838709677
10.8866666667
7.95806451613
6.91666666667
4.66428571429
9.88666666667
18.1633333333
21.0387096774
25.3633333333
35.7387096774
35.0774193548
23.6233333333
20.0903225806
6.75
6.95161290323
3.94193548387
7.01724137931
11.8870967742
18.38
21.9516129032
25.6866666667
31.6322580645
28.9483870968
25.39
17.6967741935
10.93
7.08387096774
4.3935483871
8.39285714286
11.1774193548
16.3333333333
19.13
28.4766666667
35.0516129032
31.6806451613
27.28
17.4935483871
11.1533333333
2.64516129032
9.51612903226
4.61428571429
9.86774193548
17.7833333333
23.0806451613
30.4833333333
36.4483870968
31.5806451613
21.66
14.7193548387
9.63
6.9935483871
3.92580645161
2.8
14.5322580645
15.1933333333
23.8612903226
28.7896551724
35.0935483871
32.0967741935
25.7533333333
17.8129032258
10.3733333333
3.72580645161
2.45806451613
4.52068965517
9.94838709677
14.4033333333
18.264516129
25.61
31.6677419355
31.0677419355
23.93
16.035483871
10.3068965517
0.220689655172
4.18
6.75
10.1806451613
15.1466666667
NaN
24.89
30.0161290323
28.4612903226
26.06
9.98064516129
13.1566666667
-1.06666666667
4.08387096774
4.35
11.98
15.9466666667
17.4
25.2433333333
31.7266666667
32.1806451613
24.7103448276
19.4870967742
7.02
4.26451612903
NaN
NaN
NaN
NaN
NaN
NaN
NaN
NaN
NaN
NaN
NaN
NaN
NaN
NaN
NaN
NaN
NaN
NaN
35.9806451613
32.1129032258
27.91
14.8903225806
11.3866666667
5.0935483871
4.31935483871
5.35357142857
9.58709677419
11.79
21.0129032258
26.4933333333
32.1258064516
32.2806451613
27.39
12.0516129032
9.84
2.47741935484
5.88666666667
1.06785714286
10.2066666667
15.71
20.3677419355
26.0366666667
32.0322580645
30.064516129
25.2793103448
18.5032258065
7.78333333333
7.0064516129
6.61290322581
6.58571428571
14.7451612903
16.4166666667
18.6548387097
28.3033333333
31.9677419355
31.4741935484
28.5533333333
18.4806451613
9.11
4.96774193548
4.99032258065
9.40344827586
13.5741935484
16.1133333333
22.4193548387
33.5366666667
35.235483871
32.2387096774
24.44
20.0903225806
14.6466666667
0.0
3.2
8.61428571429
12.3
16.17
22.1032258065
30.35
36.264516129
30.9193548387
