18.0
77.0
180.0
143.0
NaN
932.0
754.0
776.0
455.0
43.0
249.0
107.0
49.0
NaN
246.0
370.0
404.0
1654.0
444.0
38.0
441.0
256.0
0.0
137.0
51.0
340.0
71.0
516.0
274.0
823.0
355.0
1693.0
NaN
81.0
226.0
20.0
101.0
33.0
262.0
893.0
1523.0
1130.0
1175.0
1180.0
816.0
840.0
424.0
66.0
165.0
107.0
337.0
792.0
832.0
1404.0
904.0
667.0
310.0
1193.0
115.0
254.0
294.0
180.0
224.0
994.0
1176.0
1551.0
180.0
446.0
628.0
285.0
255.0
239.0
13.0
329.0
288.0
200.0
1029.0
1861.0
1423.0
617.0
99.0
838.0
164.0
308.0
13.0
315.0
379.0
1677.0
1167.0
673.0
1074.0
417.0
767.0
730.0
18.0
231.0
79.0
188.0
374.0
431.0
409.0
734.0
658.0
585.0
695.0
571.0
33.0
49.0
323.0
85.0
180.0
166.0
1064.0
1955.0
3378.0
1868.0
1194.0
843.0
335.0
297.0
41.0
340.0
148.0
693.0
3560.0
569.0
730.0
2130.0
333.0
699.0
343.0
0.0
94.0
18.0
297.0
1153.0
1141.0
1923.0
1077.0
451.0
772.0
422.0
59.0
46.0
378.0
253.0
216.0
1123.0
1014.0
1221.0
1580.0
650.0
668.0
343.0
663.0
18.0
163.0
167.0
488.0
830.0
863.0
713.0
582.0
616.0
727.0
460.0
86.0
196.0
148.0
249.0
234.0
355.0
312.0
1208.0
1846.0
496.0
1828.0
427.0
26.0
102.0
25.0
306.0
130.0
366.0
1649.0
3937.0
1621.0
1698.0
209.0
464.0
196.0
76.0
145.0
213.0
513.0
148.0
823.0
931.0
1194.0
119.0
1558.0
610.0
2176.0
541.0
210.0
69.0
0.0
61.0
1701.0
764.0
694.0
1134.0
1681.0
168.0
33.0
142.0
25.0
499.0
52.0
369.0
614.0
190.0
999.0
1441.0
610.0
471.0
63.0
440.0
21.0
297.0
412.0
657.0
611.0
857.0
474.0
1326.0
689.0
755.0
132.0
5.0
101.0
284.0
333.0
560.0
1638.0
767.0
81.0
0.0
770.0
239.0
386.0
1089.0
56.0
229.0
291.0
267.0
727.0
2210.0
214.0
936.0
811.0
322.0
8.0
180.0
233.0
760.0
464.0
786.0
1420.0
1846.0
1711.0
1808.0
664.0
700.0
566.0
252.0
336.0
NaN
117.0
577.0
1197.0
1398.0
341.0
880.0
148.0
331.0
137.0
116.0
110.0
8.0
227.0
1150.0
927.0
316.0
246.0
780.0
682.0
117.0
84.0
31.0
127.0
387.0
158.0
700.0
1820.0
616.0
365.0
645.0
575.0
1651.0
251.0
369.0
16.0
723.0
121.0
1166.0
1048.0
1853.0
93.0
272.0
1852.0
492.0
735.0
89.0
23.0
302.0
81.0
1003.0
397.0
1070.0
513.0
754.0
686.0
746.0
518.0
112.0
84.0
36.0
102.0
1065.0
167.0
572.0
1766.0
383.0
345.0
191.0
0.0
20.0
151.0
177.0
533.0
647.0
1053.0
368.0
799.0
126.0
393.0
190.0
648.0
13.0
25.0
25.0
508.0
787.0
1614.0
1397.0
495.0
725.0
1650.0
51.0
152.0
140.0
204.0
0.0
762.0
318.0
622.0
558.0
1118.0
343.0
330.0
76.0
127.0
NaN
204.0
229.0
343.0
685.0
738.0
1854.0
660.0
1193.0
750.0
394.0
0.0
279.0
419.0
51.0
203.0
64.0
1042.0
432.0
1156.0
356.0
915.0
25.0
521.0
266.0
76.0
254.0
559.0
1334.0
279.0
1014.0
775.0
1268.0
724.0
102.0
25.0
101.0
25.0
586.0
165.0
279.0
827.0
1005.0
495.0
737.0
203.0
482.0
292.0
0.0
76.0
228.0
0.0
636.0
596.0
1079.0
470.0
800.0
572.0
1066.0
101.0
0.0
355.0
0.0
101.0
1004.0
1676.0
1434.0
279.0
674.0
304.0
330.0
636.0
51.0
25.0
51.0
317.0
1155.0
813.0
661.0
787.0
584.0
864.0
635.0
1068.0
153.0
253.0
279.0
152.0
356.0
1260.0
1142.0
776.0
902.0
343.0
584.0
0.0
152.0
0.0
76.0
611.0
775.0
558.0
508.0
965.0
1105.0
927.0
0.0
216.0
407.0
25.0
420.0
51.0
50.0
266.0
496.0
0.0
100.0
864.0
229.0
456.0
178.0
25.0
216.0
178.0
293.0
3722.0
2084.0
191.0
877.0
1257.0
444.0
NaN
127.0
152.0
127.0
50.0
305.0
1042.0
432.0
299.0
417.0
735.0
64.0
25.0
139.0
406.0
102.0
698.0
406.0
469.0
661.0
1004.0
393.0
355.0
508.0
63.0
38.0
NaN
178.0
406.0
622.0
1740.0
1093.0
545.0
534.0
787.0
0.0
292.0
0.0
165.0
254.0
724.0
508.0
686.0
1727.0
838.0
1220.0
76.0
102.0
38.0
229.0
356.0
280.0
240.0
584.0
622.0
418.0
406.0
837.0
393.0
546.0
597.0
534.0
355.0
127.0
152.0
826.0
458.0
2806.0
419.0
380.0
2527.0
840.0
432.0
801.0
0.0
NaN
406.0
420.0
888.0
1614.0
508.0
NaN
876.0
254.0
76.0
369.0
0.0
267.0
NaN
724.0
635.0
2248.0
571.0
330.0
NaN
273.0
25.0
64.0
376.0
NaN
710.0
1401.0
834.0
NaN
936.0
1800.0
321.0
384.0
475.0
115.0
138.0
353.0
132.0
1417.0
1789.0
NaN
696.0
804.0
675.0
190.0
46.0
444.0
211.0
43.0
446.0
77.0
779.0
1010.0
971.0
759.0
909.0
891.0
803.0
13.0
NaN
43.0
304.0
1372.0
1221.0
NaN
227.0
125.0
493.0
245.0
345.0
479.0
159.0
639.0
333.0
283.0
572.0
1215.0
824.0
1571.0
784.0
231.0
595.0
219.0
544.0
266.0
390.0
628.0
1377.0
2568.0
1110.0
1005.0
1229.0
455.0
0.0
142.0
19.0
228.0
157.0
231.0
1708.0
233.0
2092.0
1511.0
935.0
473.0
115.0
25.0
156.0
508.0
436.0
876.0
1060.0
2375.0
1437.0
1591.0
1110.0
482.0
129.0
119.0
89.0
264.0
697.0
950.0
716.0
1013.0
918.0
592.0
157.0
0.0
404.0
351.0
99.0
94.0
229.0
544.0
821.0
1193.0
721.0
500.0
701.0
749.0
866.0
337.0
10.0
257.0
63.0
660.0
1098.0
1102.0
262.0
1537.0
163.0
431.0
0.0
79.0
196.0
239.0
84.0
454.0
555.0
1558.0
282.0
122.0
1146.0
63.0
15.0
160.0
145.0
112.0
29.0
343.0
532.0
1187.0
675.0
298.0
287.0
508.0
163.0
15.0
64.0
69.0
727.0
705.0
1132.0
1813.0
671.0
1710.0
407.0
276.0
384.0
122.0
146.0
265.0
727.0
493.0
1077.0
716.0
2562.0
682.0
1269.0
18.0
216.0
30.0
206.0
196.0
667.0
419.0
2007.0
868.0
999.0
201.0
982.0
1060.0
23.0
206.0
489.0
423.0
460.0
670.0
694.0
2241.0
1151.0
651.0
837.0
330.0
107.0
44.0
30.0
123.0
1072.0
416.0
2006.0
934.0
844.0
246.0
1727.0
354.0
637.0
231.0
216.0
283.0
498.0
150.0
604.0
975.0
1259.0
792.0
604.0
1449.0
191.0
140.0
184.0
3.0
557.0
727.0
347.0
1051.0
1339.0
718.0
1888.0
220.0
30.0
76.0
23.0
173.0
292.0
772.0
854.0
1204.0
165.0
1701.0
985.0
66.0
224.0
124.0
202.0
544.0
423.0
467.0
1160.0
1245.0
677.0
610.0
1534.0
56.0
59.0
160.0
27.0
534.0
115.0
216.0
226.0
583.0
1007.0
584.0
650.0
198.0
43.0
327.0
64.0
46.0
128.0
580.0
611.0
2135.0
316.0
232.0
1209.0
206.0
59.0
296.0
39.0
157.0
3.0
985.0
582.0
862.0
1397.0
1434.0
1256.0
739.0
259.0
392.0
296.0
573.0
389.0
907.0
996.0
353.0
2272.0
401.0
350.0
832.0
20.0
256.0
28.0
48.0
214.0
703.0
1574.0
601.0
340.0
905.0
1354.0
600.0
336.0
16.0
261.0
563.0
280.0
204.0
2139.0
870.0
750.0
69.0
208.0
983.0
558.0
269.0
90.0
102.0
140.0
904.0
1952.0
565.0
557.0
1001.0
373.0
528.0
827.0
326.0
231.0
129.0
1389.0
663.0
781.0
956.0
1435.0
170.0
2566.0
1469.0
377.0
635.0
89.0
3.0
107.0
576.0
913.0
355.0
53.0
851.0
109.0
214.0
296.0
199.0
163.0
443.0
358.0
701.0
1021.0
1983.0
1311.0
796.0
483.0
13.0
601.0
171.0
29.0
234.0
705.0
1273.0
672.0
305.0
811.0
406.0
716.0
116.0
13.0
3.0
213.0
0.0
831.0
409.0
2077.0
992.0
471.0
2762.0
1058.0
464.0
348.0
38.0
104.0
353.0
358.0
869.0
775.0
593.0
1299.0
610.0
1100.0
173.0
482.0
56.0
371.0
125.0
1382.0
392.0
505.0
900.0
693.0
790.0
145.0
1283.0
264.0
79.0
360.0
158.0
931.0
548.0
623.0
598.0
534.0
1117.0
66.0
302.0
0.0
268.0
0.0
96.0
555.0
479.0
1180.0
510.0
1400.0
1319.0
640.0
270.0
980.0
355.0
234.0
112.0
653.0
717.0
1891.0
311.0
1655.0
668.0
568.0
601.0
265.0
491.0
205.0
253.0
659.0
496.0
1176.0
1974.0
23.0
1021.0
1850.0
478.0
629.0
164.0
48.0
224.0
750.0
1389.0
1255.0
1917.0
270.0
130.0
444.0
1219.0
21.0
663.0
164.0
102.0
260.0
555.0
619.0
849.0
1349.0
2030.0
1395.0
599.0
128.0
95.0
0.0
183.0
343.0
1816.0
817.0
813.0
775.0
1263.0
1696.0
1458.0
205.0
323.0
26.0
117.0
2190.0
560.0
1564.0
1296.0
363.0
1572.0
632.0
347.0
413.0
150.0
183.0
113.0
36.0
575.0
535.0
589.0
665.0
744.0
603.0
0.0
394.0
135.0
247.0
171.0
130.0
23.0
692.0
1644.0
811.0
910.0
882.0
196.0
5.0
148.0
160.0
78.0
1032.0
144.0
1287.0
2142.0
734.0
839.0
253.0
373.0
204.0
229.0
188.0
15.0
691.0
534.0
1288.0
1242.0
583.0
730.0
127.0
138.0
778.0
447.0
351.0
146.0
723.0
416.0
421.0
1393.0
3794.0
1115.0
451.0
1076.0
664.0
321.0
491.0
369.0
552.0
857.0
1824.0
1540.0
3035.0
1043.0
1116.0
288.0
140.0
250.0
227.0
287.0
13.0
955.0
608.0
882.0
1434.0
508.0
263.0
327.0
590.0
363.0
297.0
59.0
535.0
561.0
2339.0
432.0
826.0
1022.0
294.0
209.0
175.0
82.0
243.0
0.0
206.0
576.0
2187.0
289.0
1197.0
971.0
884.0
290.0
1191.0
0.0
49.0
NaN
NaN
NaN
918.0
1572.0
881.0
719.0
968.0
812.0
221.0
444.0
450.0
168.0
932.0
1056.0
300.0
1029.0
1076.0
363.0
552.0
332.0
970.0
0.0
242.0
195.0
280.0
766.0
1226.0
609.0
974.0
NaN
283.0
0.0
180.0
216.0
72.0
353.0
543.0
288.0
373.0
659.0
1459.0
306.0
407.0
643.0
305.0
196.0
343.0
661.0
285.0
467.0
2294.0
893.0
1284.0
630.0
755.0
455.0
219.0
37.0
173.0
147.0
176.0
650.0
1409.0
1026.0
NaN
1128.0
401.0
1762.0
100.0
0.0
81.0
249.0
298.0
1198.0
1839.0
2708.0
21.0
637.0
1543.0
203.0
364.0
95.0
270.0
264.0
1671.0
333.0
1470.0
1653.0
626.0
354.0
544.0
142.0
398.0
61.0
167.0
206.0
388.0
1378.0
261.0
805.0
1011.0
1059.0
622.0
585.0
280.0
19.0
89.0
0.0
462.0
427.0
736.0
666.0
1100.0
1167.0
1175.0
271.0
16.0
828.0
184.0
216.0
516.0
612.0
2244.0
NaN
675.0
1953.0
740.0
910.0
46.0
580.0
99.0
128.0
320.0
1149.0
1781.0
747.0
1191.0
826.0
810.0
1603.0
280.0
125.0
57.0
110.0
90.0
392.0
239.0
1419.0
625.0
556.0
NaN
993.0
142.0
262.0
93.0
244.0
904.0
844.0
1066.0
NaN
463.0
1065.0
915.0
36.0
457.0
61.0
NaN
NaN
NaN
NaN
NaN
NaN
NaN
1346.0
219.0
160.0
368.0
340.0
109.0
488.0
473.0
1054.0
274.0
NaN
655.0
NaN
214.0
762.0
5.0
259.0
287.0
117.0
353.0
752.0
1890.0
NaN
597.0
1089.0
NaN
1029.0
409.0
25.0
13.0
124.0
8.0
550.0
738.0
2154.0
NaN
990.0
647.0
749.0
79.0
79.0
16.0
193.0
201.0
716.0
2883.0
1477.0
804.0
487.0
437.0
319.0
629.0
757.0
173.0
76.0
157.0
1248.0
2129.0
84.0
706.0
1991.0
513.0
511.0
203.0
304.0
318.0
102.0
353.0
495.0
1752.0
313.0
645.0
858.0
518.0
NaN
