0.0
25.0
0.0
0.0
0.0
0.0
0.0
0.0
0.0
0.0
0.0
0.0
0.0
25.0
0.0
81.0
0.0
0.0
0.0
0.0
15.0
0.0
0.0
0.0
0.0
0.0
0.0
0.0
0.0
48.0
0.0
0.0
0.0
64.0
0.0
0.0
0.0
0.0
0.0
0.0
145.0
0.0
0.0
0.0
0.0
0.0
0.0
0.0
0.0
30.0
0.0
0.0
58.0
0.0
147.0
0.0
0.0
0.0
0.0
0.0
0.0
0.0
0.0
0.0
79.0
81.0
231.0
20.0
216.0
61.0
0.0
0.0
0.0
0.0
0.0
25.0
0.0
0.0
10.0
0.0
0.0
0.0
0.0
NaN
NaN
NaN
13.0
0.0
0.0
0.0
0.0
0.0
0.0
0.0
0.0
0.0
0.0
0.0
0.0
0.0
0.0
0.0
0.0
109.0
0.0
0.0
0.0
0.0
0.0
305.0
0.0
0.0
0.0
0.0
0.0
0.0
0.0
0.0
0.0
0.0
0.0
0.0
0.0
25.0
0.0
0.0
0.0
0.0
221.0
173.0
0.0
0.0
0.0
18.0
43.0
0.0
0.0
97.0
198.0
0.0
36.0
41.0
0.0
0.0
0.0
0.0
0.0
0.0
81.0
0.0
0.0
137.0
66.0
23.0
0.0
0.0
0.0
0.0
0.0
51.0
46.0
0.0
0.0
0.0
0.0
43.0
0.0
28.0
0.0
0.0
0.0
0.0
0.0
0.0
0.0
0.0
0.0
0.0
0.0
0.0
0.0
89.0
173.0
33.0
0.0
0.0
0.0
0.0
0.0
0.0
0.0
51.0
15.0
0.0
0.0
0.0
0.0
0.0
0.0
0.0
130.0
0.0
0.0
NaN
NaN
NaN
0.0
0.0
0.0
30.0
0.0
0.0
23.0
0.0
0.0
0.0
0.0
0.0
0.0
0.0
0.0
15.0
0.0
114.0
15.0
76.0
0.0
41.0
99.0
0.0
0.0
0.0
0.0
0.0
15.0
0.0
0.0
NaN
NaN
NaN
0.0
56.0
43.0
0.0
0.0
246.0
0.0
0.0
231.0
48.0
0.0
0.0
0.0
0.0
0.0
0.0
0.0
119.0
0.0
0.0
0.0
0.0
0.0
94.0
0.0
0.0
0.0
0.0
0.0
0.0
0.0
0.0
0.0
0.0
0.0
0.0
0.0
0.0
119.0
142.0
18.0
0.0
64.0
0.0
0.0
0.0
0.0
0.0
0.0
0.0
249.0
0.0
0.0
0.0
15.0
0.0
0.0
0.0
0.0
0.0
0.0
0.0
0.0
0.0
0.0
76.0
0.0
0.0
0.0
0.0
109.0
0.0
36.0
0.0
0.0
0.0
0.0
0.0
0.0
66.0
0.0
0.0
0.0
0.0
41.0
0.0
0.0
0.0
0.0
0.0
0.0
0.0
0.0
0.0
0.0
0.0
0.0
0.0
0.0
0.0
262.0
48.0
0.0
0.0
0.0
0.0
0.0
0.0
0.0
0.0
0.0
0.0
20.0
0.0
0.0
0.0
0.0
0.0
0.0
0.0
0.0
0.0
0.0
0.0
0.0
0.0
0.0
0.0
25.0
0.0
0.0
0.0
0.0
0.0
46.0
104.0
0.0
0.0
0.0
0.0
0.0
23.0
0.0
0.0
0.0
0.0
0.0
0.0
0.0
0.0
155.0
0.0
0.0
0.0
0.0
30.0
0.0
0.0
0.0
53.0
0.0
241.0
0.0
0.0
0.0
0.0
0.0
0.0
0.0
0.0
0.0
0.0
36.0
0.0
0.0
15.0
0.0
0.0
0.0
0.0
0.0
0.0
0.0
0.0
0.0
0.0
0.0
NaN
145.0
0.0
0.0
0.0
0.0
0.0
38.0
0.0
0.0
25.0
84.0
0.0
0.0
0.0
0.0
102.0
0.0
0.0
0.0
56.0
89.0
0.0
46.0
0.0
0.0
0.0
0.0
0.0
0.0
0.0
15.0
0.0
0.0
0.0
0.0
0.0
0.0
0.0
0.0
0.0
0.0
0.0
0.0
0.0
0.0
0.0
0.0
0.0
0.0
15.0
0.0
0.0
0.0
33.0
0.0
0.0
91.0
0.0
0.0
23.0
0.0
NaN
71.0
13.0
0.0
0.0
0.0
0.0
0.0
0.0
0.0
0.0
0.0
0.0
0.0
0.0
0.0
0.0
0.0
0.0
0.0
0.0
0.0
0.0
0.0
0.0
0.0
0.0
0.0
0.0
0.0
0.0
124.0
0.0
0.0
0.0
38.0
20.0
33.0
122.0
0.0
0.0
0.0
38.0
43.0
0.0
0.0
25.0
0.0
155.0
203.0
0.0
0.0
0.0
0.0
0.0
0.0
0.0
0.0
0.0
0.0
0.0
0.0
0.0
114.0
0.0
28.0
0.0
0.0
0.0
20.0
0.0
0.0
0.0
0.0
241.0
28.0
0.0
0.0
0.0
0.0
74.0
0.0
28.0
0.0
0.0
NaN
NaN
30.0
0.0
0.0
18.0
0.0
0.0
0.0
0.0
0.0
0.0
15.0
0.0
0.0
627.0
302.0
0.0
0.0
0.0
0.0
0.0
0.0
0.0
0.0
0.0
0.0
353.0
0.0
0.0
185.0
69.0
0.0
0.0
351.0
0.0
0.0
0.0
0.0
0.0
0.0
41.0
0.0
0.0
0.0
0.0
0.0
0.0
0.0
0.0
51.0
0.0
0.0
0.0
0.0
0.0
74.0
0.0
0.0
0.0
0.0
757.0
0.0
0.0
394.0
0.0
0.0
18.0
0.0
0.0
0.0
170.0
0.0
64.0
28.0
0.0
0.0
74.0
0.0
0.0
0.0
0.0
0.0
0.0
0.0
0.0
0.0
28.0
305.0
150.0
0.0
0.0
0.0
0.0
0.0
0.0
0.0
0.0
0.0
0.0
0.0
58.0
0.0
0.0
0.0
0.0
0.0
51.0
0.0
0.0
0.0
0.0
0.0
0.0
0.0
66.0
25.0
0.0
79.0
0.0
0.0
0.0
0.0
0.0
348.0
0.0
0.0
0.0
130.0
0.0
0.0
0.0
0.0
15.0
0.0
0.0
0.0
0.0
165.0
0.0
0.0
23.0
0.0
0.0
0.0
0.0
0.0
0.0
0.0
0.0
0.0
0.0
0.0
0.0
0.0
0.0
0.0
117.0
211.0
0.0
0.0
0.0
0.0
0.0
0.0
0.0
0.0
0.0
0.0
0.0
0.0
0.0
0.0
0.0
0.0
NaN
NaN
97.0
0.0
30.0
0.0
46.0
0.0
0.0
0.0
0.0
0.0
0.0
0.0
0.0
NaN
216.0
0.0
0.0
0.0
0.0
0.0
0.0
0.0
0.0
259.0
28.0
0.0
0.0
0.0
18.0
0.0
0.0
0.0
0.0
0.0
0.0
0.0
0.0
8.0
0.0
0.0
0.0
0.0
0.0
56.0
0.0
0.0
0.0
0.0
0.0
0.0
69.0
0.0
41.0
0.0
0.0
0.0
13.0
0.0
15.0
41.0
0.0
0.0
18.0
0.0
0.0
23.0
0.0
0.0
0.0
0.0
0.0
0.0
0.0
20.0
0.0
0.0
0.0
0.0
0.0
0.0
0.0
0.0
0.0
0.0
23.0
0.0
0.0
0.0
0.0
33.0
0.0
0.0
0.0
0.0
0.0
58.0
0.0
71.0
0.0
0.0
0.0
0.0
0.0
0.0
0.0
0.0
0.0
0.0
0.0
0.0
0.0
0.0
0.0
0.0
0.0
0.0
0.0
0.0
0.0
56.0
20.0
0.0
0.0
0.0
0.0
0.0
48.0
0.0
0.0
0.0
0.0
0.0
0.0
0.0
20.0
0.0
0.0
0.0
NaN
71.0
0.0
13.0
0.0
0.0
0.0
0.0
0.0
15.0
0.0
0.0
0.0
457.0
0.0
0.0
0.0
0.0
0.0
0.0
0.0
0.0
0.0
0.0
91.0
0.0
0.0
0.0
0.0
0.0
0.0
38.0
284.0
51.0
0.0
0.0
0.0
0.0
0.0
91.0
353.0
206.0
0.0
0.0
0.0
46.0
41.0
0.0
0.0
0.0
0.0
0.0
0.0
0.0
28.0
114.0
0.0
0.0
0.0
0.0
0.0
0.0
0.0
0.0
0.0
178.0
185.0
183.0
94.0
0.0
0.0
33.0
0.0
0.0
0.0
0.0
0.0
0.0
627.0
0.0
74.0
0.0
18.0
249.0
0.0
0.0
33.0
0.0
0.0
0.0
18.0
0.0
0.0
91.0
0.0
0.0
0.0
43.0
0.0
91.0
0.0
0.0
0.0
0.0
0.0
0.0
0.0
0.0
0.0
0.0
0.0
132.0
363.0
0.0
165.0
20.0
0.0
0.0
0.0
0.0
69.0
0.0
0.0
0.0
373.0
0.0
0.0
0.0
0.0
0.0
0.0
NaN
41.0
0.0
0.0
0.0
NaN
NaN
102.0
0.0
0.0
0.0
0.0
0.0
0.0
0.0
0.0
0.0
0.0
0.0
0.0
0.0
0.0
0.0
0.0
0.0
478.0
119.0
0.0
0.0
160.0
0.0
0.0
0.0
0.0
0.0
142.0
0.0
NaN
404.0
0.0
0.0
0.0
0.0
0.0
0.0
0.0
0.0
0.0
122.0
0.0
43.0
20.0
91.0
79.0
0.0
0.0
0.0
0.0
0.0
0.0
20.0
0.0
0.0
0.0
0.0
0.0
0.0
0.0
119.0
0.0
0.0
56.0
0.0
0.0
0.0
0.0
0.0
0.0
0.0
0.0
0.0
0.0
0.0
23.0
61.0
203.0
0.0
0.0
0.0
56.0
0.0
0.0
0.0
0.0
0.0
0.0
0.0
0.0
NaN
NaN
NaN
43.0
0.0
0.0
0.0
0.0
0.0
0.0
0.0
0.0
20.0
0.0
0.0
20.0
0.0
0.0
0.0
178.0
0.0
81.0
0.0
0.0
147.0
0.0
33.0
NaN
0.0
15.0
0.0
NaN
NaN
0.0
0.0
0.0
0.0
0.0
25.0
0.0
0.0
0.0
18.0
20.0
0.0
0.0
0.0
0.0
0.0
0.0
0.0
0.0
0.0
0.0
0.0
0.0
0.0
0.0
0.0
0.0
0.0
0.0
0.0
0.0
0.0
23.0
0.0
0.0
109.0
81.0
0.0
0.0
0.0
0.0
0.0
0.0
0.0
0.0
234.0
318.0
0.0
0.0
0.0
0.0
0.0
0.0
0.0
0.0
0.0
0.0
0.0
0.0
0.0
0.0
244.0
0.0
0.0
0.0
0.0
0.0
0.0
0.0
0.0
30.0
0.0
0.0
0.0
0.0
0.0
0.0
122.0
0.0
0.0
0.0
0.0
0.0
0.0
0.0
0.0
0.0
0.0
0.0
0.0
0.0
0.0
0.0
0.0
0.0
0.0
0.0
18.0
28.0
0.0
0.0
74.0
66.0
0.0
0.0
119.0
0.0
53.0
0.0
0.0
0.0
0.0
30.0
0.0
0.0
0.0
99.0
46.0
0.0
30.0
0.0
0.0
0.0
0.0
0.0
0.0
0.0
0.0
0.0
0.0
0.0
0.0
0.0
15.0
0.0
0.0
66.0
56.0
0.0
0.0
25.0
0.0
0.0
0.0
0.0
0.0
0.0
71.0
0.0
0.0
0.0
NaN
NaN
234.0
23.0
0.0
0.0
18.0
NaN
224.0
20.0
0.0
0.0
0.0
0.0
0.0
71.0
183.0
0.0
0.0
0.0
0.0
79.0
74.0
0.0
0.0
0.0
0.0
335.0
0.0
28.0
0.0
0.0
0.0
0.0
0.0
0.0
0.0
28.0
0.0
0.0
25.0
0.0
0.0
0.0
0.0
0.0
0.0
0.0
0.0
0.0
0.0
0.0
0.0
0.0
0.0
0.0
0.0
0.0
0.0
0.0
0.0
15.0
0.0
0.0
0.0
0.0
0.0
0.0
0.0
0.0
0.0
0.0
0.0
0.0
18.0
0.0
41.0
0.0
0.0
0.0
0.0
0.0
0.0
165.0
0.0
0.0
109.0
0.0
0.0
28.0
0.0
0.0
0.0
0.0
33.0
0.0
0.0
0.0
0.0
0.0
0.0
241.0
0.0
0.0
NaN
NaN
584.0
135.0
0.0
0.0
0.0
0.0
0.0
0.0
0.0
0.0
20.0
277.0
0.0
137.0
0.0
38.0
33.0
165.0
0.0
18.0
0.0
0.0
0.0
0.0
0.0
0.0
NaN
406.0
0.0
0.0
0.0
0.0
0.0
0.0
269.0
180.0
0.0
81.0
475.0
0.0
0.0
0.0
0.0
0.0
0.0
61.0
208.0
0.0
0.0
0.0
0.0
0.0
41.0
0.0
86.0
0.0
0.0
0.0
0.0
0.0
0.0
58.0
0.0
0.0
0.0
0.0
15.0
84.0
0.0
0.0
0.0
0.0
53.0
0.0
0.0
0.0
0.0
38.0
0.0
33.0
0.0
71.0
165.0
99.0
0.0
0.0
0.0
0.0
0.0
0.0
0.0
0.0
0.0
0.0
0.0
66.0
NaN
69.0
0.0
79.0
0.0
0.0
0.0
0.0
0.0
0.0
0.0
0.0
0.0
0.0
23.0
0.0
0.0
0.0
0.0
0.0
0.0
0.0
0.0
267.0
0.0
0.0
0.0
0.0
0.0
0.0
0.0
0.0
53.0
0.0
28.0
0.0
0.0
0.0
0.0
0.0
0.0
20.0
0.0
0.0
0.0
0.0
0.0
0.0
86.0
89.0
0.0
0.0
15.0
0.0
0.0
0.0
0.0
0.0
25.0
0.0
0.0
0.0
0.0
0.0
0.0
0.0
0.0
0.0
114.0
46.0
0.0
0.0
0.0
0.0
89.0
0.0
0.0
0.0
0.0
0.0
0.0
0.0
76.0
0.0
0.0
0.0
84.0
0.0
0.0
0.0
0.0
0.0
18.0
254.0
0.0
0.0
0.0
0.0
0.0
0.0
0.0
0.0
0.0
0.0
0.0
0.0
64.0
0.0
25.0
28.0
0.0
112.0
0.0
0.0
0.0
56.0
213.0
0.0
0.0
0.0
0.0
0.0
94.0
0.0
0.0
0.0
36.0
0.0
0.0
0.0
43.0
0.0
0.0
0.0
0.0
NaN
NaN
0.0
0.0
127.0
0.0
0.0
0.0
0.0
38.0
0.0
18.0
0.0
0.0
208.0
46.0
0.0
0.0
28.0
208.0
0.0
0.0
0.0
0.0
0.0
0.0
56.0
NaN
NaN
18.0
0.0
0.0
NaN
203.0
0.0
0.0
0.0
117.0
46.0
0.0
0.0
0.0
0.0
0.0
0.0
0.0
0.0
0.0
43.0
0.0
0.0
0.0
0.0
0.0
0.0
81.0
0.0
0.0
0.0
0.0
89.0
0.0
0.0
0.0
0.0
0.0
0.0
0.0
0.0
0.0
0.0
0.0
33.0
0.0
0.0
0.0
0.0
0.0
0.0
0.0
0.0
0.0
51.0
0.0
0.0
84.0
556.0
0.0
0.0
23.0
0.0
287.0
0.0
236.0
0.0
0.0
0.0
0.0
0.0
0.0
0.0
0.0
0.0
0.0
0.0
0.0
0.0
0.0
15.0
0.0
0.0
43.0
0.0
0.0
84.0
0.0
NaN
NaN
NaN
NaN
71.0
0.0
0.0
0.0
0.0
0.0
0.0
0.0
0.0
0.0
0.0
0.0
0.0
0.0
0.0
0.0
30.0
0.0
0.0
0.0
0.0
0.0
0.0
0.0
46.0
20.0
279.0
0.0
0.0
0.0
0.0
0.0
0.0
64.0
0.0
0.0
0.0
0.0
84.0
0.0
NaN
NaN
140.0
0.0
0.0
0.0
0.0
NaN
43.0
0.0
0.0
0.0
0.0
0.0
NaN
46.0
0.0
0.0
38.0
0.0
0.0
0.0
0.0
0.0
91.0
0.0
0.0
0.0
0.0
0.0
0.0
NaN
48.0
0.0
0.0
0.0
76.0
0.0
61.0
0.0
0.0
81.0
0.0
0.0
0.0
25.0
0.0
30.0
61.0
0.0
NaN
30.0
0.0
0.0
0.0
0.0
0.0
0.0
38.0
53.0
0.0
0.0
0.0
0.0
0.0
0.0
0.0
0.0
0.0
0.0
0.0
0.0
0.0
0.0
0.0
76.0
69.0
0.0
0.0
0.0
NaN
43.0
0.0
0.0
0.0
NaN
23.0
0.0
0.0
0.0
0.0
NaN
NaN
23.0
0.0
0.0
0.0
0.0
0.0
0.0
0.0
0.0
0.0
0.0
0.0
0.0
0.0
0.0
NaN
0.0
0.0
0.0
0.0
15.0
0.0
0.0
18.0
0.0
0.0
20.0
0.0
0.0
165.0
0.0
0.0
0.0
0.0
0.0
0.0
0.0
30.0
0.0
0.0
0.0
0.0
0.0
0.0
0.0
0.0
0.0
0.0
117.0
0.0
15.0
0.0
0.0
0.0
0.0
0.0
0.0
0.0
94.0
0.0
0.0
0.0
0.0
0.0
0.0
0.0
0.0
0.0
0.0
0.0
0.0
0.0
0.0
0.0
0.0
NaN
20.0
0.0
25.0
18.0
0.0
0.0
NaN
150.0
0.0
0.0
20.0
0.0
211.0
196.0
0.0
0.0
41.0
0.0
0.0
0.0
0.0
0.0
0.0
0.0
0.0
0.0
0.0
36.0
0.0
94.0
20.0
0.0
0.0
0.0
0.0
0.0
0.0
0.0
0.0
180.0
206.0
0.0
0.0
0.0
94.0
0.0
0.0
NaN
NaN
147.0
20.0
0.0
0.0
0.0
28.0
0.0
0.0
0.0
0.0
46.0
0.0
0.0
NaN
NaN
NaN
0.0
NaN
NaN
NaN
NaN
0.0
0.0
0.0
0.0
163.0
0.0
0.0
0.0
107.0
0.0
0.0
0.0
231.0
0.0
0.0
0.0
0.0
0.0
0.0
0.0
0.0
0.0
0.0
0.0
0.0
0.0
NaN
NaN
NaN
0.0
0.0
0.0
NaN
NaN
NaN
NaN
241.0
0.0
0.0
0.0
0.0
157.0
0.0
0.0
0.0
0.0
0.0
0.0
0.0
0.0
0.0
61.0
0.0
0.0
0.0
0.0
0.0
0.0
0.0
0.0
0.0
NaN
NaN
NaN
295.0
NaN
NaN
NaN
NaN
NaN
NaN
NaN
0.0
0.0
0.0
0.0
0.0
0.0
0.0
0.0
0.0
NaN
NaN
0.0
0.0
0.0
0.0
0.0
0.0
0.0
0.0
0.0
