NaN
18.5392857143
24.76
32.2
34.9322580645
34.2258064516
26.4428571429
NaN
NaN
NaN
NaN
NaN
NaN
NaN
NaN
NaN
NaN
NaN
NaN
NaN
NaN
NaN
NaN
NaN
NaN
NaN
NaN
NaN
NaN
NaN
NaN
NaN
NaN
NaN
NaN
NaN
NaN
NaN
NaN
NaN
NaN
NaN
NaN
NaN
11.5862068966
-0.612903225806
4.15862068966
5.11428571429
NaN
NaN
NaN
29.7448275862
30.8
29.064516129
26.9633333333
17.1433333333
9.25769230769
NaN
2.92903225806
-0.892857142857
5.62258064516
17.1896551724
24.1419354839
28.8766666667
29.6838709677
30.1516129032
24.5033333333
22.4741935484
14.5
2.71612903226
4.99032258065
-0.989285714286
8.61071428571
19.5933333333
24.5483870968
27.8466666667
28.98
32.4290322581
25.7233333333
22.6518518519
7.87666666667
5.40967741935
3.76451612903
1.03703703704
NaN
16.95
23.3482758621
30.4
37.3806451613
31.0161290323
25.3482758621
20.1866666667
9.75185185185
-0.94
2.32580645161
-1.38571428571
10.0483870968
17.7633333333
25.8
23.7275862069
26.4933333333
26.59
22.2
19.9096774194
13.1966666667
-0.770967741935
1.77741935484
0.660714285714
11.8548387097
18.37
23.0612903226
23.7275862069
30.7903225806
NaN
23.575
18.5806451613
8.03461538462
0.596666666667
NaN
-2.88148148148
7.9275862069
12.4655172414
21.52
25.8466666667
27.3034482759
27.93
24.524137931
18.91
13.5068965517
1.45862068966
-5.28387096774
-3.44615384615
12.34
15.85
22.8709677419
27.87
27.0258064516
29.9258064516
25.2766666667
17.5833333333
11.1551724138
3.19032258065
3.17777777778
1.79259259259
2.91724137931
18.7793103448
23.1833333333
26.32
28.1
30.3548387097
27.4866666667
18.064516129
7.35172413793
2.66071428571
-0.658620689655
3.476
11.9096774194
12.3551724138
18.81
24.4433333333
28.3677419355
28.0566666667
23.4633333333
16.9838709677
9.65666666667
3.94666666667
3.18
1.5
10.4096774194
17.824137931
21.4193548387
24.39
28.7129032258
NaN
27.324137931
17.3433333333
11.5533333333
4.26
-0.3
4.43846153846
6.93666666667
13.9666666667
20.5129032258
25.39
26.9709677419
31.0258064516
23.07
17.1206896552
13.4379310345
-4.34285714286
-1.075
0.574074074074
18.0548387097
18.9384615385
18.8161290323
26.6433333333
30.8612903226
29.13
25.59
23.1655172414
7.43448275862
2.10967741935
1.88928571429
3.908
12.1233333333
15.0433333333
26.85
33.6655172414
34.0290322581
32.9034482759
27.28
16.48
6.35862068966
4.03333333333
-8.34137931034
-1.82962962963
2.76551724138
16.8
25.0903225806
27.7366666667
32.0096774194
29.5451612903
24.3633333333
19.8903225806
12.3620689655
6.32068965517
2.08846153846
-0.348148148148
8.59615384615
17.6275862069
22.84
29.7066666667
33.8193548387
35.1709677419
26.1433333333
16.464516129
13.075862069
5.78965517241
4.975
-0.745833333333
8.5
17.0555555556
25.1206896552
30.39
32.8193548387
31.15
25.3071428571
20.0620689655
13.4714285714
NaN
-0.477777777778
5.18333333333
3.54
21.4933333333
20.6285714286
25.4517241379
26.7733333333
25.32
25.4555555556
20.53
12.3192307692
2.77407407407
NaN
-0.0407407407407
10.7307692308
15.162962963
22.0333333333
24.67
34.6161290323
31.4633333333
25.4034482759
18.4344827586
12.0814814815
1.55185185185
0.996296296296
1.33043478261
10.22
13.7884615385
20.0666666667
25.53
31.1387096774
28.9419354839
24.28
14.0517241379
12.132
NaN
-5.87142857143
4.508
16.6821428571
13.2433333333
25.6967741935
28.6266666667
30.4
32.5935483871
22.3517241379
20.12
11.08
6.55806451613
3.67741935484
3.76785714286
9.8064516129
15.7310344828
20.7290322581
28.9433333333
32.9580645161
28.7096774194
27.54
18.0838709677
7.68333333333
-3.93225806452
-1.64516129032
0.962068965517
10.9129032258
11.8275862069
21.7387096774
28.84
29.3322580645
29.2387096774
26.4833333333
22.0612903226
7.20714285714
2.74516129032
4.55483870968
6.425
13.67
18.05
25.3741935484
31.0133333333
33.6225806452
29.8741935484
28.175862069
20.935483871
7.47666666667
5.53870967742
1.75806451613
4.94642857143
10.5516129032
17.2933333333
24.5935483871
29.8
29.1967741935
29.7548387097
26.7966666667
22.0
11.2
3.94838709677
4.11290322581
0.759259259259
7.31290322581
17.92
22.7612903226
28.41
31.6451612903
29.0709677419
24.8566666667
16.4741935484
10.4633333333
6.91935483871
-1.53870967742
2.85172413793
6.49032258065
18.63
20.8032258065
26.15
28.9566666667
29.9258064516
23.2233333333
23.3774193548
11.6666666667
-2.15483870968
1.2
6.33214285714
13.6225806452
21.5366666667
22.6064516129
28.3866666667
31.7580645161
30.9838709677
27.5733333333
10.5838709677
9.49666666667
0.222580645161
2.07419354839
5.97037037037
6.61290322581
14.8166666667
26.1806451613
26.3933333333
30.4709677419
30.7193548387
23.21
16.7612903226
6.93
1.22258064516
1.4
6.09285714286
11.7666666667
16.3166666667
22.21
25.4633333333
31.2935483871
28.7806451613
27.68
21.3419354839
10.17
0.78064516129
2.97096774194
4.97931034483
11.6193548387
14.2266666667
25.4677419355
25.0033333333
30.0161290323
29.9387096774
23.2066666667
19.9483870968
9.44
4.03548387097
-4.46451612903
-2.83571428571
12.1966666667
17.5066666667
21.1064516129
26.54
29.5935483871
29.4870967742
24.32
18.5766666667
6.74827586207
2.28064516129
-5.08064516129
9.65
11.1612903226
19.0433333333
22.84
27.32
33.6774193548
31.3290322581
28.34
17.09
12.5633333333
3.42333333333
6.23225806452
8.51481481481
7.37419354839
17.4033333333
21.5064516129
29.4833333333
32.6967741935
30.335483871
28.78
20.4967741935
14.0966666667
6.74516129032
2.04193548387
7.21724137931
5.03548387097
17.3533333333
24.0166666667
28.26
31.1806451613
28.1935483871
24.9966666667
17.8258064516
8.14333333333
2.21935483871
8.40322580645
3.68928571429
9.81290322581
16.8533333333
22.7064516129
33.1633333333
32.4193548387
28.7064516129
28.3933333333
16.6935483871
10.7137931034
5.20322580645
4.87419354839
3.49642857143
8.54838709677
19.3666666667
28.6387096774
34.45
37.0419354839
33.2967741935
22.6866666667
20.3
10.95
-0.503225806452
0.438709677419
3.68518518519
NaN
14.3966666667
18.7806451613
25.07
32.9032258065
30.0483870968
24.8
17.8903225806
6.83333333333
0.3
-5.88387096774
-6.38275862069
12.6548387097
15.8733333333
26.4322580645
29.91
37.9161290323
35.6290322581
26.4666666667
16.7387096774
9.31333333333
4.71290322581
-2.25483870968
-0.442857142857
6.48709677419
15.7366666667
24.1193548387
27.94
32.5064516129
33.3935483871
28.6466666667
18.2433333333
7.73333333333
0.141935483871
1.22258064516
6.12962962963
15.7161290323
17.11
22.9258064516
28.15
33.4677419355
32.5933333333
27.4266666667
24.5516129032
10.6866666667
2.93870967742
5.47096774194
2.56071428571
9.87419354839
15.87
26.1838709677
28.34
32.1032258065
28.3483870968
29.6733333333
21.5741935484
11.46
7.3935483871
-7.79032258065
1.10344827586
5.54838709677
15.7933333333
21.3258064516
28.68
32.8774193548
27.3451612903
26.49
23.0774193548
7.94
4.24516129032
0.732258064516
0.925
7.51290322581
19.1931034483
26.1548387097
27.3633333333
31.4516129032
31.6741935484
26.2366666667
19.2935483871
10.8433333333
6.18709677419
1.12903225806
0.164285714286
9.11290322581
20.2
21.9935483871
27.43
30.3161290323
29.2290322581
23.3166666667
19.9516129032
10.6266666667
-0.854838709677
-0.864516129032
5.55
7.22580645161
16.4166666667
19.9064516129
27.78
30.9580645161
29.6741935484
22.66
18.4483870968
7.57666666667
2.37741935484
5.74193548387
4.22413793103
4.62580645161
12.9633333333
24.4419354839
28.0733333333
29.9290322581
28.7266666667
24.5533333333
19.4451612903
9.12666666667
-1.59032258065
-2.34838709677
1.92142857143
15.3193548387
15.8866666667
19.0387096774
23.4766666667
29.0935483871
29.6903225806
24.11
17.7838709677
9.39333333333
-2.54516129032
1.37741935484
5.69642857143
15.7387096774
18.4833333333
19.3709677419
27.3
29.7806451613
25.6677419355
24.8482758621
20.9903225806
10.2333333333
5.79032258065
3.11935483871
-1.66428571429
4.49677419355
15.17
19.2451612903
24.6266666667
29.4225806452
35.3096774194
27.8166666667
22.9483870968
5.50333333333
4.70967741935
-2.26451612903
1.24137931034
7.5935483871
19.5866666667
22.1
27.1333333333
30.9774193548
31.0
27.4866666667
19.0677419355
9.87
3.38709677419
-1.27419354839
0.817857142857
7.94193548387
16.8766666667
24.2612903226
28.9266666667
30.6419354839
29.5387096774
22.92
20.8483870968
13.0433333333
4.98709677419
1.95806451613
2.31428571429
6.73225806452
12.98
22.9322580645
26.4266666667
27.8161290323
26.0225806452
25.2433333333
23.4225806452
7.45666666667
-1.41290322581
-0.625806451613
1.96428571429
4.07096774194
13.2066666667
23.364516129
24.2766666667
29.7516129032
28.9870967742
22.8166666667
18.535483871
7.28666666667
0.303225806452
2.56129032258
5.65
6.7
18.0466666667
22.6903225806
31.07
31.135483871
28.5032258065
27.59
19.1903225806
11.3866666667
2.98387096774
1.50322580645
5.81428571429
9.69677419355
14.0333333333
22.9774193548
30.9266666667
32.1870967742
32.4
28.6931034483
23.9862068966
13.8166666667
5.28387096774
1.36774193548
10.5035714286
7.89032258065
19.88
21.164516129
30.33
34.3774193548
29.63
27.9933333333
18.1677419355
12.38
4.17741935484
0.177419354839
1.96428571429
9.78709677419
21.1266666667
24.5580645161
26.5366666667
33.9451612903
32.8516129032
28.11
19.8129032258
7.12333333333
1.95483870968
0.0129032258065
3.01724137931
9.69032258065
17.5275862069
26.3290322581
32.0366666667
30.8612903226
29.9433333333
27.1833333333
24.7533333333
10.0766666667
4.40322580645
-2.29677419355
5.33571428571
9.26129032258
16.19
22.0967741935
27.8733333333
33.0322580645
30.3933333333
24.14
17.4935483871
7.94666666667
6.48387096774
0.964516129032
-1.72142857143
7.2935483871
17.73
25.5709677419
26.2766666667
27.4483870968
29.6193548387
25.2766666667
21.1419354839
13.1103448276
1.7935483871
-2.63225806452
2.06071428571
8.92903225806
16.3
24.0612903226
28.8566666667
29.7225806452
31.0741935484
24.8333333333
16.4322580645
6.05
5.34193548387
-0.203333333333
-1.18275862069
0.932258064516
17.58
22.8129032258
26.4033333333
30.164516129
30.61
27.04
19.9516129032
12.28
2.81
1.58709677419
5.60714285714
8.78709677419
13.6166666667
21.7548387097
29.27
30.1193548387
30.0451612903
24.2933333333
20.2741935484
9.47666666667
-0.216129032258
-3.33870967742
0.0785714285714
5.68387096774
16.9066666667
27.8129032258
27.7233333333
29.1129032258
30.0322580645
24.4533333333
19.5193548387
10.9133333333
2.78064516129
-5.74838709677
0.27037037037
11.7774193548
19.0933333333
22.6612903226
31.41
30.4161290323
27.6516129032
24.5966666667
25.2870967742
12.2566666667
-3.78709677419
4.37419354839
NaN
7.31612903226
16.9166666667
25.2419354839
27.0666666667
30.4774193548
27.5774193548
23.69
18.2096774194
12.2066666667
1.02
-0.238709677419
1.58571428571
0.570967741935
16.04
24.9419354839
26.2166666667
29.0193548387
28.5516129032
22.58
19.4064516129
12.3366666667
8.25161290323
-3.12258064516
3.86785714286
13.2064516129
15.3
22.4193548387
27.1866666667
32.2387096774
27.7935483871
23.4
19.735483871
11.2033333333
1.76774193548
2.80322580645
2.08571428571
11.7548387097
17.33
20.9387096774
26.7766666667
29.0451612903
28.0935483871
24.1866666667
17.2451612903
8.02333333333
3.57096774194
-0.11935483871
2.03103448276
13.9290322581
18.39
21.3419354839
29.33
29.9967741935
29.5935483871
24.59
18.7741935484
7.35333333333
1.00689655172
-2.66451612903
1.73571428571
5.96774193548
18.0233333333
23.4387096774
26.1482758621
30.4838709677
30.0193548387
25.0833333333
16.8451612903
10.5766666667
0.545161290323
-4.25161290323
5.42142857143
NaN
18.1333333333
25.5870967742
28.0266666667
31.7366666667
29.21
24.4566666667
17.3516129032
8.69333333333
3.84193548387
-2.61290322581
0.510714285714
7.87419354839
19.2933333333
21.9129032258
31.61
29.3580645161
30.0322580645
27.6666666667
22.3935483871
10.5733333333
3.58709677419
-0.270967741935
2.35517241379
10.8774193548
17.39
23.7933333333
28.3566666667
29.9161290323
29.5580645161
25.9033333333
17.3096774194
6.27666666667
-0.793548387097
0.567741935484
4.31071428571
12.6903225806
15.18
21.6161290323
28.54
29.8096774194
29.8
24.3178571429
22.0096774194
10.5733333333
0.435483870968
-0.4
4.83214285714
11.6129032258
19.6466666667
22.1709677419
26.1733333333
32.9225806452
27.5133333333
23.25
19.6806451613
9.41333333333
2.81290322581
1.43
-0.378571428571
4.61612903226
14.8866666667
24.6806451613
27.7766666667
31.4516129032
31.0967741935
23.2033333333
21.9580645161
13.2266666667
4.23225806452
2.06451612903
9.94482758621
11.7258064516
19.99
22.1741935484
28.3366666667
31.3419354839
29.5419354839
25.8866666667
16.2451612903
7.76
1.58387096774
-5.5064516129
5.325
13.5709677419
21.1766666667
26.6096774194
29.8866666667
34.02
28.4903225806
25.2466666667
17.5967741935
9.40333333333
0.144827586207
-5.08275862069
-3.0
6.61290322581
17.2466666667
21.6903225806
28.91
29.9709677419
29.6258064516
28.41
18.464516129
9.89333333333
1.27419354839
-7.66774193548
-3.23571428571
8.38387096774
14.56
23.8193548387
28.5566666667
29.5580645161
30.1032258065
27.6033333333
20.5870967742
9.23333333333
6.33225806452
0.125806451613
0.00344827586207
7.92903225806
18.18
25.2903225806
28.15
33.6741935484
32.2032258065
26.3633333333
18.3096774194
11.54
3.45483870968
3.52580645161
6.40357142857
13.0806451613
22.0533333333
22.0774193548
29.1133333333
28.9935483871
28.6677419355
26.4733333333
19.0612903226
11.7166666667
NaN
NaN
NaN
NaN
NaN
24.6129032258
25.3566666667
30.2903225806
27.9258064516
23.54
19.1666666667
10.2310344828
5.55806451613
1.97741935484
5.66428571429
9.5
12.48
21.1677419355
28.4266666667
33.5548387097
35.6258064516
26.5766666667
17.5451612903
10.3133333333
-6.70967741935
NaN
8.16206896552
4.35483870968
14.6433333333
20.9677419355
28.33
NaN
NaN
NaN
NaN
NaN
NaN
NaN
NaN
NaN
NaN
23.9419354839
26.3
30.4034482759
27.1258064516
25.0518518519
17.2064516129
4.78333333333
-3.59677419355
2.92
-0.917857142857
12.8677419355
19.7142857143
22.4580645161
29.0666666667
30.6172413793
26.02
25.3214285714
17.6064516129
7.23666666667
2.12580645161
2.10666666667
8.53928571429
12.0483870968
20.2793103448
25.4071428571
29.4333333333
31.7451612903
27.8709677419
24.4166666667
16.0966666667
11.5733333333
3.62258064516
0.554838709677
0.348275862069
11.7935483871
18.4533333333
26.0774193548
30.9034482759
33.0838709677
32.4258064516
26.5933333333
15.3129032258
10.6466666667
4.95483870968
6.71935483871
-2.89285714286
9.9064516129
18.3833333333
22.7548387097
26.3766666667
30.0064516129
28.9741935484
22.9666666667
19.4064516129
9.87333333333
-2.8935483871
6.68387096774
6.35
11.8870967742
16.6551724138
20.1290322581
27.14
28.6612903226
28.4387096774
26.4366666667
18.5806451613
13.8333333333
0.648387096774
-2.6064516129
7.11785714286
13.0677419355
18.37
24.364516129
28.9
30.1580645161
29.7931034483
25.3466666667
17.9516129032
4.89
4.3064516129
4.61935483871
6.57931034483
11.8866666667
15.6466666667
23.0225806452
27.6413793103
26.8193548387
25.4866666667
22.8833333333
17.7666666667
5.2
1.72333333333
-0.503225806452
-1.78214285714
5.9
14.2137931034
22.3
26.1133333333
27.8096774194
28.5451612903
21.3866666667
17.5178571429
8.3
3.67096774194
-3.61666666667
0.696428571429
11.9483870968
19.2833333333
23.0548387097
27.9133333333
28.99
28.9133333333
25.2333333333
18.6935483871
11.0833333333
4.72580645161
-1.59677419355
3.92857142857
10.7193548387
15.2689655172
19.8064516129
26.3466666667
30.07
31.8166666667
23.6866666667
17.7448275862
7.21
1.24838709677
-0.713333333333
2.18965517241
7.53
18.2206896552
19.7129032258
26.6866666667
28.4806451613
28.2451612903
23.6433333333
19.2
4.99666666667
0.97
-1.21333333333
2.28148148148
12.0677419355
14.27
19.9933333333
27.2413793103
29.5161290323
26.8166666667
25.01
17.4903225806
6.37586206897
1.67096774194
1.70322580645
7.12857142857
5.35806451613
15.34
23.4612903226
25.2466666667
29.1774193548
28.8032258065
26.67
18.2677419355
11.2533333333
5.27741935484
-2.17096774194
7.1
8.66129032258
16.4866666667
21.264516129
26.32
31.6333333333
27.7709677419
24.3666666667
18.6709677419
15.46
3.76451612903
1.59032258065
6.7
13.2806451613
17.24
23.5548387097
25.98
27.864516129
28.7258064516
25.6133333333
19.7129032258
6.61
-5.63225806452
-0.0903225806452
-0.596428571429
5.15806451613
19.6366666667
21.4
25.0733333333
29.7612903226
28.8870967742
22.6233333333
16.6133333333
15.5933333333
6.29032258065
4.96774193548
5.33214285714
7.20333333333
15.9466666667
20.0064516129
28.1566666667
30.5333333333
27.964516129
26.63
14.8806451613
8.09666666667
5.77419354839
-0.654838709677
0.217857142857
8.27741935484
16.824137931
21.5741935484
25.8833333333
NaN
31.2387096774
23.2793103448
19.2967741935
8.4
4.18387096774
-1.80322580645
1.36551724138
10.6612903226
18.2033333333
22.1838709677
24.7533333333
26.7555555556
24.9709677419
25.5166666667
16.9096774194
10.7733333333
3.58387096774
-1.84666666667
5.55185185185
8.7935483871
NaN
21.0774193548
28.2266666667
30.1064516129
28.6741935484
27.18
18.7392857143
11.3230769231
-1.16774193548
5.63225806452
3.625
8.69032258065
NaN
21.3258064516
27.3533333333
32.2857142857
28.1966666667
21.8466666667
15.0866666667
11.2833333333
6.15483870968
0.606451612903
-3.07142857143
12.5448275862
14.7133333333
24.075862069
26.5689655172
29.0870967742
29.5903225806
24.9733333333
19.4392857143
10.1866666667
-0.76
-1.4935483871
-2.91724137931
7.41290322581
14.1233333333
20.1709677419
26.39
26.9774193548
26.96
23.4866666667
16.9233333333
9.33333333333
-0.416129032258
-3.19032258065
4.73571428571
10.1838709677
14.5
21.4064516129
26.3733333333
25.9032258065
25.9677419355
23.2066666667
12.6387096774
12.4833333333
-0.870967741935
-4.99677419355
-2.02142857143
9.43548387097
20.21
20.8806451613
27.81
29.0064516129
29.2483870968
23.61
19.9483870968
10.8466666667
-0.829032258065
-3.03870967742
1.24642857143
8.48387096774
15.4633333333
21.2580645161
26.4833333333
32.9612903226
30.8333333333
22.8366666667
20.8233333333
11.0666666667
5.00322580645
4.0064516129
4.82413793103
17.8709677419
18.2172413793
25.2516129032
28.5033333333
34.5161290323
30.0129032258
24.9551724138
17.7451612903
11.2233333333
4.48666666667
2.96451612903
1.95357142857
4.34838709677
14.65
22.32
25.6666666667
28.2741935484
NaN
27.3566666667
17.164516129
7.64666666667
-1.0
-1.60322580645
-4.10714285714
6.13225806452
16.8033333333
21.9258064516
NaN
26.4709677419
26.7225806452
22.62
16.8741935484
5.17586206897
2.60967741935
0.513333333333
-3.0
10.6935483871
18.1833333333
21.4193548387
26.18
27.6967741935
26.435483871
26.4033333333
17.2407407407
12.2766666667
6.47096774194
-1.0935483871
3.64137931034
12.3580645161
16.6
20.9225806452
NaN
27.975862069
27.5387096774
25.7566666667
19.2161290323
15.2533333333
0.770967741935
1.25806451613
10.0571428571
10.064516129
17.65
20.6884615385
28.9142857143
31.0709677419
NaN
26.1466666667
NaN
