NaN
-7.65
-0.35
8.37666666667
19.2419354839
27.79
28.8774193548
27.0741935484
24.1714285714
15.91
6.42333333333
-4.25555555556
-9.26551724138
-2.9375
7.11290322581
14.7642857143
22.1741935484
29.26
32.0612903226
29.0548387097
26.5
15.9066666667
4.08571428571
2.07096774194
-10.3230769231
-6.97407407407
6.76206896552
20.4366666667
21.7322580645
25.5615384615
29.0741935484
28.7129032258
25.1551724138
15.5612903226
3.98
-1.95483870968
-5.18965517241
-0.6
0.383870967742
13.5620689655
22.7064516129
25.18
26.8032258065
28.4387096774
21.06
11.3533333333
-3.98666666667
-1.35806451613
-10.0137931034
-4.57037037037
-2.86774193548
12.6166666667
21.5387096774
22.6833333333
27.9096774194
24.4870967742
27.4068965517
17.4548387097
4.73793103448
-3.67586206897
0.429032258065
-0.932142857143
6.72333333333
16.1833333333
20.8064516129
NaN
29.1870967742
27.9333333333
24.5833333333
11.3166666667
4.14642857143
-3.91379310345
-4.73448275862
-7.65185185185
-3.70967741935
15.3333333333
20.6866666667
27.0866666667
29.8935483871
29.5322580645
21.69
15.8066666667
9.99666666667
-3.17419354839
-1.04137931034
-6.81111111111
2.71612903226
17.7866666667
24.8
28.8833333333
NaN
NaN
22.84
NaN
NaN
-0.963333333333
NaN
-4.49642857143
3.85517241379
17.2733333333
23.4580645161
27.0266666667
34.1225806452
30.9709677419
21.0366666667
17.7785714286
5.39259259259
-4.07666666667
-2.38064516129
-3.15714285714
6.44333333333
13.39
20.0516129032
24.3466666667
28.0903225806
25.9896551724
21.1166666667
16.6033333333
5.46071428571
-4.65769230769
-5.36206896552
-5.87916666667
2.89032258065
13.8275862069
20.8
25.0633333333
26.8586206897
25.02
20.4633333333
16.1870967742
3.75333333333
-4.85
NaN
NaN
1.96296296296
10.1586206897
22.0071428571
24.0827586207
26.435483871
26.4966666667
21.8666666667
14.9214285714
10.3533333333
NaN
NaN
NaN
7.4935483871
13.54
17.6903225806
24.27
27.4533333333
28.4566666667
24.2166666667
12.9774193548
7.09
-0.336666666667
-1.75
-2.07037037037
-1.33
15.92
20.54
24.5533333333
27.6741935484
27.6709677419
24.1833333333
13.7161290323
3.81724137931
NaN
-7.63076923077
-2.92307692308
4.67333333333
7.28333333333
14.1096774194
23.8266666667
27.7129032258
27.7967741935
22.39
17.0612903226
6.94333333333
0.0741935483871
0.282142857143
-2.38275862069
4.39
15.8566666667
19.7032258065
22.9666666667
28.7275862069
27.2774193548
26.5966666667
14.5290322581
8.08275862069
-1.27096774194
-4.31851851852
-3.14444444444
2.35483870968
9.80333333333
19.6387096774
24.9266666667
27.2806451613
30.3258064516
23.96
14.264516129
7.46896551724
-7.1275862069
-5.45
-7.5
14.7966666667
18.3724137931
20.3580645161
27.61
30.7193548387
27.2161290323
23.0107142857
20.3516129032
2.03103448276
-2.98275862069
-7.69677419355
-1.99642857143
11.0032258065
12.9310344828
25.0806451613
30.1466666667
30.0387096774
25.6258064516
22.4633333333
13.3225806452
-0.237931034483
-2.29677419355
-13.7166666667
-3.625
0.776666666667
16.3233333333
21.4129032258
24.9966666667
27.7451612903
25.9451612903
21.8666666667
17.57
10.3172413793
1.3
-1.16923076923
-5.07142857143
0.567741935484
15.1933333333
18.9266666667
28.25
27.0387096774
29.3129032258
23.4066666667
13.1129032258
10.6966666667
4.41
-0.248387096774
-7.01111111111
4.15333333333
13.94
22.6129032258
26.4066666667
30.864516129
27.4
24.28
20.0066666667
10.2827586207
-5.80689655172
-5.21935483871
-0.335714285714
2.53225806452
20.2466666667
18.3516129032
23.8966666667
26.3806451613
26.6709677419
22.74
18.2096774194
7.10714285714
-2.11612903226
-8.22
-5.61034482759
2.57931034483
11.54
20.2064516129
22.9233333333
31.5419354839
28.1161290323
21.6666666667
14.8032258065
7.16666666667
-6.16774193548
-7.76
-7.23703703704
2.13548387097
10.3166666667
19.7
24.4066666667
30.3322580645
27.6580645161
21.6866666667
10.2322580645
9.29666666667
-7.27692307692
-11.1892857143
-1.1125
10.1433333333
13.55
22.8032258065
26.3133333333
29.3193548387
27.9258064516
20.1866666667
16.6451612903
7.9724137931
0.986666666667
0.8
-4.12857142857
4.74
13.2133333333
20.9290322581
25.5551724138
29.1516129032
27.9387096774
23.8206896552
11.4321428571
2.14642857143
-5.86206896552
-7.37586206897
-2.99259259259
NaN
9.62068965517
22.1903225806
25.6566666667
27.9838709677
28.4419354839
23.5233333333
19.1838709677
3.6
-2.97666666667
-2.14482758621
-0.103703703704
7.27
16.7266666667
21.7548387097
30.1793103448
30.7129032258
28.6838709677
23.07
16.8580645161
-0.0366666666667
-0.626666666667
-3.44333333333
-5.62
3.81724137931
13.5107142857
22.7533333333
27.7233333333
28.6741935484
31.5096774194
25.6966666667
17.9129032258
6.98846153846
-3.05666666667
-4.82
-6.78571428571
-0.751612903226
10.7966666667
21.2566666667
27.9482758621
31.2096774194
26.2870967742
23.2482758621
14.5322580645
9.20689655172
5.29285714286
NaN
0.514814814815
4.2064516129
13.3333333333
16.78
23.76
28.0419354839
26.7483870968
21.15
20.5516129032
6.87
-9.58888888889
-6.47586206897
-1.78214285714
8.15
16.9133333333
20.5290322581
25.7633333333
28.2903225806
30.1225806452
24.93
8.58064516129
5.24
-4.1
-4.33225806452
-0.103703703704
1.55333333333
14.63
24.9677419355
24.7066666667
29.9064516129
26.19
20.0966666667
15.6451612903
1.82
-6.36666666667
-5.99666666667
-0.374074074074
5.44193548387
12.4566666667
17.7607142857
24.6866666667
25.8161290323
27.7161290323
24.5166666667
19.8967741935
2.77
-10.5366666667
-3.61612903226
0.539285714286
NaN
10.89
23.9451612903
23.7533333333
29.3129032258
NaN
NaN
15.4322580645
7.64666666667
1.92666666667
-11.6733333333
-7.71481481481
6.73225806452
13.89
19.9322580645
26.8266666667
30.0096774194
30.1966666667
19.7379310345
15.4516129032
3.14666666667
-4.24193548387
-10.1
2.87142857143
5.48064516129
16.2633333333
20.0935483871
25.21
30.0161290323
29.7419354839
21.5133333333
14.8258064516
7.12
0.776666666667
2.74516129032
5.15714285714
4.63870967742
16.4466666667
20.7433333333
30.2866666667
32.2225806452
28.0709677419
27.48
17.4903225806
8.76
0.496551724138
-4.62903225806
-1.58620689655
-0.463333333333
11.9033333333
21.6806451613
26.9933333333
29.0322580645
27.5870967742
22.8344827586
13.0133333333
3.16
-3.68709677419
-1.06666666667
-5.35185185185
4.78064516129
13.2233333333
19.6096774194
32.0633333333
32.04
27.2741935484
25.5965517241
15.3967741935
5.61333333333
-3.10322580645
-1.39677419355
-0.35
5.96129032258
15.2433333333
28.9967741935
29.59
31.2774193548
28.2225806452
19.89
18.3387096774
8.2
-4.42666666667
-7.16666666667
1.64285714286
6.78064516129
11.0466666667
17.4709677419
23.34
31.8677419355
28.864516129
24.1724137931
13.9580645161
-0.08
-5.40967741935
-14.2322580645
-16.0655172414
1.96451612903
9.34333333333
23.5516129032
25.0333333333
33.7166666667
28.08
23.9266666667
14.7290322581
2.89
-1.55161290323
-11.3967741935
-5.61785714286
1.5064516129
10.63
21.8322580645
24.1133333333
30.535483871
31.2129032258
23.5766666667
13.7677419355
5.09666666667
-3.58064516129
-6.66774193548
-3.125
7.46129032258
13.8366666667
16.9870967742
25.4266666667
27.7548387097
30.2193548387
23.8533333333
20.664516129
3.73
-0.935483870968
-2.67096774194
-6.58928571429
5.67419354839
13.8333333333
26.1806451613
26.4
29.4
28.3741935484
25.6133333333
15.0806451613
10.62
4.3935483871
-8.72903225806
-2.46785714286
-0.577419354839
11.2233333333
20.19
25.5633333333
30.2483870968
24.9806451613
24.68
19.3709677419
0.78
-1.59
-4.63548387097
-4.58928571429
1.75806451613
14.57
23.2387096774
23.7966666667
28.5903225806
28.0433333333
22.7766666667
15.8806451613
6.44666666667
1.32580645161
-1.72580645161
-2.51071428571
6.87741935484
17.26
17.6419354839
23.0233333333
27.1677419355
26.5096774194
18.75
16.4032258065
6.60666666667
-4.52258064516
-10.0967741935
-4.00714285714
0.577419354839
15.1833333333
19.0935483871
26.4133333333
29.4806451613
28.6290322581
22.16
19.5258064516
NaN
1.80322580645
3.35806451613
-0.617857142857
0.670967741935
10.5366666667
21.3935483871
26.5137931034
27.6967741935
27.1129032258
21.4433333333
17.9838709677
6.09
-2.0935483871
-5.64333333333
-3.24285714286
9.25483870968
12.3633333333
17.5612903226
21.65
26.5967741935
26.5419354839
20.94
17.2193548387
3.82
-7.08666666667
-4.15806451613
-4.19285714286
9.51612903226
17.35
19.0451612903
25.1733333333
27.8193548387
26.3419354839
20.8666666667
15.0387096774
4.79666666667
-1.79032258065
-0.364516129032
-6.33214285714
2.28387096774
9.20333333333
17.8838709677
22.2466666667
27.6225806452
30.035483871
23.12
19.7677419355
1.17333333333
-4.27096774194
-7.65483870968
-5.86206896552
1.1064516129
15.18
20.335483871
23.9266666667
29.0612903226
27.1233333333
25.1689655172
16.4096774194
4.88333333333
-3.66129032258
-8.00322580645
-6.94285714286
1.98064516129
14.27
22.7967741935
26.4633333333
28.735483871
29.9387096774
20.1633333333
16.3225806452
8.34666666667
-3.03225806452
-10.7064516129
-3.66428571429
-0.21935483871
6.14
17.2903225806
26.2933333333
26.0516129032
24.8870967742
22.9266666667
16.8806451613
2.24333333333
-6.67419354839
-8.11612903226
-4.24285714286
-4.15161290323
8.54333333333
21.4233333333
22.1620689655
26.3612903226
24.4258064516
17.9733333333
14.0161290323
0.765517241379
-6.28387096774
-7.37741935484
-1.54074074074
-1.92580645161
14.12
20.3741935484
25.5133333333
28.0193548387
26.135483871
23.8066666667
14.4612903226
7.73333333333
-1.77741935484
-4.91290322581
-3.275
3.36774193548
9.59333333333
19.3322580645
24.8633333333
26.7967741935
27.064516129
22.6566666667
20.3548387097
8.2
-3.06774193548
-9.69677419355
3.46785714286
0.909677419355
12.5
17.1483870968
25.13
27.8064516129
26.0193548387
20.43
12.9935483871
8.91333333333
-1.46129032258
-5.57419354839
-5.78214285714
2.42580645161
18.7766666667
23.9290322581
24.0333333333
29.6032258065
28.7387096774
22.48
17.2935483871
-0.0933333333333
-8.55483870968
-8.22580645161
-6.13448275862
0.835483870968
9.62666666667
20.2483870968
27.5066666667
25.2677419355
25.8774193548
20.89
20.7387096774
4.58666666667
-0.235483870968
-8.07096774194
-1.74642857143
3.80322580645
12.65
18.3225806452
23.5166666667
29.1161290323
24.5709677419
19.8
13.5516129032
4.8724137931
0.635483870968
-2.23548387097
-5.23571428571
2.95806451613
13.8
22.9387096774
21.5533333333
25.3935483871
28.1322580645
23.16
18.0129032258
7.66666666667
-4.39032258065
-7.93225806452
-4.86785714286
7.21290322581
13.4866666667
21.0193548387
28.0966666667
29.9064516129
30.0290322581
22.85
10.6548387097
-0.133333333333
2.82903225806
-5.85483870968
-4.45517241379
-2.12903225806
12.9
21.7193548387
25.61
30.1774193548
28.8451612903
23.4566666667
17.8032258065
7.48666666667
-1.83225806452
-3.00333333333
2.22857142857
7.04838709677
11.1766666667
19.8548387097
28.4566666667
28.4387096774
30.2548387097
22.5733333333
17.7612903226
5.76666666667
-5.56774193548
-6.65333333333
-5.83214285714
-0.148387096774
12.9233333333
21.735483871
25.28
26.4774193548
28.3387096774
21.33
NaN
8.29666666667
-0.822580645161
-8.95483870968
-2.58928571429
7.41612903226
16.0333333333
20.5870967742
27.6466666667
28.3903225806
27.935483871
24.2
22.3483870968
8.64666666667
-7.23870967742
-1.20967741935
1.86551724138
0.590322580645
14.2566666667
23.3677419355
28.25
30.8566666667
26.1290322581
21.2633333333
16.8096774194
7.20333333333
-6.23333333333
-8.17741935484
-4.38214285714
-3.01666666667
11.8033333333
22.1709677419
27.2655172414
28.8677419355
NaN
15.4066666667
17.6733333333
5.38333333333
1.0064516129
-11.9387096774
-4.89642857143
7.53225806452
10.0566666667
20.0
26.5233333333
32.3225806452
26.4806451613
23.1866666667
16.23
3.02
-3.30322580645
-3.36451612903
-5.66428571429
5.53870967742
13.9233333333
19.1225806452
24.8733333333
28.5266666667
27.4419354839
23.6366666667
15.3935483871
6.08333333333
-1.10967741935
-4.13225806452
-4.48965517241
11.9161290323
15.7766666667
18.7580645161
27.63
NaN
28.6064516129
22.8833333333
15.6733333333
5.18333333333
-5.93225806452
-10.9806451613
-4.11851851852
-1.34516129032
14.02
22.1
22.8551724138
28.9451612903
30.8483870968
24.1033333333
12.5096774194
5.66666666667
-2.50967741935
-10.0387096774
-2.75714285714
0.912903225806
12.9689655172
22.9935483871
28.3733333333
30.4806451613
28.6548387097
23.6533333333
14.735483871
3.1
-3.67096774194
-9.16774193548
-2.49642857143
4.1935483871
16.6433333333
22.0870967742
28.2033333333
26.8419354839
28.7903225806
23.6266666667
16.464516129
4.73
-4.02258064516
-7.98709677419
-7.125
3.32903225806
11.0379310345
20.7322580645
25.1766666667
26.4516129032
26.3580645161
21.3551724138
12.5774193548
1.81
NaN
-3.50967741935
-0.642857142857
8.58064516129
13.4666666667
21.5387096774
28.1266666667
29.0933333333
29.3258064516
22.28
20.0161290323
6.67333333333
-3.96129032258
-5.87419354839
-0.996428571429
4.21612903226
15.7633333333
19.8258064516
27.2566666667
32.0806451613
26.7
23.9466666667
19.3129032258
6.57
0.387096774194
-3.24333333333
-4.86428571429
0.896774193548
7.51666666667
24.0290322581
26.6866666667
32.5419354839
29.8032258065
21.9866666667
19.0806451613
6.58666666667
-2.83548387097
-4.99677419355
2.64482758621
6.3935483871
19.1166666667
22.6548387097
30.4833333333
32.8
31.9935483871
26.2333333333
13.7161290323
3.08
-4.46774193548
-12.4225806452
0.6
7.22413793103
19.8931034483
26.6387096774
26.97
30.4967741935
25.2258064516
22.6266666667
16.6870967742
5.37666666667
-5.20357142857
-10.0935483871
-5.65714285714
4.58387096774
12.65
23.2419354839
27.6133333333
28.1
30.5096774194
26.55
18.8193548387
5.14666666667
-3.31935483871
-11.9580645161
-7.0
1.79615384615
10.21
20.4709677419
26.6433333333
29.9548387097
27.1322580645
26.4433333333
16.0032258065
5.67
3.15666666667
-3.6935483871
-3.37586206897
2.46129032258
19.1433333333
25.4935483871
28.2933333333
32.4774193548
29.6774193548
25.3366666667
15.0935483871
8.78
-0.91935483871
-0.00967741935484
1.44642857143
11.8580645161
18.71
22.3677419355
26.5566666667
29.8516129032
28.1290322581
24.2466666667
14.7419354839
9.05333333333
-6.02903225806
-14.4551724138
-4.91785714286
2.15161290323
13.3666666667
22.6870967742
24.9793103448
30.7
29.6967741935
22.4933333333
15.27
NaN
NaN
NaN
-1.01304347826
3.70384615385
11.0379310345
19.1096774194
25.07
30.9161290323
31.3032258065
22.8517241379
14.2612903226
3.97333333333
-12.2838709677
-5.07741935484
0.125925925926
-1.27419354839
13.29
19.4903225806
25.7433333333
28.9032258065
29.9580645161
20.2233333333
15.1741935484
6.29666666667
-3.31612903226
-7.03870967742
-5.17307692308
NaN
NaN
NaN
25.668
NaN
25.4884615385
NaN
NaN
NaN
NaN
-2.71851851852
-5.03846153846
6.06428571429
NaN
NaN
NaN
29.5807692308
26.9576923077
NaN
NaN
NaN
2.58846153846
NaN
NaN
NaN
NaN
NaN
NaN
31.2222222222
NaN
NaN
NaN
NaN
-1.65
NaN
-4.65384615385
NaN
NaN
NaN
NaN
34.1
NaN
NaN
NaN
NaN
NaN
NaN
NaN
NaN
NaN
NaN
NaN
NaN
28.1129032258
23.1620689655
18.0548387097
3.2
-7.01290322581
3.26451612903
2.41481481481
7.13225806452
16.424137931
20.7387096774
26.6366666667
27.5966666667
27.2903225806
NaN
16.6806451613
8.29
-3.94333333333
-4.70967741935
3.64642857143
6.15333333333
15.6233333333
21.2709677419
27.9931034483
27.6709677419
27.6129032258
21.68
15.935483871
0.373333333333
-0.967741935484
0.112903225806
1.41034482759
7.91290322581
11.82
23.7666666667
24.548
23.4517241379
24.7483870968
NaN
15.764516129
0.432
-4.84
-5.97692307692
-6.58846153846
2.5275862069
NaN
19.7555555556
23.0
25.5464285714
25.8296296296
20.1344827586
15.3566666667
2.31111111111
-2.55185185185
-13.7851851852
-7.6875
4.92333333333
12.8724137931
23.0
25.8866666667
25.5129032258
24.61
22.7266666667
15.5193548387
6.84666666667
-1.6
-4.42666666667
-1.675
5.60357142857
9.02
18.4233333333
27.0137931034
27.7172413793
27.5266666667
21.0566666667
12.3677419355
0.834482758621
-4.61
-10.7740740741
-4.76923076923
0.893103448276
10.6172413793
17.3580645161
26.4068965517
26.2903225806
26.664516129
21.3592592593
15.1774193548
-1.84074074074
-8.25517241379
-9.68214285714
-3.26666666667
0.966666666667
10.5666666667
18.9142857143
28.1466666667
26.2233333333
25.5774193548
24.0586206897
16.8966666667
0.410714285714
0.793333333333
-5.55517241379
1.9962962963
1.03793103448
15.0
24.3225806452
23.6448275862
27.5967741935
27.5806451613
26.8827586207
16.3933333333
5.51724137931
2.23793103448
-8.52413793103
2.024
5.41290322581
14.1620689655
20.8
25.2448275862
29.2870967742
27.2566666667
22.26
16.28
12.0866666667
2.73793103448
-4.23870967742
0.727586206897
10.5451612903
13.5931034483
22.16
24.52
27.2451612903
28.064516129
23.7931034483
16.8966666667
1.46551724138
-11.3357142857
-3.13571428571
-7.75769230769
-0.306666666667
12.3066666667
21.47
26.05
28.6290322581
28.7290322581
21.24
15.3193548387
14.3321428571
-0.773333333333
-1.28928571429
4.32222222222
-2.0935483871
12.0344827586
18.5129032258
27.32
30.3
26.1129032258
23.6566666667
11.1655172414
5.13448275862
1.03
-5.17857142857
-4.87307692308
4.37
15.7964285714
19.3516129032
24.9133333333
28.2161290323
29.1161290323
22.9785714286
17.1612903226
3.23571428571
-0.632142857143
-6.22413793103
-2.5962962963
7.9
16.9137931034
18.7258064516
23.1172413793
27.06
23.6612903226
24.3310344828
16.65
7.66333333333
-0.516666666667
-6.41034482759
1.00384615385
5.39666666667
16.5689655172
18.2433333333
26.5833333333
28.0322580645
26.8258064516
24.8633333333
17.15
7.91379310345
NaN
NaN
-2.61923076923
3.55
16.1896551724
20.5935483871
26.0566666667
30.064516129
26.8
19.6833333333
13.7483870968
8.50344827586
2.08666666667
-2.47666666667
-6.51428571429
7.0275862069
12.4275862069
23.8033333333
26.8766666667
28.8161290323
25.5451612903
24.3379310345
16.6166666667
6.51111111111
-5.38064516129
-6.05806451613
-4.316
1.5064516129
12.0233333333
19.5366666667
24.5310344828
28.3774193548
27.5838709677
22.9033333333
14.7741935484
NaN
NaN
-8.01538461538
-3.17857142857
2.81290322581
12.11
21.8677419355
23.8433333333
24.9483870968
25.5129032258
24.31
8.8
9.79333333333
-6.61290322581
-8.75161290323
-6.79285714286
5.78709677419
18.9366666667
20.5612903226
24.6833333333
28.1387096774
28.8677419355
20.4866666667
17.7064516129
5.57666666667
-6.91935483871
-8.98709677419
-5.04285714286
-0.0967741935484
11.1033333333
18.5870967742
24.7033333333
30.3548387097
27.5774193548
22.68
17.9612903226
7.79333333333
1.48709677419
-0.264516129032
2.1724137931
12.6580645161
15.8366666667
23.1774193548
27.67
31.5935483871
27.9516129032
25.1166666667
13.3
6.81333333333
-3.28387096774
-4.66451612903
-5.08214285714
-0.948387096774
6.40666666667
18.8774193548
24.2766666667
28.3419354839
27.535483871
24.8833333333
13.5516129032
4.75172413793
-7.25161290323
-6.9064516129
-7.64285714286
1.01290322581
11.06
19.8129032258
25.78
26.5225806452
26.3516129032
22.7266666667
15.2967741935
-0.596666666667
-2.11935483871
-3.36774193548
-7.35
7.12580645161
16.0733333333
19.7290322581
26.1166666667
28.2548387097
25.9064516129
26.1233333333
17.1161290323
9.41
-0.132258064516
-5.26451612903
-0.834482758621
8.92258064516
14.5033333333
22.2193548387
27.51
28.0774193548
26.9193548387
22.9233333333
16.1225806452
10.4166666667
-3.92258064516
-5.0935483871
4.03214285714
4.67419354839
14.2166666667
19.7838709677
26.9633333333
28.69
24.464516129
NaN
NaN
