NaN
327.0
33.0
8.0
64.0
70.0
177.0
1517.0
198.0
834.0
1611.0
1018.0
661.0
87.0
430.0
194.0
38.0
115.0
549.0
963.0
1235.0
353.0
2122.0
630.0
110.0
227.0
150.0
10.0
87.0
736.0
699.0
904.0
376.0
708.0
447.0
648.0
556.0
389.0
278.0
88.0
300.0
440.0
249.0
1455.0
375.0
1175.0
1498.0
725.0
379.0
41.0
16.0
31.0
51.0
264.0
485.0
1042.0
747.0
850.0
487.0
800.0
97.0
124.0
196.0
114.0
5.0
249.0
922.0
1051.0
410.0
365.0
1194.0
770.0
124.0
289.0
389.0
112.0
338.0
699.0
711.0
1614.0
2223.0
1691.0
633.0
1305.0
203.0
561.0
498.0
166.0
295.0
467.0
225.0
475.0
744.0
758.0
808.0
305.0
699.0
135.0
214.0
784.0
293.0
157.0
599.0
604.0
1811.0
256.0
1042.0
246.0
287.0
18.0
105.0
155.0
39.0
341.0
941.0
936.0
2316.0
761.0
310.0
NaN
1439.0
178.0
610.0
537.0
86.0
95.0
367.0
358.0
485.0
716.0
219.0
89.0
660.0
195.0
540.0
93.0
23.0
402.0
509.0
873.0
551.0
1587.0
702.0
816.0
1654.0
884.0
142.0
261.0
330.0
112.0
216.0
1040.0
1413.0
743.0
997.0
790.0
1326.0
618.0
184.0
354.0
122.0
112.0
163.0
621.0
991.0
1301.0
975.0
721.0
615.0
298.0
348.0
188.0
121.0
300.0
449.0
1134.0
984.0
729.0
916.0
895.0
1197.0
559.0
267.0
48.0
326.0
119.0
364.0
702.0
1390.0
499.0
1315.0
379.0
322.0
303.0
79.0
700.0
112.0
373.0
1438.0
1086.0
2758.0
412.0
2178.0
573.0
140.0
1304.0
214.0
209.0
196.0
869.0
277.0
196.0
453.0
651.0
360.0
297.0
120.0
46.0
74.0
216.0
216.0
1067.0
675.0
976.0
1045.0
1526.0
1323.0
1381.0
764.0
379.0
437.0
54.0
28.0
149.0
879.0
1181.0
1407.0
1984.0
2172.0
969.0
134.0
418.0
251.0
248.0
437.0
679.0
275.0
975.0
1265.0
693.0
1934.0
499.0
872.0
239.0
36.0
258.0
157.0
238.0
205.0
488.0
1116.0
1141.0
2570.0
1494.0
486.0
87.0
0.0
61.0
571.0
264.0
889.0
598.0
1876.0
950.0
1228.0
454.0
710.0
165.0
254.0
390.0
51.0
452.0
298.0
906.0
589.0
451.0
766.0
1249.0
1151.0
490.0
869.0
224.0
203.0
335.0
927.0
729.0
1051.0
1362.0
792.0
892.0
640.0
821.0
321.0
191.0
558.0
184.0
750.0
668.0
2315.0
853.0
856.0
816.0
1378.0
76.0
480.0
103.0
114.0
612.0
602.0
663.0
785.0
835.0
1296.0
1707.0
972.0
338.0
277.0
200.0
289.0
403.0
1500.0
1478.0
1073.0
1373.0
NaN
NaN
NaN
194.0
46.0
147.0
102.0
18.0
67.0
679.0
486.0
1172.0
834.0
454.0
333.0
603.0
365.0
225.0
49.0
363.0
205.0
1040.0
125.0
483.0
1539.0
1275.0
237.0
764.0
180.0
132.0
147.0
400.0
420.0
755.0
731.0
675.0
835.0
864.0
152.0
328.0
104.0
38.0
244.0
663.0
832.0
1030.0
1929.0
1573.0
1141.0
426.0
500.0
172.0
203.0
104.0
275.0
573.0
814.0
1682.0
1027.0
1175.0
749.0
1699.0
329.0
1432.0
195.0
243.0
107.0
277.0
772.0
530.0
711.0
1113.0
586.0
674.0
548.0
518.0
270.0
298.0
82.0
252.0
587.0
1318.0
2404.0
967.0
1176.0
835.0
404.0
716.0
179.0
359.0
215.0
132.0
1523.0
225.0
766.0
2046.0
988.0
750.0
915.0
469.0
128.0
125.0
97.0
854.0
767.0
860.0
908.0
2252.0
1875.0
705.0
1349.0
295.0
328.0
508.0
99.0
431.0
279.0
1354.0
926.0
802.0
473.0
617.0
1088.0
1311.0
590.0
587.0
21.0
401.0
155.0
336.0
779.0
2451.0
1042.0
715.0
554.0
292.0
79.0
373.0
274.0
823.0
564.0
1211.0
1222.0
903.0
1381.0
385.0
734.0
495.0
239.0
317.0
130.0
407.0
696.0
1305.0
1290.0
1869.0
858.0
656.0
208.0
206.0
76.0
229.0
417.0
300.0
477.0
595.0
941.0
1723.0
399.0
223.0
212.0
1216.0
361.0
446.0
416.0
275.0
2003.0
998.0
961.0
869.0
606.0
731.0
306.0
866.0
138.0
130.0
216.0
589.0
1130.0
1140.0
1740.0
1372.0
1581.0
1678.0
1150.0
6.0
52.0
54.0
226.0
582.0
882.0
1775.0
1606.0
1050.0
273.0
797.0
354.0
210.0
172.0
170.0
452.0
455.0
560.0
1944.0
703.0
626.0
430.0
1067.0
1016.0
232.0
149.0
360.0
280.0
312.0
308.0
835.0
1727.0
611.0
654.0
1310.0
1248.0
440.0
348.0
153.0
127.0
357.0
957.0
634.0
1257.0
433.0
1887.0
1200.0
278.0
257.0
379.0
202.0
272.0
673.0
802.0
826.0
450.0
549.0
1310.0
1140.0
1623.0
0.0
496.0
13.0
188.0
297.0
1076.0
1111.0
1146.0
757.0
610.0
664.0
416.0
275.0
392.0
122.0
189.0
280.0
349.0
219.0
811.0
501.0
1502.0
145.0
1541.0
104.0
554.0
125.0
159.0
267.0
482.0
890.0
1348.0
1735.0
1099.0
1380.0
326.0
412.0
574.0
248.0
269.0
451.0
623.0
1541.0
869.0
1560.0
959.0
226.0
245.0
55.0
189.0
206.0
288.0
514.0
674.0
2868.0
767.0
1486.0
277.0
104.0
472.0
262.0
548.0
206.0
346.0
654.0
1026.0
1148.0
1783.0
505.0
132.0
506.0
870.0
172.0
570.0
252.0
346.0
280.0
1861.0
809.0
2530.0
285.0
1797.0
883.0
376.0
507.0
302.0
96.0
86.0
139.0
596.0
1594.0
1113.0
1796.0
1348.0
1010.0
661.0
1026.0
542.0
74.0
183.0
630.0
645.0
525.0
962.0
2182.0
2046.0
1005.0
750.0
535.0
310.0
175.0
196.0
137.0
664.0
1567.0
904.0
617.0
1474.0
NaN
NaN
