122.0
1168.0
NaN
NaN
NaN
NaN
632.0
76.0
695.0
72.0
NaN
NaN
NaN
NaN
NaN
NaN
NaN
NaN
NaN
NaN
180.0
NaN
NaN
NaN
NaN
NaN
NaN
NaN
NaN
NaN
NaN
NaN
NaN
NaN
NaN
NaN
NaN
NaN
NaN
NaN
NaN
NaN
NaN
NaN
NaN
NaN
NaN
NaN
NaN
NaN
NaN
NaN
NaN
NaN
NaN
NaN
NaN
NaN
NaN
NaN
NaN
NaN
NaN
NaN
1648.0
588.0
595.0
739.0
992.0
1233.0
630.0
338.0
509.0
485.0
874.0
351.0
NaN
1018.0
366.0
619.0
348.0
1009.0
436.0
762.0
129.0
1349.0
422.0
335.0
585.0
1566.0
1395.0
503.0
852.0
508.0
923.0
307.0
416.0
487.0
942.0
557.0
916.0
1000.0
275.0
675.0
440.0
669.0
432.0
803.0
374.0
243.0
972.0
747.0
436.0
2648.0
376.0
1400.0
1018.0
590.0
803.0
935.0
363.0
1055.0
723.0
930.0
497.0
827.0
897.0
1228.0
612.0
568.0
106.0
505.0
724.0
302.0
1997.0
1138.0
509.0
889.0
1623.0
1067.0
1082.0
138.0
25.0
340.0
548.0
297.0
378.0
588.0
928.0
581.0
1747.0
422.0
590.0
1386.0
496.0
576.0
706.0
591.0
1205.0
1001.0
625.0
983.0
226.0
807.0
1825.0
261.0
1234.0
760.0
1570.0
167.0
664.0
766.0
960.0
1232.0
1507.0
1502.0
257.0
496.0
495.0
1008.0
500.0
1491.0
602.0
1376.0
2594.0
605.0
630.0
406.0
268.0
34.0
785.0
393.0
691.0
1283.0
427.0
1589.0
1006.0
942.0
2241.0
442.0
948.0
813.0
1139.0
643.0
482.0
593.0
101.0
889.0
1540.0
641.0
1093.0
1705.0
1512.0
536.0
498.0
268.0
745.0
730.0
486.0
1306.0
285.0
1176.0
394.0
1181.0
2760.0
664.0
659.0
516.0
315.0
475.0
1213.0
1294.0
928.0
798.0
936.0
582.0
203.0
723.0
470.0
251.0
NaN
371.0
1642.0
NaN
201.0
493.0
376.0
302.0
760.0
1065.0
1118.0
107.0
546.0
559.0
161.0
543.0
178.0
307.0
595.0
603.0
949.0
626.0
294.0
513.0
592.0
643.0
196.0
764.0
2083.0
1728.0
1164.0
2855.0
540.0
169.0
293.0
992.0
2127.0
284.0
312.0
366.0
798.0
1644.0
402.0
412.0
541.0
676.0
540.0
658.0
369.0
241.0
600.0
1009.0
1466.0
1581.0
464.0
1542.0
714.0
894.0
64.0
218.0
531.0
505.0
116.0
1584.0
1745.0
952.0
713.0
1475.0
1713.0
980.0
515.0
774.0
95.0
446.0
674.0
379.0
1263.0
1229.0
392.0
566.0
932.0
2222.0
882.0
153.0
295.0
411.0
1365.0
460.0
1483.0
496.0
434.0
861.0
885.0
283.0
127.0
673.0
330.0
201.0
1457.0
1136.0
495.0
1243.0
866.0
1771.0
865.0
479.0
1164.0
730.0
338.0
277.0
1823.0
2114.0
876.0
393.0
1016.0
526.0
140.0
622.0
633.0
944.0
395.0
311.0
1354.0
736.0
848.0
786.0
552.0
884.0
1382.0
1037.0
505.0
1254.0
620.0
437.0
649.0
395.0
957.0
1626.0
1115.0
781.0
878.0
249.0
382.0
1222.0
102.0
412.0
1073.0
459.0
396.0
1413.0
918.0
830.0
543.0
750.0
818.0
314.0
354.0
731.0
632.0
712.0
505.0
1030.0
399.0
554.0
2718.0
1448.0
739.0
368.0
611.0
196.0
1287.0
2007.0
2721.0
972.0
777.0
1132.0
1333.0
1280.0
1577.0
661.0
432.0
666.0
501.0
679.0
992.0
2019.0
848.0
417.0
605.0
1172.0
400.0
659.0
806.0
179.0
1009.0
1252.0
2382.0
1103.0
1878.0
631.0
360.0
971.0
220.0
919.0
1545.0
332.0
401.0
541.0
328.0
929.0
312.0
236.0
607.0
483.0
545.0
111.0
51.0
355.0
560.0
953.0
693.0
536.0
554.0
870.0
1038.0
1047.0
735.0
732.0
833.0
598.0
182.0
493.0
563.0
1690.0
731.0
2126.0
310.0
975.0
416.0
836.0
617.0
312.0
770.0
884.0
2610.0
429.0
188.0
1183.0
874.0
941.0
167.0
325.0
373.0
275.0
434.0
295.0
163.0
658.0
753.0
1664.0
1264.0
404.0
903.0
460.0
304.0
335.0
1076.0
522.0
1949.0
641.0
905.0
114.0
984.0
647.0
900.0
333.0
513.0
448.0
566.0
733.0
262.0
315.0
101.0
878.0
1213.0
858.0
707.0
794.0
1326.0
345.0
231.0
1168.0
704.0
1371.0
1266.0
734.0
727.0
1425.0
500.0
485.0
322.0
626.0
2196.0
758.0
1166.0
858.0
490.0
933.0
453.0
310.0
531.0
585.0
939.0
939.0
757.0
1106.0
298.0
1242.0
349.0
2977.0
219.0
157.0
401.0
412.0
186.0
348.0
320.0
859.0
985.0
973.0
456.0
942.0
28.0
308.0
665.0
568.0
539.0
203.0
173.0
1171.0
558.0
1148.0
790.0
812.0
1964.0
2301.0
857.0
249.0
359.0
654.0
585.0
572.0
1232.0
1863.0
1596.0
539.0
822.0
645.0
1545.0
698.0
168.0
223.0
772.0
725.0
2684.0
826.0
622.0
140.0
432.0
452.0
479.0
308.0
21.0
676.0
689.0
1969.0
2086.0
247.0
653.0
1062.0
891.0
188.0
537.0
305.0
128.0
510.0
1909.0
1135.0
974.0
2003.0
262.0
1367.0
1996.0
526.0
721.0
580.0
447.0
663.0
806.0
638.0
2004.0
1074.0
488.0
2417.0
489.0
704.0
1390.0
631.0
572.0
28.0
561.0
1741.0
1152.0
2482.0
112.0
347.0
1144.0
673.0
498.0
468.0
331.0
658.0
1381.0
432.0
1215.0
621.0
1250.0
417.0
625.0
717.0
1146.0
828.0
1734.0
879.0
652.0
351.0
715.0
675.0
615.0
636.0
679.0
2018.0
194.0
1128.0
2223.0
1451.0
548.0
820.0
556.0
1750.0
861.0
967.0
577.0
631.0
777.0
305.0
361.0
1220.0
877.0
1008.0
579.0
1650.0
454.0
716.0
702.0
620.0
927.0
570.0
466.0
780.0
988.0
961.0
715.0
883.0
1437.0
644.0
520.0
105.0
780.0
432.0
428.0
412.0
1475.0
651.0
967.0
1030.0
368.0
249.0
461.0
507.0
203.0
235.0
377.0
278.0
395.0
1036.0
346.0
416.0
320.0
851.0
744.0
1198.0
153.0
534.0
531.0
813.0
833.0
1160.0
1303.0
841.0
699.0
59.0
1360.0
1166.0
694.0
66.0
183.0
945.0
325.0
1164.0
1145.0
948.0
942.0
1805.0
206.0
152.0
609.0
1055.0
452.0
729.0
439.0
1931.0
1285.0
3675.0
1248.0
918.0
336.0
988.0
821.0
1047.0
483.0
143.0
448.0
580.0
680.0
1155.0
2279.0
722.0
794.0
148.0
1356.0
173.0
632.0
838.0
726.0
591.0
1546.0
106.0
266.0
2385.0
693.0
901.0
819.0
588.0
452.0
571.0
652.0
697.0
1673.0
2477.0
724.0
1391.0
249.0
436.0
537.0
518.0
144.0
552.0
1381.0
590.0
1138.0
288.0
1669.0
1065.0
1201.0
619.0
905.0
806.0
1142.0
497.0
949.0
302.0
855.0
1629.0
923.0
1228.0
407.0
859.0
456.0
334.0
184.0
106.0
1682.0
515.0
1075.0
526.0
1536.0
1334.0
292.0
402.0
644.0
236.0
472.0
575.0
1106.0
1149.0
330.0
483.0
961.0
723.0
358.0
120.0
1179.0
587.0
623.0
328.0
512.0
1210.0
439.0
1613.0
1237.0
1547.0
1940.0
467.0
150.0
526.0
44.0
589.0
591.0
1616.0
1179.0
294.0
275.0
1544.0
1204.0
450.0
981.0
1587.0
959.0
314.0
810.0
912.0
1579.0
1026.0
1795.0
886.0
477.0
900.0
526.0
2152.0
518.0
425.0
518.0
588.0
1994.0
636.0
1211.0
813.0
501.0
273.0
1257.0
555.0
905.0
530.0
568.0
1277.0
582.0
935.0
1867.0
661.0
2605.0
1900.0
493.0
438.0
121.0
287.0
434.0
1817.0
701.0
2044.0
717.0
749.0
1225.0
638.0
307.0
299.0
241.0
1229.0
590.0
206.0
1329.0
1235.0
1586.0
47.0
684.0
722.0
295.0
2371.0
219.0
217.0
527.0
1403.0
301.0
915.0
657.0
1161.0
1436.0
450.0
1449.0
1437.0
293.0
171.0
2068.0
1211.0
623.0
2394.0
1986.0
243.0
811.0
629.0
1094.0
1328.0
1089.0
977.0
1166.0
1179.0
2189.0
1648.0
518.0
991.0
1166.0
274.0
762.0
592.0
1190.0
874.0
792.0
934.0
1113.0
1291.0
782.0
1183.0
675.0
514.0
428.0
681.0
331.0
444.0
1223.0
251.0
574.0
389.0
862.0
429.0
412.0
1124.0
115.0
77.0
435.0
600.0
1331.0
345.0
572.0
1210.0
885.0
1213.0
840.0
973.0
486.0
1163.0
442.0
202.0
1470.0
716.0
1601.0
657.0
1104.0
686.0
237.0
688.0
1202.0
556.0
727.0
328.0
1709.0
1888.0
512.0
678.0
1788.0
563.0
287.0
469.0
750.0
376.0
276.0
311.0
1092.0
659.0
1044.0
446.0
1320.0
1274.0
1281.0
506.0
389.0
176.0
93.0
817.0
250.0
1293.0
1627.0
1047.0
1745.0
2076.0
842.0
668.0
379.0
683.0
1938.0
504.0
788.0
864.0
636.0
1216.0
1082.0
520.0
741.0
1466.0
1078.0
1754.0
230.0
235.0
1273.0
1382.0
2395.0
1475.0
475.0
511.0
203.0
1483.0
1572.0
1532.0
228.0
911.0
915.0
1511.0
1153.0
458.0
344.0
717.0
1330.0
632.0
1304.0
806.0
437.0
1258.0
1324.0
1042.0
542.0
1598.0
589.0
1289.0
137.0
400.0
2184.0
981.0
6.0
639.0
324.0
329.0
635.0
1064.0
1714.0
228.0
1242.0
1682.0
564.0
418.0
559.0
127.0
445.0
600.0
213.0
897.0
712.0
820.0
432.0
268.0
1287.0
1394.0
439.0
781.0
993.0
431.0
401.0
202.0
1264.0
283.0
421.0
535.0
1892.0
940.0
571.0
347.0
878.0
1083.0
1195.0
313.0
609.0
579.0
1206.0
307.0
298.0
275.0
315.0
1221.0
373.0
762.0
2373.0
1378.0
499.0
366.0
274.0
1359.0
843.0
1939.0
522.0
100.0
979.0
888.0
694.0
762.0
746.0
659.0
689.0
1330.0
780.0
410.0
303.0
241.0
753.0
880.0
352.0
448.0
1859.0
309.0
543.0
343.0
1957.0
710.0
1038.0
594.0
697.0
1313.0
513.0
1260.0
1786.0
1524.0
2930.0
700.0
1563.0
430.0
617.0
245.0
427.0
2775.0
787.0
1715.0
597.0
722.0
913.0
815.0
1551.0
340.0
1160.0
242.0
677.0
1087.0
2313.0
1581.0
932.0
761.0
83.0
915.0
NaN
NaN
NaN
NaN
NaN
NaN
NaN
NaN
NaN
NaN
NaN
NaN
NaN
NaN
NaN
962.0
773.0
318.0
698.0
569.0
418.0
963.0
568.0
384.0
874.0
351.0
807.0
600.0
1603.0
1043.0
1232.0
2136.0
949.0
682.0
580.0
782.0
820.0
256.0
1250.0
1016.0
231.0
1232.0
952.0
1794.0
633.0
448.0
348.0
539.0
213.0
501.0
335.0
637.0
773.0
598.0
1356.0
1826.0
1094.0
1227.0
1343.0
1305.0
1032.0
572.0
466.0
686.0
213.0
426.0
1222.0
1588.0
922.0
945.0
768.0
1727.0
NaN
NaN
498.0
560.0
NaN
1515.0
2919.0
1629.0
476.0
361.0
643.0
648.0
228.0
305.0
102.0
231.0
675.0
640.0
1677.0
775.0
1688.0
666.0
2135.0
467.0
1839.0
729.0
969.0
191.0
1257.0
207.0
1712.0
829.0
1200.0
942.0
10.0
1294.0
NaN
NaN
1874.0
506.0
424.0
464.0
365.0
364.0
1107.0
600.0
889.0
508.0
1091.0
666.0
460.0
84.0
1453.0
984.0
1034.0
753.0
778.0
NaN
NaN
NaN
341.0
1005.0
NaN
NaN
NaN
NaN
545.0
NaN
NaN
NaN
364.0
1176.0
658.0
346.0
23.0
NaN
709.0
1386.0
NaN
NaN
1431.0
587.0
2177.0
NaN
NaN
738.0
NaN
NaN
681.0
1805.0
1450.0
855.0
748.0
794.0
393.0
2568.0
704.0
1249.0
300.0
437.0
473.0
939.0
962.0
2673.0
1382.0
437.0
1603.0
100.0
1384.0
305.0
288.0
1229.0
624.0
1876.0
1221.0
1744.0
1183.0
72.0
527.0
597.0
1621.0
672.0
597.0
287.0
515.0
1598.0
933.0
378.0
0.0
1131.0
2042.0
796.0
350.0
779.0
818.0
686.0
652.0
2296.0
1838.0
1067.0
739.0
178.0
362.0
590.0
511.0
626.0
479.0
767.0
423.0
1612.0
877.0
1294.0
299.0
884.0
966.0
1643.0
534.0
614.0
368.0
317.0
737.0
732.0
1118.0
2132.0
358.0
907.0
605.0
196.0
1295.0
2981.0
256.0
356.0
807.0
1404.0
NaN
1067.0
2180.0
1926.0
866.0
542.0
985.0
324.0
472.0
38.0
747.0
1715.0
1686.0
556.0
1074.0
348.0
NaN
NaN
