0.0
0.0
0.0
0.0
0.0
0.0
0.0
0.0
419.0
0.0
0.0
0.0
0.0
0.0
0.0
0.0
0.0
0.0
0.0
0.0
0.0
0.0
0.0
0.0
0.0
15.0
71.0
18.0
0.0
94.0
0.0
0.0
0.0
0.0
0.0
178.0
0.0
0.0
0.0
0.0
0.0
0.0
0.0
196.0
239.0
0.0
23.0
0.0
0.0
33.0
0.0
0.0
564.0
221.0
8.0
0.0
0.0
0.0
0.0
0.0
0.0
0.0
0.0
0.0
236.0
0.0
0.0
0.0
0.0
0.0
0.0
0.0
20.0
0.0
0.0
0.0
0.0
0.0
0.0
89.0
3.0
76.0
71.0
46.0
0.0
0.0
0.0
0.0
0.0
0.0
48.0
0.0
0.0
107.0
0.0
5.0
191.0
0.0
0.0
0.0
0.0
0.0
0.0
3.0
25.0
0.0
0.0
0.0
0.0
28.0
0.0
0.0
0.0
0.0
0.0
13.0
79.0
0.0
0.0
5.0
0.0
0.0
0.0
0.0
0.0
0.0
0.0
0.0
43.0
0.0
0.0
0.0
23.0
0.0
0.0
0.0
0.0
74.0
0.0
NaN
0.0
51.0
25.0
0.0
48.0
0.0
0.0
203.0
0.0
0.0
0.0
0.0
0.0
0.0
0.0
64.0
0.0
0.0
0.0
0.0
0.0
0.0
0.0
0.0
0.0
0.0
0.0
0.0
0.0
0.0
89.0
312.0
0.0
0.0
0.0
0.0
0.0
10.0
0.0
0.0
0.0
0.0
0.0
0.0
0.0
0.0
3.0
0.0
18.0
5.0
0.0
0.0
0.0
0.0
0.0
0.0
0.0
5.0
0.0
0.0
0.0
0.0
0.0
0.0
0.0
0.0
0.0
0.0
0.0
13.0
0.0
0.0
56.0
0.0
23.0
20.0
3.0
0.0
NaN
NaN
NaN
0.0
0.0
0.0
0.0
0.0
3.0
0.0
0.0
127.0
0.0
0.0
0.0
0.0
0.0
0.0
0.0
0.0
15.0
3.0
0.0
0.0
0.0
0.0
0.0
0.0
15.0
66.0
10.0
0.0
NaN
18.0
0.0
0.0
0.0
8.0
0.0
0.0
0.0
0.0
0.0
10.0
48.0
36.0
0.0
0.0
0.0
0.0
0.0
0.0
15.0
137.0
0.0
0.0
18.0
0.0
0.0
193.0
178.0
0.0
142.0
0.0
0.0
0.0
0.0
0.0
0.0
0.0
0.0
0.0
0.0
0.0
0.0
25.0
3.0
3.0
0.0
0.0
0.0
0.0
0.0
0.0
0.0
216.0
411.0
112.0
0.0
0.0
284.0
0.0
8.0
0.0
302.0
86.0
196.0
18.0
0.0
10.0
36.0
0.0
0.0
0.0
0.0
58.0
0.0
0.0
0.0
0.0
0.0
0.0
0.0
0.0
150.0
0.0
224.0
0.0
0.0
66.0
5.0
0.0
0.0
20.0
69.0
97.0
3.0
15.0
3.0
0.0
0.0
0.0
0.0
0.0
0.0
157.0
0.0
0.0
0.0
0.0
0.0
0.0
15.0
10.0
15.0
3.0
0.0
0.0
0.0
0.0
38.0
124.0
152.0
30.0
41.0
142.0
81.0
15.0
0.0
0.0
0.0
312.0
0.0
0.0
178.0
0.0
0.0
188.0
0.0
0.0
0.0
0.0
0.0
0.0
23.0
8.0
0.0
0.0
41.0
267.0
23.0
239.0
0.0
0.0
51.0
5.0
0.0
0.0
0.0
15.0
0.0
38.0
8.0
0.0
38.0
0.0
0.0
0.0
0.0
0.0
0.0
0.0
0.0
5.0
23.0
0.0
5.0
36.0
0.0
142.0
137.0
0.0
0.0
0.0
0.0
0.0
0.0
0.0
0.0
0.0
0.0
10.0
124.0
48.0
0.0
0.0
0.0
0.0
0.0
0.0
104.0
10.0
8.0
8.0
0.0
150.0
5.0
0.0
0.0
0.0
0.0
0.0
64.0
0.0
0.0
0.0
0.0
0.0
0.0
10.0
0.0
0.0
135.0
107.0
0.0
0.0
0.0
0.0
0.0
0.0
0.0
0.0
0.0
150.0
0.0
0.0
13.0
0.0
10.0
5.0
0.0
81.0
320.0
23.0
422.0
0.0
0.0
0.0
0.0
0.0
5.0
0.0
0.0
0.0
3.0
13.0
0.0
310.0
145.0
0.0
0.0
0.0
0.0
163.0
0.0
0.0
5.0
0.0
0.0
0.0
0.0
0.0
0.0
0.0
188.0
18.0
0.0
0.0
0.0
269.0
15.0
0.0
0.0
18.0
13.0
0.0
3.0
0.0
0.0
0.0
0.0
0.0
8.0
13.0
0.0
0.0
0.0
46.0
0.0
0.0
0.0
0.0
0.0
0.0
5.0
102.0
0.0
0.0
0.0
0.0
0.0
0.0
0.0
0.0
0.0
0.0
0.0
30.0
0.0
0.0
0.0
0.0
0.0
0.0
15.0
0.0
3.0
48.0
8.0
3.0
15.0
0.0
0.0
0.0
74.0
0.0
0.0
53.0
5.0
3.0
0.0
0.0
0.0
0.0
0.0
0.0
3.0
0.0
0.0
0.0
0.0
51.0
15.0
0.0
5.0
0.0
0.0
0.0
0.0
0.0
0.0
33.0
46.0
0.0
5.0
404.0
10.0
3.0
3.0
0.0
0.0
5.0
0.0
0.0
64.0
0.0
15.0
18.0
13.0
30.0
20.0
0.0
0.0
0.0
53.0
61.0
211.0
5.0
3.0
185.0
3.0
5.0
3.0
0.0
0.0
0.0
0.0
0.0
0.0
0.0
0.0
0.0
0.0
0.0
0.0
0.0
0.0
0.0
18.0
0.0
0.0
0.0
119.0
0.0
0.0
0.0
168.0
3.0
0.0
0.0
0.0
28.0
25.0
15.0
0.0
3.0
0.0
0.0
33.0
3.0
0.0
5.0
43.0
0.0
53.0
124.0
132.0
0.0
0.0
81.0
0.0
0.0
79.0
112.0
36.0
3.0
41.0
0.0
0.0
0.0
0.0
13.0
417.0
58.0
3.0
53.0
0.0
0.0
0.0
0.0
0.0
0.0
175.0
330.0
165.0
0.0
0.0
56.0
0.0
3.0
0.0
0.0
0.0
0.0
178.0
0.0
3.0
51.0
0.0
0.0
10.0
10.0
0.0
0.0
0.0
5.0
307.0
5.0
25.0
76.0
15.0
0.0
150.0
0.0
13.0
0.0
0.0
0.0
0.0
0.0
0.0
0.0
0.0
0.0
25.0
10.0
0.0
0.0
0.0
20.0
0.0
0.0
38.0
3.0
0.0
0.0
0.0
310.0
8.0
0.0
0.0
0.0
0.0
0.0
0.0
0.0
0.0
0.0
0.0
0.0
38.0
41.0
51.0
0.0
0.0
0.0
0.0
0.0
384.0
155.0
112.0
475.0
25.0
0.0
0.0
0.0
0.0
5.0
0.0
0.0
0.0
10.0
0.0
0.0
0.0
0.0
0.0
0.0
0.0
0.0
76.0
0.0
0.0
0.0
0.0
0.0
0.0
0.0
0.0
0.0
0.0
0.0
0.0
0.0
0.0
0.0
117.0
0.0
0.0
0.0
0.0
0.0
102.0
61.0
0.0
0.0
0.0
0.0
0.0
33.0
10.0
0.0
0.0
0.0
5.0
0.0
0.0
244.0
46.0
0.0
0.0
8.0
0.0
38.0
20.0
0.0
23.0
284.0
0.0
135.0
15.0
0.0
0.0
0.0
0.0
0.0
0.0
0.0
0.0
0.0
0.0
15.0
5.0
5.0
127.0
25.0
0.0
0.0
5.0
0.0
203.0
0.0
66.0
102.0
0.0
20.0
135.0
0.0
0.0
0.0
0.0
69.0
140.0
94.0
0.0
0.0
20.0
0.0
0.0
0.0
0.0
0.0
0.0
0.0
5.0
0.0
0.0
0.0
0.0
0.0
0.0
5.0
0.0
0.0
0.0
0.0
30.0
0.0
196.0
30.0
102.0
41.0
203.0
8.0
0.0
0.0
0.0
41.0
56.0
432.0
36.0
0.0
0.0
0.0
0.0
3.0
13.0
10.0
180.0
3.0
0.0
0.0
0.0
10.0
0.0
0.0
0.0
0.0
0.0
0.0
0.0
0.0
0.0
0.0
46.0
25.0
3.0
8.0
0.0
0.0
0.0
236.0
15.0
56.0
5.0
0.0
0.0
51.0
46.0
5.0
0.0
0.0
0.0
0.0
0.0
102.0
15.0
0.0
0.0
0.0
15.0
0.0
15.0
0.0
0.0
0.0
20.0
8.0
0.0
0.0
0.0
0.0
3.0
0.0
36.0
3.0
0.0
0.0
20.0
0.0
91.0
38.0
0.0
0.0
0.0
0.0
157.0
0.0
137.0
0.0
0.0
0.0
0.0
13.0
0.0
0.0
0.0
0.0
15.0
213.0
0.0
0.0
0.0
5.0
0.0
0.0
0.0
3.0
150.0
36.0
0.0
0.0
0.0
5.0
0.0
0.0
0.0
0.0
3.0
3.0
0.0
0.0
0.0
0.0
0.0
5.0
28.0
102.0
53.0
5.0
51.0
0.0
5.0
0.0
0.0
208.0
13.0
0.0
0.0
0.0
0.0
0.0
0.0
0.0
13.0
5.0
0.0
0.0
0.0
0.0
13.0
0.0
91.0
0.0
0.0
0.0
0.0
0.0
0.0
0.0
0.0
58.0
0.0
3.0
0.0
0.0
0.0
0.0
0.0
0.0
0.0
0.0
0.0
0.0
23.0
0.0
0.0
23.0
0.0
0.0
0.0
5.0
20.0
0.0
0.0
0.0
0.0
0.0
0.0
10.0
3.0
0.0
0.0
0.0
0.0
0.0
0.0
0.0
71.0
3.0
0.0
20.0
0.0
279.0
394.0
0.0
0.0
0.0
0.0
0.0
0.0
0.0
0.0
0.0
0.0
0.0
0.0
0.0
53.0
0.0
132.0
10.0
5.0
0.0
0.0
0.0
0.0
91.0
335.0
0.0
0.0
0.0
0.0
0.0
0.0
0.0
0.0
0.0
0.0
0.0
0.0
0.0
0.0
0.0
0.0
0.0
0.0
0.0
0.0
0.0
0.0
0.0
0.0
76.0
0.0
56.0
0.0
0.0
23.0
36.0
0.0
23.0
3.0
0.0
112.0
20.0
0.0
0.0
130.0
0.0
0.0
0.0
406.0
0.0
0.0
0.0
0.0
0.0
0.0
0.0
0.0
0.0
0.0
0.0
0.0
0.0
0.0
5.0
0.0
0.0
0.0
0.0
0.0
53.0
3.0
3.0
3.0
0.0
0.0
0.0
0.0
28.0
0.0
0.0
0.0
0.0
185.0
5.0
0.0
3.0
0.0
0.0
0.0
99.0
0.0
28.0
41.0
0.0
0.0
0.0
0.0
0.0
0.0
38.0
0.0
0.0
8.0
33.0
157.0
13.0
0.0
5.0
5.0
3.0
18.0
5.0
0.0
0.0
0.0
119.0
0.0
25.0
0.0
0.0
3.0
20.0
8.0
0.0
0.0
0.0
0.0
0.0
0.0
0.0
0.0
64.0
8.0
0.0
5.0
5.0
0.0
76.0
0.0
36.0
99.0
3.0
0.0
0.0
0.0
0.0
0.0
0.0
58.0
0.0
43.0
117.0
0.0
0.0
3.0
0.0
0.0
0.0
180.0
0.0
0.0
0.0
0.0
0.0
0.0
0.0
203.0
13.0
5.0
0.0
0.0
48.0
61.0
13.0
0.0
0.0
0.0
0.0
5.0
0.0
3.0
0.0
0.0
0.0
41.0
262.0
0.0
0.0
0.0
0.0
0.0
0.0
0.0
0.0
0.0
0.0
0.0
0.0
0.0
0.0
0.0
0.0
74.0
3.0
25.0
114.0
147.0
0.0
46.0
213.0
0.0
0.0
0.0
0.0
0.0
0.0
0.0
0.0
0.0
0.0
15.0
18.0
0.0
0.0
74.0
0.0
0.0
20.0
13.0
0.0
254.0
33.0
0.0
0.0
5.0
0.0
0.0
0.0
0.0
18.0
0.0
13.0
0.0
33.0
236.0
0.0
0.0
0.0
0.0
3.0
0.0
0.0
15.0
33.0
0.0
0.0
0.0
234.0
99.0
112.0
0.0
0.0
0.0
0.0
0.0
0.0
0.0
10.0
71.0
178.0
38.0
3.0
43.0
3.0
5.0
56.0
5.0
0.0
0.0
0.0
0.0
0.0
99.0
18.0
0.0
0.0
0.0
43.0
81.0
0.0
0.0
0.0
0.0
0.0
0.0
0.0
0.0
0.0
511.0
10.0
0.0
0.0
0.0
0.0
0.0
0.0
3.0
5.0
0.0
20.0
20.0
107.0
0.0
15.0
483.0
3.0
5.0
33.0
0.0
0.0
0.0
66.0
28.0
0.0
0.0
0.0
0.0
0.0
0.0
13.0
61.0
0.0
5.0
0.0
0.0
0.0
36.0
0.0
130.0
48.0
23.0
36.0
0.0
0.0
0.0
25.0
3.0
0.0
0.0
3.0
0.0
0.0
323.0
5.0
0.0
0.0
0.0
0.0
0.0
0.0
51.0
0.0
0.0
0.0
0.0
0.0
0.0
0.0
66.0
0.0
0.0
0.0
0.0
224.0
10.0
0.0
0.0
13.0
254.0
23.0
0.0
0.0
0.0
0.0
201.0
119.0
0.0
0.0
0.0
0.0
69.0
264.0
251.0
145.0
5.0
0.0
0.0
0.0
107.0
0.0
3.0
0.0
23.0
160.0
203.0
0.0
0.0
3.0
0.0
5.0
10.0
36.0
15.0
859.0
5.0
61.0
0.0
0.0
0.0
0.0
0.0
127.0
20.0
3.0
0.0
0.0
0.0
259.0
3.0
23.0
0.0
0.0
0.0
0.0
3.0
0.0
0.0
152.0
3.0
0.0
0.0
0.0
0.0
0.0
0.0
0.0
0.0
13.0
5.0
0.0
0.0
0.0
282.0
0.0
0.0
5.0
13.0
3.0
0.0
0.0
3.0
0.0
0.0
0.0
0.0
0.0
0.0
0.0
0.0
0.0
5.0
526.0
254.0
43.0
0.0
0.0
0.0
0.0
0.0
0.0
0.0
0.0
0.0
18.0
66.0
0.0
5.0
0.0
0.0
0.0
0.0
0.0
107.0
282.0
30.0
0.0
0.0
0.0
0.0
0.0
0.0
0.0
66.0
5.0
0.0
0.0
0.0
295.0
23.0
0.0
15.0
0.0
0.0
0.0
5.0
20.0
36.0
122.0
18.0
0.0
0.0
3.0
0.0
8.0
25.0
0.0
0.0
0.0
0.0
0.0
3.0
0.0
5.0
0.0
3.0
0.0
0.0
0.0
0.0
0.0
36.0
0.0
0.0
0.0
0.0
23.0
30.0
191.0
0.0
0.0
25.0
0.0
0.0
0.0
0.0
0.0
0.0
0.0
244.0
48.0
0.0
0.0
145.0
86.0
3.0
0.0
0.0
0.0
8.0
0.0
0.0
46.0
0.0
0.0
0.0
0.0
36.0
0.0
0.0
0.0
76.0
0.0
109.0
66.0
53.0
13.0
0.0
0.0
0.0
61.0
8.0
0.0
0.0
150.0
13.0
0.0
25.0
0.0
0.0
0.0
0.0
0.0
0.0
124.0
315.0
8.0
0.0
0.0
0.0
0.0
0.0
0.0
0.0
0.0
0.0
0.0
0.0
450.0
124.0
74.0
0.0
0.0
56.0
0.0
0.0
0.0
0.0
0.0
0.0
0.0
0.0
25.0
0.0
0.0
0.0
0.0
0.0
0.0
122.0
10.0
0.0
0.0
0.0
119.0
0.0
0.0
0.0
13.0
28.0
99.0
0.0
0.0
0.0
0.0
13.0
28.0
5.0
58.0
147.0
5.0
3.0
0.0
0.0
0.0
0.0
0.0
0.0
0.0
0.0
0.0
0.0
0.0
48.0
0.0
0.0
15.0
25.0
74.0
0.0
0.0
163.0
13.0
0.0
0.0
0.0
0.0
0.0
157.0
0.0
0.0
0.0
0.0
0.0
38.0
41.0
0.0
0.0
0.0
0.0
0.0
117.0
71.0
264.0
5.0
0.0
0.0
0.0
0.0
0.0
79.0
51.0
3.0
0.0
0.0
0.0
0.0
0.0
0.0
0.0
229.0
5.0
91.0
43.0
69.0
5.0
0.0
66.0
0.0
152.0
3.0
71.0
0.0
0.0
193.0
406.0
36.0
8.0
224.0
424.0
41.0
0.0
0.0
0.0
0.0
0.0
0.0
0.0
0.0
0.0
0.0
0.0
30.0
38.0
76.0
0.0
0.0
0.0
0.0
0.0
0.0
0.0
0.0
0.0
0.0
0.0
0.0
0.0
0.0
0.0
0.0
0.0
328.0
0.0
0.0
0.0
0.0
137.0
15.0
48.0
0.0
0.0
0.0
0.0
0.0
0.0
0.0
0.0
0.0
0.0
0.0
15.0
84.0
0.0
94.0
5.0
0.0
0.0
0.0
41.0
0.0
0.0
0.0
86.0
0.0
0.0
0.0
0.0
0.0
0.0
0.0
3.0
0.0
0.0
0.0
0.0
0.0
0.0
18.0
0.0
0.0
0.0
0.0
0.0
0.0
5.0
3.0
0.0
264.0
135.0
0.0
0.0
0.0
3.0
0.0
0.0
0.0
0.0
0.0
175.0
114.0
0.0
94.0
13.0
10.0
0.0
8.0
5.0
89.0
99.0
3.0
0.0
13.0
64.0
0.0
0.0
0.0
0.0
46.0
3.0
64.0
3.0
0.0
0.0
18.0
0.0
76.0
0.0
0.0
79.0
36.0
0.0
0.0
0.0
0.0
0.0
251.0
18.0
0.0
86.0
3.0
0.0
0.0
0.0
0.0
0.0
13.0
0.0
0.0
0.0
53.0
0.0
13.0
0.0
15.0
0.0
0.0
8.0
56.0
0.0
168.0
0.0
0.0
84.0
48.0
112.0
155.0
5.0
23.0
0.0
0.0
25.0
36.0
0.0
0.0
0.0
208.0
41.0
0.0
3.0
0.0
0.0
0.0
0.0
0.0
132.0
0.0
0.0
30.0
0.0
0.0
94.0
23.0
0.0
0.0
0.0
0.0
0.0
0.0
0.0
0.0
0.0
0.0
0.0
0.0
0.0
38.0
10.0
0.0
28.0
79.0
0.0
0.0
0.0
0.0
0.0
74.0
0.0
0.0
48.0
86.0
0.0
0.0
25.0
0.0
0.0
0.0
10.0
193.0
23.0
188.0
28.0
41.0
0.0
0.0
0.0
0.0
0.0
10.0
58.0
0.0
0.0
0.0
0.0
36.0
124.0
0.0
0.0
124.0
0.0
0.0
3.0
185.0
3.0
0.0
0.0
13.0
135.0
0.0
0.0
226.0
137.0
0.0
46.0
0.0
0.0
0.0
64.0
0.0
3.0
0.0
0.0
0.0
0.0
0.0
198.0
0.0
0.0
0.0
43.0
117.0
0.0
0.0
0.0
142.0
20.0
0.0
0.0
150.0
290.0
48.0
0.0
0.0
180.0
5.0
150.0
28.0
0.0
0.0
0.0
0.0
69.0
43.0
15.0
0.0
36.0
8.0
0.0
0.0
71.0
18.0
0.0
0.0
13.0
0.0
0.0
0.0
0.0
10.0
173.0
0.0
178.0
155.0
0.0
0.0
0.0
0.0
0.0
0.0
155.0
323.0
0.0
43.0
0.0
0.0
0.0
0.0
0.0
0.0
0.0
13.0
0.0
246.0
0.0
0.0
15.0
249.0
0.0
0.0
0.0
0.0
10.0
0.0
0.0
0.0
5.0
0.0
0.0
0.0
0.0
0.0
0.0
0.0
0.0
91.0
0.0
0.0
0.0
0.0
0.0
28.0
0.0
0.0
0.0
0.0
3.0
23.0
663.0
0.0
0.0
0.0
277.0
0.0
0.0
0.0
711.0
518.0
264.0
0.0
0.0
0.0
0.0
0.0
0.0
0.0
0.0
0.0
36.0
0.0
0.0
0.0
0.0
178.0
0.0
0.0
3.0
0.0
0.0
15.0
0.0
290.0
0.0
0.0
0.0
0.0
0.0
0.0
0.0
99.0
0.0
3.0
0.0
0.0
58.0
0.0
0.0
76.0
48.0
0.0
0.0
3.0
0.0
0.0
0.0
0.0
8.0
3.0
0.0
0.0
0.0
104.0
10.0
8.0
3.0
0.0
58.0
5.0
43.0
5.0
0.0
5.0
0.0
0.0
0.0
0.0
0.0
0.0
20.0
8.0
0.0
0.0
0.0
0.0
0.0
193.0
5.0
0.0
33.0
0.0
20.0
3.0
0.0
165.0
114.0
0.0
0.0
0.0
53.0
61.0
0.0
69.0
0.0
213.0
5.0
13.0
0.0
10.0
71.0
36.0
15.0
173.0
249.0
0.0
0.0
3.0
0.0
0.0
0.0
33.0
0.0
3.0
23.0
5.0
23.0
86.0
38.0
0.0
48.0
25.0
23.0
0.0
0.0
3.0
0.0
0.0
0.0
0.0
0.0
0.0
0.0
0.0
0.0
28.0
0.0
0.0
0.0
0.0
0.0
0.0
0.0
0.0
0.0
0.0
0.0
0.0
30.0
61.0
137.0
0.0
5.0
0.0
0.0
0.0
81.0
13.0
0.0
53.0
18.0
0.0
0.0
0.0
0.0
622.0
0.0
0.0
3.0
0.0
0.0
0.0
0.0
43.0
533.0
315.0
170.0
69.0
0.0
0.0
0.0
0.0
0.0
0.0
0.0
0.0
0.0
0.0
0.0
0.0
5.0
43.0
0.0
0.0
0.0
310.0
10.0
3.0
117.0
0.0
64.0
0.0
3.0
97.0
0.0
0.0
0.0
0.0
0.0
0.0
0.0
178.0
0.0
0.0
0.0
0.0
89.0
191.0
28.0
25.0
0.0
99.0
0.0
107.0
76.0
191.0
20.0
43.0
102.0
8.0
0.0
0.0
0.0
0.0
130.0
3.0
0.0
0.0
0.0
0.0
107.0
221.0
5.0
160.0
0.0
0.0
0.0
0.0
0.0
0.0
0.0
0.0
0.0
15.0
442.0
3.0
0.0
0.0
0.0
117.0
86.0
48.0
0.0
0.0
0.0
0.0
76.0
8.0
25.0
51.0
51.0
23.0
117.0
0.0
0.0
292.0
38.0
20.0
64.0
0.0
30.0
0.0
0.0
0.0
0.0
0.0
28.0
0.0
0.0
0.0
0.0
0.0
0.0
36.0
0.0
0.0
0.0
38.0
0.0
163.0
0.0
0.0
0.0
102.0
0.0
33.0
8.0
0.0
0.0
0.0
5.0
0.0
0.0
64.0
0.0
0.0
38.0
0.0
0.0
8.0
0.0
5.0
0.0
3.0
0.0
0.0
0.0
127.0
0.0
0.0
0.0
0.0
0.0
0.0
0.0
0.0
345.0
13.0
0.0
104.0
30.0
41.0
0.0
0.0
0.0
147.0
290.0
132.0
3.0
5.0
0.0
0.0
0.0
0.0
0.0
0.0
3.0
0.0
0.0
0.0
0.0
0.0
0.0
0.0
0.0
0.0
0.0
0.0
0.0
0.0
0.0
152.0
3.0
0.0
0.0
0.0
10.0
0.0
58.0
0.0
0.0
0.0
170.0
58.0
46.0
0.0
0.0
10.0
0.0
76.0
94.0
0.0
0.0
0.0
5.0
74.0
41.0
18.0
0.0
0.0
0.0
25.0
3.0
556.0
41.0
10.0
71.0
20.0
30.0
0.0
409.0
168.0
0.0
0.0
0.0
0.0
0.0
0.0
0.0
0.0
0.0
0.0
0.0
0.0
0.0
0.0
0.0
0.0
0.0
71.0
38.0
8.0
0.0
0.0
0.0
0.0
178.0
76.0
0.0
0.0
0.0
5.0
0.0
0.0
0.0
3.0
0.0
0.0
10.0
20.0
193.0
46.0
0.0
0.0
8.0
0.0
3.0
0.0
0.0
0.0
48.0
8.0
0.0
46.0
20.0
97.0
224.0
36.0
28.0
5.0
0.0
0.0
15.0
0.0
0.0
0.0
0.0
0.0
0.0
33.0
84.0
0.0
0.0
0.0
0.0
0.0
0.0
0.0
0.0
0.0
0.0
0.0
0.0
13.0
25.0
0.0
104.0
18.0
5.0
0.0
5.0
0.0
3.0
0.0
0.0
23.0
13.0
0.0
0.0
13.0
0.0
0.0
36.0
114.0
0.0
0.0
0.0
0.0
0.0
8.0
0.0
0.0
0.0
3.0
0.0
157.0
0.0
15.0
61.0
0.0
5.0
0.0
0.0
0.0
0.0
0.0
0.0
0.0
0.0
30.0
0.0
30.0
0.0
127.0
150.0
64.0
3.0
0.0
0.0
0.0
0.0
15.0
89.0
0.0
0.0
0.0
3.0
0.0
0.0
0.0
0.0
0.0
0.0
0.0
0.0
3.0
48.0
221.0
23.0
56.0
43.0
3.0
0.0
0.0
0.0
0.0
0.0
0.0
0.0
0.0
0.0
0.0
0.0
0.0
0.0
0.0
76.0
76.0
46.0
0.0
0.0
0.0
0.0
48.0
152.0
0.0
0.0
0.0
0.0
185.0
69.0
0.0
0.0
211.0
38.0
358.0
25.0
0.0
0.0
3.0
0.0
0.0
0.0
94.0
53.0
0.0
0.0
0.0
0.0
3.0
0.0
0.0
0.0
0.0
170.0
503.0
23.0
0.0
28.0
208.0
13.0
5.0
84.0
0.0
0.0
155.0
33.0
66.0
3.0
33.0
0.0
15.0
231.0
0.0
0.0
142.0
0.0
594.0
0.0
165.0
0.0
91.0
0.0
0.0
0.0
0.0
0.0
0.0
15.0
0.0
264.0
58.0
3.0
0.0
0.0
188.0
8.0
0.0
13.0
0.0
0.0
0.0
5.0
0.0
0.0
0.0
10.0
1773.0
18.0
0.0
0.0
0.0
0.0
0.0
216.0
0.0
0.0
737.0
112.0
53.0
0.0
0.0
0.0
18.0
3.0
0.0
0.0
0.0
216.0
0.0
0.0
0.0
28.0
0.0
0.0
284.0
0.0
0.0
0.0
15.0
0.0
0.0
0.0
0.0
0.0
0.0
84.0
8.0
399.0
0.0
0.0
0.0
0.0
0.0
0.0
0.0
3.0
51.0
0.0
0.0
0.0
13.0
3.0
0.0
38.0
0.0
0.0
30.0
0.0
81.0
0.0
0.0
0.0
0.0
0.0
0.0
0.0
46.0
23.0
0.0
0.0
0.0
0.0
0.0
0.0
0.0
0.0
0.0
0.0
23.0
0.0
0.0
0.0
0.0
0.0
0.0
0.0
0.0
0.0
33.0
23.0
97.0
0.0
0.0
0.0
0.0
0.0
0.0
0.0
0.0
5.0
5.0
0.0
0.0
0.0
0.0
0.0
0.0
18.0
0.0
10.0
38.0
0.0
0.0
0.0
0.0
0.0
0.0
13.0
282.0
0.0
94.0
0.0
0.0
0.0
0.0
142.0
0.0
0.0
0.0
56.0
36.0
0.0
0.0
0.0
0.0
15.0
0.0
157.0
20.0
0.0
0.0
0.0
13.0
0.0
0.0
0.0
74.0
0.0
0.0
0.0
56.0
28.0
0.0
0.0
0.0
5.0
130.0
NaN
NaN
NaN
NaN
NaN
NaN
NaN
NaN
NaN
NaN
NaN
NaN
NaN
NaN
NaN
NaN
NaN
NaN
NaN
NaN
NaN
NaN
NaN
NaN
NaN
NaN
NaN
NaN
NaN
NaN
NaN
NaN
NaN
NaN
NaN
NaN
NaN
NaN
NaN
NaN
NaN
NaN
NaN
NaN
NaN
NaN
NaN
NaN
NaN
NaN
NaN
NaN
NaN
NaN
NaN
NaN
NaN
NaN
NaN
NaN
NaN
NaN
NaN
NaN
NaN
NaN
NaN
NaN
NaN
NaN
NaN
NaN
NaN
NaN
NaN
NaN
NaN
NaN
NaN
NaN
NaN
NaN
NaN
NaN
NaN
NaN
NaN
NaN
NaN
NaN
NaN
NaN
NaN
NaN
NaN
NaN
NaN
NaN
NaN
NaN
NaN
NaN
NaN
NaN
NaN
NaN
NaN
NaN
NaN
NaN
NaN
NaN
NaN
NaN
NaN
NaN
NaN
NaN
NaN
NaN
NaN
NaN
NaN
NaN
NaN
NaN
NaN
NaN
NaN
NaN
NaN
NaN
NaN
NaN
NaN
NaN
NaN
NaN
NaN
NaN
NaN
NaN
NaN
NaN
NaN
NaN
NaN
NaN
NaN
NaN
NaN
NaN
NaN
NaN
NaN
NaN
NaN
NaN
NaN
NaN
NaN
NaN
NaN
NaN
NaN
NaN
NaN
NaN
NaN
NaN
NaN
NaN
NaN
NaN
NaN
NaN
NaN
NaN
NaN
NaN
NaN
NaN
NaN
NaN
NaN
NaN
NaN
NaN
NaN
NaN
NaN
NaN
NaN
NaN
NaN
NaN
NaN
NaN
NaN
NaN
NaN
NaN
NaN
NaN
NaN
NaN
NaN
NaN
NaN
NaN
NaN
NaN
NaN
NaN
NaN
NaN
NaN
NaN
NaN
NaN
NaN
NaN
NaN
NaN
NaN
NaN
NaN
NaN
NaN
NaN
NaN
NaN
NaN
NaN
NaN
NaN
NaN
NaN
NaN
NaN
NaN
NaN
NaN
NaN
NaN
NaN
NaN
NaN
NaN
NaN
NaN
NaN
NaN
NaN
NaN
NaN
NaN
NaN
NaN
NaN
NaN
NaN
NaN
NaN
NaN
NaN
NaN
NaN
NaN
NaN
NaN
NaN
NaN
NaN
NaN
NaN
NaN
NaN
NaN
NaN
NaN
NaN
NaN
NaN
NaN
NaN
NaN
NaN
NaN
NaN
NaN
NaN
NaN
NaN
NaN
NaN
NaN
NaN
NaN
NaN
NaN
NaN
NaN
NaN
NaN
NaN
NaN
NaN
NaN
NaN
NaN
NaN
NaN
NaN
NaN
NaN
NaN
NaN
NaN
NaN
NaN
NaN
NaN
NaN
NaN
NaN
NaN
NaN
NaN
NaN
NaN
NaN
NaN
NaN
NaN
NaN
NaN
NaN
NaN
NaN
NaN
NaN
NaN
NaN
NaN
NaN
NaN
NaN
NaN
NaN
NaN
NaN
NaN
NaN
NaN
NaN
NaN
NaN
NaN
NaN
NaN
NaN
NaN
NaN
NaN
NaN
8.0
0.0
0.0
0.0
0.0
0.0
0.0
0.0
0.0
0.0
0.0
102.0
0.0
0.0
0.0
13.0
15.0
3.0
0.0
130.0
0.0
160.0
5.0
0.0
0.0
0.0
28.0
0.0
0.0
0.0
0.0
0.0
0.0
3.0
0.0
0.0
0.0
3.0
0.0
0.0
25.0
0.0
0.0
10.0
0.0
36.0
0.0
0.0
0.0
0.0
20.0
5.0
0.0
160.0
0.0
0.0
0.0
0.0
97.0
3.0
0.0
48.0
0.0
0.0
0.0
0.0
51.0
0.0
0.0
0.0
61.0
3.0
0.0
0.0
0.0
0.0
0.0
0.0
20.0
0.0
0.0
28.0
112.0
0.0
0.0
0.0
0.0
0.0
74.0
0.0
5.0
0.0
0.0
0.0
0.0
0.0
0.0
0.0
0.0
0.0
0.0
0.0
0.0
0.0
317.0
84.0
3.0
0.0
13.0
5.0
3.0
0.0
0.0
0.0
0.0
10.0
0.0
74.0
3.0
46.0
23.0
117.0
0.0
94.0
0.0
0.0
213.0
18.0
0.0
25.0
0.0
13.0
15.0
0.0
0.0
5.0
0.0
0.0
0.0
0.0
48.0
0.0
0.0
0.0
0.0
0.0
0.0
0.0
0.0
0.0
5.0
221.0
0.0
0.0
0.0
0.0
0.0
0.0
0.0
0.0
0.0
0.0
0.0
0.0
0.0
0.0
0.0
127.0
0.0
0.0
0.0
3.0
13.0
0.0
0.0
0.0
0.0
0.0
0.0
0.0
97.0
0.0
165.0
0.0
0.0
0.0
0.0
0.0
0.0
0.0
0.0
0.0
0.0
0.0
102.0
5.0
0.0
0.0
0.0
665.0
10.0
0.0
0.0
0.0
84.0
8.0
43.0
8.0
0.0
0.0
0.0
43.0
0.0
0.0
0.0
0.0
163.0
0.0
0.0
0.0
0.0
107.0
0.0
0.0
20.0
36.0
0.0
0.0
74.0
0.0
0.0
0.0
188.0
0.0
0.0
3.0
0.0
0.0
805.0
0.0
0.0
0.0
0.0
0.0
43.0
0.0
8.0
76.0
38.0
8.0
48.0
71.0
0.0
0.0
0.0
0.0
46.0
0.0
0.0
0.0
76.0
0.0
0.0
0.0
61.0
3.0
0.0
0.0
0.0
0.0
0.0
0.0
0.0
0.0
0.0
0.0
41.0
23.0
0.0
0.0
0.0
0.0
56.0
0.0
3.0
13.0
185.0
94.0
0.0
0.0
173.0
43.0
8.0
0.0
0.0
64.0
112.0
0.0
71.0
0.0
0.0
0.0
0.0
0.0
0.0
0.0
0.0
0.0
0.0
0.0
38.0
0.0
0.0
0.0
117.0
79.0
0.0
0.0
0.0
0.0
0.0
0.0
0.0
0.0
0.0
0.0
46.0
0.0
0.0
0.0
0.0
0.0
0.0
0.0
0.0
13.0
3.0
0.0
0.0
0.0
15.0
30.0
13.0
43.0
0.0
0.0
0.0
0.0
5.0
76.0
0.0
0.0
0.0
241.0
94.0
0.0
0.0
0.0
0.0
0.0
0.0
0.0
15.0
0.0
0.0
0.0
0.0
0.0
0.0
0.0
8.0
0.0
0.0
0.0
0.0
234.0
3.0
28.0
0.0
0.0
0.0
0.0
0.0
0.0
0.0
0.0
0.0
0.0
5.0
18.0
0.0
0.0
137.0
15.0
358.0
53.0
3.0
15.0
3.0
41.0
3.0
5.0
30.0
211.0
0.0
0.0
79.0
0.0
0.0
0.0
0.0
0.0
0.0
0.0
71.0
0.0
0.0
64.0
3.0
0.0
0.0
0.0
160.0
20.0
5.0
3.0
0.0
0.0
5.0
188.0
0.0
0.0
8.0
170.0
114.0
18.0
5.0
0.0
0.0
46.0
0.0
5.0
23.0
0.0
0.0
0.0
0.0
0.0
3.0
3.0
0.0
0.0
0.0
0.0
0.0
0.0
0.0
0.0
0.0
0.0
0.0
30.0
127.0
33.0
23.0
284.0
36.0
5.0
0.0
3.0
97.0
0.0
1699.0
74.0
5.0
0.0
0.0
5.0
165.0
5.0
0.0
0.0
5.0
0.0
0.0
0.0
0.0
18.0
18.0
0.0
0.0
0.0
0.0
0.0
155.0
0.0
0.0
0.0
0.0
0.0
0.0
0.0
0.0
0.0
0.0
371.0
160.0
196.0
3.0
0.0
0.0
10.0
76.0
97.0
0.0
363.0
3.0
147.0
5.0
0.0
0.0
3.0
43.0
0.0
0.0
84.0
0.0
61.0
112.0
0.0
0.0
15.0
0.0
38.0
0.0
0.0
0.0
79.0
25.0
137.0
36.0
97.0
71.0
0.0
25.0
0.0
0.0
0.0
0.0
0.0
0.0
0.0
0.0
8.0
257.0
5.0
0.0
0.0
0.0
0.0
0.0
66.0
0.0
0.0
0.0
114.0
46.0
0.0
13.0
0.0
0.0
3.0
41.0
3.0
0.0
0.0
33.0
117.0
13.0
20.0
0.0
0.0
13.0
0.0
3.0
0.0
0.0
0.0
0.0
30.0
0.0
0.0
0.0
0.0
0.0
0.0
0.0
0.0
23.0
104.0
0.0
0.0
0.0
0.0
0.0
0.0
0.0
94.0
518.0
76.0
0.0
0.0
0.0
0.0
0.0
3.0
0.0
0.0
0.0
5.0
0.0
0.0
13.0
86.0
0.0
0.0
61.0
3.0
0.0
0.0
0.0
0.0
0.0
0.0
0.0
0.0
102.0
0.0
0.0
0.0
0.0
89.0
0.0
549.0
0.0
0.0
0.0
0.0
0.0
0.0
15.0
0.0
0.0
30.0
15.0
46.0
0.0
3.0
15.0
0.0
15.0
0.0
0.0
0.0
0.0
0.0
0.0
0.0
389.0
173.0
23.0
0.0
0.0
0.0
155.0
41.0
0.0
0.0
0.0
0.0
48.0
0.0
0.0
0.0
0.0
66.0
147.0
0.0
0.0
43.0
13.0
0.0
0.0
0.0
5.0
0.0
0.0
0.0
0.0
0.0
0.0
15.0
3.0
8.0
0.0
0.0
0.0
48.0
0.0
13.0
0.0
0.0
56.0
18.0
3.0
5.0
5.0
0.0
41.0
53.0
102.0
8.0
0.0
5.0
15.0
0.0
0.0
0.0
3.0
8.0
43.0
51.0
48.0
0.0
117.0
66.0
0.0
0.0
0.0
3.0
292.0
0.0
0.0
0.0
5.0
0.0
0.0
13.0
33.0
0.0
33.0
0.0
3.0
0.0
8.0
36.0
13.0
0.0
0.0
0.0
8.0
48.0
33.0
0.0
0.0
86.0
18.0
0.0
0.0
30.0
0.0
0.0
0.0
0.0
0.0
0.0
8.0
0.0
99.0
0.0
127.0
216.0
0.0
0.0
0.0
0.0
0.0
0.0
0.0
13.0
74.0
0.0
0.0
18.0
25.0
0.0
5.0
0.0
0.0
0.0
150.0
0.0
0.0
0.0
0.0
0.0
0.0
48.0
23.0
0.0
0.0
0.0
0.0
10.0
0.0
18.0
43.0
5.0
0.0
0.0
5.0
0.0
122.0
130.0
0.0
0.0
0.0
25.0
0.0
0.0
0.0
0.0
3.0
130.0
46.0
0.0
0.0
0.0
0.0
0.0
0.0
5.0
0.0
5.0
64.0
0.0
0.0
79.0
89.0
140.0
5.0
28.0
3.0
0.0
3.0
0.0
0.0
0.0
163.0
48.0
0.0
315.0
94.0
3.0
112.0
15.0
33.0
0.0
0.0
0.0
89.0
0.0
0.0
0.0
0.0
0.0
30.0
165.0
0.0
0.0
0.0
