NaN
1036.0
872.0
NaN
486.0
0.0
NaN
114.0
318.0
63.0
0.0
330.0
596.0
NaN
646.0
192.0
280.0
51.0
56.0
304.0
177.0
0.0
NaN
204.0
63.0
708.0
766.0
315.0
NaN
160.0
152.0
177.0
50.0
407.0
203.0
229.0
643.0
644.0
186.0
603.0
122.0
254.0
NaN
0.0
102.0
102.0
76.0
0.0
823.0
971.0
645.0
974.0
145.0
228.0
0.0
NaN
0.0
115.0
NaN
320.0
305.0
275.0
462.0
312.0
58.0
115.0
13.0
25.0
NaN
178.0
NaN
NaN
NaN
780.0
248.0
1127.0
459.0
33.0
51.0
105.0
81.0
6.0
13.0
435.0
NaN
NaN
NaN
NaN
NaN
NaN
NaN
NaN
NaN
NaN
NaN
NaN
NaN
NaN
NaN
NaN
NaN
NaN
NaN
NaN
NaN
NaN
NaN
NaN
NaN
NaN
NaN
NaN
NaN
NaN
NaN
NaN
NaN
NaN
NaN
NaN
NaN
NaN
NaN
NaN
NaN
NaN
NaN
NaN
NaN
NaN
NaN
NaN
NaN
NaN
NaN
NaN
NaN
NaN
NaN
NaN
NaN
NaN
NaN
NaN
NaN
NaN
NaN
NaN
NaN
NaN
NaN
NaN
NaN
NaN
NaN
NaN
NaN
NaN
NaN
NaN
NaN
NaN
NaN
NaN
NaN
NaN
NaN
NaN
NaN
NaN
NaN
NaN
NaN
NaN
NaN
NaN
NaN
NaN
NaN
NaN
NaN
NaN
NaN
NaN
NaN
NaN
NaN
NaN
NaN
NaN
NaN
NaN
NaN
NaN
NaN
NaN
NaN
NaN
NaN
NaN
NaN
NaN
NaN
NaN
NaN
NaN
NaN
NaN
NaN
NaN
NaN
NaN
NaN
NaN
NaN
NaN
NaN
NaN
NaN
NaN
NaN
NaN
NaN
NaN
NaN
NaN
NaN
NaN
NaN
NaN
NaN
NaN
NaN
NaN
NaN
NaN
NaN
NaN
NaN
NaN
NaN
NaN
NaN
NaN
NaN
NaN
NaN
NaN
NaN
NaN
NaN
NaN
NaN
NaN
NaN
NaN
NaN
NaN
NaN
NaN
NaN
NaN
NaN
NaN
NaN
NaN
NaN
NaN
NaN
NaN
NaN
NaN
NaN
NaN
NaN
NaN
NaN
NaN
NaN
NaN
NaN
NaN
NaN
NaN
NaN
NaN
NaN
NaN
NaN
NaN
NaN
NaN
NaN
NaN
NaN
NaN
NaN
NaN
NaN
NaN
NaN
NaN
NaN
NaN
NaN
NaN
NaN
NaN
NaN
NaN
NaN
NaN
NaN
NaN
NaN
NaN
NaN
NaN
NaN
NaN
127.0
94.0
177.0
398.0
445.0
1120.0
796.0
246.0
297.0
974.0
216.0
36.0
180.0
31.0
113.0
204.0
364.0
233.0
478.0
33.0
313.0
173.0
170.0
284.0
141.0
35.0
76.0
267.0
82.0
1140.0
434.0
195.0
248.0
249.0
97.0
198.0
161.0
8.0
240.0
535.0
429.0
668.0
1787.0
1202.0
325.0
69.0
279.0
137.0
220.0
172.0
339.0
NaN
NaN
NaN
456.0
628.0
1024.0
66.0
44.0
89.0
130.0
118.0
59.0
385.0
466.0
718.0
907.0
484.0
333.0
190.0
92.0
92.0
88.0
120.0
145.0
512.0
742.0
NaN
NaN
359.0
0.0
75.0
51.0
43.0
72.0
84.0
6.0
185.0
427.0
1169.0
414.0
571.0
180.0
173.0
5.0
11.0
NaN
186.0
NaN
506.0
335.0
279.0
1501.0
648.0
464.0
363.0
59.0
112.0
69.0
31.0
127.0
687.0
570.0
927.0
311.0
848.0
1928.0
492.0
41.0
30.0
16.0
29.0
575.0
266.0
619.0
485.0
1111.0
1229.0
313.0
51.0
0.0
85.0
57.0
31.0
155.0
432.0
539.0
950.0
806.0
148.0
89.0
43.0
122.0
30.0
30.0
51.0
262.0
79.0
282.0
1105.0
576.0
2217.0
405.0
3.0
573.0
13.0
46.0
15.0
366.0
216.0
409.0
871.0
911.0
347.0
593.0
132.0
130.0
202.0
86.0
72.0
305.0
144.0
425.0
1282.0
339.0
369.0
851.0
525.0
66.0
43.0
57.0
118.0
49.0
188.0
302.0
1214.0
375.0
630.0
NaN
502.0
160.0
119.0
119.0
NaN
NaN
NaN
NaN
NaN
1098.0
484.0
25.0
310.0
237.0
278.0
310.0
150.0
109.0
0.0
396.0
560.0
467.0
228.0
160.0
698.0
83.0
155.0
141.0
18.0
317.0
224.0
924.0
696.0
403.0
129.0
511.0
170.0
141.0
107.0
155.0
213.0
31.0
137.0
203.0
465.0
381.0
1054.0
413.0
152.0
56.0
39.0
173.0
11.0
36.0
3.0
116.0
533.0
789.0
467.0
84.0
8.0
43.0
8.0
26.0
35.0
43.0
706.0
NaN
914.0
546.0
430.0
388.0
180.0
20.0
99.0
346.0
74.0
56.0
464.0
395.0
726.0
570.0
734.0
1009.0
181.0
86.0
0.0
80.0
48.0
158.0
613.0
741.0
755.0
742.0
665.0
185.0
338.0
327.0
147.0
234.0
63.0
374.0
48.0
499.0
1333.0
522.0
405.0
101.0
229.0
328.0
112.0
53.0
76.0
73.0
206.0
313.0
755.0
1332.0
1047.0
661.0
592.0
76.0
60.0
54.0
49.0
23.0
132.0
172.0
503.0
NaN
NaN
NaN
NaN
329.0
31.0
48.0
117.0
10.0
57.0
783.0
689.0
171.0
700.0
488.0
735.0
165.0
49.0
147.0
12.0
46.0
129.0
782.0
600.0
176.0
1019.0
79.0
250.0
16.0
97.0
23.0
67.0
6.0
191.0
133.0
343.0
621.0
61.0
1510.0
102.0
28.0
80.0
143.0
162.0
260.0
99.0
1420.0
475.0
381.0
667.0
241.0
187.0
198.0
102.0
0.0
67.0
43.0
290.0
488.0
1103.0
1086.0
379.0
184.0
127.0
15.0
102.0
18.0
43.0
73.0
545.0
465.0
1167.0
449.0
552.0
651.0
122.0
105.0
90.0
11.0
0.0
49.0
389.0
991.0
404.0
840.0
452.0
1371.0
229.0
127.0
66.0
44.0
105.0
5.0
655.0
313.0
1281.0
1322.0
484.0
173.0
248.0
73.0
59.0
192.0
47.0
46.0
745.0
346.0
319.0
546.0
190.0
302.0
494.0
42.0
150.0
44.0
9.0
76.0
275.0
718.0
621.0
736.0
1191.0
433.0
206.0
77.0
54.0
405.0
248.0
90.0
90.0
92.0
885.0
661.0
290.0
298.0
274.0
5.0
60.0
67.0
30.0
119.0
509.0
722.0
778.0
1392.0
299.0
467.0
201.0
92.0
147.0
129.0
28.0
203.0
232.0
204.0
1123.0
1664.0
451.0
436.0
702.0
44.0
23.0
64.0
141.0
176.0
136.0
935.0
383.0
377.0
874.0
634.0
299.0
11.0
76.0
3.0
24.0
90.0
66.0
398.0
568.0
313.0
1064.0
799.0
665.0
220.0
123.0
144.0
117.0
61.0
518.0
1560.0
343.0
310.0
618.0
253.0
NaN
48.0
66.0
108.0
28.0
204.0
312.0
296.0
1336.0
634.0
683.0
391.0
NaN
78.0
79.0
157.0
76.0
156.0
473.0
262.0
1085.0
235.0
771.0
225.0
8.0
0.0
123.0
158.0
84.0
100.0
54.0
893.0
603.0
1117.0
691.0
709.0
142.0
157.0
NaN
82.0
76.0
67.0
NaN
641.0
720.0
913.0
562.0
383.0
120.0
149.0
102.0
60.0
149.0
261.0
432.0
355.0
724.0
699.0
381.0
81.0
55.0
29.0
21.0
183.0
78.0
64.0
0.0
211.0
554.0
761.0
1665.0
817.0
457.0
156.0
46.0
93.0
142.0
188.0
300.0
452.0
1136.0
402.0
731.0
655.0
304.0
136.0
41.0
150.0
28.0
262.0
42.0
490.0
1154.0
1067.0
496.0
298.0
909.0
104.0
216.0
176.0
13.0
400.0
74.0
166.0
687.0
790.0
655.0
912.0
340.0
151.0
55.0
53.0
67.0
74.0
422.0
72.0
745.0
653.0
150.0
130.0
729.0
130.0
111.0
41.0
74.0
99.0
84.0
784.0
914.0
25.0
1362.0
343.0
540.0
258.0
49.0
87.0
72.0
20.0
617.0
203.0
627.0
2038.0
427.0
509.0
204.0
323.0
56.0
39.0
329.0
92.0
0.0
579.0
561.0
1148.0
577.0
394.0
54.0
28.0
114.0
99.0
19.0
242.0
0.0
328.0
149.0
353.0
540.0
120.0
84.0
173.0
148.0
161.0
5.0
220.0
73.0
342.0
642.0
307.0
449.0
328.0
31.0
116.0
72.0
52.0
97.0
270.0
399.0
215.0
1083.0
261.0
348.0
222.0
72.0
25.0
128.0
71.0
150.0
46.0
473.0
717.0
978.0
645.0
765.0
882.0
340.0
171.0
134.0
77.0
53.0
171.0
NaN
440.0
709.0
543.0
143.0
273.0
13.0
262.0
NaN
21.0
0.0
41.0
NaN
NaN
1977.0
2498.0
NaN
378.0
0.0
NaN
NaN
NaN
NaN
NaN
NaN
NaN
NaN
NaN
NaN
NaN
859.0
590.0
86.0
89.0
147.0
362.0
64.0
651.0
471.0
889.0
704.0
218.0
454.0
572.0
274.0
289.0
104.0
272.0
141.0
1145.0
555.0
1455.0
384.0
486.0
280.0
472.0
293.0
305.0
356.0
213.0
200.0
287.0
828.0
1101.0
445.0
299.0
376.0
77.0
48.0
404.0
264.0
102.0
513.0
686.0
1156.0
625.0
125.0
201.0
724.0
391.0
84.0
367.0
201.0
285.0
449.0
1346.0
800.0
1018.0
774.0
541.0
18.0
10.0
59.0
55.0
244.0
130.0
NaN
418.0
845.0
759.0
1316.0
483.0
369.0
627.0
NaN
18.0
115.0
10.0
452.0
705.0
1377.0
777.0
NaN
365.0
450.0
33.0
147.0
96.0
18.0
123.0
188.0
331.0
NaN
292.0
1386.0
613.0
144.0
13.0
117.0
47.0
36.0
315.0
360.0
822.0
821.0
807.0
527.0
470.0
99.0
140.0
150.0
299.0
48.0
634.0
324.0
1338.0
568.0
538.0
912.0
618.0
350.0
5.0
220.0
188.0
29.0
90.0
176.0
580.0
1895.0
653.0
513.0
108.0
498.0
459.0
143.0
226.0
117.0
401.0
359.0
406.0
525.0
465.0
1071.0
369.0
278.0
64.0
185.0
18.0
NaN
575.0
122.0
1578.0
1129.0
1331.0
623.0
223.0
253.0
96.0
298.0
45.0
163.0
125.0
287.0
241.0
1002.0
639.0
574.0
1245.0
740.0
954.0
483.0
108.0
202.0
337.0
389.0
761.0
1002.0
331.0
308.0
742.0
315.0
0.0
398.0
391.0
174.0
89.0
366.0
1447.0
1296.0
970.0
445.0
1014.0
254.0
287.0
320.0
NaN
NaN
NaN
NaN
NaN
NaN
NaN
NaN
NaN
NaN
NaN
NaN
NaN
NaN
NaN
NaN
NaN
NaN
NaN
NaN
82.0
919.0
406.0
170.0
123.0
216.0
602.0
150.0
1105.0
547.0
1029.0
292.0
452.0
452.0
82.0
210.0
NaN
NaN
NaN
NaN
NaN
NaN
NaN
NaN
NaN
NaN
NaN
NaN
NaN
NaN
NaN
NaN
NaN
NaN
NaN
NaN
NaN
NaN
NaN
NaN
NaN
NaN
NaN
NaN
NaN
NaN
NaN
NaN
NaN
NaN
