124.0
0.0
33.0
231.0
66.0
0.0
0.0
0.0
3.0
0.0
0.0
0.0
0.0
41.0
0.0
36.0
10.0
0.0
0.0
33.0
0.0
0.0
15.0
13.0
25.0
620.0
3.0
0.0
102.0
191.0
13.0
0.0
0.0
0.0
0.0
0.0
0.0
0.0
0.0
0.0
0.0
20.0
0.0
0.0
0.0
0.0
0.0
0.0
0.0
0.0
114.0
86.0
76.0
5.0
74.0
86.0
3.0
0.0
0.0
0.0
0.0
221.0
53.0
5.0
5.0
0.0
0.0
0.0
0.0
0.0
0.0
0.0
0.0
97.0
208.0
8.0
0.0
0.0
0.0
15.0
0.0
0.0
0.0
137.0
0.0
135.0
119.0
1041.0
163.0
0.0
76.0
142.0
38.0
0.0
0.0
0.0
0.0
0.0
0.0
0.0
5.0
0.0
18.0
18.0
3.0
0.0
5.0
102.0
43.0
0.0
23.0
0.0
0.0
3.0
0.0
0.0
13.0
0.0
0.0
0.0
0.0
0.0
0.0
0.0
198.0
130.0
8.0
119.0
0.0
0.0
13.0
8.0
5.0
84.0
0.0
150.0
0.0
0.0
8.0
0.0
0.0
0.0
0.0
267.0
5.0
0.0
221.0
0.0
0.0
0.0
0.0
269.0
0.0
0.0
0.0
0.0
0.0
0.0
0.0
0.0
0.0
0.0
5.0
0.0
0.0
0.0
0.0
0.0
0.0
0.0
0.0
0.0
279.0
0.0
0.0
0.0
64.0
36.0
838.0
0.0
0.0
335.0
0.0
0.0
0.0
0.0
5.0
0.0
0.0
10.0
71.0
0.0
0.0
0.0
0.0
0.0
0.0
8.0
0.0
97.0
0.0
0.0
0.0
0.0
0.0
0.0
0.0
0.0
0.0
0.0
0.0
0.0
0.0
0.0
0.0
15.0
0.0
0.0
0.0
0.0
0.0
13.0
3.0
0.0
0.0
226.0
18.0
51.0
97.0
10.0
0.0
445.0
84.0
5.0
0.0
0.0
114.0
0.0
0.0
160.0
23.0
13.0
0.0
53.0
0.0
168.0
102.0
10.0
94.0
0.0
0.0
0.0
0.0
0.0
0.0
239.0
3.0
0.0
0.0
0.0
13.0
0.0
71.0
91.0
5.0
0.0
28.0
3.0
196.0
25.0
0.0
109.0
0.0
38.0
122.0
79.0
0.0
0.0
0.0
0.0
66.0
160.0
0.0
0.0
13.0
0.0
0.0
0.0
0.0
0.0
0.0
0.0
0.0
0.0
0.0
0.0
0.0
76.0
0.0
0.0
0.0
0.0
0.0
0.0
0.0
0.0
13.0
10.0
531.0
69.0
879.0
86.0
0.0
175.0
0.0
0.0
203.0
0.0
450.0
0.0
0.0
30.0
0.0
0.0
0.0
0.0
0.0
5.0
0.0
0.0
0.0
0.0
0.0
0.0
81.0
25.0
0.0
0.0
3.0
5.0
0.0
0.0
0.0
109.0
30.0
58.0
8.0
0.0
0.0
89.0
91.0
0.0
28.0
0.0
0.0
0.0
38.0
0.0
0.0
0.0
20.0
0.0
0.0
0.0
15.0
8.0
0.0
0.0
0.0
0.0
0.0
8.0
0.0
0.0
3.0
5.0
25.0
0.0
0.0
0.0
0.0
0.0
0.0
3.0
0.0
0.0
109.0
33.0
0.0
38.0
0.0
5.0
0.0
0.0
0.0
119.0
0.0
64.0
0.0
0.0
0.0
8.0
18.0
0.0
0.0
0.0
0.0
363.0
25.0
0.0
0.0
0.0
0.0
0.0
0.0
0.0
0.0
41.0
13.0
0.0
0.0
94.0
0.0
15.0
66.0
20.0
0.0
0.0
0.0
0.0
0.0
0.0
0.0
0.0
8.0
0.0
0.0
76.0
3.0
384.0
0.0
0.0
0.0
0.0
104.0
8.0
0.0
0.0
0.0
0.0
0.0
0.0
0.0
15.0
0.0
132.0
0.0
0.0
53.0
3.0
0.0
0.0
0.0
0.0
30.0
124.0
8.0
5.0
41.0
3.0
241.0
0.0
0.0
0.0
0.0
0.0
0.0
0.0
0.0
0.0
8.0
0.0
0.0
8.0
48.0
0.0
0.0
0.0
0.0
0.0
0.0
86.0
0.0
0.0
64.0
0.0
0.0
25.0
198.0
8.0
43.0
8.0
41.0
0.0
0.0
10.0
0.0
0.0
0.0
0.0
0.0
0.0
0.0
221.0
0.0
0.0
0.0
0.0
0.0
0.0
0.0
0.0
5.0
0.0
211.0
0.0
0.0
5.0
0.0
0.0
89.0
572.0
10.0
43.0
0.0
0.0
5.0
0.0
0.0
0.0
0.0
0.0
0.0
119.0
46.0
0.0
0.0
64.0
5.0
3.0
0.0
0.0
0.0
0.0
0.0
0.0
0.0
5.0
0.0
0.0
0.0
0.0
10.0
30.0
8.0
0.0
0.0
5.0
145.0
0.0
0.0
0.0
0.0
450.0
104.0
0.0
38.0
249.0
0.0
0.0
3.0
0.0
0.0
0.0
0.0
0.0
0.0
0.0
3.0
0.0
0.0
0.0
0.0
0.0
0.0
0.0
0.0
0.0
124.0
46.0
5.0
3.0
8.0
13.0
0.0
0.0
0.0
0.0
0.0
48.0
64.0
0.0
0.0
0.0
0.0
130.0
0.0
0.0
0.0
0.0
0.0
0.0
0.0
76.0
579.0
0.0
0.0
0.0
0.0
0.0
0.0
0.0
0.0
0.0
0.0
0.0
152.0
191.0
3.0
0.0
13.0
0.0
5.0
8.0
0.0
13.0
0.0
107.0
0.0
0.0
0.0
25.0
0.0
89.0
8.0
0.0
0.0
0.0
0.0
0.0
0.0
0.0
0.0
3.0
56.0
0.0
0.0
8.0
0.0
74.0
0.0
0.0
10.0
0.0
0.0
0.0
3.0
0.0
0.0
0.0
112.0
30.0
0.0
56.0
3.0
0.0
0.0
198.0
0.0
0.0
0.0
25.0
0.0
0.0
0.0
0.0
0.0
0.0
0.0
208.0
3.0
0.0
0.0
58.0
0.0
5.0
0.0
0.0
0.0
0.0
0.0
0.0
10.0
0.0
0.0
0.0
0.0
160.0
43.0
3.0
0.0
0.0
0.0
0.0
0.0
0.0
0.0
0.0
0.0
0.0
0.0
0.0
0.0
0.0
8.0
8.0
0.0
216.0
320.0
91.0
97.0
279.0
18.0
0.0
0.0
0.0
0.0
0.0
0.0
0.0
157.0
0.0
0.0
3.0
3.0
5.0
46.0
33.0
0.0
0.0
165.0
0.0
20.0
69.0
0.0
0.0
467.0
8.0
0.0
0.0
0.0
0.0
0.0
0.0
0.0
0.0
51.0
254.0
0.0
292.0
0.0
0.0
0.0
0.0
0.0
76.0
0.0
0.0
0.0
20.0
81.0
89.0
216.0
13.0
18.0
0.0
0.0
0.0
0.0
3.0
191.0
145.0
15.0
13.0
28.0
76.0
33.0
0.0
38.0
10.0
0.0
0.0
0.0
0.0
0.0
490.0
0.0
0.0
0.0
20.0
0.0
0.0
5.0
394.0
0.0
0.0
0.0
0.0
5.0
0.0
0.0
0.0
165.0
0.0
0.0
0.0
0.0
0.0
5.0
124.0
64.0
0.0
0.0
25.0
119.0
0.0
84.0
3.0
0.0
0.0
0.0
5.0
0.0
0.0
0.0
51.0
0.0
0.0
0.0
0.0
8.0
0.0
76.0
25.0
264.0
0.0
0.0
0.0
0.0
0.0
0.0
180.0
193.0
41.0
0.0
0.0
0.0
0.0
23.0
0.0
0.0
0.0
0.0
0.0
0.0
89.0
0.0
0.0
0.0
0.0
353.0
145.0
28.0
3.0
0.0
0.0
0.0
0.0
0.0
0.0
109.0
51.0
254.0
0.0
0.0
0.0
0.0
0.0
0.0
3.0
8.0
0.0
33.0
0.0
5.0
0.0
0.0
0.0
13.0
0.0
0.0
0.0
0.0
0.0
5.0
678.0
5.0
0.0
0.0
0.0
0.0
249.0
0.0
0.0
0.0
69.0
41.0
3.0
0.0
0.0
0.0
5.0
18.0
0.0
0.0
0.0
0.0
0.0
0.0
0.0
0.0
0.0
0.0
0.0
28.0
0.0
0.0
0.0
0.0
262.0
254.0
0.0
30.0
5.0
0.0
15.0
0.0
0.0
10.0
145.0
305.0
0.0
0.0
0.0
48.0
0.0
0.0
0.0
0.0
8.0
20.0
71.0
0.0
0.0
0.0
102.0
0.0
0.0
51.0
99.0
508.0
0.0
0.0
3.0
0.0
0.0
0.0
0.0
0.0
0.0
0.0
0.0
3.0
0.0
318.0
147.0
0.0
0.0
0.0
0.0
0.0
0.0
0.0
0.0
0.0
3.0
183.0
13.0
0.0
0.0
0.0
0.0
0.0
0.0
23.0
246.0
198.0
0.0
0.0
104.0
28.0
0.0
0.0
0.0
0.0
175.0
0.0
0.0
0.0
122.0
76.0
0.0
74.0
10.0
5.0
0.0
0.0
48.0
574.0
58.0
221.0
5.0
0.0
0.0
0.0
0.0
107.0
3.0
0.0
15.0
0.0
0.0
0.0
0.0
0.0
3.0
0.0
8.0
0.0
0.0
0.0
0.0
13.0
0.0
0.0
0.0
0.0
0.0
5.0
417.0
0.0
0.0
0.0
43.0
0.0
0.0
0.0
0.0
0.0
0.0
191.0
81.0
0.0
0.0
0.0
25.0
0.0
3.0
0.0
0.0
0.0
0.0
0.0
0.0
0.0
0.0
0.0
0.0
3.0
231.0
0.0
0.0
0.0
91.0
0.0
8.0
28.0
132.0
3.0
0.0
0.0
0.0
20.0
41.0
10.0
20.0
173.0
0.0
277.0
0.0
0.0
0.0
0.0
0.0
0.0
0.0
196.0
3.0
NaN
NaN
0.0
0.0
0.0
0.0
0.0
0.0
0.0
0.0
0.0
0.0
170.0
94.0
13.0
0.0
0.0
0.0
0.0
10.0
69.0
145.0
13.0
0.0
0.0
0.0
180.0
0.0
71.0
0.0
0.0
0.0
0.0
64.0
23.0
0.0
0.0
0.0
0.0
0.0
0.0
0.0
216.0
64.0
20.0
33.0
0.0
0.0
3.0
0.0
0.0
25.0
0.0
18.0
0.0
0.0
8.0
0.0
0.0
0.0
0.0
0.0
0.0
0.0
0.0
0.0
18.0
15.0
0.0
0.0
229.0
681.0
295.0
3.0
3.0
112.0
122.0
145.0
0.0
0.0
0.0
0.0
66.0
25.0
0.0
0.0
0.0
0.0
0.0
33.0
0.0
25.0
0.0
0.0
0.0
295.0
3.0
0.0
0.0
0.0
0.0
0.0
0.0
0.0
0.0
8.0
0.0
0.0
0.0
0.0
0.0
0.0
0.0
3.0
229.0
0.0
0.0
0.0
0.0
0.0
0.0
0.0
25.0
0.0
0.0
13.0
0.0
18.0
3.0
0.0
5.0
0.0
0.0
51.0
13.0
0.0
0.0
0.0
0.0
0.0
0.0
0.0
0.0
0.0
0.0
0.0
69.0
8.0
196.0
30.0
0.0
0.0
0.0
0.0
0.0
0.0
8.0
0.0
0.0
0.0
0.0
0.0
0.0
0.0
0.0
191.0
5.0
10.0
0.0
0.0
0.0
3.0
0.0
33.0
0.0
0.0
0.0
0.0
0.0
43.0
0.0
0.0
0.0
0.0
0.0
0.0
18.0
89.0
805.0
10.0
0.0
0.0
109.0
185.0
0.0
13.0
NaN
NaN
0.0
0.0
0.0
0.0
0.0
0.0
0.0
0.0
0.0
0.0
0.0
0.0
0.0
0.0
10.0
79.0
71.0
0.0
0.0
0.0
0.0
0.0
0.0
0.0
74.0
38.0
0.0
0.0
48.0
157.0
0.0
0.0
0.0
0.0
0.0
165.0
0.0
0.0
3.0
41.0
30.0
43.0
102.0
18.0
25.0
132.0
69.0
0.0
97.0
66.0
0.0
0.0
0.0
25.0
5.0
0.0
99.0
0.0
0.0
0.0
38.0
41.0
0.0
0.0
0.0
3.0
0.0
0.0
0.0
0.0
0.0
0.0
521.0
25.0
25.0
0.0
0.0
0.0
0.0
0.0
0.0
13.0
0.0
3.0
0.0
0.0
25.0
0.0
0.0
0.0
0.0
0.0
0.0
112.0
0.0
30.0
102.0
0.0
25.0
8.0
305.0
267.0
0.0
13.0
0.0
0.0
0.0
13.0
3.0
0.0
0.0
0.0
236.0
8.0
0.0
13.0
38.0
43.0
0.0
25.0
3.0
97.0
3.0
0.0
25.0
0.0
0.0
160.0
132.0
18.0
0.0
0.0
0.0
0.0
0.0
0.0
0.0
13.0
0.0
0.0
0.0
28.0
488.0
574.0
0.0
0.0
0.0
8.0
0.0
0.0
8.0
391.0
157.0
0.0
119.0
76.0
175.0
0.0
15.0
25.0
0.0
0.0
0.0
0.0
10.0
267.0
130.0
8.0
18.0
3.0
0.0
0.0
0.0
0.0
51.0
3.0
0.0
0.0
0.0
0.0
0.0
89.0
0.0
15.0
0.0
0.0
0.0
43.0
33.0
0.0
0.0
0.0
152.0
422.0
56.0
0.0
300.0
0.0
8.0
117.0
56.0
5.0
0.0
0.0
8.0
25.0
0.0
0.0
13.0
0.0
51.0
84.0
23.0
13.0
0.0
0.0
5.0
0.0
61.0
66.0
511.0
0.0
160.0
1758.0
0.0
25.0
56.0
0.0
0.0
119.0
0.0
0.0
0.0
0.0
0.0
10.0
28.0
236.0
0.0
0.0
0.0
0.0
0.0
216.0
102.0
38.0
84.0
0.0
0.0
130.0
277.0
0.0
0.0
46.0
0.0
127.0
0.0
0.0
53.0
180.0
0.0
0.0
0.0
0.0
0.0
3.0
0.0
0.0
127.0
0.0
3.0
3.0
0.0
0.0
99.0
0.0
287.0
13.0
0.0
0.0
0.0
0.0
3.0
356.0
0.0
0.0
0.0
0.0
0.0
0.0
0.0
0.0
0.0
0.0
0.0
0.0
0.0
0.0
15.0
58.0
0.0
0.0
0.0
0.0
0.0
0.0
3.0
0.0
0.0
0.0
0.0
8.0
160.0
28.0
0.0
20.0
3.0
211.0
0.0
3.0
572.0
0.0
178.0
5.0
0.0
0.0
0.0
0.0
10.0
168.0
0.0
0.0
0.0
0.0
0.0
0.0
0.0
0.0
36.0
0.0
0.0
0.0
0.0
0.0
0.0
198.0
8.0
0.0
0.0
0.0
0.0
0.0
8.0
292.0
NaN
NaN
5.0
0.0
0.0
0.0
0.0
170.0
218.0
3.0
0.0
0.0
0.0
0.0
0.0
0.0
0.0
0.0
0.0
0.0
0.0
46.0
0.0
0.0
0.0
0.0
46.0
152.0
38.0
114.0
0.0
0.0
0.0
0.0
0.0
0.0
0.0
0.0
0.0
30.0
0.0
0.0
0.0
0.0
0.0
56.0
30.0
0.0
18.0
18.0
0.0
0.0
0.0
5.0
130.0
0.0
0.0
0.0
3.0
0.0
97.0
5.0
3.0
340.0
5.0
0.0
0.0
0.0
76.0
246.0
0.0
5.0
226.0
132.0
0.0
0.0
0.0
0.0
0.0
0.0
0.0
0.0
33.0
5.0
0.0
0.0
91.0
0.0
0.0
0.0
3.0
0.0
0.0
0.0
5.0
38.0
0.0
0.0
0.0
0.0
0.0
5.0
3.0
130.0
180.0
0.0
0.0
0.0
0.0
0.0
8.0
0.0
0.0
0.0
0.0
0.0
0.0
13.0
1044.0
0.0
0.0
0.0
0.0
0.0
0.0
8.0
0.0
0.0
18.0
0.0
0.0
0.0
0.0
15.0
64.0
0.0
0.0
0.0
0.0
0.0
0.0
0.0
0.0
8.0
0.0
0.0
127.0
0.0
0.0
0.0
0.0
0.0
0.0
0.0
51.0
0.0
0.0
0.0
0.0
0.0
89.0
0.0
0.0
86.0
53.0
0.0
193.0
3.0
262.0
43.0
0.0
287.0
20.0
0.0
0.0
38.0
330.0
0.0
0.0
135.0
15.0
0.0
0.0
0.0
0.0
211.0
152.0
8.0
0.0
0.0
0.0
0.0
0.0
64.0
373.0
81.0
221.0
15.0
0.0
0.0
0.0
0.0
58.0
3.0
241.0
0.0
0.0
5.0
0.0
269.0
279.0
0.0
203.0
0.0
0.0
0.0
0.0
0.0
0.0
0.0
0.0
221.0
13.0
5.0
51.0
0.0
5.0
0.0
0.0
84.0
201.0
0.0
0.0
0.0
0.0
25.0
0.0
41.0
254.0
0.0
5.0
3.0
5.0
155.0
0.0
262.0
0.0
353.0
58.0
3.0
0.0
0.0
0.0
0.0
0.0
0.0
0.0
0.0
0.0
0.0
0.0
170.0
5.0
0.0
0.0
300.0
13.0
0.0
97.0
0.0
0.0
0.0
249.0
0.0
18.0
0.0
0.0
0.0
0.0
0.0
0.0
0.0
282.0
0.0
0.0
0.0
152.0
0.0
0.0
0.0
201.0
0.0
114.0
0.0
0.0
0.0
0.0
0.0
0.0
0.0
0.0
0.0
0.0
0.0
0.0
10.0
81.0
64.0
312.0
0.0
13.0
0.0
0.0
0.0
0.0
0.0
315.0
0.0
0.0
0.0
0.0
0.0
0.0
0.0
43.0
5.0
0.0
0.0
0.0
0.0
0.0
0.0
0.0
0.0
0.0
0.0
0.0
0.0
0.0
56.0
13.0
0.0
0.0
79.0
20.0
102.0
0.0
0.0
0.0
0.0
13.0
3.0
0.0
0.0
0.0
165.0
0.0
645.0
424.0
0.0
0.0
0.0
0.0
244.0
69.0
20.0
0.0
0.0
0.0
0.0
0.0
145.0
236.0
0.0
0.0
0.0
38.0
97.0
20.0
157.0
0.0
0.0
0.0
0.0
0.0
0.0
0.0
0.0
0.0
0.0
0.0
0.0
0.0
0.0
0.0
0.0
33.0
356.0
58.0
23.0
0.0
NaN
0.0
0.0
69.0
25.0
5.0
0.0
0.0
15.0
0.0
0.0
152.0
64.0
0.0
0.0
0.0
25.0
165.0
71.0
0.0
0.0
5.0
376.0
0.0
0.0
0.0
0.0
5.0
18.0
3.0
15.0
5.0
91.0
310.0
157.0
3.0
38.0
0.0
0.0
3.0
0.0
0.0
0.0
0.0
0.0
0.0
0.0
71.0
0.0
0.0
0.0
0.0
0.0
0.0
0.0
0.0
0.0
0.0
0.0
0.0
64.0
165.0
0.0
0.0
99.0
10.0
15.0
0.0
15.0
0.0
0.0
0.0
0.0
0.0
0.0
0.0
152.0
18.0
0.0
0.0
38.0
0.0
0.0
0.0
0.0
8.0
79.0
0.0
0.0
0.0
0.0
18.0
41.0
46.0
0.0
0.0
0.0
0.0
0.0
0.0
0.0
0.0
0.0
0.0
0.0
0.0
13.0
0.0
3.0
15.0
109.0
112.0
8.0
36.0
5.0
0.0
0.0
0.0
0.0
0.0
8.0
74.0
0.0
0.0
196.0
20.0
0.0
74.0
0.0
0.0
0.0
0.0
0.0
168.0
0.0
46.0
0.0
406.0
0.0
0.0
0.0
0.0
0.0
0.0
0.0
0.0
5.0
0.0
0.0
0.0
0.0
0.0
48.0
137.0
193.0
84.0
13.0
28.0
0.0
0.0
0.0
376.0
33.0
0.0
48.0
0.0
0.0
NaN
NaN
0.0
13.0
89.0
234.0
0.0
160.0
48.0
25.0
51.0
5.0
0.0
74.0
185.0
0.0
0.0
0.0
132.0
0.0
0.0
0.0
0.0
0.0
122.0
0.0
89.0
231.0
0.0
0.0
0.0
0.0
23.0
18.0
0.0
18.0
221.0
25.0
353.0
495.0
0.0
0.0
0.0
155.0
0.0
0.0
51.0
0.0
231.0
0.0
53.0
8.0
315.0
0.0
0.0
0.0
0.0
0.0
0.0
0.0
0.0
0.0
584.0
284.0
0.0
0.0
0.0
434.0
0.0
130.0
117.0
0.0
3.0
99.0
406.0
66.0
0.0
0.0
51.0
64.0
0.0
0.0
0.0
0.0
3.0
124.0
64.0
0.0
0.0
0.0
25.0
0.0
0.0
0.0
0.0
0.0
0.0
0.0
0.0
145.0
0.0
0.0
0.0
0.0
0.0
0.0
147.0
0.0
0.0
0.0
0.0
0.0
0.0
0.0
0.0
36.0
0.0
66.0
61.0
180.0
0.0
0.0
0.0
3.0
0.0
0.0
165.0
284.0
0.0
0.0
0.0
0.0
0.0
0.0
0.0
13.0
0.0
0.0
0.0
0.0
0.0
0.0
71.0
0.0
0.0
0.0
0.0
0.0
71.0
0.0
0.0
0.0
0.0
0.0
0.0
0.0
0.0
0.0
28.0
10.0
0.0
0.0
0.0
0.0
5.0
13.0
0.0
0.0
0.0
0.0
0.0
0.0
191.0
0.0
0.0
0.0
0.0
0.0
0.0
0.0
0.0
30.0
0.0
0.0
0.0
0.0
0.0
0.0
0.0
0.0
25.0
0.0
0.0
0.0
0.0
18.0
0.0
0.0
0.0
13.0
170.0
465.0
533.0
0.0
0.0
0.0
180.0
25.0
0.0
3.0
0.0
NaN
NaN
0.0
0.0
0.0
0.0
0.0
231.0
48.0
3.0
0.0
0.0
15.0
0.0
0.0
0.0
0.0
0.0
0.0
0.0
20.0
20.0
0.0
0.0
0.0
20.0
5.0
112.0
368.0
0.0
0.0
0.0
0.0
3.0
18.0
5.0
0.0
0.0
63.0
3.0
0.0
0.0
0.0
0.0
0.0
38.0
8.0
84.0
0.0
0.0
15.0
3.0
0.0
0.0
0.0
0.0
0.0
0.0
51.0
236.0
30.0
0.0
0.0
94.0
0.0
0.0
0.0
0.0
0.0
0.0
0.0
0.0
0.0
0.0
0.0
0.0
0.0
0.0
41.0
251.0
0.0
0.0
97.0
152.0
0.0
13.0
165.0
0.0
0.0
0.0
30.0
762.0
0.0
0.0
0.0
58.0
5.0
0.0
0.0
0.0
0.0
216.0
0.0
0.0
33.0
0.0
51.0
0.0
0.0
0.0
0.0
3.0
0.0
0.0
0.0
0.0
0.0
0.0
0.0
0.0
0.0
302.0
0.0
0.0
0.0
10.0
290.0
0.0
193.0
5.0
0.0
0.0
46.0
127.0
0.0
0.0
173.0
145.0
0.0
221.0
244.0
119.0
107.0
401.0
518.0
63.0
NaN
0.0
117.0
221.0
66.0
0.0
0.0
13.0
23.0
0.0
0.0
0.0
0.0
94.0
0.0
229.0
28.0
20.0
0.0
0.0
0.0
0.0
0.0
20.0
165.0
0.0
0.0
401.0
0.0
3.0
0.0
0.0
0.0
0.0
0.0
0.0
0.0
36.0
0.0
0.0
0.0
0.0
15.0
307.0
0.0
0.0
58.0
53.0
5.0
46.0
508.0
450.0
0.0
79.0
3.0
5.0
0.0
25.0
366.0
224.0
0.0
0.0
0.0
0.0
0.0
91.0
0.0
0.0
0.0
3.0
36.0
0.0
0.0
0.0
3.0
5.0
0.0
0.0
0.0
0.0
0.0
0.0
0.0
0.0
0.0
0.0
157.0
5.0
0.0
0.0
0.0
622.0
99.0
0.0
0.0
0.0
0.0
0.0
NaN
NaN
0.0
46.0
0.0
0.0
0.0
0.0
69.0
0.0
0.0
0.0
0.0
0.0
5.0
0.0
8.0
0.0
0.0
0.0
0.0
0.0
0.0
0.0
0.0
0.0
0.0
0.0
0.0
0.0
3.0
0.0
0.0
0.0
3.0
38.0
3.0
0.0
0.0
0.0
198.0
5.0
0.0
0.0
79.0
63.0
0.0
0.0
63.0
5.0
0.0
94.0
99.0
23.0
15.0
0.0
0.0
0.0
0.0
0.0
0.0
0.0
0.0
0.0
0.0
0.0
0.0
0.0
71.0
152.0
0.0
0.0
0.0
25.0
279.0
206.0
107.0
0.0
0.0
3.0
5.0
0.0
178.0
8.0
3.0
0.0
0.0
8.0
0.0
0.0
165.0
0.0
0.0
0.0
13.0
3.0
211.0
0.0
0.0
0.0
0.0
13.0
3.0
0.0
0.0
0.0
0.0
36.0
5.0
462.0
0.0
0.0
0.0
89.0
343.0
142.0
348.0
0.0
0.0
0.0
3.0
211.0
224.0
0.0
0.0
0.0
0.0
0.0
0.0
0.0
15.0
284.0
163.0
0.0
0.0
0.0
53.0
127.0
28.0
3.0
0.0
0.0
0.0
0.0
94.0
0.0
0.0
25.0
13.0
0.0
5.0
0.0
0.0
0.0
0.0
0.0
0.0
0.0
0.0
107.0
20.0
3.0
0.0
0.0
0.0
267.0
0.0
0.0
3.0
30.0
8.0
211.0
0.0
109.0
208.0
0.0
23.0
0.0
0.0
0.0
0.0
0.0
0.0
160.0
0.0
0.0
0.0
5.0
0.0
15.0
0.0
0.0
25.0
30.0
56.0
8.0
0.0
0.0
0.0
0.0
20.0
0.0
0.0
0.0
5.0
0.0
0.0
0.0
56.0
0.0
152.0
0.0
38.0
36.0
0.0
0.0
25.0
0.0
0.0
0.0
15.0
0.0
0.0
0.0
0.0
0.0
198.0
0.0
0.0
0.0
0.0
23.0
15.0
13.0
0.0
0.0
0.0
0.0
112.0
0.0
0.0
0.0
0.0
8.0
89.0
0.0
0.0
0.0
0.0
0.0
0.0
0.0
28.0
180.0
0.0
109.0
0.0
0.0
0.0
71.0
0.0
0.0
0.0
10.0
0.0
0.0
0.0
84.0
89.0
185.0
84.0
0.0
0.0
28.0
5.0
0.0
3.0
0.0
0.0
0.0
0.0
0.0
0.0
0.0
0.0
0.0
0.0
0.0
0.0
0.0
13.0
0.0
NaN
0.0
0.0
0.0
0.0
0.0
145.0
0.0
76.0
8.0
5.0
0.0
5.0
20.0
0.0
0.0
0.0
0.0
0.0
25.0
0.0
0.0
0.0
0.0
0.0
0.0
0.0
0.0
0.0
0.0
0.0
0.0
0.0
0.0
0.0
0.0
0.0
0.0
0.0
0.0
28.0
3.0
0.0
0.0
0.0
0.0
0.0
0.0
0.0
0.0
0.0
0.0
132.0
0.0
0.0
0.0
0.0
0.0
0.0
0.0
0.0
0.0
0.0
0.0
0.0
0.0
0.0
0.0
0.0
0.0
0.0
384.0
114.0
0.0
3.0
0.0
0.0
5.0
56.0
76.0
0.0
0.0
66.0
23.0
0.0
373.0
8.0
0.0
0.0
13.0
0.0
0.0
0.0
0.0
0.0
0.0
290.0
0.0
0.0
0.0
18.0
384.0
511.0
5.0
0.0
173.0
0.0
0.0
226.0
0.0
0.0
0.0
0.0
0.0
56.0
0.0
0.0
5.0
8.0
0.0
38.0
3.0
0.0
0.0
0.0
104.0
165.0
18.0
0.0
0.0
0.0
8.0
25.0
28.0
0.0
178.0
38.0
0.0
0.0
0.0
0.0
0.0
0.0
0.0
33.0
0.0
0.0
86.0
163.0
30.0
0.0
0.0
20.0
10.0
0.0
0.0
183.0
0.0
0.0
0.0
0.0
0.0
0.0
0.0
25.0
0.0
0.0
30.0
13.0
0.0
0.0
0.0
10.0
229.0
0.0
0.0
0.0
0.0
0.0
0.0
0.0
0.0
0.0
0.0
102.0
0.0
0.0
0.0
0.0
0.0
0.0
0.0
0.0
46.0
0.0
10.0
0.0
0.0
28.0
58.0
84.0
0.0
0.0
0.0
0.0
0.0
64.0
0.0
20.0
15.0
0.0
389.0
0.0
0.0
0.0
0.0
0.0
104.0
0.0
25.0
84.0
0.0
10.0
13.0
0.0
0.0
0.0
0.0
0.0
0.0
0.0
0.0
91.0
56.0
114.0
549.0
0.0
0.0
0.0
0.0
0.0
0.0
0.0
0.0
0.0
0.0
0.0
0.0
0.0
25.0
28.0
0.0
330.0
8.0
0.0
5.0
5.0
0.0
0.0
0.0
20.0
20.0
0.0
178.0
0.0
0.0
0.0
0.0
0.0
0.0
0.0
71.0
79.0
0.0
102.0
61.0
0.0
0.0
0.0
234.0
28.0
8.0
38.0
0.0
0.0
0.0
56.0
0.0
0.0
0.0
0.0
46.0
5.0
0.0
0.0
0.0
0.0
0.0
38.0
140.0
0.0
0.0
0.0
0.0
0.0
178.0
64.0
0.0
0.0
0.0
0.0
0.0
13.0
3.0
0.0
0.0
0.0
0.0
0.0
0.0
18.0
0.0
0.0
196.0
0.0
0.0
0.0
8.0
81.0
112.0
508.0
127.0
0.0
0.0
0.0
76.0
445.0
0.0
0.0
56.0
135.0
0.0
0.0
0.0
267.0
15.0
203.0
142.0
74.0
0.0
0.0
373.0
8.0
10.0
0.0
0.0
0.0
0.0
0.0
0.0
0.0
0.0
3.0
193.0
0.0
20.0
0.0
5.0
79.0
5.0
56.0
0.0
58.0
269.0
488.0
28.0
0.0
0.0
0.0
0.0
160.0
0.0
28.0
18.0
0.0
0.0
0.0
0.0
0.0
211.0
5.0
25.0
0.0
0.0
0.0
335.0
389.0
0.0
0.0
490.0
8.0
0.0
71.0
107.0
292.0
211.0
25.0
0.0
0.0
28.0
3.0
0.0
0.0
135.0
0.0
0.0
5.0
0.0
0.0
0.0
0.0
0.0
0.0
185.0
5.0
445.0
0.0
0.0
0.0
0.0
0.0
0.0
0.0
155.0
15.0
0.0
0.0
0.0
0.0
0.0
0.0
0.0
13.0
107.0
0.0
0.0
8.0
152.0
0.0
0.0
0.0
0.0
0.0
0.0
0.0
0.0
0.0
0.0
0.0
0.0
0.0
0.0
0.0
0.0
0.0
0.0
38.0
0.0
0.0
0.0
0.0
0.0
0.0
0.0
0.0
152.0
0.0
10.0
0.0
0.0
0.0
0.0
0.0
20.0
8.0
198.0
15.0
0.0
0.0
0.0
0.0
0.0
0.0
0.0
114.0
0.0
0.0
3.0
5.0
5.0
231.0
76.0
10.0
0.0
0.0
0.0
0.0
0.0
0.0
0.0
28.0
0.0
13.0
0.0
51.0
0.0
0.0
25.0
8.0
0.0
0.0
0.0
0.0
0.0
8.0
165.0
345.0
262.0
0.0
0.0
0.0
13.0
107.0
3.0
0.0
0.0
0.0
13.0
5.0
0.0
0.0
0.0
0.0
427.0
0.0
0.0
5.0
114.0
25.0
0.0
0.0
0.0
0.0
0.0
0.0
0.0
0.0
0.0
0.0
0.0
0.0
25.0
58.0
0.0
15.0
0.0
3.0
0.0
0.0
28.0
145.0
0.0
0.0
0.0
0.0
0.0
53.0
808.0
3.0
0.0
0.0
0.0
0.0
0.0
0.0
0.0
0.0
0.0
0.0
91.0
0.0
0.0
287.0
0.0
0.0
0.0
5.0
97.0
56.0
0.0
0.0
0.0
0.0
30.0
0.0
51.0
0.0
0.0
23.0
0.0
0.0
0.0
0.0
0.0
0.0
0.0
0.0
0.0
0.0
216.0
46.0
0.0
56.0
41.0
0.0
0.0
13.0
13.0
0.0
0.0
0.0
0.0
51.0
3.0
0.0
71.0
0.0
0.0
117.0
0.0
0.0
0.0
0.0
0.0
0.0
0.0
0.0
0.0
97.0
13.0
0.0
0.0
0.0
0.0
0.0
0.0
0.0
0.0
94.0
0.0
0.0
0.0
0.0
0.0
0.0
0.0
0.0
0.0
0.0
0.0
0.0
8.0
0.0
20.0
61.0
69.0
0.0
0.0
13.0
384.0
371.0
221.0
0.0
0.0
117.0
48.0
0.0
0.0
0.0
0.0
0.0
114.0
10.0
0.0
0.0
0.0
0.0
0.0
18.0
13.0
0.0
0.0
104.0
0.0
160.0
305.0
81.0
8.0
0.0
0.0
0.0
0.0
0.0
0.0
0.0
0.0
183.0
0.0
437.0
3.0
64.0
343.0
28.0
104.0
5.0
0.0
0.0
0.0
0.0
13.0
0.0
0.0
3.0
5.0
0.0
0.0
3.0
3.0
0.0
30.0
79.0
3.0
84.0
0.0
NaN
NaN
89.0
0.0
442.0
79.0
0.0
8.0
0.0
0.0
0.0
0.0
0.0
0.0
5.0
0.0
0.0
94.0
152.0
0.0
0.0
0.0
0.0
5.0
25.0
0.0
0.0
0.0
0.0
0.0
25.0
25.0
0.0
0.0
0.0
0.0
295.0
0.0
137.0
0.0
0.0
0.0
0.0
0.0
0.0
0.0
0.0
NaN
NaN
NaN
NaN
NaN
NaN
NaN
97.0
0.0
25.0
5.0
0.0
0.0
18.0
0.0
61.0
130.0
0.0
76.0
3.0
0.0
0.0
51.0
0.0
56.0
424.0
3.0
0.0
38.0
0.0
0.0
NaN
0.0
0.0
0.0
13.0
10.0
0.0
0.0
0.0
0.0
NaN
0.0
0.0
0.0
33.0
0.0
0.0
0.0
23.0
378.0
0.0
0.0
0.0
165.0
15.0
18.0
5.0
0.0
0.0
94.0
0.0
0.0
0.0
0.0
NaN
NaN
NaN
NaN
NaN
