-4.29666666667
NaN
NaN
-0.583870967742
2.38518518519
9.65517241379
15.1689655172
14.7035714286
14.5322580645
13.4366666667
5.76774193548
0.733333333333
-6.70689655172
-9.38888888889
-6.04814814815
-5.02333333333
2.98965517241
7.44642857143
NaN
NaN
NaN
14.2533333333
6.80666666667
0.62
-7.07142857143
NaN
-6.90434782609
-1.21071428571
5.04814814815
10.4580645161
15.1066666667
18.5107142857
17.4193548387
11.6035714286
3.96538461538
NaN
NaN
NaN
NaN
NaN
2.475
11.7703703704
16.875862069
16.4677419355
18.5066666667
13.52
10.0870967742
0.56
-4.58709677419
-5.73846153846
-8.63076923077
-3.69310344828
5.45172413793
7.96666666667
16.6433333333
17.4866666667
NaN
NaN
NaN
NaN
NaN
NaN
NaN
NaN
NaN
NaN
NaN
NaN
15.535483871
NaN
3.87142857143
1.7037037037
NaN
NaN
-6.0375
-1.16333333333
NaN
11.3269230769
16.68
19.0884615385
17.1741935484
NaN
5.77586206897
-1.38620689655
-7.13928571429
NaN
NaN
NaN
NaN
NaN
15.6413793103
19.0857142857
15.575
12.7066666667
5.68
3.275
-2.34814814815
-5.37333333333
-3.97407407407
3.25666666667
2.67037037037
10.8
14.4379310345
18.59
NaN
10.16
4.97142857143
-1.99310344828
-1.92333333333
-7.13703703704
-7.05217391304
NaN
2.47777777778
10.2833333333
14.7777777778
NaN
15.2857142857
11.0482758621
6.48928571429
-1.508
NaN
-15.2148148148
-13.3
NaN
3.08148148148
9.2
15.6269230769
NaN
15.4
NaN
NaN
NaN
-1.95
NaN
-16.9708333333
NaN
1.76153846154
NaN
NaN
15.6551724138
15.3517241379
NaN
NaN
NaN
NaN
NaN
NaN
NaN
NaN
NaN
NaN
NaN
NaN
NaN
NaN
NaN
NaN
NaN
NaN
NaN
NaN
NaN
NaN
NaN
NaN
NaN
NaN
