33.0
25.0
5.0
234.0
0.0
0.0
0.0
0.0
0.0
0.0
0.0
122.0
0.0
23.0
0.0
0.0
0.0
0.0
0.0
0.0
0.0
0.0
0.0
0.0
5.0
0.0
0.0
0.0
0.0
0.0
66.0
0.0
0.0
0.0
66.0
0.0
8.0
0.0
0.0
0.0
0.0
0.0
150.0
13.0
0.0
0.0
99.0
0.0
3.0
25.0
64.0
0.0
13.0
0.0
0.0
81.0
0.0
36.0
0.0
0.0
3.0
0.0
0.0
0.0
114.0
0.0
262.0
0.0
0.0
0.0
0.0
0.0
0.0
0.0
0.0
0.0
0.0
0.0
30.0
15.0
0.0
0.0
0.0
0.0
41.0
0.0
13.0
0.0
0.0
0.0
0.0
0.0
13.0
0.0
0.0
20.0
15.0
0.0
0.0
20.0
8.0
0.0
0.0
0.0
0.0
0.0
0.0
0.0
0.0
0.0
0.0
23.0
23.0
89.0
30.0
0.0
25.0
46.0
89.0
74.0
0.0
0.0
0.0
30.0
61.0
102.0
0.0
99.0
0.0
0.0
0.0
0.0
0.0
0.0
13.0
0.0
18.0
15.0
61.0
0.0
0.0
0.0
64.0
0.0
8.0
0.0
0.0
0.0
0.0
0.0
46.0
3.0
15.0
0.0
20.0
0.0
0.0
0.0
0.0
13.0
0.0
20.0
0.0
25.0
53.0
0.0
0.0
0.0
NaN
NaN
NaN
NaN
NaN
NaN
NaN
NaN
NaN
NaN
NaN
NaN
NaN
NaN
NaN
NaN
NaN
NaN
NaN
NaN
NaN
NaN
NaN
NaN
NaN
NaN
NaN
NaN
NaN
NaN
NaN
NaN
NaN
NaN
NaN
NaN
NaN
NaN
20.0
38.0
0.0
0.0
38.0
0.0
0.0
0.0
0.0
0.0
0.0
0.0
0.0
0.0
30.0
0.0
0.0
0.0
130.0
33.0
0.0
0.0
0.0
0.0
64.0
0.0
0.0
0.0
0.0
0.0
18.0
0.0
0.0
0.0
0.0
0.0
0.0
0.0
64.0
0.0
0.0
0.0
193.0
201.0
0.0
0.0
0.0
0.0
0.0
0.0
0.0
64.0
23.0
0.0
0.0
0.0
0.0
66.0
0.0
0.0
203.0
0.0
25.0
236.0
0.0
0.0
0.0
0.0
76.0
30.0
0.0
58.0
0.0
48.0
0.0
0.0
0.0
8.0
0.0
0.0
0.0
0.0
0.0
0.0
0.0
0.0
0.0
0.0
0.0
0.0
0.0
0.0
0.0
0.0
30.0
15.0
0.0
41.0
351.0
0.0
262.0
43.0
0.0
0.0
0.0
0.0
0.0
0.0
0.0
157.0
0.0
0.0
0.0
5.0
0.0
0.0
130.0
84.0
74.0
406.0
0.0
0.0
348.0
224.0
0.0
0.0
0.0
0.0
0.0
33.0
0.0
0.0
5.0
30.0
0.0
0.0
0.0
71.0
701.0
0.0
0.0
0.0
0.0
0.0
0.0
8.0
0.0
0.0
0.0
0.0
0.0
0.0
0.0
0.0
0.0
0.0
0.0
51.0
61.0
0.0
0.0
0.0
0.0
0.0
0.0
0.0
0.0
0.0
0.0
8.0
0.0
0.0
0.0
0.0
0.0
0.0
0.0
0.0
0.0
0.0
0.0
0.0
0.0
119.0
0.0
0.0
0.0
0.0
8.0
0.0
0.0
0.0
0.0
25.0
5.0
0.0
0.0
0.0
0.0
41.0
0.0
20.0
274.0
51.0
13.0
0.0
53.0
3.0
5.0
0.0
173.0
0.0
0.0
0.0
5.0
23.0
0.0
0.0
124.0
81.0
5.0
0.0
450.0
5.0
0.0
0.0
0.0
0.0
0.0
23.0
13.0
10.0
0.0
56.0
0.0
168.0
173.0
0.0
0.0
0.0
0.0
0.0
0.0
0.0
0.0
0.0
114.0
0.0
38.0
58.0
5.0
0.0
0.0
0.0
5.0
20.0
0.0
0.0
0.0
0.0
0.0
0.0
0.0
0.0
0.0
0.0
0.0
0.0
18.0
56.0
5.0
0.0
30.0
10.0
25.0
5.0
5.0
51.0
28.0
41.0
0.0
30.0
NaN
0.0
0.0
0.0
0.0
0.0
0.0
61.0
0.0
0.0
8.0
0.0
0.0
0.0
13.0
38.0
23.0
15.0
13.0
0.0
5.0
0.0
5.0
0.0
43.0
5.0
13.0
0.0
76.0
0.0
0.0
0.0
0.0
0.0
48.0
0.0
0.0
0.0
64.0
0.0
0.0
0.0
0.0
0.0
13.0
5.0
8.0
0.0
0.0
0.0
3.0
8.0
8.0
3.0
15.0
23.0
8.0
3.0
3.0
0.0
3.0
0.0
0.0
5.0
0.0
5.0
0.0
0.0
3.0
5.0
15.0
8.0
13.0
0.0
0.0
0.0
33.0
0.0
0.0
25.0
13.0
0.0
0.0
0.0
36.0
0.0
0.0
5.0
3.0
3.0
0.0
0.0
0.0
0.0
0.0
0.0
0.0
0.0
0.0
0.0
10.0
0.0
0.0
0.0
0.0
0.0
20.0
0.0
0.0
18.0
277.0
0.0
3.0
0.0
5.0
3.0
0.0
0.0
0.0
0.0
0.0
0.0
0.0
0.0
48.0
3.0
0.0
0.0
0.0
0.0
0.0
10.0
56.0
173.0
0.0
0.0
0.0
25.0
36.0
206.0
0.0
0.0
0.0
201.0
15.0
0.0
0.0
0.0
0.0
0.0
0.0
124.0
0.0
0.0
0.0
0.0
28.0
3.0
0.0
8.0
0.0
0.0
0.0
0.0
0.0
0.0
0.0
0.0
10.0
0.0
0.0
38.0
30.0
58.0
61.0
0.0
58.0
28.0
56.0
0.0
0.0
0.0
0.0
8.0
0.0
0.0
15.0
183.0
91.0
3.0
173.0
8.0
61.0
0.0
0.0
0.0
0.0
0.0
0.0
0.0
0.0
267.0
10.0
0.0
0.0
0.0
0.0
0.0
0.0
0.0
0.0
107.0
36.0
0.0
0.0
8.0
0.0
0.0
25.0
0.0
0.0
0.0
0.0
0.0
0.0
0.0
0.0
0.0
0.0
0.0
0.0
0.0
43.0
8.0
0.0
0.0
0.0
3.0
0.0
0.0
0.0
0.0
0.0
0.0
5.0
0.0
5.0
0.0
69.0
0.0
0.0
0.0
0.0
0.0
0.0
0.0
0.0
0.0
0.0
0.0
0.0
0.0
0.0
0.0
0.0
5.0
0.0
8.0
61.0
58.0
0.0
0.0
3.0
3.0
0.0
0.0
0.0
0.0
0.0
0.0
0.0
0.0
43.0
0.0
0.0
0.0
43.0
0.0
0.0
0.0
0.0
0.0
0.0
0.0
0.0
0.0
0.0
0.0
0.0
69.0
0.0
3.0
0.0
0.0
0.0
0.0
0.0
69.0
3.0
211.0
18.0
0.0
0.0
0.0
10.0
0.0
0.0
0.0
117.0
64.0
38.0
0.0
5.0
18.0
0.0
76.0
165.0
0.0
0.0
0.0
0.0
15.0
8.0
0.0
0.0
0.0
99.0
0.0
0.0
10.0
13.0
33.0
0.0
13.0
10.0
0.0
0.0
3.0
38.0
18.0
5.0
0.0
18.0
5.0
0.0
3.0
64.0
0.0
30.0
5.0
51.0
46.0
36.0
0.0
0.0
20.0
25.0
41.0
18.0
0.0
0.0
5.0
13.0
25.0
5.0
25.0
5.0
10.0
13.0
3.0
10.0
23.0
10.0
10.0
13.0
28.0
0.0
0.0
0.0
0.0
0.0
0.0
0.0
0.0
0.0
0.0
3.0
3.0
0.0
0.0
0.0
0.0
0.0
5.0
3.0
0.0
0.0
0.0
0.0
0.0
0.0
0.0
3.0
0.0
13.0
3.0
10.0
8.0
0.0
0.0
0.0
0.0
30.0
5.0
30.0
0.0
0.0
10.0
0.0
0.0
0.0
0.0
3.0
0.0
0.0
0.0
0.0
23.0
0.0
0.0
0.0
0.0
8.0
0.0
0.0
0.0
3.0
3.0
0.0
38.0
3.0
10.0
0.0
0.0
0.0
30.0
56.0
0.0
0.0
0.0
0.0
119.0
43.0
10.0
0.0
71.0
3.0
0.0
0.0
0.0
0.0
0.0
0.0
0.0
0.0
0.0
0.0
5.0
0.0
0.0
0.0
0.0
23.0
8.0
0.0
0.0
0.0
91.0
97.0
155.0
0.0
0.0
102.0
5.0
0.0
0.0
0.0
5.0
0.0
18.0
0.0
3.0
10.0
3.0
0.0
0.0
0.0
8.0
0.0
0.0
5.0
5.0
66.0
0.0
79.0
5.0
0.0
0.0
0.0
3.0
0.0
127.0
0.0
0.0
5.0
0.0
64.0
51.0
102.0
3.0
0.0
41.0
20.0
0.0
5.0
41.0
0.0
0.0
0.0
0.0
0.0
0.0
8.0
0.0
46.0
241.0
15.0
0.0
0.0
0.0
5.0
0.0
0.0
0.0
3.0
0.0
0.0
0.0
0.0
0.0
0.0
0.0
89.0
64.0
102.0
0.0
0.0
0.0
0.0
18.0
0.0
0.0
124.0
23.0
0.0
3.0
0.0
889.0
5.0
0.0
0.0
0.0
0.0
0.0
269.0
25.0
5.0
0.0
74.0
8.0
0.0
13.0
163.0
10.0
0.0
0.0
69.0
0.0
0.0
0.0
0.0
0.0
0.0
0.0
0.0
0.0
0.0
13.0
0.0
0.0
20.0
945.0
0.0
0.0
0.0
0.0
0.0
0.0
43.0
0.0
28.0
0.0
0.0
0.0
0.0
3.0
0.0
18.0
0.0
84.0
8.0
0.0
0.0
0.0
0.0
0.0
191.0
117.0
28.0
0.0
0.0
0.0
51.0
81.0
13.0
0.0
0.0
0.0
5.0
0.0
0.0
0.0
0.0
10.0
20.0
43.0
0.0
109.0
3.0
0.0
0.0
0.0
0.0
0.0
0.0
0.0
0.0
0.0
13.0
0.0
132.0
0.0
0.0
0.0
0.0
18.0
0.0
0.0
0.0
0.0
0.0
0.0
89.0
94.0
64.0
0.0
0.0
0.0
0.0
0.0
0.0
0.0
0.0
0.0
56.0
0.0
0.0
0.0
0.0
0.0
0.0
0.0
0.0
0.0
0.0
43.0
0.0
20.0
0.0
0.0
3.0
3.0
0.0
0.0
178.0
20.0
0.0
0.0
0.0
0.0
89.0
20.0
38.0
0.0
8.0
33.0
0.0
23.0
15.0
5.0
5.0
5.0
0.0
0.0
53.0
3.0
0.0
0.0
0.0
0.0
0.0
0.0
20.0
0.0
0.0
0.0
36.0
3.0
0.0
0.0
0.0
0.0
0.0
142.0
0.0
0.0
0.0
10.0
5.0
5.0
5.0
5.0
0.0
5.0
10.0
3.0
3.0
15.0
0.0
0.0
3.0
0.0
10.0
3.0
3.0
3.0
5.0
10.0
3.0
0.0
8.0
0.0
0.0
0.0
0.0
8.0
15.0
0.0
5.0
20.0
0.0
0.0
0.0
5.0
0.0
0.0
0.0
0.0
0.0
0.0
28.0
0.0
0.0
0.0
0.0
13.0
0.0
8.0
8.0
0.0
10.0
0.0
0.0
8.0
0.0
0.0
13.0
0.0
0.0
0.0
0.0
10.0
0.0
0.0
0.0
0.0
0.0
0.0
0.0
0.0
13.0
51.0
0.0
0.0
36.0
0.0
0.0
0.0
30.0
10.0
0.0
0.0
0.0
0.0
0.0
0.0
0.0
0.0
0.0
0.0
0.0
5.0
0.0
0.0
86.0
41.0
196.0
0.0
0.0
0.0
0.0
8.0
0.0
0.0
0.0
0.0
0.0
0.0
0.0
0.0
28.0
0.0
0.0
8.0
30.0
94.0
0.0
0.0
0.0
0.0
0.0
0.0
0.0
0.0
0.0
0.0
0.0
0.0
0.0
18.0
43.0
13.0
0.0
30.0
53.0
170.0
0.0
18.0
5.0
0.0
0.0
3.0
257.0
53.0
0.0
18.0
5.0
10.0
0.0
28.0
0.0
0.0
30.0
0.0
0.0
0.0
0.0
23.0
0.0
0.0
0.0
0.0
216.0
20.0
23.0
5.0
0.0
86.0
0.0
79.0
0.0
0.0
0.0
3.0
0.0
0.0
41.0
58.0
0.0
69.0
0.0
0.0
0.0
15.0
10.0
76.0
0.0
0.0
0.0
145.0
25.0
0.0
5.0
3.0
5.0
0.0
0.0
0.0
0.0
0.0
0.0
0.0
0.0
74.0
0.0
0.0
0.0
0.0
0.0
0.0
0.0
0.0
0.0
0.0
0.0
0.0
0.0
0.0
0.0
0.0
0.0
495.0
0.0
0.0
0.0
107.0
0.0
28.0
0.0
0.0
0.0
0.0
0.0
0.0
0.0
140.0
89.0
0.0
0.0
0.0
8.0
13.0
5.0
180.0
0.0
0.0
66.0
18.0
0.0
0.0
0.0
0.0
0.0
0.0
51.0
58.0
0.0
3.0
5.0
51.0
0.0
0.0
0.0
241.0
8.0
0.0
5.0
0.0
0.0
3.0
0.0
0.0
0.0
0.0
36.0
0.0
0.0
0.0
0.0
0.0
0.0
0.0
0.0
0.0
0.0
0.0
0.0
0.0
0.0
137.0
3.0
3.0
0.0
0.0
0.0
13.0
191.0
84.0
13.0
0.0
0.0
0.0
0.0
36.0
0.0
0.0
0.0
5.0
0.0
8.0
0.0
3.0
211.0
15.0
0.0
0.0
0.0
8.0
221.0
89.0
64.0
0.0
130.0
56.0
0.0
0.0
3.0
0.0
0.0
20.0
3.0
0.0
0.0
3.0
76.0
0.0
0.0
0.0
0.0
0.0
3.0
0.0
0.0
5.0
56.0
28.0
8.0
0.0
0.0
8.0
0.0
0.0
5.0
66.0
107.0
0.0
0.0
0.0
0.0
46.0
3.0
0.0
46.0
3.0
0.0
23.0
18.0
13.0
5.0
0.0
0.0
0.0
20.0
0.0
0.0
0.0
0.0
0.0
0.0
0.0
0.0
0.0
0.0
0.0
0.0
23.0
0.0
0.0
0.0
0.0
33.0
0.0
0.0
0.0
0.0
18.0
0.0
5.0
51.0
0.0
0.0
0.0
0.0
5.0
3.0
5.0
5.0
25.0
10.0
5.0
5.0
25.0
38.0
23.0
36.0
3.0
0.0
0.0
0.0
0.0
5.0
0.0
0.0
0.0
5.0
25.0
23.0
5.0
0.0
3.0
56.0
0.0
0.0
0.0
0.0
0.0
0.0
3.0
0.0
8.0
0.0
10.0
0.0
0.0
0.0
0.0
0.0
0.0
0.0
0.0
0.0
0.0
0.0
0.0
0.0
0.0
0.0
0.0
0.0
0.0
0.0
323.0
0.0
0.0
0.0
0.0
0.0
0.0
0.0
0.0
0.0
0.0
0.0
0.0
3.0
0.0
0.0
127.0
0.0
150.0
0.0
0.0
0.0
3.0
0.0
0.0
0.0
0.0
15.0
0.0
0.0
0.0
0.0
15.0
0.0
8.0
0.0
0.0
0.0
0.0
15.0
0.0
0.0
8.0
0.0
0.0
0.0
38.0
0.0
8.0
28.0
0.0
8.0
0.0
0.0
0.0
157.0
15.0
0.0
0.0
0.0
3.0
0.0
0.0
211.0
0.0
13.0
0.0
0.0
0.0
0.0
0.0
0.0
0.0
0.0
0.0
99.0
0.0
0.0
0.0
241.0
89.0
0.0
0.0
0.0
0.0
0.0
318.0
0.0
0.0
107.0
69.0
0.0
0.0
0.0
0.0
58.0
0.0
0.0
0.0
0.0
99.0
0.0
0.0
3.0
0.0
0.0
0.0
0.0
0.0
0.0
8.0
0.0
0.0
0.0
0.0
0.0
0.0
0.0
0.0
0.0
0.0
0.0
91.0
18.0
0.0
0.0
376.0
0.0
0.0
0.0
0.0
0.0
0.0
8.0
0.0
0.0
234.0
0.0
3.0
0.0
69.0
8.0
3.0
0.0
81.0
0.0
119.0
58.0
0.0
0.0
0.0
211.0
5.0
262.0
3.0
64.0
102.0
0.0
0.0
0.0
0.0
0.0
23.0
0.0
61.0
8.0
0.0
0.0
51.0
0.0
0.0
206.0
3.0
0.0
0.0
0.0
0.0
226.0
10.0
0.0
0.0
0.0
8.0
0.0
0.0
318.0
152.0
5.0
56.0
0.0
0.0
0.0
0.0
0.0
0.0
0.0
0.0
0.0
0.0
13.0
0.0
119.0
0.0
0.0
0.0
0.0
0.0
0.0
0.0
0.0
0.0
0.0
5.0
127.0
0.0
0.0
13.0
163.0
56.0
0.0
0.0
0.0
15.0
94.0
0.0
43.0
89.0
0.0
0.0
0.0
0.0
0.0
23.0
18.0
5.0
13.0
0.0
5.0
53.0
3.0
0.0
13.0
23.0
3.0
13.0
18.0
71.0
20.0
15.0
5.0
0.0
33.0
8.0
13.0
5.0
10.0
13.0
3.0
36.0
5.0
0.0
0.0
8.0
5.0
0.0
0.0
0.0
0.0
0.0
0.0
0.0
0.0
0.0
0.0
0.0
20.0
0.0
0.0
0.0
0.0
15.0
0.0
0.0
0.0
0.0
0.0
0.0
0.0
0.0
0.0
0.0
38.0
0.0
15.0
0.0
10.0
48.0
71.0
3.0
3.0
53.0
0.0
0.0
0.0
3.0
0.0
0.0
0.0
188.0
5.0
3.0
0.0
0.0
0.0
0.0
0.0
0.0
53.0
0.0
0.0
0.0
0.0
10.0
0.0
0.0
0.0
0.0
0.0
0.0
0.0
0.0
0.0
0.0
0.0
0.0
0.0
0.0
292.0
0.0
0.0
0.0
0.0
8.0
0.0
0.0
89.0
5.0
30.0
0.0
0.0
0.0
1562.0
10.0
10.0
0.0
0.0
0.0
0.0
20.0
0.0
0.0
0.0
0.0
0.0
0.0
0.0
0.0
0.0
0.0
0.0
0.0
104.0
0.0
0.0
0.0
53.0
61.0
5.0
0.0
0.0
0.0
86.0
3.0
432.0
23.0
0.0
15.0
30.0
81.0
130.0
18.0
0.0
0.0
0.0
48.0
0.0
208.0
15.0
368.0
0.0
48.0
0.0
107.0
0.0
51.0
79.0
5.0
10.0
3.0
0.0
0.0
0.0
0.0
0.0
318.0
36.0
109.0
5.0
13.0
0.0
0.0
0.0
43.0
0.0
3.0
0.0
191.0
74.0
41.0
0.0
0.0
0.0
0.0
0.0
5.0
61.0
109.0
0.0
0.0
5.0
0.0
3.0
0.0
23.0
0.0
30.0
58.0
15.0
0.0
0.0
3.0
23.0
0.0
3.0
3.0
0.0
0.0
3.0
38.0
43.0
3.0
0.0
0.0
0.0
0.0
0.0
0.0
0.0
0.0
0.0
0.0
0.0
0.0
0.0
0.0
3.0
15.0
0.0
5.0
41.0
234.0
5.0
0.0
0.0
0.0
3.0
3.0
3.0
3.0
5.0
3.0
0.0
0.0
0.0
0.0
193.0
8.0
3.0
0.0
0.0
0.0
76.0
10.0
5.0
53.0
10.0
79.0
124.0
5.0
10.0
20.0
0.0
15.0
0.0
0.0
0.0
0.0
0.0
0.0
13.0
122.0
13.0
0.0
0.0
107.0
137.0
43.0
0.0
3.0
0.0
0.0
8.0
3.0
8.0
0.0
8.0
15.0
3.0
3.0
0.0
15.0
0.0
18.0
41.0
0.0
0.0
3.0
15.0
30.0
20.0
18.0
0.0
0.0
0.0
0.0
0.0
0.0
0.0
0.0
3.0
53.0
0.0
0.0
5.0
15.0
43.0
10.0
25.0
0.0
18.0
0.0
0.0
0.0
66.0
13.0
0.0
58.0
0.0
13.0
10.0
33.0
5.0
13.0
5.0
0.0
36.0
0.0
46.0
3.0
0.0
0.0
208.0
23.0
0.0
0.0
18.0
0.0
0.0
20.0
41.0
58.0
0.0
0.0
0.0
457.0
3.0
5.0
107.0
0.0
0.0
257.0
244.0
38.0
124.0
119.0
3.0
0.0
0.0
0.0
3.0
0.0
18.0
0.0
20.0
86.0
33.0
3.0
0.0
0.0
0.0
0.0
0.0
3.0
0.0
56.0
10.0
0.0
51.0
0.0
0.0
0.0
0.0
0.0
0.0
0.0
0.0
0.0
0.0
0.0
5.0
3.0
69.0
28.0
13.0
0.0
0.0
0.0
0.0
272.0
155.0
0.0
0.0
0.0
117.0
0.0
0.0
0.0
0.0
124.0
0.0
0.0
0.0
0.0
0.0
0.0
0.0
0.0
0.0
5.0
0.0
0.0
0.0
0.0
69.0
18.0
0.0
10.0
23.0
0.0
0.0
0.0
384.0
28.0
0.0
0.0
38.0
0.0
0.0
56.0
0.0
0.0
0.0
0.0
173.0
0.0
104.0
48.0
0.0
0.0
0.0
173.0
0.0
0.0
0.0
0.0
0.0
0.0
64.0
0.0
0.0
0.0
0.0
0.0
0.0
0.0
30.0
0.0
0.0
84.0
0.0
160.0
0.0
0.0
0.0
0.0
0.0
0.0
0.0
0.0
310.0
15.0
0.0
0.0
0.0
185.0
0.0
61.0
10.0
0.0
25.0
5.0
0.0
71.0
0.0
0.0
0.0
41.0
0.0
0.0
99.0
0.0
0.0
0.0
0.0
0.0
0.0
0.0
0.0
0.0
0.0
0.0
41.0
10.0
0.0
0.0
0.0
18.0
33.0
0.0
66.0
3.0
23.0
0.0
89.0
0.0
0.0
0.0
0.0
107.0
28.0
25.0
0.0
0.0
18.0
18.0
0.0
69.0
10.0
0.0
0.0
0.0
0.0
33.0
64.0
165.0
0.0
25.0
0.0
0.0
0.0
0.0
0.0
0.0
0.0
0.0
0.0
122.0
10.0
112.0
25.0
0.0
0.0
0.0
0.0
0.0
0.0
46.0
0.0
0.0
0.0
41.0
0.0
0.0
15.0
10.0
8.0
10.0
8.0
3.0
20.0
38.0
13.0
0.0
0.0
15.0
0.0
0.0
5.0
0.0
8.0
0.0
5.0
8.0
8.0
0.0
0.0
20.0
5.0
0.0
0.0
0.0
0.0
0.0
0.0
0.0
0.0
0.0
0.0
0.0
18.0
30.0
15.0
0.0
20.0
8.0
20.0
43.0
10.0
0.0
0.0
15.0
0.0
0.0
0.0
0.0
0.0
0.0
0.0
0.0
0.0
0.0
20.0
0.0
0.0
0.0
20.0
0.0
71.0
137.0
5.0
0.0
0.0
0.0
69.0
0.0
0.0
0.0
0.0
0.0
0.0
0.0
0.0
109.0
0.0
102.0
0.0
64.0
43.0
0.0
13.0
0.0
18.0
28.0
0.0
0.0
0.0
0.0
0.0
0.0
0.0
0.0
58.0
0.0
0.0
0.0
0.0
41.0
0.0
0.0
0.0
25.0
15.0
0.0
0.0
0.0
0.0
0.0
0.0
0.0
0.0
0.0
0.0
0.0
0.0
23.0
231.0
0.0
0.0
0.0
0.0
28.0
0.0
0.0
25.0
0.0
74.0
20.0
0.0
0.0
23.0
10.0
0.0
0.0
0.0
0.0
30.0
0.0
10.0
0.0
8.0
0.0
0.0
0.0
0.0
114.0
13.0
0.0
43.0
0.0
0.0
30.0
0.0
0.0
0.0
43.0
0.0
0.0
0.0
0.0
0.0
102.0
0.0
0.0
0.0
0.0
0.0
0.0
0.0
102.0
0.0
28.0
0.0
145.0
28.0
0.0
0.0
0.0
0.0
0.0
155.0
0.0
0.0
71.0
81.0
0.0
15.0
0.0
20.0
0.0
0.0
0.0
0.0
8.0
0.0
0.0
0.0
41.0
10.0
0.0
0.0
0.0
51.0
0.0
0.0
147.0
0.0
20.0
0.0
0.0
0.0
0.0
0.0
46.0
0.0
74.0
0.0
0.0
0.0
0.0
0.0
104.0
140.0
0.0
0.0
0.0
0.0
0.0
0.0
0.0
0.0
0.0
267.0
254.0
0.0
0.0
25.0
0.0
0.0
0.0
0.0
0.0
0.0
0.0
0.0
0.0
0.0
0.0
478.0
0.0
160.0
0.0
0.0
0.0
18.0
15.0
0.0
0.0
0.0
122.0
0.0
0.0
0.0
0.0
0.0
38.0
874.0
617.0
8.0
0.0
0.0
0.0
0.0
0.0
0.0
0.0
76.0
51.0
0.0
0.0
0.0
0.0
0.0
307.0
25.0
13.0
0.0
0.0
0.0
0.0
0.0
0.0
0.0
0.0
13.0
0.0
30.0
46.0
10.0
0.0
0.0
0.0
229.0
0.0
0.0
0.0
38.0
0.0
25.0
20.0
5.0
51.0
206.0
25.0
0.0
0.0
180.0
91.0
0.0
0.0
0.0
0.0
0.0
0.0
0.0
0.0
13.0
114.0
0.0
0.0
305.0
38.0
20.0
0.0
10.0
0.0
58.0
13.0
0.0
0.0
0.0
0.0
0.0
0.0
0.0
0.0
0.0
0.0
8.0
0.0
8.0
36.0
0.0
10.0
0.0
0.0
185.0
5.0
0.0
0.0
0.0
38.0
0.0
10.0
0.0
0.0
0.0
0.0
0.0
0.0
0.0
15.0
15.0
30.0
13.0
0.0
0.0
10.0
0.0
10.0
58.0
69.0
315.0
10.0
38.0
330.0
0.0
13.0
0.0
0.0
61.0
0.0
0.0
0.0
0.0
15.0
8.0
0.0
0.0
0.0
0.0
0.0
0.0
15.0
46.0
18.0
15.0
5.0
13.0
0.0
0.0
10.0
8.0
10.0
0.0
0.0
0.0
51.0
0.0
15.0
91.0
0.0
48.0
10.0
36.0
86.0
0.0
0.0
38.0
0.0
0.0
20.0
58.0
0.0
38.0
0.0
0.0
0.0
0.0
0.0
0.0
0.0
0.0
0.0
0.0
0.0
127.0
25.0
0.0
0.0
0.0
0.0
0.0
0.0
0.0
0.0
0.0
0.0
0.0
0.0
0.0
0.0
0.0
0.0
84.0
0.0
0.0
0.0
0.0
0.0
0.0
0.0
41.0
0.0
0.0
0.0
0.0
0.0
0.0
0.0
0.0
0.0
0.0
0.0
0.0
0.0
0.0
0.0
0.0
0.0
0.0
0.0
0.0
76.0
0.0
117.0
51.0
0.0
0.0
0.0
0.0
0.0
0.0
97.0
0.0
0.0
0.0
10.0
51.0
0.0
0.0
0.0
0.0
0.0
0.0
0.0
0.0
0.0
0.0
18.0
0.0
0.0
0.0
0.0
23.0
0.0
0.0
0.0
0.0
0.0
0.0
0.0
0.0
0.0
0.0
0.0
0.0
173.0
0.0
0.0
0.0
0.0
0.0
33.0
340.0
0.0
0.0
0.0
10.0
0.0
81.0
0.0
0.0
0.0
0.0
0.0
0.0
0.0
0.0
0.0
0.0
0.0
0.0
0.0
137.0
0.0
0.0
0.0
5.0
0.0
0.0
0.0
0.0
0.0
0.0
0.0
142.0
91.0
0.0
216.0
8.0
229.0
13.0
0.0
3.0
0.0
0.0
0.0
8.0
0.0
0.0
274.0
0.0
0.0
0.0
0.0
0.0
0.0
0.0
81.0
13.0
0.0
0.0
0.0
8.0
0.0
0.0
0.0
0.0
0.0
0.0
89.0
241.0
0.0
10.0
0.0
0.0
216.0
0.0
0.0
0.0
0.0
89.0
64.0
0.0
0.0
0.0
173.0
114.0
0.0
0.0
183.0
0.0
0.0
0.0
0.0
0.0
23.0
18.0
56.0
36.0
0.0
51.0
74.0
0.0
0.0
0.0
0.0
0.0
0.0
0.0
46.0
0.0
10.0
0.0
0.0
0.0
0.0
10.0
0.0
0.0
0.0
0.0
0.0
10.0
0.0
0.0
0.0
0.0
0.0
97.0
221.0
10.0
10.0
48.0
0.0
0.0
0.0
36.0
10.0
13.0
0.0
0.0
30.0
0.0
0.0
0.0
0.0
0.0
0.0
0.0
0.0
0.0
0.0
0.0
0.0
41.0
0.0
0.0
0.0
0.0
0.0
13.0
0.0
0.0
0.0
0.0
0.0
0.0
0.0
0.0
0.0
0.0
28.0
71.0
64.0
13.0
0.0
135.0
33.0
23.0
8.0
30.0
0.0
18.0
0.0
0.0
0.0
0.0
0.0
0.0
0.0
38.0
0.0
28.0
0.0
0.0
0.0
0.0
0.0
0.0
0.0
0.0
0.0
0.0
0.0
0.0
0.0
0.0
0.0
0.0
0.0
56.0
13.0
10.0
10.0
0.0
0.0
8.0
18.0
25.0
0.0
76.0
25.0
20.0
8.0
15.0
13.0
0.0
8.0
0.0
0.0
8.0
13.0
0.0
10.0
0.0
0.0
0.0
0.0
0.0
0.0
20.0
0.0
8.0
20.0
8.0
0.0
10.0
15.0
18.0
10.0
0.0
0.0
0.0
0.0
0.0
0.0
3.0
0.0
0.0
0.0
0.0
38.0
0.0
213.0
0.0
18.0
0.0
10.0
0.0
18.0
0.0
0.0
0.0
46.0
76.0
0.0
81.0
53.0
5.0
0.0
0.0
0.0
0.0
160.0
0.0
0.0
15.0
0.0
0.0
0.0
0.0
0.0
0.0
0.0
0.0
0.0
0.0
0.0
0.0
0.0
0.0
0.0
0.0
0.0
0.0
0.0
0.0
211.0
0.0
0.0
0.0
157.0
0.0
0.0
0.0
0.0
0.0
28.0
53.0
0.0
0.0
0.0
20.0
0.0
0.0
8.0
5.0
0.0
432.0
0.0
0.0
38.0
0.0
0.0
0.0
0.0
61.0
0.0
0.0
99.0
0.0
0.0
0.0
0.0
0.0
0.0
23.0
10.0
0.0
0.0
0.0
0.0
38.0
0.0
0.0
0.0
0.0
0.0
0.0
13.0
0.0
0.0
0.0
0.0
0.0
71.0
0.0
0.0
0.0
117.0
0.0
0.0
0.0
0.0
0.0
0.0
0.0
64.0
0.0
0.0
0.0
0.0
0.0
0.0
0.0
0.0
10.0
0.0
0.0
0.0
0.0
0.0
114.0
213.0
0.0
0.0
267.0
0.0
0.0
104.0
0.0
0.0
0.0
0.0
0.0
0.0
0.0
0.0
0.0
0.0
46.0
0.0
0.0
0.0
0.0
0.0
0.0
0.0
0.0
15.0
0.0
0.0
97.0
140.0
0.0
3.0
97.0
0.0
0.0
0.0
0.0
0.0
0.0
8.0
33.0
0.0
0.0
0.0
20.0
0.0
0.0
0.0
0.0
NaN
NaN
0.0
0.0
0.0
56.0
0.0
0.0
0.0
0.0
15.0
0.0
0.0
0.0
0.0
0.0
0.0
180.0
0.0
0.0
0.0
0.0
0.0
0.0
0.0
0.0
NaN
NaN
0.0
0.0
208.0
23.0
0.0
0.0
0.0
0.0
0.0
0.0
0.0
0.0
0.0
0.0
0.0
0.0
13.0
5.0
0.0
0.0
0.0
0.0
3.0
0.0
0.0
0.0
0.0
0.0
0.0
5.0
0.0
13.0
0.0
51.0
0.0
0.0
0.0
71.0
0.0
0.0
38.0
132.0
51.0
71.0
0.0
0.0
0.0
0.0
91.0
132.0
0.0
51.0
0.0
262.0
333.0
0.0
0.0
0.0
0.0
0.0
5.0
0.0
0.0
0.0
0.0
0.0
0.0
0.0
0.0
91.0
71.0
0.0
0.0
33.0
33.0
41.0
41.0
15.0
81.0
168.0
30.0
25.0
0.0
0.0
0.0
0.0
0.0
0.0
38.0
0.0
0.0
0.0
0.0
0.0
0.0
0.0
0.0
0.0
0.0
0.0
74.0
0.0
48.0
0.0
20.0
0.0
0.0
0.0
0.0
0.0
0.0
0.0
556.0
0.0
0.0
0.0
206.0
130.0
5.0
0.0
66.0
0.0
0.0
0.0
0.0
0.0
0.0
0.0
0.0
0.0
5.0
15.0
0.0
0.0
0.0
0.0
58.0
0.0
0.0
0.0
0.0
0.0
0.0
0.0
30.0
41.0
0.0
0.0
0.0
15.0
0.0
0.0
0.0
0.0
0.0
0.0
51.0
0.0
157.0
0.0
0.0
51.0
0.0
0.0
0.0
51.0
0.0
0.0
25.0
56.0
51.0
0.0
0.0
0.0
0.0
0.0
0.0
51.0
76.0
38.0
15.0
13.0
23.0
0.0
0.0
0.0
0.0
0.0
102.0
89.0
25.0
0.0
0.0
0.0
0.0
0.0
0.0
0.0
0.0
0.0
0.0
279.0
0.0
165.0
0.0
0.0
0.0
0.0
0.0
64.0
0.0
107.0
147.0
51.0
NaN
NaN
NaN
NaN
NaN
0.0
178.0
183.0
0.0
0.0
0.0
0.0
0.0
0.0
0.0
279.0
0.0
0.0
0.0
0.0
0.0
0.0
0.0
13.0
0.0
76.0
0.0
0.0
0.0
0.0
13.0
NaN
NaN
NaN
NaN
NaN
NaN
NaN
NaN
NaN
NaN
NaN
0.0
NaN
NaN
NaN
NaN
NaN
NaN
NaN
NaN
NaN
NaN
NaN
NaN
NaN
NaN
NaN
NaN
NaN
NaN
