-6.70714285714
-7.05555555556
NaN
NaN
19.3258064516
NaN
29.9290322581
29.8741935484
25.5733333333
13.9433333333
5.74074074074
-4.52857142857
-9.51666666667
-4.25
5.04333333333
13.82
24.01
30.0466666667
33.17
31.1
25.424137931
15.1419354839
5.34074074074
2.99615384615
-11.275862069
-6.14285714286
6.75172413793
20.1333333333
22.2935483871
25.0793103448
30.1161290323
30.2466666667
25.9482758621
15.5533333333
4.01481481481
0.910714285714
-3.16666666667
1.36296296296
-1.66666666667
13.1
23.2
26.6966666667
27.3689655172
29.1064516129
21.0866666667
13.7620689655
-7.44137931034
-1.9
-9.44
NaN
NaN
11.41
21.7
NaN
NaN
26.9103448276
NaN
NaN
NaN
NaN
NaN
NaN
NaN
NaN
NaN
NaN
NaN
NaN
NaN
NaN
NaN
NaN
NaN
NaN
NaN
NaN
NaN
NaN
NaN
NaN
NaN
NaN
NaN
NaN
1.24333333333
-6.11923076923
3.94482758621
17.41
24.8548387097
28.4533333333
29.7290322581
30.6612903226
21.8172413793
17.5806451613
2.23448275862
3.09285714286
-1.1064516129
-2.78148148148
6.83076923077
16.5333333333
24.83
25.8068965517
33.3107142857
29.9903225806
20.7517241379
18.6538461538
NaN
-3.52692307692
-2.16666666667
-4.98846153846
4.98076923077
13.1962962963
22.9884615385
22.4379310345
28.9129032258
26.4862068966
21.93
16.5366666667
5.816
NaN
NaN
-6.36086956522
2.675
15.31
21.8516129032
27.74
26.8161290323
25.1774193548
19.4033333333
18.0612903226
4.07666666667
-2.26
-6.98888888889
-8.75172413793
4.20322580645
12.3833333333
20.7
23.6866666667
27.0419354839
27.1225806452
22.3566666667
18.0677419355
11.6866666667
-1.8935483871
-7.44838709677
-4.13214285714
10.7709677419
14.4733333333
17.8655172414
22.7933333333
25.9290322581
27.8066666667
25.1366666667
12.1580645161
8.35666666667
-2.65806451613
-2.11935483871
-1.63703703704
-0.606451612903
17.6833333333
19.5225806452
23.8133333333
29.0266666667
25.6290322581
23.9066666667
14.8193548387
4.11333333333
-3.26451612903
-11.2677419355
-3.37142857143
7.64137931034
10.1933333333
16.0516129032
23.7466666667
27.2193548387
28.6774193548
20.36
16.5612903226
8.06666666667
3.20322580645
1.84193548387
-1.51379310345
5.16451612903
17.9066666667
19.464516129
23.39
28.9774193548
26.1806451613
27.3166666667
14.3838709677
7.48666666667
-2.45483870968
-6.84838709677
-3.77142857143
3.57741935484
11.0733333333
20.26
25.0666666667
26.4709677419
29.8322580645
23.3966666667
15.2709677419
5.99
-8.98
-6.23225806452
-8.31071428571
15.3806451613
19.2133333333
19.0129032258
27.0766666667
31.3258064516
27.3838709677
23.0633333333
20.7709677419
4.12333333333
-1.61935483871
-6.27419354839
-2.35
11.7032258065
14.8333333333
24.2806451613
30.5133333333
29.8935483871
25.5774193548
21.95
11.664516129
-0.363333333333
-2.57419354839
-11.6451612903
-3.72413793103
0.316129032258
17.25
21.7580645161
25.7766666667
29.0129032258
27.0774193548
19.46
17.8451612903
10.5366666667
3.0064516129
-3.34838709677
-2.42142857143
2.75333333333
17.3333333333
18.7096774194
29.2533333333
28.9
31.32
24.8333333333
14.48
9.69333333333
3.32580645161
-0.741935483871
-8.17142857143
5.20967741935
14.87
20.7774193548
24.4433333333
31.935483871
27.1933333333
24.6333333333
19.2419354839
10.5533333333
-4.82580645161
-5.48064516129
-2.48928571429
-1.91935483871
18.65
16.7193548387
21.7733333333
23.5806451613
24.4290322581
21.6666666667
17.3290322581
7.25666666667
0.506451612903
-10.9903225806
-5.29655172414
5.47741935484
13.1266666667
19.6806451613
21.7
32.0387096774
26.735483871
21.64
14.3866666667
7.55333333333
-6.36129032258
-6.10967741935
-8.22962962963
0.877419354839
9.64666666667
19.0
23.8866666667
30.9290322581
27.8903225806
21.9166666667
10.7870967742
11.4551724138
-6.83333333333
-9.89032258065
-1.7
10.135483871
12.7066666667
21.6161290323
26.03
28.1451612903
28.7483870968
20.9034482759
17.064516129
5.72413793103
0.138709677419
1.50322580645
-5.64285714286
1.36774193548
12.86
19.9290322581
24.6137931034
29.4516129032
29.3483870968
24.7466666667
10.3225806452
-0.853333333333
-5.1064516129
-3.68387096774
-0.555172413793
3.68387096774
7.9
19.8774193548
23.0233333333
26.7193548387
27.4709677419
23.0633333333
18.9258064516
4.00333333333
-0.309677419355
1.81290322581
4.725
8.85483870968
16.8466666667
19.6903225806
29.3133333333
30.6806451613
28.9225806452
21.9866666667
17.4580645161
1.38
-0.212903225806
-5.94516129032
-8.63571428571
NaN
14.29
20.7193548387
25.2566666667
27.6129032258
31.3806451613
26.8866666667
19.3
5.96333333333
-4.69032258065
-1.36451612903
-4.07142857143
3.47096774194
13.96
21.4516129032
24.9466666667
28.4806451613
25.4870967742
24.1
14.4741935484
11.3666666667
4.00967741935
-6.25161290323
2.0
2.98387096774
13.87
17.4193548387
22.15
26.9516129032
27.2225806452
22.4766666667
19.2064516129
7.21666666667
-6.35483870968
-4.42903225806
0.267857142857
9.85161290323
18.5966666667
21.1451612903
23.0566666667
27.5935483871
30.5193548387
24.4466666667
8.1
7.24
-1.68709677419
-1.01290322581
3.19285714286
6.22903225806
17.1275862069
25.0483870968
25.4433333333
30.1774193548
27.8
20.07
15.4129032258
2.02333333333
-2.22903225806
-2.53225806452
0.514285714286
7.14838709677
13.3266666667
16.335483871
23.82
26.0903225806
26.6129032258
23.5333333333
18.6032258065
1.33666666667
-11.0225806452
-2.18387096774
1.73103448276
9.3935483871
11.4966666667
24.3387096774
23.44
28.95
28.5387096774
21.0166666667
15.7967741935
7.20333333333
2.96129032258
-10.7225806452
-6.94285714286
6.43548387097
13.8733333333
19.2096774194
25.8733333333
32.1129032258
31.5032258065
19.3166666667
16.0387096774
2.29666666667
-2.97741935484
-9.40322580645
4.91071428571
4.89032258065
16.23
18.1709677419
25.47
33.7258064516
28.2064516129
20.3533333333
11.5032258065
6.26206896552
0.551612903226
3.02580645161
5.65357142857
5.70322580645
15.4866666667
19.1451612903
29.8533333333
33.8741935484
29.7903225806
27.3966666667
17.5967741935
6.81
-1.43225806452
-6.23870967742
-3.23103448276
0.261290322581
15.09
21.7935483871
25.7266666667
30.4225806452
27.9161290323
23.5566666667
12.8129032258
6.43
-3.3
0.241935483871
-1.38518518519
6.45483870968
14.1066666667
19.3967741935
33.4633333333
33.1032258065
29.5064516129
27.1428571429
17.0096774194
8.73666666667
-1.93225806452
1.75483870968
3.175
7.42903225806
16.7666666667
30.8516129032
28.8533333333
33.9225806452
31.0935483871
21.0366666667
18.0612903226
9.20666666667
-2.29677419355
-4.00333333333
4.04642857143
NaN
9.11
16.3709677419
23.8066666667
32.2774193548
28.7258064516
25.5366666667
16.7032258065
2.09
-1.9935483871
-12.4935483871
-16.3714285714
5.60967741935
11.6266666667
24.5451612903
30.62
39.0870967742
32.3741935484
26.1633333333
16.8612903226
3.45
-1.64193548387
-14.7161290323
-5.05357142857
3.31290322581
10.9633333333
21.964516129
24.8033333333
32.2
34.1903225806
25.2033333333
15.9516129032
4.93
-2.45806451613
-4.74516129032
-4.78214285714
8.94516129032
15.5766666667
18.7580645161
27.1533333333
31.9741935484
34.2935483871
24.94
20.2516129032
4.88666666667
1.30967741935
-0.532258064516
-8.0
7.18709677419
15.3366666667
25.8866666667
25.8
32.7258064516
31.0741935484
27.42
16.0548387097
12.0266666667
5.98387096774
-10.1483870968
-2.53103448276
1.31
12.4766666667
21.2806451613
25.79
32.0838709677
26.9677419355
25.86
20.1612903226
2.39
1.96129032258
-4.72580645161
-3.23214285714
4.43225806452
15.4333333333
24.5064516129
24.75
30.764516129
30.4967741935
21.7833333333
14.2290322581
8.03666666667
3.22903225806
2.52258064516
-0.628571428571
6.52592592593
17.5033333333
16.8967741935
23.42
26.4161290323
26.5709677419
18.4466666667
16.2419354839
7.35333333333
-3.1935483871
-10.7967741935
1.31785714286
2.96
18.3933333333
20.3870967742
23.8966666667
29.7096774194
28.3096774194
22.2866666667
18.7032258065
3.23
3.78709677419
4.12
-2.54827586207
0.332258064516
11.7633333333
23.9612903226
25.6931034483
30.3935483871
28.9741935484
23.9642857143
19.7258064516
4.33448275862
0.116129032258
-1.70333333333
0.253571428571
11.164516129
13.5
19.4448275862
21.4785714286
30.7166666667
30.3419354839
23.824137931
18.1866666667
5.7
-4.65806451613
0.177419354839
1.26785714286
12.5566666667
19.6166666667
19.2033333333
27.3285714286
30.7129032258
28.035483871
23.4714285714
13.6161290323
6.67333333333
1.06129032258
2.93870967742
-2.44444444444
3.51290322581
11.0166666667
20.364516129
23.52
31.1290322581
33.9290322581
25.91
21.1612903226
1.62
-2.08064516129
-4.24333333333
-4.5
2.34838709677
18.1034482759
22.7451612903
NaN
29.7548387097
30.3096774194
28.9833333333
18.1333333333
6.72
0.245161290323
-7.75806451613
-5.29285714286
3.32903225806
18.54
24.5903225806
28.6384615385
33.0290322581
33.4233333333
22.6466666667
16.3290322581
13.34
-1.52258064516
-12.1451612903
-4.09285714286
0.525806451613
8.55
18.2233333333
28.3533333333
28.2774193548
26.8733333333
23.3133333333
18.8709677419
4.62666666667
-2.6
-5.33225806452
2.24642857143
-1.98387096774
12.2866666667
21.8193548387
22.4310344828
28.1451612903
26.8258064516
20.4166666667
14.975862069
4.64482758621
-7.72333333333
-8.08064516129
-1.5
-0.851851851852
16.1866666667
21.8741935484
28.7366666667
31.1774193548
29.235483871
28.0766666667
16.6774193548
7.42666666667
-0.983870967742
-1.55806451613
-0.992857142857
4.82258064516
10.6466666667
18.5741935484
25.6551724138
28.4903225806
29.1580645161
24.8
22.0137931034
10.4533333333
1.82
-6.29666666667
9.75357142857
3.24516129032
15.56
19.7193548387
24.9433333333
31.7161290323
29.5733333333
23.4137931034
14.0689655172
11.7733333333
1.05
-1.35483870968
-5.47857142857
5.43448275862
21.1
26.0258064516
25.58
33.3290322581
32.6161290323
25.9433333333
19.8827586207
0.836666666667
-7.73666666667
-6.21612903226
-5.57586206897
3.8
11.8034482759
21.7935483871
31.3821428571
29.8833333333
NaN
24.825
21.5774193548
6.67666666667
2.0064516129
-8.01666666667
-0.103703703704
5.23548387097
13.524137931
18.8612903226
24.3862068966
30.9379310345
28.7161290323
22.8103448276
14.2290322581
6.41333333333
NaN
NaN
-2.67142857143
2.90322580645
15.0344827586
24.9266666667
24.3482758621
28.2586206897
33.8035714286
27.6931034483
19.775
7.71851851852
-1.85333333333
-6.34
-5.03928571429
9.23448275862
16.2807692308
20.8566666667
NaN
33.5
34.4741935484
24.6642857143
13.8482758621
1.93666666667
2.39
-5.88333333333
-5.55862068966
-2.82903225806
13.9066666667
22.1642857143
24.3357142857
32.07
30.4379310345
25.75
18.7322580645
8.8724137931
-2.86774193548
-3.10967741935
0.675
9.34516129032
12.624137931
19.5833333333
29.3533333333
29.8516129032
32.9517241379
23.1714285714
18.3193548387
8.46333333333
-2.68214285714
-4.70689655172
-4.48571428571
-0.487096774194
16.3103448276
21.7275862069
24.3896551724
27.6185185185
29.8774193548
23.6433333333
19.5322580645
10.3551724138
1.27419354839
-7.27419354839
1.61785714286
11.9833333333
15.17
21.17
27.5933333333
30.0333333333
30.1129032258
25.5551724138
22.4741935484
10.0862068966
-3.85333333333
1.33548387097
4.47931034483
4.04838709677
15.7733333333
23.1548387097
28.5592592593
32.3935483871
28.5103448276
24.2615384615
18.7233333333
8.41785714286
-6.42580645161
-7.79677419355
-0.807407407407
0.203448275862
13.6724137931
22.0741935484
25.275862069
30.7677419355
30.4096774194
16.3793103448
19.51
7.08620689655
2.93793103448
-10.2870967742
-5.29285714286
8.84482758621
11.2233333333
22.1233333333
27.1448275862
32.01
26.65
23.062962963
17.5966666667
3.99285714286
-0.567741935484
-1.48387096774
-3.14642857143
7.08333333333
14.0733333333
19.0733333333
24.2185185185
29.8533333333
30.0516129032
24.8464285714
15.9966666667
6.76206896552
NaN
-3.76333333333
-0.958620689655
12.2967741935
15.2034482759
18.2357142857
NaN
29.0166666667
29.0275862069
24.175862069
18.0064516129
5.61923076923
-6.91785714286
-10.54
-3.05714285714
-1.24193548387
16.1285714286
23.6903225806
23.3642857143
28.5161290323
32.1483870968
26.8333333333
13.4846153846
7.60344827586
-1.05483870968
NaN
0.775
2.43548387097
12.1366666667
22.6741935484
29.0
32.6466666667
32.4379310345
26.1285714286
16.15
3.31333333333
-3.25517241379
-8.81724137931
-2.94814814815
6.04666666667
16.87
20.664516129
28.2633333333
29.5066666667
32.6827586207
24.0518518519
16.5133333333
5.45714285714
-5.25483870968
-6.07666666667
-5.94482758621
3.78
12.6206896552
21.6838709677
26.4344827586
28.5451612903
29.66
24.9033333333
15.09
3.17
-6.07741935484
-2.61612903226
1.25185185185
9.26129032258
14.6866666667
22.6483870968
28.2366666667
32.29
33.2548387097
21.9068965517
18.8566666667
NaN
-3.8
-2.73666666667
2.07857142857
8.34
16.36
19.9633333333
27.69
35.1612903226
29.69
25.1033333333
20.2451612903
7.33448275862
1.87
-0.83
-4.23214285714
NaN
8.61
22.5233333333
26.2933333333
33.6935483871
30.4483870968
24.15
19.2258064516
7.72333333333
0.0903225806452
-3.68709677419
5.71034482759
7.11
17.2807692308
24.3785714286
31.1034482759
34.4677419355
34.3214285714
28.024137931
15.264516129
4.95862068966
-1.33870967742
-9.30322580645
3.74444444444
7.29655172414
20.3733333333
26.1666666667
28.5066666667
32.5290322581
28.7096774194
24.2172413793
16.9741935484
3.51666666667
-5.68666666667
-11.8275862069
-8.66296296296
3.62580645161
12.4833333333
22.0032258065
27.3666666667
29.5322580645
31.0193548387
28.5966666667
19.6068965517
3.56896551724
-4.95483870968
-11.8774193548
-9.525
3.72580645161
12.6433333333
19.9580645161
27.3166666667
28.8516129032
27.8724137931
27.91
17.8
4.40666666667
6.07096774194
-3.24333333333
-2.25357142857
4.60322580645
19.5233333333
25.5548387097
28.2964285714
32.9677419355
30.91
26.525
16.6
10.0333333333
0.203333333333
3.05333333333
4.30357142857
12.68
20.39
21.5833333333
26.8724137931
31.6096774194
29.9233333333
27.4766666667
15.9032258065
9.83333333333
-3.61612903226
-10.8233333333
-3.01071428571
3.24516129032
13.9866666667
20.6233333333
24.7107142857
32.0387096774
31.0774193548
24.54
15.5838709677
5.03666666667
2.39
2.39333333333
5.575
4.3
11.7966666667
20.2933333333
25.85
31.7709677419
33.83
24.8551724138
16.3096774194
4.25333333333
-11.6766666667
-2.03666666667
5.08620689655
2.93
13.93
21.6225806452
26.04
30.35
32.2741935484
22.6275862069
16.6774193548
7.01666666667
-4.51111111111
-6.38709677419
-1.92857142857
7.90666666667
19.2533333333
25.6967741935
23.7833333333
31.8903225806
26.2451612903
18.7931034483
14.764516129
-2.99333333333
-6.51612903226
-1.78064516129
-7.03928571429
8.0
12.16
20.2161290323
26.7566666667
29.0870967742
26.3838709677
18.9766666667
15.9
2.96333333333
2.79032258065
1.8064516129
5.40714285714
4.18709677419
19.4766666667
23.4096774194
29.5766666667
31.3967741935
27.9
24.6866666667
15.13
8.44333333333
1.37419354839
-4.91666666667
-2.69642857143
8.51612903226
16.3666666667
23.6677419355
32.4566666667
32.5483870968
31.5451612903
23.4551724138
15.0806451613
4.47
-0.125806451613
-1.98666666667
-8.83333333333
-0.587096774194
14.26
21.0548387097
25.7033333333
32.6258064516
30.8032258065
23.21
17.6419354839
4.82
-5.91
2.84193548387
1.17307692308
8.7
15.28
19.1387096774
25.8266666667
28.3387096774
29.3516129032
26.9466666667
15.7870967742
9.14666666667
-3.88666666667
-5.67419354839
4.95
6.46451612903
15.6166666667
20.3612903226
26.83
29.2096774194
30.4516129032
23.15
15.235483871
2.18333333333
2.03870967742
0.625806451613
2.3
9.97333333333
13.2033333333
24.3032258065
23.8133333333
23.1451612903
24.7483870968
22.9266666667
16.9548387097
0.673333333333
-4.25806451613
-7.22666666667
-6.60714285714
4.44838709677
12.82
20.6903225806
22.5066666667
24.6870967742
26.3967741935
19.71
14.8548387097
2.3
-2.30344827586
-11.3225806452
-8.19285714286
6.2
14.6133333333
23.5225806452
NaN
26.8258064516
26.5451612903
23.8275862069
15.6516129032
6.50666666667
-2.21935483871
-6.11290322581
-0.303846153846
2.87419354839
8.32666666667
17.0322580645
25.2833333333
28.6741935484
30.1032258065
22.8233333333
13.5451612903
2.28333333333
-1.87931034483
-8.19666666667
-0.996
-0.09
12.1266666667
16.72
26.5733333333
28.1677419355
29.6
21.69
15.2483870968
-2.33
-9.49677419355
-9.81333333333
-2.22857142857
1.31666666667
11.2666666667
18.7451612903
26.85
28.0322580645
27.9225806452
25.2566666667
17.4633333333
3.35862068966
2.52580645161
-3.38666666667
3.375
1.76428571429
15.7966666667
22.6483870968
23.3066666667
30.5548387097
29.2451612903
27.69
14.9774193548
6.2
3.06451612903
-5.82666666667
5.49259259259
8.84516129032
13.7866666667
20.8258064516
25.2966666667
30.2548387097
29.4419354839
21.4
15.4709677419
13.4
4.53
-1.6
4.71379310345
11.9322580645
14.5033333333
22.6096774194
25.54
30.735483871
30.5161290323
25.5966666667
17.7225806452
1.30689655172
-9.59655172414
-1.99310344828
-7.53333333333
1.59333333333
13.8862068966
21.2935483871
25.5433333333
31.3935483871
31.4709677419
24.74
16.0419354839
13.0033333333
-0.67
-0.114285714286
5.10714285714
0.13
13.65
18.7451612903
29.6133333333
31.8129032258
28.1290322581
25.7172413793
10.2096774194
7.93571428571
2.79666666667
-1.33793103448
-2.22692307692
5.44838709677
16.0733333333
19.4838709677
24.3689655172
30.5870967742
32.3193548387
24.7566666667
19.4129032258
2.08275862069
1.10666666667
-4.15357142857
-0.1
9.25333333333
16.8366666667
19.7516129032
23.2833333333
28.4032258065
26.1258064516
24.6766666667
15.6709677419
9.56
1.4935483871
-5.16129032258
4.00357142857
8.15806451613
17.27
19.4161290323
26.7333333333
30.8483870968
30.1741935484
26.53
17.1322580645
8.61724137931
-3.18709677419
4.02580645161
0.232142857143
6.4
17.7413793103
22.4322580645
29.0933333333
34.9709677419
30.4580645161
21.0833333333
14.0290322581
7.59333333333
4.28333333333
-3.33225806452
-6.68214285714
9.19677419355
11.85
22.8806451613
26.6666666667
32.1806451613
28.1516129032
24.24
16.4709677419
7.03666666667
-2.16774193548
-4.27419354839
-2.43793103448
6.33225806452
12.3366666667
19.0258064516
24.9533333333
30.0935483871
29.1193548387
23.7033333333
15.1096774194
6.66666666667
-5.79333333333
-5.84
-1.66428571429
2.94333333333
12.3033333333
21.2032258065
23.9866666667
26.0387096774
27.1290322581
23.8633333333
8.58709677419
11.3233333333
-6.64516129032
-7.09032258065
-7.49642857143
5.53225806452
17.22
18.7483870968
25.0766666667
29.0290322581
31.0258064516
20.95
17.7064516129
5.87
-5.03870967742
NaN
NaN
NaN
NaN
NaN
NaN
NaN
NaN
NaN
NaN
NaN
NaN
0.874193548387
2.26551724138
15.0290322581
16.25
21.8548387097
28.65
32.5387096774
28.1774193548
26.0433333333
14.3548387097
6.32333333333
-2.78064516129
-3.37096774194
-3.01785714286
-0.777419354839
7.44
20.1193548387
24.75
28.4419354839
28.8580645161
25.8133333333
12.3806451613
6.33
-6.09677419355
-3.75161290323
-5.73214285714
3.20967741935
13.0733333333
20.2838709677
24.6233333333
27.5483870968
26.0
23.2633333333
17.6806451613
0.403333333333
-2.12903225806
-1.88064516129
-3.98928571429
9.96774193548
17.3133333333
18.8774193548
26.22
29.5032258065
27.5
25.4233333333
17.4483870968
9.37
-1.09677419355
-3.9064516129
2.70689655172
10.5580645161
14.1133333333
21.7612903226
27.5733333333
29.2129032258
30.0129032258
23.6266666667
16.8322580645
11.65
-5.46129032258
-5.52580645161
2.65714285714
4.97741935484
14.8931034483
21.0419354839
28.2166666667
31.2935483871
25.4161290323
NaN
NaN
