10.664516129
15.9103448276
19.264516129
18.235483871
11.0137931034
4.15666666667
0.476666666667
-4.17666666667
-7.72333333333
-11.5321428571
1.99666666667
3.19666666667
13.27
16.7433333333
17.4766666667
19.9677419355
12.47
8.70333333333
-0.78
-7.73225806452
-10.02
-10.1482758621
-3.42666666667
4.35
8.93548387097
16.79
17.7322580645
15.9548387097
12.8733333333
5.5
-0.553333333333
-10.2193548387
-12.9
-7.37857142857
-1.51666666667
3.9
10.5266666667
16.7633333333
15.835483871
15.7677419355
11.9533333333
3.99032258065
3.38965517241
-7.3064516129
-11.6870967742
-11.7964285714
-0.361290322581
7.36
11.2433333333
17.675
19.9322580645
18.7870967742
12.9310344828
6.20322580645
-0.00333333333333
-8.39032258065
NaN
-8.04285714286
-1.39677419355
4.21666666667
NaN
16.7233333333
22.0483870968
18.0322580645
10.6766666667
6.52258064516
0.993333333333
-4.43225806452
-6.30967741935
-4.31724137931
5.8935483871
5.48
13.2225806452
15.92
20.6741935484
15.8612903226
10.2266666667
4.51290322581
-1.16
-3.7935483871
-8.43225806452
-7.46785714286
-4.3935483871
2.61333333333
11.3516129032
17.0233333333
17.8161290323
16.835483871
13.4566666667
5.94193548387
-2.76
-10.3516129032
-14.1032258065
-14.2928571429
-6.67096774194
3.51
11.6838709677
17.68
16.1451612903
18.5870967742
11.6866666667
6.03225806452
-4.35666666667
-3.6
-9.77419354839
-13.5678571429
-2.75161290323
5.47
12.2161290323
16.9066666667
18.7064516129
16.7419354839
15.2966666667
6.26451612903
2.46333333333
-0.21935483871
-8.88064516129
-5.03448275862
1.92903225806
5.86
10.9193548387
17.6066666667
18.7806451613
19.0516129032
15.0133333333
8.87096774194
2.79
-7.24193548387
-5.8064516129
-2.4
-0.125806451613
6.59333333333
10.5666666667
15.8
18.3161290323
15.1483870968
NaN
NaN
