-3.21785714286
-2.9
2.57333333333
13.9033333333
20.2709677419
30.0933333333
30.8387096774
28.635483871
25.9633333333
16.9
7.76
-1.66666666667
-5.15806451613
-3.132
10.5366666667
16.74
24.6733333333
30.8633333333
36.135483871
32.3290322581
27.31
17.9903225806
8.30666666667
4.8064516129
-4.60333333333
-1.05384615385
8.52413793103
19.7633333333
23.6266666667
25.9966666667
29.5161290323
27.6903225806
26.8620689655
15.6290322581
6.36333333333
1.34516129032
1.52333333333
4.03214285714
3.49655172414
15.76
23.4580645161
27.28
28.8032258065
28.4741935484
21.8233333333
15.435483871
-1.24482758621
2.52903225806
-5.23870967742
-0.767857142857
2.04
14.4933333333
23.1516129032
25.83
30.4548387097
26.8612903226
29.6566666667
19.5451612903
6.66666666667
-2.76
0.738709677419
0.628571428571
7.39677419355
15.6333333333
19.5032258065
26.7266666667
30.3580645161
28.4677419355
25.5633333333
13.2322580645
5.72333333333
-0.0483870967742
-0.153333333333
-6.88571428571
-2.19
15.41
20.5166666667
27.0766666667
28.7483870968
29.7516129032
24.0033333333
19.6741935484
12.89
-1.22903225806
2.89677419355
-5.675
5.64516129032
17.2566666667
24.2548387097
28.1766666667
29.2451612903
30.9548387097
23.74
21.6451612903
4.72666666667
2.40322580645
0.577419354839
-1.65357142857
6.70967741935
15.46
22.6193548387
27.53
35.9129032258
30.7225806452
22.6214285714
19.0766666667
9.37586206897
-2.15384615385
1.58148148148
-3.00740740741
9.26428571429
15.9666666667
23.1870967742
24.73
28.2806451613
26.7129032258
22.2466666667
20.6806451613
8.96333333333
-2.20666666667
-0.389285714286
-3.93461538462
4.68064516129
15.4357142857
22.0709677419
25.43
28.3935483871
26.5741935484
23.5666666667
NaN
NaN
NaN
-2.94193548387
-3.75
NaN
NaN
21.1612903226
23.8266666667
27.535483871
27.1322580645
NaN
NaN
NaN
2.05483870968
-5.89032258065
-4.28571428571
11.0903225806
13.3551724138
19.0
25.6266666667
26.0774193548
29.0548387097
24.2466666667
NaN
10.9333333333
5.34482758621
2.78709677419
2.9
0.983870967742
17.1466666667
23.435483871
27.08
29.3
29.7516129032
24.8733333333
16.8161290323
5.76
1.39032258065
-4.92333333333
1.85714285714
10.5225806452
10.8966666667
18.7931034483
26.3448275862
28.9096774194
29.464516129
23.6633333333
19.9967741935
10.2233333333
3.23225806452
2.88387096774
1.30714285714
10.87
18.8
21.9483870968
26.0566666667
30.4774193548
28.7774193548
30.0964285714
16.24
9.53103448276
2.46
-2.68387096774
1.325
5.04193548387
11.9896551724
22.3225806452
25.9482758621
27.5733333333
31.0516129032
23.6
16.8071428571
9.95925925926
-6.82580645161
-2.0935483871
-1.11428571429
20.2935483871
19.6310344828
19.635483871
28.6366666667
31.1032258065
28.1290322581
23.1333333333
22.4
7.53333333333
0.174193548387
0.329032258065
1.01481481481
12.7066666667
15.5344827586
24.5774193548
31.8333333333
30.4774193548
27.8419354839
25.5033333333
14.2096774194
4.51333333333
2.7064516129
-7.51935483871
0.0413793103448
2.53225806452
16.19
23.5483870968
26.07
30.9322580645
28.3838709677
21.1466666667
19.5451612903
12.5366666667
6.46451612903
1.55
0.732142857143
6.13225806452
17.1862068966
20.0741935484
28.9966666667
31.2548387097
33.1064516129
25.5766666667
16.5612903226
12.2333333333
4.65483870968
4.2064516129
-1.09285714286
8.19677419355
16.5714285714
24.0033333333
28.57
34.1166666667
31.5419354839
24.4896551724
21.3290322581
13.5966666667
-2.71290322581
-2.49032258065
1.35185185185
0.916129032258
22.0333333333
20.9482758621
25.1566666667
27.1903225806
26.4741935484
23.9533333333
21.3419354839
10.475862069
1.54193548387
-4.94193548387
-0.275862068966
10.8833333333
13.97
22.4064516129
24.3433333333
33.0935483871
30.0193548387
23.4533333333
17.0064516129
9.43103448276
-1.64838709677
-1.71290322581
-1.14444444444
5.88064516129
13.54
20.0419354839
26.2
33.1290322581
29.8387096774
24.8
14.6677419355
12.5
-3.65666666667
-5.76129032258
3.125
16.2548387097
14.4827586207
26.3225806452
31.4533333333
31.1612903226
31.5258064516
24.5766666667
19.5451612903
8.74666666667
4.35806451613
4.62258064516
-0.2
9.92580645161
16.5344827586
22.4225806452
28.6666666667
32.9032258065
30.6774193548
26.8533333333
14.5258064516
4.96666666667
-3.27419354839
-0.758064516129
1.14482758621
8.49333333333
9.73666666667
21.764516129
27.1833333333
29.6612903226
28.0741935484
25.28
20.8225806452
6.64333333333
0.561290322581
3.18064516129
6.18571428571
13.5290322581
18.0466666667
22.935483871
30.6066666667
31.5032258065
28.4290322581
24.9633333333
19.8580645161
5.95
3.08387096774
-0.766666666667
-1.84814814815
10.0433333333
16.1833333333
23.3677419355
29.75
29.2677419355
31.3064516129
28.3133333333
20.6548387097
9.92333333333
1.34516129032
3.38387096774
0.782142857143
6.34838709677
17.32
22.564516129
27.1866666667
33.1516129032
27.8903225806
23.7233333333
14.235483871
11.15
6.51290322581
-4.13870967742
3.06551724138
3.11935483871
17.5344827586
19.0033333333
25.48
28.4870967742
28.9129032258
22.1566666667
21.9096774194
10.9933333333
-4.86129032258
-2.27741935484
3.55
12.0032258065
21.05
23.0967741935
28.5066666667
32.7064516129
31.9677419355
28.3333333333
10.4451612903
9.54333333333
0.674193548387
0.848387096774
6.12857142857
8.38064516129
17.54
28.3161290323
30.3666666667
33.6903225806
31.2903225806
22.94
19.3387096774
5.57
-0.461290322581
1.30322580645
4.57142857143
8.59032258065
15.2766666667
21.66
27.16
30.2709677419
26.6129032258
25.81
21.9483870968
7.18666666667
-4.92258064516
2.74838709677
2.3724137931
9.74516129032
15.4266666667
24.9612903226
25.0
30.9451612903
32.0258064516
25.2266666667
18.9129032258
8.94
5.81935483871
-5.51333333333
-4.81785714286
10.8258064516
17.9137931034
21.9709677419
26.7566666667
30.6225806452
30.7483870968
22.13
18.135483871
5.98666666667
1.16129032258
-6.35161290323
11.5142857143
10.3064516129
20.1033333333
22.2709677419
25.4266666667
35.1935483871
31.4193548387
25.9966666667
16.1903225806
10.4233333333
3.78709677419
6.0
8.69285714286
7.54516129032
19.35
22.6741935484
32.44
33.7
31.8
29.47
20.0129032258
10.5
3.5064516129
-3.90967741935
2.17931034483
3.79032258065
18.16
24.1548387097
28.59
32.8032258065
30.0935483871
25.0033333333
16.8451612903
8.05333333333
-0.583333333333
6.58064516129
0.596428571429
7.2
16.17
21.564516129
34.3566666667
31.8838709677
27.5225806452
29.2517241379
19.5096774194
11.3566666667
3.85483870968
3.31935483871
3.975
9.33870967742
18.9566666667
31.3483870968
31.3066666667
34.5193548387
32.3580645161
22.5466666667
21.7709677419
10.7366666667
0.0516129032258
-1.10322580645
4.52857142857
11.7774193548
11.8133333333
16.3419354839
23.5333333333
34.6806451613
31.2870967742
26.25
17.7129032258
6.09666666667
1.45806451613
-7.61612903226
-11.8344827586
10.6967741935
16.0466666667
26.2064516129
31.0733333333
39.9741935484
36.3225806452
28.1379310345
18.1096774194
9.96
1.80967741935
-7.58064516129
-0.292857142857
6.95483870968
14.9433333333
24.4387096774
27.1533333333
33.5161290323
34.2387096774
26.94
16.5258064516
6.72666666667
1.32333333333
-0.487096774194
-0.135714285714
11.6290322581
17.7333333333
21.0483870968
28.6433333333
32.1870967742
33.7677419355
27.0333333333
23.4290322581
7.72
3.63225806452
3.52258064516
-2.1
9.75806451613
16.2233333333
27.6935483871
29.1033333333
33.5838709677
29.7967741935
30.53
19.5967741935
12.33
6.72258064516
-7.85806451613
-0.327586206897
4.97741935484
15.1533333333
23.8741935484
28.6433333333
33.5129032258
28.6322580645
28.66
22.8548387097
3.56551724138
2.24516129032
-1.28387096774
-1.06428571429
5.24838709677
16.6933333333
24.6
24.2178571429
31.14
31.7032258065
24.8533333333
17.4709677419
10.4366666667
4.74193548387
1.98709677419
-0.710714285714
7.27096774194
19.81
20.3806451613
26.3066666667
30.7870967742
30.5580645161
21.1466666667
18.6580645161
10.45
-0.345161290323
-2.72580645161
6.75714285714
6.9
19.0166666667
21.7
27.62
32.5290322581
31.7741935484
25.2433333333
19.2612903226
6.51
5.42580645161
5.66774193548
1.97586206897
2.83548387097
12.4033333333
24.1774193548
27.5866666667
29.4709677419
27.7967741935
23.3133333333
19.6903225806
7.45666666667
0.322580645161
0.754838709677
2.57407407407
13.5387096774
15.48
19.6870967742
22.7066666667
29.7935483871
29.0516129032
24.1066666667
20.2
8.71
-3.80333333333
2.31612903226
5.69642857143
14.44
21.0233333333
20.37
28.9466666667
31.6870967742
28.6225806452
24.0233333333
17.5774193548
6.61333333333
3.63548387097
3.23870967742
-1.67142857143
5.02258064516
13.7724137931
20.7774193548
25.0566666667
30.8419354839
34.28
26.8533333333
22.4322580645
4.12
1.21935483871
-1.43548387097
0.662068965517
6.73548387097
20.59
23.1419354839
26.39
31.0580645161
29.735483871
27.8133333333
18.6967741935
6.89666666667
0.364516129032
-5.92258064516
-2.59285714286
4.70967741935
17.0433333333
23.1709677419
27.66
30.0903225806
29.4290322581
21.8966666667
17.9258064516
13.76
3.45806451613
-4.8
0.542857142857
3.59032258065
11.2
19.1870967742
27.1266666667
26.8096774194
27.4387096774
24.8366666667
21.0451612903
8.06551724138
-0.18064516129
-0.338709677419
3.73571428571
0.777419354839
11.3814814815
22.1193548387
23.48
28.1806451613
27.8580645161
20.8266666667
16.8451612903
5.53333333333
-2.36129032258
-1.71290322581
4.07931034483
2.74193548387
15.7
21.4
30.92
31.8580645161
28.4870967742
27.6233333333
18.7161290323
9.89333333333
2.02580645161
-0.303225806452
2.175
8.63870967742
11.5633333333
20.7806451613
29.1633333333
31.2935483871
30.6096774194
27.2466666667
22.9903225806
11.6433333333
1.66774193548
-3.49677419355
9.66428571429
3.8935483871
17.2533333333
19.6870967742
27.2933333333
33.2225806452
28.3741935484
26.34
15.1548387097
13.4413793103
2.94516129032
0.751612903226
-1.60714285714
6.58064516129
21.7866666667
26.5419354839
25.4833333333
34.7
35.9129032258
27.2633333333
20.7903225806
4.88333333333
-3.66774193548
-3.77419354839
-0.775862068966
6.88709677419
14.4482758621
24.3322580645
33.17
31.1709677419
32.0966666667
28.2344827586
24.4612903226
8.99333333333
5.46666666667
-3.32903225806
5.03214285714
7.65483870968
16.0366666667
21.1870967742
27.81
33.335483871
30.7677419355
23.8233333333
15.8967741935
7.75666666667
7.02903225806
3.45806451613
-0.989285714286
4.55483870968
16.2033333333
26.6387096774
26.5517241379
28.0774193548
32.5433333333
27.73
22.3096774194
11.7566666667
2.93870967742
-2.12580645161
0.396428571429
9.71935483871
18.13
22.4129032258
30.7833333333
31.2290322581
32.58
25.2433333333
16.3451612903
4.86
5.44838709677
-2.68709677419
-3.23793103448
0.0290322580645
17.1066666667
22.7419354839
26.58
31.5387096774
31.2032258065
26.4066666667
20.8580645161
11.7133333333
3.16451612903
1.32258064516
5.66428571429
8.46451612903
14.6666666667
21.4322580645
29.44
31.6612903226
32.2032258065
23.5466666667
21.0193548387
8.87333333333
-1.18387096774
-0.71935483871
-0.46
2.48064516129
17.2733333333
25.3806451613
26.44
29.764516129
30.3774193548
23.67
20.3774193548
11.8833333333
3.73666666667
-4.21290322581
NaN
12.1548387097
18.9466666667
23.2322580645
31.0233333333
31.2580645161
30.2483870968
26.2266666667
25.0903225806
13.3333333333
-1.9064516129
3.63225806452
4.09655172414
6.44838709677
17.98
26.6064516129
29.4433333333
33.6483870968
27.8290322581
24.17
19.5677419355
9.51666666667
-0.916129032258
-0.390322580645
0.85
1.52580645161
18.624137931
26.1096774194
27.8533333333
31.3032258065
30.7967741935
18.93
21.3833333333
9.92333333333
5.40967741935
-4.3935483871
0.978571428571
11.6580645161
14.4433333333
24.2419354839
29.16
33.1387096774
28.5677419355
24.5233333333
20.3838709677
8.98333333333
1.2
0.838709677419
2.97142857143
12.8419354839
18.78
20.8290322581
27.1833333333
31.7
31.035483871
26.4733333333
18.3322580645
9.30666666667
2.1
-0.593548387097
0.831034482759
15.3967741935
18.67
22.2193548387
32.0866666667
32.1161290323
32.435483871
25.2633333333
19.6774193548
7.53666666667
-2.72580645161
-5.5
0.35
2.26774193548
19.1333333333
25.1387096774
26.1566666667
30.9483870968
31.7225806452
26.2966666667
13.4161290323
10.7566666667
1.27419354839
-5.32258064516
5.52142857143
5.1064516129
17.06
25.9129032258
30.3133333333
33.9032258065
32.3166666667
26.15
15.7483870968
7.76333333333
0.335483870968
-4.24516129032
1.97857142857
8.27096774194
18.0933333333
22.5096774194
31.11
29.9225806452
32.3129032258
26.46
20.7129032258
9.16
1.01935483871
-2.91935483871
0.231034482759
9.67096774194
16.78
22.9935483871
29.04
30.86
30.0064516129
25.16
15.964516129
6.20333333333
-1.94838709677
-0.332258064516
2.08928571429
10.3387096774
16.7366666667
23.6193548387
30.38
31.4064516129
33.9548387097
22.63
20.6290322581
NaN
-0.987096774194
-0.790322580645
5.45714285714
12.3387096774
18.5466666667
23.2451612903
29.0166666667
35.8483870968
28.5806451613
25.4333333333
21.5774193548
9.07
2.4
-0.109677419355
-1.62857142857
5.11935483871
12.8033333333
25.6666666667
27.79
33.4806451613
31.0064516129
24.3466666667
21.6129032258
9.07666666667
0.648387096774
-0.741935483871
6.91724137931
10.0516129032
19.19
24.0580645161
30.76
33.1838709677
32.7419354839
27.3166666667
15.735483871
6.99666666667
2.93548387097
-4.66129032258
6.27142857143
10.9838709677
21.1333333333
26.835483871
30.6566666667
33.0233333333
28.2451612903
24.8965517241
17.9322580645
NaN
-0.393548387097
-8.73225806452
-5.88928571429
7.05333333333
14.6933333333
23.4451612903
30.03
31.364516129
30.5129032258
29.5666666667
19.7064516129
7.26666666667
-1.96774193548
-9.6
-5.34285714286
5.49032258065
15.35
22.2838709677
28.67
30.2387096774
29.2483870968
27.66
18.4451612903
6.00666666667
5.53870967742
0.0870967741935
0.155172413793
8.02903225806
20.3586206897
24.3741935484
30.0666666667
34.7677419355
31.1967741935
28.67
19.0451612903
11.6551724138
2.61612903226
5.18709677419
6.97142857143
13.9225806452
23.4482758621
23.3548387097
30.3166666667
31.035483871
28.8
27.85
17.0548387097
11.6066666667
0.322580645161
-6.55161290323
2.61071428571
7.64516129032
16.4233333333
23.135483871
26.3433333333
32.1322580645
29.6548387097
24.3896551724
18.5709677419
6.34666666667
3.36333333333
0.341935483871
3.06785714286
7.35161290323
11.8166666667
21.8206896552
26.7068965517
32.6
33.664516129
27.0266666667
16.8612903226
6.88333333333
-10.1482758621
-0.858064516129
4.26785714286
2.25333333333
13.42
20.6322580645
27.9185185185
29.5290322581
31.2548387097
23.6346153846
17.6571428571
9.80333333333
2.80967741935
-1.56451612903
1.11481481481
12.2310344828
19.2586206897
24.7586206897
26.5392857143
29.6258064516
26.2161290323
20.6857142857
17.3741935484
0.689655172414
-3.14516129032
5.55483870968
0.678571428571
11.3666666667
17.824137931
22.4548387097
28.9133333333
30.8612903226
26.8032258065
23.1206896552
18.7965517241
7.58214285714
5.08709677419
4.42413793103
9.12222222222
10.9833333333
20.5357142857
26.6
30.3071428571
32.0166666667
28.7206896552
26.4666666667
NaN
NaN
3.52
NaN
1.36428571429
12.5870967742
18.3533333333
26.2966666667
32.1833333333
31.4548387097
32.36
26.3866666667
16.7161290323
9.87333333333
5.03548387097
6.45483870968
-2.0962962963
7.98709677419
19.5533333333
24.1483870968
28.5966666667
32.035483871
30.1133333333
24.1366666667
19.9533333333
9.03666666667
-2.91379310345
6.51333333333
5.53928571429
10.6266666667
17.5433333333
20.6774193548
29.3566666667
29.9806451613
30.5612903226
27.9172413793
19.8193548387
10.9533333333
0.370967741935
-2.32903225806
8.725
12.5793103448
18.6620689655
24.3366666667
29.0933333333
30.99
30.864516129
25.7566666667
18.2714285714
2.75666666667
3.6
6.07
7.36296296296
11.7586206897
15.5896551724
23.7133333333
26.5714285714
25.3741935484
26.17
24.5933333333
17.8064516129
4.13103448276
0.28275862069
-3.31612903226
-3.36428571429
5.40967741935
14.0066666667
21.0870967742
25.5310344828
27.4741935484
28.235483871
21.8965517241
17.4033333333
5.52666666667
2.38620689655
-4.53571428571
-2.73571428571
11.48
17.5448275862
24.5333333333
28.4107142857
27.8258064516
27.3548387097
25.4379310345
18.6580645161
9.19666666667
0.5
-1.68275862069
5.75714285714
8.15483870968
13.2966666667
18.48
26.9966666667
31.4172413793
31.4870967742
23.4517241379
17.3129032258
6.19
2.36666666667
-3.25161290323
4.35517241379
6.0935483871
16.11
19.3366666667
27.4133333333
27.7967741935
28.2419354839
22.64
18.3870967742
1.96333333333
-4.84516129032
-3.1
1.58571428571
12.1322580645
12.3333333333
20.6466666667
28.4066666667
29.7766666667
28.0407407407
26.5689655172
19.4064516129
6.16896551724
3.04193548387
0.467741935484
7.03928571429
2.78709677419
16.4344827586
25.7161290323
25.4833333333
29.9451612903
28.7161290323
28.65
18.0533333333
9.36666666667
5.70333333333
0.223333333333
7.38214285714
10.3774193548
15.5379310345
22.02
24.9066666667
30.7677419355
28.6258064516
25.75
20.5290322581
15.6068965517
5.17741935484
3.07333333333
8.33793103448
13.164516129
17.2433333333
24.0419354839
26.6133333333
29.0612903226
30.3548387097
26.2566666667
19.6419354839
2.43333333333
-5.92580645161
0.69
-3.50714285714
5.18666666667
17.5137931034
22.2516129032
27.39
29.8
29.1866666667
24.5266666667
18.9193548387
14.9666666667
3.98064516129
4.70967741935
6.91428571429
4.3935483871
18.65
21.2032258065
29.77
32.7451612903
28.6766666667
25.75
13.5066666667
8.46896551724
5.59
-0.38064516129
2.74074074074
10.6258064516
16.8666666667
20.2419354839
25.1133333333
30.21
30.4806451613
23.5433333333
19.3677419355
6.94333333333
1.95666666667
-2.04516129032
-0.555172413793
10.7193548387
17.6206896552
21.4290322581
23.89
27.2387096774
26.3677419355
26.8133333333
17.4
10.8333333333
3.6064516129
-1.78709677419
5.64285714286
9.62580645161
16.88
21.22
27.6266666667
30.1064516129
28.5387096774
27.55
18.7096774194
10.9466666667
-1.79666666667
6.22258064516
2.99642857143
7.11612903226
20.0793103448
22.7483870968
27.7666666667
31.4709677419
28.6677419355
20.7266666667
15.2580645161
NaN
5.19677419355
-0.609677419355
-3.96071428571
12.0366666667
13.79
23.4774193548
27.3633333333
30.3733333333
29.01
25.27
19.6925925926
NaN
-1.45483870968
-2.33225806452
-1.35862068966
5.98709677419
12.7066666667
19.735483871
26.33
29.3677419355
28.7677419355
23.8666666667
16.6387096774
8.07931034483
-2.94193548387
-1.65483870968
3.92857142857
7.35806451613
13.4266666667
21.6903225806
24.8233333333
26.7612903226
27.1516129032
23.3166666667
10.3225806452
12.62
-3.25806451613
-4.96129032258
-3.59285714286
7.97419354839
19.5413793103
22.0032258065
27.2620689655
29.1032258065
29.3129032258
24.0766666667
20.3266666667
9.12666666667
-0.877419354839
NaN
NaN
NaN
NaN
NaN
NaN
NaN
NaN
22.83
20.4806451613
10.8655172414
4.89032258065
4.41290322581
4.2
19.2689655172
19.6392857143
25.6612903226
29.4620689655
35.2033333333
30.5419354839
26.83
15.5709677419
11.9733333333
2.54666666667
1.07857142857
1.45
4.25806451613
11.4066666667
20.3448275862
NaN
28.6870967742
27.564516129
26.7433333333
15.7032258065
7.83
-1.9064516129
-0.5
-1.86785714286
6.86451612903
16.32
21.5032258065
27.1533333333
26.0935483871
26.3483870968
23.1833333333
18.51
5.78888888889
1.66428571429
1.4064516129
-0.717857142857
12.7967741935
17.8966666667
20.835483871
NaN
28.035483871
26.7419354839
25.3933333333
18.8064516129
9.94333333333
1.51935483871
-2.45483870968
3.13448275862
11.7032258065
15.4466666667
NaN
29.1666666667
NaN
27.3838709677
24.5666666667
NaN
13.1266666667
-0.0290322580645
-1.34838709677
6.15
NaN
NaN
20.4290322581
NaN
NaN
26.2483870968
