1642.0
41.0
448.0
269.0
210.0
255.0
340.0
652.0
961.0
730.0
1244.0
1296.0
312.0
129.0
382.0
NaN
NaN
NaN
NaN
NaN
NaN
NaN
NaN
NaN
NaN
NaN
NaN
81.0
249.0
341.0
1024.0
672.0
1303.0
169.0
430.0
28.0
490.0
44.0
269.0
140.0
268.0
362.0
457.0
781.0
1445.0
380.0
197.0
578.0
1114.0
3.0
189.0
141.0
23.0
142.0
783.0
860.0
2666.0
200.0
1253.0
200.0
130.0
174.0
142.0
90.0
114.0
146.0
145.0
1161.0
465.0
1240.0
1162.0
91.0
315.0
448.0
300.0
131.0
102.0
121.0
740.0
390.0
369.0
1948.0
1380.0
535.0
867.0
526.0
256.0
151.0
18.0
45.0
603.0
824.0
811.0
727.0
2190.0
NaN
NaN
