25.0
0.0
0.0
0.0
64.0
0.0
0.0
0.0
0.0
0.0
0.0
0.0
0.0
0.0
0.0
0.0
0.0
25.0
0.0
0.0
0.0
0.0
0.0
0.0
0.0
0.0
0.0
191.0
0.0
0.0
0.0
NaN
NaN
NaN
NaN
NaN
NaN
NaN
NaN
165.0
127.0
NaN
NaN
94.0
NaN
NaN
NaN
25.0
191.0
NaN
191.0
NaN
NaN
173.0
NaN
NaN
5.0
NaN
NaN
97.0
NaN
5.0
0.0
0.0
0.0
0.0
0.0
0.0
0.0
0.0
0.0
0.0
0.0
109.0
74.0
0.0
127.0
0.0
208.0
0.0
0.0
64.0
0.0
0.0
0.0
1524.0
0.0
3.0
0.0
0.0
127.0
0.0
0.0
0.0
0.0
0.0
0.0
0.0
130.0
0.0
0.0
0.0
0.0
191.0
0.0
0.0
0.0
0.0
3.0
0.0
0.0
46.0
0.0
0.0
0.0
0.0
94.0
0.0
48.0
0.0
0.0
0.0
0.0
0.0
0.0
0.0
0.0
0.0
0.0
0.0
0.0
0.0
0.0
0.0
0.0
0.0
0.0
0.0
0.0
46.0
5.0
0.0
3.0
0.0
193.0
61.0
0.0
414.0
254.0
0.0
0.0
0.0
0.0
5.0
0.0
0.0
0.0
0.0
64.0
0.0
0.0
41.0
0.0
46.0
142.0
58.0
0.0
30.0
0.0
0.0
0.0
0.0
0.0
0.0
61.0
0.0
0.0
0.0
0.0
0.0
0.0
0.0
0.0
0.0
0.0
64.0
0.0
5.0
89.0
0.0
0.0
33.0
0.0
0.0
163.0
0.0
97.0
602.0
0.0
0.0
0.0
64.0
0.0
0.0
0.0
0.0
0.0
0.0
112.0
94.0
0.0
0.0
191.0
155.0
0.0
0.0
0.0
25.0
0.0
3.0
0.0
0.0
0.0
0.0
0.0
0.0
0.0
0.0
0.0
0.0
25.0
0.0
0.0
0.0
0.0
0.0
0.0
0.0
0.0
0.0
0.0
3.0
3.0
0.0
0.0
33.0
254.0
191.0
0.0
0.0
0.0
0.0
0.0
0.0
0.0
0.0
0.0
51.0
0.0
0.0
61.0
130.0
0.0
0.0
33.0
0.0
0.0
165.0
0.0
0.0
0.0
25.0
0.0
0.0
0.0
0.0
0.0
0.0
0.0
0.0
3.0
28.0
0.0
0.0
0.0
76.0
102.0
0.0
0.0
0.0
25.0
NaN
0.0
0.0
0.0
64.0
NaN
53.0
0.0
0.0
0.0
0.0
0.0
0.0
0.0
38.0
0.0
5.0
8.0
0.0
0.0
124.0
5.0
0.0
5.0
0.0
0.0
51.0
0.0
0.0
25.0
0.0
559.0
0.0
0.0
0.0
356.0
0.0
0.0
0.0
0.0
0.0
0.0
0.0
0.0
0.0
3.0
0.0
0.0
0.0
0.0
0.0
0.0
0.0
51.0
0.0
38.0
127.0
0.0
5.0
0.0
0.0
3.0
0.0
0.0
48.0
0.0
277.0
30.0
0.0
0.0
0.0
51.0
102.0
5.0
0.0
30.0
0.0
0.0
0.0
0.0
0.0
0.0
0.0
0.0
0.0
3.0
0.0
97.0
0.0
0.0
0.0
0.0
0.0
64.0
0.0
38.0
0.0
0.0
0.0
0.0
0.0
0.0
0.0
0.0
0.0
0.0
5.0
0.0
0.0
0.0
0.0
0.0
0.0
0.0
318.0
0.0
0.0
0.0
0.0
0.0
0.0
572.0
0.0
79.0
0.0
0.0
0.0
638.0
0.0
0.0
0.0
0.0
0.0
3.0
0.0
0.0
0.0
0.0
0.0
102.0
0.0
0.0
0.0
0.0
43.0
102.0
3.0
0.0
0.0
0.0
0.0
0.0
0.0
0.0
0.0
0.0
0.0
0.0
0.0
417.0
69.0
0.0
0.0
0.0
0.0
0.0
0.0
76.0
0.0
13.0
0.0
0.0
0.0
0.0
13.0
0.0
0.0
0.0
0.0
8.0
0.0
0.0
0.0
10.0
0.0
0.0
0.0
0.0
0.0
25.0
0.0
0.0
0.0
0.0
0.0
0.0
0.0
97.0
0.0
0.0
0.0
0.0
0.0
0.0
0.0
0.0
0.0
0.0
0.0
0.0
0.0
0.0
61.0
0.0
0.0
0.0
0.0
0.0
0.0
0.0
0.0
0.0
0.0
0.0
0.0
0.0
0.0
0.0
0.0
0.0
0.0
0.0
0.0
0.0
0.0
0.0
0.0
91.0
0.0
0.0
0.0
0.0
0.0
0.0
0.0
0.0
0.0
0.0
0.0
0.0
0.0
0.0
0.0
0.0
0.0
0.0
0.0
0.0
0.0
0.0
0.0
0.0
5.0
0.0
3.0
61.0
0.0
5.0
0.0
0.0
0.0
178.0
76.0
0.0
0.0
0.0
0.0
0.0
0.0
NaN
0.0
0.0
8.0
51.0
0.0
13.0
0.0
0.0
0.0
0.0
13.0
76.0
0.0
0.0
0.0
0.0
0.0
196.0
0.0
0.0
46.0
74.0
0.0
0.0
30.0
0.0
0.0
18.0
3.0
0.0
0.0
0.0
0.0
0.0
0.0
0.0
0.0
0.0
0.0
0.0
0.0
0.0
0.0
0.0
0.0
0.0
0.0
0.0
0.0
5.0
193.0
20.0
0.0
5.0
0.0
0.0
0.0
0.0
30.0
0.0
127.0
0.0
0.0
127.0
0.0
0.0
0.0
0.0
0.0
0.0
25.0
0.0
0.0
0.0
0.0
0.0
0.0
0.0
0.0
66.0
58.0
0.0
0.0
76.0
5.0
0.0
13.0
0.0
152.0
127.0
15.0
0.0
0.0
0.0
0.0
0.0
0.0
0.0
64.0
0.0
0.0
0.0
0.0
0.0
0.0
0.0
0.0
0.0
132.0
5.0
104.0
0.0
213.0
0.0
0.0
155.0
163.0
84.0
0.0
86.0
NaN
0.0
0.0
0.0
254.0
0.0
0.0
0.0
0.0
38.0
0.0
0.0
0.0
NaN
0.0
0.0
13.0
211.0
0.0
0.0
0.0
99.0
0.0
0.0
0.0
0.0
10.0
318.0
0.0
0.0
107.0
0.0
0.0
28.0
0.0
0.0
0.0
0.0
36.0
130.0
0.0
0.0
0.0
97.0
0.0
0.0
0.0
0.0
0.0
0.0
0.0
0.0
13.0
71.0
0.0
0.0
157.0
175.0
86.0
102.0
0.0
0.0
0.0
0.0
0.0
191.0
0.0
152.0
0.0
0.0
122.0
0.0
0.0
0.0
0.0
25.0
10.0
0.0
124.0
0.0
445.0
122.0
0.0
0.0
0.0
20.0
0.0
0.0
0.0
0.0
0.0
0.0
226.0
0.0
284.0
30.0
0.0
0.0
0.0
0.0
0.0
0.0
0.0
0.0
0.0
0.0
0.0
8.0
0.0
0.0
0.0
0.0
0.0
0.0
0.0
0.0
0.0
0.0
30.0
394.0
0.0
0.0
0.0
0.0
0.0
0.0
0.0
0.0
91.0
0.0
0.0
0.0
114.0
188.0
0.0
0.0
0.0
0.0
0.0
0.0
0.0
0.0
0.0
58.0
3.0
1044.0
224.0
0.0
0.0
0.0
0.0
13.0
0.0
254.0
127.0
0.0
66.0
0.0
0.0
0.0
0.0
0.0
0.0
0.0
0.0
0.0
318.0
33.0
0.0
0.0
0.0
0.0
0.0
0.0
91.0
221.0
0.0
0.0
0.0
0.0
0.0
0.0
0.0
224.0
0.0
0.0
0.0
0.0
0.0
0.0
0.0
0.0
8.0
8.0
0.0
0.0
0.0
0.0
178.0
0.0
0.0
5.0
0.0
0.0
51.0
0.0
0.0
0.0
132.0
20.0
20.0
0.0
18.0
0.0
0.0
0.0
254.0
0.0
0.0
0.0
3.0
0.0
0.0
0.0
0.0
0.0
0.0
13.0
0.0
0.0
0.0
13.0
69.0
0.0
0.0
0.0
0.0
0.0
64.0
30.0
0.0
0.0
0.0
36.0
NaN
0.0
0.0
25.0
0.0
0.0
64.0
0.0
0.0
51.0
0.0
0.0
0.0
0.0
0.0
0.0
0.0
0.0
0.0
0.0
0.0
0.0
0.0
0.0
0.0
0.0
0.0
97.0
10.0
0.0
5.0
0.0
0.0
51.0
0.0
0.0
0.0
0.0
0.0
0.0
0.0
0.0
0.0
53.0
0.0
5.0
0.0
0.0
0.0
0.0
0.0
5.0
8.0
0.0
0.0
0.0
13.0
0.0
0.0
0.0
0.0
0.0
13.0
0.0
0.0
0.0
0.0
13.0
0.0
0.0
0.0
0.0
0.0
0.0
0.0
0.0
0.0
0.0
0.0
0.0
0.0
0.0
0.0
0.0
0.0
0.0
0.0
28.0
0.0
0.0
0.0
0.0
48.0
25.0
0.0
140.0
0.0
0.0
0.0
0.0
0.0
5.0
0.0
0.0
3.0
0.0
0.0
0.0
0.0
64.0
0.0
0.0
5.0
13.0
0.0
102.0
84.0
0.0
0.0
41.0
76.0
0.0
25.0
0.0
0.0
0.0
25.0
0.0
0.0
0.0
0.0
0.0
0.0
0.0
0.0
0.0
0.0
0.0
0.0
0.0
0.0
0.0
5.0
36.0
0.0
109.0
0.0
0.0
0.0
0.0
23.0
0.0
0.0
0.0
5.0
127.0
51.0
51.0
0.0
0.0
0.0
0.0
20.0
0.0
0.0
0.0
0.0
0.0
0.0
0.0
0.0
0.0
0.0
0.0
191.0
0.0
0.0
53.0
0.0
0.0
0.0
0.0
0.0
0.0
0.0
0.0
0.0
0.0
0.0
15.0
5.0
0.0
0.0
25.0
0.0
0.0
0.0
0.0
0.0
13.0
8.0
409.0
13.0
0.0
25.0
0.0
0.0
0.0
74.0
0.0
0.0
0.0
0.0
0.0
0.0
0.0
0.0
0.0
0.0
0.0
0.0
0.0
NaN
NaN
NaN
NaN
NaN
NaN
NaN
NaN
NaN
NaN
NaN
NaN
NaN
NaN
NaN
NaN
NaN
NaN
NaN
NaN
NaN
NaN
NaN
NaN
NaN
NaN
NaN
NaN
0.0
0.0
NaN
0.0
0.0
102.0
0.0
13.0
0.0
13.0
254.0
0.0
0.0
0.0
3.0
0.0
127.0
0.0
0.0
0.0
0.0
0.0
0.0
203.0
0.0
13.0
8.0
0.0
0.0
0.0
127.0
0.0
0.0
0.0
13.0
76.0
127.0
0.0
0.0
0.0
0.0
0.0
0.0
0.0
0.0
0.0
0.0
0.0
0.0
0.0
0.0
0.0
0.0
0.0
0.0
13.0
0.0
0.0
15.0
15.0
13.0
0.0
0.0
0.0
0.0
0.0
0.0
0.0
0.0
0.0
0.0
0.0
102.0
178.0
0.0
0.0
0.0
127.0
330.0
0.0
0.0
0.0
0.0
0.0
0.0
0.0
0.0
0.0
0.0
0.0
0.0
0.0
0.0
5.0
8.0
0.0
0.0
0.0
13.0
284.0
0.0
0.0
0.0
0.0
0.0
8.0
76.0
25.0
64.0
51.0
51.0
0.0
0.0
0.0
0.0
0.0
0.0
0.0
5.0
51.0
0.0
239.0
0.0
64.0
0.0
0.0
0.0
0.0
10.0
0.0
0.0
0.0
23.0
0.0
0.0
241.0
0.0
0.0
0.0
0.0
0.0
0.0
0.0
318.0
0.0
0.0
0.0
0.0
0.0
0.0
0.0
0.0
0.0
0.0
64.0
5.0
0.0
0.0
0.0
292.0
0.0
0.0
30.0
0.0
0.0
15.0
0.0
0.0
318.0
10.0
0.0
0.0
102.0
0.0
0.0
0.0
191.0
0.0
0.0
0.0
0.0
0.0
0.0
0.0
5.0
3.0
0.0
0.0
0.0
0.0
0.0
0.0
0.0
0.0
53.0
30.0
0.0
38.0
254.0
0.0
15.0
0.0
0.0
13.0
0.0
0.0
25.0
701.0
191.0
30.0
0.0
0.0
0.0
0.0
0.0
0.0
170.0
0.0
0.0
0.0
0.0
0.0
0.0
0.0
0.0
25.0
0.0
0.0
0.0
114.0
0.0
0.0
3.0
216.0
0.0
0.0
0.0
0.0
36.0
0.0
46.0
3.0
145.0
0.0
0.0
0.0
64.0
0.0
0.0
0.0
0.0
343.0
0.0
0.0
0.0
0.0
0.0
0.0
0.0
0.0
0.0
0.0
0.0
0.0
0.0
0.0
216.0
30.0
0.0
0.0
0.0
0.0
64.0
56.0
33.0
119.0
0.0
0.0
0.0
0.0
0.0
5.0
15.0
0.0
0.0
18.0
0.0
0.0
0.0
25.0
0.0
3.0
0.0
208.0
89.0
74.0
28.0
0.0
0.0
25.0
0.0
0.0
0.0
0.0
0.0
0.0
0.0
0.0
0.0
3.0
0.0
51.0
0.0
0.0
0.0
0.0
0.0
0.0
0.0
13.0
0.0
0.0
0.0
0.0
0.0
0.0
0.0
0.0
38.0
5.0
0.0
0.0
0.0
0.0
0.0
0.0
13.0
0.0
0.0
0.0
0.0
0.0
25.0
0.0
13.0
178.0
0.0
0.0
0.0
0.0
15.0
0.0
0.0
0.0
0.0
0.0
0.0
0.0
0.0
0.0
0.0
0.0
102.0
0.0
0.0
25.0
0.0
0.0
0.0
10.0
203.0
0.0
0.0
0.0
0.0
203.0
0.0
0.0
25.0
0.0
0.0
0.0
0.0
0.0
76.0
0.0
0.0
0.0
0.0
0.0
0.0
0.0
0.0
0.0
0.0
0.0
0.0
0.0
0.0
25.0
0.0
0.0
0.0
61.0
0.0
310.0
0.0
0.0
76.0
5.0
0.0
0.0
0.0
0.0
241.0
5.0
5.0
0.0
3.0
81.0
76.0
8.0
0.0
0.0
0.0
102.0
0.0
0.0
3.0
0.0
0.0
38.0
13.0
0.0
0.0
0.0
0.0
0.0
0.0
0.0
0.0
0.0
64.0
0.0
0.0
0.0
0.0
0.0
0.0
0.0
0.0
0.0
0.0
0.0
0.0
0.0
0.0
0.0
5.0
0.0
0.0
13.0
109.0
0.0
13.0
0.0
0.0
0.0
0.0
0.0
0.0
0.0
0.0
0.0
33.0
0.0
13.0
198.0
56.0
33.0
10.0
0.0
0.0
0.0
0.0
0.0
13.0
13.0
3.0
0.0
0.0
0.0
140.0
41.0
0.0
0.0
0.0
183.0
0.0
13.0
0.0
0.0
0.0
0.0
0.0
140.0
38.0
81.0
152.0
0.0
0.0
0.0
0.0
0.0
0.0
5.0
0.0
0.0
79.0
0.0
8.0
0.0
0.0
0.0
0.0
0.0
0.0
0.0
0.0
0.0
0.0
0.0
0.0
0.0
0.0
0.0
0.0
0.0
0.0
0.0
0.0
79.0
81.0
0.0
0.0
460.0
409.0
0.0
0.0
0.0
0.0
0.0
0.0
0.0
0.0
23.0
0.0
15.0
0.0
0.0
0.0
0.0
0.0
0.0
0.0
0.0
18.0
0.0
0.0
0.0
282.0
0.0
0.0
0.0
8.0
0.0
0.0
0.0
0.0
0.0
0.0
0.0
0.0
0.0
0.0
0.0
0.0
0.0
89.0
0.0
356.0
8.0
0.0
244.0
117.0
0.0
0.0
0.0
25.0
10.0
0.0
0.0
0.0
0.0
0.0
0.0
0.0
0.0
0.0
0.0
0.0
0.0
0.0
0.0
0.0
0.0
0.0
48.0
43.0
0.0
18.0
28.0
0.0
0.0
0.0
8.0
0.0
0.0
0.0
0.0
0.0
0.0
0.0
0.0
0.0
0.0
0.0
0.0
0.0
0.0
64.0
0.0
0.0
76.0
0.0
0.0
0.0
0.0
0.0
0.0
0.0
33.0
0.0
0.0
0.0
0.0
0.0
0.0
0.0
0.0
0.0
0.0
79.0
18.0
51.0
5.0
0.0
0.0
0.0
0.0
0.0
0.0
0.0
0.0
0.0
0.0
0.0
0.0
38.0
0.0
0.0
0.0
84.0
267.0
0.0
0.0
0.0
0.0
0.0
0.0
0.0
0.0
0.0
0.0
0.0
0.0
0.0
0.0
0.0
0.0
0.0
0.0
0.0
0.0
0.0
0.0
0.0
0.0
0.0
0.0
0.0
0.0
0.0
0.0
0.0
0.0
0.0
0.0
0.0
0.0
0.0
38.0
13.0
0.0
0.0
0.0
0.0
46.0
0.0
0.0
25.0
0.0
0.0
0.0
0.0
20.0
0.0
18.0
20.0
0.0
0.0
0.0
0.0
15.0
0.0
0.0
0.0
0.0
0.0
0.0
0.0
0.0
0.0
0.0
0.0
0.0
0.0
0.0
0.0
168.0
173.0
8.0
3.0
0.0
0.0
0.0
0.0
0.0
0.0
0.0
41.0
244.0
424.0
0.0
0.0
28.0
0.0
0.0
0.0
0.0
46.0
0.0
0.0
0.0
0.0
0.0
13.0
0.0
0.0
0.0
0.0
0.0
0.0
0.0
0.0
0.0
33.0
0.0
0.0
0.0
0.0
0.0
0.0
0.0
0.0
0.0
0.0
0.0
0.0
66.0
3.0
0.0
0.0
8.0
0.0
0.0
257.0
46.0
0.0
0.0
0.0
0.0
25.0
109.0
5.0
180.0
0.0
269.0
0.0
0.0
0.0
274.0
0.0
0.0
282.0
0.0
0.0
0.0
0.0
345.0
0.0
8.0
84.0
18.0
282.0
48.0
56.0
8.0
0.0
0.0
0.0
0.0
8.0
76.0
351.0
94.0
0.0
0.0
239.0
0.0
0.0
0.0
0.0
142.0
193.0
163.0
99.0
0.0
0.0
0.0
0.0
0.0
61.0
0.0
0.0
0.0
33.0
122.0
0.0
10.0
56.0
91.0
163.0
0.0
79.0
297.0
0.0
23.0
5.0
8.0
279.0
163.0
0.0
0.0
0.0
0.0
140.0
0.0
94.0
10.0
229.0
81.0
13.0
0.0
10.0
18.0
0.0
0.0
74.0
224.0
0.0
0.0
0.0
0.0
0.0
0.0
0.0
8.0
36.0
0.0
0.0
0.0
15.0
142.0
0.0
3.0
69.0
0.0
13.0
0.0
8.0
0.0
71.0
0.0
0.0
0.0
0.0
0.0
3.0
13.0
0.0
0.0
0.0
0.0
0.0
0.0
0.0
0.0
0.0
0.0
61.0
0.0
272.0
0.0
0.0
0.0
0.0
0.0
0.0
0.0
0.0
0.0
178.0
0.0
0.0
0.0
86.0
828.0
137.0
10.0
13.0
132.0
5.0
3.0
64.0
0.0
0.0
0.0
66.0
46.0
0.0
0.0
0.0
0.0
0.0
0.0
97.0
165.0
0.0
0.0
0.0
0.0
69.0
0.0
0.0
0.0
0.0
0.0
0.0
71.0
0.0
13.0
0.0
0.0
0.0
0.0
13.0
18.0
0.0
8.0
333.0
0.0
0.0
0.0
0.0
23.0
127.0
0.0
3.0
132.0
0.0
13.0
0.0
0.0
0.0
0.0
0.0
0.0
0.0
0.0
0.0
10.0
0.0
0.0
69.0
0.0
0.0
157.0
36.0
0.0
0.0
15.0
0.0
0.0
0.0
0.0
0.0
0.0
0.0
0.0
102.0
0.0
0.0
0.0
51.0
56.0
13.0
0.0
0.0
25.0
0.0
0.0
0.0
0.0
20.0
0.0
0.0
0.0
18.0
0.0
25.0
0.0
0.0
38.0
0.0
0.0
0.0
38.0
0.0
0.0
0.0
0.0
0.0
0.0
0.0
0.0
0.0
0.0
20.0
0.0
0.0
0.0
0.0
0.0
0.0
8.0
0.0
0.0
0.0
0.0
76.0
76.0
0.0
0.0
NaN
0.0
0.0
0.0
0.0
0.0
0.0
0.0
36.0
0.0
0.0
0.0
18.0
0.0
0.0
0.0
0.0
0.0
0.0
0.0
94.0
3.0
0.0
0.0
0.0
46.0
0.0
23.0
290.0
0.0
0.0
15.0
0.0
0.0
0.0
0.0
0.0
236.0
0.0
0.0
218.0
79.0
0.0
0.0
23.0
13.0
0.0
0.0
33.0
0.0
0.0
0.0
0.0
132.0
0.0
8.0
0.0
0.0
0.0
0.0
0.0
0.0
132.0
239.0
452.0
155.0
137.0
8.0
0.0
0.0
0.0
76.0
0.0
15.0
0.0
0.0
91.0
23.0
0.0
0.0
0.0
0.0
56.0
0.0
20.0
0.0
0.0
0.0
0.0
0.0
0.0
0.0
8.0
0.0
5.0
8.0
0.0
0.0
0.0
0.0
0.0
0.0
0.0
0.0
5.0
5.0
0.0
213.0
302.0
130.0
8.0
0.0
229.0
15.0
23.0
10.0
0.0
69.0
183.0
0.0
5.0
0.0
23.0
20.0
28.0
0.0
0.0
0.0
0.0
8.0
0.0
0.0
145.0
13.0
0.0
79.0
0.0
0.0
0.0
0.0
0.0
0.0
0.0
0.0
NaN
NaN
NaN
91.0
NaN
NaN
NaN
NaN
94.0
470.0
25.0
NaN
NaN
NaN
NaN
NaN
236.0
NaN
NaN
NaN
5.0
NaN
NaN
NaN
NaN
NaN
NaN
NaN
216.0
NaN
NaN
0.0
41.0
28.0
10.0
122.0
0.0
0.0
10.0
0.0
0.0
0.0
0.0
0.0
0.0
572.0
0.0
0.0
0.0
0.0
0.0
0.0
0.0
0.0
0.0
366.0
439.0
688.0
23.0
61.0
0.0
0.0
0.0
0.0
0.0
157.0
13.0
3.0
0.0
112.0
130.0
269.0
0.0
0.0
155.0
239.0
25.0
0.0
0.0
0.0
0.0
0.0
0.0
0.0
0.0
0.0
0.0
272.0
0.0
0.0
0.0
165.0
0.0
15.0
109.0
0.0
0.0
25.0
528.0
0.0
0.0
0.0
0.0
0.0
0.0
5.0
20.0
0.0
0.0
0.0
0.0
0.0
0.0
0.0
0.0
0.0
0.0
0.0
0.0
0.0
0.0
0.0
0.0
0.0
0.0
0.0
0.0
0.0
0.0
0.0
0.0
0.0
0.0
203.0
0.0
0.0
0.0
0.0
13.0
0.0
0.0
0.0
0.0
0.0
0.0
0.0
0.0
0.0
0.0
0.0
102.0
0.0
0.0
0.0
0.0
25.0
0.0
0.0
0.0
0.0
0.0
38.0
0.0
0.0
127.0
0.0
0.0
5.0
0.0
0.0
0.0
13.0
0.0
0.0
0.0
0.0
38.0
8.0
0.0
0.0
8.0
3.0
0.0
0.0
0.0
51.0
0.0
0.0
0.0
0.0
0.0
0.0
0.0
0.0
0.0
51.0
0.0
0.0
0.0
0.0
0.0
0.0
0.0
274.0
356.0
0.0
0.0
0.0
0.0
0.0
5.0
0.0
0.0
0.0
0.0
0.0
25.0
0.0
0.0
0.0
0.0
0.0
0.0
18.0
0.0
0.0
0.0
0.0
0.0
0.0
0.0
0.0
102.0
0.0
76.0
0.0
0.0
51.0
0.0
0.0
0.0
0.0
23.0
36.0
0.0
0.0
51.0
0.0
0.0
18.0
0.0
0.0
0.0
10.0
0.0
0.0
0.0
203.0
0.0
0.0
102.0
0.0
38.0
0.0
267.0
0.0
0.0
234.0
0.0
0.0
0.0
0.0
0.0
33.0
170.0
23.0
0.0
0.0
0.0
0.0
0.0
0.0
168.0
48.0
0.0
28.0
0.0
18.0
0.0
0.0
0.0
0.0
0.0
0.0
0.0
0.0
46.0
41.0
112.0
239.0
0.0
0.0
0.0
0.0
0.0
0.0
0.0
0.0
0.0
0.0
94.0
394.0
56.0
64.0
0.0
25.0
0.0
140.0
0.0
0.0
0.0
0.0
0.0
0.0
0.0
0.0
0.0
5.0
5.0
0.0
46.0
0.0
0.0
18.0
8.0
0.0
0.0
10.0
28.0
107.0
0.0
0.0
0.0
0.0
0.0
0.0
0.0
0.0
10.0
0.0
0.0
0.0
0.0
0.0
0.0
25.0
0.0
0.0
0.0
20.0
46.0
0.0
0.0
0.0
0.0
69.0
0.0
0.0
0.0
236.0
0.0
33.0
38.0
152.0
0.0
0.0
173.0
0.0
0.0
23.0
0.0
0.0
0.0
33.0
0.0
0.0
0.0
0.0
0.0
0.0
0.0
28.0
0.0
0.0
0.0
3.0
81.0
3.0
0.0
0.0
25.0
0.0
0.0
0.0
0.0
38.0
0.0
0.0
0.0
0.0
0.0
0.0
0.0
0.0
0.0
213.0
0.0
572.0
0.0
0.0
0.0
0.0
0.0
0.0
0.0
0.0
0.0
0.0
114.0
36.0
0.0
0.0
0.0
15.0
0.0
0.0
0.0
0.0
0.0
0.0
91.0
0.0
0.0
0.0
0.0
351.0
0.0
61.0
0.0
0.0
0.0
38.0
0.0
188.0
0.0
0.0
0.0
0.0
0.0
0.0
0.0
0.0
312.0
0.0
0.0
0.0
114.0
15.0
5.0
0.0
0.0
0.0
0.0
0.0
0.0
0.0
0.0
25.0
8.0
0.0
0.0
0.0
0.0
0.0
0.0
0.0
0.0
0.0
0.0
0.0
0.0
0.0
0.0
0.0
0.0
0.0
0.0
5.0
0.0
0.0
0.0
0.0
0.0
0.0
0.0
0.0
0.0
0.0
0.0
0.0
0.0
0.0
0.0
0.0
0.0
0.0
0.0
0.0
0.0
0.0
5.0
0.0
0.0
0.0
0.0
0.0
0.0
0.0
0.0
28.0
8.0
0.0
0.0
0.0
3.0
0.0
0.0
0.0
0.0
0.0
0.0
0.0
0.0
0.0
170.0
234.0
43.0
0.0
0.0
0.0
0.0
0.0
0.0
3.0
0.0
0.0
0.0
0.0
0.0
0.0
132.0
0.0
0.0
0.0
0.0
0.0
0.0
0.0
0.0
0.0
0.0
0.0
8.0
5.0
0.0
0.0
0.0
0.0
0.0
0.0
8.0
0.0
0.0
0.0
0.0
127.0
0.0
0.0
152.0
25.0
0.0
25.0
0.0
0.0
0.0
0.0
0.0
0.0
0.0
0.0
0.0
0.0
0.0
0.0
30.0
0.0
0.0
0.0
0.0
0.0
0.0
0.0
0.0
0.0
0.0
51.0
0.0
0.0
0.0
0.0
0.0
25.0
76.0
13.0
0.0
64.0
33.0
391.0
0.0
0.0
0.0
183.0
0.0
46.0
0.0
10.0
0.0
74.0
0.0
0.0
0.0
0.0
69.0
5.0
41.0
20.0
0.0
0.0
0.0
107.0
0.0
0.0
0.0
10.0
0.0
0.0
0.0
0.0
0.0
229.0
117.0
0.0
0.0
0.0
51.0
61.0
3.0
25.0
0.0
0.0
28.0
0.0
0.0
0.0
0.0
117.0
0.0
0.0
5.0
117.0
754.0
0.0
13.0
46.0
5.0
132.0
3.0
0.0
0.0
0.0
0.0
0.0
0.0
0.0
117.0
0.0
0.0
0.0
64.0
0.0
0.0
23.0
0.0
0.0
8.0
0.0
3.0
0.0
0.0
109.0
188.0
0.0
13.0
0.0
0.0
0.0
0.0
86.0
229.0
0.0
0.0
0.0
0.0
0.0
0.0
0.0
0.0
0.0
0.0
0.0
15.0
196.0
0.0
64.0
5.0
0.0
0.0
56.0
0.0
48.0
51.0
86.0
5.0
0.0
0.0
0.0
0.0
0.0
0.0
0.0
0.0
0.0
0.0
0.0
0.0
3.0
0.0
8.0
152.0
0.0
0.0
0.0
0.0
58.0
290.0
0.0
13.0
0.0
0.0
0.0
30.0
0.0
0.0
137.0
0.0
107.0
0.0
0.0
0.0
0.0
91.0
0.0
0.0
0.0
0.0
56.0
0.0
0.0
13.0
0.0
0.0
0.0
0.0
5.0
107.0
5.0
3.0
0.0
0.0
0.0
0.0
0.0
348.0
0.0
0.0
0.0
0.0
18.0
10.0
0.0
0.0
0.0
0.0
0.0
0.0
0.0
0.0
0.0
0.0
0.0
0.0
0.0
0.0
10.0
0.0
0.0
0.0
0.0
0.0
0.0
0.0
0.0
56.0
0.0
0.0
0.0
0.0
0.0
0.0
587.0
188.0
43.0
0.0
0.0
0.0
0.0
0.0
0.0
0.0
0.0
0.0
0.0
13.0
0.0
23.0
0.0
0.0
0.0
221.0
0.0
0.0
0.0
0.0
0.0
0.0
0.0
0.0
0.0
43.0
0.0
0.0
0.0
0.0
0.0
0.0
0.0
0.0
58.0
0.0
0.0
0.0
224.0
0.0
0.0
0.0
0.0
0.0
0.0
0.0
0.0
0.0
0.0
0.0
0.0
0.0
0.0
0.0
0.0
0.0
0.0
0.0
0.0
0.0
0.0
89.0
0.0
0.0
0.0
0.0
0.0
0.0
224.0
56.0
0.0
0.0
0.0
102.0
127.0
8.0
0.0
0.0
0.0
0.0
0.0
0.0
0.0
0.0
0.0
0.0
130.0
0.0
0.0
0.0
20.0
0.0
147.0
51.0
76.0
0.0
0.0
0.0
0.0
0.0
0.0
0.0
0.0
0.0
0.0
0.0
0.0
0.0
0.0
0.0
0.0
0.0
0.0
0.0
0.0
142.0
0.0
0.0
0.0
0.0
0.0
0.0
109.0
0.0
0.0
0.0
165.0
0.0
0.0
0.0
0.0
3.0
267.0
0.0
0.0
0.0
0.0
0.0
3.0
0.0
0.0
0.0
0.0
23.0
0.0
0.0
8.0
0.0
0.0
13.0
0.0
0.0
0.0
0.0
0.0
0.0
399.0
18.0
0.0
0.0
0.0
0.0
0.0
0.0
0.0
0.0
38.0
30.0
0.0
178.0
112.0
0.0
0.0
0.0
3.0
8.0
3.0
0.0
0.0
0.0
0.0
0.0
0.0
0.0
0.0
0.0
3.0
0.0
0.0
0.0
0.0
0.0
140.0
0.0
0.0
5.0
0.0
0.0
0.0
97.0
0.0
0.0
0.0
0.0
0.0
0.0
0.0
0.0
0.0
127.0
0.0
0.0
0.0
0.0
38.0
69.0
18.0
10.0
218.0
0.0
13.0
46.0
0.0
0.0
0.0
0.0
3.0
5.0
0.0
23.0
0.0
0.0
0.0
0.0
0.0
0.0
10.0
28.0
0.0
0.0
0.0
28.0
373.0
0.0
0.0
0.0
0.0
0.0
0.0
66.0
114.0
13.0
127.0
10.0
15.0
0.0
0.0
0.0
0.0
0.0
0.0
0.0
0.0
56.0
0.0
0.0
0.0
0.0
0.0
3.0
0.0
0.0
274.0
0.0
0.0
0.0
0.0
0.0
3.0
0.0
376.0
0.0
0.0
23.0
0.0
0.0
0.0
0.0
0.0
264.0
163.0
5.0
353.0
0.0
0.0
0.0
0.0
0.0
0.0
0.0
0.0
0.0
803.0
0.0
0.0
0.0
0.0
3.0
165.0
0.0
0.0
0.0
0.0
0.0
0.0
0.0
66.0
0.0
0.0
0.0
0.0
0.0
0.0
0.0
251.0
0.0
0.0
0.0
0.0
0.0
0.0
0.0
0.0
30.0
0.0
5.0
0.0
0.0
0.0
0.0
0.0
0.0
363.0
429.0
0.0
0.0
0.0
0.0
0.0
0.0
0.0
0.0
0.0
0.0
0.0
0.0
0.0
0.0
0.0
0.0
0.0
0.0
145.0
0.0
0.0
0.0
0.0
0.0
196.0
5.0
0.0
84.0
0.0
36.0
0.0
0.0
0.0
0.0
0.0
0.0
0.0
0.0
18.0
0.0
0.0
74.0
0.0
0.0
0.0
0.0
0.0
0.0
15.0
0.0
0.0
8.0
262.0
0.0
0.0
0.0
109.0
165.0
0.0
0.0
0.0
0.0
0.0
0.0
0.0
0.0
91.0
43.0
0.0
0.0
0.0
5.0
0.0
0.0
20.0
5.0
0.0
0.0
0.0
0.0
0.0
0.0
3.0
0.0
0.0
0.0
0.0
0.0
0.0
3.0
0.0
224.0
48.0
0.0
3.0
25.0
0.0
0.0
0.0
109.0
64.0
0.0
0.0
0.0
107.0
0.0
3.0
0.0
51.0
28.0
5.0
450.0
0.0
3.0
0.0
0.0
0.0
0.0
0.0
0.0
8.0
25.0
5.0
25.0
0.0
0.0
0.0
0.0
20.0
0.0
46.0
0.0
0.0
0.0
0.0
0.0
0.0
0.0
0.0
0.0
0.0
3.0
0.0
5.0
0.0
0.0
0.0
0.0
0.0
0.0
0.0
0.0
41.0
0.0
0.0
0.0
0.0
0.0
30.0
0.0
0.0
8.0
20.0
0.0
0.0
0.0
0.0
0.0
0.0
20.0
0.0
0.0
0.0
0.0
58.0
0.0
0.0
0.0
0.0
183.0
185.0
0.0
0.0
0.0
0.0
104.0
0.0
0.0
0.0
251.0
0.0
0.0
0.0
0.0
8.0
0.0
0.0
0.0
0.0
0.0
0.0
0.0
0.0
0.0
0.0
0.0
23.0
0.0
0.0
0.0
41.0
114.0
53.0
0.0
0.0
25.0
0.0
36.0
0.0
0.0
15.0
0.0
0.0
0.0
0.0
0.0
84.0
0.0
0.0
0.0
0.0
0.0
0.0
0.0
104.0
241.0
18.0
15.0
170.0
23.0
0.0
0.0
5.0
0.0
0.0
0.0
0.0
643.0
0.0
0.0
290.0
0.0
0.0
8.0
71.0
8.0
0.0
0.0
0.0
0.0
0.0
5.0
18.0
0.0
0.0
28.0
107.0
15.0
30.0
0.0
0.0
0.0
0.0
33.0
0.0
0.0
279.0
0.0
102.0
43.0
0.0
56.0
30.0
221.0
84.0
0.0
0.0
18.0
28.0
5.0
0.0
0.0
13.0
0.0
0.0
320.0
0.0
46.0
43.0
0.0
0.0
0.0
0.0
0.0
0.0
0.0
0.0
0.0
0.0
43.0
66.0
163.0
18.0
0.0
0.0
0.0
0.0
0.0
0.0
41.0
221.0
0.0
0.0
193.0
0.0
0.0
0.0
0.0
0.0
0.0
48.0
0.0
0.0
157.0
5.0
0.0
0.0
0.0
0.0
15.0
0.0
5.0
122.0
0.0
0.0
5.0
0.0
0.0
0.0
0.0
0.0
0.0
140.0
452.0
0.0
114.0
0.0
5.0
5.0
0.0
0.0
0.0
445.0
140.0
0.0
0.0
48.0
0.0
38.0
0.0
0.0
0.0
0.0
0.0
0.0
0.0
0.0
0.0
0.0
0.0
61.0
0.0
0.0
0.0
0.0
0.0
0.0
0.0
0.0
0.0
0.0
0.0
0.0
0.0
13.0
28.0
0.0
28.0
3.0
0.0
3.0
3.0
0.0
0.0
0.0
5.0
0.0
0.0
0.0
0.0
0.0
0.0
0.0
0.0
0.0
0.0
224.0
0.0
0.0
0.0
0.0
0.0
0.0
0.0
0.0
0.0
69.0
0.0
0.0
0.0
0.0
0.0
0.0
0.0
0.0
51.0
0.0
0.0
0.0
0.0
76.0
0.0
0.0
0.0
0.0
0.0
0.0
0.0
89.0
0.0
0.0
0.0
0.0
0.0
25.0
38.0
33.0
0.0
0.0
0.0
0.0
0.0
0.0
0.0
0.0
0.0
0.0
0.0
0.0
51.0
0.0
0.0
0.0
0.0
0.0
0.0
0.0
0.0
0.0
0.0
0.0
0.0
0.0
33.0
0.0
0.0
0.0
0.0
76.0
51.0
0.0
0.0
5.0
188.0
0.0
0.0
0.0
0.0
3.0
0.0
10.0
0.0
58.0
0.0
0.0
0.0
0.0
152.0
0.0
0.0
0.0
0.0
0.0
58.0
5.0
0.0
0.0
0.0
76.0
0.0
0.0
112.0
218.0
0.0
0.0
0.0
0.0
0.0
0.0
0.0
0.0
41.0
0.0
NaN
18.0
NaN
0.0
0.0
0.0
0.0
0.0
0.0
358.0
0.0
NaN
NaN
0.0
97.0
140.0
10.0
0.0
0.0
0.0
229.0
28.0
64.0
86.0
0.0
0.0
0.0
0.0
0.0
0.0
0.0
0.0
0.0
48.0
0.0
0.0
0.0
0.0
36.0
107.0
15.0
23.0
267.0
0.0
0.0
0.0
15.0
NaN
NaN
38.0
114.0
58.0
208.0
28.0
NaN
NaN
97.0
NaN
127.0
150.0
NaN
114.0
NaN
117.0
NaN
NaN
0.0
NaN
0.0
NaN
279.0
97.0
NaN
401.0
152.0
NaN
NaN
0.0
0.0
0.0
0.0
0.0
157.0
10.0
0.0
0.0
0.0
0.0
20.0
208.0
0.0
0.0
0.0
0.0
0.0
0.0
130.0
0.0
0.0
51.0
0.0
0.0
0.0
0.0
5.0
0.0
5.0
0.0
46.0
193.0
208.0
0.0
79.0
38.0
0.0
0.0
0.0
0.0
119.0
0.0
15.0
0.0
10.0
61.0
0.0
0.0
0.0
10.0
0.0
0.0
0.0
0.0
3.0
0.0
0.0
0.0
0.0
0.0
0.0
0.0
0.0
0.0
0.0
0.0
0.0
0.0
8.0
0.0
15.0
23.0
0.0
0.0
155.0
0.0
94.0
0.0
0.0
0.0
0.0
0.0
0.0
0.0
0.0
0.0
0.0
300.0
0.0
0.0
0.0
58.0
0.0
0.0
0.0
0.0
0.0
0.0
0.0
0.0
0.0
0.0
0.0
0.0
0.0
0.0
0.0
0.0
0.0
0.0
0.0
0.0
0.0
0.0
0.0
0.0
0.0
74.0
102.0
0.0
5.0
0.0
0.0
0.0
0.0
0.0
53.0
0.0
0.0
0.0
0.0
0.0
0.0
0.0
0.0
0.0
0.0
0.0
13.0
0.0
0.0
0.0
0.0
0.0
112.0
3.0
48.0
43.0
0.0
0.0
0.0
0.0
0.0
0.0
0.0
0.0
0.0
0.0
0.0
0.0
0.0
0.0
0.0
0.0
0.0
3.0
0.0
0.0
0.0
0.0
0.0
0.0
0.0
23.0
130.0
119.0
224.0
0.0
0.0
0.0
66.0
152.0
0.0
0.0
0.0
0.0
0.0
20.0
0.0
0.0
0.0
0.0
0.0
0.0
10.0
0.0
0.0
8.0
81.0
0.0
0.0
0.0
0.0
0.0
0.0
0.0
0.0
0.0
0.0
0.0
23.0
0.0
0.0
0.0
0.0
0.0
0.0
8.0
0.0
0.0
0.0
0.0
0.0
0.0
0.0
0.0
0.0
0.0
30.0
0.0
0.0
0.0
0.0
3.0
41.0
127.0
0.0
0.0
0.0
0.0
23.0
254.0
0.0
0.0
0.0
0.0
0.0
0.0
43.0
0.0
0.0
0.0
168.0
0.0
0.0
0.0
0.0
0.0
0.0
112.0
0.0
30.0
30.0
0.0
0.0
0.0
46.0
30.0
0.0
0.0
5.0
0.0
0.0
3.0
0.0
0.0
0.0
3.0
0.0
46.0
86.0
8.0
0.0
0.0
3.0
0.0
3.0
3.0
0.0
69.0
0.0
0.0
0.0
0.0
0.0
13.0
0.0
3.0
0.0
0.0
0.0
0.0
0.0
0.0
3.0
0.0
0.0
0.0
155.0
0.0
0.0
8.0
0.0
0.0
0.0
112.0
5.0
0.0
165.0
0.0
142.0
132.0
0.0
168.0
0.0
0.0
15.0
0.0
30.0
97.0
5.0
472.0
5.0
3.0
3.0
0.0
0.0
0.0
0.0
0.0
10.0
89.0
5.0
0.0
3.0
0.0
135.0
18.0
0.0
0.0
0.0
0.0
0.0
0.0
0.0
0.0
0.0
23.0
640.0
79.0
0.0
5.0
53.0
51.0
3.0
0.0
0.0
0.0
0.0
0.0
150.0
330.0
15.0
0.0
0.0
0.0
15.0
0.0
0.0
0.0
0.0
0.0
0.0
0.0
0.0
0.0
0.0
193.0
155.0
0.0
30.0
99.0
0.0
0.0
0.0
15.0
0.0
0.0
23.0
3.0
0.0
0.0
0.0
0.0
0.0
0.0
0.0
0.0
36.0
0.0
0.0
0.0
0.0
0.0
0.0
0.0
0.0
0.0
0.0
61.0
0.0
89.0
91.0
0.0
0.0
267.0
0.0
0.0
76.0
0.0
0.0
0.0
0.0
33.0
0.0
28.0
358.0
102.0
338.0
142.0
0.0
0.0
0.0
0.0
0.0
0.0
0.0
0.0
0.0
43.0
0.0
239.0
0.0
0.0
0.0
3.0
0.0
48.0
102.0
0.0
0.0
0.0
0.0
8.0
48.0
0.0
0.0
58.0
0.0
305.0
0.0
0.0
0.0
0.0
0.0
23.0
66.0
254.0
0.0
0.0
0.0
0.0
0.0
0.0
0.0
0.0
0.0
0.0
0.0
0.0
0.0
0.0
0.0
0.0
0.0
99.0
33.0
0.0
0.0
0.0
0.0
0.0
0.0
0.0
0.0
20.0
0.0
0.0
58.0
0.0
0.0
0.0
0.0
0.0
0.0
0.0
3.0
366.0
0.0
0.0
0.0
0.0
0.0
84.0
0.0
0.0
15.0
58.0
3.0
48.0
10.0
0.0
221.0
0.0
0.0
0.0
0.0
0.0
147.0
0.0
33.0
0.0
0.0
0.0
58.0
0.0
0.0
0.0
0.0
0.0
25.0
330.0
NaN
23.0
NaN
NaN
3.0
15.0
257.0
74.0
NaN
0.0
5.0
NaN
NaN
NaN
NaN
13.0
NaN
0.0
30.0
28.0
3.0
28.0
0.0
NaN
NaN
NaN
8.0
0.0
0.0
132.0
0.0
0.0
0.0
5.0
0.0
0.0
0.0
64.0
64.0
13.0
0.0
0.0
58.0
38.0
0.0
5.0
0.0
0.0
0.0
0.0
0.0
3.0
0.0
0.0
0.0
3.0
0.0
0.0
5.0
0.0
0.0
0.0
0.0
0.0
0.0
0.0
0.0
0.0
0.0
0.0
0.0
0.0
0.0
0.0
0.0
0.0
30.0
0.0
25.0
0.0
0.0
0.0
71.0
0.0
0.0
5.0
0.0
0.0
0.0
0.0
0.0
0.0
0.0
0.0
0.0
0.0
0.0
0.0
0.0
0.0
0.0
0.0
0.0
20.0
0.0
0.0
0.0
0.0
0.0
0.0
0.0
0.0
0.0
0.0
43.0
0.0
0.0
0.0
38.0
84.0
183.0
13.0
0.0
0.0
0.0
0.0
71.0
0.0
0.0
0.0
102.0
114.0
8.0
28.0
0.0
0.0
0.0
36.0
102.0
33.0
48.0
41.0
8.0
0.0
0.0
69.0
0.0
157.0
0.0
0.0
0.0
0.0
10.0
5.0
0.0
0.0
30.0
0.0
0.0
0.0
0.0
28.0
117.0
0.0
0.0
8.0
269.0
104.0
48.0
20.0
15.0
0.0
0.0
89.0
178.0
0.0
0.0
0.0
79.0
8.0
41.0
0.0
13.0
0.0
0.0
0.0
0.0
0.0
0.0
0.0
20.0
0.0
0.0
0.0
0.0
0.0
0.0
0.0
0.0
0.0
0.0
0.0
0.0
0.0
0.0
0.0
0.0
0.0
0.0
0.0
0.0
0.0
25.0
0.0
0.0
102.0
0.0
0.0
0.0
0.0
13.0
0.0
0.0
114.0
0.0
0.0
0.0
0.0
3.0
71.0
0.0
0.0
191.0
0.0
0.0
0.0
0.0
0.0
51.0
0.0
71.0
0.0
0.0
0.0
0.0
0.0
0.0
0.0
0.0
0.0
0.0
0.0
185.0
0.0
0.0
28.0
0.0
277.0
0.0
0.0
0.0
0.0
231.0
0.0
0.0
0.0
0.0
66.0
0.0
0.0
0.0
0.0
38.0
183.0
86.0
0.0
0.0
0.0
0.0
0.0
193.0
0.0
0.0
0.0
0.0
23.0
0.0
0.0
0.0
0.0
0.0
53.0
10.0
0.0
89.0
0.0
0.0
0.0
0.0
0.0
18.0
28.0
51.0
5.0
18.0
0.0
0.0
0.0
0.0
0.0
0.0
0.0
0.0
0.0
0.0
0.0
0.0
5.0
0.0
84.0
0.0
0.0
0.0
0.0
0.0
0.0
5.0
0.0
0.0
0.0
25.0
0.0
0.0
0.0
53.0
0.0
0.0
0.0
0.0
0.0
0.0
0.0
0.0
0.0
0.0
0.0
0.0
0.0
0.0
38.0
0.0
0.0
10.0
23.0
0.0
0.0
140.0
0.0
0.0
0.0
0.0
0.0
25.0
0.0
0.0
0.0
0.0
0.0
0.0
33.0
0.0
0.0
0.0
0.0
0.0
0.0
0.0
5.0
0.0
0.0
0.0
15.0
3.0
NaN
8.0
NaN
0.0
56.0
0.0
0.0
0.0
10.0
30.0
0.0
3.0
28.0
3.0
3.0
3.0
0.0
0.0
10.0
5.0
38.0
20.0
0.0
0.0
30.0
0.0
0.0
5.0
0.0
0.0
0.0
0.0
0.0
13.0
3.0
0.0
0.0
0.0
0.0
0.0
0.0
0.0
0.0
102.0
147.0
0.0
0.0
0.0
0.0
0.0
3.0
3.0
135.0
0.0
36.0
135.0
64.0
0.0
0.0
0.0
0.0
0.0
0.0
28.0
0.0
0.0
0.0
0.0
0.0
0.0
0.0
5.0
0.0
0.0
0.0
0.0
0.0
0.0
28.0
0.0
0.0
0.0
0.0
0.0
0.0
0.0
0.0
0.0
20.0
0.0
0.0
0.0
66.0
18.0
0.0
36.0
5.0
0.0
0.0
48.0
0.0
61.0
221.0
25.0
0.0
3.0
0.0
0.0
0.0
20.0
198.0
0.0
0.0
0.0
0.0
3.0
213.0
0.0
15.0
0.0
0.0
0.0
0.0
0.0
0.0
84.0
417.0
5.0
132.0
0.0
0.0
0.0
0.0
0.0
0.0
46.0
0.0
0.0
0.0
0.0
0.0
191.0
0.0
0.0
3.0
0.0
0.0
13.0
74.0
79.0
56.0
0.0
0.0
0.0
0.0
33.0
10.0
0.0
13.0
0.0
142.0
0.0
0.0
0.0
61.0
0.0
0.0
0.0
15.0
36.0
3.0
0.0
0.0
0.0
25.0
292.0
0.0
0.0
3.0
0.0
0.0
0.0
279.0
74.0
8.0
0.0
0.0
3.0
0.0
0.0
0.0
0.0
0.0
0.0
48.0
0.0
0.0
107.0
0.0
0.0
0.0
0.0
0.0
5.0
0.0
0.0
0.0
5.0
0.0
0.0
0.0
86.0
10.0
25.0
0.0
0.0
33.0
0.0
0.0
3.0
168.0
0.0
122.0
0.0
18.0
0.0
5.0
0.0
0.0
15.0
544.0
315.0
282.0
127.0
51.0
53.0
0.0
0.0
0.0
0.0
0.0
38.0
0.0
0.0
0.0
0.0
0.0
51.0
0.0
0.0
0.0
0.0
0.0
0.0
0.0
0.0
0.0
127.0
3.0
0.0
18.0
3.0
51.0
61.0
592.0
3.0
0.0
0.0
216.0
0.0
0.0
142.0
0.0
0.0
33.0
5.0
0.0
0.0
58.0
81.0
0.0
208.0
0.0
112.0
0.0
5.0
46.0
0.0
0.0
0.0
0.0
0.0
0.0
0.0
97.0
10.0
25.0
0.0
0.0
0.0
0.0
0.0
0.0
0.0
0.0
0.0
8.0
0.0
0.0
0.0
51.0
46.0
0.0
0.0
0.0
0.0
0.0
201.0
0.0
0.0
168.0
180.0
246.0
58.0
0.0
5.0
0.0
0.0
213.0
0.0
13.0
0.0
0.0
30.0
0.0
0.0
0.0
0.0
0.0
46.0
0.0
0.0
3.0
0.0
23.0
0.0
0.0
0.0
0.0
0.0
0.0
163.0
0.0
0.0
0.0
0.0
0.0
28.0
0.0
0.0
0.0
0.0
43.0
0.0
0.0
0.0
0.0
102.0
0.0
0.0
0.0
NaN
46.0
0.0
0.0
0.0
0.0
0.0
0.0
0.0
30.0
0.0
0.0
0.0
0.0
0.0
10.0
0.0
0.0
0.0
0.0
0.0
8.0
0.0
0.0
0.0
0.0
0.0
8.0
0.0
0.0
0.0
0.0
0.0
25.0
0.0
0.0
3.0
0.0
0.0
0.0
0.0
0.0
0.0
0.0
0.0
5.0
23.0
0.0
0.0
0.0
8.0
0.0
0.0
8.0
0.0
0.0
46.0
0.0
152.0
0.0
0.0
0.0
0.0
0.0
20.0
3.0
0.0
0.0
0.0
0.0
0.0
0.0
66.0
0.0
0.0
155.0
43.0
0.0
13.0
0.0
0.0
64.0
58.0
0.0
0.0
0.0
0.0
0.0
0.0
0.0
0.0
0.0
10.0
66.0
0.0
0.0
0.0
0.0
58.0
0.0
0.0
0.0
0.0
0.0
0.0
0.0
18.0
0.0
3.0
79.0
119.0
0.0
0.0
71.0
5.0
0.0
3.0
0.0
61.0
0.0
244.0
3.0
0.0
13.0
3.0
8.0
0.0
64.0
0.0
66.0
0.0
0.0
0.0
254.0
33.0
5.0
0.0
0.0
10.0
0.0
0.0
0.0
3.0
10.0
69.0
0.0
0.0
0.0
173.0
109.0
5.0
23.0
0.0
0.0
64.0
58.0
23.0
0.0
5.0
0.0
0.0
0.0
0.0
0.0
0.0
0.0
41.0
528.0
69.0
0.0
0.0
0.0
0.0
97.0
0.0
0.0
0.0
0.0
0.0
0.0
0.0
0.0
0.0
94.0
0.0
0.0
0.0
0.0
0.0
0.0
175.0
0.0
0.0
76.0
0.0
0.0
137.0
0.0
0.0
0.0
0.0
0.0
5.0
343.0
292.0
0.0
56.0
0.0
0.0
0.0
0.0
226.0
0.0
18.0
155.0
0.0
0.0
0.0
0.0
3.0
3.0
122.0
338.0
5.0
175.0
15.0
3.0
3.0
0.0
0.0
0.0
0.0
0.0
724.0
282.0
0.0
5.0
0.0
0.0
0.0
0.0
0.0
3.0
0.0
0.0
0.0
3.0
18.0
0.0
0.0
0.0
0.0
0.0
0.0
0.0
0.0
0.0
0.0
0.0
0.0
582.0
0.0
51.0
0.0
132.0
5.0
130.0
0.0
0.0
0.0
8.0
0.0
0.0
53.0
0.0
0.0
0.0
0.0
25.0
0.0
0.0
0.0
0.0
58.0
173.0
5.0
533.0
58.0
0.0
0.0
0.0
0.0
0.0
0.0
0.0
0.0
51.0
229.0
0.0
0.0
0.0
0.0
0.0
0.0
3.0
0.0
46.0
0.0
0.0
0.0
0.0
0.0
64.0
0.0
0.0
0.0
0.0
0.0
43.0
203.0
0.0
0.0
0.0
0.0
0.0
0.0
0.0
0.0
0.0
0.0
3.0
0.0
0.0
0.0
0.0
0.0
0.0
97.0
132.0
0.0
0.0
33.0
0.0
0.0
0.0
0.0
0.0
0.0
0.0
0.0
0.0
0.0
0.0
91.0
0.0
0.0
5.0
0.0
0.0
0.0
0.0
0.0
0.0
0.0
0.0
0.0
10.0
0.0
0.0
0.0
0.0
0.0
20.0
13.0
20.0
8.0
0.0
0.0
0.0
0.0
0.0
0.0
0.0
10.0
0.0
0.0
0.0
0.0
0.0
0.0
81.0
0.0
0.0
0.0
8.0
5.0
5.0
0.0
0.0
0.0
0.0
0.0
0.0
0.0
0.0
0.0
0.0
0.0
3.0
0.0
0.0
0.0
0.0
0.0
0.0
0.0
0.0
0.0
5.0
157.0
89.0
3.0
0.0
5.0
56.0
8.0
0.0
8.0
0.0
3.0
0.0
8.0
0.0
0.0
0.0
0.0
0.0
0.0
0.0
41.0
79.0
5.0
5.0
3.0
0.0
0.0
18.0
188.0
0.0
140.0
58.0
3.0
0.0
0.0
0.0
0.0
0.0
0.0
0.0
41.0
74.0
71.0
0.0
0.0
0.0
0.0
132.0
191.0
10.0
3.0
0.0
0.0
0.0
0.0
0.0
0.0
0.0
0.0
0.0
0.0
0.0
0.0
0.0
0.0
0.0
0.0
0.0
0.0
0.0
0.0
58.0
3.0
213.0
0.0
0.0
18.0
8.0
0.0
0.0
10.0
79.0
79.0
69.0
0.0
56.0
0.0
13.0
208.0
48.0
3.0
0.0
0.0
8.0
526.0
0.0
0.0
0.0
0.0
5.0
18.0
0.0
0.0
0.0
109.0
132.0
8.0
0.0
0.0
0.0
0.0
0.0
0.0
0.0
84.0
0.0
0.0
0.0
0.0
0.0
264.0
0.0
0.0
0.0
20.0
0.0
0.0
0.0
0.0
69.0
3.0
0.0
0.0
0.0
30.0
0.0
0.0
269.0
127.0
0.0
25.0
20.0
0.0
241.0
173.0
122.0
0.0
69.0
41.0
0.0
0.0
0.0
25.0
0.0
0.0
0.0
0.0
0.0
64.0
0.0
3.0
0.0
0.0
0.0
0.0
8.0
91.0
0.0
36.0
0.0
56.0
193.0
0.0
23.0
269.0
0.0
0.0
0.0
8.0
0.0
0.0
0.0
0.0
0.0
0.0
0.0
0.0
0.0
0.0
0.0
0.0
8.0
0.0
0.0
0.0
0.0
0.0
0.0
0.0
0.0
0.0
0.0
79.0
0.0
0.0
0.0
0.0
292.0
178.0
0.0
0.0
254.0
8.0
0.0
0.0
3.0
10.0
0.0
0.0
0.0
3.0
84.0
0.0
0.0
0.0
0.0
84.0
5.0
8.0
0.0
0.0
94.0
0.0
0.0
0.0
0.0
0.0
109.0
124.0
0.0
0.0
3.0
0.0
8.0
0.0
0.0
0.0
76.0
10.0
48.0
152.0
10.0
0.0
0.0
0.0
0.0
0.0
0.0
0.0
0.0
97.0
0.0
0.0
0.0
0.0
0.0
5.0
0.0
0.0
0.0
8.0
114.0
0.0
0.0
13.0
0.0
0.0
0.0
10.0
5.0
13.0
97.0
137.0
30.0
3.0
3.0
3.0
0.0
18.0
5.0
0.0
0.0
0.0
0.0
0.0
0.0
0.0
0.0
0.0
0.0
0.0
0.0
0.0
0.0
0.0
10.0
0.0
0.0
0.0
0.0
0.0
0.0
0.0
0.0
0.0
30.0
3.0
0.0
0.0
0.0
0.0
0.0
0.0
0.0
0.0
0.0
0.0
10.0
0.0
0.0
0.0
89.0
0.0
25.0
0.0
3.0
48.0
0.0
43.0
0.0
0.0
0.0
102.0
0.0
0.0
0.0
76.0
5.0
0.0
0.0
51.0
30.0
0.0
0.0
0.0
0.0
0.0
0.0
0.0
38.0
0.0
0.0
0.0
0.0
0.0
0.0
10.0
3.0
0.0
0.0
0.0
0.0
0.0
0.0
0.0
0.0
0.0
8.0
18.0
3.0
3.0
0.0
10.0
0.0
0.0
0.0
0.0
0.0
0.0
5.0
0.0
0.0
0.0
3.0
5.0
0.0
0.0
76.0
267.0
208.0
185.0
366.0
0.0
36.0
