NaN
NaN
NaN
NaN
NaN
NaN
NaN
NaN
NaN
NaN
NaN
NaN
NaN
NaN
NaN
NaN
NaN
NaN
NaN
NaN
NaN
NaN
NaN
NaN
NaN
NaN
NaN
NaN
NaN
NaN
NaN
NaN
NaN
NaN
NaN
NaN
NaN
NaN
NaN
NaN
NaN
NaN
NaN
NaN
NaN
NaN
NaN
NaN
NaN
NaN
NaN
NaN
NaN
NaN
NaN
NaN
NaN
NaN
NaN
NaN
NaN
NaN
NaN
NaN
NaN
1.13214285714
6.47096774194
11.2733333333
16.6612903226
11.9258064516
9.57586206897
5.51935483871
-1.59615384615
NaN
-6.4724137931
-8.07692307692
-2.28620689655
0.66
8.19677419355
13.0133333333
14.5096774194
14.8322580645
12.0866666667
5.53666666667
-3.91481481481
-7.46
-9.37
-12.8148148148
-5.89
3.83666666667
8.45483870968
13.7266666667
14.9387096774
14.1580645161
8.8
6.24193548387
0.16
-6.81612903226
-6.88709677419
-11.4285714286
-8.50967741935
2.16333333333
9.04666666667
12.06
14.964516129
17.2935483871
11.7933333333
7.40967741935
-1.03
-5.71290322581
-8.68709677419
-14.9964285714
-4.3
1.01333333333
6.99677419355
13.43
17.5709677419
13.8193548387
10.3166666667
4.32258064516
-2.61333333333
-9.22258064516
-9.50967741935
-12.1678571429
-1.86774193548
1.17666666667
8.0064516129
11.39
16.0032258065
11.5290322581
9.17931034483
4.65806451613
2.67931034483
-8.07419354839
-9.51290322581
-8.97142857143
-0.248387096774
1.62666666667
8.26129032258
9.90333333333
14.2967741935
12.3387096774
9.45
3.86129032258
-4.49666666667
NaN
-14.8387096774
-15.3068965517
-4.58709677419
-0.986666666667
7.38387096774
13.0066666667
14.864516129
12.3935483871
11.6333333333
4.2935483871
-1.42666666667
-10.0903225806
-12.0774193548
-13.1857142857
-2.41
1.52857142857
8.31290322581
13.3633333333
15.8193548387
15.4677419355
11.3366666667
NaN
NaN
NaN
NaN
NaN
NaN
NaN
8.69285714286
13.61
14.5419354839
16.0724137931
12.6620689655
4.51935483871
-1.18666666667
-6.51612903226
-7.93548387097
-11.3142857143
-1.57666666667
-1.64666666667
3.98709677419
NaN
15.6870967742
13.4483870968
11.7766666667
3.09677419355
-2.05666666667
-5.46774193548
-8.29
-10.4230769231
-2.26206896552
2.75333333333
9.39032258065
12.7037037037
16.7
13.6903225806
12.6366666667
4.68064516129
-1.45
-6.25
-6.32580645161
-6.37407407407
-3.96129032258
0.865517241379
7.46333333333
13.8379310345
14.0903225806
14.9419354839
9.94
2.06451612903
1.99
-9.23333333333
-8.06129032258
-9.725
1.01612903226
3.97333333333
5.84516129032
11.6733333333
15.5933333333
13.9096774194
10.8655172414
6.16666666667
-2.13
-9.11290322581
-7.09032258065
-5.49285714286
-4.84193548387
2.11333333333
11.3322580645
14.3
15.5419354839
14.4387096774
11.8733333333
4.42903225806
-3.02068965517
-4.07333333333
-15.6258064516
-12.2285714286
-8.61935483871
2.45714285714
8.76
11.9333333333
16.2433333333
13.6034482759
12.5033333333
4.53
-0.28
-4.79677419355
-5.8
-9.93333333333
-5.08709677419
2.33666666667
8.13870967742
12.6965517241
16.1483870968
15.3033333333
9.97333333333
5.48846153846
2.01785714286
-2.73076923077
-5.20666666667
NaN
NaN
1.40357142857
8.80322580645
14.0137931034
15.7709677419
14.9225806452
9.98275862069
7.12903225806
-0.814285714286
-8.60322580645
-9.79666666667
-4.53928571429
NaN
NaN
NaN
11.3555555556
14.8677419355
NaN
12.1517241379
4.83461538462
0.0230769230769
-7.67307692308
-6.11612903226
-9.8
-7.22258064516
2.16666666667
8.62666666667
11.0517241379
17.9
15.4677419355
10.34
3.2275862069
-0.544827586207
-8.78387096774
-10.3481481481
NaN
-2.96666666667
1.15666666667
4.97037037037
12.2259259259
15.4428571429
13.9961538462
8.70666666667
0.703571428571
-2.09333333333
-10.4857142857
-16.2142857143
-9.46666666667
-2.44
0.668965517241
11.5862068966
12.0931034483
14.0733333333
16.7
6.98928571429
6.7
0.65
-2.17419354839
-5.89677419355
-6.72592592593
-3.26785714286
2.57666666667
7.27142857143
16.3931034483
16.0935483871
14.4967741935
12.424137931
6.96451612903
-1.24814814815
-11.0233333333
-13.8548387097
-9.9275862069
-3.02580645161
0.0233333333333
6.03225806452
13.6633333333
13.5733333333
12.98
11.46
8.2
-0.565517241379
-4.0
-5.38387096774
-5.36785714286
-0.193548387097
5.16333333333
9.53666666667
15.4566666667
18.4548387097
14.1233333333
13.4933333333
5.45161290323
-0.93
-5.02
-11.3806451613
-7.16785714286
-3.06
3.49666666667
10.3548387097
13.7666666667
14.9838709677
14.0806451613
11.8466666667
5.90322580645
1.28333333333
-7.09333333333
-6.8935483871
-11.1964285714
-5.88666666667
1.21
4.90967741935
14.9733333333
14.3433333333
13.5806451613
11.7766666667
3.27741935484
-0.603333333333
-1.81935483871
-11.7516129032
-8.83214285714
-4.07419354839
1.70666666667
4.78387096774
12.3533333333
13.564516129
13.7193548387
8.36206896552
5.94516129032
-1.62
-9.60322580645
-11.2933333333
-6.02857142857
-3.26451612903
3.6
4.31290322581
15.1766666667
14.6129032258
14.064516129
13.34
1.67096774194
-1.70666666667
-7.8
-8.43
-7.21428571429
-7.17741935484
-1.09666666667
7.20322580645
10.3866666667
15.0838709677
16.3096774194
11.1066666667
4.94333333333
-2.06333333333
-8.65666666667
-9.17333333333
-4.25
-0.951612903226
2.22333333333
NaN
10.9066666667
14.6838709677
10.6516129032
13.1633333333
6.55161290323
1.34
-6.36451612903
-8.1064516129
-7.13928571429
-4.13548387097
0.55
7.54193548387
11.09
15.5806451613
14.964516129
8.55333333333
7.07333333333
0.628571428571
-3.97419354839
-12.3433333333
-10.8714285714
-0.487096774194
3.66
6.51290322581
10.7107142857
15.3741935484
12.0133333333
10.96
3.46129032258
-1.97666666667
-6.74193548387
-11.0033333333
-3.28888888889
-4.38387096774
2.15
9.40322580645
14.5931034483
16.5935483871
13.9258064516
11.1066666667
4.14516129032
-0.158620689655
-6.28064516129
-5.99032258065
-3.93214285714
-3.53548387097
1.81333333333
7.0064516129
14.63
17.0225806452
14.4533333333
13.6586206897
7.93548387097
3.93666666667
-1.54193548387
-1.82903225806
-4.22857142857
-6.49333333333
0.563333333333
8.69
13.69
14.7419354839
14.4548387097
9.94666666667
6.01935483871
-3.25666666667
-7.25483870968
-3.78965517241
-9.05384615385
-3.62666666667
2.87333333333
10.0032258065
15.4642857143
15.3741935484
13.3161290323
13.5266666667
3.43548387097
-2.79
-6.53870967742
-5.82580645161
-14.8407407407
-6.66129032258
1.31724137931
9.10967741935
15.6866666667
17.4225806452
13.9096774194
12.5466666667
4.87419354839
1.7724137931
-7.98709677419
-9.37857142857
-7.95357142857
-1.10967741935
1.37586206897
5.12258064516
12.575
18.2290322581
16.2967741935
9.70333333333
4.54516129032
-0.15
-8.64482758621
-11.3419354839
-14.8724137931
-2.15
-0.08
9.61935483871
11.5566666667
16.1258064516
16.2032258065
12.4068965517
NaN
-4.28928571429
-4.53333333333
-7.20967741935
-7.14285714286
-5.39032258065
2.02
8.25806451613
13.3366666667
15.4419354839
15.8967741935
9.13666666667
3.63793103448
-1.81379310345
-7.3
-8.63225806452
-5.25555555556
-0.122580645161
3.46333333333
8.7
12.66
15.4612903226
15.6
11.0
5.02903225806
-1.28333333333
-5.42903225806
-6.71935483871
-8.20714285714
-3.11612903226
1.40666666667
9.43548387097
14.8166666667
14.8612903226
14.8903225806
11.1821428571
4.76
-1.43666666667
-3.26774193548
-12.8733333333
-7.54827586207
-5.76774193548
-0.803448275862
6.66774193548
14.0133333333
15.1516129032
14.9290322581
9.19333333333
4.52258064516
-2.40333333333
-3.85483870968
-7.11935483871
-9.12857142857
-6.86451612903
4.31666666667
9.15483870968
13.8766666667
15.0193548387
13.8870967742
12.7
7.04193548387
0.81
-2.04193548387
-8.67741935484
-10.1642857143
-1.28709677419
4.03333333333
9.32258064516
14.0433333333
15.3193548387
13.8193548387
8.69230769231
4.92903225806
0.292857142857
-7.85161290323
-10.0580645161
-7.19642857143
-4.96774193548
-0.13
8.13870967742
16.6866666667
15.8419354839
15.4483870968
9.0
3.88709677419
-2.14666666667
-7.93548387097
-6.33
-7.51034482759
-6.07419354839
0.276666666667
10.6129032258
14.8133333333
14.2838709677
13.7774193548
9.16
1.53225806452
0.07
-11.3096774194
-14.6258064516
-7.87857142857
0.483870967742
3.95
5.04516129032
11.8
13.7966666667
13.6032258065
12.22
3.76774193548
0.406666666667
-9.13225806452
-7.72903225806
-7.86428571429
2.16451612903
2.10666666667
6.99677419355
13.37
14.2129032258
11.7096774194
9.13666666667
6.12580645161
1.05333333333
-5.32580645161
-6.56451612903
-11.25
-6.09032258065
2.09666666667
7.04838709677
12.13
14.0483870968
17.9870967742
11.48
7.86129032258
-1.76333333333
-5.82580645161
-12.3935483871
-9.43103448276
-4.36451612903
4.88333333333
6.65483870968
12.5766666667
15.664516129
13.8935483871
11.96
2.79032258065
2.35333333333
-4.76129032258
-4.83870967742
-6.14814814815
-2.95806451613
1.42666666667
8.63225806452
15.4666666667
17.8032258065
14.2612903226
7.92
6.86129032258
-0.826666666667
-4.15161290323
-5.56774193548
-7.73214285714
-5.3935483871
-0.166666666667
7.88666666667
13.3333333333
13.2935483871
13.1483870968
10.7966666667
7.01290322581
-2.87
-9.96
-6.25161290323
-7.38571428571
-2.82258064516
1.49666666667
9.03333333333
12.78
14.8612903226
13.41
8.77333333333
5.30333333333
-4.18666666667
-8.25185185185
-6.32903225806
-5.26551724138
-3.81612903226
2.57
7.26129032258
15.1633333333
15.9806451613
12.6066666667
8.50333333333
0.113793103448
-0.88275862069
-3.40967741935
-5.71612903226
-5.975
-1.02413793103
1.16
9.17741935484
13.2896551724
14.635483871
12.5967741935
8.36666666667
3.65483870968
0.153333333333
-4.71612903226
-7.99677419355
-3.98928571429
-5.14193548387
3.96551724138
4.64193548387
14.4066666667
13.4580645161
13.7967741935
11.3
5.9064516129
-0.753333333333
-5.43225806452
-8.52903225806
-7.39642857143
-4.03225806452
5.05333333333
8.56129032258
11.13
17.8838709677
16.8806451613
9.83333333333
5.31935483871
-2.82
-8.0935483871
-9.1
-7.74137931034
-5.06129032258
0.423333333333
7.62580645161
13.5133333333
14.7451612903
14.3032258065
7.86666666667
5.2935483871
-1.31
-2.56129032258
-11.2612903226
-6.15714285714
-3.67419354839
3.42333333333
7.63870967742
14.0766666667
15.0548387097
13.7580645161
10.3466666667
3.2
-0.333333333333
-4.13333333333
-8.02580645161
-10.3892857143
-2.2935483871
3.09666666667
5.72580645161
10.21
15.3032258065
13.6903225806
10.5333333333
5.26774193548
0.143333333333
-10.9516129032
-12.0677419355
-8.62857142857
-3.74838709677
2.84666666667
10.4967741935
13.1966666667
14.3161290323
17.7064516129
11.5533333333
5.41612903226
-3.35333333333
-3.17096774194
-6.07419354839
-6.54827586207
-9.64193548387
4.39333333333
7.95483870968
11.5966666667
12.9935483871
14.6903225806
12.0366666667
4.35483870968
0.466666666667
-9.31290322581
-10.0
-6.23571428571
-1.42258064516
0.3
5.97741935484
12.1033333333
14.9548387097
14.935483871
13.55
5.9064516129
-1.23333333333
-6.64516129032
-11.364516129
-9.25
-3.94838709677
1.69666666667
11.4096774194
12.3066666667
14.0903225806
13.1225806452
9.22333333333
6.24193548387
-1.63333333333
-9.74838709677
-13.7096774194
-13.5964285714
-2.78709677419
1.93333333333
6.0064516129
11.6466666667
14.1322580645
12.2967741935
8.24333333333
6.67096774194
2.16333333333
-10.4064516129
-6.32580645161
-8.43448275862
-4.06129032258
3.23666666667
9.76774193548
13.56
15.8064516129
12.1
9.64333333333
1.17419354839
-0.24
-7.39032258065
-9.11935483871
-9.30357142857
-6.15483870968
0.93
10.2
10.7166666667
12.3483870968
13.4516129032
11.9366666667
4.07741935484
-0.94
-3.17419354839
-11.6838709677
-7.62142857143
-2.87419354839
0.85
4.02903225806
12.1233333333
14.164516129
12.035483871
7.53666666667
1.90322580645
-0.683333333333
-7.62580645161
-7.61290322581
-12.5035714286
-4.66129032258
1.98666666667
4.37419354839
13.79
14.0483870968
11.3419354839
7.15666666667
4.78709677419
-2.63
-5.17096774194
-10.4838709677
-10.5172413793
-2.85806451613
2.61333333333
6.03870967742
12.37
13.8774193548
14.3483870968
10.0366666667
4.03870967742
-1.23666666667
-8.14838709677
-10.3516129032
-8.125
-6.53225806452
2.05666666667
6.37419354839
11.8333333333
15.1451612903
13.5
10.1233333333
3.86774193548
-2.37
-8.31290322581
-14.1903225806
-10.2214285714
-6.11290322581
2.34
8.83225806452
12.6
16.0612903226
14.0483870968
10.9833333333
5.98387096774
-0.366666666667
-6.52903225806
-12.4387096774
-7.55357142857
-5.15806451613
-0.146666666667
4.94193548387
14.5366666667
13.4516129032
11.9516129032
12.32
8.45161290323
-1.87
-4.34516129032
-10.835483871
-10.3448275862
-5.54193548387
0.13
7.72580645161
10.7433333333
14.4064516129
13.6516129032
10.6
2.18709677419
-1.00666666667
-6.10322580645
-6.44838709677
-8.48214285714
1.21612903226
3.72333333333
6.55806451613
15.0766666667
15.4580645161
15.5032258065
11.2
7.3064516129
0.843333333333
-6.61612903226
-7.50322580645
-9.06428571429
-2.44193548387
3.07333333333
7.03548387097
11.8933333333
15.0
14.1290322581
8.14666666667
2.91290322581
0.0366666666667
-4.88387096774
-6.49677419355
-7.2
-4.68064516129
-0.466666666667
10.2483870968
14.6533333333
14.2838709677
16.1483870968
8.53333333333
3.49666666667
1.09
-7.25806451613
-12.8870967742
-7.425
-2.12333333333
2.24666666667
5.5064516129
12.8133333333
14.7548387097
11.0064516129
8.20666666667
1.73870967742
-4.71333333333
-11.4233333333
-16.3933333333
-8.95357142857
-0.712903225806
4.09666666667
9.43870967742
10.5733333333
15.7967741935
13.9774193548
12.2966666667
3.59032258065
0.936666666667
-7.9935483871
-11.4483870968
-18.2928571429
-7.27419354839
0.886666666667
8.35333333333
12.2
14.4838709677
12.9966666667
11.6266666667
3.71290322581
-1.1
-6.55483870968
-12.6633333333
-15.9407407407
-2.6
1.70333333333
7.54193548387
12.5766666667
12.9266666667
14.1666666667
9.16333333333
5.11290322581
-0.966666666667
-5.00322580645
-8.90967741935
-11.2413793103
-6.28666666667
1.95666666667
7.35161290323
10.7
15.65
15.9580645161
10.7133333333
2.31290322581
-2.35
-8.52903225806
-12.5064516129
-7.54814814815
-3.35483870968
2.96333333333
6.58064516129
13.58
15.0548387097
12.9548387097
9.45666666667
1.47096774194
-2.24
-7.33870967742
-15.2407407407
-12.5961538462
-4.55161290323
-0.68
11.0419354839
11.9896551724
15.7833333333
12.6935483871
10.2133333333
4.51612903226
-0.971428571429
-4.62413793103
-7.45161290323
-7.18928571429
-4.38
0.156666666667
4.95666666667
11.7965517241
15.1451612903
12.5931034483
8.01666666667
3.36071428571
-1.46071428571
-13.3551724138
-15.8333333333
-5.65769230769
-9.16
1.62592592593
3.78709677419
12.2933333333
9.83225806452
10.4142857143
8.14482758621
5.86296296296
-3.19230769231
-4.55806451613
-12.0580645161
-12.3642857143
-3.52903225806
3.88666666667
7.46666666667
10.4466666667
13.0741935484
11.7064516129
10.4866666667
4.50322580645
NaN
-11.2967741935
-11.4172413793
-10.5035714286
-4.38666666667
2.65
9.03225806452
12.1033333333
16.38
11.9903225806
10.85
4.81666666667
-3.56206896552
-4.44193548387
-9.12258064516
-8.41851851852
-2.93870967742
2.37586206897
8.60666666667
14.5896551724
17.0566666667
NaN
10.5379310345
0.446666666667
0.0222222222222
-3.76
-11.8333333333
-10.9862068966
-4.29310344828
0.892592592593
7.36551724138
11.4448275862
15.21
16.5838709677
9.50666666667
1.55806451613
0.05
-8.01612903226
-6.06
-10.8785714286
-5.1064516129
0.455172413793
6.65483870968
13.9466666667
15.2677419355
13.4
7.7
2.81935483871
-2.7
-14.0966666667
-4.18709677419
-7.20714285714
-1.72
2.18333333333
6.55806451613
12.6233333333
15.0225806452
13.5580645161
10.6666666667
2.25483870968
-0.126666666667
-5.77419354839
-9.63793103448
-6.46785714286
-3.11935483871
4.22666666667
11.735483871
14.1466666667
15.7322580645
14.1967741935
7.44
5.0064516129
-3.44333333333
-6.38064516129
-7.08064516129
-5.13214285714
-5.05806451613
0.76
6.14333333333
9.70333333333
14.135483871
11.4838709677
8.81333333333
2.26451612903
-0.34
-4.66774193548
-7.88709677419
-11.7923076923
-6.2
0.623333333333
7.31612903226
12.58
16.2896551724
14.7709677419
8.56896551724
1.04193548387
-2.15333333333
-6.74137931034
-15.55
-13.4214285714
-4.65806451613
1.74482758621
5.37
13.0448275862
15.2290322581
12.6033333333
9.96333333333
3.96333333333
0.375862068966
-3.57741935484
-8.83333333333
-10.6357142857
-3.66129032258
-0.41
7.13548387097
13.47
16.6258064516
18.5741935484
7.51428571429
5.8935483871
-4.71071428571
-9.26774193548
-11.5741935484
-10.2678571429
-8.05333333333
-0.3
7.35483870968
14.1
12.9161290323
14.4833333333
9.90666666667
4.06333333333
-3.93
-4.41935483871
-11.28
-5.95357142857
-3.2935483871
-0.386206896552
4.52666666667
13.85
14.6838709677
12.69
9.00666666667
3.08709677419
-2.14
-4.6064516129
-4.04516129032
-3.05357142857
-1.74482758621
2.38666666667
10.9967741935
13.1068965517
14.975862069
15.1483870968
11.1321428571
4.75161290323
0.63
-4.01612903226
-11.1903225806
-6.8
NaN
NaN
9.04838709677
14.33
NaN
12.8806451613
8.31034482759
2.39677419355
-0.23
-5.32142857143
-11.2448275862
-6.82068965517
-0.851612903226
1.25
8.96129032258
13.9689655172
13.864516129
13.9612903226
9.31666666667
5.56666666667
NaN
-14.3
-9.61333333333
-7.46071428571
-5.73548387097
2.38333333333
9.27096774194
12.8866666667
NaN
15.264516129
8.53666666667
4.50967741935
2.30689655172
-2.83870967742
-5.17419354839
-6.41428571429
-5.11034482759
2.83103448276
5.52258064516
14.12
16.5612903226
15.2419354839
10.61
3.23
-1.30666666667
-7.33870967742
-12.0903225806
-11.7285714286
-5.21379310345
1.50357142857
NaN
12.1896551724
15.0903225806
15.4322580645
NaN
NaN
NaN
NaN
-12.235483871
-10.0034482759
NaN
NaN
NaN
NaN
NaN
NaN
NaN
NaN
NaN
-7.37
NaN
NaN
-6.07096774194
2.02333333333
NaN
16.6633333333
15.6741935484
NaN
10.5620689655
4.69333333333
-0.0965517241379
-7.7064516129
-1.59677419355
-6.72142857143
-3.04838709677
NaN
NaN
13.3133333333
NaN
15.4870967742
NaN
NaN
1.24
-1.93548387097
-5.03225806452
-14.4357142857
NaN
NaN
9.46774193548
13.1448275862
13.4580645161
NaN
10.1666666667
7.71612903226
-1.64666666667
-6.31612903226
-7.22666666667
-9.76428571429
-6.79
2.12666666667
5.45161290323
14.48
14.8032258065
13.4129032258
11.2433333333
2.76451612903
-1.74333333333
-8.56923076923
-14.9275862069
-8.94444444444
-4.15
2.55333333333
7.78387096774
13.37
12.9064516129
14.0870967742
10.6
3.41612903226
1.11
-6.65
-8.79032258065
-8.31428571429
-2.12903225806
6.85517241379
11.6387096774
15.6133333333
16.9774193548
16.5548387097
11.2233333333
4.76774193548
-2.43
NaN
NaN
NaN
NaN
NaN
NaN
NaN
NaN
NaN
NaN
NaN
NaN
-3.28387096774
-6.93870967742
-5.54137931034
3.06451612903
1.52
9.70322580645
12.3133333333
17.4967741935
12.9032258065
9.51666666667
NaN
-3.32
-2.48387096774
-8.17419354839
-9.825
-5.80967741935
0.313333333333
9.40322580645
13.7333333333
16.1419354839
13.6225806452
10.22
4.82903225806
-1.82
-7.52903225806
-16.0580645161
-14.0428571429
-10.464516129
1.35
7.95483870968
14.78
13.2774193548
14.4612903226
9.25
3.96451612903
-3.78
-3.57096774194
-12.0580645161
-18.5785714286
-6.9935483871
0.96
9.98709677419
14.02
14.2193548387
13.7870967742
12.4
5.18387096774
0.346666666667
-0.00967741935484
-8.56451612903
-6.8275862069
-1.08709677419
1.44
7.89032258065
13.1933333333
16.2838709677
16.6838709677
12.04
6.46774193548
1.0
-7.15483870968
-5.25161290323
-4.31428571429
-3.33225806452
4.06
5.75666666667
13.5466666667
15.1774193548
13.1935483871
NaN
NaN
