NaN
NaN
NaN
NaN
NaN
NaN
NaN
NaN
NaN
NaN
NaN
NaN
NaN
NaN
NaN
NaN
NaN
NaN
NaN
NaN
NaN
NaN
NaN
NaN
NaN
NaN
NaN
NaN
NaN
NaN
NaN
NaN
NaN
NaN
NaN
NaN
NaN
NaN
NaN
NaN
NaN
NaN
NaN
NaN
NaN
NaN
NaN
NaN
NaN
NaN
NaN
NaN
NaN
NaN
NaN
NaN
NaN
NaN
NaN
NaN
NaN
NaN
NaN
NaN
NaN
NaN
NaN
NaN
NaN
NaN
NaN
NaN
NaN
NaN
NaN
NaN
NaN
NaN
NaN
NaN
NaN
NaN
NaN
NaN
NaN
NaN
NaN
NaN
NaN
NaN
NaN
NaN
NaN
NaN
NaN
NaN
NaN
NaN
NaN
NaN
NaN
NaN
NaN
NaN
NaN
NaN
NaN
NaN
NaN
NaN
NaN
NaN
NaN
NaN
NaN
NaN
NaN
NaN
NaN
NaN
NaN
NaN
NaN
NaN
NaN
NaN
NaN
NaN
NaN
NaN
NaN
NaN
NaN
NaN
NaN
NaN
NaN
NaN
NaN
NaN
82.0
797.0
707.0
424.0
529.0
714.0
236.0
294.0
239.0
NaN
358.0
86.0
38.0
205.0
630.0
222.0
1253.0
127.0
447.0
86.0
251.0
NaN
305.0
160.0
114.0
0.0
NaN
386.0
996.0
366.0
326.0
68.0
0.0
407.0
76.0
255.0
228.0
305.0
1575.0
656.0
520.0
633.0
394.0
782.0
337.0
635.0
82.0
NaN
508.0
189.0
158.0
261.0
1853.0
1158.0
148.0
NaN
29.0
51.0
127.0
6.0
14.0
157.0
283.0
1023.0
493.0
992.0
407.0
188.0
NaN
NaN
3.0
28.0
0.0
107.0
216.0
538.0
534.0
247.0
302.0
NaN
NaN
NaN
NaN
NaN
NaN
184.0
105.0
276.0
420.0
696.0
2246.0
1348.0
360.0
69.0
126.0
8.0
166.0
183.0
245.0
33.0
2038.0
1257.0
711.0
577.0
537.0
0.0
339.0
25.0
204.0
NaN
203.0
1204.0
893.0
273.0
694.0
275.0
478.0
51.0
50.0
294.0
114.0
211.0
338.0
569.0
130.0
316.0
1006.0
580.0
228.0
81.0
219.0
199.0
NaN
163.0
381.0
310.0
1801.0
567.0
114.0
225.0
308.0
141.0
345.0
102.0
64.0
214.0
325.0
1043.0
1294.0
812.0
728.0
327.0
178.0
312.0
41.0
167.0
25.0
94.0
526.0
1445.0
951.0
530.0
429.0
285.0
106.0
131.0
229.0
NaN
127.0
335.0
150.0
86.0
557.0
673.0
452.0
127.0
356.0
51.0
NaN
13.0
270.0
464.0
254.0
838.0
662.0
1271.0
788.0
43.0
79.0
25.0
51.0
94.0
115.0
86.0
325.0
1547.0
501.0
1190.0
820.0
210.0
211.0
26.0
289.0
63.0
0.0
388.0
216.0
38.0
437.0
212.0
503.0
299.0
10.0
0.0
97.0
398.0
203.0
64.0
282.0
995.0
528.0
752.0
1706.0
738.0
219.0
164.0
183.0
166.0
81.0
165.0
697.0
1616.0
1096.0
997.0
925.0
549.0
54.0
38.0
266.0
NaN
0.0
532.0
356.0
370.0
794.0
1025.0
707.0
415.0
568.0
152.0
0.0
151.0
203.0
347.0
742.0
389.0
1450.0
653.0
582.0
313.0
508.0
0.0
243.0
127.0
38.0
76.0
399.0
991.0
1131.0
422.0
199.0
596.0
134.0
127.0
247.0
109.0
115.0
649.0
243.0
592.0
655.0
669.0
792.0
348.0
23.0
38.0
190.0
203.0
112.0
77.0
294.0
25.0
331.0
330.0
334.0
109.0
153.0
25.0
115.0
89.0
25.0
135.0
713.0
601.0
840.0
710.0
2362.0
28.0
0.0
250.0
393.0
140.0
165.0
89.0
291.0
1091.0
1001.0
589.0
346.0
216.0
100.0
394.0
228.0
177.0
63.0
0.0
204.0
537.0
907.0
814.0
396.0
950.0
0.0
102.0
128.0
25.0
36.0
259.0
854.0
375.0
1275.0
1587.0
472.0
1251.0
700.0
153.0
170.0
155.0
261.0
242.0
248.0
1733.0
1831.0
333.0
408.0
411.0
84.0
254.0
82.0
244.0
198.0
84.0
220.0
988.0
997.0
781.0
871.0
698.0
195.0
68.0
119.0
10.0
178.0
45.0
1252.0
153.0
1016.0
556.0
503.0
1300.0
488.0
8.0
80.0
51.0
148.0
76.0
369.0
235.0
1533.0
436.0
180.0
524.0
257.0
43.0
41.0
45.0
208.0
56.0
46.0
681.0
238.0
647.0
703.0
558.0
242.0
214.0
132.0
159.0
128.0
318.0
610.0
1853.0
722.0
717.0
782.0
159.0
539.0
339.0
257.0
54.0
35.0
92.0
146.0
84.0
1174.0
977.0
550.0
396.0
3.0
345.0
68.0
128.0
147.0
463.0
502.0
682.0
241.0
493.0
161.0
488.0
932.0
132.0
254.0
68.0
416.0
15.0
112.0
935.0
692.0
143.0
321.0
118.0
526.0
58.0
64.0
23.0
199.0
251.0
604.0
647.0
583.0
738.0
567.0
339.0
621.0
360.0
73.0
140.0
129.0
196.0
776.0
1144.0
940.0
402.0
384.0
183.0
503.0
175.0
33.0
258.0
48.0
0.0
498.0
850.0
444.0
827.0
174.0
84.0
168.0
383.0
190.0
35.0
48.0
182.0
107.0
157.0
860.0
340.0
505.0
308.0
737.0
221.0
58.0
178.0
89.0
381.0
1035.0
629.0
555.0
1037.0
980.0
148.0
38.0
119.0
309.0
108.0
144.0
241.0
80.0
87.0
85.0
206.0
457.0
86.0
81.0
64.0
116.0
327.0
212.0
173.0
951.0
487.0
610.0
623.0
368.0
139.0
168.0
172.0
305.0
116.0
232.0
135.0
328.0
604.0
635.0
1060.0
154.0
39.0
74.0
242.0
109.0
145.0
340.0
114.0
407.0
338.0
1887.0
191.0
369.0
257.0
300.0
0.0
109.0
79.0
151.0
394.0
378.0
367.0
888.0
760.0
612.0
178.0
978.0
254.0
274.0
102.0
51.0
157.0
532.0
442.0
1158.0
533.0
NaN
924.0
588.0
195.0
13.0
20.0
63.0
455.0
879.0
1027.0
706.0
515.0
857.0
565.0
163.0
0.0
120.0
NaN
45.0
432.0
289.0
485.0
1354.0
589.0
768.0
69.0
102.0
91.0
50.0
54.0
76.0
324.0
139.0
587.0
409.0
492.0
1399.0
196.0
5.0
671.0
0.0
99.0
94.0
137.0
339.0
205.0
433.0
417.0
915.0
640.0
64.0
28.0
194.0
46.0
137.0
183.0
228.0
349.0
833.0
652.0
361.0
1411.0
518.0
13.0
218.0
40.0
226.0
112.0
370.0
329.0
1114.0
640.0
447.0
523.0
558.0
350.0
61.0
69.0
168.0
176.0
316.0
183.0
663.0
722.0
545.0
175.0
396.0
180.0
20.0
239.0
69.0
220.0
90.0
658.0
NaN
1767.0
110.0
155.0
667.0
92.0
175.0
231.0
0.0
351.0
244.0
1316.0
821.0
565.0
392.0
470.0
71.0
32.0
130.0
136.0
165.0
80.0
323.0
480.0
795.0
613.0
959.0
188.0
263.0
21.0
221.0
134.0
196.0
183.0
25.0
116.0
505.0
795.0
168.0
253.0
28.0
217.0
112.0
44.0
125.0
165.0
786.0
1235.0
1983.0
485.0
387.0
108.0
145.0
102.0
120.0
130.0
13.0
194.0
341.0
399.0
1227.0
756.0
692.0
708.0
87.0
48.0
23.0
32.0
87.0
106.0
142.0
805.0
842.0
1561.0
214.0
356.0
53.0
140.0
20.0
162.0
59.0
250.0
61.0
1010.0
1742.0
965.0
539.0
79.0
365.0
449.0
33.0
63.0
33.0
0.0
295.0
552.0
685.0
900.0
938.0
594.0
738.0
147.0
109.0
56.0
399.0
30.0
328.0
463.0
1293.0
486.0
274.0
233.0
113.0
103.0
0.0
8.0
30.0
0.0
38.0
1086.0
1369.0
559.0
681.0
405.0
402.0
168.0
18.0
147.0
130.0
30.0
493.0
839.0
481.0
753.0
912.0
31.0
183.0
89.0
223.0
0.0
36.0
158.0
303.0
233.0
163.0
908.0
335.0
1158.0
172.0
0.0
183.0
86.0
61.0
170.0
112.0
1304.0
563.0
3041.0
1252.0
694.0
53.0
178.0
13.0
5.0
49.0
40.0
496.0
287.0
377.0
1070.0
431.0
308.0
107.0
23.0
59.0
23.0
18.0
130.0
627.0
430.0
1402.0
511.0
729.0
283.0
71.0
79.0
56.0
427.0
15.0
5.0
786.0
605.0
585.0
1141.0
568.0
954.0
183.0
35.0
82.0
23.0
35.0
0.0
510.0
256.0
1024.0
1230.0
561.0
191.0
244.0
0.0
129.0
168.0
38.0
114.0
872.0
119.0
268.0
584.0
219.0
169.0
459.0
0.0
158.0
74.0
0.0
284.0
630.0
672.0
1654.0
421.0
345.0
447.0
8.0
53.0
74.0
361.0
269.0
129.0
140.0
355.0
1095.0
496.0
233.0
604.0
204.0
15.0
219.0
69.0
89.0
58.0
343.0
652.0
651.0
308.0
38.0
277.0
254.0
258.0
28.0
232.0
46.0
15.0
224.0
661.0
1111.0
613.0
288.0
613.0
528.0
0.0
60.0
176.0
56.0
86.0
214.0
904.0
297.0
808.0
991.0
262.0
210.0
0.0
162.0
0.0
0.0
435.0
102.0
238.0
649.0
350.0
391.0
1389.0
715.0
121.0
38.0
28.0
64.0
48.0
638.0
696.0
526.0
358.0
946.0
0.0
341.0
182.0
25.0
150.0
5.0
160.0
710.0
520.0
1628.0
714.0
661.0
229.0
96.0
0.0
25.0
76.0
83.0
125.0
704.0
96.0
978.0
209.0
89.0
36.0
56.0
28.0
113.0
51.0
43.0
284.0
125.0
665.0
641.0
1730.0
627.0
1216.0
231.0
325.0
118.0
5.0
5.0
20.0
226.0
990.0
828.0
1339.0
592.0
511.0
73.0
128.0
NaN
55.0
99.0
150.0
715.0
537.0
783.0
564.0
521.0
137.0
137.0
41.0
46.0
56.0
61.0
109.0
0.0
211.0
966.0
589.0
1613.0
393.0
511.0
0.0
58.0
47.0
117.0
320.0
91.0
481.0
709.0
1248.0
500.0
653.0
189.0
176.0
218.0
193.0
109.0
334.0
133.0
537.0
790.0
494.0
297.0
179.0
1261.0
200.0
69.0
NaN
97.0
512.0
107.0
203.0
1395.0
688.0
433.0
310.0
332.0
95.0
61.0
226.0
79.0
329.0
765.0
165.0
620.0
441.0
114.0
230.0
658.0
36.0
66.0
56.0
8.0
351.0
120.0
564.0
826.0
223.0
1210.0
411.0
298.0
371.0
40.0
52.0
47.0
0.0
1478.0
507.0
480.0
905.0
610.0
1214.0
89.0
307.0
0.0
26.0
256.0
184.0
0.0
938.0
489.0
1017.0
461.0
267.0
40.0
99.0
61.0
237.0
10.0
38.0
3.0
229.0
455.0
198.0
497.0
704.0
33.0
155.0
360.0
390.0
51.0
275.0
249.0
586.0
307.0
359.0
1367.0
368.0
23.0
161.0
40.0
38.0
68.0
130.0
224.0
87.0
1702.0
666.0
355.0
680.0
97.0
0.0
128.0
51.0
83.0
87.0
516.0
1015.0
1346.0
389.0
300.0
643.0
393.0
109.0
31.0
123.0
73.0
196.0
82.0
417.0
648.0
355.0
645.0
892.0
56.0
370.0
44.0
206.0
NaN
167.0
102.0
1357.0
1929.0
2583.0
765.0
77.0
58.0
575.0
217.0
300.0
106.0
144.0
308.0
172.0
517.0
1508.0
301.0
475.0
1148.0
247.0
51.0
72.0
98.0
302.0
285.0
925.0
355.0
1900.0
541.0
254.0
582.0
137.0
49.0
164.0
128.0
161.0
79.0
736.0
465.0
1023.0
130.0
519.0
323.0
205.0
122.0
239.0
77.0
180.0
290.0
99.0
1012.0
1368.0
327.0
1244.0
451.0
64.0
NaN
125.0
237.0
54.0
399.0
861.0
686.0
709.0
1059.0
228.0
1512.0
297.0
27.0
NaN
39.0
25.0
348.0
1371.0
736.0
633.0
1153.0
849.0
112.0
0.0
18.0
17.0
435.0
303.0
426.0
553.0
816.0
1052.0
719.0
381.0
831.0
374.0
NaN
30.0
134.0
46.0
507.0
659.0
1441.0
1801.0
NaN
353.0
346.0
67.0
19.0
NaN
26.0
150.0
NaN
197.0
772.0
1026.0
565.0
397.0
NaN
0.0
105.0
89.0
18.0
NaN
297.0
NaN
759.0
319.0
119.0
294.0
104.0
49.0
140.0
NaN
104.0
NaN
208.0
1739.0
674.0
694.0
369.0
NaN
503.0
0.0
113.0
189.0
48.0
28.0
NaN
NaN
1623.0
NaN
642.0
704.0
344.0
242.0
NaN
33.0
37.0
NaN
296.0
NaN
395.0
258.0
906.0
620.0
404.0
24.0
221.0
13.0
271.0
537.0
252.0
1040.0
1828.0
NaN
146.0
679.0
NaN
34.0
105.0
22.0
129.0
74.0
172.0
140.0
1577.0
978.0
350.0
693.0
665.0
338.0
326.0
193.0
277.0
613.0
491.0
235.0
323.0
276.0
303.0
812.0
897.0
28.0
191.0
186.0
165.0
480.0
110.0
1728.0
648.0
NaN
NaN
1167.0
262.0
102.0
282.0
NaN
NaN
NaN
NaN
NaN
NaN
NaN
NaN
NaN
NaN
NaN
NaN
NaN
125.0
128.0
NaN
NaN
NaN
NaN
NaN
NaN
NaN
NaN
NaN
NaN
NaN
NaN
NaN
1125.0
449.0
NaN
NaN
492.0
1140.0
NaN
161.0
74.0
NaN
5.0
NaN
NaN
1601.0
NaN
NaN
583.0
NaN
NaN
NaN
95.0
75.0
NaN
109.0
2199.0
NaN
NaN
280.0
NaN
NaN
NaN
NaN
NaN
NaN
NaN
NaN
NaN
NaN
NaN
1197.0
NaN
NaN
343.0
511.0
109.0
74.0
33.0
384.0
217.0
519.0
142.0
787.0
NaN
NaN
