NaN
NaN
NaN
NaN
-3.20333333333
-7.94285714286
-14.8
-10.6384615385
-7.57419354839
0.0766666666667
5.07419354839
11.8833333333
12.6866666667
12.2483870968
5.64666666667
1.5935483871
-1.13
-4.47586206897
-7.17931034483
-13.2923076923
-3.06451612903
1.17
6.68387096774
12.2566666667
NaN
NaN
8.35
0.922580645161
-0.8
-0.937931034483
-4.41851851852
-3.83571428571
-4.9064516129
1.54
6.76129032258
15.2
13.7451612903
12.1967741935
8.83666666667
5.66129032258
-0.162962962963
NaN
NaN
NaN
NaN
NaN
NaN
NaN
NaN
NaN
NaN
2.76896551724
-3.8037037037
-3.90357142857
-15.1777777778
-5.48888888889
-5.18
1.45517241379
8.13548387097
15.45
14.4806451613
14.335483871
9.85666666667
2.97419354839
-2.5037037037
-7.28
-15.7033333333
-10.9153846154
-4.22333333333
1.34814814815
6.25483870968
13.65
15.1967741935
12.1225806452
9.2
4.18666666667
-2.1275862069
-8.625
-6.0
-10.3269230769
-0.7
2.60344827586
7.31
13.3033333333
14.135483871
11.0935483871
10.91
4.12258064516
-3.15172413793
-3.75
-13.1357142857
-14.4888888889
-7.12666666667
1.88666666667
7.28709677419
12.6666666667
12.5290322581
13.6032258065
11.4966666667
-0.186666666667
-3.63928571429
-8.30714285714
-8.74230769231
-6.94444444444
-6.3
4.82068965517
11.2870967742
13.1333333333
15.0516129032
14.6258064516
9.35333333333
1.65161290323
0.0357142857143
-6.75483870968
-10.4518518519
-5.85
-3.40322580645
2.57
6.70333333333
11.6666666667
17.0322580645
13.0709677419
9.61379310345
5.57419354839
-1.40357142857
-8.39285714286
-6.66428571429
-7.65185185185
-1.66896551724
1.37333333333
9.25862068966
13.28
15.8935483871
15.5580645161
11.7933333333
6.19
-3.68148148148
-7.8724137931
-9.38148148148
-12.6961538462
-5.01
3.58333333333
9.48064516129
14.3
14.9967741935
14.3290322581
8.62666666667
5.77096774194
0.662068965517
-7.52068965517
-6.45806451613
-11.75
-8.53333333333
2.65333333333
8.73225806452
13.16
15.9
17.364516129
12.4724137931
7.55483870968
-0.593103448276
-5.74615384615
-8.24285714286
-16.1115384615
-3.31
2.41666666667
7.52903225806
14.24
18.0896551724
15.4774193548
10.8666666667
4.41935483871
-1.88333333333
-7.96774193548
-8.34666666667
-10.8071428571
-0.645161290323
2.40666666667
8.55161290323
12.83
18.5730769231
16.0633333333
12.0107142857
6.22962962963
NaN
-6.91071428571
NaN
NaN
NaN
NaN
NaN
NaN
15.6677419355
12.8133333333
9.3
4.14666666667
-4.19666666667
-9.84333333333
-13.9451612903
-13.7862068966
-3.81290322581
-0.296666666667
7.83
12.6466666667
14.4064516129
11.4580645161
10.95
2.92666666667
-2.35
-9.29666666667
-12.3709677419
-12.7428571429
-2.61612903226
0.783333333333
7.00967741935
13.5068965517
15.2275862069
14.8967741935
10.61
4.42592592593
-2.3724137931
-4.80714285714
-4.66129032258
-10.875
-7.32903225806
1.83571428571
8.29333333333
13.6233333333
13.6709677419
16.5032258065
11.8793103448
4.41666666667
-1.68620689655
-5.51612903226
-8.60689655172
-11.0888888889
-1.26774193548
-1.96666666667
4.11612903226
12.2807692308
15.1225806452
13.2161290323
12.075
2.00333333333
-2.15666666667
-5.07096774194
-8.29310344828
-11.5107142857
-2.34516129032
NaN
9.52903225806
12.6033333333
NaN
13.2580645161
10.8068965517
2.90967741935
-1.99666666667
-5.58064516129
-6.13870967742
-6.26071428571
-3.58387096774
0.76
7.17419354839
13.9033333333
14.6064516129
14.7193548387
9.57931034483
0.99
2.21666666667
-9.49677419355
-8.02258064516
-9.52142857143
0.238709677419
3.38666666667
5.4935483871
12.0142857143
16.0
13.6419354839
10.85
5.56451612903
-2.04666666667
-9.52592592593
-7.05517241379
-6.60714285714
-4.95161290323
0.78275862069
10.1379310345
14.54
15.3586206897
14.4461538462
10.5896551724
4.57333333333
-1.84482758621
-2.97419354839
-14.7870967742
-12.424137931
-8.17
2.63
8.83870967742
11.85
16.6677419355
14.4258064516
12.6137931034
5.07096774194
0.44
-3.93548387097
-4.89032258065
-9.93333333333
-4.85806451613
2.10333333333
7.46129032258
11.9366666667
15.5387096774
14.8193548387
10.0133333333
4.94
0.78
-2.75
-4.6935483871
-13.5592592593
-4.14193548387
1.90666666667
8.51666666667
13.73
15.4161290323
15.0258064516
9.79666666667
6.14838709677
-1.15
-9.0
-10.0516129032
-4.18928571429
-4.91612903226
4.53666666667
5.86774193548
10.8333333333
15.0193548387
12.935483871
12.34
4.53548387097
-0.203333333333
-6.67777777778
-6.1
-9.44482758621
-7.63793103448
1.67666666667
8.38709677419
12.9633333333
NaN
18.135483871
13.13
4.92666666667
-0.292592592593
-8.09
-9.61935483871
-12.3785714286
-2.61612903226
1.59
5.03225806452
11.6518518519
15.6387096774
13.9612903226
8.56333333333
1.7935483871
-2.2
-10.9096774194
-15.9387096774
-10.175
-2.13225806452
1.16666666667
10.6
11.9666666667
14.1741935484
17.0064516129
7.82
6.50333333333
0.813333333333
-1.47
-5.13870967742
-5.49642857143
-2.31290322581
2.81666666667
7.65806451613
17.72
NaN
NaN
12.5518518519
7.57419354839
-0.958620689655
-9.63870967742
-11.9032258065
-8.56206896552
-2.4064516129
0.813333333333
7.02903225806
13.9166666667
13.9548387097
14.6
11.76
7.27419354839
-0.27
-2.95483870968
-4.40967741935
-3.85714285714
0.851612903226
5.31333333333
10.1612903226
15.9933333333
18.8032258065
14.9064516129
14.6133333333
5.8064516129
0.0966666666667
-4.07096774194
-10.5483870968
-5.91428571429
-2.24193548387
3.95333333333
10.8096774194
14.5566666667
15.5967741935
14.4838709677
12.55
6.04838709677
1.87333333333
-6.03548387097
-5.94516129032
-9.91785714286
-4.5
1.65
5.85483870968
14.9933333333
15.5677419355
13.8064516129
11.9966666667
4.14193548387
-8.05384615385
-0.745161290323
-8.91379310345
-7.57586206897
-3.08709677419
2.05
5.16129032258
12.7333333333
14.2451612903
14.2258064516
9.27666666667
5.49032258065
-0.67
NaN
-10.8935483871
-5.42857142857
-2.37096774194
3.79
4.94838709677
15.0766666667
15.1064516129
14.5483870968
14.3533333333
2.50322580645
-0.943333333333
-6.87419354839
-7.7
-6.88571428571
-5.91935483871
-0.35
7.37096774194
11.0766666667
15.5387096774
17.2064516129
12.32
5.94193548387
-1.11379310345
-7.58064516129
-8.10666666667
-3.73571428571
-0.07
2.50333333333
8.40322580645
11.3533333333
16.0838709677
12.2838709677
13.3166666667
6.77419354839
2.34666666667
-11.0133333333
-6.7935483871
-6.41379310345
NaN
NaN
NaN
NaN
NaN
NaN
NaN
NaN
NaN
NaN
-11.2806451613
-9.82857142857
-0.145161290323
4.50333333333
7.59333333333
11.88
15.5366666667
12.9419354839
11.1733333333
4.66451612903
-0.96
-5.87419354839
-9.47741935484
-2.60740740741
-3.3064516129
2.56666666667
9.34516129032
14.02
15.8258064516
14.5193548387
11.59
4.31290322581
-0.163333333333
-4.98709677419
-5.59032258065
-2.94285714286
-2.32580645161
2.13666666667
7.45483870968
15.1866666667
17.9161290323
15.7903225806
14.7633333333
7.49677419355
3.81666666667
-0.948387096774
-1.01612903226
-3.25862068966
-4.92903225806
0.813333333333
8.76129032258
14.79
16.164516129
15.2935483871
10.85
6.29677419355
-2.88
-6.48709677419
-2.77741935484
-7.46071428571
-2.35483870968
3.67333333333
10.4258064516
15.8733333333
16.2483870968
14.4096774194
13.6566666667
3.87096774194
-2.11666666667
-5.51935483871
-4.55483870968
-13.8111111111
-6.40322580645
1.50333333333
8.78709677419
15.7
17.7387096774
14.3870967742
12.7466666667
4.86451612903
1.86666666667
-6.8935483871
-7.45806451613
-6.36785714286
-0.577419354839
1.62333333333
5.62903225806
12.96
18.4677419355
16.9709677419
10.1266666667
4.42903225806
0.576666666667
-7.25161290323
-10.0387096774
-13.6137931034
-1.47741935484
1.19333333333
9.96451612903
12.7
16.4096774194
16.5967741935
12.77
4.93870967742
-2.12333333333
-4.53548387097
-5.98709677419
-5.98571428571
-4.35806451613
2.59333333333
8.84516129032
14.87
20.1129032258
19.0290322581
10.09
5.91935483871
-0.626666666667
-5.93548387097
-6.83225806452
-3.43703703704
0.690322580645
4.31
9.23225806452
13.74
17.3548387097
17.4483870968
12.2466666667
5.5935483871
-1.06333333333
-4.4935483871
-5.6064516129
-8.21785714286
-3.22903225806
2.00333333333
10.5677419355
15.62
16.2935483871
16.1322580645
12.26
4.79032258065
-1.08666666667
-2.92258064516
-12.6133333333
-6.64482758621
-5.24516129032
0.0633333333333
7.41290322581
14.34
15.735483871
15.164516129
9.6
4.52903225806
-2.63448275862
-4.23666666667
-6.88387096774
-8.90357142857
-6.82258064516
3.54666666667
9.21290322581
14.2166666667
15.6806451613
13.9032258065
11.8566666667
6.35483870968
0.48
-1.74838709677
-8.01290322581
-9.34642857143
-1.30322580645
3.41666666667
9.76451612903
14.34
16.1
14.4290322581
9.48
4.82
-1.04
-8.58387096774
-10.83
-7.98571428571
-5.75
-0.813333333333
8.22258064516
16.07
15.7387096774
15.8451612903
9.10666666667
4.2
-1.31333333333
-7.92258064516
-5.99677419355
-7.46896551724
-5.04838709677
0.87
11.364516129
15.4666666667
14.8733333333
15.3612903226
10.35
3.13548387097
0.483333333333
-10.3612903226
-14.2733333333
-6.91428571429
1.10967741935
3.51666666667
5.17741935484
11.84
14.8709677419
14.6096774194
12.07
3.33870967742
0.09
-8.86451612903
-6.94
-7.37142857143
1.77096774194
2.26
7.3
13.0931034483
15.1766666667
12.6129032258
9.22
5.74838709677
0.63
-5.55483870968
-6.19677419355
-10.3607142857
-5.35483870968
1.23666666667
6.81290322581
12.0833333333
14.564516129
18.1064516129
11.1166666667
7.42903225806
-1.74333333333
-5.64827586207
-11.82
-9.12413793103
-4.03870967742
4.82
7.27419354839
13.0733333333
16.1258064516
14.5548387097
11.9266666667
3.12580645161
2.36333333333
-4.69677419355
-4.79666666667
-5.71428571429
-2.99032258065
1.49666666667
8.55161290323
16.5
18.1
15.2516129032
7.79666666667
6.66774193548
-0.796666666667
-4.37419354839
-5.16129032258
-7.7
-5.57096774194
-0.236666666667
7.55483870968
12.8833333333
13.8903225806
13.2935483871
10.7466666667
6.37419354839
-3.04333333333
-10.1451612903
-6.66451612903
-7.38571428571
-2.88709677419
1.45862068966
8.43870967742
13.2366666667
15.54
13.6
8.99333333333
4.68064516129
-4.07666666667
-8.26451612903
-6.24193548387
-5.14137931034
-2.81290322581
3.41071428571
7.47741935484
15.2233333333
16.6870967742
13.5344827586
9.12333333333
0.354838709677
-0.53
-3.18064516129
-4.75806451613
-5.5
-1.21290322581
1.68333333333
9.31612903226
14.5
15.2161290323
14.1741935484
9.03333333333
4.48064516129
0.363333333333
-3.98333333333
-7.48709677419
-3.19285714286
-4.47096774194
3.57
5.64516129032
15.28
14.2838709677
14.0290322581
11.64
6.36451612903
-0.613333333333
-5.02903225806
-7.87741935484
-7.17142857143
-3.82258064516
5.60333333333
8.9064516129
11.7793103448
17.6806451613
16.8290322581
9.48666666667
4.8935483871
-2.71333333333
-6.71935483871
-8.58709677419
-6.91034482759
-4.24516129032
0.943333333333
7.67096774194
14.3233333333
15.2451612903
14.4032258065
6.62
3.95161290323
-2.42333333333
-3.2064516129
-11.3290322581
-5.43928571429
-3.27096774194
3.61333333333
7.62580645161
13.5133333333
14.1161290323
13.5612903226
10.975862069
3.90322580645
-0.272413793103
-3.42
-7.41612903226
-9.80357142857
-1.54193548387
2.91
6.51935483871
10.6
16.0137931034
14.8206896552
11.2344827586
5.48709677419
0.493333333333
-10.6516129032
-12.0933333333
-8.02142857143
-3.81612903226
2.88965517241
10.8290322581
14.57
15.935483871
18.6258064516
12.5933333333
5.9064516129
-2.95666666667
-2.5
-5.73870967742
-5.78965517241
-7.64516129032
4.15666666667
8.75806451613
12.7066666667
14.8096774194
16.0451612903
13.11
4.90967741935
0.79
-8.81935483871
-9.6064516129
-5.80357142857
-0.667741935484
0.96
6.5064516129
12.6033333333
16.4709677419
16.1096774194
14.3466666667
6.48709677419
-0.433333333333
-6.24193548387
-10.1064516129
-8.72857142857
-3.04193548387
2.82666666667
12.3129032258
NaN
14.0548387097
13.3967741935
8.868
5.87741935484
-1.80333333333
-10.4419354839
-14.6419354839
-14.6214285714
-3.06129032258
1.38
5.85483870968
12.1233333333
14.3935483871
12.6
7.89333333333
6.07419354839
NaN
-10.8258064516
-7.38064516129
-8.46551724138
-4.92333333333
2.67
NaN
13.2233333333
15.9193548387
12.9225806452
9.88333333333
1.29032258065
-0.333333333333
-6.61290322581
-8.96129032258
-9.13928571429
-5.52903225806
1.36666666667
9.73548387097
11.84
12.964516129
13.8870967742
11.9066666667
3.49677419355
-0.683333333333
-2.36774193548
-10.82
-7.17857142857
-2.95483870968
1.48666666667
4.42903225806
13.5066666667
15.7935483871
13.4033333333
9.10666666667
2.76451612903
-0.146666666667
-7.34838709677
-6.61612903226
-10.8107142857
-3.63870967742
2.94333333333
5.63225806452
15.0033333333
14.9935483871
12.5838709677
7.64666666667
5.02258064516
-2.26333333333
-4.50322580645
-10.3709677419
-9.94827586207
-3.47741935484
3.10333333333
6.83870967742
13.43
14.9580645161
15.2612903226
11.4133333333
4.69032258065
-0.573333333333
-6.55806451613
-9.48387096774
-7.36428571429
-5.51935483871
2.18666666667
6.97419354839
11.5433333333
16.0419354839
14.5290322581
10.6966666667
3.80967741935
-1.21333333333
-8.31290322581
-14.2419354839
-9.50714285714
-4.80322580645
3.35333333333
9.34838709677
12.9666666667
16.4064516129
14.2451612903
10.7566666667
6.02580645161
0.07
-6.84838709677
-11.94
-7.01785714286
-4.90666666667
-0.316666666667
5.18709677419
14.4633333333
13.7806451613
12.3290322581
12.8833333333
8.11290322581
-2.11666666667
-4.12258064516
-10.2161290323
-9.8
-4.94516129032
0.5
8.06774193548
11.33
14.7258064516
14.2064516129
11.01
2.84838709677
0.0133333333333
-4.73548387097
-6.55483870968
-8.94814814815
0.874193548387
3.45172413793
7.32580645161
14.7933333333
16.2
15.2387096774
10.9633333333
6.94193548387
0.763333333333
-6.38064516129
-7.65483870968
-10.0035714286
-2.4935483871
2.62333333333
7.09677419355
12.1266666667
15.3870967742
14.0709677419
7.79333333333
2.39677419355
-0.283333333333
-5.58064516129
-6.17419354839
-6.93928571429
-4.45483870968
-0.48
10.4838709677
14.8933333333
15.2
16.035483871
9.01
3.94193548387
1.79666666667
-6.3064516129
-12.0806451613
-5.78965517241
-1.41612903226
2.76666666667
6.45483870968
13.7366666667
15.2032258065
11.9064516129
8.63
1.81612903226
-4.54
-11.9741935484
-15.7838709677
-9.01153846154
-1.97586206897
3.85
9.90322580645
10.7633333333
15.9290322581
13.2612903226
11.8034482759
2.4064516129
0.220689655172
-8.3
-12.8225806452
-17.4535714286
-7.29677419355
0.18
8.27419354839
11.68
14.7419354839
13.7096774194
11.17
1.78387096774
-1.84333333333
-6.37419354839
-12.7741935484
-15.3428571429
-3.02
0.903333333333
6.14516129032
11.82
13.6193548387
12.8225806452
8.61
3.68709677419
NaN
NaN
NaN
-9.12068965517
-4.38620689655
2.16333333333
8.53548387097
11.4033333333
15.2633333333
15.6064516129
9.61
1.32258064516
-3.50344827586
-10.3366666667
-14.4666666667
-8.82857142857
-4.44516129032
2.58620689655
6.15
13.6333333333
16.0193548387
14.2
10.9266666667
2.75806451613
-1.11333333333
-6.29032258065
-14.5892857143
-11.6821428571
-3.75172413793
-1.57666666667
10.7
11.58
15.2689655172
12.1064516129
8.64137931034
3.19333333333
0.59
-1.18064516129
-5.86129032258
-5.71428571429
-1.98666666667
1.36551724138
5.41290322581
12.4689655172
16.1096774194
16.435483871
9.83333333333
4.43225806452
-0.37
-10.7838709677
-14.2258064516
-4.84827586207
-6.88666666667
2.35714285714
5.71612903226
14.5966666667
13.0129032258
14.135483871
8.81333333333
5.81612903226
-2.81333333333
-4.92903225806
-12.1709677419
-12.3464285714
-3.23793103448
2.78275862069
6.57741935484
9.05666666667
13.3548387097
12.3032258065
9.20344827586
3.17096774194
-0.403571428571
-12.8366666667
-11.6433333333
-10.3592592593
-5.25172413793
0.82
7.25517241379
10.396
14.6451612903
9.01333333333
8.45172413793
2.23
-4.38928571429
-3.62222222222
-5.97931034483
-4.47307692308
-0.455555555556
4.42
NaN
NaN
17.23
14.32
10.0862068966
0.312903225806
0.106666666667
-4.36774193548
-10.9516129032
-10.8571428571
-3.35483870968
1.99310344828
7.5935483871
10.8933333333
15.6774193548
15.9870967742
9.3275862069
0.929032258065
0.231034482759
-5.42
-3.72
-8.53928571429
-4.13870967742
1.29310344828
7.44193548387
13.7933333333
15.9533333333
13.7967741935
9.75862068966
3.35806451613
-2.35357142857
-13.364516129
-3.47419354839
-5.58461538462
-1.05862068966
2.44
6.46451612903
13.12
15.0129032258
13.9580645161
10.5466666667
3.52
-0.131034482759
-5.20344827586
-8.75172413793
-5.38214285714
-2.87741935484
4.09
10.9774193548
13.7
15.0548387097
14.2096774194
8.10666666667
6.25
-2.71481481481
-4.31153846154
-6.77931034483
-5.48620689655
-4.78387096774
1.39666666667
5.35161290323
9.51666666667
13.8483870968
11.5806451613
7.80666666667
1.76666666667
-0.576666666667
-4.70322580645
-7.75806451613
-11.3714285714
-5.26774193548
0.703333333333
6.01935483871
11.3259259259
15.0677419355
13.6
7.62666666667
1.1064516129
-1.61379310345
-6.31724137931
-15.0533333333
-12.1961538462
-4.10967741935
2.24333333333
5.48064516129
12.8566666667
15.2838709677
12.0967741935
9.08333333333
3.39032258065
0.11724137931
-3.78387096774
-7.9935483871
-10.3785714286
-4.46666666667
0.0166666666667
6.96451612903
12.6333333333
14.8322580645
16.8838709677
6.39333333333
3.87419354839
-4.97666666667
-9.3064516129
-10.1310344828
-8.5
-6.77741935484
1.05
7.57419354839
15.1266666667
13.5129032258
14.7677419355
11.3333333333
4.48
-3.31333333333
-3.85483870968
-10.1483870968
-5.01785714286
-2.23548387097
0.866666666667
5.09032258065
14.2066666667
15.4612903226
14.1322580645
10.48
4.45161290323
-1.18666666667
-3.43870967742
-2.38387096774
-2.17857142857
-1.09
3.22666666667
11.6935483871
14.34
15.664516129
NaN
12.3366666667
5.4064516129
NaN
-3.63870967742
-9.51666666667
-4.38148148148
-5.74838709677
4.07586206897
8.97666666667
14.5333333333
18.0612903226
14.1033333333
9.01333333333
3.6064516129
0.406666666667
-5.25483870968
-10.0322580645
-5.69655172414
-0.21935483871
1.94642857143
10.1258064516
14.7033333333
14.9066666667
15.1387096774
10.4172413793
6.54
-0.255172413793
-12.48
-7.32
-5.16666666667
-3.98
3.87666666667
9.7064516129
14.1
15.0806451613
16.0612903226
9.66
5.59677419355
2.93333333333
-1.99677419355
-3.83333333333
-4.54814814815
-4.38333333333
4.33666666667
6.07096774194
14.5566666667
16.9225806452
15.6419354839
11.5333333333
3.88387096774
-0.151724137931
-6.66774193548
-11.0419354839
-10.3214285714
-4.73225806452
2.25
7.69677419355
12.5068965517
15.4
15.6923076923
9.74
3.21935483871
1.22142857143
-4.53225806452
-11.9966666667
-8.69655172414
-1.31666666667
2.09310344828
7.56
NaN
15.164516129
13.6166666667
11.2166666667
4.75483870968
0.803333333333
-5.84516129032
-8.8724137931
-6.04285714286
-4.57333333333
2.20333333333
5.50333333333
15.6066666667
16.4451612903
15.3774193548
11.0586206897
5.37741935484
-0.996666666667
-8.14193548387
-2.45333333333
-6.72857142857
-3.22258064516
2.78
8.05161290323
12.46
17.1677419355
15.4870967742
10.1
2.61666666667
-0.42
-2.57857142857
-5.78620689655
-13.6407407407
-2.31428571429
0.77037037037
8.1935483871
12.58
13.3466666667
15.7709677419
11.37
8.74333333333
-1.16206896552
-5.63793103448
-7.11
-9.04166666667
-4.25333333333
2.34827586207
6.53333333333
14.2666666667
15.6166666667
13.8666666667
11.73
2.68387096774
-1.69655172414
-7.94482758621
-14.2733333333
-8.55
-3.16666666667
2.18461538462
7.0
13.2733333333
13.17
15.0766666667
11.3642857143
3.34516129032
1.25333333333
-6.16666666667
-8.13928571429
-7.164
-2.18666666667
3.6275862069
9.12068965517
15.7033333333
17.3838709677
16.8548387097
11.4821428571
5.72
-1.33666666667
-6.95862068966
NaN
NaN
NaN
NaN
NaN
NaN
NaN
NaN
NaN
NaN
NaN
-2.06451612903
-5.73548387097
-4.01034482759
NaN
NaN
NaN
13.4266666667
18.3111111111
14.325
9.93703703704
5.30322580645
-1.88333333333
-2.97741935484
-7.08709677419
-7.99642857143
-4.14838709677
1.44666666667
9.38387096774
14.2733333333
16.6551724138
14.3448275862
10.3666666667
4.51612903226
-1.91
-6.97741935484
-13.7838709677
-13.0607142857
-7.52258064516
2.21666666667
8.79032258065
14.8066666667
13.8709677419
15.6967741935
9.93
4.85161290323
-3.04482758621
-2.66774193548
-10.1580645161
-16.6535714286
-4.98387096774
2.79333333333
10.6032258065
14.63
15.1258064516
14.8096774194
12.93
5.67096774194
0.326666666667
0.225806451613
-7.24333333333
-6.41034482759
0.658064516129
1.46333333333
8.31612903226
13.4321428571
16.8709677419
17.2903225806
13.1466666667
6.2935483871
1.20666666667
-6.22903225806
-4.55161290323
-3.325
-3.43870967742
5.29666666667
7.71612903226
13.5866666667
15.8633333333
13.3161290323
NaN
NaN
