99.0
667.0
542.0
334.0
920.0
428.0
490.0
551.0
890.0
885.0
971.0
1138.0
563.0
136.0
984.0
226.0
811.0
382.0
722.0
1126.0
1562.0
849.0
765.0
1062.0
1305.0
1629.0
706.0
419.0
291.0
468.0
704.0
1358.0
393.0
1496.0
1477.0
3223.0
567.0
663.0
85.0
1067.0
534.0
875.0
568.0
1852.0
489.0
2529.0
1382.0
296.0
1037.0
688.0
325.0
1276.0
203.0
443.0
1479.0
1165.0
869.0
1027.0
832.0
698.0
623.0
1035.0
418.0
876.0
191.0
225.0
278.0
1238.0
1034.0
2691.0
2286.0
631.0
751.0
577.0
464.0
402.0
244.0
415.0
721.0
846.0
838.0
748.0
1333.0
720.0
870.0
448.0
1041.0
576.0
373.0
242.0
704.0
744.0
1122.0
89.0
1145.0
572.0
465.0
1346.0
237.0
792.0
709.0
707.0
562.0
1673.0
1574.0
1562.0
1011.0
570.0
576.0
547.0
701.0
395.0
259.0
195.0
244.0
1152.0
1454.0
1794.0
539.0
922.0
452.0
682.0
655.0
242.0
165.0
191.0
163.0
996.0
784.0
1200.0
969.0
750.0
1902.0
288.0
1217.0
1315.0
147.0
166.0
818.0
484.0
934.0
1580.0
724.0
1601.0
1524.0
1045.0
670.0
542.0
578.0
299.0
818.0
1353.0
1305.0
2439.0
1397.0
606.0
NaN
NaN
