NaN
NaN
NaN
NaN
NaN
NaN
NaN
NaN
NaN
NaN
NaN
NaN
NaN
NaN
NaN
NaN
NaN
NaN
NaN
NaN
NaN
NaN
0.0
0.0
0.0
0.0
0.0
203.0
0.0
84.0
25.0
0.0
0.0
0.0
0.0
310.0
64.0
0.0
0.0
0.0
0.0
0.0
0.0
0.0
0.0
0.0
0.0
0.0
0.0
0.0
0.0
0.0
0.0
0.0
0.0
0.0
0.0
0.0
0.0
0.0
0.0
0.0
0.0
0.0
0.0
0.0
0.0
0.0
0.0
0.0
0.0
0.0
0.0
0.0
122.0
25.0
0.0
0.0
0.0
0.0
25.0
0.0
0.0
0.0
0.0
20.0
0.0
0.0
0.0
0.0
114.0
0.0
0.0
0.0
0.0
84.0
66.0
0.0
0.0
0.0
0.0
0.0
0.0
0.0
0.0
0.0
0.0
0.0
0.0
0.0
0.0
102.0
0.0
0.0
0.0
0.0
0.0
0.0
0.0
0.0
0.0
0.0
0.0
0.0
0.0
0.0
0.0
0.0
0.0
0.0
25.0
0.0
0.0
0.0
25.0
0.0
0.0
0.0
0.0
0.0
0.0
0.0
0.0
0.0
0.0
0.0
0.0
0.0
0.0
0.0
0.0
0.0
0.0
0.0
0.0
0.0
0.0
0.0
0.0
0.0
0.0
0.0
64.0
0.0
0.0
0.0
0.0
0.0
0.0
0.0
0.0
0.0
0.0
0.0
0.0
0.0
0.0
0.0
0.0
10.0
0.0
0.0
0.0
46.0
0.0
0.0
0.0
0.0
0.0
0.0
0.0
0.0
0.0
0.0
0.0
0.0
0.0
0.0
0.0
0.0
0.0
0.0
0.0
0.0
0.0
15.0
13.0
0.0
0.0
0.0
0.0
0.0
0.0
0.0
0.0
0.0
15.0
0.0
0.0
0.0
0.0
0.0
8.0
0.0
0.0
0.0
10.0
0.0
0.0
122.0
0.0
0.0
0.0
0.0
0.0
165.0
419.0
0.0
0.0
0.0
0.0
0.0
0.0
0.0
10.0
251.0
114.0
13.0
0.0
0.0
0.0
0.0
0.0
30.0
25.0
0.0
0.0
0.0
0.0
0.0
0.0
0.0
0.0
0.0
0.0
18.0
0.0
0.0
51.0
0.0
0.0
0.0
0.0
5.0
0.0
15.0
0.0
0.0
0.0
0.0
0.0
0.0
251.0
13.0
53.0
152.0
203.0
0.0
0.0
107.0
0.0
0.0
0.0
178.0
0.0
5.0
0.0
0.0
0.0
0.0
0.0
0.0
5.0
8.0
0.0
0.0
0.0
0.0
0.0
0.0
137.0
5.0
0.0
0.0
8.0
0.0
25.0
178.0
0.0
457.0
216.0
15.0
0.0
0.0
0.0
254.0
0.0
0.0
10.0
0.0
20.0
0.0
0.0
0.0
229.0
668.0
0.0
13.0
0.0
0.0
0.0
0.0
0.0
0.0
0.0
0.0
0.0
0.0
0.0
0.0
0.0
0.0
0.0
107.0
10.0
0.0
0.0
0.0
0.0
0.0
0.0
0.0
0.0
0.0
0.0
0.0
0.0
71.0
0.0
0.0
0.0
0.0
0.0
0.0
0.0
0.0
0.0
0.0
51.0
0.0
381.0
18.0
0.0
0.0
5.0
5.0
10.0
0.0
5.0
0.0
0.0
66.0
185.0
145.0
15.0
38.0
0.0
246.0
0.0
0.0
0.0
46.0
0.0
0.0
0.0
28.0
66.0
0.0
0.0
0.0
0.0
0.0
0.0
0.0
28.0
25.0
5.0
0.0
0.0
0.0
0.0
0.0
0.0
0.0
0.0
0.0
0.0
0.0
0.0
0.0
0.0
0.0
0.0
292.0
10.0
0.0
0.0
483.0
89.0
13.0
0.0
84.0
0.0
0.0
0.0
0.0
20.0
127.0
61.0
8.0
0.0
0.0
0.0
0.0
0.0
0.0
0.0
0.0
71.0
0.0
13.0
0.0
0.0
0.0
0.0
0.0
0.0
0.0
0.0
13.0
8.0
0.0
18.0
84.0
257.0
25.0
0.0
0.0
0.0
0.0
0.0
0.0
0.0
0.0
0.0
0.0
0.0
0.0
0.0
0.0
0.0
0.0
0.0
0.0
0.0
0.0
0.0
0.0
0.0
0.0
0.0
0.0
0.0
0.0
0.0
0.0
0.0
0.0
0.0
0.0
0.0
30.0
0.0
0.0
0.0
0.0
0.0
104.0
0.0
0.0
0.0
0.0
0.0
0.0
0.0
0.0
0.0
0.0
0.0
196.0
13.0
0.0
0.0
0.0
0.0
0.0
102.0
25.0
0.0
0.0
0.0
0.0
18.0
0.0
0.0
0.0
0.0
0.0
18.0
0.0
0.0
0.0
0.0
0.0
0.0
0.0
0.0
0.0
10.0
0.0
0.0
0.0
46.0
0.0
0.0
0.0
0.0
0.0
0.0
0.0
0.0
0.0
0.0
0.0
0.0
330.0
249.0
13.0
13.0
0.0
0.0
165.0
0.0
76.0
13.0
20.0
0.0
0.0
0.0
0.0
0.0
0.0
23.0
0.0
0.0
0.0
0.0
0.0
0.0
0.0
0.0
0.0
0.0
0.0
13.0
58.0
15.0
0.0
46.0
0.0
112.0
30.0
46.0
117.0
0.0
0.0
0.0
0.0
0.0
0.0
0.0
0.0
0.0
0.0
0.0
0.0
38.0
0.0
0.0
0.0
318.0
25.0
0.0
0.0
0.0
64.0
0.0
0.0
0.0
0.0
0.0
132.0
0.0
0.0
0.0
33.0
0.0
0.0
0.0
0.0
0.0
18.0
56.0
0.0
211.0
0.0
0.0
51.0
56.0
0.0
0.0
0.0
0.0
0.0
43.0
0.0
0.0
165.0
0.0
0.0
0.0
0.0
0.0
41.0
0.0
0.0
0.0
0.0
0.0
0.0
30.0
30.0
0.0
0.0
0.0
0.0
0.0
56.0
0.0
56.0
33.0
0.0
0.0
102.0
0.0
0.0
0.0
0.0
0.0
0.0
119.0
135.0
381.0
0.0
0.0
0.0
0.0
124.0
1588.0
371.0
0.0
23.0
0.0
0.0
0.0
279.0
0.0
216.0
25.0
0.0
0.0
0.0
305.0
0.0
0.0
30.0
0.0
25.0
0.0
0.0
0.0
0.0
0.0
0.0
0.0
140.0
0.0
0.0
0.0
0.0
0.0
0.0
0.0
69.0
0.0
0.0
0.0
0.0
0.0
0.0
0.0
0.0
102.0
51.0
0.0
0.0
0.0
0.0
0.0
0.0
0.0
0.0
0.0
0.0
660.0
178.0
378.0
0.0
0.0
0.0
135.0
0.0
0.0
0.0
229.0
51.0
0.0
0.0
0.0
0.0
0.0
46.0
0.0
0.0
97.0
0.0
0.0
0.0
0.0
0.0
0.0
0.0
0.0
0.0
0.0
0.0
0.0
0.0
0.0
0.0
0.0
0.0
0.0
0.0
0.0
0.0
0.0
150.0
358.0
127.0
0.0
140.0
0.0
0.0
13.0
0.0
13.0
38.0
0.0
0.0
5.0
0.0
274.0
20.0
53.0
0.0
15.0
0.0
152.0
0.0
0.0
20.0
0.0
0.0
0.0
0.0
0.0
0.0
0.0
0.0
0.0
0.0
0.0
0.0
0.0
0.0
0.0
0.0
0.0
0.0
64.0
64.0
0.0
0.0
0.0
0.0
0.0
20.0
0.0
0.0
0.0
0.0
0.0
0.0
13.0
0.0
0.0
0.0
0.0
0.0
0.0
0.0
0.0
0.0
0.0
0.0
0.0
0.0
0.0
0.0
0.0
0.0
0.0
0.0
0.0
0.0
0.0
0.0
0.0
0.0
0.0
0.0
0.0
0.0
0.0
0.0
0.0
0.0
0.0
0.0
0.0
0.0
0.0
0.0
0.0
0.0
0.0
0.0
25.0
292.0
0.0
0.0
0.0
0.0
0.0
0.0
0.0
0.0
0.0
0.0
0.0
0.0
0.0
0.0
20.0
0.0
0.0
229.0
0.0
0.0
114.0
0.0
0.0
0.0
0.0
0.0
0.0
0.0
0.0
0.0
0.0
0.0
0.0
0.0
0.0
0.0
0.0
0.0
76.0
0.0
0.0
0.0
0.0
234.0
0.0
0.0
0.0
0.0
0.0
0.0
0.0
0.0
0.0
0.0
107.0
0.0
0.0
81.0
0.0
0.0
0.0
0.0
0.0
0.0
53.0
51.0
0.0
0.0
0.0
28.0
0.0
76.0
0.0
0.0
0.0
0.0
NaN
NaN
71.0
0.0
0.0
0.0
0.0
0.0
0.0
0.0
0.0
0.0
0.0
0.0
0.0
71.0
25.0
0.0
NaN
NaN
0.0
0.0
0.0
0.0
0.0
0.0
0.0
0.0
0.0
0.0
64.0
0.0
0.0
0.0
216.0
0.0
0.0
0.0
0.0
0.0
0.0
0.0
0.0
0.0
0.0
0.0
51.0
160.0
0.0
0.0
0.0
102.0
51.0
0.0
0.0
0.0
0.0
0.0
0.0
0.0
0.0
0.0
0.0
244.0
0.0
0.0
8.0
112.0
104.0
0.0
0.0
0.0
0.0
0.0
0.0
0.0
0.0
0.0
0.0
0.0
0.0
0.0
0.0
0.0
0.0
0.0
0.0
0.0
163.0
185.0
142.0
25.0
0.0
213.0
0.0
0.0
127.0
0.0
318.0
64.0
0.0
0.0
0.0
0.0
0.0
0.0
0.0
0.0
76.0
18.0
0.0
0.0
0.0
0.0
0.0
0.0
0.0
0.0
25.0
0.0
635.0
104.0
0.0
0.0
0.0
0.0
335.0
0.0
0.0
0.0
0.0
0.0
0.0
0.0
0.0
0.0
30.0
0.0
46.0
0.0
0.0
18.0
0.0
0.0
0.0
165.0
216.0
0.0
0.0
0.0
0.0
0.0
0.0
0.0
20.0
0.0
198.0
229.0
0.0
0.0
0.0
0.0
0.0
406.0
102.0
0.0
0.0
0.0
406.0
0.0
0.0
0.0
0.0
0.0
0.0
0.0
0.0
0.0
0.0
0.0
0.0
0.0
0.0
0.0
0.0
0.0
0.0
0.0
28.0
0.0
0.0
0.0
0.0
216.0
381.0
0.0
0.0
0.0
0.0
76.0
0.0
0.0
0.0
0.0
0.0
0.0
0.0
0.0
0.0
0.0
0.0
0.0
0.0
0.0
483.0
0.0
0.0
0.0
0.0
64.0
0.0
0.0
0.0
0.0
0.0
0.0
0.0
0.0
0.0
8.0
46.0
0.0
0.0
13.0
0.0
0.0
0.0
0.0
0.0
0.0
0.0
0.0
0.0
0.0
0.0
0.0
0.0
0.0
0.0
0.0
0.0
0.0
0.0
0.0
0.0
0.0
0.0
0.0
0.0
0.0
0.0
0.0
0.0
0.0
0.0
13.0
64.0
0.0
0.0
0.0
0.0
0.0
0.0
0.0
0.0
0.0
0.0
0.0
0.0
0.0
0.0
0.0
0.0
0.0
0.0
0.0
0.0
0.0
0.0
30.0
0.0
0.0
0.0
0.0
20.0
0.0
0.0
0.0
0.0
0.0
0.0
0.0
0.0
0.0
0.0
0.0
0.0
0.0
0.0
0.0
0.0
0.0
0.0
0.0
0.0
0.0
0.0
0.0
25.0
0.0
0.0
0.0
0.0
0.0
0.0
33.0
0.0
0.0
38.0
20.0
5.0
0.0
0.0
0.0
0.0
0.0
0.0
0.0
0.0
0.0
36.0
18.0
0.0
0.0
0.0
0.0
0.0
0.0
0.0
0.0
0.0
0.0
0.0
0.0
0.0
20.0
0.0
97.0
20.0
76.0
0.0
0.0
0.0
0.0
340.0
0.0
0.0
0.0
0.0
13.0
0.0
0.0
0.0
15.0
0.0
0.0
0.0
8.0
373.0
0.0
0.0
0.0
0.0
0.0
0.0
0.0
0.0
0.0
0.0
0.0
0.0
147.0
0.0
216.0
107.0
0.0
0.0
0.0
0.0
0.0
0.0
0.0
0.0
0.0
0.0
0.0
0.0
0.0
0.0
0.0
0.0
0.0
0.0
0.0
0.0
0.0
0.0
406.0
0.0
0.0
0.0
0.0
0.0
0.0
0.0
0.0
0.0
51.0
0.0
191.0
0.0
0.0
0.0
0.0
0.0
0.0
0.0
0.0
0.0
0.0
0.0
0.0
0.0
254.0
20.0
0.0
0.0
0.0
25.0
114.0
58.0
20.0
0.0
0.0
0.0
0.0
0.0
0.0
137.0
0.0
0.0
0.0
0.0
51.0
0.0
0.0
0.0
15.0
0.0
0.0
0.0
0.0
0.0
0.0
