255.0
809.0
180.0
541.0
1751.0
1900.0
1890.0
609.0
593.0
601.0
NaN
110.0
398.0
100.0
117.0
983.0
1328.0
1280.0
656.0
534.0
844.0
405.0
336.0
59.0
298.0
102.0
415.0
726.0
1574.0
1038.0
1135.0
422.0
782.0
512.0
15.0
69.0
143.0
158.0
1270.0
460.0
1679.0
790.0
1154.0
1717.0
688.0
834.0
582.0
183.0
120.0
640.0
137.0
1111.0
273.0
1342.0
1448.0
1049.0
479.0
361.0
591.0
89.0
187.0
216.0
624.0
618.0
398.0
742.0
422.0
320.0
619.0
576.0
273.0
237.0
81.0
69.0
288.0
421.0
1538.0
788.0
895.0
392.0
1057.0
152.0
239.0
96.0
339.0
486.0
194.0
960.0
879.0
508.0
692.0
467.0
360.0
541.0
623.0
51.0
229.0
267.0
382.0
310.0
385.0
1562.0
288.0
957.0
736.0
158.0
18.0
336.0
99.0
302.0
541.0
139.0
586.0
1352.0
606.0
3022.0
1354.0
84.0
166.0
285.0
139.0
64.0
88.0
468.0
200.0
2244.0
1472.0
122.0
1453.0
341.0
75.0
185.0
140.0
89.0
140.0
361.0
874.0
611.0
552.0
659.0
2087.0
294.0
395.0
491.0
215.0
165.0
589.0
594.0
838.0
1037.0
214.0
279.0
1828.0
396.0
320.0
158.0
26.0
408.0
142.0
1062.0
820.0
756.0
348.0
1842.0
354.0
526.0
172.0
100.0
533.0
287.0
429.0
821.0
693.0
579.0
762.0
1207.0
1001.0
425.0
169.0
60.0
198.0
71.0
163.0
316.0
869.0
2168.0
1934.0
1144.0
1136.0
411.0
344.0
28.0
71.0
49.0
230.0
295.0
666.0
1381.0
443.0
775.0
903.0
1074.0
1117.0
170.0
645.0
185.0
146.0
656.0
1148.0
446.0
537.0
839.0
142.0
206.0
544.0
283.0
396.0
226.0
724.0
315.0
700.0
397.0
1497.0
341.0
1121.0
224.0
152.0
164.0
183.0
0.0
356.0
445.0
36.0
603.0
1112.0
498.0
1042.0
373.0
707.0
381.0
519.0
290.0
335.0
496.0
1071.0
1305.0
380.0
2568.0
205.0
745.0
173.0
173.0
228.0
612.0
635.0
215.0
727.0
357.0
262.0
1145.0
361.0
87.0
246.0
272.0
345.0
286.0
366.0
614.0
934.0
1430.0
107.0
627.0
742.0
387.0
70.0
69.0
116.0
213.0
220.0
1373.0
1573.0
825.0
702.0
290.0
1413.0
92.0
661.0
245.0
277.0
323.0
160.0
742.0
520.0
969.0
790.0
890.0
193.0
538.0
0.0
191.0
81.0
169.0
410.0
629.0
390.0
1957.0
292.0
1299.0
118.0
808.0
1036.0
485.0
269.0
217.0
356.0
642.0
1417.0
1155.0
392.0
353.0
979.0
1032.0
442.0
231.0
91.0
72.0
316.0
526.0
1976.0
960.0
759.0
722.0
1821.0
184.0
223.0
285.0
351.0
300.0
222.0
213.0
1138.0
978.0
1416.0
765.0
688.0
150.0
564.0
11.0
158.0
287.0
346.0
712.0
1628.0
1639.0
1854.0
1330.0
239.0
87.0
198.0
90.0
104.0
401.0
772.0
1395.0
1176.0
2039.0
1188.0
1087.0
892.0
126.0
257.0
668.0
321.0
280.0
606.0
96.0
968.0
1790.0
211.0
305.0
1366.0
735.0
414.0
206.0
283.0
87.0
343.0
1107.0
621.0
1403.0
505.0
1327.0
948.0
537.0
604.0
207.0
31.0
551.0
311.0
663.0
455.0
797.0
435.0
966.0
480.0
282.0
655.0
427.0
452.0
31.0
1041.0
243.0
516.0
1547.0
815.0
104.0
628.0
516.0
200.0
254.0
271.0
228.0
732.0
558.0
785.0
256.0
2173.0
693.0
561.0
244.0
167.0
444.0
212.0
485.0
1232.0
837.0
1053.0
1592.0
959.0
1402.0
1573.0
390.0
479.0
248.0
231.0
119.0
787.0
305.0
734.0
1563.0
965.0
1210.0
171.0
0.0
472.0
153.0
264.0
417.0
405.0
931.0
1133.0
1451.0
1495.0
798.0
214.0
30.0
466.0
352.0
100.0
193.0
448.0
599.0
1145.0
1243.0
535.0
911.0
752.0
732.0
84.0
211.0
130.0
294.0
335.0
554.0
177.0
1045.0
836.0
471.0
374.0
304.0
152.0
190.0
103.0
120.0
728.0
463.0
571.0
2232.0
537.0
973.0
146.0
366.0
341.0
50.0
44.0
173.0
397.0
188.0
1266.0
771.0
1764.0
1078.0
253.0
553.0
698.0
97.0
51.0
41.0
82.0
837.0
304.0
671.0
622.0
904.0
727.0
158.0
215.0
56.0
139.0
463.0
196.0
215.0
1285.0
929.0
661.0
1216.0
2025.0
697.0
317.0
306.0
80.0
100.0
160.0
893.0
1787.0
1296.0
574.0
658.0
1056.0
61.0
262.0
164.0
16.0
560.0
870.0
301.0
1491.0
249.0
1710.0
1435.0
797.0
805.0
248.0
230.0
21.0
385.0
254.0
770.0
904.0
886.0
1299.0
2166.0
503.0
330.0
8.0
28.0
190.0
116.0
343.0
392.0
622.0
1373.0
1315.0
577.0
1024.0
628.0
132.0
182.0
43.0
0.0
271.0
977.0
1475.0
490.0
681.0
1151.0
1550.0
234.0
NaN
326.0
44.0
511.0
972.0
1015.0
950.0
737.0
1113.0
1196.0
NaN
132.0
336.0
259.0
104.0
268.0
808.0
276.0
426.0
1000.0
475.0
1189.0
702.0
897.0
43.0
419.0
524.0
288.0
206.0
1074.0
443.0
2291.0
1042.0
937.0
181.0
564.0
0.0
111.0
107.0
28.0
193.0
947.0
936.0
1675.0
1915.0
792.0
2091.0
1509.0
185.0
396.0
774.0
195.0
554.0
353.0
811.0
1390.0
788.0
596.0
304.0
838.0
218.0
783.0
87.0
24.0
503.0
831.0
1128.0
835.0
1615.0
201.0
1663.0
1263.0
814.0
406.0
379.0
812.0
242.0
335.0
807.0
1354.0
702.0
119.0
410.0
1165.0
536.0
336.0
286.0
130.0
291.0
652.0
1086.0
429.0
1966.0
389.0
1352.0
566.0
420.0
445.0
389.0
358.0
572.0
1184.0
1591.0
865.0
1183.0
1466.0
1083.0
368.0
933.0
360.0
57.0
157.0
389.0
627.0
933.0
1215.0
457.0
1377.0
258.0
565.0
369.0
115.0
682.0
123.0
432.0
1006.0
691.0
1715.0
91.0
772.0
311.0
53.0
1115.0
302.0
89.0
120.0
677.0
455.0
576.0
649.0
673.0
355.0
536.0
227.0
16.0
62.0
125.0
269.0
1111.0
881.0
1514.0
1087.0
1078.0
917.0
1562.0
1102.0
343.0
422.0
289.0
114.0
214.0
969.0
1372.0
858.0
1017.0
709.0
1009.0
151.0
751.0
394.0
447.0
279.0
1254.0
677.0
692.0
1342.0
2449.0
1952.0
229.0
791.0
617.0
176.0
436.0
321.0
246.0
601.0
646.0
849.0
131.0
2462.0
1306.0
414.0
30.0
211.0
39.0
644.0
244.0
1140.0
915.0
981.0
1579.0
1876.0
371.0
822.0
316.0
300.0
606.0
146.0
473.0
708.0
1640.0
453.0
371.0
1172.0
1085.0
946.0
718.0
885.0
220.0
299.0
1252.0
1088.0
1256.0
1136.0
1348.0
1171.0
1075.0
801.0
1202.0
498.0
90.0
508.0
709.0
1269.0
757.0
1300.0
871.0
374.0
615.0
1176.0
561.0
782.0
174.0
61.0
1312.0
846.0
460.0
651.0
640.0
1324.0
1373.0
687.0
471.0
519.0
226.0
138.0
554.0
1050.0
956.0
2005.0
991.0
612.0
1414.0
720.0
360.0
89.0
245.0
0.0
312.0
104.0
524.0
886.0
1846.0
1363.0
517.0
447.0
484.0
NaN
562.0
92.0
340.0
618.0
505.0
343.0
155.0
1098.0
1358.0
81.0
1010.0
189.0
140.0
203.0
687.0
816.0
396.0
562.0
1001.0
618.0
598.0
52.0
416.0
88.0
66.0
262.0
1021.0
711.0
1350.0
1697.0
1561.0
1638.0
382.0
347.0
135.0
416.0
144.0
166.0
847.0
1093.0
1970.0
947.0
2202.0
1598.0
1172.0
357.0
1885.0
440.0
575.0
328.0
846.0
808.0
747.0
986.0
1089.0
1527.0
822.0
1078.0
981.0
365.0
420.0
308.0
488.0
1301.0
1573.0
1735.0
1820.0
2111.0
837.0
191.0
442.0
312.0
618.0
225.0
125.0
1420.0
430.0
844.0
1249.0
1262.0
1106.0
1143.0
464.0
178.0
101.0
53.0
833.0
947.0
861.0
648.0
1335.0
1159.0
1036.0
1267.0
297.0
327.0
NaN
36.0
836.0
282.0
873.0
1385.0
459.0
1802.0
459.0
736.0
1057.0
490.0
610.0
135.0
498.0
373.0
1000.0
785.0
1809.0
1649.0
554.0
496.0
339.0
147.0
578.0
342.0
1003.0
833.0
1072.0
1113.0
963.0
745.0
475.0
1304.0
322.0
213.0
752.0
234.0
557.0
1593.0
1412.0
1010.0
1467.0
761.0
692.0
622.0
346.0
211.0
353.0
390.0
534.0
222.0
1596.0
2151.0
1539.0
548.0
346.0
383.0
768.0
795.0
322.0
621.0
297.0
1182.0
1531.0
1605.0
686.0
1328.0
788.0
281.0
639.0
184.0
127.0
132.0
436.0
721.0
435.0
1816.0
682.0
1545.0
651.0
1129.0
66.0
70.0
98.0
163.0
554.0
466.0
900.0
979.0
807.0
437.0
439.0
175.0
303.0
326.0
98.0
398.0
711.0
447.0
1425.0
1631.0
1799.0
1250.0
1757.0
623.0
NaN
54.0
273.0
354.0
737.0
856.0
1513.0
1451.0
784.0
1145.0
1767.0
329.0
459.0
291.0
266.0
133.0
707.0
1116.0
713.0
1324.0
935.0
1303.0
1114.0
159.0
501.0
349.0
333.0
514.0
985.0
472.0
855.0
1066.0
583.0
2733.0
1186.0
1441.0
58.0
409.0
94.0
121.0
240.0
1055.0
983.0
1085.0
1334.0
555.0
367.0
540.0
573.0
415.0
183.0
310.0
449.0
608.0
484.0
703.0
389.0
847.0
375.0
1790.0
231.0
751.0
174.0
319.0
369.0
406.0
831.0
2449.0
1679.0
618.0
3216.0
260.0
624.0
938.0
270.0
347.0
550.0
1087.0
945.0
1217.0
1832.0
229.0
218.0
113.0
76.0
340.0
201.0
582.0
485.0
783.0
1459.0
1080.0
535.0
369.0
238.0
351.0
162.0
449.0
163.0
353.0
902.0
1576.0
1642.0
1696.0
1345.0
527.0
489.0
905.0
171.0
319.0
361.0
406.0
346.0
1414.0
730.0
3285.0
302.0
807.0
589.0
346.0
276.0
176.0
190.0
192.0
287.0
698.0
1209.0
1934.0
1879.0
1526.0
1491.0
314.0
1011.0
876.0
117.0
217.0
483.0
501.0
949.0
1207.0
2268.0
2974.0
3761.0
793.0
415.0
538.0
364.0
397.0
381.0
722.0
1295.0
1056.0
1667.0
993.0
NaN
NaN
