NaN
153.0
NaN
462.0
231.0
269.0
216.0
174.0
NaN
555.0
1231.0
612.0
173.0
1033.0
757.0
203.0
135.0
127.0
144.0
697.0
81.0
868.0
1189.0
563.0
181.0
851.0
195.0
140.0
NaN
129.0
175.0
244.0
492.0
766.0
1074.0
613.0
445.0
399.0
448.0
303.0
0.0
340.0
254.0
151.0
1118.0
2002.0
1677.0
1799.0
1405.0
393.0
115.0
237.0
51.0
147.0
NaN
331.0
NaN
1406.0
1139.0
597.0
764.0
377.0
13.0
91.0
620.0
51.0
140.0
432.0
224.0
981.0
591.0
121.0
241.0
844.0
737.0
720.0
226.0
156.0
NaN
94.0
594.0
750.0
1286.0
305.0
501.0
614.0
676.0
554.0
262.0
15.0
356.0
186.0
456.0
322.0
1314.0
765.0
839.0
138.0
302.0
119.0
503.0
360.0
8.0
1031.0
310.0
1257.0
666.0
1159.0
831.0
1534.0
318.0
0.0
23.0
125.0
36.0
489.0
140.0
838.0
1124.0
1333.0
551.0
531.0
574.0
132.0
43.0
10.0
348.0
587.0
1333.0
1254.0
1545.0
998.0
1565.0
1306.0
484.0
130.0
164.0
292.0
223.0
512.0
442.0
935.0
690.0
1171.0
628.0
127.0
0.0
38.0
137.0
216.0
426.0
454.0
1348.0
865.0
1026.0
1019.0
1481.0
368.0
90.0
554.0
381.0
8.0
633.0
382.0
703.0
677.0
1632.0
891.0
448.0
726.0
556.0
58.0
38.0
38.0
210.0
138.0
276.0
191.0
1426.0
861.0
137.0
185.0
434.0
10.0
254.0
61.0
0.0
49.0
449.0
340.0
620.0
1346.0
474.0
137.0
125.0
201.0
30.0
41.0
51.0
444.0
259.0
759.0
1256.0
1300.0
538.0
975.0
541.0
431.0
0.0
102.0
559.0
155.0
894.0
599.0
614.0
1240.0
81.0
140.0
0.0
213.0
15.0
66.0
236.0
465.0
511.0
1896.0
485.0
267.0
863.0
306.0
594.0
595.0
450.0
210.0
107.0
492.0
868.0
1960.0
813.0
218.0
2129.0
579.0
269.0
360.0
129.0
56.0
218.0
326.0
301.0
1168.0
674.0
797.0
794.0
780.0
322.0
191.0
191.0
10.0
516.0
433.0
467.0
1460.0
1315.0
1254.0
826.0
643.0
436.0
43.0
51.0
87.0
63.0
294.0
419.0
521.0
1960.0
1400.0
805.0
259.0
162.0
36.0
55.0
63.0
41.0
401.0
1114.0
694.0
987.0
1306.0
1321.0
416.0
NaN
0.0
178.0
54.0
227.0
125.0
559.0
2294.0
1068.0
801.0
598.0
1781.0
142.0
74.0
71.0
64.0
323.0
148.0
292.0
109.0
1317.0
1202.0
1008.0
795.0
323.0
18.0
64.0
26.0
0.0
0.0
465.0
1092.0
1926.0
526.0
664.0
130.0
406.0
0.0
74.0
58.0
55.0
210.0
967.0
340.0
660.0
618.0
872.0
823.0
1648.0
154.0
569.0
253.0
337.0
383.0
81.0
834.0
1816.0
1208.0
1069.0
249.0
720.0
113.0
264.0
55.0
116.0
400.0
833.0
811.0
1068.0
372.0
289.0
1222.0
824.0
NaN
NaN
NaN
NaN
NaN
363.0
410.0
1871.0
460.0
272.0
221.0
768.0
462.0
236.0
43.0
127.0
61.0
567.0
1850.0
410.0
1603.0
472.0
356.0
458.0
348.0
421.0
263.0
167.0
NaN
342.0
858.0
566.0
1555.0
218.0
1077.0
480.0
358.0
160.0
25.0
23.0
213.0
360.0
913.0
427.0
371.0
1478.0
295.0
358.0
80.0
177.0
335.0
30.0
538.0
668.0
278.0
1171.0
185.0
810.0
312.0
79.0
737.0
18.0
38.0
216.0
406.0
422.0
979.0
356.0
292.0
437.0
152.0
76.0
51.0
69.0
0.0
94.0
1066.0
610.0
1041.0
841.0
431.0
755.0
1285.0
495.0
381.0
13.0
0.0
304.0
46.0
831.0
798.0
331.0
591.0
1106.0
345.0
0.0
196.0
231.0
305.0
0.0
961.0
155.0
1367.0
1194.0
587.0
1760.0
785.0
984.0
813.0
0.0
63.0
142.0
115.0
483.0
715.0
275.0
160.0
1431.0
475.0
NaN
NaN
NaN
66.0
247.0
647.0
102.0
655.0
1549.0
1124.0
702.0
206.0
206.0
364.0
268.0
NaN
NaN
701.0
315.0
2427.0
315.0
636.0
251.0
747.0
1141.0
511.0
475.0
292.0
109.0
952.0
917.0
1031.0
1972.0
354.0
331.0
1054.0
554.0
958.0
NaN
0.0
265.0
342.0
2521.0
795.0
1878.0
975.0
201.0
323.0
1343.0
213.0
170.0
0.0
0.0
607.0
2211.0
795.0
848.0
150.0
1465.0
1120.0
155.0
356.0
239.0
56.0
140.0
711.0
1208.0
599.0
1252.0
559.0
831.0
1120.0
658.0
259.0
38.0
104.0
143.0
1222.0
117.0
972.0
617.0
734.0
461.0
577.0
96.0
378.0
267.0
114.0
21.0
136.0
998.0
653.0
272.0
462.0
959.0
994.0
43.0
429.0
74.0
153.0
91.0
271.0
196.0
268.0
705.0
750.0
814.0
911.0
13.0
69.0
196.0
224.0
66.0
547.0
335.0
2344.0
407.0
385.0
944.0
268.0
655.0
282.0
142.0
91.0
104.0
576.0
793.0
692.0
2409.0
391.0
376.0
569.0
142.0
470.0
165.0
51.0
493.0
861.0
600.0
994.0
1092.0
1081.0
1433.0
696.0
1485.0
436.0
183.0
125.0
520.0
272.0
1312.0
1224.0
969.0
1312.0
883.0
602.0
368.0
396.0
336.0
239.0
282.0
31.0
1091.0
368.0
1408.0
857.0
419.0
977.0
320.0
460.0
308.0
101.0
105.0
1073.0
1352.0
1965.0
599.0
490.0
1008.0
726.0
1339.0
328.0
48.0
372.0
11.0
569.0
386.0
1381.0
603.0
2404.0
398.0
1338.0
432.0
1045.0
181.0
80.0
282.0
77.0
473.0
1122.0
498.0
794.0
344.0
847.0
622.0
90.0
96.0
79.0
104.0
759.0
1858.0
943.0
1904.0
518.0
901.0
234.0
1298.0
595.0
31.0
147.0
97.0
155.0
1233.0
817.0
2607.0
1484.0
167.0
76.0
183.0
196.0
89.0
72.0
333.0
262.0
406.0
1024.0
1061.0
621.0
700.0
262.0
527.0
899.0
182.0
399.0
120.0
204.0
931.0
808.0
492.0
974.0
556.0
894.0
193.0
1180.0
43.0
44.0
203.0
302.0
775.0
744.0
547.0
463.0
1807.0
239.0
679.0
41.0
28.0
71.0
315.0
579.0
803.0
966.0
1622.0
305.0
191.0
1971.0
170.0
243.0
111.0
91.0
112.0
705.0
618.0
1570.0
808.0
408.0
432.0
1189.0
NaN
543.0
51.0
182.0
202.0
359.0
1039.0
927.0
1652.0
849.0
767.0
1367.0
185.0
797.0
NaN
79.0
131.0
NaN
993.0
327.0
1036.0
20.0
1205.0
NaN
262.0
123.0
694.0
211.0
414.0
489.0
1210.0
990.0
462.0
73.0
1203.0
810.0
1514.0
0.0
456.0
173.0
171.0
323.0
910.0
2075.0
651.0
659.0
772.0
545.0
1210.0
292.0
305.0
79.0
166.0
278.0
464.0
524.0
1113.0
1711.0
548.0
693.0
1640.0
71.0
497.0
269.0
202.0
454.0
910.0
414.0
1690.0
2226.0
911.0
1065.0
406.0
151.0
157.0
NaN
NaN
NaN
NaN
NaN
NaN
NaN
NaN
NaN
NaN
NaN
NaN
NaN
NaN
NaN
NaN
1226.0
432.0
33.0
249.0
147.0
542.0
135.0
418.0
176.0
279.0
375.0
1196.0
1477.0
844.0
200.0
1984.0
358.0
929.0
241.0
57.0
46.0
123.0
152.0
654.0
650.0
3494.0
483.0
1811.0
671.0
282.0
110.0
401.0
111.0
25.0
76.0
481.0
868.0
677.0
1547.0
1148.0
1432.0
89.0
568.0
419.0
180.0
38.0
455.0
1178.0
1366.0
506.0
447.0
707.0
NaN
599.0
427.0
NaN
NaN
158.0
311.0
579.0
1120.0
91.0
508.0
1393.0
NaN
NaN
