5.0
0.0
46.0
0.0
0.0
0.0
0.0
0.0
0.0
0.0
0.0
0.0
0.0
0.0
0.0
15.0
5.0
0.0
0.0
0.0
0.0
0.0
0.0
0.0
0.0
5.0
0.0
0.0
13.0
33.0
0.0
81.0
0.0
0.0
0.0
0.0
0.0
0.0
114.0
15.0
0.0
0.0
0.0
0.0
0.0
0.0
0.0
0.0
0.0
0.0
381.0
13.0
0.0
0.0
0.0
0.0
0.0
0.0
0.0
23.0
0.0
0.0
0.0
0.0
0.0
0.0
295.0
183.0
0.0
0.0
0.0
0.0
0.0
0.0
0.0
0.0
0.0
0.0
0.0
0.0
0.0
0.0
0.0
0.0
0.0
0.0
0.0
0.0
0.0
0.0
38.0
0.0
0.0
0.0
5.0
124.0
28.0
0.0
0.0
0.0
18.0
0.0
0.0
0.0
0.0
0.0
0.0
147.0
0.0
23.0
135.0
3.0
0.0
0.0
0.0
0.0
23.0
0.0
0.0
0.0
0.0
0.0
0.0
0.0
0.0
0.0
137.0
0.0
0.0
0.0
5.0
0.0
0.0
0.0
0.0
132.0
48.0
0.0
0.0
64.0
10.0
3.0
0.0
0.0
0.0
0.0
0.0
0.0
0.0
157.0
64.0
0.0
0.0
0.0
0.0
38.0
30.0
18.0
0.0
0.0
0.0
25.0
15.0
8.0
0.0
0.0
0.0
132.0
0.0
0.0
81.0
0.0
0.0
25.0
0.0
94.0
8.0
28.0
0.0
254.0
0.0
0.0
0.0
0.0
0.0
0.0
33.0
0.0
0.0
20.0
0.0
0.0
0.0
0.0
0.0
102.0
79.0
13.0
3.0
0.0
0.0
0.0
0.0
3.0
36.0
0.0
0.0
25.0
0.0
0.0
0.0
0.0
0.0
0.0
0.0
0.0
0.0
0.0
0.0
84.0
0.0
0.0
0.0
0.0
0.0
0.0
0.0
30.0
0.0
0.0
0.0
0.0
109.0
15.0
0.0
0.0
0.0
165.0
3.0
0.0
0.0
279.0
13.0
0.0
0.0
0.0
0.0
0.0
0.0
0.0
0.0
0.0
0.0
0.0
0.0
0.0
145.0
41.0
5.0
8.0
0.0
0.0
0.0
99.0
0.0
0.0
0.0
0.0
0.0
0.0
0.0
0.0
0.0
18.0
0.0
0.0
0.0
0.0
0.0
0.0
46.0
0.0
0.0
0.0
0.0
46.0
0.0
0.0
89.0
33.0
0.0
25.0
0.0
254.0
76.0
46.0
0.0
79.0
0.0
0.0
0.0
0.0
0.0
8.0
23.0
206.0
0.0
0.0
0.0
10.0
0.0
0.0
0.0
0.0
71.0
0.0
56.0
152.0
0.0
0.0
0.0
0.0
0.0
119.0
140.0
8.0
480.0
381.0
3.0
0.0
46.0
20.0
0.0
0.0
10.0
0.0
0.0
0.0
0.0
0.0
0.0
0.0
0.0
0.0
0.0
0.0
0.0
0.0
0.0
0.0
0.0
104.0
0.0
64.0
8.0
0.0
99.0
0.0
0.0
74.0
0.0
0.0
51.0
0.0
0.0
0.0
0.0
0.0
0.0
0.0
0.0
0.0
0.0
0.0
13.0
518.0
0.0
0.0
0.0
0.0
0.0
102.0
0.0
114.0
0.0
0.0
0.0
0.0
0.0
0.0
0.0
15.0
0.0
168.0
10.0
0.0
0.0
0.0
165.0
10.0
0.0
10.0
0.0
0.0
0.0
13.0
150.0
658.0
0.0
0.0
0.0
0.0
0.0
0.0
0.0
0.0
0.0
0.0
0.0
0.0
0.0
0.0
0.0
0.0
0.0
0.0
0.0
8.0
0.0
15.0
0.0
51.0
0.0
0.0
0.0
23.0
0.0
0.0
0.0
0.0
0.0
0.0
0.0
8.0
41.0
122.0
127.0
0.0
0.0
0.0
0.0
0.0
0.0
0.0
0.0
0.0
0.0
0.0
0.0
0.0
0.0
0.0
0.0
0.0
0.0
0.0
0.0
0.0
NaN
25.0
0.0
0.0
0.0
0.0
0.0
0.0
0.0
0.0
0.0
0.0
33.0
0.0
0.0
0.0
0.0
0.0
0.0
0.0
0.0
0.0
0.0
0.0
0.0
0.0
0.0
0.0
8.0
147.0
0.0
0.0
0.0
0.0
0.0
0.0
0.0
0.0
8.0
71.0
18.0
0.0
0.0
0.0
0.0
0.0
0.0
0.0
0.0
132.0
13.0
48.0
13.0
0.0
0.0
0.0
0.0
0.0
0.0
0.0
0.0
0.0
175.0
0.0
0.0
0.0
0.0
0.0
0.0
0.0
0.0
0.0
0.0
109.0
335.0
0.0
0.0
0.0
0.0
30.0
0.0
0.0
0.0
0.0
0.0
0.0
0.0
0.0
41.0
0.0
0.0
0.0
28.0
61.0
8.0
5.0
0.0
0.0
0.0
0.0
0.0
0.0
0.0
38.0
0.0
58.0
0.0
0.0
76.0
0.0
0.0
20.0
0.0
0.0
0.0
10.0
8.0
0.0
36.0
3.0
0.0
0.0
0.0
0.0
23.0
0.0
0.0
8.0
0.0
18.0
5.0
0.0
0.0
0.0
132.0
0.0
0.0
0.0
0.0
0.0
0.0
0.0
NaN
NaN
0.0
0.0
0.0
0.0
231.0
79.0
0.0
0.0
0.0
0.0
0.0
0.0
0.0
13.0
5.0
0.0
0.0
3.0
122.0
409.0
25.0
0.0
0.0
25.0
25.0
41.0
0.0
0.0
0.0
178.0
0.0
0.0
0.0
25.0
251.0
0.0
0.0
10.0
20.0
0.0
0.0
25.0
0.0
0.0
46.0
0.0
429.0
0.0
0.0
8.0
0.0
0.0
0.0
0.0
10.0
25.0
0.0
15.0
94.0
0.0
0.0
0.0
0.0
0.0
0.0
25.0
0.0
0.0
168.0
178.0
229.0
0.0
0.0
0.0
472.0
0.0
0.0
0.0
0.0
0.0
155.0
0.0
0.0
0.0
0.0
0.0
0.0
914.0
0.0
43.0
0.0
43.0
0.0
0.0
0.0
0.0
0.0
0.0
411.0
0.0
0.0
46.0
13.0
107.0
28.0
155.0
18.0
0.0
0.0
0.0
0.0
0.0
0.0
30.0
0.0
0.0
445.0
0.0
0.0
0.0
0.0
5.0
0.0
0.0
0.0
0.0
0.0
251.0
0.0
0.0
0.0
0.0
0.0
0.0
0.0
0.0
0.0
0.0
132.0
5.0
0.0
0.0
0.0
0.0
107.0
10.0
8.0
0.0
0.0
0.0
0.0
0.0
0.0
0.0
0.0
0.0
0.0
0.0
0.0
251.0
0.0
0.0
0.0
0.0
0.0
0.0
0.0
15.0
64.0
38.0
0.0
0.0
0.0
0.0
0.0
0.0
8.0
10.0
0.0
0.0
8.0
0.0
0.0
0.0
0.0
38.0
5.0
0.0
0.0
0.0
0.0
0.0
0.0
0.0
0.0
0.0
0.0
0.0
0.0
0.0
0.0
0.0
0.0
0.0
0.0
0.0
0.0
0.0
0.0
0.0
0.0
0.0
0.0
0.0
0.0
0.0
41.0
155.0
0.0
0.0
0.0
0.0
0.0
0.0
79.0
0.0
0.0
0.0
3.0
0.0
0.0
30.0
5.0
0.0
0.0
0.0
0.0
0.0
0.0
0.0
107.0
8.0
0.0
0.0
23.0
43.0
10.0
0.0
0.0
0.0
23.0
3.0
0.0
0.0
0.0
0.0
0.0
0.0
20.0
0.0
0.0
0.0
0.0
0.0
0.0
0.0
0.0
0.0
0.0
0.0
0.0
0.0
41.0
41.0
0.0
5.0
0.0
0.0
0.0
0.0
0.0
0.0
0.0
0.0
0.0
0.0
0.0
0.0
0.0
0.0
58.0
0.0
13.0
0.0
0.0
0.0
0.0
0.0
0.0
0.0
0.0
13.0
0.0
0.0
0.0
0.0
5.0
84.0
0.0
43.0
0.0
0.0
0.0
20.0
0.0
0.0
25.0
107.0
0.0
109.0
0.0
0.0
0.0
0.0
0.0
NaN
NaN
10.0
0.0
76.0
0.0
165.0
13.0
0.0
0.0
0.0
0.0
0.0
0.0
114.0
259.0
46.0
28.0
10.0
0.0
0.0
94.0
41.0
0.0
0.0
0.0
0.0
43.0
5.0
0.0
0.0
NaN
NaN
NaN
NaN
10.0
13.0
0.0
0.0
0.0
8.0
218.0
18.0
0.0
0.0
0.0
160.0
28.0
13.0
0.0
0.0
0.0
0.0
0.0
0.0
0.0
127.0
0.0
0.0
13.0
94.0
0.0
18.0
0.0
5.0
0.0
8.0
0.0
0.0
0.0
30.0
41.0
0.0
0.0
157.0
310.0
0.0
0.0
0.0
0.0
0.0
38.0
20.0
0.0
15.0
0.0
NaN
155.0
0.0
0.0
305.0
104.0
0.0
0.0
3.0
0.0
122.0
33.0
84.0
10.0
0.0
0.0
0.0
160.0
13.0
0.0
0.0
30.0
206.0
0.0
0.0
94.0
0.0
0.0
3.0
15.0
0.0
302.0
8.0
86.0
0.0
36.0
30.0
51.0
0.0
10.0
0.0
0.0
36.0
257.0
0.0
0.0
0.0
0.0
409.0
0.0
0.0
46.0
53.0
0.0
0.0
0.0
10.0
3.0
0.0
0.0
8.0
25.0
0.0
0.0
0.0
0.0
124.0
0.0
0.0
0.0
0.0
0.0
0.0
15.0
0.0
0.0
0.0
0.0
0.0
152.0
0.0
0.0
0.0
0.0
28.0
84.0
102.0
0.0
0.0
0.0
43.0
140.0
0.0
0.0
0.0
0.0
333.0
0.0
0.0
13.0
10.0
0.0
0.0
0.0
0.0
0.0
0.0
0.0
0.0
0.0
0.0
229.0
8.0
0.0
8.0
0.0
0.0
0.0
0.0
0.0
0.0
0.0
0.0
119.0
28.0
0.0
25.0
0.0
163.0
0.0
0.0
0.0
0.0
