0.0
0.0
0.0
0.0
0.0
0.0
0.0
0.0
0.0
0.0
0.0
0.0
0.0
0.0
0.0
0.0
0.0
91.0
0.0
0.0
0.0
0.0
117.0
206.0
401.0
320.0
20.0
0.0
0.0
0.0
94.0
152.0
0.0
0.0
0.0
0.0
554.0
521.0
0.0
0.0
33.0
0.0
46.0
0.0
0.0
0.0
76.0
538.0
0.0
0.0
0.0
0.0
0.0
0.0
0.0
0.0
0.0
0.0
0.0
305.0
46.0
0.0
122.0
0.0
0.0
0.0
0.0
508.0
0.0
0.0
0.0
191.0
89.0
0.0
0.0
0.0
0.0
0.0
0.0
124.0
0.0
0.0
0.0
0.0
0.0
0.0
0.0
0.0
338.0
0.0
0.0
0.0
0.0
0.0
0.0
0.0
0.0
0.0
0.0
0.0
0.0
0.0
0.0
0.0
231.0
0.0
0.0
0.0
0.0
0.0
0.0
0.0
0.0
0.0
0.0
0.0
0.0
0.0
0.0
0.0
0.0
0.0
0.0
0.0
0.0
196.0
147.0
0.0
0.0
0.0
0.0
0.0
0.0
0.0
0.0
0.0
0.0
0.0
0.0
135.0
0.0
0.0
0.0
0.0
0.0
0.0
0.0
30.0
0.0
0.0
0.0
279.0
43.0
0.0
0.0
0.0
0.0
0.0
0.0
0.0
0.0
0.0
0.0
0.0
0.0
0.0
0.0
0.0
0.0
0.0
0.0
0.0
0.0
0.0
0.0
0.0
0.0
0.0
0.0
264.0
0.0
0.0
0.0
0.0
0.0
0.0
0.0
0.0
0.0
0.0
0.0
0.0
0.0
0.0
0.0
0.0
0.0
0.0
0.0
0.0
0.0
25.0
0.0
0.0
0.0
0.0
160.0
36.0
56.0
0.0
0.0
0.0
0.0
0.0
0.0
0.0
0.0
0.0
0.0
58.0
0.0
0.0
406.0
0.0
0.0
0.0
0.0
0.0
0.0
109.0
0.0
86.0
0.0
0.0
38.0
33.0
211.0
0.0
318.0
0.0
46.0
0.0
241.0
0.0
0.0
0.0
0.0
0.0
0.0
0.0
0.0
0.0
0.0
0.0
0.0
0.0
0.0
0.0
0.0
0.0
0.0
0.0
0.0
124.0
0.0
0.0
0.0
0.0
91.0
0.0
0.0
127.0
0.0
335.0
0.0
0.0
0.0
0.0
0.0
NaN
0.0
0.0
0.0
0.0
69.0
3.0
0.0
0.0
71.0
NaN
0.0
0.0
0.0
0.0
0.0
0.0
0.0
0.0
0.0
20.0
0.0
0.0
0.0
0.0
0.0
0.0
0.0
0.0
0.0
0.0
0.0
0.0
0.0
0.0
0.0
272.0
0.0
0.0
0.0
0.0
0.0
8.0
0.0
0.0
0.0
0.0
0.0
5.0
0.0
0.0
0.0
0.0
0.0
0.0
0.0
0.0
5.0
0.0
0.0
0.0
43.0
0.0
25.0
0.0
23.0
0.0
0.0
0.0
0.0
0.0
0.0
0.0
84.0
0.0
0.0
0.0
0.0
0.0
0.0
0.0
0.0
3.0
0.0
13.0
0.0
0.0
8.0
8.0
0.0
84.0
13.0
0.0
0.0
0.0
46.0
0.0
0.0
0.0
38.0
152.0
0.0
0.0
587.0
0.0
56.0
0.0
0.0
0.0
0.0
79.0
0.0
89.0
0.0
0.0
0.0
0.0
0.0
0.0
0.0
0.0
0.0
107.0
0.0
0.0
0.0
84.0
36.0
0.0
0.0
0.0
0.0
305.0
0.0
0.0
0.0
0.0
0.0
0.0
0.0
0.0
0.0
0.0
0.0
0.0
51.0
0.0
0.0
0.0
10.0
0.0
0.0
0.0
0.0
0.0
236.0
500.0
0.0
0.0
0.0
0.0
41.0
0.0
0.0
0.0
0.0
0.0
43.0
23.0
61.0
0.0
0.0
15.0
0.0
0.0
0.0
0.0
0.0
0.0
0.0
8.0
5.0
0.0
0.0
0.0
89.0
0.0
36.0
8.0
0.0
0.0
5.0
15.0
0.0
10.0
5.0
0.0
0.0
0.0
0.0
0.0
0.0
0.0
0.0
0.0
0.0
0.0
0.0
25.0
0.0
0.0
10.0
0.0
0.0
0.0
0.0
0.0
10.0
0.0
0.0
0.0
0.0
0.0
0.0
13.0
0.0
0.0
0.0
0.0
0.0
0.0
0.0
0.0
0.0
89.0
13.0
0.0
0.0
0.0
0.0
0.0
0.0
0.0
3.0
23.0
0.0
0.0
0.0
0.0
0.0
0.0
5.0
0.0
0.0
0.0
0.0
0.0
0.0
0.0
25.0
173.0
0.0
10.0
41.0
0.0
8.0
66.0
0.0
236.0
0.0
28.0
0.0
0.0
41.0
0.0
0.0
0.0
0.0
0.0
0.0
0.0
0.0
0.0
0.0
13.0
201.0
305.0
0.0
8.0
3.0
0.0
0.0
0.0
112.0
0.0
0.0
0.0
8.0
0.0
0.0
0.0
0.0
5.0
13.0
28.0
13.0
0.0
0.0
170.0
0.0
0.0
5.0
0.0
0.0
0.0
0.0
0.0
0.0
0.0
0.0
0.0
0.0
0.0
0.0
86.0
0.0
119.0
0.0
0.0
8.0
244.0
0.0
23.0
13.0
NaN
NaN
NaN
NaN
145.0
0.0
NaN
NaN
NaN
NaN
NaN
NaN
30.0
25.0
NaN
NaN
NaN
0.0
NaN
NaN
NaN
NaN
NaN
NaN
89.0
NaN
0.0
0.0
5.0
0.0
0.0
0.0
41.0
71.0
5.0
0.0
0.0
0.0
5.0
79.0
23.0
5.0
0.0
0.0
0.0
0.0
28.0
46.0
13.0
0.0
0.0
0.0
13.0
0.0
0.0
0.0
10.0
0.0
0.0
206.0
15.0
18.0
0.0
8.0
0.0
0.0
81.0
0.0
15.0
13.0
5.0
53.0
10.0
295.0
0.0
0.0
0.0
20.0
8.0
91.0
0.0
0.0
0.0
0.0
0.0
0.0
0.0
0.0
0.0
0.0
0.0
0.0
0.0
18.0
0.0
0.0
165.0
41.0
10.0
8.0
0.0
15.0
0.0
0.0
0.0
0.0
48.0
112.0
0.0
135.0
0.0
145.0
0.0
0.0
0.0
112.0
48.0
0.0
0.0
0.0
0.0
18.0
0.0
15.0
0.0
0.0
0.0
5.0
1069.0
0.0
0.0
259.0
0.0
0.0
0.0
0.0
10.0
0.0
30.0
0.0
38.0
13.0
5.0
0.0
0.0
0.0
0.0
0.0
0.0
0.0
5.0
0.0
0.0
0.0
0.0
0.0
0.0
0.0
0.0
0.0
0.0
0.0
109.0
0.0
0.0
0.0
28.0
0.0
0.0
0.0
53.0
0.0
20.0
224.0
0.0
0.0
0.0
66.0
0.0
0.0
0.0
0.0
0.0
0.0
0.0
3.0
0.0
188.0
71.0
0.0
0.0
0.0
0.0
33.0
81.0
0.0
0.0
46.0
0.0
0.0
0.0
10.0
30.0
28.0
0.0
0.0
0.0
0.0
0.0
0.0
0.0
0.0
0.0
0.0
0.0
0.0
0.0
8.0
160.0
0.0
0.0
0.0
0.0
0.0
0.0
0.0
0.0
0.0
0.0
0.0
0.0
0.0
0.0
0.0
0.0
61.0
18.0
0.0
10.0
0.0
0.0
0.0
0.0
0.0
0.0
5.0
168.0
43.0
0.0
0.0
0.0
0.0
18.0
0.0
132.0
0.0
0.0
15.0
0.0
79.0
0.0
91.0
0.0
0.0
0.0
0.0
0.0
0.0
0.0
0.0
0.0
0.0
0.0
0.0
163.0
0.0
0.0
0.0
0.0
0.0
0.0
0.0
0.0
0.0
0.0
15.0
64.0
107.0
175.0
28.0
0.0
0.0
0.0
0.0
0.0
0.0
0.0
0.0
0.0
0.0
0.0
18.0
5.0
0.0
0.0
0.0
10.0
5.0
0.0
290.0
8.0
0.0
0.0
239.0
5.0
0.0
0.0
0.0
422.0
0.0
94.0
0.0
0.0
206.0
5.0
109.0
0.0
0.0
0.0
104.0
157.0
0.0
0.0
0.0
0.0
180.0
0.0
0.0
0.0
61.0
0.0
0.0
33.0
64.0
46.0
0.0
0.0
0.0
0.0
76.0
36.0
10.0
30.0
0.0
0.0
0.0
0.0
0.0
201.0
0.0
0.0
0.0
0.0
0.0
0.0
526.0
28.0
0.0
0.0
135.0
0.0
0.0
0.0
0.0
0.0
0.0
0.0
0.0
0.0
117.0
0.0
10.0
10.0
8.0
0.0
185.0
0.0
0.0
0.0
361.0
0.0
0.0
64.0
0.0
0.0
526.0
0.0
0.0
0.0
0.0
0.0
0.0
0.0
0.0
102.0
267.0
0.0
320.0
0.0
0.0
0.0
0.0
0.0
0.0
53.0
0.0
0.0
0.0
0.0
0.0
0.0
0.0
0.0
0.0
0.0
0.0
0.0
0.0
41.0
0.0
0.0
0.0
0.0
0.0
0.0
206.0
20.0
0.0
0.0
97.0
53.0
353.0
10.0
0.0
0.0
13.0
0.0
0.0
0.0
0.0
28.0
0.0
0.0
0.0
0.0
0.0
0.0
64.0
5.0
0.0
0.0
0.0
0.0
0.0
0.0
0.0
0.0
5.0
157.0
5.0
0.0
0.0
3.0
5.0
8.0
0.0
0.0
0.0
0.0
0.0
0.0
3.0
0.0
0.0
0.0
0.0
0.0
0.0
0.0
0.0
97.0
66.0
0.0
0.0
0.0
140.0
0.0
5.0
0.0
5.0
8.0
0.0
3.0
15.0
0.0
5.0
0.0
13.0
10.0
18.0
48.0
0.0
0.0
5.0
3.0
23.0
33.0
0.0
0.0
8.0
15.0
10.0
5.0
10.0
8.0
0.0
0.0
5.0
0.0
5.0
5.0
0.0
0.0
0.0
3.0
10.0
0.0
0.0
0.0
0.0
0.0
104.0
147.0
5.0
0.0
38.0
0.0
0.0
0.0
0.0
0.0
0.0
0.0
0.0
0.0
0.0
0.0
0.0
8.0
0.0
0.0
0.0
0.0
0.0
10.0
0.0
36.0
0.0
0.0
0.0
0.0
0.0
0.0
0.0
0.0
140.0
38.0
0.0
0.0
0.0
0.0
5.0
38.0
0.0
0.0
56.0
236.0
0.0
0.0
0.0
0.0
0.0
0.0
0.0
79.0
36.0
0.0
0.0
0.0
117.0
66.0
15.0
43.0
0.0
0.0
0.0
0.0
0.0
0.0
0.0
0.0
0.0
0.0
0.0
0.0
0.0
442.0
0.0
0.0
61.0
0.0
0.0
0.0
0.0
0.0
0.0
0.0
18.0
0.0
0.0
0.0
20.0
28.0
0.0
0.0
178.0
0.0
13.0
71.0
0.0
0.0
0.0
0.0
305.0
109.0
0.0
0.0
0.0
8.0
0.0
0.0
0.0
0.0
0.0
20.0
0.0
0.0
0.0
0.0
0.0
0.0
0.0
15.0
104.0
64.0
0.0
152.0
152.0
0.0
0.0
91.0
0.0
20.0
15.0
0.0
0.0
0.0
0.0
0.0
94.0
13.0
178.0
0.0
0.0
0.0
0.0
0.0
0.0
0.0
18.0
5.0
23.0
0.0
0.0
0.0
0.0
0.0
0.0
0.0
0.0
0.0
0.0
0.0
0.0
0.0
0.0
0.0
0.0
0.0
0.0
0.0
0.0
3.0
0.0
257.0
28.0
0.0
0.0
0.0
0.0
0.0
0.0
51.0
0.0
0.0
0.0
0.0
0.0
0.0
0.0
0.0
0.0
0.0
0.0
0.0
0.0
0.0
0.0
0.0
0.0
3.0
53.0
0.0
147.0
163.0
33.0
0.0
0.0
297.0
0.0
0.0
0.0
0.0
0.0
0.0
0.0
0.0
3.0
13.0
91.0
0.0
0.0
0.0
51.0
0.0
221.0
107.0
10.0
0.0
175.0
0.0
0.0
0.0
0.0
0.0
0.0
0.0
18.0
0.0
0.0
0.0
104.0
0.0
0.0
0.0
0.0
0.0
18.0
0.0
0.0
0.0
0.0
109.0
0.0
368.0
79.0
0.0
0.0
0.0
0.0
0.0
0.0
236.0
165.0
0.0
0.0
0.0
0.0
0.0
0.0
0.0
0.0
0.0
0.0
198.0
0.0
0.0
0.0
64.0
13.0
0.0
0.0
0.0
91.0
191.0
0.0
0.0
0.0
0.0
0.0
0.0
0.0
0.0
0.0
0.0
0.0
0.0
0.0
0.0
0.0
48.0
0.0
0.0
0.0
0.0
5.0
0.0
0.0
0.0
0.0
0.0
0.0
0.0
0.0
0.0
0.0
0.0
0.0
0.0
0.0
0.0
0.0
0.0
0.0
0.0
0.0
0.0
0.0
0.0
0.0
0.0
0.0
0.0
13.0
132.0
23.0
0.0
41.0
13.0
0.0
0.0
0.0
NaN
0.0
28.0
NaN
NaN
NaN
NaN
NaN
0.0
28.0
NaN
NaN
NaN
NaN
10.0
127.0
NaN
NaN
490.0
102.0
38.0
15.0
NaN
NaN
NaN
NaN
NaN
NaN
NaN
NaN
0.0
13.0
0.0
0.0
0.0
28.0
0.0
0.0
30.0
99.0
46.0
0.0
0.0
0.0
0.0
0.0
0.0
3.0
79.0
0.0
0.0
0.0
0.0
0.0
0.0
0.0
0.0
165.0
368.0
0.0
0.0
13.0
33.0
0.0
0.0
107.0
244.0
76.0
0.0
0.0
0.0
0.0
152.0
25.0
0.0
0.0
0.0
0.0
0.0
0.0
239.0
64.0
3.0
5.0
0.0
0.0
0.0
0.0
0.0
0.0
0.0
0.0
559.0
0.0
0.0
165.0
0.0
0.0
0.0
0.0
0.0
0.0
140.0
51.0
0.0
0.0
0.0
0.0
0.0
0.0
203.0
0.0
0.0
0.0
0.0
0.0
0.0
0.0
0.0
0.0
0.0
0.0
51.0
64.0
0.0
0.0
0.0
0.0
0.0
0.0
0.0
0.0
0.0
0.0
0.0
0.0
0.0
0.0
0.0
25.0
0.0
0.0
0.0
15.0
0.0
0.0
0.0
0.0
0.0
0.0
0.0
0.0
0.0
33.0
0.0
0.0
0.0
38.0
0.0
15.0
0.0
0.0
0.0
0.0
0.0
0.0
0.0
0.0
0.0
0.0
0.0
0.0
0.0
0.0
30.0
0.0
51.0
13.0
0.0
0.0
0.0
0.0
0.0
0.0
0.0
89.0
0.0
185.0
0.0
145.0
20.0
0.0
0.0
0.0
0.0
0.0
0.0
0.0
30.0
0.0
0.0
0.0
0.0
0.0
0.0
0.0
81.0
76.0
33.0
0.0
0.0
0.0
0.0
102.0
0.0
0.0
183.0
8.0
0.0
0.0
0.0
0.0
13.0
0.0
0.0
0.0
86.0
86.0
0.0
0.0
102.0
157.0
0.0
0.0
0.0
0.0
0.0
0.0
0.0
249.0
43.0
0.0
0.0
0.0
0.0
0.0
239.0
0.0
0.0
0.0
0.0
0.0
0.0
259.0
0.0
0.0
0.0
0.0
0.0
0.0
0.0
0.0
0.0
0.0
0.0
0.0
0.0
0.0
0.0
0.0
0.0
0.0
0.0
0.0
0.0
0.0
0.0
0.0
0.0
0.0
0.0
0.0
0.0
0.0
0.0
0.0
0.0
0.0
0.0
0.0
0.0
0.0
165.0
51.0
0.0
0.0
0.0
0.0
0.0
107.0
0.0
0.0
0.0
25.0
193.0
183.0
112.0
13.0
0.0
0.0
64.0
0.0
0.0
0.0
0.0
20.0
0.0
0.0
0.0
0.0
0.0
0.0
0.0
0.0
0.0
0.0
0.0
0.0
0.0
0.0
38.0
0.0
0.0
0.0
0.0
76.0
0.0
30.0
0.0
0.0
64.0
51.0
0.0
0.0
0.0
0.0
0.0
84.0
30.0
0.0
0.0
0.0
10.0
81.0
0.0
279.0
0.0
0.0
0.0
0.0
0.0
0.0
0.0
0.0
0.0
0.0
0.0
0.0
0.0
0.0
0.0
20.0
0.0
0.0
0.0
0.0
0.0
0.0
0.0
0.0
0.0
0.0
0.0
0.0
0.0
0.0
0.0
25.0
0.0
0.0
58.0
122.0
0.0
0.0
0.0
0.0
0.0
58.0
0.0
0.0
0.0
0.0
0.0
15.0
0.0
173.0
0.0
0.0
64.0
0.0
0.0
0.0
0.0
0.0
10.0
0.0
0.0
635.0
478.0
0.0
18.0
0.0
0.0
0.0
0.0
0.0
0.0
0.0
0.0
0.0
0.0
25.0
0.0
0.0
0.0
0.0
0.0
0.0
0.0
0.0
0.0
0.0
0.0
0.0
23.0
0.0
0.0
0.0
0.0
0.0
0.0
0.0
0.0
0.0
0.0
0.0
13.0
8.0
89.0
15.0
0.0
64.0
0.0
25.0
0.0
0.0
0.0
0.0
0.0
0.0
0.0
0.0
0.0
13.0
0.0
0.0
0.0
13.0
0.0
0.0
0.0
0.0
0.0
0.0
15.0
0.0
0.0
0.0
0.0
0.0
0.0
0.0
0.0
0.0
0.0
0.0
0.0
0.0
0.0
0.0
0.0
20.0
0.0
0.0
0.0
0.0
0.0
0.0
0.0
0.0
0.0
0.0
5.0
0.0
0.0
0.0
0.0
0.0
3.0
0.0
0.0
0.0
0.0
3.0
48.0
0.0
0.0
13.0
51.0
0.0
0.0
0.0
0.0
18.0
13.0
0.0
249.0
3.0
0.0
0.0
0.0
0.0
0.0
5.0
0.0
0.0
0.0
0.0
0.0
69.0
15.0
0.0
102.0
178.0
13.0
132.0
0.0
0.0
191.0
20.0
69.0
3.0
3.0
0.0
0.0
20.0
56.0
25.0
0.0
0.0
0.0
0.0
0.0
0.0
71.0
20.0
0.0
0.0
0.0
0.0
0.0
0.0
0.0
0.0
102.0
20.0
0.0
43.0
0.0
0.0
38.0
0.0
0.0
0.0
0.0
0.0
0.0
51.0
0.0
0.0
0.0
10.0
0.0
0.0
0.0
3.0
0.0
0.0
0.0
0.0
0.0
0.0
0.0
0.0
30.0
0.0
0.0
0.0
0.0
0.0
0.0
0.0
165.0
10.0
0.0
0.0
0.0
0.0
0.0
0.0
0.0
0.0
0.0
0.0
0.0
0.0
0.0
28.0
0.0
0.0
0.0
0.0
51.0
13.0
51.0
0.0
0.0
0.0
0.0
0.0
23.0
0.0
0.0
48.0
25.0
8.0
0.0
46.0
0.0
0.0
25.0
191.0
10.0
0.0
234.0
0.0
0.0
0.0
81.0
0.0
0.0
66.0
0.0
38.0
330.0
89.0
0.0
0.0
51.0
0.0
0.0
0.0
0.0
0.0
0.0
0.0
0.0
0.0
0.0
51.0
521.0
274.0
0.0
71.0
13.0
0.0
0.0
470.0
76.0
41.0
43.0
0.0
0.0
64.0
516.0
127.0
0.0
132.0
0.0
0.0
51.0
5.0
0.0
10.0
0.0
0.0
0.0
0.0
0.0
0.0
0.0
0.0
0.0
0.0
196.0
368.0
127.0
25.0
122.0
0.0
0.0
0.0
0.0
0.0
0.0
0.0
0.0
0.0
0.0
0.0
0.0
0.0
0.0
0.0
0.0
0.0
0.0
0.0
0.0
0.0
0.0
0.0
0.0
0.0
0.0
0.0
254.0
0.0
0.0
13.0
0.0
0.0
0.0
0.0
0.0
76.0
0.0
0.0
0.0
0.0
0.0
0.0
0.0
0.0
0.0
0.0
0.0
0.0
127.0
0.0
0.0
0.0
0.0
0.0
0.0
0.0
0.0
0.0
0.0
0.0
0.0
0.0
0.0
23.0
0.0
356.0
0.0
30.0
0.0
0.0
18.0
0.0
38.0
0.0
257.0
152.0
0.0
51.0
0.0
0.0
0.0
0.0
28.0
0.0
0.0
0.0
0.0
61.0
0.0
0.0
0.0
0.0
0.0
0.0
0.0
0.0
64.0
564.0
0.0
0.0
0.0
0.0
0.0
0.0
18.0
114.0
0.0
0.0
0.0
89.0
0.0
0.0
0.0
0.0
0.0
0.0
104.0
0.0
0.0
0.0
0.0
0.0
33.0
0.0
0.0
0.0
0.0
0.0
0.0
0.0
0.0
0.0
0.0
0.0
0.0
0.0
0.0
0.0
0.0
0.0
0.0
0.0
0.0
0.0
0.0
107.0
0.0
0.0
0.0
0.0
0.0
0.0
0.0
0.0
0.0
0.0
0.0
0.0
0.0
0.0
76.0
0.0
0.0
0.0
0.0
0.0
0.0
0.0
0.0
0.0
0.0
0.0
0.0
0.0
51.0
0.0
38.0
0.0
0.0
25.0
140.0
0.0
0.0
0.0
0.0
0.0
0.0
0.0
0.0
25.0
5.0
0.0
0.0
0.0
0.0
51.0
0.0
0.0
0.0
25.0
0.0
0.0
0.0
0.0
0.0
0.0
0.0
0.0
140.0
0.0
0.0
122.0
43.0
20.0
8.0
8.0
71.0
25.0
0.0
13.0
165.0
20.0
20.0
0.0
0.0
0.0
0.0
0.0
0.0
241.0
0.0
0.0
0.0
20.0
0.0
46.0
0.0
140.0
51.0
0.0
0.0
0.0
0.0
76.0
89.0
0.0
0.0
0.0
127.0
0.0
5.0
76.0
0.0
127.0
0.0
0.0
0.0
0.0
0.0
0.0
0.0
160.0
0.0
0.0
0.0
0.0
0.0
251.0
0.0
0.0
0.0
0.0
0.0
0.0
89.0
0.0
0.0
13.0
0.0
0.0
0.0
0.0
0.0
0.0
0.0
0.0
0.0
0.0
0.0
0.0
0.0
0.0
300.0
51.0
0.0
0.0
0.0
142.0
0.0
0.0
0.0
0.0
0.0
0.0
0.0
0.0
0.0
0.0
0.0
0.0
0.0
0.0
0.0
13.0
0.0
0.0
0.0
0.0
8.0
64.0
0.0
0.0
0.0
0.0
109.0
25.0
0.0
0.0
8.0
0.0
0.0
38.0
0.0
0.0
0.0
0.0
0.0
0.0
84.0
43.0
46.0
0.0
0.0
0.0
0.0
0.0
102.0
216.0
0.0
0.0
0.0
0.0
0.0
0.0
0.0
71.0
102.0
427.0
38.0
0.0
0.0
0.0
0.0
0.0
0.0
0.0
193.0
18.0
140.0
0.0
25.0
0.0
0.0
0.0
394.0
284.0
0.0
51.0
114.0
0.0
0.0
10.0
0.0
0.0
71.0
0.0
0.0
432.0
38.0
13.0
25.0
0.0
0.0
0.0
0.0
0.0
25.0
0.0
3.0
0.0
0.0
0.0
546.0
0.0
0.0
38.0
0.0
0.0
0.0
0.0
0.0
0.0
180.0
0.0
0.0
183.0
48.0
0.0
0.0
0.0
0.0
0.0
0.0
0.0
251.0
0.0
0.0
8.0
0.0
0.0
0.0
147.0
330.0
15.0
117.0
0.0
0.0
0.0
170.0
0.0
0.0
0.0
0.0
0.0
0.0
0.0
0.0
0.0
0.0
0.0
0.0
0.0
0.0
25.0
0.0
0.0
0.0
610.0
262.0
0.0
0.0
178.0
84.0
0.0
0.0
0.0
0.0
51.0
25.0
0.0
0.0
0.0
0.0
0.0
0.0
0.0
0.0
0.0
0.0
0.0
0.0
0.0
0.0
0.0
0.0
0.0
0.0
0.0
0.0
0.0
8.0
15.0
23.0
0.0
51.0
25.0
0.0
0.0
56.0
0.0
0.0
0.0
0.0
0.0
0.0
0.0
0.0
0.0
18.0
18.0
142.0
157.0
0.0
0.0
0.0
0.0
0.0
0.0
0.0
0.0
0.0
0.0
0.0
0.0
0.0
0.0
0.0
0.0
0.0
0.0
0.0
0.0
0.0
0.0
0.0
0.0
0.0
0.0
0.0
0.0
0.0
0.0
0.0
0.0
155.0
0.0
0.0
0.0
0.0
155.0
521.0
64.0
0.0
0.0
0.0
0.0
0.0
20.0
0.0
0.0
0.0
0.0
53.0
0.0
0.0
33.0
0.0
546.0
51.0
64.0
8.0
0.0
0.0
216.0
13.0
23.0
89.0
0.0
0.0
0.0
117.0
0.0
0.0
0.0
229.0
0.0
0.0
0.0
152.0
216.0
0.0
66.0
0.0
0.0
0.0
0.0
0.0
0.0
0.0
0.0
0.0
157.0
0.0
0.0
0.0
0.0
0.0
0.0
0.0
0.0
0.0
0.0
127.0
0.0
0.0
0.0
0.0
38.0
140.0
0.0
0.0
0.0
0.0
0.0
0.0
64.0
NaN
13.0
64.0
0.0
0.0
0.0
0.0
0.0
0.0
5.0
89.0
0.0
8.0
0.0
0.0
0.0
0.0
0.0
15.0
0.0
0.0
0.0
0.0
13.0
0.0
0.0
0.0
191.0
64.0
0.0
13.0
102.0
0.0
0.0
0.0
0.0
0.0
0.0
0.0
0.0
0.0
0.0
58.0
216.0
0.0
0.0
38.0
0.0
0.0
102.0
0.0
0.0
0.0
0.0
0.0
0.0
0.0
178.0
15.0
0.0
8.0
0.0
0.0
0.0
0.0
46.0
0.0
0.0
0.0
279.0
0.0
0.0
0.0
0.0
0.0
0.0
28.0
0.0
0.0
0.0
0.0
0.0
0.0
0.0
0.0
97.0
0.0
0.0
0.0
0.0
0.0
0.0
0.0
216.0
64.0
0.0
0.0
0.0
0.0
0.0
0.0
0.0
28.0
0.0
348.0
0.0
0.0
0.0
0.0
15.0
0.0
0.0
0.0
0.0
0.0
0.0
0.0
0.0
0.0
0.0
28.0
0.0
140.0
0.0
0.0
0.0
0.0
0.0
0.0
0.0
0.0
0.0
38.0
0.0
0.0
0.0
0.0
43.0
0.0
216.0
406.0
622.0
20.0
0.0
0.0
13.0
0.0
0.0
0.0
0.0
0.0
0.0
51.0
0.0
0.0
0.0
0.0
58.0
0.0
0.0
0.0
0.0
0.0
0.0
0.0
0.0
0.0
0.0
5.0
0.0
0.0
0.0
0.0
0.0
0.0
0.0
13.0
58.0
8.0
0.0
0.0
0.0
10.0
25.0
0.0
0.0
0.0
89.0
0.0
0.0
0.0
25.0
102.0
0.0
0.0
0.0
0.0
0.0
0.0
0.0
0.0
0.0
0.0
0.0
13.0
0.0
0.0
0.0
0.0
89.0
5.0
0.0
0.0
0.0
0.0
0.0
0.0
0.0
0.0
8.0
0.0
0.0
0.0
0.0
0.0
10.0
41.0
0.0
0.0
0.0
0.0
81.0
0.0
376.0
25.0
0.0
305.0
572.0
0.0
0.0
0.0
140.0
0.0
292.0
8.0
216.0
13.0
25.0
114.0
0.0
0.0
0.0
0.0
0.0
0.0
0.0
244.0
0.0
0.0
0.0
0.0
523.0
25.0
0.0
51.0
71.0
0.0
0.0
0.0
0.0
0.0
0.0
0.0
0.0
0.0
71.0
0.0
0.0
0.0
0.0
0.0
0.0
191.0
0.0
0.0
0.0
64.0
0.0
0.0
0.0
0.0
356.0
191.0
0.0
0.0
140.0
0.0
0.0
0.0
0.0
0.0
0.0
0.0
0.0
0.0
0.0
0.0
0.0
0.0
13.0
10.0
13.0
251.0
0.0
0.0
25.0
15.0
0.0
0.0
0.0
0.0
152.0
0.0
5.0
0.0
0.0
0.0
0.0
0.0
0.0
0.0
0.0
0.0
0.0
0.0
0.0
0.0
0.0
0.0
0.0
0.0
0.0
25.0
30.0
0.0
0.0
0.0
0.0
0.0
0.0
0.0
0.0
191.0
13.0
0.0
0.0
0.0
76.0
0.0
305.0
0.0
0.0
495.0
8.0
0.0
0.0
0.0
465.0
0.0
0.0
0.0
0.0
0.0
51.0
71.0
0.0
13.0
NaN
25.0
0.0
0.0
0.0
0.0
0.0
13.0
0.0
0.0
0.0
8.0
163.0
51.0
0.0
0.0
191.0
0.0
546.0
0.0
0.0
25.0
64.0
5.0
0.0
0.0
0.0
170.0
0.0
13.0
305.0
0.0
0.0
0.0
0.0
140.0
0.0
25.0
0.0
343.0
0.0
0.0
0.0
0.0
38.0
0.0
0.0
0.0
0.0
0.0
173.0
0.0
0.0
0.0
191.0
30.0
0.0
0.0
0.0
234.0
0.0
0.0
0.0
0.0
157.0
241.0
0.0
0.0
191.0
0.0
312.0
0.0
0.0
0.0
0.0
0.0
0.0
5.0
0.0
0.0
5.0
0.0
0.0
0.0
0.0
0.0
64.0
254.0
0.0
0.0
81.0
0.0
0.0
0.0
0.0
0.0
0.0
0.0
0.0
0.0
0.0
0.0
0.0
0.0
0.0
0.0
0.0
0.0
0.0
71.0
0.0
0.0
114.0
0.0
112.0
0.0
0.0
0.0
0.0
0.0
0.0
0.0
0.0
0.0
0.0
107.0
0.0
25.0
0.0
76.0
0.0
305.0
0.0
0.0
0.0
0.0
0.0
0.0
381.0
0.0
0.0
0.0
25.0
0.0
0.0
51.0
0.0
183.0
251.0
0.0
0.0
0.0
25.0
0.0
0.0
0.0
117.0
10.0
0.0
0.0
0.0
0.0
25.0
102.0
124.0
0.0
53.0
0.0
76.0
178.0
0.0
10.0
0.0
419.0
38.0
25.0
51.0
0.0
69.0
102.0
38.0
0.0
0.0
0.0
0.0
307.0
0.0
0.0
20.0
0.0
0.0
272.0
0.0
0.0
0.0
0.0
0.0
0.0
94.0
64.0
13.0
0.0
0.0
0.0
0.0
0.0
0.0
203.0
0.0
25.0
318.0
0.0
216.0
0.0
140.0
0.0
0.0
0.0
0.0
0.0
0.0
0.0
0.0
0.0
516.0
NaN
NaN
NaN
NaN
NaN
NaN
NaN
NaN
NaN
NaN
NaN
NaN
NaN
NaN
NaN
NaN
NaN
NaN
NaN
191.0
30.0
5.0
25.0
89.0
NaN
NaN
NaN
NaN
NaN
NaN
13.0
193.0
419.0
48.0
0.0
8.0
0.0
119.0
0.0
0.0
0.0
0.0
0.0
0.0
0.0
0.0
0.0
0.0
782.0
193.0
203.0
0.0
61.0
23.0
0.0
114.0
20.0
3.0
79.0
0.0
0.0
0.0
0.0
0.0
79.0
33.0
0.0
0.0
155.0
325.0
0.0
488.0
79.0
0.0
0.0
0.0
0.0
38.0
0.0
18.0
0.0
0.0
0.0
0.0
0.0
0.0
0.0
0.0
41.0
0.0
10.0
0.0
130.0
0.0
0.0
0.0
0.0
201.0
160.0
20.0
0.0
33.0
0.0
0.0
0.0
246.0
0.0
64.0
0.0
0.0
8.0
0.0
0.0
0.0
0.0
0.0
508.0
0.0
0.0
0.0
0.0
0.0
155.0
0.0
0.0
0.0
216.0
0.0
0.0
0.0
0.0
0.0
0.0
0.0
0.0
76.0
0.0
178.0
0.0
0.0
0.0
0.0
0.0
0.0
23.0
0.0
318.0
391.0
0.0
25.0
0.0
0.0
38.0
0.0
0.0
0.0
0.0
0.0
0.0
0.0
0.0
0.0
0.0
25.0
0.0
0.0
0.0
452.0
117.0
0.0
0.0
0.0
0.0
0.0
0.0
0.0
0.0
267.0
18.0
0.0
0.0
0.0
0.0
0.0
0.0
0.0
0.0
246.0
0.0
0.0
0.0
0.0
0.0
0.0
124.0
170.0
61.0
0.0
0.0
224.0
41.0
0.0
0.0
0.0
0.0
58.0
117.0
0.0
0.0
0.0
0.0
0.0
0.0
0.0
0.0
99.0
33.0
0.0
0.0
0.0
0.0
0.0
0.0
142.0
0.0
0.0
0.0
572.0
25.0
0.0
0.0
0.0
0.0
0.0
178.0
538.0
0.0
0.0
0.0
0.0
66.0
109.0
8.0
0.0
71.0
358.0
0.0
0.0
0.0
0.0
0.0
74.0
0.0
0.0
15.0
0.0
0.0
0.0
0.0
259.0
135.0
0.0
0.0
0.0
56.0
0.0
0.0
0.0
0.0
0.0
0.0
0.0
145.0
0.0
0.0
224.0
0.0
0.0
64.0
36.0
0.0
0.0
0.0
3.0
0.0
0.0
0.0
0.0
18.0
0.0
0.0
216.0
0.0
0.0
0.0
0.0
30.0
0.0
198.0
13.0
0.0
0.0
71.0
0.0
0.0
104.0
0.0
0.0
0.0
0.0
0.0
485.0
0.0
114.0
38.0
13.0
0.0
0.0
0.0
0.0
46.0
0.0
104.0
3.0
13.0
0.0
0.0
0.0
114.0
109.0
0.0
51.0
0.0
0.0
0.0
145.0
0.0
0.0
0.0
0.0
0.0
0.0
0.0
38.0
0.0
38.0
0.0
119.0
0.0
0.0
0.0
13.0
0.0
0.0
0.0
0.0
0.0
0.0
0.0
5.0
0.0
0.0
0.0
0.0
99.0
0.0
0.0
0.0
71.0
318.0
41.0
0.0
3.0
0.0
0.0
0.0
36.0
81.0
0.0
0.0
0.0
178.0
0.0
0.0
64.0
152.0
0.0
0.0
0.0
0.0
163.0
0.0
0.0
0.0
0.0
0.0
38.0
48.0
0.0
18.0
0.0
0.0
0.0
0.0
0.0
0.0
0.0
0.0
0.0
180.0
0.0
0.0
429.0
0.0
0.0
378.0
213.0
254.0
0.0
0.0
0.0
0.0
279.0
0.0
0.0
0.0
292.0
160.0
0.0
0.0
0.0
0.0
0.0
0.0
46.0
0.0
0.0
0.0
0.0
0.0
0.0
0.0
20.0
0.0
30.0
0.0
234.0
0.0
0.0
0.0
0.0
0.0
0.0
0.0
0.0
0.0
244.0
0.0
0.0
