-1.51071428571
-11.26
-3.44193548387
-4.176
NaN
NaN
16.9068965517
NaN
25.4607142857
26.6129032258
20.525
NaN
4.68888888889
-7.85
-10.3933333333
-2.10357142857
3.19655172414
12.41
19.1433333333
24.3964285714
24.2428571429
26.5428571429
17.692
9.16774193548
-2.83
-4.98387096774
-4.76451612903
-2.50344827586
2.18571428571
NaN
19.4266666667
20.9275862069
20.5793103448
NaN
NaN
10.95
-0.992857142857
-7.25714285714
-8.87096774194
-5.74615384615
NaN
NaN
16.2689655172
NaN
NaN
23.0407407407
NaN
9.43214285714
-0.862962962963
-4.80357142857
-15.4387096774
-9.32857142857
3.1
10.8555555556
19.2344827586
23.5259259259
NaN
NaN
20.2066666667
13.1413793103
4.25862068966
-2.10967741935
-7.93333333333
-7.07407407407
2.54137931034
6.18666666667
17.3793103448
NaN
NaN
NaN
NaN
NaN
NaN
NaN
NaN
NaN
NaN
NaN
NaN
NaN
NaN
NaN
NaN
NaN
NaN
NaN
NaN
NaN
NaN
NaN
NaN
NaN
NaN
NaN
NaN
NaN
NaN
NaN
NaN
NaN
NaN
NaN
NaN
NaN
NaN
NaN
NaN
NaN
NaN
NaN
NaN
NaN
NaN
NaN
NaN
NaN
NaN
NaN
NaN
NaN
NaN
NaN
NaN
0.91724137931
7.43793103448
11.4466666667
19.1741935484
20.9833333333
26.1037037037
25.0161290323
17.85
13.7451612903
2.22307692308
NaN
-2.91481481481
-7.52142857143
3.12307692308
9.99259259259
19.3935483871
23.34
26.3137931034
26.74
19.63
11.6851851852
NaN
-1.79032258065
-4.54333333333
1.216
-1.97096774194
8.65
NaN
24.192
27.8166666667
24.3896551724
21.9555555556
6.42666666667
1.01111111111
-1.49333333333
-7.95333333333
-7.07857142857
1.11034482759
12.792
19.2166666667
NaN
26.1230769231
26.9178571429
19.425
13.83
NaN
NaN
-10.9714285714
-2.38148148148
2.99666666667
12.1655172414
15.4793103448
20.93
24.19
21.49
21.7137931034
12.5433333333
7.308
-5.16785714286
-10.5133333333
-1.575
1.65
16.2482758621
16.2933333333
23.675862069
26.1733333333
24.2586206897
22.2533333333
13.9827586207
4.25
NaN
-1.18
-5.43461538462
3.31333333333
15.2142857143
18.2571428571
23.9740740741
29.1206896552
26.5166666667
19.53
10.3903225806
3.98571428571
-0.525925925926
-5.94838709677
-7.592
4.2064516129
12.4518518519
20.59
25.1307692308
27.32
25.0032258065
19.3
13.4741935484
2.24827586207
NaN
-7.97333333333
-6.07142857143
0.744444444444
9.26551724138
16.7387096774
21.7666666667
24.7482758621
25.5740740741
20.0689655172
11.9966666667
2.78275862069
-9.78965517241
-10.6806451613
-4.79230769231
0.7
9.46551724138
16.3967741935
21.6964285714
22.5103448276
23.1290322581
23.2
6.94516129032
7.28571428571
-7.94285714286
-7.54137931034
-3.74583333333
8.13225806452
17.65
18.7935483871
21.2266666667
26.1655172414
26.0448275862
16.2482758621
16.1741935484
NaN
-7.33793103448
NaN
NaN
NaN
NaN
NaN
NaN
NaN
NaN
NaN
NaN
NaN
NaN
NaN
NaN
NaN
NaN
NaN
NaN
NaN
NaN
20.26
9.93225806452
1.87666666667
-5.38965517241
-4.75333333333
-5.17142857143
0.613333333333
4.32413793103
15.2258064516
NaN
25.99
25.65
21.275862069
11.1133333333
-0.106896551724
-11.625
-14.5967741935
-10.0407407407
-1.81379310345
8.93333333333
17.0580645161
22.4379310345
23.975862069
24.33
20.2866666667
12.5827586207
-2.53103448276
-3.52222222222
-5.43448275862
-10.7037037037
3.33333333333
15.0961538462
17.6161290323
23.8266666667
25.6580645161
23.8862068966
22.4035714286
13.56
4.53103448276
-1.56129032258
-7.5
NaN
6.8
9.83928571429
20.7548387097
23.3533333333
25.0034482759
25.0535714286
19.848
13.3033333333
9.3
-6.05483870968
-7.34814814815
-1.92962962963
1.90967741935
12.4172413793
17.2607142857
23.6034482759
25.4103448276
NaN
