2.24516129032
-2.55161290323
3.14285714286
9.65806451613
18.74
25.7129032258
30.3933333333
30.7161290323
29.7129032258
24.8
17.7967741935
5.95517241379
3.25483870968
1.03870967742
4.20689655172
9.51290322581
14.34
22.8967741935
26.6133333333
26.2967741935
24.9419354839
23.28
17.5806451613
6.64666666667
1.37741935484
0.129032258065
0.178571428571
5.10967741935
13.7366666667
23.5870967742
26.05
28.0580645161
28.2258064516
21.06
16.6612903226
7.74
1.04516129032
-4.8935483871
-0.917857142857
8.73225806452
17.22
22.2064516129
28.99
27.9677419355
25.7903225806
24.6866666667
19.035483871
11.2966666667
4.8
-1.15483870968
2.4
10.4129032258
13.3833333333
19.6225806452
28.39
30.2322580645
30.5419354839
23.7933333333
19.2709677419
5.07666666667
1.32903225806
-1.09677419355
2.53448275862
5.21290322581
14.32
19.2677419355
26.2433333333
27.4129032258
27.4483870968
23.35
18.2096774194
3.98666666667
0.83
-3.4935483871
1.18148148148
9.58709677419
13.3266666667
19.0322580645
26.4766666667
28.6548387097
25.7419354839
24.6233333333
17.8903225806
6.67666666667
1.4
0.948387096774
6.77857142857
7.16
15.7766666667
25.1838709677
26.5172413793
28.4387096774
28.8344827586
28.2066666667
19.1225806452
11.7428571429
6.56451612903
-1.1724137931
5.78214285714
7.62258064516
16.39
23.6774193548
27.5933333333
30.8419354839
26.9290322581
25.41
18.4935483871
14.57
2.82903225806
-0.322580645161
4.73448275862
13.2733333333
16.3833333333
24.5
25.5233333333
27.4064516129
28.1516129032
26.0066666667
20.1903225806
7.47586206897
-4.43548387097
-1.79032258065
2.37142857143
6.46774193548
19.3833333333
23.8903225806
25.6433333333
29.4064516129
28.3548387097
23.6333333333
16.9580645161
15.02
5.33225806452
4.68064516129
4.07857142857
6.62666666667
15.3566666667
19.0580645161
28.9333333333
30.6064516129
28.9096774194
27.3366666667
16.3516129032
7.75333333333
3.25806451613
-2.28387096774
0.0285714285714
10.2290322581
17.4428571429
20.6903225806
25.2066666667
28.2806451613
29.0516129032
24.1266666667
18.1258064516
10.6655172414
4.17419354839
-2.23870967742
1.39310344828
11.1580645161
17.8233333333
23.4516129032
25.8033333333
27.4612903226
25.1774193548
26.8533333333
18.3129032258
10.91
2.41290322581
NaN
4.56071428571
7.27741935484
18.4866666667
21.7483870968
29.88
30.1451612903
28.4161290323
27.6766666667
18.7838709677
10.6033333333
-2.42258064516
5.18064516129
3.39285714286
8.68064516129
19.4666666667
20.8225806452
26.43
29.1066666667
27.4032258065
22.95
15.364516129
10.37
3.93548387097
1.39677419355
-5.38928571429
11.6387096774
14.4966666667
26.1451612903
27.5766666667
27.4032258065
NaN
NaN
NaN
9.68333333333
0.632258064516
0.906666666667
-1.90689655172
6.38387096774
15.9133333333
19.4935483871
27.5066666667
27.9935483871
26.9903225806
24.7033333333
17.7225806452
8.83666666667
-0.0741935483871
-5.21290322581
2.99285714286
10.1419354839
14.7107142857
22.0655172414
27.0066666667
25.0387096774
25.9161290323
23.5966666667
13.2967741935
11.9566666667
0.672413793103
-4.33225806452
-1.06785714286
10.1741935484
20.4433333333
22.8193548387
27.66
29.5
29.7096774194
25.4266666667
19.8903225806
11.0733333333
-3.70666666667
NaN
NaN
NaN
NaN
NaN
NaN
NaN
NaN
NaN
NaN
NaN
NaN
2.77741935484
4.4724137931
18.0903225806
17.22
24.8967741935
27.43
32.7
29.1258064516
24.11
15.764516129
9.14333333333
5.70322580645
1.97419354839
0.142857142857
3.1935483871
14.19
22.7935483871
26.1166666667
26.8612903226
27.3258064516
25.9833333333
17.9903225806
7.14333333333
-0.606451612903
-5.12903225806
-5.68928571429
3.23548387097
15.61
21.6592592593
27.3
25.5064516129
26.9133333333
23.59
16.2161290323
4.66333333333
3.03548387097
-2.29032258065
-5.03214285714
6.53548387097
17.59
23.0580645161
25.5766666667
26.9193548387
26.1290322581
27.14
18.1193548387
11.5733333333
7.52580645161
-0.793548387097
3.36206896552
12.1161290323
15.9466666667
21.5161290323
28.6733333333
27.8258064516
28.3387096774
26.5166666667
19.6387096774
12.8866666667
-0.51935483871
1.55806451613
8.925
8.83
17.8366666667
20.5096774194
27.9866666667
27.96
25.7806451613
NaN
NaN
