267.0
NaN
NaN
NaN
330.0
NaN
433.0
NaN
309.0
203.0
558.0
108.0
297.0
377.0
489.0
293.0
687.0
636.0
230.0
150.0
1209.0
1528.0
155.0
424.0
234.0
533.0
347.0
778.0
960.0
1849.0
1389.0
NaN
712.0
278.0
1191.0
152.0
1085.0
558.0
829.0
705.0
765.0
211.0
234.0
566.0
648.0
555.0
749.0
420.0
741.0
381.0
526.0
805.0
391.0
245.0
527.0
NaN
639.0
229.0
340.0
NaN
796.0
481.0
1003.0
491.0
1430.0
8.0
862.0
701.0
437.0
370.0
181.0
965.0
610.0
394.0
1050.0
573.0
900.0
NaN
376.0
886.0
1097.0
NaN
272.0
356.0
NaN
498.0
561.0
867.0
1221.0
601.0
295.0
768.0
282.0
434.0
64.0
56.0
645.0
333.0
1189.0
1120.0
1815.0
107.0
1343.0
624.0
541.0
NaN
203.0
NaN
NaN
NaN
NaN
NaN
NaN
NaN
NaN
NaN
NaN
NaN
NaN
NaN
NaN
NaN
NaN
NaN
NaN
NaN
1087.0
826.0
18.0
560.0
541.0
658.0
914.0
681.0
1387.0
1842.0
1649.0
734.0
576.0
419.0
556.0
330.0
723.0
360.0
524.0
553.0
NaN
NaN
NaN
NaN
307.0
731.0
664.0
646.0
1113.0
111.0
NaN
NaN
NaN
530.0
NaN
NaN
NaN
NaN
NaN
NaN
NaN
NaN
NaN
NaN
NaN
NaN
NaN
NaN
NaN
NaN
NaN
NaN
NaN
342.0
124.0
NaN
NaN
NaN
NaN
NaN
NaN
NaN
NaN
NaN
NaN
NaN
NaN
NaN
NaN
NaN
NaN
NaN
NaN
NaN
NaN
NaN
NaN
NaN
NaN
NaN
NaN
NaN
NaN
NaN
NaN
NaN
NaN
NaN
NaN
NaN
NaN
NaN
NaN
NaN
NaN
NaN
NaN
NaN
NaN
NaN
NaN
NaN
NaN
NaN
NaN
NaN
NaN
NaN
NaN
NaN
NaN
NaN
NaN
NaN
NaN
NaN
NaN
NaN
NaN
NaN
NaN
NaN
NaN
NaN
NaN
NaN
NaN
NaN
NaN
NaN
NaN
NaN
NaN
NaN
NaN
NaN
NaN
NaN
NaN
NaN
NaN
NaN
NaN
NaN
NaN
NaN
NaN
NaN
NaN
NaN
NaN
NaN
NaN
NaN
NaN
NaN
NaN
NaN
NaN
NaN
NaN
NaN
NaN
NaN
NaN
NaN
NaN
NaN
NaN
NaN
NaN
NaN
NaN
NaN
NaN
NaN
NaN
NaN
NaN
NaN
NaN
NaN
NaN
NaN
NaN
NaN
NaN
NaN
NaN
NaN
NaN
NaN
NaN
NaN
NaN
NaN
NaN
NaN
NaN
NaN
NaN
NaN
NaN
NaN
NaN
NaN
NaN
NaN
NaN
NaN
NaN
NaN
NaN
NaN
NaN
NaN
NaN
NaN
NaN
NaN
NaN
NaN
NaN
NaN
NaN
NaN
NaN
NaN
NaN
NaN
NaN
NaN
NaN
NaN
NaN
NaN
NaN
NaN
NaN
NaN
NaN
NaN
NaN
NaN
NaN
NaN
NaN
NaN
NaN
NaN
NaN
NaN
NaN
NaN
NaN
NaN
NaN
NaN
NaN
NaN
NaN
NaN
NaN
NaN
NaN
NaN
NaN
NaN
NaN
NaN
NaN
NaN
NaN
NaN
NaN
NaN
NaN
NaN
NaN
NaN
NaN
NaN
NaN
NaN
NaN
NaN
NaN
NaN
NaN
NaN
NaN
NaN
NaN
NaN
NaN
NaN
NaN
NaN
NaN
NaN
NaN
NaN
NaN
NaN
NaN
NaN
NaN
NaN
NaN
NaN
NaN
NaN
NaN
NaN
NaN
NaN
NaN
NaN
NaN
NaN
NaN
NaN
NaN
NaN
NaN
NaN
NaN
NaN
NaN
NaN
NaN
NaN
NaN
NaN
NaN
NaN
NaN
NaN
NaN
NaN
NaN
NaN
NaN
NaN
NaN
NaN
NaN
NaN
NaN
NaN
NaN
NaN
NaN
NaN
NaN
NaN
NaN
NaN
NaN
NaN
NaN
NaN
NaN
NaN
NaN
NaN
NaN
NaN
NaN
NaN
NaN
NaN
NaN
NaN
NaN
NaN
NaN
NaN
NaN
NaN
NaN
NaN
NaN
NaN
NaN
NaN
NaN
NaN
NaN
NaN
NaN
NaN
NaN
NaN
NaN
NaN
NaN
NaN
NaN
NaN
NaN
NaN
NaN
NaN
NaN
NaN
NaN
NaN
NaN
NaN
199.0
508.0
434.0
722.0
356.0
1326.0
314.0
1149.0
131.0
NaN
464.0
603.0
135.0
155.0
355.0
112.0
214.0
NaN
953.0
1324.0
117.0
1920.0
316.0
744.0
772.0
505.0
NaN
NaN
NaN
NaN
NaN
NaN
NaN
NaN
NaN
NaN
NaN
NaN
NaN
NaN
NaN
NaN
NaN
NaN
NaN
595.0
NaN
NaN
NaN
NaN
NaN
NaN
NaN
854.0
1441.0
1326.0
311.0
850.0
1067.0
413.0
423.0
66.0
323.0
391.0
716.0
641.0
NaN
527.0
315.0
796.0
702.0
320.0
416.0
325.0
105.0
357.0
354.0
1011.0
1623.0
881.0
970.0
405.0
1816.0
577.0
415.0
327.0
483.0
503.0
410.0
147.0
1077.0
480.0
693.0
828.0
367.0
444.0
565.0
973.0
743.0
77.0
834.0
1357.0
1162.0
710.0
804.0
1068.0
856.0
359.0
568.0
499.0
249.0
398.0
1198.0
758.0
820.0
1203.0
462.0
853.0
453.0
221.0
462.0
523.0
830.0
461.0
443.0
585.0
316.0
1214.0
1393.0
521.0
341.0
514.0
329.0
1195.0
984.0
767.0
530.0
1099.0
381.0
1334.0
1467.0
459.0
2032.0
351.0
594.0
406.0
531.0
383.0
561.0
883.0
832.0
986.0
175.0
1436.0
704.0
979.0
654.0
619.0
456.0
399.0
459.0
650.0
815.0
381.0
904.0
1881.0
292.0
43.0
938.0
455.0
490.0
254.0
437.0
502.0
403.0
700.0
427.0
523.0
410.0
667.0
249.0
438.0
286.0
577.0
737.0
906.0
228.0
1012.0
377.0
709.0
492.0
1605.0
680.0
533.0
294.0
359.0
469.0
634.0
648.0
844.0
368.0
1779.0
300.0
920.0
722.0
240.0
144.0
484.0
593.0
933.0
1736.0
721.0
742.0
1352.0
213.0
116.0
324.0
209.0
257.0
555.0
366.0
1170.0
1399.0
1061.0
1563.0
353.0
530.0
960.0
631.0
434.0
186.0
36.0
48.0
371.0
215.0
708.0
887.0
899.0
673.0
521.0
447.0
99.0
495.0
470.0
452.0
1135.0
483.0
287.0
1026.0
935.0
768.0
1068.0
74.0
701.0
599.0
592.0
106.0
378.0
NaN
253.0
874.0
1570.0
518.0
298.0
435.0
NaN
NaN
NaN
NaN
1096.0
343.0
711.0
474.0
1014.0
985.0
491.0
417.0
385.0
528.0
426.0
237.0
333.0
788.0
995.0
499.0
347.0
551.0
486.0
145.0
105.0
175.0
49.0
519.0
333.0
706.0
556.0
795.0
982.0
797.0
152.0
597.0
223.0
209.0
91.0
766.0
969.0
881.0
1579.0
709.0
1021.0
555.0
241.0
426.0
332.0
1009.0
441.0
672.0
813.0
242.0
598.0
250.0
813.0
1559.0
395.0
600.0
696.0
286.0
269.0
786.0
818.0
587.0
646.0
422.0
493.0
623.0
109.0
1357.0
693.0
623.0
257.0
284.0
1541.0
459.0
1503.0
864.0
841.0
716.0
972.0
563.0
727.0
435.0
387.0
208.0
497.0
998.0
1525.0
496.0
717.0
812.0
655.0
828.0
643.0
483.0
56.0
239.0
931.0
976.0
730.0
1473.0
74.0
398.0
837.0
659.0
90.0
164.0
73.0
754.0
629.0
922.0
745.0
732.0
338.0
1489.0
1006.0
774.0
489.0
125.0
508.0
412.0
307.0
302.0
321.0
735.0
904.0
1510.0
705.0
325.0
1179.0
275.0
239.0
541.0
1019.0
435.0
799.0
1132.0
1630.0
762.0
831.0
514.0
1204.0
254.0
341.0
712.0
609.0
1361.0
1066.0
1051.0
298.0
589.0
522.0
1090.0
612.0
794.0
677.0
860.0
585.0
1238.0
754.0
217.0
1299.0
542.0
440.0
567.0
431.0
797.0
447.0
566.0
787.0
581.0
893.0
188.0
2886.0
573.0
219.0
841.0
1011.0
319.0
534.0
1202.0
1287.0
971.0
1469.0
276.0
419.0
378.0
729.0
248.0
189.0
185.0
161.0
726.0
676.0
248.0
747.0
502.0
1386.0
1276.0
757.0
564.0
606.0
423.0
97.0
508.0
417.0
674.0
529.0
363.0
703.0
999.0
519.0
541.0
658.0
620.0
157.0
341.0
776.0
294.0
1174.0
155.0
936.0
8.0
577.0
738.0
546.0
188.0
255.0
236.0
531.0
732.0
1042.0
1337.0
602.0
1232.0
NaN
214.0
689.0
63.0
150.0
0.0
1056.0
823.0
1010.0
621.0
708.0
1494.0
2021.0
79.0
173.0
304.0
183.0
1196.0
142.0
292.0
592.0
1355.0
528.0
527.0
415.0
605.0
357.0
69.0
153.0
393.0
1106.0
915.0
617.0
546.0
785.0
1190.0
716.0
366.0
373.0
279.0
241.0
779.0
696.0
1171.0
374.0
475.0
669.0
677.0
NaN
758.0
755.0
808.0
762.0
736.0
881.0
844.0
482.0
1190.0
1129.0
1120.0
846.0
1127.0
330.0
185.0
718.0
420.0
733.0
776.0
1539.0
742.0
682.0
3459.0
747.0
121.0
443.0
259.0
130.0
376.0
550.0
691.0
769.0
662.0
1649.0
1243.0
639.0
788.0
572.0
449.0
229.0
442.0
867.0
107.0
127.0
922.0
1083.0
1586.0
930.0
NaN
268.0
417.0
137.0
625.0
547.0
1371.0
918.0
150.0
1220.0
1083.0
491.0
901.0
159.0
355.0
681.0
417.0
764.0
821.0
662.0
581.0
442.0
772.0
1401.0
1550.0
630.0
323.0
174.0
883.0
1597.0
1006.0
901.0
1078.0
580.0
281.0
1362.0
585.0
522.0
NaN
NaN
801.0
1224.0
218.0
414.0
1317.0
1004.0
1545.0
593.0
852.0
481.0
654.0
235.0
219.0
1014.0
479.0
1584.0
786.0
1856.0
1618.0
746.0
340.0
180.0
460.0
342.0
484.0
1810.0
450.0
2177.0
1290.0
1100.0
335.0
669.0
1360.0
235.0
633.0
239.0
340.0
815.0
947.0
1063.0
873.0
819.0
245.0
637.0
1054.0
237.0
228.0
162.0
NaN
657.0
1164.0
1120.0
377.0
844.0
711.0
520.0
310.0
554.0
423.0
1156.0
349.0
410.0
881.0
712.0
1359.0
514.0
744.0
486.0
612.0
227.0
1298.0
551.0
1027.0
692.0
638.0
300.0
293.0
702.0
532.0
1022.0
393.0
297.0
935.0
139.0
304.0
1454.0
490.0
672.0
1064.0
630.0
542.0
335.0
403.0
405.0
231.0
335.0
256.0
610.0
2133.0
672.0
590.0
676.0
1848.0
433.0
NaN
619.0
143.0
705.0
75.0
911.0
2208.0
910.0
300.0
636.0
850.0
1371.0
577.0
427.0
292.0
507.0
477.0
957.0
1002.0
471.0
772.0
538.0
160.0
480.0
476.0
267.0
100.0
126.0
898.0
497.0
965.0
414.0
452.0
559.0
484.0
381.0
1742.0
307.0
395.0
170.0
870.0
250.0
2434.0
715.0
623.0
1169.0
145.0
511.0
800.0
430.0
872.0
397.0
415.0
300.0
306.0
1332.0
NaN
183.0
941.0
50.0
1231.0
490.0
1093.0
641.0
598.0
573.0
1075.0
440.0
1529.0
282.0
783.0
984.0
786.0
598.0
661.0
102.0
689.0
765.0
654.0
885.0
256.0
1623.0
533.0
852.0
327.0
623.0
802.0
837.0
266.0
786.0
333.0
687.0
1261.0
747.0
1843.0
466.0
265.0
1294.0
215.0
NaN
645.0
1601.0
857.0
961.0
559.0
1456.0
209.0
926.0
170.0
295.0
90.0
160.0
189.0
717.0
1194.0
885.0
580.0
104.0
662.0
711.0
618.0
235.0
NaN
NaN
NaN
NaN
NaN
NaN
NaN
NaN
NaN
NaN
NaN
NaN
NaN
358.0
695.0
512.0
677.0
589.0
1251.0
1076.0
832.0
NaN
121.0
388.0
965.0
381.0
213.0
NaN
1127.0
NaN
532.0
NaN
NaN
NaN
NaN
NaN
NaN
450.0
290.0
780.0
1401.0
NaN
NaN
NaN
NaN
740.0
NaN
NaN
NaN
NaN
NaN
NaN
NaN
917.0
NaN
NaN
311.0
589.0
509.0
620.0
346.0
296.0
977.0
729.0
835.0
197.0
NaN
1777.0
NaN
896.0
673.0
379.0
861.0
285.0
735.0
1285.0
640.0
691.0
233.0
437.0
NaN
NaN
