-1.70967741935
NaN
8.09333333333
NaN
21.5548387097
27.9857142857
NaN
29.1870967742
NaN
NaN
NaN
NaN
NaN
NaN
NaN
NaN
NaN
NaN
NaN
NaN
NaN
NaN
NaN
NaN
NaN
NaN
11.2142857143
20.35
26.2612903226
29.1566666667
29.664516129
30.3806451613
27.92
17.7870967742
7.74333333333
2.29677419355
2.33548387097
4.56206896552
6.72258064516
21.33
27.0193548387
28.9466666667
31.4225806452
29.4709677419
22.0965517241
17.4225806452
6.81
6.21612903226
-1.62258064516
2.4
7.33548387097
16.8333333333
23.8225806452
29.46
32.4903225806
28.8806451613
31.7066666667
22.6709677419
9.26333333333
-1.7
1.7
2.8
10.9806451613
16.5933333333
22.8785714286
28.7586206897
29.6724137931
30.5935483871
25.74
15.4451612903
7.79666666667
-2.12666666667
0.816129032258
-4.175
2.77741935484
15.8034482759
22.0451612903
27.57
29.0516129032
29.8580645161
25.1133333333
22.7096774194
13.3166666667
0.276666666667
2.77419354839
-2.43928571429
6.94516129032
19.1166666667
24.0064516129
28.08
30.9322580645
32.5451612903
26.34
21.9677419355
8.16666666667
3.24838709677
2.40322580645
-1.55
7.77666666667
16.0766666667
22.4903225806
30.0266666667
36.5225806452
32.2
25.59
20.435483871
10.6966666667
-1.25806451613
1.25161290323
-2.81785714286
10.1967741935
17.4
24.6258064516
24.3033333333
29.32
27.6322580645
21.7066666667
19.3387096774
11.2413793103
-1.64516129032
1.74193548387
-0.65
10.6129032258
17.4366666667
22.1322580645
24.1633333333
30.3064516129
28.6133333333
23.65
19.5096774194
8.05333333333
1.64516129032
-1.84838709677
-1.01071428571
10.0161290323
14.3966666667
23.0258064516
27.1433333333
28.9451612903
29.9838709677
26.2533333333
21.1129032258
14.9033333333
3.22258064516
-4.1
-2.50357142857
15.0419354839
18.4275862069
23.6903225806
29.2733333333
28.2419354839
31.2032258065
26.5533333333
17.6433333333
11.3517241379
4.73870967742
3.89032258065
5.84444444444
2.42903225806
19.53
24.3129032258
28.3566666667
29.6483870968
32.0290322581
28.08
19.035483871
8.15
3.99032258065
0.203225806452
3.85
13.2838709677
12.9633333333
20.3161290323
26.7933333333
30.6806451613
30.1612903226
25.5733333333
19.1419354839
10.18
4.21935483871
4.68387096774
2.25
12.2838709677
18.79
22.4774193548
26.0066666667
30.1709677419
29.2612903226
28.5133333333
17.9838709677
11.5
4.96129032258
0.987096774194
5.55714285714
8.22580645161
15.39
22.6516129032
27.09
29.6612903226
32.7548387097
25.2433333333
17.9322580645
13.7766666667
-4.46774193548
-1.03870967742
1.03571428571
20.0870967742
19.5733333333
20.2451612903
28.69
32.3290322581
30.3064516129
25.3133333333
21.3387096774
9.4
2.03870967742
2.14838709677
5.04285714286
12.7193548387
15.85
25.6806451613
33.08
33.6741935484
31.8258064516
27.4433333333
15.3066666667
6.35333333333
3.17096774194
-7.8935483871
-1.7
2.57741935484
16.7466666667
25.5387096774
26.8
32.8322580645
29.1419354839
23.4233333333
18.9612903226
11.9413793103
5.99032258065
1.53225806452
1.25
7.58387096774
17.7133333333
22.5806451613
29.48
32.8387096774
35.735483871
25.81
17.0161290323
13.2066666667
4.95161290323
4.40333333333
-0.810714285714
8.43870967742
16.1133333333
24.8166666667
30.5333333333
32.8193548387
32.0225806452
25.22
18.9064516129
13.3066666667
-3.50967741935
-1.59032258065
3.73571428571
3.06451612903
20.8633333333
20.635483871
24.75
26.1838709677
24.9838709677
23.9233333333
20.364516129
12.8533333333
2.52903225806
-0.290322580645
0.544827586207
11.5612903226
15.2166666667
22.0806451613
24.95
33.4096774194
30.3677419355
25.0933333333
NaN
10.7933333333
0.770967741935
1.12903225806
1.8
11.0193548387
13.8733333333
19.3322580645
25.74
31.0806451613
28.2935483871
24.6866666667
14.7483870968
12.4833333333
-2.70322580645
-4.63666666667
4.63928571429
16.0935483871
13.8333333333
25.8290322581
29.6333333333
31.2806451613
33.4290322581
23.2
19.9096774194
9.87666666667
5.48387096774
3.55483870968
3.91071428571
9.95161290323
14.6733333333
20.5870967742
28.2333333333
32.0451612903
29.1387096774
27.91
17.7935483871
8.54
-3.08064516129
-0.361290322581
2.52413793103
11.52
12.19
20.7161290323
27.63
29.4
28.1580645161
25.57
21.2709677419
7.72
3.87096774194
4.3
7.875
13.5870967742
17.7233333333
23.4870967742
29.0533333333
31.4322580645
28.7066666667
25.9233333333
20.3258064516
8.10344827586
5.62903225806
1.91612903226
5.03928571429
10.3806451613
16.8566666667
23.2
28.74
28.1290322581
29.2322580645
25.22
20.764516129
11.85
4.14193548387
5.30967741935
1.41428571429
7.15161290323
16.3666666667
21.1548387097
26.5033333333
30.0161290323
27.5774193548
23.8366666667
15.6032258065
11.2666666667
7.14838709677
-1.2
3.81034482759
5.58709677419
17.58
19.6806451613
25.5366666667
27.5258064516
29.2193548387
22.2766666667
22.3483870968
11.8833333333
-1.86774193548
1.27096774194
6.28928571429
13.3709677419
20.3
22.4322580645
27.9862068966
30.9838709677
29.0548387097
26.2166666667
10.4903225806
9.34666666667
2.02580645161
2.17096774194
6.125
7.79032258065
15.17
25.8032258065
26.4766666667
29.7903225806
30.0322580645
22.5333333333
16.8741935484
6.52
1.90333333333
1.44333333333
5.83571428571
10.4935483871
15.8766666667
22.2225806452
25.2689655172
30.3258064516
27.0548387097
26.68
21.1133333333
10.0633333333
0.374193548387
2.8935483871
5.60344827586
12.7967741935
14.97
25.5032258065
24.97
29.1612903226
28.7137931034
23.1333333333
19.9344827586
9.62
4.10967741935
-4.2
NaN
11.5516129032
17.3266666667
20.2419354839
26.01
28.8322580645
30.2548387097
23.9866666667
17.9419354839
6.70666666667
3.39310344828
-5.07419354839
10.5535714286
11.5580645161
19.24
22.28
26.86
32.6
31.0483870968
27.54
17.1741935484
13.02
2.98064516129
5.95161290323
9.75357142857
6.98709677419
17.7433333333
21.4548387097
29.9413793103
31.9419354839
28.7806451613
28.4103448276
20.2161290323
12.9172413793
6.92903225806
0.823333333333
5.93793103448
4.92258064516
17.81
23.8516129032
27.8366666667
31.4322580645
28.235483871
24.63
17.0064516129
7.08
0.864516129032
8.12258064516
3.11785714286
9.71612903226
17.98
22.3774193548
34.1533333333
31.9903225806
27.8677419355
27.9433333333
18.2322580645
11.8466666667
6.09677419355
4.59333333333
4.46785714286
10.0903225806
19.0033333333
28.7193548387
33.9
37.4322580645
33.2419354839
23.6366666667
21.1774193548
10.96
0.616129032258
0.732258064516
3.55714285714
12.6774193548
13.4433333333
17.4193548387
24.0033333333
33.5516129032
31.5774193548
24.89
16.96
6.27333333333
0.412903225806
-7.48387096774
-8.04285714286
12.7064516129
15.9066666667
24.4774193548
29.1566666667
37.3161290323
35.1387096774
25.9633333333
15.9677419355
8.26666666667
4.59032258065
-3.21935483871
-0.517857142857
6.68387096774
15.39
23.435483871
27.5933333333
31.7709677419
33.7419354839
28.49
19.335483871
8.29666666667
0.770967741935
2.65806451613
6.48928571429
15.5161290323
16.7166666667
22.0032258065
27.6066666667
33.4290322581
31.56
27.1833333333
24.8741935484
10.9233333333
3.95483870968
5.89032258065
2.91428571429
10.2548387097
16.3966666667
26.835483871
28.5366666667
31.87
28.2548387097
30.08
21.8935483871
11.36
7.46451612903
-8.1
0.724137931034
7.34516129032
16.1233333333
21.5419354839
28.03
31.4612903226
27.0709677419
26.07
23.0709677419
7.44666666667
3.65806451613
0.845161290323
1.18928571429
8.19032258065
18.46
25.3580645161
27.0233333333
31.0483870968
31.6774193548
25.54
18.3193548387
10.3066666667
5.74193548387
0.764516129032
0.907142857143
9.55161290323
19.94
20.6580645161
26.7666666667
30.4870967742
28.3967741935
22.79
20.1548387097
10.5966666667
-0.770967741935
-0.816129032258
6.67142857143
7.1064516129
17.8533333333
20.1967741935
27.3233333333
30.4903225806
29.4064516129
22.2966666667
18.5451612903
7.48
2.02580645161
5.7935483871
4.43793103448
4.5
13.1103448276
24.2806451613
27.48
29.1935483871
27.1709677419
24.31
20.2483870968
9.07666666667
-1.44516129032
-1.25483870968
2.66071428571
15.3451612903
15.8666666667
19.0774193548
23.1133333333
28.9258064516
29.6225806452
24.6066666667
18.3709677419
10.8966666667
-1.82258064516
2.20333333333
7.75357142857
15.8225806452
18.5333333333
20.1096774194
27.58
29.7903225806
26.7064516129
24.4066666667
20.8612903226
10.7933333333
6.48387096774
3.65806451613
0.451851851852
5.23870967742
15.7466666667
20.3580645161
25.23
30.46
34.6677419355
28.1066666667
23.0516129032
5.97586206897
5.34193548387
-1.2064516129
2.05
6.84193548387
20.6833333333
22.7068965517
28.0733333333
30.864516129
29.6
27.6633333333
19.7821428571
10.31
3.55161290323
-0.875
0.275
9.26774193548
17.3433333333
24.6096774194
28.4433333333
29.8653846154
28.9064516129
22.1357142857
20.6870967742
13.9133333333
4.39677419355
1.92580645161
2.85714285714
7.76451612903
14.52
22.8870967742
26.2466666667
26.7516129032
25.3032258065
NaN
23.0451612903
8.90666666667
1.43225806452
1.38666666667
3.40714285714
5.60322580645
13.1433333333
22.664516129
23.9133333333
28.3580645161
28.4516129032
22.0827586207
17.5387096774
6.66666666667
1.4
2.43225806452
6.4
6.18709677419
17.4666666667
22.3129032258
30.0433333333
30.1225806452
27.3129032258
27.2266666667
19.63
10.9866666667
2.13548387097
1.74193548387
6.81785714286
10.1032258065
13.89
22.0709677419
30.3133333333
31.1709677419
30.7870967742
28.2266666667
23.5677419355
13.55
5.75806451613
1.75483870968
11.2321428571
7.8064516129
20.1666666667
20.2322580645
28.9266666667
34.2322580645
28.9064516129
28.0733333333
17.8483870968
13.44
4.23548387097
0.283870967742
-0.0607142857143
9.46129032258
21.4766666667
23.8870967742
26.14
32.1870967742
32.5709677419
27.8466666667
19.6967741935
7.76206896552
2.12903225806
0.316666666667
2.82068965517
11.164516129
17.81
25.5161290323
30.0566666667
29.5322580645
29.2935483871
27.8466666667
24.1548387097
10.3466666667
4.93870967742
-2.35483870968
5.70357142857
9.44516129032
15.7633333333
21.5903225806
26.375862069
31.9161290323
30.5
23.1133333333
15.6967741935
8.25666666667
6.66129032258
1.12580645161
-2.12142857143
5.84193548387
16.9533333333
23.7433333333
25.9266666667
26.8677419355
29.1838709677
25.2933333333
20.7677419355
12.9066666667
1.30689655172
-1.88333333333
1.85714285714
9.64193548387
16.7533333333
23.0
27.5933333333
28.8571428571
29.9225806452
24.1233333333
15.4709677419
7.18620689655
5.84193548387
-0.377419354839
-1.55862068966
-0.0709677419355
17.3166666667
22.4032258065
25.624137931
29.0838709677
29.4225806452
25.8966666667
19.3935483871
12.2
3.86774193548
2.80322580645
6.47142857143
8.98387096774
14.3466666667
20.5580645161
NaN
28.7066666667
28.4548387097
22.0851851852
19.4633333333
8.71666666667
-1.02258064516
-3.79677419355
0.0185185185185
5.74516129032
17.1466666667
27.2655172414
27.1962962963
28.7516129032
29.6033333333
23.0
19.26
10.1566666667
3.29310344828
-5.46206896552
1.69285714286
11.9483870968
18.2964285714
21.8
29.6466666667
30.3129032258
28.8838709677
24.4633333333
25.2387096774
12.7666666667
-2.93548387097
4.69677419355
5.28620689655
8.47741935484
18.6833333333
25.0333333333
26.2733333333
30.6571428571
27.1709677419
23.7464285714
18.7034482759
12.3133333333
NaN
NaN
1.70714285714
1.63225806452
17.5206896552
24.9433333333
26.2433333333
28.825
28.79
22.464
19.8
12.09
NaN
-4.76153846154
4.05
12.8967741935
15.2533333333
22.1068965517
26.2433333333
30.7033333333
27.2827586207
22.82
19.39
11.7766666667
NaN
NaN
NaN
NaN
17.63
20.64
NaN
28.2966666667
27.4709677419
24.0
17.6838709677
9.55666666667
NaN
NaN
NaN
NaN
18.4
20.9066666667
28.0966666667
28.9290322581
28.9925925926
23.87
19.5407407407
7.49
NaN
NaN
NaN
NaN
NaN
22.8677419355
25.75
29.8935483871
29.4322580645
24.8933333333
NaN
NaN
1.00967741935
NaN
6.61071428571
7.38709677419
18.1333333333
24.964516129
26.9821428571
30.1774193548
29.6483870968
23.4166666667
17.2709677419
7.91666666667
4.0935483871
-2.18333333333
0.485714285714
7.16451612903
19.1266666667
19.9612903226
29.2266666667
28.535483871
29.0258064516
26.15
21.1709677419
10.07
2.81612903226
0.403448275862
2.73214285714
10.3580645161
15.47
22.1870967742
27.2433333333
28.4903225806
NaN
24.4933333333
15.8838709677
5.96
-1.41612903226
-0.516129032258
3.09642857143
12.1419354839
NaN
20.7451612903
27.84
29.1161290323
29.2258064516
22.6133333333
20.5366666667
10.2366666667
-0.11
-3.02903225806
2.71071428571
10.6225806452
18.2233333333
21.4709677419
NaN
33.4322580645
NaN
NaN
18.2566666667
9.07666666667
1.93225806452
-0.429032258065
-0.703571428571
4.07741935484
14.3296296296
23.2733333333
26.4466666667
30.6129032258
30.4129032258
21.73
20.5689655172
11.4551724138
2.77
1.35517241379
8.10344827586
10.0827586207
18.5666666667
20.59
NaN
NaN
NaN
NaN
NaN
NaN
NaN
-7.14074074074
3.8
11.8965517241
18.6666666667
25.1516129032
29.1733333333
32.6548387097
27.6193548387
24.9793103448
17.2967741935
9.19
0.396774193548
-5.40322580645
-3.37857142857
6.73870967742
16.67
21.3129032258
28.7033333333
29.8258064516
29.7451612903
27.67
18.3774193548
8.90666666667
1.41935483871
-7.52258064516
-3.75714285714
8.35483870968
15.16
23.5064516129
28.0666666667
28.9096774194
28.864516129
26.72
19.9806451613
8.62
6.18709677419
0.264516129032
-0.448275862069
6.91290322581
18.15
24.3580645161
28.95
NaN
NaN
26.29
17.9258064516
11.6833333333
3.5064516129
3.97741935484
5.71071428571
13.1129032258
21.9833333333
21.4
29.0633333333
29.5032258065
27.8451612903
25.6566666667
17.1548387097
12.06
NaN
-4.79677419355
1.22857142857
8.74838709677
15.7433333333
23.3172413793
25.5933333333
30.6290322581
28.09
23.6633333333
19.1166666667
9.26428571429
3.96551724138
1.5
6.25769230769
9.28
12.8310344828
NaN
NaN
NaN
NaN
NaN
17.7935483871
9.20357142857
NaN
-0.151612903226
8.0
4.71290322581
13.6413793103
20.4870967742
27.8533333333
30.5366666667
32.0517241379
25.8423076923
18.9064516129
NaN
6.50357142857
-2.02
0.314285714286
13.2548387097
22.0185185185
24.1774193548
27.3433333333
31.064516129
27.4064516129
24.7653846154
17.9193548387
5.28666666667
-2.13333333333
6.23666666667
0.932142857143
11.8714285714
19.0931034483
22.8225806452
28.7793103448
NaN
NaN
25.4766666667
17.5612903226
7.78965517241
2.45333333333
2.84137931034
8.68214285714
12.76
20.0066666667
NaN
28.49
30.1655172414
27.4967741935
24.3034482759
16.9275862069
NaN
3.87307692308
1.22580645161
1.35357142857
13.37
19.0172413793
26.4677419355
31.7866666667
32.1870967742
32.2166666667
26.1464285714
16.6548387097
11.4896551724
5.91612903226
7.41379310345
-3.92592592593
10.3096774194
18.0407407407
21.6
25.74
30.5615384615
28.8
21.65
18.3129032258
9.8
-2.88709677419
5.37333333333
4.975
10.2129032258
14.8137931034
19.1862068966
26.0266666667
27.9064516129
27.6129032258
26.14
17.6419354839
13.3517241379
0.141935483871
-4.05806451613
6.78214285714
11.8096774194
17.09
22.5266666667
27.29
29.4068965517
28.2655172414
25.524137931
18.0193548387
3.48333333333
3.975
3.83225806452
7.51538461538
11.61
14.6586206897
22.6192307692
25.5566666667
26.5032258065
24.7310344828
22.42
18.6548387097
5.27333333333
2.26451612903
-1.86451612903
-1.58928571429
6.95806451613
14.1379310345
21.1129032258
25.1285714286
27.6655172414
28.7193548387
NaN
16.5774193548
6.97931034483
3.61
-3.54482758621
0.271428571429
12.6535714286
17.2448275862
22.1
26.9730769231
28.15
NaN
24.2833333333
18.9096774194
10.6366666667
4.66666666667
-1.0935483871
4.79285714286
10.0133333333
14.4222222222
18.2225806452
25.51
28.9892857143
31.2933333333
23.2366666667
18.6769230769
6.48518518519
1.25161290323
-2.08666666667
2.65357142857
6.87037037037
15.4366666667
19.4074074074
25.5310344828
27.4068965517
27.1133333333
22.6068965517
NaN
4.25517241379
0.632258064516
-2.19
2.74074074074
12.3586206897
NaN
18.7
27.4
29.7965517241
28.6096774194
25.2066666667
18.3387096774
6.84482758621
1.10689655172
1.81333333333
6.84444444444
4.48333333333
16.04
23.3714285714
24.75
28.51
NaN
27.82
18.8258064516
11.1366666667
5.12
-1.54516129032
6.475
9.0935483871
15.31
20.4516129032
NaN
29.6689655172
28.0769230769
24.1222222222
19.3612903226
15.4896551724
4.21290322581
3.18709677419
7.34642857143
13.0
17.1166666667
23.835483871
25.8433333333
27.6666666667
29.6931034483
26.184
19.2766666667
5.76428571429
-5.96666666667
-0.718518518519
-0.304
4.34
NaN
21.1310344828
24.73
29.1129032258
29.375862069
23.0034482759
17.1709677419
15.7275862069
6.11935483871
4.88064516129
6.88571428571
8.6
17.975862069
19.9612903226
28.18
30.4967741935
28.1580645161
26.5
14.9322580645
7.99310344828
6.02333333333
0.0548387096774
0.971428571429
9.59032258065
17.1233333333
20.924137931
NaN
NaN
NaN
NaN
20.7633333333
8.53214285714
5.04
-1.02333333333
1.68620689655
12.0806451613
18.78
22.9666666667
25.6413793103
NaN
26.3464285714
26.85
18.5483870968
11.775862069
4.59666666667
-0.609677419355
6.48571428571
10.564516129
18.9962962963
21.8074074074
28.3
30.6
29.6037037037
27.54
19.6769230769
12.0518518519
NaN
NaN
5.5037037037
9.0
19.7733333333
NaN
NaN
NaN
NaN
22.1766666667
15.4096774194
11.6620689655
7.65555555556
NaN
-0.773913043478
12.9266666667
13.78
NaN
NaN
30.2483870968
30.8032258065
NaN
19.7387096774
10.64
0.0354838709677
-2.11
-1.85862068966
7.81290322581
13.6833333333
21.3419354839
27.0482758621
28.7451612903
28.2064516129
23.4066666667
17.564516129
10.0428571429
0.0709677419355
-1.13225806452
4.925
9.80322580645
14.4413793103
22.4032258065
26.7966666667
26.0612903226
26.635483871
23.5966666667
12.42
12.1233333333
-1.22
-5.52258064516
-2.33928571429
8.51612903226
19.97
20.8612903226
28.2266666667
29.2774193548
30.0516129032
24.0166666667
21.3
10.4666666667
0.28
NaN
1.11428571429
9.25333333333
15.6740740741
NaN
NaN
NaN
NaN
NaN
NaN
NaN
NaN
NaN
NaN
18.0433333333
18.8566666667
25.0266666667
28.27
34.5322580645
29.8451612903
NaN
16.9266666667
11.7740740741
3.81935483871
2.48
1.41851851852
4.79677419355
13.0689655172
20.4137931034
25.5214285714
28.7172413793
28.8548387097
27.3857142857
17.2896551724
7.78
-0.521428571429
-0.403333333333
-3.11923076923
6.85333333333
16.524137931
21.5310344828
26.516
26.4066666667
26.5866666667
22.3344827586
17.8838709677
4.88620689655
2.36333333333
2.04838709677
-2.54814814815
11.3866666667
17.3464285714
20.2677419355
26.5333333333
28.2285714286
26.5838709677
25.775
17.6172413793
12.07
5.27419354839
-1.21034482759
5.19310344828
12.9178571429
16.97
20.4483870968
29.3966666667
28.4612903226
NaN
25.0148148148
19.1566666667
13.87
0.796666666667
0.455172413793
9.61111111111
10.5833333333
16.52
21.3677419355
28.2433333333
30.3612903226
26.3482758621
NaN
NaN
