NaN
NaN
NaN
NaN
NaN
NaN
NaN
0.0
NaN
NaN
NaN
NaN
NaN
NaN
NaN
NaN
NaN
NaN
NaN
NaN
NaN
NaN
NaN
NaN
NaN
NaN
NaN
NaN
NaN
NaN
0.0
0.0
0.0
64.0
74.0
102.0
0.0
0.0
0.0
0.0
8.0
0.0
0.0
0.0
8.0
5.0
10.0
0.0
0.0
33.0
0.0
0.0
0.0
0.0
0.0
0.0
0.0
119.0
0.0
0.0
0.0
0.0
0.0
0.0
56.0
0.0
0.0
28.0
10.0
0.0
0.0
0.0
0.0
0.0
10.0
0.0
0.0
13.0
74.0
53.0
0.0
97.0
124.0
43.0
3.0
0.0
36.0
0.0
43.0
5.0
0.0
0.0
46.0
5.0
0.0
0.0
0.0
0.0
0.0
0.0
20.0
0.0
10.0
0.0
0.0
0.0
8.0
0.0
0.0
0.0
0.0
127.0
10.0
13.0
0.0
107.0
15.0
0.0
0.0
0.0
361.0
0.0
61.0
0.0
43.0
0.0
0.0
10.0
25.0
56.0
0.0
338.0
0.0
0.0
0.0
0.0
0.0
48.0
66.0
10.0
0.0
0.0
46.0
3.0
71.0
0.0
0.0
56.0
0.0
8.0
0.0
0.0
0.0
163.0
0.0
0.0
0.0
0.0
0.0
191.0
0.0
0.0
0.0
13.0
0.0
0.0
5.0
102.0
0.0
0.0
0.0
5.0
0.0
0.0
0.0
0.0
0.0
0.0
0.0
0.0
0.0
0.0
0.0
0.0
0.0
0.0
0.0
0.0
43.0
89.0
8.0
0.0
28.0
36.0
0.0
0.0
0.0
0.0
20.0
0.0
0.0
0.0
0.0
3.0
0.0
0.0
0.0
0.0
0.0
0.0
0.0
0.0
0.0
30.0
0.0
0.0
66.0
86.0
284.0
155.0
0.0
0.0
56.0
119.0
0.0
51.0
0.0
0.0
0.0
0.0
262.0
0.0
66.0
122.0
0.0
0.0
0.0
0.0
0.0
66.0
0.0
0.0
0.0
0.0
0.0
0.0
0.0
0.0
157.0
0.0
0.0
0.0
0.0
0.0
0.0
0.0
0.0
0.0
0.0
5.0
0.0
0.0
13.0
0.0
13.0
0.0
0.0
13.0
13.0
0.0
0.0
0.0
0.0
0.0
0.0
0.0
0.0
0.0
5.0
15.0
20.0
0.0
0.0
0.0
0.0
0.0
0.0
0.0
0.0
8.0
30.0
5.0
0.0
152.0
0.0
13.0
0.0
5.0
0.0
0.0
8.0
0.0
76.0
0.0
0.0
0.0
0.0
0.0
3.0
0.0
0.0
8.0
0.0
0.0
0.0
0.0
0.0
0.0
25.0
0.0
76.0
0.0
0.0
0.0
0.0
0.0
0.0
0.0
0.0
5.0
0.0
0.0
3.0
0.0
3.0
3.0
0.0
0.0
0.0
0.0
0.0
0.0
0.0
0.0
0.0
0.0
0.0
0.0
0.0
0.0
0.0
0.0
0.0
0.0
8.0
193.0
0.0
0.0
15.0
0.0
30.0
0.0
119.0
0.0
0.0
0.0
0.0
0.0
0.0
0.0
5.0
5.0
0.0
0.0
0.0
0.0
0.0
0.0
0.0
3.0
0.0
0.0
0.0
0.0
0.0
0.0
56.0
0.0
0.0
0.0
99.0
0.0
0.0
0.0
0.0
5.0
135.0
0.0
84.0
43.0
0.0
0.0
0.0
0.0
0.0
18.0
0.0
30.0
0.0
0.0
0.0
10.0
381.0
160.0
0.0
0.0
0.0
5.0
33.0
20.0
0.0
0.0
0.0
0.0
0.0
0.0
0.0
5.0
0.0
0.0
0.0
0.0
0.0
0.0
0.0
0.0
0.0
0.0
140.0
218.0
61.0
0.0
0.0
0.0
0.0
104.0
564.0
0.0
107.0
58.0
620.0
0.0
0.0
0.0
0.0
157.0
28.0
0.0
130.0
340.0
30.0
0.0
0.0
0.0
20.0
0.0
0.0
18.0
0.0
0.0
165.0
0.0
0.0
71.0
0.0
0.0
28.0
0.0
0.0
61.0
0.0
5.0
239.0
23.0
0.0
0.0
0.0
97.0
5.0
0.0
0.0
61.0
117.0
0.0
0.0
30.0
30.0
0.0
0.0
0.0
0.0
0.0
0.0
3.0
0.0
0.0
0.0
0.0
0.0
0.0
28.0
0.0
0.0
43.0
0.0
0.0
81.0
36.0
0.0
0.0
0.0
84.0
76.0
0.0
170.0
0.0
0.0
0.0
99.0
437.0
0.0
0.0
18.0
0.0
0.0
0.0
5.0
18.0
5.0
0.0
0.0
0.0
0.0
89.0
0.0
0.0
0.0
0.0
0.0
0.0
0.0
23.0
0.0
53.0
74.0
0.0
117.0
36.0
0.0
0.0
0.0
0.0
0.0
0.0
0.0
0.0
0.0
30.0
23.0
91.0
0.0
0.0
0.0
0.0
0.0
0.0
0.0
0.0
0.0
25.0
0.0
0.0
0.0
0.0
0.0
0.0
0.0
0.0
0.0
0.0
264.0
15.0
0.0
0.0
0.0
0.0
0.0
0.0
0.0
0.0
0.0
0.0
0.0
0.0
203.0
0.0
10.0
0.0
0.0
0.0
0.0
0.0
0.0
0.0
0.0
0.0
0.0
0.0
0.0
15.0
0.0
0.0
0.0
0.0
0.0
0.0
0.0
0.0
15.0
0.0
5.0
0.0
0.0
0.0
0.0
0.0
0.0
0.0
0.0
20.0
0.0
0.0
0.0
0.0
0.0
0.0
0.0
102.0
0.0
0.0
0.0
0.0
0.0
109.0
0.0
0.0
0.0
13.0
0.0
30.0
13.0
0.0
0.0
0.0
0.0
0.0
0.0
0.0
0.0
0.0
0.0
0.0
0.0
0.0
0.0
28.0
0.0
0.0
13.0
0.0
0.0
0.0
0.0
0.0
122.0
0.0
0.0
5.0
0.0
64.0
0.0
0.0
0.0
10.0
287.0
15.0
0.0
0.0
20.0
71.0
84.0
0.0
51.0
0.0
0.0
8.0
0.0
0.0
239.0
185.0
0.0
0.0
0.0
0.0
0.0
0.0
28.0
0.0
0.0
0.0
0.0
0.0
0.0
109.0
5.0
0.0
0.0
0.0
64.0
8.0
0.0
48.0
81.0
36.0
41.0
20.0
0.0
114.0
0.0
0.0
10.0
13.0
0.0
0.0
0.0
0.0
0.0
0.0
0.0
0.0
0.0
0.0
152.0
71.0
0.0
0.0
0.0
0.0
43.0
97.0
0.0
56.0
0.0
0.0
0.0
18.0
0.0
0.0
58.0
3.0
0.0
0.0
0.0
0.0
0.0
0.0
0.0
0.0
0.0
8.0
0.0
28.0
20.0
180.0
0.0
56.0
0.0
33.0
33.0
3.0
10.0
3.0
104.0
5.0
5.0
0.0
0.0
0.0
0.0
0.0
0.0
33.0
53.0
56.0
0.0
8.0
NaN
0.0
15.0
0.0
0.0
13.0
259.0
51.0
0.0
23.0
0.0
0.0
0.0
0.0
163.0
165.0
114.0
0.0
0.0
0.0
0.0
0.0
86.0
305.0
0.0
0.0
0.0
0.0
0.0
10.0
0.0
0.0
0.0
3.0
0.0
10.0
0.0
28.0
0.0
130.0
0.0
18.0
48.0
58.0
0.0
0.0
0.0
0.0
51.0
0.0
0.0
0.0
0.0
0.0
0.0
0.0
0.0
13.0
206.0
30.0
0.0
0.0
0.0
213.0
0.0
0.0
10.0
0.0
0.0
0.0
0.0
0.0
0.0
18.0
51.0
8.0
0.0
20.0
0.0
0.0
0.0
0.0
112.0
0.0
0.0
0.0
0.0
0.0
0.0
8.0
13.0
38.0
0.0
0.0
0.0
0.0
0.0
33.0
28.0
0.0
0.0
0.0
69.0
0.0
0.0
0.0
0.0
18.0
36.0
0.0
0.0
0.0
0.0
0.0
0.0
140.0
0.0
0.0
0.0
0.0
0.0
53.0
122.0
0.0
0.0
0.0
0.0
0.0
0.0
13.0
0.0
0.0
76.0
13.0
0.0
0.0
0.0
0.0
234.0
18.0
0.0
20.0
94.0
203.0
23.0
0.0
0.0
0.0
8.0
0.0
0.0
0.0
0.0
0.0
0.0
0.0
0.0
0.0
NaN
NaN
NaN
NaN
NaN
NaN
NaN
NaN
NaN
NaN
0.0
NaN
114.0
5.0
8.0
0.0
0.0
0.0
0.0
0.0
0.0
0.0
0.0
18.0
0.0
0.0
0.0
0.0
0.0
0.0
0.0
0.0
107.0
0.0
0.0
0.0
0.0
0.0
0.0
0.0
0.0
0.0
0.0
0.0
15.0
0.0
107.0
0.0
0.0
0.0
74.0
0.0
5.0
0.0
0.0
0.0
71.0
0.0
0.0
0.0
0.0
0.0
0.0
0.0
0.0
0.0
213.0
8.0
0.0
183.0
0.0
152.0
0.0
0.0
0.0
0.0
0.0
0.0
0.0
0.0
18.0
0.0
0.0
0.0
0.0
0.0
81.0
20.0
0.0
0.0
0.0
0.0
25.0
0.0
0.0
0.0
89.0
264.0
64.0
36.0
58.0
5.0
0.0
0.0
0.0
0.0
185.0
117.0
15.0
0.0
0.0
282.0
160.0
13.0
30.0
0.0
142.0
0.0
0.0
53.0
46.0
10.0
0.0
0.0
0.0
0.0
0.0
69.0
0.0
0.0
13.0
0.0
0.0
0.0
8.0
0.0
0.0
0.0
0.0
0.0
0.0
0.0
0.0
0.0
0.0
434.0
8.0
15.0
99.0
0.0
0.0
0.0
0.0
0.0
43.0
51.0
25.0
0.0
0.0
0.0
0.0
112.0
206.0
61.0
0.0
0.0
0.0
0.0
0.0
0.0
3.0
0.0
178.0
0.0
0.0
0.0
0.0
160.0
157.0
0.0
124.0
20.0
0.0
0.0
81.0
0.0
234.0
0.0
0.0
33.0
0.0
20.0
0.0
287.0
239.0
0.0
0.0
419.0
191.0
8.0
0.0
0.0
0.0
0.0
0.0
61.0
155.0
0.0
46.0
0.0
0.0
312.0
0.0
0.0
3.0
66.0
102.0
297.0
0.0
0.0
0.0
0.0
0.0
15.0
0.0
0.0
0.0
150.0
33.0
5.0
0.0
0.0
18.0
0.0
76.0
0.0
0.0
20.0
155.0
61.0
0.0
147.0
124.0
3.0
0.0
0.0
0.0
3.0
0.0
13.0
0.0
3.0
328.0
0.0
0.0
0.0
0.0
0.0
13.0
0.0
0.0
0.0
64.0
36.0
0.0
351.0
30.0
64.0
15.0
0.0
0.0
0.0
8.0
15.0
135.0
0.0
51.0
0.0
340.0
81.0
0.0
0.0
86.0
0.0
5.0
69.0
48.0
0.0
3.0
3.0
20.0
0.0
0.0
0.0
0.0
3.0
0.0
13.0
8.0
10.0
124.0
30.0
0.0
147.0
236.0
0.0
0.0
0.0
0.0
0.0
0.0
0.0
15.0
38.0
0.0
0.0
0.0
41.0
8.0
0.0
0.0
0.0
0.0
0.0
0.0
135.0
145.0
81.0
41.0
0.0
8.0
0.0
0.0
0.0
0.0
18.0
0.0
0.0
0.0
20.0
0.0
0.0
0.0
0.0
0.0
0.0
20.0
10.0
0.0
0.0
94.0
5.0
10.0
0.0
0.0
0.0
0.0
0.0
5.0
0.0
18.0
20.0
155.0
NaN
NaN
NaN
NaN
NaN
NaN
NaN
NaN
NaN
NaN
NaN
NaN
0.0
0.0
0.0
0.0
0.0
0.0
0.0
25.0
8.0
15.0
0.0
0.0
0.0
76.0
69.0
23.0
0.0
0.0
81.0
58.0
0.0
163.0
145.0
0.0
20.0
0.0
0.0
0.0
0.0
0.0
0.0
0.0
0.0
0.0
0.0
0.0
0.0
25.0
0.0
18.0
0.0
13.0
0.0
0.0
0.0
0.0
0.0
10.0
0.0
0.0
114.0
51.0
0.0
0.0
0.0
0.0
0.0
0.0
20.0
0.0
0.0
5.0
51.0
0.0
0.0
0.0
0.0
18.0
53.0
36.0
0.0
0.0
13.0
0.0
0.0
0.0
0.0
56.0
218.0
13.0
0.0
0.0
208.0
15.0
0.0
0.0
0.0
0.0
0.0
0.0
99.0
0.0
8.0
0.0
0.0
0.0
0.0
0.0
0.0
38.0
15.0
0.0
0.0
262.0
13.0
0.0
0.0
0.0
0.0
0.0
0.0
0.0
8.0
0.0
0.0
0.0
0.0
0.0
0.0
0.0
0.0
3.0
0.0
0.0
0.0
0.0
0.0
0.0
5.0
0.0
0.0
51.0
46.0
0.0
15.0
0.0
0.0
23.0
0.0
0.0
8.0
0.0
0.0
0.0
0.0
0.0
0.0
25.0
18.0
3.0
140.0
89.0
0.0
0.0
46.0
0.0
3.0
3.0
0.0
46.0
43.0
0.0
0.0
0.0
53.0
0.0
81.0
0.0
0.0
0.0
0.0
0.0
0.0
0.0
13.0
46.0
193.0
5.0
0.0
15.0
0.0
8.0
0.0
0.0
38.0
0.0
0.0
0.0
0.0
61.0
0.0
74.0
536.0
0.0
305.0
20.0
91.0
0.0
0.0
0.0
91.0
333.0
142.0
772.0
81.0
0.0
0.0
0.0
0.0
0.0
0.0
36.0
0.0
10.0
0.0
8.0
488.0
0.0
74.0
10.0
0.0
64.0
0.0
20.0
0.0
0.0
8.0
348.0
424.0
36.0
0.0
0.0
41.0
0.0
0.0
0.0
0.0
0.0
0.0
0.0
0.0
0.0
10.0
0.0
30.0
20.0
0.0
0.0
0.0
3.0
0.0
10.0
0.0
0.0
0.0
0.0
0.0
107.0
0.0
0.0
3.0
0.0
0.0
5.0
15.0
112.0
0.0
0.0
0.0
0.0
0.0
0.0
0.0
0.0
0.0
0.0
0.0
0.0
0.0
8.0
0.0
0.0
0.0
0.0
0.0
0.0
8.0
0.0
10.0
0.0
0.0
0.0
25.0
30.0
0.0
0.0
0.0
0.0
0.0
3.0
0.0
0.0
0.0
0.0
0.0
0.0
30.0
0.0
0.0
0.0
5.0
0.0
0.0
0.0
0.0
0.0
0.0
0.0
0.0
0.0
20.0
25.0
15.0
0.0
0.0
0.0
23.0
66.0
0.0
89.0
221.0
41.0
0.0
0.0
0.0
0.0
13.0
0.0
51.0
56.0
0.0
0.0
0.0
0.0
0.0
0.0
13.0
0.0
18.0
0.0
NaN
NaN
NaN
NaN
NaN
NaN
NaN
NaN
NaN
NaN
NaN
NaN
NaN
NaN
38.0
0.0
0.0
20.0
0.0
13.0
0.0
0.0
8.0
0.0
0.0
10.0
107.0
0.0
0.0
53.0
140.0
0.0
10.0
8.0
0.0
0.0
0.0
25.0
89.0
0.0
0.0
0.0
0.0
0.0
0.0
0.0
8.0
0.0
178.0
0.0
0.0
0.0
165.0
8.0
0.0
0.0
18.0
203.0
0.0
0.0
0.0
0.0
0.0
0.0
0.0
0.0
173.0
0.0
0.0
0.0
0.0
0.0
0.0
10.0
13.0
0.0
36.0
13.0
0.0
0.0
0.0
0.0
5.0
0.0
3.0
0.0
94.0
15.0
0.0
46.0
58.0
0.0
46.0
0.0
0.0
99.0
0.0
170.0
0.0
28.0
0.0
0.0
0.0
0.0
0.0
0.0
0.0
0.0
66.0
15.0
8.0
0.0
0.0
0.0
15.0
274.0
0.0
0.0
0.0
0.0
259.0
89.0
0.0
0.0
8.0
3.0
0.0
0.0
0.0
0.0
150.0
183.0
3.0
0.0
0.0
46.0
86.0
0.0
0.0
0.0
0.0
0.0
0.0
0.0
0.0
0.0
0.0
0.0
0.0
0.0
0.0
0.0
0.0
0.0
0.0
41.0
99.0
0.0
0.0
0.0
188.0
0.0
0.0
0.0
221.0
8.0
81.0
0.0
0.0
5.0
84.0
0.0
3.0
0.0
99.0
0.0
0.0
58.0
13.0
0.0
0.0
0.0
0.0
0.0
NaN
NaN
NaN
NaN
0.0
0.0
135.0
91.0
0.0
0.0
30.0
0.0
472.0
