22.52
10.564516129
-1.25333333333
-9.61612903226
-12.9633333333
-8.53703703704
0.168965517241
11.5066666667
20.0516129032
27.7933333333
30.8709677419
NaN
19.54
12.7290322581
1.89333333333
-3.81724137931
-14.2419354839
-7.45357142857
2.64827586207
18.02
18.7466666667
21.2033333333
24.8633333333
25.2066666667
19.7137931034
12.4548387097
-2.03103448276
-4.18064516129
-10.7068965517
-5.09310344828
-3.39677419355
9.78
19.3517241379
24.36
25.8612903226
25.3870967742
18.2285714286
12.2413793103
NaN
-4.63870967742
-9.99310344828
-10.264
-7.61
10.3344827586
22.6161290323
23.525
27.2548387097
26.88
27.6259259259
15.8413793103
-3.27692307692
-5.25483870968
-4.11935483871
-5.31785714286
-2.15161290323
11.1666666667
20.7032258065
23.64
26.8
26.8290322581
21.5333333333
7.68
-0.963333333333
-5.26
-12.2258064516
-14.6888888889
-9.43333333333
9.41
16.8096774194
22.5033333333
NaN
25.5933333333
21.67
10.135483871
8.89
-6.81333333333
-2.88064516129
-12.1615384615
-1.44666666667
18.77
24.5290322581
28.1068965517
27.1387096774
27.9258064516
17.2
14.8612903226
-2.1724137931
-4.02666666667
-9.41851851852
-9.65714285714
0.73
13.4275862069
25.024137931
21.7068965517
27.4931034483
27.1806451613
16.9586206897
16.6666666667
4.05925925926
-6.15357142857
-4.47419354839
-7.23703703704
-0.0379310344828
11.01
20.2333333333
19.89
26.9387096774
26.724137931
21.4413793103
13.9866666667
2.28076923077
-9.13103448276
-6.72
NaN
-2.43225806452
13.3266666667
19.3129032258
24.0266666667
25.0935483871
23.9032258065
16.1103448276
16.5766666667
1.22307692308
NaN
NaN
-14.8071428571
-4.46428571429
NaN
NaN
22.2142857143
24.4516129032
23.7838709677
19.262962963
NaN
10.4466666667
-5.69642857143
-11.82
-7.54642857143
8.21612903226
13.3344827586
16.3806451613
21.3172413793
24.2870967742
27.0225806452
21.4192307692
10.5846153846
5.57666666667
-3.16451612903
-6.84838709677
-6.15714285714
-1.84482758621
16.6896551724
16.9387096774
22.8066666667
27.6322580645
26.5161290323
25.0333333333
15.7193548387
0.583333333333
-8.10322580645
-17.7032258065
-6.37407407407
-0.745161290323
3.65
13.8161290323
23.7035714286
25.4935483871
24.5833333333
17.8766666667
NaN
6.21034482759
-0.822580645161
NaN
NaN
-2.14838709677
12.77
17.2161290323
22.8166666667
28.5677419355
24.3035714286
22.7766666667
11.84
4.82413793103
-3.96896551724
-10.9838709677
-7.06785714286
0.0423076923077
6.61
17.46
22.9466666667
26.2766666667
29.5774193548
25.3925925926
13.2580645161
3.39333333333
-9.38064516129
-4.84137931034
-9.61071428571
12.6032258065
18.15
18.835483871
28.1321428571
29.32
24.9233333333
21.275862069
16.7448275862
-0.944827586207
-5.75161290323
-13.9838709677
-8.67857142857
4.57
12.9
20.735483871
25.2481481481
25.2827586207
23.1548387097
19.3925925926
NaN
NaN
-3.13793103448
-13.6133333333
-5.66296296296
-1.89
14.1535714286
19.4892857143
25.92
25.0103448276
23.6566666667
NaN
15.075862069
7.13
0.206896551724
-9.13703703704
-6.38148148148
-0.990322580645
15.2555555556
18.7566666667
27.2962962963
28.1935483871
28.9357142857
23.0724137931
10.6419354839
7.26333333333
2.11612903226
-1.41
-10.26
2.9
12.6413793103
21.8419354839
24.7206896552
31.5612903226
27.1931034483
24.29
20.0862068966
7.07
-7.61290322581
-7.12903225806
NaN
4.07096774194
19.5275862069
20.3161290323
20.8633333333
23.7806451613
29.1633333333
19.84
16.1032258065
1.80344827586
-3.47419354839
NaN
-7.05
NaN
10.63
18.7838709677
21.96
31.3392857143
27.7
22.4448275862
11.0133333333
4.91724137931
-9.01379310345
-8.74
-11.4214285714
0.938709677419
9.22666666667
21.4580645161
NaN
31.4483870968
27.6129032258
21.9833333333
6.64666666667
7.07
-14.724137931
-15.4607142857
-6.15357142857
9.41612903226
14.8827586207
20.26
NaN
27.3838709677
25.9096774194
20.4275862069
15.2966666667
3.90344827586
-2.34285714286
-0.0935483870968
-9.68571428571
-4.33225806452
11.8233333333
21.1806451613
27.4965517241
29.4266666667
28.1290322581
21.6466666667
6.13225806452
NaN
-8.81935483871
-12.5166666667
-5.09642857143
-2.26206896552
4.16666666667
19.4571428571
23.7033333333
27.9066666667
29.9724137931
22.5066666667
15.7233333333
0.839285714286
-4.4935483871
-2.93870967742
-0.732142857143
3.81333333333
12.7033333333
20.7433333333
26.28
29.1821428571
28.1258064516
21.2740740741
17.6193548387
-1.01
-2.58064516129
-7.07419354839
-10.5142857143
1.26
12.1833333333
19.5032258065
25.9965517241
25.5580645161
NaN
NaN
NaN
3.33571428571
-9.61333333333
-7.36206896552
-8.69615384615
-2.43870967742
9.73846153846
20.8612903226
26.59
27.9032258065
24.4580645161
23.288
14.22
10.1172413793
-0.0451612903226
-12.02
-0.841379310345
1.80967741935
7.72666666667
17.1741935484
NaN
23.5107142857
23.2966666667
NaN
NaN
0.1
-11.9935483871
-7.41785714286
-3.74444444444
1.18333333333
14.7576923077
21.0032258065
20.8137931034
25.3516129032
26.1137931034
19.1142857143
5.46129032258
4.58666666667
-2.45483870968
-0.887096774194
-0.226923076923
3.47096774194
15.27
22.0642857143
22.4733333333
29.0724137931
24.764516129
16.9966666667
11.2965517241
-3.36551724138
-7.35161290323
-7.06774193548
-6.75
2.89677419355
10.8066666667
13.0
23.6827586207
24.9548387097
24.4
20.06
15.0161290323
-3.60666666667
-13.7433333333
-5.03870967742
-1.15517241379
3.15161290323
NaN
23.41
21.2966666667
25.8967741935
24.4516129032
19.75
12.1258064516
6.26206896552
-1.16129032258
-13.91
-11.1615384615
5.23666666667
11.05
NaN
NaN
29.3774193548
28.8709677419
NaN
13.7928571429
-0.963333333333
NaN
NaN
NaN
NaN
NaN
17.3709677419
25.02
30.3133333333
28.9096774194
21.6666666667
13.2678571429
5.60333333333
-1.93703703704
-1.63225806452
3.90714285714
1.46129032258
14.89
22.3777777778
30.5533333333
30.8580645161
28.4709677419
23.1466666667
17.7064516129
6.26
0.11935483871
-5.07741935484
-3.2
-4.33870967742
13.2178571429
22.0903225806
27.1466666667
28.8612903226
26.9387096774
22.824137931
8.37
0.486666666667
-5.20333333333
-7.47419354839
-9.4037037037
2.35161290323
8.87
19.8903225806
27.68
29.9034482759
28.435483871
22.9033333333
NaN
3.16
-8.62333333333
-3.31612903226
-1.89642857143
NaN
NaN
27.9222222222
25.0259259259
32.1666666667
28.3482758621
20.3444444444
15.9178571429
6.96428571429
-6.79285714286
-10.3703703704
NaN
0.796296296296
9.87142857143
16.3785714286
22.4482758621
29.2733333333
27.11
23.6
15.5677419355
-3.78461538462
-6.31333333333
-17.1777777778
-20.3178571429
1.00666666667
NaN
26.3741935484
26.9642857143
36.0387096774
NaN
25.02
14.8032258065
3.2037037037
-5.23225806452
-17.9551724138
-9.50740740741
1.23333333333
10.4833333333
19.4806451613
24.0366666667
28.5322580645
30.8967741935
22.5333333333
12.8333333333
0.624137931034
NaN
NaN
-9.24074074074
NaN
NaN
NaN
NaN
29.5483870968
29.564516129
26.1642857143
NaN
0.496551724138
-3.35161290323
-6.30967741935
-14.3035714286
-1.79032258065
12.7
23.0451612903
20.8733333333
31.1266666667
NaN
23.13
11.5096774194
10.4433333333
3.36774193548
-9.76451612903
-6.06428571429
-0.867741935484
7.69
20.1161290323
23.59
28.3774193548
26.8290322581
24.9233333333
16.7774193548
-2.75666666667
-2.27096774194
-8.13870967742
-6.92142857143
-0.0354838709677
11.8333333333
20.9709677419
23.4766666667
28.1870967742
27.5935483871
17.9066666667
13.9935483871
2.73666666667
-1.27419354839
-1.89032258065
-5.64444444444
3.1
12.5133333333
16.9258064516
21.4433333333
26.6322580645
25.8096774194
20.1833333333
15.535483871
2.25
-8.26129032258
-14.8870967742
-5.075
-3.61935483871
14.4310344828
17.01
20.69
27.1
25.8870967742
20.4566666667
17.0225806452
1.96333333333
1.03666666667
0.270967741935
-7.075
-4.73225806452
11.4866666667
22.264516129
21.5333333333
25.7966666667
23.9612903226
20.1633333333
18.1838709677
1.1
-3.51935483871
-6.7
-3.25555555556
7.09032258065
8.49310344828
16.2379310345
20.3566666667
26.7433333333
27.3161290323
18.52
14.9258064516
-3.35333333333
-10.84
-6.97419354839
-8.78214285714
4.14193548387
17.0034482759
18.0129032258
23.98
28.2096774194
25.9967741935
21.0551724138
9.83870967742
1.00666666667
-7.26129032258
-4.15806451613
-9.84444444444
-2.45483870968
11.0533333333
17.8290322581
21.3433333333
29.3387096774
27.5096774194
19.5766666667
17.4419354839
-1.64333333333
-6.46451612903
-7.30967741935
-10.5137931034
-4.33666666667
6.07333333333
19.364516129
23.3733333333
25.62
26.3935483871
25.7933333333
15.9096774194
1.50333333333
-9.69677419355
-12.664516129
NaN
-2.16129032258
13.87
21.6258064516
23.0
26.3741935484
29.8032258065
22.1466666667
11.7548387097
10.17
-8.63225806452
-20.9032258065
-8.03214285714
-2.75806451613
5.46
15.2
22.58
24.7419354839
24.1193548387
19.8533333333
14.0516129032
-1.5
-8.78387096774
-12.0451612903
-8.87142857143
-8.12857142857
7.85666666667
20.5806451613
21.3466666667
27.4419354839
22.7483870968
17.09
10.3
-0.37
-10.2258064516
-11.9064516129
-3.2
-2.84838709677
19.28
21.6258064516
24.9633333333
26.6322580645
27.2258064516
23.7833333333
14.2483870968
4.50333333333
-3.15333333333
-6.09677419355
-3.44285714286
1.58064516129
8.27
18.0
22.63
27.0833333333
28.5548387097
22.35
19.2516129032
6.75172413793
-1.69032258065
-14.7193548387
2.53571428571
0.145161290323
9.32666666667
16.5129032258
21.25
26.764516129
25.9741935484
18.56
12.3129032258
7.40666666667
-0.168965517241
-8.10967741935
-9.58148148148
-4.78709677419
14.9033333333
19.68
23.4833333333
28.8129032258
29.3709677419
22.0
17.0896551724
-4.61333333333
-10.5322580645
-10.6580645161
-5.98275862069
-0.590322580645
7.98333333333
19.5806451613
27.5
25.7129032258
26.7
20.09
16.3548387097
2.62666666667
-4.48709677419
-11.3806451613
-5.475
2.7064516129
10.7
21.2903225806
23.1066666667
31.8548387097
26.6387096774
20.78
12.2233333333
1.97666666667
-0.639285714286
-3.12903225806
-6.78571428571
0.73
14.4233333333
23.4064516129
23.6206896552
26.9392857143
30.1709677419
22.4310344828
15.3357142857
1.87666666667
-6.7935483871
-13.5620689655
-8.10357142857
5.65806451613
12.6133333333
18.2483870968
26.2166666667
29.5129032258
29.5290322581
NaN
7.25
-2.27857142857
-1.16451612903
-9.30666666667
-6.86206896552
-2.31290322581
10.9
19.9310344828
23.6033333333
31.2129032258
28.1032258065
24.2133333333
15.9
3.33333333333
-3.90322580645
-3.6064516129
-2.77857142857
4.00967741935
NaN
18.7866666667
30.1888888889
29.2709677419
32.26
17.4566666667
13.98
4.45666666667
-10.3290322581
-8.25806451613
-10.9107142857
-1.49333333333
11.844
15.2741935484
24.5166666667
24.2428571429
27.2580645161
21.6607142857
16.1066666667
6.97037037037
-2.78709677419
-11.9838709677
-5.41785714286
6.59677419355
11.9724137931
17.8290322581
24.34
28.5548387097
27.2935483871
23.61
21.4483870968
6.16333333333
-7.42580645161
-3.66774193548
-0.453571428571
-2.25806451613
14.7066666667
20.8258064516
23.5866666667
28.6064516129
24.6709677419
19.3
15.9290322581
1.35333333333
-13.1935483871
-12.1677419355
-6.95185185185
-4.62903225806
10.6066666667
18.9451612903
23.1633333333
26.6806451613
27.4666666667
13.8666666667
17.2709677419
1.29666666667
-2.02258064516
-17.8566666667
-6.73928571429
6.86451612903
8.2
19.1066666667
25.1966666667
29.3129032258
25.4161290323
24.29
15.1096774194
-1.49666666667
-5.54838709677
-6.69677419355
-7.60714285714
0.553333333333
9.52
18.8870967742
25.5733333333
30.2322580645
30.1258064516
25.4566666667
12.5838709677
2.55
-5.26774193548
-9.97666666667
-6.60344827586
8.1064516129
13.51
17.1870967742
23.9533333333
28.3580645161
22.4322580645
20.4033333333
12.6
3.09666666667
-8.70322580645
-16.0387096774
-8.12962962963
-3.93548387097
12.37
18.9193548387
19.8266666667
24.8935483871
29.2903225806
22.0066666667
8.01935483871
4.27
-2.43870967742
-13.7666666667
-4.79285714286
-3.49333333333
5.89
15.1677419355
26.26
27.3741935484
28.1548387097
20.17
12.4548387097
-0.573333333333
-8.17419354839
-14.2451612903
-4.23928571429
1.64516129032
11.7366666667
19.3387096774
23.8633333333
24.9387096774
30.5129032258
19.4733333333
12.1193548387
1.99333333333
-7.96896551724
-11.2161290323
-10.7892857143
-0.362962962963
10.0
20.3193548387
24.44
23.2483870968
26.3064516129
16.2
11.3064516129
-0.413333333333
-9.21379310345
-5.58064516129
-1.79642857143
6.1
NaN
19.8096774194
24.5
25.864516129
28.2774193548
18.82
15.0774193548
-1.55666666667
-8.95161290323
NaN
-5.06785714286
-0.955172413793
10.26
14.9774193548
24.5068965517
29.1129032258
23.2
18.0566666667
NaN
NaN
-2.36428571429
-6.41935483871
-8.34814814815
-1.89032258065
4.04666666667
16.7451612903
NaN
29.2967741935
24.8548387097
20.71
12.8
5.14814814815
NaN
NaN
NaN
NaN
13.0275862069
20.4642857143
24.1366666667
27.3129032258
27.9064516129
22.5821428571
NaN
NaN
NaN
NaN
NaN
NaN
NaN
25.1290322581
24.35
28.0068965517
23.1258064516
NaN
13.5096774194
NaN
NaN
NaN
NaN
NaN
9.6275862069
22.0290322581
23.1833333333
26.4807692308
29.5538461538
22.3266666667
12.7576923077
NaN
NaN
-14.9607142857
NaN
NaN
3.41111111111
NaN
23.1266666667
26.3677419355
25.6096774194
22.3433333333
12.6129032258
1.78
-0.625806451613
-10.5733333333
-9.2275862069
-3.66129032258
15.8366666667
23.41
25.1137931034
28.7966666667
22.5451612903
NaN
11.3133333333
4.30333333333
-6.72258064516
-5.23461538462
-3.81851851852
6.31935483871
13.8966666667
18.6466666667
22.4466666667
28.3419354839
28.0290322581
21.9
11.3483870968
7.48333333333
-7.68709677419
-21.3384615385
-10.4
NaN
8.5724137931
NaN
21.3034482759
25.8741935484
25.6290322581
19.79
10.2129032258
0.255172413793
-4.8275862069
-3.34827586207
-4.425
NaN
8.38275862069
16.0033333333
24.5766666667
27.7064516129
30.4322580645
18.4827586207
12.0548387097
2.20344827586
-16.3633333333
-8.22580645161
0.579310344828
-2.22903225806
11.7066666667
17.8032258065
24.05
28.9838709677
30.8064516129
15.5666666667
10.71
-0.563333333333
-10.475
-8.11935483871
-8.23571428571
4.05161290323
14.52
20.6387096774
19.56
27.5129032258
22.0709677419
15.5586206897
11.1258064516
-6.24333333333
-8.2
-2.91612903226
-6.86785714286
7.4935483871
10.6533333333
19.7451612903
24.96
25.0
25.8233333333
16.9133333333
13.0548387097
-1.7275862069
-1.85161290323
-2.56774193548
0.7
0.503225806452
18.2142857143
22.9032258065
28.0233333333
26.2806451613
24.0483870968
22.2266666667
12.1516129032
7.27666666667
0.0866666666667
-7.93548387097
-5.53103448276
3.12258064516
15.15
22.65
31.5137931034
29.0967741935
28.1806451613
19.2033333333
13.9935483871
1.40333333333
-4.85483870968
-6.74516129032
-12.5074074074
-4.42666666667
11.8166666667
21.4677419355
24.5666666667
30.2566666667
28.5322580645
21.4433333333
14.5290322581
1.32
-8.10967741935
-0.35
-2.47857142857
5.76774193548
12.35
17.9612903226
24.6333333333
25.9677419355
28.9333333333
24.0233333333
13.4741935484
4.54
-7.97419354839
-9.10322580645
0.885714285714
3.48064516129
14.8133333333
19.335483871
25.2966666667
27.2419354839
29.2185185185
20.48
10.1074074074
NaN
NaN
-2.2064516129
-0.803448275862
6.45483870968
9.80666666667
21.435483871
23.5033333333
23.0741935484
25.7419354839
19.2620689655
14.1967741935
-0.543333333333
-9.66666666667
-10.6677419355
-6.78888888889
3.68333333333
11.8866666667
19.7733333333
21.4266666667
21.6580645161
24.3290322581
18.4066666667
12.1838709677
0.763333333333
-3.97931034483
-16.1
-13.2884615385
3.95483870968
12.52
21.4193548387
23.3653846154
25.8870967742
26.2032258065
NaN
13.4548387097
4.03666666667
-4.45161290323
-10.2833333333
-5.81111111111
-2.43666666667
7.07666666667
17.5870967742
26.46
26.0032258065
28.5290322581
21.3481481481
12.2838709677
-3.07333333333
-9.02580645161
-13.9
-6.72857142857
-4.19333333333
6.14666666667
16.4935483871
26.2964285714
NaN
28.5935483871
19.6866666667
11.9580645161
-5.16333333333
-12.6516129032
-11.1428571429
-3.73571428571
-2.68666666667
9.71379310345
18.6516129032
NaN
NaN
27.72
24.7592592593
12.5064516129
2.36785714286
1.23548387097
NaN
NaN
-0.792857142857
15.2533333333
20.8034482759
20.7
27.6555555556
28.8
23.8678571429
12.3379310345
1.34444444444
-5.47142857143
NaN
-1.53846153846
1.74838709677
11.89
18.5689655172
NaN
NaN
26.3307692308
18.9222222222
12.3933333333
10.1923076923
2.85
NaN
NaN
NaN
11.8285714286
NaN
21.0892857143
NaN
26.0740740741
19.9833333333
14.5677419355
-2.26
-11.6896551724
-3.03703703704
-9.71153846154
2.92857142857
12.0517241379
NaN
23.2071428571
25.9741935484
NaN
21.7766666667
11.85
7.76
-4.81034482759
-4.82857142857
-0.139285714286
-4.92580645161
8.14074074074
16.3774193548
24.7033333333
NaN
NaN
21.0555555556
6.08387096774
2.06333333333
-2.65806451613
-7.45806451613
-8.95357142857
-2.21481481481
13.4655172414
NaN
22.9185185185
NaN
29.7741935484
20.9310344828
NaN
-4.53666666667
-3.87096774194
-14.2107142857
-5.97586206897
NaN
13.0172413793
15.1466666667
NaN
24.6206896552
21.5666666667
20.6379310345
12.0967741935
6.75172413793
-3.90740740741
-11.464516129
-3.09285714286
NaN
14.8035714286
NaN
23.28
NaN
25.93
NaN
NaN
2.83448275862
-4.26774193548
-0.0838709677419
-4.73913043478
NaN
17.5740740741
NaN
24.5357142857
30.6407407407
NaN
21.2766666667
NaN
2.62962962963
-2.84516129032
-5.74838709677
-10.2964285714
NaN
12.42
19.7233333333
NaN
29.5580645161
NaN
NaN
13.7535714286
NaN
-6.89310344828
-7.54838709677
-7.4
NaN
NaN
18.5677419355
NaN
NaN
NaN
19.8896551724
NaN
3.11333333333
-12.4551724138
-12.1
-8.92142857143
-4.95925925926
9.14827586207
18.0310344828
NaN
NaN
25.8
24.5884615385
NaN
8.88333333333
-10.8419354839
-8.61428571429
NaN
NaN
15.6333333333
NaN
NaN
NaN
26.2740740741
NaN
16.3448275862
0.557142857143
-8.86
NaN
NaN
NaN
NaN
NaN
NaN
NaN
NaN
NaN
NaN
NaN
NaN
-2.84193548387
-2.45
8.17037037037
12.54
NaN
23.5923076923
NaN
28.5862068966
23.0482758621
9.66666666667
NaN
-8.9037037037
-8.39032258065
-5.4
-6.70322580645
1.98666666667
NaN
23.06
25.6103448276
26.2555555556
23.072
10.1419354839
0.59
-11.9129032258
-7.42
-10.4461538462
-1.73214285714
NaN
19.0423076923
21.8034482759
NaN
25.1258064516
19.8259259259
NaN
-2.57
-6.02857142857
-6.15
-10.0357142857
3.94193548387
NaN
17.5333333333
24.82
NaN
NaN
NaN
14.3032258065
NaN
-3.13548387097
-6.20967741935
-0.3
6.84193548387
10.9423076923
NaN
NaN
25.9870967742
NaN
19.9846153846
11.1870967742
8.56
-8.84285714286
-8.8935483871
-2.508
-2.07419354839
NaN
NaN
23.93
29.1357142857
25.7379310345
