27.7225806452
26.6322580645
25.5172413793
15.9666666667
5.25
0.692857142857
1.62068965517
-3.668
4.05517241379
11.3678571429
23.2966666667
28.1033333333
27.87
24.37
24.4206896552
16.0129032258
10.35
0.851612903226
-0.864516129032
NaN
9.48928571429
11.4464285714
15.8310344828
25.1964285714
NaN
NaN
NaN
NaN
NaN
NaN
NaN
NaN
8.83225806452
NaN
NaN
25.5433333333
NaN
28.1866666667
24.0433333333
NaN
6.53333333333
1.73225806452
0.416129032258
0.492307692308
-0.1
8.01034482759
17.6793103448
21.6733333333
26.0551724138
NaN
NaN
NaN
NaN
NaN
NaN
2.15769230769
NaN
13.1413793103
17.7258064516
23.36
26.9419354839
28.2806451613
20.06
16.6322580645
8.79310344828
1.3064516129
0.235483870968
0.378571428571
3.29
9.46
NaN
NaN
NaN
28.6115384615
NaN
19.4806451613
9.24666666667
NaN
-4.43448275862
-0.714285714286
-0.368965517241
NaN
17.0967741935
24.1333333333
27.564516129
25.0709677419
21.52
15.9161290323
7.41
2.88387096774
-0.270967741935
0.121428571429
2.96129032258
15.98
21.9833333333
25.6633333333
28.3193548387
25.8322580645
25.5366666667
16.7806451613
9.20666666667
4.65806451613
-0.503225806452
-2.03928571429
6.58387096774
16.36
20.1
23.88
26.3733333333
25.0580645161
21.7066666667
16.0903225806
8.59
-0.948387096774
-2.34838709677
1.44642857143
5.94
10.19
16.7032258065
26.3966666667
27.2677419355
26.6387096774
21.9266666667
15.7733333333
6.83
1.54838709677
1.75862068966
2.03793103448
2.50967741935
7.61379310345
20.3290322581
26.9066666667
27.8935483871
28.7096774194
23.43
17.38
10.2620689655
-1.18709677419
-4.39032258065
0.821428571429
14.6064516129
14.3866666667
16.2161290323
22.8666666667
26.0333333333
26.6806451613
22.8344827586
16.0483870968
8.4724137931
0.56
2.03793103448
-1.26785714286
12.5774193548
13.0833333333
17.6866666667
24.1448275862
27.4833333333
24.7166666667
24.51
19.6766666667
9.03793103448
NaN
NaN
NaN
NaN
NaN
15.5516129032
NaN
NaN
NaN
NaN
NaN
6.86333333333
0.809677419355
-2.60967741935
0.727586206897
6.53225806452
17.52
18.5633333333
25.1666666667
NaN
27.8966666667
25.0275862069
15.8612903226
11.0892857143
3.88064516129
2.99666666667
3.41111111111
7.34193548387
14.3821428571
22.5785714286
29.2066666667
29.2033333333
28.3935483871
21.4172413793
19.9419354839
7.37
4.02
4.97419354839
0.662962962963
3.90322580645
9.50666666667
21.1677419355
26.8413793103
27.6903225806
27.064516129
21.8448275862
19.1633333333
7.87931034483
-0.145161290323
0.366666666667
1.23333333333
7.33793103448
13.41
21.1677419355
26.04
28.564516129
26.4290322581
23.34
18.57
4.87666666667
2.15333333333
1.88709677419
1.56896551724
4.92413793103
15.8074074074
19.6419354839
29.1344827586
30.7592592593
27.5709677419
24.7166666667
16.0806451613
10.8033333333
4.05806451613
2.03666666667
4.03214285714
7.06129032258
11.9862068966
20.7322580645
26.9466666667
29.1903225806
29.4258064516
24.63
20.264516129
11.39
4.39333333333
0.496774193548
4.72857142857
5.65
16.4933333333
19.4033333333
27.66
28.8709677419
26.9
23.4533333333
17.5096774194
9.48
1.36451612903
0.00322580645161
1.90714285714
7.18387096774
18.5793103448
22.9967741935
26.1133333333
32.0580645161
30.5032258065
25.16
18.7
7.11333333333
0.683870967742
-0.587096774194
1.51034482759
3.16774193548
11.7633333333
18.0064516129
26.0333333333
26.0741935484
26.4290322581
21.24
20.0161290323
9.27333333333
4.19032258065
-2.61612903226
3.02857142857
5.93548387097
14.9620689655
17.7677419355
26.4206896552
27.6935483871
26.9677419355
23.35
15.1935483871
9.02
4.37419354839
0.277419354839
-1.69285714286
4.17096774194
15.03
20.9032258065
22.8666666667
28.1903225806
27.6096774194
23.0
18.164516129
10.7066666667
-1.57419354839
-2.17096774194
0.621428571429
5.23225806452
14.4833333333
22.2451612903
26.57
28.8516129032
29.1580645161
25.17
14.9967741935
6.97666666667
3.63870967742
-0.0290322580645
0.220689655172
1.12580645161
14.6633333333
18.9161290323
24.6466666667
27.4935483871
27.0806451613
24.53
17.3096774194
9.8
-0.0677419354839
-1.59032258065
3.01785714286
7.27741935484
9.93666666667
17.5935483871
25.8466666667
28.1903225806
27.1096774194
26.39
18.7677419355
9.70666666667
1.92903225806
-1.84838709677
-1.31071428571
5.0935483871
14.4066666667
24.0806451613
25.0566666667
26.6193548387
26.7967741935
21.7333333333
17.4612903226
8.60333333333
0.954838709677
-4.47096774194
-2.47857142857
7.49677419355
15.3366666667
18.6580645161
27.07
28.9903225806
26.1451612903
22.3266666667
22.9870967742
11.0233333333
-1.43225806452
2.31290322581
2.26206896552
6.83225806452
14.6366666667
23.1161290323
26.72
29.1419354839
25.2032258065
23.9066666667
16.5193548387
11.73
1.72903225806
-0.687096774194
0.496428571429
1.79032258065
9.56666666667
23.8161290323
24.78
26.4
25.9870967742
23.9233333333
15.1483870968
9.67
3.89032258065
-2.4064516129
0.767857142857
8.01290322581
10.51
16.7903225806
26.4466666667
30.0322580645
27.3483870968
22.28
16.5
9.35333333333
1.4
2.25161290323
-0.835714285714
5.07419354839
14.4566666667
15.4
27.17
26.8032258065
26.0774193548
22.9966666667
15.9903225806
5.70666666667
3.29032258065
-2.02580645161
-0.510344827586
7.9
16.2566666667
16.9451612903
25.0133333333
27.9387096774
28.335483871
24.9633333333
18.1
8.98333333333
1.51935483871
-1.15806451613
0.257142857143
5.55483870968
14.52
19.2483870968
22.5466666667
27.0806451613
29.3322580645
23.5933333333
16.2
7.45172413793
0.312903225806
-3.47096774194
0.971428571429
3.65483870968
13.13
20.2935483871
24.9166666667
27.1225806452
27.5935483871
22.79
16.9516129032
8.17333333333
1.50967741935
-3.17741935484
0.517857142857
3.17741935484
10.0
18.4258064516
26.9966666667
26.2935483871
26.5838709677
24.2366666667
19.8516129032
8.21666666667
4.77096774194
-0.590322580645
-0.751724137931
2.73225806452
9.35
18.9419354839
20.8
26.7548387097
25.5838709677
21.81
13.2258064516
5.81333333333
1.59666666667
2.44516129032
-0.232142857143
9.17096774194
12.85
16.5
25.6566666667
27.8580645161
28.2612903226
24.06
19.135483871
8.38333333333
1.2064516129
0.461290322581
-1.37142857143
4.17333333333
13.49
15.8419354839
23.5933333333
27.4580645161
26.4483870968
21.17
15.1655172414
8.2
1.95806451613
1.30322580645
0.496428571429
2.93225806452
8.66
21.2741935484
24.1266666667
28.7225806452
26.4322580645
19.84
16.6129032258
12.2862068966
2.53333333333
-2.29655172414
4.2875
8.15161290323
14.6724137931
17.964516129
26.05
26.7133333333
25.6344827586
21.2034482759
11.8423076923
4.5
-1.65172413793
-6.73225806452
-0.357142857143
9.23225806452
15.8666666667
23.0129032258
23.5233333333
27.5387096774
25.7833333333
21.4607142857
14.2153846154
8.61666666667
0.993103448276
-3.49032258065
-3.57407407407
2.64
11.3428571429
18.6733333333
24.3133333333
26.4766666667
28.0433333333
24.7733333333
15.064516129
8.58214285714
1.97666666667
-3.58387096774
-4.59642857143
8.18064516129
10.5724137931
18.6064516129
24.87
26.0166666667
24.9451612903
23.4966666667
14.364516129
8.04827586207
3.75161290323
-0.596666666667
-1.44827586207
3.24193548387
11.7689655172
19.7064516129
23.03
27.3
27.835483871
22.82
12.5677419355
7.03666666667
-0.00967741935484
-2.81290322581
2.125
6.41612903226
14.4166666667
17.935483871
25.3733333333
27.9903225806
26.5096774194
20.5586206897
12.7483870968
9.22666666667
0.883333333333
-4.3
-1.84814814815
4.44516129032
11.33
21.8774193548
21.11
27.6677419355
25.3838709677
21.5866666667
17.4064516129
8.78620689655
5.95483870968
0.738709677419
2.69642857143
7.0
10.7928571429
17.2133333333
25.6551724138
29.1387096774
28.2838709677
24.1931034483
15.59
8.66428571429
-2.32333333333
-3.56333333333
4.18928571429
1.81034482759
12.2586206897
17.1419354839
26.1133333333
27.1612903226
27.9677419355
21.2366666667
17.4677419355
8.29
4.79032258065
-2.69677419355
-0.433333333333
7.25161290323
17.125
21.3034482759
23.4642857143
27.1709677419
26.2709677419
23.4866666667
16.1
8.10333333333
-1.70333333333
-0.6
-1.43571428571
7.64516129032
13.9666666667
20.46
24.6733333333
28.3612903226
25.6838709677
22.9310344828
15.1032258065
6.83666666667
1.91935483871
0.0741935483871
2.57857142857
7.7064516129
13.3566666667
22.6612903226
27.5448275862
29.6387096774
26.435483871
23.42
13.32
9.64333333333
4.13870967742
0.590322580645
-0.296551724138
6.23548387097
12.59
20.6516129032
27.59
31.2483870968
29.5161290323
23.6333333333
13.0419354839
9.64333333333
2.23870967742
3.70967741935
-1.11428571429
6.25806451613
11.17
18.8064516129
24.9633333333
29.0483870968
27.4806451613
22.4466666667
17.2612903226
7.75
-3.81290322581
3.92903225806
1.94642857143
7.82903225806
14.8466666667
18.4032258065
24.58
27.1290322581
26.9548387097
22.4633333333
16.3806451613
10.8833333333
3.44838709677
-1.15483870968
2.85714285714
7.44838709677
14.85
23.5193548387
27.0566666667
28.7064516129
28.064516129
23.0666666667
16.6451612903
7.09666666667
2.75161290323
0.496774193548
1.97586206897
5.27419354839
10.4133333333
19.2516129032
23.0
24.4548387097
24.8483870968
22.35
14.9419354839
7.02333333333
2.88709677419
0.977419354839
-1.36428571429
2.73333333333
12.11
19.2451612903
23.7
28.9451612903
28.3096774194
19.57
15.5066666667
7.55
1.36129032258
-5.10322580645
-1.45555555556
5.42903225806
14.6633333333
18.9548387097
26.0033333333
28.1193548387
25.4838709677
24.23
17.2903225806
11.0033333333
4.91935483871
1.00967741935
-1.01923076923
7.82903225806
10.52
19.4935483871
26.1766666667
28.7774193548
29.0838709677
23.0035714286
17.1290322581
5.10666666667
-0.316129032258
-0.216129032258
-0.985185185185
1.52903225806
10.2466666667
16.9064516129
24.26
26.8866666667
29.5225806452
22.83
16.3096774194
5.29666666667
2.96129032258
-0.412903225806
3.12222222222
6.56451612903
11.99
15.3387096774
26.11
27.9483870968
24.5
22.6133333333
16.935483871
6.90333333333
2.90322580645
2.73225806452
5.08928571429
7.50322580645
14.5137931034
23.8225806452
26.0333333333
27.6310344828
28.3483870968
26.2233333333
18.2451612903
11.2633333333
6.39677419355
NaN
4.32592592593
6.94
14.58
22.3451612903
27.7034482759
NaN
26.3838709677
25.5517241379
16.3677419355
12.12
3.85161290323
0.822580645161
4.08275862069
11.7033333333
12.3166666667
21.6161290323
25.6133333333
26.0366666667
26.0774193548
22.31
18.2741935484
8.16206896552
-2.95161290323
-0.196774193548
1.55357142857
4.13214285714
13.84
19.5193548387
25.12
27.45
28.5129032258
21.03
15.1838709677
12.2
4.93870967742
2.9
3.575
5.27666666667
12.7966666667
16.2451612903
25.39
29.1129032258
26.835483871
26.2233333333
13.8064516129
6.61666666667
0.941935483871
-3.69032258065
-2.11851851852
4.98387096774
10.8466666667
15.964516129
22.7766666667
27.13
26.6838709677
23.1733333333
14.8096774194
9.51666666667
2.86774193548
-4.2064516129
1.41724137931
6.39677419355
12.9866666667
18.535483871
23.3866666667
25.2870967742
24.0
24.5733333333
15.3516129032
9.14
1.23548387097
-1.94838709677
0.778571428571
3.32258064516
12.6133333333
17.1483870968
27.5966666667
27.8032258065
27.8290322581
24.7533333333
16.7064516129
10.3137931034
-0.8
3.77419354839
1.21923076923
6.51724137931
14.8689655172
NaN
23.8966666667
28.635483871
26.3806451613
20.5833333333
13.8516129032
9.63
NaN
0.575
-3.45
7.44193548387
11.46
20.6451612903
26.24
NaN
26.2806451613
24.2033333333
20.1129032258
7.54666666667
1.3064516129
1.31333333333
-0.721428571429
3.40322580645
15.4166666667
17.5333333333
25.6
27.0806451613
25.8290322581
23.1033333333
14.9967741935
6.95
0.848387096774
-3.96333333333
1.78928571429
6.77419354839
13.3633333333
19.6064516129
21.9266666667
24.8774193548
25.6774193548
21.8333333333
14.1096774194
10.65
1.67096774194
-1.16451612903
0.896428571429
9.24193548387
16.0033333333
20.9806451613
25.2633333333
29.1451612903
28.4266666667
22.4133333333
16.6451612903
9.19310344828
-0.948387096774
NaN
NaN
NaN
NaN
NaN
24.5733333333
29.7096774194
26.7548387097
21.8966666667
16.1161290323
10.98
4.75161290323
NaN
3.53448275862
13.5774193548
12.3566666667
21.9548387097
26.55
29.2290322581
27.0806451613
22.36
15.6096774194
7.92666666667
5.0
1.67741935484
0.207142857143
4.02903225806
11.64
20.835483871
23.4466666667
27.0322580645
25.6741935484
22.09
16.6642857143
6.39333333333
-0.341935483871
-3.76129032258
-3.4
1.52258064516
12.6266666667
18.6870967742
24.4433333333
24.9580645161
24.7903225806
21.4285714286
NaN
6.66785714286
NaN
-2.74838709677
-6.60714285714
4.46666666667
11.99
21.8666666667
22.56
27.1741935484
25.6612903226
25.15
15.9612903226
12.6266666667
NaN
2.9
3.46428571429
NaN
16.4107142857
NaN
26.9766666667
29.1032258065
29.2193548387
24.48
18.2161290323
12.3966666667
2.74193548387
NaN
6.65
5.3
15.57
18.3129032258
25.92
27.5677419355
25.9161290323
NaN
NaN
