544.0
571.0
408.0
204.0
184.0
16.0
432.0
338.0
418.0
18.0
375.0
1027.0
909.0
237.0
867.0
23.0
253.0
44.0
81.0
384.0
454.0
830.0
410.0
671.0
353.0
982.0
175.0
104.0
96.0
NaN
NaN
NaN
NaN
NaN
NaN
NaN
NaN
NaN
NaN
NaN
NaN
26.0
184.0
8.0
500.0
507.0
595.0
157.0
38.0
18.0
63.0
56.0
146.0
120.0
90.0
13.0
385.0
1319.0
403.0
318.0
336.0
188.0
1599.0
69.0
84.0
34.0
82.0
140.0
503.0
265.0
1706.0
271.0
1301.0
111.0
147.0
46.0
58.0
15.0
30.0
38.0
137.0
1608.0
807.0
237.0
522.0
377.0
236.0
91.0
235.0
33.0
165.0
317.0
1120.0
424.0
313.0
797.0
455.0
224.0
254.0
143.0
335.0
104.0
57.0
64.0
534.0
276.0
885.0
132.0
601.0
