3.46785714286
-2.77142857143
4.71290322581
18.16
24.1709677419
28.92
30.8774193548
31.3774193548
27.76
24.6129032258
15.4533333333
2.38709677419
6.0064516129
0.121428571429
9.74516129032
20.1266666667
24.8709677419
30.0033333333
31.1677419355
31.8225806452
26.1933333333
23.4387096774
9.83666666667
7.22580645161
4.6064516129
1.176
10.5366666667
18.01
23.8032258065
31.21
38.3322580645
32.8806451613
26.7733333333
22.37
12.84
3.21724137931
4.6064516129
0.189285714286
13.6129032258
19.38
26.5551724138
26.3066666667
30.1548387097
30.09
24.3103448276
21.6322580645
12.6766666667
0.309677419355
3.92258064516
0.796428571429
12.1
20.13
23.0566666667
25.8866666667
32.135483871
28.5677419355
25.0111111111
20.6066666667
9.3
4.6
0.570967741935
0.932142857143
10.81
14.5
22.1483870968
26.12
28.4193548387
29.0548387097
26.2233333333
21.2419354839
15.12
4.61290322581
-3.07096774194
-1.88214285714
14.964516129
17.4666666667
23.0096774194
29.05
28.7612903226
31.5967741935
26.61
17.6193548387
13.0
6.29032258065
5.49032258065
7.04285714286
3.06774193548
19.8066666667
24.7433333333
27.95
28.5774193548
30.5322580645
26.5966666667
19.0387096774
9.47586206897
5.86129032258
0.81935483871
4.6
15.3225806452
12.6866666667
21.3206896552
27.11
30.9612903226
29.4451612903
25.4133333333
20.1806451613
11.2266666667
4.81612903226
6.74193548387
4.25517241379
13.935483871
19.1033333333
21.7193548387
25.95
29.8466666667
28.9774193548
30.0517241379
19.6133333333
12.8166666667
7.59677419355
2.1
7.98928571429
10.2838709677
15.6862068966
22.835483871
27.4466666667
30.6580645161
34.24
26.3133333333
20.5064516129
14.2333333333
-2.96
0.5
3.21785714286
22.6193548387
21.3966666667
20.9862068966
29.1233333333
33.4774193548
29.6133333333
24.8833333333
23.0451612903
12.4166666667
3.19677419355
4.70322580645
6.325
15.2838709677
18.5566666667
26.4206896552
34.0966666667
33.9806451613
31.3548387097
27.68
17.5935483871
9.19333333333
4.14838709677
-5.23870967742
2.14827586207
3.51935483871
17.74
26.3967741935
26.9266666667
33.1483870968
31.3193548387
23.9344827586
20.9709677419
14.2166666667
7.97931034483
2.82903225806
2.73928571429
NaN
19.7178571429
23.65
30.2827586207
35.5
37.1387096774
26.1133333333
17.764516129
14.31
5.8935483871
6.2935483871
2.19285714286
9.79677419355
17.1607142857
24.8333333333
30.8633333333
32.8064516129
32.7
26.6833333333
20.7483870968
17.2
-1.0935483871
1.4064516129
4.825
4.19032258065
22.13
21.3793103448
25.6866666667
27.3433333333
26.6433333333
25.5892857143
22.864516129
14.6233333333
4.31935483871
NaN
2.48620689655
13.5838709677
NaN
23.6266666667
26.3566666667
33.9677419355
31.3096774194
25.3931034483
20.5935483871
12.3666666667
3.24666666667
3.23870967742
4.63928571429
12.5612903226
14.324137931
18.7166666667
26.4379310345
33.0709677419
28.67
25.6620689655
16.7774193548
14.83
-0.43
-3.17096774194
7.56428571429
NaN
15.5206896552
27.9666666667
33.0448275862
32.164516129
34.9129032258
25.87
22.8064516129
11.1
7.53928571429
7.14482758621
5.13333333333
12.2166666667
17.8777777778
24.1185185185
30.1035714286
34.5538461538
32.4827586207
30.5653846154
19.5857142857
10.0821428571
0.727586206897
3.02592592593
5.78518518519
14.64
15.1551724138
22.935483871
29.1866666667
32.2548387097
30.3806451613
28.6
25.2967741935
10.79
5.27096774194
6.70322580645
11.2535714286
17.1612903226
21.54
25.5866666667
32.28
33.6419354839
33.464516129
30.7866666667
24.2548387097
11.4666666667
8.78387096774
2.87666666667
8.38148148148
12.9838709677
20.2066666667
25.5322580645
32.1366666667
31.2258064516
32.7903225806
30.0517241379
23.2225806452
13.3833333333
7.01290322581
7.93225806452
5.22142857143
10.4516129032
20.0366666667
23.3064516129
29.0866666667
32.7290322581
31.0258064516
26.8633333333
17.6966666667
NaN
8.94193548387
-0.164516129032
6.96666666667
8.48
21.2666666667
22.24
28.21
31.3032258065
33.2107142857
25.4
25.935483871
14.01
-0.664516129032
1.80322580645
8.13571428571
15.5258064516
22.57
24.664516129
30.9766666667
33.5161290323
32.1064516129
29.3566666667
13.6548387097
12.77
5.34516129032
4.72580645161
10.0791666667
12.3451612903
17.6851851852
27.4
29.29
32.7483870968
32.8516129032
24.4466666667
19.3862068966
8.09
3.28387096774
3.89032258065
8.54285714286
11.7516129032
17.81
23.7096774194
27.91
33.3032258065
27.8258064516
28.1620689655
22.535483871
10.2166666667
3.2064516129
7.25
8.57931034483
15.7677419355
17.4933333333
26.6266666667
25.7466666667
31.935483871
31.4129032258
25.88
21.8482758621
10.5068965517
5.56774193548
-3.02903225806
-0.432142857143
13.5033333333
19.0333333333
21.7419354839
25.6407407407
30.8483870968
31.0806451613
25.2033333333
19.1741935484
7.20689655172
4.50967741935
-3.16428571429
12.2964285714
12.9166666667
21.48
23.9806451613
28.5366666667
35.3806451613
32.2032258065
28.7653846154
19.7322580645
14.6033333333
6.03870967742
8.36451612903
11.3964285714
8.6935483871
19.85
23.1032258065
31.7733333333
34.1064516129
30.9516129032
31.4233333333
22.0967741935
13.5233333333
8.42580645161
0.641935483871
8.1
7.30967741935
20.0333333333
25.9225806452
30.2033333333
33.3612903226
31.4741935484
26.0866666667
18.5677419355
9.52
2.05483870968
9.52258064516
6.39285714286
11.5193548387
19.12
23.5193548387
35.0333333333
33.8741935484
30.2266666667
29.4
19.4096774194
14.0233333333
7.84516129032
6.46451612903
7.11428571429
12.7903225806
21.8066666667
30.0677419355
34.81
39.4774193548
35.864516129
25.0466666667
23.3161290323
12.3
2.20967741935
4.10666666667
6.74285714286
16.9225806452
16.4379310345
19.335483871
26.1833333333
35.8032258065
32.1806451613
26.5133333333
17.5032258065
7.73333333333
3.42258064516
-4.24193548387
-6.1
15.6677419355
19.2678571429
26.0933333333
31.4133333333
38.0709677419
36.0566666667
27.2833333333
18.8322580645
11.8633333333
5.94666666667
-2.68387096774
1.14285714286
8.15862068966
17.7206896552
24.9129032258
29.04
33.9806451613
35.4
29.9586206897
18.9451612903
9.00333333333
2.74516129032
3.65806451613
6.38571428571
15.2193548387
18.58
22.135483871
28.6233333333
33.9387096774
32.4870967742
28.07
26.3709677419
12.2833333333
6.84516129032
8.19677419355
3.62222222222
12.6677419355
18.6333333333
28.4741935484
29.8333333333
34.8903225806
31.4870967742
32.2133333333
22.8677419355
13.3366666667
9.06451612903
-6.41612903226
2.35517241379
9.61935483871
17.5033333333
23.8066666667
30.5448275862
35.1483870968
29.0838709677
27.4633333333
25.6967741935
8.7
4.60967741935
2.43870967742
2.94285714286
9.26129032258
20.48
26.9612903226
27.59
33.6774193548
33.0451612903
27.7172413793
19.3161290323
12.2733333333
8.1935483871
2.91935483871
2.16666666667
11.4516129032
22.6166666667
22.3166666667
28.2034482759
32.6451612903
29.9290322581
23.6133333333
21.0533333333
12.82
2.48064516129
1.66206896552
9.38928571429
10.3129032258
20.47
21.9161290323
29.0533333333
32.0161290323
33.0548387097
25.0033333333
19.9193548387
10.8133333333
4.46666666667
NaN
NaN
5.1
13.1275862069
NaN
NaN
32.1148148148
NaN
NaN
22.5666666667
11.5733333333
NaN
NaN
4.792
NaN
NaN
NaN
NaN
32.0777777778
NaN
NaN
20.8346153846
13.884
NaN
NaN
NaN
NaN
NaN
NaN
29.85
31.0387096774
29.8033333333
NaN
21.4870967742
NaN
8.79259259259
NaN
5.79565217391
8.77741935484
18.1777777778
21.575862069
26.8551724138
32.1225806452
36.29
NaN
NaN
NaN
NaN
NaN
NaN
NaN
NaN
NaN
29.15
NaN
NaN
28.09
21.3548387097
11.72
NaN
NaN
2.94782608696
9.59032258065
19.3482758621
25.1709677419
29.81
31.3935483871
30.5612903226
24.225
21.9033333333
16.6448275862
5.37096774194
1.40322580645
5.25714285714
NaN
16.4566666667
24.5935483871
NaN
28.3185185185
27.9096774194
25.24
23.7966666667
10.2535714286
5.34827586207
2.63548387097
5.89642857143
7.92580645161
14.9433333333
24.3096774194
25.36
29.9533333333
30.5870967742
23.5931034483
18.92
9.53703703704
1.9
3.51612903226
8.10344827586
7.57419354839
17.2566666667
24.0166666667
33.2033333333
32.4870967742
28.8516129032
28.1266666667
21.1034482759
11.26
2.52258064516
2.56774193548
8.77142857143
12.6870967742
16.1466666667
22.6633333333
33.1833333333
33.1161290323
31.3451612903
29.3896551724
24.2838709677
13.0793103448
7.51333333333
2.75806451613
13.8518518519
9.62580645161
22.06
21.2161290323
30.7133333333
35.5935483871
30.0193548387
29.2166666667
19.26
14.89
6.72903225806
2.55483870968
1.49642857143
11.6096774194
23.4166666667
26.2548387097
26.93
34.9225806452
34.4
29.3
21.4903225806
8.24666666667
2.57419354839
0.958064516129
4.06206896552
13.0967741935
19.41
26.3774193548
32.0433333333
31.9967741935
32.7741935484
30.4785714286
24.9709677419
11.54
7.93548387097
-0.661290322581
6.65
11.2709677419
17.3066666667
23.2064516129
28.44
34.3064516129
32.4838709677
24.7033333333
16.8161290323
8.62666666667
8.76129032258
2.65161290323
0.264285714286
7.0
18.0366666667
25.4677419355
27.9333333333
28.9548387097
30.9161290323
27.2233333333
22.5419354839
14.2166666667
4.37741935484
-0.490322580645
3.38214285714
12.13
19.0166666667
24.3193548387
29.7566666667
29.9741935484
32.6516129032
25.95
17.2419354839
9.08275862069
8.03548387097
0.216129032258
-0.765517241379
1.91290322581
20.0033333333
24.9366666667
28.0733333333
30.5
31.2161290323
27.5333333333
20.7806451613
13.1833333333
5.13870967742
5.5
7.45357142857
10.864516129
16.6266666667
22.3516129032
28.8066666667
31.2870967742
30.1774193548
24.2866666667
20.9677419355
9.05666666667
-0.258064516129
-1.26774193548
3.07142857143
7.81612903226
19.56
29.0677419355
28.66
30.4838709677
30.9483870968
24.8166666667
21.3483870968
11.8366666667
4.60967741935
-3.57096774194
5.73571428571
14.3967741935
20.94
24.4516129032
31.7566666667
32.6096774194
31.1387096774
27.3033333333
26.9548387097
15.8266666667
-0.148387096774
7.17096774194
7.29285714286
10.7322580645
20.2033333333
27.2838709677
28.9466666667
33.8322580645
29.4161290323
25.7933333333
21.1483870968
13.1066666667
3.97419354839
3.73870967742
3.25
3.75806451613
20.3066666667
27.0419354839
27.4833333333
29.8967741935
30.6387096774
24.2833333333
22.4225806452
14.1066666667
9.24193548387
-0.509677419355
6.32857142857
15.1419354839
16.8233333333
25.2967741935
28.0633333333
33.2266666667
28.5967741935
23.8166666667
22.0903225806
12.73
4.03870967742
3.67419354839
6.26428571429
15.7225806452
20.4666666667
22.4677419355
27.19
29.8161290323
29.8548387097
25.3733333333
19.335483871
10.4066666667
NaN
1.02258064516
4.86206896552
17.2580645161
20.16
21.8838709677
30.3833333333
31.7677419355
29.8516129032
26.0833333333
21.4290322581
9.15
2.1935483871
-0.71935483871
2.53928571429
7.56129032258
19.5034482759
24.2935483871
27.9166666667
31.4322580645
30.4
27.0633333333
18.2548387097
12.82
2.32580645161
-1.04516129032
9.18571428571
9.5935483871
20.5966666667
26.8580645161
28.59
32.5193548387
32.0225806452
25.8033333333
18.2096774194
9.9
5.83870967742
0.0193548387097
2.07857142857
10.0
21.3933333333
23.8096774194
32.2366666667
29.7225806452
31.5322580645
29.08
22.3709677419
11.85
4.34838709677
1.6064516129
6.66896551724
15.1064516129
19.1166666667
23.7419354839
30.79
30.0580645161
30.2322580645
27.07
18.1193548387
7.38
0.645161290323
2.08387096774
4.5
12.0870967742
17.4433333333
23.6290322581
31.07
30.7193548387
31.4129032258
24.1733333333
22.0838709677
11.42
1.60967741935
1.0
7.25714285714
14.1032258065
20.6666666667
24.3677419355
28.6833333333
35.9419354839
29.1258064516
24.4066666667
21.2580645161
11.4833333333
5.01290322581
2.16774193548
0.564285714286
7.65161290323
17.5333333333
25.6451612903
28.41
32.1387096774
33.2451612903
24.2
23.8290322581
12.2
6.15483870968
4.56451612903
12.1068965517
12.2566666667
20.6066666667
22.9967741935
29.8133333333
32.0612903226
32.0387096774
27.2766666667
16.9
9.25
5.52580645161
-3.22580645161
8.58214285714
15.3548387097
21.6
26.9677419355
31.9333333333
34.1032258065
29.1066666667
25.1933333333
18.7290322581
9.48275862069
2.48709677419
-5.64516129032
-4.39642857143
7.04193548387
17.24
22.0806451613
29.8666666667
31.3032258065
31.2709677419
28.6566666667
19.7096774194
8.88333333333
1.60322580645
-7.82903225806
-4.03703703704
9.43870967742
16.05
23.4064516129
29.8333333333
30.2258064516
29.8161290323
28.13
21.4935483871
9.40666666667
7.14193548387
1.06129032258
-0.289655172414
7.17096774194
18.1933333333
25.4806451613
30.7966666667
35.6870967742
32.6387096774
28.12
19.7709677419
14.08
3.72258064516
5.01612903226
6.56785714286
14.135483871
23.13
21.9266666667
31.4766666667
31.7064516129
28.8387096774
27.2533333333
18.0935483871
12.58
1.69677419355
-5.03225806452
2.35714285714
9.92903225806
17.4655172414
24.0733333333
26.924137931
32.8677419355
29.48
24.77
21.3107142857
9.9
5.46129032258
2.15666666667
5.525
9.66129032258
13.5933333333
22.1774193548
29.0133333333
34.6032258065
36.6838709677
29.81
18.9451612903
10.3933333333
-7.0064516129
0.654838709677
9.44482758621
6.08387096774
15.0466666667
22.4387096774
30.18
31.3709677419
33.4806451613
25.7766666667
19.7161290323
12.9933333333
6.07419354839
-0.751612903226
1.76785714286
15.0966666667
21.5033333333
25.6258064516
29.2642857143
32.8677419355
27.935483871
24.6133333333
18.8290322581
5.30333333333
-0.538709677419
8.24193548387
2.225
15.3258064516
20.4133333333
24.8774193548
31.4733333333
32.1193548387
27.3290322581
26.9733333333
18.7129032258
8.71333333333
3.65161290323
4.20322580645
10.2285714286
13.1225806452
21.06
27.1896551724
30.4633333333
32.3838709677
29.064516129
25.76
17.3903225806
11.6966666667
4.50967741935
2.01935483871
3.5
14.6064516129
19.1566666667
27.3967741935
33.6933333333
32.1161290323
33.6064516129
28.4433333333
17.9387096774
12.2466666667
7.29677419355
8.02903225806
-2.68214285714
11.9870967742
21.85
25.2419354839
28.0733333333
32.3161290323
31.21
24.3266666667
21.164516129
11.55
-1.43225806452
6.54193548387
6.85
12.2483870968
17.35
21.0935483871
30.1366666667
30.6838709677
29.9258064516
29.5517241379
21.3833333333
14.6866666667
1.84193548387
-2.45161290323
9.4037037037
14.2483870968
19.42
25.7903225806
30.0266666667
31.0225806452
31.1064516129
27.8133333333
21.4233333333
4.93
5.48709677419
6.20967741935
9.04137931034
13.564516129
18.0433333333
24.6806451613
27.5066666667
28.8258064516
26.6935483871
25.4066666667
19.3580645161
5.53666666667
2.84838709677
-1.35806451613
-0.964285714286
8.06451612903
15.26
22.6161290323
27.69
28.9387096774
29.7580645161
22.18
17.2451612903
8.33666666667
5.12258064516
-0.677419354839
2.82857142857
14.4612903226
18.6
25.7333333333
29.1333333333
28.9096774194
29.1580645161
27.07
20.1322580645
11.42
4.31612903226
0.767741935484
6.91071428571
11.0225806452
16.2931034483
19.7666666667
27.87
31.8258064516
31.7741935484
25.33
19.9935483871
8.67
2.42903225806
-1.53548387097
5.99655172414
9.22580645161
18.68
21.6193548387
29.19
29.1516129032
28.1032258065
23.94
19.3032258065
5.53333333333
1.7
0.864516129032
3.12222222222
14.3064516129
14.61
22.3903225806
29.5
31.2870967742
30.9032258065
27.7233333333
20.3064516129
8.38666666667
1.70967741935
1.8935483871
7.70357142857
5.73548387097
17.79
26.8709677419
27.6266666667
30.764516129
31.6806451613
30.8533333333
19.74
13.5966666667
6.41612903226
-0.0193548387097
9.2
11.9258064516
17.5233333333
23.3709677419
27.64
33.1870967742
30.8677419355
25.9233333333
22.7633333333
17.6133333333
6.42903225806
4.17741935484
10.2379310345
14.4290322581
20.3586206897
27.6580645161
29.0
30.4870967742
33.1967741935
29.2966666667
21.6193548387
6.64333333333
-3.68064516129
2.44193548387
-0.157142857143
7.73225806452
21.8166666667
24.9612903226
27.9733333333
32.1322580645
30.6612903226
26.0172413793
19.6612903226
16.6933333333
8.28709677419
6.53870967742
6.98571428571
9.62580645161
20.5586206897
23.5166666667
31.5533333333
33.9774193548
31.5677419355
28.8466666667
14.8225806452
10.46
7.97741935484
2.54516129032
3.07142857143
12.564516129
19.6433333333
23.1633333333
26.8066666667
32.9225806452
33.364516129
25.13
21.9483870968
9.53
4.28709677419
0.806451612903
2.09655172414
13.4580645161
20.6133333333
25.7548387097
26.86
28.5322580645
27.6483870968
29.49
20.7193548387
12.34
6.88064516129
-0.351612903226
7.38571428571
13.7193548387
20.25
25.0516129032
29.4066666667
31.9741935484
30.2451612903
29.3533333333
20.6935483871
13.8033333333
1.50322580645
9.94838709677
6.96428571429
11.2516129032
22.46
25.2290322581
30.5689655172
32.8129032258
30.035483871
24.0533333333
17.6516129032
12.9966666667
8.0
1.57096774194
0.735714285714
15.6387096774
17.4066666667
26.0741935484
28.33
30.9677419355
31.7161290323
27.6466666667
21.6258064516
12.02
0.367741935484
-0.793548387097
0.255172413793
9.94193548387
15.9433333333
23.5034482759
28.8066666667
30.3709677419
29.5451612903
25.3466666667
19.0677419355
10.15
1.52258064516
1.28709677419
7.26428571429
11.8129032258
17.3333333333
24.0709677419
28.3133333333
27.7225806452
27.6709677419
24.7966666667
13.9483870968
13.8833333333
-1.44193548387
-4.37096774194
-0.860714285714
10.6387096774
21.7866666667
22.7387096774
30.2266666667
30.2516129032
31.6
25.93
22.4225806452
11.4233333333
2.54193548387
NaN
NaN
NaN
NaN
NaN
NaN
NaN
NaN
NaN
NaN
NaN
NaN
6.99677419355
6.3
21.3258064516
21.3866666667
27.8677419355
30.4766666667
35.1258064516
31.2225806452
26.5133333333
18.4580645161
14.22
5.68709677419
4.30322580645
4.26428571429
8.28
15.6833333333
22.6483870968
28.17
29.464516129
29.1677419355
27.8333333333
19.1806451613
10.1466666667
1.25161290323
1.36451612903
-0.117857142857
10.7483870968
18.43
25.6322580645
28.1966666667
28.7064516129
28.7193548387
25.3833333333
20.3290322581
7.96333333333
3.97419354839
5.09032258065
0.575
15.4677419355
19.0433333333
21.8225806452
28.8133333333
29.7193548387
27.8806451613
28.3133333333
20.8064516129
14.1266666667
7.12258064516
1.94193548387
9.05517241379
16.6387096774
19.9933333333
23.3161290323
32.4766666667
29.6225806452
29.1741935484
27.62
21.9838709677
15.75
3.18709677419
2.17419354839
11.6785714286
13.5933333333
18.2366666667
24.3903225806
30.57
31.4935483871
27.7903225806
NaN
NaN
