20.0
8.9
11.1
16.1
13.9
15.6
14.4
23.9
26.7
12.2
7.2
12.2
17.8
14.4
18.3
19.4
NaN
8.9
12.2
12.2
12.2
19.4
17.2
12.8
18.9
21.1
22.8
17.2
22.8
15.6
17.2
21.7
25.6
30.0
21.1
27.8
18.3
19.4
25.6
31.1
27.8
20.0
23.9
25.0
23.3
28.3
25.0
30.0
25.6
25.6
17.8
22.8
23.3
25.6
27.2
27.8
31.1
31.1
31.7
26.1
24.4
27.8
27.8
29.4
27.8
25.6
29.4
25.0
23.3
20.6
23.9
26.7
22.2
25.6
27.8
28.9
17.8
11.1
14.4
11.7
16.7
18.3
20.0
22.2
NaN
11.1
16.7
22.2
20.0
24.4
16.7
13.9
18.9
20.0
17.2
17.8
17.2
19.4
20.0
NaN
6.7
5.6
8.9
12.8
16.1
8.9
11.1
12.2
18.3
24.4
11.1
6.7
10.0
11.7
10.0
10.6
8.9
2.8
8.3
11.1
NaN
11.1
13.3
NaN
9.4
8.9
8.9
14.4
15.6
7.2
9.4
11.1
19.4
23.9
26.1
25.6
29.4
26.1
30.0
27.2
10.0
17.2
20.0
22.8
23.9
27.8
25.6
25.6
24.4
25.6
26.7
30.0
26.7
25.0
