290.0
1160.0
233.0
64.0
394.0
1392.0
13.0
149.0
132.0
74.0
374.0
134.0
1622.0
915.0
345.0
906.0
506.0
361.0
480.0
196.0
195.0
76.0
0.0
1988.0
411.0
466.0
2045.0
758.0
675.0
62.0
370.0
29.0
58.0
176.0
278.0
0.0
803.0
592.0
784.0
836.0
NaN
34.0
155.0
106.0
456.0
116.0
79.0
229.0
374.0
344.0
162.0
525.0
772.0
82.0
326.0
NaN
346.0
72.0
271.0
333.0
592.0
635.0
237.0
1199.0
386.0
94.0
239.0
31.0
0.0
56.0
519.0
479.0
444.0
1670.0
161.0
831.0
434.0
334.0
0.0
138.0
25.0
267.0
159.0
593.0
905.0
1142.0
892.0
493.0
435.0
417.0
119.0
138.0
181.0
91.0
282.0
81.0
537.0
1949.0
1078.0
1166.0
653.0
56.0
435.0
26.0
180.0
18.0
182.0
152.0
1054.0
1452.0
NaN
270.0
140.0
23.0
248.0
222.0
298.0
162.0
163.0
516.0
596.0
515.0
2054.0
1169.0
698.0
1164.0
140.0
51.0
129.0
147.0
607.0
188.0
580.0
463.0
1671.0
237.0
706.0
611.0
NaN
NaN
439.0
167.0
365.0
38.0
658.0
717.0
442.0
241.0
1357.0
686.0
452.0
257.0
353.0
59.0
638.0
841.0
363.0
1064.0
1039.0
619.0
795.0
1029.0
234.0
31.0
92.0
376.0
198.0
173.0
1675.0
1204.0
770.0
733.0
490.0
1420.0
407.0
33.0
262.0
8.0
391.0
541.0
887.0
648.0
729.0
1124.0
693.0
208.0
0.0
64.0
64.0
413.0
483.0
341.0
695.0
2186.0
1115.0
706.0
811.0
645.0
887.0
153.0
0.0
164.0
25.0
668.0
993.0
1168.0
1157.0
609.0
779.0
445.0
168.0
51.0
72.0
5.0
247.0
340.0
470.0
1037.0
886.0
718.0
604.0
379.0
66.0
136.0
60.0
15.0
107.0
271.0
1512.0
1253.0
477.0
163.0
437.0
292.0
91.0
142.0
NaN
129.0
386.0
101.0
1284.0
427.0
1077.0
498.0
892.0
964.0
0.0
151.0
162.0
114.0
13.0
175.0
982.0
2156.0
501.0
NaN
NaN
493.0
397.0
188.0
33.0
158.0
582.0
297.0
548.0
492.0
564.0
438.0
1015.0
604.0
33.0
241.0
5.0
NaN
519.0
653.0
1093.0
1049.0
289.0
415.0
970.0
523.0
26.0
NaN
0.0
177.0
162.0
437.0
533.0
1532.0
873.0
848.0
NaN
1146.0
289.0
521.0
163.0
245.0
623.0
293.0
451.0
673.0
321.0
691.0
597.0
1386.0
76.0
534.0
274.0
118.0
374.0
288.0
866.0
962.0
1228.0
813.0
1286.0
450.0
142.0
494.0
NaN
NaN
NaN
NaN
NaN
NaN
NaN
NaN
NaN
NaN
NaN
NaN
NaN
NaN
NaN
NaN
NaN
NaN
NaN
NaN
81.0
472.0
132.0
79.0
107.0
244.0
259.0
533.0
1088.0
2502.0
369.0
343.0
564.0
908.0
53.0
316.0
133.0
13.0
8.0
1027.0
578.0
1332.0
305.0
753.0
739.0
140.0
132.0
13.0
86.0
111.0
97.0
198.0
2129.0
1033.0
915.0
736.0
209.0
367.0
297.0
239.0
189.0
69.0
256.0
709.0
789.0
386.0
1063.0
370.0
1004.0
621.0
438.0
344.0
210.0
160.0
163.0
318.0
247.0
1214.0
243.0
803.0
NaN
NaN
