NaN
498.0
461.0
8.0
33.0
18.0
13.0
216.0
1240.0
404.0
624.0
592.0
466.0
61.0
0.0
46.0
123.0
25.0
33.0
287.0
843.0
851.0
519.0
423.0
194.0
763.0
305.0
56.0
109.0
52.0
148.0
26.0
570.0
200.0
625.0
970.0
1120.0
282.0
338.0
180.0
41.0
113.0
204.0
76.0
486.0
231.0
1252.0
307.0
234.0
431.0
262.0
13.0
214.0
40.0
23.0
74.0
1143.0
346.0
1753.0
1062.0
662.0
470.0
91.0
190.0
122.0
202.0
249.0
176.0
334.0
432.0
1741.0
684.0
307.0
312.0
331.0
20.0
216.0
112.0
43.0
205.0
937.0
423.0
846.0
237.0
446.0
132.0
325.0
403.0
150.0
150.0
166.0
109.0
797.0
545.0
780.0
424.0
658.0
366.0
686.0
348.0
198.0
154.0
155.0
211.0
574.0
1151.0
536.0
1424.0
110.0
8.0
427.0
180.0
266.0
115.0
46.0
420.0
370.0
612.0
394.0
678.0
201.0
386.0
NaN
NaN
104.0
10.0
61.0
208.0
698.0
1074.0
121.0
275.0
219.0
63.0
147.0
NaN
NaN
NaN
NaN
NaN
NaN
NaN
NaN
NaN
657.0
125.0
30.0
23.0
50.0
71.0
325.0
125.0
278.0
174.0
134.0
145.0
77.0
218.0
63.0
18.0
66.0
71.0
358.0
908.0
439.0
320.0
989.0
997.0
850.0
465.0
490.0
475.0
190.0
NaN
NaN
104.0
943.0
441.0
291.0
853.0
766.0
145.0
46.0
97.0
58.0
171.0
NaN
412.0
527.0
458.0
594.0
859.0
768.0
0.0
363.0
41.0
10.0
77.0
74.0
246.0
0.0
120.0
863.0
201.0
1090.0
71.0
844.0
120.0
186.0
23.0
15.0
461.0
95.0
660.0
515.0
1289.0
1034.0
0.0
713.0
91.0
97.0
237.0
10.0
NaN
287.0
999.0
802.0
951.0
965.0
300.0
1002.0
64.0
36.0
0.0
0.0
546.0
267.0
1113.0
1320.0
390.0
358.0
282.0
102.0
445.0
102.0
10.0
94.0
386.0
820.0
470.0
959.0
250.0
396.0
314.0
327.0
38.0
182.0
224.0
13.0
567.0
125.0
533.0
605.0
473.0
974.0
519.0
275.0
543.0
155.0
92.0
176.0
152.0
1178.0
773.0
632.0
271.0
392.0
703.0
145.0
287.0
13.0
23.0
405.0
735.0
59.0
510.0
335.0
323.0
813.0
197.0
28.0
142.0
231.0
46.0
64.0
46.0
251.0
858.0
592.0
708.0
324.0
247.0
79.0
150.0
210.0
49.0
203.0
319.0
440.0
323.0
176.0
604.0
216.0
632.0
254.0
254.0
36.0
6.0
94.0
323.0
513.0
653.0
940.0
742.0
908.0
132.0
147.0
0.0
49.0
127.0
318.0
214.0
895.0
1471.0
1025.0
178.0
175.0
186.0
490.0
53.0
51.0
160.0
234.0
124.0
73.0
107.0
1143.0
1610.0
334.0
371.0
0.0
351.0
12.0
29.0
24.0
318.0
425.0
723.0
1341.0
1195.0
93.0
377.0
117.0
394.0
5.0
65.0
31.0
15.0
501.0
219.0
957.0
941.0
416.0
330.0
636.0
14.0
29.0
56.0
13.0
369.0
1266.0
997.0
1202.0
564.0
409.0
319.0
739.0
92.0
3.0
NaN
NaN
NaN
157.0
1082.0
435.0
641.0
175.0
1542.0
519.0
267.0
NaN
NaN
NaN
NaN
NaN
NaN
NaN
NaN
NaN
NaN
NaN
NaN
NaN
NaN
NaN
NaN
NaN
NaN
NaN
NaN
NaN
NaN
NaN
NaN
NaN
NaN
NaN
NaN
NaN
NaN
NaN
NaN
NaN
NaN
NaN
NaN
NaN
NaN
NaN
NaN
NaN
823.0
399.0
305.0
751.0
20.0
168.0
342.0
172.0
NaN
NaN
NaN
NaN
NaN
NaN
NaN
NaN
NaN
NaN
NaN
NaN
NaN
NaN
NaN
NaN
NaN
NaN
NaN
NaN
NaN
NaN
NaN
NaN
NaN
NaN
NaN
NaN
NaN
NaN
665.0
226.0
386.0
145.0
190.0
25.0
NaN
NaN
816.0
15.0
822.0
723.0
569.0
346.0
1265.0
571.0
48.0
0.0
13.0
26.0
13.0
366.0
691.0
1054.0
191.0
262.0
424.0
155.0
421.0
78.0
180.0
25.0
206.0
286.0
148.0
161.0
63.0
995.0
526.0
0.0
76.0
33.0
15.0
18.0
439.0
470.0
967.0
907.0
56.0
843.0
370.0
715.0
0.0
18.0
0.0
13.0
18.0
156.0
513.0
822.0
952.0
356.0
NaN
490.0
289.0
214.0
13.0
261.0
371.0
280.0
168.0
371.0
569.0
1252.0
416.0
750.0
28.0
249.0
177.0
112.0
234.0
564.0
1207.0
828.0
1536.0
486.0
697.0
242.0
0.0
265.0
NaN
NaN
NaN
NaN
NaN
NaN
NaN
NaN
NaN
NaN
NaN
NaN
216.0
482.0
64.0
1047.0
478.0
681.0
257.0
0.0
0.0
0.0
51.0
216.0
264.0
141.0
63.0
802.0
1011.0
653.0
239.0
383.0
297.0
1080.0
84.0
184.0
0.0
48.0
69.0
477.0
466.0
1007.0
201.0
389.0
203.0
120.0
229.0
175.0
48.0
10.0
0.0
33.0
1035.0
1250.0
761.0
693.0
170.0
260.0
146.0
NaN
8.0
88.0
127.0
1149.0
690.0
561.0
254.0
580.0
421.0
229.0
191.0
178.0
195.0
0.0
124.0
411.0
277.0
988.0
965.0
46.0
NaN
NaN
