16.7774193548
9.36896551724
4.1064516129
-0.806666666667
-5.26774193548
-7.97096774194
-5.38965517241
5.34666666667
4.58666666667
12.2096774194
15.8733333333
20.9129032258
15.3419354839
9.57333333333
3.24516129032
-1.68666666667
-4.81612903226
-9.94516129032
-8.12142857143
-5.66129032258
2.16
10.7225806452
NaN
16.9935483871
16.4032258065
NaN
NaN
NaN
-12.8451612903
-16.1258064516
-16.5714285714
-6.44516129032
2.46333333333
10.2870967742
16.21
14.9870967742
17.4193548387
10.8
4.6935483871
-5.76
-4.85806451613
-10.6774193548
-16.7035714286
-3.72903225806
3.39666666667
11.4290322581
16.0866666667
17.3677419355
15.3612903226
15.2233333333
6.03870967742
1.11666666667
-1.02258064516
-9.65483870968
-5.66206896552
1.02580645161
3.81
10.0935483871
16.2466666667
18.0451612903
17.9612903226
15.1833333333
8.41935483871
1.98333333333
-7.98666666667
-6.61612903226
-3.34285714286
-1.14516129032
6.29
9.56774193548
16.5
18.2137931034
14.4741935484
12.8966666667
NaN
