-6.5064516129
0.0448275862069
5.82258064516
13.6533333333
17.6903225806
23.49
25.5709677419
24.1387096774
25.7933333333
15.3451612903
7.86666666667
-1.04333333333
-4.61290322581
0.828571428571
3.33870967742
15.3366666667
18.0064516129
27.8566666667
28.9193548387
28.02
24.5166666667
15.9129032258
6.60666666667
-3.52903225806
1.59032258065
-2.575
5.29677419355
15.85
19.7096774194
24.71
29.7677419355
25.6838709677
19.9166666667
12.1
7.64333333333
1.98387096774
-1.44516129032
-5.39259259259
7.56451612903
12.35
22.6
26.7
28.0258064516
27.0967741935
23.93
17.6419354839
5.09666666667
-2.10967741935
-4.74838709677
-4.9275862069
1.67096774194
11.5033333333
17.8806451613
23.7666666667
26.5032258065
26.6419354839
22.04
14.4774193548
5.41
-4.58064516129
-7.95806451613
-0.967857142857
4.36451612903
11.7966666667
18.6548387097
23.1466666667
24.7
24.5741935484
23.1666666667
NaN
9.90666666667
-2.44516129032
-3.92580645161
-0.575
9.01935483871
16.2172413793
21.1193548387
23.42
27.5677419355
27.5096774194
19.9866666667
15.8129032258
7.08666666667
-3.31935483871
NaN
NaN
NaN
NaN
16.8290322581
NaN
28.3290322581
NaN
19.55
15.9193548387
NaN
NaN
NaN
2.31724137931
12.9064516129
13.54
21.9870967742
27.3066666667
30.8516129032
26.4774193548
21.6133333333
13.4
6.77666666667
1.0935483871
-2.64516129032
-2.41071428571
1.18387096774
9.15666666667
18.9129032258
NaN
NaN
26.5806451613
NaN
NaN
5.21
-5.41290322581
-7.81290322581
-7.33214285714
NaN
NaN
19.1935483871
24.5366666667
25.2612903226
25.3870967742
20.86
13.2774193548
NaN
NaN
-4.6
-7.59285714286
6.04838709677
12.7233333333
NaN
NaN
NaN
24.8870967742
24.1533333333
14.8967741935
9.61333333333
3.91290322581
-3.54838709677
-0.713793103448
6.79677419355
10.0466666667
20.1516129032
25.28
26.8451612903
27.0032258065
23.15
16.3193548387
10.9933333333
-1.9935483871
-2.77419354839
2.89642857143
3.38387096774
13.99
17.7161290323
24.86
26.6258064516
23.4387096774
NaN
NaN
