NaN
522.0
17.0
32.0
30.0
84.0
61.0
426.0
870.0
714.0
601.0
275.0
263.0
667.0
114.0
152.0
126.0
83.0
91.0
482.0
287.0
562.0
132.0
351.0
566.0
185.0
72.0
2.0
20.0
199.0
395.0
322.0
1026.0
329.0
215.0
689.0
45.0
48.0
48.0
105.0
34.0
173.0
116.0
295.0
1408.0
931.0
360.0
383.0
135.0
322.0
427.0
145.0
27.0
326.0
776.0
357.0
287.0
423.0
700.0
282.0
106.0
474.0
13.0
224.0
39.0
125.0
168.0
423.0
900.0
949.0
467.0
965.0
604.0
122.0
251.0
111.0
233.0
332.0
199.0
669.0
1334.0
863.0
662.0
494.0
40.0
614.0
55.0
104.0
126.0
174.0
51.0
475.0
440.0
185.0
1336.0
280.0
18.0
138.0
15.0
122.0
34.0
18.0
68.0
418.0
1292.0
631.0
212.0
571.0
552.0
1332.0
49.0
305.0
78.0
122.0
434.0
496.0
591.0
2251.0
388.0
896.0
489.0
52.0
163.0
100.0
NaN
48.0
131.0
228.0
823.0
861.0
280.0
904.0
262.0
502.0
103.0
238.0
128.0
186.0
102.0
837.0
269.0
413.0
436.0
284.0
187.0
352.0
70.0
242.0
206.0
189.0
273.0
653.0
360.0
571.0
336.0
279.0
865.0
44.0
