-7.11111111111
-7.73846153846
-0.523333333333
9.66551724138
19.7322580645
29.98
30.4193548387
29.3548387097
22.2
17.04
5.37777777778
-1.05714285714
NaN
NaN
7.30322580645
13.8107142857
NaN
NaN
33.1129032258
30.7322580645
20.9066666667
16.2709677419
6.01923076923
5.40333333333
-12.2222222222
-6.84230769231
5.30322580645
19.9448275862
22.2419354839
24.8
28.1612903226
30.1483870968
27.4517241379
16.3333333333
2.30357142857
0.238709677419
-3.93333333333
0.4
-1.5935483871
10.7533333333
20.9633333333
25.56
32.3967741935
30.8806451613
22.39
15.31
-7.87
-2.41935483871
-8.48064516129
-5.97142857143
-3.48275862069
12.4931034483
23.0068965517
26.1724137931
29.0161290323
24.9161290323
29.4933333333
17.42
3.94827586207
-6.475
-0.309677419355
0.388888888889
4.35161290323
15.95
19.9903225806
27.34
31.2129032258
30.3903225806
24.53
10.3580645161
2.87407407407
-2.7275862069
-4.41333333333
-8.80384615385
-5.01724137931
14.7965517241
19.4419354839
27.7933333333
32.364516129
29.4433333333
23.8413793103
12.1580645161
8.07333333333
-2.69666666667
-1.13703703704
-6.08695652174
3.63571428571
17.6379310345
26.3838709677
29.0033333333
31.62
30.7290322581
23.8413793103
13.31
0.671428571429
-1.03103448276
-5.07857142857
-3.772
3.6
14.5766666667
25.064516129
25.7103448276
33.5655172414
30.6870967742
21.124137931
16.6612903226
2.24074074074
-6.32068965517
-2.1275862069
-5.16666666667
4.94482758621
14.5413793103
22.9290322581
23.33
30.7870967742
28.0935483871
22.8620689655
17.375
NaN
-7.33870967742
-5.62307692308
-6.65185185185
4.3
14.125
24.6483870968
28.8466666667
29.2903225806
27.6677419355
22.3517241379
19.3533333333
NaN
NaN
NaN
NaN
NaN
NaN
NaN
NaN
NaN
NaN
NaN
NaN
NaN
NaN
NaN
NaN
NaN
NaN
NaN
NaN
NaN
NaN
NaN
NaN
NaN
NaN
NaN
NaN
NaN
NaN
NaN
NaN
NaN
NaN
NaN
NaN
NaN
NaN
NaN
NaN
NaN
NaN
NaN
NaN
NaN
NaN
NaN
NaN
NaN
NaN
NaN
NaN
NaN
NaN
NaN
NaN
NaN
NaN
NaN
NaN
NaN
NaN
NaN
NaN
NaN
NaN
NaN
NaN
NaN
NaN
NaN
NaN
NaN
NaN
NaN
NaN
NaN
NaN
NaN
NaN
NaN
NaN
NaN
NaN
NaN
NaN
NaN
NaN
NaN
NaN
NaN
NaN
NaN
NaN
NaN
NaN
NaN
NaN
NaN
NaN
NaN
NaN
NaN
NaN
NaN
NaN
NaN
NaN
NaN
NaN
NaN
NaN
NaN
NaN
NaN
NaN
NaN
NaN
NaN
NaN
NaN
NaN
NaN
NaN
NaN
NaN
NaN
NaN
NaN
NaN
NaN
NaN
NaN
NaN
NaN
NaN
NaN
NaN
NaN
NaN
NaN
NaN
NaN
NaN
NaN
NaN
NaN
NaN
NaN
NaN
NaN
NaN
NaN
NaN
NaN
NaN
NaN
NaN
NaN
NaN
NaN
NaN
NaN
NaN
NaN
NaN
NaN
NaN
NaN
NaN
NaN
NaN
NaN
NaN
NaN
NaN
NaN
NaN
NaN
NaN
5.32413793103
-0.632258064516
1.49
-5.38888888889
2.26129032258
13.8133333333
20.7129032258
25.024137931
29.34
28.4516129032
24.8620689655
10.235483871
-0.6
-5.53548387097
-6.66451612903
-1.26896551724
4.08387096774
9.37931034483
19.6935483871
23.9433333333
27.335483871
28.7612903226
24.7833333333
19.1172413793
4.2724137931
-0.970967741935
0.98
3.18571428571
7.56451612903
17.2233333333
21.6806451613
30.73
31.3225806452
30.1838709677
22.9666666667
16.54
-0.543333333333
-1.08709677419
-6.38064516129
-9.03333333333
4.45161290323
15.0862068966
23.2419354839
28.5233333333
29.8225806452
32.6483870968
26.61
20.1133333333
5.25862068966
-5.0935483871
-3.44333333333
-6.03333333333
2.10322580645
13.63
21.93
26.5133333333
30.3032258065
27.0483870968
24.69
15.264516129
11.2766666667
4.37666666667
-6.24827586207
2.08214285714
3.86774193548
14.37
18.59
23.2137931034
28.5580645161
27.3322580645
20.9466666667
19.2870967742
6.89
-7.13548387097
-5.14838709677
-0.0464285714286
9.3
18.68
22.4709677419
24.4620689655
28.6258064516
31.6870967742
24.4766666667
7.66774193548
6.96
-2.04193548387
-0.361290322581
2.7
6.09666666667
17.7466666667
25.9516129032
26.84
30.2433333333
27.5258064516
21.0766666667
16.3666666667
1.55517241379
-3.26
-4.59032258065
-0.421428571429
7.13225806452
14.0172413793
16.8967741935
24.89
29.85
27.8967741935
24.8733333333
17.2806451613
0.396
-12.6096774194
-2.92142857143
-0.635714285714
7.64333333333
12.3333333333
25.6290322581
25.0233333333
30.3741935484
28.9516129032
21.9666666667
14.5064516129
6.28333333333
1.38387096774
-11.7966666667
-7.8
6.90714285714
14.4433333333
20.0096774194
27.5766666667
32.1193548387
31.7580645161
19.7033333333
15.4451612903
2.3
-2.66666666667
-9.77666666667
4.92307692308
6.26206896552
17.6266666667
19.9483870968
27.7733333333
35.1357142857
31.2161290323
24.1233333333
13.9225806452
6.98333333333
2.11290322581
3.59677419355
6.49230769231
6.80967741935
18.03
22.1483870968
30.5033333333
33.5258064516
29.3741935484
28.4066666667
18.5225806452
8.04482758621
-1.0935483871
-5.18666666667
-2.76896551724
1.30322580645
16.2733333333
23.9290322581
29.0366666667
32.7612903226
30.99
24.8966666667
13.2
5.13333333333
-2.90333333333
-1.04838709677
-1.83846153846
7.09677419355
14.9928571429
20.7833333333
35.6655172414
33.7806451613
30.6833333333
27.3533333333
15.33
6.65862068966
-4.16785714286
-1.29032258065
2.47692307692
6.1935483871
15.4433333333
29.9483870968
29.9866666667
33.0838709677
31.0193548387
20.8933333333
18.3903225806
7.68666666667
-3.99285714286
-6.90666666667
4.225
7.35
11.9866666667
18.0
25.1566666667
33.3677419355
30.2129032258
26.575862069
16.1133333333
0.0533333333333
-4.26129032258
-14.6903225806
-16.8931034483
5.44516129032
12.0366666667
25.7
29.8633333333
39.2935483871
32.2774193548
27.57
16.0741935484
2.98214285714
-2.37586206897
-14.9032258065
-6.53571428571
2.40322580645
11.4633333333
22.9193548387
26.2366666667
32.9516129032
33.8806451613
24.72
15.4064516129
3.93666666667
-4.01935483871
-6.07333333333
-5.25
9.15
15.9766666667
19.4903225806
27.27
31.7935483871
34.2967741935
26.0866666667
20.7838709677
4.47333333333
-0.209677419355
-2.61290322581
-9.78571428571
6.34838709677
15.1766666667
26.3935483871
25.92
31.6870967742
31.5322580645
25.4066666667
14.964516129
10.3833333333
3.54516129032
-9.47096774194
-3.79642857143
0.338709677419
11.0566666667
21.8451612903
26.9
32.0387096774
27.7516129032
26.7
19.6967741935
1.23
1.92307692308
-5.56129032258
-4.80357142857
2.51935483871
14.19
23.7129032258
25.1689655172
31.7096774194
31.0774193548
22.22
14.8709677419
5.90666666667
1.44193548387
0.909677419355
-1.38928571429
5.94516129032
16.5172413793
16.835483871
23.6866666667
27.9967741935
27.435483871
19.5333333333
16.6741935484
6.0
-4.23666666667
-10.5225806452
-0.496428571429
2.31612903226
18.3033333333
19.8935483871
24.58
30.9451612903
29.6096774194
22.5
19.6419354839
3.70333333333
2.98064516129
3.41612903226
-2.59310344828
0.446666666667
12.21
24.0161290323
25.43
29.1806451613
28.6866666667
22.55
18.7677419355
4.05
-0.654838709677
-3.54516129032
-1.51071428571
10.2580645161
13.3133333333
18.7290322581
21.49
29.3451612903
29.3387096774
22.2733333333
17.5419354839
4.44666666667
-6.15806451613
-2.68709677419
-1.73214285714
11.2967741935
19.1366666667
19.3903225806
26.9733333333
29.9806451613
27.5451612903
22.3833333333
12.9387096774
4.88666666667
-1.73333333333
1.50322580645
-3.41428571429
2.84193548387
11.0533333333
19.3516129032
23.98
29.7838709677
33.2129032258
24.3966666667
21.3903225806
0.983333333333
-4.20322580645
-6.48387096774
-6.03214285714
0.593548387097
16.68
22.135483871
24.4666666667
29.7677419355
29.9548387097
26.8533333333
16.6451612903
5.64666666667
-2.44193548387
-8.92903225806
-6.96785714286
3.07096774194
17.65
22.7677419355
27.8766666667
31.3064516129
32.0580645161
22.2566666667
15.1612903226
10.56
-3.87419354839
-13.6032258065
-4.65714285714
0.696774193548
7.37333333333
17.8225806452
27.32
26.9838709677
26.2870967742
22.3833333333
17.1129032258
2.10333333333
-4.76451612903
-8.87096774194
-1.38928571429
-3.45483870968
11.27
21.535483871
21.7266666667
27.5096774194
26.0032258065
20.0633333333
12.8419354839
3.13333333333
-8.35483870968
-9.16774193548
-2.9724137931
-2.57666666667
15.5633333333
21.0225806452
27.7766666667
29.7064516129
28.7967741935
26.8266666667
15.0870967742
6.74333333333
-1.2
-4.50967741935
-2.41785714286
4.04838709677
9.51666666667
18.3419354839
25.0166666667
27.8516129032
28.6741935484
24.1066666667
20.3580645161
7.98
-1.72580645161
-9.5935483871
6.75357142857
2.5
14.4464285714
17.8161290323
24.3633333333
31.1290322581
28.2612903226
20.92
13.3838709677
9.39
-1.0064516129
-3.92580645161
-7.33928571429
2.86451612903
19.3066666667
24.3516129032
24.2866666667
31.4612903226
29.9806451613
23.9633333333
17.8580645161
-0.37
-8.30322580645
-7.11935483871
-6.7
1.50967741935
9.65666666667
19.9322580645
29.43
27.4709677419
27.7
22.5566666667
19.464516129
4.58
-0.335483870968
-8.82580645161
-2.35714285714
4.07419354839
13.0733333333
18.3548387097
23.7033333333
31.1516129032
27.5612903226
21.3866666667
13.3516129032
4.73
2.11935483871
-1.11666666667
-3.71428571429
3.18709677419
13.5533333333
23.064516129
22.07
26.664516129
30.8935483871
24.6866666667
17.4838709677
6.79
-4.28387096774
-8.45161290323
-6.18571428571
7.02258064516
14.2766666667
19.3903225806
28.7233333333
30.8096774194
31.6870967742
22.15
11.4032258065
-0.263333333333
1.38709677419
-6.89032258065
-6.35862068966
-3.93
12.19
21.1322580645
23.32
31.2225806452
27.8870967742
21.7933333333
16.8870967742
5.96333333333
-3.85483870968
-5.2064516129
-3.81785714286
6.87741935484
10.74
18.5838709677
28.63
29.3516129032
32.7322580645
20.71
17.0741935484
5.96666666667
-5.3
-6.33666666667
-6.87857142857
-1.71935483871
14.65
20.4387096774
24.0166666667
25.9064516129
29.4903225806
22.2566666667
18.3903225806
8.11
-0.522580645161
-9.94838709677
-1.48571428571
10.5451612903
13.9766666667
20.035483871
27.0333333333
29.5935483871
29.0516129032
24.1866666667
22.0290322581
8.34
-6.82903225806
-2.02903225806
2.43793103448
1.9935483871
14.5333333333
22.4387096774
27.0166666667
31.8129032258
26.2193548387
21.8666666667
17.7741935484
4.83333333333
-7.86774193548
-9.90967741935
-4.30357142857
-1.29032258065
12.43
20.4838709677
24.9266666667
29.1741935484
29.1064516129
15.7233333333
18.8322580645
6.14333333333
1.57741935484
-12.0161290323
-5.87142857143
7.02258064516
10.4833333333
20.8064516129
26.5733333333
31.7870967742
26.0612903226
22.6
16.6741935484
2.40666666667
-0.7
-2.34838709677
-4.28571428571
6.84838709677
12.7733333333
18.8548387097
23.9033333333
29.1258064516
28.9774193548
24.3733333333
15.2096774194
5.15333333333
-2.39032258065
-6.32258064516
-3.80689655172
10.0741935484
13.84
17.1516129032
24.43
27.9322580645
28.1387096774
22.4266666667
15.2709677419
4.92666666667
-5.94516129032
-9.57419354839
-3.50714285714
-2.85806451613
14.7033333333
21.5322580645
22.3166666667
27.1612903226
31.1258064516
25.75
11.8677419355
6.72
-2.29677419355
-10.8580645161
-2.66785714286
0.790322580645
11.09
21.1322580645
27.69
30.9225806452
30.7290322581
25.2620689655
15.9838709677
3.39333333333
-3.74516129032
-9.28064516129
-3.175
5.75161290323
17.0466666667
20.8903225806
27.8466666667
27.8677419355
31.9677419355
22.87
14.9774193548
5.37
-5.22258064516
-8.12580645161
-6.58620689655
3.0935483871
12.6633333333
21.6032258065
26.4366666667
27.6290322581
29.5225806452
23.8366666667
13.9032258065
3.00333333333
-6.57419354839
-2.91612903226
1.00714285714
9.01935483871
14.4766666667
22.4258064516
28.11
30.9483870968
32.4677419355
21.13
17.0483870968
1.43
-6.85161290323
-8.37419354839
-1.90357142857
4.38387096774
14.65
17.9387096774
26.5966666667
33.0935483871
27.7258064516
22.7
18.6
6.35
1.4935483871
-2.06129032258
-4.16785714286
1.77419354839
8.19333333333
22.3032258065
25.7466666667
33.6483870968
29.7967741935
22.09
18.1709677419
7.47
-2.55483870968
-5.59032258065
2.76896551724
5.47419354839
17.1
22.3580645161
29.0566666667
32.5709677419
32.4548387097
25.6666666667
13.3935483871
3.89
-3.41333333333
-11.2741935484
1.92857142857
5.66774193548
18.8133333333
25.1870967742
26.7833333333
31.0903225806
26.0806451613
21.5
15.0548387097
2.41666666667
-7.71290322581
-13.7419354839
-9.7
1.04838709677
10.7066666667
20.8225806452
25.41
27.0774193548
28.8225806452
26.11
16.3870967742
2.30666666667
-6.34838709677
-13.2935483871
-11.1321428571
0.48
9.71333333333
17.835483871
24.7833333333
27.1548387097
26.5129032258
25.67
14.9967741935
3.33
3.11290322581
-4.87
-4.64482758621
2.02258064516
18.1466666667
23.6258064516
25.7266666667
30.8193548387
27.2967741935
22.8566666667
13.7483870968
8.6
-1.60322580645
0.235483870968
2.23928571429
10.164516129
17.69
20.664516129
25.3833333333
30.6161290323
29.2258064516
25.0833333333
15.18
9.41
-4.78333333333
-12.9137931034
-4.464
1.66333333333
13.3172413793
20.0580645161
23.3733333333
31.275862069
29.6064516129
22.2766666667
13.5838709677
2.46333333333
1.21290322581
0.267741935484
1.86785714286
3.82903225806
11.0366666667
18.9709677419
24.4333333333
29.8741935484
31.6903225806
22.8333333333
14.0193548387
3.34666666667
-13.1032258065
-3.98387096774
2.58620689655
1.25483870968
13.2433333333
18.1806451613
23.7966666667
27.8741935484
29.7870967742
19.8
14.2451612903
5.83666666667
-5.16774193548
-6.74193548387
-2.87857142857
7.04516129032
18.1733333333
23.1741935484
22.2966666667
29.7967741935
26.2161290323
18.76
14.4322580645
-3.60666666667
-7.92580645161
-2.78709677419
-6.70714285714
7.48709677419
12.13
20.2161290323
26.0366666667
29.8387096774
26.5129032258
18.6066666667
15.2870967742
2.16333333333
2.11935483871
1.37741935484
4.81785714286
5.32580645161
19.49
23.7967741935
29.12
32.1193548387
27.3
23.87
13.9838709677
7.28
0.274193548387
-6.01612903226
-3.0
7.42258064516
17.19
24.8935483871
31.9
32.8967741935
30.4290322581
22.19
14.235483871
3.31333333333
-1.8064516129
-2.47096774194
-9.30357142857
-0.358064516129
13.3133333333
21.3322580645
25.5866666667
31.7129032258
29.5
23.3433333333
16.7064516129
3.89333333333
-7.12580645161
1.7
0.542857142857
8.07741935484
14.8
19.7322580645
25.5
28.0935483871
29.0741935484
25.72
15.9161290323
8.53
-4.48387096774
-5.48709677419
3.6
7.23870967742
16.16
21.6258064516
27.1933333333
28.9225806452
29.8741935484
22.7833333333
15.1096774194
1.57333333333
1.14516129032
0.161290322581
2.61034482759
8.35806451613
13.87
24.1129032258
24.1333333333
23.5903225806
24.8032258065
22.9066666667
15.5870967742
1.29333333333
-4.85483870968
-6.1
-6.03571428571
4.8064516129
13.49
21.5
23.0866666667
25.5322580645
27.5580645161
20.2733333333
15.035483871
2.76
-2.53870967742
-12.3096774194
-7.77857142857
5.62580645161
14.8966666667
24.5967741935
27.8433333333
27.1290322581
25.3387096774
23.58
15.6032258065
6.25666666667
-3.62258064516
-6.32903225806
-2.86785714286
1.86129032258
8.63
17.5612903226
26.04
27.935483871
28.4064516129
21.6266666667
12.5967741935
2.01666666667
-3.78387096774
-9.85483870968
-2.46206896552
-1.02580645161
11.5266666667
17.4225806452
25.96
26.6258064516
28.9129032258
21.2366666667
14.1870967742
-3.14666666667
-9.90967741935
-10.1
-3.65357142857
0.664516129032
9.74666666667
18.7225806452
26.54
27.4774193548
27.364516129
24.37
16.3838709677
0.893333333333
1.27419354839
-5.46451612903
1.56428571429
0.161290322581
15.8633333333
21.8032258065
22.9066666667
29.2290322581
28.2580645161
26.1266666667
14.7838709677
4.70666666667
0.929032258065
-6.98064516129
3.21071428571
8.10967741935
13.6233333333
20.5677419355
24.6966666667
28.6483870968
27.6387096774
19.4533333333
14.8903225806
11.4666666667
2.96129032258
-3.86451612903
3.2
10.1838709677
13.2733333333
21.6129032258
25.21
27.735483871
27.5580645161
24.1366666667
16.0419354839
-0.556666666667
-10.4451612903
-3.8
-9.19285714286
-0.203225806452
12.7166666667
21.135483871
25.1966666667
29.7258064516
29.0774193548
22.6266666667
15.0290322581
11.3866666667
-2.47419354839
-2.04516129032
4.00714285714
-0.232258064516
12.7233333333
18.4161290323
28.8333333333
30.4870967742
26.5387096774
23.92
8.23548387097
5.81666666667
1.02258064516
-4.01935483871
-4.41428571429
5.19677419355
15.24
19.2967741935
24.2366666667
28.6193548387
29.3483870968
22.7766666667
18.0387096774
1.41666666667
0.0709677419355
-7.33225806452
-2.17931034483
8.42258064516
16.3433333333
19.0129032258
23.4033333333
26.4677419355
24.4516129032
23.8466666667
15.064516129
8.42333333333
0.258064516129
-5.80322580645
1.50357142857
6.60967741935
17.22
19.535483871
26.35
29.4838709677
27.5322580645
25.7966666667
16.0677419355
6.97333333333
-4.02258064516
0.748387096774
-1.08928571429
5.55161290323
17.41
21.535483871
27.18
32.8548387097
28.6741935484
20.0
13.0451612903
6.90333333333
3.33225806452
-4.72258064516
-8.1
7.22258064516
11.9666666667
22.2258064516
26.6133333333
30.0709677419
26.7193548387
23.4066666667
16.3677419355
6.50666666667
-5.73225806452
-6.53225806452
-4.42413793103
4.07419354839
13.19
19.835483871
25.3066666667
29.7774193548
28.2935483871
23.1233333333
14.0451612903
5.32
-6.52258064516
-7.52580645161
-3.93571428571
2.71935483871
11.9333333333
21.6064516129
23.6033333333
26.4161290323
25.8258064516
23.4966666667
8.62580645161
10.3
-7.41935483871
-8.11935483871
-6.62857142857
6.32903225806
17.61
19.1193548387
25.4
28.9161290323
29.8516129032
20.8366666667
16.9064516129
5.52333333333
-6.21935483871
NaN
NaN
NaN
NaN
NaN
NaN
NaN
NaN
NaN
NaN
NaN
NaN
NaN
NaN
NaN
NaN
NaN
NaN
NaN
NaN
NaN
NaN
NaN
NaN
NaN
NaN
NaN
NaN
NaN
NaN
NaN
NaN
NaN
NaN
NaN
NaN
NaN
NaN
NaN
NaN
NaN
NaN
NaN
NaN
NaN
NaN
NaN
NaN
NaN
NaN
NaN
NaN
NaN
NaN
NaN
NaN
NaN
NaN
NaN
NaN
NaN
NaN
NaN
NaN
NaN
NaN
NaN
NaN
NaN
NaN
NaN
NaN
NaN
NaN
NaN
NaN
NaN
NaN
NaN
NaN
NaN
NaN
