491.0
574.0
468.0
NaN
NaN
833.0
473.0
133.0
234.0
101.0
143.0
1329.0
886.0
1628.0
336.0
1869.0
1103.0
635.0
6.0
49.0
13.0
43.0
431.0
495.0
1373.0
NaN
258.0
1265.0
870.0
240.0
38.0
194.0
175.0
328.0
405.0
239.0
794.0
1848.0
610.0
820.0
153.0
464.0
256.0
8.0
116.0
64.0
219.0
525.0
1299.0
873.0
1076.0
348.0
574.0
64.0
310.0
27.0
100.0
278.0
376.0
453.0
846.0
448.0
2062.0
668.0
737.0
92.0
245.0
186.0
32.0
381.0
217.0
326.0
549.0
1322.0
934.0
431.0
568.0
NaN
215.0
NaN
36.0
43.0
253.0
1148.0
682.0
932.0
432.0
596.0
412.0
417.0
705.0
25.0
105.0
361.0
202.0
837.0
186.0
1312.0
850.0
849.0
553.0
270.0
199.0
55.0
442.0
81.0
140.0
138.0
496.0
1347.0
1301.0
544.0
314.0
747.0
245.0
237.0
316.0
32.0
465.0
499.0
1168.0
686.0
773.0
239.0
986.0
404.0
197.0
196.0
142.0
176.0
698.0
584.0
733.0
1579.0
710.0
731.0
346.0
736.0
425.0
512.0
324.0
308.0
359.0
135.0
480.0
1043.0
986.0
1204.0
125.0
15.0
193.0
41.0
103.0
204.0
239.0
870.0
504.0
1358.0
257.0
1467.0
139.0
181.0
232.0
280.0
214.0
284.0
375.0
858.0
721.0
746.0
1075.0
1494.0
961.0
262.0
36.0
11.0
98.0
174.0
107.0
457.0
370.0
530.0
835.0
882.0
352.0
117.0
162.0
350.0
298.0
87.0
240.0
698.0
770.0
878.0
817.0
1477.0
157.0
341.0
771.0
146.0
42.0
142.0
404.0
439.0
1088.0
1902.0
1158.0
2091.0
804.0
380.0
239.0
151.0
158.0
60.0
74.0
694.0
405.0
671.0
511.0
910.0
531.0
167.0
710.0
44.0
25.0
80.0
42.0
166.0
1838.0
652.0
502.0
774.0
562.0
392.0
104.0
227.0
106.0
22.0
151.0
635.0
529.0
1123.0
610.0
1608.0
385.0
305.0
234.0
182.0
19.0
13.0
74.0
522.0
570.0
627.0
992.0
661.0
842.0
259.0
165.0
202.0
162.0
297.0
199.0
260.0
1704.0
523.0
2460.0
521.0
970.0
110.0
89.0
45.0
102.0
82.0
320.0
551.0
764.0
1023.0
674.0
542.0
649.0
318.0
147.0
244.0
73.0
13.0
295.0
651.0
147.0
957.0
242.0
1913.0
892.0
48.0
140.0
123.0
121.0
140.0
667.0
746.0
1439.0
701.0
1391.0
545.0
1381.0
302.0
358.0
188.0
158.0
271.0
361.0
506.0
360.0
866.0
511.0
1209.0
110.0
762.0
225.0
142.0
524.0
210.0
53.0
840.0
225.0
1694.0
257.0
486.0
227.0
280.0
30.0
296.0
151.0
37.0
180.0
1232.0
631.0
806.0
521.0
653.0
481.0
1047.0
106.0
657.0
646.0
153.0
93.0
743.0
857.0
443.0
796.0
45.0
682.0
947.0
177.0
296.0
88.0
80.0
307.0
1224.0
469.0
850.0
312.0
92.0
216.0
1203.0
808.0
94.0
281.0
552.0
147.0
297.0
768.0
1396.0
1214.0
948.0
787.0
1974.0
504.0
144.0
307.0
183.0
546.0
597.0
1497.0
733.0
2020.0
637.0
110.0
453.0
311.0
418.0
51.0
113.0
334.0
302.0
743.0
426.0
730.0
1071.0
428.0
472.0
412.0
174.0
26.0
224.0
361.0
426.0
814.0
887.0
511.0
671.0
567.0
665.0
184.0
75.0
1058.0
194.0
542.0
624.0
569.0
2027.0
266.0
1166.0
602.0
305.0
588.0
27.0
257.0
169.0
386.0
245.0
69.0
949.0
423.0
117.0
164.0
5.0
44.0
76.0
187.0
265.0
770.0
647.0
1213.0
728.0
868.0
964.0
1168.0
717.0
1033.0
432.0
38.0
76.0
122.0
445.0
843.0
1873.0
352.0
234.0
1267.0
26.0
96.0
140.0
269.0
398.0
430.0
268.0
418.0
1782.0
565.0
1050.0
361.0
1270.0
127.0
15.0
366.0
113.0
258.0
0.0
732.0
1263.0
640.0
1286.0
1032.0
327.0
11.0
62.0
130.0
235.0
97.0
874.0
861.0
1869.0
1048.0
1013.0
190.0
866.0
197.0
190.0
NaN
77.0
626.0
716.0
725.0
763.0
1153.0
637.0
620.0
757.0
347.0
152.0
262.0
40.0
641.0
148.0
284.0
1255.0
888.0
1431.0
569.0
438.0
752.0
161.0
222.0
211.0
254.0
730.0
654.0
1724.0
581.0
1172.0
525.0
2081.0
10.0
158.0
215.0
62.0
537.0
529.0
1163.0
810.0
837.0
801.0
1373.0
264.0
617.0
343.0
251.0
277.0
263.0
1654.0
904.0
2018.0
1264.0
1850.0
1113.0
52.0
499.0
30.0
188.0
166.0
348.0
36.0
1005.0
426.0
793.0
242.0
622.0
206.0
221.0
206.0
294.0
21.0
562.0
134.0
401.0
135.0
529.0
2022.0
1008.0
148.0
368.0
102.0
146.0
117.0
311.0
446.0
664.0
603.0
199.0
1694.0
904.0
295.0
227.0
59.0
31.0
96.0
607.0
450.0
562.0
1334.0
470.0
754.0
457.0
730.0
40.0
134.0
117.0
262.0
285.0
913.0
808.0
1597.0
821.0
749.0
1211.0
206.0
203.0
162.0
221.0
91.0
408.0
587.0
579.0
990.0
747.0
320.0
326.0
51.0
166.0
257.0
258.0
46.0
404.0
553.0
1313.0
1149.0
1605.0
578.0
465.0
111.0
347.0
192.0
152.0
142.0
129.0
880.0
442.0
378.0
858.0
597.0
574.0
955.0
208.0
103.0
266.0
148.0
476.0
445.0
717.0
741.0
1327.0
1206.0
1231.0
609.0
80.0
NaN
NaN
NaN
NaN
NaN
NaN
NaN
NaN
NaN
NaN
NaN
NaN
NaN
NaN
NaN
NaN
NaN
NaN
NaN
NaN
NaN
NaN
NaN
NaN
NaN
NaN
NaN
NaN
NaN
NaN
NaN
NaN
NaN
NaN
NaN
NaN
NaN
NaN
NaN
211.0
310.0
1081.0
1052.0
972.0
1269.0
794.0
127.0
13.0
19.0
22.0
198.0
424.0
347.0
877.0
552.0
1066.0
405.0
270.0
543.0
928.0
29.0
140.0
105.0
72.0
1312.0
610.0
344.0
773.0
529.0
469.0
283.0
243.0
54.0
0.0
142.0
81.0
451.0
681.0
451.0
1696.0
795.0
196.0
363.0
117.0
31.0
32.0
21.0
121.0
686.0
815.0
2769.0
872.0
64.0
448.0
260.0
28.0
54.0
31.0
65.0
259.0
493.0
1101.0
830.0
828.0
531.0
760.0
480.0
97.0
37.0
160.0
77.0
186.0
635.0
654.0
1709.0
588.0
1520.0
1845.0
725.0
591.0
62.0
99.0
13.0
258.0
568.0
410.0
582.0
301.0
1125.0
1130.0
160.0
54.0
170.0
25.0
123.0
527.0
585.0
753.0
405.0
177.0
228.0
903.0
933.0
3.0
71.0
8.0
29.0
125.0
308.0
455.0
1275.0
913.0
476.0
738.0
1061.0
521.0
94.0
38.0
100.0
703.0
197.0
65.0
706.0
194.0
954.0
284.0
1396.0
66.0
NaN
NaN
NaN
NaN
296.0
579.0
738.0
1469.0
1830.0
1590.0
793.0
NaN
NaN
NaN
NaN
NaN
NaN
NaN
NaN
NaN
NaN
NaN
NaN
NaN
NaN
NaN
NaN
NaN
NaN
NaN
NaN
NaN
NaN
NaN
NaN
NaN
NaN
NaN
NaN
NaN
NaN
NaN
NaN
NaN
NaN
NaN
NaN
NaN
NaN
NaN
NaN
NaN
NaN
NaN
NaN
NaN
NaN
NaN
NaN
NaN
NaN
NaN
NaN
NaN
NaN
NaN
NaN
NaN
NaN
NaN
NaN
NaN
NaN
NaN
NaN
NaN
NaN
NaN
NaN
NaN
NaN
NaN
NaN
NaN
NaN
NaN
NaN
NaN
NaN
NaN
NaN
NaN
NaN
NaN
NaN
