19.6366666667
27.6903225806
28.56
34.5741935484
32.8466666667
25.1466666667
22.04
14.9266666667
8.54516129032
3.95483870968
3.54642857143
10.1935483871
20.9833333333
25.3935483871
31.2666666667
36.4161290323
39.0483870968
27.6733333333
19.0096774194
15.3
6.48387096774
7.0064516129
2.48928571429
10.7225806452
19.4766666667
26.2709677419
32.35
34.85
34.0548387097
27.91
20.9161290323
16.8466666667
-1.39677419355
1.62258064516
5.61785714286
4.93870967742
23.5233333333
23.5233333333
27.25
28.3741935484
26.7741935484
25.82
21.5222222222
14.85
4.62903225806
1.01612903226
3.04827586207
15.6733333333
18.4068965517
24.8709677419
28.34
35.7032258065
33.5066666667
27.7033333333
21.2419354839
12.8666666667
3.24
3.98064516129
5.00357142857
14.5322580645
17.2866666667
21.464516129
29.2551724138
34.8225806452
30.0
26.5733333333
17.4193548387
NaN
0.538709677419
-2.20967741935
10.1178571429
NaN
NaN
28.375
34.5103448276
33.24
36.2838709677
NaN
24.5724137931
11.8379310345
8.33333333333
6.76774193548
7.484
13.6966666667
18.6566666667
23.6709677419
29.4896551724
33.9413793103
31.2793103448
30.4137931034
20.0111111111
NaN
1.31379310345
3.15714285714
6.55862068966
NaN
NaN
NaN
NaN
31.6892857143
30.5
29.26
23.6290322581
10.6931034483
6.66333333333
7.45806451613
11.725
17.2741935484
20.25
24.364516129
30.9633333333
33.3366666667
32.5193548387
29.57
21.9666666667
11.5433333333
7.63666666667
3.51935483871
7.15714285714
12.4516129032
NaN
NaN
32.7266666667
30.82
33.835483871
29.8533333333
23.9129032258
14.6740740741
7.88709677419
10.2642857143
5.86956521739
9.77419354839
19.3966666667
23.5387096774
29.5888888889
33.1966666667
31.664516129
28.2833333333
18.4566666667
14.6066666667
10.0214285714
NaN
NaN
NaN
NaN
NaN
NaN
30.6258064516
32.2903225806
24.8966666667
24.4068965517
NaN
-0.451612903226
3.39677419355
10.0384615385
15.0870967742
21.25
22.6387096774
29.1933333333
31.9935483871
30.2612903226
28.4466666667
13.5258064516
12.8866666667
4.14838709677
NaN
NaN
10.1870967742
16.6533333333
26.76
29.4933333333
32.3129032258
32.3451612903
24.6965517241
19.775862069
8.53846153846
3.14
4.06896551724
7.55
9.57586206897
16.8566666667
22.5806451613
25.7666666667
31.4483870968
26.135483871
26.6933333333
22.9419354839
11.0269230769
2.15161290323
5.1064516129
6.95517241379
13.3133333333
17.4733333333
26.1032258065
25.43
30.2935483871
29.2225806452
25.58
21.4193548387
10.3074074074
5.43793103448
NaN
-1.05
13.16
18.3533333333
19.8774193548
27.0233333333
30.335483871
30.8225806452
24.9166666667
19.335483871
6.90666666667
4.32258064516
-5.60322580645
12.7571428571
12.14
19.8566666667
22.5419354839
25.5933333333
34.1806451613
31.7774193548
27.6793103448
18.8
13.84
4.48666666667
8.65483870968
10.2678571429
8.02258064516
18.52
21.8806451613
31.656
33.4741935484
30.3870967742
30.51
20.3129032258
13.2966666667
8.78387096774
0.106666666667
7.94827586207
6.75666666667
18.62
24.1870967742
27.8866666667
30.74
28.9806451613
24.0866666667
16.6
8.57857142857
0.570967741935
8.54838709677
3.92857142857
9.82666666667
16.33
22.1566666667
33.44
31.9709677419
28.0774193548
27.8566666667
17.7516129032
12.1333333333
6.1064516129
5.56333333333
4.04285714286
NaN
NaN
28.3774193548
34.84
39.3032258065
34.6806451613
22.8633333333
22.3322580645
11.67
0.964516129032
2.27096774194
5.35357142857
14.635483871
15.5166666667
17.3096774194
24.324137931
35.4161290323
30.0612903226
25.1733333333
16.2774193548
5.79333333333
0.748275862069
-5.51612903226
-7.5275862069
13.1
16.5633333333
24.3766666667
30.0733333333
38.1548387097
36.3580645161
26.8833333333
16.6
10.37
5.7962962963
-3.63333333333
-0.0851851851852
6.62903225806
NaN
NaN
NaN
NaN
NaN
NaN
20.4612903226
9.73928571429
2.85161290323
5.14516129032
7.45925925926
16.8733333333
18.8766666667
22.6032258065
28.4862068966
34.0387096774
33.035483871
29.9068965517
27.835483871
11.7266666667
7.56666666667
8.18064516129
4.10384615385
12.4225806452
19.3214285714
28.1322580645
30.07
35.2838709677
31.8833333333
33.1333333333
24.2833333333
13.1766666667
8.85161290323
-6.65161290323
2.05517241379
10.0133333333
17.9379310345
24.6612903226
29.5
34.6366666667
30.0483870968
28.4733333333
26.5206896552
9.78518518519
6.21071428571
3.45666666667
4.25555555556
10.7838709677
20.5966666667
27.5766666667
28.6666666667
34.5709677419
33.6387096774
29.1964285714
20.2870967742
12.92
8.32333333333
3.57419354839
3.51071428571
11.8322580645
23.7379310345
23.0677419355
28.8933333333
33.8709677419
30.5366666667
25.0827586207
22.1103448276
13.0964285714
2.46666666667
1.9
10.4214285714
10.29
21.3766666667
22.2548387097
29.5964285714
33.5870967742
33.9903225806
25.83
21.0967741935
10.3366666667
3.61612903226
8.03870967742
7.26551724138
6.84838709677
14.2133333333
26.3290322581
29.1666666667
32.2620689655
30.5
26.07
22.1451612903
11.6689655172
1.10333333333
2.73870967742
5.11785714286
17.3
17.6928571429
20.9392857143
25.0033333333
31.8129032258
32.4838709677
27.2066666667
20.9833333333
13.7344827586
0.536666666667
4.53
12.2888888889
18.6466666667
21.1344827586
21.6066666667
30.8566666667
32.5032258065
30.18
26.3333333333
22.0677419355
11.4535714286
8.75517241379
6.44444444444
3.90357142857
7.70666666667
18.1481481481
22.17
NaN
31.7433333333
36.7903225806
30.8107142857
24.9451612903
7.20344827586
6.59032258065
1.47692307692
3.176
8.7064516129
23.17
24.9129032258
29.4766666667
31.3774193548
31.8096774194
29.4931034483
21.3258064516
11.3931034483
4.83870967742
-1.44838709677
2.40714285714
10.2161290323
18.73
24.3387096774
29.0566666667
32.5516129032
31.6870967742
24.62
22.7096774194
16.4933333333
6.18064516129
2.37741935484
6.25714285714
10.2129032258
17.4066666667
25.0451612903
28.5066666667
26.635483871
26.1258064516
24.2433333333
23.2290322581
10.0
4.96129032258
3.75806451613
5.74642857143
8.16774193548
14.7066666667
23.1935483871
24.4433333333
28.7258064516
28.9741935484
22.21
17.7741935484
8.16666666667
2.38709677419
4.55161290323
8.62413793103
7.67096774194
17.4433333333
23.3870967742
32.6
32.0967741935
28.0838709677
27.5866666667
20.464516129
11.6857142857
3.26451612903
3.03870967742
9.52142857143
11.9709677419
16.11
22.4032258065
32.54
33.0419354839
31.5290322581
29.6566666667
24.1064516129
13.9966666667
7.05806451613
3.34516129032
13.9678571429
9.86451612903
22.0633333333
20.8741935484
30.0466666667
34.6129032258
29.7161290323
29.1
19.8129032258
15.4466666667
6.95161290323
2.88709677419
1.76785714286
12.1225806452
23.12
25.1032258065
25.8933333333
33.8419354839
33.2967741935
28.67
21.3483870968
8.76
3.11935483871
1.17741935484
4.65172413793
13.5451612903
19.15
26.5677419355
31.0933333333
32.3096774194
33.5129032258
30.6466666667
25.0612903226
11.5066666667
7.73225806452
-0.11935483871
6.51428571429
11.2451612903
16.5666666667
23.1935483871
28.1666666667
33.8419354839
32.1032258065
24.14
16.6838709677
9.59666666667
9.25483870968
3.3
0.264285714286
7.45483870968
18.0
24.4838709677
27.16
28.335483871
30.2516129032
26.52
22.0967741935
14.2966666667
4.48387096774
-0.041935483871
4.09642857143
12.5806451613
18.4310344828
24.0903225806
29.1066666667
29.2064516129
31.7419354839
25.44
17.1
9.29
8.46129032258
1.0935483871
-0.131034482759
2.0064516129
19.47
24.7903225806
27.4833333333
29.7774193548
30.635483871
27.2966666667
20.8032258065
13.45
5.93225806452
5.98709677419
7.76428571429
10.9838709677
16.9233333333
21.8580645161
27.8666666667
30.4612903226
29.1741935484
24.2466666667
21.1516129032
9.98333333333
0.956666666667
-0.47
3.94642857143
8.36129032258
19.4433333333
29.1741935484
27.9733333333
29.2290322581
30.8935483871
24.2433333333
21.5387096774
11.7966666667
4.77096774194
-3.26666666667
5.8
14.3161290323
20.9633333333
24.0903225806
30.8833333333
32.5870967742
30.1419354839
26.6466666667
27.1806451613
14.8689655172
0.603225806452
7.4935483871
7.19655172414
11.3620689655
20.3333333333
26.4741935484
27.67
33.3548387097
29.1548387097
25.3586206897
20.8566666667
13.38
4.38387096774
3.73548387097
3.89642857143
4.25483870968
20.5533333333
26.4741935484
27.59
29.4419354839
29.9551724138
24.45
22.3451612903
14.7933333333
9.90967741935
0.125806451613
6.27142857143
15.2483870968
16.88
25.4483870968
28.15
32.7
28.5580645161
24.1033333333
22.28
13.7433333333
5.30967741935
4.7724137931
6.38214285714
16.2967741935
20.1586206897
22.6419354839
27.0724137931
29.5233333333
28.94
24.45
18.6161290323
10.9966666667
5.00967741935
1.37741935484
5.18620689655
17.1258064516
20.71
22.2548387097
30.2
31.0483870968
29.6290322581
25.2633333333
21.235483871
9.05
2.43225806452
0.409677419355
2.9
8.43870967742
19.8166666667
24.1096774194
27.69
31.2677419355
30.0322580645
26.9137931034
17.1516129032
12.83
2.34516129032
-0.303225806452
10.1571428571
9.85161290323
20.18
26.5451612903
27.6366666667
32.0838709677
31.8806451613
25.4033333333
17.5290322581
9.60666666667
6.14838709677
-0.206451612903
1.80357142857
10.335483871
21.8166666667
24.4225806452
32.32
30.7838709677
31.8741935484
27.8566666667
22.5096774194
12.0
4.79032258065
2.02258064516
6.47931034483
14.9967741935
19.5733333333
24.3387096774
31.5566666667
30.6967741935
30.2806451613
26.5266666667
17.3870967742
7.41333333333
0.987096774194
2.02580645161
5.27857142857
12.1516129032
17.9066666667
24.2838709677
31.1266666667
30.9419354839
31.0225806452
23.7933333333
21.3774193548
11.8933333333
2.1935483871
0.812903225806
7.75
14.1032258065
20.73
25.6967741935
29.1633333333
36.1096774194
29.4290322581
23.81
20.4290322581
11.0533333333
4.90322580645
2.31612903226
1.03571428571
8.47419354839
18.5033333333
26.2032258065
28.8133333333
32.6322580645
33.3
25.224137931
23.4806451613
13.14
6.77096774194
5.28387096774
13.8655172414
13.37
21.5366666667
23.4612903226
30.19
32.7387096774
32.7741935484
28.2733333333
17.8225806452
10.28
6.10967741935
-2.96451612903
9.48214285714
16.1870967742
22.03
27.1258064516
31.96
33.6129032258
30.0483870968
26.7266666667
20.8967741935
11.5433333333
4.08064516129
-3.33333333333
-2.32142857143
9.41290322581
18.8833333333
23.3225806452
30.5733333333
32.2032258065
31.9
29.4066666667
21.6612903226
11.2766666667
3.66333333333
-5.76774193548
-1.825
11.6870967742
17.0166666667
25.2516129032
30.0266666667
29.7870967742
30.1741935484
28.1033333333
22.535483871
10.5766666667
8.80967741935
3.53548387097
1.34137931034
9.11612903226
19.7433333333
25.5580645161
30.99
36.9709677419
33.9806451613
27.8533333333
20.9419354839
14.54
5.67419354839
6.85517241379
8.11428571429
15.2580645161
24.3633333333
22.9225806452
30.5266666667
32.8433333333
30.5384615385
27.9866666667
NaN
13.2321428571
NaN
NaN
NaN
10.2
17.2566666667
24.0533333333
26.1333333333
32.3516129032
28.7774193548
24.7766666667
20.44
9.62333333333
5.5064516129
2.12580645161
4.47857142857
9.32903225806
12.8466666667
21.3322580645
27.9033333333
34.5870967742
35.4096774194
29.1466666667
18.8
10.4724137931
-7.24
0.106451612903
8.68275862069
5.70967741935
14.4066666667
21.1709677419
29.2933333333
31.2548387097
32.6806451613
25.5733333333
18.735483871
12.0533333333
5.9
-1.51379310345
0.653571428571
14.1677419355
20.3666666667
25.4290322581
27.59
32.1322580645
27.2935483871
23.59
18.0166666667
6.01666666667
-0.558620689655
6.93870967742
2.26428571429
14.77
19.6466666667
24.1193548387
31.11
31.9161290323
26.9677419355
26.8533333333
18.5258064516
8.69666666667
4.27096774194
3.04838709677
10.1214285714
13.22
20.37
26.6387096774
30.9633333333
32.5612903226
29.7290322581
25.8933333333
17.4806451613
12.7233333333
5.53448275862
1.81333333333
2.7275862069
13.9516129032
18.8896551724
27.7580645161
33.8633333333
32.135483871
34.2935483871
28.4333333333
18.1548387097
12.8033333333
7.2935483871
8.11290322581
-0.722222222222
12.3935483871
21.12
24.9806451613
28.1566666667
32.4967741935
30.964516129
24.25
21.2258064516
11.81
0.00967741935484
7.27741935484
6.99285714286
12.0935483871
17.47
21.5903225806
NaN
31.6483870968
30.5290322581
30.11
20.635483871
15.48
2.10967741935
-1.56451612903
9.81785714286
14.8
20.1233333333
24.975
30.95
32.6580645161
32.2838709677
28.07
20.6258064516
5.70333333333
5.97741935484
6.24838709677
9.47931034483
14.1064516129
17.3931034483
24.8032258065
27.3392857143
29.4806451613
27.8827586207
25.6266666667
20.2032258065
6.21
3.97419354839
-0.409677419355
0.675
8.74193548387
14.8366666667
23.0903225806
28.3933333333
29.5451612903
31.1774193548
22.67
18.1677419355
8.37
5.58709677419
0.458064516129
3.2
14.5258064516
18.87
24.6967741935
29.3533333333
30.6032258065
30.2709677419
26.7033333333
20.7161290323
11.8166666667
6.09677419355
1.08709677419
7.94642857143
11.0
15.78
19.6166666667
28.0566666667
33.2967741935
33.4870967742
25.21
20.6322580645
8.14
3.2064516129
-0.948387096774
6.26551724138
9.24516129032
18.03
22.2
30.1233333333
30.1709677419
29.4258064516
24.8366666667
19.8677419355
6.22666666667
2.53225806452
0.625806451613
4.73928571429
14.1709677419
15.5266666667
22.5129032258
30.5266666667
33.2580645161
30.3387096774
28.3466666667
20.8161290323
9.55862068966
2.70967741935
2.70322580645
8.52142857143
6.07419354839
17.8333333333
28.425
28.9433333333
31.5225806452
32.4290322581
30.5103448276
20.5366666667
14.1692307692
7.57777777778
2.21428571429
10.3481481481
12.8838709677
17.7233333333
23.6870967742
28.4166666667
34.0129032258
31.4233333333
26.7551724138
21.6870967742
18.0566666667
6.81612903226
5.75483870968
11.2714285714
15.1322580645
20.4333333333
27.9
30.1533333333
31.9032258065
33.8166666667
NaN
NaN
NaN
NaN
NaN
NaN
NaN
NaN
NaN
NaN
NaN
NaN
NaN
NaN
NaN
NaN
NaN
NaN
NaN
NaN
NaN
NaN
NaN
NaN
NaN
NaN
NaN
NaN
NaN
NaN
NaN
NaN
NaN
NaN
NaN
NaN
NaN
NaN
NaN
NaN
NaN
NaN
NaN
NaN
NaN
NaN
NaN
NaN
NaN
NaN
NaN
NaN
NaN
NaN
NaN
NaN
NaN
NaN
NaN
NaN
NaN
NaN
NaN
NaN
NaN
NaN
NaN
NaN
NaN
NaN
NaN
NaN
NaN
NaN
NaN
NaN
NaN
NaN
NaN
NaN
NaN
NaN
NaN
NaN
NaN
NaN
NaN
NaN
NaN
NaN
NaN
NaN
NaN
NaN
NaN
NaN
NaN
NaN
NaN
NaN
NaN
NaN
NaN
NaN
NaN
NaN
NaN
NaN
NaN
NaN
NaN
NaN
NaN
NaN
NaN
NaN
NaN
NaN
NaN
NaN
NaN
NaN
NaN
NaN
NaN
NaN
NaN
NaN
NaN
NaN
NaN
NaN
NaN
NaN
NaN
NaN
NaN
NaN
NaN
NaN
NaN
NaN
NaN
NaN
NaN
NaN
NaN
NaN
NaN
NaN
NaN
NaN
NaN
NaN
NaN
NaN
NaN
NaN
NaN
NaN
NaN
NaN
NaN
NaN
NaN
NaN
NaN
NaN
NaN
NaN
NaN
NaN
NaN
NaN
NaN
NaN
NaN
NaN
NaN
NaN
NaN
NaN
NaN
NaN
NaN
NaN
NaN
NaN
NaN
NaN
NaN
NaN
NaN
NaN
NaN
NaN
NaN
NaN
NaN
NaN
NaN
NaN
NaN
NaN
NaN
NaN
