27.7064516129
20.2433333333
11.6322580645
7.21785714286
-0.264285714286
-0.288888888889
0.207142857143
6.06333333333
12.4833333333
18.8580645161
25.54
29.8064516129
26.3096774194
27.1133333333
20.1322580645
7.78
0.193333333333
0.746666666667
0.992592592593
9.00344827586
13.39
21.1838709677
28.76
30.4483870968
28.7903225806
25.1166666667
15.6866666667
6.18275862069
0.0903225806452
-0.443333333333
-2.87142857143
2.58387096774
15.4133333333
21.8
28.7933333333
29.8612903226
30.3
22.1172413793
18.2225806452
9.41666666667
1.01666666667
1.01612903226
-2.36071428571
0.909677419355
15.0766666667
22.2096774194
26.5066666667
29.7709677419
31.8
26.6433333333
NaN
NaN
NaN
NaN
-3.96
5.1
13.6433333333
20.11
27.4071428571
32.4225806452
28.1870967742
NaN
19.5096774194
NaN
1.04137931034
-1.13793103448
-2.50714285714
NaN
11.3642857143
NaN
NaN
30.2387096774
26.4741935484
NaN
NaN
NaN
NaN
NaN
NaN
NaN
NaN
NaN
NaN
NaN
NaN
NaN
NaN
NaN
NaN
-3.72333333333
-4.48275862069
5.15666666667
NaN
NaN
28.0730769231
NaN
27.3
24.9633333333
NaN
NaN
NaN
NaN
NaN
NaN
NaN
NaN
NaN
NaN
NaN
NaN
NaN
NaN
3.38387096774
4.00666666667
1.13214285714
1.31290322581
15.6166666667
20.4870967742
25.3533333333
28.3322580645
29.1129032258
26.5724137931
15.035483871
8.36896551724
1.4935483871
-0.456666666667
-1.76071428571
6.55806451613
7.12666666667
14.5741935484
23.5275862069
25.7967741935
NaN
18.1933333333
NaN
NaN
0.716666666667
1.33870967742
-1.51379310345
6.34193548387
13.0633333333
20.4870967742
26.6333333333
28.6677419355
26.4129032258
26.6866666667
17.2451612903
9.68333333333
2.16129032258
1.99
1.99642857143
4.65333333333
12.1633333333
18.4709677419
25.34
27.9451612903
27.6548387097
21.9466666667
14.0419354839
11.94
-0.496551724138
-0.0903225806452
-0.342857142857
12.7387096774
NaN
20.535483871
25.7333333333
29.5193548387
28.4096774194
23.8137931034
18.2677419355
5.71785714286
-0.346666666667
NaN
4.78518518519
7.28709677419
13.1266666667
25.6483870968
27.57
30.6064516129
27.5033333333
24.4266666667
15.0935483871
7.9
4.44838709677
-5.4935483871
-2.38571428571
2.00322580645
14.03
22.03
25.3172413793
27.9322580645
25.1580645161
24.63
17.8935483871
9.03666666667
5.57
3.61290322581
-0.0037037037037
8.53870967742
14.65
20.5193548387
27.26
28.9838709677
27.6709677419
23.5533333333
16.2419354839
10.8366666667
5.35483870968
3.14666666667
-3.20740740741
6.49333333333
12.99
23.1516129032
26.0
28.5064516129
28.2
23.4766666667
18.9096774194
10.09
-0.538709677419
-0.755172413793
2.5962962963
NaN
17.95
17.8870967742
24.1
25.9129032258
24.9774193548
24.37
17.1290322581
10.8206896552
0.790322580645
4.39677419355
-1.29310344828
2.11290322581
13.2
20.3967741935
23.3566666667
32.7387096774
30.1612903226
24.3366666667
17.064516129
10.2633333333
0.738709677419
-0.809677419355
-2.58214285714
7.73225806452
11.4933333333
16.2612903226
23.4166666667
28.1483870968
27.2290322581
22.47
11.7741935484
8.36206896552
-1.73870967742
-5.35806451613
2.15185185185
10.7870967742
13.09
25.9258064516
27.7066666667
NaN
NaN
NaN
NaN
10.1166666667
5.1
3.2935483871
2.07142857143
5.97419354839
11.7766666667
17.8258064516
27.4033333333
26.6967741935
NaN
21.2551724138
NaN
NaN
-2.98709677419
-5.37037037037
-0.889285714286
7.99
NaN
19.1192307692
26.6517241379
23.93
NaN
NaN
23.1896551724
NaN
NaN
7.9935483871
NaN
NaN
19.3037037037
22.8838709677
NaN
32.1870967742
NaN
26.82
18.0903225806
10.3566666667
2.36666666667
-0.36
1.075
10.1387096774
15.2566666667
21.3225806452
24.5666666667
30.0161290323
26.3096774194
26.2344827586
19.3516129032
10.37
1.78928571429
-0.277419354839
-1.02222222222
2.68064516129
17.2172413793
20.1483870968
29.8482758621
27.6677419355
28.7548387097
21.1137931034
17.6777777778
9.89333333333
9.02
-2.73846153846
-0.440740740741
5.10666666667
16.1551724138
17.9566666667
26.83
28.9548387097
27.6896551724
NaN
NaN
10.83
-1.05161290323
-0.303225806452
4.98888888889
10.2068965517
19.4206896552
20.9379310345
31.3714285714
29.1870967742
30.0793103448
25.0966666667
12.3379310345
7.96206896552
NaN
0.467741935484
NaN
1.1064516129
NaN
NaN
22.1266666667
NaN
NaN
NaN
12.9838709677
6.20333333333
-1.02258064516
-1.27931034483
2.26428571429
NaN
NaN
NaN
21.6133333333
25.8064516129
23.5032258065
23.85
NaN
NaN
NaN
NaN
NaN
NaN
10.5333333333
NaN
NaN
NaN
NaN
NaN
NaN
NaN
NaN
NaN
NaN
NaN
NaN
17.8290322581
23.1133333333
27.035483871
25.1096774194
22.3166666667
13.8870967742
5.22666666667
-0.874193548387
-2.53225806452
3.0
4.27419354839
12.49
19.9290322581
25.5233333333
28.3290322581
27.2838709677
23.4766666667
14.0483870968
8.66333333333
0.774193548387
0.5
2.88214285714
3.03225806452
13.32
18.4838709677
24.0766666667
29.4741935484
27.0225806452
25.2133333333
18.1870967742
11.9233333333
5.46451612903
4.71290322581
3.22068965517
1.73548387097
11.4
20.2
25.84
27.2709677419
27.4838709677
22.8933333333
15.4666666667
5.88
2.04516129032
4.83548387097
1.99642857143
3.83225806452
12.54
19.7129032258
28.37
29.4193548387
27.7419354839
24.55
15.4290322581
5.77666666667
1.48064516129
2.18709677419
-4.35714285714
2.93548387097
10.8133333333
22.9774193548
28.38
29.4967741935
25.6387096774
23.1551724138
15.9193548387
9.66333333333
0.322580645161
-0.912903225806
0.178571428571
8.49677419355
12.0866666667
17.064516129
22.7033333333
30.0290322581
26.4387096774
22.3466666667
15.2935483871
7.46
-1.48709677419
-2.86451612903
-4.16206896552
6.82903225806
9.38275862069
22.3322580645
24.6137931034
30.0838709677
27.6806451613
23.3466666667
14.4290322581
6.46923076923
4.24642857143
3.06451612903
1.775
3.97096774194
10.8666666667
19.3580645161
24.2666666667
27.99
28.4838709677
21.2733333333
13.2483870968
7.33666666667
0.103225806452
-1.01612903226
3.29285714286
9.72258064516
13.5133333333
18.9129032258
24.61
28.0032258065
28.6666666667
21.1166666667
17.8612903226
10.26
2.20322580645
1.58064516129
1.52142857143
4.41935483871
11.3166666667
22.1483870968
25.8266666667
28.0096774194
27.7774193548
24.38
16.164516129
7.81
3.14193548387
-4.07419354839
0.0206896551724
2.40322580645
10.0866666667
17.5193548387
24.57
28.3387096774
25.6096774194
21.9666666667
15.5677419355
6.68
2.24666666667
-0.383870967742
-0.485714285714
3.05161290323
17.1133333333
22.4
26.41
28.7064516129
26.6096774194
24.7966666667
16.9709677419
9.32333333333
4.16774193548
-0.535483870968
-2.21428571429
6.55806451613
16.9433333333
19.6741935484
25.3366666667
27.7419354839
27.2741935484
21.56
16.0193548387
8.82
-1.07419354839
-2.49677419355
1.82857142857
5.16129032258
10.3266666667
17.0387096774
27.9896551724
28.2741935484
27.2774193548
21.7833333333
14.7451612903
6.73666666667
1.32580645161
2.35806451613
1.1275862069
3.34516129032
9.99666666667
22.1225806452
27.1033333333
29.0870967742
28.9870967742
23.97
16.8129032258
8.47
-0.951612903226
-4.51290322581
0.603571428571
13.6580645161
14.1466666667
15.8774193548
23.02
26.6548387097
27.035483871
22.0833333333
14.8516129032
8.94827586207
-1.09677419355
0.893548387097
0.621428571429
12.2677419355
14.09
18.435483871
24.5931034483
28.5285714286
25.235483871
23.9633333333
20.1
10.4266666667
4.44482758621
1.96071428571
-2.19259259259
2.6935483871
11.7333333333
17.0612903226
24.5464285714
26.3870967742
29.2903225806
23.6833333333
20.9870967742
6.39
1.01935483871
-3.16129032258
0.0172413793103
5.75161290323
15.4166666667
18.3161290323
24.63
27.8419354839
27.3806451613
24.0733333333
14.5
10.3166666667
2.29677419355
2.95806451613
3.13928571429
5.82580645161
13.6379310345
21.6322580645
28.4633333333
29.4032258065
28.0419354839
20.5966666667
18.9580645161
6.92333333333
3.77333333333
4.48064516129
0.0785714285714
2.24193548387
9.15333333333
19.8258064516
25.0466666667
26.6838709677
25.8419354839
21.15
18.1133333333
6.12
-0.767741935484
0.229032258065
0.596428571429
5.57419354839
11.7233333333
20.3774193548
24.37
27.3967741935
25.4
21.9433333333
17.5774193548
4.65
1.3
1.43548387097
1.54137931034
4.15806451613
14.14
18.8838709677
28.0533333333
30.1129032258
26.7935483871
23.4066666667
14.3903225806
9.31
3.28709677419
1.83225806452
3.20714285714
6.18387096774
11.12
19.6225806452
26.4133333333
28.2580645161
28.764516129
23.7137931034
19.2793103448
9.95
3.97741935484
-0.63
3.825
4.76129032258
14.8
18.5612903226
26.5166666667
27.5032258065
26.2548387097
23.0033333333
16.3387096774
8.35
1.02580645161
-0.703225806452
0.866666666667
5.89677419355
17.18
22.4580645161
25.2066666667
31.6838709677
29.0774193548
23.91
17.3838709677
7.13793103448
-0.21935483871
-0.416666666667
0.832142857143
3.35161290323
12.0366666667
18.4580645161
26.175862069
26.5612903226
26.3935483871
20.4866666667
18.9516129032
8.09333333333
4.15
-3.22258064516
1.94642857143
6.19677419355
12.8233333333
17.9774193548
24.8166666667
27.4741935484
25.9870967742
22.2666666667
14.9322580645
8.68620689655
4.52258064516
0.106451612903
-1.75
5.42903225806
14.7333333333
20.7709677419
22.7033333333
27.1548387097
26.9709677419
21.9666666667
17.3870967742
9.68
-2.38387096774
-2.43870967742
-0.235714285714
4.62903225806
13.5533333333
21.2032258065
26.3833333333
28.3838709677
28.735483871
23.5966666667
14.2870967742
5.68666666667
3.53225806452
-0.106451612903
0.0551724137931
0.467741935484
13.72
18.6032258065
24.2833333333
26.8838709677
26.6
23.63
16.2516129032
9.56333333333
-0.945161290323
-2.06451612903
2.68214285714
6.9
9.58666666667
18.1806451613
25.0566666667
27.0806451613
26.5709677419
24.4448275862
17.7258064516
8.41379310345
1.34193548387
-2.13870967742
-1.44642857143
4.64516129032
14.1833333333
23.1838709677
25.0133333333
26.5612903226
26.1161290323
20.8357142857
15.5967741935
7.19
-1.17096774194
-6.11290322581
-4.30714285714
5.86451612903
13.3766666667
17.7516129032
25.7433333333
27.835483871
24.7096774194
21.1166666667
21.0677419355
10.0833333333
-2.74193548387
1.29032258065
0.78275862069
5.14838709677
13.1133333333
21.3806451613
24.4966666667
28.0193548387
23.7161290323
21.2766666667
14.5483870968
10.2233333333
1.18709677419
-1.37096774194
-0.378571428571
0.28064516129
10.1866666667
20.9516129032
24.0966666667
25.5290322581
24.9870967742
22.2133333333
13.6967741935
8.87333333333
3.90322580645
-3.23870967742
-0.375
6.3935483871
10.71
15.9870967742
25.98
29.0709677419
25.3290322581
21.87
15.9129032258
8.38333333333
1.15806451613
2.01612903226
-1.47142857143
5.05806451613
14.02
16.2483870968
27.0
24.9870967742
24.4967741935
21.2066666667
14.3032258065
5.23666666667
3.33225806452
-1.73548387097
-0.386206896552
7.77741935484
15.2566666667
16.5225806452
24.0966666667
26.8838709677
27.5
24.1833333333
17.564516129
9.40333333333
1.7064516129
-0.638709677419
2.53214285714
7.01290322581
14.8966666667
20.0419354839
23.1166666667
28.5677419355
28.9935483871
23.87
15.8322580645
8.09
0.877419354839
-3.65483870968
0.339285714286
3.64516129032
NaN
NaN
NaN
NaN
NaN
NaN
16.5806451613
7.99333333333
1.89677419355
-2.84516129032
0.496428571429
3.14838709677
11.5533333333
19.8741935484
27.29
26.9870967742
26.435483871
23.7066666667
20.4806451613
8.46333333333
4.15161290323
-1.12258064516
-1.7275862069
2.52258064516
11.2233333333
20.8774193548
22.86
27.9032258065
25.4451612903
21.87
12.4548387097
5.51034482759
0.107407407407
0.496551724138
-1.48928571429
8.92903225806
12.2896551724
15.9516129032
24.97
26.5612903226
26.7580645161
22.8666666667
17.3133333333
8.54827586207
NaN
0.682142857143
-1.55714285714
5.18387096774
14.0166666667
16.7774193548
24.9433333333
29.0419354839
26.9419354839
20.84
15.2258064516
8.15
2.05862068966
NaN
0.628571428571
2.77741935484
8.39333333333
21.5548387097
23.54
26.8806451613
24.4870967742
18.63
16.2548387097
11.7666666667
2.20967741935
-2.14838709677
5.27586206897
8.83548387097
14.3366666667
18.1548387097
25.9733333333
26.8612903226
24.8161290323
20.94
12.8483870968
4.38
-2.58387096774
-6.78709677419
-0.139285714286
8.88709677419
15.81
23.7129032258
24.3733333333
28.564516129
25.4483870968
21.7666666667
14.8258064516
8.26666666667
0.261290322581
-3.38709677419
-4.83214285714
1.76451612903
11.6233333333
18.7266666667
23.8666666667
25.5709677419
25.9548387097
23.9066666667
13.9193548387
8.44666666667
1.56129032258
-4.33870967742
-5.45
6.36451612903
10.16
17.635483871
24.57
25.8774193548
24.7387096774
23.0566666667
13.9806451613
8.72
4.07419354839
-0.825806451613
-2.35862068966
3.3935483871
11.44
20.1064516129
22.4233333333
26.6903225806
26.8806451613
23.2266666667
12.9161290323
7.28
0.212903225806
-3.89677419355
1.72142857143
6.84838709677
14.1333333333
17.7096774194
24.8933333333
27.3612903226
25.7193548387
19.22
11.8709677419
8.52666666667
0.338709677419
-4.22666666667
-2.53928571429
4.54838709677
11.0166666667
22.1161290323
21.5533333333
26.6387096774
24.7193548387
21.1666666667
15.8903225806
8.15333333333
5.71290322581
0.71935483871
1.91785714286
6.36451612903
9.95333333333
16.2193548387
24.9033333333
29.8741935484
27.3838709677
23.3
14.9096774194
8.29
-2.33225806452
-4.0935483871
3.9275862069
1.69677419355
12.58
17.0064516129
25.82
27.0419354839
27.3870967742
19.7066666667
15.9838709677
7.81034482759
4.73548387097
-3.11612903226
-0.774074074074
7.28387096774
16.1333333333
22.1
22.4633333333
26.3290322581
NaN
22.3333333333
16.5935483871
8.74137931034
-1.51935483871
-0.1
-1.02857142857
7.55806451613
14.22
20.6612903226
24.1833333333
27.1870967742
24.8064516129
22.5133333333
14.7
7.0
1.94193548387
-0.0566666666667
2.28214285714
8.37096774194
14.2166666667
23.1225806452
27.36
29.2322580645
25.6290322581
21.91
12.6935483871
9.67931034483
3.64838709677
0.0387096774194
-0.710714285714
6.36129032258
13.85
22.335483871
28.1966666667
30.7806451613
28.8709677419
NaN
11.864516129
8.98333333333
2.04
4.17096774194
-0.853846153846
6.07741935484
NaN
19.4612903226
24.7933333333
27.5129032258
26.8483870968
21.0533333333
16.1548387097
8.04137931034
-3.61290322581
4.6935483871
2.58928571429
7.61612903226
14.8333333333
18.3258064516
25.18
27.0419354839
25.7903225806
21.74
15.6870967742
10.81
3.54516129032
-0.929032258065
3.51481481481
8.02903225806
14.6966666667
NaN
27.7733333333
28.7225806452
27.2483870968
21.9966666667
16.3612903226
6.94
NaN
0.483870967742
2.10344827586
5.41290322581
11.1033333333
20.3419354839
23.43
24.435483871
24.1677419355
21.4433333333
NaN
6.95517241379
3.35161290323
1.59032258065
-0.646153846154
NaN
NaN
20.5064516129
24.8551724138
28.5677419355
27.5225806452
19.2482758621
13.4620689655
7.45517241379
1.62
-4.53666666667
-1.2962962963
6.24193548387
15.26
19.53
26.6666666667
27.1451612903
24.9516129032
23.3275862069
16.5580645161
11.2896551724
4.86129032258
1.06129032258
0.492307692308
8.56896551724
11.9344827586
19.9966666667
26.73
29.2774193548
28.9580645161
22.3
17.5612903226
6.08928571429
0.341935483871
0.341935483871
1.08461538462
3.7064516129
11.9033333333
18.1419354839
25.23
26.8193548387
28.7322580645
22.8620689655
17.2275862069
6.36666666667
3.73666666667
-0.00666666666667
3.47307692308
7.6064516129
14.7366666667
17.8387096774
27.9266666667
29.1709677419
26.1448275862
24.91
18.4548387097
9.02222222222
4.87096774194
4.24193548387
6.05357142857
9.16451612903
15.1
23.935483871
26.4766666667
29.1387096774
27.9129032258
26.1620689655
17.7516129032
10.67
NaN
-0.751612903226
4.68518518519
6.22333333333
15.2633333333
22.6258064516
27.27
30.3709677419
26.3548387097
24.8566666667
15.6483870968
11.9642857143
4.08064516129
0.2
4.51379310345
11.7838709677
13.7107142857
21.5967741935
25.9233333333
25.5448275862
25.8774193548
21.8433333333
17.5
7.96
-2.91
0.332258064516
2.15357142857
5.80666666667
15.2413793103
20.7935483871
25.8366666667
28.7258064516
29.1096774194
22.06
16.0724137931
13.3566666667
5.70967741935
4.30333333333
4.79259259259
6.18
14.2466666667
17.8290322581
27.1333333333
30.6677419355
27.8774193548
26.6933333333
NaN
7.33103448276
2.18709677419
-2.84
-0.596428571429
NaN
13.5892857143
18.0766666667
24.4965517241
28.2258064516
27.7548387097
22.8333333333
14.9433333333
10.2444444444
3.31666666667
-2.85862068966
1.89259259259
7.7064516129
15.1275862069
18.0928571429
24.3896551724
26.5225806452
24.8903225806
24.7566666667
15.8290322581
9.80384615385
1.59032258065
-1.52857142857
1.02962962963
4.31290322581
15.5733333333
18.4580645161
28.52
29.37
28.8516129032
25.5137931034
16.6709677419
11.0310344828
-0.758064516129
4.48275862069
2.05
7.35862068966
16.1533333333
20.89
25.2566666667
28.8580645161
26.9129032258
20.7724137931
13.7166666667
9.40344827586
5.55666666667
1.66333333333
-3.68518518519
8.24193548387
12.8103448276
21.8166666667
26.85
27.17
26.8709677419
24.22
19.9433333333
7.94666666667
1.05172413793
1.75806451613
-0.703448275862
3.62258064516
15.7275862069
18.4032258065
25.7033333333
27.7419354839
26.1709677419
23.1966666667
15.02
7.21333333333
0.91935483871
-3.85161290323
2.11481481481
7.24193548387
14.33
20.2290322581
23.65
25.3064516129
25.8548387097
22.8333333333
14.0193548387
11.0566666667
1.42580645161
-1.25483870968
0.271428571429
9.70967741935
17.2466666667
21.4193548387
25.6966666667
29.4064516129
28.4903225806
22.3966666667
17.1516129032
9.55666666667
-0.916129032258
NaN
NaN
NaN
NaN
NaN
25.7233333333
30.8774193548
26.964516129
21.6066666667
16.2096774194
11.2966666667
4.93870967742
2.82258064516
3.58620689655
14.0096774194
14.1666666667
23.064516129
27.8033333333
29.4677419355
26.6903225806
22.3766666667
15.5258064516
7.98333333333
4.9
2.14838709677
-0.355555555556
4.44516129032
11.69
22.0387096774
24.32
26.8290322581
26.0709677419
22.8448275862
16.7419354839
6.77666666667
0.446666666667
-4.08275862069
-3.66785714286
1.62580645161
13.6466666667
20.1967741935
25.95
25.6838709677
25.7290322581
22.0733333333
15.5741935484
6.00666666667
3.48064516129
-2.43548387097
-6.05357142857
5.12258064516
13.8666666667
22.4387096774
24.17
26.964516129
25.9806451613
25.1833333333
16.3933333333
12.07
7.8
0.948387096774
3.33214285714
9.21612903226
12.0
20.5870967742
26.5866666667
28.6774193548
29.1387096774
24.3466666667
17.2483870968
12.5366666667
1.50967741935
2.2064516129
7.2
5.88064516129
16.3166666667
18.8709677419
26.4633333333
27.5387096774
25.5
