4.12666666667
8.7064516129
14.8933333333
18.0838709677
18.1322580645
12.5566666667
6.71935483871
-6.51666666667
-10.0258064516
-6.40322580645
-13.6714285714
-2.85483870968
2.79333333333
12.364516129
15.1
19.3193548387
15.7677419355
12.2966666667
3.64838709677
-2.71
-5.51935483871
-19.2322580645
-7.64482758621
-2.23548387097
3.10666666667
7.75483870968
14.8533333333
20.0193548387
16.2580645161
13.84
7.08709677419
-4.86666666667
-6.09677419355
-8.56774193548
-7.375
-3.84193548387
5.46
12.2225806452
15.3533333333
17.7032258065
17.1903225806
11.9166666667
5.71935483871
-2.17333333333
-6.68387096774
-9.35483870968
-9.88571428571
-1.99032258065
4.42666666667
7.93870967742
15.5033333333
17.5935483871
17.0
9.60666666667
4.45483870968
-3.27333333333
-8.94838709677
-12.7193548387
-5.91785714286
-6.9
4.38666666667
7.4
15.1033333333
18.535483871
18.4612903226
9.69333333333
2.81290322581
-4.17
-8.35806451613
-7.95161290323
-7.48965517241
-6.05806451613
2.24
11.964516129
15.5733333333
17.9806451613
17.7774193548
12.1833333333
6.14516129032
-0.873333333333
-7.08387096774
-6.88387096774
-5.63571428571
-0.383870967742
2.73666666667
6.9
12.7366666667
17.8838709677
17.7806451613
10.89
5.55161290323
-2.72666666667
-10.8967741935
-7.29032258065
-5.46428571429
2.70967741935
6.91333333333
7.14193548387
16.0033333333
18.4870967742
16.6870967742
11.9466666667
5.74838709677
-2.92
-6.46451612903
-8.72258064516
-10.3142857143
-3.93225806452
2.44
6.96774193548
13.3466666667
17.1612903226
20.2774193548
12.4066666667
9.03548387097
-3.11666666667
-6.77096774194
-11.2838709677
-9.65517241379
-6.06129032258
6.85
9.53870967742
14.5566666667
17.7161290323
17.1967741935
12.8633333333
3.05161290323
-3.17
-9.71612903226
-15.8709677419
-11.475
-3.17096774194
3.82333333333
11.6129032258
16.0966666667
18.2774193548
16.3903225806
9.42333333333
5.19677419355
-1.18333333333
-8.44516129032
-15.4548387097
-8.58571428571
-5.55161290323
-0.59
8.13870967742
13.7566666667
15.7322580645
14.6258064516
10.59
5.94193548387
-5.01333333333
-9.3935483871
-12.4741935484
-7.22142857143
-6.37419354839
1.98333333333
9.74193548387
12.1133333333
16.5387096774
16.8129032258
9.05666666667
3.97741935484
-4.94666666667
-10.9483870968
-10.0774193548
-4.88620689655
-5.20322580645
2.70666666667
9.1064516129
17.94
16.9032258065
17.4032258065
11.4233333333
1.24838709677
-4.27333333333
-9.42258064516
-8.2064516129
-5.37857142857
-0.983870967742
0.446666666667
8.39677419355
17.0933333333
17.7451612903
17.5677419355
10.0733333333
5.91935483871
-1.1
-7.01612903226
-12.235483871
-2.08214285714
-4.74838709677
3.75
7.2
16.3466666667
19.8612903226
18.6774193548
13.07
5.21612903226
-1.37666666667
-6.41935483871
-10.2516129032
-12.3821428571
-5.18064516129
6.03666666667
10.5903225806
14.0733333333
21.035483871
19.1838709677
13.0766666667
4.48064516129
-6.93666666667
-11.0548387097
-11.6483870968
-9.60689655172
-4.23870967742
0.353333333333
10.5451612903
17.57
17.3774193548
17.0516129032
10.4966666667
7.36451612903
-3.33333333333
-6.48709677419
-14.0064516129
-7.27142857143
-3.03870967742
2.92666666667
9.24838709677
14.5166666667
19.7516129032
18.064516129
10.1866666667
5.77096774194
-2.37333333333
-5.98387096774
-9.04838709677
-11.0321428571
-6.40967741935
2.83
10.3903225806
13.4833333333
16.5258064516
16.8548387097
11.9133333333
3.71290322581
-3.15
-9.78387096774
-13.5322580645
-10.5071428571
-2.88709677419
2.69666666667
10.5774193548
15.9566666667
15.9
19.2
10.7266666667
2.2064516129
-7.08666666667
-5.21935483871
-12.9580645161
-12.0103448276
-9.42258064516
4.18333333333
8.5064516129
14.2466666667
16.6935483871
15.9193548387
11.56
4.74838709677
-3.51666666667
-8.54516129032
-11.9032258065
-6.85714285714
-1.38064516129
0.946666666667
8.63333333333
15.1482758621
17.5935483871
16.8225806452
9.71333333333
4.4
-4.38333333333
-12.8516129032
-12.5838709677
-9.41071428571
-7.31612903226
2.68
11.664516129
14.92
16.2419354839
15.4806451613
9.04
4.66129032258
-2.74
-9.21935483871
-17.7935483871
-9.27142857143
-2.59032258065
3.59666666667
9.16451612903
15.87
18.2709677419
16.1
12.13
6.69677419355
-2.59333333333
-11.6870967742
-9.69677419355
-8.30344827586
-5.25161290323
4.3
11.4129032258
14.1733333333
18.7967741935
13.8741935484
9.97666666667
1.98387096774
-4.20333333333
-10.6806451613
-12.435483871
-11.4892857143
-9.80322580645
3.86666666667
10.8580645161
15.1
17.1516129032
15.4096774194
8.45666666667
4.95483870968
-2.43333333333
-5.1935483871
-14.6741935484
-9.96071428571
-2.23870967742
0.796666666667
7.58064516129
14.84
20.1064516129
14.5903225806
9.94666666667
2.71935483871
-3.92666666667
-9.69032258065
-10.2709677419
-9.95
-2.26129032258
3.45
7.0935483871
14.44
17.0225806452
14.4483870968
10.0566666667
4.3
-4.09666666667
-8.57096774194
-10.7451612903
-8.54482758621
-1.72580645161
2.87
7.72903225806
15.17
17.4677419355
17.2709677419
10.6833333333
4.84838709677
-3.04
-11.8096774194
-12.9451612903
-7.83928571429
-6.34516129032
3.99666666667
10.2774193548
12.09
18.7129032258
17.7741935484
12.92
2.24838709677
-2.82666666667
-8.74838709677
-13.3516129032
-7.69285714286
-5.29677419355
1.7
11.3838709677
15.5733333333
17.9258064516
18.2290322581
11.09
2.76774193548
-2.96
-8.99032258065
-12.3516129032
-8.775
-3.87419354839
3.84333333333
8.87096774194
17.6166666667
15.9935483871
16.8935483871
10.2366666667
6.46774193548
-1.72666666667
-5.67096774194
-11.935483871
-10.1103448276
-2.43225806452
3.23
10.6225806452
15.5466666667
17.1451612903
16.1709677419
11.62
3.57741935484
-2.33
-11.4129032258
-9.18709677419
-5.87857142857
0.848387096774
2.59333333333
7.11612903226
14.8466666667
17.9225806452
18.7322580645
11.8533333333
5.91612903226
-2.5
-9.9064516129
-13.5322580645
-5.575
-1.00967741935
4.67
11.3161290323
13.2633333333
19.8161290323
NaN
8.03
5.38064516129
-2.56
-9.8935483871
-10.035483871
-10.4928571429
-5.66129032258
2.94666666667
9.3
14.4
18.0129032258
17.8838709677
8.85333333333
4.16774193548
-4.28333333333
-7.23548387097
-10.1935483871
-3.75172413793
-2.72580645161
5.87
8.15161290323
14.0766666667
18.5612903226
16.8193548387
11.22
1.33548387097
-7.57333333333
-9.93548387097
-14.3387096774
-7.38214285714
-1.54193548387
6.99666666667
14.0161290323
16.9266666667
19.3129032258
16.1548387097
12.3533333333
4.42903225806
-1.90666666667
-8.9
-16.3064516129
-14.2321428571
-4.73225806452
5.07666666667
9.49677419355
15.6666666667
17.8064516129
16.0677419355
12.3933333333
2.43870967742
-4.09666666667
-12.4903225806
-18.264516129
-15.8178571429
-3.07096774194
2.33666666667
7.18709677419
14.2933333333
18.0709677419
16.5774193548
11.8233333333
3.45806451613
-4.50333333333
-5.84193548387
-10.8258064516
-9.36551724138
-4.46129032258
3.09
8.65483870968
15.8033333333
19.4903225806
18.1612903226
11.06
2.71935483871
-2.02
-7.39032258065
-9.26129032258
-7.95357142857
-1.8
7.02
7.69677419355
14.9266666667
18.8838709677
16.4064516129
10.5566666667
3.93870967742
-1.25666666667
-8.83548387097
-16.6290322581
-10.1607142857
-4.44838709677
0.633333333333
10.6387096774
12.9066666667
18.2193548387
17.5129032258
11.4233333333
4.35483870968
-4.33
-7.97096774194
-7.43548387097
-5.18214285714
-1.49677419355
0.983333333333
7.58387096774
15.49
19.2548387097
21.1129032258
12.3733333333
6.66129032258
-0.946666666667
-17.3
-8.76451612903
-3.59655172414
-3.63870967742
3.75
10.1806451613
16.7666666667
18.2967741935
17.5290322581
9.24333333333
5.48064516129
-2.01666666667
-8.97419354839
-12.2967741935
-10.4928571429
-0.68064516129
5.44
11.6322580645
13.3733333333
17.8
15.3322580645
11.9433333333
4.6935483871
-6.97333333333
-11.8193548387
-6.54193548387
-7.48214285714
0.574193548387
3.80666666667
10.3612903226
16.8666666667
18.6064516129
15.3548387097
13.3066666667
4.78709677419
-5.25
-6.40322580645
-7.72580645161
-3.73214285714
-1.90967741935
4.19
12.4870967742
15.61
18.5677419355
15.6064516129
10.35
0.777419354839
-0.65
-6.45483870968
-13.6548387097
-9.76206896552
-3.37741935484
2.25
11.5032258065
17.2333333333
17.6258064516
16.9064516129
11.5233333333
1.96774193548
-2.32666666667
-7.08709677419
-6.75483870968
-13.9321428571
-4.4935483871
3.21
9.37096774194
13.54
18.6580645161
17.1161290323
10.3
3.81935483871
-4.52333333333
-12.9677419355
-6.03548387097
-6.925
-0.854838709677
2.46666666667
8.64193548387
15.8733333333
17.3258064516
17.1322580645
12.6466666667
3.69677419355
-1.26
-11.535483871
-12.6225806452
-4.46428571429
-2.2935483871
5.00333333333
11.8677419355
17.68
17.2
16.3387096774
11.3066666667
2.20322580645
-5.58333333333
-4.29677419355
-4.70322580645
-2.88620689655
-0.464516129032
2.94
8.9064516129
13.65
15.2161290323
14.6032258065
10.3766666667
NaN
-3.19333333333
NaN
-12.9677419355
-12.1178571429
-2.73225806452
2.78666666667
9.17096774194
13.7466666667
17.9741935484
17.3290322581
8.50666666667
3.47419354839
-5.22666666667
-5.73225806452
-12.0258064516
-12.8107142857
-3.04193548387
1.88666666667
10.7580645161
16.64
15.5516129032
15.6
11.91
5.49032258065
-1.66
-7.33548387097
-9.74838709677
-6.075
-2.09677419355
1.14
7.24516129032
14.6633333333
17.2709677419
19.2903225806
9.69333333333
3.4935483871
-4.64666666667
-7.73548387097
-13.4258064516
-8.37857142857
-7.80322580645
0.923333333333
9.76129032258
15.8266666667
17.1322580645
16.2870967742
10.79
4.31612903226
-5.32
-10.2967741935
-12.435483871
-5.62857142857
-2.97096774194
0.383333333333
6.52903225806
15.4233333333
18.0806451613
16.6709677419
12.6766666667
5.17741935484
-3.70666666667
-5.66451612903
-8.27419354839
-2.31785714286
-4.30322580645
3.39
11.6258064516
13.69
19.5677419355
17.8677419355
13.8166666667
6.22258064516
0.106666666667
-7.96129032258
-9.42580645161
-3.85
-2.82903225806
3.83333333333
9.68387096774
14.7033333333
19.6
16.5419354839
9.39
3.19677419355
-1.12666666667
-6.15161290323
-8.96129032258
-5.55862068966
-0.877419354839
2.31333333333
10.4935483871
13.1466666667
18.5967741935
19.1096774194
11.2633333333
5.70967741935
-6.90333333333
-13.064516129
-8.86129032258
-10.9142857143
-2.93548387097
5.05666666667
10.8290322581
15.1666666667
20.1612903226
17.5806451613
11.6666666667
4.24838709677
1.34666666667
-6.55806451613
-7.96451612903
-7.29642857143
-6.70322580645
3.01666666667
8.23870967742
18.0066666667
19.7741935484
17.3967741935
11.9266666667
2.26774193548
-3.29333333333
-6.53870967742
-9.81935483871
-9.08571428571
-2.06129032258
4.84666666667
8.70967741935
14.1833333333
18.1387096774
17.9709677419
9.23333333333
5.34516129032
-3.10666666667
-5.73870967742
-11.4709677419
-9.88965517241
0.141935483871
3.96666666667
10.8935483871
13.42
16.8290322581
14.4258064516
13.63
5.77096774194
-0.75
-6.7935483871
-10.1483870968
-4.68571428571
-2.58709677419
4.43666666667
9.31935483871
16.5766666667
18.4806451613
17.2
13.43
5.50967741935
-1.25
-8.03548387097
-3.26451612903
-8.11428571429
-2.34193548387
6.0
10.5612903226
16.4066666667
19.5161290323
17.3903225806
9.87
3.10322580645
-3.44
-5.64666666667
-9.88064516129
-9.23928571429
2.05161290323
3.78333333333
12.335483871
15.5166666667
19.3137931034
19.8
12.1066666667
6.88064516129
-2.58
-9.96129032258
-11.4741935484
-7.84827586207
-2.64838709677
1.86333333333
8.70967741935
15.1633333333
18.8516129032
16.4483870968
11.3
4.51612903226
-1.99333333333
-11.4870967742
-10.1064516129
-7.56071428571
-3.84838709677
2.43666666667
9.94516129032
15.3566666667
15.8870967742
15.5193548387
11.0366666667
1.68709677419
-0.76
-12.3
-10.7096774194
-8.68571428571
0.361290322581
5.61
9.09032258065
16.5366666667
19.0161290323
17.9935483871
11.05
4.62258064516
-3.45
-9.49677419355
NaN
NaN
NaN
NaN
NaN
NaN
NaN
NaN
NaN
NaN
NaN
NaN
NaN
NaN
NaN
NaN
NaN
NaN
NaN
NaN
NaN
NaN
NaN
NaN
NaN
NaN
NaN
NaN
NaN
NaN
NaN
NaN
NaN
NaN
NaN
NaN
NaN
NaN
NaN
NaN
NaN
NaN
NaN
NaN
NaN
NaN
NaN
NaN
NaN
NaN
NaN
NaN
NaN
NaN
NaN
NaN
NaN
NaN
NaN
NaN
NaN
NaN
NaN
NaN
NaN
NaN
NaN
NaN
NaN
NaN
NaN
NaN
NaN
NaN
NaN
NaN
NaN
NaN
NaN
NaN
NaN
NaN
