586.0
782.0
815.0
214.0
322.0
568.0
1206.0
759.0
950.0
627.0
719.0
543.0
606.0
1267.0
842.0
307.0
563.0
586.0
752.0
960.0
1076.0
452.0
798.0
1077.0
494.0
548.0
928.0
1137.0
773.0
662.0
566.0
684.0
567.0
537.0
708.0
1462.0
349.0
539.0
1040.0
891.0
932.0
1246.0
1034.0
672.0
837.0
275.0
756.0
537.0
353.0
662.0
1796.0
690.0
313.0
148.0
1096.0
530.0
412.0
942.0
530.0
779.0
772.0
954.0
609.0
743.0
802.0
303.0
322.0
396.0
519.0
476.0
415.0
1304.0
764.0
1836.0
760.0
166.0
1086.0
1646.0
373.0
391.0
300.0
250.0
347.0
511.0
644.0
425.0
1176.0
327.0
237.0
710.0
476.0
447.0
57.0
387.0
828.0
854.0
904.0
434.0
663.0
1642.0
344.0
208.0
559.0
356.0
279.0
152.0
259.0
641.0
1081.0
901.0
1227.0
445.0
500.0
540.0
583.0
391.0
154.0
94.0
67.0
533.0
306.0
635.0
825.0
1384.0
960.0
567.0
1083.0
335.0
419.0
554.0
460.0
1327.0
783.0
356.0
743.0
857.0
917.0
1311.0
684.0
328.0
437.0
429.0
609.0
1011.0
975.0
639.0
721.0
445.0
809.0
361.0
963.0
142.0
165.0
345.0
908.0
459.0
247.0
1030.0
285.0
400.0
1998.0
508.0
682.0
127.0
NaN
383.0
101.0
286.0
588.0
748.0
405.0
797.0
851.0
1118.0
165.0
NaN
260.0
174.0
675.0
333.0
610.0
488.0
838.0
879.0
625.0
356.0
662.0
356.0
361.0
173.0
664.0
1208.0
815.0
213.0
NaN
NaN
1066.0
522.0
NaN
407.0
775.0
356.0
421.0
1194.0
669.0
1245.0
506.0
1045.0
1442.0
814.0
680.0
702.0
291.0
287.0
601.0
772.0
127.0
108.0
272.0
639.0
973.0
1123.0
1644.0
689.0
589.0
208.0
197.0
1340.0
730.0
1428.0
538.0
570.0
545.0
811.0
783.0
598.0
289.0
452.0
109.0
659.0
645.0
1371.0
347.0
460.0
1410.0
920.0
615.0
653.0
529.0
71.0
255.0
905.0
683.0
1838.0
1727.0
345.0
380.0
1583.0
609.0
245.0
265.0
151.0
448.0
574.0
708.0
1083.0
777.0
254.0
1519.0
504.0
1000.0
705.0
372.0
572.0
531.0
532.0
548.0
317.0
440.0
1152.0
448.0
171.0
717.0
867.0
218.0
224.0
419.0
288.0
460.0
392.0
919.0
1245.0
847.0
649.0
295.0
687.0
279.0
290.0
572.0
473.0
835.0
661.0
488.0
228.0
625.0
1023.0
486.0
490.0
669.0
417.0
474.0
1055.0
665.0
1261.0
1223.0
745.0
698.0
559.0
315.0
345.0
550.0
397.0
645.0
490.0
1054.0
1240.0
951.0
2322.0
1368.0
397.0
1094.0
409.0
398.0
616.0
1358.0
663.0
900.0
374.0
508.0
263.0
401.0
436.0
246.0
281.0
296.0
454.0
734.0
595.0
206.0
166.0
949.0
1266.0
1054.0
703.0
820.0
548.0
286.0
155.0
142.0
359.0
610.0
547.0
521.0
762.0
1929.0
790.0
335.0
445.0
491.0
347.0
979.0
1209.0
402.0
520.0
354.0
1083.0
16.0
1190.0
790.0
496.0
556.0
175.0
254.0
722.0
902.0
978.0
672.0
383.0
1459.0
590.0
529.0
522.0
130.0
501.0
NaN
1301.0
396.0
1025.0
378.0
602.0
547.0
660.0
438.0
268.0
691.0
101.0
552.0
NaN
581.0
603.0
726.0
433.0
895.0
713.0
1037.0
1188.0
231.0
200.0
887.0
653.0
1323.0
483.0
610.0
1253.0
1559.0
872.0
612.0
430.0
229.0
167.0
471.0
575.0
900.0
782.0
550.0
901.0
1201.0
843.0
657.0
932.0
606.0
619.0
732.0
928.0
785.0
864.0
1086.0
1607.0
2225.0
962.0
1026.0
572.0
324.0
325.0
434.0
209.0
596.0
1409.0
762.0
363.0
3112.0
815.0
182.0
459.0
213.0
117.0
199.0
506.0
510.0
442.0
417.0
2370.0
930.0
1017.0
720.0
750.0
516.0
394.0
553.0
514.0
203.0
255.0
1086.0
681.0
1141.0
1415.0
1935.0
519.0
312.0
214.0
792.0
361.0
1172.0
791.0
257.0
761.0
531.0
396.0
657.0
266.0
762.0
241.0
450.0
438.0
1161.0
1602.0
1065.0
761.0
1115.0
1053.0
826.0
488.0
598.0
408.0
407.0
1265.0
836.0
546.0
1433.0
846.0
1043.0
2638.0
534.0
552.0
323.0
478.0
546.0
945.0
174.0
677.0
901.0
605.0
1581.0
747.0
1462.0
488.0
419.0
175.0
255.0
1216.0
620.0
1017.0
548.0
1310.0
716.0
462.0
443.0
214.0
386.0
429.0
325.0
668.0
625.0
505.0
2601.0
2101.0
746.0
298.0
954.0
165.0
627.0
204.0
361.0
885.0
596.0
801.0
335.0
1048.0
446.0
1035.0
840.0
380.0
388.0
406.0
333.0
866.0
702.0
1407.0
601.0
1044.0
869.0
828.0
364.0
672.0
871.0
855.0
406.0
253.0
1186.0
437.0
797.0
1323.0
588.0
693.0
302.0
156.0
659.0
198.0
956.0
525.0
610.0
579.0
441.0
287.0
578.0
1052.0
687.0
624.0
732.0
269.0
230.0
796.0
664.0
1315.0
1506.0
566.0
782.0
728.0
454.0
420.0
788.0
365.0
455.0
281.0
1464.0
811.0
739.0
690.0
1009.0
318.0
837.0
411.0
245.0
639.0
148.0
1237.0
1831.0
629.0
1313.0
890.0
892.0
1618.0
515.0
NaN
284.0
NaN
NaN
NaN
602.0
1021.0
440.0
NaN
394.0
684.0
261.0
173.0
402.0
170.0
356.0
997.0
NaN
625.0
NaN
756.0
648.0
845.0
NaN
NaN
NaN
372.0
991.0
NaN
1626.0
514.0
555.0
668.0
251.0
1394.0
523.0
848.0
NaN
NaN
376.0
191.0
376.0
292.0
NaN
NaN
982.0
195.0
1291.0
316.0
NaN
255.0
832.0
761.0
1598.0
1356.0
465.0
1035.0
957.0
1563.0
578.0
576.0
353.0
225.0
849.0
832.0
391.0
1039.0
331.0
551.0
528.0
715.0
436.0
508.0
817.0
712.0
446.0
1136.0
481.0
3009.0
859.0
516.0
883.0
598.0
501.0
1394.0
239.0
661.0
478.0
689.0
1163.0
880.0
382.0
1387.0
889.0
1385.0
294.0
605.0
171.0
151.0
229.0
856.0
913.0
1262.0
1315.0
683.0
1103.0
296.0
344.0
404.0
365.0
316.0
NaN
1878.0
589.0
1274.0
650.0
1215.0
783.0
1059.0
693.0
418.0
553.0
369.0
1038.0
692.0
1475.0
968.0
1831.0
483.0
647.0
1480.0
206.0
866.0
960.0
561.0
308.0
1371.0
890.0
466.0
486.0
1014.0
629.0
863.0
1586.0
462.0
454.0
290.0
386.0
1678.0
916.0
838.0
803.0
689.0
812.0
963.0
1144.0
293.0
246.0
156.0
184.0
679.0
1166.0
754.0
409.0
967.0
984.0
738.0
1228.0
1121.0
369.0
461.0
1174.0
606.0
651.0
683.0
1299.0
583.0
748.0
806.0
380.0
546.0
779.0
469.0
797.0
1502.0
905.0
1507.0
1110.0
680.0
NaN
NaN
