NaN
NaN
NaN
NaN
NaN
NaN
893.0
697.0
208.0
91.0
196.0
204.0
558.0
38.0
1110.0
291.0
1296.0
976.0
949.0
244.0
501.0
360.0
193.0
115.0
79.0
166.0
218.0
364.0
981.0
297.0
1158.0
1450.0
465.0
43.0
158.0
49.0
52.0
359.0
58.0
556.0
1807.0
2660.0
1389.0
581.0
543.0
259.0
82.0
158.0
190.0
204.0
248.0
306.0
811.0
85.0
389.0
1026.0
170.0
61.0
103.0
61.0
21.0
293.0
196.0
353.0
249.0
520.0
457.0
549.0
0.0
420.0
280.0
133.0
25.0
3.0
152.0
31.0
542.0
399.0
404.0
523.0
239.0
301.0
16.0
25.0
215.0
297.0
93.0
564.0
1194.0
1274.0
107.0
82.0
384.0
21.0
198.0
173.0
119.0
57.0
61.0
406.0
305.0
1334.0
802.0
519.0
8.0
455.0
199.0
31.0
36.0
74.0
323.0
780.0
1832.0
913.0
813.0
1362.0
681.0
370.0
243.0
127.0
33.0
384.0
342.0
579.0
870.0
438.0
1482.0
524.0
485.0
89.0
229.0
80.0
79.0
151.0
664.0
344.0
893.0
993.0
323.0
618.0
480.0
539.0
39.0
58.0
285.0
326.0
235.0
450.0
582.0
1031.0
338.0
290.0
89.0
67.0
82.0
125.0
0.0
19.0
568.0
632.0
1308.0
656.0
313.0
275.0
708.0
38.0
127.0
112.0
20.0
184.0
292.0
131.0
2035.0
1346.0
1354.0
27.0
605.0
110.0
23.0
168.0
123.0
39.0
180.0
277.0
1012.0
464.0
408.0
554.0
1532.0
171.0
100.0
62.0
0.0
158.0
320.0
954.0
524.0
1215.0
1148.0
668.0
260.0
43.0
10.0
26.0
156.0
89.0
64.0
359.0
1062.0
1728.0
1699.0
463.0
1446.0
186.0
13.0
259.0
77.0
39.0
284.0
268.0
195.0
1307.0
850.0
697.0
530.0
80.0
10.0
130.0
120.0
8.0
23.0
263.0
1000.0
1536.0
950.0
16.0
284.0
148.0
48.0
38.0
30.0
92.0
28.0
773.0
438.0
571.0
463.0
1008.0
210.0
380.0
118.0
222.0
239.0
67.0
44.0
38.0
343.0
1068.0
640.0
408.0
203.0
739.0
45.0
26.0
59.0
72.0
247.0
626.0
332.0
1100.0
426.0
71.0
576.0
323.0
231.0
56.0
120.0
326.0
247.0
1002.0
645.0
1484.0
886.0
231.0
510.0
445.0
228.0
42.0
41.0
20.0
165.0
304.0
808.0
753.0
909.0
242.0
371.0
157.0
285.0
109.0
103.0
25.0
624.0
370.0
979.0
225.0
730.0
716.0
1011.0
320.0
138.0
288.0
70.0
20.0
107.0
297.0
417.0
981.0
577.0
292.0
61.0
156.0
11.0
107.0
66.0
44.0
235.0
450.0
539.0
1556.0
637.0
64.0
144.0
35.0
294.0
56.0
252.0
36.0
516.0
713.0
731.0
617.0
234.0
729.0
517.0
300.0
21.0
3.0
46.0
69.0
734.0
1231.0
1499.0
332.0
1121.0
457.0
377.0
46.0
99.0
312.0
134.0
505.0
102.0
500.0
1228.0
445.0
941.0
488.0
84.0
110.0
263.0
252.0
219.0
23.0
707.0
373.0
751.0
857.0
1793.0
379.0
115.0
336.0
734.0
71.0
133.0
210.0
651.0
196.0
657.0
480.0
163.0
772.0
87.0
255.0
33.0
6.0
18.0
13.0
690.0
627.0
1365.0
590.0
1293.0
629.0
64.0
153.0
492.0
110.0
51.0
39.0
253.0
362.0
1605.0
596.0
454.0
301.0
320.0
621.0
185.0
274.0
85.0
64.0
392.0
538.0
814.0
845.0
952.0
504.0
37.0
142.0
398.0
118.0
92.0
222.0
305.0
1273.0
717.0
1110.0
240.0
350.0
100.0
612.0
175.0
183.0
NaN
36.0
112.0
467.0
1019.0
220.0
1010.0
297.0
822.0
316.0
276.0
200.0
5.0
279.0
178.0
957.0
712.0
433.0
655.0
312.0
260.0
403.0
49.0
69.0
41.0
394.0
419.0
257.0
811.0
1004.0
715.0
303.0
296.0
424.0
320.0
207.0
183.0
9.0
94.0
514.0
911.0
793.0
770.0
999.0
405.0
13.0
102.0
0.0
140.0
187.0
97.0
26.0
767.0
891.0
473.0
602.0
282.0
21.0
5.0
73.0
69.0
46.0
445.0
387.0
928.0
483.0
507.0
455.0
80.0
377.0
221.0
23.0
90.0
53.0
252.0
762.0
1371.0
705.0
459.0
136.0
445.0
544.0
234.0
170.0
227.0
362.0
758.0
46.0
806.0
664.0
953.0
1602.0
63.0
235.0
52.0
83.0
190.0
349.0
157.0
458.0
627.0
1553.0
1389.0
960.0
181.0
405.0
335.0
56.0
135.0
75.0
13.0
374.0
295.0
1249.0
1148.0
316.0
153.0
668.0
199.0
168.0
30.0
24.0
308.0
786.0
1148.0
659.0
512.0
185.0
503.0
222.0
21.0
6.0
128.0
0.0
85.0
213.0
1316.0
985.0
1416.0
826.0
1410.0
84.0
102.0
8.0
0.0
186.0
18.0
255.0
477.0
656.0
811.0
866.0
448.0
705.0
11.0
52.0
70.0
102.0
332.0
170.0
745.0
1229.0
1477.0
470.0
287.0
489.0
333.0
3.0
86.0
66.0
162.0
719.0
489.0
1353.0
236.0
1396.0
306.0
56.0
36.0
13.0
80.0
118.0
311.0
420.0
309.0
390.0
726.0
521.0
311.0
824.0
135.0
10.0
121.0
101.0
153.0
1508.0
557.0
434.0
643.0
1336.0
702.0
204.0
244.0
18.0
21.0
3.0
174.0
297.0
396.0
559.0
115.0
329.0
290.0
604.0
25.0
0.0
89.0
124.0
326.0
976.0
513.0
1384.0
483.0
151.0
275.0
125.0
185.0
8.0
66.0
196.0
40.0
483.0
450.0
1284.0
1263.0
317.0
503.0
245.0
331.0
15.0
105.0
43.0
447.0
593.0
773.0
1289.0
321.0
706.0
45.0
199.0
117.0
58.0
54.0
34.0
186.0
355.0
212.0
1277.0
830.0
496.0
694.0
219.0
19.0
651.0
155.0
207.0
396.0
1048.0
1648.0
641.0
691.0
195.0
494.0
298.0
5.0
213.0
8.0
26.0
230.0
932.0
1893.0
709.0
570.0
700.0
342.0
1216.0
88.0
61.0
85.0
244.0
82.0
723.0
711.0
778.0
1272.0
596.0
297.0
1091.0
22.0
171.0
38.0
211.0
575.0
755.0
581.0
1269.0
1011.0
596.0
320.0
266.0
159.0
112.0
NaN
NaN
NaN
NaN
NaN
NaN
NaN
NaN
NaN
NaN
NaN
NaN
NaN
NaN
NaN
NaN
NaN
NaN
NaN
NaN
NaN
NaN
NaN
NaN
NaN
NaN
NaN
NaN
NaN
NaN
NaN
NaN
NaN
NaN
NaN
NaN
NaN
NaN
NaN
NaN
NaN
NaN
NaN
NaN
NaN
NaN
NaN
NaN
NaN
NaN
NaN
NaN
NaN
NaN
NaN
NaN
NaN
NaN
NaN
NaN
NaN
NaN
NaN
NaN
NaN
NaN
NaN
NaN
NaN
NaN
NaN
NaN
NaN
NaN
NaN
NaN
NaN
NaN
NaN
NaN
NaN
NaN
