46.0
358.0
112.0
932.0
1793.0
1240.0
1618.0
1169.0
478.0
13.0
102.0
123.0
NaN
NaN
NaN
NaN
NaN
NaN
NaN
NaN
NaN
NaN
NaN
NaN
76.0
0.0
61.0
665.0
421.0
175.0
282.0
350.0
469.0
792.0
30.0
61.0
50.0
13.0
213.0
427.0
725.0
899.0
NaN
NaN
NaN
NaN
NaN
NaN
NaN
NaN
NaN
NaN
NaN
NaN
NaN
NaN
NaN
NaN
NaN
NaN
NaN
NaN
NaN
NaN
NaN
NaN
NaN
NaN
NaN
NaN
NaN
NaN
NaN
NaN
NaN
NaN
NaN
NaN
NaN
NaN
NaN
NaN
NaN
NaN
NaN
NaN
NaN
NaN
NaN
NaN
NaN
NaN
NaN
NaN
NaN
NaN
NaN
NaN
NaN
NaN
NaN
NaN
NaN
NaN
NaN
NaN
NaN
NaN
NaN
NaN
NaN
NaN
NaN
NaN
NaN
NaN
NaN
NaN
NaN
NaN
NaN
NaN
NaN
NaN
NaN
NaN
NaN
NaN
NaN
NaN
NaN
NaN
NaN
NaN
NaN
NaN
NaN
NaN
NaN
NaN
NaN
NaN
NaN
NaN
NaN
NaN
NaN
NaN
NaN
NaN
NaN
NaN
NaN
NaN
NaN
NaN
NaN
NaN
NaN
NaN
NaN
NaN
NaN
NaN
NaN
NaN
NaN
NaN
NaN
NaN
NaN
NaN
NaN
NaN
NaN
NaN
716.0
516.0
NaN
127.0
304.0
166.0
NaN
483.0
788.0
1617.0
895.0
922.0
450.0
289.0
307.0
177.0
292.0
180.0
430.0
516.0
1537.0
1592.0
731.0
847.0
564.0
574.0
368.0
279.0
571.0
674.0
83.0
398.0
1057.0
1578.0
420.0
318.0
592.0
178.0
879.0
550.0
420.0
NaN
18.0
261.0
838.0
823.0
375.0
919.0
251.0
266.0
148.0
63.0
344.0
279.0
51.0
653.0
294.0
743.0
1275.0
923.0
666.0
1914.0
330.0
475.0
165.0
64.0
126.0
598.0
570.0
452.0
NaN
NaN
NaN
NaN
NaN
190.0
51.0
124.0
118.0
1247.0
1119.0
NaN
NaN
NaN
NaN
NaN
NaN
NaN
NaN
NaN
NaN
NaN
NaN
1228.0
940.0
712.0
1155.0
780.0
0.0
150.0
274.0
NaN
102.0
513.0
NaN
NaN
553.0
NaN
NaN
NaN
NaN
114.0
NaN
117.0
504.0
528.0
1187.0
1719.0
1436.0
416.0
422.0
464.0
0.0
497.0
864.0
86.0
661.0
1099.0
1227.0
1042.0
1055.0
589.0
732.0
200.0
23.0
167.0
150.0
64.0
203.0
551.0
1882.0
495.0
672.0
1822.0
194.0
716.0
915.0
488.0
406.0
835.0
529.0
764.0
478.0
2280.0
920.0
320.0
371.0
621.0
851.0
206.0
NaN
NaN
NaN
NaN
NaN
NaN
NaN
669.0
821.0
843.0
427.0
406.0
135.0
58.0
683.0
547.0
416.0
335.0
1067.0
524.0
987.0
66.0
270.0
97.0
186.0
540.0
313.0
123.0
527.0
670.0
253.0
388.0
102.0
342.0
823.0
48.0
354.0
183.0
249.0
605.0
354.0
749.0
528.0
967.0
329.0
140.0
69.0
208.0
114.0
215.0
407.0
410.0
609.0
1004.0
602.0
2094.0
917.0
112.0
105.0
403.0
253.0
79.0
51.0
511.0
301.0
2160.0
684.0
176.0
825.0
201.0
207.0
280.0
NaN
127.0
140.0
452.0
796.0
432.0
999.0
810.0
1163.0
244.0
353.0
345.0
261.0
218.0
475.0
1143.0
1070.0
1263.0
552.0
95.0
317.0
400.0
290.0
789.0
91.0
490.0
203.0
527.0
532.0
649.0
566.0
1798.0
786.0
508.0
77.0
205.0
316.0
178.0
216.0
549.0
683.0
503.0
991.0
772.0
1187.0
646.0
115.0
111.0
254.0
106.0
75.0
172.0
1096.0
993.0
519.0
560.0
1412.0
238.0
777.0
8.0
6.0
56.0
419.0
120.0
277.0
904.0
214.0
300.0
350.0
502.0
1315.0
277.0
364.0
160.0
324.0
658.0
721.0
617.0
651.0
660.0
342.0
151.0
383.0
112.0
93.0
345.0
345.0
278.0
1268.0
673.0
655.0
272.0
1169.0
318.0
74.0
122.0
61.0
16.0
227.0
219.0
247.0
983.0
239.0
377.0
1056.0
712.0
231.0
133.0
255.0
109.0
280.0
720.0
785.0
1432.0
365.0
577.0
247.0
266.0
216.0
203.0
206.0
640.0
531.0
280.0
810.0
874.0
181.0
687.0
186.0
51.0
183.0
403.0
373.0
181.0
527.0
1110.0
878.0
1483.0
529.0
986.0
663.0
377.0
31.0
249.0
87.0
331.0
493.0
801.0
2016.0
754.0
918.0
353.0
416.0
74.0
368.0
213.0
161.0
330.0
127.0
495.0
809.0
1109.0
714.0
540.0
203.0
195.0
0.0
23.0
33.0
204.0
492.0
413.0
630.0
1209.0
231.0
1825.0
124.0
704.0
457.0
275.0
182.0
184.0
183.0
745.0
541.0
1409.0
1393.0
103.0
641.0
920.0
128.0
199.0
0.0
75.0
720.0
NaN
1168.0
651.0
468.0
375.0
1175.0
100.0
83.0
111.0
234.0
221.0
472.0
132.0
1099.0
1269.0
1329.0
1614.0
428.0
406.0
632.0
0.0
81.0
56.0
246.0
641.0
1165.0
1108.0
1065.0
865.0
379.0
75.0
341.0
15.0
95.0
300.0
285.0
584.0
806.0
1194.0
1202.0
425.0
901.0
74.0
319.0
345.0
33.0
127.0
301.0
170.0
1225.0
820.0
402.0
305.0
1649.0
785.0
220.0
66.0
143.0
92.0
107.0
1019.0
497.0
1776.0
389.0
897.0
318.0
386.0
612.0
102.0
51.0
480.0
153.0
401.0
NaN
682.0
358.0
662.0
331.0
145.0
232.0
0.0
290.0
0.0
801.0
78.0
666.0
526.0
722.0
277.0
570.0
NaN
134.0
154.0
75.0
77.0
597.0
503.0
1464.0
354.0
633.0
845.0
305.0
680.0
214.0
262.0
114.0
301.0
716.0
894.0
1224.0
2324.0
483.0
1369.0
653.0
253.0
294.0
258.0
246.0
151.0
473.0
153.0
628.0
1332.0
597.0
920.0
89.0
0.0
64.0
69.0
163.0
231.0
312.0
933.0
733.0
1562.0
1915.0
614.0
317.0
115.0
441.0
292.0
72.0
244.0
326.0
539.0
436.0
649.0
950.0
637.0
788.0
365.0
104.0
5.0
180.0
237.0
95.0
464.0
186.0
427.0
1580.0
1809.0
242.0
148.0
99.0
180.0
205.0
47.0
251.0
225.0
514.0
1276.0
806.0
1239.0
209.0
183.0
714.0
21.0
30.0
143.0
265.0
248.0
995.0
2945.0
762.0
962.0
390.0
682.0
259.0
51.0
49.0
186.0
89.0
651.0
252.0
573.0
879.0
863.0
656.0
147.0
338.0
62.0
52.0
87.0
33.0
153.0
1782.0
374.0
194.0
1850.0
479.0
778.0
173.0
536.0
154.0
14.0
240.0
646.0
730.0
1165.0
859.0
943.0
862.0
214.0
276.0
104.0
3.0
114.0
213.0
350.0
937.0
409.0
1900.0
229.0
805.0
667.0
280.0
132.0
104.0
319.0
259.0
454.0
1030.0
926.0
2101.0
920.0
523.0
711.0
79.0
44.0
158.0
154.0
224.0
611.0
1444.0
861.0
2164.0
884.0
945.0
366.0
74.0
62.0
64.0
21.0
NaN
721.0
735.0
330.0
436.0
917.0
714.0
125.0
76.0
96.0
74.0
293.0
716.0
978.0
1130.0
549.0
548.0
546.0
1359.0
165.0
356.0
275.0
215.0
345.0
184.0
579.0
548.0
220.0
1025.0
1400.0
340.0
589.0
140.0
176.0
306.0
293.0
81.0
1018.0
171.0
1823.0
239.0
1029.0
89.0
201.0
41.0
211.0
155.0
31.0
239.0
1143.0
701.0
918.0
1807.0
262.0
976.0
1795.0
122.0
577.0
490.0
259.0
239.0
420.0
462.0
767.0
1252.0
302.0
79.0
613.0
119.0
362.0
67.0
52.0
245.0
788.0
1097.0
442.0
996.0
304.0
1015.0
1066.0
985.0
212.0
130.0
431.0
70.0
461.0
547.0
1722.0
236.0
748.0
459.0
953.0
805.0
134.0
189.0
106.0
323.0
768.0
1267.0
641.0
1232.0
272.0
714.0
557.0
295.0
305.0
100.0
89.0
498.0
811.0
1028.0
333.0
737.0
453.0
460.0
454.0
701.0
311.0
18.0
232.0
181.0
572.0
1089.0
645.0
691.0
726.0
194.0
346.0
113.0
64.0
479.0
132.0
290.0
617.0
122.0
1099.0
128.0
279.0
513.0
191.0
840.0
55.0
207.0
46.0
590.0
232.0
175.0
806.0
283.0
453.0
653.0
305.0
15.0
58.0
97.0
304.0
1095.0
699.0
800.0
1210.0
1527.0
615.0
1022.0
824.0
700.0
278.0
33.0
140.0
202.0
939.0
771.0
416.0
931.0
607.0
1006.0
70.0
194.0
159.0
316.0
186.0
659.0
396.0
1394.0
1197.0
1702.0
2109.0
366.0
943.0
273.0
8.0
92.0
185.0
126.0
81.0
760.0
959.0
288.0
1574.0
267.0
219.0
3.0
13.0
48.0
280.0
562.0
498.0
215.0
1210.0
1684.0
1952.0
287.0
892.0
460.0
160.0
341.0
8.0
170.0
686.0
1087.0
383.0
1077.0
991.0
589.0
936.0
532.0
258.0
115.0
58.0
702.0
224.0
531.0
1646.0
686.0
589.0
730.0
335.0
1355.0
167.0
164.0
169.0
449.0
1154.0
555.0
1569.0
1062.0
803.0
497.0
1263.0
0.0
187.0
87.0
5.0
732.0
1034.0
956.0
793.0
665.0
1632.0
1381.0
406.0
309.0
180.0
223.0
112.0
188.0
1630.0
641.0
747.0
1854.0
1013.0
1719.0
234.0
268.0
10.0
89.0
74.0
502.0
173.0
542.0
996.0
1080.0
351.0
641.0
105.0
418.0
366.0
280.0
79.0
102.0
494.0
585.0
94.0
69.0
1082.0
961.0
74.0
517.0
96.0
189.0
273.0
610.0
641.0
372.0
885.0
833.0
490.0
592.0
11.0
250.0
152.0
58.0
244.0
NaN
632.0
1187.0
1895.0
1883.0
747.0
191.0
419.0
99.0
157.0
48.0
212.0
536.0
1048.0
1379.0
1919.0
1401.0
545.0
1392.0
290.0
547.0
39.0
186.0
112.0
406.0
581.0
371.0
969.0
673.0
1186.0
688.0
645.0
385.0
170.0
115.0
175.0
374.0
416.0
1288.0
2936.0
1696.0
951.0
476.0
256.0
563.0
250.0
247.0
148.0
66.0
1357.0
398.0
576.0
317.0
2062.0
832.0
492.0
313.0
57.0
16.0
29.0
899.0
1013.0
1104.0
937.0
1671.0
771.0
790.0
695.0
181.0
178.0
472.0
15.0
263.0
124.0
950.0
1130.0
602.0
1179.0
328.0
589.0
972.0
505.0
249.0
141.0
271.0
380.0
414.0
761.0
1134.0
742.0
365.0
212.0
209.0
83.0
196.0
214.0
794.0
265.0
677.0
1012.0
994.0
440.0
266.0
1080.0
182.0
68.0
344.0
94.0
237.0
831.0
1214.0
887.0
601.0
1729.0
375.0
237.0
48.0
80.0
209.0
393.0
180.0
349.0
1260.0
795.0
1224.0
438.0
114.0
323.0
613.0
73.0
288.0
207.0
329.0
1917.0
554.0
592.0
575.0
221.0
738.0
157.0
793.0
153.0
0.0
49.0
287.0
597.0
742.0
1157.0
817.0
1475.0
201.0
864.0
23.0
46.0
73.0
275.0
156.0
540.0
1034.0
623.0
771.0
409.0
781.0
142.0
180.0
122.0
87.0
161.0
227.0
259.0
2446.0
1076.0
1009.0
900.0
1394.0
331.0
178.0
13.0
171.0
195.0
133.0
660.0
1066.0
1337.0
838.0
753.0
1826.0
650.0
699.0
232.0
76.0
18.0
372.0
1044.0
220.0
1621.0
533.0
982.0
795.0
112.0
90.0
501.0
53.0
269.0
780.0
550.0
713.0
826.0
41.0
1878.0
682.0
1612.0
15.0
5.0
3.0
8.0
275.0
784.0
982.0
812.0
600.0
522.0
614.0
856.0
318.0
56.0
3.0
46.0
586.0
299.0
407.0
NaN
NaN
292.0
694.0
1537.0
74.0
NaN
NaN
NaN
NaN
477.0
718.0
2111.0
895.0
757.0
2163.0
463.0
NaN
NaN
NaN
NaN
NaN
NaN
NaN
NaN
NaN
NaN
NaN
NaN
NaN
NaN
NaN
NaN
NaN
NaN
NaN
NaN
NaN
NaN
NaN
NaN
NaN
NaN
NaN
NaN
NaN
NaN
NaN
NaN
NaN
NaN
NaN
NaN
NaN
NaN
NaN
NaN
NaN
NaN
NaN
NaN
NaN
NaN
NaN
NaN
NaN
NaN
NaN
NaN
NaN
NaN
NaN
NaN
NaN
NaN
NaN
NaN
NaN
NaN
NaN
NaN
NaN
NaN
NaN
NaN
NaN
NaN
NaN
NaN
NaN
NaN
NaN
NaN
NaN
NaN
NaN
NaN
NaN
NaN
NaN
NaN
