27.2032258065
22.6322580645
19.55
12.8677419355
8.16666666667
-1.61935483871
-4.2935483871
-2.85357142857
0.283870967742
8.81333333333
21.3483870968
23.73
24.3677419355
23.0806451613
18.93
12.535483871
5.86333333333
1.74193548387
-4.85483870968
-1.31428571429
4.74516129032
9.13
15.2903225806
25.85
28.7483870968
24.264516129
19.8533333333
12.7193548387
5.40666666667
-1.03548387097
-0.870967741935
-4.28928571429
3.51290322581
11.59
15.3838709677
25.2833333333
24.3935483871
23.5483870968
20.7066666667
12.6451612903
2.20333333333
-0.516129032258
-3.52903225806
-3.55862068966
6.48064516129
13.6866666667
16.7548387097
22.8166666667
25.3806451613
25.4096774194
21.23
14.1580645161
4.69
-1.92258064516
-3.3064516129
-1.01071428571
1.4
12.3766666667
18.4096774194
20.0566666667
25.9387096774
26.9419354839
19.8566666667
11.8548387097
4.68666666667
-1.84516129032
-5.91935483871
-2.20714285714
1.23870967742
11.4633333333
17.7451612903
23.9766666667
26.5096774194
25.5870967742
19.8166666667
14.764516129
5.37
-1.37741935484
-5.14193548387
-2.42142857143
1.18064516129
9.96333333333
18.65
26.3133333333
24.7161290323
24.6451612903
21.7066666667
17.7838709677
5.20333333333
0.7
-3.56129032258
-3.36896551724
0.432258064516
8.47333333333
21.6838709677
21.8466666667
25.3419354839
23.4935483871
19.5133333333
10.1096774194
3.53666666667
-2.11612903226
-1.0935483871
-2.36785714286
7.83870967742
11.0966666667
16.5032258065
23.73
26.0903225806
26.0612903226
19.9233333333
15.9129032258
5.02333333333
-1.45161290323
-2.47419354839
-3.33214285714
1.95161290323
12.2566666667
15.6967741935
22.63
26.0322580645
24.3903225806
18.08
12.4419354839
6.11
0.345161290323
-1.38709677419
-1.96428571429
0.983870967742
8.66333333333
22.3322580645
23.83
26.435483871
24.2741935484
17.3633333333
15.4129032258
9.79333333333
-0.929032258065
-5.08709677419
1.11379310345
4.60967741935
13.3333333333
16.6838709677
25.5266666667
26.6516129032
25.9870967742
19.9433333333
10.8741935484
1.31
-5.11612903226
-8.53225806452
-2.81071428571
6.75483870968
14.6333333333
24.0806451613
23.18
27.9838709677
22.9935483871
18.7733333333
12.8483870968
5.85333333333
-2.39677419355
-5.02903225806
-4.48518518519
1.90322580645
9.72333333333
20.6161290323
23.6333333333
25.4903225806
25.8387096774
20.5366666667
12.2193548387
6.42
-1.64193548387
-7.05483870968
-5.41785714286
4.66129032258
9.96333333333
17.6193548387
23.3
26.1935483871
22.8806451613
22.0
11.8387096774
5.39666666667
1.50967741935
-2.66774193548
-3.58620689655
2.12258064516
10.6833333333
20.6838709677
21.7766666667
26.2322580645
25.8225806452
19.8333333333
9.4064516129
4.72333333333
-2.72258064516
-3.9
0.257142857143
5.10967741935
12.81
18.6935483871
23.4966666667
26.1387096774
24.6258064516
18.4866666667
11.0935483871
7.02333333333
-0.751612903226
-6.54193548387
-2.91428571429
1.4935483871
9.22666666667
22.3612903226
20.4466666667
26.3774193548
23.1
19.1133333333
14.7580645161
5.98666666667
3.07419354839
-1.66774193548
0.946428571429
5.24516129032
9.57666666667
15.0225806452
24.7866666667
28.9387096774
26.6838709677
21.1366666667
13.1161290323
6.23666666667
-4.70967741935
-5.69032258065
2.35517241379
0.967741935484
13.0066666667
15.7709677419
24.7
25.8064516129
26.9193548387
19.0766666667
14.7290322581
6.11333333333
0.816129032258
-4.79032258065
-2.80357142857
4.20322580645
13.8833333333
20.7903225806
21.8866666667
25.9548387097
23.4258064516
20.74
13.6838709677
4.35
-4.56774193548
-3.22258064516
-3.22142857143
5.07419354839
14.35
20.1
22.26
26.5451612903
23.0129032258
19.0666666667
13.3677419355
3.79666666667
-0.293548387097
-1.52903225806
1.70357142857
7.43548387097
15.1133333333
21.7322580645
26.78
29.1806451613
23.9677419355
20.6666666667
10.935483871
6.81
0.683870967742
-3.22903225806
-3.1724137931
3.37741935484
12.83
22.8580645161
26.6833333333
29.7580645161
26.5870967742
20.1266666667
9.73548387097
5.82666666667
-0.893548387097
0.0935483870968
-4.24285714286
2.20322580645
10.8166666667
19.0548387097
22.7833333333
28.3709677419
25.0129032258
20.7433333333
14.4806451613
3.37
-6.20322580645
1.14516129032
0.178571428571
5.9
12.9333333333
17.6322580645
23.5266666667
25.635483871
24.3193548387
20.2066666667
12.8935483871
8.15
0.212903225806
-4.01935483871
0.178571428571
5.88387096774
13.6433333333
22.4741935484
26.7333333333
26.4677419355
26.3096774194
18.97
13.1387096774
4.75666666667
0.293548387097
-1.95161290323
-0.0103448275862
3.47741935484
9.14666666667
20.4838709677
23.0033333333
23.1548387097
23.0225806452
19.38
12.2741935484
3.48
-0.0322580645161
-2.03548387097
-2.93928571429
4.43548387097
10.0233333333
18.4225806452
22.39
27.164516129
26.164516129
17.3533333333
11.9935483871
5.26666666667
0.122580645161
-7.4064516129
-4.00714285714
4.67741935484
12.5933333333
20.4129032258
26.1966666667
26.2903225806
24.3967741935
22.6833333333
15.8096774194
8.47
3.46774193548
-1.34838709677
-2.54285714286
7.36129032258
10.1866666667
19.4064516129
28.68
27.8870967742
27.7709677419
20.6766666667
14.8290322581
2.04
-2.52258064516
-2.97419354839
-1.77586206897
2.27096774194
8.18666666667
16.5225806452
23.2466666667
24.3967741935
25.8419354839
20.2233333333
13.5387096774
2.40333333333
-1.11290322581
-4.50322580645
-1.49285714286
2.02258064516
10.9966666667
13.9806451613
26.2166666667
26.4548387097
22.4387096774
19.3033333333
13.2806451613
3.52
0.609677419355
-0.864516129032
3.01428571429
4.02258064516
14.3733333333
23.2193548387
24.2333333333
27.2451612903
26.9483870968
23.5333333333
15.1387096774
7.09
2.60322580645
-4.33548387097
1.48214285714
4.84193548387
13.83
21.2483870968
25.4133333333
27.0290322581
24.0806451613
21.5633333333
12.8161290323
9.08
0.738709677419
-3.29677419355
1.4275862069
9.48064516129
11.5933333333
19.5838709677
23.2766666667
25.0193548387
24.8838709677
20.4466666667
16.2806451613
5.15666666667
-4.57096774194
-1.5
-2.175
2.71612903226
14.0633333333
19.7967741935
24.2766666667
27.4129032258
26.8677419355
19.2333333333
13.3193548387
10.2833333333
2.85806451613
0.645161290323
1.28928571429
1.91612903226
11.2266666667
15.9870967742
24.27
29.5161290323
26.1903225806
24.3866666667
10.6193548387
4.21666666667
-0.132258064516
-5.16129032258
-4.68571428571
4.48333333333
11.3586206897
17.8870967742
24.2933333333
26.2741935484
26.9193548387
20.8
13.0580645161
6.83333333333
1.21290322581
-6.43870967742
-1.00689655172
4.42903225806
13.3366666667
17.235483871
22.9966666667
25.3806451613
23.5580645161
24.59
14.0806451613
6.46333333333
-1.32580645161
-4.70322580645
-0.417857142857
2.12903225806
15.06
17.0967741935
27.37
27.2032258065
25.8967741935
23.4466666667
15.0096774194
7.24666666667
-2.7935483871
0.870967741935
-2.46071428571
5.37419354839
15.2833333333
19.3870967742
24.2833333333
27.8466666667
25.15
18.8
11.0032258065
7.13333333333
2.33870967742
-1.74193548387
-5.35357142857
6.16451612903
10.3366666667
21.4161290323
26.0333333333
26.08
26.1483870968
22.91
17.0064516129
4.68333333333
-1.53548387097
-1.75483870968
-3.24137931034
1.37741935484
14.67
17.5838709677
23.79
25.9322580645
25.8483870968
21.2
13.1032258065
4.89666666667
-2.95483870968
-6.64838709677
-1.01428571429
5.11935483871
12.0
18.435483871
22.7933333333
23.2483870968
23.4806451613
22.23
10.7516129032
9.09333333333
-1.63225806452
-2.83225806452
-1.66785714286
10.1290322581
16.1466666667
21.0322580645
23.34
27.4483870968
26.9967741935
19.2566666667
15.0903225806
7.84
-2.52258064516
NaN
NaN
NaN
NaN
NaN
NaN
NaN
NaN
NaN
NaN
NaN
NaN
NaN
NaN
NaN
NaN
NaN
NaN
NaN
NaN
NaN
NaN
NaN
NaN
NaN
NaN
NaN
NaN
NaN
NaN
NaN
NaN
NaN
NaN
NaN
NaN
NaN
NaN
NaN
NaN
NaN
NaN
NaN
NaN
NaN
NaN
NaN
NaN
NaN
NaN
NaN
NaN
NaN
NaN
NaN
NaN
NaN
NaN
NaN
NaN
NaN
NaN
NaN
NaN
NaN
NaN
NaN
NaN
NaN
NaN
NaN
NaN
NaN
NaN
NaN
NaN
NaN
NaN
NaN
NaN
NaN
NaN
