NaN
15.6548387097
9.11666666667
3.86774193548
-1.10322580645
5.64285714286
9.05483870968
15.13
17.0967741935
24.3466666667
31.9225806452
29.1566666667
25.1733333333
14.9774193548
7.83333333333
-2.08709677419
5.11612903226
1.375
4.73870967742
15.8466666667
20.9516129032
27.1833333333
34.2032258065
30.2833333333
20.6733333333
11.94
6.85333333333
3.8064516129
2.35161290323
-3.23571428571
11.3419354839
11.6466666667
19.764516129
26.2266666667
34.0033333333
29.1483870968
23.88
16.1967741935
7.65333333333
0.890322580645
-0.493548387097
-0.224137931034
7.40322580645
12.2433333333
16.1161290323
22.4466666667
29.4870967742
29.664516129
23.0866666667
15.1233333333
5.73
-4.93225806452
-1.32258064516
-1.43571428571
1.6935483871
9.06666666667
19.2967741935
21.81
27.0580645161
27.3483870968
26.175862069
7.6935483871
11.47
-6.81612903226
-4.89032258065
-5.29642857143
6.28709677419
14.8133333333
16.3967741935
23.0
28.3709677419
29.7032258065
21.59
17.9290322581
3.81666666667
-3.86129032258
-4.62258064516
-4.47142857143
1.45483870968
11.4733333333
15.4290322581
22.91
29.16
29.4096774194
24.2166666667
17.4032258065
7.95666666667
3.30322580645
3.47741935484
2.04827586207
16.2032258065
16.9633333333
20.1033333333
29.1166666667
32.5741935484
29.8387096774
26.2310344828
13.1258064516
8.89666666667
0.122580645161
-0.412903225806
4.41428571429
6.6
9.28
19.5935483871
23.5433333333
29.88
29.2774193548
25.17
10.1903225806
6.36666666667
-4.18064516129
-0.248387096774
-4.6
4.08064516129
11.96
18.4483870968
21.5066666667
27.4419354839
26.4233333333
21.9733333333
16.7677419355
2.72068965517
NaN
NaN
2.58928571429
13.1838709677
14.6566666667
16.5
25.124137931
30.164516129
29.2580645161
26.4366666667
16.6
7.29
0.91935483871
0.376666666667
6.98620689655
12.0258064516
14.0866666667
19.9677419355
29.3586206897
31.4096774194
29.2322580645
23.4666666667
17.2161290323
11.9533333333
-5.15172413793
-5.93548387097
3.35357142857
8.99032258065
13.5666666667
20.0290322581
27.1896551724
33.9838709677
28.3258064516
22.9766666667
16.0068965517
