2.29333333333
9.65
20.9225806452
NaN
27.6419354839
26.35
24.0366666667
20.7290322581
6.27333333333
-3.28709677419
-4.74193548387
-1.08571428571
1.20689655172
11.7538461538
23.1833333333
24.275
27.8677419355
25.9387096774
21.2033333333
16.1533333333
4.172
-1.67419354839
-1.51666666667
2.93571428571
3.86774193548
16.9566666667
21.1064516129
29.8566666667
31.0193548387
27.3533333333
26.78
16.7233333333
9.64333333333
0.193548387097
-1.28064516129
1.04642857143
7.0935483871
11.14
22.264516129
29.3448275862
29.7451612903
29.735483871
26.24
22.3
10.94
2.03225806452
-1.10322580645
6.97142857143
4.58571428571
16.9666666667
19.1193548387
28.4133333333
30.9806451613
27.5612903226
24.6033333333
15.8451612903
9.89
0.509677419355
-2.88709677419
-1.63571428571
5.88709677419
19.2066666667
23.9677419355
25.83
32.3870967742
31.4935483871
26.08
16.9387096774
3.59333333333
-2.97741935484
-3.08064516129
-0.662068965517
3.68387096774
13.85
22.035483871
30.1866666667
28.3741935484
27.7806451613
22.84
21.2225806452
6.76333333333
0.877419354839
-5.64838709677
1.80357142857
6.40967741935
15.1633333333
19.5322580645
25.7866666667
30.8870967742
27.8483870968
21.61
15.0870967742
4.72
2.19032258065
-1.8935483871
-3.84285714286
4.9935483871
15.13
23.1161290323
23.81
26.0064516129
28.3677419355
23.16
18.9774193548
9.42
-1.81290322581
-4.99677419355
-1.98928571429
4.77096774194
14.71
22.1
27.83
28.4548387097
29.8225806452
23.41
13.7193548387
3.07333333333
4.29032258065
-2.1935483871
-2.51724137931
-1.46774193548
15.7566666667
20.664516129
25.4633333333
28.4580645161
28.7483870968
23.87
16.935483871
9.39666666667
-1.11290322581
-3.22903225806
2.47857142857
5.21612903226
10.85
20.0161290323
27.55
27.6064516129
28.6419354839
21.91
18.335483871
7.20666666667
-2.45483870968
-5.92903225806
-4.52142857143
0.861290322581
14.04
24.2451612903
26.63
26.0193548387
28.064516129
21.2466666667
17.5290322581
8.75666666667
-0.664516129032
-9.07096774194
-3.575
8.55806451613
16.6733333333
21.5548387097
29.56
28.7774193548
27.3935483871
24.1633333333
23.6419354839
10.6066666667
-6.95806451613
1.39677419355
3.44827586207
3.61935483871
14.6666666667
24.1096774194
27.32
30.8290322581
26.7258064516
22.2533333333
16.5677419355
9.14
-2.64193548387
-4.95483870968
-2.87142857143
-1.86129032258
12.3866666667
22.3483870968
25.4666666667
27.3322580645
26.3451612903
19.89
17.6
9.61
5.41290322581
-7.63225806452
0.192857142857
9.78064516129
12.15
19.6129032258
27.4733333333
30.4774193548
26.2451612903
23.2533333333
17.9290322581
7.88666666667
-0.335483870968
-1.23225806452
-2.62142857143
8.4064516129
14.5933333333
19.0677419355
25.3333333333
27.0548387097
24.7838709677
22.0533333333
14.1032258065
4.86
0.961290322581
-2.93870967742
-1.38620689655
11.2935483871
17.0866666667
18.6741935484
27.2033333333
27.2064516129
26.3258064516
22.0133333333
16.5258064516
5.43
-2.88387096774
-6.59677419355
-2.075
2.2
15.29
21.1774193548
22.44
27.7419354839
28.4387096774
22.8366666667
13.2935483871
6.90666666667
-3.40322580645
-9.8935483871
-2.36071428571
3.24193548387
15.39
22.5
27.1633333333
28.9806451613
27.4064516129
22.5566666667
15.5548387097
5.77666666667
-1.76129032258
-8.62580645161
-4.77857142857
2.69677419355
15.5566666667
18.9838709677
27.9366666667
25.0193548387
26.7580645161
24.3233333333
18.9838709677
6.24
-0.483870967742
-6.77419354839
-5.26551724138
4.46129032258
12.7766666667
22.5741935484
26.03
26.3870967742
26.9580645161
22.2466666667
13.4709677419
4.16666666667
-4.59677419355
-2.91612903226
0.025
10.3741935484
12.5033333333
19.2774193548
28.1633333333
28.2129032258
28.7774193548
21.16
18.8903225806
7.74333333333
-2.41290322581
-4.51290322581
-1.15714285714
5.34516129032
16.35
18.4580645161
25.5966666667
30.4032258065
26.0967741935
21.7466666667
17.0903225806
6.77666666667
-0.658064516129
-2.42258064516
-2.93928571429
0.729032258065
10.7466666667
23.7709677419
27.13
29.964516129
28.6064516129
20.22
19.6806451613
9.37
0.593548387097
-1.99032258065
4.91724137931
7.65483870968
17.22
20.4451612903
27.44
30.3064516129
28.3096774194
24.2633333333
13.2290322581
3.09
-4.00322580645
-11.2903225806
1.57857142857
9.96774193548
18.2933333333
25.2838709677
27.3333333333
29.8032258065
24.5516129032
21.24
13.5677419355
6.21666666667
-4.46129032258
-10.7967741935
-8.19642857143
3.26451612903
13.8133333333
21.5612903226
27.4533333333
27.6580645161
28.7032258065
26.3166666667
16.0612903226
6.53333333333
-2.54838709677
-11.1935483871
-7.00357142857
4.08709677419
12.17
21.4258064516
26.7366666667
27.8161290323
27.1709677419
25.9333333333
16.6129032258
6.51333333333
3.59677419355
-2.86774193548
-3.48620689655
4.45483870968
16.3233333333
22.7064516129
26.8966666667
30.8612903226
28.5677419355
23.9833333333
13.9935483871
9.15666666667
-0.929032258065
-0.561290322581
1.75357142857
10.4548387097
17.9766666667
20.9193548387
26.4466666667
27.664516129
26.1838709677
22.79
14.0516129032
9.25666666667
-2.27741935484
-10.8806451613
-3.15357142857
4.72903225806
12.52
23.2387096774
24.1666666667
29.3129032258
26.9161290323
21.8833333333
16.8451612903
6.72333333333
3.3935483871
-0.212903225806
1.53571428571
6.21935483871
11.5066666667
18.6709677419
27.28
31.1096774194
31.4967741935
23.9933333333
15.0806451613
6.41333333333
-9.80322580645
-4.64193548387
3.69655172414
1.03548387097
13.5533333333
20.3677419355
27.13
27.8387096774
29.6225806452
23.01
16.7612903226
8.16333333333
0.916129032258
-5.37741935484
-3.39642857143
9.06451612903
18.28
24.2612903226
25.5166666667
29.8193548387
26.0774193548
22.4666666667
15.8387096774
2.36333333333
-6.60967741935
-2.00322580645
-3.74285714286
9.1
17.67
21.6193548387
26.9633333333
29.4225806452
25.5096774194
23.0966666667
15.9290322581
3.89333333333
-0.596774193548
-1.1064516129
5.34642857143
9.12580645161
18.5933333333
25.3612903226
29.65
30.9548387097
26.4677419355
23.5233333333
14.2096774194
9.87666666667
0.977419354839
-5.27096774194
-3.33103448276
8.54516129032
16.41
26.3612903226
30.8566666667
31.9903225806
31.8870967742
25.8666666667
14.2129032258
7.71
0.774193548387
1.58064516129
-5.11785714286
5.11935483871
14.72
21.7258064516
27.4766666667
31.3806451613
28.8483870968
22.4133333333
17.8677419355
6.03666666667
NaN
4.05806451613
2.89642857143
9.65483870968
14.9833333333
19.6
26.6466666667
27.435483871
27.4967741935
24.6566666667
16.5935483871
10.9533333333
-2.45483870968
-5.41290322581
1.58928571429
8.80967741935
15.8166666667
22.7032258065
29.2766666667
29.7516129032
28.0935483871
22.27
15.7870967742
3.17333333333
1.07419354839
0.906451612903
2.85517241379
8.23225806452
13.57
23.364516129
27.2166666667
25.1096774194
25.0709677419
22.8333333333
17.7774193548
4.25666666667
-0.377419354839
-2.74193548387
-2.62857142857
2.9
13.6166666667
21.835483871
25.8533333333
27.4322580645
27.6225806452
20.4066666667
16.2225806452
6.51333333333
0.7
-8.4935483871
-3.90714285714
8.76451612903
16.4033333333
23.8322580645
28.37
27.135483871
26.0548387097
25.36
17.8709677419
9.86
1.30967741935
-3.93548387097
-0.260714285714
8.61935483871
13.0366666667
20.964516129
27.7633333333
30.1548387097
30.8064516129
23.0066666667
16.435483871
4.24666666667
-0.467741935484
-3.24193548387
-1.38620689655
5.32903225806
14.42
18.5258064516
26.79
27.7
27.9774193548
23.61
16.9225806452
2.03666666667
-3.36774193548
-5.33548387097
-1.01071428571
7.25806451613
13.4333333333
19.1419354839
28.1333333333
27.9709677419
26.1741935484
23.8033333333
17.2483870968
3.33666666667
0.0548387096774
-1.52258064516
4.49285714286
5.02258064516
15.5266666667
25.1612903226
24.7266666667
29.3064516129
27.3838709677
27.0733333333
16.6935483871
9.73666666667
3.79677419355
-4.66451612903
4.51071428571
8.26774193548
15.71
21.8967741935
26.5433333333
30.6483870968
26.1774193548
24.32
18.1741935484
13.3533333333
2.42580645161
-1.35666666667
4.53448275862
12.4935483871
16.3733333333
23.5677419355
25.8766666667
27.7032258065
28.0806451613
25.26
18.9935483871
4.69
-8.60322580645
-2.50967741935
-3.67142857143
2.11290322581
18.11
21.4677419355
26.0633333333
29.2774193548
28.1193548387
22.44
15.9193548387
15.3366666667
4.15161290323
4.6
3.86071428571
5.40967741935
15.1266666667
21.2483870968
28.5866666667
30.5387096774
27.1709677419
26.53
13.6516129032
7.48333333333
4.53548387097
-1.21935483871
-0.175
7.89032258065
17.2833333333
21.564516129
27.4566666667
29.2677419355
30.4161290323
23.94
18.2709677419
7.08
1.89032258065
-3.68709677419
-0.293103448276
9.50967741935
17.7933333333
22.4225806452
25.6666666667
27.2774193548
25.0838709677
26.9066666667
16.4709677419
9.84333333333
1.55806451613
-3.60967741935
2.71785714286
7.80967741935
18.28
19.8096774194
28.59
29.2838709677
27.7096774194
26.4233333333
17.7903225806
9.05333333333
-4.34193548387
3.75161290323
1.39642857143
7.61612903226
18.09
21.6967741935
27.1166666667
29.8290322581
27.3096774194
21.5033333333
13.8741935484
9.21
4.3935483871
-1.64193548387
-6.08846153846
9.56774193548
14.2333333333
24.6161290323
27.1
29.2322580645
28.0838709677
25.15
18.2290322581
7.61
-3.09677419355
-4.91290322581
-4.52413793103
3.28387096774
13.1333333333
20.4
26.78
29.0774193548
27.7451612903
23.8366666667
17.0096774194
7.29666666667
-3.29032258065
-6.15483870968
1.31071428571
8.61935483871
15.0733333333
21.4935483871
26.31
25.4322580645
25.6387096774
23.9666666667
11.4258064516
11.4566666667
-3.03225806452
-7.26129032258
-3.56785714286
9.9935483871
18.7633333333
22.0967741935
26.7066666667
28.6903225806
29.0709677419
23.6533333333
19.8903225806
8.32
-3.77666666667
NaN
NaN
NaN
NaN
NaN
NaN
NaN
NaN
NaN
NaN
NaN
NaN
NaN
NaN
NaN
NaN
NaN
NaN
NaN
NaN
NaN
NaN
NaN
NaN
NaN
NaN
NaN
NaN
NaN
NaN
NaN
NaN
NaN
NaN
NaN
NaN
NaN
NaN
NaN
NaN
NaN
NaN
NaN
NaN
NaN
NaN
NaN
NaN
NaN
NaN
NaN
NaN
NaN
NaN
NaN
NaN
NaN
NaN
NaN
NaN
NaN
NaN
NaN
NaN
NaN
NaN
NaN
NaN
NaN
NaN
NaN
NaN
NaN
NaN
NaN
NaN
NaN
NaN
NaN
NaN
NaN
NaN
