NaN
NaN
NaN
NaN
NaN
NaN
NaN
NaN
NaN
NaN
NaN
NaN
NaN
NaN
NaN
NaN
NaN
NaN
NaN
NaN
NaN
NaN
NaN
NaN
NaN
NaN
NaN
NaN
NaN
NaN
NaN
NaN
NaN
NaN
22.1387096774
27.02
30.964516129
30.2258064516
27.2933333333
18.2290322581
8.66
1.84193548387
-3.24193548387
-1.06428571429
6.37096774194
16.9866666667
23.8838709677
29.15
30.7129032258
29.2677419355
22.31
20.1290322581
11.76
3.51290322581
-0.629032258065
0.2
5.04193548387
12.07
21.8064516129
26.22
27.4096774194
25.3870967742
25.0133333333
22.9774193548
7.00333333333
-1.72903225806
-1.3935483871
1.15
2.87096774194
12.3766666667
23.064516129
23.9266666667
28.6
27.8774193548
21.54
16.6838709677
5.33
-1.80322580645
-0.738709677419
4.00344827586
4.88064516129
16.1066666667
21.3870967742
30.4466666667
30.0774193548
27.3870967742
26.1866666667
17.0322580645
9.49666666667
0.987096774194
-0.0741935483871
3.25714285714
8.49032258065
12.3566666667
21.3806451613
29.52
30.8903225806
30.5935483871
27.21
22.2838709677
12.0166666667
3.81290322581
-0.635483870968
8.94642857143
5.70322580645
18.7933333333
19.8741935484
29.3866666667
32.7709677419
28.1
26.08
16.4677419355
11.5733333333
2.48709677419
-1.32258064516
-0.785714285714
8.04516129032
20.5066666667
24.4129032258
26.2466666667
33.2419354839
32.2032258065
26.95
18.5419354839
5.16333333333
-0.738709677419
-2.1064516129
1.58965517241
7.48387096774
15.3666666667
23.9032258065
31.0133333333
29.964516129
29.3741935484
25.46
22.8806451613
8.32
3.2064516129
-4.15806451613
3.91785714286
8.13225806452
15.1533333333
20.9774193548
27.0233333333
32.4258064516
29.3741935484
22.5633333333
15.3387096774
6.01666666667
4.87741935484
-0.0967741935484
-3.175
5.39032258065
16.13
24.535483871
24.9733333333
26.5387096774
29.564516129
24.17
20.1225806452
11.4133333333
0.590322580645
-3.89677419355
0.146428571429
7.18709677419
15.43
22.4129032258
28.6233333333
29.5677419355
30.8483870968
23.51
15.1967741935
4.05666666667
4.63548387097
-1.94838709677
-3.00689655172
-1.17741935484
16.6766666667
22.135483871
25.8366666667
29.5870967742
29.4709677419
25.02
18.4161290323
11.18
1.56774193548
0.387096774194
3.97142857143
6.85161290323
12.63
20.9161290323
27.72
29.0677419355
28.6838709677
22.22
18.8709677419
6.82
-3.15806451613
-5.73225806452
-3.05
3.23548387097
15.59
26.2193548387
27.1266666667
28.5903225806
29.2580645161
23.4366666667
19.0548387097
9.54
0.632258064516
-8.59677419355
-2.26428571429
9.35161290323
16.6933333333
20.6161290323
29.3133333333
29.8161290323
26.8129032258
24.3366666667
24.6516129032
11.5566666667
-4.75161290323
2.87096774194
2.30344827586
5.03548387097
14.9533333333
23.8677419355
26.42
30.4903225806
27.3548387097
22.51
17.2870967742
10.5033333333
-0.0741935483871
-3.10322580645
-1.09642857143
-0.961290322581
14.43
24.9258064516
26.41
29.2096774194
28.9774193548
21.1833333333
19.2709677419
10.5866666667
6.80967741935
-5.38709677419
1.80357142857
11.0290322581
13.4566666667
20.6612903226
26.7766666667
31.1677419355
27.5709677419
23.2066666667
18.8064516129
9.18
0.758064516129
0.664516129032
0.746428571429
10.8967741935
16.55
19.8032258065
25.4566666667
28.435483871
27.6161290323
23.3866666667
16.2709677419
7.27666666667
2.53870967742
-0.841935483871
0.606896551724
12.8258064516
17.3033333333
19.664516129
28.4833333333
28.9032258065
27.9806451613
23.21
18.0967741935
5.72
-1.57741935484
-4.95806451613
-0.117857142857
2.96129032258
17.53
22.8709677419
25.3
29.2193548387
29.3516129032
24.61
15.1967741935
9.82
-0.916129032258
-6.14838709677
4.03214285714
5.12580645161
17.6133333333
24.764516129
28.04
30.9387096774
28.635483871
23.96
17.1387096774
8.38666666667
2.78709677419
-4.64193548387
-1.06428571429
6.40322580645
18.11
20.9548387097
30.5866666667
27.9451612903
29.1548387097
26.3366666667
21.4741935484
8.70666666667
1.50967741935
-3.38064516129
-1.20344827586
8.51612903226
15.26
22.535483871
27.4166666667
28.364516129
27.5096774194
23.7166666667
14.3612903226
4.33
-3.67096774194
-1.58387096774
1.50714285714
11.6322580645
14.5933333333
21.1451612903
29.06
29.5225806452
30.4064516129
23.1066666667
20.5806451613
9.23666666667
-1.71612903226
-2.93548387097
2.71071428571
10.2838709677
17.9033333333
20.4903225806
26.47
33.7225806452
27.1
22.5
18.935483871
8.64666666667
1.68387096774
-0.541935483871
-1.65714285714
3.01935483871
13.1166666667
24.9419354839
27.4333333333
31.2870967742
30.8548387097
21.94
21.2
11.2833333333
3.44193548387
1.20322580645
6.84482758621
9.54516129032
19.0
22.035483871
27.8166666667
30.635483871
29.3516129032
25.2066666667
15.3677419355
6.38666666667
0.722580645161
-6.67419354839
5.43214285714
12.5322580645
21.1666666667
26.7677419355
30.2066666667
33.6838709677
27.9193548387
24.0433333333
16.3225806452
8.56
-0.916129032258
-7.25806451613
-5.92857142857
5.54193548387
15.22
21.5225806452
28.7466666667
29.4516129032
30.0548387097
27.45
17.5516129032
8.59333333333
-0.809677419355
-9.33870967742
-5.32142857143
6.42258064516
13.5166666667
22.6032258065
27.5966666667
28.4387096774
28.4709677419
26.07
18.6193548387
7.96333333333
5.14516129032
-0.764516129032
-1.74827586207
6.66774193548
17.4133333333
23.9967741935
27.51
32.5580645161
29.9
25.6766666667
15.8290322581
11.2633333333
1.53225806452
2.72580645161
4.84285714286
12.5322580645
20.9433333333
21.7419354839
28.4633333333
28.8677419355
27.3451612903
24.99
16.3967741935
10.65
0.825806451613
-7.79677419355
-0.489285714286
7.03870967742
14.0433333333
22.8774193548
25.0233333333
30.0903225806
27.6451612903
23.1366666667
18.2258064516
8.14666666667
4.23548387097
1.27096774194
4.24285714286
7.95161290323
11.7133333333
20.0548387097
28.5033333333
33.2193548387
34.8741935484
26.4366666667
16.5258064516
8.61
-8.3064516129
-2.62580645161
7.02068965517
3.31935483871
14.26
20.6967741935
28.6133333333
30.5612903226
31.7193548387
23.2533333333
16.8451612903
9.67
3.44193548387
-3.26774193548
-0.889285714286
11.3967741935
18.9766666667
24.8387096774
26.57
30.564516129
27.6903225806
23.2366666667
16.5580645161
3.11333333333
-5.03548387097
2.36451612903
-1.725
11.9
18.3733333333
22.5838709677
28.4833333333
30.4451612903
25.9483870968
24.4866666667
16.5290322581
6.16666666667
2.06129032258
1.67419354839
8.175
11.5451612903
19.4233333333
25.935483871
29.86
31.3967741935
27.3516129032
24.4266666667
15.3225806452
10.5533333333
2.49677419355
-1.80322580645
-0.113793103448
11.6483870968
17.9633333333
26.7129032258
31.1666666667
32.4870967742
32.664516129
25.7966666667
15.3
9.63
4.37096774194
5.65806451613
-4.06785714286
8.6
18.0533333333
22.5483870968
26.3166666667
30.6677419355
28.6322580645
22.78
18.635483871
9.04666666667
-3.43225806452
4.9
5.41785714286
10.6580645161
16.0366666667
20.0
27.2233333333
27.9225806452
28.7677419355
26.0933333333
18.0
12.55
-0.387096774194
-3.74193548387
6.84642857143
11.9548387097
17.7533333333
24.1774193548
29.0166666667
30.2322580645
28.8064516129
25.0733333333
17.6193548387
4.01333333333
3.65161290323
4.35161290323
6.13448275862
11.3967741935
14.7366666667
23.0322580645
27.7266666667
26.6161290323
25.9870967742
23.0133333333
18.0419354839
4.66666666667
1.14838709677
-1.77096774194
-2.56428571429
5.37741935484
13.8933333333
21.3096774194
25.8
27.5064516129
28.064516129
20.5966666667
15.6483870968
7.75666666667
2.78064516129
-5.87096774194
-0.721428571429
11.5225806452
16.89
23.4612903226
27.8833333333
28.564516129
27.8
25.2833333333
18.5451612903
10.4266666667
3.14193548387
-2.27741935484
3.45
9.42903225806
14.0333333333
19.9225806452
26.5
30.4580645161
31.4838709677
23.52
17.235483871
5.72666666667
0.664516129032
-3.08709677419
1.36551724138
6.50967741935
15.54
18.4193548387
26.39
27.8548387097
27.2516129032
22.2517241379
17.5290322581
3.94666666667
-1.42580645161
-2.87
1.24285714286
10.8580645161
13.1133333333
19.264516129
28.02
29.5032258065
27.2483870968
24.8033333333
17.4225806452
5.15
1.1
0.609677419355
5.87857142857
4.83870967742
15.63
24.5483870968
24.94
28.8322580645
28.4935483871
27.0933333333
17.2774193548
10.7633333333
4.39032258065
-2.62903225806
6.32857142857
9.20322580645
15.82
21.2709677419
26.4466666667
31.9677419355
27.5419354839
23.5366666667
19.0483870968
14.8333333333
4.1935483871
1.15483870968
7.32068965517
13.4806451613
17.8633333333
24.3129032258
26.2333333333
27.9612903226
29.2451612903
26.3
19.7935483871
5.69333333333
-7.2
-0.477419354839
-1.925
4.17741935484
20.2033333333
21.5064516129
26.8166666667
30.5903225806
29.535483871
23.0066666667
16.9193548387
15.2733333333
5.14193548387
5.12580645161
5.35714285714
7.19032258065
16.15
21.2709677419
29.0333333333
30.8870967742
27.8612903226
26.3466666667
13.3193548387
7.54
5.13870967742
-1.11290322581
-0.05
9.01290322581
17.2433333333
21.6967741935
26.8833333333
30.2258064516
31.1806451613
23.8866666667
19.5193548387
7.95
3.14838709677
-2.04838709677
0.651724137931
10.7064516129
18.3733333333
23.2096774194
25.5733333333
27.0322580645
25.5903225806
26.39
17.2161290323
10.2466666667
3.78064516129
-2.15483870968
5.625
10.4096774194
19.2033333333
21.5903225806
29.0833333333
30.8387096774
29.6903225806
27.6833333333
18.5483870968
10.98
-1.21612903226
6.45483870968
3.62857142857
9.03225806452
19.96
23.0516129032
28.8666666667
31.8258064516
28.2419354839
22.5633333333
15.3903225806
10.9366666667
6.71290322581
0.0
-3.65
12.6161290323
15.26
24.5903225806
28.01
30.4967741935
30.0419354839
25.4066666667
19.0032258065
9.20666666667
-0.877419354839
-2.43548387097
-2.31428571429
6.97096774194
14.4033333333
21.7903225806
27.1466666667
29.1870967742
27.9870967742
23.93
17.8580645161
8.39333333333
-0.28064516129
-2.86451612903
4.12857142857
10.9193548387
16.1766666667
22.7032258065
27.5433333333
27.6161290323
27.7161290323
25.2966666667
12.9741935484
13.1266666667
-1.10967741935
-5.22903225806
-1.96785714286
10.3290322581
20.9266666667
22.6064516129
28.7
30.3096774194
30.8709677419
24.8466666667
21.3225806452
10.1066666667
-0.248387096774
NaN
NaN
NaN
NaN
NaN
NaN
NaN
NaN
NaN
NaN
NaN
NaN
NaN
NaN
NaN
NaN
NaN
NaN
NaN
NaN
NaN
NaN
NaN
NaN
NaN
NaN
NaN
NaN
NaN
NaN
NaN
NaN
NaN
NaN
NaN
NaN
NaN
NaN
NaN
NaN
NaN
NaN
NaN
NaN
NaN
NaN
NaN
NaN
NaN
NaN
NaN
NaN
NaN
NaN
NaN
NaN
NaN
NaN
NaN
NaN
NaN
NaN
NaN
NaN
NaN
NaN
NaN
NaN
NaN
NaN
NaN
NaN
NaN
NaN
NaN
NaN
NaN
NaN
NaN
NaN
NaN
NaN
