NaN
15.964516129
8.32333333333
5.31290322581
1.14193548387
6.99285714286
8.99032258065
13.7466666667
18.7258064516
24.6366666667
30.7733333333
28.1290322581
26.08
16.564516129
11.48
2.48064516129
9.22258064516
1.99642857143
5.98709677419
17.3433333333
22.1290322581
28.4310344828
32.0419354839
27.9483870968
20.02
14.1322580645
9.44333333333
4.15806451613
-0.835483870968
0.103571428571
14.0129032258
13.0566666667
21.4451612903
25.5833333333
29.8838709677
29.3533333333
24.0166666667
17.2580645161
10.9433333333
-0.890322580645
0.441935483871
3.75517241379
8.28709677419
12.6103448276
18.2225806452
24.5133333333
29.5838709677
27.6774193548
22.3266666667
15.764516129
8.99333333333
0.412903225806
3.98387096774
4.82142857143
9.35161290323
12.0466666667
20.1
22.75
26.1516129032
25.8193548387
21.91
8.76666666667
11.4866666667
-2.98064516129
0.78064516129
-0.542857142857
9.13870967742
14.7233333333
18.0451612903
25.0827586207
28.9064516129
29.4677419355
24.47
18.4903225806
7.94666666667
3.53548387097
-0.677419354839
0.978571428571
6.93333333333
12.6466666667
17.0677419355
25.2633333333
30.2322580645
28.5032258065
22.58
17.8516129032
9.42666666667
4.21935483871
5.84838709677
3.1275862069
17.2064516129
16.58
22.1806451613
30.9066666667
34.9258064516
31.3064516129
25.9933333333
14.864516129
10.8266666667
3.30967741935
1.72903225806
2.75357142857
7.83548387097
10.2166666667
19.61
25.4566666667
27.6
28.9
26.16
13.164516129
8.58
0.606451612903
3.35806451613
-1.96071428571
8.81935483871
14.58
20.2903225806
24.02
28.7838709677
28.3466666667
23.4933333333
18.4612903226
6.71666666667
2.57419354839
2.56129032258
4.23571428571
14.6225806452
15.81
16.4193548387
25.4655172414
28.4451612903
28.364516129
26.4033333333
17.8677419355
8.88666666667
1.45333333333
0.590322580645
7.40689655172
13.3806451613
14.24
19.2387096774
28.8620689655
28.4516129032
27.5096774194
23.81
20.5387096774
12.9466666667
1.23225806452
0.729032258065
7.05
11.9516129032
15.1933333333
18.7709677419
27.3
31.7741935484
26.8064516129
24.0666666667
16.824137931
